{"producer":{"name":"Blender","version":"2.90.0","exporter_version":"2.80.1","file":"fight_rightjab.babylon"},
"autoClear":true,"clearColor":[0.0509,0.0509,0.0509],"gravity":[0,-9.81,0],
"materials":[{"name":"Material","id":"Material","customType":"BABYLON.PBRMaterial","backFaceCulling":true,"checkReadyOnlyOnce":false,"maxSimultaneousLights":4,"environmentIntensity":1,"albedo":[0.8,0.8,0.8],"reflectivity":[0.5,0.5,0.5],"roughness":0.4,"alpha":1,"transparencyMode":0,"alphaCutOff":0.4,"metallic":0}],
"multiMaterials":[],
"skeletons":[{"name":"Armature","id":0,"dimensionsAtRest":[188.1767,172.4535,15.5905],"bones":[
{"name":"boss:Hips","index":0,"matrix":[0.7265,0.0255,-0.6867,0,0.001,0.9993,0.0381,0,-0.6872,0.0284,-0.7259,0,-0.1665,86.8168,-0.2148,1],"rest":[1,0,0,0,0,1,0,0,0,0,-1,0,0,96.3794,0,1],"parentBoneIndex":-1,"length":9.9032
,"animation":{"dataType":3,"framePerSecond":24,"keys":[
{"frame":1,"values":[0.7265,0.0255,-0.6867,0,0.001,0.9993,0.0381,0,-0.6872,0.0284,-0.7259,0,-0.1665,86.8168,-0.2148,1]},
{"frame":2,"values":[0.7213,0.0283,-0.6921,0,0.0011,0.9991,0.042,0,-0.6926,0.0311,-0.7206,0,0.1597,86.2895,-1.3232,1]},
{"frame":3,"values":[0.7113,0.0329,-0.7021,0,-0.0002,0.9989,0.0466,0,-0.7029,0.033,-0.7105,0,0.5531,85.5752,-2.6004,1]},
{"frame":4,"values":[0.6936,0.0395,-0.7193,0,-0.0032,0.9987,0.0517,0,-0.7203,0.0336,-0.6928,0,1.0982,84.5406,-4.3856,1]},
{"frame":5,"values":[0.668,0.0483,-0.7426,0,-0.0102,0.9984,0.0557,0,-0.7441,0.0296,-0.6674,0,1.8547,83.2739,-6.8096,1]},
{"frame":6,"values":[0.6355,0.0573,-0.77,0,-0.0205,0.9981,0.0574,0,-0.7718,0.0207,-0.6355,0,2.7216,82.098,-9.7115,1]},
{"frame":7,"values":[0.6028,0.0625,-0.7955,0,-0.0313,0.998,0.0547,0,-0.7973,0.0081,-0.6035,0,3.5696,81.2191,-13.042,1]},
{"frame":8,"values":[0.5886,0.0588,-0.8063,0,-0.0429,0.9982,0.0415,0,-0.8073,-0.0101,-0.59,0,4.3252,80.503,-17.0286,1]},
{"frame":9,"values":[0.6097,0.0418,-0.7915,0,-0.0501,0.9986,0.0142,0,-0.791,-0.031,-0.611,0,4.962,79.6684,-22.1607,1]},
{"frame":10,"values":[0.6792,0.0105,-0.7339,0,-0.0397,0.999,-0.0224,0,-0.7329,-0.0444,-0.6789,0,5.3585,78.7953,-28.3318,1]},
{"frame":11,"values":[0.7854,-0.0176,-0.6188,0,-0.0131,0.9989,-0.045,0,-0.6189,-0.0434,-0.7843,0,5.6432,78.218,-35.1506,1]},
{"frame":12,"values":[0.8996,-0.0182,-0.4363,0,0.0056,0.9995,-0.0302,0,-0.4366,-0.0247,-0.8993,0,5.9851,77.8549,-41.5484,1]},
{"frame":13,"values":[0.9771,0.0061,-0.2126,0,-0.0046,1,0.0076,0,-0.2126,0.0064,-0.9771,0,6.4697,77.4129,-46.5166,1]},
{"frame":14,"values":[0.9993,0.0316,-0.0195,0,-0.031,0.9991,0.0303,0,-0.0205,0.0297,-0.9993,0,7.0561,77.2856,-49.7271,1]},
{"frame":15,"values":[0.9934,0.0579,0.0988,0,-0.0599,0.998,0.0179,0,0.0975,0.0237,-0.995,0,7.4958,77.7347,-51.7258,1]},
{"frame":16,"values":[0.9812,0.0818,0.175,0,-0.0798,0.9966,-0.0182,0,0.1759,-0.0039,-0.9844,0,7.4246,78.4098,-53.4668,1]},
{"frame":17,"values":[0.9675,0.0729,0.242,0,-0.0654,0.9971,-0.039,0,0.2442,-0.0219,-0.9695,0,6.8282,79.1119,-55.3333,1]},
{"frame":18,"values":[0.965,0.0338,0.2602,0,-0.026,0.9991,-0.0334,0,0.2611,-0.0255,-0.965,0,6.2492,80.0162,-56.958,1]},
{"frame":19,"values":[0.9783,-0.006,0.2071,0,0.0126,0.9994,-0.0308,0,0.2068,-0.0328,-0.9778,0,6.1428,80.9022,-57.8304,1]},
{"frame":20,"values":[0.9929,-0.0394,0.1122,0,0.0445,0.998,-0.0438,0,0.1102,-0.0484,-0.9927,0,6.618,81.6281,-57.9626,1]},
{"frame":21,"values":[0.9973,-0.0739,-0.0012,0,0.0737,0.9957,-0.0557,0,-0.0053,-0.0555,-0.9984,0,7.4845,82.0234,-57.3606,1]},
{"frame":22,"values":[0.9852,-0.1051,-0.1353,0,0.0983,0.9936,-0.0559,0,-0.1403,-0.0418,-0.9892,0,8.5933,82.0222,-56.1843,1]},
{"frame":23,"values":[0.9531,-0.1212,-0.2773,0,0.1127,0.9925,-0.0463,0,-0.2809,-0.0128,-0.9597,0,9.8057,81.6348,-54.8406,1]},
{"frame":24,"values":[0.909,-0.12,-0.3992,0,0.1184,0.9926,-0.0287,0,-0.3997,0.0212,-0.9164,0,10.7836,80.9142,-53.5742,1]},
{"frame":25,"values":[0.8665,-0.1082,-0.4873,0,0.121,0.9926,-0.0053,0,-0.4843,0.0544,-0.8732,0,11.1625,80.0224,-52.189,1]},
{"frame":26,"values":[0.8324,-0.0911,-0.5466,0,0.1216,0.9924,0.0199,0,-0.5407,0.083,-0.8371,0,10.7228,79.1695,-50.2189,1]},
{"frame":27,"values":[0.8069,-0.0675,-0.5868,0,0.1135,0.9926,0.0419,0,-0.5796,0.1004,-0.8087,0,9.5128,78.5667,-47.2783,1]},
{"frame":28,"values":[0.7898,-0.0398,-0.6121,0,0.0928,0.9942,0.0551,0,-0.6064,0.1003,-0.7888,0,7.9013,78.4256,-43.4025,1]},
{"frame":29,"values":[0.7815,-0.0137,-0.6238,0,0.0635,0.9963,0.0577,0,-0.6207,0.0846,-0.7795,0,6.3056,78.6175,-38.9587,1]},
{"frame":30,"values":[0.782,0.0097,-0.6232,0,0.0319,0.9979,0.0557,0,-0.6224,0.0634,-0.7801,0,5.0232,79.0623,-34.4581,1]},
{"frame":31,"values":[0.7905,0.0269,-0.6118,0,0.007,0.9986,0.053,0,-0.6124,0.0462,-0.7892,0,4.0951,80.2611,-30.1985,1]},
{"frame":32,"values":[0.803,0.0299,-0.5953,0,-0.0037,0.999,0.0452,0,-0.596,0.0341,-0.8023,0,3.4113,82.7262,-26.1891,1]},
{"frame":33,"values":[0.8109,0.02,-0.5848,0,-0.005,0.9996,0.0272,0,-0.5851,0.0192,-0.8107,0,2.9649,85.8636,-22.6913,1]},
{"frame":34,"values":[0.8055,0.0052,-0.5926,0,-0.0063,1,0.0002,0,-0.5926,-0.0036,-0.8055,0,2.7584,88.8457,-19.7295,1]},
{"frame":35,"values":[0.7824,-0.0103,-0.6227,0,-0.0098,0.9995,-0.0288,0,-0.6227,-0.0287,-0.7819,0,2.6779,90.9639,-17.2839,1]},
{"frame":36,"values":[0.7463,-0.0245,-0.6652,0,-0.0116,0.9987,-0.0498,0,-0.6655,-0.0449,-0.745,0,2.5194,91.8006,-15.2822,1]},
{"frame":37,"values":[0.7131,-0.0367,-0.7001,0,-0.0069,0.9982,-0.0594,0,-0.701,-0.0472,-0.7116,0,2.3094,91.6283,-13.6925,1]},
{"frame":38,"values":[0.7027,-0.0361,-0.7106,0,-0.0035,0.9985,-0.0542,0,-0.7115,-0.0406,-0.7015,0,2.0905,90.7349,-12.0603,1]},
{"frame":39,"values":[0.7158,-0.0175,-0.6981,0,-0.0081,0.9994,-0.0333,0,-0.6983,-0.0295,-0.7152,0,1.6269,89.2031,-9.8497,1]},
{"frame":40,"values":[0.7324,0.0031,-0.6809,0,-0.0115,0.9999,-0.0078,0,-0.6808,-0.0135,-0.7324,0,0.8119,87.4796,-7.1685,1]},
{"frame":41,"values":[0.7381,0.0103,-0.6746,0,-0.0032,0.9999,0.0117,0,-0.6747,0.0065,-0.7381,0,0.0338,86.1259,-4.4895,1]},
{"frame":42,"values":[0.7335,0.011,-0.6795,0,0.0078,0.9997,0.0247,0,-0.6796,0.0234,-0.7332,0,-0.3868,85.4879,-2.1012,1]},
{"frame":43,"values":[0.7272,0.0159,-0.6863,0,0.0106,0.9993,0.0345,0,-0.6864,0.0324,-0.7265,0,-0.6759,85.5151,0.0129,1]},
{"frame":44,"values":[0.7266,0.024,-0.6866,0,0.0071,0.9991,0.0423,0,-0.687,0.0356,-0.7258,0,-1.0069,85.994,1.7129,1]},
{"frame":45,"values":[0.7322,0.0298,-0.6804,0,0.0023,0.9989,0.0463,0,-0.6811,0.0354,-0.7313,0,-1.2516,86.7167,2.9331,1]},
{"frame":46,"values":[0.7393,0.0336,-0.6725,0,-0.0037,0.9989,0.0459,0,-0.6733,0.0314,-0.7387,0,-1.3484,87.4531,3.6532,1]},
{"frame":47,"values":[0.7438,0.0356,-0.6675,0,-0.0111,0.9991,0.0409,0,-0.6684,0.023,-0.7435,0,-1.3252,87.9814,3.9171,1]},
{"frame":48,"values":[0.7442,0.0351,-0.6671,0,-0.0159,0.9993,0.0349,0,-0.6678,0.0154,-0.7442,0,-1.2208,88.1904,3.7851,1]},
{"frame":49,"values":[0.7413,0.0315,-0.6704,0,-0.0146,0.9994,0.0308,0,-0.671,0.0131,-0.7413,0,-1.0341,88.0566,3.2014,1]},
{"frame":50,"values":[0.7363,0.0271,-0.6761,0,-0.0086,0.9995,0.0308,0,-0.6766,0.0169,-0.7361,0,-0.7576,87.6621,2.1498,1]},
{"frame":51,"values":[0.7309,0.025,-0.682,0,-0.0024,0.9994,0.0341,0,-0.6825,0.0233,-0.7305,0,-0.4664,87.2514,0.9446,1]},
{"frame":52,"values":[0.7265,0.0255,-0.6867,0,0.001,0.9993,0.0381,0,-0.6872,0.0284,-0.7259,0,-0.1665,86.8168,-0.2148,1]}],"loopBehavior":1,"name":"anim","property":"_matrix"}},
{"name":"boss:Spine","index":1,"matrix":[0.9962,0.0096,-0.087,0,0.0126,0.9678,0.2514,0,0.0866,-0.2515,0.964,0,0,9.2263,1.5771,1],"rest":[1,0,0,0,0,1,0,0,0,0,1,0,0,9.2263,1.5771,1],"parentBoneIndex":0,"length":16.2548
,"animation":{"dataType":3,"framePerSecond":24,"keys":[
{"frame":1,"values":[0.9962,0.0096,-0.087,0,0.0126,0.9678,0.2514,0,0.0866,-0.2515,0.964,0,0,9.2263,1.5771,1]},
{"frame":2,"values":[0.9965,0.0074,-0.0835,0,0.0149,0.9644,0.264,0,0.0825,-0.2643,0.9609,0,0,9.2263,1.5771,1]},
{"frame":3,"values":[0.9967,0.0087,-0.081,0,0.0144,0.96,0.2795,0,0.0802,-0.2798,0.9567,0,0,9.2263,1.5771,1]},
{"frame":4,"values":[0.9966,0.0148,-0.0814,0,0.01,0.9552,0.2959,0,0.0821,-0.2957,0.9517,0,0,9.2263,1.5771,1]},
{"frame":5,"values":[0.9966,0.0207,-0.0803,0,0.0051,0.9512,0.3086,0,0.0828,-0.3079,0.9478,0,0,9.2263,1.5771,1]},
{"frame":6,"values":[0.9972,0.0181,-0.0724,0,0.0058,0.9484,0.317,0,0.0744,-0.3165,0.9457,0,0,9.2263,1.5771,1]},
{"frame":7,"values":[0.9985,0.0015,-0.0547,0,0.0161,0.9475,0.3195,0,0.0523,-0.3199,0.946,0,0,9.2263,1.5771,1]},
{"frame":8,"values":[0.9994,-0.0248,-0.0235,0,0.0308,0.9533,0.3006,0,0.015,-0.3011,0.9535,0,0,9.2263,1.5771,1]},
{"frame":9,"values":[0.9989,-0.0427,0.021,0,0.036,0.9666,0.2539,0,-0.0311,-0.2528,0.967,0,0,9.2263,1.5771,1]},
{"frame":10,"values":[0.9969,-0.0452,0.0641,0,0.0318,0.9801,0.1962,0,-0.0717,-0.1935,0.9785,0,0,9.2263,1.5771,1]},
{"frame":11,"values":[0.9957,-0.0517,0.0771,0,0.0388,0.9862,0.1608,0,-0.0844,-0.1571,0.984,0,0,9.2263,1.5771,1]},
{"frame":12,"values":[0.995,-0.0939,0.0344,0,0.0864,0.9804,0.1771,0,-0.0503,-0.1732,0.9836,0,0,9.2263,1.5771,1]},
{"frame":13,"values":[0.9889,-0.1363,-0.0593,0,0.1466,0.96,0.2385,0,0.0244,-0.2445,0.9693,0,0,9.2263,1.5771,1]},
{"frame":14,"values":[0.9803,-0.0967,-0.1723,0,0.1475,0.9385,0.3123,0,0.1314,-0.3315,0.9343,0,0,9.2263,1.5771,1]},
{"frame":15,"values":[0.965,-0.0139,-0.2618,0,0.1143,0.921,0.3724,0,0.2359,-0.3893,0.8904,0,0,9.2263,1.5771,1]},
{"frame":16,"values":[0.9501,0.0039,-0.3119,0,0.1265,0.9091,0.3969,0,0.2851,-0.4165,0.8633,0,0,9.2263,1.5771,1]},
{"frame":17,"values":[0.9506,-0.0197,-0.3098,0,0.1547,0.8952,0.4179,0,0.2691,-0.4452,0.8541,0,0,9.2263,1.5771,1]},
{"frame":18,"values":[0.9596,-0.0524,-0.2763,0,0.1776,0.8747,0.4509,0,0.218,-0.4818,0.8487,0,0,9.2263,1.5771,1]},
{"frame":19,"values":[0.9642,-0.0972,-0.2467,0,0.2065,0.8589,0.4687,0,0.1663,-0.5029,0.8482,0,0,9.2263,1.5771,1]},
{"frame":20,"values":[0.9667,-0.1394,-0.2144,0,0.227,0.854,0.4682,0,0.1179,-0.5013,0.8572,0,0,9.2263,1.5771,1]},
{"frame":21,"values":[0.9723,-0.1601,-0.1702,0,0.2231,0.853,0.4719,0,0.0696,-0.4968,0.8651,0,0,9.2263,1.5771,1]},
{"frame":22,"values":[0.9784,-0.1626,-0.1275,0,0.2045,0.8514,0.4831,0,0.03,-0.4987,0.8662,0,0,9.2263,1.5771,1]},
{"frame":23,"values":[0.9822,-0.1574,-0.1022,0,0.1874,0.85,0.4923,0,0.0094,-0.5028,0.8644,0,0,9.2263,1.5771,1]},
{"frame":24,"values":[0.9845,-0.1472,-0.0955,0,0.1753,0.8506,0.4957,0,0.0083,-0.5047,0.8632,0,0,9.2263,1.5771,1]},
{"frame":25,"values":[0.9864,-0.1334,-0.0959,0,0.1635,0.8537,0.4944,0,0.0159,-0.5033,0.864,0,0,9.2263,1.5771,1]},
{"frame":26,"values":[0.9878,-0.1219,-0.0966,0,0.1536,0.8602,0.4862,0,0.0238,-0.4951,0.8685,0,0,9.2263,1.5771,1]},
{"frame":27,"values":[0.988,-0.119,-0.0989,0,0.1515,0.8724,0.4646,0,0.031,-0.474,0.88,0,0,9.2263,1.5771,1]},
{"frame":28,"values":[0.9886,-0.1127,-0.0995,0,0.1447,0.8922,0.4278,0,0.0406,-0.4373,0.8984,0,0,9.2263,1.5771,1]},
{"frame":29,"values":[0.9915,-0.0876,-0.0957,0,0.1179,0.9164,0.3825,0,0.0542,-0.3906,0.919,0,0,9.2263,1.5771,1]},
{"frame":30,"values":[0.9948,-0.0506,-0.0884,0,0.0779,0.9368,0.341,0,0.0656,-0.3461,0.9359,0,0,9.2263,1.5771,1]},
{"frame":31,"values":[0.9968,-0.0233,-0.0769,0,0.0466,0.9473,0.3168,0,0.0655,-0.3194,0.9454,0,0,9.2263,1.5771,1]},
{"frame":32,"values":[0.9976,-0.0198,-0.0662,0,0.0401,0.946,0.3216,0,0.0562,-0.3235,0.9446,0,0,9.2263,1.5771,1]},
{"frame":33,"values":[0.9978,-0.0258,-0.0613,0,0.0448,0.9418,0.3331,0,0.0492,-0.3351,0.9409,0,0,9.2263,1.5771,1]},
{"frame":34,"values":[0.9974,-0.0317,-0.0647,0,0.0514,0.9423,0.3307,0,0.0505,-0.3332,0.9415,0,0,9.2263,1.5771,1]},
{"frame":35,"values":[0.9966,-0.0336,-0.0752,0,0.0554,0.949,0.3103,0,0.061,-0.3135,0.9476,0,0,9.2263,1.5771,1]},
{"frame":36,"values":[0.9958,-0.0291,-0.0865,0,0.0523,0.9588,0.2791,0,0.0748,-0.2824,0.9564,0,0,9.2263,1.5771,1]},
{"frame":37,"values":[0.9959,-0.0143,-0.0896,0,0.0368,0.9663,0.2548,0,0.083,-0.257,0.9628,0,0,9.2263,1.5771,1]},
{"frame":38,"values":[0.9966,-0.0062,-0.082,0,0.0266,0.9679,0.2499,0,0.0778,-0.2513,0.9648,0,0,9.2263,1.5771,1]},
{"frame":39,"values":[0.9969,-0.0229,-0.0749,0,0.0415,0.9653,0.2579,0,0.0664,-0.2602,0.9633,0,0,9.2263,1.5771,1]},
{"frame":40,"values":[0.9962,-0.0398,-0.077,0,0.059,0.9621,0.2664,0,0.0635,-0.2699,0.9608,0,0,9.2263,1.5771,1]},
{"frame":41,"values":[0.9963,-0.024,-0.0826,0,0.0461,0.9597,0.2774,0,0.0726,-0.2801,0.9572,0,0,9.2263,1.5771,1]},
{"frame":42,"values":[0.9963,0.0097,-0.0858,0,0.0158,0.9566,0.2911,0,0.0849,-0.2914,0.9528,0,0,9.2263,1.5771,1]},
{"frame":43,"values":[0.9957,0.0271,-0.0883,0,0.0004,0.9549,0.2969,0,0.0923,-0.2956,0.9508,0,0,9.2263,1.5771,1]},
{"frame":44,"values":[0.9959,0.024,-0.0874,0,0.0027,0.9561,0.2931,0,0.0906,-0.2922,0.9521,0,0,9.2263,1.5771,1]},
{"frame":45,"values":[0.9966,0.017,-0.0805,0,0.0068,0.9581,0.2864,0,0.082,-0.2859,0.9547,0,0,9.2263,1.5771,1]},
{"frame":46,"values":[0.9973,0.0126,-0.0727,0,0.008,0.9611,0.2761,0,0.0733,-0.2759,0.9584,0,0,9.2263,1.5771,1]},
{"frame":47,"values":[0.9974,0.0093,-0.071,0,0.0096,0.9652,0.2613,0,0.071,-0.2613,0.9626,0,0,9.2263,1.5771,1]},
{"frame":48,"values":[0.9971,0.0068,-0.0761,0,0.0124,0.9687,0.248,0,0.0754,-0.2482,0.9658,0,0,9.2263,1.5771,1]},
{"frame":49,"values":[0.9965,0.0075,-0.0836,0,0.0129,0.9705,0.2408,0,0.083,-0.241,0.967,0,0,9.2263,1.5771,1]},
{"frame":50,"values":[0.996,0.011,-0.0885,0,0.0105,0.971,0.2389,0,0.0885,-0.2389,0.967,0,0,9.2263,1.5771,1]},
{"frame":51,"values":[0.9959,0.0118,-0.0893,0,0.0103,0.9701,0.2427,0,0.0895,-0.2426,0.966,0,0,9.2263,1.5771,1]},
{"frame":52,"values":[0.9962,0.0096,-0.087,0,0.0126,0.9678,0.2514,0,0.0866,-0.2515,0.964,0,0,9.2263,1.5771,1]}],"loopBehavior":1,"name":"anim","property":"_matrix"}},
{"name":"boss:Spine1","index":2,"matrix":[0.9999,-0.0088,-0.0124,0,0.0091,0.9997,0.0207,0,0.0122,-0.0209,0.9997,0,0,16.254,-0.1656,1],"rest":[1,0,0,0,0,1,0,0,0,0,1,0,0,16.254,-0.1656,1],"parentBoneIndex":1,"length":13.7007
,"animation":{"dataType":3,"framePerSecond":24,"keys":[
{"frame":1,"values":[0.9999,-0.0088,-0.0124,0,0.0091,0.9997,0.0207,0,0.0122,-0.0209,0.9997,0,0,16.254,-0.1656,1]},
{"frame":2,"values":[0.9999,-0.0077,-0.0118,0,0.0079,0.9998,0.0171,0,0.0117,-0.0171,0.9998,0,0,16.254,-0.1656,1]},
{"frame":3,"values":[0.9999,-0.0078,-0.0115,0,0.008,0.9999,0.0126,0,0.0114,-0.0127,0.9999,0,0,16.254,-0.1656,1]},
{"frame":4,"values":[0.9999,-0.0092,-0.0116,0,0.0093,0.9999,0.0073,0,0.0116,-0.0075,0.9999,0,0,16.254,-0.1656,1]},
{"frame":5,"values":[0.9999,-0.0106,-0.0116,0,0.0106,0.9999,0.0021,0,0.0116,-0.0023,0.9999,0,0,16.254,-0.1656,1]},
{"frame":6,"values":[0.9999,-0.0095,-0.0104,0,0.0094,1,-0.0026,0,0.0104,0.0025,0.9999,0,0,16.254,-0.1656,1]},
{"frame":7,"values":[1,-0.0029,-0.0074,0,0.0029,1,-0.0061,0,0.0074,0.006,1,0,0,16.254,-0.1656,1]},
{"frame":8,"values":[1,0.0088,-0.0021,0,-0.0088,1,-0.0045,0,0.0021,0.0046,1,0,0,16.254,-0.1656,1]},
{"frame":9,"values":[0.9998,0.021,0.0044,0,-0.021,0.9998,0.0017,0,-0.0044,-0.0018,1,0,0,16.254,-0.1656,1]},
{"frame":10,"values":[0.9994,0.0342,0.0102,0,-0.0343,0.9994,0.0061,0,-0.01,-0.0064,0.9999,0,0,16.254,-0.1656,1]},
{"frame":11,"values":[0.9987,0.0497,0.0121,0,-0.0497,0.9988,0.0025,0,-0.0119,-0.0031,0.9999,0,0,16.254,-0.1656,1]},
{"frame":12,"values":[0.9979,0.0645,0.007,0,-0.0644,0.9979,-0.007,0,-0.0075,0.0066,1,0,0,16.254,-0.1656,1]},
{"frame":13,"values":[0.9977,0.0677,-0.0039,0,-0.0678,0.9976,-0.0107,0,0.0032,0.0109,0.9999,0,0,16.254,-0.1656,1]},
{"frame":14,"values":[0.9986,0.0487,-0.0188,0,-0.0487,0.9988,-0.0024,0,0.0187,0.0033,0.9998,0,0,16.254,-0.1656,1]},
{"frame":15,"values":[0.9992,0.021,-0.0336,0,-0.0208,0.9998,0.006,0,0.0338,-0.0052,0.9994,0,0,16.254,-0.1656,1]},
{"frame":16,"values":[0.9991,0.0125,-0.0413,0,-0.0122,0.9999,0.0063,0,0.0414,-0.0058,0.9991,0,0,16.254,-0.1656,1]},
{"frame":17,"values":[0.999,0.0185,-0.0395,0,-0.0185,0.9998,-0.0003,0,0.0395,0.001,0.9992,0,0,16.254,-0.1656,1]},
{"frame":18,"values":[0.999,0.0308,-0.0324,0,-0.031,0.9995,-0.0047,0,0.0323,0.0057,0.9995,0,0,16.254,-0.1656,1]},
{"frame":19,"values":[0.9987,0.0432,-0.0255,0,-0.0433,0.9991,-0.0033,0,0.0253,0.0044,0.9997,0,0,16.254,-0.1656,1]},
{"frame":20,"values":[0.9986,0.0497,-0.0193,0,-0.0497,0.9988,-0.0026,0,0.0191,0.0036,0.9998,0,0,16.254,-0.1656,1]},
{"frame":21,"values":[0.9987,0.0502,-0.0129,0,-0.0503,0.9987,-0.0062,0,0.0126,0.0069,0.9999,0,0,16.254,-0.1656,1]},
{"frame":22,"values":[0.9989,0.0458,-0.0078,0,-0.0458,0.9989,-0.0124,0,0.0072,0.0128,0.9999,0,0,16.254,-0.1656,1]},
{"frame":23,"values":[0.9992,0.0391,-0.0053,0,-0.0392,0.9991,-0.0184,0,0.0046,0.0185,0.9998,0,0,16.254,-0.1656,1]},
{"frame":24,"values":[0.9994,0.0352,-0.0051,0,-0.0353,0.9992,-0.0213,0,0.0043,0.0214,0.9998,0,0,16.254,-0.1656,1]},
{"frame":25,"values":[0.9994,0.0342,-0.0056,0,-0.0343,0.9992,-0.0215,0,0.0049,0.0217,0.9998,0,0,16.254,-0.1656,1]},
{"frame":26,"values":[0.9994,0.0337,-0.0062,0,-0.0339,0.9992,-0.0201,0,0.0055,0.0203,0.9998,0,0,16.254,-0.1656,1]},
{"frame":27,"values":[0.9995,0.0322,-0.0069,0,-0.0323,0.9994,-0.0151,0,0.0064,0.0154,0.9999,0,0,16.254,-0.1656,1]},
{"frame":28,"values":[0.9997,0.0243,-0.0081,0,-0.0243,0.9997,-0.0057,0,0.0079,0.0059,1,0,0,16.254,-0.1656,1]},
{"frame":29,"values":[0.9999,0.0068,-0.0098,0,-0.0067,1,0.0061,0,0.0098,-0.006,0.9999,0,0,16.254,-0.1656,1]},
{"frame":30,"values":[0.9998,-0.0137,-0.0113,0,0.0139,0.9998,0.0166,0,0.0111,-0.0167,0.9998,0,0,16.254,-0.1656,1]},
{"frame":31,"values":[0.9996,-0.0253,-0.0113,0,0.0255,0.9994,0.0222,0,0.0107,-0.0225,0.9997,0,0,16.254,-0.1656,1]},
{"frame":32,"values":[0.9997,-0.0207,-0.0095,0,0.0208,0.9996,0.0198,0,0.0091,-0.02,0.9998,0,0,16.254,-0.1656,1]},
{"frame":33,"values":[0.9999,-0.0085,-0.0078,0,0.0087,0.9998,0.016,0,0.0076,-0.016,0.9998,0,0,16.254,-0.1656,1]},
{"frame":34,"values":[1,0.0023,-0.0073,0,-0.0022,0.9999,0.0147,0,0.0073,-0.0147,0.9999,0,0,16.254,-0.1656,1]},
{"frame":35,"values":[0.9999,0.0088,-0.0084,0,-0.0087,0.9998,0.0168,0,0.0085,-0.0167,0.9998,0,0,16.254,-0.1656,1]},
{"frame":36,"values":[0.9999,0.0107,-0.0102,0,-0.0105,0.9997,0.0209,0,0.0104,-0.0207,0.9997,0,0,16.254,-0.1656,1]},
{"frame":37,"values":[0.9999,0.0087,-0.0113,0,-0.0085,0.9997,0.0212,0,0.0115,-0.0211,0.9997,0,0,16.254,-0.1656,1]},
{"frame":38,"values":[0.9999,0.0066,-0.0106,0,-0.0064,0.9999,0.0143,0,0.0107,-0.0143,0.9998,0,0,16.254,-0.1656,1]},
{"frame":39,"values":[0.9999,0.0076,-0.0093,0,-0.0076,1,0.0064,0,0.0094,-0.0063,0.9999,0,0,16.254,-0.1656,1]},
{"frame":40,"values":[0.9999,0.0065,-0.0093,0,-0.0064,1,0.0052,0,0.0094,-0.0052,0.9999,0,0,16.254,-0.1656,1]},
{"frame":41,"values":[0.9999,-0.0034,-0.0107,0,0.0034,1,0.0079,0,0.0107,-0.0079,0.9999,0,0,16.254,-0.1656,1]},
{"frame":42,"values":[0.9998,-0.0163,-0.0124,0,0.0164,0.9998,0.0098,0,0.0123,-0.01,0.9999,0,0,16.254,-0.1656,1]},
{"frame":43,"values":[0.9996,-0.0228,-0.0135,0,0.023,0.9997,0.013,0,0.0132,-0.0133,0.9998,0,0,16.254,-0.1656,1]},
{"frame":44,"values":[0.9996,-0.023,-0.0133,0,0.0232,0.9996,0.0172,0,0.0129,-0.0175,0.9998,0,0,16.254,-0.1656,1]},
{"frame":45,"values":[0.9997,-0.0212,-0.0121,0,0.0215,0.9996,0.0199,0,0.0117,-0.0201,0.9997,0,0,16.254,-0.1656,1]},
{"frame":46,"values":[0.9998,-0.0192,-0.0109,0,0.0195,0.9996,0.0216,0,0.0105,-0.0218,0.9997,0,0,16.254,-0.1656,1]},
{"frame":47,"values":[0.9998,-0.0167,-0.0104,0,0.0169,0.9996,0.0229,0,0.0101,-0.023,0.9997,0,0,16.254,-0.1656,1]},
{"frame":48,"values":[0.9998,-0.0135,-0.0109,0,0.0138,0.9996,0.0233,0,0.0106,-0.0234,0.9997,0,0,16.254,-0.1656,1]},
{"frame":49,"values":[0.9999,-0.0111,-0.0119,0,0.0113,0.9997,0.0235,0,0.0116,-0.0236,0.9997,0,0,16.254,-0.1656,1]},
{"frame":50,"values":[0.9999,-0.0104,-0.0126,0,0.0107,0.9997,0.0239,0,0.0124,-0.0241,0.9996,0,0,16.254,-0.1656,1]},
{"frame":51,"values":[0.9999,-0.01,-0.0128,0,0.0103,0.9997,0.0232,0,0.0125,-0.0233,0.9997,0,0,16.254,-0.1656,1]},
{"frame":52,"values":[0.9999,-0.0088,-0.0124,0,0.0091,0.9997,0.0207,0,0.0122,-0.0209,0.9997,0,0,16.254,-0.1656,1]}],"loopBehavior":1,"name":"anim","property":"_matrix"}},
{"name":"boss:Spine2","index":3,"matrix":[0.9999,-0.0089,-0.0121,0,0.0092,0.9997,0.0208,0,0.0119,-0.0209,0.9997,0,0,13.6396,-1.2923,1],"rest":[1,0,0,0,0,1,0,0,0,0,1,0,0,13.6396,-1.2923,1],"parentBoneIndex":2,"length":13.1719
,"animation":{"dataType":3,"framePerSecond":24,"keys":[
{"frame":1,"values":[0.9999,-0.0089,-0.0121,0,0.0092,0.9997,0.0208,0,0.0119,-0.0209,0.9997,0,0,13.6396,-1.2923,1]},
{"frame":2,"values":[0.9999,-0.0079,-0.0116,0,0.0081,0.9998,0.0171,0,0.0114,-0.0172,0.9998,0,0,13.6396,-1.2923,1]},
{"frame":3,"values":[0.9999,-0.008,-0.0112,0,0.0082,0.9999,0.0127,0,0.0111,-0.0128,0.9999,0,0,13.6396,-1.2923,1]},
{"frame":4,"values":[0.9999,-0.0095,-0.0113,0,0.0096,0.9999,0.0074,0,0.0112,-0.0075,0.9999,0,0,13.6396,-1.2923,1]},
{"frame":5,"values":[0.9999,-0.0109,-0.0112,0,0.0109,0.9999,0.0022,0,0.0112,-0.0024,0.9999,0,0,13.6396,-1.2923,1]},
{"frame":6,"values":[0.9999,-0.0098,-0.01,0,0.0098,0.9999,-0.0026,0,0.01,0.0025,0.9999,0,0,13.6396,-1.2923,1]},
{"frame":7,"values":[1,-0.0032,-0.0071,0,0.0031,1,-0.006,0,0.0072,0.006,1,0,0,13.6396,-1.2923,1]},
{"frame":8,"values":[1,0.0087,-0.0023,0,-0.0087,1,-0.0045,0,0.0022,0.0046,1,0,0,13.6396,-1.2923,1]},
{"frame":9,"values":[0.9998,0.0211,0.004,0,-0.0211,0.9998,0.0018,0,-0.0039,-0.0019,1,0,0,13.6396,-1.2923,1]},
{"frame":10,"values":[0.9994,0.0344,0.0097,0,-0.0344,0.9994,0.0064,0,-0.0094,-0.0068,0.9999,0,0,13.6396,-1.2923,1]},
{"frame":11,"values":[0.9987,0.0499,0.0113,0,-0.0499,0.9987,0.003,0,-0.0112,-0.0036,0.9999,0,0,13.6396,-1.2923,1]},
{"frame":12,"values":[0.9979,0.0647,0.006,0,-0.0646,0.9979,-0.0066,0,-0.0064,0.0061,1,0,0,13.6396,-1.2923,1]},
{"frame":13,"values":[0.9977,0.0677,-0.0055,0,-0.0678,0.9976,-0.0107,0,0.0047,0.0111,0.9999,0,0,13.6396,-1.2923,1]},
{"frame":14,"values":[0.9986,0.0481,-0.0204,0,-0.0482,0.9988,-0.0031,0,0.0203,0.004,0.9998,0,0,13.6396,-1.2923,1]},
{"frame":15,"values":[0.9992,0.0199,-0.0346,0,-0.0198,0.9998,0.0053,0,0.0347,-0.0046,0.9994,0,0,13.6396,-1.2923,1]},
{"frame":16,"values":[0.9991,0.0109,-0.0419,0,-0.0107,0.9999,0.0057,0,0.042,-0.0052,0.9991,0,0,13.6396,-1.2923,1]},
{"frame":17,"values":[0.999,0.0166,-0.0405,0,-0.0167,0.9999,-0.0012,0,0.0405,0.0019,0.9992,0,0,13.6396,-1.2923,1]},
{"frame":18,"values":[0.999,0.029,-0.0341,0,-0.0292,0.9996,-0.0059,0,0.0339,0.0069,0.9994,0,0,13.6396,-1.2923,1]},
{"frame":19,"values":[0.9987,0.0417,-0.0279,0,-0.0418,0.9991,-0.0046,0,0.0277,0.0057,0.9996,0,0,13.6396,-1.2923,1]},
{"frame":20,"values":[0.9986,0.0485,-0.022,0,-0.0486,0.9988,-0.0037,0,0.0218,0.0048,0.9998,0,0,13.6396,-1.2923,1]},
{"frame":21,"values":[0.9987,0.0494,-0.0156,0,-0.0495,0.9988,-0.007,0,0.0152,0.0077,0.9999,0,0,13.6396,-1.2923,1]},
{"frame":22,"values":[0.9989,0.0452,-0.0101,0,-0.0453,0.9989,-0.0128,0,0.0095,0.0132,0.9999,0,0,13.6396,-1.2923,1]},
{"frame":23,"values":[0.9992,0.0387,-0.0072,0,-0.0389,0.9991,-0.0185,0,0.0065,0.0188,0.9998,0,0,13.6396,-1.2923,1]},
{"frame":24,"values":[0.9994,0.0348,-0.0068,0,-0.035,0.9992,-0.0214,0,0.006,0.0216,0.9997,0,0,13.6396,-1.2923,1]},
{"frame":25,"values":[0.9994,0.0338,-0.0073,0,-0.0339,0.9992,-0.0217,0,0.0065,0.0219,0.9997,0,0,13.6396,-1.2923,1]},
{"frame":26,"values":[0.9994,0.0333,-0.0078,0,-0.0335,0.9992,-0.0203,0,0.0071,0.0205,0.9998,0,0,13.6396,-1.2923,1]},
{"frame":27,"values":[0.9995,0.0318,-0.0084,0,-0.0319,0.9994,-0.0153,0,0.0079,0.0156,0.9998,0,0,13.6396,-1.2923,1]},
{"frame":28,"values":[0.9997,0.0239,-0.0092,0,-0.0239,0.9997,-0.0059,0,0.0091,0.0061,0.9999,0,0,13.6396,-1.2923,1]},
{"frame":29,"values":[0.9999,0.0065,-0.0102,0,-0.0064,1,0.0059,0,0.0103,-0.0059,0.9999,0,0,13.6396,-1.2923,1]},
{"frame":30,"values":[0.9998,-0.0139,-0.0111,0,0.0141,0.9998,0.0166,0,0.0109,-0.0168,0.9998,0,0,13.6396,-1.2923,1]},
{"frame":31,"values":[0.9996,-0.0254,-0.0108,0,0.0256,0.9994,0.0224,0,0.0102,-0.0226,0.9997,0,0,13.6396,-1.2923,1]},
{"frame":32,"values":[0.9997,-0.0208,-0.0091,0,0.021,0.9996,0.0199,0,0.0087,-0.0201,0.9998,0,0,13.6396,-1.2923,1]},
{"frame":33,"values":[0.9999,-0.0087,-0.0077,0,0.0088,0.9998,0.016,0,0.0075,-0.0161,0.9998,0,0,13.6396,-1.2923,1]},
{"frame":34,"values":[1,0.0021,-0.0075,0,-0.002,0.9999,0.0147,0,0.0076,-0.0147,0.9999,0,0,13.6396,-1.2923,1]},
{"frame":35,"values":[0.9999,0.0086,-0.0088,0,-0.0085,0.9998,0.0167,0,0.0089,-0.0167,0.9998,0,0,13.6396,-1.2923,1]},
{"frame":36,"values":[0.9999,0.0106,-0.0106,0,-0.0104,0.9997,0.0208,0,0.0108,-0.0207,0.9997,0,0,13.6396,-1.2923,1]},
{"frame":37,"values":[0.9999,0.0086,-0.0115,0,-0.0084,0.9997,0.0212,0,0.0117,-0.0211,0.9997,0,0,13.6396,-1.2923,1]},
{"frame":38,"values":[0.9999,0.0064,-0.0107,0,-0.0063,0.9999,0.0143,0,0.0108,-0.0142,0.9998,0,0,13.6396,-1.2923,1]},
{"frame":39,"values":[0.9999,0.0074,-0.0095,0,-0.0074,1,0.0063,0,0.0095,-0.0062,0.9999,0,0,13.6396,-1.2923,1]},
{"frame":40,"values":[0.9999,0.0063,-0.0095,0,-0.0062,1,0.0052,0,0.0095,-0.0051,0.9999,0,0,13.6396,-1.2923,1]},
{"frame":41,"values":[0.9999,-0.0036,-0.0107,0,0.0037,1,0.0079,0,0.0106,-0.0079,0.9999,0,0,13.6396,-1.2923,1]},
{"frame":42,"values":[0.9998,-0.0165,-0.012,0,0.0166,0.9998,0.0099,0,0.0118,-0.0101,0.9999,0,0,13.6396,-1.2923,1]},
{"frame":43,"values":[0.9997,-0.0231,-0.0129,0,0.0232,0.9996,0.0132,0,0.0125,-0.0135,0.9998,0,0,13.6396,-1.2923,1]},
{"frame":44,"values":[0.9997,-0.0232,-0.0127,0,0.0234,0.9996,0.0174,0,0.0123,-0.0177,0.9998,0,0,13.6396,-1.2923,1]},
{"frame":45,"values":[0.9997,-0.0214,-0.0116,0,0.0216,0.9996,0.0201,0,0.0112,-0.0203,0.9997,0,0,13.6396,-1.2923,1]},
{"frame":46,"values":[0.9998,-0.0194,-0.0104,0,0.0196,0.9996,0.0218,0,0.01,-0.022,0.9997,0,0,13.6396,-1.2923,1]},
{"frame":47,"values":[0.9998,-0.0168,-0.0101,0,0.017,0.9996,0.023,0,0.0097,-0.0232,0.9997,0,0,13.6396,-1.2923,1]},
{"frame":48,"values":[0.9999,-0.0136,-0.0106,0,0.0139,0.9996,0.0234,0,0.0103,-0.0235,0.9997,0,0,13.6396,-1.2923,1]},
{"frame":49,"values":[0.9999,-0.0111,-0.0116,0,0.0114,0.9997,0.0236,0,0.0113,-0.0237,0.9997,0,0,13.6396,-1.2923,1]},
{"frame":50,"values":[0.9999,-0.0104,-0.0123,0,0.0107,0.9997,0.024,0,0.0121,-0.0242,0.9996,0,0,13.6396,-1.2923,1]},
{"frame":51,"values":[0.9999,-0.0101,-0.0125,0,0.0104,0.9997,0.0232,0,0.0123,-0.0234,0.9997,0,0,13.6396,-1.2923,1]},
{"frame":52,"values":[0.9999,-0.0089,-0.0121,0,0.0092,0.9997,0.0208,0,0.0119,-0.0209,0.9997,0,0,13.6396,-1.2923,1]}],"loopBehavior":1,"name":"anim","property":"_matrix"}},
{"name":"boss:Neck","index":4,"matrix":[0.9988,-0.043,-0.0222,0,0.0439,0.998,0.0448,0,0.0202,-0.0458,0.9987,0,0,13.8774,-4.3542,1],"rest":[1,0,0,0,0,1,0,0,0,0,1,0,0,13.8774,-4.3542,1],"parentBoneIndex":3,"length":4.4379
,"animation":{"dataType":3,"framePerSecond":24,"keys":[
{"frame":1,"values":[0.9988,-0.043,-0.0222,0,0.0439,0.998,0.0448,0,0.0202,-0.0458,0.9987,0,0,13.8774,-4.3542,1]},
{"frame":2,"values":[0.9989,-0.0419,-0.0217,0,0.0428,0.9982,0.0431,0,0.0199,-0.0439,0.9988,0,0,13.8774,-4.3542,1]},
{"frame":3,"values":[0.9988,-0.0427,-0.0219,0,0.0436,0.9982,0.041,0,0.0201,-0.0419,0.9989,0,0,13.8774,-4.3542,1]},
{"frame":4,"values":[0.9987,-0.0454,-0.023,0,0.0463,0.9982,0.0384,0,0.0212,-0.0394,0.999,0,0,13.8774,-4.3542,1]},
{"frame":5,"values":[0.9984,-0.0501,-0.0255,0,0.0509,0.9981,0.0341,0,0.0237,-0.0353,0.9991,0,0,13.8774,-4.3542,1]},
{"frame":6,"values":[0.998,-0.0562,-0.0298,0,0.057,0.998,0.0263,0,0.0283,-0.0279,0.9992,0,0,13.8774,-4.3542,1]},
{"frame":7,"values":[0.9974,-0.0626,-0.0356,0,0.0632,0.9979,0.0153,0,0.0345,-0.0175,0.9992,0,0,13.8774,-4.3542,1]},
{"frame":8,"values":[0.9968,-0.068,-0.0415,0,0.0683,0.9977,0.0039,0,0.0411,-0.0067,0.9991,0,0,13.8774,-4.3542,1]},
{"frame":9,"values":[0.9965,-0.0703,-0.0454,0,0.0702,0.9975,-0.0039,0,0.0456,0.0007,0.999,0,0,13.8774,-4.3542,1]},
{"frame":10,"values":[0.9969,-0.0653,-0.0441,0,0.0652,0.9979,-0.0043,0,0.0443,0.0014,0.999,0,0,13.8774,-4.3542,1]},
{"frame":11,"values":[0.998,-0.0512,-0.0358,0,0.0513,0.9987,0.0013,0,0.0357,-0.0031,0.9994,0,0,13.8774,-4.3542,1]},
{"frame":12,"values":[0.9993,-0.0312,-0.0206,0,0.0313,0.9995,0.0049,0,0.0204,-0.0056,0.9998,0,0,13.8774,-4.3542,1]},
{"frame":13,"values":[0.9999,-0.0139,-0.0013,0,0.0139,0.9999,0.0017,0,0.0013,-0.0017,1,0,0,13.8774,-4.3542,1]},
{"frame":14,"values":[0.9998,-0.0051,0.0173,0,0.0052,1,-0.0024,0,-0.0173,0.0025,0.9998,0,0,13.8774,-4.3542,1]},
{"frame":15,"values":[0.9996,-0.0013,0.0296,0,0.0013,1,0.0005,0,-0.0296,-0.0005,0.9996,0,0,13.8774,-4.3542,1]},
{"frame":16,"values":[0.9993,0.0088,0.0367,0,-0.0091,0.9999,0.0093,0,-0.0366,-0.0096,0.9993,0,0,13.8774,-4.3542,1]},
{"frame":17,"values":[0.999,0.0224,0.0397,0,-0.023,0.9996,0.0157,0,-0.0393,-0.0166,0.9991,0,0,13.8774,-4.3542,1]},
{"frame":18,"values":[0.9989,0.0273,0.0369,0,-0.028,0.9994,0.0187,0,-0.0363,-0.0197,0.9991,0,0,13.8774,-4.3542,1]},
{"frame":19,"values":[0.9992,0.0249,0.0305,0,-0.0255,0.9995,0.02,0,-0.0299,-0.0208,0.9993,0,0,13.8774,-4.3542,1]},
{"frame":20,"values":[0.9995,0.0229,0.0235,0,-0.0234,0.9995,0.0213,0,-0.023,-0.0218,0.9995,0,0,13.8774,-4.3542,1]},
{"frame":21,"values":[0.9996,0.0213,0.0163,0,-0.0217,0.9995,0.0241,0,-0.0158,-0.0244,0.9996,0,0,13.8774,-4.3542,1]},
{"frame":22,"values":[0.9998,0.0173,0.0083,0,-0.0176,0.9994,0.0285,0,-0.0078,-0.0286,0.9996,0,0,13.8774,-4.3542,1]},
{"frame":23,"values":[0.9999,0.0112,0.0011,0,-0.0113,0.9994,0.0314,0,-0.0008,-0.0314,0.9995,0,0,13.8774,-4.3542,1]},
{"frame":24,"values":[1,0.005,-0.0037,0,-0.0049,0.9995,0.0305,0,0.0039,-0.0305,0.9995,0,0,13.8774,-4.3542,1]},
{"frame":25,"values":[1,0.0002,-0.0065,0,0,0.9996,0.0281,0,0.0065,-0.0281,0.9996,0,0,13.8774,-4.3542,1]},
{"frame":26,"values":[1,-0.0033,-0.0083,0,0.0035,0.9996,0.0266,0,0.0082,-0.0266,0.9996,0,0,13.8774,-4.3542,1]},
{"frame":27,"values":[0.9999,-0.0077,-0.0099,0,0.0079,0.9996,0.0261,0,0.0097,-0.0261,0.9996,0,0,13.8774,-4.3542,1]},
{"frame":28,"values":[0.9998,-0.0148,-0.0123,0,0.0152,0.9995,0.0265,0,0.0119,-0.0267,0.9996,0,0,13.8774,-4.3542,1]},
{"frame":29,"values":[0.9996,-0.0245,-0.0158,0,0.025,0.9993,0.0278,0,0.0151,-0.0281,0.9995,0,0,13.8774,-4.3542,1]},
{"frame":30,"values":[0.9992,-0.0338,-0.019,0,0.0344,0.999,0.0282,0,0.018,-0.0289,0.9994,0,0,13.8774,-4.3542,1]},
{"frame":31,"values":[0.999,-0.0395,-0.0206,0,0.04,0.9988,0.0269,0,0.0195,-0.0277,0.9994,0,0,13.8774,-4.3542,1]},
{"frame":32,"values":[0.999,-0.0407,-0.0201,0,0.0412,0.9988,0.0254,0,0.019,-0.0262,0.9995,0,0,13.8774,-4.3542,1]},
{"frame":33,"values":[0.9991,-0.0389,-0.0184,0,0.0393,0.9989,0.0257,0,0.0174,-0.0264,0.9995,0,0,13.8774,-4.3542,1]},
{"frame":34,"values":[0.9992,-0.0366,-0.0171,0,0.0371,0.9989,0.0278,0,0.0161,-0.0285,0.9995,0,0,13.8774,-4.3542,1]},
{"frame":35,"values":[0.9992,-0.0357,-0.0171,0,0.0362,0.9989,0.0313,0,0.016,-0.0319,0.9994,0,0,13.8774,-4.3542,1]},
{"frame":36,"values":[0.9992,-0.036,-0.0184,0,0.0367,0.9987,0.0358,0,0.0171,-0.0364,0.9992,0,0,13.8774,-4.3542,1]},
{"frame":37,"values":[0.9991,-0.0366,-0.0202,0,0.0373,0.9985,0.0389,0,0.0187,-0.0396,0.999,0,0,13.8774,-4.3542,1]},
{"frame":38,"values":[0.9991,-0.036,-0.0211,0,0.0367,0.9986,0.0382,0,0.0197,-0.0389,0.999,0,0,13.8774,-4.3542,1]},
{"frame":39,"values":[0.9992,-0.0348,-0.0207,0,0.0355,0.9988,0.0349,0,0.0195,-0.0356,0.9992,0,0,13.8774,-4.3542,1]},
{"frame":40,"values":[0.9992,-0.0356,-0.0201,0,0.0362,0.9988,0.0332,0,0.0189,-0.0339,0.9992,0,0,13.8774,-4.3542,1]},
{"frame":41,"values":[0.999,-0.0392,-0.0208,0,0.0399,0.9986,0.0344,0,0.0194,-0.0352,0.9992,0,0,13.8774,-4.3542,1]},
{"frame":42,"values":[0.9988,-0.0443,-0.0226,0,0.0451,0.9983,0.0371,0,0.021,-0.0381,0.9991,0,0,13.8774,-4.3542,1]},
{"frame":43,"values":[0.9986,-0.0482,-0.024,0,0.0491,0.998,0.0407,0,0.022,-0.0418,0.9989,0,0,13.8774,-4.3542,1]},
{"frame":44,"values":[0.9985,-0.0498,-0.0241,0,0.0509,0.9977,0.045,0,0.0218,-0.0461,0.9987,0,0,13.8774,-4.3542,1]},
{"frame":45,"values":[0.9984,-0.0509,-0.0239,0,0.0521,0.9975,0.0488,0,0.0214,-0.05,0.9985,0,0,13.8774,-4.3542,1]},
{"frame":46,"values":[0.9984,-0.052,-0.0237,0,0.0532,0.9973,0.0515,0,0.0209,-0.0526,0.9984,0,0,13.8774,-4.3542,1]},
{"frame":47,"values":[0.9984,-0.0518,-0.0232,0,0.053,0.9972,0.0526,0,0.0204,-0.0538,0.9983,0,0,13.8774,-4.3542,1]},
{"frame":48,"values":[0.9984,-0.0508,-0.0229,0,0.0519,0.9973,0.052,0,0.0202,-0.0531,0.9984,0,0,13.8774,-4.3542,1]},
{"frame":49,"values":[0.9985,-0.0496,-0.0229,0,0.0507,0.9975,0.0499,0,0.0204,-0.051,0.9985,0,0,13.8774,-4.3542,1]},
{"frame":50,"values":[0.9986,-0.0477,-0.023,0,0.0487,0.9977,0.048,0,0.0207,-0.0491,0.9986,0,0,13.8774,-4.3542,1]},
{"frame":51,"values":[0.9987,-0.0452,-0.0227,0,0.0462,0.9979,0.0465,0,0.0206,-0.0475,0.9987,0,0,13.8774,-4.3542,1]},
{"frame":52,"values":[0.9988,-0.043,-0.0222,0,0.0439,0.998,0.0448,0,0.0202,-0.0458,0.9987,0,0,13.8774,-4.3542,1]}],"loopBehavior":1,"name":"anim","property":"_matrix"}},
{"name":"boss:Neck1","index":5,"matrix":[0.9988,-0.043,-0.0222,0,0.0439,0.998,0.0448,0,0.0202,-0.0458,0.9987,0,0,4.34,0.9269,1],"rest":[1,0,0,0,0,1,0,0,0,0,1,0,0,4.34,0.9269,1],"parentBoneIndex":4,"length":4.1171
,"animation":{"dataType":3,"framePerSecond":24,"keys":[
{"frame":1,"values":[0.9988,-0.043,-0.0222,0,0.0439,0.998,0.0448,0,0.0202,-0.0458,0.9987,0,0,4.34,0.9269,1]},
{"frame":2,"values":[0.9989,-0.0419,-0.0217,0,0.0428,0.9982,0.0431,0,0.0199,-0.0439,0.9988,0,0,4.34,0.9269,1]},
{"frame":3,"values":[0.9988,-0.0427,-0.0219,0,0.0436,0.9982,0.041,0,0.0201,-0.0419,0.9989,0,0,4.34,0.9269,1]},
{"frame":4,"values":[0.9987,-0.0454,-0.023,0,0.0463,0.9982,0.0384,0,0.0212,-0.0394,0.999,0,0,4.34,0.9269,1]},
{"frame":5,"values":[0.9984,-0.0501,-0.0255,0,0.0509,0.9981,0.0341,0,0.0237,-0.0353,0.9991,0,0,4.34,0.9269,1]},
{"frame":6,"values":[0.998,-0.0562,-0.0298,0,0.057,0.998,0.0263,0,0.0283,-0.0279,0.9992,0,0,4.34,0.9269,1]},
{"frame":7,"values":[0.9974,-0.0626,-0.0356,0,0.0632,0.9979,0.0153,0,0.0345,-0.0175,0.9993,0,0,4.34,0.9269,1]},
{"frame":8,"values":[0.9968,-0.068,-0.0415,0,0.0683,0.9977,0.0039,0,0.0411,-0.0067,0.9991,0,0,4.34,0.9269,1]},
{"frame":9,"values":[0.9965,-0.0703,-0.0454,0,0.0702,0.9975,-0.0039,0,0.0456,0.0007,0.999,0,0,4.34,0.9269,1]},
{"frame":10,"values":[0.9969,-0.0653,-0.0441,0,0.0652,0.9979,-0.0043,0,0.0443,0.0014,0.999,0,0,4.34,0.9269,1]},
{"frame":11,"values":[0.998,-0.0512,-0.0358,0,0.0513,0.9987,0.0013,0,0.0357,-0.0031,0.9994,0,0,4.34,0.9269,1]},
{"frame":12,"values":[0.9993,-0.0312,-0.0206,0,0.0313,0.9995,0.0049,0,0.0204,-0.0056,0.9998,0,0,4.34,0.9269,1]},
{"frame":13,"values":[0.9999,-0.0139,-0.0013,0,0.0139,0.9999,0.0017,0,0.0013,-0.0017,1,0,0,4.34,0.9269,1]},
{"frame":14,"values":[0.9998,-0.0051,0.0173,0,0.0052,1,-0.0024,0,-0.0173,0.0025,0.9998,0,0,4.34,0.9269,1]},
{"frame":15,"values":[0.9996,-0.0013,0.0296,0,0.0013,1,0.0005,0,-0.0296,-0.0005,0.9996,0,0,4.34,0.9269,1]},
{"frame":16,"values":[0.9993,0.0088,0.0367,0,-0.0091,0.9999,0.0093,0,-0.0366,-0.0096,0.9993,0,0,4.34,0.9269,1]},
{"frame":17,"values":[0.999,0.0224,0.0397,0,-0.023,0.9996,0.0157,0,-0.0393,-0.0166,0.9991,0,0,4.34,0.9269,1]},
{"frame":18,"values":[0.9989,0.0273,0.0369,0,-0.028,0.9994,0.0187,0,-0.0363,-0.0197,0.9991,0,0,4.34,0.9269,1]},
{"frame":19,"values":[0.9992,0.0249,0.0305,0,-0.0255,0.9995,0.02,0,-0.0299,-0.0208,0.9993,0,0,4.34,0.9269,1]},
{"frame":20,"values":[0.9995,0.0229,0.0235,0,-0.0234,0.9995,0.0213,0,-0.023,-0.0218,0.9995,0,0,4.34,0.9269,1]},
{"frame":21,"values":[0.9996,0.0213,0.0163,0,-0.0217,0.9995,0.0241,0,-0.0158,-0.0244,0.9996,0,0,4.34,0.9269,1]},
{"frame":22,"values":[0.9998,0.0173,0.0083,0,-0.0176,0.9994,0.0285,0,-0.0078,-0.0286,0.9996,0,0,4.34,0.9269,1]},
{"frame":23,"values":[0.9999,0.0112,0.0011,0,-0.0113,0.9994,0.0314,0,-0.0008,-0.0314,0.9995,0,0,4.34,0.9269,1]},
{"frame":24,"values":[1,0.005,-0.0037,0,-0.0049,0.9995,0.0305,0,0.0039,-0.0305,0.9995,0,0,4.34,0.9269,1]},
{"frame":25,"values":[1,0.0002,-0.0065,0,0,0.9996,0.0281,0,0.0065,-0.0281,0.9996,0,0,4.34,0.9269,1]},
{"frame":26,"values":[1,-0.0033,-0.0083,0,0.0035,0.9996,0.0266,0,0.0082,-0.0266,0.9996,0,0,4.34,0.9269,1]},
{"frame":27,"values":[0.9999,-0.0077,-0.0099,0,0.0079,0.9996,0.0261,0,0.0097,-0.0261,0.9996,0,0,4.34,0.9269,1]},
{"frame":28,"values":[0.9998,-0.0148,-0.0123,0,0.0152,0.9995,0.0265,0,0.0119,-0.0267,0.9996,0,0,4.34,0.9269,1]},
{"frame":29,"values":[0.9996,-0.0245,-0.0158,0,0.025,0.9993,0.0278,0,0.0151,-0.0281,0.9995,0,0,4.34,0.9269,1]},
{"frame":30,"values":[0.9992,-0.0338,-0.019,0,0.0344,0.999,0.0282,0,0.018,-0.0289,0.9994,0,0,4.34,0.9269,1]},
{"frame":31,"values":[0.999,-0.0395,-0.0206,0,0.04,0.9988,0.0269,0,0.0195,-0.0277,0.9994,0,0,4.34,0.9269,1]},
{"frame":32,"values":[0.999,-0.0407,-0.0201,0,0.0412,0.9988,0.0254,0,0.019,-0.0262,0.9995,0,0,4.34,0.9269,1]},
{"frame":33,"values":[0.9991,-0.0389,-0.0184,0,0.0393,0.9989,0.0257,0,0.0174,-0.0264,0.9995,0,0,4.34,0.9269,1]},
{"frame":34,"values":[0.9992,-0.0366,-0.0171,0,0.0371,0.9989,0.0278,0,0.0161,-0.0285,0.9995,0,0,4.34,0.9269,1]},
{"frame":35,"values":[0.9992,-0.0357,-0.0171,0,0.0362,0.9989,0.0313,0,0.016,-0.0319,0.9994,0,0,4.34,0.9269,1]},
{"frame":36,"values":[0.9992,-0.036,-0.0184,0,0.0367,0.9987,0.0358,0,0.0171,-0.0364,0.9992,0,0,4.34,0.9269,1]},
{"frame":37,"values":[0.9991,-0.0366,-0.0202,0,0.0373,0.9985,0.0389,0,0.0187,-0.0396,0.999,0,0,4.34,0.9269,1]},
{"frame":38,"values":[0.9991,-0.036,-0.0211,0,0.0367,0.9986,0.0382,0,0.0197,-0.0389,0.999,0,0,4.34,0.9269,1]},
{"frame":39,"values":[0.9992,-0.0348,-0.0207,0,0.0355,0.9988,0.0349,0,0.0195,-0.0356,0.9992,0,0,4.34,0.9269,1]},
{"frame":40,"values":[0.9992,-0.0356,-0.0201,0,0.0362,0.9988,0.0332,0,0.0189,-0.0339,0.9992,0,0,4.34,0.9269,1]},
{"frame":41,"values":[0.999,-0.0392,-0.0208,0,0.0399,0.9986,0.0344,0,0.0194,-0.0352,0.9992,0,0,4.34,0.9269,1]},
{"frame":42,"values":[0.9988,-0.0443,-0.0226,0,0.0451,0.9983,0.0371,0,0.021,-0.0381,0.9991,0,0,4.34,0.9269,1]},
{"frame":43,"values":[0.9986,-0.0482,-0.024,0,0.0491,0.998,0.0407,0,0.022,-0.0418,0.9989,0,0,4.34,0.9269,1]},
{"frame":44,"values":[0.9985,-0.0498,-0.0241,0,0.0509,0.9977,0.045,0,0.0218,-0.0461,0.9987,0,0,4.34,0.9269,1]},
{"frame":45,"values":[0.9984,-0.0509,-0.0239,0,0.0521,0.9975,0.0488,0,0.0214,-0.05,0.9985,0,0,4.34,0.9269,1]},
{"frame":46,"values":[0.9984,-0.052,-0.0237,0,0.0532,0.9973,0.0515,0,0.0209,-0.0526,0.9984,0,0,4.34,0.9269,1]},
{"frame":47,"values":[0.9984,-0.0518,-0.0232,0,0.053,0.9972,0.0526,0,0.0204,-0.0538,0.9983,0,0,4.34,0.9269,1]},
{"frame":48,"values":[0.9984,-0.0508,-0.0229,0,0.0519,0.9973,0.052,0,0.0202,-0.0531,0.9984,0,0,4.34,0.9269,1]},
{"frame":49,"values":[0.9985,-0.0496,-0.0229,0,0.0507,0.9975,0.0499,0,0.0204,-0.051,0.9985,0,0,4.34,0.9269,1]},
{"frame":50,"values":[0.9986,-0.0477,-0.023,0,0.0487,0.9977,0.048,0,0.0207,-0.0491,0.9986,0,0,4.34,0.9269,1]},
{"frame":51,"values":[0.9987,-0.0452,-0.0227,0,0.0462,0.9979,0.0465,0,0.0206,-0.0475,0.9987,0,0,4.34,0.9269,1]},
{"frame":52,"values":[0.9988,-0.043,-0.0222,0,0.0439,0.998,0.0448,0,0.0202,-0.0458,0.9987,0,0,4.34,0.9269,1]}],"loopBehavior":1,"name":"anim","property":"_matrix"}},
{"name":"boss:Head","index":6,"matrix":[0.9988,-0.043,-0.0222,0,0.0439,0.998,0.0448,0,0.0202,-0.0458,0.9987,0,0,4.0266,0.8585,1],"rest":[1,0,0,0,0,1,0,0,0,0,1,0,0,4.0266,0.8585,1],"parentBoneIndex":5,"length":4.1171
,"animation":{"dataType":3,"framePerSecond":24,"keys":[
{"frame":1,"values":[0.9988,-0.043,-0.0222,0,0.0439,0.998,0.0448,0,0.0202,-0.0458,0.9987,0,0,4.0266,0.8585,1]},
{"frame":2,"values":[0.9989,-0.0419,-0.0217,0,0.0428,0.9982,0.0431,0,0.0199,-0.0439,0.9988,0,0,4.0266,0.8585,1]},
{"frame":3,"values":[0.9988,-0.0427,-0.0219,0,0.0436,0.9982,0.041,0,0.0201,-0.0419,0.9989,0,0,4.0266,0.8585,1]},
{"frame":4,"values":[0.9987,-0.0454,-0.023,0,0.0463,0.9982,0.0384,0,0.0212,-0.0394,0.999,0,0,4.0266,0.8585,1]},
{"frame":5,"values":[0.9984,-0.0501,-0.0255,0,0.0509,0.9981,0.0341,0,0.0237,-0.0353,0.9991,0,0,4.0266,0.8585,1]},
{"frame":6,"values":[0.998,-0.0562,-0.0298,0,0.057,0.998,0.0263,0,0.0283,-0.0279,0.9992,0,0,4.0266,0.8585,1]},
{"frame":7,"values":[0.9974,-0.0626,-0.0356,0,0.0632,0.9979,0.0153,0,0.0345,-0.0175,0.9993,0,0,4.0266,0.8585,1]},
{"frame":8,"values":[0.9968,-0.068,-0.0415,0,0.0683,0.9977,0.0039,0,0.0411,-0.0067,0.9991,0,0,4.0266,0.8585,1]},
{"frame":9,"values":[0.9965,-0.0703,-0.0454,0,0.0702,0.9975,-0.0039,0,0.0456,0.0007,0.999,0,0,4.0266,0.8585,1]},
{"frame":10,"values":[0.9969,-0.0653,-0.0441,0,0.0652,0.9979,-0.0043,0,0.0443,0.0014,0.999,0,0,4.0266,0.8585,1]},
