{"producer":{"name":"Blender","version":"2.90.0","exporter_version":"2.80.1","file":"fight_punchright.babylon"},
"autoClear":true,"clearColor":[0.0509,0.0509,0.0509],"gravity":[0,-9.81,0],
"materials":[{"name":"Material","id":"Material","customType":"BABYLON.PBRMaterial","backFaceCulling":true,"checkReadyOnlyOnce":false,"maxSimultaneousLights":4,"environmentIntensity":1,"albedo":[0.8,0.8,0.8],"reflectivity":[0.5,0.5,0.5],"roughness":0.4,"alpha":1,"transparencyMode":0,"alphaCutOff":0.4,"metallic":0}],
"multiMaterials":[],
"skeletons":[{"name":"Armature","id":0,"dimensionsAtRest":[188.1767,172.4535,15.5905],"bones":[
{"name":"boss:Hips","index":0,"matrix":[0.8636,-0.0217,-0.5038,0,-0.0508,0.9903,-0.1296,0,-0.5017,-0.1375,-0.8541,0,0.5559,85.0525,1.0935,1],"rest":[1,0,0,0,0,1,0,0,0,0,-1,0,0,96.3794,0,1],"parentBoneIndex":-1,"length":9.9032
,"animation":{"dataType":3,"framePerSecond":24,"keys":[
{"frame":1,"values":[0.8636,-0.0217,-0.5038,0,-0.0508,0.9903,-0.1296,0,-0.5017,-0.1375,-0.8541,0,0.5559,85.0525,1.0935,1]},
{"frame":2,"values":[0.8686,-0.0236,-0.4949,0,-0.0525,0.9889,-0.1391,0,-0.4927,-0.1468,-0.8577,0,0.6932,84.7035,1.49,1]},
{"frame":3,"values":[0.9061,-0.0226,-0.4225,0,-0.046,0.9874,-0.1514,0,-0.4206,-0.1566,-0.8936,0,0.6088,84.4107,1.6014,1]},
{"frame":4,"values":[0.9836,-0.0098,-0.1802,0,-0.0199,0.9866,-0.162,0,-0.1794,-0.1629,-0.9702,0,-0.123,84.3,0.8457,1]},
{"frame":5,"values":[0.9933,0.0115,0.1149,0,0.007,0.9873,-0.1589,0,0.1153,-0.1586,-0.9806,0,-0.8716,84.106,-0.17,1]},
{"frame":6,"values":[0.9333,0.0329,0.3576,0,0.0216,0.9888,-0.1474,0,0.3584,-0.1453,-0.9222,0,-1.1335,83.6196,-0.8749,1]},
{"frame":7,"values":[0.8745,0.0488,0.4826,0,0.0194,0.9906,-0.1354,0,0.4847,-0.1278,-0.8653,0,-1.119,82.9779,-1.0087,1]},
{"frame":8,"values":[0.8569,0.0576,0.5123,0,0.0086,0.992,-0.126,0,0.5154,-0.1124,-0.8495,0,-1.1911,82.5782,-0.9007,1]},
{"frame":9,"values":[0.8574,0.0594,0.5112,0,0.0024,0.9928,-0.1194,0,0.5146,-0.1036,-0.8511,0,-1.3873,82.4805,-1.0121,1]},
{"frame":10,"values":[0.8527,0.0539,0.5195,0,0.0082,0.9932,-0.1165,0,0.5223,-0.1036,-0.8465,0,-1.5865,82.5553,-1.4683,1]},
{"frame":11,"values":[0.8522,0.043,0.5215,0,0.0221,0.9928,-0.1181,0,0.5228,-0.1122,-0.8451,0,-1.6391,82.7706,-2.0209,1]},
{"frame":12,"values":[0.8723,0.0312,0.4879,0,0.0334,0.9918,-0.1231,0,0.4878,-0.1237,-0.8642,0,-1.4219,83.1304,-2.3746,1]},
{"frame":13,"values":[0.9125,0.0215,0.4086,0,0.0348,0.9909,-0.1299,0,0.4076,-0.1328,-0.9034,0,-0.9573,83.5933,-2.4506,1]},
{"frame":14,"values":[0.9546,0.0118,0.2976,0,0.0302,0.9903,-0.1358,0,0.2963,-0.1386,-0.945,0,-0.3964,84.2004,-2.4133,1]},
{"frame":15,"values":[0.9854,-0.0014,0.1702,0,0.0256,0.9898,-0.1399,0,0.1683,-0.1422,-0.9754,0,0.0513,84.9142,-2.3648,1]},
{"frame":16,"values":[0.9991,-0.0124,0.0402,0,0.018,0.9898,-0.141,0,0.0381,-0.1416,-0.9892,0,0.212,85.4496,-2.2174,1]},
{"frame":17,"values":[0.996,-0.0144,-0.0878,0,0.0023,0.9907,-0.1362,0,-0.0889,-0.1355,-0.9868,0,0.2261,85.6996,-1.894,1]},
{"frame":18,"values":[0.975,-0.013,-0.2217,0,-0.0158,0.9917,-0.1276,0,-0.2215,-0.1279,-0.9667,0,0.238,85.7324,-1.3034,1]},
{"frame":19,"values":[0.9297,-0.0142,-0.368,0,-0.0329,0.9921,-0.1213,0,-0.3668,-0.1249,-0.9219,0,0.2797,85.6054,-0.3772,1]},
{"frame":20,"values":[0.8849,-0.018,-0.4655,0,-0.0445,0.9914,-0.1229,0,-0.4637,-0.1295,-0.8765,0,0.3754,85.3798,0.492,1]},
{"frame":21,"values":[0.8636,-0.0217,-0.5038,0,-0.0508,0.9903,-0.1296,0,-0.5017,-0.1375,-0.8541,0,0.5559,85.0525,1.0935,1]}],"loopBehavior":1,"name":"anim","property":"_matrix"}},
{"name":"boss:Spine","index":1,"matrix":[0.9998,-0.0135,0.0128,0,0.0131,0.9994,0.0307,0,-0.0132,-0.0305,0.9994,0,0,9.2263,1.5771,1],"rest":[1,0,0,0,0,1,0,0,0,0,1,0,0,9.2263,1.5771,1],"parentBoneIndex":0,"length":16.2548
,"animation":{"dataType":3,"framePerSecond":24,"keys":[
{"frame":1,"values":[0.9998,-0.0135,0.0128,0,0.0131,0.9994,0.0307,0,-0.0132,-0.0305,0.9994,0,0,9.2263,1.5771,1]},
{"frame":2,"values":[0.9997,-0.0125,0.0209,0,0.0118,0.9994,0.0323,0,-0.0213,-0.032,0.9993,0,0,9.2263,1.5771,1]},
{"frame":3,"values":[0.9996,-0.0055,0.0283,0,0.0045,0.9994,0.0338,0,-0.0285,-0.0336,0.999,0,0,9.2263,1.5771,1]},
{"frame":4,"values":[0.9994,0.0178,0.0305,0,-0.0188,0.9993,0.0316,0,-0.0299,-0.0322,0.999,0,0,9.2263,1.5771,1]},
{"frame":5,"values":[0.9988,0.0426,0.0229,0,-0.0432,0.9987,0.0264,0,-0.0217,-0.0273,0.9994,0,0,9.2263,1.5771,1]},
{"frame":6,"values":[0.9982,0.0592,0.007,0,-0.0594,0.998,0.0221,0,-0.0057,-0.0225,0.9997,0,0,9.2263,1.5771,1]},
{"frame":7,"values":[0.9978,0.0651,-0.0124,0,-0.0648,0.9977,0.0214,0,0.0138,-0.0206,0.9997,0,0,9.2263,1.5771,1]},
{"frame":8,"values":[0.9975,0.0646,-0.0286,0,-0.0639,0.9977,0.024,0,0.0301,-0.0221,0.9993,0,0,9.2263,1.5771,1]},
{"frame":9,"values":[0.9974,0.0612,-0.0374,0,-0.0602,0.9978,0.0273,0,0.039,-0.025,0.9989,0,0,9.2263,1.5771,1]},
{"frame":10,"values":[0.9977,0.0564,-0.0384,0,-0.0553,0.998,0.0291,0,0.0399,-0.0269,0.9988,0,0,9.2263,1.5771,1]},
{"frame":11,"values":[0.9981,0.0513,-0.0334,0,-0.0503,0.9983,0.0287,0,0.0348,-0.027,0.999,0,0,9.2263,1.5771,1]},
{"frame":12,"values":[0.9985,0.047,-0.0265,0,-0.0462,0.9985,0.0277,0,0.0278,-0.0265,0.9993,0,0,9.2263,1.5771,1]},
{"frame":13,"values":[0.9989,0.0424,-0.021,0,-0.0418,0.9987,0.0278,0,0.0222,-0.0269,0.9994,0,0,9.2263,1.5771,1]},
{"frame":14,"values":[0.9991,0.0376,-0.0173,0,-0.0371,0.9989,0.0287,0,0.0183,-0.028,0.9994,0,0,9.2263,1.5771,1]},
{"frame":15,"values":[0.9993,0.034,-0.0136,0,-0.0336,0.999,0.0287,0,0.0146,-0.0282,0.9995,0,0,9.2263,1.5771,1]},
{"frame":16,"values":[0.9996,0.0279,-0.0089,0,-0.0277,0.9992,0.0278,0,0.0097,-0.0275,0.9996,0,0,9.2263,1.5771,1]},
{"frame":17,"values":[0.9998,0.0168,-0.0051,0,-0.0167,0.9995,0.0271,0,0.0055,-0.027,0.9996,0,0,9.2263,1.5771,1]},
{"frame":18,"values":[1,0.0054,-0.0028,0,-0.0053,0.9996,0.0272,0,0.003,-0.0272,0.9996,0,0,9.2263,1.5771,1]},
{"frame":19,"values":[1,-0.0048,-0.0005,0,0.0048,0.9996,0.0281,0,0.0003,-0.0281,0.9996,0,0,9.2263,1.5771,1]},
{"frame":20,"values":[0.9999,-0.0108,0.0053,0,0.0107,0.9995,0.0293,0,-0.0056,-0.0293,0.9996,0,0,9.2263,1.5771,1]},
{"frame":21,"values":[0.9998,-0.0135,0.0128,0,0.0131,0.9994,0.0307,0,-0.0132,-0.0305,0.9994,0,0,9.2263,1.5771,1]}],"loopBehavior":1,"name":"anim","property":"_matrix"}},
{"name":"boss:Spine1","index":2,"matrix":[0.9999,0.0056,0.0121,0,-0.0063,0.9983,0.0572,0,-0.0118,-0.0573,0.9983,0,0,16.254,-0.1656,1],"rest":[1,0,0,0,0,1,0,0,0,0,1,0,0,16.254,-0.1656,1],"parentBoneIndex":1,"length":13.7007
,"animation":{"dataType":3,"framePerSecond":24,"keys":[
{"frame":1,"values":[0.9999,0.0056,0.0121,0,-0.0063,0.9983,0.0572,0,-0.0118,-0.0573,0.9983,0,0,16.254,-0.1656,1]},
{"frame":2,"values":[0.9996,0.007,0.0277,0,-0.0087,0.9982,0.0599,0,-0.0272,-0.0601,0.9978,0,0,16.254,-0.1656,1]},
{"frame":3,"values":[0.9991,0.0113,0.0407,0,-0.0138,0.998,0.0619,0,-0.0399,-0.0624,0.9973,0,0,16.254,-0.1656,1]},
{"frame":4,"values":[0.9989,0.0226,0.0403,0,-0.025,0.9979,0.0593,0,-0.0389,-0.0602,0.9974,0,0,16.254,-0.1656,1]},
{"frame":5,"values":[0.999,0.0379,0.0219,0,-0.039,0.9979,0.0525,0,-0.0199,-0.0533,0.9984,0,0,16.254,-0.1656,1]},
{"frame":6,"values":[0.9985,0.0536,-0.0116,0,-0.0529,0.9975,0.0474,0,0.0141,-0.0468,0.9988,0,0,16.254,-0.1656,1]},
{"frame":7,"values":[0.9966,0.0644,-0.0516,0,-0.062,0.9969,0.0483,0,0.0545,-0.0449,0.9975,0,0,16.254,-0.1656,1]},
{"frame":8,"values":[0.994,0.0678,-0.0857,0,-0.0633,0.9966,0.0537,0,0.0891,-0.0479,0.9949,0,0,16.254,-0.1656,1]},
{"frame":9,"values":[0.9924,0.0639,-0.1048,0,-0.0579,0.9965,0.0596,0,0.1082,-0.0531,0.9927,0,0,16.254,-0.1656,1]},
{"frame":10,"values":[0.9927,0.0553,-0.1075,0,-0.0488,0.9969,0.0625,0,0.1107,-0.0568,0.9922,0,0,16.254,-0.1656,1]},
{"frame":11,"values":[0.9942,0.0451,-0.0977,0,-0.0392,0.9973,0.0615,0,0.1002,-0.0573,0.9933,0,0,16.254,-0.1656,1]},
{"frame":12,"values":[0.9958,0.0367,-0.0833,0,-0.0318,0.9977,0.0591,0,0.0853,-0.0562,0.9948,0,0,16.254,-0.1656,1]},
{"frame":13,"values":[0.997,0.0309,-0.0705,0,-0.0268,0.9979,0.0585,0,0.0722,-0.0564,0.9958,0,0,16.254,-0.1656,1]},
{"frame":14,"values":[0.9978,0.0263,-0.0601,0,-0.0228,0.998,0.0589,0,0.0615,-0.0574,0.9965,0,0,16.254,-0.1656,1]},
{"frame":15,"values":[0.9986,0.0218,-0.049,0,-0.0189,0.9982,0.0577,0,0.0502,-0.0567,0.9971,0,0,16.254,-0.1656,1]},
{"frame":16,"values":[0.9992,0.0165,-0.0365,0,-0.0145,0.9984,0.0545,0,0.0374,-0.0539,0.9978,0,0,16.254,-0.1656,1]},
{"frame":17,"values":[0.9996,0.0111,-0.0265,0,-0.0097,0.9986,0.0518,0,0.0271,-0.0516,0.9983,0,0,16.254,-0.1656,1]},
{"frame":18,"values":[0.9998,0.007,-0.0201,0,-0.0059,0.9987,0.0512,0,0.0204,-0.0511,0.9985,0,0,16.254,-0.1656,1]},
{"frame":19,"values":[0.9999,0.0052,-0.0134,0,-0.0045,0.9986,0.0522,0,0.0137,-0.0522,0.9985,0,0,16.254,-0.1656,1]},
{"frame":20,"values":[1,0.005,-0.0025,0,-0.0048,0.9985,0.0543,0,0.0027,-0.0543,0.9985,0,0,16.254,-0.1656,1]},
{"frame":21,"values":[0.9999,0.0056,0.0121,0,-0.0063,0.9983,0.0572,0,-0.0118,-0.0573,0.9983,0,0,16.254,-0.1656,1]}],"loopBehavior":1,"name":"anim","property":"_matrix"}},
{"name":"boss:Spine2","index":3,"matrix":[0.9999,0.0057,0.0124,0,-0.0064,0.9983,0.0572,0,-0.0121,-0.0573,0.9983,0,0,13.6396,-1.2923,1],"rest":[1,0,0,0,0,1,0,0,0,0,1,0,0,13.6396,-1.2923,1],"parentBoneIndex":2,"length":13.1719
,"animation":{"dataType":3,"framePerSecond":24,"keys":[
{"frame":1,"values":[0.9999,0.0057,0.0124,0,-0.0064,0.9983,0.0572,0,-0.0121,-0.0573,0.9983,0,0,13.6396,-1.2923,1]},
{"frame":2,"values":[0.9996,0.0069,0.0281,0,-0.0086,0.9982,0.0598,0,-0.0276,-0.0601,0.9978,0,0,13.6396,-1.2923,1]},
{"frame":3,"values":[0.9991,0.011,0.0411,0,-0.0135,0.998,0.0617,0,-0.0403,-0.0622,0.9972,0,0,13.6396,-1.2923,1]},
{"frame":4,"values":[0.9989,0.0224,0.0403,0,-0.0247,0.9979,0.0592,0,-0.0389,-0.0602,0.9974,0,0,13.6396,-1.2923,1]},
{"frame":5,"values":[0.9991,0.0378,0.0216,0,-0.0389,0.9979,0.0526,0,-0.0195,-0.0534,0.9984,0,0,13.6396,-1.2923,1]},
{"frame":6,"values":[0.9985,0.0535,-0.0121,0,-0.0529,0.9975,0.0475,0,0.0146,-0.0468,0.9988,0,0,13.6396,-1.2923,1]},
{"frame":7,"values":[0.9966,0.0644,-0.0521,0,-0.0619,0.9969,0.048,0,0.055,-0.0446,0.9975,0,0,13.6396,-1.2923,1]},
{"frame":8,"values":[0.994,0.0675,-0.0864,0,-0.0631,0.9966,0.0529,0,0.0896,-0.0471,0.9949,0,0,13.6396,-1.2923,1]},
{"frame":9,"values":[0.9924,0.0636,-0.1055,0,-0.0576,0.9966,0.0587,0,0.1089,-0.0521,0.9927,0,0,13.6396,-1.2923,1]},
{"frame":10,"values":[0.9926,0.055,-0.1083,0,-0.0485,0.9969,0.0618,0,0.1114,-0.0561,0.9922,0,0,13.6396,-1.2923,1]},
{"frame":11,"values":[0.9941,0.0449,-0.0984,0,-0.039,0.9974,0.0608,0,0.1009,-0.0566,0.9933,0,0,13.6396,-1.2923,1]},
{"frame":12,"values":[0.9958,0.0365,-0.084,0,-0.0316,0.9978,0.0584,0,0.0859,-0.0555,0.9948,0,0,13.6396,-1.2923,1]},
{"frame":13,"values":[0.997,0.0308,-0.0711,0,-0.0267,0.998,0.0578,0,0.0727,-0.0558,0.9958,0,0,13.6396,-1.2923,1]},
{"frame":14,"values":[0.9978,0.0263,-0.0606,0,-0.0227,0.998,0.0584,0,0.062,-0.0569,0.9964,0,0,13.6396,-1.2923,1]},
{"frame":15,"values":[0.9985,0.0218,-0.0494,0,-0.0189,0.9982,0.0573,0,0.0506,-0.0563,0.9971,0,0,13.6396,-1.2923,1]},
{"frame":16,"values":[0.9992,0.0166,-0.0368,0,-0.0146,0.9984,0.0543,0,0.0377,-0.0537,0.9978,0,0,13.6396,-1.2923,1]},
{"frame":17,"values":[0.9996,0.0111,-0.0267,0,-0.0097,0.9986,0.0518,0,0.0272,-0.0515,0.9983,0,0,13.6396,-1.2923,1]},
{"frame":18,"values":[0.9998,0.007,-0.0201,0,-0.006,0.9987,0.0512,0,0.0204,-0.0511,0.9985,0,0,13.6396,-1.2923,1]},
{"frame":19,"values":[0.9999,0.0053,-0.0133,0,-0.0046,0.9986,0.0522,0,0.0136,-0.0522,0.9985,0,0,13.6396,-1.2923,1]},
{"frame":20,"values":[1,0.0052,-0.0022,0,-0.005,0.9985,0.0543,0,0.0025,-0.0543,0.9985,0,0,13.6396,-1.2923,1]},
{"frame":21,"values":[0.9999,0.0057,0.0124,0,-0.0064,0.9983,0.0572,0,-0.0121,-0.0573,0.9983,0,0,13.6396,-1.2923,1]}],"loopBehavior":1,"name":"anim","property":"_matrix"}},
{"name":"boss:Neck","index":4,"matrix":[0.998,-0.0507,-0.0385,0,0.0511,0.9986,0.0097,0,0.0379,-0.0117,0.9992,0,0,13.8774,-4.3542,1],"rest":[1,0,0,0,0,1,0,0,0,0,1,0,0,13.8774,-4.3542,1],"parentBoneIndex":3,"length":4.4379
,"animation":{"dataType":3,"framePerSecond":24,"keys":[
{"frame":1,"values":[0.998,-0.0507,-0.0385,0,0.0511,0.9986,0.0097,0,0.0379,-0.0117,0.9992,0,0,13.8774,-4.3542,1]},
{"frame":2,"values":[0.9981,-0.0484,-0.0377,0,0.0488,0.9988,0.0099,0,0.0372,-0.0117,0.9992,0,0,13.8774,-4.3542,1]},
{"frame":3,"values":[0.9983,-0.0461,-0.0366,0,0.0466,0.9988,0.012,0,0.036,-0.0137,0.9993,0,0,13.8774,-4.3542,1]},
{"frame":4,"values":[0.9985,-0.0471,-0.0277,0,0.0476,0.9987,0.0178,0,0.0268,-0.0191,0.9995,0,0,13.8774,-4.3542,1]},
{"frame":5,"values":[0.9983,-0.055,-0.0169,0,0.0554,0.9982,0.0223,0,0.0157,-0.0232,0.9996,0,0,13.8774,-4.3542,1]},
{"frame":6,"values":[0.9976,-0.069,-0.0081,0,0.0692,0.9973,0.0236,0,0.0065,-0.0241,0.9997,0,0,13.8774,-4.3542,1]},
{"frame":7,"values":[0.9966,-0.0824,-0.0036,0,0.0825,0.9963,0.0226,0,0.0018,-0.0228,0.9997,0,0,13.8774,-4.3542,1]},
{"frame":8,"values":[0.9961,-0.0887,-0.0024,0,0.0888,0.9958,0.0217,0,0.0005,-0.0218,0.9998,0,0,13.8774,-4.3542,1]},
{"frame":9,"values":[0.9962,-0.0873,-0.0018,0,0.0873,0.9959,0.0222,0,-0.0001,-0.0223,0.9998,0,0,13.8774,-4.3542,1]},
{"frame":10,"values":[0.9966,-0.0827,-0.0012,0,0.0827,0.9963,0.0233,0,-0.0008,-0.0234,0.9997,0,0,13.8774,-4.3542,1]},
{"frame":11,"values":[0.9969,-0.079,-0.0017,0,0.079,0.9966,0.024,0,-0.0002,-0.0241,0.9997,0,0,13.8774,-4.3542,1]},
{"frame":12,"values":[0.997,-0.077,-0.0042,0,0.0771,0.9967,0.0236,0,0.0023,-0.0238,0.9997,0,0,13.8774,-4.3542,1]},
{"frame":13,"values":[0.9971,-0.0753,-0.0079,0,0.0754,0.9969,0.0215,0,0.0062,-0.0221,0.9997,0,0,13.8774,-4.3542,1]},
{"frame":14,"values":[0.9974,-0.0718,-0.0119,0,0.072,0.9972,0.0195,0,0.0105,-0.0203,0.9997,0,0,13.8774,-4.3542,1]},
{"frame":15,"values":[0.9977,-0.066,-0.0163,0,0.0663,0.9976,0.0198,0,0.015,-0.0208,0.9997,0,0,13.8774,-4.3542,1]},
{"frame":16,"values":[0.998,-0.0598,-0.0209,0,0.0602,0.998,0.0216,0,0.0196,-0.0228,0.9995,0,0,13.8774,-4.3542,1]},
{"frame":17,"values":[0.9981,-0.0557,-0.0256,0,0.0563,0.9982,0.0221,0,0.0244,-0.0235,0.9994,0,0,13.8774,-4.3542,1]},
{"frame":18,"values":[0.9981,-0.0544,-0.0305,0,0.055,0.9983,0.0196,0,0.0294,-0.0213,0.9993,0,0,13.8774,-4.3542,1]},
{"frame":19,"values":[0.9979,-0.0539,-0.0357,0,0.0545,0.9984,0.0149,0,0.0348,-0.0168,0.9993,0,0,13.8774,-4.3542,1]},
{"frame":20,"values":[0.9979,-0.0528,-0.0377,0,0.0533,0.9985,0.0112,0,0.037,-0.0132,0.9992,0,0,13.8774,-4.3542,1]},
{"frame":21,"values":[0.998,-0.0507,-0.0385,0,0.0511,0.9986,0.0097,0,0.0379,-0.0117,0.9992,0,0,13.8774,-4.3542,1]}],"loopBehavior":1,"name":"anim","property":"_matrix"}},
{"name":"boss:Neck1","index":5,"matrix":[0.998,-0.0507,-0.0385,0,0.0511,0.9986,0.0097,0,0.0379,-0.0117,0.9992,0,0,4.34,0.9269,1],"rest":[1,0,0,0,0,1,0,0,0,0,1,0,0,4.34,0.9269,1],"parentBoneIndex":4,"length":4.1171
,"animation":{"dataType":3,"framePerSecond":24,"keys":[
{"frame":1,"values":[0.998,-0.0507,-0.0385,0,0.0511,0.9986,0.0097,0,0.0379,-0.0117,0.9992,0,0,4.34,0.9269,1]},
{"frame":2,"values":[0.9981,-0.0484,-0.0377,0,0.0488,0.9988,0.0099,0,0.0372,-0.0117,0.9992,0,0,4.34,0.9269,1]},
{"frame":3,"values":[0.9983,-0.0461,-0.0366,0,0.0466,0.9988,0.012,0,0.036,-0.0137,0.9993,0,0,4.34,0.9269,1]},
{"frame":4,"values":[0.9985,-0.0471,-0.0277,0,0.0476,0.9987,0.0178,0,0.0268,-0.0191,0.9995,0,0,4.34,0.9269,1]},
{"frame":5,"values":[0.9983,-0.055,-0.0169,0,0.0554,0.9982,0.0223,0,0.0157,-0.0232,0.9996,0,0,4.34,0.9269,1]},
{"frame":6,"values":[0.9976,-0.069,-0.0081,0,0.0692,0.9973,0.0236,0,0.0065,-0.0241,0.9997,0,0,4.34,0.9269,1]},
{"frame":7,"values":[0.9966,-0.0824,-0.0036,0,0.0825,0.9963,0.0226,0,0.0018,-0.0228,0.9997,0,0,4.34,0.9269,1]},
{"frame":8,"values":[0.9961,-0.0887,-0.0024,0,0.0888,0.9958,0.0217,0,0.0005,-0.0218,0.9998,0,0,4.34,0.9269,1]},
{"frame":9,"values":[0.9962,-0.0873,-0.0018,0,0.0873,0.9959,0.0222,0,-0.0001,-0.0223,0.9998,0,0,4.34,0.9269,1]},
{"frame":10,"values":[0.9966,-0.0827,-0.0012,0,0.0827,0.9963,0.0233,0,-0.0008,-0.0234,0.9997,0,0,4.34,0.9269,1]},
{"frame":11,"values":[0.9969,-0.079,-0.0017,0,0.079,0.9966,0.024,0,-0.0002,-0.0241,0.9997,0,0,4.34,0.9269,1]},
{"frame":12,"values":[0.997,-0.077,-0.0042,0,0.0771,0.9967,0.0236,0,0.0023,-0.0238,0.9997,0,0,4.34,0.9269,1]},
{"frame":13,"values":[0.9971,-0.0753,-0.0079,0,0.0754,0.9969,0.0215,0,0.0062,-0.0221,0.9997,0,0,4.34,0.9269,1]},
{"frame":14,"values":[0.9974,-0.0718,-0.0119,0,0.072,0.9972,0.0195,0,0.0105,-0.0203,0.9997,0,0,4.34,0.9269,1]},
{"frame":15,"values":[0.9977,-0.066,-0.0163,0,0.0663,0.9976,0.0198,0,0.015,-0.0208,0.9997,0,0,4.34,0.9269,1]},
{"frame":16,"values":[0.998,-0.0598,-0.0209,0,0.0602,0.998,0.0216,0,0.0196,-0.0228,0.9995,0,0,4.34,0.9269,1]},
{"frame":17,"values":[0.9981,-0.0557,-0.0256,0,0.0563,0.9982,0.0221,0,0.0244,-0.0235,0.9994,0,0,4.34,0.9269,1]},
{"frame":18,"values":[0.9981,-0.0544,-0.0305,0,0.055,0.9983,0.0196,0,0.0294,-0.0213,0.9993,0,0,4.34,0.9269,1]},
{"frame":19,"values":[0.9979,-0.0539,-0.0357,0,0.0545,0.9984,0.0149,0,0.0348,-0.0168,0.9993,0,0,4.34,0.9269,1]},
{"frame":20,"values":[0.9979,-0.0528,-0.0377,0,0.0533,0.9985,0.0112,0,0.037,-0.0132,0.9992,0,0,4.34,0.9269,1]},
{"frame":21,"values":[0.998,-0.0507,-0.0385,0,0.0511,0.9986,0.0097,0,0.0379,-0.0117,0.9992,0,0,4.34,0.9269,1]}],"loopBehavior":1,"name":"anim","property":"_matrix"}},
{"name":"boss:Head","index":6,"matrix":[0.998,-0.0507,-0.0385,0,0.0511,0.9986,0.0097,0,0.0379,-0.0117,0.9992,0,0,4.0266,0.8585,1],"rest":[1,0,0,0,0,1,0,0,0,0,1,0,0,4.0266,0.8585,1],"parentBoneIndex":5,"length":4.1171
,"animation":{"dataType":3,"framePerSecond":24,"keys":[
{"frame":1,"values":[0.998,-0.0507,-0.0385,0,0.0511,0.9986,0.0097,0,0.0379,-0.0117,0.9992,0,0,4.0266,0.8585,1]},
{"frame":2,"values":[0.9981,-0.0484,-0.0377,0,0.0488,0.9988,0.0099,0,0.0372,-0.0117,0.9992,0,0,4.0266,0.8585,1]},
{"frame":3,"values":[0.9983,-0.0461,-0.0366,0,0.0466,0.9988,0.012,0,0.036,-0.0137,0.9993,0,0,4.0266,0.8585,1]},
{"frame":4,"values":[0.9985,-0.0471,-0.0277,0,0.0476,0.9987,0.0178,0,0.0268,-0.0191,0.9995,0,0,4.0266,0.8585,1]},
{"frame":5,"values":[0.9983,-0.055,-0.0169,0,0.0554,0.9982,0.0223,0,0.0157,-0.0232,0.9996,0,0,4.0266,0.8585,1]},
{"frame":6,"values":[0.9976,-0.069,-0.0081,0,0.0692,0.9973,0.0236,0,0.0065,-0.0241,0.9997,0,0,4.0266,0.8585,1]},
{"frame":7,"values":[0.9966,-0.0824,-0.0036,0,0.0825,0.9963,0.0226,0,0.0018,-0.0228,0.9997,0,0,4.0266,0.8585,1]},
{"frame":8,"values":[0.9961,-0.0887,-0.0024,0,0.0888,0.9958,0.0217,0,0.0005,-0.0218,0.9998,0,0,4.0266,0.8585,1]},
{"frame":9,"values":[0.9962,-0.0873,-0.0018,0,0.0873,0.9959,0.0222,0,-0.0001,-0.0223,0.9998,0,0,4.0266,0.8585,1]},
{"frame":10,"values":[0.9966,-0.0827,-0.0012,0,0.0827,0.9963,0.0233,0,-0.0008,-0.0234,0.9997,0,0,4.0266,0.8585,1]},
{"frame":11,"values":[0.9969,-0.079,-0.0017,0,0.079,0.9966,0.024,0,-0.0002,-0.0241,0.9997,0,0,4.0266,0.8585,1]},
{"frame":12,"values":[0.997,-0.077,-0.0042,0,0.0771,0.9967,0.0236,0,0.0023,-0.0238,0.9997,0,0,4.0266,0.8585,1]},
{"frame":13,"values":[0.9971,-0.0753,-0.0079,0,0.0754,0.9969,0.0215,0,0.0062,-0.0221,0.9997,0,0,4.0266,0.8585,1]},
{"frame":14,"values":[0.9974,-0.0718,-0.0119,0,0.072,0.9972,0.0195,0,0.0105,-0.0203,0.9997,0,0,4.0266,0.8585,1]},
{"frame":15,"values":[0.9977,-0.066,-0.0163,0,0.0663,0.9976,0.0198,0,0.015,-0.0208,0.9997,0,0,4.0266,0.8585,1]},
{"frame":16,"values":[0.998,-0.0598,-0.0209,0,0.0602,0.998,0.0216,0,0.0196,-0.0228,0.9995,0,0,4.0266,0.8585,1]},
{"frame":17,"values":[0.9981,-0.0557,-0.0256,0,0.0563,0.9982,0.0221,0,0.0244,-0.0235,0.9994,0,0,4.0266,0.8585,1]},
{"frame":18,"values":[0.9981,-0.0544,-0.0305,0,0.055,0.9983,0.0196,0,0.0294,-0.0213,0.9993,0,0,4.0266,0.8585,1]},
{"frame":19,"values":[0.9979,-0.0539,-0.0357,0,0.0545,0.9984,0.0149,0,0.0348,-0.0168,0.9993,0,0,4.0266,0.8585,1]},
{"frame":20,"values":[0.9979,-0.0528,-0.0377,0,0.0533,0.9985,0.0112,0,0.037,-0.0132,0.9992,0,0,4.0266,0.8585,1]},
{"frame":21,"values":[0.998,-0.0507,-0.0385,0,0.0511,0.9986,0.0097,0,0.0379,-0.0117,0.9992,0,0,4.0266,0.8585,1]}],"loopBehavior":1,"name":"anim","property":"_matrix"}},
{"name":"boss:LeftShoulder","index":7,"matrix":[0.959,-0.1885,0.2117,0,0.1813,0.982,0.0529,0,-0.2178,-0.0124,0.9759,0,6.1442,10.187,-3.7932,1],"rest":[1,0,0,0,0,1,0,0,0,0,1,0,6.1442,10.187,-3.7932,1],"parentBoneIndex":3,"length":12.4986
,"animation":{"dataType":3,"framePerSecond":24,"keys":[
{"frame":1,"values":[0.959,-0.1885,0.2117,0,0.1813,0.982,0.0529,0,-0.2178,-0.0124,0.9759,0,6.1442,10.187,-3.7932,1]},
{"frame":2,"values":[0.9567,-0.1887,0.2217,0,0.1814,0.982,0.0532,0,-0.2278,-0.0107,0.9737,0,6.1442,10.187,-3.7932,1]},
{"frame":3,"values":[0.95,-0.1894,0.2483,0,0.1814,0.9819,0.0551,0,-0.2542,-0.0073,0.9671,0,6.1442,10.187,-3.7932,1]},
{"frame":4,"values":[0.9315,-0.1924,0.3086,0,0.1812,0.9813,0.0648,0,-0.3153,-0.0044,0.949,0,6.1442,10.187,-3.7932,1]},
{"frame":5,"values":[0.9128,-0.1956,0.3586,0,0.1813,0.9807,0.0735,0,-0.3661,-0.0021,0.9306,0,6.1442,10.187,-3.7932,1]},
{"frame":6,"values":[0.9055,-0.1973,0.3756,0,0.1813,0.9803,0.0778,0,-0.3835,-0.0024,0.9235,0,6.1442,10.187,-3.7932,1]},
{"frame":7,"values":[0.9136,-0.1968,0.3559,0,0.1812,0.9804,0.0769,0,-0.3641,-0.0057,0.9314,0,6.1442,10.187,-3.7932,1]},
{"frame":8,"values":[0.9272,-0.1945,0.32,0,0.1811,0.9809,0.0714,0,-0.3278,-0.0082,0.9447,0,6.1442,10.187,-3.7932,1]},
{"frame":9,"values":[0.9355,-0.1926,0.2963,0,0.1812,0.9812,0.066,0,-0.3035,-0.0081,0.9528,0,6.1442,10.187,-3.7932,1]},
{"frame":10,"values":[0.9366,-0.1926,0.2927,0,0.1815,0.9812,0.065,0,-0.2997,-0.0077,0.954,0,6.1442,10.187,-3.7932,1]},
{"frame":11,"values":[0.9349,-0.1938,0.2973,0,0.1817,0.981,0.0681,0,-0.3048,-0.0096,0.9524,0,6.1442,10.187,-3.7932,1]},
{"frame":12,"values":[0.9345,-0.195,0.2978,0,0.1817,0.9807,0.0719,0,-0.3061,-0.0131,0.9519,0,6.1442,10.187,-3.7932,1]},
{"frame":13,"values":[0.935,-0.1956,0.2957,0,0.1815,0.9806,0.0745,0,-0.3046,-0.0159,0.9524,0,6.1442,10.187,-3.7932,1]},
{"frame":14,"values":[0.9355,-0.1957,0.2943,0,0.1815,0.9805,0.0753,0,-0.3033,-0.017,0.9528,0,6.1442,10.187,-3.7932,1]},
{"frame":15,"values":[0.9375,-0.1953,0.288,0,0.1815,0.9806,0.0739,0,-0.2969,-0.017,0.9548,0,6.1442,10.187,-3.7932,1]},
{"frame":16,"values":[0.9421,-0.1942,0.2733,0,0.1816,0.9808,0.0708,0,-0.2818,-0.0171,0.9593,0,6.1442,10.187,-3.7932,1]},
{"frame":17,"values":[0.947,-0.193,0.2567,0,0.1816,0.981,0.0676,0,-0.2649,-0.0174,0.9641,0,6.1442,10.187,-3.7932,1]},
{"frame":18,"values":[0.9509,-0.1919,0.2429,0,0.1816,0.9813,0.0644,0,-0.2507,-0.0171,0.9679,0,6.1442,10.187,-3.7932,1]},
{"frame":19,"values":[0.9552,-0.1902,0.227,0,0.1814,0.9816,0.0591,0,-0.234,-0.0152,0.9721,0,6.1442,10.187,-3.7932,1]},
{"frame":20,"values":[0.9584,-0.1888,0.214,0,0.1813,0.9819,0.0546,0,-0.2204,-0.0136,0.9753,0,6.1442,10.187,-3.7932,1]},
{"frame":21,"values":[0.959,-0.1885,0.2117,0,0.1813,0.982,0.0529,0,-0.2178,-0.0124,0.9759,0,6.1442,10.187,-3.7932,1]}],"loopBehavior":1,"name":"anim","property":"_matrix"}},
{"name":"boss:LeftArm","index":8,"matrix":[0.9596,-0.2082,0.1893,0,0.2757,0.5619,-0.7799,0,0.0561,0.8006,0.5966,0,12.3191,-1.113,-1.7935,1],"rest":[1,0,0,0,0,1,0,0,0,0,1,0,12.3191,-1.113,-1.7935,1],"parentBoneIndex":7,"length":27.687
,"animation":{"dataType":3,"framePerSecond":24,"keys":[
{"frame":1,"values":[0.9596,-0.2082,0.1893,0,0.2757,0.5619,-0.7799,0,0.0561,0.8006,0.5966,0,12.3191,-1.113,-1.7935,1]},
{"frame":2,"values":[0.9594,-0.2021,0.1966,0,0.2781,0.5643,-0.7773,0,0.0461,0.8004,0.5977,0,12.3191,-1.113,-1.7935,1]},
{"frame":3,"values":[0.9561,-0.1995,0.2146,0,0.2916,0.5745,-0.7648,0,0.0293,0.7938,0.6074,0,12.3191,-1.113,-1.7935,1]},
{"frame":4,"values":[0.9442,-0.2035,0.259,0,0.3294,0.5903,-0.7369,0,-0.0029,0.7811,0.6244,0,12.3191,-1.113,-1.7935,1]},
{"frame":5,"values":[0.9342,-0.1961,0.2979,0,0.3548,0.5955,-0.7208,0,-0.0361,0.7791,0.6259,0,12.3191,-1.113,-1.7935,1]},
{"frame":6,"values":[0.9331,-0.1804,0.3111,0,0.355,0.6004,-0.7166,0,-0.0575,0.7791,0.6243,0,12.3191,-1.113,-1.7935,1]},
{"frame":7,"values":[0.9369,-0.1791,0.3003,0,0.3445,0.6198,-0.7051,0,-0.0599,0.764,0.6424,0,12.3191,-1.113,-1.7935,1]},
{"frame":8,"values":[0.9376,-0.2017,0.2832,0,0.344,0.6577,-0.6701,0,-0.0511,0.7257,0.6861,0,12.3191,-1.113,-1.7935,1]},
{"frame":9,"values":[0.9334,-0.2281,0.2769,0,0.3551,0.6982,-0.6217,0,-0.0515,0.6786,0.7327,0,12.3191,-1.113,-1.7935,1]},
{"frame":10,"values":[0.9315,-0.2335,0.2789,0,0.3584,0.7193,-0.5951,0,-0.0616,0.6543,0.7537,0,12.3191,-1.113,-1.7935,1]},
{"frame":11,"values":[0.9384,-0.2159,0.2697,0,0.3406,0.7093,-0.6172,0,-0.0581,0.671,0.7392,0,12.3191,-1.113,-1.7935,1]},
{"frame":12,"values":[0.9499,-0.1969,0.2429,0,0.3108,0.6795,-0.6646,0,-0.0341,0.7068,0.7066,0,12.3191,-1.113,-1.7935,1]},
{"frame":13,"values":[0.9568,-0.1936,0.2171,0,0.2908,0.653,-0.6993,0,-0.0063,0.7322,0.6811,0,12.3191,-1.113,-1.7935,1]},
{"frame":14,"values":[0.9579,-0.2035,0.2024,0,0.2866,0.6433,-0.7099,0,0.0143,0.7381,0.6746,0,12.3191,-1.113,-1.7935,1]},
{"frame":15,"values":[0.9574,-0.2162,0.1915,0,0.2874,0.6469,-0.7064,0,0.0289,0.7313,0.6815,0,12.3191,-1.113,-1.7935,1]},
{"frame":16,"values":[0.9577,-0.223,0.182,0,0.2853,0.6521,-0.7024,0,0.038,0.7246,0.6882,0,12.3191,-1.113,-1.7935,1]},
{"frame":17,"values":[0.9586,-0.2218,0.1787,0,0.2818,0.6476,-0.708,0,0.0413,0.729,0.6832,0,12.3191,-1.113,-1.7935,1]},
{"frame":18,"values":[0.9593,-0.2167,0.1808,0,0.2787,0.6267,-0.7277,0,0.0444,0.7486,0.6616,0,12.3191,-1.113,-1.7935,1]},
{"frame":19,"values":[0.9597,-0.2127,0.1834,0,0.2759,0.5918,-0.7574,0,0.0525,0.7775,0.6267,0,12.3191,-1.113,-1.7935,1]},
{"frame":20,"values":[0.9596,-0.2112,0.1861,0,0.2753,0.5671,-0.7762,0,0.0584,0.7961,0.6024,0,12.3191,-1.113,-1.7935,1]},
{"frame":21,"values":[0.9596,-0.2082,0.1893,0,0.2757,0.5619,-0.7799,0,0.0561,0.8006,0.5966,0,12.3191,-1.113,-1.7935,1]}],"loopBehavior":1,"name":"anim","property":"_matrix"}},
{"name":"boss:LeftForeArm","index":9,"matrix":[-0.5719,0.2237,0.7892,0,0.2237,0.9682,-0.1123,0,-0.7892,0.1123,-0.6038,0,27.687,0,0,1],"rest":[1,0,0,0,0,1,0,0,0,0,1,0,27.687,0,0,1],"parentBoneIndex":8,"length":27.8738
,"animation":{"dataType":3,"framePerSecond":24,"keys":[
{"frame":1,"values":[-0.5719,0.2237,0.7892,0,0.2237,0.9682,-0.1123,0,-0.7892,0.1123,-0.6038,0,27.687,0,0,1]},
{"frame":2,"values":[-0.5538,0.2211,0.8028,0,0.2211,0.9685,-0.1142,0,-0.8028,0.1142,-0.5853,0,27.687,0,0,1]},
{"frame":3,"values":[-0.5476,0.2203,0.8072,0,0.2203,0.9687,-0.1149,0,-0.8072,0.1149,-0.5789,0,27.687,0,0,1]},
{"frame":4,"values":[-0.5765,0.2244,0.7857,0,0.2244,0.9681,-0.1118,0,-0.7857,0.1118,-0.6085,0,27.687,0,0,1]},
{"frame":5,"values":[-0.6058,0.2285,0.7621,0,0.2285,0.9675,-0.1085,0,-0.7621,0.1085,-0.6384,0,27.687,0,0,1]},
{"frame":6,"values":[-0.6211,0.2307,0.749,0,0.2307,0.9672,-0.1066,0,-0.749,0.1066,-0.654,0,27.687,0,0,1]},
{"frame":7,"values":[-0.6341,0.2326,0.7374,0,0.2326,0.9669,-0.105,0,-0.7374,0.105,-0.6672,0,27.687,0,0,1]},
{"frame":8,"values":[-0.659,0.2361,0.7142,0,0.2361,0.9664,-0.1016,0,-0.7142,0.1016,-0.6926,0,27.687,0,0,1]},
{"frame":9,"values":[-0.6857,0.2399,0.6872,0,0.2399,0.9659,-0.0978,0,-0.6872,0.0978,-0.7198,0,27.687,0,0,1]},
{"frame":10,"values":[-0.6951,0.2412,0.6772,0,0.2412,0.9657,-0.0964,0,-0.6772,0.0964,-0.7294,0,27.687,0,0,1]},
{"frame":11,"values":[-0.6813,0.2393,0.6918,0,0.2393,0.9659,-0.0985,0,-0.6918,0.0985,-0.7153,0,27.687,0,0,1]},
{"frame":12,"values":[-0.6568,0.2358,0.7162,0,0.2358,0.9664,-0.1019,0,-0.7162,0.1019,-0.6904,0,27.687,0,0,1]},
{"frame":13,"values":[-0.6384,0.2332,0.7336,0,0.2332,0.9668,-0.1044,0,-0.7336,0.1044,-0.6716,0,27.687,0,0,1]},
{"frame":14,"values":[-0.6345,0.2326,0.7371,0,0.2326,0.9669,-0.1049,0,-0.7371,0.1049,-0.6676,0,27.687,0,0,1]},
{"frame":15,"values":[-0.641,0.2336,0.7311,0,0.2336,0.9668,-0.1041,0,-0.7311,0.1041,-0.6743,0,27.687,0,0,1]},
{"frame":16,"values":[-0.6493,0.2347,0.7234,0,0.2347,0.9666,-0.103,0,-0.7234,0.103,-0.6827,0,27.687,0,0,1]},
{"frame":17,"values":[-0.6551,0.2355,0.7179,0,0.2355,0.9665,-0.1022,0,-0.7179,0.1022,-0.6886,0,27.687,0,0,1]},
{"frame":18,"values":[-0.6505,0.2349,0.7223,0,0.2349,0.9666,-0.1028,0,-0.7223,0.1028,-0.6839,0,27.687,0,0,1]},
{"frame":19,"values":[-0.6274,0.2316,0.7434,0,0.2316,0.967,-0.1058,0,-0.7434,0.1058,-0.6604,0,27.687,0,0,1]},
{"frame":20,"values":[-0.598,0.2274,0.7686,0,0.2274,0.9676,-0.1094,0,-0.7686,0.1094,-0.6304,0,27.687,0,0,1]},
{"frame":21,"values":[-0.5719,0.2237,0.7892,0,0.2237,0.9682,-0.1123,0,-0.7892,0.1123,-0.6038,0,27.687,0,0,1]}],"loopBehavior":1,"name":"anim","property":"_matrix"}},
{"name":"boss:LeftHand","index":10,"matrix":[0.9921,-0.111,-0.0584,0,-0.0043,0.4353,-0.9003,0,0.1254,0.8934,0.4314,0,27.8738,0,0,1],"rest":[0.9974,-0.0541,-0.0467,0,0.0586,0.9932,0.1006,0,0.041,-0.1031,0.9938,0,27.8738,0,0,1],"parentBoneIndex":9,"length":9.2395
,"animation":{"dataType":3,"framePerSecond":24,"keys":[
{"frame":1,"values":[0.9921,-0.111,-0.0584,0,-0.0043,0.4353,-0.9003,0,0.1254,0.8934,0.4314,0,27.8738,0,0,1]},
{"frame":2,"values":[0.9921,-0.1115,-0.0577,0,-0.0023,0.4428,-0.8966,0,0.1256,0.8897,0.439,0,27.8738,0,0,1]},
{"frame":3,"values":[0.9922,-0.1108,-0.0578,0,-0.0016,0.451,-0.8925,0,0.1249,0.8856,0.4473,0,27.8738,0,0,1]},
{"frame":4,"values":[0.9926,-0.108,-0.0563,0,-0.0024,0.4449,-0.8956,0,0.1217,0.8891,0.4413,0,27.8738,0,0,1]},
{"frame":5,"values":[0.9928,-0.1052,-0.0571,0,-0.0082,0.4161,-0.9093,0,0.1195,0.9032,0.4123,0,27.8738,0,0,1]},
{"frame":6,"values":[0.9927,-0.104,-0.061,0,-0.016,0.3876,-0.9217,0,0.1195,0.916,0.3831,0,27.8738,0,0,1]},
{"frame":7,"values":[0.9925,-0.1044,-0.0635,0,-0.0194,0.3785,-0.9254,0,0.1206,0.9197,0.3736,0,27.8738,0,0,1]},
{"frame":8,"values":[0.9927,-0.1034,-0.0613,0,-0.0148,0.4006,-0.9161,0,0.1193,0.9104,0.3962,0,27.8738,0,0,1]},
{"frame":9,"values":[0.9935,-0.0992,-0.0561,0,-0.0052,0.4517,-0.8921,0,0.1138,0.8866,0.4483,0,27.8738,0,0,1]},
{"frame":10,"values":[0.9941,-0.0949,-0.0534,0,0.0008,0.4969,-0.8678,0,0.1089,0.8626,0.4941,0,27.8738,0,0,1]},
{"frame":11,"values":[0.9939,-0.0942,-0.0567,0,-0.002,0.5001,-0.8659,0,0.1099,0.8608,0.4969,0,27.8738,0,0,1]},
{"frame":12,"values":[0.9934,-0.096,-0.0621,0,-0.0094,0.473,-0.881,0,0.1139,0.8758,0.469,0,27.8738,0,0,1]},
{"frame":13,"values":[0.9932,-0.0965,-0.0646,0,-0.0135,0.4568,-0.8895,0,0.1154,0.8843,0.4524,0,27.8738,0,0,1]},
{"frame":14,"values":[0.9934,-0.0953,-0.0636,0,-0.0121,0.4652,-0.8851,0,0.1139,0.8801,0.461,0,27.8738,0,0,1]},
{"frame":15,"values":[0.9937,-0.0943,-0.0611,0,-0.0082,0.4814,-0.8764,0,0.1121,0.8714,0.4776,0,27.8738,0,0,1]},
{"frame":16,"values":[0.9937,-0.0949,-0.0593,0,-0.0051,0.4905,-0.8714,0,0.1118,0.8662,0.4869,0,27.8738,0,0,1]},
{"frame":17,"values":[0.9935,-0.097,-0.059,0,-0.0042,0.4879,-0.8729,0,0.1134,0.8675,0.4844,0,27.8738,0,0,1]},
{"frame":18,"values":[0.9932,-0.1004,-0.0595,0,-0.0051,0.4722,-0.8815,0,0.1165,0.8758,0.4685,0,27.8738,0,0,1]},
{"frame":19,"values":[0.9927,-0.105,-0.0597,0,-0.0065,0.4471,-0.8945,0,0.1206,0.8883,0.4431,0,27.8738,0,0,1]},
{"frame":20,"values":[0.9922,-0.1089,-0.0604,0,-0.0073,0.4332,-0.9013,0,0.1244,0.8947,0.429,0,27.8738,0,0,1]},
{"frame":21,"values":[0.9921,-0.111,-0.0584,0,-0.0043,0.4353,-0.9003,0,0.1254,0.8934,0.4314,0,27.8738,0,0,1]}],"loopBehavior":1,"name":"anim","property":"_matrix"}},
{"name":"boss:LeftHandThumb1","index":11,"matrix":[0.8035,-0.3655,-0.4699,0,0.4251,0.9049,0.0231,0,0.4167,-0.2183,0.8824,0,2.3785,-1.0029,2.6209,1],"rest":[0.9909,-0.0858,-0.104,0,0.0965,0.9901,0.102,0,0.0942,-0.1111,0.9893,0,2.3785,-1.0029,2.6209,1],"parentBoneIndex":10,"length":4.514
,"animation":{"dataType":3,"framePerSecond":24,"keys":[
{"frame":1,"values":[0.8035,-0.3655,-0.4699,0,0.4251,0.9049,0.0231,0,0.4167,-0.2183,0.8824,0,2.3785,-1.0029,2.6209,1]},
{"frame":21,"values":[0.8035,-0.3655,-0.4699,0,0.4251,0.9049,0.0231,0,0.4167,-0.2183,0.8824,0,2.3785,-1.0029,2.6209,1]}],"loopBehavior":1,"name":"anim","property":"_matrix"}},
{"name":"boss:LeftHandThumb2","index":12,"matrix":[0.2525,0.2211,-0.942,0,-0.4459,0.8906,0.0895,0,0.8588,0.3974,0.3234,0,3.3624,-1.0029,2.8398,1],"rest":[0.9723,0.0085,0.2336,0,0.008,0.9975,-0.0699,0,-0.2336,0.0698,0.9698,0,3.3624,-1.0029,2.8398,1],"parentBoneIndex":11,"length":5.1787
,"animation":{"dataType":3,"framePerSecond":24,"keys":[
{"frame":1,"values":[0.2525,0.2211,-0.942,0,-0.4459,0.8906,0.0895,0,0.8588,0.3974,0.3234,0,3.3624,-1.0029,2.8398,1]},
{"frame":21,"values":[0.2525,0.2211,-0.942,0,-0.4459,0.8906,0.0895,0,0.8588,0.3974,0.3234,0,3.3624,-1.0029,2.8398,1]}],"loopBehavior":1,"name":"anim","property":"_matrix"}},
{"name":"boss:LeftHandThumb3","index":13,"matrix":[0.7886,-0.0783,-0.6099,0,0.0002,0.9919,-0.127,0,0.6149,0.1,0.7822,0,4.5018,-1.3445,2.1783,1],"rest":[0.9717,-0.2361,0.003,0,0.2343,0.9658,0.111,0,-0.0291,-0.1072,0.9938,0,4.5018,-1.3445,2.1783,1],"parentBoneIndex":12,"length":0.01
,"animation":{"dataType":3,"framePerSecond":24,"keys":[
{"frame":1,"values":[0.7886,-0.0783,-0.6099,0,0.0002,0.9919,-0.127,0,0.6149,0.1,0.7822,0,4.5018,-1.3445,2.1783,1]},
{"frame":21,"values":[0.7886,-0.0783,-0.6099,0,0.0002,0.9919,-0.127,0,0.6149,0.1,0.7822,0,4.5018,-1.3445,2.1783,1]}],"loopBehavior":1,"name":"anim","property":"_matrix"}},
{"name":"boss:LeftHandThumb4","index":14,"matrix":[1,0,0,0,0,1,0,0,0,0,1,0,0,0,0,1],"rest":[1,0,0,0,0,1,0,0,0,0,1,0,0,0,0,1],"parentBoneIndex":13,"length":0.01
,"animation":{"dataType":3,"framePerSecond":24,"keys":[
{"frame":1,"values":[1,0,0,0,0,1,0,0,0,0,1,0,0,0,0,1]},
{"frame":21,"values":[1,0,0,0,0,1,0,0,0,0,1,0,0,0,0,1]}],"loopBehavior":1,"name":"anim","property":"_matrix"}},
{"name":"boss:LeftHandMiddle1","index":15,"matrix":[-0.1145,-0.9931,-0.0236,0,0.9932,-0.115,0.0195,0,-0.0221,-0.0212,0.9995,0,10.4639,0.6148,0.4298,1],"rest":[0.9974,0.0586,0.041,0,-0.0586,0.9983,-0.0012,0,-0.041,-0.0012,0.9992,0,10.4639,0.6148,0.4298,1],"parentBoneIndex":10,"length":5.7921
,"animation":{"dataType":3,"framePerSecond":24,"keys":[
{"frame":1,"values":[-0.1145,-0.9931,-0.0236,0,0.9932,-0.115,0.0195,0,-0.0221,-0.0212,0.9995,0,10.4639,0.6148,0.4298,1]},
{"frame":21,"values":[-0.1145,-0.9931,-0.0236,0,0.9932,-0.115,0.0195,0,-0.0221,-0.0212,0.9995,0,10.4639,0.6148,0.4298,1]}],"loopBehavior":1,"name":"anim","property":"_matrix"}},
{"name":"boss:LeftHandMiddle2","index":16,"matrix":[-0.1395,-0.9901,-0.0178,0,0.9901,-0.1391,-0.0205,0,0.0178,-0.0205,0.9996,0,5.7921,0,0,1],"rest":[1,0,0,0,0,1,0,0,0,0,1,0,5.7921,0,0,1],"parentBoneIndex":15,"length":3.7132
,"animation":{"dataType":3,"framePerSecond":24,"keys":[
{"frame":1,"values":[-0.1395,-0.9901,-0.0178,0,0.9901,-0.1391,-0.0205,0,0.0178,-0.0205,0.9996,0,5.7921,0,0,1]},
{"frame":21,"values":[-0.1395,-0.9901,-0.0178,0,0.9901,-0.1391,-0.0205,0,0.0178,-0.0205,0.9996,0,5.7921,0,0,1]}],"loopBehavior":1,"name":"anim","property":"_matrix"}},
{"name":"boss:LeftHandMiddle3","index":17,"matrix":[0.6561,-0.7546,-0.0135,0,0.7546,0.6562,-0.0062,0,0.0136,-0.0061,0.9999,0,3.7132,0,0,1],"rest":[1,0,0,0,0,1,-0.0001,0,0,0.0001,1,0,3.7132,0,0,1],"parentBoneIndex":16,"length":0.01
,"animation":{"dataType":3,"framePerSecond":24,"keys":[
{"frame":1,"values":[0.6561,-0.7546,-0.0135,0,0.7546,0.6562,-0.0062,0,0.0136,-0.0061,0.9999,0,3.7132,0,0,1]},
{"frame":21,"values":[0.6561,-0.7546,-0.0135,0,0.7546,0.6562,-0.0062,0,0.0136,-0.0061,0.9999,0,3.7132,0,0,1]}],"loopBehavior":1,"name":"anim","property":"_matrix"}},
{"name":"boss:LeftHandMiddle4","index":18,"matrix":[1,0,0,0,0,1,0,0,0,0,1,0,0,0,0,1],"rest":[1,0,0,0,0,1,0,0,0,0,1,0,0,0,0,1],"parentBoneIndex":17,"length":0.01
,"animation":{"dataType":3,"framePerSecond":24,"keys":[
{"frame":1,"values":[1,0,0,0,0,1,0,0,0,0,1,0,0,0,0,1]},
{"frame":21,"values":[1,0,0,0,0,1,0,0,0,0,1,0,0,0,0,1]}],"loopBehavior":1,"name":"anim","property":"_matrix"}},
{"name":"boss:LeftHandIndex1","index":19,"matrix":[-0.1148,-0.9931,-0.0236,0,0.9931,-0.1152,0.0195,0,-0.0221,-0.0212,0.9995,0,10.3945,0.6148,2.7055,1],"rest":[0.9974,0.0586,0.041,0,-0.0586,0.9983,-0.0012,0,-0.041,-0.0012,0.9992,0,10.3945,0.6148,2.7055,1],"parentBoneIndex":10,"length":5.5493
,"animation":{"dataType":3,"framePerSecond":24,"keys":[
{"frame":1,"values":[-0.1148,-0.9931,-0.0236,0,0.9931,-0.1152,0.0195,0,-0.0221,-0.0212,0.9995,0,10.3945,0.6148,2.7055,1]},
{"frame":21,"values":[-0.1148,-0.9931,-0.0236,0,0.9931,-0.1152,0.0195,0,-0.0221,-0.0212,0.9995,0,10.3945,0.6148,2.7055,1]}],"loopBehavior":1,"name":"anim","property":"_matrix"}},
{"name":"boss:LeftHandIndex2","index":20,"matrix":[-0.1392,-0.9901,-0.0178,0,0.9901,-0.1388,-0.0205,0,0.0178,-0.0205,0.9996,0,5.5493,0,0,1],"rest":[1,0,0,0,0,1,0,0,0,0,1,0,5.5493,0,0,1],"parentBoneIndex":19,"length":3.3911
,"animation":{"dataType":3,"framePerSecond":24,"keys":[
{"frame":1,"values":[-0.1392,-0.9901,-0.0178,0,0.9901,-0.1388,-0.0205,0,0.0178,-0.0205,0.9996,0,5.5493,0,0,1]},
{"frame":21,"values":[-0.1392,-0.9901,-0.0178,0,0.9901,-0.1388,-0.0205,0,0.0178,-0.0205,0.9996,0,5.5493,0,0,1]}],"loopBehavior":1,"name":"anim","property":"_matrix"}},
{"name":"boss:LeftHandIndex3","index":21,"matrix":[0.6561,-0.7546,-0.0135,0,0.7546,0.6562,-0.0062,0,0.0136,-0.0061,0.9999,0,3.3911,0,0,1],"rest":[1,0,0,0,0,1,-0.0001,0,0,0.0001,1,0,3.3911,0,0,1],"parentBoneIndex":20,"length":0.01
,"animation":{"dataType":3,"framePerSecond":24,"keys":[
{"frame":1,"values":[0.6561,-0.7546,-0.0135,0,0.7546,0.6562,-0.0062,0,0.0136,-0.0061,0.9999,0,3.3911,0,0,1]},
{"frame":21,"values":[0.6561,-0.7546,-0.0135,0,0.7546,0.6562,-0.0062,0,0.0136,-0.0061,0.9999,0,3.3911,0,0,1]}],"loopBehavior":1,"name":"anim","property":"_matrix"}},
{"name":"boss:LeftHandIndex4","index":22,"matrix":[1,0,0,0,0,1,0,0,0,0,1,0,0,0,0,1],"rest":[1,0,0,0,0,1,0,0,0,0,1,0,0,0,0,1],"parentBoneIndex":21,"length":0.01
,"animation":{"dataType":3,"framePerSecond":24,"keys":[
{"frame":1,"values":[1,0,0,0,0,1,0,0,0,0,1,0,0,0,0,1]},
{"frame":21,"values":[1,0,0,0,0,1,0,0,0,0,1,0,0,0,0,1]}],"loopBehavior":1,"name":"anim","property":"_matrix"}},
{"name":"boss:LeftHandRing1","index":23,"matrix":[-0.1148,-0.9931,-0.0236,0,0.9931,-0.1152,0.0195,0,-0.0221,-0.0212,0.9995,0,10.3252,0.3211,-1.8755,1],"rest":[0.9974,0.0586,0.041,0,-0.0586,0.9983,-0.0012,0,-0.041,-0.0012,0.9992,0,10.3252,0.3211,-1.8755,1],"parentBoneIndex":10,"length":5.4452
,"animation":{"dataType":3,"framePerSecond":24,"keys":[
{"frame":1,"values":[-0.1148,-0.9931,-0.0236,0,0.9931,-0.1152,0.0195,0,-0.0221,-0.0212,0.9995,0,10.3252,0.3211,-1.8755,1]},
{"frame":21,"values":[-0.1148,-0.9931,-0.0236,0,0.9931,-0.1152,0.0195,0,-0.0221,-0.0212,0.9995,0,10.3252,0.3211,-1.8755,1]}],"loopBehavior":1,"name":"anim","property":"_matrix"}},
{"name":"boss:LeftHandRing2","index":24,"matrix":[-0.1392,-0.9901,-0.0178,0,0.9901,-0.1388,-0.0205,0,0.0178,-0.0205,0.9996,0,5.4452,0,0,1],"rest":[1,0,0,0,0,1,0,0,0,0,1,0,5.4452,0,0,1],"parentBoneIndex":23,"length":3.7132
,"animation":{"dataType":3,"framePerSecond":24,"keys":[
{"frame":1,"values":[-0.1392,-0.9901,-0.0178,0,0.9901,-0.1388,-0.0205,0,0.0178,-0.0205,0.9996,0,5.4452,0,0,1]},
{"frame":21,"values":[-0.1392,-0.9901,-0.0178,0,0.9901,-0.1388,-0.0205,0,0.0178,-0.0205,0.9996,0,5.4452,0,0,1]}],"loopBehavior":1,"name":"anim","property":"_matrix"}},
{"name":"boss:LeftHandRing3","index":25,"matrix":[0.6561,-0.7546,-0.0135,0,0.7546,0.6562,-0.0062,0,0.0136,-0.0061,0.9999,0,3.7132,0,0,1],"rest":[1,0,0,0,0,1,-0.0001,0,0,0.0001,1,0,3.7132,0,0,1],"parentBoneIndex":24,"length":0.01
,"animation":{"dataType":3,"framePerSecond":24,"keys":[
{"frame":1,"values":[0.6561,-0.7546,-0.0135,0,0.7546,0.6562,-0.0062,0,0.0136,-0.0061,0.9999,0,3.7132,0,0,1]},
{"frame":21,"values":[0.6561,-0.7546,-0.0135,0,0.7546,0.6562,-0.0062,0,0.0136,-0.0061,0.9999,0,3.7132,0,0,1]}],"loopBehavior":1,"name":"anim","property":"_matrix"}},
{"name":"boss:LeftHandRing4","index":26,"matrix":[1,0,0,0,0,1,0,0,0,0,1,0,0,0,0,1],"rest":[1,0,0,0,0,1,0,0,0,0,1,0,0,0,0,1],"parentBoneIndex":25,"length":0.01
,"animation":{"dataType":3,"framePerSecond":24,"keys":[
{"frame":1,"values":[1,0,0,0,0,1,0,0,0,0,1,0,0,0,0,1]},
{"frame":21,"values":[1,0,0,0,0,1,0,0,0,0,1,0,0,0,0,1]}],"loopBehavior":1,"name":"anim","property":"_matrix"}},
