{"producer":{"name":"Blender","version":"2.90.0","exporter_version":"2.80.1","file":"fight_righthook.babylon"},
"autoClear":true,"clearColor":[0.0509,0.0509,0.0509],"gravity":[0,-9.81,0],
"materials":[{"name":"Material","id":"Material","customType":"BABYLON.PBRMaterial","backFaceCulling":true,"checkReadyOnlyOnce":false,"maxSimultaneousLights":4,"environmentIntensity":1,"albedo":[0.8,0.8,0.8],"reflectivity":[0.5,0.5,0.5],"roughness":0.4,"alpha":1,"transparencyMode":0,"alphaCutOff":0.4,"metallic":0}],
"multiMaterials":[],
"skeletons":[{"name":"Armature","id":0,"dimensionsAtRest":[188.1767,172.4535,15.5905],"bones":[
{"name":"boss:Hips","index":0,"matrix":[0.7406,-0.0623,-0.669,0,-0.0666,0.984,-0.1654,0,-0.6686,-0.1671,-0.7246,0,0.5692,87.0017,1.6532,1],"rest":[1,0,0,0,0,1,0,0,0,0,-1,0,0,96.3794,0,1],"parentBoneIndex":-1,"length":9.9032
,"animation":{"dataType":3,"framePerSecond":24,"keys":[
{"frame":1,"values":[0.7406,-0.0623,-0.669,0,-0.0666,0.984,-0.1654,0,-0.6686,-0.1671,-0.7246,0,0.5692,87.0017,1.6532,1]},
{"frame":2,"values":[0.7322,-0.0562,-0.6788,0,-0.0704,0.985,-0.1575,0,-0.6775,-0.1631,-0.7172,0,0.4117,87.0516,2.0105,1]},
{"frame":3,"values":[0.712,-0.0503,-0.7004,0,-0.0753,0.9862,-0.1474,0,-0.6981,-0.1577,-0.6984,0,0.2831,87.3225,2.4368,1]},
{"frame":4,"values":[0.6738,-0.0447,-0.7376,0,-0.0803,0.9878,-0.1332,0,-0.7346,-0.149,-0.662,0,0.2176,87.8478,2.8778,1]},
{"frame":5,"values":[0.614,-0.0395,-0.7883,0,-0.0855,0.9895,-0.1161,0,-0.7846,-0.1387,-0.6042,0,0.2145,88.5727,3.2626,1]},
{"frame":6,"values":[0.5303,-0.0362,-0.8471,0,-0.0922,0.9907,-0.1,0,-0.8428,-0.1312,-0.522,0,0.2468,89.3388,3.5404,1]},
{"frame":7,"values":[0.4257,-0.0355,-0.9042,0,-0.0991,0.9914,-0.0856,0,-0.8994,-0.1261,-0.4185,0,0.2997,89.9166,3.7147,1]},
{"frame":8,"values":[0.305,-0.0377,-0.9516,0,-0.1055,0.9917,-0.0731,0,-0.9465,-0.1227,-0.2985,0,0.4259,90.1091,3.7944,1]},
{"frame":9,"values":[0.1778,-0.0422,-0.9832,0,-0.1116,0.9918,-0.0628,0,-0.9777,-0.1209,-0.1717,0,0.6692,89.819,3.7885,1]},
{"frame":10,"values":[0.049,-0.0489,-0.9976,0,-0.1167,0.9917,-0.0543,0,-0.992,-0.119,-0.0429,0,1.0026,89.0166,3.6228,1]},
{"frame":11,"values":[-0.0814,-0.0566,-0.9951,0,-0.1204,0.9916,-0.0465,0,-0.9894,-0.116,0.0875,0,1.2404,87.7669,3.2128,1]},
{"frame":12,"values":[-0.2061,-0.0649,-0.9764,0,-0.1233,0.9916,-0.0399,0,-0.9707,-0.1122,0.2123,0,1.2065,86.1937,2.5605,1]},
{"frame":13,"values":[-0.3106,-0.0725,-0.9478,0,-0.1233,0.9917,-0.0354,0,-0.9425,-0.1059,0.317,0,0.9039,84.3966,1.7128,1]},
{"frame":14,"values":[-0.3808,-0.0762,-0.9215,0,-0.1178,0.9925,-0.0334,0,-0.9171,-0.0958,0.3869,0,0.3982,82.5061,0.6988,1]},
{"frame":15,"values":[-0.4123,-0.0756,-0.9079,0,-0.1069,0.9937,-0.0342,0,-0.9047,-0.083,0.4178,0,-0.2662,80.7062,-0.4635,1]},
{"frame":16,"values":[-0.3933,-0.0705,-0.9167,0,-0.0909,0.9952,-0.0375,0,-0.9149,-0.0686,0.3978,0,-0.9672,79.1806,-1.7272,1]},
{"frame":17,"values":[-0.3158,-0.0626,-0.9468,0,-0.0715,0.9966,-0.0421,0,-0.9461,-0.0544,0.3192,0,-1.5108,78.1018,-2.9488,1]},
{"frame":18,"values":[-0.1711,-0.0635,-0.9832,0,-0.055,0.997,-0.0548,0,-0.9837,-0.0447,0.1741,0,-1.8995,77.5938,-3.9675,1]},
{"frame":19,"values":[0.0213,-0.0837,-0.9963,0,-0.0461,0.9953,-0.0846,0,-0.9987,-0.0477,-0.0174,0,-2.4075,77.8385,-4.8007,1]},
{"frame":20,"values":[0.2544,-0.1171,-0.96,0,-0.0418,0.9904,-0.1319,0,-0.9662,-0.0737,-0.2471,0,-3.2915,79.2559,-5.7282,1]},
{"frame":21,"values":[0.5199,-0.1406,-0.8426,0,-0.0364,0.9818,-0.1863,0,-0.8535,-0.1276,-0.5053,0,-4.4582,82.0116,-7.0693,1]},
{"frame":22,"values":[0.7765,-0.1253,-0.6175,0,-0.0385,0.9688,-0.245,0,-0.6289,-0.214,-0.7474,0,-5.0996,85.0217,-8.6415,1]},
{"frame":23,"values":[0.9416,-0.0616,-0.3311,0,-0.0468,0.9496,-0.3098,0,-0.3335,-0.3072,-0.8913,0,-4.305,87.4888,-9.972,1]},
{"frame":24,"values":[0.99,-0.0025,-0.1414,0,-0.0486,0.9329,-0.3569,0,-0.1328,-0.3601,-0.9234,0,-2.5366,89.4311,-10.688,1]},
{"frame":25,"values":[0.9955,0.0169,-0.0929,0,-0.0502,0.928,-0.3693,0,-0.0799,-0.3723,-0.9247,0,-1.3798,90.4747,-10.9091,1]},
{"frame":26,"values":[0.9979,0.0313,-0.0568,0,-0.0501,0.9283,-0.3685,0,-0.0412,-0.3706,-0.9279,0,-1.6363,90.4138,-11.3002,1]},
{"frame":27,"values":[0.9977,0.0484,0.0481,0,-0.027,0.9272,-0.3737,0,0.0627,-0.3715,-0.9263,0,-2.6406,89.8071,-12.0218,1]},
{"frame":28,"values":[0.9866,0.0441,0.1573,0,0.0175,0.9289,-0.3699,0,0.1624,-0.3677,-0.9156,0,-3.6569,89.2482,-12.958,1]},
{"frame":29,"values":[0.9765,0.0279,0.2139,0,0.0513,0.9331,-0.356,0,0.2095,-0.3586,-0.9097,0,-4.1644,88.7783,-13.9685,1]},
{"frame":30,"values":[0.9761,0.0139,0.2167,0,0.0637,0.9357,-0.347,0,0.2076,-0.3525,-0.9125,0,-3.9936,88.5082,-14.8159,1]},
{"frame":31,"values":[0.9814,-0.0007,0.1919,0,0.0679,0.9364,-0.3442,0,0.1794,-0.3508,-0.9191,0,-3.4618,88.5456,-15.2426,1]},
{"frame":32,"values":[0.9879,-0.0182,0.1538,0,0.071,0.9358,-0.3453,0,0.1376,-0.352,-0.9258,0,-2.9202,88.84,-15.3202,1]},
{"frame":33,"values":[0.9941,-0.0392,0.1013,0,0.0724,0.9344,-0.3489,0,0.081,-0.3542,-0.9317,0,-2.4735,89.1919,-15.2041,1]},
{"frame":34,"values":[0.9975,-0.0655,0.0261,0,0.0705,0.933,-0.3529,0,0.0012,-0.3539,-0.9353,0,-2.0778,89.5259,-14.8358,1]},
{"frame":35,"values":[0.9934,-0.0947,-0.064,0,0.0659,0.9322,-0.3558,0,-0.0934,-0.3492,-0.9324,0,-1.6646,89.8333,-14.1896,1]},
{"frame":36,"values":[0.9797,-0.1224,-0.1589,0,0.0584,0.9319,-0.3579,0,-0.1919,-0.3413,-0.9202,0,-1.1848,90.0422,-13.3664,1]},
{"frame":37,"values":[0.9565,-0.1447,-0.2532,0,0.0462,0.9325,-0.3581,0,-0.2879,-0.3309,-0.8987,0,-0.6761,90.1011,-12.4354,1]},
{"frame":38,"values":[0.9261,-0.1566,-0.3434,0,0.0274,0.9353,-0.3527,0,-0.3764,-0.3172,-0.8705,0,-0.1651,89.9105,-11.4718,1]},
{"frame":39,"values":[0.8896,-0.1607,-0.4276,0,0.006,0.9401,-0.3408,0,-0.4567,-0.3006,-0.8373,0,0.3299,89.4978,-10.539,1]},
{"frame":40,"values":[0.8464,-0.1605,-0.5078,0,-0.0149,0.946,-0.3237,0,-0.5324,-0.2815,-0.7983,0,0.7521,89.0397,-9.6224,1]},
{"frame":41,"values":[0.7966,-0.1589,-0.5832,0,-0.0331,0.9519,-0.3046,0,-0.6036,-0.262,-0.753,0,1.0481,88.6932,-8.6551,1]},
{"frame":42,"values":[0.7454,-0.1559,-0.6482,0,-0.0487,0.9569,-0.2863,0,-0.6649,-0.245,-0.7057,0,1.2266,88.4793,-7.536,1]},
{"frame":43,"values":[0.701,-0.1514,-0.6969,0,-0.0605,0.961,-0.2697,0,-0.7105,-0.2312,-0.6646,0,1.2965,88.4083,-6.2355,1]},
{"frame":44,"values":[0.6712,-0.1443,-0.7271,0,-0.0686,0.9646,-0.2548,0,-0.7381,-0.2209,-0.6375,0,1.3425,88.4554,-4.8559,1]},
{"frame":45,"values":[0.6526,-0.1355,-0.7455,0,-0.0742,0.9677,-0.2408,0,-0.754,-0.2125,-0.6215,0,1.3915,88.5111,-3.5708,1]},
{"frame":46,"values":[0.6435,-0.1278,-0.7547,0,-0.0758,0.9705,-0.229,0,-0.7617,-0.2046,-0.6148,0,1.3314,88.5045,-2.4441,1]},
{"frame":47,"values":[0.6444,-0.122,-0.7549,0,-0.0727,0.9729,-0.2193,0,-0.7612,-0.1962,-0.6181,0,1.1696,88.445,-1.4745,1]},
{"frame":48,"values":[0.6558,-0.1161,-0.7459,0,-0.0671,0.9752,-0.2108,0,-0.7519,-0.1883,-0.6318,0,1.0166,88.3314,-0.6948,1]},
{"frame":49,"values":[0.6731,-0.1088,-0.7315,0,-0.0623,0.9773,-0.2026,0,-0.7369,-0.1819,-0.6511,0,0.9045,88.1472,-0.1132,1]},
{"frame":50,"values":[0.6937,-0.1004,-0.7132,0,-0.0585,0.9791,-0.1947,0,-0.7179,-0.1768,-0.6733,0,0.8007,87.8624,0.3467,1]},
{"frame":51,"values":[0.7156,-0.0903,-0.6927,0,-0.0567,0.9808,-0.1865,0,-0.6962,-0.1727,-0.6967,0,0.7034,87.5046,0.7726,1]},
{"frame":52,"values":[0.7336,-0.0772,-0.6752,0,-0.0597,0.9824,-0.1771,0,-0.677,-0.1702,-0.716,0,0.6243,87.1699,1.2102,1]},
{"frame":53,"values":[0.7406,-0.0623,-0.669,0,-0.0666,0.984,-0.1654,0,-0.6686,-0.1671,-0.7246,0,0.5692,87.0016,1.6532,1]}],"loopBehavior":1,"name":"anim","property":"_matrix"}},
{"name":"boss:Spine","index":1,"matrix":[0.998,-0.0017,-0.063,0,0.0065,0.9971,0.0764,0,0.0627,-0.0766,0.9951,0,0,9.2263,1.5771,1],"rest":[1,0,0,0,0,1,0,0,0,0,1,0,0,9.2263,1.5771,1],"parentBoneIndex":0,"length":16.2548
,"animation":{"dataType":3,"framePerSecond":24,"keys":[
{"frame":1,"values":[0.998,-0.0017,-0.063,0,0.0065,0.9971,0.0764,0,0.0627,-0.0766,0.9951,0,0,9.2263,1.5771,1]},
{"frame":2,"values":[0.998,-0.0011,-0.0625,0,0.0059,0.997,0.0766,0,0.0623,-0.0768,0.9951,0,0,9.2263,1.5771,1]},
{"frame":3,"values":[0.9981,-0.0008,-0.0621,0,0.0056,0.997,0.0769,0,0.0618,-0.0771,0.9951,0,0,9.2263,1.5771,1]},
{"frame":4,"values":[0.9981,-0.001,-0.062,0,0.0057,0.9971,0.076,0,0.0617,-0.0762,0.9952,0,0,9.2263,1.5771,1]},
{"frame":5,"values":[0.9981,-0.001,-0.061,0,0.0055,0.9973,0.0738,0,0.0608,-0.074,0.9954,0,0,9.2263,1.5771,1]},
{"frame":6,"values":[0.9983,-0.0012,-0.0585,0,0.0054,0.9974,0.0718,0,0.0583,-0.072,0.9957,0,0,9.2263,1.5771,1]},
{"frame":7,"values":[0.9985,-0.0017,-0.0544,0,0.0055,0.9975,0.0704,0,0.0541,-0.0706,0.996,0,0,9.2263,1.5771,1]},
{"frame":8,"values":[0.9989,-0.0008,-0.0472,0,0.0041,0.9975,0.0705,0,0.0471,-0.0706,0.9964,0,0,9.2263,1.5771,1]},
{"frame":9,"values":[0.9994,0.0024,-0.0355,0,0.0002,0.9972,0.0743,0,0.0356,-0.0742,0.9966,0,0,9.2263,1.5771,1]},
{"frame":10,"values":[0.9998,0.0061,-0.0165,0,-0.0047,0.9966,0.0823,0,0.0169,-0.0822,0.9965,0,0,9.2263,1.5771,1]},
{"frame":11,"values":[0.9999,0.0083,0.0087,0,-0.0091,0.9957,0.0919,0,-0.0079,-0.092,0.9957,0,0,9.2263,1.5771,1]},
{"frame":12,"values":[0.9994,0.0092,0.0343,0,-0.0126,0.9948,0.1012,0,-0.0332,-0.1015,0.9943,0,0,9.2263,1.5771,1]},
{"frame":13,"values":[0.9984,0.0093,0.0552,0,-0.0153,0.9938,0.1097,0,-0.0539,-0.1104,0.9924,0,0,9.2263,1.5771,1]},
{"frame":14,"values":[0.9974,0.0098,0.0719,0,-0.0182,0.9929,0.1175,0,-0.0702,-0.1185,0.9905,0,0,9.2263,1.5771,1]},
{"frame":15,"values":[0.9963,0.0119,0.0851,0,-0.0224,0.9921,0.1235,0,-0.083,-0.125,0.9887,0,0,9.2263,1.5771,1]},
{"frame":16,"values":[0.9956,0.0162,0.0925,0,-0.0278,0.9917,0.1252,0,-0.0897,-0.1272,0.9878,0,0,9.2263,1.5771,1]},
{"frame":17,"values":[0.9953,0.0217,0.0941,0,-0.0331,0.9921,0.1214,0,-0.0908,-0.1239,0.9881,0,0,9.2263,1.5771,1]},
{"frame":18,"values":[0.9953,0.0283,0.0923,0,-0.0387,0.9929,0.1126,0,-0.0885,-0.1156,0.9893,0,0,9.2263,1.5771,1]},
{"frame":19,"values":[0.9953,0.0371,0.0896,0,-0.0461,0.9939,0.0998,0,-0.0853,-0.1034,0.991,0,0,9.2263,1.5771,1]},
{"frame":20,"values":[0.9955,0.0477,0.0823,0,-0.0545,0.9952,0.0818,0,-0.078,-0.086,0.9932,0,0,9.2263,1.5771,1]},
{"frame":21,"values":[0.9965,0.054,0.0634,0,-0.0579,0.9965,0.0604,0,-0.0599,-0.0639,0.9962,0,0,9.2263,1.5771,1]},
{"frame":22,"values":[0.9985,0.0456,0.0289,0,-0.0468,0.998,0.0426,0,-0.0269,-0.0439,0.9987,0,0,9.2263,1.5771,1]},
{"frame":23,"values":[0.9994,0.0289,-0.0203,0,-0.0281,0.999,0.0351,0,0.0213,-0.0346,0.9992,0,0,9.2263,1.5771,1]},
{"frame":24,"values":[0.9973,0.017,-0.0709,0,-0.0145,0.9992,0.036,0,0.0714,-0.0349,0.9968,0,0,9.2263,1.5771,1]},
{"frame":25,"values":[0.9947,0.0119,-0.1017,0,-0.0081,0.9993,0.0373,0,0.102,-0.0362,0.9941,0,0,9.2263,1.5771,1]},
{"frame":26,"values":[0.9936,0.0083,-0.1131,0,-0.0038,0.9992,0.0398,0,0.1133,-0.0391,0.9928,0,0,9.2263,1.5771,1]},
{"frame":27,"values":[0.9931,0.0058,-0.1171,0,-0.0006,0.999,0.044,0,0.1172,-0.0436,0.9921,0,0,9.2263,1.5771,1]},
{"frame":28,"values":[0.9936,0.0076,-0.1126,0,-0.0022,0.9988,0.0484,0,0.1128,-0.0478,0.9925,0,0,9.2263,1.5771,1]},
{"frame":29,"values":[0.9945,0.0075,-0.1041,0,-0.0023,0.9987,0.0507,0,0.1043,-0.0501,0.9933,0,0,9.2263,1.5771,1]},
{"frame":30,"values":[0.9948,0.0038,-0.1017,0,0.0014,0.9987,0.0504,0,0.1018,-0.0502,0.9935,0,0,9.2263,1.5771,1]},
{"frame":31,"values":[0.9944,0.0009,-0.1054,0,0.0043,0.9988,0.0495,0,0.1053,-0.0497,0.9932,0,0,9.2263,1.5771,1]},
{"frame":32,"values":[0.9942,0,-0.108,0,0.0053,0.9988,0.049,0,0.1079,-0.0493,0.9929,0,0,9.2263,1.5771,1]},
{"frame":33,"values":[0.9943,-0.001,-0.1066,0,0.0062,0.9988,0.0486,0,0.1064,-0.049,0.9931,0,0,9.2263,1.5771,1]},
{"frame":34,"values":[0.9948,-0.0033,-0.1016,0,0.0084,0.9987,0.0498,0,0.1013,-0.0504,0.9936,0,0,9.2263,1.5771,1]},
{"frame":35,"values":[0.9954,-0.006,-0.0952,0,0.0111,0.9985,0.0533,0,0.0947,-0.0541,0.994,0,0,9.2263,1.5771,1]},
{"frame":36,"values":[0.996,-0.0085,-0.0892,0,0.0137,0.9983,0.0574,0,0.0885,-0.0584,0.9944,0,0,9.2263,1.5771,1]},
{"frame":37,"values":[0.9964,-0.0106,-0.0839,0,0.0158,0.998,0.0615,0,0.083,-0.0626,0.9946,0,0,9.2263,1.5771,1]},
{"frame":38,"values":[0.9968,-0.0131,-0.0787,0,0.0183,0.9977,0.0657,0,0.0776,-0.067,0.9947,0,0,9.2263,1.5771,1]},
{"frame":39,"values":[0.9971,-0.0149,-0.0742,0,0.0201,0.9974,0.0694,0,0.073,-0.0707,0.9948,0,0,9.2263,1.5771,1]},
{"frame":40,"values":[0.9973,-0.0158,-0.0716,0,0.021,0.9972,0.0721,0,0.0702,-0.0734,0.9948,0,0,9.2263,1.5771,1]},
{"frame":41,"values":[0.9975,-0.0154,-0.0694,0,0.0206,0.997,0.0742,0,0.0681,-0.0755,0.9948,0,0,9.2263,1.5771,1]},
{"frame":42,"values":[0.9977,-0.0155,-0.0661,0,0.0205,0.9969,0.0758,0,0.0647,-0.077,0.9949,0,0,9.2263,1.5771,1]},
{"frame":43,"values":[0.9979,-0.0164,-0.0627,0,0.0212,0.9968,0.0766,0,0.0613,-0.0778,0.9951,0,0,9.2263,1.5771,1]},
{"frame":44,"values":[0.998,-0.0167,-0.0607,0,0.0213,0.9968,0.0768,0,0.0593,-0.0779,0.9952,0,0,9.2263,1.5771,1]},
{"frame":45,"values":[0.9981,-0.0152,-0.0594,0,0.0198,0.9969,0.0767,0,0.058,-0.0778,0.9953,0,0,9.2263,1.5771,1]},
{"frame":46,"values":[0.9983,-0.0123,-0.0573,0,0.0166,0.9969,0.0764,0,0.0562,-0.0773,0.9954,0,0,9.2263,1.5771,1]},
{"frame":47,"values":[0.9985,-0.0087,-0.0542,0,0.0128,0.997,0.0757,0,0.0534,-0.0763,0.9957,0,0,9.2263,1.5771,1]},
{"frame":48,"values":[0.9987,-0.0054,-0.0511,0,0.0092,0.9971,0.0751,0,0.0506,-0.0755,0.9959,0,0,9.2263,1.5771,1]},
{"frame":49,"values":[0.9988,-0.0031,-0.0494,0,0.0068,0.9972,0.075,0,0.049,-0.0753,0.996,0,0,9.2263,1.5771,1]},
{"frame":50,"values":[0.9987,-0.0019,-0.05,0,0.0056,0.9972,0.075,0,0.0497,-0.0752,0.9959,0,0,9.2263,1.5771,1]},
{"frame":51,"values":[0.9986,-0.0012,-0.053,0,0.0052,0.9972,0.0749,0,0.0528,-0.0751,0.9958,0,0,9.2263,1.5771,1]},
{"frame":52,"values":[0.9983,-0.0013,-0.058,0,0.0057,0.9971,0.0754,0,0.0577,-0.0756,0.9955,0,0,9.2263,1.5771,1]},
{"frame":53,"values":[0.998,-0.0017,-0.063,0,0.0065,0.9971,0.0764,0,0.0627,-0.0766,0.9951,0,0,9.2263,1.5771,1]}],"loopBehavior":1,"name":"anim","property":"_matrix"}},
{"name":"boss:Spine1","index":2,"matrix":[0.9995,0.0187,-0.0245,0,-0.0186,0.9998,0.0039,0,0.0245,-0.0034,0.9997,0,0,16.254,-0.1656,1],"rest":[1,0,0,0,0,1,0,0,0,0,1,0,0,16.254,-0.1656,1],"parentBoneIndex":1,"length":13.7007
,"animation":{"dataType":3,"framePerSecond":24,"keys":[
{"frame":1,"values":[0.9995,0.0187,-0.0245,0,-0.0186,0.9998,0.0039,0,0.0245,-0.0034,0.9997,0,0,16.254,-0.1656,1]},
{"frame":2,"values":[0.9995,0.0186,-0.0243,0,-0.0185,0.9998,0.0042,0,0.0243,-0.0037,0.9997,0,0,16.254,-0.1656,1]},
{"frame":3,"values":[0.9995,0.0183,-0.0241,0,-0.0182,0.9998,0.0041,0,0.0241,-0.0037,0.9997,0,0,16.254,-0.1656,1]},
{"frame":4,"values":[0.9996,0.0178,-0.024,0,-0.0177,0.9998,0.004,0,0.0241,-0.0036,0.9997,0,0,16.254,-0.1656,1]},
{"frame":5,"values":[0.9996,0.0174,-0.0236,0,-0.0173,0.9998,0.0043,0,0.0237,-0.0039,0.9997,0,0,16.254,-0.1656,1]},
{"frame":6,"values":[0.9996,0.0169,-0.0226,0,-0.0168,0.9998,0.0048,0,0.0227,-0.0044,0.9997,0,0,16.254,-0.1656,1]},
{"frame":7,"values":[0.9997,0.016,-0.0209,0,-0.0159,0.9999,0.0054,0,0.021,-0.0051,0.9998,0,0,16.254,-0.1656,1]},
{"frame":8,"values":[0.9997,0.0145,-0.0181,0,-0.0144,0.9999,0.0061,0,0.0182,-0.0058,0.9998,0,0,16.254,-0.1656,1]},
{"frame":9,"values":[0.9998,0.0123,-0.0136,0,-0.0123,0.9999,0.0063,0,0.0136,-0.0061,0.9999,0,0,16.254,-0.1656,1]},
{"frame":10,"values":[0.9999,0.0098,-0.0061,0,-0.0098,0.9999,0.0057,0,0.0061,-0.0057,1,0,0,16.254,-0.1656,1]},
{"frame":11,"values":[1,0.0074,0.0039,0,-0.0074,1,0.0046,0,-0.0038,-0.0046,1,0,0,16.254,-0.1656,1]},
{"frame":12,"values":[0.9999,0.0048,0.014,0,-0.0048,1,0.0025,0,-0.0139,-0.0026,0.9999,0,0,16.254,-0.1656,1]},
{"frame":13,"values":[0.9998,0.0022,0.0222,0,-0.0022,1,-0.0001,0,-0.0222,0,0.9998,0,0,16.254,-0.1656,1]},
{"frame":14,"values":[0.9996,0.0003,0.0287,0,-0.0002,1,-0.0027,0,-0.0287,0.0027,0.9996,0,0,16.254,-0.1656,1]},
{"frame":15,"values":[0.9994,-0.0007,0.0339,0,0.0009,1,-0.0056,0,-0.0339,0.0057,0.9994,0,0,16.254,-0.1656,1]},
{"frame":16,"values":[0.9993,-0.0017,0.0367,0,0.002,1,-0.0084,0,-0.0367,0.0085,0.9993,0,0,16.254,-0.1656,1]},
{"frame":17,"values":[0.9993,-0.0041,0.0372,0,0.0045,0.9999,-0.0104,0,-0.0371,0.0106,0.9993,0,0,16.254,-0.1656,1]},
{"frame":18,"values":[0.9993,-0.0076,0.0362,0,0.008,0.9999,-0.0114,0,-0.0361,0.0116,0.9993,0,0,16.254,-0.1656,1]},
{"frame":19,"values":[0.9993,-0.0111,0.0348,0,0.0115,0.9999,-0.0115,0,-0.0347,0.0119,0.9993,0,0,16.254,-0.1656,1]},
{"frame":20,"values":[0.9994,-0.0155,0.0316,0,0.0158,0.9998,-0.0104,0,-0.0314,0.0109,0.9994,0,0,16.254,-0.1656,1]},
{"frame":21,"values":[0.9995,-0.0217,0.0238,0,0.0218,0.9997,-0.0073,0,-0.0237,0.0078,0.9997,0,0,16.254,-0.1656,1]},
{"frame":22,"values":[0.9997,-0.0241,0.0101,0,0.0241,0.9997,-0.0015,0,-0.01,0.0017,0.9999,0,0,16.254,-0.1656,1]},
{"frame":23,"values":[0.9999,-0.0124,-0.0093,0,0.0124,0.9999,0.0027,0,0.0093,-0.0028,1,0,0,16.254,-0.1656,1]},
{"frame":24,"values":[0.9995,0.0087,-0.029,0,-0.0087,1,0.0008,0,0.029,-0.0005,0.9996,0,0,16.254,-0.1656,1]},
{"frame":25,"values":[0.9989,0.0212,-0.041,0,-0.0211,0.9998,0.0014,0,0.041,-0.0006,0.9992,0,0,16.254,-0.1656,1]},
{"frame":26,"values":[0.9987,0.0211,-0.0455,0,-0.0209,0.9998,0.0047,0,0.0455,-0.0037,0.999,0,0,16.254,-0.1656,1]},
{"frame":27,"values":[0.9987,0.0178,-0.0472,0,-0.0176,0.9998,0.0054,0,0.0472,-0.0046,0.9989,0,0,16.254,-0.1656,1]},
{"frame":28,"values":[0.9988,0.0164,-0.0454,0,-0.0161,0.9998,0.0074,0,0.0455,-0.0067,0.9989,0,0,16.254,-0.1656,1]},
{"frame":29,"values":[0.999,0.0157,-0.042,0,-0.0154,0.9998,0.0091,0,0.0421,-0.0084,0.9991,0,0,16.254,-0.1656,1]},
{"frame":30,"values":[0.999,0.0157,-0.041,0,-0.0154,0.9998,0.0083,0,0.0412,-0.0077,0.9991,0,0,16.254,-0.1656,1]},
{"frame":31,"values":[0.999,0.0165,-0.0425,0,-0.0162,0.9998,0.0072,0,0.0426,-0.0066,0.9991,0,0,16.254,-0.1656,1]},
{"frame":32,"values":[0.9989,0.017,-0.0436,0,-0.0167,0.9998,0.0067,0,0.0437,-0.006,0.999,0,0,16.254,-0.1656,1]},
{"frame":33,"values":[0.9989,0.0162,-0.043,0,-0.016,0.9999,0.0059,0,0.0431,-0.0052,0.9991,0,0,16.254,-0.1656,1]},
{"frame":34,"values":[0.9991,0.0144,-0.041,0,-0.0142,0.9999,0.0052,0,0.0411,-0.0046,0.9991,0,0,16.254,-0.1656,1]},
{"frame":35,"values":[0.9992,0.0129,-0.0384,0,-0.0127,0.9999,0.0048,0,0.0385,-0.0043,0.9992,0,0,16.254,-0.1656,1]},
{"frame":36,"values":[0.9993,0.012,-0.036,0,-0.0119,0.9999,0.0043,0,0.036,-0.0039,0.9993,0,0,16.254,-0.1656,1]},
{"frame":37,"values":[0.9994,0.0113,-0.0338,0,-0.0111,0.9999,0.0037,0,0.0339,-0.0033,0.9994,0,0,16.254,-0.1656,1]},
{"frame":38,"values":[0.9994,0.0103,-0.0317,0,-0.0102,0.9999,0.0031,0,0.0317,-0.0028,0.9995,0,0,16.254,-0.1656,1]},
{"frame":39,"values":[0.9995,0.0098,-0.0299,0,-0.0097,1,0.0024,0,0.0299,-0.0021,0.9996,0,0,16.254,-0.1656,1]},
{"frame":40,"values":[0.9995,0.0097,-0.0287,0,-0.0096,1,0.0017,0,0.0288,-0.0015,0.9996,0,0,16.254,-0.1656,1]},
{"frame":41,"values":[0.9996,0.0099,-0.0278,0,-0.0099,1,0.0011,0,0.0278,-0.0008,0.9996,0,0,16.254,-0.1656,1]},
{"frame":42,"values":[0.9996,0.0111,-0.0263,0,-0.0111,0.9999,0.0004,0,0.0263,-0.0001,0.9997,0,0,16.254,-0.1656,1]},
{"frame":43,"values":[0.9996,0.013,-0.0248,0,-0.013,0.9999,0,0,0.0247,0.0003,0.9997,0,0,16.254,-0.1656,1]},
{"frame":44,"values":[0.9996,0.0151,-0.0238,0,-0.0151,0.9999,0.0003,0,0.0238,0,0.9997,0,0,16.254,-0.1656,1]},
{"frame":45,"values":[0.9996,0.0167,-0.0231,0,-0.0167,0.9999,0.0009,0,0.0232,-0.0005,0.9997,0,0,16.254,-0.1656,1]},
{"frame":46,"values":[0.9996,0.0172,-0.0223,0,-0.0172,0.9999,0.0014,0,0.0223,-0.001,0.9998,0,0,16.254,-0.1656,1]},
{"frame":47,"values":[0.9996,0.0172,-0.021,0,-0.0172,0.9999,0.002,0,0.0211,-0.0017,0.9998,0,0,16.254,-0.1656,1]},
{"frame":48,"values":[0.9997,0.0173,-0.0198,0,-0.0173,0.9998,0.003,0,0.0199,-0.0027,0.9998,0,0,16.254,-0.1656,1]},
{"frame":49,"values":[0.9997,0.0176,-0.0191,0,-0.0175,0.9998,0.0039,0,0.0192,-0.0035,0.9998,0,0,16.254,-0.1656,1]},
{"frame":50,"values":[0.9997,0.0179,-0.0194,0,-0.0179,0.9998,0.0043,0,0.0194,-0.004,0.9998,0,0,16.254,-0.1656,1]},
{"frame":51,"values":[0.9996,0.0183,-0.0206,0,-0.0182,0.9998,0.0045,0,0.0206,-0.0041,0.9998,0,0,16.254,-0.1656,1]},
{"frame":52,"values":[0.9996,0.0186,-0.0225,0,-0.0185,0.9998,0.0042,0,0.0226,-0.0038,0.9997,0,0,16.254,-0.1656,1]},
{"frame":53,"values":[0.9995,0.0187,-0.0245,0,-0.0186,0.9998,0.0039,0,0.0245,-0.0034,0.9997,0,0,16.254,-0.1656,1]}],"loopBehavior":1,"name":"anim","property":"_matrix"}},
{"name":"boss:Spine2","index":3,"matrix":[0.9995,0.018,-0.0263,0,-0.0179,0.9998,0.0034,0,0.0263,-0.0029,0.9996,0,0,13.6396,-1.2923,1],"rest":[1,0,0,0,0,1,0,0,0,0,1,0,0,13.6396,-1.2923,1],"parentBoneIndex":2,"length":13.1719
,"animation":{"dataType":3,"framePerSecond":24,"keys":[
{"frame":1,"values":[0.9995,0.018,-0.0263,0,-0.0179,0.9998,0.0034,0,0.0263,-0.0029,0.9996,0,0,13.6396,-1.2923,1]},
{"frame":2,"values":[0.9995,0.0179,-0.026,0,-0.0178,0.9998,0.0037,0,0.0261,-0.0032,0.9997,0,0,13.6396,-1.2923,1]},
{"frame":3,"values":[0.9995,0.0176,-0.0258,0,-0.0175,0.9998,0.0036,0,0.0259,-0.0032,0.9997,0,0,13.6396,-1.2923,1]},
{"frame":4,"values":[0.9995,0.0171,-0.0257,0,-0.017,0.9998,0.0035,0,0.0257,-0.0031,0.9997,0,0,13.6396,-1.2923,1]},
{"frame":5,"values":[0.9995,0.0167,-0.0252,0,-0.0166,0.9999,0.0039,0,0.0253,-0.0035,0.9997,0,0,13.6396,-1.2923,1]},
{"frame":6,"values":[0.9996,0.0163,-0.0241,0,-0.0162,0.9999,0.0044,0,0.0242,-0.004,0.9997,0,0,13.6396,-1.2923,1]},
{"frame":7,"values":[0.9996,0.0155,-0.0223,0,-0.0154,0.9999,0.005,0,0.0224,-0.0047,0.9997,0,0,13.6396,-1.2923,1]},
{"frame":8,"values":[0.9997,0.0141,-0.0194,0,-0.014,0.9999,0.0058,0,0.0195,-0.0055,0.9998,0,0,13.6396,-1.2923,1]},
{"frame":9,"values":[0.9998,0.012,-0.0146,0,-0.0119,0.9999,0.0061,0,0.0147,-0.006,0.9999,0,0,13.6396,-1.2923,1]},
{"frame":10,"values":[0.9999,0.0097,-0.007,0,-0.0096,0.9999,0.0057,0,0.007,-0.0056,1,0,0,13.6396,-1.2923,1]},
{"frame":11,"values":[1,0.0075,0.0032,0,-0.0075,1,0.0046,0,-0.0032,-0.0046,1,0,0,13.6396,-1.2923,1]},
{"frame":12,"values":[0.9999,0.0053,0.0137,0,-0.0054,1,0.0025,0,-0.0137,-0.0026,0.9999,0,0,13.6396,-1.2923,1]},
{"frame":13,"values":[0.9997,0.0032,0.0224,0,-0.0032,1,-0.0001,0,-0.0224,0.0001,0.9998,0,0,13.6396,-1.2923,1]},
{"frame":14,"values":[0.9996,0.0018,0.0293,0,-0.0017,1,-0.0029,0,-0.0293,0.0029,0.9996,0,0,13.6396,-1.2923,1]},
{"frame":15,"values":[0.9994,0.0012,0.0348,0,-0.001,1,-0.0059,0,-0.0348,0.0059,0.9994,0,0,13.6396,-1.2923,1]},
{"frame":16,"values":[0.9993,0.0005,0.0379,0,-0.0002,1,-0.0089,0,-0.0379,0.0089,0.9992,0,0,13.6396,-1.2923,1]},
{"frame":17,"values":[0.9993,-0.0018,0.0385,0,0.0022,0.9999,-0.011,0,-0.0385,0.0111,0.9992,0,0,13.6396,-1.2923,1]},
{"frame":18,"values":[0.9993,-0.0054,0.0377,0,0.0059,0.9999,-0.0122,0,-0.0377,0.0124,0.9992,0,0,13.6396,-1.2923,1]},
{"frame":19,"values":[0.9993,-0.0092,0.0364,0,0.0097,0.9999,-0.0125,0,-0.0363,0.0128,0.9993,0,0,13.6396,-1.2923,1]},
{"frame":20,"values":[0.9994,-0.014,0.0331,0,0.0144,0.9998,-0.0116,0,-0.033,0.0121,0.9994,0,0,13.6396,-1.2923,1]},
{"frame":21,"values":[0.9995,-0.0208,0.0253,0,0.021,0.9997,-0.0084,0,-0.0251,0.0089,0.9996,0,0,13.6396,-1.2923,1]},
{"frame":22,"values":[0.9997,-0.0239,0.0113,0,0.0239,0.9997,-0.0019,0,-0.0112,0.0022,0.9999,0,0,13.6396,-1.2923,1]},
{"frame":23,"values":[0.9999,-0.0125,-0.0088,0,0.0125,0.9999,0.003,0,0.0088,-0.0031,1,0,0,13.6396,-1.2923,1]},
{"frame":24,"values":[0.9995,0.0083,-0.0293,0,-0.0083,1,0.0007,0,0.0294,-0.0005,0.9996,0,0,13.6396,-1.2923,1]},
{"frame":25,"values":[0.9989,0.0206,-0.0418,0,-0.0205,0.9998,0.0008,0,0.0418,0.0001,0.9991,0,0,13.6396,-1.2923,1]},
{"frame":26,"values":[0.9987,0.0205,-0.0463,0,-0.0203,0.9998,0.0039,0,0.0464,-0.0029,0.9989,0,0,13.6396,-1.2923,1]},
{"frame":27,"values":[0.9987,0.0172,-0.048,0,-0.017,0.9998,0.0047,0,0.0481,-0.0039,0.9988,0,0,13.6396,-1.2923,1]},
{"frame":28,"values":[0.9988,0.0158,-0.0462,0,-0.0155,0.9999,0.0068,0,0.0463,-0.0061,0.9989,0,0,13.6396,-1.2923,1]},
{"frame":29,"values":[0.999,0.0152,-0.0428,0,-0.0149,0.9999,0.0086,0,0.0429,-0.0079,0.999,0,0,13.6396,-1.2923,1]},
{"frame":30,"values":[0.999,0.0152,-0.0419,0,-0.0149,0.9999,0.0078,0,0.042,-0.0071,0.9991,0,0,13.6396,-1.2923,1]},
{"frame":31,"values":[0.9989,0.0159,-0.0434,0,-0.0156,0.9999,0.0066,0,0.0435,-0.0059,0.999,0,0,13.6396,-1.2923,1]},
{"frame":32,"values":[0.9989,0.0164,-0.0445,0,-0.0161,0.9999,0.006,0,0.0446,-0.0053,0.999,0,0,13.6396,-1.2923,1]},
{"frame":33,"values":[0.9989,0.0156,-0.044,0,-0.0153,0.9999,0.0052,0,0.044,-0.0045,0.999,0,0,13.6396,-1.2923,1]},
{"frame":34,"values":[0.999,0.0138,-0.0419,0,-0.0136,0.9999,0.0046,0,0.042,-0.004,0.9991,0,0,13.6396,-1.2923,1]},
{"frame":35,"values":[0.9992,0.0122,-0.0393,0,-0.012,0.9999,0.0043,0,0.0394,-0.0038,0.9992,0,0,13.6396,-1.2923,1]},
{"frame":36,"values":[0.9993,0.0113,-0.0369,0,-0.0112,0.9999,0.0038,0,0.037,-0.0034,0.9993,0,0,13.6396,-1.2923,1]},
{"frame":37,"values":[0.9993,0.0105,-0.0348,0,-0.0104,0.9999,0.0032,0,0.0348,-0.0029,0.9994,0,0,13.6396,-1.2923,1]},
{"frame":38,"values":[0.9994,0.0095,-0.0327,0,-0.0094,1,0.0027,0,0.0327,-0.0023,0.9995,0,0,13.6396,-1.2923,1]},
{"frame":39,"values":[0.9995,0.009,-0.0309,0,-0.0089,1,0.0019,0,0.0309,-0.0017,0.9995,0,0,13.6396,-1.2923,1]},
{"frame":40,"values":[0.9995,0.0089,-0.0298,0,-0.0088,1,0.0013,0,0.0298,-0.001,0.9996,0,0,13.6396,-1.2923,1]},
{"frame":41,"values":[0.9995,0.0091,-0.0288,0,-0.0091,1,0.0007,0,0.0288,-0.0004,0.9996,0,0,13.6396,-1.2923,1]},
{"frame":42,"values":[0.9996,0.0103,-0.0274,0,-0.0103,0.9999,-0.0001,0,0.0274,0.0004,0.9996,0,0,13.6396,-1.2923,1]},
{"frame":43,"values":[0.9996,0.0122,-0.0261,0,-0.0122,0.9999,-0.0005,0,0.0261,0.0008,0.9997,0,0,13.6396,-1.2923,1]},
{"frame":44,"values":[0.9996,0.0144,-0.0253,0,-0.0144,0.9999,-0.0002,0,0.0253,0.0005,0.9997,0,0,13.6396,-1.2923,1]},
{"frame":45,"values":[0.9996,0.016,-0.0248,0,-0.016,0.9999,0.0004,0,0.0248,0,0.9997,0,0,13.6396,-1.2923,1]},
{"frame":46,"values":[0.9996,0.0165,-0.0239,0,-0.0165,0.9999,0.0009,0,0.0239,-0.0005,0.9997,0,0,13.6396,-1.2923,1]},
{"frame":47,"values":[0.9996,0.0166,-0.0226,0,-0.0166,0.9999,0.0016,0,0.0227,-0.0012,0.9997,0,0,13.6396,-1.2923,1]},
{"frame":48,"values":[0.9996,0.0168,-0.0214,0,-0.0167,0.9999,0.0027,0,0.0215,-0.0023,0.9998,0,0,13.6396,-1.2923,1]},
{"frame":49,"values":[0.9996,0.0171,-0.0207,0,-0.017,0.9998,0.0035,0,0.0208,-0.0031,0.9998,0,0,13.6396,-1.2923,1]},
{"frame":50,"values":[0.9996,0.0175,-0.021,0,-0.0174,0.9998,0.004,0,0.021,-0.0036,0.9998,0,0,13.6396,-1.2923,1]},
{"frame":51,"values":[0.9996,0.0178,-0.0222,0,-0.0177,0.9998,0.0041,0,0.0223,-0.0037,0.9997,0,0,13.6396,-1.2923,1]},
{"frame":52,"values":[0.9995,0.0179,-0.0242,0,-0.0179,0.9998,0.0038,0,0.0243,-0.0033,0.9997,0,0,13.6396,-1.2923,1]},
{"frame":53,"values":[0.9995,0.018,-0.0263,0,-0.0179,0.9998,0.0034,0,0.0263,-0.0029,0.9996,0,0,13.6396,-1.2923,1]}],"loopBehavior":1,"name":"anim","property":"_matrix"}},
{"name":"boss:Neck","index":4,"matrix":[0.9975,-0.033,-0.063,0,0.0374,0.9968,0.0708,0,0.0605,-0.073,0.9955,0,0,13.8774,-4.3542,1],"rest":[1,0,0,0,0,1,0,0,0,0,1,0,0,13.8774,-4.3542,1],"parentBoneIndex":3,"length":4.4379
,"animation":{"dataType":3,"framePerSecond":24,"keys":[
{"frame":1,"values":[0.9975,-0.033,-0.063,0,0.0374,0.9968,0.0708,0,0.0605,-0.073,0.9955,0,0,13.8774,-4.3542,1]},
{"frame":2,"values":[0.9973,-0.032,-0.0658,0,0.0368,0.9967,0.0721,0,0.0632,-0.0743,0.9952,0,0,13.8774,-4.3542,1]},
{"frame":3,"values":[0.9971,-0.0317,-0.0694,0,0.0368,0.9966,0.0739,0,0.0668,-0.0762,0.9948,0,0,13.8774,-4.3542,1]},
{"frame":4,"values":[0.9968,-0.0319,-0.074,0,0.0377,0.9962,0.0779,0,0.0712,-0.0805,0.9942,0,0,13.8774,-4.3542,1]},
{"frame":5,"values":[0.9962,-0.0346,-0.0798,0,0.0412,0.9957,0.0825,0,0.0766,-0.0855,0.9934,0,0,13.8774,-4.3542,1]},
{"frame":6,"values":[0.9955,-0.0401,-0.0862,0,0.0473,0.9953,0.0841,0,0.0824,-0.0878,0.9927,0,0,13.8774,-4.3542,1]},
{"frame":7,"values":[0.9947,-0.0452,-0.092,0,0.0529,0.9952,0.0829,0,0.0879,-0.0873,0.9923,0,0,13.8774,-4.3542,1]},
{"frame":8,"values":[0.9942,-0.0479,-0.0966,0,0.0557,0.9953,0.0794,0,0.0923,-0.0843,0.9922,0,0,13.8774,-4.3542,1]},
{"frame":9,"values":[0.9938,-0.049,-0.1001,0,0.0566,0.9956,0.0741,0,0.096,-0.0793,0.9922,0,0,13.8774,-4.3542,1]},
{"frame":10,"values":[0.9934,-0.0504,-0.1034,0,0.0577,0.996,0.0686,0,0.0995,-0.0741,0.9923,0,0,13.8774,-4.3542,1]},
{"frame":11,"values":[0.9932,-0.0519,-0.1045,0,0.0589,0.9961,0.0653,0,0.1007,-0.071,0.9924,0,0,13.8774,-4.3542,1]},
{"frame":12,"values":[0.9935,-0.0516,-0.1016,0,0.0583,0.9962,0.065,0,0.0979,-0.0705,0.9927,0,0,13.8774,-4.3542,1]},
{"frame":13,"values":[0.9942,-0.0491,-0.0952,0,0.0557,0.9962,0.0676,0,0.0915,-0.0726,0.9932,0,0,13.8774,-4.3542,1]},
{"frame":14,"values":[0.995,-0.049,-0.0873,0,0.0555,0.9958,0.0735,0,0.0833,-0.078,0.9935,0,0,13.8774,-4.3542,1]},
{"frame":15,"values":[0.9954,-0.0537,-0.0789,0,0.0601,0.9949,0.0813,0,0.0741,-0.0857,0.9936,0,0,13.8774,-4.3542,1]},
{"frame":16,"values":[0.9957,-0.061,-0.0702,0,0.0672,0.9936,0.0904,0,0.0642,-0.0947,0.9934,0,0,13.8774,-4.3542,1]},
{"frame":17,"values":[0.9961,-0.0658,-0.0593,0,0.0715,0.9925,0.0994,0,0.0523,-0.1032,0.9933,0,0,13.8774,-4.3542,1]},
{"frame":18,"values":[0.997,-0.0623,-0.0454,0,0.0667,0.9923,0.1046,0,0.0385,-0.1073,0.9935,0,0,13.8774,-4.3542,1]},
{"frame":19,"values":[0.9982,-0.0516,-0.0302,0,0.0545,0.9932,0.1026,0,0.0247,-0.104,0.9943,0,0,13.8774,-4.3542,1]},
{"frame":20,"values":[0.9992,-0.0376,-0.0138,0,0.0387,0.9948,0.0941,0,0.0102,-0.0945,0.9955,0,0,13.8774,-4.3542,1]},
{"frame":21,"values":[0.9998,-0.0197,0.0045,0,0.0193,0.9965,0.081,0,-0.006,-0.0809,0.9967,0,0,13.8774,-4.3542,1]},
{"frame":22,"values":[0.9998,-0.0045,0.0204,0,0.0033,0.9985,0.0554,0,-0.0206,-0.0553,0.9983,0,0,13.8774,-4.3542,1]},
{"frame":23,"values":[0.9995,-0.0032,0.0305,0,0.0023,0.9996,0.0283,0,-0.0306,-0.0282,0.9991,0,0,13.8774,-4.3542,1]},
{"frame":24,"values":[0.9993,-0.0102,0.0353,0,0.0092,0.9995,0.0304,0,-0.0356,-0.0301,0.9989,0,0,13.8774,-4.3542,1]},
{"frame":25,"values":[0.999,-0.021,0.0391,0,0.0188,0.9983,0.0551,0,-0.0402,-0.0543,0.9977,0,0,13.8774,-4.3542,1]},
{"frame":26,"values":[0.9985,-0.0293,0.0458,0,0.0261,0.9974,0.0679,0,-0.0476,-0.0666,0.9966,0,0,13.8774,-4.3542,1]},
{"frame":27,"values":[0.9981,-0.0157,0.0593,0,0.0123,0.9982,0.0581,0,-0.0601,-0.0573,0.9965,0,0,13.8774,-4.3542,1]},
{"frame":28,"values":[0.9976,0.0017,0.0688,0,-0.0047,0.9991,0.0429,0,-0.0686,-0.0431,0.9967,0,0,13.8774,-4.3542,1]},
{"frame":29,"values":[0.9975,0.0074,0.0698,0,-0.0103,0.9991,0.0419,0,-0.0694,-0.0426,0.9967,0,0,13.8774,-4.3542,1]},
{"frame":30,"values":[0.9977,0.0059,0.0671,0,-0.0093,0.9987,0.0506,0,-0.0667,-0.0511,0.9965,0,0,13.8774,-4.3542,1]},
{"frame":31,"values":[0.998,0.0056,0.0635,0,-0.0093,0.9983,0.0579,0,-0.0631,-0.0583,0.9963,0,0,13.8774,-4.3542,1]},
{"frame":32,"values":[0.9982,0.0079,0.0588,0,-0.0115,0.9981,0.0605,0,-0.0582,-0.061,0.9964,0,0,13.8774,-4.3542,1]},
{"frame":33,"values":[0.9986,0.0096,0.0521,0,-0.0128,0.9981,0.0604,0,-0.0514,-0.061,0.9968,0,0,13.8774,-4.3542,1]},
{"frame":34,"values":[0.999,0.0088,0.0434,0,-0.0114,0.9981,0.0607,0,-0.0427,-0.0611,0.9972,0,0,13.8774,-4.3542,1]},
{"frame":35,"values":[0.9994,0.007,0.0341,0,-0.0091,0.998,0.062,0,-0.0336,-0.0623,0.9975,0,0,13.8774,-4.3542,1]},
{"frame":36,"values":[0.9997,0.006,0.0252,0,-0.0075,0.998,0.0633,0,-0.0248,-0.0635,0.9977,0,0,13.8774,-4.3542,1]},
{"frame":37,"values":[0.9999,0.0043,0.0146,0,-0.0053,0.9979,0.0646,0,-0.0143,-0.0647,0.9978,0,0,13.8774,-4.3542,1]},
{"frame":38,"values":[1,-0.0001,0.0017,0,0,0.9978,0.0665,0,-0.0017,-0.0665,0.9978,0,0,13.8774,-4.3542,1]},
{"frame":39,"values":[0.9999,-0.0058,-0.0123,0,0.0067,0.9976,0.0683,0,0.0119,-0.0684,0.9976,0,0,13.8774,-4.3542,1]},
{"frame":40,"values":[0.9996,-0.0122,-0.0271,0,0.014,0.9975,0.0698,0,0.0262,-0.0701,0.9972,0,0,13.8774,-4.3542,1]},
{"frame":41,"values":[0.9989,-0.0199,-0.0422,0,0.0228,0.9972,0.0708,0,0.0406,-0.0717,0.9966,0,0,13.8774,-4.3542,1]},
{"frame":42,"values":[0.998,-0.0287,-0.056,0,0.0326,0.9969,0.0716,0,0.0538,-0.0733,0.9959,0,0,13.8774,-4.3542,1]},
{"frame":43,"values":[0.9971,-0.0361,-0.0664,0,0.0409,0.9965,0.0724,0,0.0636,-0.0749,0.9952,0,0,13.8774,-4.3542,1]},
{"frame":44,"values":[0.9965,-0.0416,-0.0718,0,0.0468,0.9962,0.0733,0,0.0685,-0.0764,0.9947,0,0,13.8774,-4.3542,1]},
{"frame":45,"values":[0.9962,-0.0463,-0.0741,0,0.0517,0.996,0.0735,0,0.0704,-0.077,0.9945,0,0,13.8774,-4.3542,1]},
{"frame":46,"values":[0.9959,-0.0489,-0.0757,0,0.0544,0.9959,0.0721,0,0.0719,-0.076,0.9945,0,0,13.8774,-4.3542,1]},
{"frame":47,"values":[0.9959,-0.0485,-0.0763,0,0.0538,0.9961,0.0699,0,0.0727,-0.0737,0.9946,0,0,13.8774,-4.3542,1]},
{"frame":48,"values":[0.996,-0.0461,-0.0759,0,0.0513,0.9964,0.0674,0,0.0725,-0.0711,0.9948,0,0,13.8774,-4.3542,1]},
{"frame":49,"values":[0.9962,-0.0439,-0.0748,0,0.0488,0.9966,0.0657,0,0.0717,-0.0692,0.995,0,0,13.8774,-4.3542,1]},
{"frame":50,"values":[0.9965,-0.0412,-0.0726,0,0.046,0.9968,0.0654,0,0.0697,-0.0686,0.9952,0,0,13.8774,-4.3542,1]},
{"frame":51,"values":[0.9969,-0.0375,-0.0692,0,0.0421,0.9969,0.0664,0,0.0665,-0.0691,0.9954,0,0,13.8774,-4.3542,1]},
{"frame":52,"values":[0.9973,-0.0341,-0.0654,0,0.0385,0.9969,0.0682,0,0.0629,-0.0706,0.9955,0,0,13.8774,-4.3542,1]},
{"frame":53,"values":[0.9975,-0.033,-0.063,0,0.0374,0.9968,0.0708,0,0.0605,-0.073,0.9955,0,0,13.8774,-4.3542,1]}],"loopBehavior":1,"name":"anim","property":"_matrix"}},
{"name":"boss:Neck1","index":5,"matrix":[0.9975,-0.033,-0.063,0,0.0374,0.9968,0.0708,0,0.0605,-0.073,0.9955,0,0,4.34,0.9269,1],"rest":[1,0,0,0,0,1,0,0,0,0,1,0,0,4.34,0.9269,1],"parentBoneIndex":4,"length":4.1171
,"animation":{"dataType":3,"framePerSecond":24,"keys":[
{"frame":1,"values":[0.9975,-0.033,-0.063,0,0.0374,0.9968,0.0708,0,0.0605,-0.073,0.9955,0,0,4.34,0.9269,1]},
{"frame":2,"values":[0.9973,-0.032,-0.0658,0,0.0368,0.9967,0.0721,0,0.0632,-0.0743,0.9952,0,0,4.34,0.9269,1]},
{"frame":3,"values":[0.9971,-0.0317,-0.0694,0,0.0368,0.9966,0.0739,0,0.0668,-0.0762,0.9948,0,0,4.34,0.9269,1]},
{"frame":4,"values":[0.9967,-0.0319,-0.074,0,0.0377,0.9962,0.0779,0,0.0712,-0.0805,0.9942,0,0,4.34,0.9269,1]},
{"frame":5,"values":[0.9962,-0.0346,-0.0798,0,0.0412,0.9957,0.0825,0,0.0766,-0.0855,0.9934,0,0,4.34,0.9269,1]},
{"frame":6,"values":[0.9955,-0.0401,-0.0862,0,0.0473,0.9953,0.0841,0,0.0824,-0.0878,0.9927,0,0,4.34,0.9269,1]},
{"frame":7,"values":[0.9947,-0.0452,-0.092,0,0.0529,0.9952,0.0829,0,0.0878,-0.0873,0.9923,0,0,4.34,0.9269,1]},
{"frame":8,"values":[0.9942,-0.0479,-0.0966,0,0.0557,0.9953,0.0794,0,0.0923,-0.0843,0.9922,0,0,4.34,0.9269,1]},
{"frame":9,"values":[0.9938,-0.049,-0.1001,0,0.0566,0.9956,0.0741,0,0.096,-0.0793,0.9922,0,0,4.34,0.9269,1]},
{"frame":10,"values":[0.9934,-0.0504,-0.1034,0,0.0577,0.996,0.0686,0,0.0995,-0.0741,0.9923,0,0,4.34,0.9269,1]},
{"frame":11,"values":[0.9932,-0.0519,-0.1045,0,0.0589,0.9961,0.0653,0,0.1007,-0.071,0.9924,0,0,4.34,0.9269,1]},
{"frame":12,"values":[0.9935,-0.0516,-0.1016,0,0.0583,0.9962,0.065,0,0.0979,-0.0705,0.9927,0,0,4.34,0.9269,1]},
{"frame":13,"values":[0.9942,-0.0491,-0.0952,0,0.0557,0.9962,0.0676,0,0.0915,-0.0726,0.9932,0,0,4.34,0.9269,1]},
{"frame":14,"values":[0.995,-0.049,-0.0873,0,0.0555,0.9958,0.0735,0,0.0833,-0.078,0.9935,0,0,4.34,0.9269,1]},
{"frame":15,"values":[0.9954,-0.0537,-0.0789,0,0.0601,0.9949,0.0813,0,0.0741,-0.0857,0.9936,0,0,4.34,0.9269,1]},
{"frame":16,"values":[0.9957,-0.061,-0.0702,0,0.0672,0.9936,0.0904,0,0.0642,-0.0947,0.9934,0,0,4.34,0.9269,1]},
{"frame":17,"values":[0.9961,-0.0658,-0.0593,0,0.0715,0.9925,0.0994,0,0.0523,-0.1032,0.9933,0,0,4.34,0.9269,1]},
{"frame":18,"values":[0.997,-0.0623,-0.0454,0,0.0667,0.9923,0.1046,0,0.0385,-0.1073,0.9935,0,0,4.34,0.9269,1]},
{"frame":19,"values":[0.9982,-0.0516,-0.0302,0,0.0545,0.9932,0.1026,0,0.0247,-0.104,0.9943,0,0,4.34,0.9269,1]},
{"frame":20,"values":[0.9992,-0.0376,-0.0138,0,0.0387,0.9948,0.0941,0,0.0102,-0.0945,0.9955,0,0,4.34,0.9269,1]},
{"frame":21,"values":[0.9998,-0.0197,0.0045,0,0.0193,0.9965,0.081,0,-0.006,-0.0809,0.9967,0,0,4.34,0.9269,1]},
{"frame":22,"values":[0.9998,-0.0045,0.0204,0,0.0033,0.9985,0.0554,0,-0.0206,-0.0553,0.9983,0,0,4.34,0.9269,1]},
{"frame":23,"values":[0.9995,-0.0032,0.0305,0,0.0023,0.9996,0.0283,0,-0.0306,-0.0282,0.9991,0,0,4.34,0.9269,1]},
{"frame":24,"values":[0.9993,-0.0102,0.0353,0,0.0092,0.9995,0.0304,0,-0.0356,-0.0301,0.9989,0,0,4.34,0.9269,1]},
{"frame":25,"values":[0.999,-0.021,0.0391,0,0.0188,0.9983,0.0551,0,-0.0402,-0.0543,0.9977,0,0,4.34,0.9269,1]},
{"frame":26,"values":[0.9985,-0.0293,0.0458,0,0.0261,0.9974,0.0679,0,-0.0476,-0.0666,0.9966,0,0,4.34,0.9269,1]},
{"frame":27,"values":[0.9981,-0.0157,0.0593,0,0.0123,0.9982,0.0581,0,-0.0601,-0.0573,0.9965,0,0,4.34,0.9269,1]},
{"frame":28,"values":[0.9976,0.0017,0.0688,0,-0.0047,0.9991,0.0429,0,-0.0686,-0.0431,0.9967,0,0,4.34,0.9269,1]},
{"frame":29,"values":[0.9975,0.0074,0.0698,0,-0.0103,0.9991,0.0419,0,-0.0694,-0.0426,0.9967,0,0,4.34,0.9269,1]},
{"frame":30,"values":[0.9977,0.0059,0.0671,0,-0.0093,0.9987,0.0506,0,-0.0667,-0.0511,0.9965,0,0,4.34,0.9269,1]},
{"frame":31,"values":[0.998,0.0056,0.0635,0,-0.0093,0.9983,0.0579,0,-0.0631,-0.0583,0.9963,0,0,4.34,0.9269,1]},
{"frame":32,"values":[0.9982,0.0079,0.0588,0,-0.0115,0.9981,0.0605,0,-0.0582,-0.061,0.9964,0,0,4.34,0.9269,1]},
{"frame":33,"values":[0.9986,0.0096,0.0521,0,-0.0128,0.9981,0.0604,0,-0.0514,-0.061,0.9968,0,0,4.34,0.9269,1]},
{"frame":34,"values":[0.999,0.0088,0.0434,0,-0.0114,0.9981,0.0607,0,-0.0427,-0.0611,0.9972,0,0,4.34,0.9269,1]},
{"frame":35,"values":[0.9994,0.007,0.0341,0,-0.0091,0.998,0.062,0,-0.0336,-0.0623,0.9975,0,0,4.34,0.9269,1]},
{"frame":36,"values":[0.9997,0.006,0.0252,0,-0.0075,0.998,0.0633,0,-0.0248,-0.0635,0.9977,0,0,4.34,0.9269,1]},
{"frame":37,"values":[0.9999,0.0043,0.0146,0,-0.0053,0.9979,0.0646,0,-0.0143,-0.0647,0.9978,0,0,4.34,0.9269,1]},
{"frame":38,"values":[1,-0.0001,0.0017,0,0,0.9978,0.0665,0,-0.0017,-0.0665,0.9978,0,0,4.34,0.9269,1]},
{"frame":39,"values":[0.9999,-0.0058,-0.0123,0,0.0067,0.9976,0.0683,0,0.0119,-0.0684,0.9976,0,0,4.34,0.9269,1]},
{"frame":40,"values":[0.9996,-0.0122,-0.0271,0,0.014,0.9975,0.0698,0,0.0262,-0.0701,0.9972,0,0,4.34,0.9269,1]},
{"frame":41,"values":[0.9989,-0.0199,-0.0422,0,0.0228,0.9972,0.0708,0,0.0406,-0.0717,0.9966,0,0,4.34,0.9269,1]},
{"frame":42,"values":[0.998,-0.0287,-0.056,0,0.0326,0.9969,0.0716,0,0.0538,-0.0733,0.9959,0,0,4.34,0.9269,1]},
{"frame":43,"values":[0.9971,-0.0361,-0.0664,0,0.0409,0.9965,0.0724,0,0.0636,-0.0749,0.9952,0,0,4.34,0.9269,1]},
{"frame":44,"values":[0.9965,-0.0416,-0.0718,0,0.0468,0.9962,0.0733,0,0.0685,-0.0764,0.9947,0,0,4.34,0.9269,1]},
{"frame":45,"values":[0.9962,-0.0463,-0.0741,0,0.0517,0.996,0.0735,0,0.0704,-0.077,0.9945,0,0,4.34,0.9269,1]},
{"frame":46,"values":[0.9959,-0.0489,-0.0757,0,0.0544,0.9959,0.0721,0,0.0719,-0.076,0.9945,0,0,4.34,0.9269,1]},
{"frame":47,"values":[0.9959,-0.0485,-0.0763,0,0.0538,0.9961,0.0699,0,0.0727,-0.0737,0.9946,0,0,4.34,0.9269,1]},
{"frame":48,"values":[0.996,-0.0461,-0.0759,0,0.0513,0.9964,0.0674,0,0.0725,-0.0711,0.9948,0,0,4.34,0.9269,1]},
{"frame":49,"values":[0.9962,-0.0439,-0.0748,0,0.0488,0.9966,0.0658,0,0.0717,-0.0692,0.995,0,0,4.34,0.9269,1]},
{"frame":50,"values":[0.9965,-0.0412,-0.0726,0,0.046,0.9968,0.0654,0,0.0697,-0.0686,0.9952,0,0,4.34,0.9269,1]},
{"frame":51,"values":[0.9969,-0.0375,-0.0692,0,0.0421,0.9969,0.0664,0,0.0665,-0.0691,0.9954,0,0,4.34,0.9269,1]},
{"frame":52,"values":[0.9973,-0.0341,-0.0654,0,0.0385,0.9969,0.0682,0,0.0629,-0.0706,0.9955,0,0,4.34,0.9269,1]},
{"frame":53,"values":[0.9975,-0.033,-0.063,0,0.0374,0.9968,0.0708,0,0.0605,-0.073,0.9955,0,0,4.34,0.9269,1]}],"loopBehavior":1,"name":"anim","property":"_matrix"}},
{"name":"boss:Head","index":6,"matrix":[0.9975,-0.033,-0.063,0,0.0374,0.9968,0.0708,0,0.0605,-0.073,0.9955,0,0,4.0266,0.8585,1],"rest":[1,0,0,0,0,1,0,0,0,0,1,0,0,4.0266,0.8585,1],"parentBoneIndex":5,"length":4.1171
,"animation":{"dataType":3,"framePerSecond":24,"keys":[
{"frame":1,"values":[0.9975,-0.033,-0.063,0,0.0374,0.9968,0.0708,0,0.0605,-0.073,0.9955,0,0,4.0266,0.8585,1]},
{"frame":2,"values":[0.9973,-0.032,-0.0658,0,0.0368,0.9967,0.0721,0,0.0632,-0.0743,0.9952,0,0,4.0266,0.8585,1]},
{"frame":3,"values":[0.9971,-0.0317,-0.0694,0,0.0368,0.9966,0.0739,0,0.0668,-0.0762,0.9948,0,0,4.0266,0.8585,1]},
