{"producer":{"name":"Blender","version":"2.90.0","exporter_version":"2.80.1","file":"fight_rightelbow.babylon"},
"autoClear":true,"clearColor":[0.0509,0.0509,0.0509],"gravity":[0,-9.81,0],
"materials":[{"name":"Material","id":"Material","customType":"BABYLON.PBRMaterial","backFaceCulling":true,"checkReadyOnlyOnce":false,"maxSimultaneousLights":4,"environmentIntensity":1,"albedo":[0.8,0.8,0.8],"reflectivity":[0.5,0.5,0.5],"roughness":0.4,"alpha":1,"transparencyMode":0,"alphaCutOff":0.4,"metallic":0}],
"multiMaterials":[],
"skeletons":[{"name":"Armature","id":0,"dimensionsAtRest":[188.1767,172.4535,15.5905],"bones":[
{"name":"boss:Hips","index":0,"matrix":[0.841,0.0105,-0.541,0,-0.0273,0.9994,-0.023,0,-0.5404,-0.0341,-0.8407,0,-0.2928,86.5411,0.1346,1],"rest":[1,0,0,0,0,1,0,0,0,0,-1,0,0,96.3794,0,1],"parentBoneIndex":-1,"length":9.9032
,"animation":{"dataType":3,"framePerSecond":24,"keys":[
{"frame":1,"values":[0.841,0.0105,-0.541,0,-0.0273,0.9994,-0.023,0,-0.5404,-0.0341,-0.8407,0,-0.2928,86.5411,0.1346,1]},
{"frame":2,"values":[0.832,0.0178,-0.5545,0,-0.0284,0.9995,-0.0105,0,-0.554,-0.0245,-0.8321,0,-0.2457,85.3619,-0.0445,1]},
{"frame":3,"values":[0.815,0.0208,-0.5792,0,-0.0284,0.9996,-0.0041,0,-0.5788,-0.0197,-0.8152,0,-0.0834,84.0936,-1.074,1]},
{"frame":4,"values":[0.7969,0.0224,-0.6037,0,-0.0282,0.9996,-0.0002,0,-0.6034,-0.0172,-0.7972,0,0.2191,82.8249,-3.0859,1]},
{"frame":5,"values":[0.7825,0.028,-0.622,0,-0.0351,0.9994,0.001,0,-0.6217,-0.021,-0.783,0,0.7261,81.7848,-5.5975,1]},
{"frame":6,"values":[0.7677,0.0349,-0.6399,0,-0.0464,0.9989,-0.0012,0,-0.6392,-0.0307,-0.7685,0,1.5441,80.6516,-8.7518,1]},
{"frame":7,"values":[0.7559,0.0406,-0.6534,0,-0.0655,0.9978,-0.0138,0,-0.6514,-0.0532,-0.7569,0,2.59,79.4384,-12.6482,1]},
{"frame":8,"values":[0.7564,0.0289,-0.6535,0,-0.0802,0.9956,-0.0488,0,-0.6492,-0.0893,-0.7553,0,3.5656,78.4574,-17.5757,1]},
{"frame":9,"values":[0.7838,0.0065,-0.621,0,-0.0822,0.9922,-0.0934,0,-0.6156,-0.1242,-0.7782,0,4.1433,77.7239,-23.7992,1]},
{"frame":10,"values":[0.8441,-0.0116,-0.536,0,-0.07,0.9888,-0.1315,0,-0.5316,-0.1485,-0.8339,0,4.54,77.0508,-31.5223,1]},
{"frame":11,"values":[0.9105,-0.0106,-0.4133,0,-0.0472,0.9905,-0.1293,0,-0.4108,-0.1373,-0.9013,0,4.8965,76.168,-40.3844,1]},
{"frame":12,"values":[0.9589,0.0112,-0.2834,0,-0.0366,0.9957,-0.0845,0,-0.2812,-0.0915,-0.9553,0,5.4402,75.0345,-48.7662,1]},
{"frame":13,"values":[0.9947,0.0586,-0.0839,0,-0.0615,0.9976,-0.032,0,-0.0818,-0.037,-0.996,0,5.5492,73.5415,-54.9737,1]},
{"frame":14,"values":[0.9883,0.1379,0.0648,0,-0.136,0.9902,-0.0328,0,0.0687,-0.0236,-0.9974,0,5.7151,73.185,-59.7157,1]},
{"frame":15,"values":[0.9598,0.1673,0.2256,0,-0.1498,0.9844,-0.0929,0,0.2376,-0.0554,-0.9698,0,5.4318,73.7967,-63.3598,1]},
{"frame":16,"values":[0.929,0.1854,0.3204,0,-0.1498,0.9798,-0.1329,0,0.3386,-0.0755,-0.9379,0,5.0041,74.7313,-66.1471,1]},
{"frame":17,"values":[0.9358,0.1752,0.3061,0,-0.1428,0.9818,-0.1254,0,0.3224,-0.0737,-0.9437,0,5.0447,75.7952,-67.4249,1]},
{"frame":18,"values":[0.9584,0.1579,0.2377,0,-0.1333,0.9842,-0.1165,0,0.2523,-0.08,-0.9643,0,5.2049,77.1744,-67.8722,1]},
{"frame":19,"values":[0.9811,0.1145,0.1559,0,-0.0989,0.9896,-0.1046,0,0.1663,-0.0872,-0.9822,0,5.2819,78.5004,-67.6605,1]},
{"frame":20,"values":[0.9952,0.0663,0.0714,0,-0.0591,0.9934,-0.0981,0,0.0774,-0.0934,-0.9926,0,5.4048,79.5159,-66.7961,1]},
{"frame":21,"values":[0.9992,0.0279,-0.0269,0,-0.0301,0.9957,-0.0879,0,-0.0243,-0.0886,-0.9958,0,5.6488,79.9807,-65.5595,1]},
{"frame":22,"values":[0.9915,-0.0038,-0.1303,0,-0.0044,0.998,-0.0627,0,-0.1303,-0.0627,-0.9895,0,5.9016,79.8519,-64.1201,1]},
{"frame":23,"values":[0.9708,-0.0236,-0.2389,0,0.018,0.9995,-0.0258,0,-0.2394,-0.0208,-0.9707,0,5.9815,79.2009,-62.2955,1]},
{"frame":24,"values":[0.9409,-0.0295,-0.3375,0,0.036,0.9993,0.0129,0,-0.3368,0.0243,-0.9412,0,5.7937,78.6012,-60.0022,1]},
{"frame":25,"values":[0.911,-0.0168,-0.4121,0,0.0395,0.9981,0.0466,0,-0.4106,0.0587,-0.9099,0,5.2119,78.3246,-56.9208,1]},
{"frame":26,"values":[0.888,0.0097,-0.4598,0,0.0253,0.9972,0.0699,0,-0.4592,0.0738,-0.8853,0,4.1333,78.4511,-52.7209,1]},
{"frame":27,"values":[0.8774,0.0327,-0.4787,0,0.0052,0.997,0.0775,0,-0.4798,0.0705,-0.8746,0,2.7704,79.1066,-47.7405,1]},
{"frame":28,"values":[0.8834,0.0366,-0.4673,0,-0.0052,0.9976,0.0684,0,-0.4687,0.058,-0.8815,0,1.4951,80.0263,-42.4456,1]},
{"frame":29,"values":[0.8925,0.0426,-0.4491,0,-0.0146,0.9977,0.0656,0,-0.4508,0.052,-0.8911,0,0.6916,80.842,-37.2857,1]},
{"frame":30,"values":[0.9022,0.0499,-0.4284,0,-0.0238,0.9975,0.0662,0,-0.4307,0.0495,-0.9012,0,0.0414,82.1912,-32.4475,1]},
{"frame":31,"values":[0.9104,0.0459,-0.4112,0,-0.0237,0.998,0.0589,0,-0.4131,0.0439,-0.9096,0,-0.3423,84.6096,-28.0612,1]},
{"frame":32,"values":[0.8974,0.0414,-0.4393,0,-0.028,0.9989,0.0368,0,-0.4403,0.0207,-0.8976,0,-0.1203,87.5007,-24.3487,1]},
{"frame":33,"values":[0.8659,0.0274,-0.4994,0,-0.0324,0.9995,-0.0014,0,-0.4991,-0.0174,-0.8664,0,0.5141,89.8609,-21.4351,1]},
{"frame":34,"values":[0.8218,0.003,-0.5697,0,-0.0384,0.998,-0.0502,0,-0.5685,-0.0631,-0.8203,0,1.1761,91.4314,-18.8845,1]},
{"frame":35,"values":[0.775,-0.0284,-0.6314,0,-0.0364,0.9953,-0.0895,0,-0.631,-0.0924,-0.7703,0,1.6892,91.9541,-16.4949,1]},
{"frame":36,"values":[0.7484,-0.0455,-0.6617,0,-0.0335,0.9938,-0.1062,0,-0.6624,-0.1017,-0.7422,0,2.2336,91.8915,-14.3972,1]},
{"frame":37,"values":[0.7584,-0.045,-0.6502,0,-0.0284,0.9944,-0.1021,0,-0.6511,-0.0959,-0.7529,0,2.4359,91.2273,-11.9162,1]},
{"frame":38,"values":[0.782,-0.0228,-0.6228,0,-0.0333,0.9964,-0.0783,0,-0.6224,-0.082,-0.7784,0,1.9329,90.3206,-9.0221,1]},
{"frame":39,"values":[0.8082,-0.0008,-0.5889,0,-0.0373,0.9979,-0.0525,0,-0.5878,-0.0644,-0.8065,0,0.9755,89.3336,-5.8344,1]},
{"frame":40,"values":[0.8285,0.0047,-0.56,0,-0.0327,0.9987,-0.04,0,-0.559,-0.0515,-0.8276,0,0.1804,88.4427,-2.7234,1]},
{"frame":41,"values":[0.8393,0.0045,-0.5436,0,-0.0275,0.999,-0.0342,0,-0.5429,-0.0437,-0.8386,0,-0.2049,87.5445,-0.6202,1]},
{"frame":42,"values":[0.841,0.0105,-0.541,0,-0.0273,0.9994,-0.023,0,-0.5404,-0.0341,-0.8407,0,-0.2928,86.5411,0.1346,1]}],"loopBehavior":1,"name":"anim","property":"_matrix"}},
{"name":"boss:Spine","index":1,"matrix":[0.9923,0.0822,-0.0929,0,-0.0597,0.9728,0.2239,0,0.1088,-0.2166,0.9702,0,0,9.2263,1.5771,1],"rest":[1,0,0,0,0,1,0,0,0,0,1,0,0,9.2263,1.5771,1],"parentBoneIndex":0,"length":16.2548
,"animation":{"dataType":3,"framePerSecond":24,"keys":[
{"frame":1,"values":[0.9923,0.0822,-0.0929,0,-0.0597,0.9728,0.2239,0,0.1088,-0.2166,0.9702,0,0,9.2263,1.5771,1]},
{"frame":2,"values":[0.9906,0.0956,-0.0974,0,-0.0703,0.969,0.2367,0,0.117,-0.2276,0.9667,0,0,9.2263,1.5771,1]},
{"frame":3,"values":[0.9891,0.1089,-0.0992,0,-0.082,0.9664,0.2437,0,0.1224,-0.2329,0.9648,0,0,9.2263,1.5771,1]},
{"frame":4,"values":[0.9892,0.1172,-0.0881,0,-0.0919,0.9639,0.2501,0,0.1143,-0.2393,0.9642,0,0,9.2263,1.5771,1]},
{"frame":5,"values":[0.9907,0.1192,-0.0663,0,-0.0988,0.962,0.2545,0,0.0941,-0.2455,0.9648,0,0,9.2263,1.5771,1]},
{"frame":6,"values":[0.9925,0.1179,-0.0323,0,-0.1056,0.9601,0.259,0,0.0616,-0.2537,0.9653,0,0,9.2263,1.5771,1]},
{"frame":7,"values":[0.9928,0.12,-0.0039,0,-0.1152,0.961,0.2514,0,0.0339,-0.2491,0.9679,0,0,9.2263,1.5771,1]},
{"frame":8,"values":[0.991,0.1277,0.0391,0,-0.1332,0.9665,0.2194,0,-0.0097,-0.2227,0.9748,0,0,9.2263,1.5771,1]},
{"frame":9,"values":[0.9873,0.1451,0.0641,0,-0.1537,0.9752,0.1593,0,-0.0394,-0.1671,0.9852,0,0,9.2263,1.5771,1]},
{"frame":10,"values":[0.9829,0.1811,0.0344,0,-0.1832,0.9802,0.075,0,-0.0201,-0.08,0.9966,0,0,9.2263,1.5771,1]},
{"frame":11,"values":[0.9783,0.1973,-0.0632,0,-0.1967,0.9803,0.0147,0,0.0648,-0.0019,0.9979,0,0,9.2263,1.5771,1]},
{"frame":12,"values":[0.9676,0.1601,-0.1952,0,-0.1631,0.9866,0.0008,0,0.1927,0.0311,0.9808,0,0,9.2263,1.5771,1]},
{"frame":13,"values":[0.9369,0.1209,-0.3281,0,-0.1115,0.9926,0.0475,0,0.3314,-0.0079,0.9435,0,0,9.2263,1.5771,1]},
{"frame":14,"values":[0.8935,0.0708,-0.4435,0,-0.024,0.9936,0.1104,0,0.4485,-0.088,0.8894,0,0,9.2263,1.5771,1]},
{"frame":15,"values":[0.8796,0.038,-0.4741,0,0.0129,0.9945,0.1036,0,0.4755,-0.0973,0.8743,0,0,9.2263,1.5771,1]},
{"frame":16,"values":[0.886,0.0104,-0.4636,0,0.0383,0.9947,0.0954,0,0.4622,-0.1022,0.8809,0,0,9.2263,1.5771,1]},
{"frame":17,"values":[0.8998,0.0286,-0.4354,0,0.0329,0.9906,0.133,0,0.435,-0.134,0.8904,0,0,9.2263,1.5771,1]},
{"frame":18,"values":[0.9129,0.0356,-0.4066,0,0.0371,0.9849,0.1694,0,0.4064,-0.1697,0.8978,0,0,9.2263,1.5771,1]},
{"frame":19,"values":[0.9314,0.0534,-0.3601,0,0.0216,0.9793,0.201,0,0.3634,-0.195,0.911,0,0,9.2263,1.5771,1]},
{"frame":20,"values":[0.9514,0.0709,-0.2997,0,-0.0031,0.9753,0.221,0,0.308,-0.2093,0.9281,0,0,9.2263,1.5771,1]},
{"frame":21,"values":[0.966,0.0763,-0.2471,0,-0.0178,0.9728,0.2309,0,0.258,-0.2186,0.9411,0,0,9.2263,1.5771,1]},
{"frame":22,"values":[0.9769,0.0796,-0.1983,0,-0.0307,0.9707,0.2384,0,0.2115,-0.2268,0.9507,0,0,9.2263,1.5771,1]},
{"frame":23,"values":[0.983,0.0797,-0.1655,0,-0.0368,0.9681,0.2477,0,0.18,-0.2374,0.9546,0,0,9.2263,1.5771,1]},
{"frame":24,"values":[0.9858,0.0815,-0.1469,0,-0.0416,0.9656,0.2567,0,0.1628,-0.2469,0.9553,0,0,9.2263,1.5771,1]},
{"frame":25,"values":[0.9873,0.081,-0.1366,0,-0.0436,0.9652,0.2578,0,0.1527,-0.2486,0.9565,0,0,9.2263,1.5771,1]},
{"frame":26,"values":[0.9884,0.0729,-0.1336,0,-0.0372,0.9669,0.2525,0,0.1476,-0.2446,0.9583,0,0,9.2263,1.5771,1]},
{"frame":27,"values":[0.9879,0.0743,-0.1362,0,-0.0396,0.9695,0.2419,0,0.15,-0.2336,0.9607,0,0,9.2263,1.5771,1]},
{"frame":28,"values":[0.9863,0.1009,-0.1304,0,-0.069,0.971,0.2291,0,0.1498,-0.217,0.9646,0,0,9.2263,1.5771,1]},
{"frame":29,"values":[0.9861,0.1186,-0.1159,0,-0.0893,0.9687,0.2317,0,0.1398,-0.2182,0.9658,0,0,9.2263,1.5771,1]},
{"frame":30,"values":[0.9884,0.1187,-0.095,0,-0.0922,0.9649,0.2461,0,0.1209,-0.2344,0.9646,0,0,9.2263,1.5771,1]},
{"frame":31,"values":[0.9904,0.1169,-0.0742,0,-0.093,0.9589,0.2681,0,0.1025,-0.2586,0.9605,0,0,9.2263,1.5771,1]},
{"frame":32,"values":[0.9918,0.1045,-0.0731,0,-0.0798,0.9555,0.2839,0,0.0995,-0.2758,0.9561,0,0,9.2263,1.5771,1]},
{"frame":33,"values":[0.9927,0.0893,-0.0808,0,-0.0635,0.9584,0.2782,0,0.1022,-0.271,0.9571,0,0,9.2263,1.5771,1]},
{"frame":34,"values":[0.9926,0.0768,-0.0938,0,-0.0507,0.9656,0.2549,0,0.1102,-0.2483,0.9624,0,0,9.2263,1.5771,1]},
{"frame":35,"values":[0.9922,0.073,-0.1012,0,-0.0479,0.9718,0.2309,0,0.1152,-0.2243,0.9677,0,0,9.2263,1.5771,1]},
{"frame":36,"values":[0.9933,0.0699,-0.0922,0,-0.049,0.976,0.2123,0,0.1048,-0.2064,0.9728,0,0,9.2263,1.5771,1]},
{"frame":37,"values":[0.9949,0.0685,-0.0741,0,-0.0516,0.9765,0.2093,0,0.0867,-0.2044,0.975,0,0,9.2263,1.5771,1]},
{"frame":38,"values":[0.997,0.0423,-0.065,0,-0.0276,0.9768,0.2126,0,0.0724,-0.2102,0.975,0,0,9.2263,1.5771,1]},
{"frame":39,"values":[0.9979,0.025,-0.0601,0,-0.0118,0.9774,0.2111,0,0.064,-0.2099,0.9756,0,0,9.2263,1.5771,1]},
{"frame":40,"values":[0.9971,0.0409,-0.0643,0,-0.0267,0.9778,0.2079,0,0.0714,-0.2055,0.976,0,0,9.2263,1.5771,1]},
{"frame":41,"values":[0.9945,0.0653,-0.0823,0,-0.0465,0.9761,0.2121,0,0.0942,-0.2071,0.9738,0,0,9.2263,1.5771,1]},
{"frame":42,"values":[0.9923,0.0822,-0.0929,0,-0.0597,0.9728,0.2239,0,0.1088,-0.2166,0.9702,0,0,9.2263,1.5771,1]}],"loopBehavior":1,"name":"anim","property":"_matrix"}},
{"name":"boss:Spine1","index":2,"matrix":[0.9995,0.0155,-0.0266,0,-0.0141,0.9987,0.0497,0,0.0274,-0.0493,0.9984,0,0,16.254,-0.1656,1],"rest":[1,0,0,0,0,1,0,0,0,0,1,0,0,16.254,-0.1656,1],"parentBoneIndex":1,"length":13.7007
,"animation":{"dataType":3,"framePerSecond":24,"keys":[
{"frame":1,"values":[0.9995,0.0155,-0.0266,0,-0.0141,0.9987,0.0497,0,0.0274,-0.0493,0.9984,0,0,16.254,-0.1656,1]},
{"frame":2,"values":[0.9994,0.0178,-0.0285,0,-0.0162,0.9985,0.0524,0,0.0294,-0.0519,0.9982,0,0,16.254,-0.1656,1]},
{"frame":3,"values":[0.9994,0.0201,-0.0294,0,-0.0185,0.9984,0.0537,0,0.0305,-0.0531,0.9981,0,0,16.254,-0.1656,1]},
{"frame":4,"values":[0.9994,0.0219,-0.027,0,-0.0204,0.9983,0.055,0,0.0281,-0.0545,0.9981,0,0,16.254,-0.1656,1]},
{"frame":5,"values":[0.9995,0.023,-0.0217,0,-0.0218,0.9982,0.0563,0,0.0229,-0.0558,0.9982,0,0,16.254,-0.1656,1]},
{"frame":6,"values":[0.9996,0.024,-0.0131,0,-0.0232,0.9981,0.0578,0,0.0145,-0.0575,0.9982,0,0,16.254,-0.1656,1]},
{"frame":7,"values":[0.9997,0.0256,-0.0055,0,-0.0253,0.9981,0.0566,0,0.007,-0.0565,0.9984,0,0,16.254,-0.1656,1]},
{"frame":8,"values":[0.9996,0.0285,0.0058,0,-0.0288,0.9983,0.0502,0,-0.0043,-0.0503,0.9987,0,0,16.254,-0.1656,1]},
{"frame":9,"values":[0.9994,0.0332,0.0129,0,-0.0337,0.9987,0.037,0,-0.0117,-0.0374,0.9992,0,0,16.254,-0.1656,1]},
{"frame":10,"values":[0.9991,0.0412,0.0062,0,-0.0413,0.999,0.0175,0,-0.0055,-0.0178,0.9998,0,0,16.254,-0.1656,1]},
{"frame":11,"values":[0.9989,0.0445,-0.0172,0,-0.0444,0.999,0.0022,0,0.0173,-0.0014,0.9998,0,0,16.254,-0.1656,1]},
{"frame":12,"values":[0.9981,0.037,-0.0497,0,-0.0372,0.9993,-0.0038,0,0.0495,0.0056,0.9988,0,0,16.254,-0.1656,1]},
{"frame":13,"values":[0.996,0.0286,-0.0845,0,-0.0283,0.9996,0.0044,0,0.0846,-0.002,0.9964,0,0,16.254,-0.1656,1]},
{"frame":14,"values":[0.9931,0.0143,-0.1168,0,-0.0121,0.9997,0.0195,0,0.117,-0.0179,0.993,0,0,16.254,-0.1656,1]},
{"frame":15,"values":[0.9921,0.0059,-0.125,0,-0.0037,0.9998,0.0184,0,0.1251,-0.0178,0.992,0,0,16.254,-0.1656,1]},
{"frame":16,"values":[0.9926,-0.0008,-0.1216,0,0.0031,0.9998,0.0182,0,0.1215,-0.0185,0.9924,0,0,16.254,-0.1656,1]},
{"frame":17,"values":[0.9935,0.0026,-0.114,0,0.0005,0.9996,0.0267,0,0.114,-0.0266,0.9931,0,0,16.254,-0.1656,1]},
{"frame":18,"values":[0.9943,0.0037,-0.1063,0,0.0001,0.9994,0.0357,0,0.1063,-0.0355,0.9937,0,0,16.254,-0.1656,1]},
{"frame":19,"values":[0.9956,0.0076,-0.0938,0,-0.0035,0.9991,0.0432,0,0.0941,-0.0427,0.9946,0,0,16.254,-0.1656,1]},
{"frame":20,"values":[0.9969,0.0118,-0.078,0,-0.0081,0.9988,0.0478,0,0.0784,-0.047,0.9958,0,0,16.254,-0.1656,1]},
{"frame":21,"values":[0.9978,0.0133,-0.0642,0,-0.0101,0.9987,0.0504,0,0.0648,-0.0497,0.9967,0,0,16.254,-0.1656,1]},
{"frame":22,"values":[0.9985,0.0144,-0.0519,0,-0.0117,0.9986,0.0522,0,0.0526,-0.0515,0.9973,0,0,16.254,-0.1656,1]},
{"frame":23,"values":[0.9989,0.0148,-0.0437,0,-0.0124,0.9985,0.0543,0,0.0444,-0.0537,0.9976,0,0,16.254,-0.1656,1]},
{"frame":24,"values":[0.9991,0.0152,-0.0392,0,-0.013,0.9983,0.0562,0,0.04,-0.0556,0.9977,0,0,16.254,-0.1656,1]},
{"frame":25,"values":[0.9992,0.0149,-0.0367,0,-0.0128,0.9983,0.0565,0,0.0375,-0.056,0.9977,0,0,16.254,-0.1656,1]},
{"frame":26,"values":[0.9993,0.0127,-0.0359,0,-0.0107,0.9984,0.0555,0,0.0365,-0.0551,0.9978,0,0,16.254,-0.1656,1]},
{"frame":27,"values":[0.9992,0.0122,-0.0372,0,-0.0102,0.9985,0.0532,0,0.0378,-0.0528,0.9979,0,0,16.254,-0.1656,1]},
{"frame":28,"values":[0.9991,0.0178,-0.0374,0,-0.0159,0.9986,0.05,0,0.0382,-0.0494,0.998,0,0,16.254,-0.1656,1]},
{"frame":29,"values":[0.9991,0.0219,-0.0351,0,-0.0201,0.9985,0.0506,0,0.0361,-0.0498,0.9981,0,0,16.254,-0.1656,1]},
{"frame":30,"values":[0.9993,0.0224,-0.0299,0,-0.0207,0.9983,0.0545,0,0.0311,-0.0538,0.9981,0,0,16.254,-0.1656,1]},
{"frame":31,"values":[0.9995,0.0227,-0.0241,0,-0.0212,0.998,0.0599,0,0.0254,-0.0594,0.9979,0,0,16.254,-0.1656,1]},
{"frame":32,"values":[0.9995,0.0203,-0.0226,0,-0.0188,0.9978,0.0636,0,0.0238,-0.0632,0.9977,0,0,16.254,-0.1656,1]},
{"frame":33,"values":[0.9996,0.0168,-0.0234,0,-0.0153,0.9979,0.0625,0,0.0244,-0.0621,0.9978,0,0,16.254,-0.1656,1]},
{"frame":34,"values":[0.9996,0.0143,-0.0258,0,-0.0128,0.9983,0.0575,0,0.0266,-0.0571,0.998,0,0,16.254,-0.1656,1]},
{"frame":35,"values":[0.9995,0.0145,-0.0276,0,-0.0131,0.9986,0.0522,0,0.0283,-0.0518,0.9983,0,0,16.254,-0.1656,1]},
{"frame":36,"values":[0.9996,0.0138,-0.0251,0,-0.0126,0.9988,0.0478,0,0.0257,-0.0475,0.9985,0,0,16.254,-0.1656,1]},
{"frame":37,"values":[0.9997,0.0137,-0.0203,0,-0.0127,0.9988,0.0469,0,0.0209,-0.0466,0.9987,0,0,16.254,-0.1656,1]},
{"frame":38,"values":[0.9998,0.0084,-0.0171,0,-0.0075,0.9988,0.048,0,0.0174,-0.0478,0.9987,0,0,16.254,-0.1656,1]},
{"frame":39,"values":[0.9999,0.0046,-0.0156,0,-0.0039,0.9988,0.0479,0,0.0158,-0.0478,0.9987,0,0,16.254,-0.1656,1]},
{"frame":40,"values":[0.9998,0.0077,-0.0175,0,-0.0068,0.9989,0.0468,0,0.0178,-0.0467,0.9988,0,0,16.254,-0.1656,1]},
{"frame":41,"values":[0.9997,0.0123,-0.023,0,-0.0112,0.9988,0.0473,0,0.0236,-0.0471,0.9986,0,0,16.254,-0.1656,1]},
{"frame":42,"values":[0.9995,0.0155,-0.0266,0,-0.0141,0.9987,0.0497,0,0.0274,-0.0493,0.9984,0,0,16.254,-0.1656,1]}],"loopBehavior":1,"name":"anim","property":"_matrix"}},
{"name":"boss:Spine2","index":3,"matrix":[0.9995,0.0151,-0.0272,0,-0.0137,0.9987,0.0495,0,0.0279,-0.0491,0.9984,0,0,13.6396,-1.2923,1],"rest":[1,0,0,0,0,1,0,0,0,0,1,0,0,13.6396,-1.2923,1],"parentBoneIndex":2,"length":13.1719
,"animation":{"dataType":3,"framePerSecond":24,"keys":[
{"frame":1,"values":[0.9995,0.0151,-0.0272,0,-0.0137,0.9987,0.0495,0,0.0279,-0.0491,0.9984,0,0,13.6396,-1.2923,1]},
{"frame":2,"values":[0.9994,0.0173,-0.0292,0,-0.0158,0.9985,0.0522,0,0.03,-0.0517,0.9982,0,0,13.6396,-1.2923,1]},
{"frame":3,"values":[0.9994,0.0197,-0.0301,0,-0.018,0.9984,0.0535,0,0.0312,-0.0529,0.9981,0,0,13.6396,-1.2923,1]},
{"frame":4,"values":[0.9994,0.0215,-0.0277,0,-0.02,0.9983,0.0549,0,0.0289,-0.0543,0.9981,0,0,13.6396,-1.2923,1]},
{"frame":5,"values":[0.9995,0.0227,-0.0224,0,-0.0214,0.9982,0.0561,0,0.0237,-0.0556,0.9982,0,0,13.6396,-1.2923,1]},
{"frame":6,"values":[0.9996,0.0238,-0.0138,0,-0.023,0.9981,0.0577,0,0.0152,-0.0574,0.9982,0,0,13.6396,-1.2923,1]},
{"frame":7,"values":[0.9997,0.0255,-0.006,0,-0.0252,0.9981,0.0566,0,0.0074,-0.0565,0.9984,0,0,13.6396,-1.2923,1]},
{"frame":8,"values":[0.9996,0.0286,0.0055,0,-0.0288,0.9983,0.0502,0,-0.004,-0.0503,0.9987,0,0,13.6396,-1.2923,1]},
{"frame":9,"values":[0.9994,0.0334,0.0128,0,-0.0338,0.9987,0.0369,0,-0.0116,-0.0373,0.9992,0,0,13.6396,-1.2923,1]},
{"frame":10,"values":[0.9991,0.0413,0.0062,0,-0.0414,0.999,0.0175,0,-0.0055,-0.0177,0.9998,0,0,13.6396,-1.2923,1]},
{"frame":11,"values":[0.9989,0.0445,-0.0171,0,-0.0444,0.999,0.0024,0,0.0172,-0.0016,0.9999,0,0,13.6396,-1.2923,1]},
{"frame":12,"values":[0.9981,0.0375,-0.0493,0,-0.0377,0.9993,-0.0035,0,0.0492,0.0053,0.9988,0,0,13.6396,-1.2923,1]},
{"frame":13,"values":[0.996,0.0296,-0.0841,0,-0.0294,0.9996,0.0043,0,0.0842,-0.0019,0.9964,0,0,13.6396,-1.2923,1]},
{"frame":14,"values":[0.993,0.015,-0.1169,0,-0.0129,0.9997,0.0185,0,0.1171,-0.0169,0.993,0,0,13.6396,-1.2923,1]},
{"frame":15,"values":[0.9921,0.0063,-0.1252,0,-0.0043,0.9999,0.0167,0,0.1253,-0.016,0.992,0,0,13.6396,-1.2923,1]},
{"frame":16,"values":[0.9925,-0.0007,-0.1218,0,0.0027,0.9999,0.0166,0,0.1218,-0.0168,0.9924,0,0,13.6396,-1.2923,1]},
{"frame":17,"values":[0.9934,0.0026,-0.1144,0,0.0003,0.9997,0.0253,0,0.1144,-0.0252,0.9931,0,0,13.6396,-1.2923,1]},
{"frame":18,"values":[0.9943,0.0037,-0.1067,0,0,0.9994,0.0346,0,0.1067,-0.0344,0.9937,0,0,13.6396,-1.2923,1]},
{"frame":19,"values":[0.9955,0.0075,-0.0941,0,-0.0035,0.9991,0.0426,0,0.0944,-0.0421,0.9946,0,0,13.6396,-1.2923,1]},
{"frame":20,"values":[0.9969,0.0116,-0.0781,0,-0.0079,0.9988,0.0476,0,0.0786,-0.0468,0.9958,0,0,13.6396,-1.2923,1]},
{"frame":21,"values":[0.9978,0.0131,-0.0643,0,-0.0098,0.9987,0.0504,0,0.0649,-0.0497,0.9967,0,0,13.6396,-1.2923,1]},
{"frame":22,"values":[0.9986,0.0142,-0.0519,0,-0.0115,0.9986,0.0522,0,0.0526,-0.0515,0.9973,0,0,13.6396,-1.2923,1]},
{"frame":23,"values":[0.9989,0.0146,-0.0437,0,-0.0122,0.9985,0.0543,0,0.0445,-0.0537,0.9976,0,0,13.6396,-1.2923,1]},
{"frame":24,"values":[0.9991,0.015,-0.0392,0,-0.0128,0.9983,0.0562,0,0.04,-0.0557,0.9976,0,0,13.6396,-1.2923,1]},
{"frame":25,"values":[0.9992,0.0148,-0.0367,0,-0.0127,0.9983,0.0565,0,0.0375,-0.056,0.9977,0,0,13.6396,-1.2923,1]},
{"frame":26,"values":[0.9993,0.0125,-0.036,0,-0.0105,0.9984,0.0555,0,0.0367,-0.0551,0.9978,0,0,13.6396,-1.2923,1]},
{"frame":27,"values":[0.9992,0.0118,-0.0375,0,-0.0098,0.9985,0.053,0,0.0381,-0.0526,0.9979,0,0,13.6396,-1.2923,1]},
{"frame":28,"values":[0.9991,0.0173,-0.0381,0,-0.0154,0.9986,0.0497,0,0.0389,-0.0491,0.998,0,0,13.6396,-1.2923,1]},
{"frame":29,"values":[0.9991,0.0213,-0.036,0,-0.0194,0.9985,0.0502,0,0.037,-0.0495,0.9981,0,0,13.6396,-1.2923,1]},
{"frame":30,"values":[0.9993,0.0218,-0.0309,0,-0.0201,0.9983,0.0542,0,0.032,-0.0536,0.9981,0,0,13.6396,-1.2923,1]},
{"frame":31,"values":[0.9994,0.0222,-0.0249,0,-0.0207,0.998,0.0598,0,0.0262,-0.0593,0.9979,0,0,13.6396,-1.2923,1]},
{"frame":32,"values":[0.9995,0.0199,-0.0232,0,-0.0184,0.9978,0.0636,0,0.0244,-0.0631,0.9977,0,0,13.6396,-1.2923,1]},
{"frame":33,"values":[0.9996,0.0164,-0.0238,0,-0.0149,0.9979,0.0625,0,0.0247,-0.0621,0.9978,0,0,13.6396,-1.2923,1]},
{"frame":34,"values":[0.9996,0.0139,-0.0261,0,-0.0123,0.9983,0.0575,0,0.0269,-0.0571,0.998,0,0,13.6396,-1.2923,1]},
{"frame":35,"values":[0.9995,0.0141,-0.0278,0,-0.0126,0.9986,0.0522,0,0.0285,-0.0519,0.9982,0,0,13.6396,-1.2923,1]},
{"frame":36,"values":[0.9996,0.0134,-0.0253,0,-0.0122,0.9988,0.0479,0,0.0259,-0.0475,0.9985,0,0,13.6396,-1.2923,1]},
{"frame":37,"values":[0.9997,0.0135,-0.0204,0,-0.0125,0.9988,0.0469,0,0.021,-0.0467,0.9987,0,0,13.6396,-1.2923,1]},
{"frame":38,"values":[0.9998,0.0082,-0.017,0,-0.0074,0.9988,0.0481,0,0.0174,-0.0479,0.9987,0,0,13.6396,-1.2923,1]},
{"frame":39,"values":[0.9999,0.0045,-0.0155,0,-0.0037,0.9988,0.0479,0,0.0157,-0.0479,0.9987,0,0,13.6396,-1.2923,1]},
{"frame":40,"values":[0.9998,0.0075,-0.0176,0,-0.0067,0.9989,0.0468,0,0.0179,-0.0467,0.9987,0,0,13.6396,-1.2923,1]},
{"frame":41,"values":[0.9997,0.012,-0.0234,0,-0.0109,0.9988,0.0472,0,0.0239,-0.047,0.9986,0,0,13.6396,-1.2923,1]},
{"frame":42,"values":[0.9995,0.0151,-0.0272,0,-0.0137,0.9987,0.0495,0,0.0279,-0.0491,0.9984,0,0,13.6396,-1.2923,1]}],"loopBehavior":1,"name":"anim","property":"_matrix"}},
{"name":"boss:Neck","index":4,"matrix":[0.9978,-0.0645,-0.0144,0,0.0648,0.9977,0.0209,0,0.013,-0.0218,0.9997,0,0,13.8774,-4.3542,1],"rest":[1,0,0,0,0,1,0,0,0,0,1,0,0,13.8774,-4.3542,1],"parentBoneIndex":3,"length":4.4379
,"animation":{"dataType":3,"framePerSecond":24,"keys":[
{"frame":1,"values":[0.9978,-0.0645,-0.0144,0,0.0648,0.9977,0.0209,0,0.013,-0.0218,0.9997,0,0,13.8774,-4.3542,1]},
{"frame":2,"values":[0.9975,-0.0686,-0.0157,0,0.069,0.9974,0.0196,0,0.0143,-0.0206,0.9997,0,0,13.8774,-4.3542,1]},
{"frame":3,"values":[0.9973,-0.0718,-0.0175,0,0.0721,0.9972,0.0199,0,0.016,-0.0211,0.9997,0,0,13.8774,-4.3542,1]},
{"frame":4,"values":[0.9972,-0.0715,-0.0196,0,0.0719,0.9972,0.0187,0,0.0182,-0.0201,0.9996,0,0,13.8774,-4.3542,1]},
{"frame":5,"values":[0.9973,-0.0705,-0.0225,0,0.0708,0.9974,0.014,0,0.0214,-0.0156,0.9996,0,0,13.8774,-4.3542,1]},
{"frame":6,"values":[0.9973,-0.0685,-0.0281,0,0.0686,0.9976,0.0019,0,0.0279,-0.0038,0.9996,0,0,13.8774,-4.3542,1]},
{"frame":7,"values":[0.9972,-0.0649,-0.0367,0,0.0644,0.9978,-0.0145,0,0.0375,0.0121,0.9992,0,0,13.8774,-4.3542,1]},
{"frame":8,"values":[0.9974,-0.0556,-0.047,0,0.0541,0.998,-0.0325,0,0.0487,0.0299,0.9984,0,0,13.8774,-4.3542,1]},
{"frame":9,"values":[0.9979,-0.0413,-0.0496,0,0.039,0.9982,-0.0456,0,0.0514,0.0435,0.9977,0,0,13.8774,-4.3542,1]},
{"frame":10,"values":[0.9984,-0.0412,-0.0397,0,0.0391,0.9979,-0.0523,0,0.0418,0.0507,0.9978,0,0,13.8774,-4.3542,1]},
{"frame":11,"values":[0.9985,-0.0512,-0.0198,0,0.05,0.9971,-0.0572,0,0.0226,0.0562,0.9982,0,0,13.8774,-4.3542,1]},
{"frame":12,"values":[0.9985,-0.0539,0.0107,0,0.0544,0.9969,-0.0572,0,-0.0075,0.0577,0.9983,0,0,13.8774,-4.3542,1]},
{"frame":13,"values":[0.9961,-0.0784,0.0404,0,0.0807,0.995,-0.059,0,-0.0355,0.0621,0.9974,0,0,13.8774,-4.3542,1]},
{"frame":14,"values":[0.9936,-0.0991,0.0546,0,0.1032,0.9914,-0.0799,0,-0.0462,0.085,0.9953,0,0,13.8774,-4.3542,1]},
{"frame":15,"values":[0.9932,-0.1029,0.0538,0,0.107,0.9911,-0.0797,0,-0.0451,0.0849,0.9954,0,0,13.8774,-4.3542,1]},
{"frame":16,"values":[0.9943,-0.0964,0.0466,0,0.0994,0.9928,-0.067,0,-0.0398,0.0713,0.9967,0,0,13.8774,-4.3542,1]},
{"frame":17,"values":[0.9941,-0.1008,0.0407,0,0.1032,0.9928,-0.0611,0,-0.0342,0.065,0.9973,0,0,13.8774,-4.3542,1]},
{"frame":18,"values":[0.9943,-0.0993,0.0388,0,0.1016,0.9928,-0.0635,0,-0.0322,0.0671,0.9972,0,0,13.8774,-4.3542,1]},
{"frame":19,"values":[0.995,-0.093,0.0354,0,0.0953,0.9931,-0.0682,0,-0.0288,0.0713,0.997,0,0,13.8774,-4.3542,1]},
{"frame":20,"values":[0.9959,-0.0851,0.0297,0,0.0869,0.994,-0.0667,0,-0.0238,0.069,0.9973,0,0,13.8774,-4.3542,1]},
{"frame":21,"values":[0.9968,-0.0763,0.0232,0,0.0775,0.9953,-0.0575,0,-0.0187,0.0591,0.9981,0,0,13.8774,-4.3542,1]},
{"frame":22,"values":[0.9976,-0.0669,0.0163,0,0.0675,0.9969,-0.0416,0,-0.0135,0.0426,0.999,0,0,13.8774,-4.3542,1]},
{"frame":23,"values":[0.9982,-0.0589,0.0107,0,0.0592,0.9979,-0.0276,0,-0.009,0.0282,0.9996,0,0,13.8774,-4.3542,1]},
{"frame":24,"values":[0.9984,-0.0558,0.0057,0,0.0559,0.9983,-0.0176,0,-0.0047,0.0179,0.9998,0,0,13.8774,-4.3542,1]},
{"frame":25,"values":[0.9984,-0.0574,0.001,0,0.0574,0.9983,-0.0069,0,-0.0006,0.0069,1,0,0,13.8774,-4.3542,1]},
{"frame":26,"values":[0.9982,-0.0591,-0.0034,0,0.0591,0.9982,0.0032,0,0.0032,-0.0034,1,0,0,13.8774,-4.3542,1]},
{"frame":27,"values":[0.9979,-0.0641,-0.0063,0,0.0642,0.9978,0.0142,0,0.0054,-0.0146,0.9999,0,0,13.8774,-4.3542,1]},
{"frame":28,"values":[0.9973,-0.0731,-0.007,0,0.0732,0.997,0.0261,0,0.0051,-0.0265,0.9996,0,0,13.8774,-4.3542,1]},
{"frame":29,"values":[0.997,-0.0774,-0.007,0,0.0776,0.9965,0.0303,0,0.0046,-0.0308,0.9995,0,0,13.8774,-4.3542,1]},
{"frame":30,"values":[0.9971,-0.0757,-0.0068,0,0.0759,0.9967,0.0287,0,0.0046,-0.0292,0.9996,0,0,13.8774,-4.3542,1]},
{"frame":31,"values":[0.9974,-0.0713,-0.0061,0,0.0715,0.9971,0.0265,0,0.0042,-0.0269,0.9996,0,0,13.8774,-4.3542,1]},
{"frame":32,"values":[0.9978,-0.0657,-0.0063,0,0.0658,0.9976,0.0234,0,0.0047,-0.0237,0.9997,0,0,13.8774,-4.3542,1]},
{"frame":33,"values":[0.9983,-0.0584,-0.0083,0,0.0586,0.998,0.0216,0,0.007,-0.022,0.9997,0,0,13.8774,-4.3542,1]},
{"frame":34,"values":[0.9986,-0.0526,-0.0115,0,0.0528,0.9984,0.0198,0,0.0104,-0.0204,0.9997,0,0,13.8774,-4.3542,1]},
{"frame":35,"values":[0.9987,-0.0491,-0.0147,0,0.0494,0.9986,0.0195,0,0.0137,-0.0202,0.9997,0,0,13.8774,-4.3542,1]},
{"frame":36,"values":[0.9988,-0.0466,-0.0167,0,0.0469,0.9987,0.0206,0,0.0157,-0.0214,0.9996,0,0,13.8774,-4.3542,1]},
{"frame":37,"values":[0.9988,-0.0455,-0.0161,0,0.0458,0.9988,0.0189,0,0.0153,-0.0196,0.9997,0,0,13.8774,-4.3542,1]},
{"frame":38,"values":[0.9989,-0.0444,-0.0145,0,0.0446,0.9989,0.0164,0,0.0137,-0.017,0.9998,0,0,13.8774,-4.3542,1]},
{"frame":39,"values":[0.9988,-0.0467,-0.0138,0,0.047,0.9987,0.0179,0,0.013,-0.0185,0.9997,0,0,13.8774,-4.3542,1]},
{"frame":40,"values":[0.9985,-0.0526,-0.0136,0,0.0529,0.9984,0.0214,0,0.0124,-0.0221,0.9997,0,0,13.8774,-4.3542,1]},
{"frame":41,"values":[0.9981,-0.0594,-0.0137,0,0.0597,0.998,0.0221,0,0.0123,-0.0229,0.9997,0,0,13.8774,-4.3542,1]},
{"frame":42,"values":[0.9978,-0.0645,-0.0144,0,0.0648,0.9977,0.0209,0,0.013,-0.0218,0.9997,0,0,13.8774,-4.3542,1]}],"loopBehavior":1,"name":"anim","property":"_matrix"}},
{"name":"boss:Neck1","index":5,"matrix":[0.9978,-0.0645,-0.0144,0,0.0648,0.9977,0.0209,0,0.013,-0.0218,0.9997,0,0,4.34,0.9269,1],"rest":[1,0,0,0,0,1,0,0,0,0,1,0,0,4.34,0.9269,1],"parentBoneIndex":4,"length":4.1171
,"animation":{"dataType":3,"framePerSecond":24,"keys":[
{"frame":1,"values":[0.9978,-0.0645,-0.0144,0,0.0648,0.9977,0.0209,0,0.013,-0.0218,0.9997,0,0,4.34,0.9269,1]},
{"frame":2,"values":[0.9975,-0.0686,-0.0157,0,0.069,0.9974,0.0196,0,0.0143,-0.0206,0.9997,0,0,4.34,0.9269,1]},
{"frame":3,"values":[0.9973,-0.0718,-0.0175,0,0.0721,0.9972,0.0199,0,0.016,-0.0211,0.9997,0,0,4.34,0.9269,1]},
{"frame":4,"values":[0.9972,-0.0715,-0.0196,0,0.0719,0.9972,0.0187,0,0.0182,-0.0201,0.9996,0,0,4.34,0.9269,1]},
{"frame":5,"values":[0.9973,-0.0705,-0.0225,0,0.0708,0.9974,0.014,0,0.0214,-0.0156,0.9996,0,0,4.34,0.9269,1]},
{"frame":6,"values":[0.9973,-0.0685,-0.0281,0,0.0686,0.9976,0.0019,0,0.0279,-0.0038,0.9996,0,0,4.34,0.9269,1]},
{"frame":7,"values":[0.9972,-0.0649,-0.0367,0,0.0644,0.9978,-0.0145,0,0.0375,0.0121,0.9992,0,0,4.34,0.9269,1]},
{"frame":8,"values":[0.9974,-0.0556,-0.047,0,0.0541,0.998,-0.0325,0,0.0487,0.0299,0.9984,0,0,4.34,0.9269,1]},
{"frame":9,"values":[0.9979,-0.0413,-0.0496,0,0.039,0.9982,-0.0456,0,0.0514,0.0435,0.9977,0,0,4.34,0.9269,1]},
{"frame":10,"values":[0.9984,-0.0412,-0.0397,0,0.0391,0.9979,-0.0523,0,0.0418,0.0507,0.9978,0,0,4.34,0.9269,1]},
{"frame":11,"values":[0.9985,-0.0512,-0.0198,0,0.05,0.9971,-0.0572,0,0.0226,0.0562,0.9982,0,0,4.34,0.9269,1]},
{"frame":12,"values":[0.9985,-0.0539,0.0107,0,0.0544,0.9969,-0.0572,0,-0.0075,0.0577,0.9983,0,0,4.34,0.9269,1]},
{"frame":13,"values":[0.9961,-0.0784,0.0404,0,0.0807,0.995,-0.059,0,-0.0355,0.0621,0.9974,0,0,4.34,0.9269,1]},
{"frame":14,"values":[0.9936,-0.0991,0.0546,0,0.1032,0.9914,-0.0799,0,-0.0462,0.085,0.9953,0,0,4.34,0.9269,1]},
{"frame":15,"values":[0.9932,-0.1029,0.0538,0,0.107,0.9911,-0.0797,0,-0.0451,0.0849,0.9954,0,0,4.34,0.9269,1]},
{"frame":16,"values":[0.9943,-0.0964,0.0466,0,0.0994,0.9928,-0.067,0,-0.0398,0.0713,0.9967,0,0,4.34,0.9269,1]},
{"frame":17,"values":[0.9941,-0.1008,0.0407,0,0.1032,0.9928,-0.0611,0,-0.0342,0.065,0.9973,0,0,4.34,0.9269,1]},
{"frame":18,"values":[0.9943,-0.0993,0.0388,0,0.1016,0.9928,-0.0635,0,-0.0322,0.0671,0.9972,0,0,4.34,0.9269,1]},
{"frame":19,"values":[0.995,-0.093,0.0354,0,0.0953,0.9931,-0.0682,0,-0.0288,0.0713,0.997,0,0,4.34,0.9269,1]},
{"frame":20,"values":[0.9959,-0.0851,0.0297,0,0.0869,0.994,-0.0667,0,-0.0238,0.069,0.9973,0,0,4.34,0.9269,1]},
{"frame":21,"values":[0.9968,-0.0763,0.0232,0,0.0775,0.9953,-0.0575,0,-0.0187,0.0591,0.9981,0,0,4.34,0.9269,1]},
{"frame":22,"values":[0.9976,-0.0669,0.0163,0,0.0675,0.9969,-0.0416,0,-0.0135,0.0426,0.999,0,0,4.34,0.9269,1]},
{"frame":23,"values":[0.9982,-0.0589,0.0107,0,0.0592,0.9979,-0.0276,0,-0.009,0.0282,0.9996,0,0,4.34,0.9269,1]},
{"frame":24,"values":[0.9984,-0.0558,0.0057,0,0.0559,0.9983,-0.0176,0,-0.0047,0.0179,0.9998,0,0,4.34,0.9269,1]},
{"frame":25,"values":[0.9984,-0.0574,0.001,0,0.0574,0.9983,-0.0069,0,-0.0006,0.0069,1,0,0,4.34,0.9269,1]},
{"frame":26,"values":[0.9982,-0.0591,-0.0034,0,0.0591,0.9982,0.0032,0,0.0032,-0.0034,1,0,0,4.34,0.9269,1]},
{"frame":27,"values":[0.9979,-0.0641,-0.0063,0,0.0642,0.9978,0.0142,0,0.0054,-0.0146,0.9999,0,0,4.34,0.9269,1]},
{"frame":28,"values":[0.9973,-0.0731,-0.007,0,0.0732,0.997,0.0261,0,0.0051,-0.0265,0.9996,0,0,4.34,0.9269,1]},
{"frame":29,"values":[0.997,-0.0774,-0.007,0,0.0776,0.9965,0.0303,0,0.0046,-0.0308,0.9995,0,0,4.34,0.9269,1]},
{"frame":30,"values":[0.9971,-0.0757,-0.0068,0,0.0759,0.9967,0.0287,0,0.0046,-0.0292,0.9996,0,0,4.34,0.9269,1]},
{"frame":31,"values":[0.9974,-0.0713,-0.0061,0,0.0715,0.9971,0.0265,0,0.0042,-0.0269,0.9996,0,0,4.34,0.9269,1]},
{"frame":32,"values":[0.9978,-0.0657,-0.0063,0,0.0658,0.9976,0.0234,0,0.0047,-0.0237,0.9997,0,0,4.34,0.9269,1]},
{"frame":33,"values":[0.9983,-0.0584,-0.0083,0,0.0586,0.998,0.0216,0,0.007,-0.022,0.9997,0,0,4.34,0.9269,1]},
{"frame":34,"values":[0.9986,-0.0526,-0.0115,0,0.0528,0.9984,0.0198,0,0.0104,-0.0204,0.9997,0,0,4.34,0.9269,1]},
{"frame":35,"values":[0.9987,-0.0491,-0.0147,0,0.0494,0.9986,0.0195,0,0.0137,-0.0202,0.9997,0,0,4.34,0.9269,1]},
{"frame":36,"values":[0.9988,-0.0466,-0.0167,0,0.0469,0.9987,0.0206,0,0.0157,-0.0214,0.9996,0,0,4.34,0.9269,1]},
{"frame":37,"values":[0.9988,-0.0455,-0.0161,0,0.0458,0.9988,0.0189,0,0.0153,-0.0196,0.9997,0,0,4.34,0.9269,1]},
{"frame":38,"values":[0.9989,-0.0444,-0.0145,0,0.0446,0.9989,0.0164,0,0.0137,-0.017,0.9998,0,0,4.34,0.9269,1]},
{"frame":39,"values":[0.9988,-0.0467,-0.0138,0,0.047,0.9987,0.0179,0,0.013,-0.0185,0.9997,0,0,4.34,0.9269,1]},
{"frame":40,"values":[0.9985,-0.0526,-0.0136,0,0.0529,0.9984,0.0214,0,0.0124,-0.0221,0.9997,0,0,4.34,0.9269,1]},
{"frame":41,"values":[0.9981,-0.0594,-0.0137,0,0.0597,0.998,0.0221,0,0.0123,-0.0229,0.9997,0,0,4.34,0.9269,1]},
{"frame":42,"values":[0.9978,-0.0645,-0.0144,0,0.0648,0.9977,0.0209,0,0.013,-0.0218,0.9997,0,0,4.34,0.9269,1]}],"loopBehavior":1,"name":"anim","property":"_matrix"}},
{"name":"boss:Head","index":6,"matrix":[0.9978,-0.0645,-0.0144,0,0.0648,0.9977,0.0209,0,0.013,-0.0218,0.9997,0,0,4.0266,0.8585,1],"rest":[1,0,0,0,0,1,0,0,0,0,1,0,0,4.0266,0.8585,1],"parentBoneIndex":5,"length":4.1171
,"animation":{"dataType":3,"framePerSecond":24,"keys":[
{"frame":1,"values":[0.9978,-0.0645,-0.0144,0,0.0648,0.9977,0.0209,0,0.013,-0.0218,0.9997,0,0,4.0266,0.8585,1]},
{"frame":2,"values":[0.9975,-0.0686,-0.0157,0,0.069,0.9974,0.0196,0,0.0143,-0.0206,0.9997,0,0,4.0266,0.8585,1]},
{"frame":3,"values":[0.9973,-0.0718,-0.0175,0,0.0721,0.9972,0.0199,0,0.016,-0.0211,0.9997,0,0,4.0266,0.8585,1]},
{"frame":4,"values":[0.9972,-0.0715,-0.0196,0,0.0719,0.9972,0.0187,0,0.0182,-0.0201,0.9996,0,0,4.0266,0.8585,1]},
{"frame":5,"values":[0.9973,-0.0705,-0.0225,0,0.0708,0.9974,0.014,0,0.0214,-0.0156,0.9996,0,0,4.0266,0.8585,1]},
{"frame":6,"values":[0.9973,-0.0685,-0.0281,0,0.0686,0.9976,0.0019,0,0.0279,-0.0038,0.9996,0,0,4.0266,0.8585,1]},
{"frame":7,"values":[0.9972,-0.0649,-0.0367,0,0.0644,0.9978,-0.0145,0,0.0375,0.0121,0.9992,0,0,4.0266,0.8585,1]},
{"frame":8,"values":[0.9974,-0.0556,-0.047,0,0.0541,0.998,-0.0325,0,0.0487,0.0299,0.9984,0,0,4.0266,0.8585,1]},
{"frame":9,"values":[0.9979,-0.0413,-0.0496,0,0.039,0.9982,-0.0456,0,0.0514,0.0435,0.9977,0,0,4.0266,0.8585,1]},
{"frame":10,"values":[0.9984,-0.0412,-0.0397,0,0.0391,0.9979,-0.0523,0,0.0418,0.0507,0.9978,0,0,4.0266,0.8585,1]},
{"frame":11,"values":[0.9985,-0.0512,-0.0198,0,0.05,0.9971,-0.0572,0,0.0226,0.0562,0.9982,0,0,4.0266,0.8585,1]},
{"frame":12,"values":[0.9985,-0.0539,0.0107,0,0.0544,0.9969,-0.0572,0,-0.0075,0.0577,0.9983,0,0,4.0266,0.8585,1]},
{"frame":13,"values":[0.9961,-0.0784,0.0404,0,0.0807,0.995,-0.059,0,-0.0355,0.0621,0.9974,0,0,4.0266,0.8585,1]},
{"frame":14,"values":[0.9936,-0.0991,0.0546,0,0.1032,0.9914,-0.0799,0,-0.0462,0.085,0.9953,0,0,4.0266,0.8585,1]},
{"frame":15,"values":[0.9932,-0.1029,0.0538,0,0.107,0.9911,-0.0797,0,-0.0451,0.0849,0.9954,0,0,4.0266,0.8585,1]},
{"frame":16,"values":[0.9943,-0.0964,0.0466,0,0.0994,0.9928,-0.067,0,-0.0398,0.0713,0.9967,0,0,4.0266,0.8585,1]},
{"frame":17,"values":[0.9941,-0.1008,0.0407,0,0.1032,0.9928,-0.0611,0,-0.0342,0.065,0.9973,0,0,4.0266,0.8585,1]},
{"frame":18,"values":[0.9943,-0.0993,0.0388,0,0.1016,0.9928,-0.0635,0,-0.0322,0.0671,0.9972,0,0,4.0266,0.8585,1]},
{"frame":19,"values":[0.995,-0.093,0.0354,0,0.0953,0.9931,-0.0682,0,-0.0288,0.0713,0.997,0,0,4.0266,0.8585,1]},
{"frame":20,"values":[0.9959,-0.0851,0.0297,0,0.0869,0.994,-0.0667,0,-0.0238,0.069,0.9973,0,0,4.0266,0.8585,1]},
{"frame":21,"values":[0.9968,-0.0763,0.0232,0,0.0775,0.9953,-0.0575,0,-0.0187,0.0591,0.9981,0,0,4.0266,0.8585,1]},
{"frame":22,"values":[0.9976,-0.0669,0.0163,0,0.0675,0.9969,-0.0416,0,-0.0135,0.0426,0.999,0,0,4.0266,0.8585,1]},
{"frame":23,"values":[0.9982,-0.0589,0.0107,0,0.0592,0.9979,-0.0276,0,-0.009,0.0282,0.9996,0,0,4.0266,0.8585,1]},
{"frame":24,"values":[0.9984,-0.0558,0.0057,0,0.0559,0.9983,-0.0176,0,-0.0047,0.0179,0.9998,0,0,4.0266,0.8585,1]},
{"frame":25,"values":[0.9984,-0.0574,0.001,0,0.0574,0.9983,-0.0069,0,-0.0006,0.0069,1,0,0,4.0266,0.8585,1]},
{"frame":26,"values":[0.9982,-0.0591,-0.0034,0,0.0591,0.9982,0.0032,0,0.0032,-0.0034,1,0,0,4.0266,0.8585,1]},
{"frame":27,"values":[0.9979,-0.0641,-0.0063,0,0.0642,0.9978,0.0142,0,0.0054,-0.0146,0.9999,0,0,4.0266,0.8585,1]},
{"frame":28,"values":[0.9973,-0.0731,-0.007,0,0.0732,0.997,0.0261,0,0.0051,-0.0265,0.9996,0,0,4.0266,0.8585,1]},
{"frame":29,"values":[0.997,-0.0774,-0.007,0,0.0776,0.9965,0.0303,0,0.0046,-0.0308,0.9995,0,0,4.0266,0.8585,1]},
{"frame":30,"values":[0.9971,-0.0757,-0.0068,0,0.0759,0.9967,0.0287,0,0.0046,-0.0292,0.9996,0,0,4.0266,0.8585,1]},
{"frame":31,"values":[0.9974,-0.0713,-0.0061,0,0.0715,0.9971,0.0265,0,0.0042,-0.0269,0.9996,0,0,4.0266,0.8585,1]},
{"frame":32,"values":[0.9978,-0.0657,-0.0063,0,0.0658,0.9976,0.0234,0,0.0047,-0.0237,0.9997,0,0,4.0266,0.8585,1]},
{"frame":33,"values":[0.9983,-0.0584,-0.0083,0,0.0586,0.998,0.0216,0,0.007,-0.022,0.9997,0,0,4.0266,0.8585,1]},
{"frame":34,"values":[0.9986,-0.0526,-0.0115,0,0.0528,0.9984,0.0198,0,0.0104,-0.0203,0.9997,0,0,4.0266,0.8585,1]},
{"frame":35,"values":[0.9987,-0.0491,-0.0147,0,0.0494,0.9986,0.0195,0,0.0137,-0.0202,0.9997,0,0,4.0266,0.8585,1]},
{"frame":36,"values":[0.9988,-0.0466,-0.0167,0,0.0469,0.9987,0.0206,0,0.0157,-0.0214,0.9996,0,0,4.0266,0.8585,1]},
{"frame":37,"values":[0.9988,-0.0455,-0.0161,0,0.0458,0.9988,0.0189,0,0.0153,-0.0196,0.9997,0,0,4.0266,0.8585,1]},
{"frame":38,"values":[0.9989,-0.0444,-0.0145,0,0.0446,0.9989,0.0164,0,0.0137,-0.017,0.9998,0,0,4.0266,0.8585,1]},
{"frame":39,"values":[0.9988,-0.0467,-0.0138,0,0.047,0.9987,0.0179,0,0.013,-0.0185,0.9997,0,0,4.0266,0.8585,1]},
{"frame":40,"values":[0.9985,-0.0526,-0.0136,0,0.0529,0.9984,0.0214,0,0.0124,-0.0221,0.9997,0,0,4.0266,0.8585,1]},
{"frame":41,"values":[0.9981,-0.0594,-0.0137,0,0.0597,0.998,0.0221,0,0.0123,-0.0229,0.9997,0,0,4.0266,0.8585,1]},
{"frame":42,"values":[0.9978,-0.0645,-0.0144,0,0.0648,0.9977,0.0209,0,0.013,-0.0218,0.9997,0,0,4.0266,0.8585,1]}],"loopBehavior":1,"name":"anim","property":"_matrix"}},
{"name":"boss:LeftShoulder","index":7,"matrix":[0.9819,-0.0442,0.1841,0,0.03,0.9964,0.0789,0,-0.1869,-0.0719,0.9797,0,6.1442,10.187,-3.7932,1],"rest":[1,0,0,0,0,1,0,0,0,0,1,0,6.1442,10.187,-3.7932,1],"parentBoneIndex":3,"length":12.4986
,"animation":{"dataType":3,"framePerSecond":24,"keys":[
{"frame":1,"values":[0.9819,-0.0442,0.1841,0,0.03,0.9964,0.0789,0,-0.1869,-0.0719,0.9797,0,6.1442,10.187,-3.7932,1]},
{"frame":2,"values":[0.9851,-0.0645,0.1597,0,0.053,0.9958,0.075,0,-0.1638,-0.0654,0.9843,0,6.1442,10.187,-3.7932,1]},
{"frame":3,"values":[0.9854,-0.0829,0.1484,0,0.0724,0.9946,0.0747,0,-0.1538,-0.0628,0.9861,0,6.1442,10.187,-3.7932,1]},
{"frame":4,"values":[0.9855,-0.0832,0.1481,0,0.0727,0.9946,0.0746,0,-0.1535,-0.0627,0.9862,0,6.1442,10.187,-3.7932,1]},
{"frame":5,"values":[0.9848,-0.0765,0.156,0,0.0653,0.995,0.0761,0,-0.161,-0.0647,0.9848,0,6.1442,10.187,-3.7932,1]},
{"frame":6,"values":[0.9851,-0.0622,0.1603,0,0.0507,0.9959,0.0748,0,-0.1643,-0.0656,0.9842,0,6.1442,10.187,-3.7932,1]},
{"frame":7,"values":[0.9849,-0.0398,0.1685,0,0.0278,0.9969,0.0731,0,-0.1709,-0.0673,0.983,0,6.1442,10.187,-3.7932,1]},
{"frame":8,"values":[0.9881,0.0186,0.1527,0,-0.0278,0.9979,0.0584,0,-0.1513,-0.0619,0.9865,0,6.1442,10.187,-3.7932,1]},
{"frame":9,"values":[0.9879,0.0891,0.1266,0,-0.0949,0.9946,0.0411,0,-0.1223,-0.0526,0.9911,0,6.1442,10.187,-3.7932,1]},
{"frame":10,"values":[0.9839,0.1319,0.1202,0,-0.1368,0.99,0.0337,0,-0.1145,-0.0496,0.9922,0,6.1442,10.187,-3.7932,1]},
{"frame":11,"values":[0.9811,0.1533,0.1185,0,-0.1579,0.987,0.0304,0,-0.1123,-0.0485,0.9925,0,6.1442,10.187,-3.7932,1]},
{"frame":12,"values":[0.9787,0.189,0.0803,0,-0.1912,0.9813,0.0206,0,-0.0749,-0.0355,0.9966,0,6.1442,10.187,-3.7932,1]},
{"frame":13,"values":[0.9799,0.1512,0.13,0,-0.1566,0.9871,0.0325,0,-0.1234,-0.0522,0.991,0,6.1442,10.187,-3.7932,1]},
{"frame":14,"values":[0.9815,0.0922,0.1679,0,-0.1017,0.9936,0.0486,0,-0.1623,-0.0648,0.9846,0,6.1442,10.187,-3.7932,1]},
{"frame":15,"values":[0.9837,0.0268,0.1778,0,-0.0386,0.9972,0.0633,0,-0.1756,-0.0691,0.982,0,6.1442,10.187,-3.7932,1]},
{"frame":16,"values":[0.9837,-0.0335,0.1769,0,0.0206,0.997,0.0745,0,-0.1789,-0.0696,0.9814,0,6.1442,10.187,-3.7932,1]},
{"frame":17,"values":[0.9851,-0.071,0.1565,0,0.0597,0.9954,0.0752,0,-0.1611,-0.0647,0.9848,0,6.1442,10.187,-3.7932,1]},
{"frame":18,"values":[0.9872,-0.0584,0.1482,0,0.0484,0.9964,0.0703,0,-0.1518,-0.0622,0.9865,0,6.1442,10.187,-3.7932,1]},
{"frame":19,"values":[0.9875,-0.0261,0.1557,0,0.0158,0.9976,0.067,0,-0.1571,-0.0637,0.9855,0,6.1442,10.187,-3.7932,1]},
{"frame":20,"values":[0.9859,-0.0026,0.1674,0,-0.0086,0.9978,0.0662,0,-0.1672,-0.0667,0.9837,0,6.1442,10.187,-3.7932,1]},
{"frame":21,"values":[0.9841,0.0189,0.1769,0,-0.0308,0.9974,0.0648,0,-0.1752,-0.0692,0.9821,0,6.1442,10.187,-3.7932,1]},
{"frame":22,"values":[0.9831,0.0423,0.1779,0,-0.0539,0.9967,0.0609,0,-0.1747,-0.0695,0.9822,0,6.1442,10.187,-3.7932,1]},
{"frame":23,"values":[0.9836,0.0594,0.1702,0,-0.0699,0.996,0.0563,0,-0.1662,-0.0673,0.9838,0,6.1442,10.187,-3.7932,1]},
