{"producer":{"name":"Blender","version":"2.90.0","exporter_version":"2.80.1","file":"fight_punchleft.babylon"},
"autoClear":true,"clearColor":[0.0509,0.0509,0.0509],"gravity":[0,-9.81,0],
"materials":[{"name":"Material","id":"Material","customType":"BABYLON.PBRMaterial","backFaceCulling":true,"checkReadyOnlyOnce":false,"maxSimultaneousLights":4,"environmentIntensity":1,"albedo":[0.8,0.8,0.8],"reflectivity":[0.5,0.5,0.5],"roughness":0.4,"alpha":1,"transparencyMode":0,"alphaCutOff":0.4,"metallic":0}],
"multiMaterials":[],
"skeletons":[{"name":"Armature","id":0,"dimensionsAtRest":[188.1767,172.4535,15.5905],"bones":[
{"name":"boss:Hips","index":0,"matrix":[0.9417,-0.0291,-0.3352,0,0.0003,0.9963,-0.0855,0,-0.3364,-0.0804,-0.9383,0,0.0387,89.3101,0.7757,1],"rest":[1,0,0,0,0,1,0,0,0,0,-1,0,0,96.3794,0,1],"parentBoneIndex":-1,"length":9.9032
,"animation":{"dataType":3,"framePerSecond":24,"keys":[
{"frame":1,"values":[0.9417,-0.0291,-0.3352,0,0.0003,0.9963,-0.0855,0,-0.3364,-0.0804,-0.9383,0,0.0387,89.3101,0.7757,1]},
{"frame":2,"values":[0.9524,-0.032,-0.3032,0,0.0024,0.9953,-0.0973,0,-0.3049,-0.0919,-0.948,0,0.2392,89.3029,0.4678,1]},
{"frame":3,"values":[0.9625,-0.0349,-0.269,0,0.0057,0.9941,-0.1086,0,-0.2712,-0.103,-0.957,0,0.3407,89.2776,0.1887,1]},
{"frame":4,"values":[0.9707,-0.0381,-0.2372,0,0.0099,0.9928,-0.119,0,-0.2401,-0.1132,-0.9641,0,0.3689,89.1816,-0.0325,1]},
{"frame":5,"values":[0.9768,-0.04,-0.2106,0,0.0134,0.9919,-0.1259,0,-0.2139,-0.1202,-0.9694,0,0.2978,88.8868,-0.0509,1]},
{"frame":6,"values":[0.9816,-0.0389,-0.1871,0,0.0141,0.9911,-0.1322,0,-0.1906,-0.1271,-0.9734,0,0.2791,88.3719,0.0991,1]},
{"frame":7,"values":[0.9815,-0.043,-0.1864,0,0.0161,0.9896,-0.143,0,-0.1906,-0.1374,-0.972,0,0.2546,87.6934,0.2643,1]},
{"frame":8,"values":[0.9612,-0.0549,-0.2702,0,0.0134,0.9881,-0.1529,0,-0.2754,-0.1434,-0.9506,0,0.4015,87.0681,0.124,1]},
{"frame":9,"values":[0.8803,-0.0635,-0.4701,0,-0.0074,0.9891,-0.1474,0,-0.4743,-0.1332,-0.8702,0,0.953,86.7713,-0.7531,1]},
{"frame":10,"values":[0.6798,-0.0571,-0.7312,0,-0.043,0.9921,-0.1175,0,-0.7321,-0.1113,-0.672,0,1.7555,86.8727,-2.492,1]},
{"frame":11,"values":[0.4047,-0.0444,-0.9134,0,-0.0652,0.9949,-0.0773,0,-0.9121,-0.0908,-0.3998,0,2.3916,87.0957,-4.4654,1]},
{"frame":12,"values":[0.2004,-0.0445,-0.9787,0,-0.0576,0.9967,-0.0571,0,-0.978,-0.0678,-0.1972,0,2.9533,86.9434,-5.7932,1]},
{"frame":13,"values":[0.1189,-0.06,-0.9911,0,-0.0396,0.9971,-0.0651,0,-0.9921,-0.047,-0.1161,0,3.919,86.5005,-6.156,1]},
{"frame":14,"values":[0.1234,-0.0822,-0.9889,0,-0.0348,0.9956,-0.0871,0,-0.9917,-0.0452,-0.12,0,5.3217,86.2666,-5.8205,1]},
{"frame":15,"values":[0.1531,-0.0922,-0.9839,0,-0.0461,0.9939,-0.1003,0,-0.9871,-0.0607,-0.1479,0,6.5623,86.3467,-5.3507,1]},
{"frame":16,"values":[0.1793,-0.0854,-0.9801,0,-0.0647,0.993,-0.0984,0,-0.9817,-0.081,-0.1725,0,7.2729,86.5344,-5.1023,1]},
{"frame":17,"values":[0.1968,-0.0682,-0.9781,0,-0.0823,0.9929,-0.0858,0,-0.977,-0.0974,-0.1898,0,7.471,86.855,-4.9233,1]},
{"frame":18,"values":[0.227,-0.0491,-0.9727,0,-0.0929,0.9931,-0.0718,0,-0.9695,-0.1066,-0.2209,0,7.2234,87.4051,-4.4882,1]},
{"frame":19,"values":[0.2933,-0.0336,-0.9554,0,-0.0931,0.9936,-0.0635,0,-0.9515,-0.1076,-0.2883,0,6.4928,88.1805,-3.5884,1]},
{"frame":20,"values":[0.3965,-0.0223,-0.9178,0,-0.0863,0.9944,-0.0614,0,-0.914,-0.1035,-0.3923,0,5.3337,89.0461,-2.3369,1]},
{"frame":21,"values":[0.5088,-0.0108,-0.8608,0,-0.0806,0.9949,-0.0602,0,-0.8571,-0.1,-0.5054,0,3.9186,89.9283,-1.038,1]},
{"frame":22,"values":[0.6088,-0.0014,-0.7933,0,-0.0758,0.9953,-0.0599,0,-0.7897,-0.0966,-0.6058,0,2.4428,90.7326,0.0322,1]},
{"frame":23,"values":[0.6889,-0.0011,-0.7249,0,-0.0645,0.9959,-0.0628,0,-0.722,-0.09,-0.686,0,1.1666,91.1894,0.7183,1]},
{"frame":24,"values":[0.7494,-0.0099,-0.6621,0,-0.0451,0.9968,-0.0659,0,-0.6606,-0.0792,-0.7465,0,0.2534,91.1814,1.0864,1]},
{"frame":25,"values":[0.7987,-0.0189,-0.6014,0,-0.0252,0.9976,-0.0648,0,-0.6012,-0.0669,-0.7963,0,-0.3039,90.8233,1.3132,1]},
{"frame":26,"values":[0.8463,-0.0214,-0.5323,0,-0.0121,0.9982,-0.0595,0,-0.5325,-0.0568,-0.8445,0,-0.7175,90.3706,1.506,1]},
{"frame":27,"values":[0.8906,-0.0216,-0.4542,0,-0.0036,0.9985,-0.0545,0,-0.4547,-0.0502,-0.8892,0,-1.137,89.9908,1.627,1]},
{"frame":28,"values":[0.9197,-0.0235,-0.3919,0,0.0022,0.9985,-0.0548,0,-0.3926,-0.0495,-0.9184,0,-1.3354,89.7351,1.5809,1]},
{"frame":29,"values":[0.9293,-0.0253,-0.3684,0,0.0026,0.9981,-0.0619,0,-0.3692,-0.0566,-0.9276,0,-0.9325,89.517,1.3661,1]},
{"frame":30,"values":[0.9327,-0.0265,-0.3598,0,-0.0001,0.9973,-0.0737,0,-0.3608,-0.0687,-0.9301,0,-0.304,89.3571,1.0841,1]},
{"frame":31,"values":[0.9417,-0.0291,-0.3352,0,0.0003,0.9963,-0.0855,0,-0.3364,-0.0804,-0.9383,0,0.0387,89.3101,0.7757,1]}],"loopBehavior":1,"name":"anim","property":"_matrix"}},
{"name":"boss:Spine","index":1,"matrix":[0.9976,0.0691,0.0088,0,-0.0684,0.9955,-0.0659,0,-0.0133,0.0651,0.9978,0,0,9.2263,1.5771,1],"rest":[1,0,0,0,0,1,0,0,0,0,1,0,0,9.2263,1.5771,1],"parentBoneIndex":0,"length":16.2548
,"animation":{"dataType":3,"framePerSecond":24,"keys":[
{"frame":1,"values":[0.9976,0.0691,0.0088,0,-0.0684,0.9955,-0.0659,0,-0.0133,0.0651,0.9978,0,0,9.2263,1.5771,1]},
{"frame":2,"values":[0.9977,0.0666,0.0095,0,-0.0658,0.9956,-0.0666,0,-0.0139,0.0658,0.9977,0,0,9.2263,1.5771,1]},
{"frame":3,"values":[0.9979,0.0647,0.0099,0,-0.0638,0.9956,-0.068,0,-0.0143,0.0673,0.9976,0,0,9.2263,1.5771,1]},
{"frame":4,"values":[0.9979,0.0638,0.0097,0,-0.0629,0.9955,-0.0709,0,-0.0142,0.0701,0.9974,0,0,9.2263,1.5771,1]},
{"frame":5,"values":[0.9979,0.0644,0.008,0,-0.0636,0.9951,-0.0756,0,-0.0129,0.0749,0.9971,0,0,9.2263,1.5771,1]},
{"frame":6,"values":[0.9979,0.0644,0.006,0,-0.0638,0.9951,-0.0758,0,-0.0109,0.0752,0.9971,0,0,9.2263,1.5771,1]},
{"frame":7,"values":[0.998,0.0636,-0.0001,0,-0.0634,0.9954,-0.0718,0,-0.0044,0.0717,0.9974,0,0,9.2263,1.5771,1]},
{"frame":8,"values":[0.9979,0.0639,-0.0144,0,-0.0647,0.9958,-0.0651,0,0.0102,0.0659,0.9978,0,0,9.2263,1.5771,1]},
{"frame":9,"values":[0.9974,0.0642,-0.0339,0,-0.066,0.9963,-0.0555,0,0.0302,0.0576,0.9979,0,0,9.2263,1.5771,1]},
{"frame":10,"values":[0.9971,0.0575,-0.0505,0,-0.0597,0.9973,-0.043,0,0.0479,0.0459,0.9978,0,0,9.2263,1.5771,1]},
{"frame":11,"values":[0.9976,0.0385,-0.0577,0,-0.0404,0.9987,-0.0321,0,0.0563,0.0344,0.9978,0,0,9.2263,1.5771,1]},
{"frame":12,"values":[0.9986,0.0124,-0.0522,0,-0.0139,0.9995,-0.0287,0,0.0518,0.0294,0.9982,0,0,9.2263,1.5771,1]},
{"frame":13,"values":[0.9993,-0.0144,-0.0352,0,0.0132,0.9994,-0.0321,0,0.0356,0.0316,0.9989,0,0,9.2263,1.5771,1]},
{"frame":14,"values":[0.9993,-0.0358,-0.0089,0,0.0355,0.9987,-0.0363,0,0.0102,0.036,0.9993,0,0,9.2263,1.5771,1]},
{"frame":15,"values":[0.9987,-0.0474,0.0177,0,0.0481,0.9981,-0.0373,0,-0.0159,0.0381,0.9991,0,0,9.2263,1.5771,1]},
{"frame":16,"values":[0.9986,-0.042,0.0331,0,0.0432,0.9984,-0.0364,0,-0.0315,0.0377,0.9988,0,0,9.2263,1.5771,1]},
{"frame":17,"values":[0.9991,-0.0272,0.0338,0,0.0284,0.9989,-0.0367,0,-0.0328,0.0377,0.9988,0,0,9.2263,1.5771,1]},
{"frame":18,"values":[0.9996,-0.0116,0.0254,0,0.0126,0.9991,-0.0398,0,-0.0249,0.0401,0.9989,0,0,9.2263,1.5771,1]},
{"frame":19,"values":[0.9998,0.0016,0.0182,0,-0.0008,0.999,-0.0446,0,-0.0183,0.0445,0.9988,0,0,9.2263,1.5771,1]},
{"frame":20,"values":[0.9998,0.0142,0.0154,0,-0.0134,0.9986,-0.0503,0,-0.0161,0.05,0.9986,0,0,9.2263,1.5771,1]},
{"frame":21,"values":[0.9996,0.0251,0.0134,0,-0.0244,0.9981,-0.0559,0,-0.0148,0.0556,0.9983,0,0,9.2263,1.5771,1]},
{"frame":22,"values":[0.9994,0.0335,0.0093,0,-0.0329,0.9976,-0.061,0,-0.0113,0.0607,0.9981,0,0,9.2263,1.5771,1]},
{"frame":23,"values":[0.9991,0.0418,0.0038,0,-0.0415,0.997,-0.0651,0,-0.0065,0.0649,0.9979,0,0,9.2263,1.5771,1]},
{"frame":24,"values":[0.9987,0.0518,-0.0008,0,-0.0517,0.9964,-0.0674,0,-0.0027,0.0673,0.9977,0,0,9.2263,1.5771,1]},
{"frame":25,"values":[0.9981,0.0623,-0.0023,0,-0.0623,0.9958,-0.0675,0,-0.0019,0.0675,0.9977,0,0,9.2263,1.5771,1]},
{"frame":26,"values":[0.9976,0.0696,0.0002,0,-0.0695,0.9954,-0.0664,0,-0.0048,0.0663,0.9978,0,0,9.2263,1.5771,1]},
{"frame":27,"values":[0.9972,0.0744,0.0045,0,-0.074,0.9951,-0.0658,0,-0.0094,0.0652,0.9978,0,0,9.2263,1.5771,1]},
{"frame":28,"values":[0.997,0.0767,0.0075,0,-0.076,0.9949,-0.0658,0,-0.0125,0.0651,0.9978,0,0,9.2263,1.5771,1]},
{"frame":29,"values":[0.9971,0.0756,0.0082,0,-0.0749,0.995,-0.0657,0,-0.0131,0.0649,0.9978,0,0,9.2263,1.5771,1]},
{"frame":30,"values":[0.9974,0.0722,0.0082,0,-0.0715,0.9953,-0.0656,0,-0.0129,0.0648,0.9978,0,0,9.2263,1.5771,1]},
{"frame":31,"values":[0.9976,0.0691,0.0088,0,-0.0684,0.9955,-0.0659,0,-0.0133,0.0651,0.9978,0,0,9.2263,1.5771,1]}],"loopBehavior":1,"name":"anim","property":"_matrix"}},
{"name":"boss:Spine1","index":2,"matrix":[0.9984,0.0517,0.0221,0,-0.0509,0.998,-0.0385,0,-0.024,0.0373,0.999,0,0,16.254,-0.1656,1],"rest":[1,0,0,0,0,1,0,0,0,0,1,0,0,16.254,-0.1656,1],"parentBoneIndex":1,"length":13.7007
,"animation":{"dataType":3,"framePerSecond":24,"keys":[
{"frame":1,"values":[0.9984,0.0517,0.0221,0,-0.0509,0.998,-0.0385,0,-0.024,0.0373,0.999,0,0,16.254,-0.1656,1]},
{"frame":2,"values":[0.9985,0.0498,0.0232,0,-0.0488,0.998,-0.0404,0,-0.0252,0.0392,0.9989,0,0,16.254,-0.1656,1]},
{"frame":3,"values":[0.9986,0.0475,0.0239,0,-0.0464,0.998,-0.0433,0,-0.0259,0.0421,0.9988,0,0,16.254,-0.1656,1]},
{"frame":4,"values":[0.9987,0.0449,0.0231,0,-0.0438,0.9979,-0.0481,0,-0.0252,0.047,0.9986,0,0,16.254,-0.1656,1]},
{"frame":5,"values":[0.999,0.0406,0.0211,0,-0.0395,0.9979,-0.0521,0,-0.0232,0.0512,0.9984,0,0,16.254,-0.1656,1]},
{"frame":6,"values":[0.9992,0.0351,0.0168,0,-0.0342,0.9982,-0.0489,0,-0.0185,0.0483,0.9987,0,0,16.254,-0.1656,1]},
{"frame":7,"values":[0.9995,0.0314,0.0031,0,-0.0313,0.9987,-0.0411,0,-0.0044,0.041,0.9992,0,0,16.254,-0.1656,1]},
{"frame":8,"values":[0.9992,0.0323,-0.0245,0,-0.0331,0.9989,-0.0334,0,0.0234,0.0342,0.9991,0,0,16.254,-0.1656,1]},
{"frame":9,"values":[0.9977,0.0367,-0.0577,0,-0.0384,0.9989,-0.0274,0,0.0566,0.0296,0.998,0,0,16.254,-0.1656,1]},
{"frame":10,"values":[0.9957,0.0412,-0.0825,0,-0.0431,0.9988,-0.0215,0,0.0815,0.025,0.9964,0,0,16.254,-0.1656,1]},
{"frame":11,"values":[0.9952,0.0389,-0.0893,0,-0.0405,0.9991,-0.0157,0,0.0886,0.0192,0.9959,0,0,16.254,-0.1656,1]},
{"frame":12,"values":[0.9971,0.0251,-0.0721,0,-0.0261,0.9996,-0.0133,0,0.0718,0.0151,0.9973,0,0,16.254,-0.1656,1]},
{"frame":13,"values":[0.9994,0.008,-0.034,0,-0.0085,0.9999,-0.0141,0,0.0339,0.0144,0.9993,0,0,16.254,-0.1656,1]},
{"frame":14,"values":[0.9999,0.0029,0.0156,0,-0.0027,0.9999,-0.0129,0,-0.0157,0.0128,0.9998,0,0,16.254,-0.1656,1]},
{"frame":15,"values":[0.9982,0.0113,0.0589,0,-0.0109,0.9999,-0.0079,0,-0.059,0.0073,0.9982,0,0,16.254,-0.1656,1]},
{"frame":16,"values":[0.9965,0.0226,0.081,0,-0.0223,0.9997,-0.0041,0,-0.0811,0.0023,0.9967,0,0,16.254,-0.1656,1]},
{"frame":17,"values":[0.9963,0.0281,0.0815,0,-0.0278,0.9996,-0.0045,0,-0.0816,0.0022,0.9967,0,0,16.254,-0.1656,1]},
{"frame":18,"values":[0.9972,0.0318,0.0676,0,-0.0313,0.9995,-0.0077,0,-0.0678,0.0056,0.9977,0,0,16.254,-0.1656,1]},
{"frame":19,"values":[0.9978,0.0396,0.0523,0,-0.039,0.9992,-0.0122,0,-0.0527,0.0102,0.9986,0,0,16.254,-0.1656,1]},
{"frame":20,"values":[0.9979,0.0484,0.0426,0,-0.0477,0.9987,-0.0185,0,-0.0434,0.0164,0.9989,0,0,16.254,-0.1656,1]},
{"frame":21,"values":[0.998,0.0529,0.0357,0,-0.0519,0.9983,-0.0262,0,-0.037,0.0243,0.999,0,0,16.254,-0.1656,1]},
{"frame":22,"values":[0.9982,0.0545,0.0267,0,-0.0535,0.998,-0.0342,0,-0.0285,0.0327,0.9991,0,0,16.254,-0.1656,1]},
{"frame":23,"values":[0.9982,0.0573,0.016,0,-0.0566,0.9976,-0.0408,0,-0.0183,0.0398,0.999,0,0,16.254,-0.1656,1]},
{"frame":24,"values":[0.9981,0.0606,0.0082,0,-0.0602,0.9972,-0.0442,0,-0.0108,0.0436,0.999,0,0,16.254,-0.1656,1]},
{"frame":25,"values":[0.9981,0.0611,0.0063,0,-0.0608,0.9972,-0.0439,0,-0.009,0.0434,0.999,0,0,16.254,-0.1656,1]},
{"frame":26,"values":[0.9982,0.0584,0.0112,0,-0.0579,0.9975,-0.0411,0,-0.0136,0.0404,0.9991,0,0,16.254,-0.1656,1]},
{"frame":27,"values":[0.9983,0.0553,0.0183,0,-0.0546,0.9978,-0.0385,0,-0.0204,0.0374,0.9991,0,0,16.254,-0.1656,1]},
{"frame":28,"values":[0.9983,0.0541,0.0223,0,-0.0533,0.9979,-0.0373,0,-0.0243,0.036,0.9991,0,0,16.254,-0.1656,1]},
{"frame":29,"values":[0.9983,0.0541,0.022,0,-0.0533,0.9979,-0.0368,0,-0.024,0.0356,0.9991,0,0,16.254,-0.1656,1]},
{"frame":30,"values":[0.9983,0.0533,0.0213,0,-0.0525,0.9979,-0.0372,0,-0.0233,0.0361,0.9991,0,0,16.254,-0.1656,1]},
{"frame":31,"values":[0.9984,0.0517,0.0221,0,-0.0509,0.998,-0.0385,0,-0.024,0.0373,0.999,0,0,16.254,-0.1656,1]}],"loopBehavior":1,"name":"anim","property":"_matrix"}},
{"name":"boss:Spine2","index":3,"matrix":[0.9985,0.052,0.0192,0,-0.0512,0.9979,-0.0405,0,-0.0212,0.0394,0.999,0,0,13.6396,-1.2923,1],"rest":[1,0,0,0,0,1,0,0,0,0,1,0,0,13.6396,-1.2923,1],"parentBoneIndex":2,"length":13.1719
,"animation":{"dataType":3,"framePerSecond":24,"keys":[
{"frame":1,"values":[0.9985,0.052,0.0192,0,-0.0512,0.9979,-0.0405,0,-0.0212,0.0394,0.999,0,0,13.6396,-1.2923,1]},
{"frame":2,"values":[0.9985,0.05,0.0205,0,-0.0491,0.9979,-0.0422,0,-0.0226,0.0412,0.9989,0,0,13.6396,-1.2923,1]},
{"frame":3,"values":[0.9986,0.0476,0.0214,0,-0.0466,0.9979,-0.0451,0,-0.0235,0.044,0.9988,0,0,13.6396,-1.2923,1]},
{"frame":4,"values":[0.9988,0.0445,0.0208,0,-0.0434,0.9978,-0.0499,0,-0.023,0.049,0.9985,0,0,13.6396,-1.2923,1]},
{"frame":5,"values":[0.999,0.0398,0.019,0,-0.0388,0.9978,-0.0539,0,-0.0211,0.0531,0.9984,0,0,13.6396,-1.2923,1]},
{"frame":6,"values":[0.9993,0.0341,0.0149,0,-0.0333,0.9982,-0.0505,0,-0.0166,0.05,0.9986,0,0,13.6396,-1.2923,1]},
{"frame":7,"values":[0.9996,0.0297,0.0013,0,-0.0297,0.9986,-0.0427,0,-0.0026,0.0427,0.9991,0,0,13.6396,-1.2923,1]},
{"frame":8,"values":[0.9992,0.0288,-0.0262,0,-0.0297,0.9989,-0.0356,0,0.0251,0.0364,0.999,0,0,13.6396,-1.2923,1]},
{"frame":9,"values":[0.9978,0.0311,-0.0593,0,-0.033,0.999,-0.0312,0,0.0582,0.033,0.9978,0,0,13.6396,-1.2923,1]},
{"frame":10,"values":[0.9959,0.0345,-0.0838,0,-0.0369,0.9989,-0.0272,0,0.0828,0.0302,0.9961,0,0,13.6396,-1.2923,1]},
{"frame":11,"values":[0.9954,0.0328,-0.0901,0,-0.035,0.9991,-0.0221,0,0.0893,0.0252,0.9957,0,0,13.6396,-1.2923,1]},
{"frame":12,"values":[0.9972,0.0209,-0.0723,0,-0.0223,0.9996,-0.0182,0,0.0718,0.0198,0.9972,0,0,13.6396,-1.2923,1]},
{"frame":13,"values":[0.9994,0.0061,-0.0336,0,-0.0066,0.9998,-0.0162,0,0.0335,0.0165,0.9993,0,0,13.6396,-1.2923,1]},
{"frame":14,"values":[0.9999,0.0033,0.0159,0,-0.0031,0.9999,-0.0133,0,-0.0159,0.0132,0.9998,0,0,13.6396,-1.2923,1]},
{"frame":15,"values":[0.9982,0.0143,0.0584,0,-0.0139,0.9999,-0.0084,0,-0.0585,0.0076,0.9983,0,0,13.6396,-1.2923,1]},
{"frame":16,"values":[0.9964,0.0274,0.0798,0,-0.0271,0.9996,-0.0052,0,-0.0799,0.003,0.9968,0,0,13.6396,-1.2923,1]},
{"frame":17,"values":[0.9963,0.033,0.0799,0,-0.0327,0.9995,-0.0054,0,-0.08,0.0028,0.9968,0,0,13.6396,-1.2923,1]},
{"frame":18,"values":[0.9972,0.0357,0.0658,0,-0.0352,0.9993,-0.0084,0,-0.066,0.0061,0.9978,0,0,13.6396,-1.2923,1]},
{"frame":19,"values":[0.9978,0.0425,0.0499,0,-0.0419,0.999,-0.0132,0,-0.0504,0.0111,0.9987,0,0,13.6396,-1.2923,1]},
{"frame":20,"values":[0.9979,0.0507,0.0397,0,-0.05,0.9986,-0.0198,0,-0.0406,0.0177,0.999,0,0,13.6396,-1.2923,1]},
{"frame":21,"values":[0.998,0.0545,0.0327,0,-0.0536,0.9982,-0.0276,0,-0.0341,0.0258,0.9991,0,0,13.6396,-1.2923,1]},
{"frame":22,"values":[0.9982,0.0551,0.0238,0,-0.0543,0.9979,-0.0357,0,-0.0257,0.0344,0.9991,0,0,13.6396,-1.2923,1]},
{"frame":23,"values":[0.9983,0.0569,0.013,0,-0.0563,0.9975,-0.0429,0,-0.0154,0.0421,0.999,0,0,13.6396,-1.2923,1]},
{"frame":24,"values":[0.9982,0.0593,0.005,0,-0.059,0.9972,-0.0468,0,-0.0077,0.0465,0.9989,0,0,13.6396,-1.2923,1]},
{"frame":25,"values":[0.9982,0.0597,0.003,0,-0.0595,0.9971,-0.0468,0,-0.0058,0.0466,0.9989,0,0,13.6396,-1.2923,1]},
{"frame":26,"values":[0.9983,0.0575,0.008,0,-0.0571,0.9974,-0.0438,0,-0.0105,0.0433,0.999,0,0,13.6396,-1.2923,1]},
{"frame":27,"values":[0.9984,0.0552,0.0153,0,-0.0545,0.9977,-0.0408,0,-0.0175,0.0399,0.9991,0,0,13.6396,-1.2923,1]},
{"frame":28,"values":[0.9983,0.0544,0.0192,0,-0.0536,0.9978,-0.0394,0,-0.0213,0.0383,0.999,0,0,13.6396,-1.2923,1]},
{"frame":29,"values":[0.9983,0.0544,0.0189,0,-0.0536,0.9978,-0.0389,0,-0.021,0.0379,0.9991,0,0,13.6396,-1.2923,1]},
{"frame":30,"values":[0.9984,0.0535,0.0183,0,-0.0528,0.9978,-0.0394,0,-0.0203,0.0383,0.9991,0,0,13.6396,-1.2923,1]},
{"frame":31,"values":[0.9985,0.052,0.0192,0,-0.0512,0.9979,-0.0405,0,-0.0212,0.0394,0.999,0,0,13.6396,-1.2923,1]}],"loopBehavior":1,"name":"anim","property":"_matrix"}},
{"name":"boss:Neck","index":4,"matrix":[0.9996,-0.029,-0.0012,0,0.029,0.9939,0.1063,0,-0.0019,-0.1063,0.9943,0,0,13.8774,-4.3542,1],"rest":[1,0,0,0,0,1,0,0,0,0,1,0,0,13.8774,-4.3542,1],"parentBoneIndex":3,"length":4.4379
,"animation":{"dataType":3,"framePerSecond":24,"keys":[
{"frame":1,"values":[0.9996,-0.029,-0.0012,0,0.029,0.9939,0.1063,0,-0.0019,-0.1063,0.9943,0,0,13.8774,-4.3542,1]},
{"frame":2,"values":[0.9996,-0.0281,0.001,0,0.0279,0.994,0.106,0,-0.004,-0.1059,0.9944,0,0,13.8774,-4.3542,1]},
{"frame":3,"values":[0.9996,-0.0273,0.0032,0,0.0268,0.994,0.1059,0,-0.0061,-0.1058,0.9944,0,0,13.8774,-4.3542,1]},
{"frame":4,"values":[0.9996,-0.0266,0.0051,0,0.0259,0.994,0.1062,0,-0.0079,-0.106,0.9943,0,0,13.8774,-4.3542,1]},
{"frame":5,"values":[0.9996,-0.0269,0.0071,0,0.026,0.9941,0.1052,0,-0.0099,-0.1049,0.9944,0,0,13.8774,-4.3542,1]},
{"frame":6,"values":[0.9995,-0.0286,0.0094,0,0.0275,0.9945,0.1014,0,-0.0123,-0.1011,0.9948,0,0,13.8774,-4.3542,1]},
{"frame":7,"values":[0.9995,-0.0308,0.0121,0,0.0295,0.9948,0.0971,0,-0.015,-0.0967,0.9952,0,0,13.8774,-4.3542,1]},
{"frame":8,"values":[0.9994,-0.0333,0.0126,0,0.0319,0.995,0.0949,0,-0.0157,-0.0944,0.9954,0,0,13.8774,-4.3542,1]},
{"frame":9,"values":[0.9993,-0.0373,0.0079,0,0.0364,0.9949,0.0941,0,-0.0114,-0.0938,0.9955,0,0,13.8774,-4.3542,1]},
{"frame":10,"values":[0.9991,-0.0417,-0.0031,0,0.0418,0.9947,0.0936,0,-0.0008,-0.0936,0.9956,0,0,13.8774,-4.3542,1]},
{"frame":11,"values":[0.999,-0.042,-0.0163,0,0.0434,0.9946,0.0939,0,0.0122,-0.0945,0.9955,0,0,13.8774,-4.3542,1]},
{"frame":12,"values":[0.999,-0.0359,-0.0253,0,0.0382,0.9946,0.097,0,0.0217,-0.0978,0.995,0,0,13.8774,-4.3542,1]},
{"frame":13,"values":[0.9992,-0.0286,-0.0262,0,0.0312,0.9943,0.1019,0,0.0231,-0.1026,0.9945,0,0,13.8774,-4.3542,1]},
{"frame":14,"values":[0.9994,-0.0273,-0.0204,0,0.0293,0.994,0.1051,0,0.0174,-0.1056,0.9943,0,0,13.8774,-4.3542,1]},
{"frame":15,"values":[0.9994,-0.032,-0.0145,0,0.0333,0.994,0.1044,0,0.011,-0.1049,0.9944,0,0,13.8774,-4.3542,1]},
{"frame":16,"values":[0.9992,-0.0369,-0.0127,0,0.038,0.9941,0.1013,0,0.0089,-0.1017,0.9948,0,0,13.8774,-4.3542,1]},
{"frame":17,"values":[0.9992,-0.0382,-0.0135,0,0.0393,0.9943,0.0992,0,0.0096,-0.0996,0.995,0,0,13.8774,-4.3542,1]},
{"frame":18,"values":[0.9992,-0.0371,-0.0137,0,0.0382,0.9944,0.099,0,0.0099,-0.0994,0.995,0,0,13.8774,-4.3542,1]},
{"frame":19,"values":[0.9992,-0.0365,-0.0131,0,0.0376,0.9944,0.0986,0,0.0095,-0.099,0.995,0,0,13.8774,-4.3542,1]},
{"frame":20,"values":[0.9993,-0.0364,-0.013,0,0.0375,0.9945,0.0973,0,0.0094,-0.0977,0.9952,0,0,13.8774,-4.3542,1]},
{"frame":21,"values":[0.9993,-0.036,-0.0133,0,0.0371,0.9946,0.0967,0,0.0097,-0.0971,0.9952,0,0,13.8774,-4.3542,1]},
{"frame":22,"values":[0.9993,-0.0357,-0.0133,0,0.0369,0.9945,0.0982,0,0.0097,-0.0986,0.9951,0,0,13.8774,-4.3542,1]},
{"frame":23,"values":[0.9993,-0.0356,-0.0128,0,0.0367,0.9942,0.1014,0,0.0091,-0.1018,0.9948,0,0,13.8774,-4.3542,1]},
{"frame":24,"values":[0.9993,-0.0346,-0.0122,0,0.0357,0.9939,0.1048,0,0.0085,-0.1051,0.9944,0,0,13.8774,-4.3542,1]},
{"frame":25,"values":[0.9994,-0.0325,-0.0115,0,0.0336,0.9937,0.107,0,0.008,-0.1074,0.9942,0,0,13.8774,-4.3542,1]},
{"frame":26,"values":[0.9995,-0.0307,-0.0106,0,0.0317,0.9936,0.108,0,0.0072,-0.1083,0.9941,0,0,13.8774,-4.3542,1]},
{"frame":27,"values":[0.9995,-0.0302,-0.0091,0,0.031,0.9936,0.1088,0,0.0058,-0.109,0.994,0,0,13.8774,-4.3542,1]},
{"frame":28,"values":[0.9995,-0.0305,-0.0072,0,0.0311,0.9935,0.1095,0,0.0038,-0.1097,0.994,0,0,13.8774,-4.3542,1]},
{"frame":29,"values":[0.9995,-0.0306,-0.0053,0,0.031,0.9936,0.1087,0,0.0019,-0.1088,0.9941,0,0,13.8774,-4.3542,1]},
{"frame":30,"values":[0.9995,-0.0299,-0.0033,0,0.03,0.9938,0.107,0,0.0001,-0.1071,0.9942,0,0,13.8774,-4.3542,1]},
{"frame":31,"values":[0.9996,-0.029,-0.0012,0,0.029,0.9939,0.1063,0,-0.0019,-0.1063,0.9943,0,0,13.8774,-4.3542,1]}],"loopBehavior":1,"name":"anim","property":"_matrix"}},
{"name":"boss:Neck1","index":5,"matrix":[0.9996,-0.029,-0.0012,0,0.029,0.9939,0.1063,0,-0.0019,-0.1063,0.9943,0,0,4.34,0.9269,1],"rest":[1,0,0,0,0,1,0,0,0,0,1,0,0,4.34,0.9269,1],"parentBoneIndex":4,"length":4.1171
,"animation":{"dataType":3,"framePerSecond":24,"keys":[
{"frame":1,"values":[0.9996,-0.029,-0.0012,0,0.029,0.9939,0.1063,0,-0.0019,-0.1063,0.9943,0,0,4.34,0.9269,1]},
{"frame":2,"values":[0.9996,-0.0281,0.001,0,0.0279,0.994,0.106,0,-0.004,-0.1059,0.9944,0,0,4.34,0.9269,1]},
{"frame":3,"values":[0.9996,-0.0273,0.0032,0,0.0268,0.994,0.1059,0,-0.0061,-0.1058,0.9944,0,0,4.34,0.9269,1]},
{"frame":4,"values":[0.9996,-0.0266,0.0051,0,0.0259,0.994,0.1062,0,-0.0079,-0.106,0.9943,0,0,4.34,0.9269,1]},
{"frame":5,"values":[0.9996,-0.0269,0.0071,0,0.026,0.9941,0.1052,0,-0.0099,-0.1049,0.9944,0,0,4.34,0.9269,1]},
{"frame":6,"values":[0.9995,-0.0286,0.0094,0,0.0275,0.9945,0.1014,0,-0.0123,-0.1011,0.9948,0,0,4.34,0.9269,1]},
{"frame":7,"values":[0.9995,-0.0308,0.0121,0,0.0295,0.9948,0.0971,0,-0.015,-0.0967,0.9952,0,0,4.34,0.9269,1]},
{"frame":8,"values":[0.9994,-0.0333,0.0126,0,0.0319,0.995,0.0949,0,-0.0157,-0.0944,0.9954,0,0,4.34,0.9269,1]},
{"frame":9,"values":[0.9993,-0.0373,0.0079,0,0.0364,0.9949,0.0941,0,-0.0114,-0.0938,0.9955,0,0,4.34,0.9269,1]},
{"frame":10,"values":[0.9991,-0.0417,-0.0031,0,0.0418,0.9947,0.0936,0,-0.0008,-0.0936,0.9956,0,0,4.34,0.9269,1]},
{"frame":11,"values":[0.999,-0.042,-0.0163,0,0.0434,0.9946,0.0939,0,0.0122,-0.0945,0.9955,0,0,4.34,0.9269,1]},
{"frame":12,"values":[0.999,-0.0359,-0.0253,0,0.0382,0.9946,0.097,0,0.0217,-0.0978,0.995,0,0,4.34,0.9269,1]},
{"frame":13,"values":[0.9992,-0.0286,-0.0262,0,0.0312,0.9943,0.1019,0,0.0231,-0.1026,0.9945,0,0,4.34,0.9269,1]},
{"frame":14,"values":[0.9994,-0.0273,-0.0204,0,0.0293,0.994,0.1051,0,0.0174,-0.1056,0.9943,0,0,4.34,0.9269,1]},
{"frame":15,"values":[0.9994,-0.032,-0.0145,0,0.0333,0.994,0.1044,0,0.011,-0.1049,0.9944,0,0,4.34,0.9269,1]},
{"frame":16,"values":[0.9992,-0.0369,-0.0127,0,0.038,0.9941,0.1013,0,0.0089,-0.1017,0.9948,0,0,4.34,0.9269,1]},
{"frame":17,"values":[0.9992,-0.0382,-0.0135,0,0.0393,0.9943,0.0992,0,0.0096,-0.0996,0.995,0,0,4.34,0.9269,1]},
{"frame":18,"values":[0.9992,-0.0371,-0.0137,0,0.0382,0.9944,0.099,0,0.01,-0.0994,0.995,0,0,4.34,0.9269,1]},
{"frame":19,"values":[0.9992,-0.0365,-0.0131,0,0.0376,0.9944,0.0986,0,0.0095,-0.099,0.995,0,0,4.34,0.9269,1]},
{"frame":20,"values":[0.9993,-0.0364,-0.013,0,0.0375,0.9945,0.0973,0,0.0094,-0.0977,0.9952,0,0,4.34,0.9269,1]},
{"frame":21,"values":[0.9993,-0.036,-0.0133,0,0.0371,0.9946,0.0967,0,0.0097,-0.0971,0.9952,0,0,4.34,0.9269,1]},
{"frame":22,"values":[0.9993,-0.0357,-0.0133,0,0.0369,0.9945,0.0982,0,0.0097,-0.0986,0.9951,0,0,4.34,0.9269,1]},
{"frame":23,"values":[0.9993,-0.0356,-0.0128,0,0.0367,0.9942,0.1014,0,0.0091,-0.1018,0.9948,0,0,4.34,0.9269,1]},
{"frame":24,"values":[0.9993,-0.0346,-0.0122,0,0.0357,0.9939,0.1048,0,0.0085,-0.1051,0.9944,0,0,4.34,0.9269,1]},
{"frame":25,"values":[0.9994,-0.0325,-0.0115,0,0.0336,0.9937,0.107,0,0.008,-0.1074,0.9942,0,0,4.34,0.9269,1]},
{"frame":26,"values":[0.9995,-0.0307,-0.0106,0,0.0317,0.9936,0.108,0,0.0072,-0.1083,0.9941,0,0,4.34,0.9269,1]},
{"frame":27,"values":[0.9995,-0.0302,-0.0091,0,0.031,0.9936,0.1088,0,0.0058,-0.109,0.994,0,0,4.34,0.9269,1]},
{"frame":28,"values":[0.9995,-0.0305,-0.0072,0,0.0311,0.9935,0.1095,0,0.0038,-0.1097,0.994,0,0,4.34,0.9269,1]},
{"frame":29,"values":[0.9995,-0.0306,-0.0053,0,0.031,0.9936,0.1087,0,0.0019,-0.1088,0.9941,0,0,4.34,0.9269,1]},
{"frame":30,"values":[0.9995,-0.0299,-0.0033,0,0.03,0.9938,0.107,0,0.0001,-0.1071,0.9942,0,0,4.34,0.9269,1]},
{"frame":31,"values":[0.9996,-0.029,-0.0012,0,0.029,0.9939,0.1063,0,-0.0019,-0.1063,0.9943,0,0,4.34,0.9269,1]}],"loopBehavior":1,"name":"anim","property":"_matrix"}},
{"name":"boss:Head","index":6,"matrix":[0.9996,-0.029,-0.0012,0,0.029,0.9939,0.1063,0,-0.0019,-0.1063,0.9943,0,0,4.0266,0.8585,1],"rest":[1,0,0,0,0,1,0,0,0,0,1,0,0,4.0266,0.8585,1],"parentBoneIndex":5,"length":4.1171
,"animation":{"dataType":3,"framePerSecond":24,"keys":[
{"frame":1,"values":[0.9996,-0.029,-0.0012,0,0.029,0.9939,0.1063,0,-0.0019,-0.1063,0.9943,0,0,4.0266,0.8585,1]},
{"frame":2,"values":[0.9996,-0.0281,0.001,0,0.0279,0.994,0.106,0,-0.004,-0.1059,0.9944,0,0,4.0266,0.8585,1]},
{"frame":3,"values":[0.9996,-0.0273,0.0032,0,0.0268,0.994,0.1059,0,-0.0061,-0.1058,0.9944,0,0,4.0266,0.8585,1]},
{"frame":4,"values":[0.9996,-0.0266,0.0051,0,0.0259,0.994,0.1062,0,-0.0079,-0.106,0.9943,0,0,4.0266,0.8585,1]},
{"frame":5,"values":[0.9996,-0.0269,0.0071,0,0.026,0.9941,0.1052,0,-0.0099,-0.1049,0.9944,0,0,4.0266,0.8585,1]},
{"frame":6,"values":[0.9995,-0.0286,0.0094,0,0.0275,0.9945,0.1014,0,-0.0123,-0.1011,0.9948,0,0,4.0266,0.8585,1]},
{"frame":7,"values":[0.9995,-0.0308,0.0121,0,0.0295,0.9948,0.0971,0,-0.015,-0.0967,0.9952,0,0,4.0266,0.8585,1]},
{"frame":8,"values":[0.9994,-0.0333,0.0126,0,0.0319,0.995,0.0949,0,-0.0157,-0.0944,0.9954,0,0,4.0266,0.8585,1]},
{"frame":9,"values":[0.9993,-0.0373,0.0079,0,0.0364,0.9949,0.0941,0,-0.0114,-0.0938,0.9955,0,0,4.0266,0.8585,1]},
{"frame":10,"values":[0.9991,-0.0417,-0.0031,0,0.0418,0.9947,0.0936,0,-0.0008,-0.0936,0.9956,0,0,4.0266,0.8585,1]},
{"frame":11,"values":[0.999,-0.042,-0.0163,0,0.0434,0.9946,0.0939,0,0.0122,-0.0945,0.9955,0,0,4.0266,0.8585,1]},
{"frame":12,"values":[0.999,-0.0359,-0.0253,0,0.0382,0.9946,0.097,0,0.0217,-0.0978,0.995,0,0,4.0266,0.8585,1]},
{"frame":13,"values":[0.9992,-0.0286,-0.0262,0,0.0312,0.9943,0.1019,0,0.0231,-0.1026,0.9945,0,0,4.0266,0.8585,1]},
{"frame":14,"values":[0.9994,-0.0273,-0.0204,0,0.0293,0.994,0.1051,0,0.0174,-0.1056,0.9943,0,0,4.0266,0.8585,1]},
{"frame":15,"values":[0.9994,-0.032,-0.0145,0,0.0333,0.994,0.1044,0,0.011,-0.1049,0.9944,0,0,4.0266,0.8585,1]},
{"frame":16,"values":[0.9992,-0.0369,-0.0127,0,0.0381,0.9941,0.1013,0,0.0089,-0.1017,0.9948,0,0,4.0266,0.8585,1]},
{"frame":17,"values":[0.9992,-0.0382,-0.0135,0,0.0393,0.9943,0.0992,0,0.0096,-0.0996,0.995,0,0,4.0266,0.8585,1]},
{"frame":18,"values":[0.9992,-0.0371,-0.0137,0,0.0382,0.9944,0.099,0,0.01,-0.0994,0.995,0,0,4.0266,0.8585,1]},
{"frame":19,"values":[0.9992,-0.0365,-0.0131,0,0.0376,0.9944,0.0986,0,0.0095,-0.099,0.995,0,0,4.0266,0.8585,1]},
{"frame":20,"values":[0.9993,-0.0364,-0.013,0,0.0375,0.9945,0.0973,0,0.0094,-0.0977,0.9952,0,0,4.0266,0.8585,1]},
{"frame":21,"values":[0.9993,-0.036,-0.0133,0,0.0371,0.9946,0.0967,0,0.0097,-0.0971,0.9952,0,0,4.0266,0.8585,1]},
{"frame":22,"values":[0.9993,-0.0357,-0.0133,0,0.0369,0.9945,0.0982,0,0.0097,-0.0986,0.9951,0,0,4.0266,0.8585,1]},
{"frame":23,"values":[0.9993,-0.0356,-0.0128,0,0.0367,0.9942,0.1014,0,0.0091,-0.1018,0.9948,0,0,4.0266,0.8585,1]},
{"frame":24,"values":[0.9993,-0.0346,-0.0122,0,0.0357,0.9939,0.1048,0,0.0085,-0.1051,0.9944,0,0,4.0266,0.8585,1]},
{"frame":25,"values":[0.9994,-0.0325,-0.0115,0,0.0336,0.9937,0.107,0,0.008,-0.1074,0.9942,0,0,4.0266,0.8585,1]},
{"frame":26,"values":[0.9995,-0.0307,-0.0106,0,0.0317,0.9936,0.108,0,0.0072,-0.1083,0.9941,0,0,4.0266,0.8585,1]},
{"frame":27,"values":[0.9995,-0.0302,-0.0091,0,0.031,0.9936,0.1088,0,0.0058,-0.109,0.994,0,0,4.0266,0.8585,1]},
{"frame":28,"values":[0.9995,-0.0305,-0.0072,0,0.0311,0.9935,0.1095,0,0.0038,-0.1097,0.994,0,0,4.0266,0.8585,1]},
{"frame":29,"values":[0.9995,-0.0306,-0.0053,0,0.031,0.9936,0.1087,0,0.0019,-0.1088,0.9941,0,0,4.0266,0.8585,1]},
{"frame":30,"values":[0.9995,-0.0299,-0.0033,0,0.03,0.9938,0.107,0,0.0001,-0.1071,0.9942,0,0,4.0266,0.8585,1]},
{"frame":31,"values":[0.9996,-0.029,-0.0012,0,0.029,0.9939,0.1063,0,-0.0019,-0.1063,0.9943,0,0,4.0266,0.8585,1]}],"loopBehavior":1,"name":"anim","property":"_matrix"}},
{"name":"boss:LeftShoulder","index":7,"matrix":[0.9857,-0.1583,-0.0577,0,0.1587,0.9873,0.0018,0,0.0567,-0.011,0.9983,0,6.1442,10.187,-3.7932,1],"rest":[1,0,0,0,0,1,0,0,0,0,1,0,6.1442,10.187,-3.7932,1],"parentBoneIndex":3,"length":12.4986
,"animation":{"dataType":3,"framePerSecond":24,"keys":[
{"frame":1,"values":[0.9857,-0.1583,-0.0577,0,0.1587,0.9873,0.0018,0,0.0567,-0.011,0.9983,0,6.1442,10.187,-3.7932,1]},
{"frame":2,"values":[0.9881,-0.1476,-0.0429,0,0.1478,0.989,0.0006,0,0.0423,-0.007,0.9991,0,6.1442,10.187,-3.7932,1]},
{"frame":3,"values":[0.9902,-0.1374,-0.0261,0,0.1375,0.9905,-0.0001,0,0.0259,-0.0035,0.9997,0,6.1442,10.187,-3.7932,1]},
{"frame":4,"values":[0.9917,-0.1283,-0.0097,0,0.1283,0.9917,0.0004,0,0.0095,-0.0017,1,0,6.1442,10.187,-3.7932,1]},
{"frame":5,"values":[0.9924,-0.1228,0.0055,0,0.1228,0.9924,0.0006,0,-0.0055,0.0001,1,0,6.1442,10.187,-3.7932,1]},
{"frame":6,"values":[0.9921,-0.1235,0.0209,0,0.1234,0.9924,0.0029,0,-0.0211,-0.0003,0.9998,0,6.1442,10.187,-3.7932,1]},
{"frame":7,"values":[0.9912,-0.1307,0.0201,0,0.1305,0.9914,0.01,0,-0.0213,-0.0073,0.9997,0,6.1442,10.187,-3.7932,1]},
{"frame":8,"values":[0.9871,-0.1501,-0.056,0,0.1505,0.9886,0.0028,0,0.055,-0.0112,0.9984,0,6.1442,10.187,-3.7932,1]},
{"frame":9,"values":[0.9545,-0.1837,-0.2348,0,0.1773,0.983,-0.0485,0,0.2397,0.0046,0.9708,0,6.1442,10.187,-3.7932,1]},
{"frame":10,"values":[0.8652,-0.2086,-0.4559,0,0.1663,0.9773,-0.1317,0,0.473,0.0381,0.8802,0,6.1442,10.187,-3.7932,1]},
{"frame":11,"values":[0.7746,-0.1882,-0.6037,0,0.1028,0.9795,-0.1734,0,0.624,0.0723,0.7781,0,6.1442,10.187,-3.7932,1]},
{"frame":12,"values":[0.7745,-0.1059,-0.6237,0,0.0247,0.9902,-0.1374,0,0.6321,0.091,0.7695,0,6.1442,10.187,-3.7932,1]},
{"frame":13,"values":[0.8681,0.0131,-0.4962,0,-0.0606,0.995,-0.0798,0,0.4927,0.0993,0.8645,0,6.1442,10.187,-3.7932,1]},
{"frame":14,"values":[0.9734,0.107,-0.2024,0,-0.122,0.9905,-0.0633,0,0.1937,0.0863,0.9772,0,6.1442,10.187,-3.7932,1]},
{"frame":15,"values":[0.9858,0.1229,0.1149,0,-0.1154,0.9909,-0.0698,0,-0.1224,0.0555,0.9909,0,6.1442,10.187,-3.7932,1]},
{"frame":16,"values":[0.9631,0.0897,0.2536,0,-0.0771,0.9953,-0.0594,0,-0.2577,0.0377,0.9655,0,6.1442,10.187,-3.7932,1]},
{"frame":17,"values":[0.9717,0.0523,0.2306,0,-0.0437,0.9981,-0.0423,0,-0.2323,0.031,0.9721,0,6.1442,10.187,-3.7932,1]},
{"frame":18,"values":[0.9896,0.0099,0.1437,0,-0.0052,0.9994,-0.0332,0,-0.144,0.0321,0.9891,0,6.1442,10.187,-3.7932,1]},
{"frame":19,"values":[0.9979,-0.0396,0.0512,0,0.0412,0.9987,-0.0313,0,-0.0499,0.0334,0.9982,0,6.1442,10.187,-3.7932,1]},
{"frame":20,"values":[0.9954,-0.0895,-0.0338,0,0.0885,0.9956,-0.0316,0,0.0365,0.0285,0.9989,0,6.1442,10.187,-3.7932,1]},
{"frame":21,"values":[0.9864,-0.1307,-0.0994,0,0.1282,0.9913,-0.0315,0,0.1026,0.0183,0.9946,0,6.1442,10.187,-3.7932,1]},
{"frame":22,"values":[0.9777,-0.1578,-0.1388,0,0.1552,0.9874,-0.0298,0,0.1418,0.0076,0.9899,0,6.1442,10.187,-3.7932,1]},
{"frame":23,"values":[0.9716,-0.1726,-0.1618,0,0.1704,0.985,-0.0275,0,0.1641,-0.0009,0.9864,0,6.1442,10.187,-3.7932,1]},
{"frame":24,"values":[0.9684,-0.1785,-0.1741,0,0.1769,0.9839,-0.0251,0,0.1757,-0.0064,0.9844,0,6.1442,10.187,-3.7932,1]},
{"frame":25,"values":[0.9678,-0.1817,-0.174,0,0.1807,0.9833,-0.0216,0,0.1751,-0.0105,0.9845,0,6.1442,10.187,-3.7932,1]},
{"frame":26,"values":[0.9706,-0.1849,-0.1543,0,0.1851,0.9826,-0.0138,0,0.1542,-0.0152,0.9879,0,6.1442,10.187,-3.7932,1]},
{"frame":27,"values":[0.9752,-0.1871,-0.1182,0,0.1881,0.9821,-0.002,0,0.1165,-0.0203,0.993,0,6.1442,10.187,-3.7932,1]},
{"frame":28,"values":[0.9792,-0.185,-0.0835,0,0.1862,0.9825,0.0072,0,0.0807,-0.0226,0.9965,0,6.1442,10.187,-3.7932,1]},
{"frame":29,"values":[0.9814,-0.1784,-0.0702,0,0.1794,0.9837,0.0079,0,0.0677,-0.0203,0.9975,0,6.1442,10.187,-3.7932,1]},
{"frame":30,"values":[0.9833,-0.1688,-0.0682,0,0.1695,0.9855,0.0039,0,0.0666,-0.0154,0.9977,0,6.1442,10.187,-3.7932,1]},
{"frame":31,"values":[0.9857,-0.1583,-0.0577,0,0.1587,0.9873,0.0018,0,0.0567,-0.011,0.9983,0,6.1442,10.187,-3.7932,1]}],"loopBehavior":1,"name":"anim","property":"_matrix"}},
{"name":"boss:LeftArm","index":8,"matrix":[0.6231,-0.6649,0.412,0,0.6775,0.722,0.1404,0,-0.3908,0.1917,0.9003,0,12.3191,-1.113,-1.7935,1],"rest":[1,0,0,0,0,1,0,0,0,0,1,0,12.3191,-1.113,-1.7935,1],"parentBoneIndex":7,"length":27.687
,"animation":{"dataType":3,"framePerSecond":24,"keys":[
{"frame":1,"values":[0.6231,-0.6649,0.412,0,0.6775,0.722,0.1404,0,-0.3908,0.1917,0.9003,0,12.3191,-1.113,-1.7935,1]},
{"frame":2,"values":[0.6208,-0.6577,0.4266,0,0.6728,0.7264,0.1407,0,-0.4024,0.1996,0.8934,0,12.3191,-1.113,-1.7935,1]},
{"frame":3,"values":[0.6202,-0.6499,0.4394,0,0.6664,0.7319,0.1419,0,-0.4138,0.2048,0.887,0,12.3191,-1.113,-1.7935,1]},
{"frame":4,"values":[0.6194,-0.6443,0.4486,0,0.6585,0.7375,0.1499,0,-0.4273,0.2026,0.8811,0,12.3191,-1.113,-1.7935,1]},
{"frame":5,"values":[0.6186,-0.6442,0.4498,0,0.6504,0.741,0.167,0,-0.4409,0.1893,0.8774,0,12.3191,-1.113,-1.7935,1]},
{"frame":6,"values":[0.6086,-0.6441,0.4634,0,0.6486,0.7403,0.177,0,-0.457,0.1928,0.8683,0,12.3191,-1.113,-1.7935,1]},
{"frame":7,"values":[0.5807,-0.6398,0.5034,0,0.6474,0.7378,0.1909,0,-0.4935,0.215,0.8427,0,12.3191,-1.113,-1.7935,1]},
{"frame":8,"values":[0.5474,-0.6462,0.5318,0,0.6482,0.7293,0.2189,0,-0.5293,0.2249,0.8181,0,12.3191,-1.113,-1.7935,1]},
{"frame":9,"values":[0.5615,-0.6768,0.476,0,0.6527,0.7159,0.2479,0,-0.5086,0.1715,0.8438,0,12.3191,-1.113,-1.7935,1]},
{"frame":10,"values":[0.6728,-0.6685,0.317,0,0.6151,0.7435,0.2626,0,-0.4112,0.0183,0.9114,0,12.3191,-1.113,-1.7935,1]},
{"frame":11,"values":[0.819,-0.5485,0.1685,0,0.5022,0.8273,0.2518,0,-0.2775,-0.1216,0.953,0,12.3191,-1.113,-1.7935,1]},
{"frame":12,"values":[0.9073,-0.4052,0.1121,0,0.3799,0.9044,0.1943,0,-0.1801,-0.1337,0.9745,0,12.3191,-1.113,-1.7935,1]},
{"frame":13,"values":[0.937,-0.327,0.1234,0,0.3116,0.9415,0.1283,0,-0.1581,-0.0818,0.984,0,12.3191,-1.113,-1.7935,1]},
{"frame":14,"values":[0.9427,-0.3055,0.1341,0,0.3005,0.9521,0.0562,0,-0.1449,-0.0127,0.9894,0,12.3191,-1.113,-1.7935,1]},
{"frame":15,"values":[0.9481,-0.3099,0.0704,0,0.3152,0.9455,-0.0824,0,-0.041,0.1003,0.9941,0,12.3191,-1.113,-1.7935,1]},
{"frame":16,"values":[0.9374,-0.3483,0.0073,0,0.3389,0.9069,-0.2505,0,0.0806,0.2373,0.9681,0,12.3191,-1.113,-1.7935,1]},
{"frame":17,"values":[0.9075,-0.4198,0.0117,0,0.3964,0.8472,-0.3538,0,0.1386,0.3257,0.9353,0,12.3191,-1.113,-1.7935,1]},
{"frame":18,"values":[0.8624,-0.5017,0.0675,0,0.4895,0.7923,-0.3641,0,0.1292,0.3471,0.9289,0,12.3191,-1.113,-1.7935,1]},
{"frame":19,"values":[0.8095,-0.5701,0.1406,0,0.5833,0.753,-0.3047,0,0.0678,0.3286,0.942,0,12.3191,-1.113,-1.7935,1]},
{"frame":20,"values":[0.7655,-0.6101,0.2044,0,0.6428,0.739,-0.2017,0,-0.0279,0.2858,0.9579,0,12.3191,-1.113,-1.7935,1]},
{"frame":21,"values":[0.7372,-0.6262,0.2538,0,0.6629,0.7429,-0.0928,0,-0.1304,0.2367,0.9628,0,12.3191,-1.113,-1.7935,1]},
{"frame":22,"values":[0.714,-0.6334,0.2984,0,0.6636,0.7481,0.0001,0,-0.2234,0.1979,0.9544,0,12.3191,-1.113,-1.7935,1]},
{"frame":23,"values":[0.6837,-0.6458,0.3398,0,0.664,0.7437,0.0775,0,-0.3028,0.1727,0.9373,0,12.3191,-1.113,-1.7935,1]},
{"frame":24,"values":[0.6527,-0.6613,0.3695,0,0.6651,0.7338,0.1385,0,-0.3627,0.1554,0.9188,0,12.3191,-1.113,-1.7935,1]},
{"frame":25,"values":[0.6351,-0.6709,0.3829,0,0.6639,0.7274,0.1733,0,-0.3948,0.1442,0.9074,0,12.3191,-1.113,-1.7935,1]},
{"frame":26,"values":[0.6374,-0.6697,0.3811,0,0.6633,0.7286,0.1708,0,-0.392,0.1439,0.9086,0,12.3191,-1.113,-1.7935,1]},
{"frame":27,"values":[0.6496,-0.6623,0.3733,0,0.6641,0.7334,0.1454,0,-0.3701,0.1535,0.9162,0,12.3191,-1.113,-1.7935,1]},
{"frame":28,"values":[0.6552,-0.6579,0.3713,0,0.6672,0.7344,0.1241,0,-0.3543,0.1665,0.9202,0,12.3191,-1.113,-1.7935,1]},
{"frame":29,"values":[0.6442,-0.6632,0.381,0,0.6749,0.7273,0.1249,0,-0.3599,0.1767,0.9161,0,12.3191,-1.113,-1.7935,1]},
{"frame":30,"values":[0.6293,-0.6683,0.3967,0,0.6795,0.7209,0.1365,0,-0.3772,0.1837,0.9078,0,12.3191,-1.113,-1.7935,1]},
{"frame":31,"values":[0.6231,-0.6649,0.412,0,0.6775,0.722,0.1404,0,-0.3908,0.1917,0.9003,0,12.3191,-1.113,-1.7935,1]}],"loopBehavior":1,"name":"anim","property":"_matrix"}},
{"name":"boss:LeftForeArm","index":9,"matrix":[-0.413,0,0.9107,0,0,1,0,0,-0.9107,0,-0.413,0,27.687,0,0,1],"rest":[1,0,0,0,0,1,0,0,0,0,1,0,27.687,0,0,1],"parentBoneIndex":8,"length":27.8738
,"animation":{"dataType":3,"framePerSecond":24,"keys":[
{"frame":1,"values":[-0.413,0,0.9107,0,0,1,0,0,-0.9107,0,-0.413,0,27.687,0,0,1]},
{"frame":2,"values":[-0.4358,0,0.9,0,0,1,0,0,-0.9,0,-0.4358,0,27.687,0,0,1]},
{"frame":3,"values":[-0.4533,0,0.8914,0,0,1,0,0,-0.8914,0,-0.4533,0,27.687,0,0,1]},
{"frame":4,"values":[-0.457,0,0.8895,0,0,1,0,0,-0.8895,0,-0.457,0,27.687,0,0,1]},
{"frame":5,"values":[-0.4346,0,0.9006,0,0,1,0,0,-0.9006,0,-0.4346,0,27.687,0,0,1]},
{"frame":6,"values":[-0.408,0,0.913,0,0,1,0,0,-0.913,0,-0.408,0,27.687,0,0,1]},
{"frame":7,"values":[-0.3895,0,0.921,0,0,1,0,0,-0.921,0,-0.3895,0,27.687,0,0,1]},
{"frame":8,"values":[-0.3946,0,0.9189,0,0,1,0,0,-0.9189,0,-0.3946,0,27.687,0,0,1]},
{"frame":9,"values":[-0.4225,0,0.9064,0,0,1,0,0,-0.9064,0,-0.4225,0,27.687,0,0,1]},
{"frame":10,"values":[-0.3998,0,0.9166,0,0,1,0,0,-0.9166,0,-0.3998,0,27.687,0,0,1]},
{"frame":11,"values":[-0.2212,0,0.9752,0,0,1,0,0,-0.9752,0,-0.2212,0,27.687,0,0,1]},
{"frame":12,"values":[0.139,0,0.9903,0,0,1,0,0,-0.9903,0,0.139,0,27.687,0,0,1]},
{"frame":13,"values":[0.5103,0,0.86,0,0,1,0,0,-0.86,0,0.5103,0,27.687,0,0,1]},
{"frame":14,"values":[0.7302,0,0.6833,0,0,1,0,0,-0.6833,0,0.7302,0,27.687,0,0,1]},
{"frame":15,"values":[0.7912,0,0.6116,0,0,1,0,0,-0.6116,0,0.7912,0,27.687,0,0,1]},
{"frame":16,"values":[0.7693,0,0.6388,0,0,1,0,0,-0.6388,0,0.7693,0,27.687,0,0,1]},
{"frame":17,"values":[0.7105,0,0.7037,0,0,1,0,0,-0.7037,0,0.7105,0,27.687,0,0,1]},
{"frame":18,"values":[0.6072,0,0.7946,0,0,1,0,0,-0.7946,0,0.6072,0,27.687,0,0,1]},
{"frame":19,"values":[0.4602,0,0.8878,0,0,1,0,0,-0.8878,0,0.4602,0,27.687,0,0,1]},
{"frame":20,"values":[0.2775,0,0.9607,0,0,1,0,0,-0.9607,0,0.2775,0,27.687,0,0,1]},
{"frame":21,"values":[0.0891,0,0.996,0,0,1,0,0,-0.996,0,0.0891,0,27.687,0,0,1]},
{"frame":22,"values":[-0.0686,0,0.9976,0,0,1,0,0,-0.9976,0,-0.0686,0,27.687,0,0,1]},
{"frame":23,"values":[-0.1851,0,0.9827,0,0,1,0,0,-0.9827,0,-0.1851,0,27.687,0,0,1]},
{"frame":24,"values":[-0.2632,0,0.9648,0,0,1,0,0,-0.9648,0,-0.2632,0,27.687,0,0,1]},
{"frame":25,"values":[-0.3159,0,0.9488,0,0,1,0,0,-0.9488,0,-0.3159,0,27.687,0,0,1]},
{"frame":26,"values":[-0.3499,0,0.9368,0,0,1,0,0,-0.9368,0,-0.3499,0,27.687,0,0,1]},
{"frame":27,"values":[-0.37,0,0.929,0,0,1,0,0,-0.929,0,-0.37,0,27.687,0,0,1]},
{"frame":28,"values":[-0.3781,0,0.9258,0,0,1,0,0,-0.9258,0,-0.3781,0,27.687,0,0,1]},
{"frame":29,"values":[-0.3812,0,0.9245,0,0,1,0,0,-0.9245,0,-0.3812,0,27.687,0,0,1]},
{"frame":30,"values":[-0.3919,0,0.92,0,0,1,0,0,-0.92,0,-0.3919,0,27.687,0,0,1]},
{"frame":31,"values":[-0.413,0,0.9107,0,0,1,0,0,-0.9107,0,-0.413,0,27.687,0,0,1]}],"loopBehavior":1,"name":"anim","property":"_matrix"}},
{"name":"boss:LeftHand","index":10,"matrix":[0.983,0.1613,0.0875,0,-0.1402,0.9679,-0.2085,0,-0.1183,0.1927,0.9741,0,27.8738,0,0,1],"rest":[0.9974,-0.0541,-0.0467,0,0.0586,0.9932,0.1006,0,0.041,-0.1031,0.9938,0,27.8738,0,0,1],"parentBoneIndex":9,"length":9.2395
,"animation":{"dataType":3,"framePerSecond":24,"keys":[
{"frame":1,"values":[0.983,0.1613,0.0875,0,-0.1402,0.9679,-0.2085,0,-0.1183,0.1927,0.9741,0,27.8738,0,0,1]},
{"frame":2,"values":[0.9813,0.169,0.0922,0,-0.1459,0.9653,-0.2166,0,-0.1256,0.1991,0.9719,0,27.8738,0,0,1]},
{"frame":3,"values":[0.9795,0.1769,0.0967,0,-0.1528,0.9644,-0.2158,0,-0.1314,0.1966,0.9716,0,27.8738,0,0,1]},
{"frame":4,"values":[0.9775,0.1847,0.1016,0,-0.1623,0.967,-0.1966,0,-0.1346,0.1757,0.9752,0,27.8738,0,0,1]},
{"frame":5,"values":[0.976,0.1906,0.105,0,-0.1731,0.9724,-0.1562,0,-0.1318,0.1343,0.9821,0,27.8738,0,0,1]},
{"frame":6,"values":[0.9759,0.1918,0.1044,0,-0.1753,0.9731,-0.1495,0,-0.1303,0.1276,0.9832,0,27.8738,0,0,1]},
