{"producer":{"name":"Blender","version":"2.90.0","exporter_version":"2.80.1","file":"fight_punch1_2.babylon"},
"autoClear":true,"clearColor":[0.0509,0.0509,0.0509],"gravity":[0,-9.81,0],
"materials":[{"name":"Material","id":"Material","customType":"BABYLON.PBRMaterial","backFaceCulling":true,"checkReadyOnlyOnce":false,"maxSimultaneousLights":4,"environmentIntensity":1,"albedo":[0.8,0.8,0.8],"reflectivity":[0.5,0.5,0.5],"roughness":0.4,"alpha":1,"transparencyMode":0,"alphaCutOff":0.4,"metallic":0}],
"multiMaterials":[],
"skeletons":[{"name":"Armature","id":0,"dimensionsAtRest":[188.1767,172.4535,15.5905],"bones":[
{"name":"boss:Hips","index":0,"matrix":[0.8196,0.0183,-0.5727,0,-0.0157,0.9998,0.0095,0,-0.5728,-0.0012,-0.8197,0,-0.1133,88.6944,-0.1322,1],"rest":[1,0,0,0,0,1,0,0,0,0,-1,0,0,96.3794,0,1],"parentBoneIndex":-1,"length":9.9032
,"animation":{"dataType":3,"framePerSecond":24,"keys":[
{"frame":1,"values":[0.8196,0.0183,-0.5727,0,-0.0157,0.9998,0.0095,0,-0.5728,-0.0012,-0.8197,0,-0.1133,88.6944,-0.1322,1]},
{"frame":2,"values":[0.8217,0.0202,-0.5695,0,-0.0152,0.9998,0.0135,0,-0.5697,0.0024,-0.8219,0,0.4066,88.2348,-1.1862,1]},
{"frame":3,"values":[0.8198,0.0268,-0.572,0,-0.0144,0.9996,0.0262,0,-0.5724,0.0132,-0.8198,0,1.0131,87.4604,-2.4852,1]},
{"frame":4,"values":[0.8077,0.0398,-0.5883,0,-0.0166,0.9989,0.0448,0,-0.5894,0.0264,-0.8074,0,1.6438,86.3704,-4.3185,1]},
{"frame":5,"values":[0.7784,0.0575,-0.6252,0,-0.0265,0.9979,0.0587,0,-0.6273,0.0291,-0.7783,0,2.2327,85.2714,-6.8946,1]},
{"frame":6,"values":[0.7301,0.0774,-0.6789,0,-0.0465,0.9969,0.0636,0,-0.6817,0.0148,-0.7315,0,3.1051,84.3986,-9.9242,1]},
{"frame":7,"values":[0.6681,0.0875,-0.7389,0,-0.0658,0.9961,0.0584,0,-0.7412,-0.0096,-0.6713,0,4.219,83.6047,-13.1581,1]},
{"frame":8,"values":[0.6142,0.0606,-0.7868,0,-0.0635,0.9976,0.0272,0,-0.7866,-0.0333,-0.6166,0,5.4168,82.619,-16.6743,1]},
{"frame":9,"values":[0.6057,0.0008,-0.7957,0,-0.0397,0.9988,-0.0292,0,-0.7947,-0.0492,-0.605,0,6.5932,81.2757,-20.8111,1]},
{"frame":10,"values":[0.672,-0.0537,-0.7386,0,-0.0069,0.9969,-0.0787,0,-0.7405,-0.058,-0.6695,0,7.6484,80.2746,-25.4949,1]},
{"frame":11,"values":[0.7893,-0.0706,-0.61,0,0.0178,0.9956,-0.0923,0,-0.6138,-0.062,-0.787,0,8.3783,80.012,-30.2535,1]},
{"frame":12,"values":[0.9079,-0.0488,-0.4164,0,0.019,0.997,-0.0754,0,-0.4188,-0.0606,-0.9061,0,8.562,79.9848,-34.6187,1]},
{"frame":13,"values":[0.979,-0.0139,-0.2034,0,0.0029,0.9985,-0.0539,0,-0.2038,-0.0522,-0.9776,0,8.4528,80.1111,-38.1566,1]},
{"frame":14,"values":[0.9989,0.018,-0.0438,0,-0.0198,0.9989,-0.0414,0,-0.043,-0.0422,-0.9982,0,8.3449,80.5033,-40.5611,1]},
{"frame":15,"values":[0.9976,0.0542,0.0432,0,-0.0521,0.9974,-0.0488,0,0.0458,-0.0465,-0.9979,0,8.1282,81.2445,-42.2921,1]},
{"frame":16,"values":[0.9899,0.0906,0.109,0,-0.0828,0.9938,-0.0742,0,0.1151,-0.0645,-0.9913,0,7.5207,82.0598,-44.0262,1]},
{"frame":17,"values":[0.9787,0.0986,0.1803,0,-0.0832,0.9924,-0.0908,0,0.1879,-0.0739,-0.9794,0,6.4984,82.6471,-45.7227,1]},
{"frame":18,"values":[0.9778,0.0689,0.1978,0,-0.0527,0.9949,-0.0864,0,0.2027,-0.074,-0.9764,0,5.4214,83.1432,-46.8094,1]},
{"frame":19,"values":[0.9912,0.0234,0.1305,0,-0.0129,0.9967,-0.0804,0,0.132,-0.078,-0.9882,0,4.7155,83.7504,-47.174,1]},
{"frame":20,"values":[0.9997,-0.0256,0.0038,0,0.0258,0.9969,-0.0749,0,0.0019,-0.075,-0.9972,0,4.4939,84.1375,-46.7653,1]},
{"frame":21,"values":[0.9872,-0.0717,-0.1425,0,0.0636,0.9961,-0.0605,0,-0.1463,-0.0507,-0.9879,0,4.6691,84.0607,-45.5018,1]},
{"frame":22,"values":[0.9498,-0.098,-0.2972,0,0.0899,0.9951,-0.0408,0,-0.2997,-0.012,-0.954,0,5.15,83.6305,-43.6848,1]},
{"frame":23,"values":[0.896,-0.0954,-0.4337,0,0.0971,0.9951,-0.0181,0,-0.4333,0.0259,-0.9009,0,5.4956,82.9673,-41.7581,1]},
{"frame":24,"values":[0.8546,-0.0762,-0.5137,0,0.0924,0.9957,0.0062,0,-0.511,0.0528,-0.8579,0,4.958,82.2951,-39.6513,1]},
{"frame":25,"values":[0.8418,-0.0528,-0.5372,0,0.0784,0.9966,0.0248,0,-0.534,0.063,-0.8431,0,3.3513,81.9361,-37.0126,1]},
{"frame":26,"values":[0.8525,-0.0238,-0.5222,0,0.0495,0.9981,0.0353,0,-0.5204,0.056,-0.8521,0,1.2758,82.0267,-33.8378,1]},
{"frame":27,"values":[0.8731,0.008,-0.4875,0,0.0139,0.9991,0.0413,0,-0.4874,0.0428,-0.8721,0,-0.4742,82.4028,-30.4258,1]},
{"frame":28,"values":[0.8963,0.0372,-0.4418,0,-0.0185,0.9987,0.0467,0,-0.443,0.0337,-0.8959,0,-1.5334,83.1701,-26.9525,1]},
{"frame":29,"values":[0.9115,0.0548,-0.4076,0,-0.0375,0.998,0.0503,0,-0.4095,0.0306,-0.9118,0,-1.9796,84.6229,-23.5891,1]},
{"frame":30,"values":[0.908,0.052,-0.4158,0,-0.0381,0.9984,0.0415,0,-0.4173,0.0218,-0.9085,0,-1.8727,86.7386,-20.6106,1]},
{"frame":31,"values":[0.8838,0.0322,-0.4668,0,-0.0304,0.9995,0.0114,0,-0.4669,-0.0041,-0.8843,0,-1.2603,89.1119,-18.1098,1]},
{"frame":32,"values":[0.8416,0.0028,-0.5401,0,-0.0252,0.9991,-0.0341,0,-0.5396,-0.0423,-0.8409,0,-0.3999,90.9594,-16.0143,1]},
{"frame":33,"values":[0.7934,-0.0298,-0.6079,0,-0.0225,0.9967,-0.0782,0,-0.6082,-0.0757,-0.7901,0,0.4102,91.7246,-14.2364,1]},
{"frame":34,"values":[0.7603,-0.0544,-0.6473,0,-0.02,0.994,-0.1071,0,-0.6492,-0.0944,-0.7547,0,1.2242,91.7644,-12.6723,1]},
{"frame":35,"values":[0.7573,-0.0551,-0.6508,0,-0.0221,0.9937,-0.1099,0,-0.6527,-0.0976,-0.7513,0,1.9054,91.4515,-10.9982,1]},
{"frame":36,"values":[0.7814,-0.0352,-0.6231,0,-0.0265,0.9956,-0.0895,0,-0.6235,-0.0864,-0.777,0,2.0606,90.9242,-9.0457,1]},
{"frame":37,"values":[0.8092,-0.0143,-0.5873,0,-0.0295,0.9975,-0.0649,0,-0.5867,-0.0698,-0.8068,0,1.5609,90.136,-6.9169,1]},
{"frame":38,"values":[0.8265,0,-0.563,0,-0.0308,0.9985,-0.0453,0,-0.5621,-0.0547,-0.8252,0,0.5895,89.1933,-4.6474,1]},
{"frame":39,"values":[0.835,0.011,-0.5501,0,-0.0332,0.999,-0.0305,0,-0.5492,-0.0437,-0.8346,0,-0.4652,88.3851,-2.2553,1]},
{"frame":40,"values":[0.8389,0.0172,-0.544,0,-0.034,0.9992,-0.0209,0,-0.5432,-0.0361,-0.8388,0,-1.1668,88.0365,0.1002,1]},
{"frame":41,"values":[0.841,0.0233,-0.5406,0,-0.0353,0.9993,-0.012,0,-0.54,-0.0291,-0.8412,0,-1.512,88.2783,2.1124,1]},
{"frame":42,"values":[0.8458,0.0327,-0.5324,0,-0.0389,0.9992,-0.0005,0,-0.532,-0.0211,-0.8465,0,-1.831,88.7779,3.6348,1]},
{"frame":43,"values":[0.8564,0.0405,-0.5148,0,-0.0411,0.9991,0.0102,0,-0.5147,-0.0124,-0.8573,0,-2.1792,89.3647,4.6828,1]},
{"frame":44,"values":[0.8654,0.0436,-0.4991,0,-0.0422,0.999,0.0142,0,-0.4992,-0.0087,-0.8664,0,-2.283,89.8256,5.256,1]},
{"frame":45,"values":[0.8639,0.0442,-0.5016,0,-0.045,0.9989,0.0106,0,-0.5016,-0.0134,-0.865,0,-2.1726,90.0975,5.4358,1]},
{"frame":46,"values":[0.8512,0.0397,-0.5234,0,-0.0449,0.999,0.0027,0,-0.5229,-0.0212,-0.8521,0,-1.9677,90.1342,5.2393,1]},
{"frame":47,"values":[0.8361,0.0306,-0.5478,0,-0.038,0.9993,-0.0021,0,-0.5473,-0.0226,-0.8366,0,-1.6883,89.9624,4.549,1]},
{"frame":48,"values":[0.8238,0.0219,-0.5665,0,-0.0271,0.9996,-0.0006,0,-0.5663,-0.0159,-0.8241,0,-1.3412,89.7086,3.4197,1]},
{"frame":49,"values":[0.8175,0.0185,-0.5757,0,-0.019,0.9998,0.0053,0,-0.5756,-0.0066,-0.8177,0,-0.9578,89.4422,2.1463,1]},
{"frame":50,"values":[0.8173,0.0181,-0.5759,0,-0.0159,0.9998,0.009,0,-0.576,-0.0018,-0.8175,0,-0.5442,89.0641,0.9409,1]},
{"frame":51,"values":[0.8196,0.0183,-0.5727,0,-0.0157,0.9998,0.0095,0,-0.5728,-0.0012,-0.8197,0,-0.1133,88.6944,-0.1322,1]}],"loopBehavior":1,"name":"anim","property":"_matrix"}},
{"name":"boss:Spine","index":1,"matrix":[0.9928,0.0199,-0.1179,0,0.0051,0.9782,0.2075,0,0.1195,-0.2067,0.9711,0,0,9.2263,1.5771,1],"rest":[1,0,0,0,0,1,0,0,0,0,1,0,0,9.2263,1.5771,1],"parentBoneIndex":0,"length":16.2548
,"animation":{"dataType":3,"framePerSecond":24,"keys":[
{"frame":1,"values":[0.9928,0.0199,-0.1179,0,0.0051,0.9782,0.2075,0,0.1195,-0.2067,0.9711,0,0,9.2263,1.5771,1]},
{"frame":2,"values":[0.9927,0.0162,-0.1192,0,0.0106,0.9752,0.2211,0,0.1198,-0.2208,0.9679,0,0,9.2263,1.5771,1]},
{"frame":3,"values":[0.9921,0.0161,-0.124,0,0.0147,0.9699,0.2431,0,0.1242,-0.243,0.962,0,0,9.2263,1.5771,1]},
{"frame":4,"values":[0.9904,0.017,-0.1371,0,0.0206,0.9631,0.2685,0,0.1366,-0.2687,0.9535,0,0,9.2263,1.5771,1]},
{"frame":5,"values":[0.988,0.0189,-0.1535,0,0.0254,0.9591,0.2819,0,0.1525,-0.2824,0.9471,0,0,9.2263,1.5771,1]},
{"frame":6,"values":[0.9869,0.0116,-0.161,0,0.0352,0.9579,0.2848,0,0.1576,-0.2867,0.945,0,0,9.2263,1.5771,1]},
{"frame":7,"values":[0.9893,-0.0081,-0.1459,0,0.0501,0.9566,0.2869,0,0.1373,-0.2911,0.9468,0,0,9.2263,1.5771,1]},
{"frame":8,"values":[0.9957,-0.0231,-0.09,0,0.0478,0.9577,0.2838,0,0.0796,-0.2869,0.9546,0,0,9.2263,1.5771,1]},
{"frame":9,"values":[0.9996,-0.0266,0.0088,0,0.0233,0.9633,0.2673,0,-0.0156,-0.267,0.9636,0,0,9.2263,1.5771,1]},
{"frame":10,"values":[0.9919,-0.0432,0.1194,0,0.0112,0.9664,0.2568,0,-0.1265,-0.2534,0.9591,0,0,9.2263,1.5771,1]},
{"frame":11,"values":[0.9785,-0.0966,0.1821,0,0.0426,0.9592,0.2796,0,-0.2017,-0.2658,0.9427,0,0,9.2263,1.5771,1]},
{"frame":12,"values":[0.9741,-0.1629,0.157,0,0.1047,0.9397,0.3255,0,-0.2005,-0.3006,0.9324,0,0,9.2263,1.5771,1]},
{"frame":13,"values":[0.9845,-0.1654,0.0585,0,0.1328,0.9203,0.368,0,-0.1147,-0.3546,0.928,0,0,9.2263,1.5771,1]},
{"frame":14,"values":[0.9936,-0.0677,-0.0899,0,0.0993,0.9029,0.4181,0,0.0529,-0.4244,0.9039,0,0,9.2263,1.5771,1]},
{"frame":15,"values":[0.9711,0.0248,-0.2376,0,0.0867,0.89,0.4475,0,0.2226,-0.4552,0.8621,0,0,9.2263,1.5771,1]},
{"frame":16,"values":[0.945,0.025,-0.3261,0,0.1264,0.8917,0.4347,0,0.3017,-0.452,0.8394,0,0,9.2263,1.5771,1]},
{"frame":17,"values":[0.9417,-0.0221,-0.3357,0,0.1714,0.8901,0.4224,0,0.2895,-0.4553,0.842,0,0,9.2263,1.5771,1]},
{"frame":18,"values":[0.9521,-0.0626,-0.2992,0,0.1948,0.8785,0.4362,0,0.2355,-0.4736,0.8486,0,0,9.2263,1.5771,1]},
{"frame":19,"values":[0.9594,-0.1032,-0.2624,0,0.2138,0.873,0.4383,0,0.1838,-0.4767,0.8597,0,0,9.2263,1.5771,1]},
{"frame":20,"values":[0.9656,-0.1382,-0.2203,0,0.2228,0.8763,0.4271,0,0.134,-0.4615,0.877,0,0,9.2263,1.5771,1]},
{"frame":21,"values":[0.9751,-0.1478,-0.1654,0,0.2064,0.8778,0.4324,0,0.0813,-0.4557,0.8864,0,0,9.2263,1.5771,1]},
{"frame":22,"values":[0.9831,-0.1367,-0.1216,0,0.1774,0.875,0.4504,0,0.0448,-0.4644,0.8845,0,0,9.2263,1.5771,1]},
{"frame":23,"values":[0.9875,-0.1177,-0.1047,0,0.1531,0.8738,0.4616,0,0.0372,-0.4718,0.8809,0,0,9.2263,1.5771,1]},
{"frame":24,"values":[0.9899,-0.0933,-0.1063,0,0.132,0.8796,0.457,0,0.0509,-0.4664,0.8831,0,0,9.2263,1.5771,1]},
{"frame":25,"values":[0.9907,-0.0723,-0.1153,0,0.1159,0.8924,0.436,0,0.0714,-0.4453,0.8925,0,0,9.2263,1.5771,1]},
{"frame":26,"values":[0.9904,-0.0546,-0.1267,0,0.1017,0.9094,0.4033,0,0.0932,-0.4124,0.9062,0,0,9.2263,1.5771,1]},
{"frame":27,"values":[0.9916,-0.026,-0.1271,0,0.0718,0.9258,0.371,0,0.108,-0.377,0.9199,0,0,9.2263,1.5771,1]},
{"frame":28,"values":[0.9941,0.0039,-0.1083,0,0.0347,0.9353,0.3521,0,0.1026,-0.3538,0.9297,0,0,9.2263,1.5771,1]},
{"frame":29,"values":[0.9962,0.016,-0.0857,0,0.0156,0.9344,0.3558,0,0.0858,-0.3558,0.9306,0,0,9.2263,1.5771,1]},
{"frame":30,"values":[0.9968,0.0154,-0.0778,0,0.0145,0.9292,0.3692,0,0.078,-0.3691,0.9261,0,0,9.2263,1.5771,1]},
{"frame":31,"values":[0.9963,0.0141,-0.0844,0,0.0177,0.931,0.3647,0,0.0837,-0.3648,0.9273,0,0,9.2263,1.5771,1]},
{"frame":32,"values":[0.9956,0.0126,-0.0926,0,0.0191,0.9428,0.3327,0,0.0915,-0.3331,0.9385,0,0,9.2263,1.5771,1]},
{"frame":33,"values":[0.9953,0.013,-0.0957,0,0.0154,0.957,0.2897,0,0.0954,-0.2898,0.9523,0,0,9.2263,1.5771,1]},
{"frame":34,"values":[0.9956,0.0183,-0.092,0,0.0061,0.9661,0.2582,0,0.0936,-0.2576,0.9617,0,0,9.2263,1.5771,1]},
{"frame":35,"values":[0.9963,0.0135,-0.0846,0,0.0083,0.9675,0.2526,0,0.0853,-0.2524,0.9639,0,0,9.2263,1.5771,1]},
{"frame":36,"values":[0.9967,-0.0012,-0.0808,0,0.0226,0.9642,0.2643,0,0.0776,-0.2653,0.961,0,0,9.2263,1.5771,1]},
{"frame":37,"values":[0.9964,-0.0072,-0.0845,0,0.0297,0.9629,0.2682,0,0.0794,-0.2697,0.9597,0,0,9.2263,1.5771,1]},
{"frame":38,"values":[0.9951,-0.0019,-0.0984,0,0.0276,0.9651,0.2606,0,0.0945,-0.262,0.9604,0,0,9.2263,1.5771,1]},
{"frame":39,"values":[0.9928,0.0119,-0.1188,0,0.0186,0.9674,0.2527,0,0.1179,-0.2531,0.9602,0,0,9.2263,1.5771,1]},
{"frame":40,"values":[0.99,0.0415,-0.1346,0,-0.0064,0.9678,0.2516,0,0.1407,-0.2482,0.9584,0,0,9.2263,1.5771,1]},
{"frame":41,"values":[0.9877,0.0671,-0.1411,0,-0.0298,0.9674,0.2513,0,0.1533,-0.244,0.9576,0,0,9.2263,1.5771,1]},
{"frame":42,"values":[0.9883,0.0656,-0.138,0,-0.0302,0.9692,0.2443,0,0.1498,-0.2373,0.9598,0,0,9.2263,1.5771,1]},
{"frame":43,"values":[0.9908,0.0529,-0.1246,0,-0.0225,0.972,0.2339,0,0.1335,-0.2289,0.9642,0,0,9.2263,1.5771,1]},
{"frame":44,"values":[0.9928,0.0458,-0.1108,0,-0.0203,0.975,0.2213,0,0.1182,-0.2175,0.9689,0,0,9.2263,1.5771,1]},
{"frame":45,"values":[0.9931,0.0409,-0.1102,0,-0.0174,0.9783,0.2063,0,0.1163,-0.203,0.9723,0,0,9.2263,1.5771,1]},
{"frame":46,"values":[0.9921,0.0378,-0.12,0,-0.0139,0.9809,0.1942,0,0.1251,-0.1909,0.9736,0,0,9.2263,1.5771,1]},
{"frame":47,"values":[0.9912,0.0409,-0.1262,0,-0.0164,0.9819,0.1888,0,0.1316,-0.1851,0.9739,0,0,9.2263,1.5771,1]},
{"frame":48,"values":[0.9911,0.0471,-0.1247,0,-0.0227,0.9815,0.1899,0,0.1314,-0.1854,0.9738,0,0,9.2263,1.5771,1]},
{"frame":49,"values":[0.9918,0.0426,-0.1208,0,-0.0185,0.9808,0.1943,0,0.1267,-0.1904,0.9735,0,0,9.2263,1.5771,1]},
{"frame":50,"values":[0.9925,0.0293,-0.1186,0,-0.0051,0.9798,0.1998,0,0.1221,-0.1977,0.9726,0,0,9.2263,1.5771,1]},
{"frame":51,"values":[0.9928,0.0199,-0.1179,0,0.0051,0.9782,0.2075,0,0.1195,-0.2067,0.9711,0,0,9.2263,1.5771,1]}],"loopBehavior":1,"name":"anim","property":"_matrix"}},
{"name":"boss:Spine1","index":2,"matrix":[0.9997,-0.0148,-0.017,0,0.0154,0.9992,0.0379,0,0.0165,-0.0382,0.9991,0,0,16.254,-0.1656,1],"rest":[1,0,0,0,0,1,0,0,0,0,1,0,0,16.254,-0.1656,1],"parentBoneIndex":1,"length":13.7007
,"animation":{"dataType":3,"framePerSecond":24,"keys":[
{"frame":1,"values":[0.9997,-0.0148,-0.017,0,0.0154,0.9992,0.0379,0,0.0165,-0.0382,0.9991,0,0,16.254,-0.1656,1]},
{"frame":2,"values":[0.9998,-0.0112,-0.017,0,0.0118,0.9993,0.0356,0,0.0166,-0.0358,0.9992,0,0,16.254,-0.1656,1]},
{"frame":3,"values":[0.9998,-0.0093,-0.0175,0,0.0099,0.9994,0.0328,0,0.0172,-0.0329,0.9993,0,0,16.254,-0.1656,1]},
{"frame":4,"values":[0.9997,-0.012,-0.0194,0,0.0126,0.9994,0.0308,0,0.019,-0.031,0.9993,0,0,16.254,-0.1656,1]},
{"frame":5,"values":[0.9996,-0.0193,-0.022,0,0.02,0.9994,0.0295,0,0.0215,-0.0299,0.9993,0,0,16.254,-0.1656,1]},
{"frame":6,"values":[0.9994,-0.0267,-0.0234,0,0.0273,0.9993,0.0265,0,0.0226,-0.0271,0.9994,0,0,16.254,-0.1656,1]},
{"frame":7,"values":[0.9994,-0.0289,-0.021,0,0.0293,0.9994,0.0202,0,0.0204,-0.0208,0.9996,0,0,16.254,-0.1656,1]},
{"frame":8,"values":[0.9997,-0.0226,-0.0127,0,0.0228,0.9996,0.0152,0,0.0124,-0.0155,0.9998,0,0,16.254,-0.1656,1]},
{"frame":9,"values":[1,-0.0098,0.0013,0,0.0098,0.9998,0.0159,0,-0.0014,-0.0159,0.9999,0,0,16.254,-0.1656,1]},
{"frame":10,"values":[0.9998,0.0104,0.0176,0,-0.0107,0.9998,0.0147,0,-0.0174,-0.0149,0.9997,0,0,16.254,-0.1656,1]},
{"frame":11,"values":[0.9989,0.0375,0.0284,0,-0.0376,0.9993,0.0049,0,-0.0282,-0.006,0.9996,0,0,16.254,-0.1656,1]},
{"frame":12,"values":[0.9979,0.0583,0.0276,0,-0.0582,0.9983,-0.0055,0,-0.0279,0.0038,0.9996,0,0,16.254,-0.1656,1]},
{"frame":13,"values":[0.9984,0.0543,0.015,0,-0.0542,0.9985,-0.0068,0,-0.0153,0.006,0.9999,0,0,16.254,-0.1656,1]},
{"frame":14,"values":[0.9996,0.028,-0.0081,0,-0.028,0.9996,-0.0036,0,0.0079,0.0038,1,0,0,16.254,-0.1656,1]},
{"frame":15,"values":[0.9995,0.0092,-0.0318,0,-0.009,0.9999,0.0052,0,0.0318,-0.0049,0.9995,0,0,16.254,-0.1656,1]},
{"frame":16,"values":[0.999,0.0101,-0.0438,0,-0.0095,0.9999,0.0136,0,0.0439,-0.0132,0.9989,0,0,16.254,-0.1656,1]},
{"frame":17,"values":[0.9989,0.0196,-0.0426,0,-0.0189,0.9997,0.0168,0,0.0429,-0.016,0.999,0,0,16.254,-0.1656,1]},
{"frame":18,"values":[0.999,0.0264,-0.0353,0,-0.0258,0.9995,0.0164,0,0.0357,-0.0155,0.9992,0,0,16.254,-0.1656,1]},
{"frame":19,"values":[0.9991,0.0322,-0.0282,0,-0.0318,0.9994,0.0168,0,0.0287,-0.0159,0.9995,0,0,16.254,-0.1656,1]},
{"frame":20,"values":[0.9992,0.034,-0.0215,0,-0.0337,0.9993,0.0154,0,0.022,-0.0147,0.9997,0,0,16.254,-0.1656,1]},
{"frame":21,"values":[0.9995,0.0273,-0.0147,0,-0.0271,0.9996,0.0077,0,0.0149,-0.0073,0.9999,0,0,16.254,-0.1656,1]},
{"frame":22,"values":[0.9998,0.0151,-0.0105,0,-0.0151,0.9999,-0.0055,0,0.0104,0.0057,0.9999,0,0,16.254,-0.1656,1]},
{"frame":23,"values":[0.9999,0.0038,-0.0098,0,-0.004,0.9999,-0.016,0,0.0097,0.016,0.9998,0,0,16.254,-0.1656,1]},
{"frame":24,"values":[0.9999,-0.0031,-0.0112,0,0.0029,0.9999,-0.0157,0,0.0112,0.0157,0.9998,0,0,16.254,-0.1656,1]},
{"frame":25,"values":[0.9999,-0.0059,-0.0132,0,0.0058,1,-0.0062,0,0.0132,0.0061,0.9999,0,0,16.254,-0.1656,1]},
{"frame":26,"values":[0.9998,-0.0099,-0.0155,0,0.01,0.9999,0.0099,0,0.0154,-0.0101,0.9998,0,0,16.254,-0.1656,1]},
{"frame":27,"values":[0.9996,-0.0213,-0.0173,0,0.0218,0.9994,0.028,0,0.0167,-0.0284,0.9995,0,0,16.254,-0.1656,1]},
{"frame":28,"values":[0.9993,-0.0338,-0.0168,0,0.0344,0.9987,0.0381,0,0.0154,-0.0386,0.9991,0,0,16.254,-0.1656,1]},
{"frame":29,"values":[0.9993,-0.0348,-0.0141,0,0.0352,0.9988,0.0344,0,0.0129,-0.0349,0.9993,0,0,16.254,-0.1656,1]},
{"frame":30,"values":[0.9996,-0.0258,-0.0122,0,0.0261,0.9993,0.0271,0,0.0115,-0.0274,0.9996,0,0,16.254,-0.1656,1]},
{"frame":31,"values":[0.9998,-0.0167,-0.0122,0,0.017,0.9995,0.0278,0,0.0118,-0.028,0.9995,0,0,16.254,-0.1656,1]},
{"frame":32,"values":[0.9999,-0.0099,-0.0129,0,0.0104,0.9993,0.0346,0,0.0126,-0.0348,0.9993,0,0,16.254,-0.1656,1]},
{"frame":33,"values":[0.9999,-0.0048,-0.0133,0,0.0053,0.9991,0.0411,0,0.013,-0.0411,0.9991,0,0,16.254,-0.1656,1]},
{"frame":34,"values":[0.9999,-0.0025,-0.0128,0,0.003,0.9992,0.0403,0,0.0127,-0.0404,0.9991,0,0,16.254,-0.1656,1]},
{"frame":35,"values":[0.9999,-0.0003,-0.0115,0,0.0007,0.9995,0.0301,0,0.0115,-0.0302,0.9995,0,0,16.254,-0.1656,1]},
{"frame":36,"values":[0.9999,0.0022,-0.0105,0,-0.002,0.9998,0.0196,0,0.0105,-0.0195,0.9998,0,0,16.254,-0.1656,1]},
{"frame":37,"values":[0.9999,0.0003,-0.011,0,-0.0001,0.9998,0.0176,0,0.011,-0.0176,0.9998,0,0,16.254,-0.1656,1]},
{"frame":38,"values":[0.9999,-0.0061,-0.0133,0,0.0064,0.9998,0.0207,0,0.0132,-0.0208,0.9997,0,0,16.254,-0.1656,1]},
{"frame":39,"values":[0.9997,-0.0154,-0.0169,0,0.0158,0.9996,0.0237,0,0.0165,-0.0239,0.9996,0,0,16.254,-0.1656,1]},
{"frame":40,"values":[0.9994,-0.0294,-0.0203,0,0.03,0.9992,0.0269,0,0.0195,-0.0275,0.9994,0,0,16.254,-0.1656,1]},
{"frame":41,"values":[0.9989,-0.0411,-0.0224,0,0.0418,0.9986,0.0321,0,0.0211,-0.033,0.9992,0,0,16.254,-0.1656,1]},
{"frame":42,"values":[0.9989,-0.0421,-0.0221,0,0.0429,0.9983,0.0385,0,0.0205,-0.0394,0.999,0,0,16.254,-0.1656,1]},
{"frame":43,"values":[0.9991,-0.0386,-0.0198,0,0.0394,0.9983,0.0429,0,0.0181,-0.0436,0.9989,0,0,16.254,-0.1656,1]},
{"frame":44,"values":[0.9992,-0.0367,-0.0176,0,0.0375,0.9983,0.0445,0,0.016,-0.0451,0.9989,0,0,16.254,-0.1656,1]},
{"frame":45,"values":[0.9993,-0.0345,-0.0172,0,0.0352,0.9984,0.0441,0,0.0157,-0.0447,0.9989,0,0,16.254,-0.1656,1]},
{"frame":46,"values":[0.9994,-0.031,-0.0182,0,0.0317,0.9986,0.0422,0,0.0169,-0.0427,0.9989,0,0,16.254,-0.1656,1]},
{"frame":47,"values":[0.9994,-0.0287,-0.019,0,0.0294,0.9988,0.0404,0,0.0178,-0.0409,0.999,0,0,16.254,-0.1656,1]},
{"frame":48,"values":[0.9994,-0.0273,-0.0189,0,0.028,0.9988,0.0401,0,0.0178,-0.0406,0.999,0,0,16.254,-0.1656,1]},
{"frame":49,"values":[0.9995,-0.0242,-0.0182,0,0.025,0.9989,0.04,0,0.0172,-0.0404,0.999,0,0,16.254,-0.1656,1]},
{"frame":50,"values":[0.9997,-0.0195,-0.0175,0,0.0202,0.999,0.0394,0,0.0167,-0.0397,0.9991,0,0,16.254,-0.1656,1]},
{"frame":51,"values":[0.9997,-0.0148,-0.017,0,0.0154,0.9992,0.0379,0,0.0165,-0.0382,0.9991,0,0,16.254,-0.1656,1]}],"loopBehavior":1,"name":"anim","property":"_matrix"}},
{"name":"boss:Spine2","index":3,"matrix":[0.9998,-0.0147,-0.0167,0,0.0153,0.9992,0.0381,0,0.0161,-0.0384,0.9991,0,0,13.6396,-1.2923,1],"rest":[1,0,0,0,0,1,0,0,0,0,1,0,0,13.6396,-1.2923,1],"parentBoneIndex":2,"length":13.1719
,"animation":{"dataType":3,"framePerSecond":24,"keys":[
{"frame":1,"values":[0.9998,-0.0147,-0.0167,0,0.0153,0.9992,0.0381,0,0.0161,-0.0384,0.9991,0,0,13.6396,-1.2923,1]},
{"frame":2,"values":[0.9998,-0.0111,-0.0167,0,0.0117,0.9993,0.0357,0,0.0163,-0.0359,0.9992,0,0,13.6396,-1.2923,1]},
{"frame":3,"values":[0.9998,-0.0093,-0.0173,0,0.0099,0.9994,0.0329,0,0.0169,-0.0331,0.9993,0,0,13.6396,-1.2923,1]},
{"frame":4,"values":[0.9997,-0.0121,-0.019,0,0.0127,0.9994,0.031,0,0.0186,-0.0312,0.9993,0,0,13.6396,-1.2923,1]},
{"frame":5,"values":[0.9996,-0.0195,-0.0214,0,0.0201,0.9994,0.0298,0,0.0209,-0.0302,0.9993,0,0,13.6396,-1.2923,1]},
{"frame":6,"values":[0.9994,-0.0269,-0.0226,0,0.0275,0.9993,0.027,0,0.0218,-0.0276,0.9994,0,0,13.6396,-1.2923,1]},
{"frame":7,"values":[0.9994,-0.0291,-0.0201,0,0.0295,0.9993,0.0207,0,0.0195,-0.0212,0.9996,0,0,13.6396,-1.2923,1]},
{"frame":8,"values":[0.9997,-0.0228,-0.012,0,0.023,0.9996,0.0155,0,0.0117,-0.0157,0.9998,0,0,13.6396,-1.2923,1]},
{"frame":9,"values":[1,-0.0098,0.0016,0,0.0098,0.9998,0.016,0,-0.0017,-0.016,0.9999,0,0,13.6396,-1.2923,1]},
{"frame":10,"values":[0.9998,0.0106,0.0173,0,-0.0109,0.9998,0.015,0,-0.0171,-0.0152,0.9997,0,0,13.6396,-1.2923,1]},
{"frame":11,"values":[0.9989,0.038,0.0274,0,-0.0382,0.9993,0.0061,0,-0.0271,-0.0072,0.9996,0,0,13.6396,-1.2923,1]},
{"frame":12,"values":[0.9979,0.0591,0.0258,0,-0.059,0.9982,-0.0036,0,-0.026,0.0021,0.9997,0,0,13.6396,-1.2923,1]},
{"frame":13,"values":[0.9984,0.0548,0.0129,0,-0.0547,0.9985,-0.0058,0,-0.0132,0.0051,0.9999,0,0,13.6396,-1.2923,1]},
{"frame":14,"values":[0.9996,0.0276,-0.0094,0,-0.0276,0.9996,-0.0038,0,0.0093,0.004,0.9999,0,0,13.6396,-1.2923,1]},
{"frame":15,"values":[0.9994,0.0078,-0.0324,0,-0.0076,1,0.0048,0,0.0324,-0.0045,0.9995,0,0,13.6396,-1.2923,1]},
{"frame":16,"values":[0.999,0.0085,-0.0445,0,-0.0079,0.9999,0.013,0,0.0446,-0.0126,0.9989,0,0,13.6396,-1.2923,1]},
{"frame":17,"values":[0.9989,0.0181,-0.0439,0,-0.0174,0.9997,0.0156,0,0.0442,-0.0149,0.9989,0,0,13.6396,-1.2923,1]},
{"frame":18,"values":[0.999,0.0251,-0.0371,0,-0.0245,0.9996,0.0151,0,0.0374,-0.0142,0.9992,0,0,13.6396,-1.2923,1]},
{"frame":19,"values":[0.9991,0.0312,-0.0304,0,-0.0307,0.9994,0.0156,0,0.0309,-0.0146,0.9994,0,0,13.6396,-1.2923,1]},
{"frame":20,"values":[0.9992,0.0332,-0.0237,0,-0.0329,0.9994,0.0144,0,0.0241,-0.0136,0.9996,0,0,13.6396,-1.2923,1]},
{"frame":21,"values":[0.9995,0.0266,-0.0164,0,-0.0265,0.9996,0.0071,0,0.0166,-0.0067,0.9998,0,0,13.6396,-1.2923,1]},
{"frame":22,"values":[0.9998,0.0145,-0.0113,0,-0.0146,0.9999,-0.0058,0,0.0112,0.0059,0.9999,0,0,13.6396,-1.2923,1]},
{"frame":23,"values":[0.9999,0.0033,-0.0099,0,-0.0034,0.9999,-0.0161,0,0.0099,0.0161,0.9998,0,0,13.6396,-1.2923,1]},
{"frame":24,"values":[0.9999,-0.0037,-0.011,0,0.0036,0.9999,-0.0157,0,0.0111,0.0157,0.9998,0,0,13.6396,-1.2923,1]},
{"frame":25,"values":[0.9999,-0.0065,-0.013,0,0.0064,1,-0.0062,0,0.0131,0.0061,0.9999,0,0,13.6396,-1.2923,1]},
{"frame":26,"values":[0.9998,-0.0104,-0.0154,0,0.0105,0.9999,0.0099,0,0.0153,-0.0101,0.9998,0,0,13.6396,-1.2923,1]},
{"frame":27,"values":[0.9996,-0.0216,-0.0169,0,0.022,0.9994,0.0282,0,0.0163,-0.0286,0.9995,0,0,13.6396,-1.2923,1]},
{"frame":28,"values":[0.9993,-0.0339,-0.0159,0,0.0345,0.9987,0.0385,0,0.0146,-0.039,0.9991,0,0,13.6396,-1.2923,1]},
{"frame":29,"values":[0.9993,-0.0349,-0.0131,0,0.0353,0.9988,0.0347,0,0.0119,-0.0352,0.9993,0,0,13.6396,-1.2923,1]},
{"frame":30,"values":[0.9996,-0.026,-0.0114,0,0.0263,0.9993,0.0273,0,0.0107,-0.0276,0.9996,0,0,13.6396,-1.2923,1]},
{"frame":31,"values":[0.9998,-0.0168,-0.0118,0,0.0172,0.9995,0.028,0,0.0114,-0.0282,0.9995,0,0,13.6396,-1.2923,1]},
{"frame":32,"values":[0.9999,-0.01,-0.0128,0,0.0105,0.9993,0.0348,0,0.0124,-0.0349,0.9993,0,0,13.6396,-1.2923,1]},
{"frame":33,"values":[0.9999,-0.0047,-0.0132,0,0.0053,0.9991,0.0412,0,0.013,-0.0412,0.9991,0,0,13.6396,-1.2923,1]},
{"frame":34,"values":[0.9999,-0.0025,-0.0128,0,0.003,0.9992,0.0404,0,0.0126,-0.0404,0.9991,0,0,13.6396,-1.2923,1]},
{"frame":35,"values":[0.9999,-0.0004,-0.0115,0,0.0007,0.9995,0.0302,0,0.0115,-0.0302,0.9995,0,0,13.6396,-1.2923,1]},
{"frame":36,"values":[0.9999,0.0021,-0.0106,0,-0.0019,0.9998,0.0196,0,0.0106,-0.0196,0.9998,0,0,13.6396,-1.2923,1]},
{"frame":37,"values":[0.9999,0.0001,-0.011,0,0.0001,0.9998,0.0176,0,0.011,-0.0176,0.9998,0,0,13.6396,-1.2923,1]},
{"frame":38,"values":[0.9999,-0.0063,-0.0132,0,0.0065,0.9998,0.0208,0,0.0131,-0.0209,0.9997,0,0,13.6396,-1.2923,1]},
{"frame":39,"values":[0.9997,-0.0155,-0.0165,0,0.0159,0.9996,0.0239,0,0.0162,-0.0241,0.9996,0,0,13.6396,-1.2923,1]},
{"frame":40,"values":[0.9994,-0.0295,-0.0196,0,0.03,0.9992,0.0273,0,0.0188,-0.0279,0.9994,0,0,13.6396,-1.2923,1]},
{"frame":41,"values":[0.9989,-0.0411,-0.0214,0,0.0418,0.9986,0.0328,0,0.02,-0.0336,0.9992,0,0,13.6396,-1.2923,1]},
{"frame":42,"values":[0.9989,-0.0419,-0.0211,0,0.0427,0.9983,0.0392,0,0.0194,-0.04,0.999,0,0,13.6396,-1.2923,1]},
{"frame":43,"values":[0.9991,-0.0384,-0.019,0,0.0392,0.9983,0.0435,0,0.0173,-0.0442,0.9989,0,0,13.6396,-1.2923,1]},
{"frame":44,"values":[0.9992,-0.0366,-0.0168,0,0.0373,0.9983,0.0449,0,0.0152,-0.0455,0.9988,0,0,13.6396,-1.2923,1]},
{"frame":45,"values":[0.9993,-0.0343,-0.0165,0,0.035,0.9984,0.0446,0,0.015,-0.0451,0.9989,0,0,13.6396,-1.2923,1]},
{"frame":46,"values":[0.9994,-0.0308,-0.0176,0,0.0315,0.9986,0.0426,0,0.0163,-0.0431,0.9989,0,0,13.6396,-1.2923,1]},
{"frame":47,"values":[0.9994,-0.0285,-0.0184,0,0.0292,0.9987,0.0408,0,0.0172,-0.0413,0.999,0,0,13.6396,-1.2923,1]},
{"frame":48,"values":[0.9995,-0.0271,-0.0183,0,0.0278,0.9988,0.0404,0,0.0171,-0.0409,0.999,0,0,13.6396,-1.2923,1]},
{"frame":49,"values":[0.9996,-0.024,-0.0176,0,0.0247,0.9989,0.0403,0,0.0166,-0.0407,0.999,0,0,13.6396,-1.2923,1]},
{"frame":50,"values":[0.9997,-0.0193,-0.017,0,0.02,0.999,0.0396,0,0.0163,-0.04,0.9991,0,0,13.6396,-1.2923,1]},
{"frame":51,"values":[0.9998,-0.0147,-0.0167,0,0.0153,0.9992,0.0381,0,0.0161,-0.0384,0.9991,0,0,13.6396,-1.2923,1]}],"loopBehavior":1,"name":"anim","property":"_matrix"}},
{"name":"boss:Neck","index":4,"matrix":[0.9987,-0.0368,-0.036,0,0.0383,0.9984,0.0405,0,0.0344,-0.0418,0.9985,0,0,13.8774,-4.3542,1],"rest":[1,0,0,0,0,1,0,0,0,0,1,0,0,13.8774,-4.3542,1],"parentBoneIndex":3,"length":4.4379
,"animation":{"dataType":3,"framePerSecond":24,"keys":[
{"frame":1,"values":[0.9987,-0.0368,-0.036,0,0.0383,0.9984,0.0405,0,0.0344,-0.0418,0.9985,0,0,13.8774,-4.3542,1]},
{"frame":2,"values":[0.9988,-0.0342,-0.0341,0,0.0356,0.9985,0.0408,0,0.0327,-0.0419,0.9986,0,0,13.8774,-4.3542,1]},
{"frame":3,"values":[0.999,-0.0323,-0.0324,0,0.0336,0.9986,0.0405,0,0.031,-0.0416,0.9987,0,0,13.8774,-4.3542,1]},
{"frame":4,"values":[0.999,-0.0316,-0.031,0,0.0329,0.9986,0.0404,0,0.0297,-0.0413,0.9987,0,0,13.8774,-4.3542,1]},
{"frame":5,"values":[0.999,-0.032,-0.0306,0,0.0332,0.9986,0.04,0,0.0293,-0.0409,0.9987,0,0,13.8774,-4.3542,1]},
{"frame":6,"values":[0.9988,-0.0362,-0.0332,0,0.0374,0.9987,0.0351,0,0.0319,-0.0363,0.9988,0,0,13.8774,-4.3542,1]},
{"frame":7,"values":[0.998,-0.0477,-0.0409,0,0.0488,0.9985,0.0245,0,0.0396,-0.0265,0.9989,0,0,13.8774,-4.3542,1]},
{"frame":8,"values":[0.9966,-0.064,-0.0528,0,0.0646,0.9979,0.0105,0,0.052,-0.0139,0.9986,0,0,13.8774,-4.3542,1]},
{"frame":9,"values":[0.9952,-0.0741,-0.0635,0,0.074,0.9973,-0.003,0,0.0636,-0.0018,0.998,0,0,13.8774,-4.3542,1]},
{"frame":10,"values":[0.9954,-0.0681,-0.0675,0,0.0675,0.9977,-0.0113,0,0.0681,0.0067,0.9977,0,0,13.8774,-4.3542,1]},
{"frame":11,"values":[0.9967,-0.051,-0.0633,0,0.0503,0.9986,-0.0133,0,0.0639,0.01,0.9979,0,0,13.8774,-4.3542,1]},
{"frame":12,"values":[0.9982,-0.0321,-0.0508,0,0.0317,0.9995,-0.0096,0,0.0511,0.008,0.9987,0,0,13.8774,-4.3542,1]},
{"frame":13,"values":[0.9994,-0.0158,-0.0322,0,0.0157,0.9999,-0.0037,0,0.0322,0.0032,0.9995,0,0,13.8774,-4.3542,1]},
{"frame":14,"values":[0.9999,-0.0037,-0.0119,0,0.0037,1,0.001,0,0.0119,-0.001,0.9999,0,0,13.8774,-4.3542,1]},
{"frame":15,"values":[1,0.0072,0.0039,0,-0.0073,1,0.0062,0,-0.0039,-0.0062,1,0,0,13.8774,-4.3542,1]},
{"frame":16,"values":[0.9997,0.0213,0.0127,0,-0.0214,0.9997,0.012,0,-0.0124,-0.0123,0.9998,0,0,13.8774,-4.3542,1]},
{"frame":17,"values":[0.9994,0.0321,0.0148,0,-0.0323,0.9994,0.0142,0,-0.0143,-0.0147,0.9998,0,0,13.8774,-4.3542,1]},
{"frame":18,"values":[0.9995,0.0296,0.0093,0,-0.0297,0.9995,0.014,0,-0.0089,-0.0143,0.9999,0,0,13.8774,-4.3542,1]},
{"frame":19,"values":[0.9999,0.0164,-0.0013,0,-0.0163,0.9997,0.016,0,0.0016,-0.016,0.9999,0,0,13.8774,-4.3542,1]},
{"frame":20,"values":[0.9999,0.003,-0.0135,0,-0.0027,0.9997,0.0233,0,0.0135,-0.0233,0.9996,0,0,13.8774,-4.3542,1]},
{"frame":21,"values":[0.9997,-0.0067,-0.0248,0,0.0075,0.9995,0.0321,0,0.0246,-0.0323,0.9992,0,0,13.8774,-4.3542,1]},
{"frame":22,"values":[0.9993,-0.0158,-0.0337,0,0.0171,0.9992,0.0374,0,0.0331,-0.038,0.9987,0,0,13.8774,-4.3542,1]},
{"frame":23,"values":[0.9989,-0.0252,-0.039,0,0.0268,0.9989,0.0385,0,0.038,-0.0395,0.9985,0,0,13.8774,-4.3542,1]},
{"frame":24,"values":[0.9986,-0.0328,-0.041,0,0.0343,0.9987,0.0383,0,0.0397,-0.0397,0.9984,0,0,13.8774,-4.3542,1]},
{"frame":25,"values":[0.9984,-0.038,-0.0413,0,0.0396,0.9985,0.0387,0,0.0398,-0.0403,0.9984,0,0,13.8774,-4.3542,1]},
{"frame":26,"values":[0.9982,-0.0435,-0.0408,0,0.045,0.9983,0.0381,0,0.039,-0.0398,0.9984,0,0,13.8774,-4.3542,1]},
{"frame":27,"values":[0.998,-0.0489,-0.04,0,0.0503,0.9981,0.0364,0,0.0382,-0.0383,0.9985,0,0,13.8774,-4.3542,1]},
{"frame":28,"values":[0.998,-0.0506,-0.0388,0,0.0521,0.998,0.0371,0,0.0369,-0.039,0.9986,0,0,13.8774,-4.3542,1]},
{"frame":29,"values":[0.9981,-0.0489,-0.0371,0,0.0504,0.9979,0.0402,0,0.035,-0.042,0.9985,0,0,13.8774,-4.3542,1]},
{"frame":30,"values":[0.9983,-0.046,-0.0357,0,0.0475,0.998,0.0413,0,0.0337,-0.0429,0.9985,0,0,13.8774,-4.3542,1]},
{"frame":31,"values":[0.9984,-0.0445,-0.0359,0,0.0459,0.9982,0.0384,0,0.0341,-0.04,0.9986,0,0,13.8774,-4.3542,1]},
{"frame":32,"values":[0.9982,-0.0461,-0.0385,0,0.0475,0.9983,0.0348,0,0.0368,-0.0365,0.9987,0,0,13.8774,-4.3542,1]},
{"frame":33,"values":[0.998,-0.0483,-0.0417,0,0.0496,0.9982,0.0327,0,0.0401,-0.0347,0.9986,0,0,13.8774,-4.3542,1]},
{"frame":34,"values":[0.9981,-0.0456,-0.0426,0,0.0469,0.9984,0.0312,0,0.0411,-0.0332,0.9986,0,0,13.8774,-4.3542,1]},
{"frame":35,"values":[0.9984,-0.0397,-0.0408,0,0.0409,0.9987,0.0294,0,0.0395,-0.0311,0.9987,0,0,13.8774,-4.3542,1]},
{"frame":36,"values":[0.9986,-0.036,-0.0377,0,0.0371,0.9989,0.029,0,0.0366,-0.0304,0.9989,0,0,13.8774,-4.3542,1]},
{"frame":37,"values":[0.9988,-0.0351,-0.0353,0,0.0363,0.9988,0.0319,0,0.0341,-0.0332,0.9989,0,0,13.8774,-4.3542,1]},
{"frame":38,"values":[0.9988,-0.0358,-0.0348,0,0.037,0.9987,0.0361,0,0.0335,-0.0374,0.9987,0,0,13.8774,-4.3542,1]},
{"frame":39,"values":[0.9987,-0.0372,-0.0356,0,0.0386,0.9985,0.0383,0,0.0341,-0.0396,0.9986,0,0,13.8774,-4.3542,1]},
{"frame":40,"values":[0.9986,-0.039,-0.0366,0,0.0404,0.9984,0.039,0,0.0351,-0.0404,0.9986,0,0,13.8774,-4.3542,1]},
{"frame":41,"values":[0.9985,-0.0412,-0.0373,0,0.0427,0.9982,0.0413,0,0.0355,-0.0428,0.9985,0,0,13.8774,-4.3542,1]},
{"frame":42,"values":[0.9983,-0.0436,-0.0375,0,0.0453,0.9979,0.0455,0,0.0354,-0.0472,0.9983,0,0,13.8774,-4.3542,1]},
{"frame":43,"values":[0.9983,-0.0451,-0.0375,0,0.0469,0.9977,0.0492,0,0.0352,-0.0509,0.9981,0,0,13.8774,-4.3542,1]},
{"frame":44,"values":[0.9983,-0.0455,-0.0374,0,0.0474,0.9976,0.0502,0,0.035,-0.0519,0.998,0,0,13.8774,-4.3542,1]},
{"frame":45,"values":[0.9982,-0.0459,-0.0373,0,0.0477,0.9977,0.049,0,0.035,-0.0507,0.9981,0,0,13.8774,-4.3542,1]},
{"frame":46,"values":[0.9982,-0.0464,-0.0378,0,0.0482,0.9978,0.0462,0,0.0355,-0.0479,0.9982,0,0,13.8774,-4.3542,1]},
{"frame":47,"values":[0.9982,-0.0467,-0.0388,0,0.0484,0.9979,0.0431,0,0.0367,-0.0449,0.9983,0,0,13.8774,-4.3542,1]},
{"frame":48,"values":[0.9981,-0.0465,-0.0396,0,0.0481,0.998,0.0411,0,0.0377,-0.0429,0.9984,0,0,13.8774,-4.3542,1]},
{"frame":49,"values":[0.9982,-0.0442,-0.0394,0,0.0457,0.9981,0.0402,0,0.0375,-0.0419,0.9984,0,0,13.8774,-4.3542,1]},
{"frame":50,"values":[0.9985,-0.0403,-0.0378,0,0.0418,0.9983,0.0401,0,0.0361,-0.0417,0.9985,0,0,13.8774,-4.3542,1]},
{"frame":51,"values":[0.9987,-0.0368,-0.036,0,0.0383,0.9984,0.0405,0,0.0344,-0.0418,0.9985,0,0,13.8774,-4.3542,1]}],"loopBehavior":1,"name":"anim","property":"_matrix"}},
{"name":"boss:Neck1","index":5,"matrix":[0.9987,-0.0368,-0.036,0,0.0383,0.9984,0.0405,0,0.0344,-0.0418,0.9985,0,0,4.34,0.9269,1],"rest":[1,0,0,0,0,1,0,0,0,0,1,0,0,4.34,0.9269,1],"parentBoneIndex":4,"length":4.1171
,"animation":{"dataType":3,"framePerSecond":24,"keys":[
{"frame":1,"values":[0.9987,-0.0368,-0.036,0,0.0383,0.9984,0.0405,0,0.0344,-0.0418,0.9985,0,0,4.34,0.9269,1]},
{"frame":2,"values":[0.9988,-0.0342,-0.0341,0,0.0356,0.9985,0.0408,0,0.0327,-0.0419,0.9986,0,0,4.34,0.9269,1]},
{"frame":3,"values":[0.999,-0.0323,-0.0324,0,0.0336,0.9986,0.0405,0,0.031,-0.0416,0.9987,0,0,4.34,0.9269,1]},
{"frame":4,"values":[0.999,-0.0316,-0.031,0,0.0329,0.9986,0.0404,0,0.0297,-0.0413,0.9987,0,0,4.34,0.9269,1]},
{"frame":5,"values":[0.999,-0.032,-0.0306,0,0.0332,0.9986,0.04,0,0.0293,-0.0409,0.9987,0,0,4.34,0.9269,1]},
{"frame":6,"values":[0.9988,-0.0362,-0.0332,0,0.0374,0.9987,0.0351,0,0.0319,-0.0363,0.9988,0,0,4.34,0.9269,1]},
{"frame":7,"values":[0.998,-0.0477,-0.0409,0,0.0488,0.9985,0.0245,0,0.0396,-0.0265,0.9989,0,0,4.34,0.9269,1]},
{"frame":8,"values":[0.9966,-0.064,-0.0528,0,0.0646,0.9979,0.0105,0,0.052,-0.0139,0.9986,0,0,4.34,0.9269,1]},
{"frame":9,"values":[0.9952,-0.0741,-0.0635,0,0.074,0.9973,-0.003,0,0.0636,-0.0018,0.998,0,0,4.34,0.9269,1]},
{"frame":10,"values":[0.9954,-0.0681,-0.0675,0,0.0675,0.9977,-0.0113,0,0.0681,0.0067,0.9977,0,0,4.34,0.9269,1]},
{"frame":11,"values":[0.9967,-0.051,-0.0633,0,0.0503,0.9986,-0.0133,0,0.0639,0.01,0.9979,0,0,4.34,0.9269,1]},
{"frame":12,"values":[0.9982,-0.0321,-0.0508,0,0.0317,0.9995,-0.0096,0,0.0511,0.008,0.9987,0,0,4.34,0.9269,1]},
{"frame":13,"values":[0.9994,-0.0158,-0.0322,0,0.0157,0.9999,-0.0037,0,0.0322,0.0032,0.9995,0,0,4.34,0.9269,1]},
{"frame":14,"values":[0.9999,-0.0037,-0.0119,0,0.0037,1,0.001,0,0.0119,-0.001,0.9999,0,0,4.34,0.9269,1]},
{"frame":15,"values":[1,0.0072,0.0039,0,-0.0073,1,0.0062,0,-0.0039,-0.0062,1,0,0,4.34,0.9269,1]},
{"frame":16,"values":[0.9997,0.0213,0.0127,0,-0.0214,0.9997,0.012,0,-0.0124,-0.0123,0.9998,0,0,4.34,0.9269,1]},
{"frame":17,"values":[0.9994,0.0321,0.0148,0,-0.0323,0.9994,0.0142,0,-0.0143,-0.0147,0.9998,0,0,4.34,0.9269,1]},
{"frame":18,"values":[0.9995,0.0296,0.0093,0,-0.0297,0.9995,0.014,0,-0.0089,-0.0143,0.9999,0,0,4.34,0.9269,1]},
{"frame":19,"values":[0.9999,0.0164,-0.0013,0,-0.0163,0.9997,0.016,0,0.0016,-0.016,0.9999,0,0,4.34,0.9269,1]},
{"frame":20,"values":[0.9999,0.003,-0.0135,0,-0.0027,0.9997,0.0233,0,0.0135,-0.0233,0.9996,0,0,4.34,0.9269,1]},
{"frame":21,"values":[0.9997,-0.0067,-0.0248,0,0.0075,0.9995,0.0321,0,0.0246,-0.0323,0.9992,0,0,4.34,0.9269,1]},
{"frame":22,"values":[0.9993,-0.0158,-0.0337,0,0.0171,0.9992,0.0374,0,0.0331,-0.038,0.9987,0,0,4.34,0.9269,1]},
{"frame":23,"values":[0.9989,-0.0252,-0.039,0,0.0268,0.9989,0.0385,0,0.038,-0.0395,0.9985,0,0,4.34,0.9269,1]},
{"frame":24,"values":[0.9986,-0.0328,-0.041,0,0.0343,0.9987,0.0383,0,0.0397,-0.0397,0.9984,0,0,4.34,0.9269,1]},
{"frame":25,"values":[0.9984,-0.038,-0.0413,0,0.0396,0.9985,0.0387,0,0.0398,-0.0403,0.9984,0,0,4.34,0.9269,1]},
{"frame":26,"values":[0.9982,-0.0435,-0.0408,0,0.045,0.9983,0.0381,0,0.039,-0.0398,0.9984,0,0,4.34,0.9269,1]},
{"frame":27,"values":[0.998,-0.0489,-0.04,0,0.0503,0.9981,0.0364,0,0.0382,-0.0384,0.9985,0,0,4.34,0.9269,1]},
{"frame":28,"values":[0.998,-0.0506,-0.0388,0,0.0521,0.998,0.0371,0,0.0369,-0.039,0.9986,0,0,4.34,0.9269,1]},
{"frame":29,"values":[0.9981,-0.0489,-0.0371,0,0.0504,0.9979,0.0402,0,0.035,-0.042,0.9985,0,0,4.34,0.9269,1]},
{"frame":30,"values":[0.9983,-0.046,-0.0357,0,0.0475,0.998,0.0413,0,0.0337,-0.0429,0.9985,0,0,4.34,0.9269,1]},
{"frame":31,"values":[0.9984,-0.0445,-0.0359,0,0.0459,0.9982,0.0384,0,0.0341,-0.04,0.9986,0,0,4.34,0.9269,1]},
{"frame":32,"values":[0.9982,-0.0461,-0.0385,0,0.0475,0.9983,0.0348,0,0.0368,-0.0365,0.9987,0,0,4.34,0.9269,1]},
{"frame":33,"values":[0.998,-0.0483,-0.0417,0,0.0496,0.9982,0.0327,0,0.0401,-0.0347,0.9986,0,0,4.34,0.9269,1]},
{"frame":34,"values":[0.9981,-0.0456,-0.0426,0,0.0469,0.9984,0.0312,0,0.0411,-0.0332,0.9986,0,0,4.34,0.9269,1]},
{"frame":35,"values":[0.9984,-0.0397,-0.0408,0,0.0409,0.9987,0.0294,0,0.0395,-0.0311,0.9987,0,0,4.34,0.9269,1]},
{"frame":36,"values":[0.9986,-0.036,-0.0377,0,0.0371,0.9989,0.029,0,0.0366,-0.0304,0.9989,0,0,4.34,0.9269,1]},
{"frame":37,"values":[0.9988,-0.0351,-0.0353,0,0.0363,0.9988,0.0319,0,0.0341,-0.0332,0.9989,0,0,4.34,0.9269,1]},
{"frame":38,"values":[0.9988,-0.0358,-0.0348,0,0.037,0.9987,0.0361,0,0.0335,-0.0374,0.9987,0,0,4.34,0.9269,1]},
{"frame":39,"values":[0.9987,-0.0372,-0.0356,0,0.0386,0.9985,0.0383,0,0.0341,-0.0396,0.9986,0,0,4.34,0.9269,1]},
{"frame":40,"values":[0.9986,-0.039,-0.0366,0,0.0404,0.9984,0.039,0,0.0351,-0.0404,0.9986,0,0,4.34,0.9269,1]},
{"frame":41,"values":[0.9985,-0.0412,-0.0373,0,0.0427,0.9982,0.0413,0,0.0355,-0.0428,0.9985,0,0,4.34,0.9269,1]},
{"frame":42,"values":[0.9983,-0.0436,-0.0375,0,0.0453,0.9979,0.0455,0,0.0354,-0.0472,0.9983,0,0,4.34,0.9269,1]},
{"frame":43,"values":[0.9983,-0.0451,-0.0375,0,0.0469,0.9977,0.0492,0,0.0352,-0.0509,0.9981,0,0,4.34,0.9269,1]},
{"frame":44,"values":[0.9983,-0.0455,-0.0374,0,0.0474,0.9976,0.0502,0,0.035,-0.0519,0.998,0,0,4.34,0.9269,1]},
{"frame":45,"values":[0.9982,-0.0459,-0.0373,0,0.0477,0.9977,0.049,0,0.035,-0.0507,0.9981,0,0,4.34,0.9269,1]},
{"frame":46,"values":[0.9982,-0.0464,-0.0378,0,0.0482,0.9978,0.0462,0,0.0355,-0.0479,0.9982,0,0,4.34,0.9269,1]},
{"frame":47,"values":[0.9982,-0.0467,-0.0388,0,0.0484,0.9979,0.0431,0,0.0367,-0.0449,0.9983,0,0,4.34,0.9269,1]},
{"frame":48,"values":[0.9981,-0.0465,-0.0396,0,0.0481,0.998,0.0411,0,0.0377,-0.0429,0.9984,0,0,4.34,0.9269,1]},
{"frame":49,"values":[0.9982,-0.0442,-0.0394,0,0.0457,0.9981,0.0402,0,0.0375,-0.0419,0.9984,0,0,4.34,0.9269,1]},
{"frame":50,"values":[0.9985,-0.0403,-0.0378,0,0.0418,0.9983,0.0401,0,0.0361,-0.0417,0.9985,0,0,4.34,0.9269,1]},
{"frame":51,"values":[0.9987,-0.0368,-0.036,0,0.0383,0.9984,0.0405,0,0.0344,-0.0418,0.9985,0,0,4.34,0.9269,1]}],"loopBehavior":1,"name":"anim","property":"_matrix"}},
{"name":"boss:Head","index":6,"matrix":[0.9987,-0.0368,-0.036,0,0.0383,0.9984,0.0405,0,0.0344,-0.0418,0.9985,0,0,4.0266,0.8585,1],"rest":[1,0,0,0,0,1,0,0,0,0,1,0,0,4.0266,0.8585,1],"parentBoneIndex":5,"length":4.1171
,"animation":{"dataType":3,"framePerSecond":24,"keys":[
{"frame":1,"values":[0.9987,-0.0368,-0.036,0,0.0383,0.9984,0.0405,0,0.0344,-0.0418,0.9985,0,0,4.0266,0.8585,1]},
{"frame":2,"values":[0.9988,-0.0342,-0.0341,0,0.0356,0.9985,0.0408,0,0.0327,-0.0419,0.9986,0,0,4.0266,0.8585,1]},
{"frame":3,"values":[0.999,-0.0323,-0.0324,0,0.0336,0.9986,0.0405,0,0.031,-0.0416,0.9987,0,0,4.0266,0.8585,1]},
{"frame":4,"values":[0.999,-0.0316,-0.031,0,0.0329,0.9986,0.0404,0,0.0297,-0.0413,0.9987,0,0,4.0266,0.8585,1]},
{"frame":5,"values":[0.999,-0.032,-0.0306,0,0.0332,0.9986,0.04,0,0.0293,-0.0409,0.9987,0,0,4.0266,0.8585,1]},
{"frame":6,"values":[0.9988,-0.0362,-0.0332,0,0.0374,0.9987,0.0351,0,0.0319,-0.0363,0.9988,0,0,4.0266,0.8585,1]},
{"frame":7,"values":[0.998,-0.0477,-0.0409,0,0.0488,0.9985,0.0245,0,0.0396,-0.0265,0.9989,0,0,4.0266,0.8585,1]},
{"frame":8,"values":[0.9966,-0.064,-0.0528,0,0.0646,0.9979,0.0105,0,0.052,-0.0139,0.9986,0,0,4.0266,0.8585,1]},
{"frame":9,"values":[0.9952,-0.0741,-0.0635,0,0.074,0.9973,-0.003,0,0.0636,-0.0018,0.998,0,0,4.0266,0.8585,1]},
{"frame":10,"values":[0.9954,-0.0681,-0.0675,0,0.0675,0.9977,-0.0113,0,0.0681,0.0067,0.9977,0,0,4.0266,0.8585,1]},
{"frame":11,"values":[0.9967,-0.051,-0.0633,0,0.0503,0.9986,-0.0133,0,0.0639,0.01,0.9979,0,0,4.0266,0.8585,1]},
{"frame":12,"values":[0.9982,-0.0321,-0.0508,0,0.0317,0.9995,-0.0096,0,0.0511,0.008,0.9987,0,0,4.0266,0.8585,1]},
{"frame":13,"values":[0.9994,-0.0158,-0.0322,0,0.0157,0.9999,-0.0037,0,0.0322,0.0032,0.9995,0,0,4.0266,0.8585,1]},
{"frame":14,"values":[0.9999,-0.0037,-0.0119,0,0.0037,1,0.001,0,0.0119,-0.001,0.9999,0,0,4.0266,0.8585,1]},
{"frame":15,"values":[1,0.0072,0.0039,0,-0.0073,1,0.0062,0,-0.0039,-0.0062,1,0,0,4.0266,0.8585,1]},
