{"producer":{"name":"Blender","version":"2.90.0","exporter_version":"2.80.1","file":"fight_headbutt.babylon"},
"autoClear":true,"clearColor":[0.0509,0.0509,0.0509],"gravity":[0,-9.81,0],
"materials":[{"name":"Material","id":"Material","customType":"BABYLON.PBRMaterial","backFaceCulling":true,"checkReadyOnlyOnce":false,"maxSimultaneousLights":4,"environmentIntensity":1,"albedo":[0.8,0.8,0.8],"reflectivity":[0.5,0.5,0.5],"roughness":0.4,"alpha":1,"transparencyMode":0,"alphaCutOff":0.4,"metallic":0}],
"multiMaterials":[],
"skeletons":[{"name":"Armature","id":0,"dimensionsAtRest":[188.1767,172.4535,15.5905],"bones":[
{"name":"boss:Hips","index":0,"matrix":[0.8107,0.0279,-0.5849,0,-0.0066,0.9992,0.0386,0,-0.5855,0.0275,-0.8102,0,-0.6286,85.4308,-0.2713,1],"rest":[1,0,0,0,0,1,0,0,0,0,-1,0,0,96.3794,0,1],"parentBoneIndex":-1,"length":9.9032
,"animation":{"dataType":3,"framePerSecond":24,"keys":[
{"frame":1,"values":[0.8107,0.0279,-0.5849,0,-0.0066,0.9992,0.0386,0,-0.5855,0.0275,-0.8102,0,-0.6286,85.4308,-0.2713,1]},
{"frame":2,"values":[0.8102,0.0384,-0.5849,0,-0.0052,0.9983,0.0583,0,-0.5862,0.0442,-0.809,0,-0.5809,84.8609,-1.4065,1]},
{"frame":3,"values":[0.8067,0.0489,-0.589,0,-0.0007,0.9966,0.0819,0,-0.591,0.0657,-0.804,0,-0.5989,84.1797,-2.5776,1]},
{"frame":4,"values":[0.7988,0.0591,-0.5987,0,0.0057,0.9944,0.1058,0,-0.6016,0.0879,-0.794,0,-0.6719,83.2921,-4.0332,1]},
{"frame":5,"values":[0.7889,0.0689,-0.6106,0,0.0106,0.992,0.1257,0,-0.6144,0.1057,-0.7819,0,-0.8239,82.2569,-5.9512,1]},
{"frame":6,"values":[0.7806,0.0782,-0.6201,0,0.0101,0.9904,0.1375,0,-0.625,0.1136,-0.7724,0,-0.8609,81.2779,-8.5032,1]},
{"frame":7,"values":[0.7725,0.087,-0.629,0,0.0024,0.9902,0.1399,0,-0.635,0.1096,-0.7647,0,-0.8132,80.4655,-11.5252,1]},
{"frame":8,"values":[0.7631,0.0919,-0.6397,0,-0.0132,0.9918,0.1268,0,-0.6462,0.0884,-0.7581,0,-0.7335,79.9564,-14.8596,1]},
{"frame":9,"values":[0.7531,0.0859,-0.6523,0,-0.0347,0.9953,0.0909,0,-0.657,0.0458,-0.7525,0,-0.5421,79.8082,-18.5459,1]},
{"frame":10,"values":[0.7457,0.0659,-0.6631,0,-0.0574,0.9977,0.0346,0,-0.6638,-0.0123,-0.7478,0,-0.0469,79.9132,-22.7384,1]},
{"frame":11,"values":[0.7437,0.0359,-0.6676,0,-0.0722,0.997,-0.0268,0,-0.6646,-0.0681,-0.7441,0,0.8759,79.9346,-27.5572,1]},
{"frame":12,"values":[0.7427,-0.0049,-0.6696,0,-0.0684,0.9942,-0.0832,0,-0.6661,-0.1076,-0.7381,0,2.0556,79.4649,-32.699,1]},
{"frame":13,"values":[0.7365,-0.0486,-0.6747,0,-0.049,0.991,-0.1249,0,-0.6747,-0.125,-0.7274,0,3.3138,78.2958,-37.8668,1]},
{"frame":14,"values":[0.7301,-0.0723,-0.6796,0,-0.0268,0.9906,-0.1341,0,-0.6829,-0.1161,-0.7213,0,4.6322,76.7453,-42.6478,1]},
{"frame":15,"values":[0.7371,-0.0666,-0.6725,0,-0.0116,0.9937,-0.1111,0,-0.6756,-0.0897,-0.7318,0,5.8538,75.3769,-46.6991,1]},
{"frame":16,"values":[0.7586,-0.0574,-0.6491,0,-0.0081,0.9952,-0.0975,0,-0.6515,-0.0792,-0.7545,0,6.7377,74.7859,-49.9713,1]},
{"frame":17,"values":[0.7832,-0.0577,-0.6191,0,-0.0187,0.993,-0.1162,0,-0.6215,-0.1026,-0.7766,0,7.393,75.1745,-52.3994,1]},
{"frame":18,"values":[0.7994,-0.0561,-0.5981,0,-0.0366,0.9892,-0.1417,0,-0.5996,-0.1352,-0.7888,0,8.0279,75.8565,-53.9622,1]},
{"frame":19,"values":[0.8027,-0.0531,-0.594,0,-0.0465,0.9874,-0.1511,0,-0.5946,-0.1489,-0.7901,0,8.5479,76.3089,-54.784,1]},
{"frame":20,"values":[0.7982,-0.0558,-0.5998,0,-0.0414,0.9883,-0.147,0,-0.601,-0.1422,-0.7865,0,8.7898,76.5119,-54.9704,1]},
{"frame":21,"values":[0.7905,-0.0617,-0.6093,0,-0.0278,0.9903,-0.1363,0,-0.6118,-0.1247,-0.7811,0,8.7594,76.5684,-54.5029,1]},
{"frame":22,"values":[0.7773,-0.0651,-0.6257,0,-0.0131,0.9927,-0.1196,0,-0.6289,-0.1011,-0.7708,0,8.5276,76.6578,-53.5179,1]},
{"frame":23,"values":[0.7548,-0.0598,-0.6532,0,-0.0013,0.9957,-0.0927,0,-0.6559,-0.0708,-0.7515,0,8.066,76.6606,-51.9407,1]},
{"frame":24,"values":[0.726,-0.0399,-0.6865,0,0.0061,0.9986,-0.0516,0,-0.6876,-0.0333,-0.7253,0,7.3349,76.6984,-49.7344,1]},
{"frame":25,"values":[0.702,-0.009,-0.7121,0,0.0102,0.9999,-0.0026,0,-0.7121,0.0055,-0.702,0,6.238,77.1292,-46.7847,1]},
{"frame":26,"values":[0.6954,0.019,-0.7183,0,0.0099,0.9993,0.036,0,-0.7185,0.0321,-0.6948,0,4.7222,77.9842,-43.0495,1]},
{"frame":27,"values":[0.7113,0.0422,-0.7016,0,-0.0047,0.9985,0.0553,0,-0.7029,0.036,-0.7104,0,3.112,78.9196,-38.7979,1]},
{"frame":28,"values":[0.7401,0.0587,-0.6699,0,-0.0255,0.9979,0.0593,0,-0.672,0.0268,-0.7401,0,1.8805,80.0377,-34.2984,1]},
{"frame":29,"values":[0.768,0.0638,-0.6373,0,-0.0332,0.9976,0.06,0,-0.6396,0.0249,-0.7683,0,1.0717,81.848,-29.6986,1]},
{"frame":30,"values":[0.7864,0.0589,-0.615,0,-0.0282,0.9978,0.0595,0,-0.6171,0.0294,-0.7863,0,0.4493,84.4704,-25.4374,1]},
{"frame":31,"values":[0.7902,0.0446,-0.6112,0,-0.0226,0.9988,0.0436,0,-0.6124,0.0207,-0.7902,0,-0.0068,87.4925,-21.8305,1]},
{"frame":32,"values":[0.7772,0.0217,-0.6289,0,-0.0208,0.9997,0.0087,0,-0.6289,-0.0064,-0.7775,0,-0.2164,90.2661,-18.8472,1]},
{"frame":33,"values":[0.7469,-0.006,-0.6649,0,-0.0206,0.9993,-0.0323,0,-0.6646,-0.0378,-0.7463,0,-0.2164,91.8674,-16.3515,1]},
{"frame":34,"values":[0.7113,-0.0318,-0.7022,0,-0.0159,0.998,-0.0614,0,-0.7027,-0.0549,-0.7093,0,-0.0906,91.9817,-14.2667,1]},
{"frame":35,"values":[0.6945,-0.049,-0.7178,0,-0.0041,0.9974,-0.0721,0,-0.7195,-0.053,-0.6925,0,0.1464,91.3175,-12.5597,1]},
{"frame":36,"values":[0.7093,-0.0491,-0.7032,0,0.0061,0.998,-0.0635,0,-0.7049,-0.0408,-0.7082,0,0.1423,90.1367,-10.6212,1]},
{"frame":37,"values":[0.7379,-0.0306,-0.6742,0,0.0058,0.9992,-0.0389,0,-0.6749,-0.0248,-0.7375,0,-0.5142,88.5519,-8.0457,1]},
{"frame":38,"values":[0.7566,-0.0108,-0.6538,0,0.0005,0.9999,-0.0159,0,-0.6539,-0.0116,-0.7565,0,-1.6471,86.9573,-5.1086,1]},
{"frame":39,"values":[0.7668,-0.002,-0.6419,0,-0.002,1,-0.0056,0,-0.6419,-0.0055,-0.7668,0,-2.5975,85.8292,-2.1551,1]},
{"frame":40,"values":[0.7785,-0.0044,-0.6277,0,0,1,-0.007,0,-0.6277,-0.0055,-0.7785,0,-3.0012,85.4891,0.4849,1]},
{"frame":41,"values":[0.7898,-0.0016,-0.6134,0,-0.0035,1,-0.0072,0,-0.6134,-0.0078,-0.7897,0,-3.1932,85.7964,2.6097,1]},
{"frame":42,"values":[0.799,0.0111,-0.6012,0,-0.0138,0.9999,0,0,-0.6011,-0.0083,-0.7991,0,-3.5157,86.4989,4.268,1]},
{"frame":43,"values":[0.8115,0.0229,-0.5839,0,-0.0213,0.9997,0.0096,0,-0.584,-0.0046,-0.8118,0,-3.8074,87.207,5.4458,1]},
{"frame":44,"values":[0.827,0.0314,-0.5613,0,-0.0265,0.9995,0.017,0,-0.5616,-0.0008,-0.8274,0,-3.8623,87.7598,6.0727,1]},
{"frame":45,"values":[0.8366,0.038,-0.5465,0,-0.033,0.9993,0.019,0,-0.5468,-0.0022,-0.8372,0,-3.6569,88.019,6.1915,1]},
{"frame":46,"values":[0.8353,0.0402,-0.5484,0,-0.0371,0.9992,0.0168,0,-0.5486,-0.0063,-0.8361,0,-3.2612,87.937,5.9232,1]},
{"frame":47,"values":[0.828,0.0371,-0.5595,0,-0.0343,0.9993,0.0154,0,-0.5597,-0.0064,-0.8287,0,-2.7577,87.5374,5.2565,1]},
{"frame":48,"values":[0.8194,0.0297,-0.5725,0,-0.0248,0.9996,0.0163,0,-0.5727,-0.0008,-0.8198,0,-2.1573,86.9594,4.0719,1]},
{"frame":49,"values":[0.8132,0.0227,-0.5815,0,-0.0146,0.9997,0.0186,0,-0.5818,0.0066,-0.8133,0,-1.45,86.4459,2.5431,1]},
{"frame":50,"values":[0.8108,0.0215,-0.5849,0,-0.0083,0.9996,0.0252,0,-0.5852,0.0156,-0.8107,0,-0.8796,85.9432,1.0175,1]},
{"frame":51,"values":[0.8107,0.0279,-0.5849,0,-0.0066,0.9992,0.0386,0,-0.5855,0.0275,-0.8102,0,-0.6286,85.4308,-0.2713,1]}],"loopBehavior":1,"name":"anim","property":"_matrix"}},
{"name":"boss:Spine","index":1,"matrix":[0.9992,0.0221,-0.0333,0,-0.0191,0.996,0.0869,0,0.0351,-0.0862,0.9957,0,0,9.2263,1.5771,1],"rest":[1,0,0,0,0,1,0,0,0,0,1,0,0,9.2263,1.5771,1],"parentBoneIndex":0,"length":16.2548
,"animation":{"dataType":3,"framePerSecond":24,"keys":[
{"frame":1,"values":[0.9992,0.0221,-0.0333,0,-0.0191,0.996,0.0869,0,0.0351,-0.0862,0.9957,0,0,9.2263,1.5771,1]},
{"frame":2,"values":[0.9992,0.024,-0.0317,0,-0.0211,0.9958,0.0895,0,0.0337,-0.0888,0.9955,0,0,9.2263,1.5771,1]},
{"frame":3,"values":[0.9991,0.0312,-0.0303,0,-0.0282,0.9953,0.0925,0,0.0331,-0.0916,0.9952,0,0,9.2263,1.5771,1]},
{"frame":4,"values":[0.9988,0.0379,-0.0303,0,-0.0348,0.9949,0.095,0,0.0338,-0.0938,0.995,0,0,9.2263,1.5771,1]},
{"frame":5,"values":[0.9986,0.0441,-0.0296,0,-0.0411,0.9945,0.0962,0,0.0336,-0.0948,0.9949,0,0,9.2263,1.5771,1]},
{"frame":6,"values":[0.9984,0.0496,-0.0288,0,-0.0467,0.9946,0.0932,0,0.0332,-0.0917,0.9952,0,0,9.2263,1.5771,1]},
{"frame":7,"values":[0.9983,0.0503,-0.0296,0,-0.0476,0.9951,0.0865,0,0.0338,-0.085,0.9958,0,0,9.2263,1.5771,1]},
{"frame":8,"values":[0.9986,0.0433,-0.0319,0,-0.0407,0.9962,0.0771,0,0.0351,-0.0757,0.9965,0,0,9.2263,1.5771,1]},
{"frame":9,"values":[0.9989,0.0309,-0.0347,0,-0.0287,0.9975,0.0644,0,0.0366,-0.0634,0.9973,0,0,9.2263,1.5771,1]},
{"frame":10,"values":[0.9991,0.0172,-0.0375,0,-0.0153,0.9986,0.0516,0,0.0383,-0.0509,0.998,0,0,9.2263,1.5771,1]},
{"frame":11,"values":[0.9992,0.0034,-0.0394,0,-0.0016,0.9989,0.0459,0,0.0395,-0.0458,0.9982,0,0,9.2263,1.5771,1]},
{"frame":12,"values":[0.9991,-0.008,-0.0414,0,0.0102,0.9986,0.052,0,0.0409,-0.0524,0.9978,0,0,9.2263,1.5771,1]},
{"frame":13,"values":[0.9989,-0.0194,-0.043,0,0.0224,0.9973,0.0694,0,0.0416,-0.0703,0.9967,0,0,9.2263,1.5771,1]},
{"frame":14,"values":[0.9982,-0.0422,-0.043,0,0.0464,0.9937,0.1022,0,0.0384,-0.104,0.9938,0,0,9.2263,1.5771,1]},
{"frame":15,"values":[0.996,-0.0784,-0.0433,0,0.0841,0.9851,0.1498,0,0.0309,-0.1528,0.9878,0,0,9.2263,1.5771,1]},
{"frame":16,"values":[0.9931,-0.1069,-0.0473,0,0.1141,0.974,0.1958,0,0.0251,-0.1998,0.9795,0,0,9.2263,1.5771,1]},
{"frame":17,"values":[0.9917,-0.1179,-0.0517,0,0.1267,0.9652,0.2289,0,0.023,-0.2335,0.9721,0,0,9.2263,1.5771,1]},
{"frame":18,"values":[0.9914,-0.1183,-0.0563,0,0.1288,0.9596,0.2501,0,0.0245,-0.2552,0.9666,0,0,9.2263,1.5771,1]},
{"frame":19,"values":[0.992,-0.1109,-0.0607,0,0.123,0.9578,0.2597,0,0.0293,-0.265,0.9638,0,0,9.2263,1.5771,1]},
{"frame":20,"values":[0.9935,-0.0959,-0.0617,0,0.1088,0.9598,0.2588,0,0.0344,-0.2638,0.964,0,0,9.2263,1.5771,1]},
{"frame":21,"values":[0.9952,-0.0776,-0.0592,0,0.0901,0.9638,0.2511,0,0.0375,-0.2552,0.9662,0,0,9.2263,1.5771,1]},
{"frame":22,"values":[0.9966,-0.0603,-0.0555,0,0.072,0.968,0.2406,0,0.0392,-0.2437,0.969,0,0,9.2263,1.5771,1]},
{"frame":23,"values":[0.9975,-0.0471,-0.0522,0,0.0578,0.9719,0.2281,0,0.04,-0.2306,0.9722,0,0,9.2263,1.5771,1]},
{"frame":24,"values":[0.9981,-0.0374,-0.0488,0,0.0471,0.9754,0.2153,0,0.0396,-0.2172,0.9753,0,0,9.2263,1.5771,1]},
{"frame":25,"values":[0.9986,-0.026,-0.0454,0,0.0346,0.9788,0.2019,0,0.0392,-0.2032,0.9783,0,0,9.2263,1.5771,1]},
{"frame":26,"values":[0.999,-0.0089,-0.0438,0,0.0167,0.983,0.1828,0,0.0415,-0.1834,0.9822,0,0,9.2263,1.5771,1]},
{"frame":27,"values":[0.9989,0.0095,-0.0448,0,-0.0026,0.9882,0.1534,0,0.0458,-0.1532,0.9871,0,0,9.2263,1.5771,1]},
{"frame":28,"values":[0.9987,0.0251,-0.0449,0,-0.0193,0.9919,0.1252,0,0.0477,-0.1241,0.9911,0,0,9.2263,1.5771,1]},
{"frame":29,"values":[0.9985,0.0312,-0.0444,0,-0.0259,0.9929,0.1161,0,0.0477,-0.1147,0.9922,0,0,9.2263,1.5771,1]},
{"frame":30,"values":[0.9987,0.0278,-0.0433,0,-0.0224,0.9926,0.1197,0,0.0463,-0.1186,0.9919,0,0,9.2263,1.5771,1]},
{"frame":31,"values":[0.9989,0.0186,-0.042,0,-0.0134,0.9927,0.1199,0,0.044,-0.1192,0.9919,0,0,9.2263,1.5771,1]},
{"frame":32,"values":[0.9991,0.0094,-0.0411,0,-0.0048,0.9938,0.111,0,0.0419,-0.1107,0.993,0,0,9.2263,1.5771,1]},
{"frame":33,"values":[0.9992,0.0029,-0.0403,0,0.001,0.9954,0.096,0,0.0404,-0.096,0.9946,0,0,9.2263,1.5771,1]},
{"frame":34,"values":[0.9992,0.0021,-0.0388,0,0.0011,0.9966,0.0825,0,0.0389,-0.0825,0.9958,0,0,9.2263,1.5771,1]},
{"frame":35,"values":[0.9993,0.01,-0.035,0,-0.0073,0.9971,0.0756,0,0.0356,-0.0752,0.9965,0,0,9.2263,1.5771,1]},
{"frame":36,"values":[0.9994,0.0148,-0.03,0,-0.0125,0.997,0.0759,0,0.031,-0.0755,0.9967,0,0,9.2263,1.5771,1]},
{"frame":37,"values":[0.9996,0.0047,-0.0288,0,-0.0024,0.9968,0.0801,0,0.029,-0.08,0.9964,0,0,9.2263,1.5771,1]},
{"frame":38,"values":[0.9994,-0.0083,-0.0322,0,0.0109,0.9965,0.0825,0,0.0314,-0.0828,0.9961,0,0,9.2263,1.5771,1]},
{"frame":39,"values":[0.9993,-0.0099,-0.0355,0,0.0129,0.9964,0.0842,0,0.0346,-0.0846,0.9958,0,0,9.2263,1.5771,1]},
{"frame":40,"values":[0.9993,0.0021,-0.0369,0,0.0012,0.9961,0.088,0,0.0369,-0.088,0.9954,0,0,9.2263,1.5771,1]},
{"frame":41,"values":[0.9992,0.0117,-0.0389,0,-0.0081,0.9959,0.09,0,0.0398,-0.0896,0.9952,0,0,9.2263,1.5771,1]},
{"frame":42,"values":[0.9991,0.0101,-0.0407,0,-0.0064,0.996,0.0895,0,0.0414,-0.0891,0.9952,0,0,9.2263,1.5771,1]},
{"frame":43,"values":[0.9992,0.0066,-0.0389,0,-0.0031,0.9959,0.0899,0,0.0394,-0.0897,0.9952,0,0,9.2263,1.5771,1]},
{"frame":44,"values":[0.9993,0.0062,-0.0356,0,-0.0029,0.9959,0.0899,0,0.036,-0.0898,0.9953,0,0,9.2263,1.5771,1]},
{"frame":45,"values":[0.9994,0.0077,-0.0346,0,-0.0047,0.9962,0.0865,0,0.0352,-0.0863,0.9956,0,0,9.2263,1.5771,1]},
{"frame":46,"values":[0.9993,0.0108,-0.0365,0,-0.0078,0.9966,0.0826,0,0.0373,-0.0822,0.9959,0,0,9.2263,1.5771,1]},
{"frame":47,"values":[0.9992,0.0152,-0.0383,0,-0.012,0.9966,0.0813,0,0.0394,-0.0808,0.996,0,0,9.2263,1.5771,1]},
{"frame":48,"values":[0.9991,0.0197,-0.0385,0,-0.0165,0.9965,0.0817,0,0.04,-0.0809,0.9959,0,0,9.2263,1.5771,1]},
{"frame":49,"values":[0.999,0.0231,-0.0372,0,-0.0199,0.9964,0.0825,0,0.039,-0.0817,0.9959,0,0,9.2263,1.5771,1]},
{"frame":50,"values":[0.9991,0.0227,-0.0351,0,-0.0197,0.9962,0.0847,0,0.0369,-0.0839,0.9958,0,0,9.2263,1.5771,1]},
{"frame":51,"values":[0.9992,0.0221,-0.0333,0,-0.0191,0.996,0.0869,0,0.0351,-0.0862,0.9957,0,0,9.2263,1.5771,1]}],"loopBehavior":1,"name":"anim","property":"_matrix"}},
{"name":"boss:Spine1","index":2,"matrix":[0.9984,0.022,-0.0514,0,-0.0168,0.9949,0.0996,0,0.0533,-0.0986,0.9937,0,0,16.254,-0.1656,1],"rest":[1,0,0,0,0,1,0,0,0,0,1,0,0,16.254,-0.1656,1],"parentBoneIndex":1,"length":13.7007
,"animation":{"dataType":3,"framePerSecond":24,"keys":[
{"frame":1,"values":[0.9984,0.022,-0.0514,0,-0.0168,0.9949,0.0996,0,0.0533,-0.0986,0.9937,0,0,16.254,-0.1656,1]},
{"frame":2,"values":[0.9985,0.0245,-0.0491,0,-0.0194,0.9946,0.1023,0,0.0514,-0.1012,0.9935,0,0,16.254,-0.1656,1]},
{"frame":3,"values":[0.9984,0.0318,-0.0475,0,-0.0267,0.9941,0.1056,0,0.0506,-0.1042,0.9933,0,0,16.254,-0.1656,1]},
{"frame":4,"values":[0.9981,0.0382,-0.0476,0,-0.0329,0.9937,0.1074,0,0.0514,-0.1056,0.9931,0,0,16.254,-0.1656,1]},
{"frame":5,"values":[0.998,0.0427,-0.0466,0,-0.0375,0.9935,0.1072,0,0.0508,-0.1052,0.9931,0,0,16.254,-0.1656,1]},
{"frame":6,"values":[0.9979,0.0464,-0.0455,0,-0.0416,0.9938,0.1027,0,0.05,-0.1006,0.9937,0,0,16.254,-0.1656,1]},
{"frame":7,"values":[0.9978,0.0478,-0.0461,0,-0.0433,0.9946,0.0941,0,0.0503,-0.0919,0.9945,0,0,16.254,-0.1656,1]},
{"frame":8,"values":[0.9979,0.0443,-0.0479,0,-0.0403,0.9958,0.0817,0,0.0513,-0.0795,0.9955,0,0,16.254,-0.1656,1]},
{"frame":9,"values":[0.998,0.0371,-0.0505,0,-0.0338,0.9973,0.0645,0,0.0527,-0.0627,0.9966,0,0,16.254,-0.1656,1]},
{"frame":10,"values":[0.9982,0.0269,-0.0542,0,-0.0244,0.9986,0.0474,0,0.0554,-0.046,0.9974,0,0,16.254,-0.1656,1]},
{"frame":11,"values":[0.9982,0.0152,-0.0586,0,-0.0129,0.9991,0.04,0,0.0591,-0.0392,0.9975,0,0,16.254,-0.1656,1]},
{"frame":12,"values":[0.998,0.0045,-0.0631,0,-0.0014,0.9988,0.0481,0,0.0633,-0.0479,0.9968,0,0,16.254,-0.1656,1]},
{"frame":13,"values":[0.9978,-0.0088,-0.0656,0,0.0134,0.9974,0.0701,0,0.0649,-0.0709,0.9954,0,0,16.254,-0.1656,1]},
{"frame":14,"values":[0.9974,-0.0342,-0.064,0,0.041,0.9934,0.1074,0,0.0599,-0.1097,0.9922,0,0,16.254,-0.1656,1]},
{"frame":15,"values":[0.9954,-0.0716,-0.0632,0,0.0809,0.9838,0.1598,0,0.0507,-0.1642,0.9851,0,0,16.254,-0.1656,1]},
{"frame":16,"values":[0.9925,-0.102,-0.0669,0,0.1141,0.9707,0.2117,0,0.0433,-0.2177,0.9751,0,0,16.254,-0.1656,1]},
{"frame":17,"values":[0.991,-0.1137,-0.0714,0,0.128,0.9604,0.2475,0,0.0404,-0.2544,0.9663,0,0,16.254,-0.1656,1]},
{"frame":18,"values":[0.9907,-0.1125,-0.0765,0,0.1291,0.9546,0.2683,0,0.0428,-0.2757,0.9603,0,0,16.254,-0.1656,1]},
{"frame":19,"values":[0.9913,-0.1029,-0.0818,0,0.1218,0.9531,0.2772,0,0.0494,-0.2848,0.9573,0,0,16.254,-0.1656,1]},
{"frame":20,"values":[0.9928,-0.0862,-0.083,0,0.106,0.9553,0.2761,0,0.0555,-0.2829,0.9575,0,0,16.254,-0.1656,1]},
{"frame":21,"values":[0.9946,-0.0666,-0.0792,0,0.0856,0.9596,0.268,0,0.0582,-0.2734,0.9601,0,0,16.254,-0.1656,1]},
{"frame":22,"values":[0.9961,-0.0487,-0.0742,0,0.0662,0.9642,0.2569,0,0.059,-0.2608,0.9636,0,0,16.254,-0.1656,1]},
{"frame":23,"values":[0.9969,-0.0359,-0.0702,0,0.0521,0.9684,0.2439,0,0.0592,-0.2468,0.9672,0,0,16.254,-0.1656,1]},
{"frame":24,"values":[0.9973,-0.0286,-0.067,0,0.0434,0.972,0.2307,0,0.0585,-0.233,0.9707,0,0,16.254,-0.1656,1]},
{"frame":25,"values":[0.9976,-0.0219,-0.0653,0,0.0356,0.9754,0.2177,0,0.0589,-0.2195,0.9738,0,0,16.254,-0.1656,1]},
{"frame":26,"values":[0.9977,-0.0101,-0.067,0,0.0234,0.9794,0.2005,0,0.0636,-0.2016,0.9774,0,0,16.254,-0.1656,1]},
{"frame":27,"values":[0.9975,0.0039,-0.0707,0,0.0084,0.9849,0.173,0,0.0703,-0.1732,0.9824,0,0,16.254,-0.1656,1]},
{"frame":28,"values":[0.9972,0.0139,-0.0728,0,-0.0033,0.9895,0.1442,0,0.0741,-0.1435,0.9869,0,0,16.254,-0.1656,1]},
{"frame":29,"values":[0.9972,0.019,-0.072,0,-0.0093,0.9911,0.1326,0,0.0738,-0.1316,0.9886,0,0,16.254,-0.1656,1]},
{"frame":30,"values":[0.9974,0.0193,-0.0689,0,-0.0098,0.9908,0.1348,0,0.0708,-0.1338,0.9885,0,0,16.254,-0.1656,1]},
{"frame":31,"values":[0.9978,0.0144,-0.0646,0,-0.0056,0.991,0.1338,0,0.0659,-0.1332,0.9889,0,0,16.254,-0.1656,1]},
{"frame":32,"values":[0.9981,0.008,-0.0609,0,-0.0004,0.9924,0.1234,0,0.0615,-0.1232,0.9905,0,0,16.254,-0.1656,1]},
{"frame":33,"values":[0.9983,0.0057,-0.0587,0,0.0007,0.9941,0.1081,0,0.059,-0.108,0.9924,0,0,16.254,-0.1656,1]},
{"frame":34,"values":[0.9984,0.0101,-0.0564,0,-0.0047,0.9955,0.0947,0,0.0571,-0.0943,0.9939,0,0,16.254,-0.1656,1]},
{"frame":35,"values":[0.9985,0.018,-0.0512,0,-0.0135,0.9962,0.0863,0,0.0525,-0.0854,0.995,0,0,16.254,-0.1656,1]},
{"frame":36,"values":[0.9988,0.0197,-0.0444,0,-0.0159,0.9963,0.0847,0,0.0459,-0.0839,0.9954,0,0,16.254,-0.1656,1]},
{"frame":37,"values":[0.9991,0.0102,-0.0424,0,-0.0063,0.996,0.0895,0,0.0431,-0.0892,0.9951,0,0,16.254,-0.1656,1]},
{"frame":38,"values":[0.9989,-0.0021,-0.0467,0,0.0065,0.9955,0.0941,0,0.0463,-0.0943,0.9945,0,0,16.254,-0.1656,1]},
{"frame":39,"values":[0.9986,-0.005,-0.0518,0,0.01,0.9953,0.0966,0,0.0511,-0.097,0.994,0,0,16.254,-0.1656,1]},
{"frame":40,"values":[0.9985,0.0028,-0.0554,0,0.0028,0.9949,0.1008,0,0.0554,-0.1008,0.9934,0,0,16.254,-0.1656,1]},
{"frame":41,"values":[0.9982,0.0094,-0.0597,0,-0.0031,0.9945,0.1047,0,0.0604,-0.1043,0.9927,0,0,16.254,-0.1656,1]},
{"frame":42,"values":[0.998,0.0066,-0.0622,0,0,0.9944,0.1055,0,0.0626,-0.1053,0.9925,0,0,16.254,-0.1656,1]},
{"frame":43,"values":[0.9982,0.0011,-0.0593,0,0.0052,0.9944,0.1059,0,0.059,-0.1061,0.9926,0,0,16.254,-0.1656,1]},
{"frame":44,"values":[0.9985,-0.0012,-0.054,0,0.0069,0.9944,0.1056,0,0.0536,-0.1058,0.9929,0,0,16.254,-0.1656,1]},
{"frame":45,"values":[0.9986,-0.0005,-0.0526,0,0.0059,0.9948,0.102,0,0.0523,-0.1021,0.9934,0,0,16.254,-0.1656,1]},
{"frame":46,"values":[0.9985,0.0028,-0.0555,0,0.0026,0.9952,0.0974,0,0.0555,-0.0974,0.9937,0,0,16.254,-0.1656,1]},
{"frame":47,"values":[0.9983,0.008,-0.0584,0,-0.0024,0.9954,0.0955,0,0.0589,-0.0952,0.9937,0,0,16.254,-0.1656,1]},
{"frame":48,"values":[0.9981,0.0142,-0.0592,0,-0.0084,0.9954,0.0955,0,0.0603,-0.0949,0.9937,0,0,16.254,-0.1656,1]},
{"frame":49,"values":[0.9981,0.0199,-0.0576,0,-0.0143,0.9953,0.0959,0,0.0592,-0.0949,0.9937,0,0,16.254,-0.1656,1]},
{"frame":50,"values":[0.9983,0.0215,-0.0541,0,-0.0161,0.9951,0.0975,0,0.0559,-0.0965,0.9938,0,0,16.254,-0.1656,1]},
{"frame":51,"values":[0.9984,0.022,-0.0514,0,-0.0168,0.9949,0.0996,0,0.0533,-0.0986,0.9937,0,0,16.254,-0.1656,1]}],"loopBehavior":1,"name":"anim","property":"_matrix"}},
{"name":"boss:Spine2","index":3,"matrix":[0.9984,0.023,-0.0519,0,-0.0178,0.9949,0.0991,0,0.0539,-0.098,0.9937,0,0,13.6396,-1.2923,1],"rest":[1,0,0,0,0,1,0,0,0,0,1,0,0,13.6396,-1.2923,1],"parentBoneIndex":2,"length":13.1719
,"animation":{"dataType":3,"framePerSecond":24,"keys":[
{"frame":1,"values":[0.9984,0.023,-0.0519,0,-0.0178,0.9949,0.0991,0,0.0539,-0.098,0.9937,0,0,13.6396,-1.2923,1]},
{"frame":2,"values":[0.9984,0.0256,-0.0497,0,-0.0204,0.9946,0.1018,0,0.052,-0.1006,0.9936,0,0,13.6396,-1.2923,1]},
{"frame":3,"values":[0.9983,0.0329,-0.0481,0,-0.0277,0.9941,0.105,0,0.0513,-0.1035,0.9933,0,0,13.6396,-1.2923,1]},
{"frame":4,"values":[0.9981,0.0394,-0.0482,0,-0.034,0.9937,0.1067,0,0.0521,-0.1049,0.9931,0,0,13.6396,-1.2923,1]},
{"frame":5,"values":[0.9979,0.0439,-0.0471,0,-0.0387,0.9936,0.1065,0,0.0514,-0.1045,0.9932,0,0,13.6396,-1.2923,1]},
{"frame":6,"values":[0.9978,0.0476,-0.0459,0,-0.0427,0.9939,0.102,0,0.0504,-0.0998,0.9937,0,0,13.6396,-1.2923,1]},
{"frame":7,"values":[0.9977,0.0489,-0.0463,0,-0.0444,0.9946,0.0935,0,0.0506,-0.0912,0.9945,0,0,13.6396,-1.2923,1]},
{"frame":8,"values":[0.9978,0.0454,-0.0478,0,-0.0414,0.9958,0.0811,0,0.0513,-0.0789,0.9956,0,0,13.6396,-1.2923,1]},
{"frame":9,"values":[0.998,0.0382,-0.0501,0,-0.0349,0.9973,0.0642,0,0.0524,-0.0623,0.9967,0,0,13.6396,-1.2923,1]},
{"frame":10,"values":[0.9982,0.028,-0.0536,0,-0.0255,0.9986,0.0473,0,0.0548,-0.0459,0.9974,0,0,13.6396,-1.2923,1]},
{"frame":11,"values":[0.9982,0.0164,-0.058,0,-0.0141,0.9991,0.0402,0,0.0586,-0.0393,0.9975,0,0,13.6396,-1.2923,1]},
{"frame":12,"values":[0.998,0.0058,-0.0627,0,-0.0028,0.9988,0.0485,0,0.0629,-0.0482,0.9969,0,0,13.6396,-1.2923,1]},
{"frame":13,"values":[0.9979,-0.0071,-0.0651,0,0.0117,0.9974,0.0708,0,0.0644,-0.0714,0.9954,0,0,13.6396,-1.2923,1]},
{"frame":14,"values":[0.9975,-0.0321,-0.0631,0,0.0388,0.9933,0.1086,0,0.0592,-0.1108,0.9921,0,0,13.6396,-1.2923,1]},
{"frame":15,"values":[0.9957,-0.0689,-0.0618,0,0.0781,0.9838,0.1616,0,0.0497,-0.1657,0.9849,0,0,13.6396,-1.2923,1]},
{"frame":16,"values":[0.993,-0.0988,-0.065,0,0.1106,0.9706,0.2139,0,0.042,-0.2195,0.9747,0,0,13.6396,-1.2923,1]},
{"frame":17,"values":[0.9915,-0.1098,-0.0694,0,0.1239,0.9603,0.2499,0,0.0392,-0.2564,0.9658,0,0,13.6396,-1.2923,1]},
{"frame":18,"values":[0.9914,-0.1079,-0.0747,0,0.1243,0.9546,0.2708,0,0.042,-0.2778,0.9597,0,0,13.6396,-1.2923,1]},
{"frame":19,"values":[0.992,-0.0975,-0.0799,0,0.1162,0.953,0.2799,0,0.0488,-0.287,0.9567,0,0,13.6396,-1.2923,1]},
{"frame":20,"values":[0.9935,-0.0805,-0.0807,0,0.1001,0.9552,0.2787,0,0.0546,-0.2849,0.957,0,0,13.6396,-1.2923,1]},
{"frame":21,"values":[0.9952,-0.0613,-0.0765,0,0.0799,0.9595,0.2703,0,0.0568,-0.2751,0.9597,0,0,13.6396,-1.2923,1]},
{"frame":22,"values":[0.9965,-0.0438,-0.0713,0,0.0609,0.964,0.2588,0,0.0574,-0.2622,0.9633,0,0,13.6396,-1.2923,1]},
{"frame":23,"values":[0.9972,-0.0315,-0.0674,0,0.0472,0.9683,0.2454,0,0.0576,-0.2479,0.9671,0,0,13.6396,-1.2923,1]},
{"frame":24,"values":[0.9976,-0.0246,-0.0648,0,0.039,0.972,0.2319,0,0.0572,-0.2339,0.9706,0,0,13.6396,-1.2923,1]},
{"frame":25,"values":[0.9978,-0.0182,-0.0641,0,0.0318,0.9753,0.2185,0,0.0586,-0.22,0.9737,0,0,13.6396,-1.2923,1]},
{"frame":26,"values":[0.9977,-0.0067,-0.067,0,0.0201,0.9795,0.2007,0,0.0643,-0.2016,0.9774,0,0,13.6396,-1.2923,1]},
{"frame":27,"values":[0.9974,0.0067,-0.072,0,0.0059,0.985,0.1725,0,0.072,-0.1725,0.9824,0,0,13.6396,-1.2923,1]},
{"frame":28,"values":[0.9971,0.016,-0.0747,0,-0.0052,0.9897,0.1431,0,0.0763,-0.1423,0.9869,0,0,13.6396,-1.2923,1]},
{"frame":29,"values":[0.997,0.0209,-0.0739,0,-0.0111,0.9913,0.1314,0,0.076,-0.1302,0.9886,0,0,13.6396,-1.2923,1]},
{"frame":30,"values":[0.9973,0.0213,-0.0703,0,-0.0118,0.9909,0.1338,0,0.0725,-0.1327,0.9885,0,0,13.6396,-1.2923,1]},
{"frame":31,"values":[0.9977,0.0164,-0.0653,0,-0.0075,0.991,0.1333,0,0.0669,-0.1325,0.9889,0,0,13.6396,-1.2923,1]},
{"frame":32,"values":[0.9981,0.0098,-0.0611,0,-0.0022,0.9924,0.1233,0,0.0618,-0.1229,0.9905,0,0,13.6396,-1.2923,1]},
{"frame":33,"values":[0.9983,0.0071,-0.0586,0,-0.0007,0.9941,0.1081,0,0.059,-0.1079,0.9924,0,0,13.6396,-1.2923,1]},
{"frame":34,"values":[0.9984,0.0112,-0.0562,0,-0.0059,0.9955,0.0947,0,0.0571,-0.0942,0.9939,0,0,13.6396,-1.2923,1]},
{"frame":35,"values":[0.9985,0.0189,-0.0512,0,-0.0145,0.9962,0.0861,0,0.0526,-0.0852,0.995,0,0,13.6396,-1.2923,1]},
{"frame":36,"values":[0.9988,0.0206,-0.0444,0,-0.0168,0.9963,0.0845,0,0.046,-0.0836,0.9954,0,0,13.6396,-1.2923,1]},
{"frame":37,"values":[0.999,0.0111,-0.0422,0,-0.0073,0.996,0.0895,0,0.043,-0.0891,0.9951,0,0,13.6396,-1.2923,1]},
{"frame":38,"values":[0.9989,-0.0011,-0.0463,0,0.0055,0.9955,0.0943,0,0.046,-0.0945,0.9945,0,0,13.6396,-1.2923,1]},
{"frame":39,"values":[0.9987,-0.004,-0.0515,0,0.0089,0.9953,0.0968,0,0.0509,-0.0971,0.994,0,0,13.6396,-1.2923,1]},
{"frame":40,"values":[0.9984,0.0039,-0.0556,0,0.0017,0.9949,0.1006,0,0.0557,-0.1006,0.9934,0,0,13.6396,-1.2923,1]},
{"frame":41,"values":[0.9981,0.0105,-0.0603,0,-0.0042,0.9945,0.1042,0,0.0611,-0.1038,0.9927,0,0,13.6396,-1.2923,1]},
{"frame":42,"values":[0.998,0.0077,-0.0628,0,-0.0011,0.9945,0.1051,0,0.0633,-0.1048,0.9925,0,0,13.6396,-1.2923,1]},
{"frame":43,"values":[0.9982,0.0022,-0.0597,0,0.0041,0.9944,0.1057,0,0.0596,-0.1057,0.9926,0,0,13.6396,-1.2923,1]},
{"frame":44,"values":[0.9985,-0.0002,-0.0544,0,0.0059,0.9944,0.1054,0,0.0541,-0.1055,0.9929,0,0,13.6396,-1.2923,1]},
{"frame":45,"values":[0.9986,0.0004,-0.053,0,0.005,0.9948,0.1017,0,0.0528,-0.1018,0.9934,0,0,13.6396,-1.2923,1]},
{"frame":46,"values":[0.9984,0.0037,-0.0559,0,0.0017,0.9953,0.097,0,0.056,-0.097,0.9937,0,0,13.6396,-1.2923,1]},
{"frame":47,"values":[0.9982,0.0089,-0.0589,0,-0.0033,0.9955,0.0951,0,0.0595,-0.0947,0.9937,0,0,13.6396,-1.2923,1]},
{"frame":48,"values":[0.9981,0.0151,-0.0598,0,-0.0094,0.9954,0.095,0,0.061,-0.0943,0.9937,0,0,13.6396,-1.2923,1]},
{"frame":49,"values":[0.9981,0.0209,-0.0582,0,-0.0153,0.9953,0.0953,0,0.0599,-0.0942,0.9937,0,0,13.6396,-1.2923,1]},
{"frame":50,"values":[0.9983,0.0225,-0.0547,0,-0.0171,0.9951,0.097,0,0.0566,-0.0959,0.9938,0,0,13.6396,-1.2923,1]},
{"frame":51,"values":[0.9984,0.023,-0.0519,0,-0.0178,0.9949,0.0991,0,0.0539,-0.098,0.9937,0,0,13.6396,-1.2923,1]}],"loopBehavior":1,"name":"anim","property":"_matrix"}},
{"name":"boss:Neck","index":4,"matrix":[0.9982,-0.0561,-0.0228,0,0.0549,0.9973,-0.0481,0,0.0255,0.0467,0.9986,0,0,13.8774,-4.3542,1],"rest":[1,0,0,0,0,1,0,0,0,0,1,0,0,13.8774,-4.3542,1],"parentBoneIndex":3,"length":4.4379
,"animation":{"dataType":3,"framePerSecond":24,"keys":[
{"frame":1,"values":[0.9982,-0.0561,-0.0228,0,0.0549,0.9973,-0.0481,0,0.0255,0.0467,0.9986,0,0,13.8774,-4.3542,1]},
{"frame":2,"values":[0.9981,-0.0566,-0.0223,0,0.0555,0.9973,-0.0471,0,0.025,0.0458,0.9986,0,0,13.8774,-4.3542,1]},
{"frame":3,"values":[0.9981,-0.0578,-0.0226,0,0.0567,0.9973,-0.0469,0,0.0253,0.0455,0.9986,0,0,13.8774,-4.3542,1]},
{"frame":4,"values":[0.998,-0.0583,-0.0236,0,0.0571,0.9972,-0.0492,0,0.0264,0.0477,0.9985,0,0,13.8774,-4.3542,1]},
{"frame":5,"values":[0.998,-0.0574,-0.025,0,0.056,0.997,-0.0535,0,0.028,0.052,0.9983,0,0,13.8774,-4.3542,1]},
{"frame":6,"values":[0.998,-0.0566,-0.0263,0,0.055,0.9967,-0.06,0,0.0296,0.0585,0.9978,0,0,13.8774,-4.3542,1]},
{"frame":7,"values":[0.9981,-0.056,-0.0268,0,0.054,0.9961,-0.0699,0,0.0306,0.0684,0.9972,0,0,13.8774,-4.3542,1]},
{"frame":8,"values":[0.9982,-0.0546,-0.0262,0,0.0522,0.9951,-0.0842,0,0.0307,0.0826,0.9961,0,0,13.8774,-4.3542,1]},
{"frame":9,"values":[0.9983,-0.0526,-0.0243,0,0.0499,0.9935,-0.1022,0,0.0296,0.1008,0.9945,0,0,13.8774,-4.3542,1]},
{"frame":10,"values":[0.9985,-0.0507,-0.0206,0,0.0478,0.9912,-0.1237,0,0.0267,0.1225,0.9921,0,0,13.8774,-4.3542,1]},
{"frame":11,"values":[0.9987,-0.0491,-0.0154,0,0.0463,0.9885,-0.144,0,0.0223,0.1431,0.9895,0,0,13.8774,-4.3542,1]},
{"frame":12,"values":[0.9987,-0.0496,-0.0105,0,0.0474,0.9874,-0.1513,0,0.0178,0.1506,0.9884,0,0,13.8774,-4.3542,1]},
{"frame":13,"values":[0.9984,-0.0555,-0.0087,0,0.0539,0.99,-0.1303,0,0.0159,0.1296,0.9914,0,0,13.8774,-4.3542,1]},
{"frame":14,"values":[0.9978,-0.0653,-0.0114,0,0.0642,0.9949,-0.0782,0,0.0164,0.0773,0.9969,0,0,13.8774,-4.3542,1]},
{"frame":15,"values":[0.9973,-0.0711,-0.0157,0,0.0706,0.9971,-0.0279,0,0.0176,0.0267,0.9995,0,0,13.8774,-4.3542,1]},
{"frame":16,"values":[0.9973,-0.0712,-0.0183,0,0.0712,0.9975,-0.0007,0,0.0183,-0.0006,0.9998,0,0,13.8774,-4.3542,1]},
{"frame":17,"values":[0.9974,-0.0697,-0.0183,0,0.0698,0.9975,0.0056,0,0.0179,-0.0068,0.9998,0,0,13.8774,-4.3542,1]},
{"frame":18,"values":[0.9975,-0.0692,-0.0171,0,0.0691,0.9976,-0.0045,0,0.0174,0.0033,0.9998,0,0,13.8774,-4.3542,1]},
{"frame":19,"values":[0.9974,-0.0703,-0.0168,0,0.0701,0.9975,-0.0129,0,0.0177,0.0117,0.9998,0,0,13.8774,-4.3542,1]},
{"frame":20,"values":[0.9973,-0.0708,-0.0174,0,0.0706,0.9974,-0.0105,0,0.0181,0.0092,0.9998,0,0,13.8774,-4.3542,1]},
{"frame":21,"values":[0.9975,-0.0685,-0.017,0,0.0684,0.9976,-0.0068,0,0.0174,0.0056,0.9998,0,0,13.8774,-4.3542,1]},
{"frame":22,"values":[0.9978,-0.0643,-0.0157,0,0.0642,0.9979,-0.0086,0,0.0162,0.0076,0.9998,0,0,13.8774,-4.3542,1]},
{"frame":23,"values":[0.9981,-0.0604,-0.0152,0,0.0602,0.9981,-0.0132,0,0.0159,0.0122,0.9998,0,0,13.8774,-4.3542,1]},
{"frame":24,"values":[0.9981,-0.0587,-0.0167,0,0.0584,0.9981,-0.0172,0,0.0176,0.0162,0.9997,0,0,13.8774,-4.3542,1]},
{"frame":25,"values":[0.998,-0.0604,-0.02,0,0.06,0.998,-0.0188,0,0.0211,0.0176,0.9996,0,0,13.8774,-4.3542,1]},
{"frame":26,"values":[0.9976,-0.0647,-0.0231,0,0.0644,0.9978,-0.0164,0,0.0241,0.0149,0.9996,0,0,13.8774,-4.3542,1]},
{"frame":27,"values":[0.9973,-0.0692,-0.0242,0,0.069,0.9976,-0.0096,0,0.0248,0.0079,0.9997,0,0,13.8774,-4.3542,1]},
{"frame":28,"values":[0.9972,-0.0713,-0.0235,0,0.0713,0.9974,-0.0042,0,0.0237,0.0025,0.9997,0,0,13.8774,-4.3542,1]},
{"frame":29,"values":[0.9973,-0.0707,-0.0216,0,0.0705,0.9975,-0.0055,0,0.022,0.004,0.9998,0,0,13.8774,-4.3542,1]},
{"frame":30,"values":[0.9975,-0.0684,-0.0198,0,0.0682,0.9976,-0.0098,0,0.0205,0.0084,0.9998,0,0,13.8774,-4.3542,1]},
{"frame":31,"values":[0.9977,-0.0655,-0.0192,0,0.0653,0.9978,-0.0118,0,0.0199,0.0105,0.9997,0,0,13.8774,-4.3542,1]},
{"frame":32,"values":[0.9978,-0.0631,-0.0202,0,0.0628,0.9979,-0.0132,0,0.021,0.0119,0.9997,0,0,13.8774,-4.3542,1]},
{"frame":33,"values":[0.9978,-0.0626,-0.0233,0,0.0622,0.9979,-0.0176,0,0.0243,0.0161,0.9996,0,0,13.8774,-4.3542,1]},
{"frame":34,"values":[0.9977,-0.0628,-0.0268,0,0.0622,0.9978,-0.0228,0,0.0282,0.0211,0.9994,0,0,13.8774,-4.3542,1]},
{"frame":35,"values":[0.9977,-0.0611,-0.0281,0,0.0604,0.9979,-0.0253,0,0.0296,0.0236,0.9993,0,0,13.8774,-4.3542,1]},
{"frame":36,"values":[0.998,-0.0581,-0.0267,0,0.0573,0.998,-0.028,0,0.0283,0.0265,0.9992,0,0,13.8774,-4.3542,1]},
{"frame":37,"values":[0.9981,-0.0568,-0.025,0,0.0559,0.9979,-0.0328,0,0.0268,0.0314,0.9991,0,0,13.8774,-4.3542,1]},
{"frame":38,"values":[0.998,-0.0584,-0.0254,0,0.0574,0.9977,-0.0367,0,0.0274,0.0352,0.999,0,0,13.8774,-4.3542,1]},
{"frame":39,"values":[0.9978,-0.0611,-0.0273,0,0.0599,0.9974,-0.0399,0,0.0296,0.0381,0.9988,0,0,13.8774,-4.3542,1]},
{"frame":40,"values":[0.9976,-0.0629,-0.0283,0,0.0616,0.9971,-0.0443,0,0.031,0.0424,0.9986,0,0,13.8774,-4.3542,1]},
{"frame":41,"values":[0.9975,-0.0647,-0.0283,0,0.0633,0.9969,-0.0467,0,0.0313,0.0448,0.9985,0,0,13.8774,-4.3542,1]},
{"frame":42,"values":[0.9974,-0.0661,-0.0285,0,0.0648,0.9969,-0.0446,0,0.0313,0.0426,0.9986,0,0,13.8774,-4.3542,1]},
{"frame":43,"values":[0.9974,-0.0661,-0.0287,0,0.0649,0.9971,-0.041,0,0.0313,0.039,0.9987,0,0,13.8774,-4.3542,1]},
{"frame":44,"values":[0.9975,-0.0651,-0.0281,0,0.064,0.9972,-0.0382,0,0.0305,0.0363,0.9989,0,0,13.8774,-4.3542,1]},
{"frame":45,"values":[0.9975,-0.0646,-0.0271,0,0.0636,0.9973,-0.0365,0,0.0294,0.0347,0.999,0,0,13.8774,-4.3542,1]},
{"frame":46,"values":[0.9976,-0.0646,-0.0267,0,0.0636,0.9973,-0.0374,0,0.0291,0.0356,0.9989,0,0,13.8774,-4.3542,1]},
{"frame":47,"values":[0.9976,-0.064,-0.0267,0,0.0629,0.9972,-0.0408,0,0.0292,0.039,0.9988,0,0,13.8774,-4.3542,1]},
{"frame":48,"values":[0.9978,-0.0615,-0.0261,0,0.0603,0.9972,-0.0447,0,0.0288,0.043,0.9987,0,0,13.8774,-4.3542,1]},
{"frame":49,"values":[0.998,-0.0583,-0.0251,0,0.0571,0.9972,-0.0474,0,0.0277,0.0458,0.9986,0,0,13.8774,-4.3542,1]},
{"frame":50,"values":[0.9981,-0.0565,-0.0238,0,0.0553,0.9973,-0.0484,0,0.0265,0.047,0.9985,0,0,13.8774,-4.3542,1]},
{"frame":51,"values":[0.9982,-0.0561,-0.0228,0,0.0549,0.9973,-0.0481,0,0.0255,0.0467,0.9986,0,0,13.8774,-4.3542,1]}],"loopBehavior":1,"name":"anim","property":"_matrix"}},
{"name":"boss:Neck1","index":5,"matrix":[0.9982,-0.0561,-0.0228,0,0.0549,0.9973,-0.0481,0,0.0255,0.0467,0.9986,0,0,4.34,0.9269,1],"rest":[1,0,0,0,0,1,0,0,0,0,1,0,0,4.34,0.9269,1],"parentBoneIndex":4,"length":4.1171
,"animation":{"dataType":3,"framePerSecond":24,"keys":[
{"frame":1,"values":[0.9982,-0.0561,-0.0228,0,0.0549,0.9973,-0.0481,0,0.0255,0.0467,0.9986,0,0,4.34,0.9269,1]},
{"frame":2,"values":[0.9981,-0.0566,-0.0223,0,0.0555,0.9973,-0.0471,0,0.025,0.0458,0.9986,0,0,4.34,0.9269,1]},
{"frame":3,"values":[0.9981,-0.0578,-0.0226,0,0.0567,0.9973,-0.0469,0,0.0253,0.0455,0.9986,0,0,4.34,0.9269,1]},
{"frame":4,"values":[0.998,-0.0583,-0.0236,0,0.0571,0.9972,-0.0492,0,0.0264,0.0477,0.9985,0,0,4.34,0.9269,1]},
{"frame":5,"values":[0.998,-0.0574,-0.025,0,0.056,0.997,-0.0535,0,0.028,0.052,0.9983,0,0,4.34,0.9269,1]},
{"frame":6,"values":[0.998,-0.0566,-0.0263,0,0.055,0.9967,-0.06,0,0.0296,0.0585,0.9978,0,0,4.34,0.9269,1]},
{"frame":7,"values":[0.9981,-0.056,-0.0268,0,0.054,0.9961,-0.0699,0,0.0306,0.0684,0.9972,0,0,4.34,0.9269,1]},
{"frame":8,"values":[0.9982,-0.0546,-0.0262,0,0.0522,0.9951,-0.0842,0,0.0307,0.0826,0.9961,0,0,4.34,0.9269,1]},
{"frame":9,"values":[0.9983,-0.0526,-0.0243,0,0.0499,0.9935,-0.1022,0,0.0296,0.1008,0.9945,0,0,4.34,0.9269,1]},
{"frame":10,"values":[0.9985,-0.0507,-0.0206,0,0.0478,0.9912,-0.1237,0,0.0267,0.1225,0.9921,0,0,4.34,0.9269,1]},
{"frame":11,"values":[0.9987,-0.0491,-0.0154,0,0.0463,0.9885,-0.144,0,0.0223,0.1431,0.9895,0,0,4.34,0.9269,1]},
{"frame":12,"values":[0.9987,-0.0496,-0.0105,0,0.0474,0.9874,-0.1513,0,0.0178,0.1506,0.9884,0,0,4.34,0.9269,1]},
{"frame":13,"values":[0.9984,-0.0555,-0.0087,0,0.0539,0.99,-0.1303,0,0.0159,0.1296,0.9914,0,0,4.34,0.9269,1]},
{"frame":14,"values":[0.9978,-0.0653,-0.0114,0,0.0642,0.9949,-0.0782,0,0.0164,0.0773,0.9969,0,0,4.34,0.9269,1]},
{"frame":15,"values":[0.9973,-0.0711,-0.0157,0,0.0706,0.9971,-0.0279,0,0.0176,0.0267,0.9995,0,0,4.34,0.9269,1]},
{"frame":16,"values":[0.9973,-0.0712,-0.0183,0,0.0712,0.9975,-0.0007,0,0.0183,-0.0006,0.9998,0,0,4.34,0.9269,1]},
{"frame":17,"values":[0.9974,-0.0697,-0.0183,0,0.0698,0.9975,0.0056,0,0.0179,-0.0068,0.9998,0,0,4.34,0.9269,1]},
{"frame":18,"values":[0.9975,-0.0692,-0.0171,0,0.0691,0.9976,-0.0045,0,0.0174,0.0033,0.9998,0,0,4.34,0.9269,1]},
{"frame":19,"values":[0.9974,-0.0703,-0.0168,0,0.0701,0.9975,-0.0129,0,0.0177,0.0117,0.9998,0,0,4.34,0.9269,1]},
{"frame":20,"values":[0.9973,-0.0708,-0.0174,0,0.0706,0.9974,-0.0105,0,0.0181,0.0092,0.9998,0,0,4.34,0.9269,1]},
{"frame":21,"values":[0.9975,-0.0685,-0.017,0,0.0684,0.9976,-0.0068,0,0.0174,0.0056,0.9998,0,0,4.34,0.9269,1]},
{"frame":22,"values":[0.9978,-0.0643,-0.0157,0,0.0642,0.9979,-0.0086,0,0.0162,0.0076,0.9998,0,0,4.34,0.9269,1]},
{"frame":23,"values":[0.9981,-0.0604,-0.0152,0,0.0602,0.9981,-0.0132,0,0.0159,0.0122,0.9998,0,0,4.34,0.9269,1]},
{"frame":24,"values":[0.9981,-0.0587,-0.0167,0,0.0584,0.9981,-0.0172,0,0.0176,0.0162,0.9997,0,0,4.34,0.9269,1]},
{"frame":25,"values":[0.998,-0.0604,-0.02,0,0.06,0.998,-0.0188,0,0.0211,0.0176,0.9996,0,0,4.34,0.9269,1]},
{"frame":26,"values":[0.9976,-0.0647,-0.0231,0,0.0644,0.9978,-0.0164,0,0.0241,0.0149,0.9996,0,0,4.34,0.9269,1]},
{"frame":27,"values":[0.9973,-0.0692,-0.0242,0,0.069,0.9976,-0.0096,0,0.0248,0.0079,0.9997,0,0,4.34,0.9269,1]},
{"frame":28,"values":[0.9972,-0.0713,-0.0235,0,0.0713,0.9974,-0.0042,0,0.0237,0.0025,0.9997,0,0,4.34,0.9269,1]},
{"frame":29,"values":[0.9973,-0.0707,-0.0216,0,0.0705,0.9975,-0.0055,0,0.022,0.004,0.9998,0,0,4.34,0.9269,1]},
{"frame":30,"values":[0.9975,-0.0684,-0.0198,0,0.0682,0.9976,-0.0098,0,0.0205,0.0084,0.9998,0,0,4.34,0.9269,1]},
{"frame":31,"values":[0.9977,-0.0655,-0.0192,0,0.0653,0.9978,-0.0118,0,0.0199,0.0105,0.9997,0,0,4.34,0.9269,1]},
{"frame":32,"values":[0.9978,-0.0631,-0.0202,0,0.0628,0.9979,-0.0132,0,0.021,0.0119,0.9997,0,0,4.34,0.9269,1]},
{"frame":33,"values":[0.9978,-0.0626,-0.0233,0,0.0622,0.9979,-0.0176,0,0.0243,0.0161,0.9996,0,0,4.34,0.9269,1]},
{"frame":34,"values":[0.9977,-0.0628,-0.0268,0,0.0622,0.9978,-0.0228,0,0.0282,0.0211,0.9994,0,0,4.34,0.9269,1]},
{"frame":35,"values":[0.9977,-0.0611,-0.0281,0,0.0604,0.9979,-0.0253,0,0.0296,0.0236,0.9993,0,0,4.34,0.9269,1]},
{"frame":36,"values":[0.998,-0.0581,-0.0267,0,0.0573,0.998,-0.028,0,0.0283,0.0265,0.9992,0,0,4.34,0.9269,1]},
{"frame":37,"values":[0.9981,-0.0568,-0.025,0,0.0559,0.9979,-0.0328,0,0.0268,0.0314,0.9991,0,0,4.34,0.9269,1]},
{"frame":38,"values":[0.998,-0.0584,-0.0254,0,0.0574,0.9977,-0.0367,0,0.0274,0.0352,0.999,0,0,4.34,0.9269,1]},
{"frame":39,"values":[0.9978,-0.0611,-0.0273,0,0.0599,0.9974,-0.0399,0,0.0296,0.0381,0.9988,0,0,4.34,0.9269,1]},
{"frame":40,"values":[0.9976,-0.0629,-0.0283,0,0.0616,0.9971,-0.0443,0,0.031,0.0424,0.9986,0,0,4.34,0.9269,1]},
{"frame":41,"values":[0.9975,-0.0647,-0.0283,0,0.0633,0.9969,-0.0467,0,0.0313,0.0448,0.9985,0,0,4.34,0.9269,1]},
{"frame":42,"values":[0.9974,-0.0661,-0.0285,0,0.0648,0.9969,-0.0446,0,0.0313,0.0426,0.9986,0,0,4.34,0.9269,1]},
{"frame":43,"values":[0.9974,-0.0661,-0.0287,0,0.0649,0.9971,-0.041,0,0.0313,0.039,0.9987,0,0,4.34,0.9269,1]},
{"frame":44,"values":[0.9975,-0.0651,-0.0281,0,0.064,0.9972,-0.0382,0,0.0305,0.0363,0.9989,0,0,4.34,0.9269,1]},
{"frame":45,"values":[0.9975,-0.0646,-0.0271,0,0.0636,0.9973,-0.0365,0,0.0294,0.0347,0.999,0,0,4.34,0.9269,1]},
{"frame":46,"values":[0.9976,-0.0646,-0.0267,0,0.0636,0.9973,-0.0374,0,0.0291,0.0356,0.9989,0,0,4.34,0.9269,1]},
{"frame":47,"values":[0.9976,-0.064,-0.0267,0,0.0629,0.9972,-0.0408,0,0.0292,0.039,0.9988,0,0,4.34,0.9269,1]},
{"frame":48,"values":[0.9978,-0.0615,-0.0261,0,0.0603,0.9972,-0.0447,0,0.0288,0.043,0.9987,0,0,4.34,0.9269,1]},
{"frame":49,"values":[0.998,-0.0583,-0.0251,0,0.0571,0.9972,-0.0474,0,0.0277,0.0458,0.9986,0,0,4.34,0.9269,1]},
{"frame":50,"values":[0.9981,-0.0565,-0.0238,0,0.0553,0.9973,-0.0484,0,0.0265,0.047,0.9985,0,0,4.34,0.9269,1]},
{"frame":51,"values":[0.9982,-0.0561,-0.0228,0,0.0549,0.9973,-0.0481,0,0.0255,0.0467,0.9986,0,0,4.34,0.9269,1]}],"loopBehavior":1,"name":"anim","property":"_matrix"}},
{"name":"boss:Head","index":6,"matrix":[0.9982,-0.0561,-0.0228,0,0.0549,0.9973,-0.0481,0,0.0255,0.0467,0.9986,0,0,4.0266,0.8585,1],"rest":[1,0,0,0,0,1,0,0,0,0,1,0,0,4.0266,0.8585,1],"parentBoneIndex":5,"length":4.1171
,"animation":{"dataType":3,"framePerSecond":24,"keys":[
{"frame":1,"values":[0.9982,-0.0561,-0.0228,0,0.0549,0.9973,-0.0481,0,0.0255,0.0467,0.9986,0,0,4.0266,0.8585,1]},
{"frame":2,"values":[0.9981,-0.0566,-0.0223,0,0.0555,0.9973,-0.0471,0,0.025,0.0458,0.9986,0,0,4.0266,0.8585,1]},
{"frame":3,"values":[0.9981,-0.0578,-0.0226,0,0.0567,0.9973,-0.0469,0,0.0253,0.0455,0.9986,0,0,4.0266,0.8585,1]},
{"frame":4,"values":[0.998,-0.0583,-0.0236,0,0.0571,0.9972,-0.0492,0,0.0264,0.0477,0.9985,0,0,4.0266,0.8585,1]},
{"frame":5,"values":[0.998,-0.0574,-0.025,0,0.056,0.997,-0.0535,0,0.028,0.052,0.9983,0,0,4.0266,0.8585,1]},
{"frame":6,"values":[0.998,-0.0566,-0.0263,0,0.055,0.9967,-0.06,0,0.0296,0.0585,0.9978,0,0,4.0266,0.8585,1]},
{"frame":7,"values":[0.9981,-0.056,-0.0268,0,0.054,0.9961,-0.0699,0,0.0306,0.0684,0.9972,0,0,4.0266,0.8585,1]},
{"frame":8,"values":[0.9982,-0.0546,-0.0262,0,0.0522,0.9951,-0.0842,0,0.0307,0.0826,0.9961,0,0,4.0266,0.8585,1]},
{"frame":9,"values":[0.9983,-0.0526,-0.0243,0,0.0499,0.9935,-0.1022,0,0.0296,0.1008,0.9945,0,0,4.0266,0.8585,1]},
{"frame":10,"values":[0.9985,-0.0507,-0.0206,0,0.0478,0.9912,-0.1237,0,0.0267,0.1225,0.9921,0,0,4.0266,0.8585,1]},
{"frame":11,"values":[0.9987,-0.0491,-0.0154,0,0.0463,0.9885,-0.144,0,0.0223,0.1431,0.9895,0,0,4.0266,0.8585,1]},
{"frame":12,"values":[0.9987,-0.0496,-0.0105,0,0.0474,0.9874,-0.1513,0,0.0178,0.1506,0.9884,0,0,4.0266,0.8585,1]},
{"frame":13,"values":[0.9984,-0.0555,-0.0087,0,0.0539,0.99,-0.1303,0,0.0159,0.1296,0.9914,0,0,4.0266,0.8585,1]},
{"frame":14,"values":[0.9978,-0.0653,-0.0114,0,0.0642,0.9949,-0.0782,0,0.0164,0.0773,0.9969,0,0,4.0266,0.8585,1]},
