{"producer":{"name":"Blender","version":"2.90.0","exporter_version":"2.80.1","file":"option_acknowledge.babylon"},
"autoClear":true,"clearColor":[0.0509,0.0509,0.0509],"gravity":[0,-9.81,0],
"materials":[{"name":"Material","id":"Material","customType":"BABYLON.PBRMaterial","backFaceCulling":true,"checkReadyOnlyOnce":false,"maxSimultaneousLights":4,"environmentIntensity":1,"albedo":[0.8,0.8,0.8],"reflectivity":[0.5,0.5,0.5],"roughness":0.4,"alpha":1,"transparencyMode":0,"alphaCutOff":0.4,"metallic":0}],
"multiMaterials":[],
"skeletons":[{"name":"Armature","id":0,"dimensionsAtRest":[188.1767,172.4535,15.5905],"bones":[
{"name":"boss:Hips","index":0,"matrix":[0.9941,-0.0524,-0.0948,0,0.0582,0.9965,0.0599,0,-0.0913,0.0651,-0.9937,0,0,95.7675,0,1],"rest":[1,0,0,0,0,1,0,0,0,0,-1,0,0,96.3794,0,1],"parentBoneIndex":-1,"length":9.9032
,"animation":{"dataType":3,"framePerSecond":24,"keys":[
{"frame":1,"values":[0.9941,-0.0524,-0.0948,0,0.0582,0.9965,0.0599,0,-0.0913,0.0651,-0.9937,0,0,95.7675,0,1]},
{"frame":2,"values":[0.9941,-0.0521,-0.0948,0,0.0579,0.9965,0.0599,0,-0.0913,0.065,-0.9937,0,0.0056,95.7669,-0.0207,1]},
{"frame":3,"values":[0.9941,-0.0517,-0.0948,0,0.0575,0.9966,0.0597,0,-0.0914,0.0648,-0.9937,0,0.0135,95.7674,-0.0418,1]},
{"frame":4,"values":[0.9942,-0.0513,-0.095,0,0.0571,0.9966,0.0593,0,-0.0916,0.0644,-0.9937,0,0.0225,95.7691,-0.0613,1]},
{"frame":5,"values":[0.9942,-0.0511,-0.0951,0,0.0568,0.9967,0.0587,0,-0.0918,0.0638,-0.9937,0,0.0347,95.7695,-0.0732,1]},
{"frame":6,"values":[0.9941,-0.0511,-0.0953,0,0.0567,0.9967,0.0576,0,-0.092,0.0626,-0.9938,0,0.0551,95.7684,-0.0706,1]},
{"frame":7,"values":[0.9941,-0.0511,-0.0956,0,0.0566,0.9968,0.056,0,-0.0924,0.061,-0.9938,0,0.0875,95.7697,-0.0519,1]},
{"frame":8,"values":[0.9941,-0.0505,-0.0959,0,0.0559,0.997,0.0542,0,-0.0929,0.0592,-0.9939,0,0.133,95.774,-0.0183,1]},
{"frame":9,"values":[0.9941,-0.0493,-0.0963,0,0.0545,0.9971,0.0525,0,-0.0934,0.0574,-0.994,0,0.1923,95.7778,0.0287,1]},
{"frame":10,"values":[0.9942,-0.0473,-0.0965,0,0.0524,0.9973,0.0511,0,-0.0938,0.0559,-0.994,0,0.2662,95.7812,0.0878,1]},
{"frame":11,"values":[0.9943,-0.0447,-0.0966,0,0.0497,0.9975,0.0501,0,-0.0941,0.0546,-0.9941,0,0.349,95.788,0.1587,1]},
{"frame":12,"values":[0.9944,-0.0416,-0.0967,0,0.0465,0.9977,0.0492,0,-0.0944,0.0535,-0.9941,0,0.432,95.7992,0.2425,1]},
{"frame":13,"values":[0.9946,-0.038,-0.0965,0,0.0428,0.9979,0.0484,0,-0.0945,0.0523,-0.9942,0,0.511,95.8116,0.3407,1]},
{"frame":14,"values":[0.9948,-0.0339,-0.0959,0,0.0386,0.9981,0.0476,0,-0.0941,0.051,-0.9943,0,0.5839,95.8195,0.452,1]},
{"frame":15,"values":[0.9951,-0.0293,-0.0948,0,0.0338,0.9984,0.0461,0,-0.0933,0.0491,-0.9944,0,0.6444,95.8222,0.576,1]},
{"frame":16,"values":[0.9954,-0.0253,-0.0929,0,0.0294,0.9986,0.043,0,-0.0917,0.0455,-0.9948,0,0.6845,95.823,0.7143,1]},
{"frame":17,"values":[0.9957,-0.0223,-0.0902,0,0.0259,0.9989,0.0383,0,-0.0893,0.0405,-0.9952,0,0.7039,95.8255,0.8529,1]},
{"frame":18,"values":[0.996,-0.0205,-0.0873,0,0.0235,0.9992,0.0338,0,-0.0865,0.0357,-0.9956,0,0.7075,95.832,0.9626,1]},
{"frame":19,"values":[0.9963,-0.0194,-0.0842,0,0.022,0.9993,0.0303,0,-0.0836,0.0321,-0.996,0,0.6964,95.8394,1.0278,1]},
{"frame":20,"values":[0.9965,-0.0192,-0.0809,0,0.0215,0.9994,0.0283,0,-0.0803,0.0299,-0.9963,0,0.6693,95.8435,1.0518,1]},
{"frame":21,"values":[0.9968,-0.0196,-0.0776,0,0.0218,0.9994,0.0277,0,-0.077,0.0293,-0.9966,0,0.6317,95.8443,1.0444,1]},
{"frame":22,"values":[0.997,-0.0202,-0.075,0,0.0224,0.9993,0.0286,0,-0.0743,0.0302,-0.9968,0,0.597,95.8452,1.0169,1]},
{"frame":23,"values":[0.9971,-0.0207,-0.0736,0,0.023,0.9993,0.0306,0,-0.0729,0.0322,-0.9968,0,0.5746,95.8449,0.9773,1]},
{"frame":24,"values":[0.9971,-0.0211,-0.0733,0,0.0235,0.9992,0.0328,0,-0.0725,0.0345,-0.9968,0,0.5646,95.8411,0.9318,1]},
{"frame":25,"values":[0.9971,-0.0216,-0.0732,0,0.0242,0.9991,0.0351,0,-0.0724,0.0368,-0.9967,0,0.5597,95.8348,0.8865,1]},
{"frame":26,"values":[0.9971,-0.0225,-0.073,0,0.0253,0.999,0.0373,0,-0.0721,0.039,-0.9966,0,0.5483,95.8281,0.8462,1]},
{"frame":27,"values":[0.9971,-0.0242,-0.0727,0,0.0271,0.9989,0.0388,0,-0.0717,0.0407,-0.9966,0,0.5136,95.8211,0.8163,1]},
{"frame":28,"values":[0.997,-0.0268,-0.0727,0,0.0297,0.9988,0.0396,0,-0.0716,0.0416,-0.9966,0,0.4495,95.8144,0.7966,1]},
{"frame":29,"values":[0.9969,-0.0294,-0.0736,0,0.0324,0.9987,0.0403,0,-0.0723,0.0426,-0.9965,0,0.3761,95.8098,0.7723,1]},
{"frame":30,"values":[0.9967,-0.0317,-0.075,0,0.0349,0.9985,0.0416,0,-0.0736,0.0441,-0.9963,0,0.3117,95.8052,0.7338,1]},
{"frame":31,"values":[0.9965,-0.0337,-0.0765,0,0.0371,0.9984,0.043,0,-0.0749,0.0457,-0.9961,0,0.2532,95.8,0.6848,1]},
{"frame":32,"values":[0.9963,-0.0357,-0.0782,0,0.0392,0.9982,0.0443,0,-0.0765,0.0472,-0.996,0,0.1977,95.7975,0.6252,1]},
{"frame":33,"values":[0.9961,-0.0376,-0.0803,0,0.0414,0.9981,0.0459,0,-0.0784,0.049,-0.9957,0,0.1493,95.7967,0.5556,1]},
{"frame":34,"values":[0.9958,-0.0395,-0.0827,0,0.0436,0.9979,0.0478,0,-0.0806,0.0512,-0.9954,0,0.1095,95.7948,0.4832,1]},
{"frame":35,"values":[0.9955,-0.0413,-0.085,0,0.0457,0.9977,0.05,0,-0.0827,0.0537,-0.9951,0,0.0756,95.7926,0.412,1]},
{"frame":36,"values":[0.9953,-0.043,-0.0867,0,0.0476,0.9975,0.052,0,-0.0843,0.0558,-0.9949,0,0.0462,95.7903,0.3459,1]},
{"frame":37,"values":[0.9952,-0.0443,-0.0877,0,0.0491,0.9974,0.0534,0,-0.0851,0.0574,-0.9947,0,0.0199,95.788,0.2876,1]},
{"frame":38,"values":[0.9951,-0.0455,-0.0882,0,0.0504,0.9972,0.0545,0,-0.0855,0.0587,-0.9946,0,-0.005,95.7857,0.2291,1]},
{"frame":39,"values":[0.995,-0.0466,-0.0888,0,0.0516,0.9971,0.0556,0,-0.0859,0.0599,-0.9945,0,-0.0282,95.7833,0.1675,1]},
{"frame":40,"values":[0.9949,-0.0476,-0.0894,0,0.0528,0.997,0.0566,0,-0.0865,0.061,-0.9944,0,-0.047,95.781,0.1121,1]},
{"frame":41,"values":[0.9947,-0.0485,-0.0901,0,0.0539,0.9969,0.0575,0,-0.0871,0.062,-0.9943,0,-0.0604,95.7787,0.0721,1]},
{"frame":42,"values":[0.9946,-0.0494,-0.091,0,0.0548,0.9968,0.0585,0,-0.0878,0.0632,-0.9941,0,-0.0679,95.7764,0.0469,1]},
{"frame":43,"values":[0.9945,-0.0501,-0.0921,0,0.0558,0.9967,0.0595,0,-0.0888,0.0644,-0.994,0,-0.0684,95.7742,0.0299,1]},
{"frame":44,"values":[0.9944,-0.0508,-0.0932,0,0.0566,0.9966,0.0603,0,-0.0898,0.0652,-0.9938,0,-0.0604,95.7722,0.0161,1]},
{"frame":45,"values":[0.9942,-0.0514,-0.0941,0,0.0573,0.9965,0.0606,0,-0.0906,0.0656,-0.9937,0,-0.0443,95.7704,0.0061,1]},
{"frame":46,"values":[0.9942,-0.0519,-0.0945,0,0.0578,0.9965,0.0604,0,-0.0911,0.0655,-0.9937,0,-0.023,95.7688,0.0014,1]},
{"frame":47,"values":[0.9941,-0.0524,-0.0946,0,0.0582,0.9965,0.06,0,-0.0911,0.0652,-0.9937,0,0,95.7675,0,1]}],"loopBehavior":1,"name":"anim","property":"_matrix"}},
{"name":"boss:Spine","index":1,"matrix":[0.9988,0.0421,-0.0243,0,-0.0406,0.9974,0.0587,0,0.0267,-0.0577,0.998,0,0,9.2263,1.5771,1],"rest":[1,0,0,0,0,1,0,0,0,0,1,0,0,9.2263,1.5771,1],"parentBoneIndex":0,"length":16.2548
,"animation":{"dataType":3,"framePerSecond":24,"keys":[
{"frame":1,"values":[0.9988,0.0421,-0.0243,0,-0.0406,0.9974,0.0587,0,0.0267,-0.0577,0.998,0,0,9.2263,1.5771,1]},
{"frame":4,"values":[0.9988,0.0422,-0.0243,0,-0.0407,0.9974,0.0587,0,0.0267,-0.0577,0.998,0,0,9.2263,1.5771,1]},
{"frame":5,"values":[0.9988,0.0423,-0.0243,0,-0.0408,0.9974,0.0587,0,0.0267,-0.0577,0.998,0,0,9.2263,1.5771,1]},
{"frame":6,"values":[0.9988,0.0426,-0.0246,0,-0.0411,0.9974,0.0587,0,0.027,-0.0577,0.998,0,0,9.2263,1.5771,1]},
{"frame":7,"values":[0.9988,0.0429,-0.0251,0,-0.0414,0.9974,0.0588,0,0.0275,-0.0577,0.998,0,0,9.2263,1.5771,1]},
{"frame":8,"values":[0.9987,0.0434,-0.0254,0,-0.0418,0.9974,0.059,0,0.0279,-0.0579,0.9979,0,0,9.2263,1.5771,1]},
{"frame":9,"values":[0.9987,0.044,-0.0254,0,-0.0425,0.9973,0.0595,0,0.0279,-0.0583,0.9979,0,0,9.2263,1.5771,1]},
{"frame":10,"values":[0.9987,0.0448,-0.025,0,-0.0433,0.9973,0.0601,0,0.0277,-0.0589,0.9979,0,0,9.2263,1.5771,1]},
{"frame":11,"values":[0.9986,0.0459,-0.0246,0,-0.0443,0.9972,0.0607,0,0.0273,-0.0596,0.9979,0,0,9.2263,1.5771,1]},
{"frame":12,"values":[0.9986,0.0471,-0.0241,0,-0.0456,0.9971,0.0614,0,0.027,-0.0602,0.9978,0,0,9.2263,1.5771,1]},
{"frame":13,"values":[0.9985,0.0484,-0.0238,0,-0.0469,0.997,0.0622,0,0.0268,-0.061,0.9978,0,0,9.2263,1.5771,1]},
{"frame":14,"values":[0.9985,0.0498,-0.0236,0,-0.0482,0.9968,0.0635,0,0.0267,-0.0622,0.9977,0,0,9.2263,1.5771,1]},
{"frame":15,"values":[0.9984,0.0512,-0.0234,0,-0.0496,0.9966,0.0654,0,0.0267,-0.0642,0.9976,0,0,9.2263,1.5771,1]},
{"frame":16,"values":[0.9983,0.0526,-0.0232,0,-0.0509,0.9964,0.0675,0,0.0266,-0.0662,0.9974,0,0,9.2263,1.5771,1]},
{"frame":17,"values":[0.9983,0.0538,-0.0231,0,-0.0521,0.9963,0.0691,0,0.0267,-0.0678,0.9973,0,0,9.2263,1.5771,1]},
{"frame":18,"values":[0.9982,0.0545,-0.0232,0,-0.0528,0.9961,0.0701,0,0.0269,-0.0688,0.9973,0,0,9.2263,1.5771,1]},
{"frame":19,"values":[0.9982,0.0548,-0.0235,0,-0.053,0.9961,0.071,0,0.0273,-0.0696,0.9972,0,0,9.2263,1.5771,1]},
{"frame":20,"values":[0.9982,0.0548,-0.0238,0,-0.053,0.996,0.0716,0,0.0277,-0.0703,0.9971,0,0,9.2263,1.5771,1]},
{"frame":21,"values":[0.9982,0.0548,-0.024,0,-0.0529,0.996,0.072,0,0.0278,-0.0706,0.9971,0,0,9.2263,1.5771,1]},
{"frame":22,"values":[0.9982,0.0546,-0.024,0,-0.0528,0.996,0.0722,0,0.0279,-0.0708,0.9971,0,0,9.2263,1.5771,1]},
{"frame":23,"values":[0.9982,0.0544,-0.0241,0,-0.0525,0.996,0.0722,0,0.0279,-0.0708,0.9971,0,0,9.2263,1.5771,1]},
{"frame":24,"values":[0.9982,0.054,-0.0242,0,-0.0522,0.996,0.072,0,0.028,-0.0706,0.9971,0,0,9.2263,1.5771,1]},
{"frame":25,"values":[0.9983,0.0535,-0.0242,0,-0.0517,0.9961,0.0714,0,0.0279,-0.0701,0.9972,0,0,9.2263,1.5771,1]},
{"frame":26,"values":[0.9983,0.0528,-0.0242,0,-0.051,0.9962,0.0705,0,0.0279,-0.0692,0.9972,0,0,9.2263,1.5771,1]},
{"frame":27,"values":[0.9984,0.052,-0.0241,0,-0.0502,0.9963,0.0692,0,0.0276,-0.0679,0.9973,0,0,9.2263,1.5771,1]},
{"frame":28,"values":[0.9984,0.0512,-0.024,0,-0.0495,0.9965,0.0677,0,0.0273,-0.0664,0.9974,0,0,9.2263,1.5771,1]},
{"frame":29,"values":[0.9984,0.0505,-0.0238,0,-0.0488,0.9966,0.0662,0,0.0271,-0.0649,0.9975,0,0,9.2263,1.5771,1]},
{"frame":30,"values":[0.9985,0.0499,-0.0237,0,-0.0482,0.9967,0.0649,0,0.0269,-0.0636,0.9976,0,0,9.2263,1.5771,1]},
{"frame":31,"values":[0.9985,0.0492,-0.0237,0,-0.0476,0.9968,0.0636,0,0.0268,-0.0624,0.9977,0,0,9.2263,1.5771,1]},
{"frame":32,"values":[0.9985,0.0485,-0.0237,0,-0.0469,0.9969,0.0624,0,0.0267,-0.0612,0.9978,0,0,9.2263,1.5771,1]},
{"frame":33,"values":[0.9986,0.0478,-0.0238,0,-0.0462,0.997,0.0613,0,0.0267,-0.0601,0.9978,0,0,9.2263,1.5771,1]},
{"frame":34,"values":[0.9986,0.047,-0.0238,0,-0.0455,0.9971,0.0606,0,0.0266,-0.0594,0.9979,0,0,9.2263,1.5771,1]},
{"frame":35,"values":[0.9986,0.0463,-0.0239,0,-0.0448,0.9972,0.0603,0,0.0266,-0.0591,0.9979,0,0,9.2263,1.5771,1]},
{"frame":36,"values":[0.9987,0.0455,-0.0239,0,-0.044,0.9972,0.0601,0,0.0266,-0.059,0.9979,0,0,9.2263,1.5771,1]},
{"frame":37,"values":[0.9987,0.0447,-0.024,0,-0.0432,0.9973,0.0598,0,0.0266,-0.0587,0.9979,0,0,9.2263,1.5771,1]},
{"frame":38,"values":[0.9987,0.044,-0.0241,0,-0.0425,0.9973,0.0593,0,0.0266,-0.0582,0.998,0,0,9.2263,1.5771,1]},
{"frame":39,"values":[0.9988,0.0433,-0.0242,0,-0.0418,0.9974,0.0587,0,0.0266,-0.0576,0.998,0,0,9.2263,1.5771,1]},
{"frame":40,"values":[0.9988,0.0428,-0.0242,0,-0.0414,0.9974,0.0583,0,0.0267,-0.0572,0.998,0,0,9.2263,1.5771,1]},
{"frame":41,"values":[0.9988,0.0425,-0.0243,0,-0.041,0.9975,0.0582,0,0.0267,-0.0571,0.998,0,0,9.2263,1.5771,1]},
{"frame":42,"values":[0.9988,0.0422,-0.0243,0,-0.0408,0.9975,0.0583,0,0.0267,-0.0573,0.998,0,0,9.2263,1.5771,1]},
{"frame":43,"values":[0.9988,0.042,-0.0243,0,-0.0405,0.9975,0.0586,0,0.0267,-0.0576,0.998,0,0,9.2263,1.5771,1]},
{"frame":44,"values":[0.9988,0.0419,-0.0243,0,-0.0404,0.9975,0.0588,0,0.0267,-0.0578,0.998,0,0,9.2263,1.5771,1]},
{"frame":47,"values":[0.9988,0.0419,-0.0243,0,-0.0404,0.9974,0.0588,0,0.0267,-0.0578,0.998,0,0,9.2263,1.5771,1]}],"loopBehavior":1,"name":"anim","property":"_matrix"}},
{"name":"boss:Spine1","index":2,"matrix":[0.9996,0.0274,-0.0053,0,-0.0273,0.9994,0.0203,0,0.0059,-0.0202,0.9998,0,0,16.254,-0.1656,1],"rest":[1,0,0,0,0,1,0,0,0,0,1,0,0,16.254,-0.1656,1],"parentBoneIndex":1,"length":13.7007
,"animation":{"dataType":3,"framePerSecond":24,"keys":[
{"frame":1,"values":[0.9996,0.0274,-0.0053,0,-0.0273,0.9994,0.0203,0,0.0059,-0.0202,0.9998,0,0,16.254,-0.1656,1]},
{"frame":4,"values":[0.9996,0.0276,-0.0053,0,-0.0275,0.9994,0.0203,0,0.0059,-0.0202,0.9998,0,0,16.254,-0.1656,1]},
{"frame":5,"values":[0.9996,0.0279,-0.0054,0,-0.0278,0.9994,0.0203,0,0.0059,-0.0202,0.9998,0,0,16.254,-0.1656,1]},
{"frame":6,"values":[0.9996,0.0285,-0.0059,0,-0.0284,0.9994,0.0205,0,0.0065,-0.0203,0.9998,0,0,16.254,-0.1656,1]},
{"frame":7,"values":[0.9995,0.0293,-0.0067,0,-0.0291,0.9994,0.0209,0,0.0073,-0.0207,0.9998,0,0,16.254,-0.1656,1]},
{"frame":8,"values":[0.9995,0.0301,-0.0073,0,-0.0299,0.9993,0.0217,0,0.0079,-0.0215,0.9997,0,0,16.254,-0.1656,1]},
{"frame":9,"values":[0.9995,0.0312,-0.0072,0,-0.031,0.9993,0.0227,0,0.008,-0.0225,0.9997,0,0,16.254,-0.1656,1]},
{"frame":10,"values":[0.9994,0.0326,-0.0067,0,-0.0324,0.9992,0.0237,0,0.0074,-0.0235,0.9997,0,0,16.254,-0.1656,1]},
{"frame":11,"values":[0.9994,0.0344,-0.0059,0,-0.0342,0.9991,0.0248,0,0.0067,-0.0245,0.9997,0,0,16.254,-0.1656,1]},
{"frame":12,"values":[0.9993,0.0365,-0.0051,0,-0.0363,0.999,0.0257,0,0.006,-0.0255,0.9997,0,0,16.254,-0.1656,1]},
{"frame":13,"values":[0.9992,0.0388,-0.0046,0,-0.0387,0.9989,0.0268,0,0.0056,-0.0266,0.9996,0,0,16.254,-0.1656,1]},
{"frame":14,"values":[0.9991,0.0414,-0.0043,0,-0.0413,0.9987,0.0285,0,0.0055,-0.0283,0.9996,0,0,16.254,-0.1656,1]},
{"frame":15,"values":[0.999,0.0441,-0.004,0,-0.044,0.9985,0.0312,0,0.0054,-0.031,0.9995,0,0,16.254,-0.1656,1]},
{"frame":16,"values":[0.9989,0.0467,-0.0036,0,-0.0466,0.9983,0.0344,0,0.0052,-0.0342,0.9994,0,0,16.254,-0.1656,1]},
{"frame":17,"values":[0.9988,0.0489,-0.0034,0,-0.0488,0.9981,0.037,0,0.0052,-0.0368,0.9993,0,0,16.254,-0.1656,1]},
{"frame":18,"values":[0.9987,0.0505,-0.0037,0,-0.0503,0.998,0.0389,0,0.0056,-0.0387,0.9992,0,0,16.254,-0.1656,1]},
{"frame":19,"values":[0.9987,0.0513,-0.0043,0,-0.0511,0.9979,0.0405,0,0.0064,-0.0402,0.9992,0,0,16.254,-0.1656,1]},
{"frame":20,"values":[0.9987,0.0514,-0.0049,0,-0.0512,0.9978,0.0416,0,0.007,-0.0413,0.9991,0,0,16.254,-0.1656,1]},
{"frame":21,"values":[0.9987,0.0512,-0.0052,0,-0.051,0.9978,0.0421,0,0.0073,-0.0418,0.9991,0,0,16.254,-0.1656,1]},
{"frame":22,"values":[0.9987,0.0509,-0.0052,0,-0.0506,0.9978,0.0423,0,0.0074,-0.042,0.9991,0,0,16.254,-0.1656,1]},
{"frame":23,"values":[0.9987,0.0504,-0.0054,0,-0.0501,0.9979,0.0422,0,0.0075,-0.0419,0.9991,0,0,16.254,-0.1656,1]},
{"frame":24,"values":[0.9987,0.0497,-0.0055,0,-0.0494,0.9979,0.0417,0,0.0076,-0.0413,0.9991,0,0,16.254,-0.1656,1]},
{"frame":25,"values":[0.9988,0.0488,-0.0056,0,-0.0485,0.998,0.0407,0,0.0076,-0.0404,0.9992,0,0,16.254,-0.1656,1]},
{"frame":26,"values":[0.9989,0.0475,-0.0056,0,-0.0472,0.9981,0.0393,0,0.0075,-0.039,0.9992,0,0,16.254,-0.1656,1]},
{"frame":27,"values":[0.9989,0.0458,-0.0054,0,-0.0456,0.9983,0.0373,0,0.0071,-0.037,0.9993,0,0,16.254,-0.1656,1]},
{"frame":28,"values":[0.999,0.0441,-0.005,0,-0.0439,0.9984,0.0348,0,0.0066,-0.0346,0.9994,0,0,16.254,-0.1656,1]},
{"frame":29,"values":[0.9991,0.0426,-0.0047,0,-0.0424,0.9986,0.0325,0,0.0061,-0.0323,0.9995,0,0,16.254,-0.1656,1]},
{"frame":30,"values":[0.9991,0.0412,-0.0045,0,-0.041,0.9987,0.0306,0,0.0057,-0.0304,0.9995,0,0,16.254,-0.1656,1]},
{"frame":31,"values":[0.9992,0.0399,-0.0044,0,-0.0397,0.9988,0.0288,0,0.0055,-0.0286,0.9996,0,0,16.254,-0.1656,1]},
{"frame":32,"values":[0.9992,0.0385,-0.0044,0,-0.0384,0.9989,0.0269,0,0.0054,-0.0267,0.9996,0,0,16.254,-0.1656,1]},
{"frame":33,"values":[0.9993,0.0372,-0.0044,0,-0.037,0.999,0.0251,0,0.0053,-0.0249,0.9997,0,0,16.254,-0.1656,1]},
{"frame":34,"values":[0.9993,0.0358,-0.0044,0,-0.0357,0.9991,0.0239,0,0.0053,-0.0237,0.9997,0,0,16.254,-0.1656,1]},
{"frame":35,"values":[0.9994,0.0345,-0.0044,0,-0.0344,0.9991,0.0233,0,0.0052,-0.0232,0.9997,0,0,16.254,-0.1656,1]},
{"frame":36,"values":[0.9994,0.0331,-0.0045,0,-0.033,0.9992,0.0231,0,0.0052,-0.0229,0.9997,0,0,16.254,-0.1656,1]},
{"frame":37,"values":[0.9995,0.0318,-0.0047,0,-0.0317,0.9992,0.0224,0,0.0054,-0.0223,0.9997,0,0,16.254,-0.1656,1]},
{"frame":38,"values":[0.9995,0.0305,-0.0051,0,-0.0304,0.9993,0.0214,0,0.0057,-0.0213,0.9998,0,0,16.254,-0.1656,1]},
{"frame":39,"values":[0.9996,0.0294,-0.0054,0,-0.0293,0.9994,0.0203,0,0.006,-0.0201,0.9998,0,0,16.254,-0.1656,1]},
{"frame":40,"values":[0.9996,0.0286,-0.0055,0,-0.0285,0.9994,0.0194,0,0.006,-0.0193,0.9998,0,0,16.254,-0.1656,1]},
{"frame":41,"values":[0.9996,0.0279,-0.0053,0,-0.0278,0.9994,0.0191,0,0.0058,-0.0189,0.9998,0,0,16.254,-0.1656,1]},
{"frame":42,"values":[0.9996,0.0274,-0.005,0,-0.0273,0.9994,0.0193,0,0.0055,-0.0191,0.9998,0,0,16.254,-0.1656,1]},
{"frame":43,"values":[0.9996,0.0269,-0.005,0,-0.0268,0.9994,0.0197,0,0.0055,-0.0196,0.9998,0,0,16.254,-0.1656,1]},
{"frame":44,"values":[0.9996,0.0267,-0.0053,0,-0.0266,0.9994,0.0201,0,0.0058,-0.02,0.9998,0,0,16.254,-0.1656,1]},
{"frame":45,"values":[0.9996,0.0267,-0.0055,0,-0.0266,0.9994,0.0202,0,0.006,-0.02,0.9998,0,0,16.254,-0.1656,1]},
{"frame":46,"values":[0.9996,0.0269,-0.0055,0,-0.0268,0.9994,0.0202,0,0.006,-0.02,0.9998,0,0,16.254,-0.1656,1]},
{"frame":47,"values":[0.9996,0.0271,-0.0055,0,-0.027,0.9994,0.0202,0,0.006,-0.02,0.9998,0,0,16.254,-0.1656,1]}],"loopBehavior":1,"name":"anim","property":"_matrix"}},
{"name":"boss:Spine2","index":3,"matrix":[0.9996,0.0274,-0.0057,0,-0.0273,0.9994,0.0198,0,0.0062,-0.0197,0.9998,0,0,13.6396,-1.2923,1],"rest":[1,0,0,0,0,1,0,0,0,0,1,0,0,13.6396,-1.2923,1],"parentBoneIndex":2,"length":13.1719
,"animation":{"dataType":3,"framePerSecond":24,"keys":[
{"frame":1,"values":[0.9996,0.0274,-0.0057,0,-0.0273,0.9994,0.0198,0,0.0062,-0.0197,0.9998,0,0,13.6396,-1.2923,1]},
{"frame":4,"values":[0.9996,0.0276,-0.0057,0,-0.0275,0.9994,0.0198,0,0.0062,-0.0197,0.9998,0,0,13.6396,-1.2923,1]},
{"frame":5,"values":[0.9996,0.028,-0.0058,0,-0.0279,0.9994,0.0198,0,0.0063,-0.0197,0.9998,0,0,13.6396,-1.2923,1]},
{"frame":6,"values":[0.9996,0.0286,-0.0063,0,-0.0284,0.9994,0.0201,0,0.0068,-0.0199,0.9998,0,0,13.6396,-1.2923,1]},
{"frame":7,"values":[0.9995,0.0293,-0.0071,0,-0.0291,0.9994,0.0205,0,0.0077,-0.0203,0.9998,0,0,13.6396,-1.2923,1]},
{"frame":8,"values":[0.9995,0.0301,-0.0076,0,-0.03,0.9993,0.0213,0,0.0083,-0.021,0.9997,0,0,13.6396,-1.2923,1]},
{"frame":9,"values":[0.9995,0.0312,-0.0076,0,-0.031,0.9993,0.0223,0,0.0083,-0.022,0.9997,0,0,13.6396,-1.2923,1]},
{"frame":10,"values":[0.9994,0.0326,-0.007,0,-0.0324,0.9992,0.0233,0,0.0078,-0.0231,0.9997,0,0,13.6396,-1.2923,1]},
{"frame":11,"values":[0.9994,0.0344,-0.0062,0,-0.0342,0.9991,0.0243,0,0.007,-0.0241,0.9997,0,0,13.6396,-1.2923,1]},
{"frame":12,"values":[0.9993,0.0365,-0.0054,0,-0.0363,0.999,0.0253,0,0.0063,-0.0251,0.9997,0,0,13.6396,-1.2923,1]},
{"frame":13,"values":[0.9992,0.0389,-0.0049,0,-0.0387,0.9989,0.0264,0,0.0059,-0.0261,0.9996,0,0,13.6396,-1.2923,1]},
{"frame":14,"values":[0.9991,0.0415,-0.0046,0,-0.0413,0.9988,0.0281,0,0.0058,-0.0279,0.9996,0,0,13.6396,-1.2923,1]},
{"frame":15,"values":[0.999,0.0442,-0.0044,0,-0.044,0.9986,0.0308,0,0.0057,-0.0306,0.9995,0,0,13.6396,-1.2923,1]},
{"frame":16,"values":[0.9989,0.0468,-0.004,0,-0.0466,0.9983,0.034,0,0.0056,-0.0338,0.9994,0,0,13.6396,-1.2923,1]},
{"frame":17,"values":[0.9988,0.049,-0.0037,0,-0.0488,0.9981,0.0366,0,0.0055,-0.0364,0.9993,0,0,13.6396,-1.2923,1]},
{"frame":18,"values":[0.9987,0.0505,-0.004,0,-0.0504,0.998,0.0385,0,0.006,-0.0383,0.9992,0,0,13.6396,-1.2923,1]},
{"frame":19,"values":[0.9987,0.0513,-0.0047,0,-0.0511,0.9979,0.0401,0,0.0067,-0.0398,0.9992,0,0,13.6396,-1.2923,1]},
{"frame":20,"values":[0.9987,0.0515,-0.0053,0,-0.0512,0.9978,0.0412,0,0.0074,-0.0408,0.9991,0,0,13.6396,-1.2923,1]},
{"frame":21,"values":[0.9987,0.0513,-0.0055,0,-0.051,0.9978,0.0417,0,0.0077,-0.0414,0.9991,0,0,13.6396,-1.2923,1]},
{"frame":22,"values":[0.9987,0.0509,-0.0056,0,-0.0506,0.9978,0.0419,0,0.0077,-0.0416,0.9991,0,0,13.6396,-1.2923,1]},
{"frame":23,"values":[0.9987,0.0504,-0.0057,0,-0.0501,0.9979,0.0418,0,0.0078,-0.0415,0.9991,0,0,13.6396,-1.2923,1]},
{"frame":24,"values":[0.9987,0.0498,-0.0059,0,-0.0495,0.9979,0.0413,0,0.0079,-0.0409,0.9991,0,0,13.6396,-1.2923,1]},
{"frame":25,"values":[0.9988,0.0489,-0.006,0,-0.0486,0.998,0.0403,0,0.008,-0.04,0.9992,0,0,13.6396,-1.2923,1]},
{"frame":26,"values":[0.9989,0.0476,-0.006,0,-0.0473,0.9981,0.0389,0,0.0078,-0.0385,0.9992,0,0,13.6396,-1.2923,1]},
{"frame":27,"values":[0.9989,0.0459,-0.0057,0,-0.0457,0.9983,0.0369,0,0.0074,-0.0366,0.9993,0,0,13.6396,-1.2923,1]},
{"frame":28,"values":[0.999,0.0442,-0.0054,0,-0.044,0.9984,0.0344,0,0.0069,-0.0341,0.9994,0,0,13.6396,-1.2923,1]},
{"frame":29,"values":[0.9991,0.0426,-0.005,0,-0.0424,0.9986,0.0321,0,0.0064,-0.0318,0.9995,0,0,13.6396,-1.2923,1]},
{"frame":30,"values":[0.9991,0.0412,-0.0048,0,-0.0411,0.9987,0.0301,0,0.006,-0.0299,0.9995,0,0,13.6396,-1.2923,1]},
{"frame":31,"values":[0.9992,0.0399,-0.0046,0,-0.0398,0.9988,0.0283,0,0.0057,-0.0281,0.9996,0,0,13.6396,-1.2923,1]},
{"frame":32,"values":[0.9992,0.0386,-0.0046,0,-0.0384,0.9989,0.0265,0,0.0056,-0.0263,0.9996,0,0,13.6396,-1.2923,1]},
{"frame":33,"values":[0.9993,0.0372,-0.0046,0,-0.0371,0.999,0.0247,0,0.0055,-0.0245,0.9997,0,0,13.6396,-1.2923,1]},
{"frame":34,"values":[0.9993,0.0359,-0.0047,0,-0.0357,0.9991,0.0235,0,0.0055,-0.0233,0.9997,0,0,13.6396,-1.2923,1]},
{"frame":35,"values":[0.9994,0.0345,-0.0047,0,-0.0344,0.9991,0.0229,0,0.0055,-0.0227,0.9997,0,0,13.6396,-1.2923,1]},
{"frame":36,"values":[0.9994,0.0332,-0.0048,0,-0.033,0.9992,0.0226,0,0.0056,-0.0224,0.9997,0,0,13.6396,-1.2923,1]},
{"frame":37,"values":[0.9995,0.0318,-0.005,0,-0.0317,0.9993,0.022,0,0.0057,-0.0218,0.9997,0,0,13.6396,-1.2923,1]},
{"frame":38,"values":[0.9995,0.0305,-0.0054,0,-0.0304,0.9993,0.021,0,0.006,-0.0208,0.9998,0,0,13.6396,-1.2923,1]},
{"frame":39,"values":[0.9995,0.0294,-0.0058,0,-0.0293,0.9994,0.0199,0,0.0064,-0.0197,0.9998,0,0,13.6396,-1.2923,1]},
{"frame":40,"values":[0.9996,0.0286,-0.0058,0,-0.0285,0.9994,0.019,0,0.0064,-0.0188,0.9998,0,0,13.6396,-1.2923,1]},
{"frame":41,"values":[0.9996,0.028,-0.0056,0,-0.0279,0.9994,0.0186,0,0.0062,-0.0184,0.9998,0,0,13.6396,-1.2923,1]},
{"frame":42,"values":[0.9996,0.0274,-0.0054,0,-0.0273,0.9994,0.0188,0,0.0059,-0.0187,0.9998,0,0,13.6396,-1.2923,1]},
{"frame":43,"values":[0.9996,0.027,-0.0054,0,-0.0269,0.9995,0.0193,0,0.0059,-0.0191,0.9998,0,0,13.6396,-1.2923,1]},
{"frame":44,"values":[0.9996,0.0268,-0.0057,0,-0.0267,0.9995,0.0197,0,0.0062,-0.0195,0.9998,0,0,13.6396,-1.2923,1]},
{"frame":45,"values":[0.9996,0.0268,-0.006,0,-0.0266,0.9995,0.0197,0,0.0065,-0.0196,0.9998,0,0,13.6396,-1.2923,1]},
{"frame":46,"values":[0.9996,0.0269,-0.006,0,-0.0268,0.9994,0.0197,0,0.0065,-0.0196,0.9998,0,0,13.6396,-1.2923,1]},
{"frame":47,"values":[0.9996,0.0271,-0.006,0,-0.027,0.9994,0.0197,0,0.0065,-0.0196,0.9998,0,0,13.6396,-1.2923,1]}],"loopBehavior":1,"name":"anim","property":"_matrix"}},
{"name":"boss:Neck","index":4,"matrix":[1,0.004,0.0012,0,-0.0041,0.9988,0.0491,0,-0.001,-0.0491,0.9988,0,0,13.8774,-4.3542,1],"rest":[1,0,0,0,0,1,0,0,0,0,1,0,0,13.8774,-4.3542,1],"parentBoneIndex":3,"length":4.4379
,"animation":{"dataType":3,"framePerSecond":24,"keys":[
{"frame":1,"values":[1,0.004,0.0012,0,-0.0041,0.9988,0.0491,0,-0.001,-0.0491,0.9988,0,0,13.8774,-4.3542,1]},
{"frame":2,"values":[1,0.004,0.0012,0,-0.004,0.9988,0.049,0,-0.001,-0.049,0.9988,0,0,13.8774,-4.3542,1]},
{"frame":3,"values":[1,0.0039,0.0012,0,-0.0039,0.9988,0.0487,0,-0.001,-0.0487,0.9988,0,0,13.8774,-4.3542,1]},
{"frame":4,"values":[1,0.0038,0.0012,0,-0.0039,0.9988,0.0482,0,-0.001,-0.0482,0.9988,0,0,13.8774,-4.3542,1]},
{"frame":5,"values":[1,0.0041,0.0013,0,-0.0042,0.9989,0.0476,0,-0.0011,-0.0476,0.9989,0,0,13.8774,-4.3542,1]},
{"frame":6,"values":[1,0.0054,0.0021,0,-0.0055,0.9989,0.047,0,-0.0018,-0.047,0.9989,0,0,13.8774,-4.3542,1]},
{"frame":7,"values":[1,0.0077,0.0034,0,-0.0079,0.9989,0.0469,0,-0.003,-0.0469,0.9989,0,0,13.8774,-4.3542,1]},
{"frame":8,"values":[0.9999,0.0108,0.0048,0,-0.011,0.9988,0.0479,0,-0.0042,-0.048,0.9988,0,0,13.8774,-4.3542,1]},
{"frame":9,"values":[0.9999,0.014,0.0058,0,-0.0143,0.9986,0.051,0,-0.005,-0.0511,0.9987,0,0,13.8774,-4.3542,1]},
{"frame":10,"values":[0.9998,0.017,0.0062,0,-0.0174,0.9982,0.0574,0,-0.0052,-0.0575,0.9983,0,0,13.8774,-4.3542,1]},
{"frame":11,"values":[0.9998,0.0196,0.0062,0,-0.02,0.9975,0.0672,0,-0.0049,-0.0673,0.9977,0,0,13.8774,-4.3542,1]},
{"frame":12,"values":[0.9998,0.0214,0.0055,0,-0.0218,0.9965,0.0803,0,-0.0038,-0.0804,0.9968,0,0,13.8774,-4.3542,1]},
{"frame":13,"values":[0.9997,0.0224,0.0039,0,-0.0226,0.9951,0.0961,0,-0.0017,-0.0961,0.9954,0,0,13.8774,-4.3542,1]},
{"frame":14,"values":[0.9998,0.0215,0.0014,0,-0.0215,0.9934,0.1125,0,0.0011,-0.1125,0.9936,0,0,13.8774,-4.3542,1]},
{"frame":15,"values":[0.9998,0.0185,-0.0015,0,-0.0182,0.9918,0.1264,0,0.0038,-0.1264,0.992,0,0,13.8774,-4.3542,1]},
{"frame":16,"values":[0.9999,0.0139,-0.0039,0,-0.0132,0.9907,0.1357,0,0.0058,-0.1356,0.9907,0,0,13.8774,-4.3542,1]},
{"frame":17,"values":[0.9999,0.0088,-0.0058,0,-0.0079,0.9899,0.1413,0,0.0069,-0.1412,0.99,0,0,13.8774,-4.3542,1]},
{"frame":18,"values":[1,0.0043,-0.0067,0,-0.0033,0.9895,0.1443,0,0.0073,-0.1443,0.9895,0,0,13.8774,-4.3542,1]},
{"frame":19,"values":[1,0.0013,-0.0069,0,-0.0002,0.9893,0.1458,0,0.007,-0.1458,0.9893,0,0,13.8774,-4.3542,1]},
{"frame":20,"values":[1,-0.0001,-0.0063,0,0.001,0.9892,0.1464,0,0.0063,-0.1464,0.9892,0,0,13.8774,-4.3542,1]},
{"frame":21,"values":[1,0,-0.0053,0,0.0008,0.9891,0.1469,0,0.0052,-0.1469,0.9891,0,0,13.8774,-4.3542,1]},
{"frame":22,"values":[1,0.001,-0.0041,0,-0.0004,0.9891,0.1473,0,0.0042,-0.1473,0.9891,0,0,13.8774,-4.3542,1]},
{"frame":23,"values":[1,0.0024,-0.003,0,-0.0019,0.9891,0.1473,0,0.0033,-0.1473,0.9891,0,0,13.8774,-4.3542,1]},
{"frame":24,"values":[1,0.0042,-0.0018,0,-0.0038,0.9892,0.1463,0,0.0024,-0.1463,0.9892,0,0,13.8774,-4.3542,1]},
{"frame":25,"values":[1,0.0068,-0.0004,0,-0.0067,0.9896,0.1439,0,0.0013,-0.1439,0.9896,0,0,13.8774,-4.3542,1]},
{"frame":26,"values":[0.9999,0.0105,0.0016,0,-0.0107,0.9901,0.14,0,-0.0001,-0.14,0.9902,0,0,13.8774,-4.3542,1]},
{"frame":27,"values":[0.9999,0.0148,0.0039,0,-0.0152,0.9907,0.1349,0,-0.0019,-0.1349,0.9909,0,0,13.8774,-4.3542,1]},
{"frame":28,"values":[0.9998,0.0188,0.0059,0,-0.0194,0.9915,0.1289,0,-0.0035,-0.129,0.9916,0,0,13.8774,-4.3542,1]},
{"frame":29,"values":[0.9997,0.0216,0.0072,0,-0.0224,0.9923,0.1221,0,-0.0045,-0.1223,0.9925,0,0,13.8774,-4.3542,1]},
{"frame":30,"values":[0.9997,0.0229,0.0075,0,-0.0236,0.9931,0.1146,0,-0.0049,-0.1148,0.9934,0,0,13.8774,-4.3542,1]},
{"frame":31,"values":[0.9997,0.023,0.0073,0,-0.0236,0.994,0.1064,0,-0.0049,-0.1066,0.9943,0,0,13.8774,-4.3542,1]},
{"frame":32,"values":[0.9997,0.0221,0.0069,0,-0.0226,0.9949,0.0981,0,-0.0047,-0.0982,0.9952,0,0,13.8774,-4.3542,1]},
{"frame":33,"values":[0.9998,0.0206,0.0064,0,-0.0211,0.9957,0.0902,0,-0.0045,-0.0903,0.9959,0,0,13.8774,-4.3542,1]},
{"frame":34,"values":[0.9998,0.019,0.0058,0,-0.0194,0.9964,0.0829,0,-0.0042,-0.083,0.9965,0,0,13.8774,-4.3542,1]},
{"frame":35,"values":[0.9998,0.0172,0.0051,0,-0.0175,0.997,0.0758,0,-0.0038,-0.0759,0.9971,0,0,13.8774,-4.3542,1]},
{"frame":36,"values":[0.9999,0.0153,0.0045,0,-0.0156,0.9975,0.0689,0,-0.0034,-0.069,0.9976,0,0,13.8774,-4.3542,1]},
{"frame":37,"values":[0.9999,0.0135,0.0039,0,-0.0137,0.9979,0.0629,0,-0.003,-0.063,0.998,0,0,13.8774,-4.3542,1]},
{"frame":38,"values":[0.9999,0.0117,0.0033,0,-0.0119,0.9982,0.0587,0,-0.0027,-0.0587,0.9983,0,0,13.8774,-4.3542,1]},
{"frame":39,"values":[0.9999,0.0101,0.0028,0,-0.0102,0.9984,0.0561,0,-0.0023,-0.0561,0.9984,0,0,13.8774,-4.3542,1]},
{"frame":40,"values":[1,0.0086,0.0024,0,-0.0087,0.9985,0.0543,0,-0.002,-0.0543,0.9985,0,0,13.8774,-4.3542,1]},
{"frame":41,"values":[1,0.0074,0.0021,0,-0.0075,0.9986,0.0527,0,-0.0017,-0.0527,0.9986,0,0,13.8774,-4.3542,1]},
{"frame":42,"values":[1,0.0064,0.0017,0,-0.0065,0.9986,0.0516,0,-0.0014,-0.0516,0.9987,0,0,13.8774,-4.3542,1]},
{"frame":43,"values":[1,0.0056,0.0015,0,-0.0057,0.9987,0.0509,0,-0.0012,-0.0509,0.9987,0,0,13.8774,-4.3542,1]},
{"frame":44,"values":[1,0.005,0.0013,0,-0.0051,0.9987,0.0503,0,-0.001,-0.0503,0.9987,0,0,13.8774,-4.3542,1]},
{"frame":45,"values":[1,0.0045,0.0012,0,-0.0046,0.9988,0.0498,0,-0.0009,-0.0498,0.9988,0,0,13.8774,-4.3542,1]},
{"frame":46,"values":[1,0.0042,0.0011,0,-0.0043,0.9988,0.0494,0,-0.0009,-0.0494,0.9988,0,0,13.8774,-4.3542,1]},
{"frame":47,"values":[1,0.0041,0.0011,0,-0.0042,0.9988,0.0491,0,-0.0009,-0.0491,0.9988,0,0,13.8774,-4.3542,1]}],"loopBehavior":1,"name":"anim","property":"_matrix"}},
{"name":"boss:Neck1","index":5,"matrix":[1,0.004,0.0012,0,-0.0041,0.9988,0.0491,0,-0.001,-0.0491,0.9988,0,0,4.34,0.9269,1],"rest":[1,0,0,0,0,1,0,0,0,0,1,0,0,4.34,0.9269,1],"parentBoneIndex":4,"length":4.1171
,"animation":{"dataType":3,"framePerSecond":24,"keys":[
{"frame":1,"values":[1,0.004,0.0012,0,-0.0041,0.9988,0.0491,0,-0.001,-0.0491,0.9988,0,0,4.34,0.9269,1]},
{"frame":2,"values":[1,0.004,0.0012,0,-0.004,0.9988,0.049,0,-0.001,-0.049,0.9988,0,0,4.34,0.9269,1]},
{"frame":3,"values":[1,0.0039,0.0012,0,-0.0039,0.9988,0.0487,0,-0.001,-0.0487,0.9988,0,0,4.34,0.9269,1]},
{"frame":4,"values":[1,0.0038,0.0012,0,-0.0039,0.9988,0.0482,0,-0.001,-0.0482,0.9988,0,0,4.34,0.9269,1]},
{"frame":5,"values":[1,0.0041,0.0013,0,-0.0042,0.9989,0.0476,0,-0.0011,-0.0476,0.9989,0,0,4.34,0.9269,1]},
{"frame":6,"values":[1,0.0054,0.0021,0,-0.0055,0.9989,0.047,0,-0.0018,-0.047,0.9989,0,0,4.34,0.9269,1]},
{"frame":7,"values":[1,0.0077,0.0034,0,-0.0079,0.9989,0.0469,0,-0.003,-0.0469,0.9989,0,0,4.34,0.9269,1]},
{"frame":8,"values":[0.9999,0.0108,0.0048,0,-0.011,0.9988,0.0479,0,-0.0042,-0.048,0.9988,0,0,4.34,0.9269,1]},
{"frame":9,"values":[0.9999,0.014,0.0058,0,-0.0143,0.9986,0.051,0,-0.005,-0.0511,0.9987,0,0,4.34,0.9269,1]},
{"frame":10,"values":[0.9998,0.017,0.0062,0,-0.0174,0.9982,0.0574,0,-0.0052,-0.0575,0.9983,0,0,4.34,0.9269,1]},
{"frame":11,"values":[0.9998,0.0196,0.0062,0,-0.02,0.9975,0.0672,0,-0.0049,-0.0673,0.9977,0,0,4.34,0.9269,1]},
{"frame":12,"values":[0.9998,0.0214,0.0055,0,-0.0218,0.9965,0.0803,0,-0.0038,-0.0804,0.9968,0,0,4.34,0.9269,1]},
{"frame":13,"values":[0.9997,0.0224,0.0039,0,-0.0226,0.9951,0.0961,0,-0.0017,-0.0961,0.9954,0,0,4.34,0.9269,1]},
{"frame":14,"values":[0.9998,0.0215,0.0014,0,-0.0215,0.9934,0.1125,0,0.0011,-0.1125,0.9936,0,0,4.34,0.9269,1]},
{"frame":15,"values":[0.9998,0.0185,-0.0015,0,-0.0182,0.9918,0.1264,0,0.0038,-0.1264,0.992,0,0,4.34,0.9269,1]},
{"frame":16,"values":[0.9999,0.0139,-0.0039,0,-0.0132,0.9907,0.1357,0,0.0058,-0.1356,0.9907,0,0,4.34,0.9269,1]},
{"frame":17,"values":[0.9999,0.0088,-0.0058,0,-0.0079,0.9899,0.1413,0,0.0069,-0.1412,0.99,0,0,4.34,0.9269,1]},
{"frame":18,"values":[1,0.0043,-0.0067,0,-0.0033,0.9895,0.1443,0,0.0073,-0.1443,0.9895,0,0,4.34,0.9269,1]},
{"frame":19,"values":[1,0.0013,-0.0069,0,-0.0002,0.9893,0.1458,0,0.007,-0.1458,0.9893,0,0,4.34,0.9269,1]},
{"frame":20,"values":[1,-0.0001,-0.0063,0,0.001,0.9892,0.1464,0,0.0063,-0.1464,0.9892,0,0,4.34,0.9269,1]},
{"frame":21,"values":[1,0,-0.0053,0,0.0008,0.9891,0.1469,0,0.0052,-0.1469,0.9891,0,0,4.34,0.9269,1]},
{"frame":22,"values":[1,0.001,-0.0041,0,-0.0004,0.9891,0.1473,0,0.0042,-0.1473,0.9891,0,0,4.34,0.9269,1]},
{"frame":23,"values":[1,0.0024,-0.003,0,-0.0019,0.9891,0.1473,0,0.0033,-0.1473,0.9891,0,0,4.34,0.9269,1]},
{"frame":24,"values":[1,0.0042,-0.0018,0,-0.0038,0.9892,0.1463,0,0.0024,-0.1463,0.9892,0,0,4.34,0.9269,1]},
{"frame":25,"values":[1,0.0068,-0.0004,0,-0.0067,0.9896,0.1439,0,0.0013,-0.1439,0.9896,0,0,4.34,0.9269,1]},
{"frame":26,"values":[0.9999,0.0105,0.0016,0,-0.0107,0.9901,0.14,0,-0.0001,-0.14,0.9902,0,0,4.34,0.9269,1]},
{"frame":27,"values":[0.9999,0.0148,0.0039,0,-0.0152,0.9907,0.1349,0,-0.0019,-0.1349,0.9909,0,0,4.34,0.9269,1]},
{"frame":28,"values":[0.9998,0.0188,0.0059,0,-0.0194,0.9915,0.1289,0,-0.0035,-0.129,0.9916,0,0,4.34,0.9269,1]},
{"frame":29,"values":[0.9997,0.0216,0.0072,0,-0.0224,0.9923,0.1221,0,-0.0045,-0.1223,0.9925,0,0,4.34,0.9269,1]},
{"frame":30,"values":[0.9997,0.0229,0.0075,0,-0.0236,0.9931,0.1146,0,-0.0049,-0.1148,0.9934,0,0,4.34,0.9269,1]},
{"frame":31,"values":[0.9997,0.023,0.0073,0,-0.0236,0.994,0.1064,0,-0.0049,-0.1066,0.9943,0,0,4.34,0.9269,1]},
{"frame":32,"values":[0.9997,0.0221,0.0069,0,-0.0226,0.9949,0.0981,0,-0.0047,-0.0982,0.9952,0,0,4.34,0.9269,1]},
{"frame":33,"values":[0.9998,0.0206,0.0064,0,-0.0211,0.9957,0.0902,0,-0.0045,-0.0904,0.9959,0,0,4.34,0.9269,1]},
{"frame":34,"values":[0.9998,0.019,0.0058,0,-0.0194,0.9964,0.0829,0,-0.0042,-0.083,0.9965,0,0,4.34,0.9269,1]},
{"frame":35,"values":[0.9998,0.0172,0.0051,0,-0.0175,0.997,0.0758,0,-0.0038,-0.0759,0.9971,0,0,4.34,0.9269,1]},
{"frame":36,"values":[0.9999,0.0153,0.0045,0,-0.0156,0.9975,0.0689,0,-0.0034,-0.069,0.9976,0,0,4.34,0.9269,1]},
{"frame":37,"values":[0.9999,0.0135,0.0039,0,-0.0137,0.9979,0.0629,0,-0.003,-0.063,0.998,0,0,4.34,0.9269,1]},
{"frame":38,"values":[0.9999,0.0117,0.0033,0,-0.0119,0.9982,0.0587,0,-0.0027,-0.0587,0.9983,0,0,4.34,0.9269,1]},
{"frame":39,"values":[0.9999,0.0101,0.0028,0,-0.0102,0.9984,0.0561,0,-0.0023,-0.0561,0.9984,0,0,4.34,0.9269,1]},
{"frame":40,"values":[1,0.0086,0.0024,0,-0.0087,0.9985,0.0543,0,-0.0019,-0.0543,0.9985,0,0,4.34,0.9269,1]},
{"frame":41,"values":[1,0.0074,0.0021,0,-0.0075,0.9986,0.0527,0,-0.0017,-0.0527,0.9986,0,0,4.34,0.9269,1]},
{"frame":42,"values":[1,0.0064,0.0017,0,-0.0065,0.9986,0.0516,0,-0.0014,-0.0516,0.9987,0,0,4.34,0.9269,1]},
{"frame":43,"values":[1,0.0056,0.0015,0,-0.0057,0.9987,0.0509,0,-0.0012,-0.0509,0.9987,0,0,4.34,0.9269,1]},
{"frame":44,"values":[1,0.005,0.0013,0,-0.0051,0.9987,0.0503,0,-0.001,-0.0503,0.9987,0,0,4.34,0.9269,1]},
{"frame":45,"values":[1,0.0045,0.0012,0,-0.0046,0.9988,0.0498,0,-0.0009,-0.0498,0.9988,0,0,4.34,0.9269,1]},
{"frame":46,"values":[1,0.0042,0.0011,0,-0.0043,0.9988,0.0494,0,-0.0009,-0.0494,0.9988,0,0,4.34,0.9269,1]},
{"frame":47,"values":[1,0.0041,0.0011,0,-0.0042,0.9988,0.0491,0,-0.0009,-0.0491,0.9988,0,0,4.34,0.9269,1]}],"loopBehavior":1,"name":"anim","property":"_matrix"}},
{"name":"boss:Head","index":6,"matrix":[1,0.004,0.0012,0,-0.0041,0.9988,0.0491,0,-0.001,-0.0491,0.9988,0,0,4.0266,0.8585,1],"rest":[1,0,0,0,0,1,0,0,0,0,1,0,0,4.0266,0.8585,1],"parentBoneIndex":5,"length":4.1171
,"animation":{"dataType":3,"framePerSecond":24,"keys":[
{"frame":1,"values":[1,0.004,0.0012,0,-0.0041,0.9988,0.0491,0,-0.001,-0.0491,0.9988,0,0,4.0266,0.8585,1]},
{"frame":2,"values":[1,0.004,0.0012,0,-0.004,0.9988,0.049,0,-0.001,-0.049,0.9988,0,0,4.0266,0.8585,1]},
{"frame":3,"values":[1,0.0039,0.0012,0,-0.0039,0.9988,0.0487,0,-0.001,-0.0487,0.9988,0,0,4.0266,0.8585,1]},
{"frame":4,"values":[1,0.0038,0.0012,0,-0.0039,0.9988,0.0482,0,-0.001,-0.0482,0.9988,0,0,4.0266,0.8585,1]},
{"frame":5,"values":[1,0.0041,0.0013,0,-0.0042,0.9989,0.0476,0,-0.0011,-0.0476,0.9989,0,0,4.0265,0.8585,1]},
{"frame":6,"values":[1,0.0054,0.0021,0,-0.0055,0.9989,0.047,0,-0.0018,-0.047,0.9989,0,0,4.0266,0.8585,1]},
{"frame":7,"values":[1,0.0077,0.0034,0,-0.0079,0.9989,0.0469,0,-0.003,-0.0469,0.9989,0,0,4.0266,0.8585,1]},
{"frame":8,"values":[0.9999,0.0108,0.0048,0,-0.011,0.9988,0.0479,0,-0.0042,-0.048,0.9988,0,0,4.0266,0.8585,1]},
{"frame":9,"values":[0.9999,0.014,0.0058,0,-0.0143,0.9986,0.051,0,-0.005,-0.0511,0.9987,0,0,4.0266,0.8585,1]},
{"frame":10,"values":[0.9998,0.017,0.0062,0,-0.0174,0.9982,0.0574,0,-0.0052,-0.0575,0.9983,0,0,4.0266,0.8585,1]},
{"frame":11,"values":[0.9998,0.0196,0.0062,0,-0.02,0.9975,0.0672,0,-0.0049,-0.0673,0.9977,0,0,4.0266,0.8585,1]},
{"frame":12,"values":[0.9998,0.0214,0.0055,0,-0.0218,0.9965,0.0803,0,-0.0038,-0.0804,0.9968,0,0,4.0266,0.8585,1]},
{"frame":13,"values":[0.9997,0.0224,0.0039,0,-0.0226,0.9951,0.0961,0,-0.0017,-0.0961,0.9954,0,0,4.0266,0.8585,1]},
{"frame":14,"values":[0.9998,0.0215,0.0014,0,-0.0215,0.9934,0.1125,0,0.0011,-0.1125,0.9936,0,0,4.0266,0.8585,1]},
{"frame":15,"values":[0.9998,0.0185,-0.0015,0,-0.0182,0.9918,0.1264,0,0.0038,-0.1264,0.992,0,0,4.0266,0.8585,1]},
{"frame":16,"values":[0.9999,0.0139,-0.0039,0,-0.0132,0.9907,0.1357,0,0.0058,-0.1356,0.9907,0,0,4.0266,0.8585,1]},
{"frame":17,"values":[0.9999,0.0088,-0.0058,0,-0.0079,0.9899,0.1413,0,0.0069,-0.1412,0.99,0,0,4.0266,0.8585,1]},
{"frame":18,"values":[1,0.0043,-0.0067,0,-0.0033,0.9895,0.1443,0,0.0073,-0.1443,0.9895,0,0,4.0266,0.8585,1]},
{"frame":19,"values":[1,0.0013,-0.0069,0,-0.0002,0.9893,0.1458,0,0.007,-0.1458,0.9893,0,0,4.0266,0.8585,1]},
{"frame":20,"values":[1,-0.0001,-0.0063,0,0.001,0.9892,0.1464,0,0.0063,-0.1464,0.9892,0,0,4.0266,0.8585,1]},
{"frame":21,"values":[1,0,-0.0053,0,0.0008,0.9891,0.1469,0,0.0052,-0.1469,0.9891,0,0,4.0266,0.8585,1]},
{"frame":22,"values":[1,0.001,-0.0041,0,-0.0004,0.9891,0.1473,0,0.0042,-0.1473,0.9891,0,0,4.0266,0.8585,1]},
{"frame":23,"values":[1,0.0024,-0.003,0,-0.0019,0.9891,0.1473,0,0.0033,-0.1473,0.9891,0,0,4.0266,0.8585,1]},
{"frame":24,"values":[1,0.0042,-0.0018,0,-0.0038,0.9892,0.1463,0,0.0024,-0.1463,0.9892,0,0,4.0266,0.8585,1]},
{"frame":25,"values":[1,0.0068,-0.0004,0,-0.0067,0.9896,0.1439,0,0.0013,-0.1439,0.9896,0,0,4.0266,0.8585,1]},
{"frame":26,"values":[0.9999,0.0105,0.0016,0,-0.0107,0.9901,0.14,0,-0.0001,-0.14,0.9902,0,0,4.0266,0.8585,1]},
{"frame":27,"values":[0.9999,0.0148,0.0039,0,-0.0152,0.9907,0.1349,0,-0.0019,-0.1349,0.9909,0,0,4.0266,0.8585,1]},
{"frame":28,"values":[0.9998,0.0188,0.0059,0,-0.0194,0.9915,0.1289,0,-0.0035,-0.129,0.9916,0,0,4.0266,0.8585,1]},
{"frame":29,"values":[0.9997,0.0217,0.0072,0,-0.0224,0.9923,0.1221,0,-0.0045,-0.1223,0.9925,0,0,4.0266,0.8585,1]},
{"frame":30,"values":[0.9997,0.0229,0.0075,0,-0.0236,0.9931,0.1146,0,-0.0049,-0.1148,0.9934,0,0,4.0266,0.8585,1]},
{"frame":31,"values":[0.9997,0.023,0.0073,0,-0.0236,0.994,0.1064,0,-0.0049,-0.1066,0.9943,0,0,4.0266,0.8585,1]},
{"frame":32,"values":[0.9997,0.0221,0.0069,0,-0.0226,0.9949,0.0981,0,-0.0047,-0.0982,0.9952,0,0,4.0266,0.8585,1]},
{"frame":33,"values":[0.9998,0.0206,0.0064,0,-0.0211,0.9957,0.0902,0,-0.0045,-0.0903,0.9959,0,0,4.0266,0.8585,1]},
{"frame":34,"values":[0.9998,0.019,0.0058,0,-0.0194,0.9964,0.0829,0,-0.0042,-0.083,0.9965,0,0,4.0266,0.8585,1]},
{"frame":35,"values":[0.9998,0.0172,0.0051,0,-0.0175,0.997,0.0758,0,-0.0038,-0.0759,0.9971,0,0,4.0266,0.8585,1]},
{"frame":36,"values":[0.9999,0.0153,0.0045,0,-0.0156,0.9975,0.0689,0,-0.0034,-0.069,0.9976,0,0,4.0266,0.8585,1]},
{"frame":37,"values":[0.9999,0.0135,0.0039,0,-0.0137,0.9979,0.0629,0,-0.003,-0.063,0.998,0,0,4.0266,0.8585,1]},
{"frame":38,"values":[0.9999,0.0117,0.0033,0,-0.0119,0.9982,0.0587,0,-0.0027,-0.0587,0.9983,0,0,4.0266,0.8585,1]},
{"frame":39,"values":[0.9999,0.0101,0.0028,0,-0.0102,0.9984,0.0561,0,-0.0023,-0.0561,0.9984,0,0,4.0266,0.8585,1]},
{"frame":40,"values":[1,0.0086,0.0024,0,-0.0087,0.9985,0.0543,0,-0.0019,-0.0543,0.9985,0,0,4.0266,0.8585,1]},
{"frame":41,"values":[1,0.0074,0.0021,0,-0.0075,0.9986,0.0527,0,-0.0017,-0.0527,0.9986,0,0,4.0266,0.8585,1]},
{"frame":42,"values":[1,0.0064,0.0017,0,-0.0065,0.9986,0.0516,0,-0.0014,-0.0516,0.9987,0,0,4.0266,0.8585,1]},
{"frame":43,"values":[1,0.0056,0.0015,0,-0.0057,0.9987,0.0509,0,-0.0012,-0.0509,0.9987,0,0,4.0266,0.8585,1]},
{"frame":44,"values":[1,0.005,0.0013,0,-0.0051,0.9987,0.0503,0,-0.001,-0.0503,0.9987,0,0,4.0266,0.8585,1]},
{"frame":45,"values":[1,0.0045,0.0012,0,-0.0046,0.9988,0.0498,0,-0.0009,-0.0498,0.9988,0,0,4.0266,0.8585,1]},
{"frame":46,"values":[1,0.0042,0.0011,0,-0.0043,0.9988,0.0494,0,-0.0009,-0.0494,0.9988,0,0,4.0266,0.8585,1]},
{"frame":47,"values":[1,0.0041,0.0011,0,-0.0042,0.9988,0.0491,0,-0.0009,-0.0491,0.9988,0,0,4.0266,0.8585,1]}],"loopBehavior":1,"name":"anim","property":"_matrix"}},
{"name":"boss:LeftShoulder","index":7,"matrix":[0.9383,-0.1859,0.2916,0,0.1723,0.9824,0.0721,0,-0.2999,-0.0174,0.9538,0,6.1442,10.187,-3.7932,1],"rest":[1,0,0,0,0,1,0,0,0,0,1,0,6.1442,10.187,-3.7932,1],"parentBoneIndex":3,"length":12.4986
,"animation":{"dataType":3,"framePerSecond":24,"keys":[
{"frame":1,"values":[0.9383,-0.1859,0.2916,0,0.1723,0.9824,0.0721,0,-0.2999,-0.0174,0.9538,0,6.1442,10.187,-3.7932,1]},
