{"producer":{"name":"Blender","version":"2.90.0","exporter_version":"2.80.1","file":"option_shiftweight.babylon"},
"autoClear":true,"clearColor":[0.0509,0.0509,0.0509],"gravity":[0,-9.81,0],
"materials":[{"name":"Material","id":"Material","customType":"BABYLON.PBRMaterial","backFaceCulling":true,"checkReadyOnlyOnce":false,"maxSimultaneousLights":4,"environmentIntensity":1,"albedo":[0.8,0.8,0.8],"reflectivity":[0.5,0.5,0.5],"roughness":0.4,"alpha":1,"transparencyMode":0,"alphaCutOff":0.4,"metallic":0}],
"multiMaterials":[],
"skeletons":[{"name":"Armature","id":0,"dimensionsAtRest":[188.1767,172.4535,15.5905],"bones":[
{"name":"boss:Hips","index":0,"matrix":[0.9867,0.1073,-0.1223,0,-0.1131,0.9927,-0.0413,0,-0.117,-0.0546,-0.9916,0,1.2884,90.6223,3.869,1],"rest":[1,0,0,0,0,1,0,0,0,0,-1,0,0,96.3794,0,1],"parentBoneIndex":-1,"length":9.9032
,"animation":{"dataType":3,"framePerSecond":24,"keys":[
{"frame":1,"values":[0.9867,0.1073,-0.1223,0,-0.1131,0.9927,-0.0413,0,-0.117,-0.0546,-0.9916,0,1.2884,90.6223,3.869,1]},
{"frame":2,"values":[0.9878,0.0999,-0.1199,0,-0.1046,0.994,-0.0333,0,-0.1158,-0.0454,-0.9922,0,0.946,90.7695,3.9278,1]},
{"frame":3,"values":[0.9877,0.0976,-0.1223,0,-0.1015,0.9945,-0.0265,0,-0.119,-0.0386,-0.9921,0,0.5415,90.7784,4.338,1]},
{"frame":4,"values":[0.9846,0.1005,-0.1433,0,-0.104,0.9944,-0.0173,0,-0.1407,-0.0319,-0.9895,0,-0.0186,90.5844,5.1354,1]},
{"frame":5,"values":[0.9803,0.0968,-0.172,0,-0.0986,0.9951,-0.0022,0,-0.1709,-0.0191,-0.9851,0,-0.8243,90.5292,6.0802,1]},
{"frame":6,"values":[0.9795,0.0773,-0.1863,0,-0.0789,0.9969,-0.0012,0,-0.1856,-0.0159,-0.9825,0,-1.9828,90.8925,6.9438,1]},
{"frame":7,"values":[0.9848,0.0411,-0.169,0,-0.0442,0.9989,-0.0145,0,-0.1682,-0.0217,-0.9855,0,-3.4635,91.6178,7.248,1]},
{"frame":8,"values":[0.9935,0.0064,-0.1137,0,-0.0089,0.9997,-0.0213,0,-0.1135,-0.0222,-0.9933,0,-5.2041,92.3904,7.0429,1]},
{"frame":9,"values":[0.9995,-0.0173,-0.0248,0,0.0167,0.9996,-0.023,0,-0.0252,-0.0226,-0.9994,0,-6.9836,92.9749,6.4651,1]},
{"frame":10,"values":[0.9964,-0.0356,0.077,0,0.0363,0.9993,-0.0079,0,0.0767,-0.0107,-0.997,0,-8.6579,93.5258,5.727,1]},
{"frame":11,"values":[0.9828,-0.0574,0.1753,0,0.0531,0.9982,0.0289,0,0.1766,0.0191,-0.9841,0,-10.0626,94.0167,4.9719,1]},
{"frame":12,"values":[0.9642,-0.0568,0.2591,0,0.0481,0.998,0.0399,0,0.2609,0.026,-0.965,0,-11.5444,94.3359,4.4129,1]},
{"frame":13,"values":[0.9399,-0.0424,0.3389,0,0.0318,0.9988,0.0369,0,0.3401,0.0239,-0.9401,0,-13.1855,94.5982,3.7728,1]},
{"frame":14,"values":[0.9084,-0.0198,0.4176,0,0.0039,0.9992,0.0388,0,0.418,0.0336,-0.9078,0,-14.5293,94.7612,3.0066,1]},
{"frame":15,"values":[0.8692,0.0005,0.4944,0,-0.0245,0.9988,0.0421,0,0.4938,0.0487,-0.8682,0,-15.471,94.7649,2.3406,1]},
{"frame":16,"values":[0.8241,0.0154,0.5663,0,-0.0462,0.9981,0.0401,0,0.5646,0.0592,-0.8232,0,-16.514,94.687,1.855,1]},
{"frame":17,"values":[0.7837,0.0268,0.6206,0,-0.0634,0.9973,0.037,0,0.6179,0.0683,-0.7833,0,-17.5644,94.4156,1.4848,1]},
{"frame":18,"values":[0.7567,0.0396,0.6526,0,-0.0743,0.9969,0.0257,0,0.6496,0.068,-0.7573,0,-18.4622,94.2191,1.1511,1]},
{"frame":19,"values":[0.7454,0.0458,0.665,0,-0.0794,0.9966,0.0203,0,0.6619,0.0679,-0.7465,0,-19.3669,94.3563,0.7998,1]},
{"frame":20,"values":[0.7431,0.0424,0.6679,0,-0.0773,0.9968,0.0227,0,0.6647,0.0685,-0.7439,0,-20.3092,94.5089,0.3017,1]},
{"frame":21,"values":[0.749,0.0336,0.6617,0,-0.0666,0.9975,0.0248,0,0.6592,0.0627,-0.7494,0,-20.5497,94.4715,-0.0494,1]},
{"frame":22,"values":[0.7652,0.0341,0.6429,0,-0.0621,0.9978,0.0209,0,0.6408,0.0559,-0.7656,0,-20.4556,94.4915,-0.3986,1]},
{"frame":23,"values":[0.7927,0.038,0.6084,0,-0.0624,0.9979,0.019,0,0.6064,0.053,-0.7934,0,-20.0897,94.501,-0.7284,1]},
{"frame":24,"values":[0.8291,0.0408,0.5576,0,-0.0624,0.9979,0.0197,0,0.5556,0.0511,-0.8299,0,-19.5539,94.4632,-1.0016,1]},
{"frame":25,"values":[0.8666,0.0351,0.4977,0,-0.0548,0.9982,0.025,0,0.496,0.0489,-0.867,0,-18.615,94.115,-1.2262,1]},
{"frame":26,"values":[0.9006,0.0171,0.4344,0,-0.0373,0.9986,0.038,0,0.4331,0.0504,-0.8999,0,-17.5877,93.9663,-1.4738,1]},
{"frame":27,"values":[0.9279,-0.0005,0.3728,0,-0.0184,0.9987,0.0471,0,0.3723,0.0505,-0.9267,0,-16.5972,93.9089,-1.7192,1]},
{"frame":28,"values":[0.9501,-0.0046,0.312,0,-0.0105,0.9989,0.0466,0,0.3118,0.0476,-0.9489,0,-15.6675,93.9969,-1.7165,1]},
{"frame":29,"values":[0.9687,0.0041,0.2484,0,-0.0147,0.999,0.041,0,0.248,0.0434,-0.9678,0,-14.704,94.1685,-1.5736,1]},
{"frame":30,"values":[0.9835,0.016,0.1804,0,-0.0233,0.999,0.0385,0,0.1796,0.0421,-0.9828,0,-13.4878,94.3316,-1.4267,1]},
{"frame":31,"values":[0.9938,0.0204,0.1093,0,-0.025,0.9988,0.0413,0,0.1083,0.0438,-0.9932,0,-12.2306,94.3281,-1.1627,1]},
{"frame":32,"values":[0.9991,0.0185,0.0381,0,-0.0203,0.9987,0.0471,0,0.0372,0.0479,-0.9982,0,-11.0721,94.1392,-0.6798,1]},
{"frame":33,"values":[0.9997,0.0114,-0.0203,0,-0.0103,0.9985,0.0537,0,-0.0209,0.0535,-0.9984,0,-9.87,93.8796,0.0814,1]},
{"frame":34,"values":[0.9982,0.0097,-0.0591,0,-0.0059,0.9979,0.064,0,-0.0596,0.0635,-0.9962,0,-8.6245,93.5267,0.9446,1]},
{"frame":35,"values":[0.996,0.0114,-0.0882,0,-0.0053,0.9976,0.069,0,-0.0888,0.0682,-0.9937,0,-7.3842,93.0878,1.8776,1]},
{"frame":36,"values":[0.994,0.0117,-0.1092,0,-0.0046,0.9978,0.0657,0,-0.1097,0.0648,-0.9918,0,-6.1926,92.7638,2.6169,1]},
{"frame":37,"values":[0.9926,0.0078,-0.1212,0,-0.0011,0.9985,0.0547,0,-0.1214,0.0541,-0.9911,0,-5.0909,92.5838,3.1714,1]},
{"frame":38,"values":[0.9927,0.005,-0.1205,0,0.0004,0.999,0.0446,0,-0.1206,0.0444,-0.9917,0,-3.969,92.4204,3.6525,1]},
{"frame":39,"values":[0.9941,0.0014,-0.1083,0,0.0022,0.9994,0.0333,0,-0.1083,0.0333,-0.9936,0,-2.777,92.1951,4.0918,1]},
{"frame":40,"values":[0.9958,-0.001,-0.0913,0,0.0034,0.9996,0.0264,0,-0.0912,0.0266,-0.9955,0,-1.7358,91.944,4.3522,1]},
{"frame":41,"values":[0.9969,0.0035,-0.0791,0,-0.0018,0.9998,0.0215,0,-0.0791,0.0213,-0.9966,0,-0.8788,91.7143,4.5132,1]},
{"frame":42,"values":[0.997,0.0122,-0.0762,0,-0.0109,0.9998,0.0175,0,-0.0764,0.0166,-0.9969,0,-0.2355,91.5107,4.4618,1]},
{"frame":43,"values":[0.9964,0.0284,-0.0796,0,-0.0277,0.9996,0.0094,0,-0.0799,0.0072,-0.9968,0,0.2229,91.3526,4.2675,1]},
{"frame":44,"values":[0.9943,0.0574,-0.0904,0,-0.0581,0.9983,-0.006,0,-0.0899,-0.0112,-0.9959,0,0.5601,91.1635,4.0632,1]},
{"frame":45,"values":[0.9909,0.0833,-0.1056,0,-0.0864,0.996,-0.0244,0,-0.1032,-0.0333,-0.9941,0,0.6757,90.9341,4.0066,1]},
{"frame":46,"values":[0.9881,0.0992,-0.1172,0,-0.1043,0.9938,-0.0389,0,-0.1126,-0.0507,-0.9923,0,0.7966,90.7503,4.0335,1]},
{"frame":47,"values":[0.9865,0.1095,-0.1217,0,-0.1154,0.9924,-0.0427,0,-0.1161,-0.0561,-0.9916,0,1.022,90.6394,3.9937,1]},
{"frame":48,"values":[0.9867,0.1073,-0.1223,0,-0.1131,0.9927,-0.0413,0,-0.117,-0.0546,-0.9916,0,1.2884,90.6223,3.869,1]}],"loopBehavior":1,"name":"anim","property":"_matrix"}},
{"name":"boss:Spine","index":1,"matrix":[0.9865,-0.1603,-0.0329,0,0.1607,0.987,0.0088,0,0.031,-0.014,0.9994,0,0,9.2263,1.5771,1],"rest":[1,0,0,0,0,1,0,0,0,0,1,0,0,9.2263,1.5771,1],"parentBoneIndex":0,"length":16.2548
,"animation":{"dataType":3,"framePerSecond":24,"keys":[
{"frame":1,"values":[0.9865,-0.1603,-0.0329,0,0.1607,0.987,0.0088,0,0.031,-0.014,0.9994,0,0,9.2263,1.5771,1]},
{"frame":2,"values":[0.9857,-0.1652,-0.0345,0,0.1662,0.9857,0.0277,0,0.0294,-0.0331,0.999,0,0,9.2263,1.5771,1]},
{"frame":3,"values":[0.9843,-0.1723,-0.0381,0,0.1744,0.9829,0.0591,0,0.0273,-0.0648,0.9975,0,0,9.2263,1.5771,1]},
{"frame":4,"values":[0.9819,-0.1848,-0.0415,0,0.1882,0.9765,0.1046,0,0.0211,-0.1105,0.9937,0,0,9.2263,1.5771,1]},
{"frame":5,"values":[0.9786,-0.2008,-0.0445,0,0.2054,0.9657,0.1589,0,0.011,-0.1647,0.9863,0,0,9.2263,1.5771,1]},
{"frame":6,"values":[0.9769,-0.2105,-0.0356,0,0.2134,0.9583,0.1902,0,-0.0059,-0.1934,0.9811,0,0,9.2263,1.5771,1]},
{"frame":7,"values":[0.9801,-0.1983,-0.0082,0,0.1961,0.9611,0.1946,0,-0.0307,-0.1924,0.9808,0,0,9.2263,1.5771,1]},
{"frame":8,"values":[0.9842,-0.1767,0.0135,0,0.1707,0.9656,0.196,0,-0.0476,-0.1906,0.9805,0,0,9.2263,1.5771,1]},
{"frame":9,"values":[0.9873,-0.156,0.0307,0,0.1473,0.9704,0.1912,0,-0.0597,-0.1843,0.9811,0,0,9.2263,1.5771,1]},
{"frame":10,"values":[0.9911,-0.1272,0.0403,0,0.1168,0.9731,0.1988,0,-0.0645,-0.1923,0.9792,0,0,9.2263,1.5771,1]},
{"frame":11,"values":[0.9965,-0.0739,0.0392,0,0.0627,0.9699,0.2353,0,-0.0555,-0.232,0.9711,0,0,9.2263,1.5771,1]},
{"frame":12,"values":[0.9979,-0.0405,0.0497,0,0.0273,0.9697,0.2429,0,-0.0581,-0.2411,0.9688,0,0,9.2263,1.5771,1]},
{"frame":13,"values":[0.998,-0.0252,0.0578,0,0.0108,0.9713,0.2375,0,-0.0621,-0.2364,0.9697,0,0,9.2263,1.5771,1]},
{"frame":14,"values":[0.9981,-0.014,0.0599,0,-0.0009,0.9702,0.2422,0,-0.0615,-0.2418,0.9684,0,0,9.2263,1.5771,1]},
{"frame":15,"values":[0.9976,0.0002,0.0692,0,-0.0174,0.9684,0.2487,0,-0.067,-0.2494,0.9661,0,0,9.2263,1.5771,1]},
{"frame":16,"values":[0.9968,0.0149,0.0787,0,-0.0341,0.9677,0.2499,0,-0.0724,-0.2518,0.9651,0,0,9.2263,1.5771,1]},
{"frame":17,"values":[0.9969,0.0241,0.0755,0,-0.0425,0.9664,0.2534,0,-0.0669,-0.2558,0.9644,0,0,9.2263,1.5771,1]},
{"frame":18,"values":[0.9978,0.0262,0.0608,0,-0.0406,0.9678,0.2485,0,-0.0524,-0.2505,0.9667,0,0,9.2263,1.5771,1]},
{"frame":19,"values":[0.9988,0.0258,0.0419,0,-0.0356,0.9674,0.2506,0,-0.0341,-0.2518,0.9672,0,0,9.2263,1.5771,1]},
{"frame":20,"values":[0.9991,0.0294,0.0297,0,-0.0361,0.9657,0.2571,0,-0.0212,-0.2579,0.9659,0,0,9.2263,1.5771,1]},
{"frame":21,"values":[0.9987,0.0452,0.0225,0,-0.0494,0.9667,0.251,0,-0.0104,-0.2518,0.9677,0,0,9.2263,1.5771,1]},
{"frame":22,"values":[0.9987,0.0508,0.0091,0,-0.0515,0.9691,0.2413,0,0.0035,-0.2415,0.9704,0,0,9.2263,1.5771,1]},
{"frame":23,"values":[0.9984,0.0561,-0.0103,0,-0.0521,0.9705,0.2353,0,0.0232,-0.2344,0.9719,0,0,9.2263,1.5771,1]},
{"frame":24,"values":[0.9974,0.0639,-0.034,0,-0.0543,0.9713,0.2317,0,0.0478,-0.2293,0.9722,0,0,9.2263,1.5771,1]},
{"frame":25,"values":[0.9953,0.0846,-0.0466,0,-0.0721,0.9717,0.2248,0,0.0643,-0.2204,0.9733,0,0,9.2263,1.5771,1]},
{"frame":26,"values":[0.9925,0.113,-0.0458,0,-0.1001,0.9694,0.2242,0,0.0697,-0.2179,0.9735,0,0,9.2263,1.5771,1]},
{"frame":27,"values":[0.9914,0.129,-0.024,0,-0.1206,0.9676,0.2219,0,0.0518,-0.217,0.9748,0,0,9.2263,1.5771,1]},
{"frame":28,"values":[0.9922,0.1245,0.0095,0,-0.1236,0.9676,0.22,0,0.0182,-0.2195,0.9754,0,0,9.2263,1.5771,1]},
{"frame":29,"values":[0.9941,0.104,0.0313,0,-0.1084,0.9699,0.2182,0,-0.0077,-0.2203,0.9754,0,0,9.2263,1.5771,1]},
{"frame":30,"values":[0.9958,0.0813,0.0412,0,-0.0882,0.9734,0.2112,0,-0.0229,-0.214,0.9766,0,0,9.2263,1.5771,1]},
{"frame":31,"values":[0.997,0.0647,0.0418,0,-0.072,0.9755,0.2081,0,-0.0273,-0.2105,0.9772,0,0,9.2263,1.5771,1]},
{"frame":32,"values":[0.9983,0.0464,0.0362,0,-0.053,0.976,0.2113,0,-0.0256,-0.2129,0.9767,0,0,9.2263,1.5771,1]},
{"frame":33,"values":[0.999,0.0304,0.0323,0,-0.0368,0.974,0.2236,0,-0.0246,-0.2246,0.9741,0,0,9.2263,1.5771,1]},
{"frame":34,"values":[0.9993,0.0065,0.0364,0,-0.0152,0.9698,0.2435,0,-0.0337,-0.2439,0.9692,0,0,9.2263,1.5771,1]},
{"frame":35,"values":[0.9989,-0.0266,0.0383,0,0.0159,0.9668,0.2549,0,-0.0438,-0.254,0.9662,0,0,9.2263,1.5771,1]},
{"frame":36,"values":[0.9982,-0.0508,0.0325,0,0.0413,0.9684,0.2459,0,-0.044,-0.2441,0.9688,0,0,9.2263,1.5771,1]},
{"frame":37,"values":[0.9975,-0.0649,0.0285,0,0.0571,0.974,0.2192,0,-0.042,-0.217,0.9753,0,0,9.2263,1.5771,1]},
{"frame":38,"values":[0.9967,-0.0754,0.0289,0,0.0683,0.9782,0.1961,0,-0.0431,-0.1935,0.9802,0,0,9.2263,1.5771,1]},
{"frame":39,"values":[0.9967,-0.0747,0.0305,0,0.0681,0.9812,0.1806,0,-0.0434,-0.178,0.9831,0,0,9.2263,1.5771,1]},
{"frame":40,"values":[0.9968,-0.0743,0.0289,0,0.0683,0.9827,0.1723,0,-0.0412,-0.1698,0.9846,0,0,9.2263,1.5771,1]},
{"frame":41,"values":[0.9966,-0.0801,0.019,0,0.076,0.984,0.161,0,-0.0316,-0.159,0.9868,0,0,9.2263,1.5771,1]},
{"frame":42,"values":[0.996,-0.089,0.0054,0,0.0874,0.9865,0.1387,0,-0.0176,-0.1377,0.9903,0,0,9.2263,1.5771,1]},
{"frame":43,"values":[0.9948,-0.1016,-0.0079,0,0.1018,0.9891,0.1065,0,-0.003,-0.1067,0.9943,0,0,9.2263,1.5771,1]},
{"frame":44,"values":[0.992,-0.1244,-0.021,0,0.1255,0.9897,0.0684,0,0.0123,-0.0705,0.9974,0,0,9.2263,1.5771,1]},
{"frame":45,"values":[0.9887,-0.1467,-0.0322,0,0.1478,0.9883,0.0381,0,0.0263,-0.0424,0.9988,0,0,9.2263,1.5771,1]},
{"frame":46,"values":[0.9866,-0.1591,-0.0371,0,0.16,0.9869,0.0227,0,0.033,-0.0283,0.9991,0,0,9.2263,1.5771,1]},
{"frame":47,"values":[0.9855,-0.1656,-0.0369,0,0.1662,0.986,0.0125,0,0.0343,-0.0184,0.9992,0,0,9.2263,1.5771,1]},
{"frame":48,"values":[0.9865,-0.1603,-0.0329,0,0.1607,0.987,0.0088,0,0.031,-0.014,0.9994,0,0,9.2263,1.5771,1]}],"loopBehavior":1,"name":"anim","property":"_matrix"}},
{"name":"boss:Spine1","index":2,"matrix":[0.9997,0.0223,-0.0092,0,-0.0229,0.9975,-0.0666,0,0.0077,0.0668,0.9977,0,0,16.254,-0.1656,1],"rest":[1,0,0,0,0,1,0,0,0,0,1,0,0,16.254,-0.1656,1],"parentBoneIndex":1,"length":13.7007
,"animation":{"dataType":3,"framePerSecond":24,"keys":[
{"frame":1,"values":[0.9997,0.0223,-0.0092,0,-0.0229,0.9975,-0.0666,0,0.0077,0.0668,0.9977,0,0,16.254,-0.1656,1]},
{"frame":2,"values":[0.9997,0.0226,-0.0093,0,-0.0232,0.9975,-0.0672,0,0.0077,0.0674,0.9977,0,0,16.254,-0.1656,1]},
{"frame":3,"values":[0.9997,0.0228,-0.0093,0,-0.0233,0.9975,-0.0673,0,0.0078,0.0675,0.9977,0,0,16.254,-0.1656,1]},
{"frame":4,"values":[0.9998,0.0206,-0.0087,0,-0.0211,0.9977,-0.0648,0,0.0073,0.065,0.9979,0,0,16.254,-0.1656,1]},
{"frame":5,"values":[0.9998,0.0165,-0.0076,0,-0.0169,0.998,-0.0612,0,0.0065,0.0614,0.9981,0,0,16.254,-0.1656,1]},
{"frame":6,"values":[0.9999,0.0138,-0.0047,0,-0.0141,0.9979,-0.0631,0,0.0038,0.0632,0.998,0,0,16.254,-0.1656,1]},
{"frame":7,"values":[0.9999,0.0148,0.0012,0,-0.0147,0.9975,-0.0684,0,-0.0023,0.0684,0.9977,0,0,16.254,-0.1656,1]},
{"frame":8,"values":[0.9998,0.0178,0.0056,0,-0.0173,0.9972,-0.0733,0,-0.0069,0.0732,0.9973,0,0,16.254,-0.1656,1]},
{"frame":9,"values":[0.9997,0.0214,0.0088,0,-0.0207,0.9969,-0.0757,0,-0.0104,0.0755,0.9971,0,0,16.254,-0.1656,1]},
{"frame":10,"values":[0.9996,0.0257,0.0103,0,-0.0249,0.9968,-0.0754,0,-0.0122,0.0752,0.9971,0,0,16.254,-0.1656,1]},
{"frame":11,"values":[0.9994,0.0326,0.0092,0,-0.0318,0.9969,-0.0723,0,-0.0115,0.0719,0.9973,0,0,16.254,-0.1656,1]},
{"frame":12,"values":[0.9992,0.0374,0.0109,0,-0.0365,0.9967,-0.073,0,-0.0136,0.0726,0.9973,0,0,16.254,-0.1656,1]},
{"frame":13,"values":[0.9992,0.0389,0.0119,0,-0.0379,0.9964,-0.0761,0,-0.0149,0.0756,0.997,0,0,16.254,-0.1656,1]},
{"frame":14,"values":[0.9991,0.0402,0.0115,0,-0.0392,0.9962,-0.0774,0,-0.0146,0.0769,0.9969,0,0,16.254,-0.1656,1]},
{"frame":15,"values":[0.999,0.0437,0.013,0,-0.0426,0.9961,-0.0768,0,-0.0163,0.0761,0.997,0,0,16.254,-0.1656,1]},
{"frame":16,"values":[0.9987,0.0496,0.0144,0,-0.0483,0.9959,-0.0765,0,-0.0181,0.0757,0.997,0,0,16.254,-0.1656,1]},
{"frame":17,"values":[0.9984,0.0556,0.0123,0,-0.0545,0.9956,-0.0762,0,-0.0164,0.0754,0.997,0,0,16.254,-0.1656,1]},
{"frame":18,"values":[0.9981,0.061,0.0069,0,-0.0603,0.9953,-0.0761,0,-0.0115,0.0756,0.9971,0,0,16.254,-0.1656,1]},
{"frame":19,"values":[0.9977,0.0672,0.0004,0,-0.067,0.9949,-0.0759,0,-0.0055,0.0757,0.9971,0,0,16.254,-0.1656,1]},
{"frame":20,"values":[0.9972,0.0742,-0.004,0,-0.0742,0.9942,-0.0777,0,-0.0018,0.0778,0.997,0,0,16.254,-0.1656,1]},
{"frame":21,"values":[0.9967,0.0812,-0.0074,0,-0.0815,0.9934,-0.0807,0,0.0008,0.0811,0.9967,0,0,16.254,-0.1656,1]},
{"frame":22,"values":[0.9962,0.0865,-0.0124,0,-0.0873,0.9927,-0.0827,0,0.0052,0.0835,0.9965,0,0,16.254,-0.1656,1]},
{"frame":23,"values":[0.9956,0.0916,-0.0189,0,-0.0929,0.9922,-0.0833,0,0.0112,0.0847,0.9963,0,0,16.254,-0.1656,1]},
{"frame":24,"values":[0.9949,0.0975,-0.0265,0,-0.0994,0.9916,-0.0829,0,0.0182,0.0851,0.9962,0,0,16.254,-0.1656,1]},
{"frame":25,"values":[0.994,0.1051,-0.0314,0,-0.1073,0.9909,-0.0814,0,0.0226,0.0843,0.9962,0,0,16.254,-0.1656,1]},
{"frame":26,"values":[0.993,0.1135,-0.0326,0,-0.1157,0.9902,-0.0787,0,0.0233,0.082,0.9964,0,0,16.254,-0.1656,1]},
{"frame":27,"values":[0.9923,0.1204,-0.0277,0,-0.1222,0.9896,-0.0763,0,0.0182,0.0791,0.9967,0,0,16.254,-0.1656,1]},
{"frame":28,"values":[0.9924,0.1218,-0.0189,0,-0.1229,0.9896,-0.0744,0,0.0097,0.0762,0.997,0,0,16.254,-0.1656,1]},
{"frame":29,"values":[0.993,0.1178,-0.0129,0,-0.1184,0.9903,-0.0729,0,0.0042,0.0739,0.9973,0,0,16.254,-0.1656,1]},
{"frame":30,"values":[0.9936,0.112,-0.0103,0,-0.1125,0.991,-0.072,0,0.0022,0.0727,0.9973,0,0,16.254,-0.1656,1]},
{"frame":31,"values":[0.9942,0.107,-0.0099,0,-0.1074,0.9916,-0.0716,0,0.0022,0.0722,0.9974,0,0,16.254,-0.1656,1]},
{"frame":32,"values":[0.9946,0.1029,-0.0111,0,-0.1034,0.9921,-0.071,0,0.0037,0.0718,0.9974,0,0,16.254,-0.1656,1]},
{"frame":33,"values":[0.995,0.099,-0.0115,0,-0.0995,0.9927,-0.0682,0,0.0047,0.069,0.9976,0,0,16.254,-0.1656,1]},
{"frame":34,"values":[0.9955,0.0945,-0.0088,0,-0.0948,0.9935,-0.063,0,0.0028,0.0635,0.998,0,0,16.254,-0.1656,1]},
{"frame":35,"values":[0.996,0.0888,-0.0069,0,-0.0891,0.9942,-0.06,0,0.0015,0.0603,0.9982,0,0,16.254,-0.1656,1]},
{"frame":36,"values":[0.9965,0.0835,-0.0072,0,-0.0838,0.9947,-0.0597,0,0.0022,0.0601,0.9982,0,0,16.254,-0.1656,1]},
{"frame":37,"values":[0.9968,0.0792,-0.0079,0,-0.0795,0.9948,-0.0629,0,0.0029,0.0633,0.998,0,0,16.254,-0.1656,1]},
{"frame":38,"values":[0.9972,0.0746,-0.0073,0,-0.0749,0.9949,-0.0674,0,0.0022,0.0677,0.9977,0,0,16.254,-0.1656,1]},
{"frame":39,"values":[0.9975,0.0705,-0.006,0,-0.0708,0.9951,-0.069,0,0.0011,0.0693,0.9976,0,0,16.254,-0.1656,1]},
{"frame":40,"values":[0.9978,0.0665,-0.005,0,-0.0667,0.9955,-0.0678,0,0.0005,0.0679,0.9977,0,0,16.254,-0.1656,1]},
{"frame":41,"values":[0.998,0.0625,-0.006,0,-0.0628,0.9959,-0.0659,0,0.0018,0.0661,0.9978,0,0,16.254,-0.1656,1]},
{"frame":42,"values":[0.9983,0.0577,-0.0081,0,-0.0581,0.9962,-0.0648,0,0.0043,0.0651,0.9979,0,0,16.254,-0.1656,1]},
{"frame":43,"values":[0.9986,0.0519,-0.0103,0,-0.0525,0.9965,-0.0656,0,0.0069,0.066,0.9978,0,0,16.254,-0.1656,1]},
{"frame":44,"values":[0.9989,0.0448,-0.0126,0,-0.0455,0.9967,-0.0679,0,0.0095,0.0684,0.9976,0,0,16.254,-0.1656,1]},
{"frame":45,"values":[0.9992,0.0377,-0.0142,0,-0.0385,0.9969,-0.0692,0,0.0116,0.0697,0.9975,0,0,16.254,-0.1656,1]},
{"frame":46,"values":[0.9994,0.0316,-0.0137,0,-0.0325,0.9971,-0.0688,0,0.0115,0.0692,0.9975,0,0,16.254,-0.1656,1]},
{"frame":47,"values":[0.9996,0.026,-0.012,0,-0.0268,0.9973,-0.0678,0,0.0102,0.068,0.9976,0,0,16.254,-0.1656,1]},
{"frame":48,"values":[0.9997,0.0223,-0.0093,0,-0.0228,0.9975,-0.0666,0,0.0077,0.0668,0.9977,0,0,16.254,-0.1656,1]}],"loopBehavior":1,"name":"anim","property":"_matrix"}},
{"name":"boss:Spine2","index":3,"matrix":[0.9996,-0.0295,0.0022,0,0.0296,0.9973,-0.0671,0,-0.0002,0.0671,0.9977,0,0,13.6396,-1.2923,1],"rest":[1,0,0,0,0,1,0,0,0,0,1,0,0,13.6396,-1.2923,1],"parentBoneIndex":2,"length":13.1719
,"animation":{"dataType":3,"framePerSecond":24,"keys":[
{"frame":1,"values":[0.9996,-0.0295,0.0022,0,0.0296,0.9973,-0.0671,0,-0.0002,0.0671,0.9977,0,0,13.6396,-1.2923,1]},
{"frame":2,"values":[0.9996,-0.0292,0.0022,0,0.0293,0.9973,-0.0677,0,-0.0002,0.0677,0.9977,0,0,13.6396,-1.2923,1]},
{"frame":3,"values":[0.9996,-0.0291,0.0021,0,0.0291,0.9973,-0.0678,0,-0.0001,0.0678,0.9977,0,0,13.6396,-1.2923,1]},
{"frame":4,"values":[0.9995,-0.0313,0.0026,0,0.0314,0.9974,-0.0653,0,-0.0006,0.0653,0.9979,0,0,13.6396,-1.2923,1]},
{"frame":5,"values":[0.9994,-0.0354,0.0036,0,0.0356,0.9975,-0.0617,0,-0.0014,0.0618,0.9981,0,0,13.6396,-1.2923,1]},
{"frame":6,"values":[0.9993,-0.0379,0.0066,0,0.0383,0.9973,-0.0634,0,-0.0041,0.0637,0.998,0,0,13.6396,-1.2923,1]},
{"frame":7,"values":[0.9993,-0.0366,0.0126,0,0.0374,0.997,-0.0684,0,-0.0101,0.0688,0.9976,0,0,13.6396,-1.2923,1]},
{"frame":8,"values":[0.9993,-0.0334,0.0171,0,0.0346,0.9967,-0.073,0,-0.0147,0.0735,0.9972,0,0,13.6396,-1.2923,1]},
{"frame":9,"values":[0.9994,-0.0296,0.0205,0,0.0311,0.9967,-0.0752,0,-0.0182,0.0758,0.997,0,0,13.6396,-1.2923,1]},
{"frame":10,"values":[0.9994,-0.0253,0.0219,0,0.0268,0.9968,-0.0748,0,-0.02,0.0754,0.997,0,0,13.6396,-1.2923,1]},
{"frame":11,"values":[0.9996,-0.0184,0.0206,0,0.0199,0.9972,-0.0717,0,-0.0192,0.072,0.9972,0,0,13.6396,-1.2923,1]},
{"frame":12,"values":[0.9997,-0.0135,0.0222,0,0.015,0.9973,-0.0723,0,-0.0212,0.0726,0.9971,0,0,13.6396,-1.2923,1]},
{"frame":13,"values":[0.9997,-0.0119,0.0234,0,0.0136,0.9971,-0.0753,0,-0.0224,0.0756,0.9969,0,0,13.6396,-1.2923,1]},
{"frame":14,"values":[0.9997,-0.0106,0.023,0,0.0123,0.997,-0.0766,0,-0.0221,0.0769,0.9968,0,0,13.6396,-1.2923,1]},
{"frame":15,"values":[0.9997,-0.0069,0.0245,0,0.0087,0.9971,-0.0758,0,-0.0239,0.076,0.9968,0,0,13.6396,-1.2923,1]},
{"frame":16,"values":[0.9997,-0.0009,0.0259,0,0.0029,0.9971,-0.0754,0,-0.0258,0.0755,0.9968,0,0,13.6396,-1.2923,1]},
{"frame":17,"values":[0.9997,0.0051,0.0239,0,-0.0033,0.9972,-0.0752,0,-0.0243,0.0751,0.9969,0,0,13.6396,-1.2923,1]},
{"frame":18,"values":[0.9998,0.0105,0.0187,0,-0.0091,0.9971,-0.0753,0,-0.0194,0.0751,0.997,0,0,13.6396,-1.2923,1]},
{"frame":19,"values":[0.9998,0.0166,0.0124,0,-0.0156,0.997,-0.0752,0,-0.0137,0.075,0.9971,0,0,13.6396,-1.2923,1]},
{"frame":20,"values":[0.9997,0.0237,0.0085,0,-0.0229,0.9968,-0.0771,0,-0.0103,0.0769,0.997,0,0,13.6396,-1.2923,1]},
{"frame":21,"values":[0.9995,0.0308,0.0056,0,-0.0303,0.9963,-0.0802,0,-0.008,0.08,0.9968,0,0,13.6396,-1.2923,1]},
{"frame":22,"values":[0.9993,0.0362,0.0009,0,-0.036,0.996,-0.0822,0,-0.0039,0.0822,0.9966,0,0,13.6396,-1.2923,1]},
{"frame":23,"values":[0.9991,0.0413,-0.0054,0,-0.0416,0.9957,-0.0829,0,0.0019,0.0831,0.9965,0,0,13.6396,-1.2923,1]},
{"frame":24,"values":[0.9988,0.0472,-0.0128,0,-0.0481,0.9954,-0.0826,0,0.0088,0.0831,0.9965,0,0,13.6396,-1.2923,1]},
{"frame":25,"values":[0.9983,0.0547,-0.0176,0,-0.056,0.9951,-0.0811,0,0.013,0.0819,0.9966,0,0,13.6396,-1.2923,1]},
{"frame":26,"values":[0.9978,0.0632,-0.0186,0,-0.0644,0.9948,-0.0783,0,0.0136,0.0794,0.9968,0,0,13.6396,-1.2923,1]},
{"frame":27,"values":[0.9974,0.0702,-0.0138,0,-0.0711,0.9946,-0.0757,0,0.0084,0.0765,0.997,0,0,13.6396,-1.2923,1]},
{"frame":28,"values":[0.9974,0.0719,-0.0052,0,-0.0721,0.9947,-0.0736,0,-0.0002,0.0738,0.9973,0,0,13.6396,-1.2923,1]},
{"frame":29,"values":[0.9977,0.0681,0.0007,0,-0.0679,0.9951,-0.072,0,-0.0056,0.0718,0.9974,0,0,13.6396,-1.2923,1]},
{"frame":30,"values":[0.998,0.0624,0.0033,0,-0.062,0.9955,-0.071,0,-0.0077,0.0707,0.9975,0,0,13.6396,-1.2923,1]},
{"frame":31,"values":[0.9984,0.0573,0.0036,0,-0.0569,0.9959,-0.0705,0,-0.0076,0.0702,0.9975,0,0,13.6396,-1.2923,1]},
{"frame":32,"values":[0.9986,0.0532,0.0025,0,-0.0529,0.9961,-0.07,0,-0.0062,0.0697,0.9975,0,0,13.6396,-1.2923,1]},
{"frame":33,"values":[0.9988,0.0491,0.002,0,-0.0489,0.9965,-0.0671,0,-0.0053,0.067,0.9977,0,0,13.6396,-1.2923,1]},
{"frame":34,"values":[0.999,0.0446,0.0044,0,-0.0442,0.9971,-0.0618,0,-0.0072,0.0616,0.9981,0,0,13.6396,-1.2923,1]},
{"frame":35,"values":[0.9992,0.0389,0.0064,0,-0.0385,0.9975,-0.0588,0,-0.0087,0.0585,0.9982,0,0,13.6396,-1.2923,1]},
{"frame":36,"values":[0.9994,0.0335,0.006,0,-0.0331,0.9977,-0.0586,0,-0.0079,0.0584,0.9983,0,0,13.6396,-1.2923,1]},
{"frame":37,"values":[0.9996,0.0291,0.0054,0,-0.0287,0.9977,-0.0619,0,-0.0072,0.0617,0.9981,0,0,13.6396,-1.2923,1]},
{"frame":38,"values":[0.9997,0.0245,0.0061,0,-0.0241,0.9975,-0.0664,0,-0.0077,0.0662,0.9978,0,0,13.6396,-1.2923,1]},
{"frame":39,"values":[0.9998,0.0204,0.0073,0,-0.0199,0.9975,-0.0681,0,-0.0086,0.0679,0.9977,0,0,13.6396,-1.2923,1]},
{"frame":40,"values":[0.9998,0.0162,0.0079,0,-0.0156,0.9976,-0.0669,0,-0.009,0.0668,0.9977,0,0,13.6396,-1.2923,1]},
{"frame":41,"values":[0.9999,0.012,0.0067,0,-0.0115,0.9978,-0.0651,0,-0.0075,0.0651,0.9979,0,0,13.6396,-1.2923,1]},
{"frame":42,"values":[1,0.0069,0.0044,0,-0.0066,0.9979,-0.0644,0,-0.0048,0.0644,0.9979,0,0,13.6396,-1.2923,1]},
{"frame":43,"values":[1,0.0009,0.002,0,-0.0007,0.9979,-0.0654,0,-0.002,0.0654,0.9979,0,0,13.6396,-1.2923,1]},
{"frame":44,"values":[1,-0.0064,-0.0003,0,0.0064,0.9977,-0.068,0,0.0008,0.068,0.9977,0,0,13.6396,-1.2923,1]},
{"frame":45,"values":[0.9999,-0.0138,-0.0021,0,0.0136,0.9975,-0.0695,0,0.003,0.0694,0.9976,0,0,13.6396,-1.2923,1]},
{"frame":46,"values":[0.9998,-0.02,-0.0019,0,0.0198,0.9974,-0.0692,0,0.0033,0.0692,0.9976,0,0,13.6396,-1.2923,1]},
{"frame":47,"values":[0.9997,-0.0257,-0.0004,0,0.0256,0.9973,-0.0682,0,0.0022,0.0682,0.9977,0,0,13.6396,-1.2923,1]},
{"frame":48,"values":[0.9996,-0.0296,0.002,0,0.0296,0.9973,-0.0671,0,-0.0001,0.0671,0.9977,0,0,13.6396,-1.2923,1]}],"loopBehavior":1,"name":"anim","property":"_matrix"}},
{"name":"boss:Neck","index":4,"matrix":[1,-0.0031,-0.0036,0,0.0033,0.9985,0.0553,0,0.0035,-0.0554,0.9985,0,0,13.8774,-4.3542,1],"rest":[1,0,0,0,0,1,0,0,0,0,1,0,0,13.8774,-4.3542,1],"parentBoneIndex":3,"length":4.4379
,"animation":{"dataType":3,"framePerSecond":24,"keys":[
{"frame":1,"values":[1,-0.0031,-0.0036,0,0.0033,0.9985,0.0553,0,0.0035,-0.0554,0.9985,0,0,13.8774,-4.3542,1]},
{"frame":2,"values":[1,-0.0035,-0.0033,0,0.0037,0.9987,0.0502,0,0.0032,-0.0502,0.9987,0,0,13.8774,-4.3542,1]},
{"frame":3,"values":[1,-0.0076,-0.0041,0,0.0078,0.999,0.0447,0,0.0037,-0.0447,0.999,0,0,13.8774,-4.3542,1]},
{"frame":4,"values":[0.9999,-0.01,-0.0074,0,0.0103,0.9992,0.0395,0,0.007,-0.0396,0.9992,0,0,13.8774,-4.3542,1]},
{"frame":5,"values":[0.9999,-0.0086,-0.011,0,0.009,0.9994,0.0349,0,0.0107,-0.035,0.9993,0,0,13.8774,-4.3542,1]},
{"frame":6,"values":[0.9999,-0.0037,-0.0129,0,0.0041,0.9994,0.0343,0,0.0127,-0.0343,0.9993,0,0,13.8774,-4.3542,1]},
{"frame":7,"values":[0.9999,0.0046,-0.0128,0,-0.0041,0.9993,0.0371,0,0.0129,-0.037,0.9992,0,0,13.8774,-4.3542,1]},
{"frame":8,"values":[0.9999,0.0122,-0.008,0,-0.0119,0.9991,0.0401,0,0.0085,-0.04,0.9992,0,0,13.8774,-4.3542,1]},
{"frame":9,"values":[0.9998,0.0196,-0.0018,0,-0.0195,0.9989,0.0421,0,0.0026,-0.0421,0.9991,0,0,13.8774,-4.3542,1]},
{"frame":10,"values":[0.9997,0.0249,0.0042,0,-0.025,0.9987,0.0439,0,-0.0031,-0.044,0.999,0,0,13.8774,-4.3542,1]},
{"frame":11,"values":[0.9996,0.0284,0.009,0,-0.0287,0.9988,0.0398,0,-0.0078,-0.0401,0.9992,0,0,13.8774,-4.3542,1]},
{"frame":12,"values":[0.9995,0.0292,0.013,0,-0.0296,0.999,0.0332,0,-0.012,-0.0335,0.9994,0,0,13.8774,-4.3542,1]},
{"frame":13,"values":[0.9994,0.0298,0.0164,0,-0.0302,0.9992,0.0272,0,-0.0156,-0.0277,0.9995,0,0,13.8774,-4.3542,1]},
{"frame":14,"values":[0.9994,0.0296,0.0187,0,-0.0301,0.9992,0.0249,0,-0.0179,-0.0255,0.9995,0,0,13.8774,-4.3542,1]},
{"frame":15,"values":[0.9994,0.0284,0.0204,0,-0.0289,0.9992,0.0261,0,-0.0196,-0.0266,0.9995,0,0,13.8774,-4.3542,1]},
{"frame":16,"values":[0.9994,0.028,0.0222,0,-0.0287,0.9991,0.03,0,-0.0214,-0.0306,0.9993,0,0,13.8774,-4.3542,1]},
{"frame":17,"values":[0.9993,0.0291,0.0243,0,-0.0299,0.9989,0.0347,0,-0.0233,-0.0354,0.9991,0,0,13.8774,-4.3542,1]},
{"frame":18,"values":[0.9992,0.0301,0.0262,0,-0.0311,0.9987,0.0393,0,-0.025,-0.0401,0.9989,0,0,13.8774,-4.3542,1]},
{"frame":19,"values":[0.9992,0.0301,0.0276,0,-0.0313,0.9986,0.0427,0,-0.0263,-0.0436,0.9987,0,0,13.8774,-4.3542,1]},
{"frame":20,"values":[0.9992,0.0277,0.0284,0,-0.029,0.9985,0.0454,0,-0.0271,-0.0462,0.9986,0,0,13.8774,-4.3542,1]},
{"frame":21,"values":[0.9993,0.0247,0.0291,0,-0.026,0.9986,0.0466,0,-0.0279,-0.0473,0.9985,0,0,13.8774,-4.3542,1]},
{"frame":22,"values":[0.9993,0.0217,0.0299,0,-0.0231,0.9986,0.0473,0,-0.0288,-0.0479,0.9984,0,0,13.8774,-4.3542,1]},
{"frame":23,"values":[0.9994,0.0185,0.0308,0,-0.02,0.9986,0.0485,0,-0.0298,-0.0491,0.9983,0,0,13.8774,-4.3542,1]},
{"frame":24,"values":[0.9994,0.0153,0.0311,0,-0.0169,0.9986,0.0507,0,-0.0302,-0.0512,0.9982,0,0,13.8774,-4.3542,1]},
{"frame":25,"values":[0.9995,0.0125,0.0303,0,-0.0141,0.9984,0.0539,0,-0.0296,-0.0543,0.9981,0,0,13.8774,-4.3542,1]},
{"frame":26,"values":[0.9995,0.0115,0.0285,0,-0.0132,0.9982,0.0581,0,-0.0277,-0.0585,0.9979,0,0,13.8774,-4.3542,1]},
{"frame":27,"values":[0.9996,0.0125,0.0253,0,-0.014,0.998,0.062,0,-0.0245,-0.0624,0.9978,0,0,13.8774,-4.3542,1]},
{"frame":28,"values":[0.9997,0.014,0.0217,0,-0.0153,0.9978,0.0645,0,-0.0207,-0.0648,0.9977,0,0,13.8774,-4.3542,1]},
{"frame":29,"values":[0.9997,0.0153,0.0182,0,-0.0164,0.9977,0.0656,0,-0.0172,-0.0659,0.9977,0,0,13.8774,-4.3542,1]},
{"frame":30,"values":[0.9998,0.0137,0.0149,0,-0.0147,0.9976,0.0675,0,-0.0139,-0.0677,0.9976,0,0,13.8774,-4.3542,1]},
{"frame":31,"values":[0.9999,0.011,0.0115,0,-0.0118,0.9975,0.0693,0,-0.0108,-0.0694,0.9975,0,0,13.8774,-4.3542,1]},
{"frame":32,"values":[0.9999,0.0083,0.0077,0,-0.0088,0.9975,0.0704,0,-0.0071,-0.0704,0.9975,0,0,13.8774,-4.3542,1]},
{"frame":33,"values":[1,0.006,0.0039,0,-0.0062,0.9976,0.0692,0,-0.0034,-0.0692,0.9976,0,0,13.8774,-4.3542,1]},
{"frame":34,"values":[1,0.004,0.0001,0,-0.004,0.9978,0.0667,0,0.0002,-0.0667,0.9978,0,0,13.8774,-4.3542,1]},
{"frame":35,"values":[1,0.0019,-0.0034,0,-0.0016,0.9979,0.0651,0,0.0035,-0.0651,0.9979,0,0,13.8774,-4.3542,1]},
{"frame":36,"values":[1,-0.0005,-0.0057,0,0.0009,0.9979,0.0642,0,0.0057,-0.0642,0.9979,0,0,13.8774,-4.3542,1]},
{"frame":37,"values":[1,-0.0026,-0.0077,0,0.0031,0.9979,0.0647,0,0.0075,-0.0647,0.9979,0,0,13.8774,-4.3542,1]},
{"frame":38,"values":[1,-0.0039,-0.0091,0,0.0045,0.9979,0.0647,0,0.0089,-0.0647,0.9979,0,0,13.8774,-4.3542,1]},
{"frame":39,"values":[0.9999,-0.0053,-0.0099,0,0.006,0.9979,0.064,0,0.0095,-0.064,0.9979,0,0,13.8774,-4.3542,1]},
{"frame":40,"values":[0.9999,-0.0063,-0.0095,0,0.0069,0.998,0.063,0,0.0091,-0.063,0.998,0,0,13.8774,-4.3542,1]},
{"frame":41,"values":[0.9999,-0.0076,-0.0088,0,0.0081,0.9981,0.0618,0,0.0083,-0.0619,0.9981,0,0,13.8774,-4.3542,1]},
{"frame":42,"values":[0.9999,-0.0082,-0.0079,0,0.0086,0.9981,0.0605,0,0.0074,-0.0606,0.9981,0,0,13.8774,-4.3542,1]},
{"frame":43,"values":[0.9999,-0.008,-0.0068,0,0.0084,0.9982,0.0594,0,0.0064,-0.0594,0.9982,0,0,13.8774,-4.3542,1]},
{"frame":44,"values":[1,-0.0073,-0.006,0,0.0076,0.9983,0.0584,0,0.0055,-0.0584,0.9983,0,0,13.8774,-4.3542,1]},
{"frame":45,"values":[1,-0.0063,-0.0052,0,0.0066,0.9983,0.0576,0,0.0048,-0.0576,0.9983,0,0,13.8774,-4.3542,1]},
{"frame":46,"values":[1,-0.0053,-0.0046,0,0.0055,0.9984,0.0568,0,0.0043,-0.0568,0.9984,0,0,13.8774,-4.3542,1]},
{"frame":47,"values":[1,-0.0041,-0.0041,0,0.0044,0.9984,0.0561,0,0.0038,-0.0561,0.9984,0,0,13.8774,-4.3542,1]},
{"frame":48,"values":[1,-0.0031,-0.0036,0,0.0033,0.9985,0.0553,0,0.0035,-0.0554,0.9985,0,0,13.8774,-4.3542,1]}],"loopBehavior":1,"name":"anim","property":"_matrix"}},
{"name":"boss:Neck1","index":5,"matrix":[1,-0.0031,-0.0036,0,0.0033,0.9985,0.0553,0,0.0035,-0.0554,0.9985,0,0,4.34,0.9269,1],"rest":[1,0,0,0,0,1,0,0,0,0,1,0,0,4.34,0.9269,1],"parentBoneIndex":4,"length":4.1171
,"animation":{"dataType":3,"framePerSecond":24,"keys":[
{"frame":1,"values":[1,-0.0031,-0.0036,0,0.0033,0.9985,0.0553,0,0.0035,-0.0554,0.9985,0,0,4.34,0.9269,1]},
{"frame":2,"values":[1,-0.0035,-0.0033,0,0.0037,0.9987,0.0502,0,0.0032,-0.0502,0.9987,0,0,4.34,0.9269,1]},
{"frame":3,"values":[1,-0.0076,-0.0041,0,0.0078,0.999,0.0447,0,0.0037,-0.0447,0.999,0,0,4.34,0.9269,1]},
{"frame":4,"values":[0.9999,-0.01,-0.0074,0,0.0103,0.9992,0.0395,0,0.007,-0.0396,0.9992,0,0,4.34,0.9269,1]},
{"frame":5,"values":[0.9999,-0.0086,-0.011,0,0.009,0.9994,0.0349,0,0.0107,-0.035,0.9993,0,0,4.34,0.9269,1]},
{"frame":6,"values":[0.9999,-0.0037,-0.0129,0,0.0041,0.9994,0.0343,0,0.0127,-0.0343,0.9993,0,0,4.34,0.9269,1]},
{"frame":7,"values":[0.9999,0.0046,-0.0128,0,-0.0041,0.9993,0.0371,0,0.0129,-0.037,0.9992,0,0,4.34,0.9269,1]},
{"frame":8,"values":[0.9999,0.0122,-0.008,0,-0.0119,0.9991,0.0401,0,0.0085,-0.04,0.9992,0,0,4.34,0.9269,1]},
{"frame":9,"values":[0.9998,0.0196,-0.0018,0,-0.0195,0.9989,0.0421,0,0.0026,-0.0421,0.9991,0,0,4.34,0.9269,1]},
{"frame":10,"values":[0.9997,0.0249,0.0042,0,-0.025,0.9987,0.0439,0,-0.0031,-0.044,0.999,0,0,4.34,0.9269,1]},
{"frame":11,"values":[0.9996,0.0284,0.009,0,-0.0287,0.9988,0.0398,0,-0.0078,-0.0401,0.9992,0,0,4.34,0.9269,1]},
{"frame":12,"values":[0.9995,0.0292,0.013,0,-0.0296,0.999,0.0332,0,-0.012,-0.0335,0.9994,0,0,4.34,0.9269,1]},
{"frame":13,"values":[0.9994,0.0298,0.0164,0,-0.0302,0.9992,0.0272,0,-0.0156,-0.0277,0.9995,0,0,4.34,0.9269,1]},
{"frame":14,"values":[0.9994,0.0296,0.0187,0,-0.0301,0.9992,0.0249,0,-0.0179,-0.0255,0.9995,0,0,4.34,0.9269,1]},
{"frame":15,"values":[0.9994,0.0284,0.0204,0,-0.0289,0.9992,0.0261,0,-0.0196,-0.0266,0.9995,0,0,4.34,0.9269,1]},
{"frame":16,"values":[0.9994,0.028,0.0222,0,-0.0287,0.9991,0.03,0,-0.0214,-0.0306,0.9993,0,0,4.34,0.9269,1]},
{"frame":17,"values":[0.9993,0.0291,0.0243,0,-0.0299,0.9989,0.0347,0,-0.0233,-0.0354,0.9991,0,0,4.34,0.9269,1]},
{"frame":18,"values":[0.9992,0.0301,0.0262,0,-0.0311,0.9987,0.0393,0,-0.025,-0.0401,0.9989,0,0,4.34,0.9269,1]},
{"frame":19,"values":[0.9992,0.0301,0.0276,0,-0.0313,0.9986,0.0427,0,-0.0263,-0.0436,0.9987,0,0,4.34,0.9269,1]},
{"frame":20,"values":[0.9992,0.0277,0.0284,0,-0.029,0.9985,0.0454,0,-0.0271,-0.0462,0.9986,0,0,4.34,0.9269,1]},
{"frame":21,"values":[0.9993,0.0247,0.0291,0,-0.026,0.9986,0.0466,0,-0.0279,-0.0473,0.9985,0,0,4.34,0.9269,1]},
{"frame":22,"values":[0.9993,0.0217,0.0299,0,-0.0231,0.9986,0.0473,0,-0.0288,-0.0479,0.9984,0,0,4.34,0.9269,1]},
{"frame":23,"values":[0.9994,0.0185,0.0308,0,-0.02,0.9986,0.0485,0,-0.0298,-0.0491,0.9983,0,0,4.34,0.9269,1]},
{"frame":24,"values":[0.9994,0.0153,0.0311,0,-0.0169,0.9986,0.0507,0,-0.0302,-0.0512,0.9982,0,0,4.34,0.9269,1]},
{"frame":25,"values":[0.9995,0.0125,0.0303,0,-0.0141,0.9984,0.0539,0,-0.0296,-0.0543,0.9981,0,0,4.34,0.9269,1]},
{"frame":26,"values":[0.9995,0.0115,0.0285,0,-0.0132,0.9982,0.0581,0,-0.0277,-0.0585,0.9979,0,0,4.34,0.9269,1]},
{"frame":27,"values":[0.9996,0.0125,0.0253,0,-0.014,0.998,0.062,0,-0.0245,-0.0624,0.9978,0,0,4.34,0.9269,1]},
{"frame":28,"values":[0.9997,0.014,0.0217,0,-0.0153,0.9978,0.0645,0,-0.0207,-0.0648,0.9977,0,0,4.34,0.9269,1]},
{"frame":29,"values":[0.9997,0.0153,0.0182,0,-0.0164,0.9977,0.0656,0,-0.0172,-0.0659,0.9977,0,0,4.34,0.9269,1]},
{"frame":30,"values":[0.9998,0.0137,0.0149,0,-0.0147,0.9976,0.0675,0,-0.0139,-0.0677,0.9976,0,0,4.34,0.9269,1]},
{"frame":31,"values":[0.9999,0.011,0.0115,0,-0.0118,0.9975,0.0693,0,-0.0108,-0.0694,0.9975,0,0,4.34,0.9269,1]},
{"frame":32,"values":[0.9999,0.0083,0.0077,0,-0.0088,0.9975,0.0704,0,-0.0071,-0.0704,0.9975,0,0,4.34,0.9269,1]},
{"frame":33,"values":[1,0.006,0.0039,0,-0.0062,0.9976,0.0692,0,-0.0034,-0.0692,0.9976,0,0,4.34,0.9269,1]},
{"frame":34,"values":[1,0.004,0.0001,0,-0.004,0.9978,0.0667,0,0.0002,-0.0667,0.9978,0,0,4.34,0.9269,1]},
{"frame":35,"values":[1,0.0019,-0.0034,0,-0.0016,0.9979,0.0651,0,0.0035,-0.0651,0.9979,0,0,4.34,0.9269,1]},
{"frame":36,"values":[1,-0.0005,-0.0057,0,0.0009,0.9979,0.0642,0,0.0057,-0.0642,0.9979,0,0,4.34,0.9269,1]},
{"frame":37,"values":[1,-0.0026,-0.0077,0,0.0031,0.9979,0.0647,0,0.0075,-0.0647,0.9979,0,0,4.34,0.9269,1]},
{"frame":38,"values":[1,-0.0039,-0.0091,0,0.0045,0.9979,0.0647,0,0.0089,-0.0647,0.9979,0,0,4.34,0.9269,1]},
{"frame":39,"values":[0.9999,-0.0053,-0.0099,0,0.006,0.9979,0.064,0,0.0095,-0.064,0.9979,0,0,4.34,0.9269,1]},
{"frame":40,"values":[0.9999,-0.0063,-0.0095,0,0.0069,0.998,0.063,0,0.0091,-0.063,0.998,0,0,4.34,0.9269,1]},
{"frame":41,"values":[0.9999,-0.0076,-0.0088,0,0.0081,0.9981,0.0618,0,0.0083,-0.0619,0.9981,0,0,4.34,0.9269,1]},
{"frame":42,"values":[0.9999,-0.0082,-0.0079,0,0.0086,0.9981,0.0605,0,0.0074,-0.0606,0.9981,0,0,4.34,0.9269,1]},
{"frame":43,"values":[0.9999,-0.008,-0.0068,0,0.0084,0.9982,0.0594,0,0.0064,-0.0594,0.9982,0,0,4.34,0.9269,1]},
{"frame":44,"values":[1,-0.0073,-0.006,0,0.0076,0.9983,0.0584,0,0.0055,-0.0584,0.9983,0,0,4.34,0.9269,1]},
{"frame":45,"values":[1,-0.0063,-0.0052,0,0.0066,0.9983,0.0576,0,0.0048,-0.0576,0.9983,0,0,4.34,0.9269,1]},
{"frame":46,"values":[1,-0.0053,-0.0046,0,0.0055,0.9984,0.0568,0,0.0043,-0.0568,0.9984,0,0,4.34,0.9269,1]},
{"frame":47,"values":[1,-0.0041,-0.0041,0,0.0044,0.9984,0.0561,0,0.0038,-0.0561,0.9984,0,0,4.34,0.9269,1]},
{"frame":48,"values":[1,-0.0031,-0.0036,0,0.0033,0.9985,0.0553,0,0.0035,-0.0554,0.9985,0,0,4.34,0.9269,1]}],"loopBehavior":1,"name":"anim","property":"_matrix"}},
{"name":"boss:Head","index":6,"matrix":[1,-0.0031,-0.0036,0,0.0033,0.9985,0.0553,0,0.0035,-0.0554,0.9985,0,0,4.0266,0.8585,1],"rest":[1,0,0,0,0,1,0,0,0,0,1,0,0,4.0266,0.8585,1],"parentBoneIndex":5,"length":4.1171
,"animation":{"dataType":3,"framePerSecond":24,"keys":[
{"frame":1,"values":[1,-0.0031,-0.0036,0,0.0033,0.9985,0.0553,0,0.0035,-0.0554,0.9985,0,0,4.0266,0.8585,1]},
{"frame":2,"values":[1,-0.0035,-0.0033,0,0.0037,0.9987,0.0502,0,0.0032,-0.0502,0.9987,0,0,4.0266,0.8585,1]},
{"frame":3,"values":[1,-0.0076,-0.0041,0,0.0078,0.999,0.0447,0,0.0037,-0.0447,0.999,0,0,4.0266,0.8585,1]},
{"frame":4,"values":[0.9999,-0.01,-0.0074,0,0.0103,0.9992,0.0395,0,0.007,-0.0396,0.9992,0,0,4.0266,0.8585,1]},
{"frame":5,"values":[0.9999,-0.0086,-0.011,0,0.009,0.9994,0.0349,0,0.0107,-0.035,0.9993,0,0,4.0266,0.8585,1]},
{"frame":6,"values":[0.9999,-0.0037,-0.0129,0,0.0041,0.9994,0.0343,0,0.0127,-0.0343,0.9993,0,0,4.0266,0.8585,1]},
{"frame":7,"values":[0.9999,0.0046,-0.0128,0,-0.0041,0.9993,0.0371,0,0.0129,-0.037,0.9992,0,0,4.0266,0.8585,1]},
{"frame":8,"values":[0.9999,0.0122,-0.008,0,-0.0119,0.9991,0.0401,0,0.0085,-0.04,0.9992,0,0,4.0266,0.8585,1]},
{"frame":9,"values":[0.9998,0.0196,-0.0018,0,-0.0195,0.9989,0.0421,0,0.0026,-0.0421,0.9991,0,0,4.0266,0.8585,1]},
{"frame":10,"values":[0.9997,0.0249,0.0042,0,-0.025,0.9987,0.0439,0,-0.0031,-0.044,0.999,0,0,4.0266,0.8585,1]},
{"frame":11,"values":[0.9996,0.0284,0.009,0,-0.0287,0.9988,0.0398,0,-0.0078,-0.0401,0.9992,0,0,4.0266,0.8585,1]},
{"frame":12,"values":[0.9995,0.0292,0.013,0,-0.0296,0.999,0.0332,0,-0.012,-0.0335,0.9994,0,0,4.0266,0.8585,1]},
{"frame":13,"values":[0.9994,0.0298,0.0164,0,-0.0302,0.9992,0.0272,0,-0.0156,-0.0277,0.9995,0,0,4.0266,0.8585,1]},
{"frame":14,"values":[0.9994,0.0296,0.0187,0,-0.0301,0.9992,0.0249,0,-0.0179,-0.0255,0.9995,0,0,4.0266,0.8585,1]},
{"frame":15,"values":[0.9994,0.0284,0.0204,0,-0.0289,0.9992,0.0261,0,-0.0196,-0.0266,0.9995,0,0,4.0266,0.8585,1]},
{"frame":16,"values":[0.9994,0.028,0.0222,0,-0.0287,0.9991,0.03,0,-0.0214,-0.0306,0.9993,0,0,4.0266,0.8585,1]},
{"frame":17,"values":[0.9993,0.0291,0.0243,0,-0.0299,0.9989,0.0347,0,-0.0233,-0.0354,0.9991,0,0,4.0266,0.8585,1]},
{"frame":18,"values":[0.9992,0.0301,0.0262,0,-0.0311,0.9987,0.0393,0,-0.025,-0.0401,0.9989,0,0,4.0266,0.8585,1]},
{"frame":19,"values":[0.9992,0.0301,0.0276,0,-0.0313,0.9986,0.0427,0,-0.0263,-0.0436,0.9987,0,0,4.0266,0.8585,1]},
{"frame":20,"values":[0.9992,0.0277,0.0284,0,-0.029,0.9985,0.0454,0,-0.0271,-0.0462,0.9986,0,0,4.0266,0.8585,1]},
{"frame":21,"values":[0.9993,0.0247,0.0291,0,-0.026,0.9986,0.0466,0,-0.0279,-0.0473,0.9985,0,0,4.0266,0.8585,1]},
{"frame":22,"values":[0.9993,0.0217,0.0299,0,-0.0231,0.9986,0.0473,0,-0.0288,-0.0479,0.9984,0,0,4.0266,0.8585,1]},
{"frame":23,"values":[0.9994,0.0185,0.0308,0,-0.02,0.9986,0.0485,0,-0.0298,-0.0491,0.9983,0,0,4.0266,0.8585,1]},
{"frame":24,"values":[0.9994,0.0153,0.0311,0,-0.0169,0.9986,0.0507,0,-0.0302,-0.0512,0.9982,0,0,4.0266,0.8585,1]},
{"frame":25,"values":[0.9995,0.0125,0.0303,0,-0.0141,0.9984,0.0539,0,-0.0296,-0.0543,0.9981,0,0,4.0266,0.8585,1]},
{"frame":26,"values":[0.9995,0.0115,0.0285,0,-0.0132,0.9982,0.0581,0,-0.0277,-0.0585,0.9979,0,0,4.0266,0.8585,1]},
{"frame":27,"values":[0.9996,0.0125,0.0253,0,-0.014,0.998,0.062,0,-0.0245,-0.0624,0.9978,0,0,4.0266,0.8585,1]},
{"frame":28,"values":[0.9997,0.014,0.0217,0,-0.0153,0.9978,0.0645,0,-0.0207,-0.0648,0.9977,0,0,4.0266,0.8585,1]},
{"frame":29,"values":[0.9997,0.0153,0.0182,0,-0.0164,0.9977,0.0656,0,-0.0172,-0.0659,0.9977,0,0,4.0266,0.8585,1]},
{"frame":30,"values":[0.9998,0.0137,0.0149,0,-0.0147,0.9976,0.0675,0,-0.0139,-0.0677,0.9976,0,0,4.0266,0.8585,1]},
{"frame":31,"values":[0.9999,0.011,0.0115,0,-0.0118,0.9975,0.0693,0,-0.0108,-0.0694,0.9975,0,0,4.0266,0.8585,1]},
{"frame":32,"values":[0.9999,0.0083,0.0077,0,-0.0088,0.9975,0.0704,0,-0.0071,-0.0704,0.9975,0,0,4.0266,0.8585,1]},
{"frame":33,"values":[1,0.006,0.0039,0,-0.0062,0.9976,0.0692,0,-0.0034,-0.0692,0.9976,0,0,4.0266,0.8585,1]},
{"frame":34,"values":[1,0.004,0.0001,0,-0.004,0.9978,0.0667,0,0.0002,-0.0667,0.9978,0,0,4.0266,0.8585,1]},
{"frame":35,"values":[1,0.0019,-0.0034,0,-0.0016,0.9979,0.0651,0,0.0035,-0.0651,0.9979,0,0,4.0266,0.8585,1]},
