{"producer":{"name":"Blender","version":"2.90.0","exporter_version":"2.80.1","file":"option_dismiss.babylon"},
"autoClear":true,"clearColor":[0.0509,0.0509,0.0509],"gravity":[0,-9.81,0],
"materials":[{"name":"Material","id":"Material","customType":"BABYLON.PBRMaterial","backFaceCulling":true,"checkReadyOnlyOnce":false,"maxSimultaneousLights":4,"environmentIntensity":1,"albedo":[0.8,0.8,0.8],"reflectivity":[0.5,0.5,0.5],"roughness":0.4,"alpha":1,"transparencyMode":0,"alphaCutOff":0.4,"metallic":0}],
"multiMaterials":[],
"skeletons":[{"name":"Armature","id":0,"dimensionsAtRest":[188.1767,172.4535,15.5905],"bones":[
{"name":"boss:Hips","index":0,"matrix":[0.9941,-0.0524,-0.0946,0,0.0582,0.9965,0.06,0,-0.0912,0.0652,-0.9937,0,0,95.7675,0,1],"rest":[1,0,0,0,0,1,0,0,0,0,-1,0,0,96.3794,0,1],"parentBoneIndex":-1,"length":9.9032
,"animation":{"dataType":3,"framePerSecond":24,"keys":[
{"frame":1,"values":[0.9941,-0.0524,-0.0946,0,0.0582,0.9965,0.06,0,-0.0912,0.0652,-0.9937,0,0,95.7675,0,1]},
{"frame":2,"values":[0.9944,-0.0515,-0.0927,0,0.0571,0.9966,0.0597,0,-0.0893,0.0647,-0.9939,0,-0.0051,95.7654,-0.0914,1]},
{"frame":3,"values":[0.9947,-0.0505,-0.0899,0,0.056,0.9966,0.0597,0,-0.0866,0.0644,-0.9942,0,-0.0182,95.7692,-0.2175,1]},
{"frame":4,"values":[0.995,-0.0493,-0.0866,0,0.0547,0.9967,0.0606,0,-0.0833,0.065,-0.9944,0,-0.0377,95.7739,-0.3779,1]},
{"frame":5,"values":[0.9955,-0.0479,-0.082,0,0.0531,0.9966,0.0625,0,-0.0787,0.0666,-0.9947,0,-0.0591,95.7707,-0.5545,1]},
{"frame":6,"values":[0.9961,-0.0461,-0.0758,0,0.0511,0.9966,0.0653,0,-0.0725,0.0689,-0.995,0,-0.0848,95.7655,-0.737,1]},
{"frame":7,"values":[0.9967,-0.0441,-0.0676,0,0.0487,0.9965,0.0685,0,-0.0644,0.0715,-0.9954,0,-0.1222,95.7664,-0.9262,1]},
{"frame":8,"values":[0.9975,-0.0419,-0.0572,0,0.046,0.9964,0.0717,0,-0.054,0.0742,-0.9958,0,-0.1804,95.7674,-1.1236,1]},
{"frame":9,"values":[0.9982,-0.04,-0.0444,0,0.0433,0.9962,0.0752,0,-0.0412,0.0769,-0.9962,0,-0.2687,95.7645,-1.3328,1]},
{"frame":10,"values":[0.9988,-0.0384,-0.0288,0,0.0406,0.9961,0.0789,0,-0.0256,0.08,-0.9965,0,-0.3888,95.761,-1.5578,1]},
{"frame":11,"values":[0.9992,-0.0376,-0.0106,0,0.0384,0.9958,0.083,0,-0.0075,0.0833,-0.9965,0,-0.544,95.7573,-1.7943,1]},
{"frame":12,"values":[0.9992,-0.0382,0.0096,0,0.0372,0.9955,0.0876,0,0.0129,0.0872,-0.9961,0,-0.7424,95.6791,-2.0385,1]},
{"frame":13,"values":[0.9987,-0.0399,0.0316,0,0.0368,0.9949,0.0934,0,0.0351,0.0921,-0.9951,0,-0.9768,95.5745,-2.295,1]},
{"frame":14,"values":[0.9976,-0.0424,0.0552,0,0.0367,0.9943,0.1004,0,0.0591,0.0982,-0.9934,0,-1.2334,95.4492,-2.5607,1]},
{"frame":15,"values":[0.9957,-0.0459,0.0806,0,0.037,0.9935,0.1081,0,0.085,0.1046,-0.9909,0,-1.5085,95.31,-2.8207,1]},
{"frame":16,"values":[0.993,-0.0508,0.1066,0,0.0383,0.9925,0.1158,0,0.1117,0.1109,-0.9875,0,-1.797,95.1636,-3.0581,1]},
{"frame":17,"values":[0.9899,-0.0561,0.1302,0,0.04,0.9916,0.1234,0,0.136,0.1169,-0.9838,0,-2.0833,95.0168,-3.2515,1]},
{"frame":18,"values":[0.987,-0.0608,0.149,0,0.0412,0.9905,0.1309,0,0.1555,0.1231,-0.9801,0,-2.3544,94.8764,-3.3857,1]},
{"frame":19,"values":[0.9844,-0.0647,0.1634,0,0.0421,0.9895,0.1383,0,0.1707,0.1293,-0.9768,0,-2.6054,94.749,-3.4632,1]},
{"frame":20,"values":[0.982,-0.0684,0.1763,0,0.0428,0.9885,0.1449,0,0.1842,0.1347,-0.9736,0,-2.8343,94.6417,-3.4927,1]},
{"frame":21,"values":[0.979,-0.072,0.1908,0,0.0435,0.9878,0.1494,0,0.1992,0.138,-0.9702,0,-3.0433,94.5656,-3.4931,1]},
{"frame":22,"values":[0.9748,-0.0759,0.2098,0,0.0445,0.9876,0.1507,0,0.2186,0.1376,-0.9661,0,-3.2409,94.5232,-3.4911,1]},
{"frame":23,"values":[0.9689,-0.0805,0.234,0,0.0463,0.9879,0.1481,0,0.2431,0.1326,-0.9609,0,-3.4333,94.5118,-3.5061,1]},
{"frame":24,"values":[0.9616,-0.0848,0.2609,0,0.0486,0.9886,0.1422,0,0.27,0.1241,-0.9548,0,-3.6101,94.4926,-3.5357,1]},
{"frame":25,"values":[0.9546,-0.0869,0.2849,0,0.0498,0.9896,0.135,0,0.2937,0.1147,-0.949,0,-3.7462,94.4544,-3.5657,1]},
{"frame":26,"values":[0.9496,-0.0859,0.3014,0,0.049,0.9906,0.1279,0,0.3096,0.1067,-0.9449,0,-3.8269,94.4718,-3.5799,1]},
{"frame":27,"values":[0.9474,-0.0827,0.3092,0,0.0471,0.9915,0.1209,0,0.3166,0.1,-0.9433,0,-3.8572,94.5522,-3.5665,1]},
{"frame":28,"values":[0.9471,-0.0783,0.3112,0,0.0446,0.9925,0.114,0,0.3178,0.0941,-0.9435,0,-3.8507,94.6133,-3.5293,1]},
{"frame":29,"values":[0.948,-0.0732,0.3097,0,0.0418,0.9934,0.107,0,0.3155,0.0885,-0.9448,0,-3.8243,94.61,-3.4821,1]},
{"frame":30,"values":[0.95,-0.0681,0.3046,0,0.0392,0.9942,0.1,0,0.3097,0.0831,-0.9472,0,-3.785,94.6025,-3.4378,1]},
{"frame":31,"values":[0.9532,-0.0628,0.2959,0,0.0368,0.995,0.0929,0,0.3002,0.0777,-0.9507,0,-3.7317,94.634,-3.401,1]},
{"frame":32,"values":[0.9573,-0.0569,0.2833,0,0.0337,0.9957,0.0859,0,0.287,0.0727,-0.9552,0,-3.668,94.6605,-3.368,1]},
{"frame":33,"values":[0.9628,-0.0502,0.2655,0,0.0299,0.9963,0.08,0,0.2685,0.0691,-0.9608,0,-3.5916,94.6676,-3.3209,1]},
{"frame":34,"values":[0.9697,-0.0434,0.2403,0,0.0258,0.9968,0.0758,0,0.2428,0.0673,-0.9677,0,-3.4837,94.696,-3.2183,1]},
{"frame":35,"values":[0.9775,-0.0374,0.2075,0,0.0226,0.9971,0.073,0,0.2096,0.0667,-0.9755,0,-3.3327,94.781,-3.0339,1]},
{"frame":36,"values":[0.9846,-0.0326,0.1717,0,0.0207,0.9973,0.0705,0,0.1735,0.0658,-0.9826,0,-3.1583,94.9121,-2.7997,1]},
{"frame":37,"values":[0.9902,-0.0289,0.1365,0,0.0197,0.9975,0.068,0,0.1382,0.0647,-0.9883,0,-2.9897,95.0538,-2.571,1]},
{"frame":38,"values":[0.9944,-0.0257,0.1027,0,0.0189,0.9976,0.0664,0,0.1042,0.064,-0.9925,0,-2.8368,95.169,-2.3697,1]},
{"frame":39,"values":[0.9972,-0.0226,0.0709,0,0.018,0.9977,0.0656,0,0.0722,0.0642,-0.9953,0,-2.6904,95.2508,-2.1889,1]},
{"frame":40,"values":[0.999,-0.0197,0.0414,0,0.0169,0.9977,0.0655,0,0.0426,0.0648,-0.997,0,-2.5398,95.33,-2.0253,1]},
{"frame":41,"values":[0.9997,-0.017,0.0146,0,0.016,0.9977,0.0658,0,0.0157,0.0655,-0.9977,0,-2.385,95.4216,-1.8808,1]},
{"frame":42,"values":[0.9998,-0.0149,-0.0096,0,0.0155,0.9977,0.0662,0,-0.0086,0.0663,-0.9978,0,-2.2284,95.5186,-1.7563,1]},
{"frame":43,"values":[0.9994,-0.0132,-0.0306,0,0.0152,0.9977,0.0667,0,-0.0296,0.0671,-0.9973,0,-2.0678,95.609,-1.6526,1]},
{"frame":44,"values":[0.9987,-0.0118,-0.0486,0,0.015,0.9976,0.067,0,-0.0477,0.0677,-0.9966,0,-1.9033,95.6556,-1.565,1]},
{"frame":45,"values":[0.9979,-0.0108,-0.0636,0,0.0151,0.9976,0.067,0,-0.0627,0.0678,-0.9957,0,-1.7388,95.6855,-1.4881,1]},
{"frame":46,"values":[0.9971,-0.0101,-0.0757,0,0.0152,0.9976,0.0668,0,-0.0749,0.0678,-0.9949,0,-1.5795,95.7195,-1.4261,1]},
{"frame":47,"values":[0.9963,-0.0096,-0.0854,0,0.0153,0.9977,0.0664,0,-0.0846,0.0675,-0.9941,0,-1.4293,95.7562,-1.3801,1]},
{"frame":48,"values":[0.9956,-0.0094,-0.0936,0,0.0156,0.9977,0.0658,0,-0.0927,0.067,-0.9934,0,-1.2895,95.7845,-1.3417,1]},
{"frame":49,"values":[0.9949,-0.0095,-0.1009,0,0.0161,0.9978,0.065,0,-0.1001,0.0663,-0.9928,0,-1.1594,95.8088,-1.3072,1]},
{"frame":50,"values":[0.9942,-0.0099,-0.1075,0,0.0168,0.9978,0.0642,0,-0.1067,0.0656,-0.9921,0,-1.0424,95.8349,-1.2734,1]},
{"frame":51,"values":[0.9935,-0.0106,-0.113,0,0.0178,0.9979,0.063,0,-0.1121,0.0646,-0.9916,0,-0.941,95.8508,-1.2257,1]},
{"frame":52,"values":[0.993,-0.0114,-0.1173,0,0.0188,0.9979,0.0618,0,-0.1163,0.0635,-0.9912,0,-0.8562,95.8512,-1.1546,1]},
{"frame":53,"values":[0.9926,-0.0123,-0.121,0,0.0198,0.998,0.0608,0,-0.12,0.0628,-0.9908,0,-0.7915,95.85,-1.0812,1]},
{"frame":54,"values":[0.9921,-0.0133,-0.1249,0,0.021,0.9979,0.0605,0,-0.1239,0.0627,-0.9903,0,-0.7432,95.8487,-1.0303,1]},
{"frame":55,"values":[0.9916,-0.0145,-0.1281,0,0.0224,0.9979,0.0604,0,-0.127,0.0628,-0.9899,0,-0.6986,95.8473,-0.9609,1]},
{"frame":56,"values":[0.9915,-0.0162,-0.1294,0,0.0241,0.9979,0.0598,0,-0.1282,0.0624,-0.9898,0,-0.6622,95.8459,-0.8328,1]},
{"frame":57,"values":[0.9915,-0.0183,-0.1292,0,0.0261,0.9979,0.0589,0,-0.1279,0.0618,-0.9899,0,-0.6431,95.8441,-0.6849,1]},
{"frame":58,"values":[0.9915,-0.0206,-0.1281,0,0.0283,0.9979,0.0583,0,-0.1266,0.0614,-0.99,0,-0.6321,95.842,-0.5531,1]},
{"frame":59,"values":[0.9917,-0.0232,-0.1261,0,0.0307,0.9978,0.058,0,-0.1245,0.0614,-0.9903,0,-0.6203,95.84,-0.4361,1]},
{"frame":60,"values":[0.992,-0.0259,-0.1232,0,0.0332,0.9978,0.0577,0,-0.1214,0.0613,-0.9907,0,-0.604,95.8383,-0.3229,1]},
{"frame":61,"values":[0.9924,-0.0286,-0.1201,0,0.0357,0.9977,0.0571,0,-0.1182,0.061,-0.9911,0,-0.5811,95.8363,-0.2152,1]},
{"frame":62,"values":[0.9926,-0.0313,-0.1172,0,0.0382,0.9977,0.0569,0,-0.1151,0.0609,-0.9915,0,-0.5513,95.8343,-0.1252,1]},
{"frame":63,"values":[0.9929,-0.0339,-0.1141,0,0.0406,0.9976,0.057,0,-0.1119,0.0612,-0.9918,0,-0.5157,95.8324,-0.0584,1]},
{"frame":64,"values":[0.9932,-0.0362,-0.1108,0,0.0428,0.9974,0.0575,0,-0.1084,0.0619,-0.9922,0,-0.4753,95.8305,-0.0125,1]},
{"frame":65,"values":[0.9935,-0.0383,-0.1073,0,0.0447,0.9973,0.0583,0,-0.1048,0.0628,-0.9925,0,-0.43,95.8288,0.0171,1]},
{"frame":66,"values":[0.9938,-0.0403,-0.1039,0,0.0467,0.9972,0.0592,0,-0.1012,0.0637,-0.9928,0,-0.381,95.8276,0.0309,1]},
{"frame":67,"values":[0.994,-0.0423,-0.1007,0,0.0485,0.997,0.0599,0,-0.0979,0.0644,-0.9931,0,-0.3309,95.8295,0.0301,1]},
{"frame":68,"values":[0.9943,-0.0441,-0.0976,0,0.0501,0.9969,0.0604,0,-0.0946,0.0649,-0.9934,0,-0.2817,95.8299,0.0237,1]},
{"frame":69,"values":[0.9944,-0.0457,-0.0948,0,0.0516,0.9968,0.0607,0,-0.0917,0.0652,-0.9936,0,-0.2345,95.8278,0.0257,1]},
{"frame":70,"values":[0.9946,-0.0473,-0.0927,0,0.053,0.9968,0.0606,0,-0.0895,0.0652,-0.9939,0,-0.1901,95.8256,0.038,1]},
{"frame":71,"values":[0.9946,-0.0488,-0.0914,0,0.0544,0.9967,0.0604,0,-0.0881,0.0651,-0.994,0,-0.1487,95.8235,0.0496,1]},
{"frame":72,"values":[0.9946,-0.0499,-0.0909,0,0.0556,0.9966,0.0603,0,-0.0875,0.065,-0.994,0,-0.1118,95.8202,0.0576,1]},
{"frame":73,"values":[0.9946,-0.0508,-0.091,0,0.0565,0.9966,0.0601,0,-0.0876,0.0649,-0.994,0,-0.0818,95.816,0.0632,1]},
{"frame":74,"values":[0.9944,-0.0516,-0.0917,0,0.0572,0.9966,0.06,0,-0.0883,0.0649,-0.994,0,-0.0591,95.8111,0.0644,1]},
{"frame":75,"values":[0.9943,-0.0521,-0.0929,0,0.0578,0.9965,0.0598,0,-0.0895,0.0649,-0.9939,0,-0.0424,95.8046,0.0601,1]},
{"frame":76,"values":[0.9942,-0.0525,-0.0942,0,0.0582,0.9965,0.0597,0,-0.0907,0.0649,-0.9938,0,-0.0285,95.798,0.05,1]},
{"frame":77,"values":[0.9941,-0.0525,-0.0951,0,0.0584,0.9965,0.0597,0,-0.0916,0.0649,-0.9937,0,-0.0156,95.7908,0.0355,1]},
{"frame":78,"values":[0.9941,-0.0525,-0.0953,0,0.0584,0.9965,0.0598,0,-0.0918,0.065,-0.9937,0,-0.0054,95.7809,0.019,1]},
{"frame":79,"values":[0.9941,-0.0525,-0.0946,0,0.0583,0.9965,0.06,0,-0.0912,0.0652,-0.9937,0,0,95.7675,0,1]}],"loopBehavior":1,"name":"anim","property":"_matrix"}},
{"name":"boss:Spine","index":1,"matrix":[0.9988,0.042,-0.0243,0,-0.0405,0.9975,0.0587,0,0.0267,-0.0577,0.998,0,0,9.2263,1.5771,1],"rest":[1,0,0,0,0,1,0,0,0,0,1,0,0,9.2263,1.5771,1],"parentBoneIndex":0,"length":16.2548
,"animation":{"dataType":3,"framePerSecond":24,"keys":[
{"frame":1,"values":[0.9988,0.042,-0.0243,0,-0.0405,0.9975,0.0587,0,0.0267,-0.0577,0.998,0,0,9.2263,1.5771,1]},
{"frame":2,"values":[0.9988,0.0418,-0.0243,0,-0.0403,0.9975,0.0584,0,0.0267,-0.0574,0.998,0,0,9.2263,1.5771,1]},
{"frame":3,"values":[0.9989,0.0411,-0.0246,0,-0.0396,0.9975,0.0579,0,0.0269,-0.0568,0.998,0,0,9.2263,1.5771,1]},
{"frame":4,"values":[0.9989,0.04,-0.0258,0,-0.0385,0.9976,0.0574,0,0.028,-0.0563,0.998,0,0,9.2263,1.5771,1]},
{"frame":5,"values":[0.9989,0.0385,-0.0273,0,-0.0369,0.9977,0.0572,0,0.0295,-0.0561,0.998,0,0,9.2263,1.5771,1]},
{"frame":6,"values":[0.9989,0.0364,-0.0293,0,-0.0347,0.9978,0.0572,0,0.0313,-0.0561,0.9979,0,0,9.2263,1.5771,1]},
{"frame":7,"values":[0.9989,0.0339,-0.0318,0,-0.032,0.9978,0.0572,0,0.0336,-0.0561,0.9979,0,0,9.2263,1.5771,1]},
{"frame":8,"values":[0.9989,0.031,-0.0351,0,-0.0289,0.9979,0.0572,0,0.0368,-0.0561,0.9977,0,0,9.2263,1.5771,1]},
{"frame":9,"values":[0.9988,0.0276,-0.0396,0,-0.0253,0.998,0.0571,0,0.0411,-0.0561,0.9976,0,0,9.2263,1.5771,1]},
{"frame":10,"values":[0.9987,0.0237,-0.0454,0,-0.0211,0.9982,0.057,0,0.0466,-0.0559,0.9973,0,0,9.2263,1.5771,1]},
{"frame":11,"values":[0.9984,0.0193,-0.0523,0,-0.0163,0.9983,0.0565,0,0.0533,-0.0556,0.997,0,0,9.2263,1.5771,1]},
{"frame":12,"values":[0.9981,0.0141,-0.0603,0,-0.0107,0.9984,0.0557,0,0.061,-0.0549,0.9966,0,0,9.2263,1.5771,1]},
{"frame":13,"values":[0.9976,0.0083,-0.069,0,-0.0046,0.9985,0.0548,0,0.0693,-0.0543,0.9961,0,0,9.2263,1.5771,1]},
{"frame":14,"values":[0.9969,0.0021,-0.0786,0,0.0022,0.9985,0.054,0,0.0786,-0.054,0.9954,0,0,9.2263,1.5771,1]},
{"frame":15,"values":[0.996,-0.0046,-0.0893,0,0.0094,0.9985,0.0536,0,0.0889,-0.0542,0.9946,0,0,9.2263,1.5771,1]},
{"frame":16,"values":[0.9949,-0.0114,-0.1006,0,0.0169,0.9984,0.0534,0,0.0998,-0.0549,0.9935,0,0,9.2263,1.5771,1]},
{"frame":17,"values":[0.9937,-0.0182,-0.111,0,0.0243,0.9983,0.0534,0,0.1098,-0.0558,0.9924,0,0,9.2263,1.5771,1]},
{"frame":18,"values":[0.9925,-0.0246,-0.1195,0,0.0312,0.9981,0.0535,0,0.118,-0.0569,0.9914,0,0,9.2263,1.5771,1]},
{"frame":19,"values":[0.9915,-0.0306,-0.1262,0,0.0376,0.9978,0.0539,0,0.1243,-0.0582,0.9905,0,0,9.2263,1.5771,1]},
{"frame":20,"values":[0.9906,-0.0363,-0.132,0,0.0438,0.9976,0.0542,0,0.1297,-0.0594,0.9898,0,0,9.2263,1.5771,1]},
{"frame":21,"values":[0.9895,-0.0421,-0.1384,0,0.05,0.9973,0.0542,0,0.1358,-0.0606,0.9889,0,0,9.2263,1.5771,1]},
{"frame":22,"values":[0.988,-0.0483,-0.1468,0,0.0568,0.9969,0.0544,0,0.1437,-0.0621,0.9877,0,0,9.2263,1.5771,1]},
{"frame":23,"values":[0.9861,-0.0549,-0.1569,0,0.0642,0.9964,0.0553,0,0.1533,-0.0646,0.9861,0,0,9.2263,1.5771,1]},
{"frame":24,"values":[0.9841,-0.0608,-0.1668,0,0.0712,0.9958,0.0569,0,0.1627,-0.0679,0.9843,0,0,9.2263,1.5771,1]},
{"frame":25,"values":[0.9825,-0.0657,-0.1742,0,0.077,0.9953,0.0588,0,0.1695,-0.0712,0.983,0,0,9.2263,1.5771,1]},
{"frame":26,"values":[0.9815,-0.0698,-0.1784,0,0.0818,0.9948,0.0606,0,0.1733,-0.0741,0.9821,0,0,9.2263,1.5771,1]},
{"frame":27,"values":[0.9807,-0.0732,-0.1814,0,0.0857,0.9944,0.0624,0,0.1758,-0.0768,0.9814,0,0,9.2263,1.5771,1]},
{"frame":28,"values":[0.9802,-0.0751,-0.1831,0,0.0882,0.994,0.0641,0,0.1772,-0.079,0.981,0,0,9.2263,1.5771,1]},
{"frame":29,"values":[0.9803,-0.0758,-0.1825,0,0.0891,0.9939,0.0654,0,0.1764,-0.0804,0.981,0,0,9.2263,1.5771,1]},
{"frame":30,"values":[0.9806,-0.0759,-0.1806,0,0.0891,0.9938,0.0664,0,0.1745,-0.0813,0.9813,0,0,9.2263,1.5771,1]},
{"frame":31,"values":[0.9812,-0.0753,-0.1775,0,0.0885,0.9938,0.0671,0,0.1714,-0.0816,0.9818,0,0,9.2263,1.5771,1]},
{"frame":32,"values":[0.9822,-0.0742,-0.1728,0,0.087,0.9939,0.0677,0,0.1668,-0.0816,0.9826,0,0,9.2263,1.5771,1]},
{"frame":33,"values":[0.9834,-0.0726,-0.1662,0,0.085,0.994,0.0688,0,0.1602,-0.0818,0.9837,0,0,9.2263,1.5771,1]},
{"frame":34,"values":[0.985,-0.0707,-0.1576,0,0.0826,0.9941,0.0705,0,0.1517,-0.0825,0.985,0,0,9.2263,1.5771,1]},
{"frame":35,"values":[0.9868,-0.0681,-0.1469,0,0.0794,0.9942,0.0728,0,0.1411,-0.0835,0.9865,0,0,9.2263,1.5771,1]},
{"frame":36,"values":[0.9887,-0.0651,-0.1348,0,0.0756,0.9943,0.0747,0,0.1292,-0.084,0.9881,0,0,9.2263,1.5771,1]},
{"frame":37,"values":[0.9906,-0.0621,-0.1221,0,0.0717,0.9945,0.0758,0,0.1168,-0.0838,0.9896,0,0,9.2263,1.5771,1]},
{"frame":38,"values":[0.9922,-0.0589,-0.1097,0,0.0675,0.9948,0.0764,0,0.1046,-0.0832,0.991,0,0,9.2263,1.5771,1]},
{"frame":39,"values":[0.9937,-0.0553,-0.0979,0,0.063,0.9951,0.0767,0,0.0932,-0.0824,0.9922,0,0,9.2263,1.5771,1]},
{"frame":40,"values":[0.9949,-0.0515,-0.0871,0,0.0583,0.9953,0.077,0,0.0828,-0.0817,0.9932,0,0,9.2263,1.5771,1]},
{"frame":41,"values":[0.9959,-0.0477,-0.0772,0,0.0537,0.9956,0.0773,0,0.0732,-0.0811,0.994,0,0,9.2263,1.5771,1]},
{"frame":42,"values":[0.9967,-0.0439,-0.0684,0,0.0491,0.9958,0.0775,0,0.0647,-0.0806,0.9946,0,0,9.2263,1.5771,1]},
{"frame":43,"values":[0.9973,-0.0401,-0.0609,0,0.0447,0.996,0.0776,0,0.0576,-0.0801,0.9951,0,0,9.2263,1.5771,1]},
{"frame":44,"values":[0.9978,-0.0364,-0.0546,0,0.0405,0.9962,0.0774,0,0.0516,-0.0795,0.9955,0,0,9.2263,1.5771,1]},
{"frame":45,"values":[0.9983,-0.0324,-0.0492,0,0.0361,0.9964,0.077,0,0.0465,-0.0787,0.9958,0,0,9.2263,1.5771,1]},
{"frame":46,"values":[0.9986,-0.0283,-0.0443,0,0.0316,0.9966,0.0766,0,0.042,-0.0779,0.9961,0,0,9.2263,1.5771,1]},
{"frame":47,"values":[0.9989,-0.0242,-0.0401,0,0.0272,0.9967,0.0761,0,0.0382,-0.0771,0.9963,0,0,9.2263,1.5771,1]},
{"frame":48,"values":[0.9991,-0.0202,-0.0364,0,0.0229,0.9969,0.0755,0,0.0348,-0.0762,0.9965,0,0,9.2263,1.5771,1]},
{"frame":49,"values":[0.9993,-0.0164,-0.0332,0,0.0188,0.997,0.0748,0,0.0319,-0.0754,0.9966,0,0,9.2263,1.5771,1]},
{"frame":50,"values":[0.9995,-0.0128,-0.0306,0,0.015,0.9971,0.0742,0,0.0295,-0.0746,0.9968,0,0,9.2263,1.5771,1]},
{"frame":51,"values":[0.9996,-0.0094,-0.0284,0,0.0114,0.9972,0.0736,0,0.0277,-0.0739,0.9969,0,0,9.2263,1.5771,1]},
{"frame":52,"values":[0.9996,-0.0065,-0.0268,0,0.0084,0.9973,0.0732,0,0.0262,-0.0734,0.997,0,0,9.2263,1.5771,1]},
{"frame":53,"values":[0.9997,-0.0039,-0.0254,0,0.0057,0.9973,0.0729,0,0.0251,-0.073,0.997,0,0,9.2263,1.5771,1]},
{"frame":54,"values":[0.9997,-0.0011,-0.0244,0,0.0028,0.9974,0.0725,0,0.0243,-0.0725,0.9971,0,0,9.2263,1.5771,1]},
{"frame":55,"values":[0.9997,0.0021,-0.0237,0,-0.0003,0.9974,0.072,0,0.0238,-0.072,0.9971,0,0,9.2263,1.5771,1]},
{"frame":56,"values":[0.9997,0.0045,-0.0234,0,-0.0028,0.9974,0.0714,0,0.0236,-0.0713,0.9972,0,0,9.2263,1.5771,1]},
{"frame":57,"values":[0.9997,0.0062,-0.0234,0,-0.0046,0.9975,0.0707,0,0.0238,-0.0706,0.9972,0,0,9.2263,1.5771,1]},
{"frame":58,"values":[0.9997,0.008,-0.0238,0,-0.0063,0.9975,0.0701,0,0.0243,-0.0699,0.9973,0,0,9.2263,1.5771,1]},
{"frame":59,"values":[0.9997,0.0099,-0.0241,0,-0.0082,0.9976,0.0694,0,0.0248,-0.0692,0.9973,0,0,9.2263,1.5771,1]},
{"frame":60,"values":[0.9996,0.0121,-0.0244,0,-0.0104,0.9976,0.0687,0,0.0252,-0.0684,0.9973,0,0,9.2263,1.5771,1]},
{"frame":61,"values":[0.9996,0.0144,-0.0247,0,-0.0127,0.9976,0.0677,0,0.0256,-0.0674,0.9974,0,0,9.2263,1.5771,1]},
{"frame":62,"values":[0.9995,0.017,-0.025,0,-0.0153,0.9976,0.0668,0,0.026,-0.0664,0.9975,0,0,9.2263,1.5771,1]},
{"frame":63,"values":[0.9995,0.0195,-0.0251,0,-0.0179,0.9977,0.0661,0,0.0263,-0.0656,0.9975,0,0,9.2263,1.5771,1]},
{"frame":64,"values":[0.9994,0.0218,-0.0251,0,-0.0202,0.9977,0.0653,0,0.0264,-0.0648,0.9975,0,0,9.2263,1.5771,1]},
{"frame":65,"values":[0.9994,0.0239,-0.025,0,-0.0223,0.9977,0.0646,0,0.0265,-0.064,0.9976,0,0,9.2263,1.5771,1]},
{"frame":66,"values":[0.9994,0.026,-0.0249,0,-0.0244,0.9977,0.0639,0,0.0265,-0.0632,0.9976,0,0,9.2263,1.5771,1]},
{"frame":67,"values":[0.9993,0.028,-0.0249,0,-0.0264,0.9977,0.063,0,0.0266,-0.0623,0.9977,0,0,9.2263,1.5771,1]},
{"frame":68,"values":[0.9992,0.0299,-0.0248,0,-0.0283,0.9977,0.0622,0,0.0266,-0.0615,0.9978,0,0,9.2263,1.5771,1]},
{"frame":69,"values":[0.9992,0.0317,-0.0247,0,-0.0301,0.9976,0.0616,0,0.0266,-0.0608,0.9978,0,0,9.2263,1.5771,1]},
{"frame":70,"values":[0.9991,0.0334,-0.0247,0,-0.0318,0.9976,0.061,0,0.0266,-0.0601,0.9978,0,0,9.2263,1.5771,1]},
{"frame":71,"values":[0.9991,0.035,-0.0246,0,-0.0334,0.9976,0.0604,0,0.0266,-0.0595,0.9979,0,0,9.2263,1.5771,1]},
{"frame":72,"values":[0.999,0.0365,-0.0245,0,-0.035,0.9976,0.0599,0,0.0266,-0.059,0.9979,0,0,9.2263,1.5771,1]},
{"frame":73,"values":[0.999,0.038,-0.0244,0,-0.0364,0.9976,0.0595,0,0.0266,-0.0586,0.9979,0,0,9.2263,1.5771,1]},
{"frame":74,"values":[0.9989,0.0392,-0.0244,0,-0.0377,0.9975,0.0592,0,0.0266,-0.0582,0.998,0,0,9.2263,1.5771,1]},
{"frame":75,"values":[0.9989,0.0402,-0.0243,0,-0.0388,0.9975,0.0589,0,0.0266,-0.0579,0.998,0,0,9.2263,1.5771,1]},
{"frame":76,"values":[0.9989,0.0411,-0.0243,0,-0.0396,0.9975,0.0587,0,0.0266,-0.0577,0.998,0,0,9.2263,1.5771,1]},
{"frame":77,"values":[0.9988,0.0417,-0.0242,0,-0.0402,0.9975,0.0586,0,0.0266,-0.0576,0.998,0,0,9.2263,1.5771,1]},
{"frame":78,"values":[0.9988,0.0421,-0.0242,0,-0.0406,0.9975,0.0586,0,0.0266,-0.0576,0.998,0,0,9.2263,1.5771,1]},
{"frame":79,"values":[0.9988,0.0422,-0.0242,0,-0.0407,0.9974,0.0586,0,0.0266,-0.0576,0.998,0,0,9.2263,1.5771,1]}],"loopBehavior":1,"name":"anim","property":"_matrix"}},
{"name":"boss:Spine1","index":2,"matrix":[0.9996,0.0272,-0.0054,0,-0.027,0.9994,0.0203,0,0.0059,-0.0201,0.9998,0,0,16.254,-0.1656,1],"rest":[1,0,0,0,0,1,0,0,0,0,1,0,0,16.254,-0.1656,1],"parentBoneIndex":1,"length":13.7007
,"animation":{"dataType":3,"framePerSecond":24,"keys":[
{"frame":1,"values":[0.9996,0.0272,-0.0054,0,-0.027,0.9994,0.0203,0,0.0059,-0.0201,0.9998,0,0,16.254,-0.1656,1]},
{"frame":2,"values":[0.9996,0.0271,-0.0055,0,-0.027,0.9994,0.0195,0,0.0061,-0.0193,0.9998,0,0,16.254,-0.1656,1]},
{"frame":3,"values":[0.9996,0.0268,-0.0059,0,-0.0267,0.9995,0.018,0,0.0064,-0.0178,0.9998,0,0,16.254,-0.1656,1]},
{"frame":4,"values":[0.9996,0.0265,-0.0062,0,-0.0264,0.9995,0.0164,0,0.0067,-0.0162,0.9998,0,0,16.254,-0.1656,1]},
{"frame":5,"values":[0.9996,0.0262,-0.0063,0,-0.0261,0.9995,0.0151,0,0.0067,-0.0149,0.9999,0,0,16.254,-0.1656,1]},
{"frame":6,"values":[0.9996,0.0258,-0.0063,0,-0.0257,0.9996,0.0139,0,0.0066,-0.0138,0.9999,0,0,16.254,-0.1656,1]},
{"frame":7,"values":[0.9997,0.0251,-0.0063,0,-0.025,0.9996,0.0127,0,0.0066,-0.0126,0.9999,0,0,16.254,-0.1656,1]},
{"frame":8,"values":[0.9997,0.0243,-0.0065,0,-0.0242,0.9996,0.0114,0,0.0068,-0.0112,0.9999,0,0,16.254,-0.1656,1]},
{"frame":9,"values":[0.9997,0.0231,-0.0074,0,-0.0231,0.9997,0.0099,0,0.0076,-0.0097,0.9999,0,0,16.254,-0.1656,1]},
{"frame":10,"values":[0.9997,0.0215,-0.0091,0,-0.0214,0.9997,0.0081,0,0.0093,-0.0079,0.9999,0,0,16.254,-0.1656,1]},
{"frame":11,"values":[0.9997,0.0192,-0.0116,0,-0.0191,0.9998,0.0058,0,0.0117,-0.0056,0.9999,0,0,16.254,-0.1656,1]},
{"frame":12,"values":[0.9998,0.0161,-0.0147,0,-0.016,0.9999,0.0031,0,0.0147,-0.0028,0.9999,0,0,16.254,-0.1656,1]},
{"frame":13,"values":[0.9998,0.0122,-0.0182,0,-0.0122,0.9999,0.0003,0,0.0182,-0.0001,0.9998,0,0,16.254,-0.1656,1]},
{"frame":14,"values":[0.9997,0.0077,-0.0223,0,-0.0077,1,-0.002,0,0.0223,0.0022,0.9997,0,0,16.254,-0.1656,1]},
{"frame":15,"values":[0.9996,0.0027,-0.0274,0,-0.0028,1,-0.0036,0,0.0274,0.0037,0.9996,0,0,16.254,-0.1656,1]},
{"frame":16,"values":[0.9994,-0.0023,-0.0331,0,0.0022,1,-0.0047,0,0.0332,0.0046,0.9994,0,0,16.254,-0.1656,1]},
{"frame":17,"values":[0.9992,-0.0071,-0.0386,0,0.0069,1,-0.0055,0,0.0386,0.0052,0.9992,0,0,16.254,-0.1656,1]},
{"frame":18,"values":[0.999,-0.0113,-0.0431,0,0.0111,0.9999,-0.0062,0,0.0432,0.0057,0.9991,0,0,16.254,-0.1656,1]},
{"frame":19,"values":[0.9988,-0.015,-0.0466,0,0.0146,0.9999,-0.0069,0,0.0467,0.0062,0.9989,0,0,16.254,-0.1656,1]},
{"frame":20,"values":[0.9986,-0.0181,-0.0495,0,0.0177,0.9998,-0.0076,0,0.0496,0.0067,0.9987,0,0,16.254,-0.1656,1]},
{"frame":21,"values":[0.9984,-0.0211,-0.0527,0,0.0207,0.9998,-0.0083,0,0.0528,0.0072,0.9986,0,0,16.254,-0.1656,1]},
{"frame":22,"values":[0.9981,-0.0248,-0.0569,0,0.0243,0.9997,-0.0084,0,0.0571,0.007,0.9983,0,0,16.254,-0.1656,1]},
{"frame":23,"values":[0.9977,-0.0289,-0.0615,0,0.0285,0.9996,-0.0068,0,0.0616,0.005,0.9981,0,0,16.254,-0.1656,1]},
{"frame":24,"values":[0.9974,-0.0325,-0.0643,0,0.0324,0.9995,-0.0037,0,0.0644,0.0016,0.9979,0,0,16.254,-0.1656,1]},
{"frame":25,"values":[0.9973,-0.0349,-0.0641,0,0.035,0.9994,-0.0004,0,0.064,-0.0018,0.9979,0,0,16.254,-0.1656,1]},
{"frame":26,"values":[0.9974,-0.0363,-0.0625,0,0.0365,0.9993,0.0023,0,0.0624,-0.0046,0.998,0,0,16.254,-0.1656,1]},
{"frame":27,"values":[0.9974,-0.0365,-0.062,0,0.0369,0.9993,0.0048,0,0.0618,-0.0071,0.9981,0,0,16.254,-0.1656,1]},
{"frame":28,"values":[0.9974,-0.035,-0.0622,0,0.0355,0.9993,0.007,0,0.0619,-0.0092,0.998,0,0,16.254,-0.1656,1]},
{"frame":29,"values":[0.9976,-0.032,-0.0618,0,0.0326,0.9994,0.0086,0,0.0615,-0.0106,0.998,0,0,16.254,-0.1656,1]},
{"frame":30,"values":[0.9977,-0.0284,-0.0609,0,0.029,0.9995,0.0095,0,0.0606,-0.0113,0.9981,0,0,16.254,-0.1656,1]},
{"frame":31,"values":[0.9979,-0.0245,-0.0597,0,0.0251,0.9996,0.0097,0,0.0595,-0.0112,0.9982,0,0,16.254,-0.1656,1]},
{"frame":32,"values":[0.9981,-0.02,-0.0577,0,0.0206,0.9997,0.0094,0,0.0575,-0.0106,0.9983,0,0,16.254,-0.1656,1]},
{"frame":33,"values":[0.9984,-0.0154,-0.0547,0,0.0159,0.9998,0.0096,0,0.0546,-0.0105,0.9985,0,0,16.254,-0.1656,1]},
{"frame":34,"values":[0.9986,-0.0106,-0.0519,0,0.0112,0.9999,0.0108,0,0.0518,-0.0113,0.9986,0,0,16.254,-0.1656,1]},
{"frame":35,"values":[0.9988,-0.0053,-0.049,0,0.006,0.9999,0.0125,0,0.0489,-0.0128,0.9987,0,0,16.254,-0.1656,1]},
{"frame":36,"values":[0.999,0,-0.045,0,0.0007,0.9999,0.0137,0,0.045,-0.0137,0.9989,0,0,16.254,-0.1656,1]},
{"frame":37,"values":[0.9992,0.0047,-0.0399,0,-0.0042,0.9999,0.0138,0,0.0399,-0.0136,0.9991,0,0,16.254,-0.1656,1]},
{"frame":38,"values":[0.9994,0.0092,-0.0344,0,-0.0087,0.9999,0.0132,0,0.0345,-0.0129,0.9993,0,0,16.254,-0.1656,1]},
{"frame":39,"values":[0.9995,0.0136,-0.0292,0,-0.0132,0.9998,0.0126,0,0.0294,-0.0122,0.9995,0,0,16.254,-0.1656,1]},
{"frame":40,"values":[0.9995,0.018,-0.0246,0,-0.0177,0.9998,0.0121,0,0.0248,-0.0117,0.9996,0,0,16.254,-0.1656,1]},
{"frame":41,"values":[0.9995,0.0222,-0.0202,0,-0.022,0.9997,0.012,0,0.0205,-0.0115,0.9997,0,0,16.254,-0.1656,1]},
{"frame":42,"values":[0.9995,0.0262,-0.0165,0,-0.026,0.9996,0.0121,0,0.0168,-0.0117,0.9998,0,0,16.254,-0.1656,1]},
{"frame":43,"values":[0.9995,0.0297,-0.0137,0,-0.0295,0.9995,0.0124,0,0.0141,-0.0119,0.9998,0,0,16.254,-0.1656,1]},
{"frame":44,"values":[0.9994,0.0327,-0.0116,0,-0.0326,0.9994,0.0124,0,0.012,-0.012,0.9999,0,0,16.254,-0.1656,1]},
{"frame":45,"values":[0.9993,0.0355,-0.0095,0,-0.0354,0.9993,0.0124,0,0.01,-0.0121,0.9999,0,0,16.254,-0.1656,1]},
{"frame":46,"values":[0.9992,0.0381,-0.0072,0,-0.038,0.9992,0.0124,0,0.0077,-0.0121,0.9999,0,0,16.254,-0.1656,1]},
{"frame":47,"values":[0.9992,0.0403,-0.0048,0,-0.0402,0.9991,0.0124,0,0.0053,-0.0122,0.9999,0,0,16.254,-0.1656,1]},
{"frame":48,"values":[0.9991,0.0422,-0.0026,0,-0.0422,0.999,0.0124,0,0.0031,-0.0122,0.9999,0,0,16.254,-0.1656,1]},
{"frame":49,"values":[0.999,0.0437,-0.0009,0,-0.0437,0.999,0.0124,0,0.0014,-0.0123,0.9999,0,0,16.254,-0.1656,1]},
{"frame":50,"values":[0.999,0.0448,0.0003,0,-0.0448,0.9989,0.0125,0,0.0003,-0.0125,0.9999,0,0,16.254,-0.1656,1]},
{"frame":51,"values":[0.999,0.0456,0.001,0,-0.0456,0.9989,0.0128,0,-0.0004,-0.0129,0.9999,0,0,16.254,-0.1656,1]},
{"frame":52,"values":[0.9989,0.046,0.0015,0,-0.046,0.9988,0.0135,0,-0.0009,-0.0136,0.9999,0,0,16.254,-0.1656,1]},
{"frame":53,"values":[0.9989,0.046,0.0016,0,-0.046,0.9988,0.0143,0,-0.001,-0.0144,0.9999,0,0,16.254,-0.1656,1]},
{"frame":54,"values":[0.999,0.0452,0.0011,0,-0.0452,0.9989,0.015,0,-0.0005,-0.015,0.9999,0,0,16.254,-0.1656,1]},
{"frame":55,"values":[0.999,0.0439,0.0005,0,-0.0439,0.9989,0.0156,0,0.0002,-0.0156,0.9999,0,0,16.254,-0.1656,1]},
{"frame":56,"values":[0.9991,0.0426,0.0001,0,-0.0426,0.999,0.0163,0,0.0006,-0.0163,0.9999,0,0,16.254,-0.1656,1]},
{"frame":57,"values":[0.9991,0.0415,-0.0003,0,-0.0415,0.999,0.017,0,0.001,-0.017,0.9999,0,0,16.254,-0.1656,1]},
{"frame":58,"values":[0.9992,0.0403,-0.0012,0,-0.0403,0.999,0.0176,0,0.0019,-0.0176,0.9998,0,0,16.254,-0.1656,1]},
{"frame":59,"values":[0.9992,0.039,-0.0022,0,-0.039,0.9991,0.0183,0,0.0029,-0.0182,0.9998,0,0,16.254,-0.1656,1]},
{"frame":60,"values":[0.9993,0.0379,-0.0029,0,-0.0378,0.9991,0.0186,0,0.0037,-0.0185,0.9998,0,0,16.254,-0.1656,1]},
{"frame":61,"values":[0.9993,0.0368,-0.0037,0,-0.0367,0.9992,0.0187,0,0.0044,-0.0185,0.9998,0,0,16.254,-0.1656,1]},
{"frame":62,"values":[0.9994,0.0356,-0.0044,0,-0.0355,0.9992,0.0187,0,0.0051,-0.0186,0.9998,0,0,16.254,-0.1656,1]},
{"frame":63,"values":[0.9994,0.0346,-0.0049,0,-0.0345,0.9992,0.0189,0,0.0056,-0.0187,0.9998,0,0,16.254,-0.1656,1]},
{"frame":64,"values":[0.9994,0.0336,-0.0051,0,-0.0335,0.9993,0.0191,0,0.0057,-0.0189,0.9998,0,0,16.254,-0.1656,1]},
{"frame":65,"values":[0.9995,0.0327,-0.0052,0,-0.0326,0.9993,0.0192,0,0.0058,-0.019,0.9998,0,0,16.254,-0.1656,1]},
{"frame":66,"values":[0.9995,0.032,-0.0052,0,-0.0319,0.9993,0.0191,0,0.0058,-0.0189,0.9998,0,0,16.254,-0.1656,1]},
{"frame":67,"values":[0.9995,0.0313,-0.0053,0,-0.0312,0.9993,0.0191,0,0.0059,-0.0189,0.9998,0,0,16.254,-0.1656,1]},
{"frame":68,"values":[0.9995,0.0306,-0.0055,0,-0.0305,0.9994,0.019,0,0.0061,-0.0189,0.9998,0,0,16.254,-0.1656,1]},
{"frame":69,"values":[0.9995,0.0299,-0.0056,0,-0.0298,0.9994,0.019,0,0.0062,-0.0188,0.9998,0,0,16.254,-0.1656,1]},
{"frame":70,"values":[0.9996,0.0294,-0.0057,0,-0.0293,0.9994,0.019,0,0.0062,-0.0188,0.9998,0,0,16.254,-0.1656,1]},
{"frame":71,"values":[0.9996,0.0289,-0.0057,0,-0.0288,0.9994,0.0191,0,0.0062,-0.0189,0.9998,0,0,16.254,-0.1656,1]},
{"frame":72,"values":[0.9996,0.0284,-0.0057,0,-0.0283,0.9994,0.0192,0,0.0063,-0.019,0.9998,0,0,16.254,-0.1656,1]},
{"frame":73,"values":[0.9996,0.028,-0.0057,0,-0.0279,0.9994,0.0193,0,0.0063,-0.0191,0.9998,0,0,16.254,-0.1656,1]},
{"frame":74,"values":[0.9996,0.0277,-0.0057,0,-0.0276,0.9994,0.0194,0,0.0062,-0.0192,0.9998,0,0,16.254,-0.1656,1]},
{"frame":75,"values":[0.9996,0.0275,-0.0057,0,-0.0274,0.9994,0.0195,0,0.0062,-0.0193,0.9998,0,0,16.254,-0.1656,1]},
{"frame":76,"values":[0.9996,0.0273,-0.0057,0,-0.0272,0.9994,0.0196,0,0.0062,-0.0194,0.9998,0,0,16.254,-0.1656,1]},
{"frame":77,"values":[0.9996,0.0272,-0.0056,0,-0.0271,0.9994,0.0197,0,0.0061,-0.0195,0.9998,0,0,16.254,-0.1656,1]},
{"frame":78,"values":[0.9996,0.0272,-0.0055,0,-0.0271,0.9994,0.0199,0,0.006,-0.0197,0.9998,0,0,16.254,-0.1656,1]},
{"frame":79,"values":[0.9996,0.0272,-0.0054,0,-0.0271,0.9994,0.0203,0,0.006,-0.0201,0.9998,0,0,16.254,-0.1656,1]}],"loopBehavior":1,"name":"anim","property":"_matrix"}},
{"name":"boss:Spine2","index":3,"matrix":[0.9996,0.0273,-0.0058,0,-0.0271,0.9994,0.0198,0,0.0063,-0.0197,0.9998,0,0,13.6396,-1.2923,1],"rest":[1,0,0,0,0,1,0,0,0,0,1,0,0,13.6396,-1.2923,1],"parentBoneIndex":2,"length":13.1719
,"animation":{"dataType":3,"framePerSecond":24,"keys":[
{"frame":1,"values":[0.9996,0.0273,-0.0058,0,-0.0271,0.9994,0.0198,0,0.0063,-0.0197,0.9998,0,0,13.6396,-1.2923,1]},
{"frame":2,"values":[0.9996,0.0272,-0.0059,0,-0.0271,0.9995,0.019,0,0.0065,-0.0189,0.9998,0,0,13.6396,-1.2923,1]},
{"frame":3,"values":[0.9996,0.027,-0.0063,0,-0.0268,0.9995,0.0176,0,0.0068,-0.0174,0.9998,0,0,13.6396,-1.2923,1]},
{"frame":4,"values":[0.9996,0.0267,-0.0066,0,-0.0265,0.9995,0.0159,0,0.0071,-0.0158,0.9999,0,0,13.6396,-1.2923,1]},
{"frame":5,"values":[0.9996,0.0263,-0.0067,0,-0.0262,0.9995,0.0146,0,0.0071,-0.0144,0.9999,0,0,13.6396,-1.2923,1]},
{"frame":6,"values":[0.9996,0.0259,-0.0067,0,-0.0258,0.9996,0.0134,0,0.0071,-0.0133,0.9999,0,0,13.6396,-1.2923,1]},
{"frame":7,"values":[0.9997,0.0252,-0.0067,0,-0.0251,0.9996,0.0122,0,0.007,-0.0121,0.9999,0,0,13.6396,-1.2923,1]},
{"frame":8,"values":[0.9997,0.0244,-0.007,0,-0.0243,0.9996,0.0109,0,0.0073,-0.0107,0.9999,0,0,13.6396,-1.2923,1]},
{"frame":9,"values":[0.9997,0.0232,-0.0079,0,-0.0232,0.9997,0.0093,0,0.0082,-0.0091,0.9999,0,0,13.6396,-1.2923,1]},
{"frame":10,"values":[0.9997,0.0216,-0.0097,0,-0.0215,0.9997,0.0075,0,0.0098,-0.0073,0.9999,0,0,13.6396,-1.2923,1]},
{"frame":11,"values":[0.9997,0.0193,-0.0122,0,-0.0192,0.9998,0.0052,0,0.0123,-0.005,0.9999,0,0,13.6396,-1.2923,1]},
{"frame":12,"values":[0.9998,0.0162,-0.0153,0,-0.0162,0.9999,0.0025,0,0.0154,-0.0022,0.9999,0,0,13.6396,-1.2923,1]},
{"frame":13,"values":[0.9997,0.0124,-0.0189,0,-0.0124,0.9999,-0.0003,0,0.0189,0.0005,0.9998,0,0,13.6396,-1.2923,1]},
{"frame":14,"values":[0.9997,0.0079,-0.0231,0,-0.0079,1,-0.0026,0,0.0231,0.0028,0.9997,0,0,13.6396,-1.2923,1]},
{"frame":15,"values":[0.9996,0.0029,-0.0283,0,-0.0031,1,-0.0043,0,0.0283,0.0043,0.9996,0,0,13.6396,-1.2923,1]},
{"frame":16,"values":[0.9994,-0.002,-0.0341,0,0.0019,1,-0.0054,0,0.0341,0.0053,0.9994,0,0,13.6396,-1.2923,1]},
{"frame":17,"values":[0.9992,-0.0068,-0.0396,0,0.0065,1,-0.0062,0,0.0396,0.006,0.9992,0,0,13.6396,-1.2923,1]},
{"frame":18,"values":[0.999,-0.011,-0.0442,0,0.0107,0.9999,-0.007,0,0.0443,0.0065,0.999,0,0,13.6396,-1.2923,1]},
{"frame":19,"values":[0.9988,-0.0146,-0.0477,0,0.0143,0.9999,-0.0077,0,0.0479,0.007,0.9988,0,0,13.6396,-1.2923,1]},
{"frame":20,"values":[0.9986,-0.0177,-0.0506,0,0.0173,0.9998,-0.0085,0,0.0508,0.0076,0.9987,0,0,13.6396,-1.2923,1]},
{"frame":21,"values":[0.9983,-0.0208,-0.0539,0,0.0203,0.9998,-0.0092,0,0.054,0.0081,0.9985,0,0,13.6396,-1.2923,1]},
{"frame":22,"values":[0.998,-0.0244,-0.0581,0,0.0239,0.9997,-0.0093,0,0.0583,0.0079,0.9983,0,0,13.6396,-1.2923,1]},
{"frame":23,"values":[0.9976,-0.0285,-0.0627,0,0.0281,0.9996,-0.0078,0,0.0629,0.006,0.998,0,0,13.6396,-1.2923,1]},
{"frame":24,"values":[0.9973,-0.0322,-0.0656,0,0.0319,0.9995,-0.0047,0,0.0657,0.0026,0.9978,0,0,13.6396,-1.2923,1]},
{"frame":25,"values":[0.9973,-0.0346,-0.0654,0,0.0346,0.9994,-0.0015,0,0.0654,-0.0008,0.9979,0,0,13.6396,-1.2923,1]},
{"frame":26,"values":[0.9973,-0.036,-0.0638,0,0.0362,0.9993,0.0012,0,0.0637,-0.0035,0.998,0,0,13.6396,-1.2923,1]},
{"frame":27,"values":[0.9973,-0.0363,-0.0633,0,0.0366,0.9993,0.0036,0,0.0631,-0.0059,0.998,0,0,13.6396,-1.2923,1]},
{"frame":28,"values":[0.9974,-0.0348,-0.0635,0,0.0352,0.9994,0.0058,0,0.0633,-0.0081,0.998,0,0,13.6396,-1.2923,1]},
{"frame":29,"values":[0.9975,-0.0317,-0.0632,0,0.0323,0.9995,0.0074,0,0.0629,-0.0095,0.998,0,0,13.6396,-1.2923,1]},
{"frame":30,"values":[0.9977,-0.0282,-0.0622,0,0.0287,0.9996,0.0083,0,0.062,-0.0101,0.998,0,0,13.6396,-1.2923,1]},
{"frame":31,"values":[0.9978,-0.0242,-0.0611,0,0.0248,0.9997,0.0085,0,0.0608,-0.01,0.9981,0,0,13.6396,-1.2923,1]},
{"frame":32,"values":[0.9981,-0.0198,-0.059,0,0.0203,0.9998,0.0083,0,0.0588,-0.0094,0.9982,0,0,13.6396,-1.2923,1]},
{"frame":33,"values":[0.9983,-0.0152,-0.056,0,0.0157,0.9998,0.0084,0,0.0559,-0.0093,0.9984,0,0,13.6396,-1.2923,1]},
{"frame":34,"values":[0.9985,-0.0104,-0.0532,0,0.0109,0.9999,0.0096,0,0.0531,-0.0102,0.9985,0,0,13.6396,-1.2923,1]},
{"frame":35,"values":[0.9987,-0.0052,-0.0502,0,0.0057,0.9999,0.0114,0,0.0501,-0.0116,0.9987,0,0,13.6396,-1.2923,1]},
{"frame":36,"values":[0.9989,0.0001,-0.0462,0,0.0005,0.9999,0.0125,0,0.0462,-0.0125,0.9989,0,0,13.6396,-1.2923,1]},
{"frame":37,"values":[0.9991,0.0048,-0.041,0,-0.0043,0.9999,0.0126,0,0.041,-0.0124,0.9991,0,0,13.6396,-1.2923,1]},
{"frame":38,"values":[0.9993,0.0092,-0.0354,0,-0.0088,0.9999,0.0121,0,0.0355,-0.0118,0.9993,0,0,13.6396,-1.2923,1]},
{"frame":39,"values":[0.9994,0.0136,-0.0303,0,-0.0133,0.9998,0.0114,0,0.0304,-0.011,0.9995,0,0,13.6396,-1.2923,1]},
{"frame":40,"values":[0.9995,0.018,-0.0255,0,-0.0177,0.9998,0.011,0,0.0257,-0.0105,0.9996,0,0,13.6396,-1.2923,1]},
{"frame":41,"values":[0.9995,0.0222,-0.0211,0,-0.0219,0.9997,0.0109,0,0.0214,-0.0104,0.9997,0,0,13.6396,-1.2923,1]},
{"frame":42,"values":[0.9995,0.0261,-0.0173,0,-0.0259,0.9996,0.011,0,0.0176,-0.0106,0.9998,0,0,13.6396,-1.2923,1]},
{"frame":43,"values":[0.9995,0.0296,-0.0145,0,-0.0294,0.9995,0.0112,0,0.0148,-0.0108,0.9998,0,0,13.6396,-1.2923,1]},
{"frame":44,"values":[0.9994,0.0326,-0.0123,0,-0.0325,0.9994,0.0114,0,0.0127,-0.011,0.9999,0,0,13.6396,-1.2923,1]},
{"frame":45,"values":[0.9993,0.0354,-0.0103,0,-0.0353,0.9993,0.0114,0,0.0106,-0.011,0.9999,0,0,13.6396,-1.2923,1]},
{"frame":46,"values":[0.9993,0.0379,-0.0079,0,-0.0378,0.9992,0.0114,0,0.0083,-0.0111,0.9999,0,0,13.6396,-1.2923,1]},
{"frame":47,"values":[0.9992,0.0401,-0.0054,0,-0.0401,0.9991,0.0114,0,0.0059,-0.0111,0.9999,0,0,13.6396,-1.2923,1]},
{"frame":48,"values":[0.9991,0.042,-0.0032,0,-0.042,0.9991,0.0113,0,0.0037,-0.0112,0.9999,0,0,13.6396,-1.2923,1]},
{"frame":49,"values":[0.9991,0.0436,-0.0014,0,-0.0435,0.999,0.0114,0,0.0019,-0.0113,0.9999,0,0,13.6396,-1.2923,1]},
{"frame":50,"values":[0.999,0.0447,-0.0003,0,-0.0446,0.9989,0.0115,0,0.0008,-0.0115,0.9999,0,0,13.6396,-1.2923,1]},
{"frame":51,"values":[0.999,0.0454,0.0005,0,-0.0454,0.9989,0.0119,0,0.0001,-0.0119,0.9999,0,0,13.6396,-1.2923,1]},
{"frame":52,"values":[0.9989,0.0458,0.001,0,-0.0458,0.9989,0.0126,0,-0.0004,-0.0126,0.9999,0,0,13.6396,-1.2923,1]},
{"frame":53,"values":[0.9989,0.0458,0.0012,0,-0.0458,0.9989,0.0134,0,-0.0005,-0.0134,0.9999,0,0,13.6396,-1.2923,1]},
{"frame":54,"values":[0.999,0.0451,0.0007,0,-0.0451,0.9989,0.0141,0,0,-0.0141,0.9999,0,0,13.6396,-1.2923,1]},
{"frame":55,"values":[0.999,0.0437,0,0,-0.0437,0.9989,0.0148,0,0.0007,-0.0148,0.9999,0,0,13.6396,-1.2923,1]},
{"frame":56,"values":[0.9991,0.0425,-0.0003,0,-0.0425,0.999,0.0155,0,0.001,-0.0155,0.9999,0,0,13.6396,-1.2923,1]},
{"frame":57,"values":[0.9991,0.0414,-0.0008,0,-0.0414,0.999,0.0162,0,0.0015,-0.0161,0.9999,0,0,13.6396,-1.2923,1]},
{"frame":58,"values":[0.9992,0.0402,-0.0017,0,-0.0402,0.9991,0.0168,0,0.0024,-0.0168,0.9999,0,0,13.6396,-1.2923,1]},
{"frame":59,"values":[0.9992,0.039,-0.0026,0,-0.0389,0.9991,0.0175,0,0.0033,-0.0174,0.9998,0,0,13.6396,-1.2923,1]},
{"frame":60,"values":[0.9993,0.0379,-0.0034,0,-0.0378,0.9991,0.0178,0,0.0041,-0.0176,0.9998,0,0,13.6396,-1.2923,1]},
{"frame":61,"values":[0.9993,0.0367,-0.0041,0,-0.0367,0.9992,0.0179,0,0.0048,-0.0177,0.9998,0,0,13.6396,-1.2923,1]},
{"frame":62,"values":[0.9994,0.0356,-0.0049,0,-0.0355,0.9992,0.018,0,0.0055,-0.0178,0.9998,0,0,13.6396,-1.2923,1]},
{"frame":63,"values":[0.9994,0.0346,-0.0054,0,-0.0345,0.9992,0.0182,0,0.006,-0.018,0.9998,0,0,13.6396,-1.2923,1]},
{"frame":64,"values":[0.9994,0.0336,-0.0056,0,-0.0335,0.9993,0.0184,0,0.0062,-0.0182,0.9998,0,0,13.6396,-1.2923,1]},
{"frame":65,"values":[0.9994,0.0328,-0.0056,0,-0.0327,0.9993,0.0186,0,0.0062,-0.0184,0.9998,0,0,13.6396,-1.2923,1]},
{"frame":66,"values":[0.9995,0.032,-0.0057,0,-0.0319,0.9993,0.0186,0,0.0063,-0.0184,0.9998,0,0,13.6396,-1.2923,1]},
{"frame":67,"values":[0.9995,0.0313,-0.0058,0,-0.0312,0.9993,0.0185,0,0.0064,-0.0183,0.9998,0,0,13.6396,-1.2923,1]},
{"frame":68,"values":[0.9995,0.0306,-0.0059,0,-0.0305,0.9994,0.0184,0,0.0065,-0.0182,0.9998,0,0,13.6396,-1.2923,1]},
{"frame":69,"values":[0.9995,0.03,-0.006,0,-0.0299,0.9994,0.0184,0,0.0066,-0.0182,0.9998,0,0,13.6396,-1.2923,1]},
{"frame":70,"values":[0.9995,0.0295,-0.0061,0,-0.0294,0.9994,0.0185,0,0.0066,-0.0183,0.9998,0,0,13.6396,-1.2923,1]},
{"frame":71,"values":[0.9996,0.029,-0.0061,0,-0.0289,0.9994,0.0186,0,0.0067,-0.0184,0.9998,0,0,13.6396,-1.2923,1]},
{"frame":72,"values":[0.9996,0.0285,-0.0062,0,-0.0284,0.9994,0.0187,0,0.0067,-0.0185,0.9998,0,0,13.6396,-1.2923,1]},
{"frame":73,"values":[0.9996,0.0282,-0.0062,0,-0.0281,0.9994,0.0188,0,0.0067,-0.0186,0.9998,0,0,13.6396,-1.2923,1]},
{"frame":74,"values":[0.9996,0.0279,-0.0062,0,-0.0278,0.9994,0.0189,0,0.0067,-0.0187,0.9998,0,0,13.6396,-1.2923,1]},
{"frame":75,"values":[0.9996,0.0277,-0.0061,0,-0.0276,0.9994,0.019,0,0.0067,-0.0188,0.9998,0,0,13.6396,-1.2923,1]},
{"frame":76,"values":[0.9996,0.0276,-0.0061,0,-0.0275,0.9994,0.0191,0,0.0066,-0.019,0.9998,0,0,13.6396,-1.2923,1]},
{"frame":77,"values":[0.9996,0.0275,-0.0061,0,-0.0274,0.9994,0.0193,0,0.0066,-0.0191,0.9998,0,0,13.6396,-1.2923,1]},
{"frame":78,"values":[0.9996,0.0275,-0.0059,0,-0.0274,0.9994,0.0195,0,0.0065,-0.0193,0.9998,0,0,13.6396,-1.2923,1]},
{"frame":79,"values":[0.9996,0.0275,-0.0059,0,-0.0274,0.9994,0.0198,0,0.0064,-0.0196,0.9998,0,0,13.6396,-1.2923,1]}],"loopBehavior":1,"name":"anim","property":"_matrix"}},
{"name":"boss:Neck","index":4,"matrix":[1,0.0041,0.0011,0,-0.0041,0.9988,0.0491,0,-0.0009,-0.0491,0.9988,0,0,13.8774,-4.3542,1],"rest":[1,0,0,0,0,1,0,0,0,0,1,0,0,13.8774,-4.3542,1],"parentBoneIndex":3,"length":4.4379
,"animation":{"dataType":3,"framePerSecond":24,"keys":[
{"frame":1,"values":[1,0.0041,0.0011,0,-0.0041,0.9988,0.0491,0,-0.0009,-0.0491,0.9988,0,0,13.8774,-4.3542,1]},
{"frame":2,"values":[1,0.0042,0.0011,0,-0.0042,0.9988,0.0491,0,-0.0009,-0.0491,0.9988,0,0,13.8774,-4.3542,1]},
{"frame":3,"values":[1,0.0043,0.0011,0,-0.0043,0.9988,0.0491,0,-0.0009,-0.0491,0.9988,0,0,13.8774,-4.3542,1]},
{"frame":4,"values":[1,0.004,0.0009,0,-0.0041,0.9988,0.0491,0,-0.0007,-0.0491,0.9988,0,0,13.8774,-4.3542,1]},
{"frame":5,"values":[1,0.0033,0.0005,0,-0.0033,0.9988,0.0489,0,-0.0004,-0.0489,0.9988,0,0,13.8774,-4.3542,1]},
{"frame":6,"values":[1,0.0019,0,0,-0.0019,0.9988,0.0485,0,0.0001,-0.0485,0.9988,0,0,13.8774,-4.3542,1]},
{"frame":7,"values":[1,-0.0001,-0.0006,0,0.0001,0.9989,0.0479,0,0.0006,-0.0479,0.9988,0,0,13.8774,-4.3542,1]},
{"frame":8,"values":[1,-0.0027,-0.0011,0,0.0027,0.9989,0.0471,0,0.001,-0.0471,0.9989,0,0,13.8774,-4.3542,1]},
{"frame":9,"values":[1,-0.0056,-0.0014,0,0.0056,0.9989,0.0463,0,0.0011,-0.0463,0.9989,0,0,13.8774,-4.3542,1]},
