{"producer":{"name":"Blender","version":"2.90.0","exporter_version":"2.80.1","file":"option_wave.babylon"},
"autoClear":true,"clearColor":[0.0509,0.0509,0.0509],"gravity":[0,-9.81,0],
"materials":[{"name":"Material","id":"Material","customType":"BABYLON.PBRMaterial","backFaceCulling":true,"checkReadyOnlyOnce":false,"maxSimultaneousLights":4,"environmentIntensity":1,"albedo":[0.8,0.8,0.8],"reflectivity":[0.5,0.5,0.5],"roughness":0.4,"alpha":1,"transparencyMode":0,"alphaCutOff":0.4,"metallic":0}],
"multiMaterials":[],
"skeletons":[{"name":"Armature","id":0,"dimensionsAtRest":[188.1767,172.4535,15.5905],"bones":[
{"name":"boss:Hips","index":0,"matrix":[0.9856,0.1546,-0.0685,0,-0.1413,0.9755,0.1684,0,-0.0928,0.1563,-0.9833,0,0.1277,94.2,0.167,1],"rest":[1,0,0,0,0,1,0,0,0,0,-1,0,0,96.3794,0,1],"parentBoneIndex":-1,"length":9.9032
,"animation":{"dataType":3,"framePerSecond":24,"keys":[
{"frame":1,"values":[0.9856,0.1546,-0.0685,0,-0.1413,0.9755,0.1684,0,-0.0928,0.1563,-0.9833,0,0.1277,94.2,0.167,1]},
{"frame":2,"values":[0.9846,0.1613,-0.0681,0,-0.1472,0.9732,0.1768,0,-0.0948,0.1641,-0.9819,0,0.0929,94.1145,0.1075,1]},
{"frame":3,"values":[0.9828,0.1704,-0.0706,0,-0.1545,0.9696,0.19,0,-0.1008,0.1759,-0.9792,0,0.0172,93.9156,-0.0375,1]},
{"frame":4,"values":[0.9807,0.1802,-0.076,0,-0.1609,0.9644,0.2098,0,-0.1111,0.1935,-0.9748,0,-0.0973,93.6804,-0.1614,1]},
{"frame":5,"values":[0.9784,0.1889,-0.0842,0,-0.1644,0.9575,0.2371,0,-0.1254,0.2182,-0.9678,0,-0.247,93.2343,-0.1566,1]},
{"frame":6,"values":[0.9762,0.1925,-0.1001,0,-0.1601,0.9505,0.2662,0,-0.1463,0.2439,-0.9587,0,-0.4263,92.843,0.014,1]},
{"frame":7,"values":[0.9754,0.1838,-0.1216,0,-0.1455,0.9515,0.2709,0,-0.1655,0.2466,-0.9549,0,-0.624,92.7942,0.2673,1]},
{"frame":8,"values":[0.9737,0.1706,-0.1508,0,-0.1307,0.9611,0.2433,0,-0.1865,0.2172,-0.9581,0,-0.8625,93.0682,0.6682,1]},
{"frame":9,"values":[0.9721,0.1534,-0.1775,0,-0.1173,0.9731,0.1984,0,-0.2031,0.1721,-0.9639,0,-1.0899,93.5153,1.3465,1]},
{"frame":10,"values":[0.9699,0.1368,-0.2013,0,-0.1103,0.9843,0.1375,0,-0.2169,0.1112,-0.9698,0,-1.219,93.9145,2.342,1]},
{"frame":11,"values":[0.9673,0.1279,-0.2192,0,-0.1121,0.9902,0.0831,0,-0.2277,0.0558,-0.9721,0,-1.2385,94.1979,3.4762,1]},
{"frame":12,"values":[0.9652,0.1264,-0.2289,0,-0.1224,0.992,0.0316,0,-0.231,0.0025,-0.9729,0,-1.1378,94.3561,4.761,1]},
{"frame":13,"values":[0.9643,0.1292,-0.231,0,-0.1353,0.9908,-0.0107,0,-0.2275,-0.0416,-0.9729,0,-1.0217,94.3584,5.9781,1]},
{"frame":14,"values":[0.9629,0.1364,-0.2328,0,-0.15,0.9878,-0.0416,0,-0.2243,-0.075,-0.9716,0,-0.9594,94.2289,7.1827,1]},
{"frame":15,"values":[0.9616,0.1411,-0.2355,0,-0.1601,0.9851,-0.0635,0,-0.223,-0.0988,-0.9698,0,-0.9703,94.1232,8.294,1]},
{"frame":16,"values":[0.9598,0.1433,-0.2413,0,-0.1683,0.9819,-0.0863,0,-0.2246,-0.1234,-0.9666,0,-1.062,94.0553,9.2049,1]},
{"frame":17,"values":[0.9571,0.1455,-0.2506,0,-0.1764,0.9787,-0.1052,0,-0.2299,-0.1449,-0.9624,0,-1.1776,94.0226,9.8522,1]},
{"frame":18,"values":[0.955,0.1458,-0.2582,0,-0.1804,0.9768,-0.1157,0,-0.2353,-0.1571,-0.9592,0,-1.2787,94.0347,10.3203,1]},
{"frame":19,"values":[0.9549,0.1452,-0.259,0,-0.1817,0.9756,-0.1229,0,-0.2349,-0.1644,-0.958,0,-1.3491,94.066,10.7376,1]},
{"frame":20,"values":[0.9559,0.1435,-0.2561,0,-0.1808,0.9751,-0.1285,0,-0.2313,-0.1692,-0.9581,0,-1.361,94.0945,11.0679,1]},
{"frame":21,"values":[0.9566,0.1414,-0.255,0,-0.1788,0.9753,-0.1299,0,-0.2303,-0.1698,-0.9582,0,-1.34,94.128,11.2218,1]},
{"frame":22,"values":[0.9572,0.1401,-0.2533,0,-0.1749,0.9772,-0.1205,0,-0.2306,-0.1596,-0.9599,0,-1.3013,94.2081,11.1036,1]},
{"frame":23,"values":[0.9585,0.1377,-0.2498,0,-0.167,0.9809,-0.1001,0,-0.2312,-0.1377,-0.9631,0,-1.3144,94.3789,10.5807,1]},
{"frame":24,"values":[0.9609,0.1318,-0.2434,0,-0.1537,0.9854,-0.0732,0,-0.2302,-0.1077,-0.9672,0,-1.4365,94.6049,9.6421,1]},
{"frame":25,"values":[0.9647,0.1247,-0.2321,0,-0.1383,0.9894,-0.0435,0,-0.2242,-0.0741,-0.9717,0,-1.6715,94.8131,8.4779,1]},
{"frame":26,"values":[0.9696,0.1166,-0.2152,0,-0.1216,0.9925,-0.0102,0,-0.2124,-0.036,-0.9765,0,-1.9145,94.9684,7.1806,1]},
{"frame":27,"values":[0.9746,0.1086,-0.1958,0,-0.1061,0.9941,0.0231,0,-0.1971,0.0017,-0.9804,0,-2.1071,95.0584,5.96,1]},
{"frame":28,"values":[0.9786,0.1036,-0.1776,0,-0.0953,0.9939,0.0549,0,-0.1822,0.0368,-0.9826,0,-2.156,95.0586,4.8569,1]},
{"frame":29,"values":[0.9816,0.1083,-0.1573,0,-0.0955,0.9916,0.0872,0,-0.1655,0.0706,-0.9837,0,-2.0258,94.9583,3.8221,1]},
{"frame":30,"values":[0.9836,0.1212,-0.1335,0,-0.1061,0.9877,0.1153,0,-0.1458,0.0992,-0.9843,0,-1.7689,94.7637,2.9679,1]},
{"frame":31,"values":[0.9848,0.1357,-0.1087,0,-0.12,0.9829,0.1399,0,-0.1258,0.1247,-0.9842,0,-1.4893,94.5286,2.2091,1]},
{"frame":32,"values":[0.9851,0.1465,-0.0902,0,-0.1311,0.9788,0.1571,0,-0.1113,0.1429,-0.9835,0,-1.1221,94.3901,1.5441,1]},
{"frame":33,"values":[0.9852,0.1521,-0.0785,0,-0.1376,0.9765,0.1657,0,-0.1019,0.1525,-0.983,0,-0.7548,94.3006,0.9609,1]},
{"frame":34,"values":[0.9854,0.1545,-0.0719,0,-0.1406,0.9755,0.169,0,-0.0962,0.1564,-0.983,0,-0.3438,94.2419,0.5281,1]},
{"frame":35,"values":[0.9855,0.1548,-0.0691,0,-0.1413,0.9754,0.1689,0,-0.0935,0.1567,-0.9832,0,-0.0101,94.2098,0.2593,1]},
{"frame":36,"values":[0.9856,0.1546,-0.0685,0,-0.1413,0.9755,0.1684,0,-0.0928,0.1563,-0.9833,0,0.1277,94.2,0.167,1]}],"loopBehavior":1,"name":"anim","property":"_matrix"}},
{"name":"boss:Spine","index":1,"matrix":[0.9962,-0.0836,-0.0257,0,0.0846,0.9956,0.0399,0,0.0222,-0.0419,0.9989,0,0,9.2263,1.5771,1],"rest":[1,0,0,0,0,1,0,0,0,0,1,0,0,9.2263,1.5771,1],"parentBoneIndex":0,"length":16.2548
,"animation":{"dataType":3,"framePerSecond":24,"keys":[
{"frame":1,"values":[0.9962,-0.0836,-0.0257,0,0.0846,0.9956,0.0399,0,0.0222,-0.0419,0.9989,0,0,9.2263,1.5771,1]},
{"frame":2,"values":[0.9961,-0.0839,-0.0259,0,0.0849,0.9956,0.0402,0,0.0224,-0.0423,0.9989,0,0,9.2263,1.5771,1]},
{"frame":3,"values":[0.996,-0.0851,-0.0268,0,0.0862,0.9953,0.0432,0,0.023,-0.0453,0.9987,0,0,9.2263,1.5771,1]},
{"frame":4,"values":[0.9958,-0.087,-0.028,0,0.0883,0.9948,0.0502,0,0.0235,-0.0525,0.9983,0,0,9.2263,1.5771,1]},
{"frame":5,"values":[0.9958,-0.0871,-0.0297,0,0.0888,0.9942,0.0602,0,0.0243,-0.0626,0.9977,0,0,9.2263,1.5771,1]},
{"frame":6,"values":[0.9961,-0.0828,-0.0291,0,0.0846,0.994,0.0687,0,0.0232,-0.0709,0.9972,0,0,9.2263,1.5771,1]},
{"frame":7,"values":[0.997,-0.0742,-0.0237,0,0.0757,0.9946,0.0705,0,0.0184,-0.0721,0.9972,0,0,9.2263,1.5771,1]},
{"frame":8,"values":[0.9979,-0.0629,-0.0162,0,0.0638,0.9957,0.0672,0,0.0119,-0.0681,0.9976,0,0,9.2263,1.5771,1]},
{"frame":9,"values":[0.9988,-0.049,-0.0068,0,0.0494,0.9968,0.0626,0,0.0037,-0.0629,0.998,0,0,9.2263,1.5771,1]},
{"frame":10,"values":[0.9994,-0.0336,0.0016,0,0.0334,0.9978,0.058,0,-0.0035,-0.0579,0.9983,0,0,9.2263,1.5771,1]},
{"frame":11,"values":[0.9998,-0.017,0.0073,0,0.0165,0.9982,0.0569,0,-0.0082,-0.0568,0.9984,0,0,9.2263,1.5771,1]},
{"frame":12,"values":[0.9999,-0.001,0.0111,0,0.0004,0.9983,0.058,0,-0.0111,-0.058,0.9983,0,0,9.2263,1.5771,1]},
{"frame":13,"values":[0.9998,0.0125,0.0124,0,-0.0132,0.9981,0.0607,0,-0.0116,-0.0609,0.9981,0,0,9.2263,1.5771,1]},
{"frame":14,"values":[0.9997,0.0231,0.011,0,-0.0238,0.9976,0.0645,0,-0.0095,-0.0647,0.9979,0,0,9.2263,1.5771,1]},
{"frame":15,"values":[0.9995,0.0319,0.0085,0,-0.0324,0.9972,0.0678,0,-0.0064,-0.0681,0.9977,0,0,9.2263,1.5771,1]},
{"frame":16,"values":[0.9992,0.0393,0.006,0,-0.0396,0.9968,0.0695,0,-0.0033,-0.0697,0.9976,0,0,9.2263,1.5771,1]},
{"frame":17,"values":[0.999,0.0442,0.0043,0,-0.0444,0.9965,0.0709,0,-0.0012,-0.071,0.9975,0,0,9.2263,1.5771,1]},
{"frame":18,"values":[0.9989,0.0463,0.0036,0,-0.0464,0.9963,0.0729,0,-0.0002,-0.073,0.9973,0,0,9.2263,1.5771,1]},
{"frame":19,"values":[0.9988,0.0482,0.003,0,-0.0483,0.9961,0.0744,0,0.0006,-0.0744,0.9972,0,0,9.2263,1.5771,1]},
{"frame":20,"values":[0.9988,0.0493,0.0034,0,-0.0494,0.996,0.0749,0,0.0003,-0.0749,0.9972,0,0,9.2263,1.5771,1]},
{"frame":21,"values":[0.9988,0.0482,0.0047,0,-0.0484,0.996,0.0746,0,-0.0011,-0.0747,0.9972,0,0,9.2263,1.5771,1]},
{"frame":22,"values":[0.9989,0.0456,0.0053,0,-0.0459,0.9962,0.074,0,-0.0019,-0.0742,0.9972,0,0,9.2263,1.5771,1]},
{"frame":23,"values":[0.9991,0.0414,0.005,0,-0.0416,0.9965,0.0718,0,-0.002,-0.072,0.9974,0,0,9.2263,1.5771,1]},
{"frame":24,"values":[0.9994,0.0346,0.0048,0,-0.0349,0.9972,0.0668,0,-0.0025,-0.067,0.9978,0,0,9.2263,1.5771,1]},
{"frame":25,"values":[0.9997,0.0256,0.0049,0,-0.0259,0.9978,0.0604,0,-0.0033,-0.0605,0.9982,0,0,9.2263,1.5771,1]},
{"frame":26,"values":[0.9999,0.016,0.0051,0,-0.0162,0.9984,0.0545,0,-0.0043,-0.0546,0.9985,0,0,9.2263,1.5771,1]},
{"frame":27,"values":[1,0.0059,0.0049,0,-0.0061,0.9987,0.0501,0,-0.0046,-0.0501,0.9987,0,0,9.2263,1.5771,1]},
{"frame":28,"values":[1,-0.0056,0.0018,0,0.0056,0.9989,0.047,0,-0.002,-0.047,0.9989,0,0,9.2263,1.5771,1]},
{"frame":29,"values":[0.9998,-0.0197,-0.0035,0,0.0198,0.9987,0.0463,0,0.0026,-0.0463,0.9989,0,0,9.2263,1.5771,1]},
{"frame":30,"values":[0.9993,-0.0362,-0.0076,0,0.0365,0.9982,0.0469,0,0.0059,-0.0471,0.9989,0,0,9.2263,1.5771,1]},
{"frame":31,"values":[0.9985,-0.0535,-0.0107,0,0.0539,0.9974,0.0476,0,0.0082,-0.0481,0.9988,0,0,9.2263,1.5771,1]},
{"frame":32,"values":[0.9977,-0.0666,-0.015,0,0.0673,0.9966,0.048,0,0.0117,-0.0489,0.9987,0,0,9.2263,1.5771,1]},
{"frame":33,"values":[0.9969,-0.0757,-0.0208,0,0.0767,0.9959,0.0472,0,0.0172,-0.0487,0.9987,0,0,9.2263,1.5771,1]},
{"frame":34,"values":[0.9964,-0.0812,-0.0257,0,0.0823,0.9956,0.0456,0,0.0219,-0.0476,0.9986,0,0,9.2263,1.5771,1]},
{"frame":35,"values":[0.9962,-0.0835,-0.0265,0,0.0846,0.9955,0.0429,0,0.0228,-0.045,0.9987,0,0,9.2263,1.5771,1]},
{"frame":36,"values":[0.9962,-0.0836,-0.0257,0,0.0846,0.9956,0.0399,0,0.0222,-0.0419,0.9989,0,0,9.2263,1.5771,1]}],"loopBehavior":1,"name":"anim","property":"_matrix"}},
{"name":"boss:Spine1","index":2,"matrix":[0.9984,-0.0463,-0.0339,0,0.0488,0.9956,0.0798,0,0.0301,-0.0813,0.9962,0,0,16.254,-0.1656,1],"rest":[1,0,0,0,0,1,0,0,0,0,1,0,0,16.254,-0.1656,1],"parentBoneIndex":1,"length":13.7007
,"animation":{"dataType":3,"framePerSecond":24,"keys":[
{"frame":1,"values":[0.9984,-0.0463,-0.0339,0,0.0488,0.9956,0.0798,0,0.0301,-0.0813,0.9962,0,0,16.254,-0.1656,1]},
{"frame":2,"values":[0.9983,-0.0467,-0.0339,0,0.0493,0.9955,0.0805,0,0.03,-0.082,0.9962,0,0,16.254,-0.1656,1]},
{"frame":3,"values":[0.9983,-0.0476,-0.0337,0,0.0504,0.995,0.0864,0,0.0294,-0.088,0.9957,0,0,16.254,-0.1656,1]},
{"frame":4,"values":[0.9983,-0.0489,-0.0331,0,0.052,0.9936,0.1006,0,0.028,-0.1022,0.9944,0,0,16.254,-0.1656,1]},
{"frame":5,"values":[0.9983,-0.0479,-0.033,0,0.0516,0.9913,0.1207,0,0.0269,-0.1222,0.9921,0,0,16.254,-0.1656,1]},
{"frame":6,"values":[0.9988,-0.0407,-0.0289,0,0.0443,0.9895,0.1379,0,0.023,-0.139,0.99,0,0,16.254,-0.1656,1]},
{"frame":7,"values":[0.9995,-0.0254,-0.0188,0,0.0278,0.9896,0.1414,0,0.015,-0.1419,0.9898,0,0,16.254,-0.1656,1]},
{"frame":8,"values":[0.9999,-0.0083,-0.0087,0,0.0094,0.9909,0.1345,0,0.0076,-0.1345,0.9909,0,0,16.254,-0.1656,1]},
{"frame":9,"values":[1,0.009,0.0031,0,-0.0093,0.9921,0.125,0,-0.002,-0.125,0.9922,0,0,16.254,-0.1656,1]},
{"frame":10,"values":[0.9996,0.0261,0.0125,0,-0.0274,0.9929,0.1156,0,-0.0094,-0.1159,0.9932,0,0,16.254,-0.1656,1]},
{"frame":11,"values":[0.999,0.0409,0.0191,0,-0.0428,0.9926,0.1133,0,-0.0144,-0.114,0.9934,0,0,16.254,-0.1656,1]},
{"frame":12,"values":[0.9983,0.0538,0.0246,0,-0.0562,0.9917,0.1154,0,-0.0182,-0.1166,0.993,0,0,16.254,-0.1656,1]},
{"frame":13,"values":[0.9974,0.0659,0.0274,0,-0.0688,0.9903,0.1207,0,-0.0192,-0.1223,0.9923,0,0,16.254,-0.1656,1]},
{"frame":14,"values":[0.9967,0.0768,0.0257,0,-0.0794,0.9886,0.1281,0,-0.0156,-0.1297,0.9914,0,0,16.254,-0.1656,1]},
{"frame":15,"values":[0.9961,0.0858,0.0225,0,-0.0881,0.987,0.1347,0,-0.0106,-0.1362,0.9906,0,0,16.254,-0.1656,1]},
{"frame":16,"values":[0.9954,0.0941,0.0191,0,-0.0958,0.9858,0.138,0,-0.0059,-0.1392,0.9902,0,0,16.254,-0.1656,1]},
{"frame":17,"values":[0.9949,0.0993,0.0173,0,-0.1008,0.9849,0.1407,0,-0.003,-0.1417,0.9899,0,0,16.254,-0.1656,1]},
{"frame":18,"values":[0.9948,0.1008,0.0168,0,-0.1022,0.9842,0.1446,0,-0.002,-0.1455,0.9894,0,0,16.254,-0.1656,1]},
{"frame":19,"values":[0.9946,0.103,0.0162,0,-0.1042,0.9836,0.1475,0,-0.0007,-0.1484,0.9889,0,0,16.254,-0.1656,1]},
{"frame":20,"values":[0.9942,0.1059,0.0169,0,-0.1073,0.9831,0.1484,0,-0.0009,-0.1493,0.9888,0,0,16.254,-0.1656,1]},
{"frame":21,"values":[0.9941,0.107,0.0182,0,-0.1085,0.9831,0.1477,0,-0.0021,-0.1488,0.9889,0,0,16.254,-0.1656,1]},
{"frame":22,"values":[0.9945,0.1035,0.0187,0,-0.1051,0.9836,0.1466,0,-0.0032,-0.1478,0.989,0,0,16.254,-0.1656,1]},
{"frame":23,"values":[0.9952,0.0959,0.0169,0,-0.0973,0.985,0.1422,0,-0.0031,-0.1431,0.9897,0,0,16.254,-0.1656,1]},
{"frame":24,"values":[0.9961,0.0872,0.0145,0,-0.0883,0.9873,0.1324,0,-0.0028,-0.1331,0.9911,0,0,16.254,-0.1656,1]},
{"frame":25,"values":[0.997,0.076,0.0125,0,-0.077,0.9898,0.1196,0,-0.0033,-0.1202,0.9927,0,0,16.254,-0.1656,1]},
{"frame":26,"values":[0.9979,0.0639,0.0115,0,-0.0648,0.9921,0.1078,0,-0.0045,-0.1084,0.9941,0,0,16.254,-0.1656,1]},
{"frame":27,"values":[0.9985,0.053,0.0104,0,-0.0538,0.9936,0.099,0,-0.0051,-0.0994,0.995,0,0,16.254,-0.1656,1]},
{"frame":28,"values":[0.9991,0.0421,0.0045,0,-0.0424,0.9948,0.0929,0,-0.0005,-0.093,0.9957,0,0,16.254,-0.1656,1]},
{"frame":29,"values":[0.9996,0.0289,-0.0043,0,-0.0284,0.9954,0.0917,0,0.007,-0.0915,0.9958,0,0,16.254,-0.1656,1]},
{"frame":30,"values":[0.9999,0.011,-0.0099,0,-0.01,0.9956,0.0931,0,0.0109,-0.093,0.9956,0,0,16.254,-0.1656,1]},
{"frame":31,"values":[0.9999,-0.0088,-0.0124,0,0.01,0.9955,0.0945,0,0.0115,-0.0946,0.9954,0,0,16.254,-0.1656,1]},
{"frame":32,"values":[0.9995,-0.0259,-0.0175,0,0.0274,0.995,0.0956,0,0.0149,-0.096,0.9953,0,0,16.254,-0.1656,1]},
{"frame":33,"values":[0.9989,-0.0381,-0.0267,0,0.0404,0.9947,0.0944,0,0.0229,-0.0953,0.9952,0,0,16.254,-0.1656,1]},
{"frame":34,"values":[0.9984,-0.0439,-0.0344,0,0.0469,0.9947,0.0913,0,0.0302,-0.0928,0.9952,0,0,16.254,-0.1656,1]},
{"frame":35,"values":[0.9983,-0.0459,-0.0352,0,0.0488,0.9951,0.0859,0,0.0311,-0.0874,0.9957,0,0,16.254,-0.1656,1]},
{"frame":36,"values":[0.9983,-0.0463,-0.034,0,0.0489,0.9956,0.0798,0,0.0302,-0.0813,0.9962,0,0,16.254,-0.1656,1]}],"loopBehavior":1,"name":"anim","property":"_matrix"}},
{"name":"boss:Spine2","index":3,"matrix":[0.9984,-0.0461,-0.0332,0,0.0487,0.9956,0.0802,0,0.0294,-0.0816,0.9962,0,0,13.6396,-1.2923,1],"rest":[1,0,0,0,0,1,0,0,0,0,1,0,0,13.6396,-1.2923,1],"parentBoneIndex":2,"length":13.1719
,"animation":{"dataType":3,"framePerSecond":24,"keys":[
{"frame":1,"values":[0.9984,-0.0461,-0.0332,0,0.0487,0.9956,0.0802,0,0.0294,-0.0816,0.9962,0,0,13.6396,-1.2923,1]},
{"frame":2,"values":[0.9984,-0.0466,-0.0332,0,0.0491,0.9955,0.0808,0,0.0293,-0.0823,0.9962,0,0,13.6396,-1.2923,1]},
{"frame":3,"values":[0.9983,-0.0475,-0.0329,0,0.0502,0.995,0.0868,0,0.0286,-0.0883,0.9957,0,0,13.6396,-1.2923,1]},
{"frame":4,"values":[0.9983,-0.0488,-0.0322,0,0.0519,0.9935,0.101,0,0.0271,-0.1025,0.9944,0,0,13.6396,-1.2923,1]},
{"frame":5,"values":[0.9983,-0.0478,-0.0319,0,0.0514,0.9913,0.1211,0,0.0259,-0.1225,0.9921,0,0,13.6396,-1.2923,1]},
{"frame":6,"values":[0.9988,-0.0406,-0.0277,0,0.044,0.9894,0.1382,0,0.0218,-0.1392,0.99,0,0,13.6396,-1.2923,1]},
{"frame":7,"values":[0.9995,-0.0253,-0.0175,0,0.0275,0.9895,0.1416,0,0.0138,-0.142,0.9898,0,0,13.6396,-1.2923,1]},
{"frame":8,"values":[0.9999,-0.0082,-0.0075,0,0.0091,0.9909,0.1346,0,0.0064,-0.1346,0.9909,0,0,13.6396,-1.2923,1]},
{"frame":9,"values":[1,0.009,0.0042,0,-0.0095,0.9921,0.125,0,-0.003,-0.125,0.9921,0,0,13.6396,-1.2923,1]},
{"frame":10,"values":[0.9996,0.0262,0.0134,0,-0.0276,0.9929,0.1155,0,-0.0102,-0.1158,0.9932,0,0,13.6396,-1.2923,1]},
{"frame":11,"values":[0.999,0.0409,0.0199,0,-0.0429,0.9926,0.1133,0,-0.0151,-0.114,0.9934,0,0,13.6396,-1.2923,1]},
{"frame":12,"values":[0.9982,0.0538,0.0252,0,-0.0564,0.9917,0.1154,0,-0.0188,-0.1166,0.993,0,0,13.6396,-1.2923,1]},
{"frame":13,"values":[0.9974,0.066,0.028,0,-0.0689,0.9903,0.1207,0,-0.0198,-0.1223,0.9923,0,0,13.6396,-1.2923,1]},
{"frame":14,"values":[0.9967,0.0768,0.0262,0,-0.0796,0.9886,0.1281,0,-0.0161,-0.1298,0.9914,0,0,13.6396,-1.2923,1]},
{"frame":15,"values":[0.996,0.0858,0.0229,0,-0.0882,0.9869,0.1348,0,-0.011,-0.1363,0.9906,0,0,13.6396,-1.2923,1]},
{"frame":16,"values":[0.9954,0.0941,0.0195,0,-0.0959,0.9858,0.1381,0,-0.0062,-0.1393,0.9902,0,0,13.6396,-1.2923,1]},
{"frame":17,"values":[0.9949,0.0994,0.0176,0,-0.1009,0.9849,0.1408,0,-0.0034,-0.1419,0.9899,0,0,13.6396,-1.2923,1]},
{"frame":18,"values":[0.9948,0.1009,0.0171,0,-0.1023,0.9842,0.1447,0,-0.0022,-0.1457,0.9893,0,0,13.6396,-1.2923,1]},
{"frame":19,"values":[0.9945,0.103,0.0165,0,-0.1043,0.9835,0.1476,0,-0.001,-0.1485,0.9889,0,0,13.6396,-1.2923,1]},
{"frame":20,"values":[0.9942,0.106,0.0172,0,-0.1073,0.9831,0.1485,0,-0.0012,-0.1495,0.9888,0,0,13.6396,-1.2923,1]},
{"frame":21,"values":[0.9941,0.107,0.0186,0,-0.1086,0.983,0.1478,0,-0.0024,-0.149,0.9888,0,0,13.6396,-1.2923,1]},
{"frame":22,"values":[0.9944,0.1035,0.0191,0,-0.1052,0.9836,0.1467,0,-0.0036,-0.1479,0.989,0,0,13.6396,-1.2923,1]},
{"frame":23,"values":[0.9952,0.0959,0.0173,0,-0.0974,0.985,0.1423,0,-0.0034,-0.1433,0.9897,0,0,13.6396,-1.2923,1]},
{"frame":24,"values":[0.9961,0.0872,0.0149,0,-0.0884,0.9872,0.1325,0,-0.0031,-0.1333,0.9911,0,0,13.6396,-1.2923,1]},
{"frame":25,"values":[0.997,0.0761,0.0129,0,-0.0771,0.9898,0.1197,0,-0.0037,-0.1203,0.9927,0,0,13.6396,-1.2923,1]},
{"frame":26,"values":[0.9979,0.064,0.012,0,-0.0649,0.992,0.108,0,-0.005,-0.1085,0.9941,0,0,13.6396,-1.2923,1]},
{"frame":27,"values":[0.9985,0.0531,0.0109,0,-0.0539,0.9936,0.0991,0,-0.0055,-0.0996,0.995,0,0,13.6396,-1.2923,1]},
{"frame":28,"values":[0.9991,0.0422,0.005,0,-0.0425,0.9948,0.093,0,-0.0011,-0.0932,0.9956,0,0,13.6396,-1.2923,1]},
{"frame":29,"values":[0.9996,0.029,-0.0037,0,-0.0285,0.9954,0.0918,0,0.0063,-0.0917,0.9958,0,0,13.6396,-1.2923,1]},
{"frame":30,"values":[0.9999,0.011,-0.0092,0,-0.0101,0.9956,0.0932,0,0.0102,-0.0931,0.9956,0,0,13.6396,-1.2923,1]},
{"frame":31,"values":[0.9999,-0.0088,-0.0117,0,0.0098,0.9955,0.0947,0,0.0108,-0.0948,0.9954,0,0,13.6396,-1.2923,1]},
{"frame":32,"values":[0.9995,-0.0258,-0.0167,0,0.0273,0.995,0.0958,0,0.0141,-0.0962,0.9953,0,0,13.6396,-1.2923,1]},
{"frame":33,"values":[0.9989,-0.038,-0.0259,0,0.0403,0.9947,0.0947,0,0.0221,-0.0956,0.9952,0,0,13.6396,-1.2923,1]},
{"frame":34,"values":[0.9985,-0.0439,-0.0336,0,0.0468,0.9947,0.0917,0,0.0294,-0.0931,0.9952,0,0,13.6396,-1.2923,1]},
{"frame":35,"values":[0.9984,-0.0458,-0.0344,0,0.0486,0.9951,0.0863,0,0.0303,-0.0878,0.9957,0,0,13.6396,-1.2923,1]},
{"frame":36,"values":[0.9984,-0.0462,-0.0333,0,0.0487,0.9956,0.0802,0,0.0295,-0.0816,0.9962,0,0,13.6396,-1.2923,1]}],"loopBehavior":1,"name":"anim","property":"_matrix"}},
{"name":"boss:Neck","index":4,"matrix":[0.9998,-0.0219,0.0022,0,0.022,0.9997,-0.0122,0,-0.0019,0.0122,0.9999,0,0,13.8774,-4.3542,1],"rest":[1,0,0,0,0,1,0,0,0,0,1,0,0,13.8774,-4.3542,1],"parentBoneIndex":3,"length":4.4379
,"animation":{"dataType":3,"framePerSecond":24,"keys":[
{"frame":1,"values":[0.9998,-0.0219,0.0022,0,0.022,0.9997,-0.0122,0,-0.0019,0.0122,0.9999,0,0,13.8774,-4.3542,1]},
{"frame":2,"values":[0.9997,-0.0234,0.0011,0,0.0234,0.9997,-0.0071,0,-0.001,0.0071,1,0,0,13.8774,-4.3542,1]},
{"frame":3,"values":[0.9997,-0.0244,-0.0006,0,0.0244,0.9997,0.0033,0,0.0006,-0.0033,1,0,0,13.8774,-4.3542,1]},
{"frame":4,"values":[0.9997,-0.0262,-0.0029,0,0.0262,0.9995,0.0147,0,0.0026,-0.0147,0.9999,0,0,13.8774,-4.3542,1]},
{"frame":5,"values":[0.9996,-0.027,-0.0051,0,0.0271,0.9992,0.0287,0,0.0044,-0.0288,0.9996,0,0,13.8774,-4.3542,1]},
{"frame":6,"values":[0.9997,-0.0235,-0.0073,0,0.0239,0.9987,0.0453,0,0.0062,-0.0454,0.9989,0,0,13.8774,-4.3542,1]},
{"frame":7,"values":[0.9998,-0.0191,-0.0106,0,0.0196,0.9981,0.0583,0,0.0095,-0.0585,0.9982,0,0,13.8774,-4.3542,1]},
{"frame":8,"values":[0.9998,-0.0126,-0.0127,0,0.0133,0.9983,0.0567,0,0.0119,-0.0568,0.9983,0,0,13.8774,-4.3542,1]},
{"frame":9,"values":[0.9999,-0.003,-0.0128,0,0.0036,0.9989,0.047,0,0.0127,-0.047,0.9988,0,0,13.8774,-4.3542,1]},
{"frame":10,"values":[0.9999,0.0078,-0.0131,0,-0.0074,0.9994,0.0325,0,0.0134,-0.0324,0.9994,0,0,13.8774,-4.3542,1]},
{"frame":11,"values":[0.9998,0.0162,-0.0131,0,-0.016,0.9997,0.0191,0,0.0134,-0.0189,0.9997,0,0,13.8774,-4.3542,1]},
{"frame":12,"values":[0.9997,0.0229,-0.0122,0,-0.0229,0.9997,0.005,0,0.0123,-0.0047,0.9999,0,0,13.8774,-4.3542,1]},
{"frame":13,"values":[0.9996,0.027,-0.011,0,-0.0271,0.9996,-0.0036,0,0.0109,0.0039,0.9999,0,0,13.8774,-4.3542,1]},
{"frame":14,"values":[0.9997,0.0242,-0.0107,0,-0.0243,0.9997,-0.0074,0,0.0105,0.0077,0.9999,0,0,13.8774,-4.3542,1]},
{"frame":15,"values":[0.9997,0.0215,-0.0109,0,-0.0216,0.9997,-0.0085,0,0.0107,0.0088,0.9999,0,0,13.8774,-4.3542,1]},
{"frame":16,"values":[0.9997,0.0197,-0.0123,0,-0.0198,0.9997,-0.0117,0,0.012,0.0119,0.9999,0,0,13.8774,-4.3542,1]},
{"frame":17,"values":[0.9997,0.0185,-0.0135,0,-0.0187,0.9997,-0.0165,0,0.0132,0.0167,0.9998,0,0,13.8774,-4.3542,1]},
{"frame":18,"values":[0.9997,0.0218,-0.0134,0,-0.022,0.9996,-0.0193,0,0.0129,0.0195,0.9997,0,0,13.8774,-4.3542,1]},
{"frame":19,"values":[0.9996,0.0239,-0.0124,0,-0.0242,0.9995,-0.0206,0,0.0119,0.0209,0.9997,0,0,13.8774,-4.3542,1]},
{"frame":20,"values":[0.9996,0.0242,-0.0119,0,-0.0245,0.9995,-0.0219,0,0.0114,0.0221,0.9997,0,0,13.8774,-4.3542,1]},
{"frame":21,"values":[0.9996,0.0238,-0.0122,0,-0.0241,0.9994,-0.0247,0,0.0116,0.0249,0.9996,0,0,13.8774,-4.3542,1]},
{"frame":22,"values":[0.9997,0.0231,-0.0123,0,-0.0235,0.9993,-0.0296,0,0.0116,0.0298,0.9995,0,0,13.8774,-4.3542,1]},
{"frame":23,"values":[0.9997,0.0223,-0.0127,0,-0.0227,0.9992,-0.0331,0,0.0119,0.0333,0.9994,0,0,13.8774,-4.3542,1]},
{"frame":24,"values":[0.9997,0.0206,-0.0125,0,-0.021,0.9993,-0.0325,0,0.0118,0.0327,0.9994,0,0,13.8774,-4.3542,1]},
{"frame":25,"values":[0.9997,0.0218,-0.0115,0,-0.0221,0.9993,-0.03,0,0.0108,0.0303,0.9995,0,0,13.8774,-4.3542,1]},
{"frame":26,"values":[0.9997,0.0236,-0.01,0,-0.0239,0.9993,-0.0289,0,0.0094,0.0291,0.9995,0,0,13.8774,-4.3542,1]},
{"frame":27,"values":[0.9997,0.0211,-0.0091,0,-0.0213,0.9994,-0.0268,0,0.0085,0.027,0.9996,0,0,13.8774,-4.3542,1]},
{"frame":28,"values":[0.9999,0.0156,-0.0064,0,-0.0157,0.9996,-0.0247,0,0.006,0.0248,0.9997,0,0,13.8774,-4.3542,1]},
{"frame":29,"values":[1,0.0063,-0.0033,0,-0.0064,0.9997,-0.0248,0,0.0032,0.0248,0.9997,0,0,13.8774,-4.3542,1]},
{"frame":30,"values":[1,0.0007,-0.0007,0,-0.0007,0.9997,-0.0253,0,0.0007,0.0253,0.9997,0,0,13.8774,-4.3542,1]},
{"frame":31,"values":[1,-0.0005,0.0006,0,0.0005,0.9997,-0.0235,0,-0.0006,0.0235,0.9997,0,0,13.8774,-4.3542,1]},
{"frame":32,"values":[1,-0.0039,0.0015,0,0.004,0.9998,-0.0212,0,-0.0014,0.0212,0.9998,0,0,13.8774,-4.3542,1]},
{"frame":33,"values":[1,-0.0091,0.0026,0,0.0091,0.9998,-0.0191,0,-0.0024,0.0191,0.9998,0,0,13.8774,-4.3542,1]},
{"frame":34,"values":[0.9999,-0.0154,0.003,0,0.0155,0.9998,-0.0159,0,-0.0028,0.0159,0.9999,0,0,13.8774,-4.3542,1]},
{"frame":35,"values":[0.9998,-0.0201,0.0028,0,0.0201,0.9997,-0.0125,0,-0.0026,0.0126,0.9999,0,0,13.8774,-4.3542,1]},
{"frame":36,"values":[0.9998,-0.0219,0.0022,0,0.022,0.9997,-0.0122,0,-0.0019,0.0122,0.9999,0,0,13.8774,-4.3542,1]}],"loopBehavior":1,"name":"anim","property":"_matrix"}},
{"name":"boss:Neck1","index":5,"matrix":[0.9998,-0.0219,0.0022,0,0.022,0.9997,-0.0122,0,-0.0019,0.0122,0.9999,0,0,4.34,0.9269,1],"rest":[1,0,0,0,0,1,0,0,0,0,1,0,0,4.34,0.9269,1],"parentBoneIndex":4,"length":4.1171
,"animation":{"dataType":3,"framePerSecond":24,"keys":[
{"frame":1,"values":[0.9998,-0.0219,0.0022,0,0.022,0.9997,-0.0122,0,-0.0019,0.0122,0.9999,0,0,4.34,0.9269,1]},
{"frame":2,"values":[0.9997,-0.0234,0.0011,0,0.0234,0.9997,-0.0071,0,-0.001,0.0071,1,0,0,4.34,0.9269,1]},
{"frame":3,"values":[0.9997,-0.0244,-0.0006,0,0.0244,0.9997,0.0033,0,0.0006,-0.0033,1,0,0,4.34,0.9269,1]},
{"frame":4,"values":[0.9997,-0.0262,-0.0029,0,0.0262,0.9995,0.0147,0,0.0026,-0.0147,0.9999,0,0,4.34,0.9269,1]},
{"frame":5,"values":[0.9996,-0.027,-0.0051,0,0.0271,0.9992,0.0287,0,0.0044,-0.0288,0.9996,0,0,4.34,0.9269,1]},
{"frame":6,"values":[0.9997,-0.0235,-0.0073,0,0.0239,0.9987,0.0453,0,0.0062,-0.0454,0.9989,0,0,4.34,0.9269,1]},
{"frame":7,"values":[0.9998,-0.0191,-0.0106,0,0.0196,0.9981,0.0583,0,0.0095,-0.0585,0.9982,0,0,4.34,0.9269,1]},
{"frame":8,"values":[0.9998,-0.0126,-0.0127,0,0.0133,0.9983,0.0567,0,0.0119,-0.0569,0.9983,0,0,4.34,0.9269,1]},
{"frame":9,"values":[0.9999,-0.003,-0.0128,0,0.0036,0.9989,0.047,0,0.0127,-0.047,0.9988,0,0,4.34,0.9269,1]},
{"frame":10,"values":[0.9999,0.0078,-0.0131,0,-0.0074,0.9994,0.0325,0,0.0134,-0.0324,0.9994,0,0,4.34,0.9269,1]},
{"frame":11,"values":[0.9998,0.0162,-0.0131,0,-0.016,0.9997,0.0191,0,0.0134,-0.0189,0.9997,0,0,4.34,0.9269,1]},
{"frame":12,"values":[0.9997,0.0229,-0.0122,0,-0.0229,0.9997,0.005,0,0.0123,-0.0047,0.9999,0,0,4.34,0.9269,1]},
{"frame":13,"values":[0.9996,0.027,-0.011,0,-0.0271,0.9996,-0.0036,0,0.0109,0.0039,0.9999,0,0,4.34,0.9269,1]},
{"frame":14,"values":[0.9997,0.0242,-0.0107,0,-0.0243,0.9997,-0.0074,0,0.0105,0.0077,0.9999,0,0,4.34,0.9269,1]},
{"frame":15,"values":[0.9997,0.0215,-0.0109,0,-0.0216,0.9997,-0.0085,0,0.0107,0.0088,0.9999,0,0,4.34,0.9269,1]},
{"frame":16,"values":[0.9997,0.0197,-0.0123,0,-0.0198,0.9997,-0.0117,0,0.012,0.0119,0.9999,0,0,4.34,0.9269,1]},
{"frame":17,"values":[0.9997,0.0185,-0.0135,0,-0.0187,0.9997,-0.0165,0,0.0132,0.0167,0.9998,0,0,4.34,0.9269,1]},
{"frame":18,"values":[0.9997,0.0218,-0.0134,0,-0.022,0.9996,-0.0193,0,0.0129,0.0195,0.9997,0,0,4.34,0.9269,1]},
{"frame":19,"values":[0.9996,0.0239,-0.0124,0,-0.0242,0.9995,-0.0206,0,0.0119,0.0209,0.9997,0,0,4.34,0.9269,1]},
{"frame":20,"values":[0.9996,0.0242,-0.012,0,-0.0245,0.9995,-0.0219,0,0.0114,0.0221,0.9997,0,0,4.34,0.9269,1]},
{"frame":21,"values":[0.9996,0.0238,-0.0122,0,-0.0241,0.9994,-0.0247,0,0.0116,0.0249,0.9996,0,0,4.34,0.9269,1]},
{"frame":22,"values":[0.9997,0.0231,-0.0123,0,-0.0235,0.9993,-0.0296,0,0.0116,0.0298,0.9995,0,0,4.34,0.9269,1]},
{"frame":23,"values":[0.9997,0.0223,-0.0127,0,-0.0227,0.9992,-0.0331,0,0.0119,0.0333,0.9994,0,0,4.34,0.9269,1]},
{"frame":24,"values":[0.9997,0.0206,-0.0125,0,-0.021,0.9993,-0.0325,0,0.0118,0.0327,0.9994,0,0,4.34,0.9269,1]},
{"frame":25,"values":[0.9997,0.0218,-0.0115,0,-0.0221,0.9993,-0.03,0,0.0108,0.0303,0.9995,0,0,4.34,0.9269,1]},
{"frame":26,"values":[0.9997,0.0236,-0.01,0,-0.0239,0.9993,-0.0289,0,0.0094,0.0291,0.9995,0,0,4.34,0.9269,1]},
{"frame":27,"values":[0.9997,0.0211,-0.0091,0,-0.0213,0.9994,-0.0268,0,0.0085,0.027,0.9996,0,0,4.34,0.9269,1]},
{"frame":28,"values":[0.9999,0.0156,-0.0064,0,-0.0157,0.9996,-0.0247,0,0.006,0.0248,0.9997,0,0,4.34,0.9269,1]},
{"frame":29,"values":[1,0.0063,-0.0033,0,-0.0064,0.9997,-0.0248,0,0.0032,0.0248,0.9997,0,0,4.34,0.9269,1]},
{"frame":30,"values":[1,0.0007,-0.0007,0,-0.0007,0.9997,-0.0253,0,0.0007,0.0253,0.9997,0,0,4.34,0.9269,1]},
{"frame":31,"values":[1,-0.0005,0.0006,0,0.0005,0.9997,-0.0235,0,-0.0006,0.0235,0.9997,0,0,4.34,0.9269,1]},
{"frame":32,"values":[1,-0.0039,0.0015,0,0.004,0.9998,-0.0212,0,-0.0014,0.0212,0.9998,0,0,4.34,0.9269,1]},
{"frame":33,"values":[1,-0.0091,0.0026,0,0.0091,0.9998,-0.0191,0,-0.0024,0.0191,0.9998,0,0,4.34,0.9269,1]},
{"frame":34,"values":[0.9999,-0.0154,0.003,0,0.0155,0.9998,-0.0159,0,-0.0028,0.0159,0.9999,0,0,4.34,0.9269,1]},
{"frame":35,"values":[0.9998,-0.0201,0.0028,0,0.0201,0.9997,-0.0125,0,-0.0026,0.0126,0.9999,0,0,4.34,0.9269,1]},
{"frame":36,"values":[0.9998,-0.0219,0.0022,0,0.022,0.9997,-0.0122,0,-0.0019,0.0122,0.9999,0,0,4.34,0.9269,1]}],"loopBehavior":1,"name":"anim","property":"_matrix"}},
{"name":"boss:Head","index":6,"matrix":[0.9998,-0.0219,0.0022,0,0.022,0.9997,-0.0122,0,-0.0019,0.0122,0.9999,0,0,4.0266,0.8585,1],"rest":[1,0,0,0,0,1,0,0,0,0,1,0,0,4.0266,0.8585,1],"parentBoneIndex":5,"length":4.1171
,"animation":{"dataType":3,"framePerSecond":24,"keys":[
{"frame":1,"values":[0.9998,-0.0219,0.0022,0,0.022,0.9997,-0.0122,0,-0.0019,0.0122,0.9999,0,0,4.0266,0.8585,1]},
{"frame":2,"values":[0.9997,-0.0234,0.0011,0,0.0234,0.9997,-0.0071,0,-0.001,0.0071,1,0,0,4.0266,0.8585,1]},
{"frame":3,"values":[0.9997,-0.0244,-0.0006,0,0.0244,0.9997,0.0033,0,0.0006,-0.0033,1,0,0,4.0266,0.8585,1]},
{"frame":4,"values":[0.9997,-0.0262,-0.0029,0,0.0262,0.9995,0.0147,0,0.0026,-0.0147,0.9999,0,0,4.0266,0.8585,1]},
{"frame":5,"values":[0.9996,-0.027,-0.0051,0,0.0271,0.9992,0.0287,0,0.0044,-0.0288,0.9996,0,0,4.0266,0.8585,1]},
{"frame":6,"values":[0.9997,-0.0235,-0.0073,0,0.0239,0.9987,0.0453,0,0.0062,-0.0454,0.9989,0,0,4.0266,0.8585,1]},
{"frame":7,"values":[0.9998,-0.0191,-0.0106,0,0.0196,0.9981,0.0583,0,0.0095,-0.0585,0.9982,0,0,4.0266,0.8585,1]},
{"frame":8,"values":[0.9998,-0.0126,-0.0127,0,0.0133,0.9983,0.0567,0,0.0119,-0.0568,0.9983,0,0,4.0266,0.8585,1]},
{"frame":9,"values":[0.9999,-0.003,-0.0128,0,0.0036,0.9989,0.047,0,0.0127,-0.047,0.9988,0,0,4.0266,0.8585,1]},
{"frame":10,"values":[0.9999,0.0078,-0.0131,0,-0.0074,0.9994,0.0325,0,0.0134,-0.0324,0.9994,0,0,4.0266,0.8585,1]},
{"frame":11,"values":[0.9998,0.0162,-0.0131,0,-0.016,0.9997,0.0191,0,0.0134,-0.0189,0.9997,0,0,4.0266,0.8585,1]},
{"frame":12,"values":[0.9997,0.0229,-0.0122,0,-0.0229,0.9997,0.005,0,0.0123,-0.0047,0.9999,0,0,4.0266,0.8585,1]},
{"frame":13,"values":[0.9996,0.027,-0.011,0,-0.0271,0.9996,-0.0036,0,0.0109,0.0039,0.9999,0,0,4.0266,0.8585,1]},
{"frame":14,"values":[0.9997,0.0242,-0.0107,0,-0.0243,0.9997,-0.0074,0,0.0105,0.0077,0.9999,0,0,4.0266,0.8585,1]},
{"frame":15,"values":[0.9997,0.0215,-0.0109,0,-0.0216,0.9997,-0.0085,0,0.0107,0.0088,0.9999,0,0,4.0266,0.8585,1]},
{"frame":16,"values":[0.9997,0.0197,-0.0123,0,-0.0198,0.9997,-0.0117,0,0.012,0.0119,0.9999,0,0,4.0266,0.8585,1]},
{"frame":17,"values":[0.9997,0.0185,-0.0135,0,-0.0187,0.9997,-0.0165,0,0.0132,0.0167,0.9998,0,0,4.0266,0.8585,1]},
{"frame":18,"values":[0.9997,0.0218,-0.0134,0,-0.022,0.9996,-0.0193,0,0.0129,0.0195,0.9997,0,0,4.0266,0.8585,1]},
{"frame":19,"values":[0.9996,0.0239,-0.0124,0,-0.0242,0.9995,-0.0206,0,0.0119,0.0209,0.9997,0,0,4.0266,0.8585,1]},
{"frame":20,"values":[0.9996,0.0242,-0.0119,0,-0.0245,0.9995,-0.0219,0,0.0114,0.0221,0.9997,0,0,4.0266,0.8585,1]},
{"frame":21,"values":[0.9996,0.0238,-0.0122,0,-0.0241,0.9994,-0.0247,0,0.0116,0.0249,0.9996,0,0,4.0266,0.8585,1]},
{"frame":22,"values":[0.9997,0.0231,-0.0123,0,-0.0235,0.9993,-0.0296,0,0.0116,0.0298,0.9995,0,0,4.0266,0.8585,1]},
{"frame":23,"values":[0.9997,0.0223,-0.0127,0,-0.0227,0.9992,-0.0331,0,0.0119,0.0333,0.9994,0,0,4.0266,0.8585,1]},
{"frame":24,"values":[0.9997,0.0206,-0.0125,0,-0.021,0.9993,-0.0325,0,0.0118,0.0327,0.9994,0,0,4.0266,0.8585,1]},
{"frame":25,"values":[0.9997,0.0218,-0.0115,0,-0.0221,0.9993,-0.03,0,0.0108,0.0303,0.9995,0,0,4.0266,0.8585,1]},
{"frame":26,"values":[0.9997,0.0236,-0.01,0,-0.0239,0.9993,-0.0289,0,0.0094,0.0291,0.9995,0,0,4.0266,0.8585,1]},
{"frame":27,"values":[0.9997,0.0211,-0.0091,0,-0.0213,0.9994,-0.0268,0,0.0085,0.027,0.9996,0,0,4.0266,0.8585,1]},
{"frame":28,"values":[0.9999,0.0156,-0.0064,0,-0.0157,0.9996,-0.0247,0,0.006,0.0248,0.9997,0,0,4.0266,0.8585,1]},
{"frame":29,"values":[1,0.0063,-0.0033,0,-0.0064,0.9997,-0.0248,0,0.0032,0.0248,0.9997,0,0,4.0266,0.8585,1]},
{"frame":30,"values":[1,0.0007,-0.0007,0,-0.0007,0.9997,-0.0253,0,0.0007,0.0253,0.9997,0,0,4.0266,0.8585,1]},
{"frame":31,"values":[1,-0.0005,0.0006,0,0.0005,0.9997,-0.0235,0,-0.0006,0.0235,0.9997,0,0,4.0266,0.8585,1]},
{"frame":32,"values":[1,-0.0039,0.0015,0,0.004,0.9998,-0.0212,0,-0.0014,0.0212,0.9998,0,0,4.0266,0.8585,1]},
{"frame":33,"values":[1,-0.0091,0.0026,0,0.0091,0.9998,-0.0191,0,-0.0024,0.0191,0.9998,0,0,4.0266,0.8585,1]},
{"frame":34,"values":[0.9999,-0.0154,0.003,0,0.0155,0.9998,-0.0159,0,-0.0028,0.0159,0.9999,0,0,4.0266,0.8585,1]},
{"frame":35,"values":[0.9998,-0.0201,0.0028,0,0.0201,0.9997,-0.0125,0,-0.0026,0.0126,0.9999,0,0,4.0266,0.8585,1]},
{"frame":36,"values":[0.9998,-0.0219,0.0022,0,0.022,0.9997,-0.0122,0,-0.0019,0.0122,0.9999,0,0,4.0266,0.8585,1]}],"loopBehavior":1,"name":"anim","property":"_matrix"}},
{"name":"boss:LeftShoulder","index":7,"matrix":[0.968,-0.1119,0.2245,0,0.0932,0.9914,0.0923,0,-0.2328,-0.0684,0.9701,0,6.1442,10.187,-3.7932,1],"rest":[1,0,0,0,0,1,0,0,0,0,1,0,6.1442,10.187,-3.7932,1],"parentBoneIndex":3,"length":12.4986
,"animation":{"dataType":3,"framePerSecond":24,"keys":[
{"frame":1,"values":[0.968,-0.1119,0.2245,0,0.0932,0.9914,0.0923,0,-0.2328,-0.0684,0.9701,0,6.1442,10.187,-3.7932,1]},
{"frame":2,"values":[0.9674,-0.1082,0.2291,0,0.0892,0.9918,0.0915,0,-0.2371,-0.0681,0.9691,0,6.1442,10.187,-3.7932,1]},
{"frame":3,"values":[0.9651,-0.095,0.244,0,0.0754,0.9932,0.0885,0,-0.2507,-0.067,0.9657,0,6.1442,10.187,-3.7932,1]},
{"frame":4,"values":[0.96,-0.0519,0.2753,0,0.0311,0.9964,0.0793,0,-0.2784,-0.0676,0.9581,0,6.1442,10.187,-3.7932,1]},
{"frame":5,"values":[0.9486,0.0344,0.3145,0,-0.056,0.9966,0.0597,0,-0.3114,-0.0743,0.9474,0,6.1442,10.187,-3.7932,1]},
{"frame":6,"values":[0.9293,0.1479,0.3384,0,-0.169,0.985,0.0336,0,-0.3284,-0.0884,0.9404,0,6.1442,10.187,-3.7932,1]},
{"frame":7,"values":[0.9092,0.2329,0.3451,0,-0.2532,0.9673,0.0143,0,-0.3305,-0.1004,0.9385,0,6.1442,10.187,-3.7932,1]},
{"frame":8,"values":[0.9029,0.2595,0.3426,0,-0.2793,0.9601,0.009,0,-0.3266,-0.1039,0.9394,0,6.1442,10.187,-3.7932,1]},
{"frame":9,"values":[0.9028,0.2666,0.3375,0,-0.2862,0.9581,0.0087,0,-0.321,-0.1045,0.9413,0,6.1442,10.187,-3.7932,1]},
{"frame":10,"values":[0.8975,0.2847,0.3369,0,-0.304,0.9527,0.0046,0,-0.3196,-0.1065,0.9415,0,6.1442,10.187,-3.7932,1]},
{"frame":11,"values":[0.8851,0.3109,0.3464,0,-0.3298,0.944,-0.0045,0,-0.3284,-0.1103,0.9381,0,6.1442,10.187,-3.7932,1]},
{"frame":12,"values":[0.8697,0.3378,0.3599,0,-0.3563,0.9342,-0.0158,0,-0.3416,-0.1145,0.9329,0,6.1442,10.187,-3.7932,1]},
{"frame":13,"values":[0.8547,0.3584,0.3755,0,-0.3765,0.926,-0.027,0,-0.3574,-0.1183,0.9264,0,6.1442,10.187,-3.7932,1]},
{"frame":14,"values":[0.8419,0.3768,0.3863,0,-0.3943,0.9183,-0.0365,0,-0.3685,-0.1216,0.9216,0,6.1442,10.187,-3.7932,1]},
{"frame":15,"values":[0.8307,0.3928,0.3946,0,-0.4096,0.9112,-0.0448,0,-0.3771,-0.1244,0.9178,0,6.1442,10.187,-3.7932,1]},
{"frame":16,"values":[0.823,0.402,0.4014,0,-0.4182,0.9069,-0.0508,0,-0.3845,-0.126,0.9145,0,6.1442,10.187,-3.7932,1]},
{"frame":17,"values":[0.8191,0.4122,0.3989,0,-0.428,0.9022,-0.0535,0,-0.3819,-0.1269,0.9154,0,6.1442,10.187,-3.7932,1]},
{"frame":18,"values":[0.8136,0.4277,0.3937,0,-0.443,0.8947,-0.0566,0,-0.3765,-0.1284,0.9175,0,6.1442,10.187,-3.7932,1]},
{"frame":19,"values":[0.8101,0.4328,0.3955,0,-0.4475,0.8923,-0.0597,0,-0.3787,-0.1287,0.9165,0,6.1442,10.187,-3.7932,1]},
{"frame":20,"values":[0.8085,0.4338,0.3977,0,-0.4482,0.8918,-0.0617,0,-0.3814,-0.1283,0.9154,0,6.1442,10.187,-3.7932,1]},
{"frame":21,"values":[0.8096,0.4365,0.3924,0,-0.4506,0.8907,-0.061,0,-0.3762,-0.1274,0.9178,0,6.1442,10.187,-3.7932,1]},
{"frame":22,"values":[0.8139,0.434,0.3863,0,-0.448,0.8921,-0.0584,0,-0.37,-0.1255,0.9205,0,6.1442,10.187,-3.7932,1]},
{"frame":23,"values":[0.8279,0.4165,0.3758,0,-0.4308,0.9011,-0.0495,0,-0.3592,-0.1209,0.9254,0,6.1442,10.187,-3.7932,1]},
{"frame":24,"values":[0.8554,0.3807,0.3512,0,-0.3959,0.9178,-0.0306,0,-0.334,-0.1129,0.9358,0,6.1442,10.187,-3.7932,1]},
{"frame":25,"values":[0.8808,0.3387,0.3309,0,-0.3546,0.9349,-0.0132,0,-0.3138,-0.1057,0.9436,0,6.1442,10.187,-3.7932,1]},
{"frame":26,"values":[0.9051,0.2929,0.3082,0,-0.3092,0.951,0.0045,0,-0.2918,-0.0994,0.9513,0,6.1442,10.187,-3.7932,1]},
{"frame":27,"values":[0.9286,0.2446,0.2791,0,-0.2611,0.965,0.0231,0,-0.2637,-0.0943,0.96,0,6.1442,10.187,-3.7932,1]},
{"frame":28,"values":[0.9449,0.1858,0.2697,0,-0.2028,0.9785,0.0364,0,-0.2571,-0.0891,0.9623,0,6.1442,10.187,-3.7932,1]},
{"frame":29,"values":[0.9574,0.1172,0.264,0,-0.1349,0.9896,0.0497,0,-0.2554,-0.0831,0.9632,0,6.1442,10.187,-3.7932,1]},
{"frame":30,"values":[0.9645,0.0496,0.2593,0,-0.0678,0.9958,0.062,0,-0.2551,-0.0774,0.9638,0,6.1442,10.187,-3.7932,1]},
{"frame":31,"values":[0.9656,-0.017,0.2596,0,-0.002,0.9973,0.0729,0,-0.2602,-0.0709,0.963,0,6.1442,10.187,-3.7932,1]},
{"frame":32,"values":[0.9649,-0.0487,0.2579,0,0.0294,0.9965,0.0785,0,-0.2609,-0.0682,0.963,0,6.1442,10.187,-3.7932,1]},
{"frame":33,"values":[0.9657,-0.0718,0.2494,0,0.0525,0.9951,0.0833,0,-0.2541,-0.0673,0.9648,0,6.1442,10.187,-3.7932,1]},
{"frame":34,"values":[0.9668,-0.0921,0.2383,0,0.073,0.9935,0.0878,0,-0.2448,-0.0674,0.9672,0,6.1442,10.187,-3.7932,1]},
{"frame":35,"values":[0.9677,-0.1063,0.2287,0,0.0875,0.992,0.091,0,-0.2365,-0.068,0.9692,0,6.1442,10.187,-3.7932,1]},
{"frame":36,"values":[0.968,-0.1119,0.2245,0,0.0932,0.9914,0.0923,0,-0.2328,-0.0684,0.9701,0,6.1442,10.187,-3.7932,1]}],"loopBehavior":1,"name":"anim","property":"_matrix"}},
{"name":"boss:LeftArm","index":8,"matrix":[0.608,-0.7848,-0.12,0,0.7905,0.6125,-0.0013,0,0.0745,-0.094,0.9928,0,12.3191,-1.113,-1.7935,1],"rest":[1,0,0,0,0,1,0,0,0,0,1,0,12.3191,-1.113,-1.7935,1],"parentBoneIndex":7,"length":27.687
,"animation":{"dataType":3,"framePerSecond":24,"keys":[
{"frame":1,"values":[0.608,-0.7848,-0.12,0,0.7905,0.6125,-0.0013,0,0.0745,-0.094,0.9928,0,12.3191,-1.113,-1.7935,1]},
{"frame":2,"values":[0.6006,-0.791,-0.1165,0,0.7959,0.6054,-0.0074,0,0.0764,-0.0883,0.9932,0,12.3191,-1.113,-1.7935,1]},
{"frame":3,"values":[0.5834,-0.8039,-0.1155,0,0.8078,0.5891,-0.0198,0,0.084,-0.0817,0.9931,0,12.3191,-1.113,-1.7935,1]},
{"frame":4,"values":[0.5318,-0.8399,-0.1084,0,0.8407,0.539,-0.0516,0,0.1018,-0.0637,0.9928,0,12.3191,-1.113,-1.7935,1]},
{"frame":5,"values":[0.4337,-0.8944,-0.1094,0,0.8935,0.4426,-0.0764,0,0.1167,-0.0646,0.9911,0,12.3191,-1.113,-1.7935,1]},
{"frame":6,"values":[0.3024,-0.9469,-0.1097,0,0.9457,0.3124,-0.0897,0,0.1192,-0.0767,0.9899,0,12.3191,-1.113,-1.7935,1]},
{"frame":7,"values":[0.2082,-0.967,-0.1471,0,0.9746,0.2177,-0.052,0,0.0823,-0.1326,0.9878,0,12.3191,-1.113,-1.7935,1]},
{"frame":8,"values":[0.1967,-0.9591,-0.2036,0,0.9805,0.1916,0.0448,0,-0.0039,-0.2084,0.978,0,12.3191,-1.113,-1.7935,1]},
{"frame":9,"values":[0.2138,-0.942,-0.2586,0,0.9735,0.1836,0.1363,0,-0.0809,-0.2808,0.9563,0,12.3191,-1.113,-1.7935,1]},
{"frame":10,"values":[0.2159,-0.9316,-0.2925,0,0.968,0.1648,0.1894,0,-0.1282,-0.324,0.9373,0,12.3191,-1.113,-1.7935,1]},
{"frame":11,"values":[0.2144,-0.9259,-0.311,0,0.9631,0.1474,0.2253,0,-0.1628,-0.3478,0.9233,0,12.3191,-1.113,-1.7935,1]},
{"frame":12,"values":[0.2293,-0.9189,-0.321,0,0.951,0.1412,0.2751,0,-0.2075,-0.3684,0.9062,0,12.3191,-1.113,-1.7935,1]},
{"frame":13,"values":[0.253,-0.9105,-0.3272,0,0.9375,0.1471,0.3155,0,-0.2391,-0.3866,0.8907,0,12.3191,-1.113,-1.7935,1]},
{"frame":14,"values":[0.2761,-0.9061,-0.3204,0,0.927,0.163,0.3378,0,-0.2539,-0.3903,0.885,0,12.3191,-1.113,-1.7935,1]},
{"frame":15,"values":[0.289,-0.9033,-0.3172,0,0.9248,0.1777,0.3364,0,-0.2475,-0.3906,0.8867,0,12.3191,-1.113,-1.7935,1]},
{"frame":16,"values":[0.2966,-0.9001,-0.3191,0,0.9239,0.1858,0.3347,0,-0.242,-0.394,0.8867,0,12.3191,-1.113,-1.7935,1]},
{"frame":17,"values":[0.3016,-0.8969,-0.3235,0,0.918,0.1815,0.3527,0,-0.2576,-0.4033,0.878,0,12.3191,-1.113,-1.7935,1]},
{"frame":18,"values":[0.3026,-0.8949,-0.3279,0,0.9099,0.1688,0.3791,0,-0.2839,-0.4131,0.8653,0,12.3191,-1.113,-1.7935,1]},
{"frame":19,"values":[0.3061,-0.8921,-0.3323,0,0.9017,0.1598,0.4016,0,-0.3052,-0.4226,0.8534,0,12.3191,-1.113,-1.7935,1]},
{"frame":20,"values":[0.3013,-0.8932,-0.3337,0,0.8984,0.1486,0.4134,0,-0.3196,-0.4243,0.8472,0,12.3191,-1.113,-1.7935,1]},
{"frame":21,"values":[0.2864,-0.8987,-0.3321,0,0.8984,0.1315,0.4191,0,-0.333,-0.4184,0.845,0,12.3191,-1.113,-1.7935,1]},
{"frame":22,"values":[0.2745,-0.9049,-0.3254,0,0.9002,0.1228,0.4178,0,-0.3381,-0.4076,0.8483,0,12.3191,-1.113,-1.7935,1]},
{"frame":23,"values":[0.279,-0.9095,-0.308,0,0.8937,0.1286,0.4299,0,-0.3514,-0.3952,0.8487,0,12.3191,-1.113,-1.7935,1]},
{"frame":24,"values":[0.3057,-0.9119,-0.2738,0,0.8782,0.159,0.4511,0,-0.3678,-0.3783,0.8494,0,12.3191,-1.113,-1.7935,1]},
{"frame":25,"values":[0.3296,-0.909,-0.2552,0,0.8735,0.1911,0.4477,0,-0.3582,-0.3705,0.857,0,12.3191,-1.113,-1.7935,1]},
