{"producer":{"name":"Blender","version":"2.90.0","exporter_version":"2.80.1","file":"run.babylon"},
"autoClear":true,"clearColor":[0.0509,0.0509,0.0509],"gravity":[0,-9.81,0],
"materials":[{"name":"Material","id":"Material","customType":"BABYLON.PBRMaterial","backFaceCulling":true,"checkReadyOnlyOnce":false,"maxSimultaneousLights":4,"environmentIntensity":1,"albedo":[0.8,0.8,0.8],"reflectivity":[0.5,0.5,0.5],"roughness":0.4,"alpha":1,"transparencyMode":0,"alphaCutOff":0.4,"metallic":0}],
"multiMaterials":[],
"skeletons":[{"name":"Armature","id":0,"dimensionsAtRest":[188.1767,172.4535,15.5905],"bones":[
{"name":"boss:Hips","index":0,"matrix":[0.9977,-0.0415,0.0538,0,0.0464,0.9946,-0.0925,0,0.0497,-0.0947,-0.9943,0,0.0663,89.5387,-0.6679,1],"rest":[1,0,0,0,0,1,0,0,0,0,-1,0,0,96.3794,0,1],"parentBoneIndex":-1,"length":9.9032
,"animation":{"dataType":3,"framePerSecond":24,"keys":[
{"frame":1,"values":[0.9977,-0.0415,0.0538,0,0.0464,0.9946,-0.0925,0,0.0497,-0.0947,-0.9943,0,0.0663,89.5387,-0.6679,1]},
{"frame":2,"values":[0.9988,-0.0151,0.0473,0,0.0195,0.9954,-0.0936,0,0.0457,-0.0945,-0.9945,0,0.5378,91.9829,-1.9558,1]},
{"frame":3,"values":[0.997,0.0095,0.0767,0,-0.0028,0.9961,-0.0879,0,0.0773,-0.0875,-0.9932,0,0.9397,94.8787,-3.7497,1]},
{"frame":4,"values":[0.994,0.0171,0.1081,0,-0.0069,0.9955,-0.094,0,0.1092,-0.0927,-0.9897,0,1.0663,95.9251,-5.8193,1]},
{"frame":5,"values":[0.9967,0.002,0.081,0,0.0038,0.9974,-0.0721,0,0.0809,-0.0722,-0.9941,0,1.3888,95.5947,-7.1391,1]},
{"frame":6,"values":[0.9953,-0.0003,0.0967,0,0.0048,0.9989,-0.0463,0,0.0966,-0.0466,-0.9942,0,1.4959,94.6284,-7.6422,1]},
{"frame":7,"values":[0.9919,0.0056,0.1268,0,-0.0004,0.9992,-0.041,0,0.1269,-0.0406,-0.9911,0,1.4053,92.5533,-6.3929,1]},
{"frame":8,"values":[0.9938,0.008,0.1109,0,-0.0027,0.9989,-0.0478,0,0.1112,-0.0472,-0.9927,0,1.0091,88.983,-4.3298,1]},
{"frame":9,"values":[0.9952,0.0065,0.0977,0,-0.0005,0.9981,-0.0618,0,0.0979,-0.0615,-0.9933,0,0.5299,87.9995,-1.6563,1]},
{"frame":10,"values":[0.9949,-0.0345,0.0953,0,0.0413,0.9967,-0.0702,0,0.0926,-0.0737,-0.993,0,0.3142,89.8883,-1.1806,1]},
{"frame":11,"values":[0.9965,-0.0731,0.0401,0,0.0767,0.9923,-0.0971,0,0.0327,-0.0999,-0.9945,0,0.1958,92.6647,-1.7039,1]},
{"frame":12,"values":[0.9964,-0.0852,-0.0026,0,0.0839,0.986,-0.1442,0,-0.0149,-0.1435,-0.9895,0,0.1142,94.7396,-2.1783,1]},
{"frame":13,"values":[0.9981,-0.0618,-0.007,0,0.0603,0.9887,-0.1376,0,-0.0155,-0.1369,-0.9905,0,0.2938,94.4757,-2.9093,1]},
{"frame":14,"values":[0.9987,-0.0491,-0.0156,0,0.047,0.9925,-0.1125,0,-0.021,-0.1117,-0.9935,0,0.2681,93.3557,-3.8575,1]},
{"frame":15,"values":[0.9991,-0.0421,0.0006,0,0.0419,0.9933,-0.1079,0,-0.004,-0.1078,-0.9942,0,0.1404,91.3968,-3.4138,1]},
{"frame":16,"values":[0.9983,-0.0423,0.0389,0,0.0463,0.9931,-0.1078,0,0.0341,-0.1094,-0.9934,0,-0.1726,89.1201,-2.0141,1]},
{"frame":17,"values":[0.995,-0.073,0.068,0,0.0794,0.9922,-0.0961,0,0.0604,-0.101,-0.993,0,-0.4638,87.9645,-0.6026,1]},
{"frame":18,"values":[0.9977,-0.0415,0.0538,0,0.0464,0.9946,-0.0925,0,0.0497,-0.0947,-0.9943,0,0.0663,89.5387,-0.6679,1]}],"loopBehavior":1,"name":"anim","property":"_matrix"}},
{"name":"boss:Spine","index":1,"matrix":[0.9996,0.02,-0.0224,0,-0.018,0.9961,0.0864,0,0.024,-0.086,0.996,0,0,9.2263,1.5771,1],"rest":[1,0,0,0,0,1,0,0,0,0,1,0,0,9.2263,1.5771,1],"parentBoneIndex":0,"length":16.2548
,"animation":{"dataType":3,"framePerSecond":24,"keys":[
{"frame":1,"values":[0.9996,0.02,-0.0224,0,-0.018,0.9961,0.0864,0,0.024,-0.086,0.996,0,0,9.2263,1.5771,1]},
{"frame":2,"values":[0.9989,0.008,-0.0462,0,-0.0044,0.997,0.0772,0,0.0467,-0.077,0.9959,0,0,9.2263,1.5771,1]},
{"frame":3,"values":[0.9978,-0.0047,-0.0655,0,0.009,0.9978,0.0656,0,0.0651,-0.0661,0.9957,0,0,9.2263,1.5771,1]},
{"frame":4,"values":[0.9973,-0.0101,-0.0725,0,0.0139,0.9986,0.0518,0,0.0719,-0.0527,0.996,0,0,9.2263,1.5771,1]},
{"frame":5,"values":[0.9973,-0.0103,-0.0724,0,0.014,0.9986,0.0505,0,0.0718,-0.0514,0.9961,0,0,9.2263,1.5771,1]},
{"frame":6,"values":[0.998,-0.0093,-0.0626,0,0.013,0.9982,0.0588,0,0.0619,-0.0595,0.9963,0,0,9.2263,1.5771,1]},
{"frame":7,"values":[0.9986,-0.0106,-0.0521,0,0.0143,0.9974,0.0712,0,0.0512,-0.0719,0.9961,0,0,9.2263,1.5771,1]},
{"frame":8,"values":[0.9992,-0.0156,-0.0369,0,0.0186,0.9963,0.0844,0,0.0355,-0.085,0.9958,0,0,9.2263,1.5771,1]},
{"frame":9,"values":[0.9999,-0.0154,-0.0019,0,0.0155,0.9955,0.0938,0,0.0004,-0.0938,0.9956,0,0,9.2263,1.5771,1]},
{"frame":10,"values":[0.9995,0.0024,0.0317,0,-0.0054,0.9955,0.0943,0,-0.0314,-0.0945,0.995,0,0,9.2263,1.5771,1]},
{"frame":11,"values":[0.9982,0.0222,0.0549,0,-0.0268,0.9962,0.0834,0,-0.0529,-0.0847,0.995,0,0,9.2263,1.5771,1]},
{"frame":12,"values":[0.9971,0.0322,0.0684,0,-0.0371,0.9968,0.0711,0,-0.0659,-0.0734,0.9951,0,0,9.2263,1.5771,1]},
{"frame":13,"values":[0.9968,0.0292,0.075,0,-0.0347,0.9966,0.0743,0,-0.0726,-0.0767,0.9944,0,0,9.2263,1.5771,1]},
{"frame":14,"values":[0.9977,0.0273,0.0624,0,-0.0323,0.9963,0.0798,0,-0.06,-0.0816,0.9949,0,0,9.2263,1.5771,1]},
{"frame":15,"values":[0.9981,0.0264,0.055,0,-0.0309,0.9961,0.083,0,-0.0526,-0.0845,0.995,0,0,9.2263,1.5771,1]},
{"frame":16,"values":[0.9987,0.0296,0.0408,0,-0.033,0.9956,0.0875,0,-0.038,-0.0887,0.9953,0,0,9.2263,1.5771,1]},
{"frame":17,"values":[0.9992,0.0365,0.0156,0,-0.0378,0.995,0.0929,0,-0.0122,-0.0934,0.9956,0,0,9.2263,1.5771,1]},
{"frame":18,"values":[0.9996,0.02,-0.0224,0,-0.018,0.9961,0.0864,0,0.024,-0.086,0.996,0,0,9.2263,1.5771,1]}],"loopBehavior":1,"name":"anim","property":"_matrix"}},
{"name":"boss:Spine1","index":2,"matrix":[0.9984,0.038,-0.043,0,-0.03,0.9845,0.1726,0,0.0489,-0.171,0.9841,0,0,16.254,-0.1656,1],"rest":[1,0,0,0,0,1,0,0,0,0,1,0,0,16.254,-0.1656,1],"parentBoneIndex":1,"length":13.7007
,"animation":{"dataType":3,"framePerSecond":24,"keys":[
{"frame":1,"values":[0.9984,0.038,-0.043,0,-0.03,0.9845,0.1726,0,0.0489,-0.171,0.9841,0,0,16.254,-0.1656,1]},
{"frame":2,"values":[0.9952,0.0244,-0.0945,0,-0.0096,0.988,0.1543,0,0.0971,-0.1526,0.9835,0,0,16.254,-0.1656,1]},
{"frame":3,"values":[0.9907,0.005,-0.1361,0,0.0129,0.9914,0.1305,0,0.1356,-0.131,0.9821,0,0,16.254,-0.1656,1]},
{"frame":4,"values":[0.9874,-0.0162,-0.1577,0,0.0326,0.9942,0.1021,0,0.1551,-0.1059,0.9822,0,0,16.254,-0.1656,1]},
{"frame":5,"values":[0.9858,-0.0199,-0.1669,0,0.0369,0.9944,0.099,0,0.164,-0.1038,0.981,0,0,16.254,-0.1656,1]},
{"frame":6,"values":[0.9885,-0.0198,-0.15,0,0.0375,0.9926,0.1156,0,0.1466,-0.1199,0.9819,0,0,16.254,-0.1656,1]},
{"frame":7,"values":[0.9917,-0.0228,-0.1266,0,0.0407,0.9893,0.1405,0,0.122,-0.1444,0.982,0,0,16.254,-0.1656,1]},
{"frame":8,"values":[0.9959,-0.028,-0.086,0,0.0421,0.9851,0.167,0,0.08,-0.1699,0.9822,0,0,16.254,-0.1656,1]},
{"frame":9,"values":[0.9996,-0.0277,-0.0066,0,0.0285,0.982,0.1867,0,0.0013,-0.1869,0.9824,0,0,16.254,-0.1656,1]},
{"frame":10,"values":[0.9979,-0.0033,0.0644,0,-0.0089,0.9822,0.1877,0,-0.0639,-0.1879,0.9801,0,0,16.254,-0.1656,1]},
{"frame":11,"values":[0.9929,0.0278,0.1159,0,-0.0468,0.9852,0.1647,0,-0.1096,-0.169,0.9795,0,0,16.254,-0.1656,1]},
{"frame":12,"values":[0.9871,0.0541,0.1506,0,-0.0753,0.9875,0.1385,0,-0.1412,-0.148,0.9788,0,0,16.254,-0.1656,1]},
{"frame":13,"values":[0.9838,0.055,0.1706,0,-0.0802,0.9863,0.144,0,-0.1603,-0.1554,0.9748,0,0,16.254,-0.1656,1]},
{"frame":14,"values":[0.9867,0.054,0.1533,0,-0.078,0.9848,0.1551,0,-0.1426,-0.165,0.9759,0,0,16.254,-0.1656,1]},
{"frame":15,"values":[0.9891,0.0554,0.1367,0,-0.0775,0.9838,0.1619,0,-0.1255,-0.1707,0.9773,0,0,16.254,-0.1656,1]},
{"frame":16,"values":[0.9933,0.0574,0.1006,0,-0.0741,0.9823,0.1718,0,-0.089,-0.1781,0.98,0,0,16.254,-0.1656,1]},
{"frame":17,"values":[0.997,0.0664,0.0395,0,-0.0725,0.9802,0.1841,0,-0.0265,-0.1864,0.9821,0,0,16.254,-0.1656,1]},
{"frame":18,"values":[0.9984,0.038,-0.043,0,-0.03,0.9845,0.1726,0,0.0489,-0.171,0.9841,0,0,16.254,-0.1656,1]}],"loopBehavior":1,"name":"anim","property":"_matrix"}},
{"name":"boss:Spine2","index":3,"matrix":[0.9984,0.038,-0.043,0,-0.03,0.9845,0.1726,0,0.0489,-0.171,0.9841,0,0,13.6396,-1.2923,1],"rest":[1,0,0,0,0,1,0,0,0,0,1,0,0,13.6396,-1.2923,1],"parentBoneIndex":2,"length":13.1719
,"animation":{"dataType":3,"framePerSecond":24,"keys":[
{"frame":1,"values":[0.9984,0.038,-0.043,0,-0.03,0.9845,0.1726,0,0.0489,-0.171,0.9841,0,0,13.6396,-1.2923,1]},
{"frame":2,"values":[0.9952,0.0244,-0.0945,0,-0.0096,0.988,0.1543,0,0.0971,-0.1526,0.9835,0,0,13.6396,-1.2923,1]},
{"frame":3,"values":[0.9907,0.005,-0.1361,0,0.0129,0.9914,0.1305,0,0.1356,-0.131,0.9821,0,0,13.6396,-1.2923,1]},
{"frame":4,"values":[0.9874,-0.0162,-0.1577,0,0.0326,0.9942,0.1021,0,0.1551,-0.1059,0.9822,0,0,13.6396,-1.2923,1]},
{"frame":5,"values":[0.9858,-0.0199,-0.1669,0,0.0369,0.9944,0.099,0,0.164,-0.1038,0.981,0,0,13.6396,-1.2923,1]},
{"frame":6,"values":[0.9885,-0.0198,-0.15,0,0.0375,0.9926,0.1156,0,0.1466,-0.1199,0.9819,0,0,13.6396,-1.2923,1]},
{"frame":7,"values":[0.9917,-0.0228,-0.1266,0,0.0407,0.9893,0.1405,0,0.122,-0.1444,0.982,0,0,13.6396,-1.2923,1]},
{"frame":8,"values":[0.9959,-0.028,-0.086,0,0.0421,0.9851,0.167,0,0.08,-0.1699,0.9822,0,0,13.6396,-1.2923,1]},
{"frame":9,"values":[0.9996,-0.0277,-0.0066,0,0.0285,0.982,0.1867,0,0.0013,-0.1869,0.9824,0,0,13.6396,-1.2923,1]},
{"frame":10,"values":[0.9979,-0.0033,0.0644,0,-0.0089,0.9822,0.1877,0,-0.0639,-0.1879,0.9801,0,0,13.6396,-1.2923,1]},
{"frame":11,"values":[0.9929,0.0278,0.1159,0,-0.0468,0.9852,0.1647,0,-0.1096,-0.169,0.9795,0,0,13.6396,-1.2923,1]},
{"frame":12,"values":[0.9871,0.0541,0.1506,0,-0.0753,0.9875,0.1385,0,-0.1412,-0.148,0.9788,0,0,13.6396,-1.2923,1]},
{"frame":13,"values":[0.9838,0.055,0.1706,0,-0.0802,0.9863,0.144,0,-0.1603,-0.1554,0.9748,0,0,13.6396,-1.2923,1]},
{"frame":14,"values":[0.9867,0.054,0.1533,0,-0.078,0.9848,0.1551,0,-0.1426,-0.165,0.9759,0,0,13.6396,-1.2923,1]},
{"frame":15,"values":[0.9891,0.0554,0.1367,0,-0.0775,0.9838,0.1619,0,-0.1255,-0.1707,0.9773,0,0,13.6396,-1.2923,1]},
{"frame":16,"values":[0.9933,0.0574,0.1006,0,-0.0741,0.9823,0.1718,0,-0.089,-0.1781,0.98,0,0,13.6396,-1.2923,1]},
{"frame":17,"values":[0.997,0.0664,0.0395,0,-0.0725,0.9802,0.1841,0,-0.0265,-0.1864,0.9821,0,0,13.6396,-1.2923,1]},
{"frame":18,"values":[0.9984,0.038,-0.043,0,-0.03,0.9845,0.1726,0,0.0489,-0.171,0.9841,0,0,13.6396,-1.2923,1]}],"loopBehavior":1,"name":"anim","property":"_matrix"}},
{"name":"boss:Neck","index":4,"matrix":[0.9999,-0.0008,0.0138,0,0.0012,0.9995,-0.0326,0,-0.0138,0.0327,0.9994,0,0,13.8774,-4.3542,1],"rest":[1,0,0,0,0,1,0,0,0,0,1,0,0,13.8774,-4.3542,1],"parentBoneIndex":3,"length":4.4379
,"animation":{"dataType":3,"framePerSecond":24,"keys":[
{"frame":1,"values":[0.9999,-0.0008,0.0138,0,0.0012,0.9995,-0.0326,0,-0.0138,0.0327,0.9994,0,0,13.8774,-4.3542,1]},
{"frame":2,"values":[0.9998,-0.0034,0.0213,0,0.004,0.9995,-0.03,0,-0.0212,0.0301,0.9993,0,0,13.8774,-4.3542,1]},
{"frame":3,"values":[0.9995,-0.0007,0.0303,0,0.0014,0.9997,-0.0243,0,-0.0303,0.0244,0.9992,0,0,13.8774,-4.3542,1]},
{"frame":4,"values":[0.9994,0.0014,0.035,0,-0.0009,0.9999,-0.0167,0,-0.035,0.0167,0.9992,0,0,13.8774,-4.3542,1]},
{"frame":5,"values":[0.9994,0.0067,0.0353,0,-0.0065,1,-0.0067,0,-0.0354,0.0065,0.9994,0,0,13.8774,-4.3542,1]},
{"frame":6,"values":[0.9995,0.0035,0.0317,0,-0.0032,1,-0.0078,0,-0.0318,0.0077,0.9995,0,0,13.8774,-4.3542,1]},
{"frame":7,"values":[0.9996,0.0046,0.029,0,-0.0042,0.9999,-0.0152,0,-0.029,0.015,0.9995,0,0,13.8774,-4.3542,1]},
{"frame":8,"values":[0.9997,0.0092,0.0231,0,-0.0086,0.9997,-0.0242,0,-0.0233,0.024,0.9994,0,0,13.8774,-4.3542,1]},
{"frame":9,"values":[0.9999,0.0051,0.0106,0,-0.0048,0.9996,-0.0285,0,-0.0108,0.0285,0.9995,0,0,13.8774,-4.3542,1]},
{"frame":10,"values":[1,0.0061,0.0025,0,-0.006,0.9994,-0.0352,0,-0.0027,0.0352,0.9994,0,0,13.8774,-4.3542,1]},
{"frame":11,"values":[0.9999,-0.0045,-0.0107,0,0.0041,0.9994,-0.0356,0,0.0108,0.0355,0.9993,0,0,13.8774,-4.3542,1]},
{"frame":12,"values":[0.9998,-0.0052,-0.0194,0,0.0044,0.9991,-0.0427,0,0.0196,0.0426,0.9989,0,0,13.8774,-4.3542,1]},
{"frame":13,"values":[0.9997,-0.0052,-0.0235,0,0.0041,0.9989,-0.0461,0,0.0237,0.046,0.9987,0,0,13.8774,-4.3542,1]},
{"frame":14,"values":[0.9998,-0.0076,-0.021,0,0.0068,0.9992,-0.0393,0,0.0213,0.0392,0.999,0,0,13.8774,-4.3542,1]},
{"frame":15,"values":[0.9998,-0.011,-0.0186,0,0.0103,0.9993,-0.0368,0,0.019,0.0366,0.9991,0,0,13.8774,-4.3542,1]},
{"frame":16,"values":[0.9998,-0.0146,-0.0129,0,0.0141,0.9991,-0.0399,0,0.0135,0.0397,0.9991,0,0,13.8774,-4.3542,1]},
{"frame":17,"values":[0.9999,-0.0107,-0.0008,0,0.0107,0.9992,-0.0396,0,0.0012,0.0396,0.9992,0,0,13.8774,-4.3542,1]},
{"frame":18,"values":[0.9999,-0.0008,0.0138,0,0.0012,0.9995,-0.0326,0,-0.0138,0.0327,0.9994,0,0,13.8774,-4.3542,1]}],"loopBehavior":1,"name":"anim","property":"_matrix"}},
{"name":"boss:Neck1","index":5,"matrix":[0.9999,-0.0008,0.0138,0,0.0012,0.9995,-0.0326,0,-0.0138,0.0327,0.9994,0,0,4.34,0.9269,1],"rest":[1,0,0,0,0,1,0,0,0,0,1,0,0,4.34,0.9269,1],"parentBoneIndex":4,"length":4.1171
,"animation":{"dataType":3,"framePerSecond":24,"keys":[
{"frame":1,"values":[0.9999,-0.0008,0.0138,0,0.0012,0.9995,-0.0326,0,-0.0138,0.0327,0.9994,0,0,4.34,0.9269,1]},
{"frame":2,"values":[0.9998,-0.0034,0.0213,0,0.004,0.9995,-0.03,0,-0.0212,0.0301,0.9993,0,0,4.34,0.9269,1]},
{"frame":3,"values":[0.9995,-0.0007,0.0303,0,0.0014,0.9997,-0.0243,0,-0.0303,0.0244,0.9992,0,0,4.34,0.9269,1]},
{"frame":4,"values":[0.9994,0.0014,0.035,0,-0.0009,0.9999,-0.0167,0,-0.035,0.0167,0.9992,0,0,4.34,0.9269,1]},
{"frame":5,"values":[0.9994,0.0067,0.0353,0,-0.0065,1,-0.0067,0,-0.0354,0.0065,0.9994,0,0,4.34,0.9269,1]},
{"frame":6,"values":[0.9995,0.0035,0.0317,0,-0.0032,1,-0.0078,0,-0.0318,0.0077,0.9995,0,0,4.34,0.9269,1]},
{"frame":7,"values":[0.9996,0.0046,0.029,0,-0.0042,0.9999,-0.0152,0,-0.029,0.015,0.9995,0,0,4.34,0.9269,1]},
{"frame":8,"values":[0.9997,0.0092,0.0231,0,-0.0086,0.9997,-0.0242,0,-0.0233,0.024,0.9994,0,0,4.34,0.9269,1]},
{"frame":9,"values":[0.9999,0.0051,0.0106,0,-0.0048,0.9996,-0.0285,0,-0.0108,0.0285,0.9995,0,0,4.34,0.9269,1]},
{"frame":10,"values":[1,0.0061,0.0025,0,-0.006,0.9994,-0.0352,0,-0.0027,0.0352,0.9994,0,0,4.34,0.9269,1]},
{"frame":11,"values":[0.9999,-0.0045,-0.0107,0,0.0041,0.9994,-0.0356,0,0.0108,0.0355,0.9993,0,0,4.34,0.9269,1]},
{"frame":12,"values":[0.9998,-0.0052,-0.0194,0,0.0044,0.9991,-0.0427,0,0.0196,0.0426,0.9989,0,0,4.34,0.9269,1]},
{"frame":13,"values":[0.9997,-0.0052,-0.0235,0,0.0041,0.9989,-0.0461,0,0.0237,0.046,0.9987,0,0,4.34,0.9269,1]},
{"frame":14,"values":[0.9998,-0.0076,-0.021,0,0.0068,0.9992,-0.0393,0,0.0213,0.0392,0.999,0,0,4.34,0.9269,1]},
{"frame":15,"values":[0.9998,-0.011,-0.0186,0,0.0103,0.9993,-0.0368,0,0.019,0.0366,0.9991,0,0,4.34,0.9269,1]},
{"frame":16,"values":[0.9998,-0.0146,-0.0129,0,0.0141,0.9991,-0.0399,0,0.0135,0.0397,0.9991,0,0,4.34,0.9269,1]},
{"frame":17,"values":[0.9999,-0.0107,-0.0008,0,0.0107,0.9992,-0.0396,0,0.0012,0.0396,0.9992,0,0,4.34,0.9269,1]},
{"frame":18,"values":[0.9999,-0.0008,0.0138,0,0.0012,0.9995,-0.0326,0,-0.0138,0.0327,0.9994,0,0,4.34,0.9269,1]}],"loopBehavior":1,"name":"anim","property":"_matrix"}},
{"name":"boss:Head","index":6,"matrix":[0.9999,-0.0008,0.0138,0,0.0012,0.9995,-0.0326,0,-0.0138,0.0327,0.9994,0,0,4.0266,0.8585,1],"rest":[1,0,0,0,0,1,0,0,0,0,1,0,0,4.0266,0.8585,1],"parentBoneIndex":5,"length":4.1171
,"animation":{"dataType":3,"framePerSecond":24,"keys":[
{"frame":1,"values":[0.9999,-0.0008,0.0138,0,0.0012,0.9995,-0.0326,0,-0.0138,0.0327,0.9994,0,0,4.0266,0.8585,1]},
{"frame":2,"values":[0.9998,-0.0034,0.0213,0,0.004,0.9995,-0.03,0,-0.0212,0.0301,0.9993,0,0,4.0266,0.8585,1]},
{"frame":3,"values":[0.9995,-0.0007,0.0303,0,0.0014,0.9997,-0.0243,0,-0.0303,0.0244,0.9992,0,0,4.0266,0.8585,1]},
{"frame":4,"values":[0.9994,0.0014,0.035,0,-0.0009,0.9999,-0.0167,0,-0.035,0.0167,0.9992,0,0,4.0266,0.8585,1]},
{"frame":5,"values":[0.9994,0.0067,0.0353,0,-0.0065,1,-0.0067,0,-0.0354,0.0065,0.9994,0,0,4.0266,0.8585,1]},
{"frame":6,"values":[0.9995,0.0035,0.0317,0,-0.0032,1,-0.0078,0,-0.0318,0.0077,0.9995,0,0,4.0266,0.8585,1]},
{"frame":7,"values":[0.9996,0.0046,0.029,0,-0.0042,0.9999,-0.0152,0,-0.029,0.015,0.9995,0,0,4.0266,0.8585,1]},
{"frame":8,"values":[0.9997,0.0092,0.0231,0,-0.0086,0.9997,-0.0242,0,-0.0233,0.024,0.9994,0,0,4.0266,0.8585,1]},
{"frame":9,"values":[0.9999,0.0051,0.0106,0,-0.0048,0.9996,-0.0285,0,-0.0108,0.0285,0.9995,0,0,4.0266,0.8585,1]},
{"frame":10,"values":[1,0.0061,0.0025,0,-0.006,0.9994,-0.0352,0,-0.0027,0.0352,0.9994,0,0,4.0266,0.8585,1]},
{"frame":11,"values":[0.9999,-0.0045,-0.0107,0,0.0041,0.9994,-0.0356,0,0.0108,0.0355,0.9993,0,0,4.0266,0.8585,1]},
{"frame":12,"values":[0.9998,-0.0052,-0.0194,0,0.0044,0.9991,-0.0427,0,0.0196,0.0426,0.9989,0,0,4.0266,0.8585,1]},
{"frame":13,"values":[0.9997,-0.0052,-0.0235,0,0.0041,0.9989,-0.0461,0,0.0237,0.046,0.9987,0,0,4.0266,0.8585,1]},
{"frame":14,"values":[0.9998,-0.0076,-0.021,0,0.0068,0.9992,-0.0393,0,0.0213,0.0392,0.999,0,0,4.0266,0.8585,1]},
{"frame":15,"values":[0.9998,-0.011,-0.0186,0,0.0103,0.9993,-0.0368,0,0.019,0.0366,0.9991,0,0,4.0266,0.8585,1]},
{"frame":16,"values":[0.9998,-0.0146,-0.0129,0,0.0141,0.9991,-0.0399,0,0.0135,0.0397,0.9991,0,0,4.0266,0.8585,1]},
{"frame":17,"values":[0.9999,-0.0107,-0.0008,0,0.0107,0.9992,-0.0396,0,0.0012,0.0396,0.9992,0,0,4.0266,0.8585,1]},
{"frame":18,"values":[0.9999,-0.0008,0.0138,0,0.0012,0.9995,-0.0326,0,-0.0138,0.0327,0.9994,0,0,4.0266,0.8585,1]}],"loopBehavior":1,"name":"anim","property":"_matrix"}},
{"name":"boss:LeftShoulder","index":7,"matrix":[0.9919,-0.1255,0.0189,0,0.1251,0.9919,0.0215,0,-0.0214,-0.019,0.9996,0,6.1442,10.187,-3.7932,1],"rest":[1,0,0,0,0,1,0,0,0,0,1,0,6.1442,10.187,-3.7932,1],"parentBoneIndex":3,"length":12.4986
,"animation":{"dataType":3,"framePerSecond":24,"keys":[
{"frame":1,"values":[0.9919,-0.1255,0.0189,0,0.1251,0.9919,0.0215,0,-0.0214,-0.019,0.9996,0,6.1442,10.187,-3.7932,1]},
{"frame":2,"values":[0.9936,-0.113,-0.0001,0,0.113,0.9934,0.0204,0,-0.0022,-0.0203,0.9998,0,6.1442,10.187,-3.7932,1]},
{"frame":3,"values":[0.995,-0.0973,-0.0214,0,0.0977,0.995,0.0192,0,0.0194,-0.0212,0.9996,0,6.1442,10.187,-3.7932,1]},
{"frame":4,"values":[0.9957,-0.0844,-0.0391,0,0.0852,0.9962,0.0181,0,0.0375,-0.0214,0.9991,0,6.1442,10.187,-3.7932,1]},
{"frame":5,"values":[0.9955,-0.0838,-0.0446,0,0.0846,0.9963,0.0174,0,0.0429,-0.0211,0.9989,0,6.1442,10.187,-3.7932,1]},
{"frame":6,"values":[0.9944,-0.1018,-0.0292,0,0.1024,0.9946,0.0178,0,0.0272,-0.0207,0.9994,0,6.1442,10.187,-3.7932,1]},
{"frame":7,"values":[0.9915,-0.13,0.0055,0,0.1299,0.9913,0.0202,0,-0.0081,-0.0193,0.9998,0,6.1442,10.187,-3.7932,1]},
{"frame":8,"values":[0.9873,-0.1508,0.049,0,0.1498,0.9884,0.0242,0,-0.0521,-0.0166,0.9985,0,6.1442,10.187,-3.7932,1]},
{"frame":9,"values":[0.9842,-0.1548,0.0864,0,0.1529,0.9878,0.0286,0,-0.0898,-0.0149,0.9958,0,6.1442,10.187,-3.7932,1]},
{"frame":10,"values":[0.9831,-0.1491,0.1062,0,0.1466,0.9887,0.0313,0,-0.1097,-0.0152,0.9939,0,6.1442,10.187,-3.7932,1]},
{"frame":11,"values":[0.9834,-0.1462,0.1071,0,0.1436,0.9891,0.0316,0,-0.1106,-0.0157,0.9937,0,6.1442,10.187,-3.7932,1]},
{"frame":12,"values":[0.9837,-0.1492,0.0999,0,0.1468,0.9887,0.0307,0,-0.1034,-0.0155,0.9945,0,6.1442,10.187,-3.7932,1]},
{"frame":13,"values":[0.9833,-0.1542,0.0969,0,0.152,0.9879,0.0302,0,-0.1003,-0.015,0.9948,0,6.1442,10.187,-3.7932,1]},
{"frame":14,"values":[0.9824,-0.1583,0.0992,0,0.156,0.9873,0.0304,0,-0.1027,-0.0144,0.9946,0,6.1442,10.187,-3.7932,1]},
{"frame":15,"values":[0.9823,-0.1593,0.0982,0,0.157,0.9871,0.0303,0,-0.1018,-0.0143,0.9947,0,6.1442,10.187,-3.7932,1]},
{"frame":16,"values":[0.9845,-0.1533,0.0855,0,0.1514,0.9881,0.0288,0,-0.0889,-0.0154,0.9959,0,6.1442,10.187,-3.7932,1]},
{"frame":17,"values":[0.9885,-0.1397,0.0576,0,0.1384,0.99,0.0257,0,-0.0607,-0.0174,0.998,0,6.1442,10.187,-3.7932,1]},
{"frame":18,"values":[0.9919,-0.1255,0.0189,0,0.1251,0.9919,0.0215,0,-0.0214,-0.019,0.9996,0,6.1442,10.187,-3.7932,1]}],"loopBehavior":1,"name":"anim","property":"_matrix"}},
{"name":"boss:LeftArm","index":8,"matrix":[0.4523,-0.7682,-0.4532,0,0.8487,0.5269,-0.0461,0,0.2742,-0.3638,0.8902,0,12.3191,-1.113,-1.7935,1],"rest":[1,0,0,0,0,1,0,0,0,0,1,0,12.3191,-1.113,-1.7935,1],"parentBoneIndex":7,"length":27.687
,"animation":{"dataType":3,"framePerSecond":24,"keys":[
{"frame":1,"values":[0.4523,-0.7682,-0.4532,0,0.8487,0.5269,-0.0461,0,0.2742,-0.3638,0.8902,0,12.3191,-1.113,-1.7935,1]},
{"frame":2,"values":[0.4976,-0.7084,-0.5005,0,0.8108,0.5849,-0.0217,0,0.3082,-0.395,0.8654,0,12.3191,-1.113,-1.7935,1]},
{"frame":3,"values":[0.5677,-0.6368,-0.5218,0,0.7614,0.6471,0.0388,0,0.313,-0.4193,0.8522,0,12.3191,-1.113,-1.7935,1]},
{"frame":4,"values":[0.6323,-0.5712,-0.5234,0,0.7126,0.6938,0.1037,0,0.3039,-0.4386,0.8458,0,12.3191,-1.113,-1.7935,1]},
{"frame":5,"values":[0.6746,-0.5366,-0.5069,0,0.6791,0.7204,0.1412,0,0.2894,-0.4395,0.8503,0,12.3191,-1.113,-1.7935,1]},
{"frame":6,"values":[0.7054,-0.553,-0.4434,0,0.6608,0.7394,0.129,0,0.2565,-0.3839,0.887,0,12.3191,-1.113,-1.7935,1]},
{"frame":7,"values":[0.7277,-0.6131,-0.3076,0,0.6596,0.7485,0.0686,0,0.1881,-0.2528,0.9491,0,12.3191,-1.113,-1.7935,1]},
{"frame":8,"values":[0.7134,-0.689,-0.1281,0,0.6938,0.7201,-0.0092,0,0.0986,-0.0823,0.9917,0,12.3191,-1.113,-1.7935,1]},
{"frame":9,"values":[0.6654,-0.7463,0.0176,0,0.7455,0.6632,-0.0655,0,0.0372,0.0567,0.9977,0,12.3191,-1.113,-1.7935,1]},
{"frame":10,"values":[0.6343,-0.7683,0.0854,0,0.7725,0.6257,-0.1083,0,0.0298,0.1347,0.9904,0,12.3191,-1.113,-1.7935,1]},
{"frame":11,"values":[0.6443,-0.7594,0.0906,0,0.7621,0.6277,-0.1587,0,0.0636,0.1712,0.9832,0,12.3191,-1.113,-1.7935,1]},
{"frame":12,"values":[0.6714,-0.7379,0.069,0,0.7332,0.6478,-0.207,0,0.108,0.1895,0.9759,0,12.3191,-1.113,-1.7935,1]},
{"frame":13,"values":[0.6843,-0.7284,0.0341,0,0.7148,0.6607,-0.229,0,0.1442,0.1811,0.9728,0,12.3191,-1.113,-1.7935,1]},
{"frame":14,"values":[0.6693,-0.7422,-0.0325,0,0.7216,0.6599,-0.2096,0,0.177,0.1168,0.9773,0,12.3191,-1.113,-1.7935,1]},
{"frame":15,"values":[0.6269,-0.7674,-0.1343,0,0.7519,0.6411,-0.1537,0,0.204,-0.0046,0.979,0,12.3191,-1.113,-1.7935,1]},
{"frame":16,"values":[0.5706,-0.7847,-0.2421,0,0.7924,0.6035,-0.0885,0,0.2156,-0.1413,0.9662,0,12.3191,-1.113,-1.7935,1]},
{"frame":17,"values":[0.5134,-0.786,-0.3445,0,0.8273,0.56,-0.0447,0,0.228,-0.2621,0.9377,0,12.3191,-1.113,-1.7935,1]},
{"frame":18,"values":[0.4523,-0.7682,-0.4532,0,0.8487,0.5269,-0.0461,0,0.2742,-0.3638,0.8902,0,12.3191,-1.113,-1.7935,1]}],"loopBehavior":1,"name":"anim","property":"_matrix"}},
{"name":"boss:LeftForeArm","index":9,"matrix":[-0.2437,0.0038,0.9698,0,0.1759,0.9836,0.0404,0,-0.9538,0.1805,-0.2404,0,27.687,0,0,1],"rest":[1,0,0,0,0,1,0,0,0,0,1,0,27.687,0,0,1],"parentBoneIndex":8,"length":27.8738
,"animation":{"dataType":3,"framePerSecond":24,"keys":[
{"frame":1,"values":[-0.2437,0.0038,0.9698,0,0.1759,0.9836,0.0404,0,-0.9538,0.1805,-0.2404,0,27.687,0,0,1]},
{"frame":2,"values":[-0.1093,-0.0635,0.992,0,0.1083,0.9913,0.0754,0,-0.9881,0.1156,-0.1015,0,27.687,0,0,1]},
{"frame":3,"values":[0.0309,-0.1091,0.9935,0,0.0462,0.9931,0.1076,0,-0.9985,0.0426,0.0357,0,27.687,0,0,1]},
{"frame":4,"values":[0.1292,-0.1303,0.983,0,0.0073,0.9914,0.1305,0,-0.9916,-0.0097,0.129,0,27.687,0,0,1]},
{"frame":5,"values":[0.1671,-0.1404,0.9759,0,0.0007,0.9898,0.1423,0,-0.9859,-0.0231,0.1655,0,27.687,0,0,1]},
{"frame":6,"values":[0.1577,-0.1518,0.9758,0,0.0268,0.9884,0.1494,0,-0.9871,0.0026,0.1599,0,27.687,0,0,1]},
{"frame":7,"values":[0.131,-0.1584,0.9786,0,0.0732,0.986,0.1498,0,-0.9887,0.052,0.1408,0,27.687,0,0,1]},
{"frame":8,"values":[0.1001,-0.1406,0.985,0,0.124,0.984,0.1279,0,-0.9872,0.1093,0.1159,0,27.687,0,0,1]},
{"frame":9,"values":[0.0519,-0.0871,0.9949,0,0.167,0.9829,0.0773,0,-0.9846,0.1621,0.0655,0,27.687,0,0,1]},
{"frame":10,"values":[-0.0366,-0.0015,0.9993,0,0.2029,0.9792,0.0089,0,-0.9785,0.2031,-0.0355,0,27.687,0,0,1]},
{"frame":11,"values":[-0.1632,0.0997,0.9815,0,0.2407,0.9688,-0.0584,0,-0.9568,0.2267,-0.1821,0,27.687,0,0,1]},
{"frame":12,"values":[-0.2938,0.1896,0.9369,0,0.2788,0.9545,-0.1058,0,-0.9143,0.2302,-0.3333,0,27.687,0,0,1]},
{"frame":13,"values":[-0.3946,0.2417,0.8865,0,0.3046,0.9446,-0.122,0,-0.8669,0.2219,-0.4463,0,27.687,0,0,1]},
{"frame":14,"values":[-0.4526,0.2476,0.8566,0,0.3141,0.9434,-0.1068,0,-0.8346,0.2207,-0.5047,0,27.687,0,0,1]},
{"frame":15,"values":[-0.4598,0.2107,0.8627,0,0.3119,0.9479,-0.0653,0,-0.8314,0.239,-0.5016,0,27.687,0,0,1]},
{"frame":16,"values":[-0.415,0.1427,0.8986,0,0.2974,0.9546,-0.0142,0,-0.8598,0.2614,-0.4386,0,27.687,0,0,1]},
{"frame":17,"values":[-0.3312,0.0637,0.9414,0,0.256,0.9664,0.0247,0,-0.9082,0.2492,-0.3363,0,27.687,0,0,1]},
{"frame":18,"values":[-0.2437,0.0038,0.9698,0,0.1759,0.9836,0.0404,0,-0.9538,0.1805,-0.2404,0,27.687,0,0,1]}],"loopBehavior":1,"name":"anim","property":"_matrix"}},
{"name":"boss:LeftHand","index":10,"matrix":[0.9485,-0.0576,0.3114,0,-0.024,0.9674,0.2521,0,-0.3158,-0.2466,0.9162,0,27.8738,0,0,1],"rest":[0.9974,-0.0541,-0.0467,0,0.0586,0.9932,0.1006,0,0.041,-0.1031,0.9938,0,27.8738,0,0,1],"parentBoneIndex":9,"length":9.2395
,"animation":{"dataType":3,"framePerSecond":24,"keys":[
{"frame":1,"values":[0.9485,-0.0576,0.3114,0,-0.024,0.9674,0.2521,0,-0.3158,-0.2466,0.9162,0,27.8738,0,0,1]},
{"frame":2,"values":[0.9465,-0.0672,0.3156,0,-0.0301,0.9554,0.2938,0,-0.3212,-0.2876,0.9023,0,27.8738,0,0,1]},
{"frame":3,"values":[0.9451,-0.0649,0.3202,0,-0.0372,0.9523,0.3028,0,-0.3246,-0.2981,0.8976,0,27.8738,0,0,1]},
{"frame":4,"values":[0.9444,-0.0589,0.3235,0,-0.0399,0.956,0.2906,0,-0.3263,-0.2873,0.9005,0,27.8738,0,0,1]},
{"frame":5,"values":[0.944,-0.0558,0.3252,0,-0.035,0.9631,0.267,0,-0.328,-0.2634,0.9072,0,27.8738,0,0,1]},
{"frame":6,"values":[0.9428,-0.0546,0.3287,0,-0.0241,0.9727,0.2309,0,-0.3324,-0.2256,0.9158,0,27.8738,0,0,1]},
{"frame":7,"values":[0.9403,-0.0449,0.3374,0,-0.0181,0.9832,0.1814,0,-0.3399,-0.1766,0.9237,0,27.8738,0,0,1]},
{"frame":8,"values":[0.9367,-0.0176,0.3497,0,-0.0295,0.9912,0.1288,0,-0.349,-0.1309,0.928,0,27.8738,0,0,1]},
{"frame":9,"values":[0.932,0.0184,0.362,0,-0.0549,0.9944,0.0908,0,-0.3582,-0.1044,0.9278,0,27.8738,0,0,1]},
{"frame":10,"values":[0.9269,0.043,0.3728,0,-0.0763,0.9943,0.0751,0,-0.3674,-0.098,0.9249,0,27.8738,0,0,1]},
{"frame":11,"values":[0.9237,0.0439,0.3807,0,-0.0779,0.9942,0.0743,0,-0.3752,-0.0983,0.9217,0,27.8738,0,0,1]},
{"frame":12,"values":[0.9233,0.0255,0.3833,0,-0.0601,0.9951,0.0785,0,-0.3794,-0.0955,0.9203,0,27.8738,0,0,1]},
{"frame":13,"values":[0.9244,-0.0016,0.3815,0,-0.0349,0.9954,0.0888,0,-0.3799,-0.0954,0.9201,0,27.8738,0,0,1]},
{"frame":14,"values":[0.9263,-0.0289,0.3757,0,-0.0146,0.9935,0.1127,0,-0.3765,-0.1098,0.9199,0,27.8738,0,0,1]},
{"frame":15,"values":[0.9288,-0.042,0.3681,0,-0.0121,0.9896,0.1435,0,-0.3703,-0.1378,0.9187,0,27.8738,0,0,1]},
{"frame":16,"values":[0.9307,-0.0323,0.3644,0,-0.03,0.986,0.1641,0,-0.3646,-0.1637,0.9167,0,27.8738,0,0,1]},
{"frame":17,"values":[0.9347,-0.0235,0.3548,0,-0.0458,0.9815,0.1857,0,-0.3526,-0.1898,0.9163,0,27.8738,0,0,1]},
{"frame":18,"values":[0.9485,-0.0576,0.3114,0,-0.024,0.9674,0.2521,0,-0.3158,-0.2466,0.9162,0,27.8738,0,0,1]}],"loopBehavior":1,"name":"anim","property":"_matrix"}},
{"name":"boss:LeftHandThumb1","index":11,"matrix":[0.9817,-0.1861,0.0409,0,0.1831,0.9807,0.0689,0,-0.0529,-0.0601,0.9968,0,2.3785,-1.0029,2.6209,1],"rest":[0.9909,-0.0858,-0.104,0,0.0965,0.9901,0.102,0,0.0942,-0.1111,0.9893,0,2.3785,-1.0029,2.6209,1],"parentBoneIndex":10,"length":4.514
,"animation":{"dataType":3,"framePerSecond":24,"keys":[
{"frame":1,"values":[0.9817,-0.1861,0.0409,0,0.1831,0.9807,0.0689,0,-0.0529,-0.0601,0.9968,0,2.3785,-1.0029,2.6209,1]},
{"frame":18,"values":[0.9817,-0.1861,0.0409,0,0.1831,0.9807,0.0689,0,-0.0529,-0.0601,0.9968,0,2.3785,-1.0029,2.6209,1]}],"loopBehavior":1,"name":"anim","property":"_matrix"}},
{"name":"boss:LeftHandThumb2","index":12,"matrix":[0.9998,0.0192,-0.0026,0,-0.0191,0.9994,0.0292,0,0.0032,-0.0291,0.9996,0,3.3624,-1.0029,2.8398,1],"rest":[0.9723,0.0085,0.2336,0,0.008,0.9975,-0.0699,0,-0.2336,0.0698,0.9698,0,3.3624,-1.0029,2.8398,1],"parentBoneIndex":11,"length":5.1787
,"animation":{"dataType":3,"framePerSecond":24,"keys":[
{"frame":1,"values":[0.9998,0.0192,-0.0026,0,-0.0191,0.9994,0.0292,0,0.0032,-0.0291,0.9996,0,3.3624,-1.0029,2.8398,1]},
{"frame":18,"values":[0.9998,0.0192,-0.0026,0,-0.0191,0.9994,0.0292,0,0.0032,-0.0291,0.9996,0,3.3624,-1.0029,2.8398,1]}],"loopBehavior":1,"name":"anim","property":"_matrix"}},
{"name":"boss:LeftHandThumb3","index":13,"matrix":[0.9717,-0.2361,0.003,0,0.2343,0.9658,0.111,0,-0.0291,-0.1072,0.9938,0,4.5018,-1.3445,2.1783,1],"rest":[0.9717,-0.2361,0.003,0,0.2343,0.9658,0.111,0,-0.0291,-0.1072,0.9938,0,4.5018,-1.3445,2.1783,1],"parentBoneIndex":12,"length":0.01
,"animation":{"dataType":3,"framePerSecond":24,"keys":[
{"frame":1,"values":[0.9717,-0.2361,0.003,0,0.2343,0.9658,0.111,0,-0.0291,-0.1072,0.9938,0,4.5018,-1.3445,2.1783,1]},
{"frame":18,"values":[0.9717,-0.2361,0.003,0,0.2343,0.9658,0.111,0,-0.0291,-0.1072,0.9938,0,4.5018,-1.3445,2.1783,1]}],"loopBehavior":1,"name":"anim","property":"_matrix"}},
{"name":"boss:LeftHandThumb4","index":14,"matrix":[1,0,0,0,0,1,0,0,0,0,1,0,0,0,0,1],"rest":[1,0,0,0,0,1,0,0,0,0,1,0,0,0,0,1],"parentBoneIndex":13,"length":0.01
,"animation":{"dataType":3,"framePerSecond":24,"keys":[
{"frame":1,"values":[1,0,0,0,0,1,0,0,0,0,1,0,0,0,0,1]},
{"frame":18,"values":[1,0,0,0,0,1,0,0,0,0,1,0,0,0,0,1]}],"loopBehavior":1,"name":"anim","property":"_matrix"}},
{"name":"boss:LeftHandMiddle1","index":15,"matrix":[0.1949,-0.9575,0.2125,0,0.9567,0.2333,0.1738,0,-0.216,0.1695,0.9616,0,10.4639,0.6148,0.4298,1],"rest":[0.9974,0.0586,0.041,0,-0.0586,0.9983,-0.0012,0,-0.041,-0.0012,0.9992,0,10.4639,0.6148,0.4298,1],"parentBoneIndex":10,"length":5.7921
,"animation":{"dataType":3,"framePerSecond":24,"keys":[
{"frame":1,"values":[0.1949,-0.9575,0.2125,0,0.9567,0.2333,0.1738,0,-0.216,0.1695,0.9616,0,10.4639,0.6148,0.4298,1]},
{"frame":2,"values":[0.2334,-0.9491,0.2114,0,0.9484,0.2701,0.1658,0,-0.2145,0.1618,0.9632,0,10.4639,0.6148,0.4298,1]},
{"frame":3,"values":[0.3143,-0.9263,0.2079,0,0.9258,0.3475,0.1487,0,-0.21,0.1458,0.9668,0,10.4639,0.6148,0.4298,1]},
{"frame":4,"values":[0.3939,-0.8965,0.2029,0,0.8962,0.4236,0.1318,0,-0.2041,0.13,0.9703,0,10.4639,0.6148,0.4298,1]},
{"frame":5,"values":[0.4321,-0.8794,0.1999,0,0.8792,0.4601,0.1236,0,-0.2007,0.1224,0.972,0,10.4639,0.6148,0.4298,1]},
{"frame":6,"values":[0.4242,-0.8831,0.2006,0,0.8829,0.4526,0.1253,0,-0.2015,0.1239,0.9716,0,10.4639,0.6148,0.4298,1]},
{"frame":7,"values":[0.4004,-0.8937,0.2025,0,0.8934,0.4299,0.1304,0,-0.2036,0.1287,0.9706,0,10.4639,0.6148,0.4298,1]},
{"frame":8,"values":[0.3649,-0.9082,0.205,0,0.9079,0.3959,0.138,0,-0.2065,0.1357,0.969,0,10.4639,0.6148,0.4298,1]},
{"frame":9,"values":[0.3219,-0.9237,0.2075,0,0.9233,0.3548,0.1471,0,-0.2095,0.1443,0.9671,0,10.4639,0.6148,0.4298,1]},
{"frame":10,"values":[0.2759,-0.938,0.2098,0,0.9374,0.3108,0.1568,0,-0.2123,0.1534,0.9651,0,10.4639,0.6148,0.4298,1]},
{"frame":11,"values":[0.2316,-0.9495,0.2115,0,0.9489,0.2685,0.1662,0,-0.2146,0.1622,0.9632,0,10.4639,0.6148,0.4298,1]},
{"frame":12,"values":[0.194,-0.9577,0.2126,0,0.9569,0.2325,0.1741,0,-0.2161,0.1696,0.9615,0,10.4639,0.6148,0.4298,1]},
{"frame":13,"values":[0.1683,-0.9624,0.2131,0,0.9616,0.2079,0.1794,0,-0.217,0.1747,0.9604,0,10.4639,0.6148,0.4298,1]},
{"frame":14,"values":[0.1591,-0.964,0.2132,0,0.9631,0.1991,0.1813,0,-0.2172,0.1765,0.96,0,10.4639,0.6148,0.4298,1]},
{"frame":15,"values":[0.1651,-0.963,0.2132,0,0.9621,0.2048,0.1801,0,-0.2171,0.1754,0.9603,0,10.4639,0.6148,0.4298,1]},
{"frame":16,"values":[0.1773,-0.9608,0.213,0,0.96,0.2165,0.1776,0,-0.2167,0.173,0.9608,0,10.4639,0.6148,0.4298,1]},
{"frame":17,"values":[0.1893,-0.9586,0.2127,0,0.9578,0.228,0.1751,0,-0.2164,0.1706,0.9613,0,10.4639,0.6148,0.4298,1]},
{"frame":18,"values":[0.1949,-0.9575,0.2126,0,0.9567,0.2333,0.1739,0,-0.2162,0.1695,0.9615,0,10.4639,0.6148,0.4298,1]}],"loopBehavior":1,"name":"anim","property":"_matrix"}},
{"name":"boss:LeftHandMiddle2","index":16,"matrix":[0.175,-0.9622,0.2086,0,0.9657,0.209,0.1538,0,-0.1916,0.1746,0.9658,0,5.7921,0,0,1],"rest":[1,0,0,0,0,1,0,0,0,0,1,0,5.7921,0,0,1],"parentBoneIndex":15,"length":3.7132
,"animation":{"dataType":3,"framePerSecond":24,"keys":[
{"frame":1,"values":[0.175,-0.9622,0.2086,0,0.9657,0.209,0.1538,0,-0.1916,0.1746,0.9658,0,5.7921,0,0,1]},
{"frame":2,"values":[0.2137,-0.9549,0.2063,0,0.9582,0.246,0.146,0,-0.1901,0.1665,0.9675,0,5.7921,0,0,1]},
{"frame":3,"values":[0.295,-0.9342,0.2004,0,0.9372,0.3238,0.1296,0,-0.186,0.1496,0.9711,0,5.7921,0,0,1]},
{"frame":4,"values":[0.3753,-0.9066,0.193,0,0.9092,0.4005,0.1136,0,-0.1803,0.1328,0.9746,0,5.7921,0,0,1]},
{"frame":5,"values":[0.4138,-0.8906,0.1888,0,0.893,0.4374,0.1059,0,-0.1769,0.1248,0.9763,0,5.7921,0,0,1]},
{"frame":6,"values":[0.4059,-0.894,0.1897,0,0.8965,0.4298,0.1075,0,-0.1777,0.1264,0.9759,0,5.7921,0,0,1]},
{"frame":7,"values":[0.3819,-0.904,0.1923,0,0.9066,0.4068,0.1123,0,-0.1797,0.1315,0.9749,0,5.7921,0,0,1]},
{"frame":8,"values":[0.346,-0.9175,0.1959,0,0.9203,0.3726,0.1194,0,-0.1825,0.1389,0.9733,0,5.7921,0,0,1]},
{"frame":9,"values":[0.3027,-0.9319,0.1998,0,0.9349,0.3311,0.128,0,-0.1855,0.148,0.9714,0,5.7921,0,0,1]},
{"frame":10,"values":[0.2564,-0.9449,0.2034,0,0.9481,0.2869,0.1373,0,-0.1881,0.1576,0.9694,0,5.7921,0,0,1]},
{"frame":11,"values":[0.2119,-0.9552,0.2064,0,0.9586,0.2443,0.1463,0,-0.1902,0.1669,0.9675,0,5.7921,0,0,1]},
{"frame":12,"values":[0.1742,-0.9624,0.2087,0,0.9659,0.2082,0.1539,0,-0.1916,0.1747,0.9658,0,5.7921,0,0,1]},
{"frame":13,"values":[0.1484,-0.9664,0.21,0,0.97,0.1836,0.1592,0,-0.1924,0.1801,0.9647,0,5.7921,0,0,1]},
{"frame":14,"values":[0.1391,-0.9677,0.2104,0,0.9714,0.1747,0.161,0,-0.1926,0.182,0.9643,0,5.7921,0,0,1]},
{"frame":15,"values":[0.1451,-0.9668,0.2102,0,0.9705,0.1804,0.1598,0,-0.1925,0.1808,0.9645,0,5.7921,0,0,1]},
{"frame":16,"values":[0.1574,-0.965,0.2096,0,0.9687,0.1921,0.1574,0,-0.1921,0.1782,0.9651,0,5.7921,0,0,1]},
{"frame":17,"values":[0.1694,-0.9631,0.2089,0,0.9667,0.2037,0.1549,0,-0.1918,0.1757,0.9656,0,5.7921,0,0,1]},
{"frame":18,"values":[0.175,-0.9622,0.2087,0,0.9657,0.2091,0.1538,0,-0.1916,0.1746,0.9658,0,5.7921,0,0,1]}],"loopBehavior":1,"name":"anim","property":"_matrix"}},
{"name":"boss:LeftHandMiddle3","index":17,"matrix":[1,0,0,0,0,1,-0.0001,0,0,0.0001,1,0,3.7132,0,0,1],"rest":[1,0,0,0,0,1,-0.0001,0,0,0.0001,1,0,3.7132,0,0,1],"parentBoneIndex":16,"length":0.01
,"animation":{"dataType":3,"framePerSecond":24,"keys":[
{"frame":1,"values":[1,0,0,0,0,1,-0.0001,0,0,0.0001,1,0,3.7132,0,0,1]},
{"frame":18,"values":[1,0,0,0,0,1,-0.0001,0,0,0.0001,1,0,3.7132,0,0,1]}],"loopBehavior":1,"name":"anim","property":"_matrix"}},
{"name":"boss:LeftHandMiddle4","index":18,"matrix":[1,0,0,0,0,1,0,0,0,0,1,0,0,0,0,1],"rest":[1,0,0,0,0,1,0,0,0,0,1,0,0,0,0,1],"parentBoneIndex":17,"length":0.01
,"animation":{"dataType":3,"framePerSecond":24,"keys":[
{"frame":1,"values":[1,0,0,0,0,1,0,0,0,0,1,0,0,0,0,1]},
{"frame":18,"values":[1,0,0,0,0,1,0,0,0,0,1,0,0,0,0,1]}],"loopBehavior":1,"name":"anim","property":"_matrix"}},
{"name":"boss:LeftHandIndex1","index":19,"matrix":[0.2528,-0.9416,0.2222,0,0.9355,0.2965,0.1921,0,-0.2468,0.1593,0.9559,0,10.3945,0.6148,2.7055,1],"rest":[0.9974,0.0586,0.041,0,-0.0586,0.9983,-0.0012,0,-0.041,-0.0012,0.9992,0,10.3945,0.6148,2.7055,1],"parentBoneIndex":10,"length":5.5493
,"animation":{"dataType":3,"framePerSecond":24,"keys":[
{"frame":1,"values":[0.2528,-0.9416,0.2222,0,0.9355,0.2965,0.1921,0,-0.2468,0.1593,0.9559,0,10.3945,0.6148,2.7055,1]},
{"frame":2,"values":[0.2907,-0.9308,0.2217,0,0.925,0.3327,0.1837,0,-0.2447,0.1517,0.9577,0,10.3945,0.6148,2.7055,1]},
{"frame":3,"values":[0.37,-0.9028,0.2194,0,0.8977,0.4082,0.1658,0,-0.2392,0.1356,0.9615,0,10.3945,0.6148,2.7055,1]},
{"frame":4,"values":[0.4476,-0.8679,0.2155,0,0.8635,0.4821,0.1479,0,-0.2323,0.1199,0.9652,0,10.3945,0.6148,2.7055,1]},
{"frame":5,"values":[0.4846,-0.8484,0.213,0,0.8444,0.5173,0.1393,0,-0.2283,0.1124,0.9671,0,10.3945,0.6148,2.7055,1]},
{"frame":6,"values":[0.4771,-0.8525,0.2136,0,0.8485,0.5101,0.141,0,-0.2292,0.1139,0.9667,0,10.3945,0.6148,2.7055,1]},
{"frame":7,"values":[0.454,-0.8647,0.2151,0,0.8604,0.4882,0.1464,0,-0.2316,0.1186,0.9656,0,10.3945,0.6148,2.7055,1]},
{"frame":8,"values":[0.4194,-0.8815,0.2171,0,0.8769,0.4553,0.1544,0,-0.235,0.1256,0.9639,0,10.3945,0.6148,2.7055,1]},
{"frame":9,"values":[0.3775,-0.8997,0.2191,0,0.8947,0.4153,0.1641,0,-0.2386,0.1341,0.9618,0,10.3945,0.6148,2.7055,1]},
{"frame":10,"values":[0.3325,-0.9169,0.2207,0,0.9115,0.3725,0.1743,0,-0.242,0.1432,0.9596,0,10.3945,0.6148,2.7055,1]},
{"frame":11,"values":[0.289,-0.9313,0.2217,0,0.9255,0.331,0.1841,0,-0.2448,0.152,0.9576,0,10.3945,0.6148,2.7055,1]},
{"frame":12,"values":[0.252,-0.9419,0.2222,0,0.9357,0.2957,0.1923,0,-0.2469,0.1595,0.9558,0,10.3945,0.6148,2.7055,1]},
{"frame":13,"values":[0.2267,-0.9482,0.2224,0,0.9419,0.2716,0.1979,0,-0.2481,0.1646,0.9547,0,10.3945,0.6148,2.7055,1]},
{"frame":14,"values":[0.2175,-0.9504,0.2224,0,0.9439,0.2629,0.1999,0,-0.2485,0.1665,0.9542,0,10.3945,0.6148,2.7055,1]},
{"frame":15,"values":[0.2235,-0.949,0.2224,0,0.9426,0.2685,0.1986,0,-0.2482,0.1653,0.9545,0,10.3945,0.6148,2.7055,1]},
{"frame":16,"values":[0.2355,-0.9461,0.2224,0,0.9398,0.28,0.196,0,-0.2477,0.1628,0.9551,0,10.3945,0.6148,2.7055,1]},
{"frame":17,"values":[0.2473,-0.9431,0.2223,0,0.9369,0.2913,0.1934,0,-0.2471,0.1604,0.9556,0,10.3945,0.6148,2.7055,1]},
{"frame":18,"values":[0.2528,-0.9416,0.2223,0,0.9355,0.2965,0.1922,0,-0.2469,0.1593,0.9559,0,10.3945,0.6148,2.7055,1]}],"loopBehavior":1,"name":"anim","property":"_matrix"}},
{"name":"boss:LeftHandIndex2","index":20,"matrix":[0.0679,-0.9739,0.2167,0,0.9824,0.1032,0.1557,0,-0.174,0.2023,0.9637,0,5.5493,0,0,1],"rest":[1,0,0,0,0,1,0,0,0,0,1,0,5.5493,0,0,1],"parentBoneIndex":19,"length":3.3911
,"animation":{"dataType":3,"framePerSecond":24,"keys":[
{"frame":1,"values":[0.0679,-0.9739,0.2167,0,0.9824,0.1032,0.1557,0,-0.174,0.2023,0.9637,0,5.5493,0,0,1]},
{"frame":2,"values":[0.1072,-0.971,0.2139,0,0.979,0.1406,0.1477,0,-0.1735,0.1935,0.9656,0,5.5493,0,0,1]},
{"frame":3,"values":[0.1902,-0.9597,0.2068,0,0.9667,0.2199,0.131,0,-0.1712,0.175,0.9696,0,5.5493,0,0,1]},
{"frame":4,"values":[0.273,-0.9414,0.1983,0,0.9474,0.2989,0.1148,0,-0.1673,0.1565,0.9734,0,5.5493,0,0,1]},
{"frame":5,"values":[0.313,-0.9298,0.1936,0,0.9354,0.3371,0.107,0,-0.1648,0.1475,0.9752,0,5.5493,0,0,1]},
{"frame":6,"values":[0.3048,-0.9323,0.1946,0,0.938,0.3293,0.1086,0,-0.1653,0.1494,0.9749,0,5.5493,0,0,1]},
{"frame":7,"values":[0.2798,-0.9395,0.1975,0,0.9454,0.3054,0.1134,0,-0.1669,0.155,0.9737,0,5.5493,0,0,1]},
{"frame":8,"values":[0.2427,-0.9489,0.2016,0,0.9553,0.27,0.1207,0,-0.1689,0.1633,0.972,0,5.5493,0,0,1]},
{"frame":9,"values":[0.1981,-0.9583,0.2061,0,0.9652,0.2274,0.1295,0,-0.1709,0.1733,0.9699,0,5.5493,0,0,1]},
{"frame":10,"values":[0.1507,-0.9659,0.2104,0,0.9734,0.1821,0.1389,0,-0.1725,0.1838,0.9677,0,5.5493,0,0,1]},
{"frame":11,"values":[0.1054,-0.9711,0.214,0,0.9792,0.1389,0.1481,0,-0.1735,0.1939,0.9655,0,5.5493,0,0,1]},
{"frame":12,"values":[0.0671,-0.9739,0.2167,0,0.9825,0.1024,0.1559,0,-0.174,0.2024,0.9637,0,5.5493,0,0,1]},
{"frame":13,"values":[0.041,-0.975,0.2184,0,0.9839,0.0775,0.1613,0,-0.1742,0.2082,0.9624,0,5.5493,0,0,1]},
{"frame":14,"values":[0.0317,-0.9752,0.2189,0,0.9842,0.0686,0.1632,0,-0.1742,0.2103,0.962,0,5.5493,0,0,1]},
{"frame":15,"values":[0.0377,-0.9751,0.2186,0,0.984,0.0744,0.1619,0,-0.1742,0.209,0.9623,0,5.5493,0,0,1]},
{"frame":16,"values":[0.0501,-0.9747,0.2178,0,0.9834,0.0861,0.1594,0,-0.1741,0.2062,0.9629,0,5.5493,0,0,1]},
{"frame":17,"values":[0.0623,-0.9742,0.217,0,0.9828,0.0978,0.1569,0,-0.1741,0.2035,0.9635,0,5.5493,0,0,1]},
{"frame":18,"values":[0.0679,-0.9739,0.2167,0,0.9824,0.1032,0.1557,0,-0.174,0.2023,0.9637,0,5.5493,0,0,1]}],"loopBehavior":1,"name":"anim","property":"_matrix"}},
{"name":"boss:LeftHandIndex3","index":21,"matrix":[1,0,0,0,0,1,-0.0001,0,0,0.0001,1,0,3.3911,0,0,1],"rest":[1,0,0,0,0,1,-0.0001,0,0,0.0001,1,0,3.3911,0,0,1],"parentBoneIndex":20,"length":0.01
,"animation":{"dataType":3,"framePerSecond":24,"keys":[
