{"producer":{"name":"Blender","version":"2.90.0","exporter_version":"2.80.1","file":"runbackwards_riffle.babylon"},
"autoClear":true,"clearColor":[0.0509,0.0509,0.0509],"gravity":[0,-9.81,0],
"materials":[{"name":"Material","id":"Material","customType":"BABYLON.PBRMaterial","backFaceCulling":true,"checkReadyOnlyOnce":false,"maxSimultaneousLights":4,"environmentIntensity":1,"albedo":[0.8,0.8,0.8],"reflectivity":[0.5,0.5,0.5],"roughness":0.4,"alpha":1,"transparencyMode":0,"alphaCutOff":0.4,"metallic":0}],
"multiMaterials":[],
"skeletons":[{"name":"Armature","id":0,"dimensionsAtRest":[188.1767,172.4535,15.5905],"bones":[
{"name":"boss:Hips","index":0,"matrix":[0.9419,0.0584,-0.3307,0,0.0123,0.9781,0.2079,0,-0.3355,0.1999,-0.9206,0,0,84.3927,0,1],"rest":[1,0,0,0,0,1,0,0,0,0,-1,0,0,96.3794,0,1],"parentBoneIndex":-1,"length":9.9032
,"animation":{"dataType":3,"framePerSecond":24,"keys":[
{"frame":1,"values":[0.9419,0.0584,-0.3307,0,0.0123,0.9781,0.2079,0,-0.3355,0.1999,-0.9206,0,0,84.3927,0,1]},
{"frame":2,"values":[0.9412,0.0382,-0.3357,0,0.0443,0.9711,0.2345,0,-0.3349,0.2356,-0.9123,0,-1.4951,86.5889,-2.2164,1]},
{"frame":3,"values":[0.9168,0.0544,-0.3955,0,0.0293,0.9788,0.2026,0,-0.3982,0.1973,-0.8958,0,-2.4535,89.2796,-3.5058,1]},
{"frame":4,"values":[0.8566,0.0782,-0.51,0,-0.0091,0.9906,0.1365,0,-0.5159,0.1123,-0.8493,0,-1.7468,89.9851,-3.1075,1]},
{"frame":5,"values":[0.8092,0.0858,-0.5812,0,0.0055,0.9881,0.1536,0,-0.5875,0.1274,-0.7991,0,-0.5638,89.1645,-2.6227,1]},
{"frame":6,"values":[0.807,0.0328,-0.5896,0,0.0629,0.988,0.1411,0,-0.5872,0.1509,-0.7953,0,-0.3504,86.3194,-2.0969,1]},
{"frame":7,"values":[0.796,0.0615,-0.6022,0,0.0095,0.9934,0.114,0,-0.6052,0.0964,-0.7902,0,-0.0773,85.6244,-1.3812,1]},
{"frame":8,"values":[0.8387,0.0779,-0.539,0,-0.0064,0.991,0.1334,0,-0.5446,0.1085,-0.8317,0,0.9743,87.2984,-1.4372,1]},
{"frame":9,"values":[0.8985,0.0692,-0.4334,0,0.0066,0.9852,0.1711,0,-0.4388,0.1566,-0.8848,0,2.5876,89.3941,-1.9559,1]},
{"frame":10,"values":[0.952,0.0514,-0.3018,0,0.0131,0.978,0.2081,0,-0.3059,0.2021,-0.9304,0,3.1878,90.0382,-0.1583,1]},
{"frame":11,"values":[0.9804,0.0487,-0.191,0,-0.0061,0.976,0.2179,0,-0.197,0.2124,-0.9571,0,2.6291,87.6017,0.719,1]},
{"frame":12,"values":[0.965,0.0706,-0.2528,0,-0.0165,0.9776,0.21,0,-0.2619,0.1985,-0.9445,0,1.6085,84.7799,0.984,1]},
{"frame":13,"values":[0.9419,0.0584,-0.3307,0,0.0123,0.9781,0.2079,0,-0.3355,0.1999,-0.9206,0,0,84.3927,0,1]}],"loopBehavior":1,"name":"anim","property":"_matrix"}},
{"name":"boss:Spine","index":1,"matrix":[0.9996,0.0128,0.0262,0,-0.016,0.9919,0.1263,0,-0.0244,-0.1266,0.9917,0,0,9.2263,1.5771,1],"rest":[1,0,0,0,0,1,0,0,0,0,1,0,0,9.2263,1.5771,1],"parentBoneIndex":0,"length":16.2548
,"animation":{"dataType":3,"framePerSecond":24,"keys":[
{"frame":1,"values":[0.9996,0.0128,0.0262,0,-0.016,0.9919,0.1263,0,-0.0244,-0.1266,0.9917,0,0,9.2263,1.5771,1]},
{"frame":2,"values":[0.9978,-0.0371,0.0549,0,0.032,0.9953,0.0919,0,-0.0581,-0.0899,0.9943,0,0,9.2263,1.5771,1]},
{"frame":3,"values":[0.9946,-0.0818,0.0635,0,0.0791,0.9959,0.044,0,-0.0669,-0.0388,0.997,0,0,9.2263,1.5771,1]},
{"frame":4,"values":[0.9957,-0.0763,0.0525,0,0.0757,0.997,0.013,0,-0.0533,-0.009,0.9985,0,0,9.2263,1.5771,1]},
{"frame":5,"values":[0.9982,-0.0491,0.0335,0,0.0474,0.9976,0.0509,0,-0.036,-0.0492,0.9981,0,0,9.2263,1.5771,1]},
{"frame":6,"values":[0.9999,-0.0067,0.0107,0,0.0058,0.9965,0.0829,0,-0.0112,-0.0829,0.9965,0,0,9.2263,1.5771,1]},
{"frame":7,"values":[0.9999,-0.0078,-0.0117,0,0.0085,0.998,0.0623,0,0.0112,-0.0624,0.998,0,0,9.2263,1.5771,1]},
{"frame":8,"values":[0.9989,0.0394,-0.0252,0,-0.0372,0.9959,0.0829,0,0.0284,-0.0818,0.9962,0,0,9.2263,1.5771,1]},
{"frame":9,"values":[0.9922,0.1233,-0.0208,0,-0.1199,0.9856,0.1192,0,0.0352,-0.1158,0.9927,0,0,9.2263,1.5771,1]},
{"frame":10,"values":[0.9867,0.1625,0.0059,0,-0.1618,0.9781,0.131,0,0.0155,-0.1302,0.9914,0,0,9.2263,1.5771,1]},
{"frame":11,"values":[0.9904,0.1344,0.0314,0,-0.1374,0.9809,0.1377,0,-0.0123,-0.1407,0.99,0,0,9.2263,1.5771,1]},
{"frame":12,"values":[0.9969,0.0739,0.0255,0,-0.0768,0.9866,0.1441,0,-0.0145,-0.1456,0.9892,0,0,9.2263,1.5771,1]},
{"frame":13,"values":[0.9996,0.0128,0.0262,0,-0.016,0.9919,0.1263,0,-0.0244,-0.1267,0.9916,0,0,9.2263,1.5771,1]}],"loopBehavior":1,"name":"anim","property":"_matrix"}},
{"name":"boss:Spine1","index":2,"matrix":[0.9993,0.0167,0.0331,0,-0.0203,0.9935,0.1122,0,-0.0311,-0.1128,0.9931,0,0,16.254,-0.1656,1],"rest":[1,0,0,0,0,1,0,0,0,0,1,0,0,16.254,-0.1656,1],"parentBoneIndex":1,"length":13.7007
,"animation":{"dataType":3,"framePerSecond":24,"keys":[
{"frame":1,"values":[0.9993,0.0167,0.0331,0,-0.0203,0.9935,0.1122,0,-0.0311,-0.1128,0.9931,0,0,16.254,-0.1656,1]},
{"frame":2,"values":[0.9964,0.0483,0.069,0,-0.0567,0.9905,0.1251,0,-0.0623,-0.1285,0.9897,0,0,16.254,-0.1656,1]},
{"frame":3,"values":[0.9954,0.0651,0.0697,0,-0.0734,0.9894,0.125,0,-0.0608,-0.1296,0.9897,0,0,16.254,-0.1656,1]},
{"frame":4,"values":[0.9972,0.0598,0.0443,0,-0.0644,0.9916,0.1126,0,-0.0372,-0.1151,0.9927,0,0,16.254,-0.1656,1]},
{"frame":5,"values":[0.9988,0.0449,0.0188,0,-0.0468,0.9921,0.1168,0,-0.0134,-0.1175,0.993,0,0,16.254,-0.1656,1]},
{"frame":6,"values":[0.9988,0.0475,0.0137,0,-0.0488,0.9918,0.1185,0,-0.008,-0.119,0.9929,0,0,16.254,-0.1656,1]},
{"frame":7,"values":[0.999,0.0408,-0.0167,0,-0.0391,0.9951,0.0911,0,0.0203,-0.0904,0.9957,0,0,16.254,-0.1656,1]},
{"frame":8,"values":[0.9992,0.0157,-0.037,0,-0.013,0.9973,0.0728,0,0.038,-0.0723,0.9967,0,0,16.254,-0.1656,1]},
{"frame":9,"values":[0.9992,-0.0219,-0.0345,0,0.0243,0.9972,0.0702,0,0.0329,-0.071,0.9969,0,0,16.254,-0.1656,1]},
{"frame":10,"values":[0.9989,-0.046,-0.007,0,0.0465,0.9936,0.1026,0,0.0023,-0.1028,0.9947,0,0,16.254,-0.1656,1]},
{"frame":11,"values":[0.9987,-0.0425,0.0285,0,0.0388,0.9921,0.119,0,-0.0333,-0.1178,0.9925,0,0,16.254,-0.1656,1]},
{"frame":12,"values":[0.9994,-0.0242,0.0264,0,0.0211,0.9935,0.1117,0,-0.0289,-0.1111,0.9934,0,0,16.254,-0.1656,1]},
{"frame":13,"values":[0.9993,0.0167,0.0332,0,-0.0203,0.9935,0.1122,0,-0.0311,-0.1128,0.9931,0,0,16.254,-0.1656,1]}],"loopBehavior":1,"name":"anim","property":"_matrix"}},
{"name":"boss:Spine2","index":3,"matrix":[0.9994,0.0131,0.0329,0,-0.0167,0.9936,0.1121,0,-0.0313,-0.1126,0.9931,0,0,13.6396,-1.2923,1],"rest":[1,0,0,0,0,1,0,0,0,0,1,0,0,13.6396,-1.2923,1],"parentBoneIndex":2,"length":13.1719
,"animation":{"dataType":3,"framePerSecond":24,"keys":[
{"frame":1,"values":[0.9994,0.0131,0.0329,0,-0.0167,0.9936,0.1121,0,-0.0313,-0.1126,0.9931,0,0,13.6396,-1.2923,1]},
{"frame":2,"values":[0.9973,0.0384,0.0626,0,-0.0463,0.9905,0.1295,0,-0.057,-0.1321,0.9896,0,0,13.6396,-1.2923,1]},
{"frame":3,"values":[0.9969,0.051,0.0597,0,-0.0585,0.9896,0.1317,0,-0.0523,-0.1348,0.9895,0,0,13.6396,-1.2923,1]},
{"frame":4,"values":[0.9981,0.0493,0.0375,0,-0.0534,0.9918,0.1162,0,-0.0315,-0.1179,0.9925,0,0,13.6396,-1.2923,1]},
{"frame":5,"values":[0.9991,0.0387,0.0157,0,-0.0403,0.9922,0.1179,0,-0.011,-0.1185,0.9929,0,0,13.6396,-1.2923,1]},
{"frame":6,"values":[0.9988,0.0468,0.0115,0,-0.0478,0.9917,0.1194,0,-0.0058,-0.1198,0.9928,0,0,13.6396,-1.2923,1]},
{"frame":7,"values":[0.9989,0.0425,-0.0175,0,-0.0407,0.995,0.0911,0,0.0213,-0.0903,0.9957,0,0,13.6396,-1.2923,1]},
{"frame":8,"values":[0.9993,0.0153,-0.0348,0,-0.0127,0.9972,0.0733,0,0.0358,-0.0728,0.9967,0,0,13.6396,-1.2923,1]},
{"frame":9,"values":[0.9994,-0.0233,-0.0262,0,0.0252,0.9971,0.0719,0,0.0245,-0.0726,0.9971,0,0,13.6396,-1.2923,1]},
{"frame":10,"values":[0.9988,-0.0497,0.0041,0,0.049,0.9934,0.1037,0,-0.0092,-0.1034,0.9946,0,0,13.6396,-1.2923,1]},
{"frame":11,"values":[0.9981,-0.0467,0.039,0,0.0419,0.9922,0.1172,0,-0.0442,-0.1153,0.9923,0,0,13.6396,-1.2923,1]},
{"frame":12,"values":[0.9992,-0.0248,0.0325,0,0.0211,0.9937,0.1103,0,-0.035,-0.1095,0.9934,0,0,13.6396,-1.2923,1]},
{"frame":13,"values":[0.9994,0.0131,0.033,0,-0.0167,0.9936,0.1121,0,-0.0313,-0.1126,0.9932,0,0,13.6396,-1.2923,1]}],"loopBehavior":1,"name":"anim","property":"_matrix"}},
{"name":"boss:Neck","index":4,"matrix":[0.9999,-0.0042,-0.0131,0,0.0043,1,0.0064,0,0.0131,-0.0065,0.9999,0,0,13.8774,-4.3542,1],"rest":[1,0,0,0,0,1,0,0,0,0,1,0,0,13.8774,-4.3542,1],"parentBoneIndex":3,"length":4.4379
,"animation":{"dataType":3,"framePerSecond":24,"keys":[
{"frame":1,"values":[0.9999,-0.0042,-0.0131,0,0.0043,1,0.0064,0,0.0131,-0.0065,0.9999,0,0,13.8774,-4.3542,1]},
{"frame":2,"values":[0.9997,0.0031,-0.0234,0,-0.0031,1,-0.0025,0,0.0234,0.0026,0.9997,0,0,13.8774,-4.3542,1]},
{"frame":3,"values":[0.9993,0.0107,-0.035,0,-0.0111,0.9999,-0.0126,0,0.0348,0.0129,0.9993,0,0,13.8774,-4.3542,1]},
{"frame":4,"values":[0.9989,0.0165,-0.0444,0,-0.0174,0.9996,-0.0207,0,0.044,0.0214,0.9988,0,0,13.8774,-4.3542,1]},
{"frame":5,"values":[0.9986,0.0189,-0.0484,0,-0.02,0.9995,-0.0242,0,0.048,0.0251,0.9985,0,0,13.8774,-4.3542,1]},
{"frame":6,"values":[0.9989,0.0139,-0.0453,0,-0.0149,0.9997,-0.0211,0,0.045,0.0217,0.9988,0,0,13.8774,-4.3542,1]},
{"frame":7,"values":[0.9993,0.0063,-0.0373,0,-0.0069,0.9999,-0.0144,0,0.0372,0.0147,0.9992,0,0,13.8774,-4.3542,1]},
{"frame":8,"values":[0.9997,0.0057,-0.0228,0,-0.0058,1,-0.0053,0,0.0228,0.0054,0.9997,0,0,13.8774,-4.3542,1]},
{"frame":9,"values":[0.9999,0.0106,-0.0013,0,-0.0106,0.9999,0.007,0,0.0014,-0.007,1,0,0,13.8774,-4.3542,1]},
{"frame":10,"values":[0.9999,0.0126,0.0068,0,-0.0127,0.9999,0.0118,0,-0.0067,-0.0119,0.9999,0,0,13.8774,-4.3542,1]},
{"frame":11,"values":[1,0.009,0.0025,0,-0.009,0.9999,0.0106,0,-0.0024,-0.0106,0.9999,0,0,13.8774,-4.3542,1]},
{"frame":12,"values":[1,0.0023,-0.0055,0,-0.0023,1,0.0084,0,0.0055,-0.0084,0.9999,0,0,13.8774,-4.3542,1]},
{"frame":13,"values":[0.9999,-0.0042,-0.0131,0,0.0043,1,0.0064,0,0.0131,-0.0065,0.9999,0,0,13.8774,-4.3542,1]}],"loopBehavior":1,"name":"anim","property":"_matrix"}},
{"name":"boss:Neck1","index":5,"matrix":[0.9999,-0.0042,-0.0131,0,0.0043,1,0.0064,0,0.0131,-0.0065,0.9999,0,0,4.34,0.9269,1],"rest":[1,0,0,0,0,1,0,0,0,0,1,0,0,4.34,0.9269,1],"parentBoneIndex":4,"length":4.1171
,"animation":{"dataType":3,"framePerSecond":24,"keys":[
{"frame":1,"values":[0.9999,-0.0042,-0.0131,0,0.0043,1,0.0064,0,0.0131,-0.0065,0.9999,0,0,4.34,0.9269,1]},
{"frame":2,"values":[0.9997,0.0031,-0.0234,0,-0.0031,1,-0.0025,0,0.0234,0.0026,0.9997,0,0,4.34,0.9269,1]},
{"frame":3,"values":[0.9993,0.0107,-0.035,0,-0.0111,0.9999,-0.0126,0,0.0348,0.0129,0.9993,0,0,4.34,0.9269,1]},
{"frame":4,"values":[0.9989,0.0165,-0.0444,0,-0.0174,0.9996,-0.0207,0,0.044,0.0214,0.9988,0,0,4.34,0.9269,1]},
{"frame":5,"values":[0.9986,0.0189,-0.0484,0,-0.02,0.9995,-0.0242,0,0.048,0.0251,0.9985,0,0,4.34,0.9269,1]},
{"frame":6,"values":[0.9989,0.0139,-0.0453,0,-0.0149,0.9997,-0.0211,0,0.045,0.0217,0.9988,0,0,4.34,0.9269,1]},
{"frame":7,"values":[0.9993,0.0063,-0.0373,0,-0.0069,0.9999,-0.0144,0,0.0372,0.0147,0.9992,0,0,4.34,0.9269,1]},
{"frame":8,"values":[0.9997,0.0057,-0.0228,0,-0.0058,1,-0.0053,0,0.0228,0.0054,0.9997,0,0,4.34,0.9269,1]},
{"frame":9,"values":[0.9999,0.0106,-0.0013,0,-0.0106,0.9999,0.007,0,0.0014,-0.007,1,0,0,4.34,0.9269,1]},
{"frame":10,"values":[0.9999,0.0126,0.0068,0,-0.0127,0.9999,0.0118,0,-0.0067,-0.0119,0.9999,0,0,4.34,0.9269,1]},
{"frame":11,"values":[1,0.009,0.0025,0,-0.009,0.9999,0.0106,0,-0.0024,-0.0106,0.9999,0,0,4.34,0.9269,1]},
{"frame":12,"values":[1,0.0023,-0.0055,0,-0.0023,1,0.0084,0,0.0055,-0.0084,0.9999,0,0,4.34,0.9269,1]},
{"frame":13,"values":[0.9999,-0.0042,-0.0131,0,0.0043,1,0.0064,0,0.0131,-0.0065,0.9999,0,0,4.34,0.9269,1]}],"loopBehavior":1,"name":"anim","property":"_matrix"}},
{"name":"boss:Head","index":6,"matrix":[0.9999,-0.0042,-0.0131,0,0.0043,1,0.0064,0,0.0131,-0.0065,0.9999,0,0,4.0266,0.8585,1],"rest":[1,0,0,0,0,1,0,0,0,0,1,0,0,4.0266,0.8585,1],"parentBoneIndex":5,"length":4.1171
,"animation":{"dataType":3,"framePerSecond":24,"keys":[
{"frame":1,"values":[0.9999,-0.0042,-0.0131,0,0.0043,1,0.0064,0,0.0131,-0.0065,0.9999,0,0,4.0266,0.8585,1]},
{"frame":2,"values":[0.9997,0.0031,-0.0234,0,-0.0031,1,-0.0025,0,0.0234,0.0026,0.9997,0,0,4.0266,0.8585,1]},
{"frame":3,"values":[0.9993,0.0107,-0.035,0,-0.0111,0.9999,-0.0126,0,0.0348,0.0129,0.9993,0,0,4.0266,0.8585,1]},
{"frame":4,"values":[0.9989,0.0165,-0.0444,0,-0.0174,0.9996,-0.0207,0,0.044,0.0214,0.9988,0,0,4.0266,0.8585,1]},
{"frame":5,"values":[0.9986,0.0189,-0.0484,0,-0.02,0.9995,-0.0242,0,0.048,0.0251,0.9985,0,0,4.0266,0.8585,1]},
{"frame":6,"values":[0.9989,0.0139,-0.0453,0,-0.0149,0.9997,-0.0211,0,0.045,0.0217,0.9988,0,0,4.0266,0.8585,1]},
{"frame":7,"values":[0.9993,0.0063,-0.0373,0,-0.0069,0.9999,-0.0144,0,0.0372,0.0147,0.9992,0,0,4.0266,0.8585,1]},
{"frame":8,"values":[0.9997,0.0057,-0.0228,0,-0.0058,1,-0.0053,0,0.0228,0.0054,0.9997,0,0,4.0266,0.8585,1]},
{"frame":9,"values":[0.9999,0.0106,-0.0013,0,-0.0106,0.9999,0.007,0,0.0014,-0.007,1,0,0,4.0266,0.8585,1]},
{"frame":10,"values":[0.9999,0.0126,0.0068,0,-0.0127,0.9999,0.0118,0,-0.0067,-0.0119,0.9999,0,0,4.0266,0.8585,1]},
{"frame":11,"values":[1,0.009,0.0025,0,-0.009,0.9999,0.0106,0,-0.0024,-0.0106,0.9999,0,0,4.0266,0.8585,1]},
{"frame":12,"values":[1,0.0023,-0.0055,0,-0.0023,1,0.0084,0,0.0055,-0.0084,0.9999,0,0,4.0266,0.8585,1]},
{"frame":13,"values":[0.9999,-0.0042,-0.0131,0,0.0043,1,0.0064,0,0.0131,-0.0065,0.9999,0,0,4.0266,0.8585,1]}],"loopBehavior":1,"name":"anim","property":"_matrix"}},
{"name":"boss:LeftShoulder","index":7,"matrix":[0.8773,-0.015,0.4797,0,-0.0306,0.9957,0.087,0,-0.4789,-0.091,0.8731,0,6.1442,10.187,-3.7932,1],"rest":[1,0,0,0,0,1,0,0,0,0,1,0,6.1442,10.187,-3.7932,1],"parentBoneIndex":3,"length":12.4986
,"animation":{"dataType":3,"framePerSecond":24,"keys":[
{"frame":1,"values":[0.8773,-0.015,0.4797,0,-0.0306,0.9957,0.087,0,-0.4789,-0.091,0.8731,0,6.1442,10.187,-3.7932,1]},
{"frame":13,"values":[0.8773,-0.015,0.4797,0,-0.0306,0.9957,0.087,0,-0.4789,-0.091,0.8731,0,6.1442,10.187,-3.7932,1]}],"loopBehavior":1,"name":"anim","property":"_matrix"}},
{"name":"boss:LeftArm","index":8,"matrix":[0.7577,-0.4473,0.4752,0,0.6136,0.7364,-0.2851,0,-0.2224,0.5076,0.8324,0,12.3191,-1.113,-1.7935,1],"rest":[1,0,0,0,0,1,0,0,0,0,1,0,12.3191,-1.113,-1.7935,1],"parentBoneIndex":7,"length":27.687
,"animation":{"dataType":3,"framePerSecond":24,"keys":[
{"frame":1,"values":[0.7577,-0.4473,0.4752,0,0.6136,0.7364,-0.2851,0,-0.2224,0.5076,0.8324,0,12.3191,-1.113,-1.7935,1]},
{"frame":2,"values":[0.7823,-0.5147,0.3509,0,0.6061,0.7589,-0.2381,0,-0.1437,0.3989,0.9057,0,12.3191,-1.113,-1.7935,1]},
{"frame":3,"values":[0.7881,-0.5675,0.2384,0,0.6124,0.762,-0.2105,0,-0.0621,0.3119,0.9481,0,12.3191,-1.113,-1.7935,1]},
{"frame":4,"values":[0.7828,-0.6032,0.1528,0,0.6216,0.7464,-0.2378,0,0.0294,0.2811,0.9592,0,12.3191,-1.113,-1.7935,1]},
{"frame":5,"values":[0.7836,-0.6021,0.1533,0,0.6198,0.7408,-0.259,0,0.0424,0.2979,0.9536,0,12.3191,-1.113,-1.7935,1]},
{"frame":6,"values":[0.785,-0.5834,0.2082,0,0.6191,0.7282,-0.2939,0,0.0199,0.3597,0.9329,0,12.3191,-1.113,-1.7935,1]},
{"frame":7,"values":[0.7691,-0.5776,0.2736,0,0.6375,0.7237,-0.2641,0,-0.0455,0.3775,0.9249,0,12.3191,-1.113,-1.7935,1]},
{"frame":8,"values":[0.715,-0.5355,0.4494,0,0.6654,0.7186,-0.2023,0,-0.2146,0.4437,0.8701,0,12.3191,-1.113,-1.7935,1]},
{"frame":9,"values":[0.6494,-0.4784,0.5912,0,0.6901,0.6972,-0.1939,0,-0.3194,0.5339,0.7829,0,12.3191,-1.113,-1.7935,1]},
{"frame":10,"values":[0.6201,-0.3913,0.68,0,0.6963,0.6739,-0.2471,0,-0.3616,0.6266,0.6904,0,12.3191,-1.113,-1.7935,1]},
{"frame":11,"values":[0.6537,-0.3493,0.6714,0,0.6684,0.6826,-0.2956,0,-0.355,0.6419,0.6796,0,12.3191,-1.113,-1.7935,1]},
{"frame":12,"values":[0.7188,-0.3833,0.58,0,0.6305,0.711,-0.3115,0,-0.2929,0.5896,0.7527,0,12.3191,-1.113,-1.7935,1]},
{"frame":13,"values":[0.7577,-0.4474,0.4751,0,0.6136,0.7364,-0.2851,0,-0.2223,0.5075,0.8324,0,12.3191,-1.113,-1.7935,1]}],"loopBehavior":1,"name":"anim","property":"_matrix"}},
{"name":"boss:LeftForeArm","index":9,"matrix":[0.2629,-0.0434,0.9638,0,0.9355,-0.233,-0.2657,0,0.2361,0.9715,-0.0207,0,27.687,0,0,1],"rest":[1,0,0,0,0,1,0,0,0,0,1,0,27.687,0,0,1],"parentBoneIndex":8,"length":27.8738
,"animation":{"dataType":3,"framePerSecond":24,"keys":[
{"frame":1,"values":[0.2629,-0.0434,0.9638,0,0.9355,-0.233,-0.2657,0,0.2361,0.9715,-0.0207,0,27.687,0,0,1]},
{"frame":2,"values":[0.1808,-0.0342,0.9829,0,0.9477,-0.2612,-0.1834,0,0.2631,0.9647,-0.0148,0,27.687,0,0,1]},
{"frame":3,"values":[0.0967,-0.0226,0.9951,0,0.9561,-0.2759,-0.0992,0,0.2768,0.9609,-0.0051,0,27.687,0,0,1]},
{"frame":4,"values":[0.0248,-0.0099,0.9996,0,0.9622,-0.2709,-0.0266,0,0.2711,0.9625,0.0028,0,27.687,0,0,1]},
{"frame":5,"values":[0.039,-0.0103,0.9992,0,0.9649,-0.2596,-0.0404,0,0.2598,0.9657,-0.0002,0,27.687,0,0,1]},
{"frame":6,"values":[0.0668,-0.0139,0.9977,0,0.9648,-0.254,-0.0682,0,0.2544,0.9671,-0.0035,0,27.687,0,0,1]},
{"frame":7,"values":[0.1489,-0.0265,0.9885,0,0.957,-0.248,-0.1508,0,0.2492,0.9684,-0.0115,0,27.687,0,0,1]},
{"frame":8,"values":[0.3538,-0.0578,0.9335,0,0.9068,-0.2233,-0.3575,0,0.2291,0.973,-0.0266,0,27.687,0,0,1]},
{"frame":9,"values":[0.508,-0.079,0.8577,0,0.8382,-0.1841,-0.5134,0,0.1984,0.9797,-0.0273,0,27.687,0,0,1]},
{"frame":10,"values":[0.5966,-0.0917,0.7973,0,0.7813,-0.1605,-0.6031,0,0.1833,0.9828,-0.0241,0,27.687,0,0,1]},
{"frame":11,"values":[0.5413,-0.0833,0.8367,0,0.819,-0.1729,-0.5471,0,0.1902,0.9814,-0.0254,0,27.687,0,0,1]},
{"frame":12,"values":[0.386,-0.0597,0.9206,0,0.8987,-0.201,-0.3898,0,0.2083,0.9778,-0.024,0,27.687,0,0,1]},
{"frame":13,"values":[0.2629,-0.0434,0.9639,0,0.9355,-0.233,-0.2656,0,0.2361,0.9715,-0.0207,0,27.687,0,0,1]}],"loopBehavior":1,"name":"anim","property":"_matrix"}},
{"name":"boss:LeftHand","index":10,"matrix":[0.9973,0.035,-0.0642,0,-0.0724,0.5944,-0.8009,0,0.0101,0.8034,0.5953,0,27.8738,0,0,1],"rest":[0.9974,-0.0541,-0.0467,0,0.0586,0.9932,0.1006,0,0.041,-0.1031,0.9938,0,27.8738,0,0,1],"parentBoneIndex":9,"length":9.2395
,"animation":{"dataType":3,"framePerSecond":24,"keys":[
{"frame":1,"values":[0.9973,0.035,-0.0642,0,-0.0724,0.5944,-0.8009,0,0.0101,0.8034,0.5953,0,27.8738,0,0,1]},
{"frame":2,"values":[0.998,0.0565,0.027,0,-0.0121,0.5972,-0.802,0,-0.0615,0.8001,0.5967,0,27.8738,0,0,1]},
{"frame":3,"values":[0.994,0.0667,0.0869,0,0.0281,0.6115,-0.7907,0,-0.1059,0.7884,0.606,0,27.8738,0,0,1]},
{"frame":4,"values":[0.9907,0.0798,0.1098,0,0.0365,0.622,-0.7821,0,-0.1307,0.7789,0.6134,0,27.8738,0,0,1]},
{"frame":5,"values":[0.9915,0.0644,0.1133,0,0.0497,0.6165,-0.7858,0,-0.1204,0.7847,0.608,0,27.8738,0,0,1]},
{"frame":6,"values":[0.9945,0.0781,0.0697,0,0.0063,0.6196,-0.7849,0,-0.1045,0.7811,0.6157,0,27.8738,0,0,1]},
{"frame":7,"values":[0.9986,0.0297,0.0439,0,0.0166,0.6117,-0.7909,0,-0.0504,0.7905,0.6104,0,27.8738,0,0,1]},
{"frame":8,"values":[0.997,-0.0766,0.0075,0,0.052,0.5996,-0.7986,0,0.0567,0.7967,0.6018,0,27.8738,0,0,1]},
{"frame":9,"values":[0.9863,-0.1489,-0.0708,0,0.0322,0.5951,-0.803,0,0.1617,0.7897,0.5917,0,27.8738,0,0,1]},
{"frame":10,"values":[0.971,-0.1818,-0.155,0,-0.0082,0.623,-0.7821,0,0.2388,0.7608,0.6035,0,27.8738,0,0,1]},
{"frame":11,"values":[0.9721,-0.1341,-0.1923,0,-0.0674,0.6259,-0.777,0,0.2245,0.7683,0.5995,0,27.8738,0,0,1]},
{"frame":12,"values":[0.9873,-0.0352,-0.1551,0,-0.1034,0.599,-0.7941,0,0.1209,0.8,0.5877,0,27.8738,0,0,1]},
{"frame":13,"values":[0.9973,0.035,-0.0642,0,-0.0724,0.5944,-0.8009,0,0.0101,0.8034,0.5953,0,27.8738,0,0,1]}],"loopBehavior":1,"name":"anim","property":"_matrix"}},
{"name":"boss:LeftHandThumb1","index":11,"matrix":[0.9597,-0.138,-0.2448,0,0.172,0.9773,0.1233,0,0.2222,-0.1605,0.9617,0,2.3785,-1.0029,2.6209,1],"rest":[0.9909,-0.0858,-0.104,0,0.0965,0.9901,0.102,0,0.0942,-0.1111,0.9893,0,2.3785,-1.0029,2.6209,1],"parentBoneIndex":10,"length":4.514
,"animation":{"dataType":3,"framePerSecond":24,"keys":[
{"frame":1,"values":[0.9597,-0.138,-0.2448,0,0.172,0.9773,0.1233,0,0.2222,-0.1605,0.9617,0,2.3785,-1.0029,2.6209,1]},
{"frame":13,"values":[0.9597,-0.138,-0.2448,0,0.172,0.9773,0.1233,0,0.2222,-0.1605,0.9617,0,2.3785,-1.0029,2.6209,1]}],"loopBehavior":1,"name":"anim","property":"_matrix"}},
{"name":"boss:LeftHandThumb2","index":12,"matrix":[1,0,0,0,0,1,0,0,0,0,1,0,3.3624,-1.0029,2.8398,1],"rest":[0.9723,0.0085,0.2336,0,0.008,0.9975,-0.0699,0,-0.2336,0.0698,0.9698,0,3.3624,-1.0029,2.8398,1],"parentBoneIndex":11,"length":5.1787
,"animation":{"dataType":3,"framePerSecond":24,"keys":[
{"frame":1,"values":[1,0,0,0,0,1,0,0,0,0,1,0,3.3624,-1.0029,2.8398,1]},
{"frame":13,"values":[1,0,0,0,0,1,0,0,0,0,1,0,3.3624,-1.0029,2.8398,1]}],"loopBehavior":1,"name":"anim","property":"_matrix"}},
{"name":"boss:LeftHandThumb3","index":13,"matrix":[0.9376,-0.0009,0.3478,0,0.0915,0.9654,-0.2441,0,-0.3355,0.2607,0.9052,0,4.5018,-1.3445,2.1783,1],"rest":[0.9717,-0.2361,0.003,0,0.2343,0.9658,0.111,0,-0.0291,-0.1072,0.9938,0,4.5018,-1.3445,2.1783,1],"parentBoneIndex":12,"length":0.01
,"animation":{"dataType":3,"framePerSecond":24,"keys":[
{"frame":1,"values":[0.9376,-0.0009,0.3478,0,0.0915,0.9654,-0.2441,0,-0.3355,0.2607,0.9052,0,4.5018,-1.3445,2.1783,1]},
{"frame":13,"values":[0.9376,-0.0009,0.3478,0,0.0915,0.9654,-0.2441,0,-0.3355,0.2607,0.9052,0,4.5018,-1.3445,2.1783,1]}],"loopBehavior":1,"name":"anim","property":"_matrix"}},
{"name":"boss:LeftHandThumb4","index":14,"matrix":[1,0,0,0,0,1,0,0,0,0,1,0,0,0,0,1],"rest":[1,0,0,0,0,1,0,0,0,0,1,0,0,0,0,1],"parentBoneIndex":13,"length":0.01
,"animation":{"dataType":3,"framePerSecond":24,"keys":[
{"frame":1,"values":[1,0,0,0,0,1,0,0,0,0,1,0,0,0,0,1]},
{"frame":13,"values":[1,0,0,0,0,1,0,0,0,0,1,0,0,0,0,1]}],"loopBehavior":1,"name":"anim","property":"_matrix"}},
{"name":"boss:LeftHandMiddle1","index":15,"matrix":[0.951,-0.3004,0.073,0,0.2831,0.9412,0.1845,0,-0.1241,-0.1548,0.9801,0,10.4639,0.6148,0.4298,1],"rest":[0.9974,0.0586,0.041,0,-0.0586,0.9983,-0.0012,0,-0.041,-0.0012,0.9992,0,10.4639,0.6148,0.4298,1],"parentBoneIndex":10,"length":5.7921
,"animation":{"dataType":3,"framePerSecond":24,"keys":[
{"frame":1,"values":[0.951,-0.3004,0.073,0,0.2831,0.9412,0.1845,0,-0.1241,-0.1548,0.9801,0,10.4639,0.6148,0.4298,1]},
{"frame":13,"values":[0.951,-0.3004,0.073,0,0.2831,0.9412,0.1845,0,-0.1241,-0.1548,0.9801,0,10.4639,0.6148,0.4298,1]}],"loopBehavior":1,"name":"anim","property":"_matrix"}},
{"name":"boss:LeftHandMiddle2","index":16,"matrix":[0.6955,-0.7185,0,0,0.7185,0.6955,0,0,0,0,1,0,5.7921,0,0,1],"rest":[1,0,0,0,0,1,0,0,0,0,1,0,5.7921,0,0,1],"parentBoneIndex":15,"length":3.7132
,"animation":{"dataType":3,"framePerSecond":24,"keys":[
{"frame":1,"values":[0.6955,-0.7185,0,0,0.7185,0.6955,0,0,0,0,1,0,5.7921,0,0,1]},
{"frame":13,"values":[0.6955,-0.7185,0,0,0.7185,0.6955,0,0,0,0,1,0,5.7921,0,0,1]}],"loopBehavior":1,"name":"anim","property":"_matrix"}},
{"name":"boss:LeftHandMiddle3","index":17,"matrix":[0.7198,-0.6941,0,0,0.6941,0.7198,0,0,0,0.0001,1,0,3.7132,0,0,1],"rest":[1,0,0,0,0,1,-0.0001,0,0,0.0001,1,0,3.7132,0,0,1],"parentBoneIndex":16,"length":0.01
,"animation":{"dataType":3,"framePerSecond":24,"keys":[
{"frame":1,"values":[0.7198,-0.6941,0,0,0.6941,0.7198,0,0,0,0.0001,1,0,3.7132,0,0,1]},
{"frame":13,"values":[0.7198,-0.6941,0,0,0.6941,0.7198,0,0,0,0.0001,1,0,3.7132,0,0,1]}],"loopBehavior":1,"name":"anim","property":"_matrix"}},
{"name":"boss:LeftHandMiddle4","index":18,"matrix":[1,0,0,0,0,1,0,0,0,0,1,0,0,0,0,1],"rest":[1,0,0,0,0,1,0,0,0,0,1,0,0,0,0,1],"parentBoneIndex":17,"length":0.01
,"animation":{"dataType":3,"framePerSecond":24,"keys":[
{"frame":1,"values":[1,0,0,0,0,1,0,0,0,0,1,0,0,0,0,1]},
{"frame":13,"values":[1,0,0,0,0,1,0,0,0,0,1,0,0,0,0,1]}],"loopBehavior":1,"name":"anim","property":"_matrix"}},
{"name":"boss:LeftHandIndex1","index":19,"matrix":[0.951,-0.3019,0.0661,0,0.287,0.9421,0.1732,0,-0.1146,-0.1458,0.9827,0,10.3945,0.6148,2.7055,1],"rest":[0.9974,0.0586,0.041,0,-0.0586,0.9983,-0.0012,0,-0.041,-0.0012,0.9992,0,10.3945,0.6148,2.7055,1],"parentBoneIndex":10,"length":5.5493
,"animation":{"dataType":3,"framePerSecond":24,"keys":[
{"frame":1,"values":[0.951,-0.3019,0.0661,0,0.287,0.9421,0.1732,0,-0.1146,-0.1458,0.9827,0,10.3945,0.6148,2.7055,1]},
{"frame":13,"values":[0.951,-0.3019,0.0661,0,0.287,0.9421,0.1732,0,-0.1146,-0.1458,0.9827,0,10.3945,0.6148,2.7055,1]}],"loopBehavior":1,"name":"anim","property":"_matrix"}},
{"name":"boss:LeftHandIndex2","index":20,"matrix":[0.878,-0.4786,0,0,0.4786,0.878,0,0,0,0,1,0,5.5493,0,0,1],"rest":[1,0,0,0,0,1,0,0,0,0,1,0,5.5493,0,0,1],"parentBoneIndex":19,"length":3.3911
,"animation":{"dataType":3,"framePerSecond":24,"keys":[
{"frame":1,"values":[0.878,-0.4786,0,0,0.4786,0.878,0,0,0,0,1,0,5.5493,0,0,1]},
{"frame":13,"values":[0.878,-0.4786,0,0,0.4786,0.878,0,0,0,0,1,0,5.5493,0,0,1]}],"loopBehavior":1,"name":"anim","property":"_matrix"}},
{"name":"boss:LeftHandIndex3","index":21,"matrix":[0.8773,-0.48,0,0,0.48,0.8773,-0.0001,0,0,0.0001,1,0,3.3911,0,0,1],"rest":[1,0,0,0,0,1,-0.0001,0,0,0.0001,1,0,3.3911,0,0,1],"parentBoneIndex":20,"length":0.01
,"animation":{"dataType":3,"framePerSecond":24,"keys":[
{"frame":1,"values":[0.8773,-0.48,0,0,0.48,0.8773,-0.0001,0,0,0.0001,1,0,3.3911,0,0,1]},
{"frame":13,"values":[0.8773,-0.48,0,0,0.48,0.8773,-0.0001,0,0,0.0001,1,0,3.3911,0,0,1]}],"loopBehavior":1,"name":"anim","property":"_matrix"}},
{"name":"boss:LeftHandIndex4","index":22,"matrix":[1,0,0,0,0,1,0,0,0,0,1,0,0,0,0,1],"rest":[1,0,0,0,0,1,0,0,0,0,1,0,0,0,0,1],"parentBoneIndex":21,"length":0.01
,"animation":{"dataType":3,"framePerSecond":24,"keys":[
{"frame":1,"values":[1,0,0,0,0,1,0,0,0,0,1,0,0,0,0,1]},
{"frame":13,"values":[1,0,0,0,0,1,0,0,0,0,1,0,0,0,0,1]}],"loopBehavior":1,"name":"anim","property":"_matrix"}},
{"name":"boss:LeftHandRing1","index":23,"matrix":[0.9656,-0.2504,0.0704,0,0.2491,0.9681,0.0265,0,-0.0748,-0.008,0.9972,0,10.3252,0.3211,-1.8755,1],"rest":[0.9974,0.0586,0.041,0,-0.0586,0.9983,-0.0012,0,-0.041,-0.0012,0.9992,0,10.3252,0.3211,-1.8755,1],"parentBoneIndex":10,"length":5.4452
,"animation":{"dataType":3,"framePerSecond":24,"keys":[
{"frame":1,"values":[0.9656,-0.2504,0.0704,0,0.2491,0.9681,0.0265,0,-0.0748,-0.008,0.9972,0,10.3252,0.3211,-1.8755,1]},
{"frame":13,"values":[0.9656,-0.2504,0.0704,0,0.2491,0.9681,0.0265,0,-0.0748,-0.008,0.9972,0,10.3252,0.3211,-1.8755,1]}],"loopBehavior":1,"name":"anim","property":"_matrix"}},
{"name":"boss:LeftHandRing2","index":24,"matrix":[0.3573,-0.934,0,0,0.934,0.3573,0,0,0,0,1,0,5.4452,0,0,1],"rest":[1,0,0,0,0,1,0,0,0,0,1,0,5.4452,0,0,1],"parentBoneIndex":23,"length":3.7132
,"animation":{"dataType":3,"framePerSecond":24,"keys":[
{"frame":1,"values":[0.3573,-0.934,0,0,0.934,0.3573,0,0,0,0,1,0,5.4452,0,0,1]},
{"frame":13,"values":[0.3573,-0.934,0,0,0.934,0.3573,0,0,0,0,1,0,5.4452,0,0,1]}],"loopBehavior":1,"name":"anim","property":"_matrix"}},
{"name":"boss:LeftHandRing3","index":25,"matrix":[0.8208,-0.5558,-0.1321,0,0.563,0.8262,0.0216,0,0.0971,-0.0921,0.991,0,3.7132,0,0,1],"rest":[1,0,0,0,0,1,-0.0001,0,0,0.0001,1,0,3.7132,0,0,1],"parentBoneIndex":24,"length":0.01
,"animation":{"dataType":3,"framePerSecond":24,"keys":[
{"frame":1,"values":[0.8208,-0.5558,-0.1321,0,0.563,0.8262,0.0216,0,0.0971,-0.0921,0.991,0,3.7132,0,0,1]},
{"frame":13,"values":[0.8208,-0.5558,-0.1321,0,0.563,0.8262,0.0216,0,0.0971,-0.0921,0.991,0,3.7132,0,0,1]}],"loopBehavior":1,"name":"anim","property":"_matrix"}},
{"name":"boss:LeftHandRing4","index":26,"matrix":[1,0,0,0,0,1,0,0,0,0,1,0,0,0,0,1],"rest":[1,0,0,0,0,1,0,0,0,0,1,0,0,0,0,1],"parentBoneIndex":25,"length":0.01
,"animation":{"dataType":3,"framePerSecond":24,"keys":[
{"frame":1,"values":[1,0,0,0,0,1,0,0,0,0,1,0,0,0,0,1]},
{"frame":13,"values":[1,0,0,0,0,1,0,0,0,0,1,0,0,0,0,1]}],"loopBehavior":1,"name":"anim","property":"_matrix"}},
{"name":"boss:LeftHandPinky1","index":27,"matrix":[0.9981,-0.0596,0.0182,0,0.0616,0.9881,-0.1408,0,-0.0096,0.1417,0.9899,0,10.013,-0.0783,-3.9671,1],"rest":[0.9974,0.0586,0.041,0,-0.0586,0.9983,-0.0012,0,-0.041,-0.0012,0.9992,0,10.013,-0.0783,-3.9671,1],"parentBoneIndex":10,"length":3.6763
,"animation":{"dataType":3,"framePerSecond":24,"keys":[
{"frame":1,"values":[0.9981,-0.0596,0.0182,0,0.0616,0.9881,-0.1408,0,-0.0096,0.1417,0.9899,0,10.013,-0.0783,-3.9671,1]},
{"frame":13,"values":[0.9981,-0.0596,0.0182,0,0.0616,0.9881,-0.1408,0,-0.0096,0.1417,0.9899,0,10.013,-0.0783,-3.9671,1]}],"loopBehavior":1,"name":"anim","property":"_matrix"}},
{"name":"boss:LeftHandPinky2","index":28,"matrix":[0.6209,-0.7839,0,0,0.7839,0.6209,0,0,0,0,1,0,3.6763,0,0,1],"rest":[1,0,0,0,0,1,0,0,0,0,1,0,3.6763,0,0,1],"parentBoneIndex":27,"length":2.8113
,"animation":{"dataType":3,"framePerSecond":24,"keys":[
{"frame":1,"values":[0.6209,-0.7839,0,0,0.7839,0.6209,0,0,0,0,1,0,3.6763,0,0,1]},
{"frame":13,"values":[0.6209,-0.7839,0,0,0.7839,0.6209,0,0,0,0,1,0,3.6763,0,0,1]}],"loopBehavior":1,"name":"anim","property":"_matrix"}},
{"name":"boss:LeftHandPinky3","index":29,"matrix":[0.8481,-0.5298,0.0001,0,0.5298,0.8481,-0.0001,0,0,0.0001,1,0,2.8113,0,0,1],"rest":[1,0,0,0,0,1,-0.0001,0,0,0.0001,1,0,2.8113,0,0,1],"parentBoneIndex":28,"length":0.01
,"animation":{"dataType":3,"framePerSecond":24,"keys":[
{"frame":1,"values":[0.8481,-0.5298,0.0001,0,0.5298,0.8481,-0.0001,0,0,0.0001,1,0,2.8113,0,0,1]},
{"frame":13,"values":[0.8481,-0.5298,0.0001,0,0.5298,0.8481,-0.0001,0,0,0.0001,1,0,2.8113,0,0,1]}],"loopBehavior":1,"name":"anim","property":"_matrix"}},
{"name":"boss:LeftHandPinky4","index":30,"matrix":[1,0,0,0,0,1,0,0,0,0,1,0,0,0,0,1],"rest":[1,0,0,0,0,1,0,0,0,0,1,0,0,0,0,1],"parentBoneIndex":29,"length":0.01
,"animation":{"dataType":3,"framePerSecond":24,"keys":[
{"frame":1,"values":[1,0,0,0,0,1,0,0,0,0,1,0,0,0,0,1]},
{"frame":13,"values":[1,0,0,0,0,1,0,0,0,0,1,0,0,0,0,1]}],"loopBehavior":1,"name":"anim","property":"_matrix"}},
{"name":"boss:RightShoulder","index":31,"matrix":[0.9981,-0.0248,-0.0564,0,0.0274,0.9985,0.0464,0,0.0552,-0.0479,0.9973,0,-6.1402,10.187,-3.7932,1],"rest":[1,0,0,0,0,1,0,0,0,0,1,0,-6.1402,10.187,-3.7932,1],"parentBoneIndex":3,"length":12.5026
,"animation":{"dataType":3,"framePerSecond":24,"keys":[
{"frame":1,"values":[0.9981,-0.0248,-0.0564,0,0.0274,0.9985,0.0464,0,0.0552,-0.0479,0.9973,0,-6.1402,10.187,-3.7932,1]},
{"frame":2,"values":[0.9975,-0.0247,-0.0666,0,0.0278,0.9985,0.0462,0,0.0654,-0.048,0.9967,0,-6.1402,10.187,-3.7932,1]},
{"frame":3,"values":[0.9959,-0.0231,-0.088,0,0.028,0.9981,0.0556,0,0.0866,-0.0578,0.9946,0,-6.1402,10.187,-3.7932,1]},
{"frame":4,"values":[0.9937,-0.019,-0.1107,0,0.0281,0.9963,0.081,0,0.1087,-0.0836,0.9906,0,-6.1402,10.187,-3.7932,1]},
{"frame":5,"values":[0.9894,-0.0119,-0.1447,0,0.0302,0.9917,0.1247,0,0.142,-0.1277,0.9816,0,-6.1402,10.187,-3.7932,1]},
{"frame":6,"values":[0.9824,-0.0034,-0.1867,0,0.0368,0.9837,0.1758,0,0.183,-0.1795,0.9666,0,-6.1402,10.187,-3.7932,1]},
{"frame":7,"values":[0.9717,0.0052,-0.236,0,0.0495,0.973,0.2253,0,0.2308,-0.2306,0.9453,0,-6.1402,10.187,-3.7932,1]},
{"frame":8,"values":[0.9587,0.0129,-0.2842,0,0.0666,0.9611,0.268,0,0.2766,-0.2759,0.9205,0,-6.1402,10.187,-3.7932,1]},
{"frame":9,"values":[0.9477,0.0189,-0.3185,0,0.0819,0.9504,0.3002,0,0.3084,-0.3106,0.8991,0,-6.1402,10.187,-3.7932,1]},
{"frame":10,"values":[0.9482,0.0193,-0.317,0,0.0818,0.9496,0.3026,0,0.3068,-0.3129,0.8989,0,-6.1402,10.187,-3.7932,1]},
{"frame":11,"values":[0.9802,0.0036,-0.1982,0,0.0402,0.9755,0.2165,0,0.1941,-0.2201,0.956,0,-6.1402,10.187,-3.7932,1]},
{"frame":12,"values":[0.9957,-0.0171,-0.091,0,0.0258,0.9951,0.095,0,0.0889,-0.0969,0.9913,0,-6.1402,10.187,-3.7932,1]},
{"frame":13,"values":[0.9981,-0.0248,-0.0564,0,0.0274,0.9985,0.0464,0,0.0552,-0.0479,0.9973,0,-6.1402,10.187,-3.7932,1]}],"loopBehavior":1,"name":"anim","property":"_matrix"}},
{"name":"boss:RightArm","index":32,"matrix":[0.7024,0.4811,-0.5245,0,-0.2417,0.8544,0.46,0,0.6695,-0.1963,0.7164,0,-12.3231,-1.113,-1.7935,1],"rest":[1,0,0,0,0,1,0,0,0,0,1,0,-12.3231,-1.113,-1.7935,1],"parentBoneIndex":31,"length":27.687
,"animation":{"dataType":3,"framePerSecond":24,"keys":[
{"frame":1,"values":[0.7024,0.4811,-0.5245,0,-0.2417,0.8544,0.46,0,0.6695,-0.1963,0.7164,0,-12.3231,-1.113,-1.7935,1]},
{"frame":2,"values":[0.6917,0.4878,-0.5325,0,-0.2109,0.8417,0.497,0,0.6907,-0.2315,0.6851,0,-12.3231,-1.113,-1.7935,1]},
{"frame":3,"values":[0.6933,0.4688,-0.5474,0,-0.154,0.8384,0.5229,0,0.704,-0.2782,0.6534,0,-12.3231,-1.113,-1.7935,1]},
{"frame":4,"values":[0.675,0.4745,-0.565,0,-0.1708,0.8454,0.506,0,0.7178,-0.2451,0.6517,0,-12.3231,-1.113,-1.7935,1]},
{"frame":5,"values":[0.6699,0.4849,-0.5622,0,-0.2286,0.8552,0.4651,0,0.7063,-0.1831,0.6838,0,-12.3231,-1.113,-1.7935,1]},
{"frame":6,"values":[0.6931,0.4692,-0.5472,0,-0.2826,0.8752,0.3925,0,0.6631,-0.1174,0.7393,0,-12.3231,-1.113,-1.7935,1]},
{"frame":7,"values":[0.7371,0.4604,-0.4947,0,-0.3014,0.8791,0.3692,0,0.6049,-0.1231,0.7868,0,-12.3231,-1.113,-1.7935,1]},
{"frame":8,"values":[0.8084,0.4499,-0.3794,0,-0.3269,0.8794,0.3462,0,0.4894,-0.1558,0.858,0,-12.3231,-1.113,-1.7935,1]},
{"frame":9,"values":[0.8501,0.4295,-0.3046,0,-0.3371,0.8883,0.3118,0,0.4046,-0.1624,0.9,0,-12.3231,-1.113,-1.7935,1]},
{"frame":10,"values":[0.8628,0.3868,-0.3256,0,-0.3181,0.9158,0.245,0,0.3929,-0.1078,0.9132,0,-12.3231,-1.113,-1.7935,1]},
{"frame":11,"values":[0.8086,0.3692,-0.4581,0,-0.2551,0.9216,0.2924,0,0.5301,-0.1196,0.8394,0,-12.3231,-1.113,-1.7935,1]},
{"frame":12,"values":[0.7298,0.4333,-0.5288,0,-0.236,0.8856,0.4,0,0.6416,-0.1671,0.7486,0,-12.3231,-1.113,-1.7935,1]},
{"frame":13,"values":[0.7027,0.4804,-0.5248,0,-0.2407,0.8547,0.46,0,0.6695,-0.1969,0.7162,0,-12.3231,-1.113,-1.7935,1]}],"loopBehavior":1,"name":"anim","property":"_matrix"}},
{"name":"boss:RightForeArm","index":33,"matrix":[-0.3153,-0.3879,-0.8661,0,-0.7527,0.658,-0.0207,0,0.5779,0.6454,-0.4995,0,-27.687,0,0,1],"rest":[1,0,0,0,0,1,0,0,0,0,1,0,-27.687,0,0,1],"parentBoneIndex":32,"length":27.8738
,"animation":{"dataType":3,"framePerSecond":24,"keys":[
{"frame":1,"values":[-0.3153,-0.3879,-0.8661,0,-0.7527,0.658,-0.0207,0,0.5779,0.6454,-0.4995,0,-27.687,0,0,1]},
{"frame":2,"values":[-0.2748,-0.3785,-0.8839,0,-0.7418,0.6683,-0.0556,0,0.6117,0.6404,-0.4644,0,-27.687,0,0,1]},
{"frame":3,"values":[-0.2685,-0.38,-0.8852,0,-0.6953,0.7124,-0.0949,0,0.6667,0.59,-0.4555,0,-27.687,0,0,1]},
{"frame":4,"values":[-0.2544,-0.3903,-0.8848,0,-0.6949,0.7101,-0.1134,0,0.6726,0.586,-0.4519,0,-27.687,0,0,1]},
{"frame":5,"values":[-0.229,-0.4033,-0.8859,0,-0.7093,0.6924,-0.1319,0,0.6666,0.5982,-0.4447,0,-27.687,0,0,1]},
{"frame":6,"values":[-0.2532,-0.4131,-0.8748,0,-0.7211,0.6834,-0.114,0,0.6449,0.6019,-0.4709,0,-27.687,0,0,1]},
{"frame":7,"values":[-0.2814,-0.4194,-0.8631,0,-0.7277,0.6796,-0.093,0,0.6256,0.6019,-0.4964,0,-27.687,0,0,1]},
{"frame":8,"values":[-0.2984,-0.4111,-0.8614,0,-0.7565,0.6522,-0.0491,0,0.582,0.6369,-0.5056,0,-27.687,0,0,1]},
{"frame":9,"values":[-0.3359,-0.4201,-0.8431,0,-0.7552,0.655,-0.0255,0,0.5629,0.6281,-0.5372,0,-27.687,0,0,1]},
{"frame":10,"values":[-0.3348,-0.4073,-0.8497,0,-0.7733,0.6341,0.0007,0,0.5385,0.6573,-0.5273,0,-27.687,0,0,1]},
{"frame":11,"values":[-0.326,-0.3977,-0.8577,0,-0.7775,0.6288,0.004,0,0.5378,0.6681,-0.5142,0,-27.687,0,0,1]},
{"frame":12,"values":[-0.3318,-0.3959,-0.8562,0,-0.7594,0.6506,-0.0065,0,0.5596,0.6481,-0.5166,0,-27.687,0,0,1]},
{"frame":13,"values":[-0.3153,-0.3879,-0.8661,0,-0.7527,0.658,-0.0207,0,0.5779,0.6454,-0.4995,0,-27.687,0,0,1]}],"loopBehavior":1,"name":"anim","property":"_matrix"}},
{"name":"boss:RightHand","index":34,"matrix":[0.9064,-0.4186,-0.0564,0,0.4203,0.9071,0.0214,0,0.0422,-0.0431,0.9982,0,-27.8738,0,0,1],"rest":[0.9982,0.042,0.0432,0,-0.0454,0.9957,0.0802,0,-0.0397,-0.082,0.9958,0,-27.8738,0,0,1],"parentBoneIndex":33,"length":9.3328
,"animation":{"dataType":3,"framePerSecond":24,"keys":[
{"frame":1,"values":[0.9064,-0.4186,-0.0564,0,0.4203,0.9071,0.0214,0,0.0422,-0.0431,0.9982,0,-27.8738,0,0,1]},
{"frame":2,"values":[0.9329,-0.3529,-0.0721,0,0.3508,0.9356,-0.0407,0,0.0818,0.0127,0.9966,0,-27.8738,0,0,1]},
{"frame":3,"values":[0.9327,-0.3523,-0.0775,0,0.3402,0.9305,-0.1358,0,0.12,0.1002,0.9877,0,-27.8738,0,0,1]},
{"frame":4,"values":[0.9545,-0.2874,-0.0796,0,0.2789,0.9547,-0.1036,0,0.1058,0.0766,0.9914,0,-27.8738,0,0,1]},
{"frame":5,"values":[0.9721,-0.2182,-0.0864,0,0.2159,0.9758,-0.0352,0,0.092,0.0155,0.9956,0,-27.8738,0,0,1]},
{"frame":6,"values":[0.9743,-0.2182,-0.0566,0,0.219,0.9757,0.0098,0,0.0531,-0.0219,0.9983,0,-27.8738,0,0,1]},
{"frame":7,"values":[0.9589,-0.2763,-0.0643,0,0.2792,0.9594,0.0403,0,0.0506,-0.0566,0.9971,0,-27.8738,0,0,1]},
{"frame":8,"values":[0.9239,-0.3545,-0.1438,0,0.3659,0.9286,0.062,0,0.1115,-0.1099,0.9877,0,-27.8738,0,0,1]},
{"frame":9,"values":[0.8792,-0.4506,-0.155,0,0.4619,0.8858,0.0449,0,0.1171,-0.1111,0.9869,0,-27.8738,0,0,1]},
{"frame":10,"values":[0.8405,-0.5135,-0.173,0,0.5273,0.8486,0.0429,0,0.1248,-0.1272,0.984,0,-27.8738,0,0,1]},
{"frame":11,"values":[0.822,-0.5521,-0.1397,0,0.5627,0.8251,0.0502,0,0.0876,-0.1199,0.9889,0,-27.8738,0,0,1]},
{"frame":12,"values":[0.8522,-0.5183,-0.0712,0,0.5219,0.8517,0.0473,0,0.0361,-0.0775,0.9963,0,-27.8738,0,0,1]},
{"frame":13,"values":[0.9061,-0.4193,-0.0566,0,0.4209,0.9069,0.0206,0,0.0427,-0.0425,0.9982,0,-27.8738,0,0,1]}],"loopBehavior":1,"name":"anim","property":"_matrix"}},
{"name":"boss:RightHandThumb1","index":35,"matrix":[0.9843,-0.0645,0.1642,0,-0.0018,0.927,0.3751,0,-0.1764,-0.3695,0.9123,0,-2.5178,-0.9367,2.5137,1],"rest":[0.9871,0.0756,0.1414,0,-0.0924,0.9889,0.116,0,-0.131,-0.1275,0.9831,0,-2.5178,-0.9367,2.5137,1],"parentBoneIndex":34,"length":4.5427
,"animation":{"dataType":3,"framePerSecond":24,"keys":[
{"frame":1,"values":[0.9843,-0.0645,0.1642,0,-0.0018,0.927,0.3751,0,-0.1764,-0.3695,0.9123,0,-2.5178,-0.9367,2.5137,1]},
{"frame":13,"values":[0.9843,-0.0645,0.1642,0,-0.0018,0.927,0.3751,0,-0.1764,-0.3695,0.9123,0,-2.5178,-0.9367,2.5137,1]}],"loopBehavior":1,"name":"anim","property":"_matrix"}},
{"name":"boss:RightHandThumb2","index":36,"matrix":[0.9939,-0.001,0.1101,0,-0.001,0.9998,0.018,0,-0.1101,-0.018,0.9938,0,-3.2638,-1.087,2.9669,1],"rest":[0.964,0.004,-0.2657,0,-0.0244,0.997,-0.0735,0,0.2646,0.0773,0.9612,0,-3.2638,-1.087,2.9669,1],"parentBoneIndex":35,"length":5.0933
,"animation":{"dataType":3,"framePerSecond":24,"keys":[
{"frame":1,"values":[0.9939,-0.001,0.1101,0,-0.001,0.9998,0.018,0,-0.1101,-0.018,0.9938,0,-3.2638,-1.087,2.9669,1]},
{"frame":13,"values":[0.9939,-0.001,0.1101,0,-0.001,0.9998,0.018,0,-0.1101,-0.018,0.9938,0,-3.2638,-1.087,2.9669,1]}],"loopBehavior":1,"name":"anim","property":"_matrix"}},
{"name":"boss:RightHandThumb3","index":37,"matrix":[0.9413,-0.0098,0.3374,0,-0.0094,0.9984,0.0552,0,-0.3374,-0.0552,0.9397,0,-4.4165,-1.3703,2.135,1],"rest":[0.9626,0.2474,-0.1105,0,-0.2376,0.9667,0.0949,0,0.1303,-0.065,0.9893,0,-4.4165,-1.3703,2.135,1],"parentBoneIndex":36,"length":0.01
,"animation":{"dataType":3,"framePerSecond":24,"keys":[
{"frame":1,"values":[0.9413,-0.0098,0.3374,0,-0.0094,0.9984,0.0552,0,-0.3374,-0.0552,0.9397,0,-4.4165,-1.3703,2.135,1]},
{"frame":13,"values":[0.9413,-0.0098,0.3374,0,-0.0094,0.9984,0.0552,0,-0.3374,-0.0552,0.9397,0,-4.4165,-1.3703,2.135,1]}],"loopBehavior":1,"name":"anim","property":"_matrix"}},
{"name":"boss:RightHandThumb4","index":38,"matrix":[1,0,0,0,0,1,0,0,0,0,1,0,0,0,0,1],"rest":[1,0,0,0,0,1,0,0,0,0,1,0,0,0,0,1],"parentBoneIndex":37,"length":0.01
,"animation":{"dataType":3,"framePerSecond":24,"keys":[
{"frame":1,"values":[1,0,0,0,0,1,0,0,0,0,1,0,0,0,0,1]},
{"frame":13,"values":[1,0,0,0,0,1,0,0,0,0,1,0,0,0,0,1]}],"loopBehavior":1,"name":"anim","property":"_matrix"}},
{"name":"boss:RightHandIndex1","index":39,"matrix":[0.9972,0.0521,0.054,0,-0.0527,0.9986,0.0088,0,-0.0534,-0.0117,0.9985,0,-10.4665,0.4896,2.712,1],"rest":[0.9982,-0.0454,-0.0397,0,0.0454,0.999,-0.0009,0,0.0397,-0.0009,0.9992,0,-10.4665,0.4896,2.712,1],"parentBoneIndex":34,"length":5.3768
,"animation":{"dataType":3,"framePerSecond":24,"keys":[
{"frame":1,"values":[0.9972,0.0521,0.054,0,-0.0527,0.9986,0.0088,0,-0.0534,-0.0117,0.9985,0,-10.4665,0.4896,2.712,1]},
{"frame":13,"values":[0.9972,0.0521,0.054,0,-0.0527,0.9986,0.0088,0,-0.0534,-0.0117,0.9985,0,-10.4665,0.4896,2.712,1]}],"loopBehavior":1,"name":"anim","property":"_matrix"}},
