{"producer":{"name":"Blender","version":"2.90.0","exporter_version":"2.80.1","file":"runbackwards.babylon"},
"autoClear":true,"clearColor":[0.0509,0.0509,0.0509],"gravity":[0,-9.81,0],
"materials":[{"name":"Material","id":"Material","customType":"BABYLON.PBRMaterial","backFaceCulling":true,"checkReadyOnlyOnce":false,"maxSimultaneousLights":4,"environmentIntensity":1,"albedo":[0.8,0.8,0.8],"reflectivity":[0.5,0.5,0.5],"roughness":0.4,"alpha":1,"transparencyMode":0,"alphaCutOff":0.4,"metallic":0}],
"multiMaterials":[],
"skeletons":[{"name":"Armature","id":0,"dimensionsAtRest":[188.1767,172.4535,15.5905],"bones":[
{"name":"boss:Hips","index":0,"matrix":[0.9992,0.013,0.0379,0,-0.013,0.9999,-0.0023,0,0.0379,-0.0018,-0.9993,0,0,87.1237,0,1],"rest":[1,0,0,0,0,1,0,0,0,0,-1,0,0,96.3794,0,1],"parentBoneIndex":-1,"length":9.9032
,"animation":{"dataType":3,"framePerSecond":24,"keys":[
{"frame":1,"values":[0.9992,0.013,0.0379,0,-0.013,0.9999,-0.0023,0,0.0379,-0.0018,-0.9993,0,0,87.1237,0,1]},
{"frame":2,"values":[0.9985,-0.0056,0.0547,0,0.004,0.9996,0.0292,0,0.0549,0.0289,-0.9981,0,-0.8411,86.5228,-2.3132,1]},
{"frame":3,"values":[0.9883,-0.0196,0.1514,0,0.009,0.9975,0.0704,0,0.1524,0.0682,-0.986,0,-1.2317,87.2996,-4.1655,1]},
{"frame":4,"values":[0.9825,-0.0268,0.1843,0,0.0163,0.9982,0.058,0,0.1855,0.054,-0.9812,0,-1.1594,88.5141,-4.4627,1]},
{"frame":5,"values":[0.9896,-0.0284,0.1408,0,0.0279,0.9996,0.0056,0,0.1409,0.0016,-0.99,0,-0.8722,89.6344,-4.9601,1]},
{"frame":6,"values":[0.9937,-0.0435,0.1029,0,0.048,0.998,-0.0418,0,0.1009,-0.0465,-0.9938,0,-0.1584,90.1203,-3.3741,1]},
{"frame":7,"values":[0.9949,-0.0609,0.08,0,0.0646,0.9969,-0.0446,0,0.077,-0.0495,-0.9958,0,0.9087,88.9327,-1.6034,1]},
{"frame":8,"values":[0.9968,-0.0583,0.0545,0,0.0587,0.9983,-0.0058,0,0.054,-0.009,-0.9985,0,1.9397,86.4176,-0.6413,1]},
{"frame":9,"values":[0.9995,-0.0298,0.0136,0,0.0296,0.9994,0.0169,0,0.0141,0.0164,-0.9998,0,2.7598,84.8567,-0.6736,1]},
{"frame":10,"values":[0.9996,-0.0188,-0.0222,0,0.0197,0.999,0.0396,0,-0.0214,0.0401,-0.999,0,3.2344,85.6334,-2.0568,1]},
{"frame":11,"values":[0.9999,-0.0076,-0.0145,0,0.0086,0.9978,0.0659,0,-0.014,0.066,-0.9977,0,2.9016,87.3311,-2.7705,1]},
{"frame":12,"values":[0.9989,0.0037,0.047,0,-0.0055,0.9993,0.0383,0,0.0469,0.0385,-0.9982,0,2.0933,89.176,-3.4977,1]},
{"frame":13,"values":[0.9941,0.013,0.1079,0,-0.0105,0.9997,-0.0239,0,0.1081,-0.0226,-0.9939,0,1.3364,90.4963,-2.2801,1]},
{"frame":14,"values":[0.9913,0.021,0.13,0,-0.0148,0.9987,-0.0487,0,0.1309,-0.0463,-0.9903,0,0.7631,90.3608,-0.9355,1]},
{"frame":15,"values":[0.9958,0.0287,0.0866,0,-0.0269,0.9994,-0.0217,0,0.0872,-0.0193,-0.996,0,0.4439,88.8363,-0.3476,1]},
{"frame":16,"values":[0.9992,0.013,0.0379,0,-0.013,0.9999,-0.0023,0,0.0379,-0.0018,-0.9993,0,0,87.1237,0,1]}],"loopBehavior":1,"name":"anim","property":"_matrix"}},
{"name":"boss:Spine","index":1,"matrix":[0.9993,0.0132,-0.0337,0,-0.0036,0.9626,0.2709,0,0.036,-0.2706,0.962,0,0,9.2263,1.5771,1],"rest":[1,0,0,0,0,1,0,0,0,0,1,0,0,9.2263,1.5771,1],"parentBoneIndex":0,"length":16.2548
,"animation":{"dataType":3,"framePerSecond":24,"keys":[
{"frame":1,"values":[0.9993,0.0132,-0.0337,0,-0.0036,0.9626,0.2709,0,0.036,-0.2706,0.962,0,0,9.2263,1.5771,1]},
{"frame":2,"values":[0.9996,0.0116,0.0261,0,-0.018,0.9653,0.2605,0,-0.0222,-0.2609,0.9651,0,0,9.2263,1.5771,1]},
{"frame":3,"values":[0.9915,0.0001,0.1299,0,-0.034,0.9654,0.2586,0,-0.1253,-0.2608,0.9572,0,0,9.2263,1.5771,1]},
{"frame":4,"values":[0.9848,-0.0179,0.173,0,-0.0217,0.9742,0.2244,0,-0.1725,-0.2248,0.959,0,0,9.2263,1.5771,1]},
{"frame":5,"values":[0.9913,-0.0293,0.1287,0,0.0087,0.9875,0.1577,0,-0.1317,-0.1552,0.9791,0,0,9.2263,1.5771,1]},
{"frame":6,"values":[0.9971,-0.0245,0.0725,0,0.0132,0.9881,0.1534,0,-0.0754,-0.152,0.9855,0,0,9.2263,1.5771,1]},
{"frame":7,"values":[0.9985,-0.0126,0.053,0,0.0014,0.9784,0.2069,0,-0.0545,-0.2065,0.9769,0,0,9.2263,1.5771,1]},
{"frame":8,"values":[0.9991,-0.0227,0.0366,0,0.0123,0.9654,0.2607,0,-0.0413,-0.26,0.9647,0,0,9.2263,1.5771,1]},
{"frame":9,"values":[0.999,-0.0364,-0.0254,0,0.0421,0.9591,0.28,0,0.0141,-0.2808,0.9597,0,0,9.2263,1.5771,1]},
{"frame":10,"values":[0.9937,-0.0258,-0.1092,0,0.0554,0.9592,0.2773,0,0.0976,-0.2816,0.9545,0,0,9.2263,1.5771,1]},
{"frame":11,"values":[0.988,-0.014,-0.1535,0,0.0552,0.9619,0.2677,0,0.1439,-0.273,0.9512,0,0,9.2263,1.5771,1]},
{"frame":12,"values":[0.9895,-0.016,-0.1438,0,0.0468,0.9758,0.2135,0,0.1369,-0.218,0.9663,0,0,9.2263,1.5771,1]},
{"frame":13,"values":[0.994,-0.0094,-0.1085,0,0.0293,0.9825,0.1839,0,0.1049,-0.186,0.9769,0,0,9.2263,1.5771,1]},
{"frame":14,"values":[0.9962,-0.0004,-0.0869,0,0.0182,0.9787,0.2046,0,0.085,-0.2054,0.975,0,0,9.2263,1.5771,1]},
{"frame":15,"values":[0.9976,0.0023,-0.0689,0,0.0144,0.9705,0.2405,0,0.0674,-0.241,0.9682,0,0,9.2263,1.5771,1]},
{"frame":16,"values":[0.9993,0.0132,-0.0337,0,-0.0036,0.9626,0.2709,0,0.036,-0.2706,0.962,0,0,9.2263,1.5771,1]}],"loopBehavior":1,"name":"anim","property":"_matrix"}},
{"name":"boss:Spine1","index":2,"matrix":[0.9999,0.0084,-0.0087,0,-0.008,0.9989,0.0452,0,0.0091,-0.0451,0.9989,0,0,16.254,-0.1656,1],"rest":[1,0,0,0,0,1,0,0,0,0,1,0,0,16.254,-0.1656,1],"parentBoneIndex":1,"length":13.7007
,"animation":{"dataType":3,"framePerSecond":24,"keys":[
{"frame":1,"values":[0.9999,0.0084,-0.0087,0,-0.008,0.9989,0.0452,0,0.0091,-0.0451,0.9989,0,0,16.254,-0.1656,1]},
{"frame":2,"values":[0.9999,0.011,0.008,0,-0.0114,0.999,0.0435,0,-0.0075,-0.0436,0.999,0,0,16.254,-0.1656,1]},
{"frame":3,"values":[0.9993,0.0072,0.0365,0,-0.0086,0.9992,0.0387,0,-0.0362,-0.039,0.9986,0,0,16.254,-0.1656,1]},
{"frame":4,"values":[0.9988,0.0027,0.0488,0,-0.005,0.9989,0.0474,0,-0.0486,-0.0476,0.9977,0,0,16.254,-0.1656,1]},
{"frame":5,"values":[0.9993,0.0032,0.0367,0,-0.0055,0.9979,0.065,0,-0.0364,-0.0652,0.9972,0,0,16.254,-0.1656,1]},
{"frame":6,"values":[0.9998,0.0052,0.021,0,-0.0064,0.9984,0.0565,0,-0.0207,-0.0566,0.9982,0,0,16.254,-0.1656,1]},
{"frame":7,"values":[0.9999,0.0056,0.0155,0,-0.0063,0.9991,0.0428,0,-0.0152,-0.0429,0.999,0,0,16.254,-0.1656,1]},
{"frame":8,"values":[0.9999,0.0049,0.0114,0,-0.0054,0.999,0.0446,0,-0.0111,-0.0446,0.9989,0,0,16.254,-0.1656,1]},
{"frame":9,"values":[1,0.0029,-0.0052,0,-0.0027,0.9989,0.0475,0,0.0053,-0.0474,0.9989,0,0,16.254,-0.1656,1]},
{"frame":10,"values":[0.9996,0.0028,-0.0286,0,-0.0015,0.9989,0.0472,0,0.0287,-0.0472,0.9985,0,0,16.254,-0.1656,1]},
{"frame":11,"values":[0.9991,0.0051,-0.0412,0,-0.003,0.9988,0.0495,0,0.0414,-0.0493,0.9979,0,0,16.254,-0.1656,1]},
{"frame":12,"values":[0.9992,0.0067,-0.0387,0,-0.0043,0.9981,0.0608,0,0.039,-0.0606,0.9974,0,0,16.254,-0.1656,1]},
{"frame":13,"values":[0.9996,0.0053,-0.0293,0,-0.0037,0.9984,0.0565,0,0.0295,-0.0564,0.998,0,0,16.254,-0.1656,1]},
{"frame":14,"values":[0.9997,0.0072,-0.0233,0,-0.0061,0.9989,0.0465,0,0.0236,-0.0464,0.9986,0,0,16.254,-0.1656,1]},
{"frame":15,"values":[0.9998,0.0079,-0.0182,0,-0.0071,0.9989,0.0465,0,0.0186,-0.0464,0.9988,0,0,16.254,-0.1656,1]},
{"frame":16,"values":[0.9999,0.0084,-0.0087,0,-0.008,0.9989,0.0452,0,0.0091,-0.0451,0.9989,0,0,16.254,-0.1656,1]}],"loopBehavior":1,"name":"anim","property":"_matrix"}},
{"name":"boss:Spine2","index":3,"matrix":[0.9999,0.0082,-0.0083,0,-0.0079,0.9989,0.0453,0,0.0087,-0.0452,0.9989,0,0,13.6396,-1.2923,1],"rest":[1,0,0,0,0,1,0,0,0,0,1,0,0,13.6396,-1.2923,1],"parentBoneIndex":2,"length":13.1719
,"animation":{"dataType":3,"framePerSecond":24,"keys":[
{"frame":1,"values":[0.9999,0.0082,-0.0083,0,-0.0079,0.9989,0.0453,0,0.0087,-0.0452,0.9989,0,0,13.6396,-1.2923,1]},
{"frame":2,"values":[0.9999,0.0114,0.0084,0,-0.0117,0.999,0.0434,0,-0.0079,-0.0435,0.999,0,0,13.6396,-1.2923,1]},
{"frame":3,"values":[0.9993,0.0083,0.0365,0,-0.0097,0.9992,0.0387,0,-0.0362,-0.039,0.9986,0,0,13.6396,-1.2923,1]},
{"frame":4,"values":[0.9988,0.0035,0.0486,0,-0.0058,0.9989,0.0475,0,-0.0484,-0.0478,0.9977,0,0,13.6396,-1.2923,1]},
{"frame":5,"values":[0.9993,0.0032,0.0368,0,-0.0056,0.9979,0.0651,0,-0.0365,-0.0653,0.9972,0,0,13.6396,-1.2923,1]},
{"frame":6,"values":[0.9998,0.0054,0.0212,0,-0.0066,0.9984,0.0565,0,-0.0209,-0.0566,0.9982,0,0,13.6396,-1.2923,1]},
{"frame":7,"values":[0.9999,0.0061,0.0157,0,-0.0068,0.9991,0.0428,0,-0.0154,-0.0429,0.999,0,0,13.6396,-1.2923,1]},
{"frame":8,"values":[0.9999,0.0052,0.0117,0,-0.0058,0.999,0.0446,0,-0.0115,-0.0446,0.9989,0,0,13.6396,-1.2923,1]},
{"frame":9,"values":[1,0.0029,-0.0046,0,-0.0026,0.9989,0.0475,0,0.0048,-0.0475,0.9989,0,0,13.6396,-1.2923,1]},
{"frame":10,"values":[0.9996,0.0021,-0.0279,0,-0.0008,0.9989,0.0473,0,0.028,-0.0473,0.9985,0,0,13.6396,-1.2923,1]},
{"frame":11,"values":[0.9992,0.0042,-0.0404,0,-0.0022,0.9988,0.0497,0,0.0406,-0.0495,0.9979,0,0,13.6396,-1.2923,1]},
{"frame":12,"values":[0.9993,0.0063,-0.038,0,-0.004,0.9981,0.061,0,0.0383,-0.0608,0.9974,0,0,13.6396,-1.2923,1]},
{"frame":13,"values":[0.9996,0.005,-0.0288,0,-0.0033,0.9984,0.0566,0,0.029,-0.0565,0.998,0,0,13.6396,-1.2923,1]},
{"frame":14,"values":[0.9997,0.0067,-0.0227,0,-0.0056,0.9989,0.0467,0,0.023,-0.0465,0.9987,0,0,13.6396,-1.2923,1]},
{"frame":15,"values":[0.9998,0.0075,-0.0177,0,-0.0067,0.9989,0.0466,0,0.018,-0.0465,0.9988,0,0,13.6396,-1.2923,1]},
{"frame":16,"values":[0.9999,0.0082,-0.0083,0,-0.0079,0.9989,0.0453,0,0.0087,-0.0452,0.9989,0,0,13.6396,-1.2923,1]}],"loopBehavior":1,"name":"anim","property":"_matrix"}},
{"name":"boss:Neck","index":4,"matrix":[0.9999,0.0077,0.0066,0,-0.0077,0.9999,0.0075,0,-0.0066,-0.0075,1,0,0,13.8774,-4.3542,1],"rest":[1,0,0,0,0,1,0,0,0,0,1,0,0,13.8774,-4.3542,1],"parentBoneIndex":3,"length":4.4379
,"animation":{"dataType":3,"framePerSecond":24,"keys":[
{"frame":1,"values":[0.9999,0.0077,0.0066,0,-0.0077,0.9999,0.0075,0,-0.0066,-0.0075,1,0,0,13.8774,-4.3542,1]},
{"frame":2,"values":[1,0.0054,0.002,0,-0.0054,0.9999,0.0105,0,-0.002,-0.0105,0.9999,0,0,13.8774,-4.3542,1]},
{"frame":3,"values":[1,0.0053,-0.0021,0,-0.0052,0.9999,0.0155,0,0.0022,-0.0155,0.9999,0,0,13.8774,-4.3542,1]},
{"frame":4,"values":[1,0.0059,-0.004,0,-0.0058,0.9998,0.0172,0,0.0041,-0.0172,0.9998,0,0,13.8774,-4.3542,1]},
{"frame":5,"values":[1,0.0062,-0.0032,0,-0.0062,0.9998,0.0169,0,0.0033,-0.0169,0.9999,0,0,13.8774,-4.3542,1]},
{"frame":6,"values":[1,0.0072,-0.0008,0,-0.0072,0.9999,0.0157,0,0.0009,-0.0157,0.9999,0,0,13.8774,-4.3542,1]},
{"frame":7,"values":[1,0.0085,0.0006,0,-0.0086,0.9999,0.0129,0,-0.0004,-0.0129,0.9999,0,0,13.8774,-4.3542,1]},
{"frame":8,"values":[0.9999,0.0103,0.0011,0,-0.0103,0.9999,0.0091,0,-0.001,-0.0091,1,0,0,13.8774,-4.3542,1]},
{"frame":9,"values":[0.9999,0.0119,0.0043,0,-0.0119,0.9999,0.0074,0,-0.0042,-0.0075,1,0,0,13.8774,-4.3542,1]},
{"frame":10,"values":[0.9999,0.0116,0.0096,0,-0.0117,0.9999,0.011,0,-0.0095,-0.0111,0.9999,0,0,13.8774,-4.3542,1]},
{"frame":11,"values":[0.9999,0.0101,0.013,0,-0.0103,0.9998,0.0166,0,-0.0128,-0.0167,0.9998,0,0,13.8774,-4.3542,1]},
{"frame":12,"values":[0.9999,0.0094,0.0139,0,-0.0096,0.9998,0.018,0,-0.0137,-0.0181,0.9997,0,0,13.8774,-4.3542,1]},
{"frame":13,"values":[0.9999,0.0101,0.0141,0,-0.0103,0.9999,0.0137,0,-0.0139,-0.0138,0.9998,0,0,13.8774,-4.3542,1]},
{"frame":14,"values":[0.9999,0.009,0.0134,0,-0.0092,0.9999,0.0094,0,-0.0133,-0.0095,0.9999,0,0,13.8774,-4.3542,1]},
{"frame":15,"values":[0.9999,0.0084,0.0108,0,-0.0085,0.9999,0.009,0,-0.0108,-0.0091,0.9999,0,0,13.8774,-4.3542,1]},
{"frame":16,"values":[0.9999,0.0077,0.0066,0,-0.0077,0.9999,0.0075,0,-0.0066,-0.0075,1,0,0,13.8774,-4.3542,1]}],"loopBehavior":1,"name":"anim","property":"_matrix"}},
{"name":"boss:Neck1","index":5,"matrix":[0.9999,0.0077,0.0066,0,-0.0077,0.9999,0.0075,0,-0.0066,-0.0075,1,0,0,4.34,0.9269,1],"rest":[1,0,0,0,0,1,0,0,0,0,1,0,0,4.34,0.9269,1],"parentBoneIndex":4,"length":4.1171
,"animation":{"dataType":3,"framePerSecond":24,"keys":[
{"frame":1,"values":[0.9999,0.0077,0.0066,0,-0.0077,0.9999,0.0075,0,-0.0066,-0.0075,1,0,0,4.34,0.9269,1]},
{"frame":2,"values":[1,0.0054,0.002,0,-0.0054,0.9999,0.0105,0,-0.002,-0.0105,0.9999,0,0,4.34,0.9269,1]},
{"frame":3,"values":[1,0.0053,-0.0021,0,-0.0052,0.9999,0.0155,0,0.0022,-0.0155,0.9999,0,0,4.34,0.9269,1]},
{"frame":4,"values":[1,0.0059,-0.004,0,-0.0058,0.9998,0.0172,0,0.0041,-0.0172,0.9998,0,0,4.34,0.9269,1]},
{"frame":5,"values":[1,0.0062,-0.0032,0,-0.0062,0.9998,0.0169,0,0.0033,-0.0169,0.9999,0,0,4.34,0.9269,1]},
{"frame":6,"values":[1,0.0072,-0.0008,0,-0.0072,0.9999,0.0157,0,0.0009,-0.0157,0.9999,0,0,4.34,0.9269,1]},
{"frame":7,"values":[1,0.0085,0.0006,0,-0.0086,0.9999,0.0129,0,-0.0004,-0.0129,0.9999,0,0,4.34,0.9269,1]},
{"frame":8,"values":[0.9999,0.0103,0.0011,0,-0.0103,0.9999,0.0091,0,-0.001,-0.0091,1,0,0,4.34,0.9269,1]},
{"frame":9,"values":[0.9999,0.0119,0.0043,0,-0.0119,0.9999,0.0074,0,-0.0042,-0.0075,1,0,0,4.34,0.9269,1]},
{"frame":10,"values":[0.9999,0.0116,0.0096,0,-0.0117,0.9999,0.011,0,-0.0095,-0.0111,0.9999,0,0,4.34,0.9269,1]},
{"frame":11,"values":[0.9999,0.0101,0.013,0,-0.0103,0.9998,0.0166,0,-0.0128,-0.0167,0.9998,0,0,4.34,0.9269,1]},
{"frame":12,"values":[0.9999,0.0094,0.0139,0,-0.0096,0.9998,0.018,0,-0.0137,-0.0181,0.9997,0,0,4.34,0.9269,1]},
{"frame":13,"values":[0.9999,0.0101,0.0141,0,-0.0103,0.9999,0.0137,0,-0.0139,-0.0138,0.9998,0,0,4.34,0.9269,1]},
{"frame":14,"values":[0.9999,0.009,0.0134,0,-0.0092,0.9999,0.0094,0,-0.0133,-0.0095,0.9999,0,0,4.34,0.9269,1]},
{"frame":15,"values":[0.9999,0.0084,0.0108,0,-0.0085,0.9999,0.009,0,-0.0108,-0.0091,0.9999,0,0,4.34,0.9269,1]},
{"frame":16,"values":[0.9999,0.0077,0.0066,0,-0.0077,0.9999,0.0075,0,-0.0066,-0.0075,1,0,0,4.34,0.9269,1]}],"loopBehavior":1,"name":"anim","property":"_matrix"}},
{"name":"boss:Head","index":6,"matrix":[0.9999,0.0077,0.0066,0,-0.0077,0.9999,0.0075,0,-0.0066,-0.0075,1,0,0,4.0266,0.8585,1],"rest":[1,0,0,0,0,1,0,0,0,0,1,0,0,4.0266,0.8585,1],"parentBoneIndex":5,"length":4.1171
,"animation":{"dataType":3,"framePerSecond":24,"keys":[
{"frame":1,"values":[0.9999,0.0077,0.0066,0,-0.0077,0.9999,0.0075,0,-0.0066,-0.0075,1,0,0,4.0266,0.8585,1]},
{"frame":2,"values":[1,0.0054,0.002,0,-0.0054,0.9999,0.0105,0,-0.002,-0.0105,0.9999,0,0,4.0266,0.8585,1]},
{"frame":3,"values":[1,0.0053,-0.0021,0,-0.0052,0.9999,0.0155,0,0.0022,-0.0155,0.9999,0,0,4.0266,0.8585,1]},
{"frame":4,"values":[1,0.0059,-0.004,0,-0.0058,0.9998,0.0172,0,0.0041,-0.0172,0.9998,0,0,4.0266,0.8585,1]},
{"frame":5,"values":[1,0.0062,-0.0032,0,-0.0062,0.9998,0.0169,0,0.0033,-0.0169,0.9999,0,0,4.0266,0.8585,1]},
{"frame":6,"values":[1,0.0072,-0.0008,0,-0.0072,0.9999,0.0157,0,0.0009,-0.0157,0.9999,0,0,4.0266,0.8585,1]},
{"frame":7,"values":[1,0.0085,0.0006,0,-0.0086,0.9999,0.0129,0,-0.0004,-0.0129,0.9999,0,0,4.0266,0.8585,1]},
{"frame":8,"values":[0.9999,0.0103,0.0011,0,-0.0103,0.9999,0.0091,0,-0.001,-0.0091,1,0,0,4.0266,0.8585,1]},
{"frame":9,"values":[0.9999,0.0119,0.0043,0,-0.0119,0.9999,0.0074,0,-0.0042,-0.0075,1,0,0,4.0266,0.8585,1]},
{"frame":10,"values":[0.9999,0.0116,0.0096,0,-0.0117,0.9999,0.011,0,-0.0095,-0.0111,0.9999,0,0,4.0266,0.8585,1]},
{"frame":11,"values":[0.9999,0.0101,0.013,0,-0.0103,0.9998,0.0166,0,-0.0128,-0.0167,0.9998,0,0,4.0266,0.8585,1]},
{"frame":12,"values":[0.9999,0.0094,0.0139,0,-0.0096,0.9998,0.018,0,-0.0137,-0.0181,0.9997,0,0,4.0266,0.8585,1]},
{"frame":13,"values":[0.9999,0.0101,0.0141,0,-0.0103,0.9999,0.0137,0,-0.0139,-0.0138,0.9998,0,0,4.0266,0.8585,1]},
{"frame":14,"values":[0.9999,0.009,0.0134,0,-0.0092,0.9999,0.0094,0,-0.0133,-0.0095,0.9999,0,0,4.0266,0.8585,1]},
{"frame":15,"values":[0.9999,0.0084,0.0108,0,-0.0085,0.9999,0.009,0,-0.0108,-0.0091,0.9999,0,0,4.0266,0.8585,1]},
{"frame":16,"values":[0.9999,0.0077,0.0066,0,-0.0077,0.9999,0.0075,0,-0.0066,-0.0075,1,0,0,4.0266,0.8585,1]}],"loopBehavior":1,"name":"anim","property":"_matrix"}},
{"name":"boss:LeftShoulder","index":7,"matrix":[0.9664,-0.247,0.0708,0,0.2456,0.969,0.0277,0,-0.0755,-0.0094,0.9971,0,6.1442,10.187,-3.7932,1],"rest":[1,0,0,0,0,1,0,0,0,0,1,0,6.1442,10.187,-3.7932,1],"parentBoneIndex":3,"length":12.4986
,"animation":{"dataType":3,"framePerSecond":24,"keys":[
{"frame":1,"values":[0.9664,-0.247,0.0708,0,0.2456,0.969,0.0277,0,-0.0755,-0.0094,0.9971,0,6.1442,10.187,-3.7932,1]},
{"frame":2,"values":[0.9696,-0.2316,0.0791,0,0.2301,0.9728,0.0282,0,-0.0835,-0.0091,0.9965,0,6.1442,10.187,-3.7932,1]},
{"frame":3,"values":[0.9704,-0.2119,0.1156,0,0.2095,0.9773,0.033,0,-0.1199,-0.0078,0.9928,0,6.1442,10.187,-3.7932,1]},
{"frame":4,"values":[0.9694,-0.202,0.1396,0,0.1989,0.9794,0.0361,0,-0.144,-0.0072,0.9896,0,6.1442,10.187,-3.7932,1]},
{"frame":5,"values":[0.9662,-0.2212,0.1325,0,0.2182,0.9752,0.0368,0,-0.1373,-0.0066,0.9905,0,6.1442,10.187,-3.7932,1]},
{"frame":6,"values":[0.9587,-0.252,0.132,0,0.2489,0.9677,0.0399,0,-0.1378,-0.0054,0.9904,0,6.1442,10.187,-3.7932,1]},
{"frame":7,"values":[0.956,-0.2598,0.1359,0,0.2565,0.9657,0.0415,0,-0.142,-0.0048,0.9898,0,6.1442,10.187,-3.7932,1]},
{"frame":8,"values":[0.9622,-0.239,0.1306,0,0.236,0.971,0.0382,0,-0.1359,-0.0059,0.9907,0,6.1442,10.187,-3.7932,1]},
{"frame":9,"values":[0.9646,-0.2338,0.1223,0,0.2311,0.9723,0.0359,0,-0.1273,-0.0064,0.9918,0,6.1442,10.187,-3.7932,1]},
{"frame":10,"values":[0.9644,-0.2456,0.0977,0,0.2435,0.9693,0.0326,0,-0.1027,-0.0077,0.9947,0,6.1442,10.187,-3.7932,1]},
{"frame":11,"values":[0.974,-0.2139,0.0747,0,0.2125,0.9768,0.0258,0,-0.0785,-0.0093,0.9969,0,6.1442,10.187,-3.7932,1]},
{"frame":12,"values":[0.9782,-0.1895,0.085,0,0.188,0.9818,0.0254,0,-0.0883,-0.0089,0.9961,0,6.1442,10.187,-3.7932,1]},
{"frame":13,"values":[0.9691,-0.2281,0.0938,0,0.2262,0.9736,0.0303,0,-0.0982,-0.0081,0.9951,0,6.1442,10.187,-3.7932,1]},
{"frame":14,"values":[0.9545,-0.284,0.0912,0,0.2819,0.9588,0.0349,0,-0.0973,-0.0076,0.9952,0,6.1442,10.187,-3.7932,1]},
{"frame":15,"values":[0.9566,-0.2797,0.0819,0,0.2779,0.96,0.0327,0,-0.0878,-0.0085,0.9961,0,6.1442,10.187,-3.7932,1]},
{"frame":16,"values":[0.9664,-0.247,0.0708,0,0.2456,0.969,0.0277,0,-0.0755,-0.0094,0.9971,0,6.1442,10.187,-3.7932,1]}],"loopBehavior":1,"name":"anim","property":"_matrix"}},
{"name":"boss:LeftArm","index":8,"matrix":[0.4119,-0.7452,-0.5245,0,0.8872,0.4592,0.0444,0,0.2077,-0.4837,0.8502,0,12.3191,-1.113,-1.7935,1],"rest":[1,0,0,0,0,1,0,0,0,0,1,0,12.3191,-1.113,-1.7935,1],"parentBoneIndex":7,"length":27.687
,"animation":{"dataType":3,"framePerSecond":24,"keys":[
{"frame":1,"values":[0.4119,-0.7452,-0.5245,0,0.8872,0.4592,0.0444,0,0.2077,-0.4837,0.8502,0,12.3191,-1.113,-1.7935,1]},
{"frame":2,"values":[0.4983,-0.7432,-0.4465,0,0.8462,0.529,0.0638,0,0.1888,-0.4097,0.8925,0,12.3191,-1.113,-1.7935,1]},
{"frame":3,"values":[0.6069,-0.656,-0.4487,0,0.7564,0.6501,0.0727,0,0.244,-0.3835,0.8907,0,12.3191,-1.113,-1.7935,1]},
{"frame":4,"values":[0.7339,-0.5424,-0.409,0,0.5963,0.8028,0.0053,0,0.3255,-0.2478,0.9125,0,12.3191,-1.113,-1.7935,1]},
{"frame":5,"values":[0.8513,-0.4394,-0.2868,0,0.4266,0.8978,-0.1092,0,0.3055,-0.0294,0.9518,0,12.3191,-1.113,-1.7935,1]},
{"frame":6,"values":[0.8863,-0.4116,-0.2123,0,0.3861,0.9099,-0.152,0,0.2557,0.0528,0.9653,0,12.3191,-1.113,-1.7935,1]},
{"frame":7,"values":[0.867,-0.4467,-0.2207,0,0.4463,0.8932,-0.0548,0,0.2216,-0.051,0.9738,0,12.3191,-1.113,-1.7935,1]},
{"frame":8,"values":[0.8275,-0.5155,-0.2227,0,0.5473,0.8291,0.1146,0,0.1255,-0.2167,0.9681,0,12.3191,-1.113,-1.7935,1]},
{"frame":9,"values":[0.7595,-0.5922,-0.2692,0,0.6491,0.7178,0.252,0,0.044,-0.3661,0.9295,0,12.3191,-1.113,-1.7935,1]},
{"frame":10,"values":[0.7001,-0.5848,-0.4097,0,0.7117,0.6175,0.3348,0,0.0573,-0.526,0.8485,0,12.3191,-1.113,-1.7935,1]},
{"frame":11,"values":[0.6244,-0.5083,-0.5931,0,0.7655,0.549,0.3354,0,0.1551,-0.6634,0.732,0,12.3191,-1.113,-1.7935,1]},
{"frame":12,"values":[0.5109,-0.4122,-0.7544,0,0.8157,0.5095,0.274,0,0.2714,-0.7553,0.5965,0,12.3191,-1.113,-1.7935,1]},
{"frame":13,"values":[0.4537,-0.4165,-0.7878,0,0.8388,0.4982,0.2197,0,0.301,-0.7604,0.5754,0,12.3191,-1.113,-1.7935,1]},
{"frame":14,"values":[0.4517,-0.5215,-0.7239,0,0.85,0.498,0.1717,0,0.271,-0.6929,0.6682,0,12.3191,-1.113,-1.7935,1]},
{"frame":15,"values":[0.4169,-0.655,-0.6302,0,0.8787,0.4677,0.0952,0,0.2324,-0.5935,0.7705,0,12.3191,-1.113,-1.7935,1]},
{"frame":16,"values":[0.4119,-0.7452,-0.5245,0,0.8872,0.4592,0.0444,0,0.2077,-0.4837,0.8502,0,12.3191,-1.113,-1.7935,1]}],"loopBehavior":1,"name":"anim","property":"_matrix"}},
{"name":"boss:LeftForeArm","index":9,"matrix":[0.5794,0.0711,0.8119,0,0.0711,0.988,-0.1373,0,-0.8119,0.1373,0.5674,0,27.687,0,0,1],"rest":[1,0,0,0,0,1,0,0,0,0,1,0,27.687,0,0,1],"parentBoneIndex":8,"length":27.8738
,"animation":{"dataType":3,"framePerSecond":24,"keys":[
{"frame":1,"values":[0.5794,0.0711,0.8119,0,0.0711,0.988,-0.1373,0,-0.8119,0.1373,0.5674,0,27.687,0,0,1]},
{"frame":2,"values":[0.3577,0.1086,0.9275,0,0.1086,0.9816,-0.1569,0,-0.9275,0.1569,0.3393,0,27.687,0,0,1]},
{"frame":3,"values":[-0.0185,0.1723,0.9849,0,0.1723,0.9709,-0.1666,0,-0.9849,0.1666,-0.0476,0,27.687,0,0,1]},
{"frame":4,"values":[-0.335,0.2258,0.9148,0,0.2258,0.9618,-0.1547,0,-0.9148,0.1547,-0.3732,0,27.687,0,0,1]},
{"frame":5,"values":[-0.4338,0.2425,0.8677,0,0.2425,0.959,-0.1468,0,-0.8677,0.1468,-0.4748,0,27.687,0,0,1]},
{"frame":6,"values":[-0.3233,0.2238,0.9195,0,0.2238,0.9621,-0.1555,0,-0.9195,0.1555,-0.3611,0,27.687,0,0,1]},
{"frame":7,"values":[-0.0827,0.1831,0.9796,0,0.1831,0.969,-0.1657,0,-0.9796,0.1657,-0.1137,0,27.687,0,0,1]},
{"frame":8,"values":[0.2595,0.1252,0.9576,0,0.1252,0.9788,-0.162,0,-0.9576,0.162,0.2383,0,27.687,0,0,1]},
{"frame":9,"values":[0.5434,0.0772,0.8359,0,0.0772,0.9869,-0.1414,0,-0.8359,0.1414,0.5303,0,27.687,0,0,1]},
{"frame":10,"values":[0.6234,0.0637,0.7793,0,0.0637,0.9892,-0.1318,0,-0.7793,0.1318,0.6126,0,27.687,0,0,1]},
{"frame":11,"values":[0.5568,0.075,0.8273,0,0.075,0.9873,-0.1399,0,-0.8273,0.1399,0.5441,0,27.687,0,0,1]},
{"frame":12,"values":[0.4586,0.0916,0.8839,0,0.0916,0.9845,-0.1495,0,-0.8839,0.1495,0.4431,0,27.687,0,0,1]},
{"frame":13,"values":[0.487,0.0868,0.8691,0,0.0868,0.9853,-0.147,0,-0.8691,0.147,0.4723,0,27.687,0,0,1]},
{"frame":14,"values":[0.5884,0.0696,0.8056,0,0.0696,0.9882,-0.1363,0,-0.8056,0.1363,0.5766,0,27.687,0,0,1]},
{"frame":15,"values":[0.6401,0.0609,0.7658,0,0.0609,0.9897,-0.1295,0,-0.7658,0.1295,0.6298,0,27.687,0,0,1]},
{"frame":16,"values":[0.5794,0.0711,0.8119,0,0.0711,0.988,-0.1373,0,-0.8119,0.1373,0.5674,0,27.687,0,0,1]}],"loopBehavior":1,"name":"anim","property":"_matrix"}},
{"name":"boss:LeftHand","index":10,"matrix":[0.9953,-0.0494,-0.0836,0,0.0653,0.9778,0.199,0,0.0719,-0.2035,0.9764,0,27.8738,0,0,1],"rest":[0.9974,-0.0541,-0.0467,0,0.0586,0.9932,0.1006,0,0.041,-0.1031,0.9938,0,27.8738,0,0,1],"parentBoneIndex":9,"length":9.2395
,"animation":{"dataType":3,"framePerSecond":24,"keys":[
{"frame":1,"values":[0.9953,-0.0494,-0.0836,0,0.0653,0.9778,0.199,0,0.0719,-0.2035,0.9764,0,27.8738,0,0,1]},
{"frame":2,"values":[0.9997,0.0095,-0.021,0,-0.0048,0.977,0.213,0,0.0226,-0.2129,0.9768,0,27.8738,0,0,1]},
{"frame":3,"values":[0.9946,0.1008,0.0237,0,-0.1032,0.9491,0.2977,0,0.0075,-0.2986,0.9544,0,27.8738,0,0,1]},
{"frame":4,"values":[0.9902,0.139,0.0142,0,-0.1338,0.9134,0.3844,0,0.0405,-0.3825,0.9231,0,27.8738,0,0,1]},
{"frame":5,"values":[0.9934,0.1133,0.0179,0,-0.1089,0.8825,0.4575,0,0.036,-0.4565,0.889,0,27.8738,0,0,1]},
{"frame":6,"values":[0.9942,0.0999,0.0407,0,-0.107,0.8666,0.4873,0,0.0135,-0.4888,0.8723,0,27.8738,0,0,1]},
{"frame":7,"values":[0.9987,0.0479,0.0171,0,-0.0499,0.8561,0.5144,0,0.01,-0.5146,0.8574,0,27.8738,0,0,1]},
{"frame":8,"values":[0.9877,-0.1269,-0.0915,0,0.1564,0.8019,0.5766,0,0.0002,-0.5838,0.8119,0,27.8738,0,0,1]},
{"frame":9,"values":[0.9285,-0.285,-0.238,0,0.3705,0.7528,0.5441,0,0.0241,-0.5934,0.8046,0,27.8738,0,0,1]},
{"frame":10,"values":[0.8872,-0.3593,-0.2893,0,0.4551,0.7841,0.4219,0,0.0753,-0.506,0.8592,0,27.8738,0,0,1]},
{"frame":11,"values":[0.8586,-0.4234,-0.289,0,0.502,0.8086,0.3069,0,0.1037,-0.4086,0.9068,0,27.8738,0,0,1]},
{"frame":12,"values":[0.8429,-0.4162,-0.3411,0,0.5035,0.8337,0.2268,0,0.19,-0.3629,0.9123,0,27.8738,0,0,1]},
{"frame":13,"values":[0.8795,-0.3368,-0.3362,0,0.4189,0.8831,0.2111,0,0.2258,-0.3265,0.9178,0,27.8738,0,0,1]},
{"frame":14,"values":[0.9316,-0.2468,-0.2667,0,0.3046,0.9306,0.2028,0,0.1982,-0.2701,0.9422,0,27.8738,0,0,1]},
{"frame":15,"values":[0.9746,-0.138,-0.1764,0,0.1703,0.9683,0.183,0,0.1456,-0.2084,0.9672,0,27.8738,0,0,1]},
{"frame":16,"values":[0.9953,-0.0494,-0.0836,0,0.0653,0.9778,0.199,0,0.0719,-0.2035,0.9764,0,27.8738,0,0,1]}],"loopBehavior":1,"name":"anim","property":"_matrix"}},
{"name":"boss:LeftHandThumb1","index":11,"matrix":[0.9847,0.1437,-0.0989,0,-0.1386,0.9887,0.0574,0,0.106,-0.0428,0.9934,0,2.3785,-1.0029,2.6209,1],"rest":[0.9909,-0.0858,-0.104,0,0.0965,0.9901,0.102,0,0.0942,-0.1111,0.9893,0,2.3785,-1.0029,2.6209,1],"parentBoneIndex":10,"length":4.514
,"animation":{"dataType":3,"framePerSecond":24,"keys":[
{"frame":1,"values":[0.9847,0.1437,-0.0989,0,-0.1386,0.9887,0.0574,0,0.106,-0.0428,0.9934,0,2.3785,-1.0029,2.6209,1]},
{"frame":16,"values":[0.9847,0.1437,-0.0989,0,-0.1386,0.9887,0.0574,0,0.106,-0.0428,0.9934,0,2.3785,-1.0029,2.6209,1]}],"loopBehavior":1,"name":"anim","property":"_matrix"}},
{"name":"boss:LeftHandThumb2","index":12,"matrix":[0.9862,-0.1,-0.1316,0,0.125,0.9721,0.1984,0,0.1081,-0.2121,0.9713,0,3.3624,-1.0029,2.8398,1],"rest":[0.9723,0.0085,0.2336,0,0.008,0.9975,-0.0699,0,-0.2336,0.0698,0.9698,0,3.3624,-1.0029,2.8398,1],"parentBoneIndex":11,"length":5.1787
,"animation":{"dataType":3,"framePerSecond":24,"keys":[
{"frame":1,"values":[0.9862,-0.1,-0.1316,0,0.125,0.9721,0.1984,0,0.1081,-0.2121,0.9713,0,3.3624,-1.0029,2.8398,1]},
{"frame":2,"values":[0.988,-0.0968,-0.12,0,0.1191,0.9736,0.1946,0,0.098,-0.2065,0.9735,0,3.3624,-1.0029,2.8398,1]},
{"frame":3,"values":[0.9859,-0.1006,-0.1338,0,0.1261,0.9719,0.1987,0,0.11,-0.2128,0.9709,0,3.3624,-1.0029,2.8398,1]},
{"frame":4,"values":[0.9846,-0.1027,-0.1414,0,0.13,0.9711,0.2,0,0.1168,-0.2154,0.9695,0,3.3624,-1.0029,2.8398,1]},
{"frame":5,"values":[0.985,-0.102,-0.1389,0,0.1287,0.9714,0.1996,0,0.1146,-0.2145,0.97,0,3.3624,-1.0029,2.8398,1]},
{"frame":6,"values":[0.9842,-0.1033,-0.1436,0,0.1311,0.9709,0.2004,0,0.1187,-0.2161,0.9691,0,3.3624,-1.0029,2.8398,1]},
{"frame":7,"values":[0.9921,-0.0881,-0.0894,0,0.1034,0.9774,0.1843,0,0.0711,-0.1921,0.9788,0,3.3624,-1.0029,2.8398,1]},
{"frame":8,"values":[0.9968,-0.072,-0.0354,0,0.0769,0.9833,0.1648,0,0.0229,-0.167,0.9857,0,3.3624,-1.0029,2.8398,1]},
{"frame":9,"values":[0.9954,-0.0779,-0.055,0,0.0863,0.9813,0.172,0,0.0405,-0.176,0.9836,0,3.3624,-1.0029,2.8398,1]},
{"frame":10,"values":[0.9934,-0.0845,-0.0773,0,0.0973,0.9788,0.18,0,0.0605,-0.1864,0.9806,0,3.3624,-1.0029,2.8398,1]},
{"frame":11,"values":[0.9898,-0.0933,-0.1078,0,0.1127,0.9752,0.1906,0,0.0874,-0.2008,0.9757,0,3.3624,-1.0029,2.8398,1]},
{"frame":12,"values":[0.9855,-0.1013,-0.1364,0,0.1275,0.9716,0.1992,0,0.1124,-0.2137,0.9704,0,3.3624,-1.0029,2.8398,1]},
{"frame":13,"values":[0.9833,-0.1048,-0.1488,0,0.1339,0.9703,0.2013,0,0.1233,-0.2179,0.9682,0,3.3624,-1.0029,2.8398,1]},
{"frame":14,"values":[0.9829,-0.1055,-0.151,0,0.1351,0.9701,0.2017,0,0.1252,-0.2186,0.9678,0,3.3624,-1.0029,2.8398,1]},
{"frame":15,"values":[0.9886,-0.0957,-0.1161,0,0.117,0.9742,0.1933,0,0.0946,-0.2046,0.9743,0,3.3624,-1.0029,2.8398,1]},
{"frame":16,"values":[0.9862,-0.1,-0.1316,0,0.125,0.9721,0.1984,0,0.1081,-0.2121,0.9713,0,3.3624,-1.0029,2.8398,1]}],"loopBehavior":1,"name":"anim","property":"_matrix"}},
{"name":"boss:LeftHandThumb3","index":13,"matrix":[0.9462,0.1503,0.2865,0,-0.0936,0.9749,-0.2022,0,-0.3097,0.1645,0.9365,0,4.5018,-1.3445,2.1783,1],"rest":[0.9717,-0.2361,0.003,0,0.2343,0.9658,0.111,0,-0.0291,-0.1072,0.9938,0,4.5018,-1.3445,2.1783,1],"parentBoneIndex":12,"length":0.01
,"animation":{"dataType":3,"framePerSecond":24,"keys":[
{"frame":1,"values":[0.9462,0.1503,0.2865,0,-0.0936,0.9749,-0.2022,0,-0.3097,0.1645,0.9365,0,4.5018,-1.3445,2.1783,1]},
{"frame":2,"values":[0.9625,0.0972,0.2533,0,-0.0432,0.9766,-0.2107,0,-0.2679,0.1918,0.9442,0,4.5018,-1.3445,2.1783,1]},
{"frame":3,"values":[0.9846,-0.0568,0.1654,0,0.0906,0.9747,-0.2042,0,-0.1496,0.216,0.9649,0,4.5018,-1.3445,2.1783,1]},
{"frame":4,"values":[0.9851,-0.0699,0.1571,0,0.1014,0.974,-0.2028,0,-0.1388,0.2157,0.9665,0,4.5018,-1.3445,2.1783,1]},
{"frame":5,"values":[0.9847,-0.0542,0.1657,0,0.088,0.975,-0.2042,0,-0.1505,0.2157,0.9648,0,4.5018,-1.3445,2.1783,1]},
{"frame":6,"values":[0.9643,0.0851,0.2508,0,-0.0323,0.9777,-0.2075,0,-0.2629,0.1919,0.9455,0,4.5018,-1.3445,2.1783,1]},
{"frame":7,"values":[0.9032,0.2593,0.342,0,-0.2039,0.9605,-0.1897,0,-0.3777,0.1016,0.9203,0,4.5018,-1.3445,2.1783,1]},
{"frame":8,"values":[0.9235,0.2222,0.3126,0,-0.1657,0.9663,-0.1972,0,-0.3459,0.1304,0.9292,0,4.5018,-1.3445,2.1783,1]},
{"frame":9,"values":[0.9395,0.1788,0.2921,0,-0.1222,0.9718,-0.2017,0,-0.3199,0.1538,0.9349,0,4.5018,-1.3445,2.1783,1]},
{"frame":10,"values":[0.9731,0.0616,0.222,0,-0.0134,0.9771,-0.2124,0,-0.23,0.2038,0.9516,0,4.5018,-1.3445,2.1783,1]},
{"frame":11,"values":[0.9732,0.0569,0.2229,0,-0.0087,0.9774,-0.2114,0,-0.2299,0.2038,0.9516,0,4.5018,-1.3445,2.1783,1]},
{"frame":12,"values":[0.9513,0.1335,0.2779,0,-0.0776,0.9761,-0.2032,0,-0.2983,0.1718,0.9389,0,4.5018,-1.3445,2.1783,1]},
{"frame":13,"values":[0.9405,0.1618,0.2986,0,-0.1047,0.9745,-0.1984,0,-0.3231,0.1553,0.9335,0,4.5018,-1.3445,2.1783,1]},
{"frame":14,"values":[0.9297,0.1887,0.3162,0,-0.1307,0.972,-0.1954,0,-0.3442,0.1404,0.9283,0,4.5018,-1.3445,2.1783,1]},
{"frame":15,"values":[0.9176,0.2215,0.3299,0,-0.163,0.967,-0.1959,0,-0.3624,0.126,0.9235,0,4.5018,-1.3445,2.1783,1]},
{"frame":16,"values":[0.9462,0.1503,0.2865,0,-0.0936,0.9749,-0.2022,0,-0.3097,0.1645,0.9365,0,4.5018,-1.3445,2.1783,1]}],"loopBehavior":1,"name":"anim","property":"_matrix"}},
{"name":"boss:LeftHandThumb4","index":14,"matrix":[1,0,0,0,0,1,0,0,0,0,1,0,0,0,0,1],"rest":[1,0,0,0,0,1,0,0,0,0,1,0,0,0,0,1],"parentBoneIndex":13,"length":0.01
,"animation":{"dataType":3,"framePerSecond":24,"keys":[
{"frame":1,"values":[1,0,0,0,0,1,0,0,0,0,1,0,0,0,0,1]},
{"frame":16,"values":[1,0,0,0,0,1,0,0,0,0,1,0,0,0,0,1]}],"loopBehavior":1,"name":"anim","property":"_matrix"}},
{"name":"boss:LeftHandMiddle1","index":15,"matrix":[0.8191,-0.5736,-0.0054,0,0.5736,0.8191,0.0009,0,0.0039,-0.0039,1,0,10.4639,0.6148,0.4298,1],"rest":[0.9974,0.0586,0.041,0,-0.0586,0.9983,-0.0012,0,-0.041,-0.0012,0.9992,0,10.4639,0.6148,0.4298,1],"parentBoneIndex":10,"length":5.7921
,"animation":{"dataType":3,"framePerSecond":24,"keys":[
{"frame":1,"values":[0.8191,-0.5736,-0.0054,0,0.5736,0.8191,0.0009,0,0.0039,-0.0039,1,0,10.4639,0.6148,0.4298,1]},
{"frame":2,"values":[0.7918,-0.6108,-0.0017,0,0.6108,0.7918,0.0003,0,0.0012,-0.0013,1,0,10.4639,0.6148,0.4298,1]},
{"frame":3,"values":[0.7287,-0.6849,-0.0006,0,0.6849,0.7287,0.0001,0,0.0004,-0.0005,1,0,10.4639,0.6148,0.4298,1]},
{"frame":4,"values":[0.7438,-0.6684,0.0087,0,0.6684,0.7438,-0.0015,0,-0.0055,0.0069,1,0,10.4639,0.6148,0.4298,1]},
{"frame":5,"values":[0.7731,-0.6342,0.0051,0,0.6342,0.7731,-0.0009,0,-0.0034,0.0039,1,0,10.4639,0.6148,0.4298,1]},
{"frame":6,"values":[0.8265,-0.563,-0.0068,0,0.563,0.8265,0.0011,0,0.005,-0.0047,1,0,10.4639,0.6148,0.4298,1]},
{"frame":7,"values":[0.912,-0.4083,-0.0409,0,0.4088,0.9126,0.0068,0,0.0346,-0.0229,0.9991,0,10.4639,0.6148,0.4298,1]},
{"frame":8,"values":[0.9379,-0.3326,-0.0982,0,0.3357,0.9418,0.0166,0,0.087,-0.0486,0.995,0,10.4639,0.6148,0.4298,1]},
{"frame":9,"values":[0.9262,-0.3695,-0.0752,0,0.3714,0.9284,0.0127,0,0.0651,-0.0397,0.9971,0,10.4639,0.6148,0.4298,1]},
{"frame":10,"values":[0.9193,-0.3914,-0.0416,0,0.392,0.9199,0.007,0,0.0355,-0.0228,0.9991,0,10.4639,0.6148,0.4298,1]},
{"frame":11,"values":[0.8884,-0.4571,-0.0414,0,0.4578,0.889,0.007,0,0.0336,-0.0251,0.9991,0,10.4639,0.6148,0.4298,1]},
{"frame":12,"values":[0.8491,-0.5275,-0.0267,0,0.5278,0.8494,0.0045,0,0.0203,-0.0179,0.9996,0,10.4639,0.6148,0.4298,1]},
{"frame":13,"values":[0.8361,-0.5481,-0.0228,0,0.5483,0.8362,0.0039,0,0.017,-0.0158,0.9997,0,10.4639,0.6148,0.4298,1]},
{"frame":14,"values":[0.8434,-0.5366,-0.0266,0,0.5369,0.8437,0.0045,0,0.0201,-0.0181,0.9996,0,10.4639,0.6148,0.4298,1]},
{"frame":15,"values":[0.8461,-0.532,-0.0344,0,0.5324,0.8465,0.0058,0,0.026,-0.0232,0.9994,0,10.4639,0.6148,0.4298,1]},
{"frame":16,"values":[0.8191,-0.5736,-0.0054,0,0.5736,0.8191,0.0009,0,0.0039,-0.0039,1,0,10.4639,0.6148,0.4298,1]}],"loopBehavior":1,"name":"anim","property":"_matrix"}},
{"name":"boss:LeftHandMiddle2","index":16,"matrix":[0.8544,-0.5195,0,0,0.5195,0.8544,0,0,0,0,1,0,5.7921,0,0,1],"rest":[1,0,0,0,0,1,0,0,0,0,1,0,5.7921,0,0,1],"parentBoneIndex":15,"length":3.7132
,"animation":{"dataType":3,"framePerSecond":24,"keys":[
{"frame":1,"values":[0.8544,-0.5195,0,0,0.5195,0.8544,0,0,0,0,1,0,5.7921,0,0,1]},
{"frame":2,"values":[0.8405,-0.5418,0,0,0.5418,0.8405,0,0,0,0,1,0,5.7921,0,0,1]},
{"frame":3,"values":[0.8367,-0.5477,0,0,0.5477,0.8367,0,0,0,0,1,0,5.7921,0,0,1]},
{"frame":4,"values":[0.848,-0.5299,0,0,0.5299,0.848,0,0,0,0,1,0,5.7921,0,0,1]},
{"frame":5,"values":[0.8439,-0.5365,0,0,0.5365,0.8439,0,0,0,0,1,0,5.7921,0,0,1]},
{"frame":6,"values":[0.8549,-0.5188,0,0,0.5188,0.8549,0,0,0,0,1,0,5.7921,0,0,1]},
{"frame":7,"values":[0.8711,-0.4911,0,0,0.4911,0.8711,0,0,0,0,1,0,5.7921,0,0,1]},
{"frame":8,"values":[0.8416,-0.5401,0,0,0.5401,0.8416,0,0,0,0,1,0,5.7921,0,0,1]},
{"frame":9,"values":[0.8355,-0.5495,0,0,0.5495,0.8355,0,0,0,0,1,0,5.7921,0,0,1]},
{"frame":10,"values":[0.8414,-0.5405,0,0,0.5405,0.8414,0,0,0,0,1,0,5.7921,0,0,1]},
{"frame":11,"values":[0.8475,-0.5308,0,0,0.5308,0.8475,0,0,0,0,1,0,5.7921,0,0,1]},
{"frame":12,"values":[0.8549,-0.5188,0,0,0.5188,0.8549,0,0,0,0,1,0,5.7921,0,0,1]},
{"frame":13,"values":[0.8585,-0.5128,0,0,0.5128,0.8585,0,0,0,0,1,0,5.7921,0,0,1]},
{"frame":14,"values":[0.8627,-0.5057,0,0,0.5057,0.8627,0,0,0,0,1,0,5.7921,0,0,1]},
{"frame":15,"values":[0.862,-0.5068,0,0,0.5068,0.862,0,0,0,0,1,0,5.7921,0,0,1]},
{"frame":16,"values":[0.8544,-0.5195,0,0,0.5195,0.8544,0,0,0,0,1,0,5.7921,0,0,1]}],"loopBehavior":1,"name":"anim","property":"_matrix"}},
{"name":"boss:LeftHandMiddle3","index":17,"matrix":[0.9358,-0.3525,0,0,0.3525,0.9358,0,0,0,0.0001,1,0,3.7132,0,0,1],"rest":[1,0,0,0,0,1,-0.0001,0,0,0.0001,1,0,3.7132,0,0,1],"parentBoneIndex":16,"length":0.01
,"animation":{"dataType":3,"framePerSecond":24,"keys":[
{"frame":1,"values":[0.9358,-0.3525,0,0,0.3525,0.9358,0,0,0,0.0001,1,0,3.7132,0,0,1]},
{"frame":2,"values":[0.9385,-0.3453,0,0,0.3453,0.9385,0,0,0,0.0001,1,0,3.7132,0,0,1]},
{"frame":3,"values":[0.9406,-0.3396,0,0,0.3396,0.9406,0,0,0,0.0001,1,0,3.7132,0,0,1]},
{"frame":4,"values":[0.9428,-0.3334,0,0,0.3334,0.9428,0,0,0,0.0001,1,0,3.7132,0,0,1]},
{"frame":5,"values":[0.9426,-0.334,0,0,0.334,0.9426,0,0,0,0.0001,1,0,3.7132,0,0,1]},
{"frame":6,"values":[0.9434,-0.3317,0,0,0.3317,0.9434,0,0,0,0.0001,1,0,3.7132,0,0,1]},
{"frame":7,"values":[0.9415,-0.337,0,0,0.337,0.9415,0,0,0,0.0001,1,0,3.7132,0,0,1]},
{"frame":8,"values":[0.9333,-0.3592,0,0,0.3592,0.9333,0,0,0,0.0001,1,0,3.7132,0,0,1]},
{"frame":9,"values":[0.9393,-0.3431,0,0,0.3431,0.9393,0,0,0,0.0001,1,0,3.7132,0,0,1]},
{"frame":10,"values":[0.9472,-0.3206,0,0,0.3206,0.9472,0,0,0,0.0001,1,0,3.7132,0,0,1]},
{"frame":11,"values":[0.948,-0.3184,0,0,0.3184,0.948,0,0,0,0.0001,1,0,3.7132,0,0,1]},
{"frame":12,"values":[0.9469,-0.3215,0,0,0.3215,0.9469,0,0,0,0.0001,1,0,3.7132,0,0,1]},
{"frame":13,"values":[0.9427,-0.3335,0,0,0.3335,0.9427,0,0,0,0.0001,1,0,3.7132,0,0,1]},
{"frame":14,"values":[0.9397,-0.342,0,0,0.342,0.9397,0,0,0,0.0001,1,0,3.7132,0,0,1]},
{"frame":15,"values":[0.9348,-0.3551,0,0,0.3551,0.9348,0,0,0,0.0001,1,0,3.7132,0,0,1]},
{"frame":16,"values":[0.9358,-0.3525,0,0,0.3525,0.9358,0,0,0,0.0001,1,0,3.7132,0,0,1]}],"loopBehavior":1,"name":"anim","property":"_matrix"}},
{"name":"boss:LeftHandMiddle4","index":18,"matrix":[1,0,0,0,0,1,0,0,0,0,1,0,0,0,0,1],"rest":[1,0,0,0,0,1,0,0,0,0,1,0,0,0,0,1],"parentBoneIndex":17,"length":0.01
,"animation":{"dataType":3,"framePerSecond":24,"keys":[
{"frame":1,"values":[1,0,0,0,0,1,0,0,0,0,1,0,0,0,0,1]},
{"frame":16,"values":[1,0,0,0,0,1,0,0,0,0,1,0,0,0,0,1]}],"loopBehavior":1,"name":"anim","property":"_matrix"}},
{"name":"boss:LeftHandIndex1","index":19,"matrix":[0.8999,-0.432,0.059,0,0.4333,0.9012,-0.0099,0,-0.0488,0.0345,0.9982,0,10.3945,0.6148,2.7055,1],"rest":[0.9974,0.0586,0.041,0,-0.0586,0.9983,-0.0012,0,-0.041,-0.0012,0.9992,0,10.3945,0.6148,2.7055,1],"parentBoneIndex":10,"length":5.5493
,"animation":{"dataType":3,"framePerSecond":24,"keys":[
{"frame":1,"values":[0.8999,-0.432,0.059,0,0.4333,0.9012,-0.0099,0,-0.0488,0.0345,0.9982,0,10.3945,0.6148,2.7055,1]},
{"frame":2,"values":[0.8758,-0.4775,0.0705,0,0.4791,0.8778,-0.0061,0,-0.059,0.0391,0.9975,0,10.3945,0.6148,2.7055,1]},
{"frame":3,"values":[0.7821,-0.6178,0.0822,0,0.62,0.7846,-0.002,0,-0.0633,0.0525,0.9966,0,10.3945,0.6148,2.7055,1]},
{"frame":4,"values":[0.7682,-0.6351,0.0807,0,0.6374,0.7706,-0.0024,0,-0.0606,0.0533,0.9967,0,10.3945,0.6148,2.7055,1]},
{"frame":5,"values":[0.812,-0.5781,0.0804,0,0.5801,0.8145,-0.0026,0,-0.064,0.0488,0.9968,0,10.3945,0.6148,2.7055,1]},
{"frame":6,"values":[0.8535,-0.5178,0.0587,0,0.5191,0.8547,-0.0084,0,-0.0458,0.0377,0.9982,0,10.3945,0.6148,2.7055,1]},
{"frame":7,"values":[0.9426,-0.3333,0.0219,0,0.3335,0.9428,-0.0038,0,-0.0193,0.0109,0.9998,0,10.3945,0.6148,2.7055,1]},
{"frame":8,"values":[0.9922,-0.1246,0.0081,0,0.1246,0.9922,-0.0014,0,-0.0078,0.0024,1,0,10.3945,0.6148,2.7055,1]},
{"frame":9,"values":[0.983,-0.1826,0.0164,0,0.1827,0.9832,-0.0028,0,-0.0156,0.0057,0.9999,0,10.3945,0.6148,2.7055,1]},
{"frame":10,"values":[0.9826,-0.1841,0.0257,0,0.1843,0.9829,-0.0044,0,-0.0245,0.009,0.9997,0,10.3945,0.6148,2.7055,1]},
{"frame":11,"values":[0.9542,-0.2984,0.0202,0,0.2986,0.9544,-0.0034,0,-0.0182,0.0092,0.9998,0,10.3945,0.6148,2.7055,1]},
{"frame":12,"values":[0.8867,-0.4619,0.0195,0,0.462,0.8869,-0.0033,0,-0.0157,0.0119,0.9998,0,10.3945,0.6148,2.7055,1]},
{"frame":13,"values":[0.8865,-0.4609,0.0409,0,0.4615,0.8871,-0.0069,0,-0.0331,0.025,0.9991,0,10.3945,0.6148,2.7055,1]},
{"frame":14,"values":[0.9062,-0.4202,0.0466,0,0.421,0.907,-0.0079,0,-0.039,0.0268,0.9989,0,10.3945,0.6148,2.7055,1]},
{"frame":15,"values":[0.9223,-0.3843,0.0403,0,0.3848,0.923,-0.0068,0,-0.0346,0.0218,0.9992,0,10.3945,0.6148,2.7055,1]},
{"frame":16,"values":[0.8999,-0.432,0.059,0,0.4333,0.9012,-0.01,0,-0.0488,0.0345,0.9982,0,10.3945,0.6148,2.7055,1]}],"loopBehavior":1,"name":"anim","property":"_matrix"}},
{"name":"boss:LeftHandIndex2","index":20,"matrix":[0.8719,-0.4898,0,0,0.4898,0.8719,0,0,0,0,1,0,5.5493,0,0,1],"rest":[1,0,0,0,0,1,0,0,0,0,1,0,5.5493,0,0,1],"parentBoneIndex":19,"length":3.3911
,"animation":{"dataType":3,"framePerSecond":24,"keys":[
{"frame":1,"values":[0.8719,-0.4898,0,0,0.4898,0.8719,0,0,0,0,1,0,5.5493,0,0,1]},
{"frame":2,"values":[0.846,-0.5332,0,0,0.5332,0.846,0,0,0,0,1,0,5.5493,0,0,1]},
{"frame":3,"values":[0.8026,-0.5966,0,0,0.5966,0.8026,0,0,0,0,1,0,5.5493,0,0,1]},
{"frame":4,"values":[0.8043,-0.5942,0,0,0.5942,0.8043,0,0,0,0,1,0,5.5493,0,0,1]},
{"frame":5,"values":[0.8112,-0.5847,0,0,0.5847,0.8112,0,0,0,0,1,0,5.5493,0,0,1]},
{"frame":6,"values":[0.8476,-0.5307,0,0,0.5307,0.8476,0,0,0,0,1,0,5.5493,0,0,1]},
{"frame":7,"values":[0.8796,-0.4757,0,0,0.4757,0.8796,0,0,0,0,1,0,5.5493,0,0,1]},
{"frame":8,"values":[0.8201,-0.5722,0,0,0.5722,0.8201,0,0,0,0,1,0,5.5493,0,0,1]},
{"frame":9,"values":[0.8145,-0.5802,0,0,0.5802,0.8145,0,0,0,0,1,0,5.5493,0,0,1]},
{"frame":10,"values":[0.8199,-0.5725,0,0,0.5725,0.8199,0,0,0,0,1,0,5.5493,0,0,1]},
{"frame":11,"values":[0.8331,-0.5531,0,0,0.5531,0.8331,0,0,0,0,1,0,5.5493,0,0,1]},
{"frame":12,"values":[0.8741,-0.4858,0,0,0.4858,0.8741,0,0,0,0,1,0,5.5493,0,0,1]},
{"frame":13,"values":[0.8405,-0.5418,0,0,0.5418,0.8405,0,0,0,0,1,0,5.5493,0,0,1]},
{"frame":14,"values":[0.8316,-0.5553,0,0,0.5553,0.8316,0,0,0,0,1,0,5.5493,0,0,1]},
{"frame":15,"values":[0.8801,-0.4748,0,0,0.4748,0.8801,0,0,0,0,1,0,5.5493,0,0,1]},
{"frame":16,"values":[0.8719,-0.4898,0,0,0.4898,0.8719,0,0,0,0,1,0,5.5493,0,0,1]}],"loopBehavior":1,"name":"anim","property":"_matrix"}},
