{"producer":{"name":"Blender","version":"2.90.0","exporter_version":"2.80.1","file":"runstraferight.babylon"},
"autoClear":true,"clearColor":[0.0509,0.0509,0.0509],"gravity":[0,-9.81,0],
"materials":[{"name":"Material","id":"Material","customType":"BABYLON.PBRMaterial","backFaceCulling":true,"checkReadyOnlyOnce":false,"maxSimultaneousLights":4,"environmentIntensity":1,"albedo":[0.8,0.8,0.8],"reflectivity":[0.5,0.5,0.5],"roughness":0.4,"alpha":1,"transparencyMode":0,"alphaCutOff":0.4,"metallic":0}],
"multiMaterials":[],
"skeletons":[{"name":"Armature","id":0,"dimensionsAtRest":[188.1767,172.4535,15.5905],"bones":[
{"name":"boss:Hips","index":0,"matrix":[0.156,-0.0129,-0.9877,0,-0.3404,0.938,-0.066,0,-0.9272,-0.3465,-0.142,0,0,86.7817,0,1],"rest":[1,0,0,0,0,1,0,0,0,0,-1,0,0,96.3794,0,1],"parentBoneIndex":-1,"length":9.9032
,"animation":{"dataType":3,"framePerSecond":24,"keys":[
{"frame":1,"values":[0.156,-0.0129,-0.9877,0,-0.3404,0.938,-0.066,0,-0.9272,-0.3465,-0.142,0,0,86.7817,0,1]},
{"frame":2,"values":[0.1347,0.0339,-0.9903,0,-0.3568,0.934,-0.0165,0,-0.9244,-0.3556,-0.1379,0,0.1963,87.1266,-0.2155,1]},
{"frame":3,"values":[0.124,0.0984,-0.9874,0,-0.3665,0.9293,0.0466,0,-0.9221,-0.3561,-0.1513,0,0.3876,88.2011,-0.487,1]},
{"frame":4,"values":[0.1449,0.1287,-0.981,0,-0.3639,0.9289,0.0681,0,-0.9201,-0.3472,-0.1814,0,-0.242,88.9382,-0.4914,1]},
{"frame":5,"values":[0.1925,0.0979,-0.9764,0,-0.3428,0.939,0.0266,0,-0.9195,-0.3295,-0.2144,0,-2.4457,88.9228,-0.2998,1]},
{"frame":6,"values":[0.2453,0.0534,-0.968,0,-0.3061,0.9517,-0.0251,0,-0.9198,-0.3025,-0.2498,0,-5.2643,88.5513,-0.2567,1]},
{"frame":7,"values":[0.2736,0.0503,-0.9605,0,-0.2859,0.9577,-0.0313,0,-0.9184,-0.2832,-0.2764,0,-6.5008,87.9823,-0.4973,1]},
{"frame":8,"values":[0.2746,0.0851,-0.9578,0,-0.3086,0.9512,-0.0039,0,-0.9107,-0.2966,-0.2875,0,-5.7981,87.0471,-0.9685,1]},
{"frame":9,"values":[0.2771,0.1154,-0.9539,0,-0.339,0.9407,0.0154,0,-0.8991,-0.3191,-0.2998,0,-4.7366,86.2798,-1.5228,1]},
{"frame":10,"values":[0.2845,0.1018,-0.9532,0,-0.337,0.9415,0,0,-0.8975,-0.3212,-0.3022,0,-3.8362,86.3245,-1.7761,1]},
{"frame":11,"values":[0.2829,0.0382,-0.9584,0,-0.3206,0.9455,-0.057,0,-0.904,-0.3234,-0.2797,0,-2.6129,87.2076,-1.3837,1]},
{"frame":12,"values":[0.2643,-0.0298,-0.964,0,-0.3224,0.9393,-0.1174,0,-0.909,-0.3418,-0.2386,0,-1.302,88.3706,-0.6509,1]},
{"frame":13,"values":[0.2358,-0.0404,-0.971,0,-0.3405,0.9324,-0.1215,0,-0.9102,-0.3592,-0.2061,0,-0.7326,89.0771,-0.2739,1]},
{"frame":14,"values":[0.2052,-0.0113,-0.9786,0,-0.3468,0.9342,-0.0835,0,-0.9152,-0.3566,-0.1878,0,-1.2399,88.9901,-0.3389,1]},
{"frame":15,"values":[0.1754,-0.003,-0.9845,0,-0.3361,0.9397,-0.0628,0,-0.9253,-0.3419,-0.1638,0,-1.9657,88.2895,-0.3172,1]},
{"frame":16,"values":[0.1581,-0.0134,-0.9873,0,-0.3314,0.9412,-0.0658,0,-0.9302,-0.3376,-0.1443,0,-1.5843,87.4099,-0.0981,1]},
{"frame":17,"values":[0.156,-0.0129,-0.9877,0,-0.3404,0.938,-0.066,0,-0.9272,-0.3465,-0.142,0,0,86.7817,0,1]}],"loopBehavior":1,"name":"anim","property":"_matrix"}},
{"name":"boss:Spine","index":1,"matrix":[0.9828,-0.0233,-0.1831,0,0.0515,0.9873,0.1506,0,0.1773,-0.1574,0.9715,0,0,9.2263,1.5771,1],"rest":[1,0,0,0,0,1,0,0,0,0,1,0,0,9.2263,1.5771,1],"parentBoneIndex":0,"length":16.2548
,"animation":{"dataType":3,"framePerSecond":24,"keys":[
{"frame":1,"values":[0.9828,-0.0233,-0.1831,0,0.0515,0.9873,0.1506,0,0.1773,-0.1574,0.9715,0,0,9.2263,1.5771,1]},
{"frame":2,"values":[0.9697,-0.0772,-0.2319,0,0.1133,0.9827,0.1468,0,0.2166,-0.1686,0.9616,0,0,9.2263,1.5771,1]},
{"frame":3,"values":[0.9477,-0.1462,-0.2837,0,0.1894,0.9731,0.1311,0,0.2569,-0.1779,0.9499,0,0,9.2263,1.5771,1]},
{"frame":4,"values":[0.9281,-0.1743,-0.3289,0,0.222,0.9685,0.1131,0,0.2988,-0.178,0.9376,0,0,9.2263,1.5771,1]},
{"frame":5,"values":[0.9248,-0.1441,-0.3522,0,0.1909,0.9763,0.1017,0,0.3292,-0.1613,0.9304,0,0,9.2263,1.5771,1]},
{"frame":6,"values":[0.9376,-0.0986,-0.3333,0,0.1396,0.985,0.1012,0,0.3183,-0.1414,0.9374,0,0,9.2263,1.5771,1]},
{"frame":7,"values":[0.9582,-0.0864,-0.2728,0,0.1205,0.9865,0.1107,0,0.2595,-0.139,0.9557,0,0,9.2263,1.5771,1]},
{"frame":8,"values":[0.9749,-0.1029,-0.1976,0,0.1295,0.9834,0.1267,0,0.1812,-0.1491,0.9721,0,0,9.2263,1.5771,1]},
{"frame":9,"values":[0.9834,-0.1094,-0.1446,0,0.1301,0.9812,0.1426,0,0.1263,-0.159,0.9792,0,0,9.2263,1.5771,1]},
{"frame":10,"values":[0.9899,-0.0815,-0.116,0,0.0983,0.9842,0.1473,0,0.1022,-0.1572,0.9823,0,0,9.2263,1.5771,1]},
{"frame":11,"values":[0.9959,-0.0228,-0.0879,0,0.0347,0.9901,0.1357,0,0.0839,-0.1382,0.9868,0,0,9.2263,1.5771,1]},
{"frame":12,"values":[0.9981,0.0303,-0.053,0,-0.0238,0.9926,0.1188,0,0.0562,-0.1174,0.9915,0,0,9.2263,1.5771,1]},
{"frame":13,"values":[0.9992,0.0331,-0.0219,0,-0.0304,0.9931,0.113,0,0.0255,-0.1122,0.9934,0,0,9.2263,1.5771,1]},
{"frame":14,"values":[0.9997,-0.0043,-0.022,0,0.0069,0.9929,0.1187,0,0.0213,-0.1188,0.9927,0,0,9.2263,1.5771,1]},
{"frame":15,"values":[0.9976,-0.0279,-0.064,0,0.0358,0.9913,0.1267,0,0.0599,-0.1287,0.9899,0,0,9.2263,1.5771,1]},
{"frame":16,"values":[0.9916,-0.0243,-0.1273,0,0.0418,0.9897,0.1369,0,0.1227,-0.141,0.9824,0,0,9.2263,1.5771,1]},
{"frame":17,"values":[0.9828,-0.0233,-0.1831,0,0.0515,0.9873,0.1506,0,0.1773,-0.1574,0.9715,0,0,9.2263,1.5771,1]}],"loopBehavior":1,"name":"anim","property":"_matrix"}},
{"name":"boss:Spine1","index":2,"matrix":[0.997,-0.0189,-0.0744,0,0.0234,0.9979,0.06,0,0.0731,-0.0616,0.9954,0,0,16.254,-0.1656,1],"rest":[1,0,0,0,0,1,0,0,0,0,1,0,0,16.254,-0.1656,1],"parentBoneIndex":1,"length":13.7007
,"animation":{"dataType":3,"framePerSecond":24,"keys":[
{"frame":1,"values":[0.997,-0.0189,-0.0744,0,0.0234,0.9979,0.06,0,0.0731,-0.0616,0.9954,0,0,16.254,-0.1656,1]},
{"frame":2,"values":[0.9945,-0.034,-0.0992,0,0.04,0.9975,0.0585,0,0.0969,-0.0621,0.9934,0,0,16.254,-0.1656,1]},
{"frame":3,"values":[0.9913,-0.0495,-0.122,0,0.0565,0.9969,0.054,0,0.119,-0.0604,0.9911,0,0,16.254,-0.1656,1]},
{"frame":4,"values":[0.9891,-0.056,-0.1364,0,0.0631,0.9968,0.0487,0,0.1333,-0.0568,0.9895,0,0,16.254,-0.1656,1]},
{"frame":5,"values":[0.9887,-0.053,-0.1402,0,0.0596,0.9973,0.0433,0,0.1376,-0.0511,0.9892,0,0,16.254,-0.1656,1]},
{"frame":6,"values":[0.99,-0.0482,-0.1328,0,0.054,0.9977,0.0401,0,0.1306,-0.0469,0.9903,0,0,16.254,-0.1656,1]},
{"frame":7,"values":[0.9924,-0.0465,-0.1138,0,0.0516,0.9978,0.0423,0,0.1116,-0.0478,0.9926,0,0,16.254,-0.1656,1]},
{"frame":8,"values":[0.9952,-0.0461,-0.0866,0,0.0504,0.9975,0.0486,0,0.0841,-0.0527,0.9951,0,0,16.254,-0.1656,1]},
{"frame":9,"values":[0.997,-0.0437,-0.0634,0,0.0472,0.9974,0.0548,0,0.0608,-0.0576,0.9965,0,0,16.254,-0.1656,1]},
{"frame":10,"values":[0.9982,-0.036,-0.0483,0,0.0387,0.9976,0.0567,0,0.0462,-0.0584,0.9972,0,0,16.254,-0.1656,1]},
{"frame":11,"values":[0.9992,-0.0211,-0.0341,0,0.0229,0.9983,0.0537,0,0.0329,-0.0544,0.998,0,0,16.254,-0.1656,1]},
{"frame":12,"values":[0.9998,-0.006,-0.0191,0,0.0069,0.9988,0.0494,0,0.0188,-0.0496,0.9986,0,0,16.254,-0.1656,1]},
{"frame":13,"values":[1,-0.0021,-0.0092,0,0.0026,0.9989,0.0474,0,0.0091,-0.0474,0.9988,0,0,16.254,-0.1656,1]},
{"frame":14,"values":[0.9999,-0.009,-0.0124,0,0.0096,0.9988,0.0476,0,0.012,-0.0477,0.9988,0,0,16.254,-0.1656,1]},
{"frame":15,"values":[0.9995,-0.0145,-0.0285,0,0.0159,0.9986,0.0495,0,0.0278,-0.0499,0.9984,0,0,16.254,-0.1656,1]},
{"frame":16,"values":[0.9986,-0.0157,-0.0514,0,0.0184,0.9984,0.054,0,0.0505,-0.0549,0.9972,0,0,16.254,-0.1656,1]},
{"frame":17,"values":[0.997,-0.0189,-0.0744,0,0.0234,0.9979,0.06,0,0.0731,-0.0616,0.9954,0,0,16.254,-0.1656,1]}],"loopBehavior":1,"name":"anim","property":"_matrix"}},
{"name":"boss:Spine2","index":3,"matrix":[0.997,-0.0198,-0.0743,0,0.0243,0.9979,0.0599,0,0.0729,-0.0615,0.9954,0,0,13.6396,-1.2923,1],"rest":[1,0,0,0,0,1,0,0,0,0,1,0,0,13.6396,-1.2923,1],"parentBoneIndex":2,"length":13.1719
,"animation":{"dataType":3,"framePerSecond":24,"keys":[
{"frame":1,"values":[0.997,-0.0198,-0.0743,0,0.0243,0.9979,0.0599,0,0.0729,-0.0615,0.9954,0,0,13.6396,-1.2923,1]},
{"frame":2,"values":[0.9945,-0.0353,-0.0988,0,0.0412,0.9975,0.0582,0,0.0965,-0.0619,0.9934,0,0,13.6396,-1.2923,1]},
{"frame":3,"values":[0.9913,-0.051,-0.1217,0,0.0578,0.9969,0.0532,0,0.1186,-0.0598,0.9911,0,0,13.6396,-1.2923,1]},
{"frame":4,"values":[0.989,-0.0577,-0.1361,0,0.0647,0.9968,0.0476,0,0.1329,-0.0558,0.9896,0,0,13.6396,-1.2923,1]},
{"frame":5,"values":[0.9886,-0.0552,-0.1397,0,0.0617,0.9972,0.0422,0,0.137,-0.0504,0.9893,0,0,13.6396,-1.2923,1]},
{"frame":6,"values":[0.9899,-0.0507,-0.1321,0,0.0564,0.9976,0.0395,0,0.1298,-0.0466,0.9904,0,0,13.6396,-1.2923,1]},
{"frame":7,"values":[0.9924,-0.0487,-0.1131,0,0.0537,0.9977,0.0419,0,0.1108,-0.0477,0.9927,0,0,13.6396,-1.2923,1]},
{"frame":8,"values":[0.9952,-0.0475,-0.0861,0,0.0518,0.9975,0.0482,0,0.0836,-0.0525,0.9951,0,0,13.6396,-1.2923,1]},
{"frame":9,"values":[0.997,-0.0446,-0.0631,0,0.048,0.9974,0.0544,0,0.0605,-0.0572,0.9965,0,0,13.6396,-1.2923,1]},
{"frame":10,"values":[0.9982,-0.0366,-0.0482,0,0.0393,0.9976,0.0563,0,0.046,-0.0581,0.9972,0,0,13.6396,-1.2923,1]},
{"frame":11,"values":[0.9992,-0.0215,-0.0343,0,0.0234,0.9983,0.0534,0,0.0331,-0.0541,0.998,0,0,13.6396,-1.2923,1]},
{"frame":12,"values":[0.9998,-0.0061,-0.0195,0,0.0071,0.9988,0.0492,0,0.0192,-0.0494,0.9986,0,0,13.6396,-1.2923,1]},
{"frame":13,"values":[1,-0.0022,-0.0096,0,0.0026,0.9989,0.0473,0,0.0095,-0.0473,0.9988,0,0,13.6396,-1.2923,1]},
{"frame":14,"values":[0.9999,-0.0091,-0.0126,0,0.0097,0.9988,0.0475,0,0.0122,-0.0476,0.9988,0,0,13.6396,-1.2923,1]},
{"frame":15,"values":[0.9995,-0.0148,-0.0286,0,0.0162,0.9987,0.0493,0,0.0278,-0.0498,0.9984,0,0,13.6396,-1.2923,1]},
{"frame":16,"values":[0.9985,-0.0162,-0.0514,0,0.0189,0.9984,0.0539,0,0.0504,-0.0547,0.9972,0,0,13.6396,-1.2923,1]},
{"frame":17,"values":[0.997,-0.0198,-0.0743,0,0.0243,0.9979,0.0599,0,0.0729,-0.0615,0.9954,0,0,13.6396,-1.2923,1]}],"loopBehavior":1,"name":"anim","property":"_matrix"}},
{"name":"boss:Neck","index":4,"matrix":[0.998,0.0116,-0.0625,0,-0.0129,0.9997,-0.021,0,0.0622,0.0217,0.9978,0,0,13.8774,-4.3542,1],"rest":[1,0,0,0,0,1,0,0,0,0,1,0,0,13.8774,-4.3542,1],"parentBoneIndex":3,"length":4.4379
,"animation":{"dataType":3,"framePerSecond":24,"keys":[
{"frame":1,"values":[0.998,0.0116,-0.0625,0,-0.0129,0.9997,-0.021,0,0.0622,0.0217,0.9978,0,0,13.8774,-4.3542,1]},
{"frame":2,"values":[0.9984,0.0206,-0.0524,0,-0.0217,0.9996,-0.0198,0,0.052,0.0209,0.9984,0,0,13.8774,-4.3542,1]},
{"frame":3,"values":[0.9987,0.0288,-0.0409,0,-0.0293,0.9995,-0.0117,0,0.0405,0.0129,0.9991,0,0,13.8774,-4.3542,1]},
{"frame":4,"values":[0.999,0.0323,-0.0308,0,-0.0323,0.9995,-0.0004,0,0.0308,0.0014,0.9995,0,0,13.8774,-4.3542,1]},
{"frame":5,"values":[0.9991,0.0342,-0.0257,0,-0.034,0.9994,0.0082,0,0.0259,-0.0073,0.9996,0,0,13.8774,-4.3542,1]},
{"frame":6,"values":[0.9989,0.0365,-0.0286,0,-0.0363,0.9993,0.0088,0,0.0289,-0.0077,0.9996,0,0,13.8774,-4.3542,1]},
{"frame":7,"values":[0.9987,0.0332,-0.0398,0,-0.0332,0.9994,0.0014,0,0.0398,-0.0001,0.9992,0,0,13.8774,-4.3542,1]},
{"frame":8,"values":[0.9983,0.023,-0.0534,0,-0.0234,0.9997,-0.0074,0,0.0532,0.0087,0.9985,0,0,13.8774,-4.3542,1]},
{"frame":9,"values":[0.998,0.0167,-0.0611,0,-0.0173,0.9998,-0.0106,0,0.0609,0.0116,0.9981,0,0,13.8774,-4.3542,1]},
{"frame":10,"values":[0.9977,0.0166,-0.0653,0,-0.0171,0.9998,-0.008,0,0.0652,0.0091,0.9978,0,0,13.8774,-4.3542,1]},
{"frame":11,"values":[0.9972,0.0135,-0.0731,0,-0.014,0.9999,-0.006,0,0.0731,0.007,0.9973,0,0,13.8774,-4.3542,1]},
{"frame":12,"values":[0.9965,0.0062,-0.0838,0,-0.007,0.9999,-0.01,0,0.0837,0.0105,0.9964,0,0,13.8774,-4.3542,1]},
{"frame":13,"values":[0.9959,0.0012,-0.091,0,-0.0028,0.9999,-0.017,0,0.0909,0.0172,0.9957,0,0,13.8774,-4.3542,1]},
{"frame":14,"values":[0.996,0.002,-0.0897,0,-0.0037,0.9998,-0.0188,0,0.0897,0.0191,0.9958,0,0,13.8774,-4.3542,1]},
{"frame":15,"values":[0.9966,0.0052,-0.0817,0,-0.0065,0.9999,-0.0156,0,0.0817,0.0161,0.9965,0,0,13.8774,-4.3542,1]},
{"frame":16,"values":[0.9974,0.0083,-0.0715,0,-0.0094,0.9998,-0.0154,0,0.0714,0.016,0.9973,0,0,13.8774,-4.3542,1]},
{"frame":17,"values":[0.998,0.0116,-0.0625,0,-0.0129,0.9997,-0.021,0,0.0622,0.0217,0.9978,0,0,13.8774,-4.3542,1]}],"loopBehavior":1,"name":"anim","property":"_matrix"}},
{"name":"boss:Neck1","index":5,"matrix":[0.998,0.0116,-0.0625,0,-0.0129,0.9997,-0.021,0,0.0622,0.0217,0.9978,0,0,4.34,0.9269,1],"rest":[1,0,0,0,0,1,0,0,0,0,1,0,0,4.34,0.9269,1],"parentBoneIndex":4,"length":4.1171
,"animation":{"dataType":3,"framePerSecond":24,"keys":[
{"frame":1,"values":[0.998,0.0116,-0.0625,0,-0.0129,0.9997,-0.021,0,0.0622,0.0217,0.9978,0,0,4.34,0.9269,1]},
{"frame":2,"values":[0.9984,0.0206,-0.0524,0,-0.0217,0.9996,-0.0198,0,0.052,0.0209,0.9984,0,0,4.34,0.9269,1]},
{"frame":3,"values":[0.9987,0.0288,-0.0409,0,-0.0293,0.9995,-0.0117,0,0.0405,0.0129,0.9991,0,0,4.34,0.9269,1]},
{"frame":4,"values":[0.999,0.0323,-0.0308,0,-0.0323,0.9995,-0.0004,0,0.0308,0.0014,0.9995,0,0,4.34,0.9269,1]},
{"frame":5,"values":[0.9991,0.0342,-0.0257,0,-0.034,0.9994,0.0082,0,0.0259,-0.0073,0.9996,0,0,4.34,0.9269,1]},
{"frame":6,"values":[0.9989,0.0365,-0.0286,0,-0.0363,0.9993,0.0088,0,0.0289,-0.0077,0.9996,0,0,4.34,0.9269,1]},
{"frame":7,"values":[0.9987,0.0332,-0.0398,0,-0.0332,0.9994,0.0014,0,0.0398,-0.0001,0.9992,0,0,4.34,0.9269,1]},
{"frame":8,"values":[0.9983,0.023,-0.0534,0,-0.0234,0.9997,-0.0074,0,0.0532,0.0087,0.9985,0,0,4.34,0.9269,1]},
{"frame":9,"values":[0.998,0.0167,-0.0611,0,-0.0173,0.9998,-0.0106,0,0.0609,0.0116,0.9981,0,0,4.34,0.9269,1]},
{"frame":10,"values":[0.9977,0.0166,-0.0653,0,-0.0171,0.9998,-0.008,0,0.0652,0.0091,0.9978,0,0,4.34,0.9269,1]},
{"frame":11,"values":[0.9972,0.0135,-0.0731,0,-0.014,0.9999,-0.006,0,0.0731,0.007,0.9973,0,0,4.34,0.9269,1]},
{"frame":12,"values":[0.9965,0.0062,-0.0838,0,-0.007,0.9999,-0.01,0,0.0837,0.0105,0.9964,0,0,4.34,0.9269,1]},
{"frame":13,"values":[0.9959,0.0012,-0.0909,0,-0.0028,0.9999,-0.017,0,0.0909,0.0172,0.9957,0,0,4.34,0.9269,1]},
{"frame":14,"values":[0.996,0.002,-0.0897,0,-0.0037,0.9998,-0.0188,0,0.0897,0.0191,0.9958,0,0,4.34,0.9269,1]},
{"frame":15,"values":[0.9966,0.0052,-0.0817,0,-0.0065,0.9999,-0.0156,0,0.0817,0.0161,0.9965,0,0,4.34,0.9269,1]},
{"frame":16,"values":[0.9974,0.0083,-0.0715,0,-0.0094,0.9998,-0.0154,0,0.0714,0.016,0.9973,0,0,4.34,0.9269,1]},
{"frame":17,"values":[0.998,0.0116,-0.0625,0,-0.0129,0.9997,-0.021,0,0.0622,0.0217,0.9978,0,0,4.34,0.9269,1]}],"loopBehavior":1,"name":"anim","property":"_matrix"}},
{"name":"boss:Head","index":6,"matrix":[0.998,0.0116,-0.0625,0,-0.0129,0.9997,-0.021,0,0.0622,0.0217,0.9978,0,0,4.0266,0.8585,1],"rest":[1,0,0,0,0,1,0,0,0,0,1,0,0,4.0266,0.8585,1],"parentBoneIndex":5,"length":4.1171
,"animation":{"dataType":3,"framePerSecond":24,"keys":[
{"frame":1,"values":[0.998,0.0116,-0.0625,0,-0.0129,0.9997,-0.021,0,0.0622,0.0217,0.9978,0,0,4.0266,0.8585,1]},
{"frame":2,"values":[0.9984,0.0206,-0.0524,0,-0.0216,0.9996,-0.0198,0,0.052,0.0209,0.9984,0,0,4.0266,0.8585,1]},
{"frame":3,"values":[0.9987,0.0288,-0.0409,0,-0.0293,0.9995,-0.0117,0,0.0405,0.0129,0.9991,0,0,4.0266,0.8585,1]},
{"frame":4,"values":[0.999,0.0323,-0.0308,0,-0.0323,0.9995,-0.0004,0,0.0308,0.0014,0.9995,0,0,4.0266,0.8585,1]},
{"frame":5,"values":[0.9991,0.0342,-0.0257,0,-0.034,0.9994,0.0082,0,0.0259,-0.0073,0.9996,0,0,4.0266,0.8585,1]},
{"frame":6,"values":[0.9989,0.0365,-0.0286,0,-0.0363,0.9993,0.0088,0,0.0289,-0.0077,0.9996,0,0,4.0266,0.8585,1]},
{"frame":7,"values":[0.9987,0.0332,-0.0398,0,-0.0332,0.9994,0.0014,0,0.0398,-0.0001,0.9992,0,0,4.0266,0.8585,1]},
{"frame":8,"values":[0.9983,0.023,-0.0534,0,-0.0234,0.9997,-0.0074,0,0.0532,0.0087,0.9985,0,0,4.0266,0.8585,1]},
{"frame":9,"values":[0.998,0.0167,-0.0611,0,-0.0173,0.9998,-0.0106,0,0.0609,0.0116,0.9981,0,0,4.0266,0.8585,1]},
{"frame":10,"values":[0.9977,0.0166,-0.0653,0,-0.0171,0.9998,-0.008,0,0.0652,0.0091,0.9978,0,0,4.0266,0.8585,1]},
{"frame":11,"values":[0.9972,0.0135,-0.0731,0,-0.014,0.9999,-0.006,0,0.0731,0.007,0.9973,0,0,4.0266,0.8585,1]},
{"frame":12,"values":[0.9965,0.0062,-0.0838,0,-0.007,0.9999,-0.01,0,0.0837,0.0105,0.9964,0,0,4.0266,0.8585,1]},
{"frame":13,"values":[0.9959,0.0012,-0.0909,0,-0.0028,0.9999,-0.017,0,0.0909,0.0172,0.9957,0,0,4.0266,0.8585,1]},
{"frame":14,"values":[0.996,0.002,-0.0897,0,-0.0037,0.9998,-0.0188,0,0.0897,0.0191,0.9958,0,0,4.0266,0.8585,1]},
{"frame":15,"values":[0.9966,0.0052,-0.0817,0,-0.0065,0.9999,-0.0156,0,0.0817,0.0161,0.9965,0,0,4.0266,0.8585,1]},
{"frame":16,"values":[0.9974,0.0083,-0.0715,0,-0.0094,0.9998,-0.0154,0,0.0714,0.016,0.9973,0,0,4.0266,0.8585,1]},
{"frame":17,"values":[0.998,0.0116,-0.0625,0,-0.0129,0.9997,-0.021,0,0.0622,0.0217,0.9978,0,0,4.0266,0.8585,1]}],"loopBehavior":1,"name":"anim","property":"_matrix"}},
{"name":"boss:LeftShoulder","index":7,"matrix":[0.9764,-0.2127,-0.0381,0,0.213,0.9771,0.0032,0,0.0366,-0.0113,0.9993,0,6.1442,10.187,-3.7932,1],"rest":[1,0,0,0,0,1,0,0,0,0,1,0,6.1442,10.187,-3.7932,1],"parentBoneIndex":3,"length":12.4986
,"animation":{"dataType":3,"framePerSecond":24,"keys":[
{"frame":1,"values":[0.9764,-0.2127,-0.0381,0,0.213,0.9771,0.0032,0,0.0366,-0.0113,0.9993,0,6.1442,10.187,-3.7932,1]},
{"frame":2,"values":[0.9786,-0.1779,-0.1037,0,0.178,0.984,-0.0084,0,0.1036,-0.0103,0.9946,0,6.1442,10.187,-3.7932,1]},
{"frame":3,"values":[0.981,-0.0953,-0.1689,0,0.0937,0.9954,-0.0172,0,0.1697,0.001,0.9855,0,6.1442,10.187,-3.7932,1]},
{"frame":4,"values":[0.9794,0.0052,-0.202,0,-0.0093,0.9998,-0.0197,0,0.2019,0.0212,0.9792,0,6.1442,10.187,-3.7932,1]},
{"frame":5,"values":[0.9773,0.0732,-0.1986,0,-0.0786,0.9967,-0.0192,0,0.1966,0.0344,0.9799,0,6.1442,10.187,-3.7932,1]},
{"frame":6,"values":[0.9819,0.0713,-0.1756,0,-0.076,0.9969,-0.0199,0,0.1737,0.0329,0.9843,0,6.1442,10.187,-3.7932,1]},
{"frame":7,"values":[0.99,-0.0103,-0.1407,0,0.0078,0.9998,-0.0188,0,0.1409,0.0175,0.9899,0,6.1442,10.187,-3.7932,1]},
{"frame":8,"values":[0.9855,-0.1536,-0.0722,0,0.1536,0.9881,-0.0056,0,0.0722,-0.0055,0.9974,0,6.1442,10.187,-3.7932,1]},
{"frame":9,"values":[0.9612,-0.2743,0.0275,0,0.2739,0.9616,0.0203,0,-0.032,-0.0119,0.9994,0,6.1442,10.187,-3.7932,1]},
{"frame":10,"values":[0.9475,-0.302,0.105,0,0.2995,0.9533,0.0395,0,-0.112,-0.006,0.9937,0,6.1442,10.187,-3.7932,1]},
{"frame":11,"values":[0.9572,-0.2631,0.1206,0,0.2601,0.9648,0.04,0,-0.1269,-0.0069,0.9919,0,6.1442,10.187,-3.7932,1]},
{"frame":12,"values":[0.9734,-0.2137,0.0825,0,0.2121,0.9769,0.0277,0,-0.0865,-0.0095,0.9962,0,6.1442,10.187,-3.7932,1]},
{"frame":13,"values":[0.9811,-0.1907,0.0341,0,0.1902,0.9816,0.0162,0,-0.0366,-0.0094,0.9993,0,6.1442,10.187,-3.7932,1]},
{"frame":14,"values":[0.9808,-0.1946,0.0112,0,0.1945,0.9808,0.0122,0,-0.0133,-0.0098,0.9999,0,6.1442,10.187,-3.7932,1]},
{"frame":15,"values":[0.9788,-0.2045,0.008,0,0.2044,0.9788,0.0123,0,-0.0104,-0.0104,0.9999,0,6.1442,10.187,-3.7932,1]},
{"frame":16,"values":[0.9776,-0.2104,-0.0038,0,0.2104,0.9776,0.0101,0,0.0015,-0.0107,0.9999,0,6.1442,10.187,-3.7932,1]},
{"frame":17,"values":[0.9764,-0.2127,-0.0381,0,0.213,0.9771,0.0032,0,0.0366,-0.0113,0.9993,0,6.1442,10.187,-3.7932,1]}],"loopBehavior":1,"name":"anim","property":"_matrix"}},
{"name":"boss:LeftArm","index":8,"matrix":[0.7017,-0.7082,-0.0784,0,0.706,0.6762,0.2105,0,-0.096,-0.2031,0.9744,0,12.3191,-1.113,-1.7935,1],"rest":[1,0,0,0,0,1,0,0,0,0,1,0,12.3191,-1.113,-1.7935,1],"parentBoneIndex":7,"length":27.687
,"animation":{"dataType":3,"framePerSecond":24,"keys":[
{"frame":1,"values":[0.7017,-0.7082,-0.0784,0,0.706,0.6762,0.2105,0,-0.096,-0.2031,0.9744,0,12.3191,-1.113,-1.7935,1]},
{"frame":2,"values":[0.6572,-0.7137,-0.2423,0,0.7537,0.6248,0.2038,0,0.006,-0.3165,0.9486,0,12.3191,-1.113,-1.7935,1]},
{"frame":3,"values":[0.5965,-0.682,-0.4232,0,0.7971,0.565,0.2131,0,0.0938,-0.4644,0.8806,0,12.3191,-1.113,-1.7935,1]},
{"frame":4,"values":[0.5268,-0.6333,-0.5669,0,0.8356,0.5081,0.2088,0,0.1558,-0.5837,0.7969,0,12.3191,-1.113,-1.7935,1]},
{"frame":5,"values":[0.4778,-0.6047,-0.6373,0,0.8569,0.4805,0.1865,0,0.1934,-0.6352,0.7477,0,12.3191,-1.113,-1.7935,1]},
{"frame":6,"values":[0.4568,-0.6191,-0.6388,0,0.865,0.4767,0.1566,0,0.2075,-0.6241,0.7533,0,12.3191,-1.113,-1.7935,1]},
{"frame":7,"values":[0.4702,-0.6611,-0.5847,0,0.857,0.5004,0.1234,0,0.211,-0.5591,0.8018,0,12.3191,-1.113,-1.7935,1]},
{"frame":8,"values":[0.5634,-0.6917,-0.4518,0,0.8046,0.5835,0.11,0,0.1875,-0.4255,0.8853,0,12.3191,-1.113,-1.7935,1]},
{"frame":9,"values":[0.7041,-0.672,-0.2294,0,0.7068,0.6945,0.1347,0,0.0688,-0.257,0.964,0,12.3191,-1.113,-1.7935,1]},
{"frame":10,"values":[0.7931,-0.6085,0.0263,0,0.5936,0.782,0.1902,0,-0.1363,-0.1353,0.9814,0,12.3191,-1.113,-1.7935,1]},
{"frame":11,"values":[0.8172,-0.5364,0.2109,0,0.4902,0.8392,0.2352,0,-0.3032,-0.0888,0.9488,0,12.3191,-1.113,-1.7935,1]},
{"frame":12,"values":[0.8235,-0.4725,0.314,0,0.4189,0.8797,0.2251,0,-0.3826,-0.0539,0.9223,0,12.3191,-1.113,-1.7935,1]},
{"frame":13,"values":[0.8238,-0.4354,0.3631,0,0.3992,0.9002,0.1738,0,-0.4025,0.0018,0.9154,0,12.3191,-1.113,-1.7935,1]},
{"frame":14,"values":[0.819,-0.4725,0.3256,0,0.4468,0.8811,0.1548,0,-0.36,0.0187,0.9328,0,12.3191,-1.113,-1.7935,1]},
{"frame":15,"values":[0.7972,-0.5682,0.204,0,0.5375,0.8219,0.1886,0,-0.2749,-0.0407,0.9606,0,12.3191,-1.113,-1.7935,1]},
{"frame":16,"values":[0.7509,-0.6582,0.0543,0,0.634,0.7414,0.2201,0,-0.1851,-0.1308,0.974,0,12.3191,-1.113,-1.7935,1]},
{"frame":17,"values":[0.7017,-0.7082,-0.0784,0,0.706,0.6762,0.2105,0,-0.096,-0.2031,0.9744,0,12.3191,-1.113,-1.7935,1]}],"loopBehavior":1,"name":"anim","property":"_matrix"}},
{"name":"boss:LeftForeArm","index":9,"matrix":[0.4989,0,0.8666,0,0,1,0,0,-0.8666,0,0.4989,0,27.687,0,0,1],"rest":[1,0,0,0,0,1,0,0,0,0,1,0,27.687,0,0,1],"parentBoneIndex":8,"length":27.8738
,"animation":{"dataType":3,"framePerSecond":24,"keys":[
{"frame":1,"values":[0.4989,0,0.8666,0,0,1,0,0,-0.8666,0,0.4989,0,27.687,0,0,1]},
{"frame":2,"values":[0.6356,0,0.772,0,0,1,0,0,-0.772,0,0.6356,0,27.687,0,0,1]},
{"frame":3,"values":[0.6521,0,0.7582,0,0,1,0,0,-0.7582,0,0.6521,0,27.687,0,0,1]},
{"frame":4,"values":[0.5874,0,0.8093,0,0,1,0,0,-0.8093,0,0.5874,0,27.687,0,0,1]},
{"frame":5,"values":[0.5267,0,0.8501,0,0,1,0,0,-0.8501,0,0.5267,0,27.687,0,0,1]},
{"frame":6,"values":[0.497,0,0.8677,0,0,1,0,0,-0.8677,0,0.497,0,27.687,0,0,1]},
{"frame":7,"values":[0.4676,0,0.8839,0,0,1,0,0,-0.8839,0,0.4676,0,27.687,0,0,1]},
{"frame":8,"values":[0.4465,0,0.8948,0,0,1,0,0,-0.8948,0,0.4465,0,27.687,0,0,1]},
{"frame":9,"values":[0.4452,0,0.8954,0,0,1,0,0,-0.8954,0,0.4452,0,27.687,0,0,1]},
{"frame":10,"values":[0.4104,0,0.9119,0,0,1,0,0,-0.9119,0,0.4104,0,27.687,0,0,1]},
{"frame":11,"values":[0.3071,0,0.9517,0,0,1,0,0,-0.9517,0,0.3071,0,27.687,0,0,1]},
{"frame":12,"values":[0.1797,0,0.9837,0,0,1,0,0,-0.9837,0,0.1797,0,27.687,0,0,1]},
{"frame":13,"values":[0.0935,0,0.9956,0,0,1,0,0,-0.9956,0,0.0935,0,27.687,0,0,1]},
{"frame":14,"values":[0.0794,0,0.9968,0,0,1,0,0,-0.9968,0,0.0794,0,27.687,0,0,1]},
{"frame":15,"values":[0.1415,0,0.9899,0,0,1,0,0,-0.9899,0,0.1415,0,27.687,0,0,1]},
{"frame":16,"values":[0.2937,0,0.9559,0,0,1,0,0,-0.9559,0,0.2937,0,27.687,0,0,1]},
{"frame":17,"values":[0.4989,0,0.8666,0,0,1,0,0,-0.8666,0,0.4989,0,27.687,0,0,1]}],"loopBehavior":1,"name":"anim","property":"_matrix"}},
{"name":"boss:LeftHand","index":10,"matrix":[0.9884,0.0432,0.1453,0,-0.108,0.8734,0.4749,0,-0.1064,-0.4851,0.868,0,27.8738,0,0,1],"rest":[0.9974,-0.0541,-0.0467,0,0.0586,0.9932,0.1006,0,0.041,-0.1031,0.9938,0,27.8738,0,0,1],"parentBoneIndex":9,"length":9.2395
,"animation":{"dataType":3,"framePerSecond":24,"keys":[
{"frame":1,"values":[0.9884,0.0432,0.1453,0,-0.108,0.8734,0.4749,0,-0.1064,-0.4851,0.868,0,27.8738,0,0,1]},
{"frame":2,"values":[0.9607,0.0482,0.2733,0,-0.1966,0.8131,0.5479,0,-0.1958,-0.5801,0.7907,0,27.8738,0,0,1]},
{"frame":3,"values":[0.9225,0.1007,0.3727,0,-0.308,0.7739,0.5533,0,-0.2327,-0.6252,0.7449,0,27.8738,0,0,1]},
{"frame":4,"values":[0.9201,0.1251,0.3711,0,-0.3267,0.7678,0.5512,0,-0.216,-0.6284,0.7473,0,27.8738,0,0,1]},
{"frame":5,"values":[0.948,0.0908,0.3051,0,-0.2609,0.7708,0.5812,0,-0.1824,-0.6305,0.7544,0,27.8738,0,0,1]},
{"frame":6,"values":[0.9728,0.0384,0.2283,0,-0.1755,0.7651,0.6196,0,-0.1509,-0.6428,0.751,0,27.8738,0,0,1]},
{"frame":7,"values":[0.99,-0.0198,0.1393,0,-0.0746,0.7659,0.6387,0,-0.1194,-0.6427,0.7568,0,27.8738,0,0,1]},
{"frame":8,"values":[0.9897,-0.1372,0.0406,0,0.0803,0.7673,0.6362,0,-0.1185,-0.6264,0.7704,0,27.8738,0,0,1]},
{"frame":9,"values":[0.9599,-0.28,-0.0132,0,0.2326,0.7691,0.5953,0,-0.1565,-0.5745,0.8034,0,27.8738,0,0,1]},
{"frame":10,"values":[0.9231,-0.3843,-0.0109,0,0.3387,0.7995,0.496,0,-0.1819,-0.4615,0.8683,0,27.8738,0,0,1]},
{"frame":11,"values":[0.8944,-0.4473,-0.0017,0,0.414,0.8264,0.3816,0,-0.1693,-0.342,0.9243,0,27.8738,0,0,1]},
{"frame":12,"values":[0.9216,-0.3871,0.0273,0,0.3586,0.8764,0.3215,0,-0.1484,-0.2865,0.9465,0,27.8738,0,0,1]},
{"frame":13,"values":[0.9862,-0.1285,0.1044,0,0.0902,0.9457,0.3124,0,-0.1389,-0.2986,0.9442,0,27.8738,0,0,1]},
{"frame":14,"values":[0.9675,0.1739,0.1834,0,-0.2254,0.922,0.3147,0,-0.1144,-0.3458,0.9313,0,27.8738,0,0,1]},
{"frame":15,"values":[0.942,0.2729,0.1954,0,-0.3249,0.8873,0.3273,0,-0.084,-0.3718,0.9245,0,27.8738,0,0,1]},
{"frame":16,"values":[0.9731,0.1704,0.1553,0,-0.2182,0.898,0.382,0,-0.0743,-0.4056,0.911,0,27.8738,0,0,1]},
{"frame":17,"values":[0.9884,0.0432,0.1453,0,-0.108,0.8734,0.4748,0,-0.1064,-0.4851,0.868,0,27.8738,0,0,1]}],"loopBehavior":1,"name":"anim","property":"_matrix"}},
{"name":"boss:LeftHandThumb1","index":11,"matrix":[0.9762,-0.1955,0.0943,0,0.1916,0.9803,0.0489,0,-0.102,-0.0297,0.9943,0,2.3785,-1.0029,2.6209,1],"rest":[0.9909,-0.0858,-0.104,0,0.0965,0.9901,0.102,0,0.0942,-0.1111,0.9893,0,2.3785,-1.0029,2.6209,1],"parentBoneIndex":10,"length":4.514
,"animation":{"dataType":3,"framePerSecond":24,"keys":[
{"frame":1,"values":[0.9762,-0.1955,0.0943,0,0.1916,0.9803,0.0489,0,-0.102,-0.0297,0.9943,0,2.3785,-1.0029,2.6209,1]},
{"frame":2,"values":[0.9797,-0.1895,0.0647,0,0.1862,0.981,0.054,0,-0.0737,-0.0408,0.9964,0,2.3785,-1.0029,2.6209,1]},
{"frame":3,"values":[0.9829,-0.1818,0.0283,0,0.1799,0.9818,0.0604,0,-0.0387,-0.0543,0.9978,0,2.3785,-1.0029,2.6209,1]},
{"frame":4,"values":[0.9849,-0.1723,-0.0133,0,0.1728,0.9826,0.068,0,0.0013,-0.0693,0.9976,0,2.3785,-1.0029,2.6209,1]},
{"frame":5,"values":[0.9852,-0.162,-0.0557,0,0.166,0.9832,0.0761,0,0.0425,-0.0842,0.9955,0,2.3785,-1.0029,2.6209,1]},
{"frame":6,"values":[0.9838,-0.1518,-0.0951,0,0.1599,0.9836,0.0838,0,0.0808,-0.0977,0.9919,0,2.3785,-1.0029,2.6209,1]},
{"frame":7,"values":[0.9814,-0.1427,-0.1285,0,0.1549,0.9838,0.0907,0,0.1135,-0.1089,0.9876,0,2.3785,-1.0029,2.6209,1]},
{"frame":8,"values":[0.9787,-0.1353,-0.1542,0,0.1512,0.9838,0.096,0,0.1387,-0.1173,0.9834,0,2.3785,-1.0029,2.6209,1]},
{"frame":9,"values":[0.977,-0.1312,-0.1682,0,0.1492,0.9838,0.099,0,0.1525,-0.1218,0.9808,0,2.3785,-1.0029,2.6209,1]},
{"frame":10,"values":[0.9789,-0.1359,-0.1526,0,0.1515,0.9838,0.0957,0,0.1371,-0.1168,0.9837,0,2.3785,-1.0029,2.6209,1]},
{"frame":11,"values":[0.9837,-0.1514,-0.0967,0,0.1596,0.9836,0.0842,0,0.0824,-0.0982,0.9917,0,2.3785,-1.0029,2.6209,1]},
{"frame":12,"values":[0.9849,-0.1729,-0.0109,0,0.1732,0.9826,0.0676,0,-0.001,-0.0684,0.9977,0,2.3785,-1.0029,2.6209,1]},
{"frame":13,"values":[0.9791,-0.1907,0.0702,0,0.1872,0.9809,0.053,0,-0.0789,-0.0388,0.9961,0,2.3785,-1.0029,2.6209,1]},
{"frame":14,"values":[0.9729,-0.1997,0.1166,0,0.1957,0.9796,0.0452,0,-0.1232,-0.0212,0.9922,0,2.3785,-1.0029,2.6209,1]},
{"frame":15,"values":[0.9711,-0.2017,0.1273,0,0.1977,0.9793,0.0434,0,-0.1334,-0.017,0.9909,0,2.3785,-1.0029,2.6209,1]},
{"frame":16,"values":[0.9732,-0.1994,0.1148,0,0.1954,0.9797,0.0455,0,-0.1216,-0.0219,0.9923,0,2.3785,-1.0029,2.6209,1]},
{"frame":17,"values":[0.9762,-0.1955,0.0943,0,0.1916,0.9803,0.0489,0,-0.102,-0.0297,0.9943,0,2.3785,-1.0029,2.6209,1]}],"loopBehavior":1,"name":"anim","property":"_matrix"}},
{"name":"boss:LeftHandThumb2","index":12,"matrix":[0.9652,0.2433,0.0955,0,-0.2425,0.9699,-0.0208,0,-0.0977,-0.003,0.9952,0,3.3624,-1.0029,2.8398,1],"rest":[0.9723,0.0085,0.2336,0,0.008,0.9975,-0.0699,0,-0.2336,0.0698,0.9698,0,3.3624,-1.0029,2.8398,1],"parentBoneIndex":11,"length":5.1787
,"animation":{"dataType":3,"framePerSecond":24,"keys":[
{"frame":1,"values":[0.9652,0.2433,0.0955,0,-0.2425,0.9699,-0.0208,0,-0.0977,-0.003,0.9952,0,3.3624,-1.0029,2.8398,1]},
{"frame":2,"values":[0.9676,0.2433,0.0678,0,-0.2425,0.9699,-0.0208,0,-0.0708,0.0037,0.9975,0,3.3624,-1.0029,2.8398,1]},
{"frame":3,"values":[0.9694,0.2431,0.0337,0,-0.2425,0.9699,-0.0208,0,-0.0378,0.012,0.9992,0,3.3624,-1.0029,2.8398,1]},
{"frame":4,"values":[0.9702,0.2424,-0.0052,0,-0.2425,0.9699,-0.0208,0,0,0.0215,0.9998,0,3.3624,-1.0029,2.8398,1]},
{"frame":5,"values":[0.9694,0.2414,-0.0451,0,-0.2425,0.9699,-0.0208,0,0.0387,0.0311,0.9988,0,3.3624,-1.0029,2.8398,1]},
{"frame":6,"values":[0.9673,0.2401,-0.0822,0,-0.2425,0.9699,-0.0208,0,0.0747,0.0401,0.9964,0,3.3624,-1.0029,2.8398,1]},
{"frame":7,"values":[0.9644,0.2387,-0.1138,0,-0.2425,0.9699,-0.0208,0,0.1054,0.0477,0.9933,0,3.3624,-1.0029,2.8398,1]},
{"frame":8,"values":[0.9615,0.2374,-0.1381,0,-0.2424,0.9699,-0.0208,0,0.129,0.0535,0.9902,0,3.3624,-1.0029,2.8398,1]},
{"frame":9,"values":[0.9597,0.2367,-0.1514,0,-0.2425,0.9699,-0.0208,0,0.1419,0.0567,0.9883,0,3.3624,-1.0029,2.8398,1]},
{"frame":10,"values":[0.9617,0.2376,-0.1365,0,-0.2425,0.9699,-0.0208,0,0.1274,0.0531,0.9904,0,3.3624,-1.0029,2.8398,1]},
{"frame":11,"values":[0.9672,0.24,-0.0837,0,-0.2425,0.9699,-0.0208,0,0.0762,0.0404,0.9963,0,3.3624,-1.0029,2.8398,1]},
{"frame":12,"values":[0.9702,0.2424,-0.003,0,-0.2424,0.97,-0.0208,0,-0.0021,0.0209,0.9998,0,3.3624,-1.0029,2.8398,1]},
{"frame":13,"values":[0.9672,0.2434,0.0729,0,-0.2425,0.9699,-0.0208,0,-0.0758,0.0025,0.9971,0,3.3624,-1.0029,2.8398,1]},
{"frame":14,"values":[0.963,0.2433,0.1163,0,-0.2425,0.9699,-0.0208,0,-0.1179,-0.0081,0.993,0,3.3624,-1.0029,2.8398,1]},
{"frame":15,"values":[0.9617,0.2431,0.1263,0,-0.2425,0.9699,-0.0208,0,-0.1276,-0.0106,0.9918,0,3.3624,-1.0029,2.8398,1]},
{"frame":16,"values":[0.9632,0.2432,0.1146,0,-0.2425,0.9699,-0.0208,0,-0.1163,-0.0077,0.9932,0,3.3624,-1.0029,2.8398,1]},
{"frame":17,"values":[0.9652,0.2433,0.0955,0,-0.2425,0.9699,-0.0208,0,-0.0977,-0.003,0.9952,0,3.3624,-1.0029,2.8398,1]}],"loopBehavior":1,"name":"anim","property":"_matrix"}},
{"name":"boss:LeftHandThumb3","index":13,"matrix":[0.7875,0.1992,0.5832,0,-0.1187,0.9776,-0.1737,0,-0.6048,0.0676,0.7935,0,4.5018,-1.3445,2.1783,1],"rest":[0.9717,-0.2361,0.003,0,0.2343,0.9658,0.111,0,-0.0291,-0.1072,0.9938,0,4.5018,-1.3445,2.1783,1],"parentBoneIndex":12,"length":0.01
,"animation":{"dataType":3,"framePerSecond":24,"keys":[
{"frame":1,"values":[0.7875,0.1992,0.5832,0,-0.1187,0.9776,-0.1737,0,-0.6048,0.0676,0.7935,0,4.5018,-1.3445,2.1783,1]},
{"frame":2,"values":[0.7994,0.1979,0.5673,0,-0.1187,0.9776,-0.1737,0,-0.589,0.0716,0.805,0,4.5018,-1.3445,2.1783,1]},
{"frame":3,"values":[0.8135,0.1961,0.5475,0,-0.1187,0.9776,-0.1737,0,-0.5694,0.0764,0.8185,0,4.5018,-1.3445,2.1783,1]},
{"frame":4,"values":[0.829,0.1939,0.5246,0,-0.1187,0.9776,-0.1737,0,-0.5465,0.0818,0.8335,0,4.5018,-1.3445,2.1783,1]},
{"frame":5,"values":[0.8442,0.1914,0.5006,0,-0.1187,0.9776,-0.1737,0,-0.5227,0.0873,0.8481,0,4.5018,-1.3445,2.1783,1]},
{"frame":6,"values":[0.8578,0.1891,0.4779,0,-0.1187,0.9776,-0.1737,0,-0.5001,0.0923,0.861,0,4.5018,-1.3445,2.1783,1]},
{"frame":7,"values":[0.8689,0.1869,0.4583,0,-0.1187,0.9776,-0.1737,0,-0.4805,0.0966,0.8717,0,4.5018,-1.3445,2.1783,1]},
{"frame":8,"values":[0.8772,0.1852,0.443,0,-0.1187,0.9776,-0.1737,0,-0.4652,0.0998,0.8795,0,4.5018,-1.3445,2.1783,1]},
{"frame":9,"values":[0.8816,0.1842,0.4345,0,-0.1187,0.9776,-0.1737,0,-0.4568,0.1016,0.8837,0,4.5018,-1.3445,2.1783,1]},
{"frame":10,"values":[0.8767,0.1853,0.444,0,-0.1187,0.9776,-0.1737,0,-0.4662,0.0996,0.879,0,4.5018,-1.3445,2.1783,1]},
{"frame":11,"values":[0.8584,0.189,0.477,0,-0.1187,0.9776,-0.1737,0,-0.4991,0.0925,0.8616,0,4.5018,-1.3445,2.1783,1]},
{"frame":12,"values":[0.8281,0.194,0.5259,0,-0.1186,0.9776,-0.1737,0,-0.5478,0.0815,0.8326,0,4.5018,-1.3445,2.1783,1]},
{"frame":13,"values":[0.7972,0.1981,0.5703,0,-0.1187,0.9776,-0.1737,0,-0.5919,0.0708,0.8029,0,4.5018,-1.3445,2.1783,1]},
{"frame":14,"values":[0.7784,0.2002,0.595,0,-0.1187,0.9776,-0.1737,0,-0.6165,0.0646,0.7847,0,4.5018,-1.3445,2.1783,1]},
{"frame":15,"values":[0.7739,0.2007,0.6006,0,-0.1187,0.9776,-0.1737,0,-0.6221,0.0632,0.7804,0,4.5018,-1.3445,2.1783,1]},
{"frame":16,"values":[0.7791,0.2001,0.5941,0,-0.1187,0.9776,-0.1737,0,-0.6155,0.0649,0.7854,0,4.5018,-1.3445,2.1783,1]},
{"frame":17,"values":[0.7875,0.1992,0.5832,0,-0.1187,0.9776,-0.1737,0,-0.6048,0.0676,0.7935,0,4.5018,-1.3445,2.1783,1]}],"loopBehavior":1,"name":"anim","property":"_matrix"}},
{"name":"boss:LeftHandThumb4","index":14,"matrix":[1,0,0,0,0,1,0,0,0,0,1,0,0,0,0,1],"rest":[1,0,0,0,0,1,0,0,0,0,1,0,0,0,0,1],"parentBoneIndex":13,"length":0.01
,"animation":{"dataType":3,"framePerSecond":24,"keys":[
{"frame":1,"values":[1,0,0,0,0,1,0,0,0,0,1,0,0,0,0,1]},
{"frame":17,"values":[1,0,0,0,0,1,0,0,0,0,1,0,0,0,0,1]}],"loopBehavior":1,"name":"anim","property":"_matrix"}},
{"name":"boss:LeftHandMiddle1","index":15,"matrix":[0.9969,-0.0672,0.0407,0,0.0673,0.9977,0,0,-0.0406,0.0027,0.9992,0,10.4639,0.6148,0.4298,1],"rest":[0.9974,0.0586,0.041,0,-0.0586,0.9983,-0.0012,0,-0.041,-0.0012,0.9992,0,10.4639,0.6148,0.4298,1],"parentBoneIndex":10,"length":5.7921
,"animation":{"dataType":3,"framePerSecond":24,"keys":[
{"frame":1,"values":[0.9969,-0.0672,0.0407,0,0.0673,0.9977,0,0,-0.0406,0.0027,0.9992,0,10.4639,0.6148,0.4298,1]},
{"frame":2,"values":[0.9901,-0.132,0.047,0,0.1322,0.9912,0,0,-0.0466,0.0062,0.9989,0,10.4639,0.6148,0.4298,1]},
{"frame":3,"values":[0.9713,-0.2306,0.0579,0,0.231,0.973,0,0,-0.0563,0.0134,0.9983,0,10.4639,0.6148,0.4298,1]},
{"frame":4,"values":[0.9323,-0.3546,0.0716,0,0.3555,0.9347,0,0,-0.067,0.0255,0.9974,0,10.4639,0.6148,0.4298,1]},
{"frame":5,"values":[0.8705,-0.4846,0.0856,0,0.4864,0.8737,0,0,-0.0748,0.0416,0.9963,0,10.4639,0.6148,0.4298,1]},
{"frame":6,"values":[0.7911,-0.6039,0.0977,0,0.6068,0.7949,0,0,-0.0777,0.0593,0.9952,0,10.4639,0.6148,0.4298,1]},
{"frame":7,"values":[0.7063,-0.6997,0.1069,0,0.7038,0.7104,0,0,-0.076,0.0753,0.9943,0,10.4639,0.6148,0.4298,1]},
{"frame":8,"values":[0.6344,-0.7648,0.1125,0,0.7697,0.6385,0,0,-0.0718,0.0866,0.9936,0,10.4639,0.6148,0.4298,1]},
{"frame":9,"values":[0.5926,-0.7972,0.1153,0,0.8025,0.5966,0,0,-0.0688,0.0925,0.9933,0,10.4639,0.6148,0.4298,1]},
{"frame":10,"values":[0.6084,-0.7851,0.1162,0,0.7904,0.6125,0,0,-0.0712,0.0919,0.9932,0,10.4639,0.6148,0.4298,1]},
{"frame":11,"values":[0.6807,-0.7233,0.1165,0,0.7282,0.6853,0,0,-0.0798,0.0848,0.9932,0,10.4639,0.6148,0.4298,1]},
{"frame":12,"values":[0.7802,-0.6149,0.115,0,0.619,0.7854,0,0,-0.0903,0.0712,0.9934,0,10.4639,0.6148,0.4298,1]},
{"frame":13,"values":[0.8698,-0.4813,0.1086,0,0.4842,0.875,0,0,-0.095,0.0526,0.9941,0,10.4639,0.6148,0.4298,1]},
{"frame":14,"values":[0.9382,-0.3336,0.0921,0,0.335,0.9422,-0.0001,0,-0.0867,0.0309,0.9958,0,10.4639,0.6148,0.4298,1]},
{"frame":15,"values":[0.98,-0.1868,0.0683,0,0.1872,0.9823,0,0,-0.0671,0.0128,0.9977,0,10.4639,0.6148,0.4298,1]},
{"frame":16,"values":[0.9949,-0.0884,0.0484,0,0.0885,0.9961,0,0,-0.0482,0.0043,0.9988,0,10.4639,0.6148,0.4298,1]},
{"frame":17,"values":[0.9969,-0.0672,0.0407,0,0.0673,0.9977,0,0,-0.0406,0.0027,0.9992,0,10.4639,0.6148,0.4298,1]}],"loopBehavior":1,"name":"anim","property":"_matrix"}},
{"name":"boss:LeftHandMiddle2","index":16,"matrix":[0.9917,-0.1285,0,0,0.1285,0.9917,0,0,0,0,1,0,5.7921,0,0,1],"rest":[1,0,0,0,0,1,0,0,0,0,1,0,5.7921,0,0,1],"parentBoneIndex":15,"length":3.7132
,"animation":{"dataType":3,"framePerSecond":24,"keys":[
{"frame":1,"values":[0.9917,-0.1285,0,0,0.1285,0.9917,0,0,0,0,1,0,5.7921,0,0,1]},
{"frame":2,"values":[0.981,-0.1942,0,0,0.1942,0.981,0,0,0,0,1,0,5.7921,0,0,1]},
{"frame":3,"values":[0.956,-0.2934,0,0,0.2934,0.956,0,0,0,0,1,0,5.7921,0,0,1]},
{"frame":4,"values":[0.9089,-0.4171,0,0,0.4171,0.9089,0,0,0,0,1,0,5.7921,0,0,1]},
{"frame":5,"values":[0.8382,-0.5454,0,0,0.5454,0.8382,0,0,0,0,1,0,5.7921,0,0,1]},
{"frame":6,"values":[0.75,-0.6615,0,0,0.6615,0.75,0,0,0,0,1,0,5.7921,0,0,1]},
{"frame":7,"values":[0.6577,-0.7533,0,0,0.7533,0.6577,0,0,0,0,1,0,5.7921,0,0,1]},
{"frame":8,"values":[0.5802,-0.8144,0,0,0.8144,0.5802,0,0,0,0,1,0,5.7921,0,0,1]},
{"frame":9,"values":[0.5356,-0.8445,0,0,0.8445,0.5356,0,0,0,0,1,0,5.7921,0,0,1]},
{"frame":10,"values":[0.5527,-0.8334,0,0,0.8334,0.5527,0,0,0,0,1,0,5.7921,0,0,1]},
{"frame":11,"values":[0.6312,-0.7756,0,0,0.7756,0.6312,0,0,0,0,1,0,5.7921,0,0,1]},
{"frame":12,"values":[0.7404,-0.6721,0,0,0.6721,0.7404,0,0,0,0,1,0,5.7921,0,0,1]},
{"frame":13,"values":[0.8405,-0.5419,0,0,0.5419,0.8405,0,0,0,0,1,0,5.7921,0,0,1]},
{"frame":14,"values":[0.9185,-0.3955,0,0,0.3955,0.9185,0,0,0,0,1,0,5.7921,0,0,1]},
{"frame":15,"values":[0.9686,-0.2487,0,0,0.2487,0.9686,0,0,0,0,1,0,5.7921,0,0,1]},
{"frame":16,"values":[0.9887,-0.1498,0,0,0.1498,0.9887,0,0,0,0,1,0,5.7921,0,0,1]},
{"frame":17,"values":[0.9917,-0.1285,0,0,0.1285,0.9917,0,0,0,0,1,0,5.7921,0,0,1]}],"loopBehavior":1,"name":"anim","property":"_matrix"}},
{"name":"boss:LeftHandMiddle3","index":17,"matrix":[0.9689,0.2473,0,0,-0.2473,0.9689,0,0,0,0.0001,1,0,3.7132,0,0,1],"rest":[1,0,0,0,0,1,-0.0001,0,0,0.0001,1,0,3.7132,0,0,1],"parentBoneIndex":16,"length":0.01
,"animation":{"dataType":3,"framePerSecond":24,"keys":[
{"frame":1,"values":[0.9689,0.2473,0,0,-0.2473,0.9689,0,0,0,0.0001,1,0,3.7132,0,0,1]},
{"frame":2,"values":[0.9776,0.2104,0,0,-0.2104,0.9776,0,0,0,0.0001,1,0,3.7132,0,0,1]},
{"frame":3,"values":[0.9882,0.1531,0,0,-0.1531,0.9882,-0.0001,0,0,0.0001,1,0,3.7132,0,0,1]},
{"frame":4,"values":[0.9969,0.0793,0,0,-0.0793,0.9969,-0.0001,0,0,0.0001,1,0,3.7132,0,0,1]},
{"frame":5,"values":[1,-0.0006,0,0,0.0006,1,-0.0001,0,0,0.0001,1,0,3.7132,0,0,1]},
{"frame":6,"values":[0.997,-0.0779,0,0,0.0779,0.997,-0.0001,0,0,0.0001,1,0,3.7132,0,0,1]},
{"frame":7,"values":[0.9894,-0.1453,0,0,0.1453,0.9894,-0.0001,0,0,0.0001,1,0,3.7132,0,0,1]},
{"frame":8,"values":[0.9802,-0.1982,0,0,0.1982,0.9802,0,0,0,0.0001,1,0,3.7132,0,0,1]},
{"frame":9,"values":[0.9738,-0.2275,0,0,0.2275,0.9738,0,0,0,0.0001,1,0,3.7132,0,0,1]},
{"frame":10,"values":[0.9808,-0.1951,0,0,0.1951,0.9808,0,0,0,0.0001,1,0,3.7132,0,0,1]},
{"frame":11,"values":[0.9967,-0.0808,0,0,0.0808,0.9967,-0.0001,0,0,0.0001,1,0,3.7132,0,0,1]},
{"frame":12,"values":[0.9966,0.0821,0,0,-0.0821,0.9966,-0.0001,0,0,0.0001,1,0,3.7132,0,0,1]},
{"frame":13,"values":[0.9776,0.2103,0,0,-0.2103,0.9776,0,0,0,0.0001,1,0,3.7132,0,0,1]},
{"frame":14,"values":[0.9664,0.2571,0,0,-0.2571,0.9664,0,0,0,0.0001,1,0,3.7132,0,0,1]},
{"frame":15,"values":[0.9659,0.2588,0,0,-0.2588,0.9659,0,0,0,0.0001,1,0,3.7132,0,0,1]},
{"frame":16,"values":[0.9668,0.2555,0,0,-0.2555,0.9668,0,0,0,0.0001,1,0,3.7132,0,0,1]},
{"frame":17,"values":[0.9689,0.2473,0,0,-0.2473,0.9689,0,0,0,0.0001,1,0,3.7132,0,0,1]}],"loopBehavior":1,"name":"anim","property":"_matrix"}},
{"name":"boss:LeftHandMiddle4","index":18,"matrix":[1,0,0,0,0,1,0,0,0,0,1,0,0,0,0,1],"rest":[1,0,0,0,0,1,0,0,0,0,1,0,0,0,0,1],"parentBoneIndex":17,"length":0.01
,"animation":{"dataType":3,"framePerSecond":24,"keys":[
{"frame":1,"values":[1,0,0,0,0,1,0,0,0,0,1,0,0,0,0,1]},
{"frame":17,"values":[1,0,0,0,0,1,0,0,0,0,1,0,0,0,0,1]}],"loopBehavior":1,"name":"anim","property":"_matrix"}},
{"name":"boss:LeftHandIndex1","index":19,"matrix":[0.9913,0.0501,0.1215,0,-0.0504,0.9987,0,0,-0.1214,-0.0061,0.9926,0,10.3945,0.6148,2.7055,1],"rest":[0.9974,0.0586,0.041,0,-0.0586,0.9983,-0.0012,0,-0.041,-0.0012,0.9992,0,10.3945,0.6148,2.7055,1],"parentBoneIndex":10,"length":5.5493
,"animation":{"dataType":3,"framePerSecond":24,"keys":[
{"frame":1,"values":[0.9913,0.0501,0.1215,0,-0.0504,0.9987,0,0,-0.1214,-0.0061,0.9926,0,10.3945,0.6148,2.7055,1]},
{"frame":2,"values":[0.9919,-0.0098,0.1268,0,0.0099,1,0,0,-0.1268,0.0013,0.9919,0,10.3945,0.6148,2.7055,1]},
{"frame":3,"values":[0.9857,-0.1033,0.1332,0,0.1042,0.9946,0,0,-0.1325,0.0139,0.9911,0,10.3945,0.6148,2.7055,1]},
