{"producer":{"name":"Blender","version":"2.90.0","exporter_version":"2.80.1","file":"runstrafeleft.babylon"},
"autoClear":true,"clearColor":[0.0509,0.0509,0.0509],"gravity":[0,-9.81,0],
"materials":[{"name":"Material","id":"Material","customType":"BABYLON.PBRMaterial","backFaceCulling":true,"checkReadyOnlyOnce":false,"maxSimultaneousLights":4,"environmentIntensity":1,"albedo":[0.8,0.8,0.8],"reflectivity":[0.5,0.5,0.5],"roughness":0.4,"alpha":1,"transparencyMode":0,"alphaCutOff":0.4,"metallic":0}],
"multiMaterials":[],
"skeletons":[{"name":"Armature","id":0,"dimensionsAtRest":[188.1767,172.4535,15.5905],"bones":[
{"name":"boss:Hips","index":0,"matrix":[0.2855,-0.106,0.9525,0,0.3371,0.9415,0.0037,0,0.8971,-0.32,-0.3046,0,0,86.4826,0,1],"rest":[1,0,0,0,0,1,0,0,0,0,-1,0,0,96.3794,0,1],"parentBoneIndex":-1,"length":9.9032
,"animation":{"dataType":3,"framePerSecond":24,"keys":[
{"frame":1,"values":[0.2855,-0.106,0.9525,0,0.3371,0.9415,0.0037,0,0.8971,-0.32,-0.3046,0,0,86.4826,0,1]},
{"frame":2,"values":[0.284,-0.0869,0.9549,0,0.3305,0.9437,-0.0124,0,0.9001,-0.3191,-0.2967,0,-1.5183,86.4865,0.0051,1]},
{"frame":3,"values":[0.2816,-0.001,0.9595,0,0.3148,0.9447,-0.0914,0,0.9064,-0.3278,-0.2663,0,-2.5959,87.9003,0.5974,1]},
{"frame":4,"values":[0.2519,0.0519,0.9664,0,0.3272,0.9352,-0.1355,0,0.9108,-0.3503,-0.2186,0,-4.0693,88.6839,1.3506,1]},
{"frame":5,"values":[0.2233,0.0237,0.9745,0,0.3499,0.9311,-0.1028,0,0.9098,-0.3639,-0.1996,0,-4.0989,89.1884,1.4645,1]},
{"frame":6,"values":[0.1979,-0.002,0.9802,0,0.3433,0.9368,-0.0674,0,0.9181,-0.3499,-0.186,0,-3.5308,88.7377,1.269,1]},
{"frame":7,"values":[0.1586,0.0182,0.9872,0,0.3305,0.9412,-0.0704,0,0.9304,-0.3374,-0.1433,0,-2.7099,87.9414,1.5119,1]},
{"frame":8,"values":[0.1584,0.0134,0.9873,0,0.3362,0.9394,-0.0667,0,0.9284,-0.3425,-0.1443,0,-3.9277,87.0175,1.7146,1]},
{"frame":9,"values":[0.1509,-0.0003,0.9885,0,0.3469,0.9364,-0.0526,0,0.9257,-0.3509,-0.1414,0,-4.7542,86.6236,1.7148,1]},
{"frame":10,"values":[0.1257,-0.0577,0.9904,0,0.3649,0.931,0.008,0,0.9225,-0.3604,-0.1381,0,-5.2806,87.5582,1.3295,1]},
{"frame":11,"values":[0.128,-0.1133,0.9853,0,0.3662,0.9286,0.0593,0,0.9217,-0.3532,-0.1603,0,-4.9449,88.5553,1.169,1]},
{"frame":12,"values":[0.1632,-0.131,0.9778,0,0.3579,0.9315,0.0651,0,0.9194,-0.3394,-0.199,0,-4.3017,89.1773,1.324,1]},
{"frame":13,"values":[0.2098,-0.0683,0.9754,0,0.331,0.9436,-0.0051,0,0.92,-0.3239,-0.2206,0,-1.2796,88.6888,1.4662,1]},
{"frame":14,"values":[0.2654,-0.0469,0.963,0,0.2952,0.9548,-0.0349,0,0.9178,-0.2936,-0.2673,0,1.4482,88.4358,1.4029,1]},
{"frame":15,"values":[0.274,-0.0666,0.9594,0,0.2855,0.9583,-0.015,0,0.9184,-0.278,-0.2816,0,1.6937,87.9619,0.9936,1]},
{"frame":16,"values":[0.2673,-0.102,0.9582,0,0.3287,0.9444,0.0088,0,0.9058,-0.3126,-0.2859,0,-0.0315,86.4279,0.6317,1]},
{"frame":17,"values":[0.2855,-0.106,0.9525,0,0.3371,0.9415,0.0037,0,0.8971,-0.32,-0.3046,0,0,86.4826,0,1]}],"loopBehavior":1,"name":"anim","property":"_matrix"}},
{"name":"boss:Spine","index":1,"matrix":[0.9858,0.0935,0.1398,0,-0.114,0.9825,0.147,0,-0.1236,-0.1609,0.9792,0,0,9.2263,1.5771,1],"rest":[1,0,0,0,0,1,0,0,0,0,1,0,0,9.2263,1.5771,1],"parentBoneIndex":0,"length":16.2548
,"animation":{"dataType":3,"framePerSecond":24,"keys":[
{"frame":1,"values":[0.9858,0.0935,0.1398,0,-0.114,0.9825,0.147,0,-0.1236,-0.1609,0.9792,0,0,9.2263,1.5771,1]},
{"frame":2,"values":[0.9924,0.0653,0.1045,0,-0.0802,0.9861,0.1453,0,-0.0935,-0.1526,0.9839,0,0,9.2263,1.5771,1]},
{"frame":3,"values":[0.9973,-0.0025,0.0737,0,-0.0069,0.9918,0.1278,0,-0.0735,-0.1279,0.9891,0,0,9.2263,1.5771,1]},
{"frame":4,"values":[0.9983,-0.0426,0.041,0,0.0376,0.9928,0.114,0,-0.0456,-0.1122,0.9926,0,0,9.2263,1.5771,1]},
{"frame":5,"values":[0.9997,-0.0184,0.0153,0,0.0165,0.9932,0.1149,0,-0.0173,-0.1146,0.9933,0,0,9.2263,1.5771,1]},
{"frame":6,"values":[0.9993,0.0203,0.0328,0,-0.0242,0.9921,0.1229,0,-0.0301,-0.1236,0.9919,0,0,9.2263,1.5771,1]},
{"frame":7,"values":[0.9955,0.0276,0.0906,0,-0.0392,0.9909,0.129,0,-0.0862,-0.132,0.9875,0,0,9.2263,1.5771,1]},
{"frame":8,"values":[0.9882,0.0188,0.1522,0,-0.0407,0.989,0.1424,0,-0.1479,-0.1469,0.978,0,0,9.2263,1.5771,1]},
{"frame":9,"values":[0.9787,0.0366,0.2022,0,-0.0683,0.9859,0.1525,0,-0.1938,-0.163,0.9674,0,0,9.2263,1.5771,1]},
{"frame":10,"values":[0.9623,0.1027,0.252,0,-0.1417,0.9797,0.1416,0,-0.2324,-0.172,0.9573,0,0,9.2263,1.5771,1]},
{"frame":11,"values":[0.9378,0.1687,0.3034,0,-0.214,0.9691,0.1227,0,-0.2734,-0.18,0.9449,0,0,9.2263,1.5771,1]},
{"frame":12,"values":[0.9243,0.1699,0.3418,0,-0.2182,0.9699,0.1081,0,-0.3132,-0.1745,0.9335,0,0,9.2263,1.5771,1]},
{"frame":13,"values":[0.9287,0.1215,0.3503,0,-0.166,0.9811,0.0997,0,-0.3315,-0.1508,0.9313,0,0,9.2263,1.5771,1]},
{"frame":14,"values":[0.9455,0.0868,0.3139,0,-0.1251,0.9867,0.1039,0,-0.3008,-0.1375,0.9437,0,0,9.2263,1.5771,1]},
{"frame":15,"values":[0.9654,0.094,0.2432,0,-0.1256,0.9851,0.1176,0,-0.2286,-0.144,0.9628,0,0,9.2263,1.5771,1]},
{"frame":16,"values":[0.9794,0.1103,0.169,0,-0.1335,0.9822,0.1325,0,-0.1514,-0.1523,0.9767,0,0,9.2263,1.5771,1]},
{"frame":17,"values":[0.9858,0.0935,0.1398,0,-0.114,0.9825,0.147,0,-0.1236,-0.1609,0.9792,0,0,9.2263,1.5771,1]}],"loopBehavior":1,"name":"anim","property":"_matrix"}},
{"name":"boss:Spine1","index":2,"matrix":[0.9974,0.0396,0.0596,0,-0.0429,0.9975,0.0566,0,-0.0572,-0.059,0.9966,0,0,16.254,-0.1656,1],"rest":[1,0,0,0,0,1,0,0,0,0,1,0,0,16.254,-0.1656,1],"parentBoneIndex":1,"length":13.7007
,"animation":{"dataType":3,"framePerSecond":24,"keys":[
{"frame":1,"values":[0.9974,0.0396,0.0596,0,-0.0429,0.9975,0.0566,0,-0.0572,-0.059,0.9966,0,0,16.254,-0.1656,1]},
{"frame":2,"values":[0.9986,0.032,0.0429,0,-0.0343,0.9978,0.0561,0,-0.041,-0.0575,0.9975,0,0,16.254,-0.1656,1]},
{"frame":3,"values":[0.9995,0.0143,0.0276,0,-0.0158,0.9986,0.0515,0,-0.0269,-0.0519,0.9983,0,0,16.254,-0.1656,1]},
{"frame":4,"values":[0.9999,0.0017,0.0144,0,-0.0024,0.9988,0.0482,0,-0.0143,-0.0483,0.9987,0,0,16.254,-0.1656,1]},
{"frame":5,"values":[1,0.0045,0.0083,0,-0.0049,0.9989,0.0476,0,-0.0081,-0.0476,0.9988,0,0,16.254,-0.1656,1]},
{"frame":6,"values":[0.9998,0.0126,0.0174,0,-0.0134,0.9987,0.0482,0,-0.0167,-0.0484,0.9987,0,0,16.254,-0.1656,1]},
{"frame":7,"values":[0.9992,0.015,0.0378,0,-0.0169,0.9986,0.0506,0,-0.037,-0.0512,0.998,0,0,16.254,-0.1656,1]},
{"frame":8,"values":[0.998,0.0155,0.0608,0,-0.019,0.9982,0.0567,0,-0.0598,-0.0577,0.9965,0,0,16.254,-0.1656,1]},
{"frame":9,"values":[0.9962,0.0235,0.0839,0,-0.0286,0.9977,0.0607,0,-0.0823,-0.0629,0.9946,0,0,16.254,-0.1656,1]},
{"frame":10,"values":[0.9933,0.0405,0.1086,0,-0.0468,0.9973,0.0567,0,-0.106,-0.0614,0.9925,0,0,16.254,-0.1656,1]},
{"frame":11,"values":[0.9901,0.0543,0.1297,0,-0.0614,0.9968,0.0514,0,-0.1264,-0.0589,0.9902,0,0,16.254,-0.1656,1]},
{"frame":12,"values":[0.9887,0.0556,0.1392,0,-0.0627,0.9969,0.0471,0,-0.1362,-0.0553,0.9891,0,0,16.254,-0.1656,1]},
{"frame":13,"values":[0.9892,0.0503,0.1379,0,-0.0565,0.9975,0.0413,0,-0.1355,-0.0486,0.9896,0,0,16.254,-0.1656,1]},
{"frame":14,"values":[0.9908,0.0471,0.1269,0,-0.0526,0.9978,0.0399,0,-0.1248,-0.0462,0.9911,0,0,16.254,-0.1656,1]},
{"frame":15,"values":[0.9934,0.0468,0.1046,0,-0.0518,0.9976,0.0451,0,-0.1022,-0.0502,0.9935,0,0,16.254,-0.1656,1]},
{"frame":16,"values":[0.9962,0.0456,0.0745,0,-0.0495,0.9975,0.0509,0,-0.072,-0.0544,0.9959,0,0,16.254,-0.1656,1]},
{"frame":17,"values":[0.9974,0.0396,0.0596,0,-0.0429,0.9975,0.0566,0,-0.0572,-0.059,0.9966,0,0,16.254,-0.1656,1]}],"loopBehavior":1,"name":"anim","property":"_matrix"}},
{"name":"boss:Spine2","index":3,"matrix":[0.9974,0.0404,0.0593,0,-0.0438,0.9975,0.0562,0,-0.0569,-0.0587,0.9967,0,0,13.6396,-1.2923,1],"rest":[1,0,0,0,0,1,0,0,0,0,1,0,0,13.6396,-1.2923,1],"parentBoneIndex":2,"length":13.1719
,"animation":{"dataType":3,"framePerSecond":24,"keys":[
{"frame":1,"values":[0.9974,0.0404,0.0593,0,-0.0438,0.9975,0.0562,0,-0.0569,-0.0587,0.9967,0,0,13.6396,-1.2923,1]},
{"frame":2,"values":[0.9986,0.0325,0.0428,0,-0.0349,0.9978,0.0558,0,-0.0409,-0.0573,0.9975,0,0,13.6396,-1.2923,1]},
{"frame":3,"values":[0.9995,0.0146,0.0279,0,-0.016,0.9986,0.0512,0,-0.0272,-0.0516,0.9983,0,0,13.6396,-1.2923,1]},
{"frame":4,"values":[0.9999,0.0018,0.0149,0,-0.0025,0.9988,0.0481,0,-0.0148,-0.0481,0.9987,0,0,13.6396,-1.2923,1]},
{"frame":5,"values":[1,0.0046,0.0086,0,-0.005,0.9989,0.0475,0,-0.0084,-0.0475,0.9988,0,0,13.6396,-1.2923,1]},
{"frame":6,"values":[0.9998,0.0128,0.0175,0,-0.0136,0.9988,0.048,0,-0.0169,-0.0483,0.9987,0,0,13.6396,-1.2923,1]},
{"frame":7,"values":[0.9992,0.0153,0.0378,0,-0.0172,0.9986,0.0504,0,-0.037,-0.051,0.998,0,0,13.6396,-1.2923,1]},
{"frame":8,"values":[0.998,0.0162,0.0607,0,-0.0196,0.9982,0.0565,0,-0.0597,-0.0576,0.9966,0,0,13.6396,-1.2923,1]},
{"frame":9,"values":[0.9962,0.0245,0.0837,0,-0.0297,0.9977,0.0605,0,-0.082,-0.0628,0.9947,0,0,13.6396,-1.2923,1]},
{"frame":10,"values":[0.9932,0.0418,0.1082,0,-0.0481,0.9973,0.0563,0,-0.1056,-0.0611,0.9925,0,0,13.6396,-1.2923,1]},
{"frame":11,"values":[0.99,0.0558,0.1293,0,-0.0628,0.9967,0.0504,0,-0.1261,-0.0581,0.9903,0,0,13.6396,-1.2923,1]},
{"frame":12,"values":[0.9886,0.0574,0.1389,0,-0.0643,0.9969,0.0459,0,-0.1358,-0.0543,0.9892,0,0,13.6396,-1.2923,1]},
{"frame":13,"values":[0.9891,0.0527,0.1373,0,-0.0588,0.9975,0.0404,0,-0.1348,-0.0481,0.9897,0,0,13.6396,-1.2923,1]},
{"frame":14,"values":[0.9908,0.0496,0.1261,0,-0.055,0.9977,0.0395,0,-0.1239,-0.0461,0.9912,0,0,13.6396,-1.2923,1]},
{"frame":15,"values":[0.9934,0.0487,0.1039,0,-0.0536,0.9976,0.0448,0,-0.1015,-0.05,0.9936,0,0,13.6396,-1.2923,1]},
{"frame":16,"values":[0.9962,0.0467,0.0741,0,-0.0505,0.9974,0.0505,0,-0.0715,-0.0541,0.996,0,0,13.6396,-1.2923,1]},
{"frame":17,"values":[0.9974,0.0404,0.0593,0,-0.0438,0.9975,0.0562,0,-0.0569,-0.0587,0.9967,0,0,13.6396,-1.2923,1]}],"loopBehavior":1,"name":"anim","property":"_matrix"}},
{"name":"boss:Neck","index":4,"matrix":[0.998,-0.0183,0.0601,0,0.0188,0.9998,-0.009,0,-0.06,0.0101,0.9982,0,0,13.8774,-4.3542,1],"rest":[1,0,0,0,0,1,0,0,0,0,1,0,0,13.8774,-4.3542,1],"parentBoneIndex":3,"length":4.4379
,"animation":{"dataType":3,"framePerSecond":24,"keys":[
{"frame":1,"values":[0.998,-0.0183,0.0601,0,0.0188,0.9998,-0.009,0,-0.06,0.0101,0.9982,0,0,13.8774,-4.3542,1]},
{"frame":2,"values":[0.9975,-0.0166,0.0681,0,0.0172,0.9998,-0.0073,0,-0.068,0.0085,0.9977,0,0,13.8774,-4.3542,1]},
{"frame":3,"values":[0.9969,-0.0104,0.0776,0,0.0109,0.9999,-0.0062,0,-0.0775,0.007,0.997,0,0,13.8774,-4.3542,1]},
{"frame":4,"values":[0.9962,-0.0033,0.0873,0,0.0044,0.9999,-0.0125,0,-0.0872,0.0128,0.9961,0,0,13.8774,-4.3542,1]},
{"frame":5,"values":[0.9958,-0.0011,0.0917,0,0.0029,0.9998,-0.0195,0,-0.0917,0.0197,0.9956,0,0,13.8774,-4.3542,1]},
{"frame":6,"values":[0.9962,-0.0032,0.0872,0,0.0048,0.9998,-0.0178,0,-0.0871,0.0182,0.996,0,0,13.8774,-4.3542,1]},
{"frame":7,"values":[0.997,-0.0066,0.0774,0,0.0077,0.9999,-0.0139,0,-0.0773,0.0144,0.9969,0,0,13.8774,-4.3542,1]},
{"frame":8,"values":[0.9977,-0.0093,0.0677,0,0.0105,0.9998,-0.0173,0,-0.0675,0.018,0.9976,0,0,13.8774,-4.3542,1]},
{"frame":9,"values":[0.9982,-0.0142,0.0589,0,0.0155,0.9996,-0.0221,0,-0.0585,0.023,0.998,0,0,13.8774,-4.3542,1]},
{"frame":10,"values":[0.9986,-0.0242,0.0481,0,0.0251,0.9995,-0.0174,0,-0.0476,0.0186,0.9987,0,0,13.8774,-4.3542,1]},
{"frame":11,"values":[0.9988,-0.0317,0.0361,0,0.0319,0.9995,-0.0068,0,-0.0358,0.008,0.9993,0,0,13.8774,-4.3542,1]},
{"frame":12,"values":[0.9991,-0.0326,0.0281,0,0.0325,0.9995,0.0033,0,-0.0282,-0.0024,0.9996,0,0,13.8774,-4.3542,1]},
{"frame":13,"values":[0.9991,-0.0345,0.0262,0,0.0342,0.9994,0.0096,0,-0.0265,-0.0087,0.9996,0,0,13.8774,-4.3542,1]},
{"frame":14,"values":[0.9988,-0.037,0.0317,0,0.0368,0.9993,0.007,0,-0.0319,-0.0058,0.9995,0,0,13.8774,-4.3542,1]},
{"frame":15,"values":[0.9985,-0.0304,0.0451,0,0.0306,0.9995,-0.0027,0,-0.045,0.0041,0.999,0,0,13.8774,-4.3542,1]},
{"frame":16,"values":[0.9981,-0.0178,0.0588,0,0.0184,0.9998,-0.0099,0,-0.0586,0.0109,0.9982,0,0,13.8774,-4.3542,1]},
{"frame":17,"values":[0.998,-0.0183,0.0601,0,0.0188,0.9998,-0.009,0,-0.06,0.0101,0.9982,0,0,13.8774,-4.3542,1]}],"loopBehavior":1,"name":"anim","property":"_matrix"}},
{"name":"boss:Neck1","index":5,"matrix":[0.998,-0.0183,0.0601,0,0.0188,0.9998,-0.009,0,-0.06,0.0101,0.9982,0,0,4.34,0.9269,1],"rest":[1,0,0,0,0,1,0,0,0,0,1,0,0,4.34,0.9269,1],"parentBoneIndex":4,"length":4.1171
,"animation":{"dataType":3,"framePerSecond":24,"keys":[
{"frame":1,"values":[0.998,-0.0183,0.0601,0,0.0188,0.9998,-0.009,0,-0.06,0.0101,0.9982,0,0,4.34,0.9269,1]},
{"frame":2,"values":[0.9975,-0.0166,0.0681,0,0.0172,0.9998,-0.0073,0,-0.068,0.0085,0.9977,0,0,4.34,0.9269,1]},
{"frame":3,"values":[0.9969,-0.0104,0.0776,0,0.0109,0.9999,-0.0062,0,-0.0775,0.007,0.997,0,0,4.34,0.9269,1]},
{"frame":4,"values":[0.9962,-0.0033,0.0873,0,0.0044,0.9999,-0.0125,0,-0.0872,0.0128,0.9961,0,0,4.34,0.9269,1]},
{"frame":5,"values":[0.9958,-0.0011,0.0917,0,0.0029,0.9998,-0.0195,0,-0.0917,0.0197,0.9956,0,0,4.34,0.9269,1]},
{"frame":6,"values":[0.9962,-0.0032,0.0872,0,0.0048,0.9998,-0.0178,0,-0.0871,0.0182,0.996,0,0,4.34,0.9269,1]},
{"frame":7,"values":[0.997,-0.0066,0.0774,0,0.0077,0.9999,-0.0139,0,-0.0773,0.0144,0.9969,0,0,4.34,0.9269,1]},
{"frame":8,"values":[0.9977,-0.0093,0.0677,0,0.0105,0.9998,-0.0173,0,-0.0675,0.018,0.9976,0,0,4.34,0.9269,1]},
{"frame":9,"values":[0.9982,-0.0142,0.0589,0,0.0155,0.9996,-0.0221,0,-0.0585,0.023,0.998,0,0,4.34,0.9269,1]},
{"frame":10,"values":[0.9986,-0.0242,0.0481,0,0.0251,0.9995,-0.0174,0,-0.0476,0.0186,0.9987,0,0,4.34,0.9269,1]},
{"frame":11,"values":[0.9988,-0.0317,0.0361,0,0.0319,0.9995,-0.0068,0,-0.0358,0.008,0.9993,0,0,4.34,0.9269,1]},
{"frame":12,"values":[0.9991,-0.0326,0.0281,0,0.0325,0.9995,0.0033,0,-0.0282,-0.0024,0.9996,0,0,4.34,0.9269,1]},
{"frame":13,"values":[0.9991,-0.0345,0.0262,0,0.0342,0.9994,0.0096,0,-0.0265,-0.0087,0.9996,0,0,4.34,0.9269,1]},
{"frame":14,"values":[0.9988,-0.037,0.0317,0,0.0368,0.9993,0.007,0,-0.0319,-0.0058,0.9995,0,0,4.34,0.9269,1]},
{"frame":15,"values":[0.9985,-0.0304,0.0451,0,0.0306,0.9995,-0.0027,0,-0.045,0.0041,0.999,0,0,4.34,0.9269,1]},
{"frame":16,"values":[0.9981,-0.0178,0.0588,0,0.0184,0.9998,-0.0099,0,-0.0586,0.0109,0.9982,0,0,4.34,0.9269,1]},
{"frame":17,"values":[0.998,-0.0183,0.0601,0,0.0188,0.9998,-0.009,0,-0.06,0.0101,0.9982,0,0,4.34,0.9269,1]}],"loopBehavior":1,"name":"anim","property":"_matrix"}},
{"name":"boss:Head","index":6,"matrix":[0.998,-0.0183,0.0601,0,0.0188,0.9998,-0.009,0,-0.06,0.0101,0.9982,0,0,4.0266,0.8585,1],"rest":[1,0,0,0,0,1,0,0,0,0,1,0,0,4.0266,0.8585,1],"parentBoneIndex":5,"length":4.1171
,"animation":{"dataType":3,"framePerSecond":24,"keys":[
{"frame":1,"values":[0.998,-0.0183,0.0601,0,0.0188,0.9998,-0.009,0,-0.06,0.0101,0.9982,0,0,4.0266,0.8585,1]},
{"frame":2,"values":[0.9975,-0.0166,0.0681,0,0.0172,0.9998,-0.0073,0,-0.068,0.0085,0.9977,0,0,4.0266,0.8585,1]},
{"frame":3,"values":[0.9969,-0.0104,0.0776,0,0.0109,0.9999,-0.0062,0,-0.0775,0.007,0.997,0,0,4.0266,0.8585,1]},
{"frame":4,"values":[0.9962,-0.0033,0.0873,0,0.0044,0.9999,-0.0125,0,-0.0872,0.0128,0.9961,0,0,4.0266,0.8585,1]},
{"frame":5,"values":[0.9958,-0.0011,0.0917,0,0.0029,0.9998,-0.0195,0,-0.0917,0.0197,0.9956,0,0,4.0266,0.8585,1]},
{"frame":6,"values":[0.9962,-0.0032,0.0872,0,0.0048,0.9998,-0.0178,0,-0.0871,0.0182,0.996,0,0,4.0266,0.8585,1]},
{"frame":7,"values":[0.997,-0.0066,0.0774,0,0.0077,0.9999,-0.0139,0,-0.0773,0.0144,0.9969,0,0,4.0266,0.8585,1]},
{"frame":8,"values":[0.9977,-0.0093,0.0677,0,0.0105,0.9998,-0.0173,0,-0.0675,0.018,0.9976,0,0,4.0266,0.8585,1]},
{"frame":9,"values":[0.9982,-0.0142,0.0589,0,0.0155,0.9996,-0.0221,0,-0.0585,0.023,0.998,0,0,4.0266,0.8585,1]},
{"frame":10,"values":[0.9986,-0.0242,0.0481,0,0.0251,0.9995,-0.0174,0,-0.0476,0.0186,0.9987,0,0,4.0266,0.8585,1]},
{"frame":11,"values":[0.9988,-0.0317,0.0361,0,0.0319,0.9995,-0.0068,0,-0.0358,0.008,0.9993,0,0,4.0266,0.8585,1]},
{"frame":12,"values":[0.9991,-0.0326,0.0281,0,0.0325,0.9995,0.0033,0,-0.0282,-0.0024,0.9996,0,0,4.0266,0.8585,1]},
{"frame":13,"values":[0.9991,-0.0345,0.0262,0,0.0342,0.9994,0.0096,0,-0.0265,-0.0087,0.9996,0,0,4.0266,0.8585,1]},
{"frame":14,"values":[0.9988,-0.037,0.0317,0,0.0368,0.9993,0.007,0,-0.0319,-0.0058,0.9995,0,0,4.0266,0.8585,1]},
{"frame":15,"values":[0.9985,-0.0304,0.0451,0,0.0306,0.9995,-0.0027,0,-0.045,0.0041,0.999,0,0,4.0266,0.8585,1]},
{"frame":16,"values":[0.9981,-0.0178,0.0588,0,0.0184,0.9998,-0.0099,0,-0.0586,0.0109,0.9982,0,0,4.0266,0.8585,1]},
{"frame":17,"values":[0.998,-0.0183,0.0601,0,0.0188,0.9998,-0.009,0,-0.06,0.0101,0.9982,0,0,4.0266,0.8585,1]}],"loopBehavior":1,"name":"anim","property":"_matrix"}},
{"name":"boss:LeftShoulder","index":7,"matrix":[0.9578,-0.2046,0.2017,0,0.1987,0.9788,0.0496,0,-0.2075,-0.0074,0.9782,0,6.1442,10.187,-3.7932,1],"rest":[1,0,0,0,0,1,0,0,0,0,1,0,6.1442,10.187,-3.7932,1],"parentBoneIndex":3,"length":12.4986
,"animation":{"dataType":3,"framePerSecond":24,"keys":[
{"frame":1,"values":[0.9578,-0.2046,0.2017,0,0.1987,0.9788,0.0496,0,-0.2075,-0.0074,0.9782,0,6.1442,10.187,-3.7932,1]},
{"frame":2,"values":[0.9609,-0.1959,0.1958,0,0.1902,0.9806,0.0473,0,-0.2013,-0.0082,0.9795,0,6.1442,10.187,-3.7932,1]},
{"frame":3,"values":[0.9634,-0.182,0.1968,0,0.1765,0.9832,0.0456,0,-0.2018,-0.0092,0.9794,0,6.1442,10.187,-3.7932,1]},
{"frame":4,"values":[0.9595,-0.1729,0.2223,0,0.1662,0.9849,0.0488,0,-0.2274,-0.0099,0.9738,0,6.1442,10.187,-3.7932,1]},
{"frame":5,"values":[0.9525,-0.1749,0.2491,0,0.1667,0.9845,0.054,0,-0.2547,-0.0099,0.967,0,6.1442,10.187,-3.7932,1]},
{"frame":6,"values":[0.9469,-0.1882,0.2608,0,0.1792,0.9821,0.0583,0,-0.2671,-0.0085,0.9636,0,6.1442,10.187,-3.7932,1]},
{"frame":7,"values":[0.9412,-0.2122,0.2628,0,0.2028,0.9772,0.0629,0,-0.2701,-0.0059,0.9628,0,6.1442,10.187,-3.7932,1]},
{"frame":8,"values":[0.9364,-0.2339,0.2616,0,0.2242,0.9723,0.0665,0,-0.2699,-0.0036,0.9629,0,6.1442,10.187,-3.7932,1]},
{"frame":9,"values":[0.9357,-0.2301,0.2675,0,0.2201,0.9732,0.0671,0,-0.2758,-0.0039,0.9612,0,6.1442,10.187,-3.7932,1]},
{"frame":10,"values":[0.9401,-0.1987,0.2772,0,0.1884,0.98,0.0635,0,-0.2842,-0.0075,0.9587,0,6.1442,10.187,-3.7932,1]},
{"frame":11,"values":[0.9482,-0.1669,0.2702,0,0.1573,0.9859,0.0569,0,-0.2759,-0.0115,0.9611,0,6.1442,10.187,-3.7932,1]},
{"frame":12,"values":[0.9575,-0.1526,0.2447,0,0.1447,0.9882,0.0501,0,-0.2495,-0.0126,0.9683,0,6.1442,10.187,-3.7932,1]},
{"frame":13,"values":[0.9619,-0.1553,0.2249,0,0.1485,0.9878,0.047,0,-0.2294,-0.0119,0.9733,0,6.1442,10.187,-3.7932,1]},
{"frame":14,"values":[0.9597,-0.1697,0.224,0,0.1628,0.9854,0.0491,0,-0.229,-0.0106,0.9734,0,6.1442,10.187,-3.7932,1]},
{"frame":15,"values":[0.9537,-0.1863,0.2359,0,0.1786,0.9824,0.0539,0,-0.2418,-0.0093,0.9703,0,6.1442,10.187,-3.7932,1]},
{"frame":16,"values":[0.9508,-0.1964,0.2397,0,0.1883,0.9805,0.0562,0,-0.2461,-0.0083,0.9692,0,6.1442,10.187,-3.7932,1]},
{"frame":17,"values":[0.9578,-0.2046,0.2017,0,0.1987,0.9788,0.0496,0,-0.2075,-0.0074,0.9782,0,6.1442,10.187,-3.7932,1]}],"loopBehavior":1,"name":"anim","property":"_matrix"}},
{"name":"boss:LeftArm","index":8,"matrix":[0.494,-0.7594,-0.4234,0,0.8507,0.5228,0.0548,0,0.1797,-0.3873,0.9043,0,12.3191,-1.113,-1.7935,1],"rest":[1,0,0,0,0,1,0,0,0,0,1,0,12.3191,-1.113,-1.7935,1],"parentBoneIndex":7,"length":27.687
,"animation":{"dataType":3,"framePerSecond":24,"keys":[
{"frame":1,"values":[0.494,-0.7594,-0.4234,0,0.8507,0.5228,0.0548,0,0.1797,-0.3873,0.9043,0,12.3191,-1.113,-1.7935,1]},
{"frame":2,"values":[0.3917,-0.8294,-0.3983,0,0.9019,0.4318,-0.0122,0,0.1821,-0.3545,0.9172,0,12.3191,-1.113,-1.7935,1]},
{"frame":3,"values":[0.3268,-0.824,-0.4629,0,0.9041,0.4153,-0.1009,0,0.2754,-0.3855,0.8806,0,12.3191,-1.113,-1.7935,1]},
{"frame":4,"values":[0.3314,-0.7932,-0.5109,0,0.8608,0.4759,-0.1804,0,0.3862,-0.38,0.8405,0,12.3191,-1.113,-1.7935,1]},
{"frame":5,"values":[0.3717,-0.7861,-0.4939,0,0.8293,0.5203,-0.2041,0,0.4174,-0.3337,0.8453,0,12.3191,-1.113,-1.7935,1]},
{"frame":6,"values":[0.4071,-0.8039,-0.4336,0,0.841,0.5151,-0.1655,0,0.3564,-0.2973,0.8858,0,12.3191,-1.113,-1.7935,1]},
{"frame":7,"values":[0.4591,-0.8182,-0.346,0,0.8461,0.5214,-0.1103,0,0.2706,-0.2421,0.9317,0,12.3191,-1.113,-1.7935,1]},
{"frame":8,"values":[0.5632,-0.7991,-0.2104,0,0.8042,0.5886,-0.0823,0,0.1896,-0.1228,0.9741,0,12.3191,-1.113,-1.7935,1]},
{"frame":9,"values":[0.6806,-0.7319,-0.0333,0,0.7265,0.6801,-0.0987,0,0.0948,0.043,0.9946,0,12.3191,-1.113,-1.7935,1]},
{"frame":10,"values":[0.7588,-0.6438,0.0983,0,0.6506,0.7425,-0.1593,0,0.0296,0.1849,0.9823,0,12.3191,-1.113,-1.7935,1]},
{"frame":11,"values":[0.8055,-0.5853,0.0929,0,0.5857,0.7623,-0.2755,0,0.0904,0.2763,0.9568,0,12.3191,-1.113,-1.7935,1]},
{"frame":12,"values":[0.8111,-0.5832,-0.0451,0,0.5058,0.738,-0.4467,0,0.2938,0.3395,0.8935,0,12.3191,-1.113,-1.7935,1]},
{"frame":13,"values":[0.7706,-0.6145,-0.1691,0,0.4397,0.7047,-0.5568,0,0.4613,0.3548,0.8132,0,12.3191,-1.113,-1.7935,1]},
{"frame":14,"values":[0.7406,-0.6333,-0.2247,0,0.4929,0.7393,-0.4588,0,0.4567,0.229,0.8596,0,12.3191,-1.113,-1.7935,1]},
{"frame":15,"values":[0.7019,-0.6661,-0.252,0,0.6432,0.7449,-0.1773,0,0.3059,-0.0376,0.9513,0,12.3191,-1.113,-1.7935,1]},
{"frame":16,"values":[0.6144,-0.7254,-0.3105,0,0.7714,0.6348,0.0434,0,0.1656,-0.2662,0.9496,0,12.3191,-1.113,-1.7935,1]},
{"frame":17,"values":[0.494,-0.7594,-0.4234,0,0.8507,0.5228,0.0548,0,0.1797,-0.3873,0.9043,0,12.3191,-1.113,-1.7935,1]}],"loopBehavior":1,"name":"anim","property":"_matrix"}},
{"name":"boss:LeftForeArm","index":9,"matrix":[0.033,0,0.9995,0,0,1,0,0,-0.9995,0,0.033,0,27.687,0,0,1],"rest":[1,0,0,0,0,1,0,0,0,0,1,0,27.687,0,0,1],"parentBoneIndex":8,"length":27.8738
,"animation":{"dataType":3,"framePerSecond":24,"keys":[
{"frame":1,"values":[0.033,0,0.9995,0,0,1,0,0,-0.9995,0,0.033,0,27.687,0,0,1]},
{"frame":2,"values":[0.7107,0,0.7035,0,0,1,0,0,-0.7035,0,0.7107,0,27.687,0,0,1]},
{"frame":3,"values":[0.9207,0,0.3903,0,0,1,0,0,-0.3903,0,0.9207,0,27.687,0,0,1]},
{"frame":4,"values":[0.9568,0,0.2908,0,0,1,0,0,-0.2908,0,0.9568,0,27.687,0,0,1]},
{"frame":5,"values":[0.9667,0,0.2559,0,0,1,0,0,-0.2559,0,0.9667,0,27.687,0,0,1]},
{"frame":6,"values":[0.9526,0,0.3043,0,0,1,0,0,-0.3043,0,0.9526,0,27.687,0,0,1]},
{"frame":7,"values":[0.8643,0,0.503,0,0,1,0,0,-0.503,0,0.8643,0,27.687,0,0,1]},
{"frame":8,"values":[0.6222,0,0.7828,0,0,1,0,0,-0.7828,0,0.6222,0,27.687,0,0,1]},
{"frame":9,"values":[0.2745,0,0.9616,0,0,1,0,0,-0.9616,0,0.2745,0,27.687,0,0,1]},
{"frame":10,"values":[-0.0926,0,0.9957,0,0,1,0,0,-0.9957,0,-0.0926,0,27.687,0,0,1]},
{"frame":11,"values":[-0.4295,0,0.9031,0,0,1,0,0,-0.9031,0,-0.4295,0,27.687,0,0,1]},
{"frame":12,"values":[-0.6547,0,0.7559,0,0,1,0,0,-0.7559,0,-0.6547,0,27.687,0,0,1]},
{"frame":13,"values":[-0.7641,0,0.6451,0,0,1,0,0,-0.6451,0,-0.7641,0,27.687,0,0,1]},
{"frame":14,"values":[-0.775,0,0.632,0,0,1,0,0,-0.632,0,-0.775,0,27.687,0,0,1]},
{"frame":15,"values":[-0.6645,0,0.7473,0,0,1,0,0,-0.7473,0,-0.6645,0,27.687,0,0,1]},
{"frame":16,"values":[-0.373,0,0.9278,0,0,1,0,0,-0.9278,0,-0.373,0,27.687,0,0,1]},
{"frame":17,"values":[0.033,0,0.9995,0,0,1,0,0,-0.9995,0,0.033,0,27.687,0,0,1]}],"loopBehavior":1,"name":"anim","property":"_matrix"}},
{"name":"boss:LeftHand","index":10,"matrix":[0.845,0.5348,-0.0004,0,-0.3507,0.5546,0.7546,0,0.4038,-0.6374,0.6562,0,27.8738,0,0,1],"rest":[0.9974,-0.0541,-0.0467,0,0.0586,0.9932,0.1006,0,0.041,-0.1031,0.9938,0,27.8738,0,0,1],"parentBoneIndex":9,"length":9.2395
,"animation":{"dataType":3,"framePerSecond":24,"keys":[
{"frame":1,"values":[0.845,0.5348,-0.0004,0,-0.3507,0.5546,0.7546,0,0.4038,-0.6374,0.6562,0,27.8738,0,0,1]},
{"frame":2,"values":[0.9216,0.2679,0.2807,0,-0.3828,0.5091,0.7709,0,0.0636,-0.818,0.5717,0,27.8738,0,0,1]},
{"frame":3,"values":[0.8906,0.047,0.4523,0,-0.4204,0.4646,0.7794,0,-0.1735,-0.8843,0.4335,0,27.8738,0,0,1]},
{"frame":4,"values":[0.9449,-0.165,0.2827,0,-0.183,0.4498,0.8742,0,-0.2714,-0.8777,0.3949,0,27.8738,0,0,1]},
{"frame":5,"values":[0.9255,-0.3547,-0.133,0,0.25,0.308,0.9179,0,-0.2846,-0.8828,0.3737,0,27.8738,0,0,1]},
{"frame":6,"values":[0.8102,-0.3906,-0.437,0,0.5397,0.2061,0.8162,0,-0.2288,-0.8972,0.3778,0,27.8738,0,0,1]},
{"frame":7,"values":[0.762,-0.3663,-0.5341,0,0.6458,0.367,0.6696,0,-0.0493,-0.855,0.5162,0,27.8738,0,0,1]},
{"frame":8,"values":[0.764,-0.3304,-0.5542,0,0.6092,0.6522,0.4511,0,0.2124,-0.6822,0.6996,0,27.8738,0,0,1]},
{"frame":9,"values":[0.7494,-0.2884,-0.596,0,0.5106,0.8248,0.2429,0,0.4216,-0.4864,0.7653,0,27.8738,0,0,1]},
{"frame":10,"values":[0.7376,-0.2338,-0.6335,0,0.4585,0.8621,0.2157,0,0.4957,-0.4496,0.7431,0,27.8738,0,0,1]},
{"frame":11,"values":[0.8124,-0.138,-0.5666,0,0.3947,0.8454,0.36,0,0.4293,-0.5161,0.7412,0,27.8738,0,0,1]},
{"frame":12,"values":[0.9501,0.0062,-0.3118,0,0.181,0.8032,0.5676,0,0.254,-0.5957,0.762,0,27.8738,0,0,1]},
{"frame":13,"values":[0.9955,0.075,-0.0581,0,-0.011,0.6992,0.7148,0,0.0942,-0.7109,0.6969,0,27.8738,0,0,1]},
{"frame":14,"values":[0.988,0.1265,-0.0888,0,0.0018,0.5654,0.8248,0,0.1546,-0.8151,0.5583,0,27.8738,0,0,1]},
{"frame":15,"values":[0.9227,0.3104,-0.2287,0,0.0494,0.493,0.8686,0,0.3823,-0.8128,0.4396,0,27.8738,0,0,1]},
{"frame":16,"values":[0.8418,0.5031,-0.1953,0,-0.1063,0.5095,0.8539,0,0.5291,-0.6981,0.4824,0,27.8738,0,0,1]},
{"frame":17,"values":[0.845,0.5348,-0.0004,0,-0.3507,0.5546,0.7546,0,0.4038,-0.6374,0.6562,0,27.8738,0,0,1]}],"loopBehavior":1,"name":"anim","property":"_matrix"}},
{"name":"boss:LeftHandThumb1","index":11,"matrix":[0.9735,-0.199,0.1125,0,0.1949,0.9797,0.0459,0,-0.1194,-0.0227,0.9926,0,2.3785,-1.0029,2.6209,1],"rest":[0.9909,-0.0858,-0.104,0,0.0965,0.9901,0.102,0,0.0942,-0.1111,0.9893,0,2.3785,-1.0029,2.6209,1],"parentBoneIndex":10,"length":4.514
,"animation":{"dataType":3,"framePerSecond":24,"keys":[
{"frame":1,"values":[0.9735,-0.199,0.1125,0,0.1949,0.9797,0.0459,0,-0.1194,-0.0227,0.9926,0,2.3785,-1.0029,2.6209,1]},
{"frame":2,"values":[0.9734,-0.1991,0.113,0,0.1951,0.9797,0.0459,0,-0.1198,-0.0226,0.9925,0,2.3785,-1.0029,2.6209,1]},
{"frame":3,"values":[0.9719,-0.2007,0.1232,0,0.1967,0.9795,0.0439,0,-0.1295,-0.0184,0.9914,0,2.3785,-1.0029,2.6209,1]},
{"frame":4,"values":[0.9771,-0.194,0.0873,0,0.1902,0.9805,0.05,0,-0.0953,-0.0322,0.9949,0,2.3785,-1.0029,2.6209,1]},
{"frame":5,"values":[0.9852,-0.1692,-0.0287,0,0.1709,0.9827,0.0714,0,0.0162,-0.0752,0.997,0,2.3785,-1.0029,2.6209,1]},
{"frame":6,"values":[0.9799,-0.1383,-0.1439,0,0.1526,0.9838,0.0937,0,0.1286,-0.1138,0.9851,0,2.3785,-1.0029,2.6209,1]},
{"frame":7,"values":[0.9755,-0.1278,-0.179,0,0.1475,0.9839,0.1012,0,0.1632,-0.1251,0.9786,0,2.3785,-1.0029,2.6209,1]},
{"frame":8,"values":[0.9769,-0.1311,-0.169,0,0.1492,0.9838,0.0993,0,0.1532,-0.1222,0.9806,0,2.3785,-1.0029,2.6209,1]},
{"frame":9,"values":[0.9772,-0.1319,-0.1661,0,0.1496,0.9838,0.0986,0,0.1504,-0.1212,0.9812,0,2.3785,-1.0029,2.6209,1]},
{"frame":10,"values":[0.9769,-0.1311,-0.1688,0,0.1491,0.9838,0.0991,0,0.1531,-0.122,0.9807,0,2.3785,-1.0029,2.6209,1]},
{"frame":11,"values":[0.9771,-0.1315,-0.1675,0,0.1493,0.9838,0.0989,0,0.1518,-0.1216,0.9809,0,2.3785,-1.0029,2.6209,1]},
{"frame":12,"values":[0.9768,-0.1309,-0.1696,0,0.1491,0.9838,0.0994,0,0.1538,-0.1224,0.9805,0,2.3785,-1.0029,2.6209,1]},
{"frame":13,"values":[0.9763,-0.1298,-0.173,0,0.1485,0.9838,0.1,0,0.1572,-0.1233,0.9798,0,2.3785,-1.0029,2.6209,1]},
{"frame":14,"values":[0.9802,-0.1391,-0.1408,0,0.153,0.9838,0.0931,0,0.1256,-0.1128,0.9856,0,2.3785,-1.0029,2.6209,1]},
{"frame":15,"values":[0.9852,-0.1631,-0.052,0,0.1667,0.9831,0.0754,0,0.0388,-0.083,0.9958,0,2.3785,-1.0029,2.6209,1]},
{"frame":16,"values":[0.9809,-0.1871,0.0531,0,0.1841,0.9813,0.0559,0,-0.0626,-0.0451,0.997,0,2.3785,-1.0029,2.6209,1]},
{"frame":17,"values":[0.9735,-0.199,0.1125,0,0.1949,0.9797,0.0459,0,-0.1194,-0.0227,0.9926,0,2.3785,-1.0029,2.6209,1]}],"loopBehavior":1,"name":"anim","property":"_matrix"}},
{"name":"boss:LeftHandThumb2","index":12,"matrix":[0.9634,0.2433,0.1125,0,-0.2425,0.9699,-0.0208,0,-0.1142,-0.0072,0.9934,0,3.3624,-1.0029,2.8398,1],"rest":[0.9723,0.0085,0.2336,0,0.008,0.9975,-0.0699,0,-0.2336,0.0698,0.9698,0,3.3624,-1.0029,2.8398,1],"parentBoneIndex":11,"length":5.1787
,"animation":{"dataType":3,"framePerSecond":24,"keys":[
{"frame":1,"values":[0.9634,0.2433,0.1125,0,-0.2425,0.9699,-0.0208,0,-0.1142,-0.0072,0.9934,0,3.3624,-1.0029,2.8398,1]},
{"frame":2,"values":[0.9634,0.2433,0.1129,0,-0.2425,0.9699,-0.0208,0,-0.1146,-0.0073,0.9934,0,3.3624,-1.0029,2.8398,1]},
{"frame":3,"values":[0.9622,0.2432,0.1225,0,-0.2425,0.9699,-0.0208,0,-0.1239,-0.0097,0.9922,0,3.3624,-1.0029,2.8398,1]},
{"frame":4,"values":[0.9658,0.2434,0.089,0,-0.2425,0.9699,-0.0208,0,-0.0914,-0.0015,0.9958,0,3.3624,-1.0029,2.8398,1]},
{"frame":5,"values":[0.9701,0.2421,-0.0198,0,-0.2425,0.9699,-0.0208,0,0.0141,0.025,0.9996,0,3.3624,-1.0029,2.8398,1]},
{"frame":6,"values":[0.9628,0.2379,-0.1283,0,-0.2425,0.9699,-0.0208,0,0.1195,0.0512,0.9915,0,3.3624,-1.0029,2.8398,1]},
{"frame":7,"values":[0.9582,0.2361,-0.1616,0,-0.2425,0.9699,-0.0208,0,0.1518,0.0591,0.9866,0,3.3624,-1.0029,2.8398,1]},
{"frame":8,"values":[0.9596,0.2366,-0.1521,0,-0.2425,0.9699,-0.0208,0,0.1426,0.0569,0.9881,0,3.3624,-1.0029,2.8398,1]},
{"frame":9,"values":[0.96,0.2368,-0.1494,0,-0.2425,0.9699,-0.0208,0,0.1399,0.0562,0.9886,0,3.3624,-1.0029,2.8398,1]},
{"frame":10,"values":[0.9597,0.2366,-0.1519,0,-0.2425,0.9699,-0.0208,0,0.1424,0.0568,0.9882,0,3.3624,-1.0029,2.8398,1]},
{"frame":11,"values":[0.9598,0.2367,-0.1507,0,-0.2425,0.9699,-0.0208,0,0.1412,0.0565,0.9884,0,3.3624,-1.0029,2.8398,1]},
{"frame":12,"values":[0.9595,0.2366,-0.1527,0,-0.2425,0.9699,-0.0208,0,0.1432,0.057,0.9881,0,3.3624,-1.0029,2.8398,1]},
{"frame":13,"values":[0.9591,0.2364,-0.1559,0,-0.2425,0.9699,-0.0208,0,0.1463,0.0578,0.9876,0,3.3624,-1.0029,2.8398,1]},
{"frame":14,"values":[0.9631,0.2381,-0.1254,0,-0.2425,0.9699,-0.0208,0,0.1167,0.0505,0.9919,0,3.3624,-1.0029,2.8398,1]},
{"frame":15,"values":[0.9695,0.2415,-0.0416,0,-0.2425,0.9699,-0.0208,0,0.0353,0.0303,0.9989,0,3.3624,-1.0029,2.8398,1]},
{"frame":16,"values":[0.9683,0.2433,0.057,0,-0.2425,0.9699,-0.0208,0,-0.0603,0.0064,0.9982,0,3.3624,-1.0029,2.8398,1]},
{"frame":17,"values":[0.9634,0.2433,0.1125,0,-0.2425,0.9699,-0.0208,0,-0.1142,-0.0072,0.9934,0,3.3624,-1.0029,2.8398,1]}],"loopBehavior":1,"name":"anim","property":"_matrix"}},
{"name":"boss:LeftHandThumb3","index":13,"matrix":[0.7801,0.2001,0.5928,0,-0.1187,0.9776,-0.1738,0,-0.6143,0.0652,0.7864,0,4.5018,-1.3445,2.1783,1],"rest":[0.9717,-0.2361,0.003,0,0.2343,0.9658,0.111,0,-0.0291,-0.1072,0.9938,0,4.5018,-1.3445,2.1783,1],"parentBoneIndex":12,"length":0.01
,"animation":{"dataType":3,"framePerSecond":24,"keys":[
{"frame":1,"values":[0.7801,0.2001,0.5928,0,-0.1187,0.9776,-0.1738,0,-0.6143,0.0652,0.7864,0,4.5018,-1.3445,2.1783,1]},
{"frame":2,"values":[0.7799,0.2001,0.5931,0,-0.1187,0.9776,-0.1738,0,-0.6145,0.0651,0.7862,0,4.5018,-1.3445,2.1783,1]},
{"frame":3,"values":[0.7756,0.2005,0.5985,0,-0.1187,0.9776,-0.1738,0,-0.6199,0.0638,0.7821,0,4.5018,-1.3445,2.1783,1]},
{"frame":4,"values":[0.7904,0.1989,0.5794,0,-0.1187,0.9776,-0.1738,0,-0.601,0.0686,0.7963,0,4.5018,-1.3445,2.1783,1]},
{"frame":5,"values":[0.8347,0.193,0.5158,0,-0.1187,0.9776,-0.1738,0,-0.5378,0.0838,0.8389,0,4.5018,-1.3445,2.1783,1]},
{"frame":6,"values":[0.8739,0.1859,0.4491,0,-0.1187,0.9776,-0.1738,0,-0.4714,0.0986,0.8764,0,4.5018,-1.3445,2.1783,1]},
{"frame":7,"values":[0.885,0.1835,0.4279,0,-0.1187,0.9776,-0.1738,0,-0.4502,0.103,0.8869,0,4.5018,-1.3445,2.1783,1]},
{"frame":8,"values":[0.8819,0.1842,0.434,0,-0.1187,0.9776,-0.1738,0,-0.4563,0.1017,0.884,0,4.5018,-1.3445,2.1783,1]},
{"frame":9,"values":[0.881,0.1844,0.4357,0,-0.1187,0.9776,-0.1738,0,-0.458,0.1014,0.8831,0,4.5018,-1.3445,2.1783,1]},
{"frame":10,"values":[0.8818,0.1842,0.4341,0,-0.1187,0.9776,-0.1738,0,-0.4564,0.1017,0.8839,0,4.5018,-1.3445,2.1783,1]},
{"frame":11,"values":[0.8814,0.1843,0.4349,0,-0.1187,0.9776,-0.1738,0,-0.4572,0.1016,0.8836,0,4.5018,-1.3445,2.1783,1]},
{"frame":12,"values":[0.8821,0.1842,0.4336,0,-0.1187,0.9776,-0.1738,0,-0.4559,0.1018,0.8842,0,4.5018,-1.3445,2.1783,1]},
{"frame":13,"values":[0.8831,0.1839,0.4316,0,-0.1187,0.9776,-0.1738,0,-0.4539,0.1022,0.8852,0,4.5018,-1.3445,2.1783,1]},
{"frame":14,"values":[0.8729,0.1861,0.4509,0,-0.1187,0.9776,-0.1738,0,-0.4732,0.0982,0.8755,0,4.5018,-1.3445,2.1783,1]},
{"frame":15,"values":[0.8429,0.1917,0.5027,0,-0.1187,0.9776,-0.1738,0,-0.5247,0.0868,0.8468,0,4.5018,-1.3445,2.1783,1]},
{"frame":16,"values":[0.8039,0.1973,0.561,0,-0.1187,0.9776,-0.1738,0,-0.5828,0.0731,0.8093,0,4.5018,-1.3445,2.1783,1]},
{"frame":17,"values":[0.7801,0.2001,0.5928,0,-0.1187,0.9776,-0.1738,0,-0.6143,0.0652,0.7864,0,4.5018,-1.3445,2.1783,1]}],"loopBehavior":1,"name":"anim","property":"_matrix"}},
{"name":"boss:LeftHandThumb4","index":14,"matrix":[1,0,0,0,0,1,0,0,0,0,1,0,0,0,0,1],"rest":[1,0,0,0,0,1,0,0,0,0,1,0,0,0,0,1],"parentBoneIndex":13,"length":0.01
,"animation":{"dataType":3,"framePerSecond":24,"keys":[
{"frame":1,"values":[1,0,0,0,0,1,0,0,0,0,1,0,0,0,0,1]},
{"frame":17,"values":[1,0,0,0,0,1,0,0,0,0,1,0,0,0,0,1]}],"loopBehavior":1,"name":"anim","property":"_matrix"}},
{"name":"boss:LeftHandMiddle1","index":15,"matrix":[0.9239,-0.37,0.0976,0,0.3718,0.9283,0,0,-0.0906,0.0363,0.9952,0,10.4639,0.6148,0.4298,1],"rest":[0.9974,0.0586,0.041,0,-0.0586,0.9983,-0.0012,0,-0.041,-0.0012,0.9992,0,10.4639,0.6148,0.4298,1],"parentBoneIndex":10,"length":5.7921
,"animation":{"dataType":3,"framePerSecond":24,"keys":[
{"frame":1,"values":[0.9239,-0.37,0.0976,0,0.3718,0.9283,0,0,-0.0906,0.0363,0.9952,0,10.4639,0.6148,0.4298,1]},
{"frame":2,"values":[0.9241,-0.3695,0.0975,0,0.3713,0.9285,0,0,-0.0905,0.0362,0.9952,0,10.4639,0.6148,0.4298,1]},
{"frame":3,"values":[0.9283,-0.359,0.097,0,0.3607,0.9327,0,0,-0.0904,0.035,0.9953,0,10.4639,0.6148,0.4298,1]},
{"frame":4,"values":[0.913,-0.3956,0.0993,0,0.3976,0.9176,0,0,-0.0911,0.0395,0.9951,0,10.4639,0.6148,0.4298,1]},
{"frame":5,"values":[0.854,-0.5093,0.1058,0,0.5122,0.8589,0,0,-0.0908,0.0542,0.9944,0,10.4639,0.6148,0.4298,1]},
{"frame":6,"values":[0.781,-0.6145,0.1114,0,0.6183,0.7859,0,0,-0.0875,0.0689,0.9938,0,10.4639,0.6148,0.4298,1]},
{"frame":7,"values":[0.7558,-0.645,0.1128,0,0.6492,0.7606,0,0,-0.0858,0.0732,0.9936,0,10.4639,0.6148,0.4298,1]},
{"frame":8,"values":[0.7631,-0.6365,0.1122,0,0.6405,0.768,0,0,-0.0862,0.0719,0.9937,0,10.4639,0.6148,0.4298,1]},
{"frame":9,"values":[0.7652,-0.634,0.1121,0,0.638,0.77,0,0,-0.0863,0.0715,0.9937,0,10.4639,0.6148,0.4298,1]},
{"frame":10,"values":[0.7633,-0.6363,0.1123,0,0.6403,0.7681,0,0,-0.0862,0.0719,0.9937,0,10.4639,0.6148,0.4298,1]},
{"frame":11,"values":[0.7642,-0.6352,0.1122,0,0.6392,0.769,0,0,-0.0863,0.0717,0.9937,0,10.4639,0.6148,0.4298,1]},
{"frame":12,"values":[0.7627,-0.637,0.1122,0,0.641,0.7675,0,0,-0.0861,0.0719,0.9937,0,10.4639,0.6148,0.4298,1]},
{"frame":13,"values":[0.7602,-0.6399,0.1125,0,0.644,0.765,0,0,-0.086,0.0724,0.9937,0,10.4639,0.6148,0.4298,1]},
{"frame":14,"values":[0.7831,-0.6118,0.1113,0,0.6156,0.788,0,0,-0.0877,0.0685,0.9938,0,10.4639,0.6148,0.4298,1]},
{"frame":15,"values":[0.8405,-0.5311,0.1072,0,0.5342,0.8453,0,0,-0.0907,0.0573,0.9942,0,10.4639,0.6148,0.4298,1]},
{"frame":16,"values":[0.8972,-0.4299,0.1015,0,0.4321,0.9018,0,0,-0.0915,0.0439,0.9948,0,10.4639,0.6148,0.4298,1]},
{"frame":17,"values":[0.9239,-0.37,0.0976,0,0.3718,0.9283,0,0,-0.0906,0.0363,0.9952,0,10.4639,0.6148,0.4298,1]}],"loopBehavior":1,"name":"anim","property":"_matrix"}},
{"name":"boss:LeftHandMiddle2","index":16,"matrix":[0.902,-0.4318,0,0,0.4318,0.902,0,0,0,0,1,0,5.7921,0,0,1],"rest":[1,0,0,0,0,1,0,0,0,0,1,0,5.7921,0,0,1],"parentBoneIndex":15,"length":3.7132
,"animation":{"dataType":3,"framePerSecond":24,"keys":[
{"frame":1,"values":[0.902,-0.4318,0,0,0.4318,0.902,0,0,0,0,1,0,5.7921,0,0,1]},
{"frame":2,"values":[0.9022,-0.4313,0,0,0.4313,0.9022,0,0,0,0,1,0,5.7921,0,0,1]},
{"frame":3,"values":[0.9072,-0.4208,0,0,0.4208,0.9072,0,0,0,0,1,0,5.7921,0,0,1]},
{"frame":4,"values":[0.8894,-0.4571,0,0,0.4571,0.8894,0,0,0,0,1,0,5.7921,0,0,1]},
{"frame":5,"values":[0.8223,-0.569,0,0,0.569,0.8223,0,0,0,0,1,0,5.7921,0,0,1]},
{"frame":6,"values":[0.7412,-0.6712,0,0,0.6712,0.7412,0,0,0,0,1,0,5.7921,0,0,1]},
{"frame":7,"values":[0.7136,-0.7006,0,0,0.7006,0.7136,0,0,0,0,1,0,5.7921,0,0,1]},
{"frame":8,"values":[0.7216,-0.6923,0,0,0.6923,0.7216,0,0,0,0,1,0,5.7921,0,0,1]},
{"frame":9,"values":[0.7239,-0.69,0,0,0.69,0.7239,0,0,0,0,1,0,5.7921,0,0,1]},
{"frame":10,"values":[0.7217,-0.6922,0,0,0.6922,0.7217,0,0,0,0,1,0,5.7921,0,0,1]},
{"frame":11,"values":[0.7227,-0.6911,0,0,0.6911,0.7227,0,0,0,0,1,0,5.7921,0,0,1]},
{"frame":12,"values":[0.7211,-0.6929,0,0,0.6929,0.7211,0,0,0,0,1,0,5.7921,0,0,1]},
{"frame":13,"values":[0.7184,-0.6957,0,0,0.6957,0.7184,0,0,0,0,1,0,5.7921,0,0,1]},
{"frame":14,"values":[0.7436,-0.6687,0,0,0.6687,0.7436,0,0,0,0,1,0,5.7921,0,0,1]},
{"frame":15,"values":[0.8071,-0.5904,0,0,0.5904,0.8071,0,0,0,0,1,0,5.7921,0,0,1]},
{"frame":16,"values":[0.8712,-0.491,0,0,0.491,0.8712,0,0,0,0,1,0,5.7921,0,0,1]},
{"frame":17,"values":[0.902,-0.4318,0,0,0.4318,0.902,0,0,0,0,1,0,5.7921,0,0,1]}],"loopBehavior":1,"name":"anim","property":"_matrix"}},
{"name":"boss:LeftHandMiddle3","index":17,"matrix":[0.9659,0.2588,0,0,-0.2588,0.9659,-0.0001,0,0,0.0001,1,0,3.7132,0,0,1],"rest":[1,0,0,0,0,1,-0.0001,0,0,0.0001,1,0,3.7132,0,0,1],"parentBoneIndex":16,"length":0.01
,"animation":{"dataType":3,"framePerSecond":24,"keys":[
{"frame":1,"values":[0.9659,0.2588,0,0,-0.2588,0.9659,-0.0001,0,0,0.0001,1,0,3.7132,0,0,1]},
{"frame":2,"values":[0.9658,0.2592,0,0,-0.2592,0.9658,-0.0001,0,0,0.0001,1,0,3.7132,0,0,1]},
{"frame":3,"values":[0.9634,0.2679,0,0,-0.2679,0.9634,-0.0001,0,0,0.0001,1,0,3.7132,0,0,1]},
{"frame":4,"values":[0.9714,0.2374,0,0,-0.2374,0.9714,-0.0001,0,0,0.0001,1,0,3.7132,0,0,1]},
{"frame":5,"values":[0.9905,0.1374,0,0,-0.1374,0.9905,-0.0001,0,0,0.0001,1,0,3.7132,0,0,1]},
{"frame":6,"values":[0.9993,0.0361,0,0,-0.0361,0.9993,-0.0001,0,0,0.0001,1,0,3.7132,0,0,1]},
{"frame":7,"values":[1,0.0047,0,0,-0.0047,1,-0.0001,0,0,0.0001,1,0,3.7132,0,0,1]},
{"frame":8,"values":[0.9999,0.0136,0,0,-0.0136,0.9999,-0.0001,0,0,0.0001,1,0,3.7132,0,0,1]},
{"frame":9,"values":[0.9999,0.0162,0,0,-0.0162,0.9999,-0.0001,0,0,0.0001,1,0,3.7132,0,0,1]},
{"frame":10,"values":[0.9999,0.0138,0,0,-0.0138,0.9999,-0.0001,0,0,0.0001,1,0,3.7132,0,0,1]},
{"frame":11,"values":[0.9999,0.0149,0,0,-0.0149,0.9999,-0.0001,0,0,0.0001,1,0,3.7132,0,0,1]},
{"frame":12,"values":[0.9999,0.0131,0,0,-0.0131,0.9999,-0.0001,0,0,0.0001,1,0,3.7132,0,0,1]},
{"frame":13,"values":[0.9999,0.01,0,0,-0.01,0.9999,-0.0001,0,0,0.0001,1,0,3.7132,0,0,1]},
{"frame":14,"values":[0.9992,0.0388,0,0,-0.0388,0.9992,-0.0001,0,0,0.0001,1,0,3.7132,0,0,1]},
{"frame":15,"values":[0.9931,0.1172,0,0,-0.1172,0.9931,-0.0001,0,0,0.0001,1,0,3.7132,0,0,1]},
{"frame":16,"values":[0.9781,0.2082,0,0,-0.2082,0.9781,-0.0001,0,0,0.0001,1,0,3.7132,0,0,1]},
{"frame":17,"values":[0.9659,0.2588,0,0,-0.2588,0.9659,-0.0001,0,0,0.0001,1,0,3.7132,0,0,1]}],"loopBehavior":1,"name":"anim","property":"_matrix"}},
{"name":"boss:LeftHandMiddle4","index":18,"matrix":[1,0,0,0,0,1,0,0,0,0,1,0,0,0,0,1],"rest":[1,0,0,0,0,1,0,0,0,0,1,0,0,0,0,1],"parentBoneIndex":17,"length":0.01
,"animation":{"dataType":3,"framePerSecond":24,"keys":[
{"frame":1,"values":[1,0,0,0,0,1,0,0,0,0,1,0,0,0,0,1]},
{"frame":17,"values":[1,0,0,0,0,1,0,0,0,0,1,0,0,0,0,1]}],"loopBehavior":1,"name":"anim","property":"_matrix"}},
{"name":"boss:LeftHandIndex1","index":19,"matrix":[0.9574,-0.2602,0.1253,0,0.2621,0.965,0.0013,0,-0.1212,0.0316,0.9921,0,10.3945,0.6148,2.7055,1],"rest":[0.9974,0.0586,0.041,0,-0.0586,0.9983,-0.0012,0,-0.041,-0.0012,0.9992,0,10.3945,0.6148,2.7055,1],"parentBoneIndex":10,"length":5.5493
,"animation":{"dataType":3,"framePerSecond":24,"keys":[
{"frame":1,"values":[0.9574,-0.2602,0.1253,0,0.2621,0.965,0.0013,0,-0.1212,0.0316,0.9921,0,10.3945,0.6148,2.7055,1]},
{"frame":2,"values":[0.9575,-0.2598,0.1252,0,0.2617,0.9651,0.0013,0,-0.1212,0.0315,0.9921,0,10.3945,0.6148,2.7055,1]},
{"frame":3,"values":[0.96,-0.2506,0.1248,0,0.2524,0.9676,0.0014,0,-0.1211,0.0302,0.9922,0,10.3945,0.6148,2.7055,1]},
