{"producer":{"name":"Blender","version":"2.90.0","exporter_version":"2.80.1","file":"runstrafeleft_riffle.babylon"},
"autoClear":true,"clearColor":[0.0509,0.0509,0.0509],"gravity":[0,-9.81,0],
"materials":[{"name":"Material","id":"Material","customType":"BABYLON.PBRMaterial","backFaceCulling":true,"checkReadyOnlyOnce":false,"maxSimultaneousLights":4,"environmentIntensity":1,"albedo":[0.8,0.8,0.8],"reflectivity":[0.5,0.5,0.5],"roughness":0.4,"alpha":1,"transparencyMode":0,"alphaCutOff":0.4,"metallic":0}],
"multiMaterials":[],
"skeletons":[{"name":"Armature","id":0,"dimensionsAtRest":[188.1767,172.4535,15.5905],"bones":[
{"name":"boss:Hips","index":0,"matrix":[0.6457,0.1663,-0.7453,0,-0.0893,0.9857,0.1426,0,-0.7584,0.0255,-0.6513,0,0,89.4242,0,1],"rest":[1,0,0,0,0,1,0,0,0,0,-1,0,0,96.3794,0,1],"parentBoneIndex":-1,"length":9.9032
,"animation":{"dataType":3,"framePerSecond":24,"keys":[
{"frame":1,"values":[0.6457,0.1663,-0.7453,0,-0.0893,0.9857,0.1426,0,-0.7584,0.0255,-0.6513,0,0,89.4242,0,1]},
{"frame":2,"values":[0.5847,0.134,-0.8001,0,-0.0711,0.9909,0.114,0,-0.8081,0.0098,-0.589,0,0.4842,90.1478,-0.715,1]},
{"frame":3,"values":[0.5139,0.0918,-0.853,0,-0.0538,0.9957,0.0748,0,-0.8562,-0.0075,-0.5166,0,-0.4036,93.0162,-2.2594,1]},
{"frame":4,"values":[0.4417,0.0513,-0.8957,0,-0.038,0.9985,0.0385,0,-0.8964,-0.017,-0.443,0,-0.6607,95.156,-3.8719,1]},
{"frame":5,"values":[0.3724,0.0166,-0.9279,0,-0.0195,0.9998,0.0101,0,-0.9278,-0.0143,-0.3727,0,0.2495,93.784,-5.0356,1]},
{"frame":6,"values":[0.3105,-0.0151,-0.9505,0,0.0029,0.9999,-0.0149,0,-0.9506,-0.0019,-0.3105,0,0.7771,90.4013,-6.2802,1]},
{"frame":7,"values":[0.32,-0.0266,-0.947,0,0.0233,0.9995,-0.0202,0,-0.9471,0.0156,-0.3205,0,0.6144,89.465,-7.1156,1]},
{"frame":8,"values":[0.4022,0.0037,-0.9156,0,0.0358,0.9992,0.0198,0,-0.9149,0.0408,-0.4017,0,-0.4733,91.3925,-6.7633,1]},
{"frame":9,"values":[0.5182,0.0499,-0.8538,0,0.0177,0.9975,0.069,0,-0.8551,0.0508,-0.516,0,-1.7898,93.9794,-5.444,1]},
{"frame":10,"values":[0.6223,0.0978,-0.7766,0,-0.071,0.9951,0.0685,0,-0.7795,-0.0125,-0.6262,0,-2.3551,95.2496,-3.9046,1]},
{"frame":11,"values":[0.6976,0.1392,-0.7029,0,-0.1189,0.9898,0.078,0,-0.7066,-0.0292,-0.707,0,-1.4768,93.9303,-2.2921,1]},
{"frame":12,"values":[0.6922,0.171,-0.7011,0,-0.1068,0.9851,0.1349,0,-0.7137,0.0185,-0.7002,0,-0.7111,91.3264,-0.796,1]},
{"frame":13,"values":[0.6457,0.1663,-0.7453,0,-0.0893,0.9857,0.1426,0,-0.7584,0.0255,-0.6513,0,0,89.4242,0,1]}],"loopBehavior":1,"name":"anim","property":"_matrix"}},
{"name":"boss:Spine","index":1,"matrix":[0.9995,0.0304,-0.0062,0,-0.0281,0.9707,0.2386,0,0.0133,-0.2383,0.9711,0,0,9.2263,1.5771,1],"rest":[1,0,0,0,0,1,0,0,0,0,1,0,0,9.2263,1.5771,1],"parentBoneIndex":0,"length":16.2548
,"animation":{"dataType":3,"framePerSecond":24,"keys":[
{"frame":1,"values":[0.9995,0.0304,-0.0062,0,-0.0281,0.9707,0.2386,0,0.0133,-0.2383,0.9711,0,0,9.2263,1.5771,1]},
{"frame":2,"values":[0.9973,0.0733,0.0061,0,-0.0725,0.9664,0.2466,0,0.0122,-0.2463,0.9691,0,0,9.2263,1.5771,1]},
{"frame":3,"values":[0.9945,0.1049,0.0078,0,-0.1033,0.9599,0.2606,0,0.0198,-0.2599,0.9654,0,0,9.2263,1.5771,1]},
{"frame":4,"values":[0.9939,0.1106,0.0045,0,-0.1078,0.9578,0.2663,0,0.0252,-0.2652,0.9639,0,0,9.2263,1.5771,1]},
{"frame":5,"values":[0.9964,0.084,-0.0106,0,-0.0788,0.966,0.2464,0,0.0309,-0.2447,0.9691,0,0,9.2263,1.5771,1]},
{"frame":6,"values":[0.9979,0.0581,-0.0269,0,-0.0497,0.9678,0.2467,0,0.0404,-0.2448,0.9687,0,0,9.2263,1.5771,1]},
{"frame":7,"values":[0.9983,0.0386,-0.0446,0,-0.0269,0.9708,0.2384,0,0.0525,-0.2368,0.9701,0,0,9.2263,1.5771,1]},
{"frame":8,"values":[0.9975,0.0414,-0.0572,0,-0.026,0.9685,0.2476,0,0.0656,-0.2455,0.9672,0,0,9.2263,1.5771,1]},
{"frame":9,"values":[0.9968,0.051,-0.0609,0,-0.034,0.967,0.2524,0,0.0718,-0.2495,0.9657,0,0,9.2263,1.5771,1]},
{"frame":10,"values":[0.9974,0.0565,-0.0453,0,-0.0466,0.9795,0.1962,0,0.0555,-0.1936,0.9795,0,0,9.2263,1.5771,1]},
{"frame":11,"values":[0.9983,0.0505,-0.0288,0,-0.0453,0.9866,0.157,0,0.0364,-0.1554,0.9872,0,0,9.2263,1.5771,1]},
{"frame":12,"values":[0.9994,0.0292,-0.016,0,-0.0255,0.9801,0.1968,0,0.0214,-0.1963,0.9803,0,0,9.2263,1.5771,1]},
{"frame":13,"values":[0.9995,0.0304,-0.0062,0,-0.0281,0.9707,0.2386,0,0.0133,-0.2383,0.9711,0,0,9.2263,1.5771,1]}],"loopBehavior":1,"name":"anim","property":"_matrix"}},
{"name":"boss:Spine1","index":2,"matrix":[0.9966,-0.0662,-0.0486,0,0.0728,0.9858,0.1512,0,0.0379,-0.1542,0.9873,0,0,16.254,-0.1656,1],"rest":[1,0,0,0,0,1,0,0,0,0,1,0,0,16.254,-0.1656,1],"parentBoneIndex":1,"length":13.7007
,"animation":{"dataType":3,"framePerSecond":24,"keys":[
{"frame":1,"values":[0.9966,-0.0662,-0.0486,0,0.0728,0.9858,0.1512,0,0.0379,-0.1542,0.9873,0,0,16.254,-0.1656,1]},
{"frame":2,"values":[0.9954,-0.0859,-0.0427,0,0.0914,0.9842,0.1519,0,0.029,-0.1551,0.9875,0,0,16.254,-0.1656,1]},
{"frame":3,"values":[0.9945,-0.0933,-0.0481,0,0.0993,0.9847,0.143,0,0.0341,-0.147,0.9886,0,0,16.254,-0.1656,1]},
{"frame":4,"values":[0.994,-0.0973,-0.0501,0,0.1029,0.9868,0.1253,0,0.0372,-0.1297,0.9908,0,0,16.254,-0.1656,1]},
{"frame":5,"values":[0.9937,-0.0986,-0.0541,0,0.1049,0.986,0.1293,0,0.0406,-0.1342,0.9901,0,0,16.254,-0.1656,1]},
{"frame":6,"values":[0.9951,-0.0789,-0.0591,0,0.0856,0.9888,0.1221,0,0.0488,-0.1266,0.9908,0,0,16.254,-0.1656,1]},
{"frame":7,"values":[0.9963,-0.0485,-0.0709,0,0.0552,0.9938,0.0964,0,0.0657,-0.1,0.9928,0,0,16.254,-0.1656,1]},
{"frame":8,"values":[0.9948,-0.0491,-0.0895,0,0.059,0.992,0.1115,0,0.0833,-0.1162,0.9897,0,0,16.254,-0.1656,1]},
{"frame":9,"values":[0.9925,-0.0651,-0.1034,0,0.0781,0.9887,0.1279,0,0.094,-0.135,0.9864,0,0,16.254,-0.1656,1]},
{"frame":10,"values":[0.9935,-0.0726,-0.0871,0,0.0836,0.988,0.13,0,0.0767,-0.1364,0.9877,0,0,16.254,-0.1656,1]},
{"frame":11,"values":[0.9958,-0.0627,-0.0665,0,0.0718,0.9869,0.1447,0,0.0565,-0.1489,0.9872,0,0,16.254,-0.1656,1]},
{"frame":12,"values":[0.9964,-0.0651,-0.0545,0,0.073,0.9843,0.1606,0,0.0432,-0.164,0.9855,0,0,16.254,-0.1656,1]},
{"frame":13,"values":[0.9966,-0.0662,-0.0486,0,0.0728,0.9858,0.1512,0,0.0379,-0.1542,0.9873,0,0,16.254,-0.1656,1]}],"loopBehavior":1,"name":"anim","property":"_matrix"}},
{"name":"boss:Spine2","index":3,"matrix":[0.9962,-0.0744,-0.0449,0,0.0805,0.9851,0.1518,0,0.0329,-0.1549,0.9874,0,0,13.6396,-1.2923,1],"rest":[1,0,0,0,0,1,0,0,0,0,1,0,0,13.6396,-1.2923,1],"parentBoneIndex":2,"length":13.1719
,"animation":{"dataType":3,"framePerSecond":24,"keys":[
{"frame":1,"values":[0.9962,-0.0744,-0.0449,0,0.0805,0.9851,0.1518,0,0.0329,-0.1549,0.9874,0,0,13.6396,-1.2923,1]},
{"frame":2,"values":[0.9954,-0.0897,-0.0349,0,0.0941,0.9835,0.1547,0,0.0204,-0.1573,0.9873,0,0,13.6396,-1.2923,1]},
{"frame":3,"values":[0.9947,-0.0949,-0.0386,0,0.0996,0.9841,0.147,0,0.0241,-0.1501,0.9884,0,0,13.6396,-1.2923,1]},
{"frame":4,"values":[0.9944,-0.0972,-0.0408,0,0.1017,0.9862,0.1306,0,0.0276,-0.134,0.9906,0,0,13.6396,-1.2923,1]},
{"frame":5,"values":[0.9941,-0.0965,-0.049,0,0.1024,0.9854,0.1361,0,0.0351,-0.1403,0.9895,0,0,13.6396,-1.2923,1]},
{"frame":6,"values":[0.9955,-0.0771,-0.055,0,0.0837,0.988,0.1297,0,0.0443,-0.1338,0.99,0,0,13.6396,-1.2923,1]},
{"frame":7,"values":[0.9969,-0.0486,-0.0623,0,0.0548,0.9933,0.102,0,0.0569,-0.1051,0.9928,0,0,13.6396,-1.2923,1]},
{"frame":8,"values":[0.9955,-0.0481,-0.0817,0,0.0575,0.9916,0.1162,0,0.0755,-0.1203,0.9899,0,0,13.6396,-1.2923,1]},
{"frame":9,"values":[0.9931,-0.0633,-0.0983,0,0.0761,0.9882,0.1326,0,0.0887,-0.1392,0.9863,0,0,13.6396,-1.2923,1]},
{"frame":10,"values":[0.9937,-0.0729,-0.0852,0,0.0838,0.9876,0.1328,0,0.0744,-0.1391,0.9875,0,0,13.6396,-1.2923,1]},
{"frame":11,"values":[0.9955,-0.0677,-0.0659,0,0.0767,0.9864,0.1453,0,0.0552,-0.1497,0.9872,0,0,13.6396,-1.2923,1]},
{"frame":12,"values":[0.9959,-0.073,-0.0529,0,0.0807,0.9836,0.1611,0,0.0402,-0.1647,0.9855,0,0,13.6396,-1.2923,1]},
{"frame":13,"values":[0.9962,-0.0744,-0.0449,0,0.0805,0.9851,0.1518,0,0.033,-0.1549,0.9874,0,0,13.6396,-1.2923,1]}],"loopBehavior":1,"name":"anim","property":"_matrix"}},
{"name":"boss:Neck","index":4,"matrix":[0.9985,0.0141,-0.0535,0,-0.0127,0.9996,0.0261,0,0.0539,-0.0254,0.9982,0,0,13.8774,-4.3542,1],"rest":[1,0,0,0,0,1,0,0,0,0,1,0,0,13.8774,-4.3542,1],"parentBoneIndex":3,"length":4.4379
,"animation":{"dataType":3,"framePerSecond":24,"keys":[
{"frame":1,"values":[0.9985,0.0141,-0.0535,0,-0.0127,0.9996,0.0261,0,0.0539,-0.0254,0.9982,0,0,13.8774,-4.3542,1]},
{"frame":2,"values":[0.9984,0.0161,-0.0551,0,-0.0147,0.9996,0.0253,0,0.0555,-0.0245,0.9982,0,0,13.8774,-4.3542,1]},
{"frame":3,"values":[0.9982,0.0179,-0.0572,0,-0.0165,0.9996,0.0244,0,0.0576,-0.0234,0.9981,0,0,13.8774,-4.3542,1]},
{"frame":4,"values":[0.998,0.0177,-0.06,0,-0.0163,0.9996,0.0238,0,0.0604,-0.0228,0.9979,0,0,13.8774,-4.3542,1]},
{"frame":5,"values":[0.9978,0.0134,-0.0642,0,-0.0121,0.9997,0.021,0,0.0645,-0.0202,0.9977,0,0,13.8774,-4.3542,1]},
{"frame":6,"values":[0.9977,0.0068,-0.0674,0,-0.0054,0.9998,0.0204,0,0.0675,-0.02,0.9975,0,0,13.8774,-4.3542,1]},
{"frame":7,"values":[0.9978,0.0082,-0.0654,0,-0.0069,0.9998,0.0206,0,0.0655,-0.0201,0.9977,0,0,13.8774,-4.3542,1]},
{"frame":8,"values":[0.9981,0.0136,-0.0609,0,-0.0123,0.9997,0.0211,0,0.0611,-0.0203,0.9979,0,0,13.8774,-4.3542,1]},
{"frame":9,"values":[0.9982,0.0132,-0.058,0,-0.0119,0.9997,0.0229,0,0.0583,-0.0222,0.9981,0,0,13.8774,-4.3542,1]},
{"frame":10,"values":[0.9984,0.0106,-0.0559,0,-0.0092,0.9996,0.0248,0,0.0561,-0.0243,0.9981,0,0,13.8774,-4.3542,1]},
{"frame":11,"values":[0.9985,0.0107,-0.0539,0,-0.0093,0.9996,0.0259,0,0.0541,-0.0254,0.9982,0,0,13.8774,-4.3542,1]},
{"frame":12,"values":[0.9985,0.0121,-0.0528,0,-0.0107,0.9996,0.0264,0,0.0531,-0.0258,0.9983,0,0,13.8774,-4.3542,1]},
{"frame":13,"values":[0.9985,0.0141,-0.0535,0,-0.0127,0.9996,0.0261,0,0.0539,-0.0254,0.9982,0,0,13.8774,-4.3542,1]}],"loopBehavior":1,"name":"anim","property":"_matrix"}},
{"name":"boss:Neck1","index":5,"matrix":[0.9985,0.0141,-0.0535,0,-0.0127,0.9996,0.0261,0,0.0539,-0.0254,0.9982,0,0,4.34,0.9269,1],"rest":[1,0,0,0,0,1,0,0,0,0,1,0,0,4.34,0.9269,1],"parentBoneIndex":4,"length":4.1171
,"animation":{"dataType":3,"framePerSecond":24,"keys":[
{"frame":1,"values":[0.9985,0.0141,-0.0535,0,-0.0127,0.9996,0.0261,0,0.0539,-0.0254,0.9982,0,0,4.34,0.9269,1]},
{"frame":2,"values":[0.9984,0.0161,-0.0551,0,-0.0147,0.9996,0.0253,0,0.0555,-0.0245,0.9982,0,0,4.34,0.9269,1]},
{"frame":3,"values":[0.9982,0.0179,-0.0572,0,-0.0165,0.9996,0.0244,0,0.0576,-0.0234,0.9981,0,0,4.34,0.9269,1]},
{"frame":4,"values":[0.998,0.0177,-0.06,0,-0.0163,0.9996,0.0238,0,0.0604,-0.0228,0.9979,0,0,4.34,0.9269,1]},
{"frame":5,"values":[0.9978,0.0134,-0.0642,0,-0.0121,0.9997,0.021,0,0.0645,-0.0202,0.9977,0,0,4.34,0.9269,1]},
{"frame":6,"values":[0.9977,0.0068,-0.0674,0,-0.0054,0.9998,0.0204,0,0.0675,-0.02,0.9975,0,0,4.34,0.9269,1]},
{"frame":7,"values":[0.9978,0.0082,-0.0654,0,-0.0069,0.9998,0.0206,0,0.0655,-0.0201,0.9977,0,0,4.34,0.9269,1]},
{"frame":8,"values":[0.9981,0.0136,-0.0609,0,-0.0123,0.9997,0.0211,0,0.0611,-0.0203,0.9979,0,0,4.34,0.9269,1]},
{"frame":9,"values":[0.9982,0.0132,-0.058,0,-0.0119,0.9997,0.0229,0,0.0583,-0.0222,0.9981,0,0,4.34,0.9269,1]},
{"frame":10,"values":[0.9984,0.0106,-0.0559,0,-0.0092,0.9996,0.0248,0,0.0561,-0.0243,0.9981,0,0,4.34,0.9269,1]},
{"frame":11,"values":[0.9985,0.0107,-0.0539,0,-0.0093,0.9996,0.0259,0,0.0541,-0.0254,0.9982,0,0,4.34,0.9269,1]},
{"frame":12,"values":[0.9985,0.0121,-0.0528,0,-0.0107,0.9996,0.0264,0,0.0531,-0.0258,0.9983,0,0,4.34,0.9269,1]},
{"frame":13,"values":[0.9985,0.0141,-0.0535,0,-0.0127,0.9996,0.0261,0,0.0539,-0.0254,0.9982,0,0,4.34,0.9269,1]}],"loopBehavior":1,"name":"anim","property":"_matrix"}},
{"name":"boss:Head","index":6,"matrix":[0.9985,0.0141,-0.0535,0,-0.0127,0.9996,0.0261,0,0.0539,-0.0254,0.9982,0,0,4.0266,0.8585,1],"rest":[1,0,0,0,0,1,0,0,0,0,1,0,0,4.0266,0.8585,1],"parentBoneIndex":5,"length":4.1171
,"animation":{"dataType":3,"framePerSecond":24,"keys":[
{"frame":1,"values":[0.9985,0.0141,-0.0535,0,-0.0127,0.9996,0.0261,0,0.0539,-0.0254,0.9982,0,0,4.0266,0.8585,1]},
{"frame":2,"values":[0.9984,0.0161,-0.0551,0,-0.0147,0.9996,0.0253,0,0.0555,-0.0245,0.9982,0,0,4.0266,0.8585,1]},
{"frame":3,"values":[0.9982,0.0179,-0.0572,0,-0.0165,0.9996,0.0244,0,0.0576,-0.0234,0.9981,0,0,4.0266,0.8585,1]},
{"frame":4,"values":[0.998,0.0177,-0.06,0,-0.0163,0.9996,0.0238,0,0.0604,-0.0228,0.9979,0,0,4.0266,0.8585,1]},
{"frame":5,"values":[0.9978,0.0134,-0.0642,0,-0.0121,0.9997,0.021,0,0.0645,-0.0202,0.9977,0,0,4.0266,0.8585,1]},
{"frame":6,"values":[0.9977,0.0068,-0.0674,0,-0.0054,0.9998,0.0204,0,0.0675,-0.02,0.9975,0,0,4.0266,0.8585,1]},
{"frame":7,"values":[0.9978,0.0082,-0.0654,0,-0.0069,0.9998,0.0206,0,0.0655,-0.0201,0.9977,0,0,4.0266,0.8585,1]},
{"frame":8,"values":[0.9981,0.0136,-0.0609,0,-0.0123,0.9997,0.0211,0,0.0611,-0.0203,0.9979,0,0,4.0266,0.8585,1]},
{"frame":9,"values":[0.9982,0.0132,-0.058,0,-0.0119,0.9997,0.0229,0,0.0583,-0.0222,0.9981,0,0,4.0266,0.8585,1]},
{"frame":10,"values":[0.9984,0.0106,-0.0559,0,-0.0092,0.9996,0.0248,0,0.0561,-0.0243,0.9981,0,0,4.0266,0.8585,1]},
{"frame":11,"values":[0.9985,0.0107,-0.0539,0,-0.0093,0.9996,0.0259,0,0.0541,-0.0254,0.9982,0,0,4.0266,0.8585,1]},
{"frame":12,"values":[0.9985,0.0121,-0.0528,0,-0.0107,0.9996,0.0264,0,0.0531,-0.0257,0.9983,0,0,4.0266,0.8585,1]},
{"frame":13,"values":[0.9985,0.0141,-0.0535,0,-0.0127,0.9996,0.0261,0,0.0539,-0.0254,0.9982,0,0,4.0266,0.8585,1]}],"loopBehavior":1,"name":"anim","property":"_matrix"}},
{"name":"boss:LeftShoulder","index":7,"matrix":[0.8285,0.0161,0.5598,0,-0.1023,0.9871,0.1229,0,-0.5506,-0.1591,0.8195,0,6.1442,10.187,-3.7932,1],"rest":[1,0,0,0,0,1,0,0,0,0,1,0,6.1442,10.187,-3.7932,1],"parentBoneIndex":3,"length":12.4986
,"animation":{"dataType":3,"framePerSecond":24,"keys":[
{"frame":1,"values":[0.8285,0.0161,0.5598,0,-0.1023,0.9871,0.1229,0,-0.5506,-0.1591,0.8195,0,6.1442,10.187,-3.7932,1]},
{"frame":2,"values":[0.8794,0.0154,0.4759,0,-0.0819,0.9895,0.1192,0,-0.4691,-0.1437,0.8714,0,6.1442,10.187,-3.7932,1]},
{"frame":3,"values":[0.9285,0.0171,0.3709,0,-0.0587,0.9931,0.1011,0,-0.3666,-0.1156,0.9232,0,6.1442,10.187,-3.7932,1]},
{"frame":4,"values":[0.9569,0.0204,0.2896,0,-0.0445,0.9961,0.0767,0,-0.2869,-0.0863,0.9541,0,6.1442,10.187,-3.7932,1]},
{"frame":5,"values":[0.9671,0.0209,0.2536,0,-0.0406,0.9965,0.0725,0,-0.2513,-0.0804,0.9646,0,6.1442,10.187,-3.7932,1]},
{"frame":6,"values":[0.9679,0.0214,0.2504,0,-0.04,0.9968,0.0696,0,-0.2481,-0.0773,0.9656,0,6.1442,10.187,-3.7932,1]},
{"frame":7,"values":[0.9551,0.0204,0.2954,0,-0.0451,0.996,0.0773,0,-0.2927,-0.0871,0.9522,0,6.1442,10.187,-3.7932,1]},
{"frame":8,"values":[0.9261,0.0189,0.3768,0,-0.0573,0.9942,0.091,0,-0.3729,-0.1058,0.9218,0,6.1442,10.187,-3.7932,1]},
{"frame":9,"values":[0.8918,0.0181,0.4522,0,-0.0714,0.9923,0.101,0,-0.4469,-0.1224,0.8862,0,6.1442,10.187,-3.7932,1]},
{"frame":10,"values":[0.8634,0.0176,0.5042,0,-0.084,0.9904,0.1094,0,-0.4975,-0.1368,0.8566,0,6.1442,10.187,-3.7932,1]},
{"frame":11,"values":[0.837,0.0163,0.5469,0,-0.0981,0.9878,0.1207,0,-0.5383,-0.1547,0.8284,0,6.1442,10.187,-3.7932,1]},
{"frame":12,"values":[0.8153,0.0152,0.5788,0,-0.1106,0.9853,0.13,0,-0.5684,-0.1701,0.805,0,6.1442,10.187,-3.7932,1]},
{"frame":13,"values":[0.8285,0.0161,0.5598,0,-0.1023,0.9871,0.1229,0,-0.5506,-0.1591,0.8195,0,6.1442,10.187,-3.7932,1]}],"loopBehavior":1,"name":"anim","property":"_matrix"}},
{"name":"boss:LeftArm","index":8,"matrix":[0.9359,-0.3047,0.1765,0,0.3192,0.5224,-0.7907,0,0.1487,0.7964,0.5862,0,12.3191,-1.113,-1.7935,1],"rest":[1,0,0,0,0,1,0,0,0,0,1,0,12.3191,-1.113,-1.7935,1],"parentBoneIndex":7,"length":27.687
,"animation":{"dataType":3,"framePerSecond":24,"keys":[
{"frame":1,"values":[0.9359,-0.3047,0.1765,0,0.3192,0.5224,-0.7907,0,0.1487,0.7964,0.5862,0,12.3191,-1.113,-1.7935,1]},
{"frame":2,"values":[0.9225,-0.3144,0.2239,0,0.3551,0.464,-0.8116,0,0.1513,0.8282,0.5397,0,12.3191,-1.113,-1.7935,1]},
{"frame":3,"values":[0.8838,-0.3805,0.2724,0,0.4387,0.4712,-0.7652,0,0.1628,0.7958,0.5833,0,12.3191,-1.113,-1.7935,1]},
{"frame":4,"values":[0.8593,-0.4504,0.2426,0,0.4613,0.4772,-0.748,0,0.2211,0.7546,0.6178,0,12.3191,-1.113,-1.7935,1]},
{"frame":5,"values":[0.8922,-0.4162,0.1755,0,0.4043,0.5627,-0.721,0,0.2013,0.7142,0.6703,0,12.3191,-1.113,-1.7935,1]},
{"frame":6,"values":[0.8786,-0.4639,0.1133,0,0.3885,0.5563,-0.7346,0,0.2777,0.6895,0.6689,0,12.3191,-1.113,-1.7935,1]},
{"frame":7,"values":[0.8753,-0.4767,0.0814,0,0.4037,0.6276,-0.6657,0,0.2662,0.6156,0.7418,0,12.3191,-1.113,-1.7935,1]},
{"frame":8,"values":[0.8878,-0.4344,0.1521,0,0.417,0.6192,-0.6653,0,0.1948,0.6541,0.7309,0,12.3191,-1.113,-1.7935,1]},
{"frame":9,"values":[0.9037,-0.3404,0.2596,0,0.4224,0.6098,-0.6706,0,0.07,0.7157,0.6949,0,12.3191,-1.113,-1.7935,1]},
{"frame":10,"values":[0.9131,-0.3189,0.2542,0,0.4037,0.6194,-0.6733,0,0.0573,0.7174,0.6943,0,12.3191,-1.113,-1.7935,1]},
{"frame":11,"values":[0.9205,-0.2708,0.2817,0,0.39,0.5938,-0.7037,0,0.0233,0.7577,0.6522,0,12.3191,-1.113,-1.7935,1]},
{"frame":12,"values":[0.9405,-0.2385,0.2421,0,0.3357,0.5427,-0.7699,0,0.0522,0.8054,0.5905,0,12.3191,-1.113,-1.7935,1]},
{"frame":13,"values":[0.936,-0.3047,0.1765,0,0.3192,0.5224,-0.7907,0,0.1487,0.7964,0.5862,0,12.3191,-1.113,-1.7935,1]}],"loopBehavior":1,"name":"anim","property":"_matrix"}},
{"name":"boss:LeftForeArm","index":9,"matrix":[0.1719,-0.1701,0.9703,0,0.8384,-0.4919,-0.2348,0,0.5172,0.8539,0.0581,0,27.687,0,0,1],"rest":[1,0,0,0,0,1,0,0,0,0,1,0,27.687,0,0,1],"parentBoneIndex":8,"length":27.8738
,"animation":{"dataType":3,"framePerSecond":24,"keys":[
{"frame":1,"values":[0.1719,-0.1701,0.9703,0,0.8384,-0.4919,-0.2348,0,0.5172,0.8539,0.0581,0,27.687,0,0,1]},
{"frame":2,"values":[0.1533,-0.1944,0.9689,0,0.8482,-0.4772,-0.2299,0,0.507,0.857,0.0918,0,27.687,0,0,1]},
{"frame":3,"values":[0.1328,-0.2017,0.9704,0,0.8458,-0.4874,-0.2171,0,0.5167,0.8496,0.1058,0,27.687,0,0,1]},
{"frame":4,"values":[0.0539,-0.1878,0.9807,0,0.826,-0.5435,-0.1495,0,0.5611,0.8181,0.1258,0,27.687,0,0,1]},
{"frame":5,"values":[-0.0049,-0.1496,0.9887,0,0.8051,-0.587,-0.0848,0,0.5931,0.7956,0.1234,0,27.687,0,0,1]},
{"frame":6,"values":[-0.0674,-0.1468,0.9869,0,0.7842,-0.6193,-0.0386,0,0.6168,0.7713,0.1569,0,27.687,0,0,1]},
{"frame":7,"values":[-0.0131,-0.1483,0.9889,0,0.8015,-0.5929,-0.0783,0,0.5979,0.7915,0.1266,0,27.687,0,0,1]},
{"frame":8,"values":[0.0823,-0.1575,0.9841,0,0.7968,-0.5827,-0.1598,0,0.5986,0.7973,0.0776,0,27.687,0,0,1]},
{"frame":9,"values":[0.1825,-0.1603,0.97,0,0.8002,-0.549,-0.2413,0,0.5713,0.8203,0.0281,0,27.687,0,0,1]},
{"frame":10,"values":[0.1901,-0.1455,0.9709,0,0.7994,-0.5512,-0.2391,0,0.57,0.8216,0.0116,0,27.687,0,0,1]},
{"frame":11,"values":[0.2257,-0.1673,0.9597,0,0.7816,-0.557,-0.2809,0,0.5815,0.8135,0.005,0,27.687,0,0,1]},
{"frame":12,"values":[0.2311,-0.1676,0.9584,0,0.8167,-0.502,-0.2847,0,0.5288,0.8485,0.0208,0,27.687,0,0,1]},
{"frame":13,"values":[0.1719,-0.1701,0.9703,0,0.8384,-0.4919,-0.2348,0,0.5172,0.8539,0.0581,0,27.687,0,0,1]}],"loopBehavior":1,"name":"anim","property":"_matrix"}},
{"name":"boss:LeftHand","index":10,"matrix":[0.9999,-0.013,-0.0088,0,0.0037,0.7387,-0.6741,0,0.0153,0.674,0.7386,0,27.8738,0,0,1],"rest":[0.9974,-0.0541,-0.0467,0,0.0586,0.9932,0.1006,0,0.041,-0.1031,0.9938,0,27.8738,0,0,1],"parentBoneIndex":9,"length":9.2395
,"animation":{"dataType":3,"framePerSecond":24,"keys":[
{"frame":1,"values":[0.9999,-0.013,-0.0088,0,0.0037,0.7387,-0.6741,0,0.0153,0.674,0.7386,0,27.8738,0,0,1]},
{"frame":2,"values":[0.9996,0.0258,0.0089,0,-0.0135,0.7522,-0.6588,0,-0.0236,0.6585,0.7522,0,27.8738,0,0,1]},
{"frame":3,"values":[0.9993,0.0001,0.0363,0,0.0222,0.7883,-0.6148,0,-0.0287,0.6152,0.7878,0,27.8738,0,0,1]},
{"frame":4,"values":[0.9971,0.0722,0.0227,0,-0.0489,0.8434,-0.535,0,-0.0577,0.5324,0.8445,0,27.8738,0,0,1]},
{"frame":5,"values":[0.9921,0.0957,0.0806,0,-0.0371,0.8405,-0.5406,0,-0.1194,0.5333,0.8374,0,27.8738,0,0,1]},
{"frame":6,"values":[0.9898,0.096,0.1056,0,-0.0285,0.8578,-0.5131,0,-0.1398,0.5049,0.8518,0,27.8738,0,0,1]},
{"frame":7,"values":[0.9916,0.0166,0.1282,0,0.058,0.8291,-0.5561,0,-0.1155,0.5589,0.8211,0,27.8738,0,0,1]},
{"frame":8,"values":[0.996,-0.0388,0.0803,0,0.0773,0.8253,-0.5594,0,-0.0446,0.5634,0.825,0,27.8738,0,0,1]},
{"frame":9,"values":[0.9993,-0.0356,0.0099,0,0.0348,0.8152,-0.5781,0,0.0125,0.5781,0.8159,0,27.8738,0,0,1]},
{"frame":10,"values":[0.999,-0.024,-0.037,0,-0.0023,0.8104,-0.5859,0,0.0441,0.5854,0.8095,0,27.8738,0,0,1]},
{"frame":11,"values":[0.9992,-0.0169,-0.0365,0,-0.0079,0.8068,-0.5908,0,0.0395,0.5906,0.806,0,27.8738,0,0,1]},
{"frame":12,"values":[0.9993,0.0031,-0.0362,0,-0.026,0.7569,-0.653,0,0.0254,0.6536,0.7565,0,27.8738,0,0,1]},
{"frame":13,"values":[0.9999,-0.013,-0.0088,0,0.0037,0.7387,-0.6741,0,0.0153,0.6739,0.7386,0,27.8738,0,0,1]}],"loopBehavior":1,"name":"anim","property":"_matrix"}},
{"name":"boss:LeftHandThumb1","index":11,"matrix":[0.9599,-0.1379,-0.2442,0,0.1721,0.9772,0.1246,0,0.2214,-0.1616,0.9617,0,2.3785,-1.0029,2.6209,1],"rest":[0.9909,-0.0858,-0.104,0,0.0965,0.9901,0.102,0,0.0942,-0.1111,0.9893,0,2.3785,-1.0029,2.6209,1],"parentBoneIndex":10,"length":4.514
,"animation":{"dataType":3,"framePerSecond":24,"keys":[
{"frame":1,"values":[0.9599,-0.1379,-0.2442,0,0.1721,0.9772,0.1246,0,0.2214,-0.1616,0.9617,0,2.3785,-1.0029,2.6209,1]},
{"frame":13,"values":[0.9599,-0.1379,-0.2442,0,0.1721,0.9772,0.1246,0,0.2214,-0.1616,0.9617,0,2.3785,-1.0029,2.6209,1]}],"loopBehavior":1,"name":"anim","property":"_matrix"}},
{"name":"boss:LeftHandThumb2","index":12,"matrix":[1,0,0,0,0,1,0,0,0,0,1,0,3.3624,-1.0029,2.8398,1],"rest":[0.9723,0.0085,0.2336,0,0.008,0.9975,-0.0699,0,-0.2336,0.0698,0.9698,0,3.3624,-1.0029,2.8398,1],"parentBoneIndex":11,"length":5.1787
,"animation":{"dataType":3,"framePerSecond":24,"keys":[
{"frame":1,"values":[1,0,0,0,0,1,0,0,0,0,1,0,3.3624,-1.0029,2.8398,1]},
{"frame":13,"values":[1,0,0,0,0,1,0,0,0,0,1,0,3.3624,-1.0029,2.8398,1]}],"loopBehavior":1,"name":"anim","property":"_matrix"}},
{"name":"boss:LeftHandThumb3","index":13,"matrix":[0.9381,-0.0008,0.3465,0,0.0916,0.9649,-0.2459,0,-0.3342,0.2625,0.9052,0,4.5018,-1.3445,2.1783,1],"rest":[0.9717,-0.2361,0.003,0,0.2343,0.9658,0.111,0,-0.0291,-0.1072,0.9938,0,4.5018,-1.3445,2.1783,1],"parentBoneIndex":12,"length":0.01
,"animation":{"dataType":3,"framePerSecond":24,"keys":[
{"frame":1,"values":[0.9381,-0.0008,0.3465,0,0.0916,0.9649,-0.2459,0,-0.3342,0.2625,0.9052,0,4.5018,-1.3445,2.1783,1]},
{"frame":13,"values":[0.9381,-0.0008,0.3465,0,0.0916,0.9649,-0.2459,0,-0.3342,0.2625,0.9052,0,4.5018,-1.3445,2.1783,1]}],"loopBehavior":1,"name":"anim","property":"_matrix"}},
{"name":"boss:LeftHandThumb4","index":14,"matrix":[1,0,0,0,0,1,0,0,0,0,1,0,0,0,0,1],"rest":[1,0,0,0,0,1,0,0,0,0,1,0,0,0,0,1],"parentBoneIndex":13,"length":0.01
,"animation":{"dataType":3,"framePerSecond":24,"keys":[
{"frame":1,"values":[1,0,0,0,0,1,0,0,0,0,1,0,0,0,0,1]},
{"frame":13,"values":[1,0,0,0,0,1,0,0,0,0,1,0,0,0,0,1]}],"loopBehavior":1,"name":"anim","property":"_matrix"}},
{"name":"boss:LeftHandMiddle1","index":15,"matrix":[0.9509,-0.3004,0.0739,0,0.2831,0.9413,0.1841,0,-0.1249,-0.1542,0.9801,0,10.4639,0.6148,0.4298,1],"rest":[0.9974,0.0586,0.041,0,-0.0586,0.9983,-0.0012,0,-0.041,-0.0012,0.9992,0,10.4639,0.6148,0.4298,1],"parentBoneIndex":10,"length":5.7921
,"animation":{"dataType":3,"framePerSecond":24,"keys":[
{"frame":1,"values":[0.9509,-0.3004,0.0739,0,0.2831,0.9413,0.1841,0,-0.1249,-0.1542,0.9801,0,10.4639,0.6148,0.4298,1]},
{"frame":13,"values":[0.9509,-0.3004,0.0739,0,0.2831,0.9413,0.1841,0,-0.1249,-0.1542,0.9801,0,10.4639,0.6148,0.4298,1]}],"loopBehavior":1,"name":"anim","property":"_matrix"}},
{"name":"boss:LeftHandMiddle2","index":16,"matrix":[0.6955,-0.7185,0,0,0.7185,0.6955,0,0,0,0,1,0,5.7921,0,0,1],"rest":[1,0,0,0,0,1,0,0,0,0,1,0,5.7921,0,0,1],"parentBoneIndex":15,"length":3.7132
,"animation":{"dataType":3,"framePerSecond":24,"keys":[
{"frame":1,"values":[0.6955,-0.7185,0,0,0.7185,0.6955,0,0,0,0,1,0,5.7921,0,0,1]},
{"frame":13,"values":[0.6955,-0.7185,0,0,0.7185,0.6955,0,0,0,0,1,0,5.7921,0,0,1]}],"loopBehavior":1,"name":"anim","property":"_matrix"}},
{"name":"boss:LeftHandMiddle3","index":17,"matrix":[0.7198,-0.6941,0,0,0.6941,0.7198,0,0,0,0.0001,1,0,3.7132,0,0,1],"rest":[1,0,0,0,0,1,-0.0001,0,0,0.0001,1,0,3.7132,0,0,1],"parentBoneIndex":16,"length":0.01
,"animation":{"dataType":3,"framePerSecond":24,"keys":[
{"frame":1,"values":[0.7198,-0.6941,0,0,0.6941,0.7198,0,0,0,0.0001,1,0,3.7132,0,0,1]},
{"frame":13,"values":[0.7198,-0.6941,0,0,0.6941,0.7198,0,0,0,0.0001,1,0,3.7132,0,0,1]}],"loopBehavior":1,"name":"anim","property":"_matrix"}},
{"name":"boss:LeftHandMiddle4","index":18,"matrix":[1,0,0,0,0,1,0,0,0,0,1,0,0,0,0,1],"rest":[1,0,0,0,0,1,0,0,0,0,1,0,0,0,0,1],"parentBoneIndex":17,"length":0.01
,"animation":{"dataType":3,"framePerSecond":24,"keys":[
{"frame":1,"values":[1,0,0,0,0,1,0,0,0,0,1,0,0,0,0,1]},
{"frame":13,"values":[1,0,0,0,0,1,0,0,0,0,1,0,0,0,0,1]}],"loopBehavior":1,"name":"anim","property":"_matrix"}},
{"name":"boss:LeftHandIndex1","index":19,"matrix":[0.951,-0.302,0.067,0,0.287,0.9422,0.1729,0,-0.1154,-0.1451,0.9827,0,10.3945,0.6148,2.7055,1],"rest":[0.9974,0.0586,0.041,0,-0.0586,0.9983,-0.0012,0,-0.041,-0.0012,0.9992,0,10.3945,0.6148,2.7055,1],"parentBoneIndex":10,"length":5.5493
,"animation":{"dataType":3,"framePerSecond":24,"keys":[
{"frame":1,"values":[0.951,-0.302,0.067,0,0.287,0.9422,0.1729,0,-0.1154,-0.1451,0.9827,0,10.3945,0.6148,2.7055,1]},
{"frame":13,"values":[0.951,-0.302,0.067,0,0.287,0.9422,0.1729,0,-0.1154,-0.1451,0.9827,0,10.3945,0.6148,2.7055,1]}],"loopBehavior":1,"name":"anim","property":"_matrix"}},
{"name":"boss:LeftHandIndex2","index":20,"matrix":[0.878,-0.4786,0,0,0.4786,0.878,0,0,0,0,1,0,5.5493,0,0,1],"rest":[1,0,0,0,0,1,0,0,0,0,1,0,5.5493,0,0,1],"parentBoneIndex":19,"length":3.3911
,"animation":{"dataType":3,"framePerSecond":24,"keys":[
{"frame":1,"values":[0.878,-0.4786,0,0,0.4786,0.878,0,0,0,0,1,0,5.5493,0,0,1]},
{"frame":13,"values":[0.878,-0.4786,0,0,0.4786,0.878,0,0,0,0,1,0,5.5493,0,0,1]}],"loopBehavior":1,"name":"anim","property":"_matrix"}},
{"name":"boss:LeftHandIndex3","index":21,"matrix":[0.8773,-0.48,0,0,0.48,0.8773,-0.0001,0,0,0.0001,1,0,3.3911,0,0,1],"rest":[1,0,0,0,0,1,-0.0001,0,0,0.0001,1,0,3.3911,0,0,1],"parentBoneIndex":20,"length":0.01
,"animation":{"dataType":3,"framePerSecond":24,"keys":[
{"frame":1,"values":[0.8773,-0.48,0,0,0.48,0.8773,-0.0001,0,0,0.0001,1,0,3.3911,0,0,1]},
{"frame":13,"values":[0.8773,-0.48,0,0,0.48,0.8773,-0.0001,0,0,0.0001,1,0,3.3911,0,0,1]}],"loopBehavior":1,"name":"anim","property":"_matrix"}},
{"name":"boss:LeftHandIndex4","index":22,"matrix":[1,0,0,0,0,1,0,0,0,0,1,0,0,0,0,1],"rest":[1,0,0,0,0,1,0,0,0,0,1,0,0,0,0,1],"parentBoneIndex":21,"length":0.01
,"animation":{"dataType":3,"framePerSecond":24,"keys":[
{"frame":1,"values":[1,0,0,0,0,1,0,0,0,0,1,0,0,0,0,1]},
{"frame":13,"values":[1,0,0,0,0,1,0,0,0,0,1,0,0,0,0,1]}],"loopBehavior":1,"name":"anim","property":"_matrix"}},
{"name":"boss:LeftHandRing1","index":23,"matrix":[0.9656,-0.2504,0.0706,0,0.2491,0.9681,0.0261,0,-0.0749,-0.0077,0.9972,0,10.3252,0.3211,-1.8755,1],"rest":[0.9974,0.0586,0.041,0,-0.0586,0.9983,-0.0012,0,-0.041,-0.0012,0.9992,0,10.3252,0.3211,-1.8755,1],"parentBoneIndex":10,"length":5.4452
,"animation":{"dataType":3,"framePerSecond":24,"keys":[
{"frame":1,"values":[0.9656,-0.2504,0.0706,0,0.2491,0.9681,0.0261,0,-0.0749,-0.0077,0.9972,0,10.3252,0.3211,-1.8755,1]},
{"frame":13,"values":[0.9656,-0.2504,0.0706,0,0.2491,0.9681,0.0261,0,-0.0749,-0.0077,0.9972,0,10.3252,0.3211,-1.8755,1]}],"loopBehavior":1,"name":"anim","property":"_matrix"}},
{"name":"boss:LeftHandRing2","index":24,"matrix":[0.3573,-0.934,0,0,0.934,0.3573,0,0,0,0,1,0,5.4452,0,0,1],"rest":[1,0,0,0,0,1,0,0,0,0,1,0,5.4452,0,0,1],"parentBoneIndex":23,"length":3.7132
,"animation":{"dataType":3,"framePerSecond":24,"keys":[
{"frame":1,"values":[0.3573,-0.934,0,0,0.934,0.3573,0,0,0,0,1,0,5.4452,0,0,1]},
{"frame":13,"values":[0.3573,-0.934,0,0,0.934,0.3573,0,0,0,0,1,0,5.4452,0,0,1]}],"loopBehavior":1,"name":"anim","property":"_matrix"}},
{"name":"boss:LeftHandRing3","index":25,"matrix":[0.8208,-0.5558,-0.132,0,0.563,0.8262,0.0223,0,0.0966,-0.0926,0.991,0,3.7132,0,0,1],"rest":[1,0,0,0,0,1,-0.0001,0,0,0.0001,1,0,3.7132,0,0,1],"parentBoneIndex":24,"length":0.01
,"animation":{"dataType":3,"framePerSecond":24,"keys":[
{"frame":1,"values":[0.8208,-0.5558,-0.132,0,0.563,0.8262,0.0223,0,0.0966,-0.0926,0.991,0,3.7132,0,0,1]},
{"frame":3,"values":[0.8208,-0.5558,-0.1319,0,0.563,0.8262,0.0223,0,0.0966,-0.0926,0.991,0,3.7132,0,0,1]},
{"frame":4,"values":[0.8208,-0.5558,-0.132,0,0.563,0.8262,0.0223,0,0.0966,-0.0926,0.991,0,3.7132,0,0,1]},
{"frame":9,"values":[0.8208,-0.5558,-0.1319,0,0.563,0.8262,0.0223,0,0.0966,-0.0926,0.991,0,3.7132,0,0,1]},
{"frame":11,"values":[0.8208,-0.5558,-0.132,0,0.563,0.8262,0.0223,0,0.0966,-0.0926,0.991,0,3.7132,0,0,1]},
{"frame":13,"values":[0.8208,-0.5558,-0.132,0,0.563,0.8262,0.0223,0,0.0966,-0.0926,0.991,0,3.7132,0,0,1]}],"loopBehavior":1,"name":"anim","property":"_matrix"}},
{"name":"boss:LeftHandRing4","index":26,"matrix":[1,0,0,0,0,1,0,0,0,0,1,0,0,0,0,1],"rest":[1,0,0,0,0,1,0,0,0,0,1,0,0,0,0,1],"parentBoneIndex":25,"length":0.01
,"animation":{"dataType":3,"framePerSecond":24,"keys":[
{"frame":1,"values":[1,0,0,0,0,1,0,0,0,0,1,0,0,0,0,1]},
{"frame":13,"values":[1,0,0,0,0,1,0,0,0,0,1,0,0,0,0,1]}],"loopBehavior":1,"name":"anim","property":"_matrix"}},
{"name":"boss:LeftHandPinky1","index":27,"matrix":[0.9981,-0.0597,0.0174,0,0.0616,0.9881,-0.1409,0,-0.0088,0.1417,0.9899,0,10.013,-0.0783,-3.9671,1],"rest":[0.9974,0.0586,0.041,0,-0.0586,0.9983,-0.0012,0,-0.041,-0.0012,0.9992,0,10.013,-0.0783,-3.9671,1],"parentBoneIndex":10,"length":3.6763
,"animation":{"dataType":3,"framePerSecond":24,"keys":[
{"frame":1,"values":[0.9981,-0.0597,0.0174,0,0.0616,0.9881,-0.1409,0,-0.0088,0.1417,0.9899,0,10.013,-0.0783,-3.9671,1]},
{"frame":13,"values":[0.9981,-0.0597,0.0174,0,0.0616,0.9881,-0.1409,0,-0.0088,0.1417,0.9899,0,10.013,-0.0783,-3.9671,1]}],"loopBehavior":1,"name":"anim","property":"_matrix"}},
{"name":"boss:LeftHandPinky2","index":28,"matrix":[0.6209,-0.7839,0,0,0.7839,0.6209,0,0,0,0,1,0,3.6763,0,0,1],"rest":[1,0,0,0,0,1,0,0,0,0,1,0,3.6763,0,0,1],"parentBoneIndex":27,"length":2.8113
,"animation":{"dataType":3,"framePerSecond":24,"keys":[
{"frame":1,"values":[0.6209,-0.7839,0,0,0.7839,0.6209,0,0,0,0,1,0,3.6763,0,0,1]},
{"frame":13,"values":[0.6209,-0.7839,0,0,0.7839,0.6209,0,0,0,0,1,0,3.6763,0,0,1]}],"loopBehavior":1,"name":"anim","property":"_matrix"}},
{"name":"boss:LeftHandPinky3","index":29,"matrix":[0.8481,-0.5298,0.0001,0,0.5298,0.8481,-0.0001,0,0,0.0001,1,0,2.8113,0,0,1],"rest":[1,0,0,0,0,1,-0.0001,0,0,0.0001,1,0,2.8113,0,0,1],"parentBoneIndex":28,"length":0.01
,"animation":{"dataType":3,"framePerSecond":24,"keys":[
{"frame":1,"values":[0.8481,-0.5298,0.0001,0,0.5298,0.8481,-0.0001,0,0,0.0001,1,0,2.8113,0,0,1]},
{"frame":13,"values":[0.8481,-0.5298,0.0001,0,0.5298,0.8481,-0.0001,0,0,0.0001,1,0,2.8113,0,0,1]}],"loopBehavior":1,"name":"anim","property":"_matrix"}},
{"name":"boss:LeftHandPinky4","index":30,"matrix":[1,0,0,0,0,1,0,0,0,0,1,0,0,0,0,1],"rest":[1,0,0,0,0,1,0,0,0,0,1,0,0,0,0,1],"parentBoneIndex":29,"length":0.01
,"animation":{"dataType":3,"framePerSecond":24,"keys":[
{"frame":1,"values":[1,0,0,0,0,1,0,0,0,0,1,0,0,0,0,1]},
{"frame":13,"values":[1,0,0,0,0,1,0,0,0,0,1,0,0,0,0,1]}],"loopBehavior":1,"name":"anim","property":"_matrix"}},
{"name":"boss:RightShoulder","index":31,"matrix":[0.9056,-0.0156,-0.4239,0,0.0704,0.991,0.1139,0,0.4183,-0.1329,0.8985,0,-6.1402,10.187,-3.7932,1],"rest":[1,0,0,0,0,1,0,0,0,0,1,0,-6.1402,10.187,-3.7932,1],"parentBoneIndex":3,"length":12.5026
,"animation":{"dataType":3,"framePerSecond":24,"keys":[
{"frame":1,"values":[0.9056,-0.0156,-0.4239,0,0.0704,0.991,0.1139,0,0.4183,-0.1329,0.8985,0,-6.1402,10.187,-3.7932,1]},
{"frame":2,"values":[0.8978,-0.0152,-0.44,0,0.0742,0.9903,0.1172,0,0.434,-0.1379,0.8903,0,-6.1402,10.187,-3.7932,1]},
{"frame":3,"values":[0.8936,-0.014,-0.4487,0,0.0782,0.9891,0.1248,0,0.442,-0.1466,0.8849,0,-6.1402,10.187,-3.7932,1]},
{"frame":4,"values":[0.9017,-0.0104,-0.4323,0,0.0806,0.9862,0.1444,0,0.4248,-0.1651,0.8901,0,-6.1402,10.187,-3.7932,1]},
{"frame":5,"values":[0.9149,-0.0038,-0.4036,0,0.0838,0.9799,0.1808,0,0.3948,-0.1992,0.8969,0,-6.1402,10.187,-3.7932,1]},
{"frame":6,"values":[0.9297,0.0015,-0.3683,0,0.0816,0.9743,0.21,0,0.3591,-0.2253,0.9057,0,-6.1402,10.187,-3.7932,1]},
{"frame":7,"values":[0.9358,0.0031,-0.3526,0,0.0791,0.9726,0.2185,0,0.3436,-0.2324,0.9099,0,-6.1402,10.187,-3.7932,1]},
{"frame":8,"values":[0.9213,-0.0007,-0.3889,0,0.0842,0.9766,0.1977,0,0.3797,-0.2149,0.8998,0,-6.1402,10.187,-3.7932,1]},
{"frame":9,"values":[0.9066,-0.0058,-0.4219,0,0.0856,0.9817,0.1703,0,0.4132,-0.1905,0.8905,0,-6.1402,10.187,-3.7932,1]},
{"frame":10,"values":[0.9154,-0.0079,-0.4025,0,0.0777,0.9845,0.1575,0,0.395,-0.1755,0.9018,0,-6.1402,10.187,-3.7932,1]},
{"frame":11,"values":[0.9285,-0.0088,-0.3712,0,0.0696,0.9861,0.1507,0,0.3647,-0.1657,0.9163,0,-6.1402,10.187,-3.7932,1]},
{"frame":12,"values":[0.9195,-0.0123,-0.3929,0,0.0693,0.9889,0.1312,0,0.3869,-0.1478,0.9102,0,-6.1402,10.187,-3.7932,1]},
{"frame":13,"values":[0.9056,-0.0156,-0.4239,0,0.0704,0.991,0.1139,0,0.4183,-0.1329,0.8985,0,-6.1402,10.187,-3.7932,1]}],"loopBehavior":1,"name":"anim","property":"_matrix"}},
{"name":"boss:RightArm","index":32,"matrix":[0.712,0.2618,-0.6515,0,-0.4013,0.9132,-0.0715,0,0.5762,0.3123,0.7553,0,-12.3231,-1.113,-1.7935,1],"rest":[1,0,0,0,0,1,0,0,0,0,1,0,-12.3231,-1.113,-1.7935,1],"parentBoneIndex":31,"length":27.687
,"animation":{"dataType":3,"framePerSecond":24,"keys":[
{"frame":1,"values":[0.712,0.2618,-0.6515,0,-0.4013,0.9132,-0.0715,0,0.5762,0.3123,0.7553,0,-12.3231,-1.113,-1.7935,1]},
{"frame":2,"values":[0.6762,0.2212,-0.7027,0,-0.3936,0.9148,-0.0907,0,0.6228,0.3379,0.7057,0,-12.3231,-1.113,-1.7935,1]},
{"frame":3,"values":[0.6405,0.2315,-0.7323,0,-0.3731,0.9272,-0.0332,0,0.6713,0.2945,0.6802,0,-12.3231,-1.113,-1.7935,1]},
{"frame":4,"values":[0.5716,0.1992,-0.796,0,-0.3418,0.9397,-0.0103,0,0.7459,0.2779,0.6052,0,-12.3231,-1.113,-1.7935,1]},
{"frame":5,"values":[0.5098,0.1393,-0.8489,0,-0.3268,0.9442,-0.0413,0,0.7958,0.2985,0.5269,0,-12.3231,-1.113,-1.7935,1]},
{"frame":6,"values":[0.4494,0.0977,-0.888,0,-0.305,0.9511,-0.0497,0,0.8397,0.2932,0.4572,0,-12.3231,-1.113,-1.7935,1]},
{"frame":7,"values":[0.4671,0.1414,-0.8728,0,-0.2748,0.9615,0.0087,0,0.8404,0.2358,0.4879,0,-12.3231,-1.113,-1.7935,1]},
{"frame":8,"values":[0.5782,0.2043,-0.7899,0,-0.2991,0.9538,0.0278,0,0.7591,0.2202,0.6126,0,-12.3231,-1.113,-1.7935,1]},
{"frame":9,"values":[0.6741,0.3137,-0.6687,0,-0.3998,0.9162,0.0268,0,0.6211,0.2493,0.7431,0,-12.3231,-1.113,-1.7935,1]},
{"frame":10,"values":[0.6721,0.3673,-0.643,0,-0.4333,0.8992,0.0607,0,0.6005,0.2378,0.7635,0,-12.3231,-1.113,-1.7935,1]},
{"frame":11,"values":[0.6943,0.3502,-0.6288,0,-0.4398,0.898,0.0145,0,0.5697,0.2665,0.7774,0,-12.3231,-1.113,-1.7935,1]},
{"frame":12,"values":[0.7213,0.2893,-0.6293,0,-0.424,0.9029,-0.0709,0,0.5477,0.3179,0.7739,0,-12.3231,-1.113,-1.7935,1]},
{"frame":13,"values":[0.712,0.2618,-0.6515,0,-0.4013,0.9132,-0.0715,0,0.5762,0.3124,0.7552,0,-12.3231,-1.113,-1.7935,1]}],"loopBehavior":1,"name":"anim","property":"_matrix"}},
{"name":"boss:RightForeArm","index":33,"matrix":[-0.1611,-0.3546,-0.921,0,-0.6494,0.7408,-0.1716,0,0.7432,0.5704,-0.3497,0,-27.687,0,0,1],"rest":[1,0,0,0,0,1,0,0,0,0,1,0,-27.687,0,0,1],"parentBoneIndex":32,"length":27.8738
,"animation":{"dataType":3,"framePerSecond":24,"keys":[
{"frame":1,"values":[-0.1611,-0.3546,-0.921,0,-0.6494,0.7408,-0.1716,0,0.7432,0.5704,-0.3497,0,-27.687,0,0,1]},
{"frame":2,"values":[-0.0966,-0.3839,-0.9183,0,-0.6459,0.7261,-0.2357,0,0.7573,0.5704,-0.3181,0,-27.687,0,0,1]},
{"frame":3,"values":[-0.0536,-0.408,-0.9114,0,-0.6109,0.7354,-0.2933,0,0.7899,0.541,-0.2887,0,-27.687,0,0,1]},
{"frame":4,"values":[-0.0035,-0.3814,-0.9244,0,-0.6766,0.6816,-0.2786,0,0.7363,0.6245,-0.2604,0,-27.687,0,0,1]},
{"frame":5,"values":[0.0463,-0.3591,-0.9321,0,-0.6935,0.6601,-0.2887,0,0.719,0.6598,-0.2185,0,-27.687,0,0,1]},
{"frame":6,"values":[0.0722,-0.3647,-0.9283,0,-0.6567,0.6832,-0.3195,0,0.7507,0.6327,-0.1901,0,-27.687,0,0,1]},
{"frame":7,"values":[0.09,-0.3783,-0.9213,0,-0.6052,0.7139,-0.3523,0,0.791,0.5892,-0.1647,0,-27.687,0,0,1]},
{"frame":8,"values":[-0.0089,-0.3975,-0.9176,0,-0.5577,0.7636,-0.3253,0,0.83,0.5088,-0.2285,0,-27.687,0,0,1]},
{"frame":9,"values":[-0.1423,-0.4029,-0.9041,0,-0.5371,0.7987,-0.2714,0,0.8314,0.447,-0.3301,0,-27.687,0,0,1]},
{"frame":10,"values":[-0.2098,-0.4009,-0.8918,0,-0.5062,0.8249,-0.2517,0,0.8365,0.3986,-0.376,0,-27.687,0,0,1]},
{"frame":11,"values":[-0.225,-0.3887,-0.8935,0,-0.5596,0.8022,-0.208,0,0.7976,0.4532,-0.3981,0,-27.687,0,0,1]},
{"frame":12,"values":[-0.1927,-0.368,-0.9096,0,-0.6293,0.7576,-0.1732,0,0.7529,0.5391,-0.3776,0,-27.687,0,0,1]},
{"frame":13,"values":[-0.1611,-0.3546,-0.921,0,-0.6494,0.7408,-0.1717,0,0.7432,0.5704,-0.3496,0,-27.687,0,0,1]}],"loopBehavior":1,"name":"anim","property":"_matrix"}},
{"name":"boss:RightHand","index":34,"matrix":[0.9794,-0.1731,0.1041,0,0.1719,0.9849,0.0205,0,-0.1061,-0.0022,0.9944,0,-27.8738,0,0,1],"rest":[0.9982,0.042,0.0432,0,-0.0454,0.9957,0.0802,0,-0.0397,-0.082,0.9958,0,-27.8738,0,0,1],"parentBoneIndex":33,"length":9.3328
,"animation":{"dataType":3,"framePerSecond":24,"keys":[
{"frame":1,"values":[0.9794,-0.1731,0.1041,0,0.1719,0.9849,0.0205,0,-0.1061,-0.0022,0.9944,0,-27.8738,0,0,1]},
{"frame":2,"values":[0.9922,-0.0708,0.1024,0,0.0715,0.9974,-0.0028,0,-0.1019,0.0101,0.9947,0,-27.8738,0,0,1]},
{"frame":3,"values":[0.9987,-0.0202,0.0471,0,0.0218,0.9992,-0.0329,0,-0.0464,0.0339,0.9983,0,-27.8738,0,0,1]},
{"frame":4,"values":[0.9994,-0.0351,-0.0074,0,0.0351,0.9994,-0.0007,0,0.0074,0.0005,1,0,-27.8738,0,0,1]},
{"frame":5,"values":[0.998,-0.0066,-0.0626,0,0.0062,1,-0.0072,0,0.0626,0.0068,0.998,0,-27.8738,0,0,1]},
{"frame":6,"values":[0.9973,0.0314,-0.0661,0,-0.0344,0.9984,-0.0447,0,0.0646,0.0468,0.9968,0,-27.8738,0,0,1]},
{"frame":7,"values":[0.9957,0.0143,-0.0916,0,-0.0244,0.9937,-0.1097,0,0.0894,0.1115,0.9897,0,-27.8738,0,0,1]},
{"frame":8,"values":[0.9954,-0.0876,-0.0385,0,0.0816,0.9872,-0.1373,0,0.05,0.1335,0.9898,0,-27.8738,0,0,1]},
{"frame":9,"values":[0.9846,-0.1717,0.0337,0,0.1745,0.9784,-0.1107,0,-0.014,0.1149,0.9933,0,-27.8738,0,0,1]},
{"frame":10,"values":[0.9663,-0.242,0.0882,0,0.2506,0.9625,-0.104,0,-0.0598,0.1226,0.9907,0,-27.8738,0,0,1]},
{"frame":11,"values":[0.9631,-0.2429,0.1162,0,0.2506,0.9664,-0.0569,0,-0.0985,0.084,0.9916,0,-27.8738,0,0,1]},
{"frame":12,"values":[0.9712,-0.2071,0.1177,0,0.2103,0.9775,-0.015,0,-0.1119,0.0394,0.9929,0,-27.8738,0,0,1]},
{"frame":13,"values":[0.9794,-0.1731,0.1041,0,0.1719,0.9849,0.0205,0,-0.1061,-0.0022,0.9944,0,-27.8738,0,0,1]}],"loopBehavior":1,"name":"anim","property":"_matrix"}},
{"name":"boss:RightHandThumb1","index":35,"matrix":[0.9847,-0.0642,0.1622,0,-0.0015,0.9266,0.376,0,-0.1744,-0.3704,0.9123,0,-2.5178,-0.9367,2.5137,1],"rest":[0.9871,0.0756,0.1414,0,-0.0924,0.9889,0.116,0,-0.131,-0.1275,0.9831,0,-2.5178,-0.9367,2.5137,1],"parentBoneIndex":34,"length":4.5427
,"animation":{"dataType":3,"framePerSecond":24,"keys":[
{"frame":1,"values":[0.9847,-0.0642,0.1622,0,-0.0015,0.9266,0.376,0,-0.1744,-0.3704,0.9123,0,-2.5178,-0.9367,2.5137,1]},
{"frame":13,"values":[0.9847,-0.0642,0.1622,0,-0.0015,0.9266,0.376,0,-0.1744,-0.3704,0.9123,0,-2.5178,-0.9367,2.5137,1]}],"loopBehavior":1,"name":"anim","property":"_matrix"}},
{"name":"boss:RightHandThumb2","index":36,"matrix":[0.9939,-0.001,0.11,0,-0.001,0.9998,0.0186,0,-0.11,-0.0186,0.9938,0,-3.2638,-1.087,2.9669,1],"rest":[0.964,0.004,-0.2657,0,-0.0244,0.997,-0.0735,0,0.2646,0.0773,0.9612,0,-3.2638,-1.087,2.9669,1],"parentBoneIndex":35,"length":5.0933
,"animation":{"dataType":3,"framePerSecond":24,"keys":[
{"frame":1,"values":[0.9939,-0.001,0.11,0,-0.001,0.9998,0.0186,0,-0.11,-0.0186,0.9938,0,-3.2638,-1.087,2.9669,1]},
