{"producer":{"name":"Blender","version":"2.90.0","exporter_version":"2.80.1","file":"strafeleft_riffle.babylon"},
"autoClear":true,"clearColor":[0.0509,0.0509,0.0509],"gravity":[0,-9.81,0],
"materials":[{"name":"Material","id":"Material","customType":"BABYLON.PBRMaterial","backFaceCulling":true,"checkReadyOnlyOnce":false,"maxSimultaneousLights":4,"environmentIntensity":1,"albedo":[0.8,0.8,0.8],"reflectivity":[0.5,0.5,0.5],"roughness":0.4,"alpha":1,"transparencyMode":0,"alphaCutOff":0.4,"metallic":0}],
"multiMaterials":[],
"skeletons":[{"name":"Armature","id":0,"dimensionsAtRest":[188.1767,172.4535,15.5905],"bones":[
{"name":"boss:Hips","index":0,"matrix":[0.6646,0.0687,-0.744,0,-0.0723,0.997,0.0275,0,-0.7437,-0.0355,-0.6676,0,0,85.5182,0,1],"rest":[1,0,0,0,0,1,0,0,0,0,-1,0,0,96.3794,0,1],"parentBoneIndex":-1,"length":9.9032
,"animation":{"dataType":3,"framePerSecond":24,"keys":[
{"frame":1,"values":[0.6646,0.0687,-0.744,0,-0.0723,0.997,0.0275,0,-0.7437,-0.0355,-0.6676,0,0,85.5182,0,1]},
{"frame":2,"values":[0.6852,0.067,-0.7253,0,-0.0751,0.997,0.0212,0,-0.7245,-0.0399,-0.6882,0,-1.5729,86.2294,0.0825,1]},
{"frame":3,"values":[0.7055,0.0653,-0.7057,0,-0.078,0.9969,0.0143,0,-0.7044,-0.0449,-0.7084,0,-2.8306,85.8203,0.0111,1]},
{"frame":4,"values":[0.7253,0.0638,-0.6855,0,-0.0806,0.9967,0.0074,0,-0.6837,-0.0499,-0.728,0,-4.0968,84.501,-0.1899,1]},
{"frame":5,"values":[0.7441,0.0625,-0.6652,0,-0.0827,0.9966,0.0012,0,-0.663,-0.0541,-0.7467,0,-5.2893,82.291,-0.4966,1]},
{"frame":6,"values":[0.7616,0.0616,-0.6451,0,-0.0839,0.9965,-0.0038,0,-0.6426,-0.057,-0.7641,0,-6.2064,79.4978,-0.8859,1]},
{"frame":7,"values":[0.7775,0.0615,-0.6259,0,-0.0836,0.9965,-0.006,0,-0.6233,-0.057,-0.7799,0,-5.9525,77.4092,-1.3314,1]},
{"frame":8,"values":[0.7809,0.0591,-0.6218,0,-0.0798,0.9968,-0.0055,0,-0.6195,-0.0539,-0.7832,0,-4.7527,77.3175,-1.8157,1]},
{"frame":9,"values":[0.7528,0.0518,-0.6563,0,-0.0722,0.9974,-0.004,0,-0.6543,-0.0504,-0.7545,0,-2.8673,78.7967,-2.3214,1]},
{"frame":10,"values":[0.7231,0.0437,-0.6894,0,-0.0621,0.9981,-0.0018,0,-0.688,-0.0441,-0.7244,0,-1.8899,80.1683,-2.8089,1]},
{"frame":11,"values":[0.6924,0.0357,-0.7206,0,-0.0513,0.9987,0.0002,0,-0.7197,-0.0368,-0.6933,0,-1.5141,81.5032,-3.2745,1]},
{"frame":12,"values":[0.6612,0.0276,-0.7497,0,-0.0394,0.9992,0.0021,0,-0.7491,-0.0281,-0.6618,0,-1.8468,83.1979,-3.673,1]},
{"frame":13,"values":[0.6289,0.02,-0.7772,0,-0.027,0.9996,0.0038,0,-0.777,-0.0186,-0.6292,0,-2.3766,84.7281,-3.9836,1]},
{"frame":14,"values":[0.5951,0.013,-0.8036,0,-0.0147,0.9999,0.0053,0,-0.8035,-0.0087,-0.5952,0,-3.0665,85.5337,-4.183,1]},
{"frame":15,"values":[0.5592,0.0068,-0.829,0,-0.0027,1,0.0064,0,-0.829,0.0014,-0.5592,0,-3.8014,85.6003,-4.2496,1]},
{"frame":16,"values":[0.5208,0.0018,-0.8537,0,0.0086,0.9999,0.0073,0,-0.8537,0.0111,-0.5207,0,-4.6161,84.9129,-4.1405,1]},
{"frame":17,"values":[0.4793,-0.002,-0.8776,0,0.0187,0.9998,0.0079,0,-0.8774,0.0202,-0.4792,0,-5.4124,83.1185,-3.8558,1]},
{"frame":18,"values":[0.4341,-0.0043,-0.9009,0,0.0273,0.9996,0.0083,0,-0.9005,0.0282,-0.434,0,-6.1079,80.9223,-3.4396,1]},
{"frame":19,"values":[0.3849,-0.0052,-0.9229,0,0.0341,0.9994,0.0086,0,-0.9223,0.0348,-0.3849,0,-6.5261,78.8873,-2.9223,1]},
{"frame":20,"values":[0.3577,-0.0022,-0.9338,0,0.0331,0.9994,0.0103,0,-0.9333,0.0346,-0.3575,0,-6.5532,77.5936,-2.3426,1]},
{"frame":21,"values":[0.4085,0.0055,-0.9128,0,0.0194,0.9997,0.0148,0,-0.9126,0.0238,-0.4082,0,-6.3743,77.5905,-1.733,1]},
{"frame":22,"values":[0.473,0.0182,-0.8809,0,-0.001,0.9998,0.0201,0,-0.8811,0.0086,-0.4729,0,-5.1564,78.9005,-1.146,1]},
{"frame":23,"values":[0.5406,0.0338,-0.8406,0,-0.0245,0.9994,0.0244,0,-0.8409,-0.0074,-0.5411,0,-3.5145,81.0156,-0.6396,1]},
{"frame":24,"values":[0.6059,0.0512,-0.7939,0,-0.049,0.9984,0.0269,0,-0.794,-0.0226,-0.6075,0,-1.7078,83.4073,-0.245,1]},
{"frame":25,"values":[0.6646,0.0687,-0.744,0,-0.0723,0.997,0.0275,0,-0.7437,-0.0355,-0.6676,0,0,85.5182,0.0009,1]}],"loopBehavior":1,"name":"anim","property":"_matrix"}},
{"name":"boss:Spine","index":1,"matrix":[0.9967,-0.0817,-0.0001,0,0.0817,0.9967,-0.0001,0,0.0001,0.0001,1,0,0,9.2263,1.5771,1],"rest":[1,0,0,0,0,1,0,0,0,0,1,0,0,9.2263,1.5771,1],"parentBoneIndex":0,"length":16.2548
,"animation":{"dataType":3,"framePerSecond":24,"keys":[
{"frame":1,"values":[0.9967,-0.0817,-0.0001,0,0.0817,0.9967,-0.0001,0,0.0001,0.0001,1,0,0,9.2263,1.5771,1]},
{"frame":2,"values":[0.9966,-0.0809,0.0145,0,0.081,0.9967,-0.0014,0,-0.0144,0.0025,0.9999,0,0,9.2263,1.5771,1]},
{"frame":3,"values":[0.9964,-0.0798,0.0295,0,0.0799,0.9968,-0.0029,0,-0.0292,0.0052,0.9996,0,0,9.2263,1.5771,1]},
{"frame":4,"values":[0.9959,-0.079,0.0444,0,0.0793,0.9968,-0.0052,0,-0.0438,0.0087,0.999,0,0,9.2263,1.5771,1]},
{"frame":5,"values":[0.9952,-0.0788,0.0587,0,0.0793,0.9968,-0.0068,0,-0.058,0.0114,0.9983,0,0,9.2263,1.5771,1]},
{"frame":6,"values":[0.9943,-0.0796,0.0714,0,0.0804,0.9967,-0.0076,0,-0.0705,0.0133,0.9974,0,0,9.2263,1.5771,1]},
{"frame":7,"values":[0.9931,-0.084,0.0817,0,0.085,0.9963,-0.0098,0,-0.0806,0.0167,0.9966,0,0,9.2263,1.5771,1]},
{"frame":8,"values":[0.9932,-0.0861,0.0785,0,0.0871,0.9962,-0.0095,0,-0.0774,0.0162,0.9969,0,0,9.2263,1.5771,1]},
{"frame":9,"values":[0.9952,-0.0757,0.0618,0,0.0763,0.9971,-0.0071,0,-0.0611,0.0118,0.9981,0,0,9.2263,1.5771,1]},
{"frame":10,"values":[0.9965,-0.071,0.0431,0,0.0713,0.9974,-0.0053,0,-0.0426,0.0083,0.9991,0,0,9.2263,1.5771,1]},
{"frame":11,"values":[0.9973,-0.0688,0.0238,0,0.0689,0.9976,-0.002,0,-0.0236,0.0037,0.9997,0,0,9.2263,1.5771,1]},
{"frame":12,"values":[0.9975,-0.0712,0.0022,0,0.0712,0.9975,0.0026,0,-0.0024,-0.0025,1,0,0,9.2263,1.5771,1]},
{"frame":13,"values":[0.997,-0.0752,-0.0208,0,0.0753,0.9971,0.0066,0,0.0202,-0.0081,0.9998,0,0,9.2263,1.5771,1]},
{"frame":14,"values":[0.9959,-0.0783,-0.0451,0,0.0788,0.9968,0.0105,0,0.0441,-0.014,0.9989,0,0,9.2263,1.5771,1]},
{"frame":15,"values":[0.9943,-0.0812,-0.0696,0,0.0825,0.9965,0.0155,0,0.0681,-0.0212,0.9975,0,0,9.2263,1.5771,1]},
{"frame":16,"values":[0.9922,-0.0821,-0.0933,0,0.0844,0.9962,0.0212,0,0.0912,-0.0289,0.9954,0,0,9.2263,1.5771,1]},
{"frame":17,"values":[0.99,-0.0791,-0.1171,0,0.0828,0.9962,0.0269,0,0.1145,-0.0363,0.9928,0,0,9.2263,1.5771,1]},
{"frame":18,"values":[0.9876,-0.0694,-0.1409,0,0.0748,0.9967,0.0328,0,0.1381,-0.043,0.9895,0,0,9.2263,1.5771,1]},
{"frame":19,"values":[0.9859,-0.0534,-0.1585,0,0.0602,0.9974,0.0384,0,0.156,-0.0474,0.9866,0,0,9.2263,1.5771,1]},
{"frame":20,"values":[0.9868,-0.0378,-0.1576,0,0.0449,0.9981,0.0418,0,0.1558,-0.0484,0.9866,0,0,9.2263,1.5771,1]},
{"frame":21,"values":[0.9901,-0.0485,-0.1317,0,0.0536,0.9979,0.0356,0,0.1297,-0.0424,0.9906,0,0,9.2263,1.5771,1]},
{"frame":22,"values":[0.9934,-0.0586,-0.0985,0,0.0616,0.9977,0.0279,0,0.0966,-0.0337,0.9947,0,0,9.2263,1.5771,1]},
{"frame":23,"values":[0.9957,-0.066,-0.0648,0,0.0673,0.9976,0.018,0,0.0635,-0.0223,0.9977,0,0,9.2263,1.5771,1]},
{"frame":24,"values":[0.9968,-0.0741,-0.0308,0,0.0744,0.9972,0.0078,0,0.0302,-0.0101,0.9995,0,0,9.2263,1.5771,1]},
{"frame":25,"values":[0.9967,-0.0817,-0.0001,0,0.0817,0.9967,0,0,0.0001,0,1,0,0,9.2263,1.5771,1]}],"loopBehavior":1,"name":"anim","property":"_matrix"}},
{"name":"boss:Spine1","index":2,"matrix":[0.9806,0.1105,-0.1619,0,-0.0408,0.923,0.3826,0,0.1917,-0.3686,0.9096,0,0,16.254,-0.1656,1],"rest":[1,0,0,0,0,1,0,0,0,0,1,0,0,16.254,-0.1656,1],"parentBoneIndex":1,"length":13.7007
,"animation":{"dataType":3,"framePerSecond":24,"keys":[
{"frame":1,"values":[0.9806,0.1105,-0.1619,0,-0.0408,0.923,0.3826,0,0.1917,-0.3686,0.9096,0,0,16.254,-0.1656,1]},
{"frame":2,"values":[0.9807,0.1101,-0.1618,0,-0.0405,0.923,0.3828,0,0.1915,-0.3688,0.9096,0,0,16.254,-0.1656,1]},
{"frame":3,"values":[0.9807,0.1102,-0.1614,0,-0.0405,0.9226,0.3836,0,0.1912,-0.3696,0.9093,0,0,16.254,-0.1656,1]},
{"frame":4,"values":[0.9807,0.1109,-0.1612,0,-0.0409,0.922,0.3851,0,0.1914,-0.3711,0.9087,0,0,16.254,-0.1656,1]},
{"frame":5,"values":[0.9806,0.1113,-0.1612,0,-0.0411,0.9215,0.3861,0,0.1916,-0.372,0.9083,0,0,16.254,-0.1656,1]},
{"frame":6,"values":[0.9804,0.111,-0.1628,0,-0.0403,0.9217,0.3857,0,0.1928,-0.3716,0.9082,0,0,16.254,-0.1656,1]},
{"frame":7,"values":[0.9803,0.1123,-0.1623,0,-0.0414,0.9211,0.3871,0,0.193,-0.3728,0.9076,0,0,16.254,-0.1656,1]},
{"frame":8,"values":[0.981,0.1117,-0.1585,0,-0.0423,0.921,0.3872,0,0.1893,-0.3731,0.9083,0,0,16.254,-0.1656,1]},
{"frame":9,"values":[0.9804,0.1056,-0.1666,0,-0.0338,0.9222,0.3853,0,0.1943,-0.3721,0.9076,0,0,16.254,-0.1656,1]},
{"frame":10,"values":[0.9802,0.1023,-0.1696,0,-0.0299,0.9228,0.3842,0,0.1958,-0.3715,0.9075,0,0,16.254,-0.1656,1]},
{"frame":11,"values":[0.9804,0.1,-0.1697,0,-0.028,0.9236,0.3824,0,0.195,-0.3702,0.9083,0,0,16.254,-0.1656,1]},
{"frame":12,"values":[0.9808,0.0999,-0.1673,0,-0.0294,0.9246,0.3798,0,0.1926,-0.3676,0.9098,0,0,16.254,-0.1656,1]},
{"frame":13,"values":[0.9811,0.1021,-0.1645,0,-0.0328,0.925,0.3785,0,0.1908,-0.3659,0.9109,0,0,16.254,-0.1656,1]},
{"frame":14,"values":[0.981,0.1042,-0.1634,0,-0.0354,0.9253,0.3775,0,0.1905,-0.3646,0.9115,0,0,16.254,-0.1656,1]},
{"frame":15,"values":[0.9809,0.1068,-0.1627,0,-0.0384,0.9259,0.3759,0,0.1907,-0.3625,0.9123,0,0,16.254,-0.1656,1]},
{"frame":16,"values":[0.9807,0.1089,-0.1624,0,-0.0411,0.9267,0.3735,0,0.1912,-0.3596,0.9133,0,0,16.254,-0.1656,1]},
{"frame":17,"values":[0.9804,0.1095,-0.1635,0,-0.0416,0.9274,0.3717,0,0.1924,-0.3577,0.9138,0,0,16.254,-0.1656,1]},
{"frame":18,"values":[0.98,0.1071,-0.1675,0,-0.0383,0.9284,0.3697,0,0.195,-0.3559,0.9139,0,0,16.254,-0.1656,1]},
{"frame":19,"values":[0.9787,0.1019,-0.1781,0,-0.0296,0.929,0.3689,0,0.2031,-0.3557,0.9123,0,0,16.254,-0.1656,1]},
{"frame":20,"values":[0.9773,0.0949,-0.1896,0,-0.0188,0.9295,0.3682,0,0.2112,-0.3563,0.9102,0,0,16.254,-0.1656,1]},
{"frame":21,"values":[0.9792,0.0984,-0.1775,0,-0.0263,0.9289,0.3694,0,0.2012,-0.3571,0.9122,0,0,16.254,-0.1656,1]},
{"frame":22,"values":[0.9808,0.1008,-0.1671,0,-0.0321,0.928,0.3713,0,0.1925,-0.3587,0.9134,0,0,16.254,-0.1656,1]},
{"frame":23,"values":[0.9809,0.1039,-0.1647,0,-0.0352,0.9265,0.3747,0,0.1915,-0.3617,0.9124,0,0,16.254,-0.1656,1]},
{"frame":24,"values":[0.9807,0.1077,-0.1631,0,-0.0384,0.9243,0.3797,0,0.1917,-0.3661,0.9106,0,0,16.254,-0.1656,1]},
{"frame":25,"values":[0.9806,0.1105,-0.1618,0,-0.0409,0.923,0.3825,0,0.1916,-0.3685,0.9097,0,0,16.254,-0.1656,1]}],"loopBehavior":1,"name":"anim","property":"_matrix"}},
{"name":"boss:Spine2","index":3,"matrix":[0.9681,0.1589,-0.1936,0,-0.0831,0.933,0.3503,0,0.2363,-0.323,0.9164,0,0,13.6396,-1.2923,1],"rest":[1,0,0,0,0,1,0,0,0,0,1,0,0,13.6396,-1.2923,1],"parentBoneIndex":2,"length":13.1719
,"animation":{"dataType":3,"framePerSecond":24,"keys":[
{"frame":1,"values":[0.9681,0.1589,-0.1936,0,-0.0831,0.933,0.3503,0,0.2363,-0.323,0.9164,0,0,13.6396,-1.2923,1]},
{"frame":2,"values":[0.9682,0.1585,-0.1936,0,-0.0827,0.933,0.3503,0,0.2361,-0.3231,0.9164,0,0,13.6396,-1.2923,1]},
{"frame":3,"values":[0.9682,0.1587,-0.1936,0,-0.0827,0.9327,0.3511,0,0.2363,-0.3239,0.9161,0,0,13.6396,-1.2923,1]},
{"frame":4,"values":[0.968,0.1597,-0.1936,0,-0.0833,0.9321,0.3525,0,0.2367,-0.3251,0.9156,0,0,13.6396,-1.2923,1]},
{"frame":5,"values":[0.9679,0.1602,-0.1936,0,-0.0835,0.9317,0.3535,0,0.237,-0.326,0.9152,0,0,13.6396,-1.2923,1]},
{"frame":6,"values":[0.9679,0.1588,-0.1948,0,-0.0817,0.9319,0.3535,0,0.2377,-0.3262,0.9149,0,0,13.6396,-1.2923,1]},
{"frame":7,"values":[0.9678,0.1598,-0.1945,0,-0.0825,0.9313,0.3549,0,0.2378,-0.3274,0.9145,0,0,13.6396,-1.2923,1]},
{"frame":8,"values":[0.9684,0.1608,-0.1909,0,-0.0848,0.9312,0.3544,0,0.2347,-0.3271,0.9154,0,0,13.6396,-1.2923,1]},
{"frame":9,"values":[0.9686,0.1527,-0.1963,0,-0.0751,0.9321,0.3543,0,0.2371,-0.3284,0.9143,0,0,13.6396,-1.2923,1]},
{"frame":10,"values":[0.9689,0.1486,-0.1978,0,-0.0708,0.9326,0.354,0,0.2371,-0.329,0.9141,0,0,13.6396,-1.2923,1]},
{"frame":11,"values":[0.9694,0.1461,-0.1971,0,-0.069,0.9332,0.3525,0,0.2355,-0.3282,0.9148,0,0,13.6396,-1.2923,1]},
{"frame":12,"values":[0.9697,0.1466,-0.1953,0,-0.0708,0.9342,0.3495,0,0.2337,-0.3251,0.9163,0,0,13.6396,-1.2923,1]},
{"frame":13,"values":[0.9696,0.1495,-0.1938,0,-0.0747,0.9348,0.3473,0,0.2331,-0.3223,0.9175,0,0,13.6396,-1.2923,1]},
{"frame":14,"values":[0.9692,0.1519,-0.1938,0,-0.0775,0.9351,0.3457,0,0.2338,-0.3201,0.9181,0,0,13.6396,-1.2923,1]},
{"frame":15,"values":[0.9686,0.1548,-0.1945,0,-0.0806,0.9357,0.3434,0,0.2352,-0.3169,0.9188,0,0,13.6396,-1.2923,1]},
{"frame":16,"values":[0.9681,0.1568,-0.1957,0,-0.0829,0.9367,0.3403,0,0.2366,-0.3132,0.9197,0,0,13.6396,-1.2923,1]},
{"frame":17,"values":[0.9677,0.157,-0.1973,0,-0.0831,0.9373,0.3384,0,0.2381,-0.3111,0.9201,0,0,13.6396,-1.2923,1]},
{"frame":18,"values":[0.9677,0.1534,-0.2003,0,-0.079,0.9382,0.3371,0,0.2396,-0.3104,0.9199,0,0,13.6396,-1.2923,1]},
{"frame":19,"values":[0.9674,0.1448,-0.2079,0,-0.0677,0.9385,0.3386,0,0.2441,-0.3134,0.9177,0,0,13.6396,-1.2923,1]},
{"frame":20,"values":[0.9673,0.1341,-0.2154,0,-0.0542,0.9385,0.3409,0,0.2479,-0.318,0.9151,0,0,13.6396,-1.2923,1]},
{"frame":21,"values":[0.9684,0.141,-0.2055,0,-0.0645,0.9382,0.34,0,0.2408,-0.316,0.9177,0,0,13.6396,-1.2923,1]},
{"frame":22,"values":[0.9694,0.1467,-0.1967,0,-0.0728,0.9375,0.3402,0,0.2344,-0.3155,0.9195,0,0,13.6396,-1.2923,1]},
{"frame":23,"values":[0.9691,0.1508,-0.1952,0,-0.0766,0.9362,0.343,0,0.2345,-0.3174,0.9188,0,0,13.6396,-1.2923,1]},
{"frame":24,"values":[0.9685,0.1555,-0.1947,0,-0.0802,0.9342,0.3475,0,0.2359,-0.3209,0.9173,0,0,13.6396,-1.2923,1]},
{"frame":25,"values":[0.9681,0.1588,-0.1941,0,-0.0829,0.9331,0.3499,0,0.2366,-0.3227,0.9164,0,0,13.6396,-1.2923,1]}],"loopBehavior":1,"name":"anim","property":"_matrix"}},
{"name":"boss:Neck","index":4,"matrix":[0.9997,0.0222,-0.013,0,-0.023,0.9974,-0.0677,0,0.0115,0.068,0.9976,0,0,13.8774,-4.3542,1],"rest":[1,0,0,0,0,1,0,0,0,0,1,0,0,13.8774,-4.3542,1],"parentBoneIndex":3,"length":4.4379
,"animation":{"dataType":3,"framePerSecond":24,"keys":[
{"frame":1,"values":[0.9997,0.0222,-0.013,0,-0.023,0.9974,-0.0677,0,0.0115,0.068,0.9976,0,0,13.8774,-4.3542,1]},
{"frame":2,"values":[0.9997,0.0219,-0.0111,0,-0.0226,0.9974,-0.0677,0,0.0096,0.068,0.9976,0,0,13.8774,-4.3542,1]},
{"frame":3,"values":[0.9997,0.0216,-0.0096,0,-0.0222,0.9975,-0.0677,0,0.0081,0.0679,0.9977,0,0,13.8774,-4.3542,1]},
{"frame":4,"values":[0.9997,0.0214,-0.0085,0,-0.0219,0.9975,-0.0677,0,0.007,0.0679,0.9977,0,0,13.8774,-4.3542,1]},
{"frame":5,"values":[0.9997,0.0212,-0.0077,0,-0.0217,0.9975,-0.0677,0,0.0063,0.0679,0.9977,0,0,13.8774,-4.3542,1]},
{"frame":6,"values":[0.9997,0.0212,-0.0073,0,-0.0216,0.9975,-0.0677,0,0.0059,0.0678,0.9977,0,0,13.8774,-4.3542,1]},
{"frame":7,"values":[0.9997,0.0212,-0.0072,0,-0.0216,0.9975,-0.0677,0,0.0058,0.0678,0.9977,0,0,13.8774,-4.3542,1]},
{"frame":8,"values":[0.9997,0.0212,-0.0074,0,-0.0217,0.9975,-0.0677,0,0.006,0.0678,0.9977,0,0,13.8774,-4.3542,1]},
{"frame":9,"values":[0.9997,0.0213,-0.008,0,-0.0218,0.9975,-0.0677,0,0.0066,0.0679,0.9977,0,0,13.8774,-4.3542,1]},
{"frame":10,"values":[0.9997,0.0215,-0.0093,0,-0.0221,0.9975,-0.0677,0,0.0078,0.0679,0.9977,0,0,13.8774,-4.3542,1]},
{"frame":11,"values":[0.9997,0.0218,-0.0107,0,-0.0225,0.9975,-0.0677,0,0.0092,0.0679,0.9976,0,0,13.8774,-4.3542,1]},
{"frame":12,"values":[0.9997,0.0221,-0.0125,0,-0.0229,0.9974,-0.0677,0,0.0109,0.068,0.9976,0,0,13.8774,-4.3542,1]},
{"frame":13,"values":[0.9996,0.0225,-0.0144,0,-0.0234,0.9974,-0.0678,0,0.0128,0.0681,0.9976,0,0,13.8774,-4.3542,1]},
{"frame":14,"values":[0.9996,0.0229,-0.0165,0,-0.024,0.9974,-0.0678,0,0.0149,0.0681,0.9976,0,0,13.8774,-4.3542,1]},
{"frame":15,"values":[0.9996,0.0233,-0.0187,0,-0.0245,0.9974,-0.0678,0,0.0171,0.0682,0.9975,0,0,13.8774,-4.3542,1]},
{"frame":16,"values":[0.9995,0.0237,-0.0209,0,-0.0251,0.9974,-0.0678,0,0.0192,0.0683,0.9975,0,0,13.8774,-4.3542,1]},
{"frame":17,"values":[0.9994,0.0241,-0.0229,0,-0.0256,0.9974,-0.0678,0,0.0212,0.0684,0.9974,0,0,13.8774,-4.3542,1]},
{"frame":18,"values":[0.9994,0.0244,-0.0244,0,-0.026,0.9974,-0.0678,0,0.0227,0.0684,0.9974,0,0,13.8774,-4.3542,1]},
{"frame":19,"values":[0.9994,0.0246,-0.0255,0,-0.0263,0.9974,-0.0678,0,0.0237,0.0685,0.9974,0,0,13.8774,-4.3542,1]},
{"frame":20,"values":[0.9994,0.0246,-0.0257,0,-0.0263,0.9973,-0.0678,0,0.0239,0.0685,0.9974,0,0,13.8774,-4.3542,1]},
{"frame":21,"values":[0.9994,0.0244,-0.0245,0,-0.026,0.9974,-0.0678,0,0.0228,0.0684,0.9974,0,0,13.8774,-4.3542,1]},
{"frame":22,"values":[0.9995,0.0239,-0.0219,0,-0.0254,0.9974,-0.0678,0,0.0202,0.0683,0.9975,0,0,13.8774,-4.3542,1]},
{"frame":23,"values":[0.9996,0.0233,-0.0187,0,-0.0245,0.9974,-0.0678,0,0.0171,0.0682,0.9975,0,0,13.8774,-4.3542,1]},
{"frame":24,"values":[0.9996,0.0227,-0.0155,0,-0.0237,0.9974,-0.0678,0,0.014,0.0681,0.9976,0,0,13.8774,-4.3542,1]},
{"frame":25,"values":[0.9997,0.0222,-0.013,0,-0.0231,0.9974,-0.0677,0,0.0115,0.068,0.9976,0,0,13.8774,-4.3542,1]}],"loopBehavior":1,"name":"anim","property":"_matrix"}},
{"name":"boss:Neck1","index":5,"matrix":[0.9997,0.0222,-0.013,0,-0.023,0.9974,-0.0677,0,0.0115,0.068,0.9976,0,0,4.34,0.9269,1],"rest":[1,0,0,0,0,1,0,0,0,0,1,0,0,4.34,0.9269,1],"parentBoneIndex":4,"length":4.1171
,"animation":{"dataType":3,"framePerSecond":24,"keys":[
{"frame":1,"values":[0.9997,0.0222,-0.013,0,-0.023,0.9974,-0.0677,0,0.0115,0.068,0.9976,0,0,4.34,0.9269,1]},
{"frame":2,"values":[0.9997,0.0219,-0.0111,0,-0.0226,0.9974,-0.0677,0,0.0096,0.068,0.9976,0,0,4.34,0.9269,1]},
{"frame":3,"values":[0.9997,0.0216,-0.0096,0,-0.0222,0.9975,-0.0677,0,0.0081,0.0679,0.9977,0,0,4.34,0.9269,1]},
{"frame":4,"values":[0.9997,0.0214,-0.0085,0,-0.0219,0.9975,-0.0677,0,0.007,0.0679,0.9977,0,0,4.34,0.9269,1]},
{"frame":5,"values":[0.9997,0.0212,-0.0077,0,-0.0217,0.9975,-0.0677,0,0.0063,0.0679,0.9977,0,0,4.34,0.9269,1]},
{"frame":6,"values":[0.9997,0.0212,-0.0073,0,-0.0216,0.9975,-0.0677,0,0.0059,0.0678,0.9977,0,0,4.34,0.9269,1]},
{"frame":7,"values":[0.9997,0.0212,-0.0072,0,-0.0216,0.9975,-0.0677,0,0.0058,0.0678,0.9977,0,0,4.34,0.9269,1]},
{"frame":8,"values":[0.9997,0.0212,-0.0074,0,-0.0217,0.9975,-0.0677,0,0.006,0.0678,0.9977,0,0,4.34,0.9269,1]},
{"frame":9,"values":[0.9997,0.0213,-0.008,0,-0.0218,0.9975,-0.0677,0,0.0066,0.0679,0.9977,0,0,4.34,0.9269,1]},
{"frame":10,"values":[0.9997,0.0215,-0.0093,0,-0.0221,0.9975,-0.0677,0,0.0078,0.0679,0.9977,0,0,4.34,0.9269,1]},
{"frame":11,"values":[0.9997,0.0218,-0.0107,0,-0.0225,0.9975,-0.0677,0,0.0092,0.0679,0.9976,0,0,4.34,0.9269,1]},
{"frame":12,"values":[0.9997,0.0221,-0.0125,0,-0.0229,0.9974,-0.0677,0,0.0109,0.068,0.9976,0,0,4.34,0.9269,1]},
{"frame":13,"values":[0.9996,0.0225,-0.0144,0,-0.0234,0.9974,-0.0678,0,0.0128,0.0681,0.9976,0,0,4.34,0.9269,1]},
{"frame":14,"values":[0.9996,0.0229,-0.0165,0,-0.024,0.9974,-0.0678,0,0.0149,0.0681,0.9976,0,0,4.34,0.9269,1]},
{"frame":15,"values":[0.9996,0.0233,-0.0187,0,-0.0245,0.9974,-0.0678,0,0.0171,0.0682,0.9975,0,0,4.34,0.9269,1]},
{"frame":16,"values":[0.9995,0.0237,-0.0209,0,-0.0251,0.9974,-0.0678,0,0.0192,0.0683,0.9975,0,0,4.34,0.9269,1]},
{"frame":17,"values":[0.9994,0.0241,-0.0229,0,-0.0256,0.9974,-0.0678,0,0.0212,0.0684,0.9974,0,0,4.34,0.9269,1]},
{"frame":18,"values":[0.9994,0.0244,-0.0244,0,-0.026,0.9974,-0.0678,0,0.0227,0.0684,0.9974,0,0,4.34,0.9269,1]},
{"frame":19,"values":[0.9994,0.0246,-0.0255,0,-0.0263,0.9974,-0.0678,0,0.0237,0.0685,0.9974,0,0,4.34,0.9269,1]},
{"frame":20,"values":[0.9994,0.0246,-0.0257,0,-0.0263,0.9973,-0.0678,0,0.0239,0.0685,0.9974,0,0,4.34,0.9269,1]},
{"frame":21,"values":[0.9994,0.0244,-0.0245,0,-0.026,0.9974,-0.0678,0,0.0228,0.0684,0.9974,0,0,4.34,0.9269,1]},
{"frame":22,"values":[0.9995,0.0239,-0.0219,0,-0.0254,0.9974,-0.0678,0,0.0202,0.0683,0.9975,0,0,4.34,0.9269,1]},
{"frame":23,"values":[0.9996,0.0233,-0.0187,0,-0.0245,0.9974,-0.0678,0,0.0171,0.0682,0.9975,0,0,4.34,0.9269,1]},
{"frame":24,"values":[0.9996,0.0227,-0.0155,0,-0.0237,0.9974,-0.0678,0,0.014,0.0681,0.9976,0,0,4.34,0.9269,1]},
{"frame":25,"values":[0.9997,0.0222,-0.013,0,-0.0231,0.9974,-0.0677,0,0.0115,0.068,0.9976,0,0,4.34,0.9269,1]}],"loopBehavior":1,"name":"anim","property":"_matrix"}},
{"name":"boss:Head","index":6,"matrix":[0.9997,0.0222,-0.013,0,-0.023,0.9974,-0.0677,0,0.0115,0.068,0.9976,0,0,4.0266,0.8585,1],"rest":[1,0,0,0,0,1,0,0,0,0,1,0,0,4.0266,0.8585,1],"parentBoneIndex":5,"length":4.1171
,"animation":{"dataType":3,"framePerSecond":24,"keys":[
{"frame":1,"values":[0.9997,0.0222,-0.013,0,-0.023,0.9974,-0.0677,0,0.0115,0.068,0.9976,0,0,4.0266,0.8585,1]},
{"frame":2,"values":[0.9997,0.0219,-0.0111,0,-0.0226,0.9974,-0.0677,0,0.0096,0.068,0.9976,0,0,4.0266,0.8585,1]},
{"frame":3,"values":[0.9997,0.0216,-0.0096,0,-0.0222,0.9975,-0.0677,0,0.0081,0.0679,0.9977,0,0,4.0266,0.8585,1]},
{"frame":4,"values":[0.9997,0.0214,-0.0085,0,-0.0219,0.9975,-0.0677,0,0.007,0.0679,0.9977,0,0,4.0266,0.8585,1]},
{"frame":5,"values":[0.9997,0.0212,-0.0077,0,-0.0217,0.9975,-0.0677,0,0.0063,0.0679,0.9977,0,0,4.0266,0.8585,1]},
{"frame":6,"values":[0.9997,0.0212,-0.0073,0,-0.0216,0.9975,-0.0677,0,0.0059,0.0678,0.9977,0,0,4.0266,0.8585,1]},
{"frame":7,"values":[0.9997,0.0212,-0.0072,0,-0.0216,0.9975,-0.0677,0,0.0058,0.0678,0.9977,0,0,4.0266,0.8585,1]},
{"frame":8,"values":[0.9997,0.0212,-0.0074,0,-0.0217,0.9975,-0.0677,0,0.006,0.0678,0.9977,0,0,4.0266,0.8585,1]},
{"frame":9,"values":[0.9997,0.0213,-0.008,0,-0.0218,0.9975,-0.0677,0,0.0066,0.0679,0.9977,0,0,4.0266,0.8585,1]},
{"frame":10,"values":[0.9997,0.0215,-0.0093,0,-0.0221,0.9975,-0.0677,0,0.0078,0.0679,0.9977,0,0,4.0266,0.8585,1]},
{"frame":11,"values":[0.9997,0.0218,-0.0107,0,-0.0225,0.9975,-0.0677,0,0.0092,0.0679,0.9976,0,0,4.0266,0.8585,1]},
{"frame":12,"values":[0.9997,0.0221,-0.0125,0,-0.0229,0.9974,-0.0677,0,0.0109,0.068,0.9976,0,0,4.0266,0.8585,1]},
{"frame":13,"values":[0.9996,0.0225,-0.0144,0,-0.0234,0.9974,-0.0678,0,0.0128,0.0681,0.9976,0,0,4.0266,0.8585,1]},
{"frame":14,"values":[0.9996,0.0229,-0.0165,0,-0.024,0.9974,-0.0678,0,0.0149,0.0681,0.9976,0,0,4.0266,0.8585,1]},
{"frame":15,"values":[0.9996,0.0233,-0.0187,0,-0.0245,0.9974,-0.0678,0,0.0171,0.0682,0.9975,0,0,4.0266,0.8585,1]},
{"frame":16,"values":[0.9995,0.0237,-0.0209,0,-0.0251,0.9974,-0.0678,0,0.0192,0.0683,0.9975,0,0,4.0266,0.8585,1]},
{"frame":17,"values":[0.9994,0.0241,-0.0229,0,-0.0256,0.9974,-0.0678,0,0.0212,0.0684,0.9974,0,0,4.0266,0.8585,1]},
{"frame":18,"values":[0.9994,0.0244,-0.0244,0,-0.026,0.9974,-0.0678,0,0.0227,0.0684,0.9974,0,0,4.0266,0.8585,1]},
{"frame":19,"values":[0.9994,0.0246,-0.0255,0,-0.0263,0.9974,-0.0678,0,0.0237,0.0685,0.9974,0,0,4.0266,0.8585,1]},
{"frame":20,"values":[0.9994,0.0246,-0.0257,0,-0.0263,0.9973,-0.0678,0,0.0239,0.0685,0.9974,0,0,4.0266,0.8585,1]},
{"frame":21,"values":[0.9994,0.0244,-0.0245,0,-0.026,0.9974,-0.0678,0,0.0228,0.0684,0.9974,0,0,4.0266,0.8585,1]},
{"frame":22,"values":[0.9995,0.0239,-0.0219,0,-0.0254,0.9974,-0.0678,0,0.0202,0.0683,0.9975,0,0,4.0266,0.8585,1]},
{"frame":23,"values":[0.9996,0.0233,-0.0187,0,-0.0245,0.9974,-0.0678,0,0.0171,0.0682,0.9975,0,0,4.0266,0.8585,1]},
{"frame":24,"values":[0.9996,0.0227,-0.0155,0,-0.0237,0.9974,-0.0678,0,0.014,0.0681,0.9976,0,0,4.0266,0.8585,1]},
{"frame":25,"values":[0.9997,0.0222,-0.013,0,-0.0231,0.9974,-0.0677,0,0.0115,0.068,0.9976,0,0,4.0266,0.8585,1]}],"loopBehavior":1,"name":"anim","property":"_matrix"}},
{"name":"boss:LeftShoulder","index":7,"matrix":[0.83,-0.0269,0.5571,0,0.0572,0.9977,-0.037,0,-0.5548,0.0625,0.8296,0,6.1442,10.187,-3.7932,1],"rest":[1,0,0,0,0,1,0,0,0,0,1,0,6.1442,10.187,-3.7932,1],"parentBoneIndex":3,"length":12.4986
,"animation":{"dataType":3,"framePerSecond":24,"keys":[
{"frame":1,"values":[0.83,-0.0269,0.5571,0,0.0572,0.9977,-0.037,0,-0.5548,0.0625,0.8296,0,6.1442,10.187,-3.7932,1]},
{"frame":2,"values":[0.819,-0.0378,0.5726,0,0.0792,0.9957,-0.0475,0,-0.5684,0.0843,0.8184,0,6.1442,10.187,-3.7932,1]},
{"frame":3,"values":[0.8051,-0.0466,0.5913,0,0.1011,0.9931,-0.0594,0,-0.5845,0.1076,0.8042,0,6.1442,10.187,-3.7932,1]},
{"frame":4,"values":[0.7899,-0.0432,0.6117,0,0.1071,0.9919,-0.0682,0,-0.6038,0.1194,0.7881,0,6.1442,10.187,-3.7932,1]},
{"frame":5,"values":[0.7752,-0.0269,0.6311,0,0.0934,0.993,-0.0724,0,-0.6247,0.1151,0.7723,0,6.1442,10.187,-3.7932,1]},
{"frame":6,"values":[0.7627,-0.0038,0.6468,0,0.0664,0.9952,-0.0723,0,-0.6434,0.0981,0.7592,0,6.1442,10.187,-3.7932,1]},
{"frame":7,"values":[0.7524,0.0208,0.6584,0,0.0327,0.9971,-0.0688,0,-0.6579,0.0733,0.7495,0,6.1442,10.187,-3.7932,1]},
{"frame":8,"values":[0.7368,0.0442,0.6747,0,-0.0016,0.998,-0.0636,0,-0.6761,0.0458,0.7354,0,6.1442,10.187,-3.7932,1]},
{"frame":9,"values":[0.7319,0.0469,0.6798,0,-0.0146,0.9985,-0.0531,0,-0.6812,0.0289,0.7315,0,6.1442,10.187,-3.7932,1]},
{"frame":10,"values":[0.7721,0.0437,0.634,0,-0.021,0.9988,-0.0432,0,-0.6351,0.0201,0.7721,0,6.1442,10.187,-3.7932,1]},
{"frame":11,"values":[0.792,0.0384,0.6093,0,-0.0183,0.9991,-0.0392,0,-0.6102,0.0199,0.792,0,6.1442,10.187,-3.7932,1]},
{"frame":12,"values":[0.8146,0.0147,0.5798,0,0.0059,0.9994,-0.0337,0,-0.58,0.0309,0.8141,0,6.1442,10.187,-3.7932,1]},
{"frame":13,"values":[0.8369,-0.0114,0.5472,0,0.0318,0.9991,-0.0278,0,-0.5464,0.0406,0.8365,0,6.1442,10.187,-3.7932,1]},
{"frame":14,"values":[0.8572,-0.0358,0.5137,0,0.0542,0.9983,-0.0208,0,-0.5121,0.0457,0.8577,0,6.1442,10.187,-3.7932,1]},
{"frame":15,"values":[0.875,-0.054,0.4811,0,0.0685,0.9976,-0.0126,0,-0.4793,0.044,0.8766,0,6.1442,10.187,-3.7932,1]},
{"frame":16,"values":[0.8902,-0.0602,0.4515,0,0.0687,0.9976,-0.0024,0,-0.4503,0.0331,0.8922,0,6.1442,10.187,-3.7932,1]},
{"frame":17,"values":[0.9028,-0.0538,0.4266,0,0.0552,0.9984,0.0091,0,-0.4265,0.0154,0.9044,0,6.1442,10.187,-3.7932,1]},
{"frame":18,"values":[0.9117,-0.0387,0.409,0,0.0334,0.9992,0.0199,0,-0.4094,-0.0045,0.9123,0,6.1442,10.187,-3.7932,1]},
{"frame":19,"values":[0.9165,-0.0206,0.3995,0,0.0102,0.9995,0.0283,0,-0.3999,-0.0218,0.9163,0,6.1442,10.187,-3.7932,1]},
{"frame":20,"values":[0.9157,-0.0056,0.4019,0,-0.0077,0.9995,0.0317,0,-0.4019,-0.0321,0.9151,0,6.1442,10.187,-3.7932,1]},
{"frame":21,"values":[0.909,0.0018,0.4168,0,-0.0147,0.9995,0.0278,0,-0.4166,-0.0313,0.9086,0,6.1442,10.187,-3.7932,1]},
{"frame":22,"values":[0.8933,-0.0015,0.4495,0,-0.006,0.9999,0.0151,0,-0.4495,-0.0162,0.8931,0,6.1442,10.187,-3.7932,1]},
{"frame":23,"values":[0.8739,-0.01,0.486,0,0.0125,0.9999,-0.0018,0,-0.4859,0.0077,0.874,0,6.1442,10.187,-3.7932,1]},
{"frame":24,"values":[0.8515,-0.0197,0.524,0,0.0356,0.9992,-0.0204,0,-0.5232,0.036,0.8515,0,6.1442,10.187,-3.7932,1]},
{"frame":25,"values":[0.83,-0.0269,0.5571,0,0.0572,0.9977,-0.037,0,-0.5548,0.0625,0.8296,0,6.1442,10.187,-3.7932,1]}],"loopBehavior":1,"name":"anim","property":"_matrix"}},
{"name":"boss:LeftArm","index":8,"matrix":[0.7342,-0.3248,0.5962,0,0.6762,0.4284,-0.5993,0,-0.0608,0.8432,0.5341,0,12.3191,-1.113,-1.7935,1],"rest":[1,0,0,0,0,1,0,0,0,0,1,0,12.3191,-1.113,-1.7935,1],"parentBoneIndex":7,"length":27.687
,"animation":{"dataType":3,"framePerSecond":24,"keys":[
{"frame":1,"values":[0.7342,-0.3248,0.5962,0,0.6762,0.4284,-0.5993,0,-0.0608,0.8432,0.5341,0,12.3191,-1.113,-1.7935,1]},
{"frame":2,"values":[0.7377,-0.3247,0.5919,0,0.6721,0.4352,-0.5991,0,-0.063,0.8398,0.5393,0,12.3191,-1.113,-1.7935,1]},
{"frame":3,"values":[0.7453,-0.3239,0.5827,0,0.664,0.4397,-0.6048,0,-0.0603,0.8377,0.5428,0,12.3191,-1.113,-1.7935,1]},
{"frame":4,"values":[0.7536,-0.3271,0.5702,0,0.6556,0.4368,-0.6159,0,-0.0476,0.838,0.5436,0,12.3191,-1.113,-1.7935,1]},
{"frame":5,"values":[0.7625,-0.3324,0.5551,0,0.6465,0.4255,-0.6333,0,-0.0257,0.8417,0.5394,0,12.3191,-1.113,-1.7935,1]},
{"frame":6,"values":[0.7707,-0.3296,0.5453,0,0.6371,0.4128,-0.651,0,-0.0105,0.8491,0.5281,0,12.3191,-1.113,-1.7935,1]},
{"frame":7,"values":[0.7805,-0.3205,0.5367,0,0.6251,0.4023,-0.6689,0,-0.0015,0.8576,0.5143,0,12.3191,-1.113,-1.7935,1]},
{"frame":8,"values":[0.7938,-0.3276,0.5124,0,0.6077,0.3963,-0.6882,0,0.0225,0.8577,0.5137,0,12.3191,-1.113,-1.7935,1]},
{"frame":9,"values":[0.8031,-0.3384,0.4904,0,0.5945,0.3992,-0.6981,0,0.0404,0.8521,0.5217,0,12.3191,-1.113,-1.7935,1]},
{"frame":10,"values":[0.7748,-0.3373,0.5347,0,0.632,0.39,-0.6697,0,0.0173,0.8568,0.5154,0,12.3191,-1.113,-1.7935,1]},
{"frame":11,"values":[0.7652,-0.3483,0.5415,0,0.6435,0.3851,-0.6615,0,0.0219,0.8546,0.5188,0,12.3191,-1.113,-1.7935,1]},
{"frame":12,"values":[0.7596,-0.3478,0.5496,0,0.6504,0.4031,-0.6438,0,0.0024,0.8465,0.5324,0,12.3191,-1.113,-1.7935,1]},
{"frame":13,"values":[0.7545,-0.3416,0.5604,0,0.656,0.4206,-0.6267,0,-0.0216,0.8405,0.5414,0,12.3191,-1.113,-1.7935,1]},
{"frame":14,"values":[0.7481,-0.3357,0.5724,0,0.662,0.4368,-0.6091,0,-0.0456,0.8346,0.549,0,12.3191,-1.113,-1.7935,1]},
{"frame":15,"values":[0.7402,-0.3405,0.5798,0,0.6698,0.4494,-0.5911,0,-0.0593,0.8259,0.5607,0,12.3191,-1.113,-1.7935,1]},
{"frame":16,"values":[0.7341,-0.3508,0.5814,0,0.6764,0.4533,-0.5805,0,-0.0599,0.8194,0.5701,0,12.3191,-1.113,-1.7935,1]},
{"frame":17,"values":[0.7259,-0.3654,0.5828,0,0.6858,0.4497,-0.5723,0,-0.053,0.8151,0.577,0,12.3191,-1.113,-1.7935,1]},
{"frame":18,"values":[0.7148,-0.368,0.5946,0,0.6971,0.442,-0.5645,0,-0.0551,0.818,0.5725,0,12.3191,-1.113,-1.7935,1]},
{"frame":19,"values":[0.7019,-0.3657,0.6112,0,0.7102,0.4242,-0.5618,0,-0.0538,0.8284,0.5575,0,12.3191,-1.113,-1.7935,1]},
{"frame":20,"values":[0.6949,-0.3764,0.6127,0,0.7183,0.4015,-0.5681,0,-0.0321,0.8349,0.5494,0,12.3191,-1.113,-1.7935,1]},
{"frame":21,"values":[0.7039,-0.3767,0.6022,0,0.7098,0.4047,-0.5765,0,-0.0265,0.8332,0.5523,0,12.3191,-1.113,-1.7935,1]},
{"frame":22,"values":[0.718,-0.3745,0.5867,0,0.6959,0.4055,-0.5927,0,-0.016,0.8338,0.5518,0,12.3191,-1.113,-1.7935,1]},
{"frame":23,"values":[0.7217,-0.36,0.5913,0,0.6917,0.4086,-0.5955,0,-0.0272,0.8387,0.5439,0,12.3191,-1.113,-1.7935,1]},
{"frame":24,"values":[0.7263,-0.3436,0.5953,0,0.686,0.4171,-0.5962,0,-0.0434,0.8414,0.5387,0,12.3191,-1.113,-1.7935,1]},
{"frame":25,"values":[0.7347,-0.3253,0.5953,0,0.6757,0.4286,-0.5997,0,-0.0601,0.8429,0.5347,0,12.3191,-1.113,-1.7935,1]}],"loopBehavior":1,"name":"anim","property":"_matrix"}},
{"name":"boss:LeftForeArm","index":9,"matrix":[0.2644,-0.1589,0.9512,0,0.8343,-0.457,-0.3083,0,0.4837,0.8751,0.0117,0,27.687,0,0,1],"rest":[1,0,0,0,0,1,0,0,0,0,1,0,27.687,0,0,1],"parentBoneIndex":8,"length":27.8738
,"animation":{"dataType":3,"framePerSecond":24,"keys":[
{"frame":1,"values":[0.2644,-0.1589,0.9512,0,0.8343,-0.457,-0.3083,0,0.4837,0.8751,0.0117,0,27.687,0,0,1]},
{"frame":2,"values":[0.2639,-0.1492,0.9529,0,0.855,-0.4211,-0.3027,0,0.4465,0.8946,0.0164,0,27.687,0,0,1]},
{"frame":3,"values":[0.2582,-0.1429,0.9555,0,0.8672,-0.4017,-0.2944,0,0.4259,0.9046,0.0202,0,27.687,0,0,1]},
{"frame":4,"values":[0.254,-0.1524,0.9551,0,0.8479,-0.44,-0.2957,0,0.4653,0.885,0.0175,0,27.687,0,0,1]},
{"frame":5,"values":[0.2478,-0.1548,0.9563,0,0.8433,-0.4515,-0.2916,0,0.4769,0.8787,0.0187,0,27.687,0,0,1]},
{"frame":6,"values":[0.2424,-0.1547,0.9578,0,0.8443,-0.4526,-0.2868,0,0.4779,0.8782,0.0209,0,27.687,0,0,1]},
{"frame":7,"values":[0.2226,-0.1542,0.9626,0,0.8444,-0.463,-0.2694,0,0.4872,0.8729,0.0271,0,27.687,0,0,1]},
{"frame":8,"values":[0.2044,-0.1528,0.9669,0,0.8457,-0.4699,-0.253,0,0.493,0.8694,0.0332,0,27.687,0,0,1]},
{"frame":9,"values":[0.2059,-0.1504,0.9669,0,0.853,-0.4567,-0.2527,0,0.4796,0.8768,0.0343,0,27.687,0,0,1]},
{"frame":10,"values":[0.2231,-0.1505,0.9631,0,0.8552,-0.444,-0.2675,0,0.4679,0.8833,0.0297,0,27.687,0,0,1]},
{"frame":11,"values":[0.213,-0.1483,0.9657,0,0.8583,-0.4438,-0.2575,0,0.4668,0.8838,0.0328,0,27.687,0,0,1]},
{"frame":12,"values":[0.2103,-0.1502,0.966,0,0.8522,-0.4561,-0.2564,0,0.4791,0.8772,0.0321,0,27.687,0,0,1]},
{"frame":13,"values":[0.2016,-0.1522,0.9676,0,0.8441,-0.4741,-0.2504,0,0.4968,0.8672,0.0329,0,27.687,0,0,1]},
{"frame":14,"values":[0.1802,-0.1522,0.9718,0,0.8384,-0.4929,-0.2326,0,0.5144,0.8567,0.0388,0,27.687,0,0,1]},
{"frame":15,"values":[0.1603,-0.1522,0.9753,0,0.8324,-0.5101,-0.2164,0,0.5304,0.8465,0.045,0,27.687,0,0,1]},
{"frame":16,"values":[0.1388,-0.1514,0.9787,0,0.8286,-0.5235,-0.1985,0,0.5424,0.8385,0.0528,0,27.687,0,0,1]},
{"frame":17,"values":[0.125,-0.1497,0.9808,0,0.8297,-0.5262,-0.1861,0,0.544,0.8371,0.0584,0,27.687,0,0,1]},
{"frame":18,"values":[0.1326,-0.141,0.9811,0,0.8529,-0.488,-0.1854,0,0.505,0.8614,0.0556,0,27.687,0,0,1]},
{"frame":19,"values":[0.1539,-0.1415,0.9779,0,0.8582,-0.4713,-0.2032,0,0.4897,0.8705,0.0489,0,27.687,0,0,1]},
{"frame":20,"values":[0.171,-0.1413,0.9751,0,0.8654,-0.4515,-0.2172,0,0.471,0.881,0.045,0,27.687,0,0,1]},
{"frame":21,"values":[0.1634,-0.1373,0.977,0,0.8725,-0.4422,-0.2081,0,0.4605,0.8864,0.0475,0,27.687,0,0,1]},
{"frame":22,"values":[0.167,-0.1384,0.9762,0,0.8698,-0.4456,-0.212,0,0.4644,0.8845,0.0459,0,27.687,0,0,1]},
{"frame":23,"values":[0.2044,-0.1461,0.9679,0,0.8581,-0.449,-0.249,0,0.471,0.8815,0.0336,0,27.687,0,0,1]},
{"frame":24,"values":[0.2462,-0.1418,0.9588,0,0.8697,-0.4044,-0.2831,0,0.4279,0.9035,0.0238,0,27.687,0,0,1]},
{"frame":25,"values":[0.2635,-0.1589,0.9515,0,0.8343,-0.4575,-0.3075,0,0.4842,0.8749,0.012,0,27.687,0,0,1]}],"loopBehavior":1,"name":"anim","property":"_matrix"}},
{"name":"boss:LeftHand","index":10,"matrix":[0.997,-0.0173,-0.0749,0,-0.0181,0.8938,-0.4481,0,0.0747,0.4481,0.8909,0,27.8738,0,0,1],"rest":[0.9974,-0.0541,-0.0467,0,0.0586,0.9932,0.1006,0,0.041,-0.1031,0.9938,0,27.8738,0,0,1],"parentBoneIndex":9,"length":9.2395
,"animation":{"dataType":3,"framePerSecond":24,"keys":[
{"frame":1,"values":[0.997,-0.0173,-0.0749,0,-0.0181,0.8938,-0.4481,0,0.0747,0.4481,0.8909,0,27.8738,0,0,1]},
{"frame":2,"values":[0.9955,-0.0041,-0.0944,0,-0.0407,0.883,-0.4676,0,0.0853,0.4694,0.8789,0,27.8738,0,0,1]},
{"frame":3,"values":[0.9935,0.0145,-0.1125,0,-0.0664,0.8785,-0.4732,0,0.092,0.4776,0.8737,0,27.8738,0,0,1]},
{"frame":4,"values":[0.9933,0.0228,-0.1135,0,-0.0694,0.9023,-0.4256,0,0.0927,0.4306,0.8978,0,27.8738,0,0,1]},
{"frame":5,"values":[0.9927,0.0241,-0.1178,0,-0.0709,0.9086,-0.4116,0,0.0971,0.417,0.9037,0,27.8738,0,0,1]},
{"frame":6,"values":[0.9924,0.027,-0.1198,0,-0.0749,0.9062,-0.4161,0,0.0974,0.4219,0.9014,0,27.8738,0,0,1]},
{"frame":7,"values":[0.9933,0.0409,-0.1078,0,-0.0831,0.9025,-0.4225,0,0.08,0.4287,0.8999,0,27.8738,0,0,1]},
{"frame":8,"values":[0.9952,0.0391,-0.0895,0,-0.074,0.8999,-0.4299,0,0.0637,0.4344,0.8984,0,27.8738,0,0,1]},
{"frame":9,"values":[0.9962,0.0158,-0.0855,0,-0.0526,0.8922,-0.4485,0,0.0692,0.4513,0.8897,0,27.8738,0,0,1]},
{"frame":10,"values":[0.9964,0.005,-0.0845,0,-0.043,0.8899,-0.4542,0,0.0729,0.4562,0.8869,0,27.8738,0,0,1]},
{"frame":11,"values":[0.9965,0.0147,-0.0823,0,-0.0504,0.8905,-0.4521,0,0.0667,0.4547,0.8882,0,27.8738,0,0,1]},
{"frame":12,"values":[0.9971,0.0202,-0.0736,0,-0.0506,0.8971,-0.439,0,0.0572,0.4415,0.8955,0,27.8738,0,0,1]},
{"frame":13,"values":[0.9974,0.0333,-0.0631,0,-0.057,0.9037,-0.4243,0,0.0429,0.4268,0.9033,0,27.8738,0,0,1]},
{"frame":14,"values":[0.9973,0.0543,-0.0491,0,-0.0697,0.9088,-0.4114,0,0.0223,0.4137,0.9102,0,27.8738,0,0,1]},
{"frame":15,"values":[0.9975,0.0613,-0.0351,0,-0.0703,0.9143,-0.399,0,0.0076,0.4005,0.9163,0,27.8738,0,0,1]},
{"frame":16,"values":[0.9977,0.0639,-0.0206,0,-0.0668,0.9157,-0.3962,0,-0.0064,0.3967,0.9179,0,27.8738,0,0,1]},
{"frame":17,"values":[0.9984,0.0554,-0.0062,0,-0.0531,0.913,-0.4044,0,-0.0168,0.4041,0.9146,0,27.8738,0,0,1]},
{"frame":18,"values":[0.9989,0.0478,0.0031,0,-0.0411,0.8897,-0.4548,0,-0.0245,0.4541,0.8906,0,27.8738,0,0,1]},
{"frame":19,"values":[0.9992,0.037,0.0121,0,-0.0269,0.88,-0.4743,0,-0.0282,0.4736,0.8803,0,27.8738,0,0,1]},
{"frame":20,"values":[0.9998,0.0211,0.0027,0,-0.017,0.8714,-0.4903,0,-0.0127,0.4901,0.8716,0,27.8738,0,0,1]},
{"frame":21,"values":[0.9997,0.0238,0.0088,0,-0.016,0.8602,-0.5097,0,-0.0197,0.5094,0.8603,0,27.8738,0,0,1]},
{"frame":22,"values":[0.9997,0.0247,-0.0022,0,-0.0225,0.8635,-0.5038,0,-0.0105,0.5037,0.8638,0,27.8738,0,0,1]},
{"frame":23,"values":[0.9996,0.0059,-0.0269,0,-0.0181,0.8756,-0.4826,0,0.0207,0.4829,0.8754,0,27.8738,0,0,1]},
{"frame":24,"values":[0.9979,-0.0147,-0.0632,0,-0.0195,0.8608,-0.5087,0,0.0619,0.5088,0.8586,0,27.8738,0,0,1]},
{"frame":25,"values":[0.997,-0.0171,-0.0749,0,-0.0183,0.8938,-0.4481,0,0.0746,0.4482,0.8908,0,27.8738,0,0,1]}],"loopBehavior":1,"name":"anim","property":"_matrix"}},
{"name":"boss:LeftHandThumb1","index":11,"matrix":[0.9599,-0.1379,-0.2442,0,0.1721,0.9772,0.1246,0,0.2214,-0.1616,0.9617,0,2.3785,-1.0029,2.6209,1],"rest":[0.9909,-0.0858,-0.104,0,0.0965,0.9901,0.102,0,0.0942,-0.1111,0.9893,0,2.3785,-1.0029,2.6209,1],"parentBoneIndex":10,"length":4.514
,"animation":{"dataType":3,"framePerSecond":24,"keys":[
{"frame":1,"values":[0.9599,-0.1379,-0.2442,0,0.1721,0.9772,0.1246,0,0.2214,-0.1616,0.9617,0,2.3785,-1.0029,2.6209,1]},
{"frame":25,"values":[0.9599,-0.1379,-0.2442,0,0.1721,0.9772,0.1246,0,0.2214,-0.1616,0.9617,0,2.3785,-1.0029,2.6209,1]}],"loopBehavior":1,"name":"anim","property":"_matrix"}},
{"name":"boss:LeftHandThumb2","index":12,"matrix":[1,0,0,0,0,1,0,0,0,0,1,0,3.3624,-1.0029,2.8398,1],"rest":[0.9723,0.0085,0.2336,0,0.008,0.9975,-0.0699,0,-0.2336,0.0698,0.9698,0,3.3624,-1.0029,2.8398,1],"parentBoneIndex":11,"length":5.1787
,"animation":{"dataType":3,"framePerSecond":24,"keys":[
{"frame":1,"values":[1,0,0,0,0,1,0,0,0,0,1,0,3.3624,-1.0029,2.8398,1]},
{"frame":25,"values":[1,0,0,0,0,1,0,0,0,0,1,0,3.3624,-1.0029,2.8398,1]}],"loopBehavior":1,"name":"anim","property":"_matrix"}},
{"name":"boss:LeftHandThumb3","index":13,"matrix":[0.9381,-0.0008,0.3465,0,0.0916,0.9649,-0.2459,0,-0.3342,0.2625,0.9052,0,4.5018,-1.3445,2.1783,1],"rest":[0.9717,-0.2361,0.003,0,0.2343,0.9658,0.111,0,-0.0291,-0.1072,0.9938,0,4.5018,-1.3445,2.1783,1],"parentBoneIndex":12,"length":0.01
,"animation":{"dataType":3,"framePerSecond":24,"keys":[
{"frame":1,"values":[0.9381,-0.0008,0.3465,0,0.0916,0.9649,-0.2459,0,-0.3342,0.2625,0.9052,0,4.5018,-1.3445,2.1783,1]},
{"frame":25,"values":[0.9381,-0.0008,0.3465,0,0.0916,0.9649,-0.2459,0,-0.3342,0.2625,0.9052,0,4.5018,-1.3445,2.1783,1]}],"loopBehavior":1,"name":"anim","property":"_matrix"}},
{"name":"boss:LeftHandThumb4","index":14,"matrix":[1,0,0,0,0,1,0,0,0,0,1,0,0,0,0,1],"rest":[1,0,0,0,0,1,0,0,0,0,1,0,0,0,0,1],"parentBoneIndex":13,"length":0.01
,"animation":{"dataType":3,"framePerSecond":24,"keys":[
{"frame":1,"values":[1,0,0,0,0,1,0,0,0,0,1,0,0,0,0,1]},
{"frame":25,"values":[1,0,0,0,0,1,0,0,0,0,1,0,0,0,0,1]}],"loopBehavior":1,"name":"anim","property":"_matrix"}},
{"name":"boss:LeftHandMiddle1","index":15,"matrix":[0.9509,-0.3004,0.0739,0,0.2831,0.9413,0.1841,0,-0.1249,-0.1542,0.9801,0,10.4639,0.6148,0.4298,1],"rest":[0.9974,0.0586,0.041,0,-0.0586,0.9983,-0.0012,0,-0.041,-0.0012,0.9992,0,10.4639,0.6148,0.4298,1],"parentBoneIndex":10,"length":5.7921
,"animation":{"dataType":3,"framePerSecond":24,"keys":[
{"frame":1,"values":[0.9509,-0.3004,0.0739,0,0.2831,0.9413,0.1841,0,-0.1249,-0.1542,0.9801,0,10.4639,0.6148,0.4298,1]},
{"frame":25,"values":[0.9509,-0.3004,0.0739,0,0.2831,0.9413,0.1841,0,-0.1249,-0.1542,0.9801,0,10.4639,0.6148,0.4298,1]}],"loopBehavior":1,"name":"anim","property":"_matrix"}},
{"name":"boss:LeftHandMiddle2","index":16,"matrix":[0.6955,-0.7185,0,0,0.7185,0.6955,0,0,0,0,1,0,5.7921,0,0,1],"rest":[1,0,0,0,0,1,0,0,0,0,1,0,5.7921,0,0,1],"parentBoneIndex":15,"length":3.7132
,"animation":{"dataType":3,"framePerSecond":24,"keys":[
{"frame":1,"values":[0.6955,-0.7185,0,0,0.7185,0.6955,0,0,0,0,1,0,5.7921,0,0,1]},
{"frame":25,"values":[0.6955,-0.7185,0,0,0.7185,0.6955,0,0,0,0,1,0,5.7921,0,0,1]}],"loopBehavior":1,"name":"anim","property":"_matrix"}},
{"name":"boss:LeftHandMiddle3","index":17,"matrix":[0.7198,-0.6941,0,0,0.6941,0.7198,0,0,0,0.0001,1,0,3.7132,0,0,1],"rest":[1,0,0,0,0,1,-0.0001,0,0,0.0001,1,0,3.7132,0,0,1],"parentBoneIndex":16,"length":0.01
,"animation":{"dataType":3,"framePerSecond":24,"keys":[
{"frame":1,"values":[0.7198,-0.6941,0,0,0.6941,0.7198,0,0,0,0.0001,1,0,3.7132,0,0,1]},
{"frame":25,"values":[0.7198,-0.6941,0,0,0.6941,0.7198,0,0,0,0.0001,1,0,3.7132,0,0,1]}],"loopBehavior":1,"name":"anim","property":"_matrix"}},
{"name":"boss:LeftHandMiddle4","index":18,"matrix":[1,0,0,0,0,1,0,0,0,0,1,0,0,0,0,1],"rest":[1,0,0,0,0,1,0,0,0,0,1,0,0,0,0,1],"parentBoneIndex":17,"length":0.01
,"animation":{"dataType":3,"framePerSecond":24,"keys":[
