{"producer":{"name":"Blender","version":"2.90.0","exporter_version":"2.80.1","file":"straferight.babylon"},
"autoClear":true,"clearColor":[0.0509,0.0509,0.0509],"gravity":[0,-9.81,0],
"materials":[{"name":"Material","id":"Material","customType":"BABYLON.PBRMaterial","backFaceCulling":true,"checkReadyOnlyOnce":false,"maxSimultaneousLights":4,"environmentIntensity":1,"albedo":[0.8,0.8,0.8],"reflectivity":[0.5,0.5,0.5],"roughness":0.4,"alpha":1,"transparencyMode":0,"alphaCutOff":0.4,"metallic":0}],
"multiMaterials":[],
"skeletons":[{"name":"Armature","id":0,"dimensionsAtRest":[188.1767,172.4535,15.5905],"bones":[
{"name":"boss:Hips","index":0,"matrix":[0.4037,0.0035,-0.9149,0,-0.0767,0.9966,-0.0301,0,-0.9117,-0.0823,-0.4026,0,0,94.4335,0,1],"rest":[1,0,0,0,0,1,0,0,0,0,-1,0,0,96.3794,0,1],"parentBoneIndex":-1,"length":9.9032
,"animation":{"dataType":3,"framePerSecond":24,"keys":[
{"frame":1,"values":[0.4037,0.0035,-0.9149,0,-0.0767,0.9966,-0.0301,0,-0.9117,-0.0823,-0.4026,0,0,94.4335,0,1]},
{"frame":2,"values":[0.3631,0.0111,-0.9317,0,-0.0906,0.9956,-0.0235,0,-0.9273,-0.0929,-0.3625,0,0.3727,94.1904,-0.4248,1]},
{"frame":3,"values":[0.3056,-0.0038,-0.9522,0,-0.0965,0.9947,-0.035,0,-0.9473,-0.1026,-0.3036,0,0.4503,92.8863,-0.8656,1]},
{"frame":4,"values":[0.2126,-0.0325,-0.9766,0,-0.0943,0.9941,-0.0536,0,-0.9726,-0.1035,-0.2083,0,-0.1123,90.5363,-1.1861,1]},
{"frame":5,"values":[0.126,-0.0576,-0.9904,0,-0.0929,0.9932,-0.0696,0,-0.9877,-0.1008,-0.1198,0,-0.5272,88.1815,-1.2598,1]},
{"frame":6,"values":[0.0968,-0.0564,-0.9937,0,-0.0977,0.993,-0.0659,0,-0.9905,-0.1034,-0.0906,0,-0.7557,86.5028,-1.1631,1]},
{"frame":7,"values":[0.1239,-0.019,-0.9921,0,-0.1066,0.9938,-0.0324,0,-0.9865,-0.1098,-0.1211,0,-1.4628,85.7941,-1.1307,1]},
{"frame":8,"values":[0.1799,0.0215,-0.9834,0,-0.1144,0.9934,0.0008,0,-0.977,-0.1124,-0.1812,0,-2.3953,85.84,-1.0313,1]},
{"frame":9,"values":[0.2482,0.0695,-0.9662,0,-0.1262,0.9912,0.0389,0,-0.9605,-0.1123,-0.2548,0,-2.3093,87.0293,-0.9482,1]},
{"frame":10,"values":[0.3078,0.0937,-0.9468,0,-0.1344,0.9894,0.0542,0,-0.9419,-0.1106,-0.3171,0,-1.8177,88.7745,-0.9824,1]},
{"frame":11,"values":[0.355,0.0806,-0.9314,0,-0.1337,0.9904,0.0348,0,-0.9252,-0.1122,-0.3624,0,-1.3404,90.9718,-0.6758,1]},
{"frame":12,"values":[0.3922,0.0532,-0.9183,0,-0.1315,0.9913,0.0012,0,-0.9104,-0.1203,-0.3958,0,-0.666,93.0136,-0.311,1]},
{"frame":13,"values":[0.4043,0.029,-0.9142,0,-0.1309,0.991,-0.0265,0,-0.9052,-0.1304,-0.4045,0,0.285,94.5406,-0.3499,1]},
{"frame":14,"values":[0.408,0.0177,-0.9128,0,-0.1306,0.9907,-0.0392,0,-0.9036,-0.1352,-0.4065,0,1.3254,95.1158,-0.8056,1]},
{"frame":15,"values":[0.4182,0.0315,-0.9078,0,-0.1408,0.9896,-0.0305,0,-0.8974,-0.1406,-0.4183,0,2.0288,94.6167,-1.1162,1]},
{"frame":16,"values":[0.4413,0.064,-0.8951,0,-0.156,0.9877,-0.0063,0,-0.8837,-0.1424,-0.4458,0,2.1168,92.9185,-1.3002,1]},
{"frame":17,"values":[0.4718,0.0912,-0.877,0,-0.1612,0.9868,0.0159,0,-0.8669,-0.1339,-0.4803,0,1.9352,90.7011,-1.4826,1]},
{"frame":18,"values":[0.4831,0.0971,-0.8702,0,-0.1593,0.987,0.0217,0,-0.861,-0.1282,-0.4923,0,2.1025,88.9095,-1.5528,1]},
{"frame":19,"values":[0.4816,0.071,-0.8735,0,-0.1359,0.9907,0.0056,0,-0.8658,-0.116,-0.4868,0,1.6003,87.7746,-1.3419,1]},
{"frame":20,"values":[0.4836,0.0321,-0.8747,0,-0.1087,0.9938,-0.0237,0,-0.8685,-0.1065,-0.4841,0,0.47,87.0973,-0.7697,1]},
{"frame":21,"values":[0.4804,0.0063,-0.877,0,-0.1007,0.9938,-0.048,0,-0.8712,-0.1114,-0.4781,0,-0.2227,86.8621,-0.1432,1]},
{"frame":22,"values":[0.4875,-0.0249,-0.8728,0,-0.0798,0.9941,-0.0729,0,-0.8695,-0.1052,-0.4826,0,-0.5942,87.6838,0.3531,1]},
{"frame":23,"values":[0.4832,-0.0332,-0.8749,0,-0.0704,0.9946,-0.0766,0,-0.8727,-0.0986,-0.4782,0,-0.7441,89.3892,0.6006,1]},
{"frame":24,"values":[0.4537,-0.0269,-0.8908,0,-0.0693,0.9955,-0.0654,0,-0.8885,-0.0914,-0.4497,0,-0.6781,91.5405,0.533,1]},
{"frame":25,"values":[0.4299,-0.0161,-0.9027,0,-0.0689,0.9963,-0.0506,0,-0.9002,-0.084,-0.4272,0,-0.4394,93.4097,0.2942,1]},
{"frame":26,"values":[0.4037,0.0035,-0.9149,0,-0.0767,0.9966,-0.0301,0,-0.9117,-0.0823,-0.4026,0,0,94.4335,0,1]}],"loopBehavior":1,"name":"anim","property":"_matrix"}},
{"name":"boss:Spine","index":1,"matrix":[0.9918,-0.0053,-0.1274,0,0.0185,0.9946,0.102,0,0.1262,-0.1035,0.9866,0,0,9.2263,1.5771,1],"rest":[1,0,0,0,0,1,0,0,0,0,1,0,0,9.2263,1.5771,1],"parentBoneIndex":0,"length":16.2548
,"animation":{"dataType":3,"framePerSecond":24,"keys":[
{"frame":1,"values":[0.9918,-0.0053,-0.1274,0,0.0185,0.9946,0.102,0,0.1262,-0.1035,0.9866,0,0,9.2263,1.5771,1]},
{"frame":2,"values":[0.987,-0.0169,-0.1601,0,0.0326,0.9948,0.096,0,0.1576,-0.1,0.9824,0,0,9.2263,1.5771,1]},
{"frame":3,"values":[0.9777,-0.0074,-0.2101,0,0.0266,0.9957,0.0889,0,0.2085,-0.0925,0.9736,0,0,9.2263,1.5771,1]},
{"frame":4,"values":[0.9584,0.004,-0.2853,0,0.0196,0.9966,0.0799,0,0.2847,-0.0821,0.9551,0,0,9.2263,1.5771,1]},
{"frame":5,"values":[0.9374,0.012,-0.348,0,0.0163,0.9968,0.0784,0,0.3478,-0.0791,0.9342,0,0,9.2263,1.5771,1]},
{"frame":6,"values":[0.929,0.0026,-0.37,0,0.0285,0.9965,0.0785,0,0.369,-0.0835,0.9257,0,0,9.2263,1.5771,1]},
{"frame":7,"values":[0.9342,-0.0352,-0.3551,0,0.0649,0.9953,0.0723,0,0.3509,-0.0906,0.932,0,0,9.2263,1.5771,1]},
{"frame":8,"values":[0.9396,-0.071,-0.3347,0,0.0989,0.9928,0.0671,0,0.3275,-0.0961,0.9399,0,0,9.2263,1.5771,1]},
{"frame":9,"values":[0.9513,-0.1047,-0.29,0,0.1318,0.9884,0.0757,0,0.2787,-0.1102,0.954,0,0,9.2263,1.5771,1]},
{"frame":10,"values":[0.9682,-0.1078,-0.2257,0,0.1307,0.9874,0.0889,0,0.2133,-0.1156,0.9701,0,0,9.2263,1.5771,1]},
{"frame":11,"values":[0.98,-0.0847,-0.1803,0,0.1037,0.9897,0.0985,0,0.1701,-0.1152,0.9787,0,0,9.2263,1.5771,1]},
{"frame":12,"values":[0.9879,-0.0491,-0.1471,0,0.0645,0.9927,0.1019,0,0.141,-0.1101,0.9839,0,0,9.2263,1.5771,1]},
{"frame":13,"values":[0.9913,-0.016,-0.1309,0,0.0296,0.9943,0.1023,0,0.1285,-0.1053,0.9861,0,0,9.2263,1.5771,1]},
{"frame":14,"values":[0.9931,0.0003,-0.1174,0,0.0117,0.9947,0.1019,0,0.1168,-0.1026,0.9878,0,0,9.2263,1.5771,1]},
{"frame":15,"values":[0.9953,-0.012,-0.0964,0,0.0216,0.9948,0.0995,0,0.0947,-0.1011,0.9904,0,0,9.2263,1.5771,1]},
{"frame":16,"values":[0.9971,-0.0423,-0.0639,0,0.0482,0.9944,0.0941,0,0.0595,-0.0969,0.9935,0,0,9.2263,1.5771,1]},
{"frame":17,"values":[0.9977,-0.0585,-0.0345,0,0.0615,0.9937,0.0936,0,0.0288,-0.0955,0.995,0,0,9.2263,1.5771,1]},
{"frame":18,"values":[0.9984,-0.051,-0.0254,0,0.0532,0.9939,0.097,0,0.0203,-0.0982,0.995,0,0,9.2263,1.5771,1]},
{"frame":19,"values":[0.9993,-0.0213,-0.0302,0,0.0243,0.9946,0.1005,0,0.0279,-0.1012,0.9945,0,0,9.2263,1.5771,1]},
{"frame":20,"values":[0.9991,0.0141,-0.0396,0,-0.0103,0.9953,0.0968,0,0.0408,-0.0963,0.9945,0,0,9.2263,1.5771,1]},
{"frame":21,"values":[0.9982,0.0358,-0.0479,0,-0.0313,0.9953,0.0919,0,0.051,-0.0902,0.9946,0,0,9.2263,1.5771,1]},
{"frame":22,"values":[0.9969,0.0605,-0.0513,0,-0.0552,0.9937,0.0978,0,0.0569,-0.0946,0.9939,0,0,9.2263,1.5771,1]},
{"frame":23,"values":[0.996,0.0588,-0.0675,0,-0.0518,0.9936,0.1008,0,0.073,-0.0969,0.9926,0,0,9.2263,1.5771,1]},
{"frame":24,"values":[0.9948,0.0396,-0.0938,0,-0.03,0.9943,0.1021,0,0.0973,-0.0988,0.9903,0,0,9.2263,1.5771,1]},
{"frame":25,"values":[0.9937,0.0198,-0.1101,0,-0.0084,0.9947,0.1027,0,0.1115,-0.1012,0.9886,0,0,9.2263,1.5771,1]},
{"frame":26,"values":[0.9918,-0.0053,-0.1274,0,0.0185,0.9946,0.102,0,0.1262,-0.1035,0.9866,0,0,9.2263,1.5771,1]}],"loopBehavior":1,"name":"anim","property":"_matrix"}},
{"name":"boss:Spine1","index":2,"matrix":[0.9965,-0.001,-0.0831,0,0.0071,0.9973,0.0728,0,0.0828,-0.0731,0.9939,0,0,16.254,-0.1656,1],"rest":[1,0,0,0,0,1,0,0,0,0,1,0,0,16.254,-0.1656,1],"parentBoneIndex":1,"length":13.7007
,"animation":{"dataType":3,"framePerSecond":24,"keys":[
{"frame":1,"values":[0.9965,-0.001,-0.0831,0,0.0071,0.9973,0.0728,0,0.0828,-0.0731,0.9939,0,0,16.254,-0.1656,1]},
{"frame":2,"values":[0.9957,-0.0102,-0.0919,0,0.0166,0.9975,0.0686,0,0.0909,-0.0698,0.9934,0,0,16.254,-0.1656,1]},
{"frame":3,"values":[0.9947,-0.0111,-0.1025,0,0.0175,0.9979,0.0625,0,0.1016,-0.0639,0.9928,0,0,16.254,-0.1656,1]},
{"frame":4,"values":[0.9934,-0.0068,-0.1143,0,0.0133,0.9983,0.0563,0,0.1138,-0.0574,0.9918,0,0,16.254,-0.1656,1]},
{"frame":5,"values":[0.9922,-0.0039,-0.1242,0,0.0106,0.9985,0.0538,0,0.1238,-0.0547,0.9908,0,0,16.254,-0.1656,1]},
{"frame":6,"values":[0.9918,-0.0087,-0.1274,0,0.0161,0.9983,0.0567,0,0.1267,-0.0583,0.9902,0,0,16.254,-0.1656,1]},
{"frame":7,"values":[0.9918,-0.0216,-0.1263,0,0.0289,0.998,0.0562,0,0.1249,-0.0594,0.9904,0,0,16.254,-0.1656,1]},
{"frame":8,"values":[0.9922,-0.0357,-0.1195,0,0.0426,0.9975,0.0555,0,0.1172,-0.0601,0.9913,0,0,16.254,-0.1656,1]},
{"frame":9,"values":[0.9918,-0.0436,-0.1203,0,0.0514,0.9967,0.0626,0,0.1172,-0.0683,0.9908,0,0,16.254,-0.1656,1]},
{"frame":10,"values":[0.9912,-0.0451,-0.124,0,0.0537,0.9963,0.0665,0,0.1206,-0.0726,0.99,0,0,16.254,-0.1656,1]},
{"frame":11,"values":[0.9927,-0.0381,-0.1141,0,0.0464,0.9964,0.0704,0,0.111,-0.0752,0.991,0,0,16.254,-0.1656,1]},
{"frame":12,"values":[0.9947,-0.028,-0.0993,0,0.0353,0.9967,0.0725,0,0.097,-0.0757,0.9924,0,0,16.254,-0.1656,1]},
{"frame":13,"values":[0.996,-0.017,-0.0878,0,0.0235,0.997,0.0735,0,0.0863,-0.0753,0.9934,0,0,16.254,-0.1656,1]},
{"frame":14,"values":[0.9966,-0.0088,-0.0816,0,0.0148,0.9972,0.0736,0,0.0808,-0.0746,0.9939,0,0,16.254,-0.1656,1]},
{"frame":15,"values":[0.997,-0.0067,-0.0774,0,0.0123,0.9973,0.0719,0,0.0767,-0.0726,0.9944,0,0,16.254,-0.1656,1]},
{"frame":16,"values":[0.9975,-0.013,-0.0693,0,0.0176,0.9976,0.0662,0,0.0683,-0.0673,0.9954,0,0,16.254,-0.1656,1]},
{"frame":17,"values":[0.998,-0.0202,-0.0598,0,0.024,0.9977,0.0639,0,0.0584,-0.0652,0.9962,0,0,16.254,-0.1656,1]},
{"frame":18,"values":[0.9983,-0.0196,-0.0541,0,0.0232,0.9975,0.0666,0,0.0527,-0.0678,0.9963,0,0,16.254,-0.1656,1]},
{"frame":19,"values":[0.9985,-0.0088,-0.0534,0,0.0126,0.9974,0.0705,0,0.0527,-0.0711,0.9961,0,0,16.254,-0.1656,1]},
{"frame":20,"values":[0.9984,0.0022,-0.0569,0,0.0018,0.9975,0.0702,0,0.0569,-0.0702,0.9959,0,0,16.254,-0.1656,1]},
{"frame":21,"values":[0.9981,0.0106,-0.0609,0,-0.0065,0.9977,0.0681,0,0.0615,-0.0676,0.9958,0,0,16.254,-0.1656,1]},
{"frame":22,"values":[0.998,0.0238,-0.0583,0,-0.0195,0.9972,0.0722,0,0.0599,-0.0709,0.9957,0,0,16.254,-0.1656,1]},
{"frame":23,"values":[0.9977,0.0234,-0.0629,0,-0.0187,0.9971,0.0732,0,0.0644,-0.0719,0.9953,0,0,16.254,-0.1656,1]},
{"frame":24,"values":[0.9971,0.016,-0.0746,0,-0.0105,0.9973,0.073,0,0.0755,-0.072,0.9945,0,0,16.254,-0.1656,1]},
{"frame":25,"values":[0.9968,0.0093,-0.0789,0,-0.0035,0.9973,0.073,0,0.0794,-0.0725,0.9942,0,0,16.254,-0.1656,1]},
{"frame":26,"values":[0.9965,-0.001,-0.0831,0,0.0071,0.9973,0.0728,0,0.0828,-0.0731,0.9939,0,0,16.254,-0.1656,1]}],"loopBehavior":1,"name":"anim","property":"_matrix"}},
{"name":"boss:Spine2","index":3,"matrix":[0.9965,-0.0007,-0.0835,0,0.0067,0.9974,0.0723,0,0.0833,-0.0726,0.9939,0,0,13.6396,-1.2923,1],"rest":[1,0,0,0,0,1,0,0,0,0,1,0,0,13.6396,-1.2923,1],"parentBoneIndex":2,"length":13.1719
,"animation":{"dataType":3,"framePerSecond":24,"keys":[
{"frame":1,"values":[0.9965,-0.0007,-0.0835,0,0.0067,0.9974,0.0723,0,0.0833,-0.0726,0.9939,0,0,13.6396,-1.2923,1]},
{"frame":2,"values":[0.9957,-0.0101,-0.0925,0,0.0164,0.9976,0.0678,0,0.0916,-0.069,0.9934,0,0,13.6396,-1.2923,1]},
{"frame":3,"values":[0.9946,-0.0113,-0.1033,0,0.0177,0.998,0.0612,0,0.1024,-0.0627,0.9928,0,0,13.6396,-1.2923,1]},
{"frame":4,"values":[0.9933,-0.0078,-0.1151,0,0.0142,0.9984,0.0549,0,0.1145,-0.0562,0.9918,0,0,13.6396,-1.2923,1]},
{"frame":5,"values":[0.9921,-0.0053,-0.125,0,0.0119,0.9986,0.0523,0,0.1245,-0.0533,0.9908,0,0,13.6396,-1.2923,1]},
{"frame":6,"values":[0.9917,-0.0097,-0.1281,0,0.0169,0.9983,0.0551,0,0.1274,-0.0569,0.9902,0,0,13.6396,-1.2923,1]},
{"frame":7,"values":[0.9917,-0.0219,-0.1269,0,0.0291,0.9981,0.0546,0,0.1255,-0.0578,0.9904,0,0,13.6396,-1.2923,1]},
{"frame":8,"values":[0.9921,-0.0357,-0.1201,0,0.0425,0.9976,0.054,0,0.1179,-0.0587,0.9913,0,0,13.6396,-1.2923,1]},
{"frame":9,"values":[0.9917,-0.0432,-0.1209,0,0.0509,0.9968,0.0613,0,0.1179,-0.0669,0.9908,0,0,13.6396,-1.2923,1]},
{"frame":10,"values":[0.9912,-0.0448,-0.1246,0,0.0532,0.9964,0.0653,0,0.1212,-0.0714,0.9901,0,0,13.6396,-1.2923,1]},
{"frame":11,"values":[0.9927,-0.0379,-0.1145,0,0.0461,0.9965,0.0696,0,0.1114,-0.0744,0.991,0,0,13.6396,-1.2923,1]},
{"frame":12,"values":[0.9946,-0.0277,-0.0997,0,0.035,0.9968,0.0721,0,0.0974,-0.0752,0.9924,0,0,13.6396,-1.2923,1]},
{"frame":13,"values":[0.996,-0.0167,-0.0882,0,0.0232,0.997,0.0732,0,0.0867,-0.075,0.9934,0,0,13.6396,-1.2923,1]},
{"frame":14,"values":[0.9966,-0.0083,-0.082,0,0.0143,0.9972,0.0733,0,0.0812,-0.0743,0.9939,0,0,13.6396,-1.2923,1]},
{"frame":15,"values":[0.997,-0.0063,-0.0775,0,0.0118,0.9974,0.0718,0,0.0769,-0.0725,0.9944,0,0,13.6396,-1.2923,1]},
{"frame":16,"values":[0.9975,-0.0127,-0.0691,0,0.0174,0.9976,0.0665,0,0.0681,-0.0675,0.9954,0,0,13.6396,-1.2923,1]},
{"frame":17,"values":[0.998,-0.0201,-0.0593,0,0.0239,0.9976,0.0643,0,0.0579,-0.0656,0.9962,0,0,13.6396,-1.2923,1]},
{"frame":18,"values":[0.9984,-0.0195,-0.0537,0,0.0231,0.9975,0.0669,0,0.0523,-0.068,0.9963,0,0,13.6396,-1.2923,1]},
{"frame":19,"values":[0.9985,-0.0086,-0.0533,0,0.0124,0.9974,0.0706,0,0.0526,-0.0712,0.9961,0,0,13.6396,-1.2923,1]},
{"frame":20,"values":[0.9984,0.0026,-0.0571,0,0.0014,0.9975,0.07,0,0.0571,-0.07,0.9959,0,0,13.6396,-1.2923,1]},
{"frame":21,"values":[0.9981,0.0112,-0.0614,0,-0.007,0.9977,0.0677,0,0.062,-0.0671,0.9958,0,0,13.6396,-1.2923,1]},
{"frame":22,"values":[0.998,0.0243,-0.0588,0,-0.0201,0.9972,0.0717,0,0.0604,-0.0704,0.9957,0,0,13.6396,-1.2923,1]},
{"frame":23,"values":[0.9977,0.0238,-0.0632,0,-0.0192,0.9972,0.0728,0,0.0648,-0.0714,0.9953,0,0,13.6396,-1.2923,1]},
{"frame":24,"values":[0.9971,0.0164,-0.0748,0,-0.0109,0.9973,0.0726,0,0.0758,-0.0716,0.9945,0,0,13.6396,-1.2923,1]},
{"frame":25,"values":[0.9968,0.0096,-0.0792,0,-0.0039,0.9973,0.0727,0,0.0797,-0.0721,0.9942,0,0,13.6396,-1.2923,1]},
{"frame":26,"values":[0.9965,-0.0007,-0.0835,0,0.0067,0.9974,0.0723,0,0.0833,-0.0726,0.9939,0,0,13.6396,-1.2923,1]}],"loopBehavior":1,"name":"anim","property":"_matrix"}},
{"name":"boss:Neck","index":4,"matrix":[0.9987,0.0195,-0.0479,0,-0.0175,0.9989,0.0425,0,0.0487,-0.0417,0.9979,0,0,13.8774,-4.3542,1],"rest":[1,0,0,0,0,1,0,0,0,0,1,0,0,13.8774,-4.3542,1],"parentBoneIndex":3,"length":4.4379
,"animation":{"dataType":3,"framePerSecond":24,"keys":[
{"frame":1,"values":[0.9987,0.0195,-0.0479,0,-0.0175,0.9989,0.0425,0,0.0487,-0.0417,0.9979,0,0,13.8774,-4.3542,1]},
{"frame":2,"values":[0.9987,0.0185,-0.0479,0,-0.0165,0.999,0.0427,0,0.0486,-0.0419,0.9979,0,0,13.8774,-4.3542,1]},
{"frame":3,"values":[0.9987,0.0151,-0.0483,0,-0.0131,0.999,0.0416,0,0.0489,-0.0409,0.998,0,0,13.8774,-4.3542,1]},
{"frame":4,"values":[0.9987,0.0146,-0.0491,0,-0.0126,0.9992,0.0389,0,0.0496,-0.0382,0.998,0,0,13.8774,-4.3542,1]},
{"frame":5,"values":[0.9986,0.014,-0.0504,0,-0.0123,0.9993,0.0353,0,0.0509,-0.0346,0.9981,0,0,13.8774,-4.3542,1]},
{"frame":6,"values":[0.9986,0.0135,-0.0511,0,-0.0118,0.9994,0.0333,0,0.0515,-0.0326,0.9981,0,0,13.8774,-4.3542,1]},
{"frame":7,"values":[0.9986,0.014,-0.0505,0,-0.0124,0.9994,0.0336,0,0.051,-0.0329,0.9982,0,0,13.8774,-4.3542,1]},
{"frame":8,"values":[0.9987,0.0149,-0.049,0,-0.0132,0.9993,0.034,0,0.0495,-0.0333,0.9982,0,0,13.8774,-4.3542,1]},
{"frame":9,"values":[0.9988,0.0125,-0.0483,0,-0.0108,0.9993,0.036,0,0.0487,-0.0355,0.9982,0,0,13.8774,-4.3542,1]},
{"frame":10,"values":[0.9987,0.0079,-0.0498,0,-0.006,0.9992,0.0384,0,0.05,-0.038,0.998,0,0,13.8774,-4.3542,1]},
{"frame":11,"values":[0.9987,0.0075,-0.0507,0,-0.0055,0.9992,0.0388,0,0.051,-0.0385,0.998,0,0,13.8774,-4.3542,1]},
{"frame":12,"values":[0.9987,0.0072,-0.0514,0,-0.0051,0.9991,0.042,0,0.0517,-0.0417,0.9978,0,0,13.8774,-4.3542,1]},
{"frame":13,"values":[0.9986,0.0062,-0.0523,0,-0.0039,0.9991,0.043,0,0.0525,-0.0428,0.9977,0,0,13.8774,-4.3542,1]},
{"frame":14,"values":[0.9986,0.0071,-0.0526,0,-0.005,0.9991,0.041,0,0.0529,-0.0406,0.9978,0,0,13.8774,-4.3542,1]},
{"frame":15,"values":[0.9986,0.009,-0.0529,0,-0.007,0.9993,0.0374,0,0.0532,-0.037,0.9979,0,0,13.8774,-4.3542,1]},
{"frame":16,"values":[0.9985,0.0109,-0.0539,0,-0.0091,0.9994,0.034,0,0.0542,-0.0334,0.998,0,0,13.8774,-4.3542,1]},
{"frame":17,"values":[0.9985,0.0123,-0.0543,0,-0.0106,0.9994,0.0329,0,0.0546,-0.0323,0.998,0,0,13.8774,-4.3542,1]},
{"frame":18,"values":[0.9985,0.0115,-0.0544,0,-0.0097,0.9994,0.0323,0,0.0547,-0.0317,0.998,0,0,13.8774,-4.3542,1]},
{"frame":19,"values":[0.9985,0.0097,-0.0544,0,-0.0079,0.9994,0.0341,0,0.0547,-0.0336,0.9979,0,0,13.8774,-4.3542,1]},
{"frame":20,"values":[0.9985,0.01,-0.0533,0,-0.0081,0.9993,0.0357,0,0.0536,-0.0352,0.9979,0,0,13.8774,-4.3542,1]},
{"frame":21,"values":[0.9986,0.0096,-0.0527,0,-0.0078,0.9994,0.0343,0,0.053,-0.0338,0.998,0,0,13.8774,-4.3542,1]},
{"frame":22,"values":[0.9986,0.0092,-0.0521,0,-0.0075,0.9994,0.0331,0,0.0524,-0.0327,0.9981,0,0,13.8774,-4.3542,1]},
{"frame":23,"values":[0.9987,0.0126,-0.05,0,-0.011,0.9994,0.0333,0,0.0504,-0.0327,0.9982,0,0,13.8774,-4.3542,1]},
{"frame":24,"values":[0.9987,0.0166,-0.0483,0,-0.0149,0.9993,0.0357,0,0.0489,-0.0349,0.9982,0,0,13.8774,-4.3542,1]},
{"frame":25,"values":[0.9987,0.0187,-0.048,0,-0.0168,0.9991,0.04,0,0.0487,-0.0391,0.998,0,0,13.8774,-4.3542,1]},
{"frame":26,"values":[0.9987,0.0195,-0.0479,0,-0.0175,0.9989,0.0425,0,0.0487,-0.0417,0.9979,0,0,13.8774,-4.3542,1]}],"loopBehavior":1,"name":"anim","property":"_matrix"}},
{"name":"boss:Neck1","index":5,"matrix":[0.9987,0.0195,-0.0479,0,-0.0175,0.9989,0.0425,0,0.0487,-0.0416,0.9979,0,0,4.34,0.9269,1],"rest":[1,0,0,0,0,1,0,0,0,0,1,0,0,4.34,0.9269,1],"parentBoneIndex":4,"length":4.1171
,"animation":{"dataType":3,"framePerSecond":24,"keys":[
{"frame":1,"values":[0.9987,0.0195,-0.0479,0,-0.0175,0.9989,0.0425,0,0.0487,-0.0416,0.9979,0,0,4.34,0.9269,1]},
{"frame":2,"values":[0.9987,0.0185,-0.0479,0,-0.0165,0.999,0.0427,0,0.0486,-0.0419,0.9979,0,0,4.34,0.9269,1]},
{"frame":3,"values":[0.9987,0.0151,-0.0483,0,-0.0131,0.999,0.0416,0,0.0489,-0.0409,0.998,0,0,4.34,0.9269,1]},
{"frame":4,"values":[0.9987,0.0146,-0.0491,0,-0.0126,0.9992,0.0389,0,0.0496,-0.0382,0.998,0,0,4.34,0.9269,1]},
{"frame":5,"values":[0.9986,0.014,-0.0504,0,-0.0123,0.9993,0.0353,0,0.0509,-0.0346,0.9981,0,0,4.34,0.9269,1]},
{"frame":6,"values":[0.9986,0.0135,-0.0511,0,-0.0118,0.9994,0.0333,0,0.0515,-0.0326,0.9981,0,0,4.34,0.9269,1]},
{"frame":7,"values":[0.9986,0.014,-0.0505,0,-0.0124,0.9994,0.0336,0,0.051,-0.0329,0.9982,0,0,4.34,0.9269,1]},
{"frame":8,"values":[0.9987,0.0149,-0.049,0,-0.0132,0.9993,0.034,0,0.0495,-0.0333,0.9982,0,0,4.34,0.9269,1]},
{"frame":9,"values":[0.9988,0.0125,-0.0483,0,-0.0108,0.9993,0.036,0,0.0487,-0.0355,0.9982,0,0,4.34,0.9269,1]},
{"frame":10,"values":[0.9987,0.0079,-0.0498,0,-0.006,0.9992,0.0384,0,0.05,-0.038,0.998,0,0,4.34,0.9269,1]},
{"frame":11,"values":[0.9987,0.0075,-0.0507,0,-0.0055,0.9992,0.0388,0,0.051,-0.0385,0.998,0,0,4.34,0.9269,1]},
{"frame":12,"values":[0.9987,0.0072,-0.0514,0,-0.0051,0.9991,0.042,0,0.0517,-0.0417,0.9978,0,0,4.34,0.9269,1]},
{"frame":13,"values":[0.9986,0.0062,-0.0523,0,-0.0039,0.9991,0.043,0,0.0525,-0.0428,0.9977,0,0,4.34,0.9269,1]},
{"frame":14,"values":[0.9986,0.0071,-0.0526,0,-0.005,0.9991,0.041,0,0.0529,-0.0406,0.9978,0,0,4.34,0.9269,1]},
{"frame":15,"values":[0.9986,0.009,-0.0529,0,-0.007,0.9993,0.0374,0,0.0532,-0.037,0.9979,0,0,4.34,0.9269,1]},
{"frame":16,"values":[0.9985,0.0109,-0.0539,0,-0.0091,0.9994,0.034,0,0.0542,-0.0334,0.998,0,0,4.34,0.9269,1]},
{"frame":17,"values":[0.9985,0.0123,-0.0543,0,-0.0106,0.9994,0.0329,0,0.0546,-0.0323,0.998,0,0,4.34,0.9269,1]},
{"frame":18,"values":[0.9985,0.0115,-0.0544,0,-0.0097,0.9994,0.0323,0,0.0547,-0.0317,0.998,0,0,4.34,0.9269,1]},
{"frame":19,"values":[0.9985,0.0097,-0.0544,0,-0.0079,0.9994,0.0341,0,0.0547,-0.0336,0.9979,0,0,4.34,0.9269,1]},
{"frame":20,"values":[0.9985,0.01,-0.0533,0,-0.0081,0.9993,0.0357,0,0.0536,-0.0352,0.9979,0,0,4.34,0.9269,1]},
{"frame":21,"values":[0.9986,0.0096,-0.0527,0,-0.0078,0.9994,0.0343,0,0.053,-0.0338,0.998,0,0,4.34,0.9269,1]},
{"frame":22,"values":[0.9986,0.0092,-0.0521,0,-0.0075,0.9994,0.0331,0,0.0524,-0.0327,0.9981,0,0,4.34,0.9269,1]},
{"frame":23,"values":[0.9987,0.0126,-0.05,0,-0.011,0.9994,0.0333,0,0.0504,-0.0327,0.9982,0,0,4.34,0.9269,1]},
{"frame":24,"values":[0.9987,0.0166,-0.0483,0,-0.0149,0.9993,0.0357,0,0.0489,-0.0349,0.9982,0,0,4.34,0.9269,1]},
{"frame":25,"values":[0.9987,0.0187,-0.048,0,-0.0168,0.9991,0.04,0,0.0487,-0.0391,0.998,0,0,4.34,0.9269,1]},
{"frame":26,"values":[0.9987,0.0195,-0.0479,0,-0.0175,0.9989,0.0425,0,0.0487,-0.0417,0.9979,0,0,4.34,0.9269,1]}],"loopBehavior":1,"name":"anim","property":"_matrix"}},
{"name":"boss:Head","index":6,"matrix":[0.9987,0.0195,-0.0479,0,-0.0175,0.9989,0.0425,0,0.0487,-0.0417,0.9979,0,0,4.0266,0.8585,1],"rest":[1,0,0,0,0,1,0,0,0,0,1,0,0,4.0266,0.8585,1],"parentBoneIndex":5,"length":4.1171
,"animation":{"dataType":3,"framePerSecond":24,"keys":[
{"frame":1,"values":[0.9987,0.0195,-0.0479,0,-0.0175,0.9989,0.0425,0,0.0487,-0.0417,0.9979,0,0,4.0266,0.8585,1]},
{"frame":2,"values":[0.9987,0.0185,-0.0479,0,-0.0165,0.999,0.0427,0,0.0486,-0.0419,0.9979,0,0,4.0266,0.8585,1]},
{"frame":3,"values":[0.9987,0.0151,-0.0483,0,-0.0131,0.999,0.0416,0,0.0489,-0.0409,0.998,0,0,4.0266,0.8585,1]},
{"frame":4,"values":[0.9987,0.0146,-0.0491,0,-0.0126,0.9992,0.0389,0,0.0496,-0.0382,0.998,0,0,4.0266,0.8585,1]},
{"frame":5,"values":[0.9986,0.014,-0.0504,0,-0.0123,0.9993,0.0353,0,0.0509,-0.0346,0.9981,0,0,4.0266,0.8585,1]},
{"frame":6,"values":[0.9986,0.0135,-0.0511,0,-0.0118,0.9994,0.0333,0,0.0515,-0.0326,0.9981,0,0,4.0266,0.8585,1]},
{"frame":7,"values":[0.9986,0.014,-0.0505,0,-0.0124,0.9994,0.0336,0,0.051,-0.0329,0.9982,0,0,4.0266,0.8585,1]},
{"frame":8,"values":[0.9987,0.0149,-0.049,0,-0.0132,0.9993,0.034,0,0.0495,-0.0333,0.9982,0,0,4.0266,0.8585,1]},
{"frame":9,"values":[0.9988,0.0125,-0.0483,0,-0.0108,0.9993,0.036,0,0.0487,-0.0355,0.9982,0,0,4.0266,0.8585,1]},
{"frame":10,"values":[0.9987,0.0079,-0.0498,0,-0.006,0.9992,0.0384,0,0.05,-0.038,0.998,0,0,4.0266,0.8585,1]},
{"frame":11,"values":[0.9987,0.0075,-0.0507,0,-0.0055,0.9992,0.0388,0,0.051,-0.0385,0.998,0,0,4.0266,0.8585,1]},
{"frame":12,"values":[0.9987,0.0072,-0.0514,0,-0.0051,0.9991,0.042,0,0.0517,-0.0417,0.9978,0,0,4.0266,0.8585,1]},
{"frame":13,"values":[0.9986,0.0062,-0.0523,0,-0.0039,0.9991,0.043,0,0.0525,-0.0428,0.9977,0,0,4.0266,0.8585,1]},
{"frame":14,"values":[0.9986,0.0071,-0.0526,0,-0.005,0.9991,0.041,0,0.0529,-0.0406,0.9978,0,0,4.0266,0.8585,1]},
{"frame":15,"values":[0.9986,0.009,-0.0529,0,-0.007,0.9993,0.0374,0,0.0532,-0.037,0.9979,0,0,4.0266,0.8585,1]},
{"frame":16,"values":[0.9985,0.0109,-0.0539,0,-0.0091,0.9994,0.034,0,0.0542,-0.0334,0.998,0,0,4.0266,0.8585,1]},
{"frame":17,"values":[0.9985,0.0123,-0.0543,0,-0.0106,0.9994,0.0329,0,0.0546,-0.0323,0.998,0,0,4.0266,0.8585,1]},
{"frame":18,"values":[0.9985,0.0115,-0.0544,0,-0.0097,0.9994,0.0323,0,0.0547,-0.0317,0.998,0,0,4.0266,0.8585,1]},
{"frame":19,"values":[0.9985,0.0097,-0.0544,0,-0.0079,0.9994,0.0341,0,0.0547,-0.0336,0.9979,0,0,4.0266,0.8585,1]},
{"frame":20,"values":[0.9985,0.01,-0.0533,0,-0.0081,0.9993,0.0357,0,0.0536,-0.0352,0.9979,0,0,4.0266,0.8585,1]},
{"frame":21,"values":[0.9986,0.0096,-0.0527,0,-0.0078,0.9994,0.0343,0,0.053,-0.0338,0.998,0,0,4.0266,0.8585,1]},
{"frame":22,"values":[0.9986,0.0092,-0.0521,0,-0.0075,0.9994,0.0331,0,0.0524,-0.0327,0.9981,0,0,4.0266,0.8585,1]},
{"frame":23,"values":[0.9987,0.0126,-0.05,0,-0.011,0.9994,0.0333,0,0.0504,-0.0327,0.9982,0,0,4.0266,0.8585,1]},
{"frame":24,"values":[0.9987,0.0166,-0.0483,0,-0.0149,0.9993,0.0357,0,0.0489,-0.0349,0.9982,0,0,4.0266,0.8585,1]},
{"frame":25,"values":[0.9987,0.0187,-0.048,0,-0.0168,0.9991,0.04,0,0.0487,-0.0391,0.998,0,0,4.0266,0.8585,1]},
{"frame":26,"values":[0.9987,0.0195,-0.0479,0,-0.0175,0.9989,0.0425,0,0.0487,-0.0416,0.9979,0,0,4.0266,0.8585,1]}],"loopBehavior":1,"name":"anim","property":"_matrix"}},
{"name":"boss:LeftShoulder","index":7,"matrix":[0.9907,-0.1307,-0.0383,0,0.1314,0.9912,0.0176,0,0.0357,-0.0225,0.9991,0,6.1442,10.187,-3.7932,1],"rest":[1,0,0,0,0,1,0,0,0,0,1,0,6.1442,10.187,-3.7932,1],"parentBoneIndex":3,"length":12.4986
,"animation":{"dataType":3,"framePerSecond":24,"keys":[
{"frame":1,"values":[0.9907,-0.1307,-0.0383,0,0.1314,0.9912,0.0176,0,0.0357,-0.0225,0.9991,0,6.1442,10.187,-3.7932,1]},
{"frame":2,"values":[0.9894,-0.1283,-0.0687,0,0.13,0.9913,0.021,0,0.0654,-0.0297,0.9974,0,6.1442,10.187,-3.7932,1]},
{"frame":3,"values":[0.987,-0.1282,-0.0969,0,0.131,0.9911,0.0231,0,0.0931,-0.0355,0.995,0,6.1442,10.187,-3.7932,1]},
{"frame":4,"values":[0.9846,-0.1285,-0.1184,0,0.1322,0.9909,0.0237,0,0.1143,-0.039,0.9927,0,6.1442,10.187,-3.7932,1]},
{"frame":5,"values":[0.9834,-0.1279,-0.1286,0,0.1319,0.991,0.023,0,0.1245,-0.0396,0.9914,0,6.1442,10.187,-3.7932,1]},
{"frame":6,"values":[0.9829,-0.1323,-0.128,0,0.1362,0.9904,0.0217,0,0.1239,-0.0388,0.9915,0,6.1442,10.187,-3.7932,1]},
{"frame":7,"values":[0.9829,-0.1417,-0.1179,0,0.1451,0.9892,0.0203,0,0.1138,-0.0371,0.9928,0,6.1442,10.187,-3.7932,1]},
{"frame":8,"values":[0.9843,-0.1464,-0.0983,0,0.149,0.9887,0.019,0,0.0944,-0.0334,0.995,0,6.1442,10.187,-3.7932,1]},
{"frame":9,"values":[0.985,-0.1528,-0.0797,0,0.1546,0.9878,0.0168,0,0.0762,-0.0289,0.9967,0,6.1442,10.187,-3.7932,1]},
{"frame":10,"values":[0.9839,-0.166,-0.066,0,0.1672,0.9858,0.0136,0,0.0628,-0.0244,0.9977,0,6.1442,10.187,-3.7932,1]},
{"frame":11,"values":[0.9841,-0.1701,-0.0507,0,0.1708,0.9852,0.0104,0,0.0482,-0.0189,0.9987,0,6.1442,10.187,-3.7932,1]},
{"frame":12,"values":[0.985,-0.1691,-0.0354,0,0.1695,0.9855,0.0076,0,0.0336,-0.0135,0.9993,0,6.1442,10.187,-3.7932,1]},
{"frame":13,"values":[0.9853,-0.1692,-0.022,0,0.1694,0.9855,0.0056,0,0.0207,-0.0093,0.9997,0,6.1442,10.187,-3.7932,1]},
{"frame":14,"values":[0.9861,-0.166,-0.0072,0,0.1661,0.9861,0.004,0,0.0065,-0.0052,1,0,6.1442,10.187,-3.7932,1]},
{"frame":15,"values":[0.9866,-0.1628,0.0106,0,0.1628,0.9867,0.0023,0,-0.0108,-0.0005,0.9999,0,6.1442,10.187,-3.7932,1]},
{"frame":16,"values":[0.9865,-0.1604,0.0324,0,0.1604,0.9871,0.001,0,-0.0322,0.0042,0.9995,0,6.1442,10.187,-3.7932,1]},
{"frame":17,"values":[0.9847,-0.1637,0.0595,0,0.164,0.9865,0.0011,0,-0.0589,0.0087,0.9982,0,6.1442,10.187,-3.7932,1]},
{"frame":18,"values":[0.983,-0.1659,0.0791,0,0.1663,0.9861,0.0007,0,-0.0781,0.0125,0.9969,0,6.1442,10.187,-3.7932,1]},
{"frame":19,"values":[0.9822,-0.1653,0.0887,0,0.166,0.9861,-0.0002,0,-0.0874,0.015,0.9961,0,6.1442,10.187,-3.7932,1]},
{"frame":20,"values":[0.9827,-0.1613,0.0914,0,0.162,0.9868,-0.0007,0,-0.0901,0.0155,0.9958,0,6.1442,10.187,-3.7932,1]},
{"frame":21,"values":[0.9835,-0.1569,0.0903,0,0.1575,0.9875,0.0005,0,-0.0892,0.0137,0.9959,0,6.1442,10.187,-3.7932,1]},
{"frame":22,"values":[0.9852,-0.1514,0.0808,0,0.1516,0.9884,0.0032,0,-0.0803,0.0091,0.9967,0,6.1442,10.187,-3.7932,1]},
{"frame":23,"values":[0.9874,-0.1472,0.0588,0,0.1471,0.9891,0.0064,0,-0.0591,0.0023,0.9982,0,6.1442,10.187,-3.7932,1]},
{"frame":24,"values":[0.9895,-0.1422,0.0274,0,0.142,0.9898,0.0098,0,-0.0285,-0.0058,0.9996,0,6.1442,10.187,-3.7932,1]},
{"frame":25,"values":[0.9908,-0.135,-0.0061,0,0.1351,0.9907,0.0136,0,0.0042,-0.0143,0.9999,0,6.1442,10.187,-3.7932,1]},
{"frame":26,"values":[0.9907,-0.1307,-0.0383,0,0.1314,0.9912,0.0176,0,0.0357,-0.0225,0.9991,0,6.1442,10.187,-3.7932,1]}],"loopBehavior":1,"name":"anim","property":"_matrix"}},
{"name":"boss:LeftArm","index":8,"matrix":[0.3549,-0.9214,0.1585,0,0.8713,0.3874,0.3013,0,-0.339,0.0312,0.9403,0,12.3191,-1.113,-1.7935,1],"rest":[1,0,0,0,0,1,0,0,0,0,1,0,12.3191,-1.113,-1.7935,1],"parentBoneIndex":7,"length":27.687
,"animation":{"dataType":3,"framePerSecond":24,"keys":[
{"frame":1,"values":[0.3549,-0.9214,0.1585,0,0.8713,0.3874,0.3013,0,-0.339,0.0312,0.9403,0,12.3191,-1.113,-1.7935,1]},
{"frame":2,"values":[0.3812,-0.9182,0.1078,0,0.8671,0.3955,0.3027,0,-0.3206,-0.0219,0.947,0,12.3191,-1.113,-1.7935,1]},
{"frame":3,"values":[0.4025,-0.9148,0.0338,0,0.8702,0.3938,0.2962,0,-0.2843,-0.0898,0.9545,0,12.3191,-1.113,-1.7935,1]},
{"frame":4,"values":[0.4066,-0.9127,-0.0413,0,0.883,0.381,0.274,0,-0.2344,-0.1479,0.9608,0,12.3191,-1.113,-1.7935,1]},
{"frame":5,"values":[0.4011,-0.9133,-0.0706,0,0.8935,0.3731,0.2498,0,-0.2018,-0.1633,0.9657,0,12.3191,-1.113,-1.7935,1]},
{"frame":6,"values":[0.4114,-0.9096,-0.0571,0,0.8895,0.387,0.243,0,-0.1989,-0.1508,0.9683,0,12.3191,-1.113,-1.7935,1]},
{"frame":7,"values":[0.4408,-0.8967,-0.0413,0,0.873,0.4175,0.2521,0,-0.2089,-0.1472,0.9668,0,12.3191,-1.113,-1.7935,1]},
{"frame":8,"values":[0.4686,-0.8831,-0.0219,0,0.8547,0.447,0.2638,0,-0.2232,-0.1423,0.9643,0,12.3191,-1.113,-1.7935,1]},
{"frame":9,"values":[0.4795,-0.8775,0.0133,0,0.8433,0.4649,0.2696,0,-0.2427,-0.118,0.9629,0,12.3191,-1.113,-1.7935,1]},
{"frame":10,"values":[0.4716,-0.8804,0.051,0,0.8428,0.467,0.2676,0,-0.2594,-0.0831,0.9622,0,12.3191,-1.113,-1.7935,1]},
{"frame":11,"values":[0.4516,-0.8886,0.0804,0,0.8497,0.4558,0.265,0,-0.2721,-0.0513,0.9609,0,12.3191,-1.113,-1.7935,1]},
{"frame":12,"values":[0.4309,-0.896,0.1073,0,0.8537,0.4433,0.2733,0,-0.2925,-0.0262,0.9559,0,12.3191,-1.113,-1.7935,1]},
{"frame":13,"values":[0.4148,-0.9,0.134,0,0.8513,0.4358,0.2921,0,-0.3213,-0.0071,0.9469,0,12.3191,-1.113,-1.7935,1]},
{"frame":14,"values":[0.3992,-0.9032,0.1578,0,0.8515,0.429,0.3015,0,-0.34,0.014,0.9403,0,12.3191,-1.113,-1.7935,1]},
{"frame":15,"values":[0.4007,-0.8981,0.1814,0,0.8466,0.4386,0.3015,0,-0.3504,0.0327,0.936,0,12.3191,-1.113,-1.7935,1]},
{"frame":16,"values":[0.4205,-0.8845,0.2018,0,0.8367,0.4641,0.2908,0,-0.3509,0.0466,0.9353,0,12.3191,-1.113,-1.7935,1]},
{"frame":17,"values":[0.4387,-0.871,0.221,0,0.8297,0.4871,0.2725,0,-0.345,0.0638,0.9364,0,12.3191,-1.113,-1.7935,1]},
{"frame":18,"values":[0.4347,-0.8678,0.2405,0,0.8351,0.4885,0.2531,0,-0.3371,0.0908,0.9371,0,12.3191,-1.113,-1.7935,1]},
{"frame":19,"values":[0.4129,-0.8737,0.2572,0,0.8471,0.4722,0.2438,0,-0.3345,0.1172,0.9351,0,12.3191,-1.113,-1.7935,1]},
{"frame":20,"values":[0.3888,-0.8819,0.2668,0,0.8579,0.4521,0.2441,0,-0.3359,0.1339,0.9323,0,12.3191,-1.113,-1.7935,1]},
{"frame":21,"values":[0.3613,-0.8924,0.2704,0,0.8696,0.4271,0.2477,0,-0.3365,0.1457,0.9303,0,12.3191,-1.113,-1.7935,1]},
{"frame":22,"values":[0.3301,-0.9041,0.2714,0,0.8784,0.3995,0.2623,0,-0.3455,0.1519,0.926,0,12.3191,-1.113,-1.7935,1]},
{"frame":23,"values":[0.3127,-0.9126,0.2635,0,0.8781,0.3835,0.2862,0,-0.3622,0.1419,0.9212,0,12.3191,-1.113,-1.7935,1]},
{"frame":24,"values":[0.3161,-0.9183,0.2385,0,0.8749,0.3793,0.301,0,-0.3669,0.1136,0.9233,0,12.3191,-1.113,-1.7935,1]},
{"frame":25,"values":[0.3323,-0.9218,0.1997,0,0.874,0.3805,0.3021,0,-0.3545,0.0742,0.9321,0,12.3191,-1.113,-1.7935,1]},
{"frame":26,"values":[0.3549,-0.9214,0.1585,0,0.8713,0.3874,0.3013,0,-0.339,0.0312,0.9403,0,12.3191,-1.113,-1.7935,1]}],"loopBehavior":1,"name":"anim","property":"_matrix"}},
{"name":"boss:LeftForeArm","index":9,"matrix":[0.8727,0,0.4882,0,0,1,0,0,-0.4882,0,0.8727,0,27.687,0,0,1],"rest":[1,0,0,0,0,1,0,0,0,0,1,0,27.687,0,0,1],"parentBoneIndex":8,"length":27.8738
,"animation":{"dataType":3,"framePerSecond":24,"keys":[
{"frame":1,"values":[0.8727,0,0.4882,0,0,1,0,0,-0.4882,0,0.8727,0,27.687,0,0,1]},
{"frame":2,"values":[0.9021,0,0.4315,0,0,1,0,0,-0.4315,0,0.9021,0,27.687,0,0,1]},
{"frame":3,"values":[0.9149,0,0.4038,0,0,1,0,0,-0.4038,0,0.9149,0,27.687,0,0,1]},
{"frame":4,"values":[0.9245,0,0.3812,0,0,1,0,0,-0.3812,0,0.9245,0,27.687,0,0,1]},
{"frame":5,"values":[0.9522,0,0.3056,0,0,1,0,0,-0.3056,0,0.9522,0,27.687,0,0,1]},
{"frame":6,"values":[0.9796,0,0.2009,0,0,1,0,0,-0.2009,0,0.9796,0,27.687,0,0,1]},
{"frame":7,"values":[0.991,0,0.1338,0,0,1,0,0,-0.1338,0,0.991,0,27.687,0,0,1]},
{"frame":8,"values":[0.9943,0,0.1063,0,0,1,0,0,-0.1063,0,0.9943,0,27.687,0,0,1]},
{"frame":9,"values":[0.9951,0,0.0988,0,0,1,0,0,-0.0988,0,0.9951,0,27.687,0,0,1]},
{"frame":10,"values":[0.994,0,0.1094,0,0,1,0,0,-0.1094,0,0.994,0,27.687,0,0,1]},
{"frame":11,"values":[0.9911,0,0.1333,0,0,1,0,0,-0.1333,0,0.9911,0,27.687,0,0,1]},
{"frame":12,"values":[0.9863,0,0.1647,0,0,1,0,0,-0.1647,0,0.9863,0,27.687,0,0,1]},
{"frame":13,"values":[0.9791,0,0.2034,0,0,1,0,0,-0.2034,0,0.9791,0,27.687,0,0,1]},
{"frame":14,"values":[0.9672,0,0.2539,0,0,1,0,0,-0.2539,0,0.9672,0,27.687,0,0,1]},
{"frame":15,"values":[0.9519,0,0.3063,0,0,1,0,0,-0.3063,0,0.9519,0,27.687,0,0,1]},
{"frame":16,"values":[0.9344,0,0.3563,0,0,1,0,0,-0.3563,0,0.9344,0,27.687,0,0,1]},
{"frame":17,"values":[0.9173,0,0.3981,0,0,1,0,0,-0.3981,0,0.9173,0,27.687,0,0,1]},
{"frame":18,"values":[0.9021,0,0.4314,0,0,1,0,0,-0.4314,0,0.9021,0,27.687,0,0,1]},
{"frame":19,"values":[0.8856,0,0.4644,0,0,1,0,0,-0.4644,0,0.8856,0,27.687,0,0,1]},
{"frame":20,"values":[0.8644,0,0.5028,0,0,1,0,0,-0.5028,0,0.8644,0,27.687,0,0,1]},
{"frame":21,"values":[0.8432,0,0.5376,0,0,1,0,0,-0.5376,0,0.8432,0,27.687,0,0,1]},
{"frame":22,"values":[0.8289,0,0.5593,0,0,1,0,0,-0.5593,0,0.8289,0,27.687,0,0,1]},
{"frame":23,"values":[0.8229,0,0.5682,0,0,1,0,0,-0.5682,0,0.8229,0,27.687,0,0,1]},
{"frame":24,"values":[0.8251,0,0.565,0,0,1,0,0,-0.565,0,0.8251,0,27.687,0,0,1]},
{"frame":25,"values":[0.8419,0,0.5396,0,0,1,0,0,-0.5396,0,0.8419,0,27.687,0,0,1]},
{"frame":26,"values":[0.8727,0,0.4882,0,0,1,0,0,-0.4882,0,0.8727,0,27.687,0,0,1]}],"loopBehavior":1,"name":"anim","property":"_matrix"}},
{"name":"boss:LeftHand","index":10,"matrix":[0.9793,0.0328,0.1998,0,-0.0711,0.9797,0.1876,0,-0.1896,-0.1979,0.9617,0,27.8738,0,0,1],"rest":[0.9974,-0.0541,-0.0467,0,0.0586,0.9932,0.1006,0,0.041,-0.1031,0.9938,0,27.8738,0,0,1],"parentBoneIndex":9,"length":9.2395
,"animation":{"dataType":3,"framePerSecond":24,"keys":[
{"frame":1,"values":[0.9793,0.0328,0.1998,0,-0.0711,0.9797,0.1876,0,-0.1896,-0.1979,0.9617,0,27.8738,0,0,1]},
{"frame":2,"values":[0.9936,0.0181,0.1113,0,-0.0387,0.9818,0.1859,0,-0.1059,-0.189,0.9762,0,27.8738,0,0,1]},
{"frame":3,"values":[0.9999,0.0024,0.0168,0,-0.0057,0.9788,0.2046,0,-0.0159,-0.2046,0.9787,0,27.8738,0,0,1]},
{"frame":4,"values":[0.9978,-0.0078,-0.0652,0,0.0215,0.977,0.2123,0,0.062,-0.2132,0.975,0,27.8738,0,0,1]},
{"frame":5,"values":[0.9956,-0.0091,-0.0937,0,0.0279,0.979,0.2017,0,0.09,-0.2035,0.9749,0,27.8738,0,0,1]},
{"frame":6,"values":[0.9964,0.0026,-0.0852,0,0.0135,0.9819,0.189,0,0.0841,-0.1894,0.9783,0,27.8738,0,0,1]},
{"frame":7,"values":[0.9954,0.0289,-0.0913,0,-0.011,0.9817,0.19,0,0.0951,-0.1881,0.9775,0,27.8738,0,0,1]},
{"frame":8,"values":[0.9925,0.0584,-0.1073,0,-0.036,0.9792,0.1998,0,0.1168,-0.1944,0.9739,0,27.8738,0,0,1]},
{"frame":9,"values":[0.9938,0.065,-0.0906,0,-0.0457,0.9786,0.2009,0,0.1017,-0.1955,0.9754,0,27.8738,0,0,1]},
{"frame":10,"values":[0.999,0.0301,-0.0339,0,-0.0231,0.9814,0.1907,0,0.039,-0.1897,0.9811,0,27.8738,0,0,1]},
{"frame":11,"values":[0.9994,-0.0294,0.0207,0,0.0252,0.9832,0.181,0,-0.0257,-0.1804,0.9833,0,27.8738,0,0,1]},
{"frame":12,"values":[0.9953,-0.0816,0.0517,0,0.071,0.9809,0.181,0,-0.0655,-0.1765,0.9821,0,27.8738,0,0,1]},
{"frame":13,"values":[0.9916,-0.1055,0.0746,0,0.0902,0.9786,0.1849,0,-0.0925,-0.1766,0.9799,0,27.8738,0,0,1]},
{"frame":14,"values":[0.9896,-0.1136,0.0882,0,0.0946,0.9761,0.1955,0,-0.1083,-0.1851,0.9767,0,27.8738,0,0,1]},
{"frame":15,"values":[0.9883,-0.1174,0.0968,0,0.0947,0.9725,0.2126,0,-0.1191,-0.2009,0.9723,0,27.8738,0,0,1]},
{"frame":16,"values":[0.988,-0.1152,0.103,0,0.0902,0.9711,0.2208,0,-0.1254,-0.2089,0.9699,0,27.8738,0,0,1]},
{"frame":17,"values":[0.9883,-0.1046,0.1113,0,0.0789,0.9735,0.2146,0,-0.1308,-0.2033,0.9703,0,27.8738,0,0,1]},
{"frame":18,"values":[0.9884,-0.085,0.1259,0,0.0579,0.9771,0.2049,0,-0.1405,-0.1952,0.9706,0,27.8738,0,0,1]},
{"frame":19,"values":[0.9875,-0.0581,0.1465,0,0.0259,0.9767,0.2128,0,-0.1555,-0.2064,0.966,0,27.8738,0,0,1]},
{"frame":20,"values":[0.9841,-0.0277,0.1756,0,-0.0153,0.9709,0.2389,0,-0.1771,-0.2378,0.955,0,27.8738,0,0,1]},
{"frame":21,"values":[0.9722,0.0028,0.2341,0,-0.0617,0.9676,0.245,0,-0.2258,-0.2527,0.9408,0,27.8738,0,0,1]},
{"frame":22,"values":[0.945,0.0288,0.3259,0,-0.1088,0.9671,0.2301,0,-0.3086,-0.2528,0.917,0,27.8738,0,0,1]},
{"frame":23,"values":[0.9189,0.0436,0.3922,0,-0.1466,0.9605,0.2366,0,-0.3663,-0.2749,0.889,0,27.8738,0,0,1]},
{"frame":24,"values":[0.9246,0.0471,0.3781,0,-0.15,0.9572,0.2474,0,-0.3503,-0.2854,0.8921,0,27.8738,0,0,1]},
{"frame":25,"values":[0.9544,0.0426,0.2956,0,-0.112,0.9685,0.2222,0,-0.2769,-0.2452,0.9291,0,27.8738,0,0,1]},
{"frame":26,"values":[0.9793,0.0328,0.1998,0,-0.0711,0.9797,0.1876,0,-0.1896,-0.1979,0.9617,0,27.8738,0,0,1]}],"loopBehavior":1,"name":"anim","property":"_matrix"}},
{"name":"boss:LeftHandThumb1","index":11,"matrix":[0.9564,0.2354,0.173,0,-0.292,0.753,0.5897,0,0.0085,-0.6145,0.7889,0,2.3785,-1.0029,2.6209,1],"rest":[0.9909,-0.0858,-0.104,0,0.0965,0.9901,0.102,0,0.0942,-0.1111,0.9893,0,2.3785,-1.0029,2.6209,1],"parentBoneIndex":10,"length":4.514
,"animation":{"dataType":3,"framePerSecond":24,"keys":[
{"frame":1,"values":[0.9564,0.2354,0.173,0,-0.292,0.753,0.5897,0,0.0085,-0.6145,0.7889,0,2.3785,-1.0029,2.6209,1]},
{"frame":26,"values":[0.9564,0.2354,0.173,0,-0.292,0.753,0.5897,0,0.0085,-0.6145,0.7889,0,2.3785,-1.0029,2.6209,1]}],"loopBehavior":1,"name":"anim","property":"_matrix"}},
{"name":"boss:LeftHandThumb2","index":12,"matrix":[0.9798,-0.1078,-0.1685,0,0.1129,0.9934,0.0213,0,0.1651,-0.0399,0.9855,0,3.3624,-1.0029,2.8398,1],"rest":[0.9723,0.0085,0.2336,0,0.008,0.9975,-0.0699,0,-0.2336,0.0698,0.9698,0,3.3624,-1.0029,2.8398,1],"parentBoneIndex":11,"length":5.1787
,"animation":{"dataType":3,"framePerSecond":24,"keys":[
{"frame":1,"values":[0.9798,-0.1078,-0.1685,0,0.1129,0.9934,0.0213,0,0.1651,-0.0399,0.9855,0,3.3624,-1.0029,2.8398,1]},
{"frame":2,"values":[0.9781,-0.1136,-0.1742,0,0.1215,0.992,0.0354,0,0.1688,-0.0558,0.9841,0,3.3624,-1.0029,2.8398,1]},
{"frame":3,"values":[0.9771,-0.1217,-0.1747,0,0.1331,0.9896,0.0551,0,0.1662,-0.0771,0.9831,0,3.3624,-1.0029,2.8398,1]},
{"frame":4,"values":[0.9801,-0.1237,-0.1554,0,0.1361,0.9881,0.0722,0,0.1446,-0.0919,0.9852,0,3.3624,-1.0029,2.8398,1]},
{"frame":5,"values":[0.9835,-0.1227,-0.1331,0,0.1347,0.9872,0.0853,0,0.121,-0.1018,0.9874,0,3.3624,-1.0029,2.8398,1]},
{"frame":6,"values":[0.9818,-0.1282,-0.14,0,0.1419,0.9855,0.0927,0,0.1261,-0.1109,0.9858,0,3.3624,-1.0029,2.8398,1]},
{"frame":7,"values":[0.9795,-0.1339,-0.1508,0,0.1495,0.984,0.0974,0,0.1354,-0.1179,0.9838,0,3.3624,-1.0029,2.8398,1]},
{"frame":8,"values":[0.9854,-0.1277,-0.1125,0,0.1403,0.9837,0.1123,0,0.0963,-0.1265,0.9873,0,3.3624,-1.0029,2.8398,1]},
{"frame":9,"values":[0.9904,-0.1209,-0.0672,0,0.1286,0.9836,0.1262,0,0.0508,-0.1336,0.9897,0,3.3624,-1.0029,2.8398,1]},
{"frame":10,"values":[0.9894,-0.1228,-0.0771,0,0.1313,0.9843,0.1177,0,0.0615,-0.1266,0.99,0,3.3624,-1.0029,2.8398,1]},
{"frame":11,"values":[0.9864,-0.1237,-0.1082,0,0.134,0.9866,0.0936,0,0.0952,-0.1068,0.9897,0,3.3624,-1.0029,2.8398,1]},
{"frame":12,"values":[0.9859,-0.1167,-0.1201,0,0.1253,0.9899,0.0662,0,0.1111,-0.0803,0.9906,0,3.3624,-1.0029,2.8398,1]},
{"frame":13,"values":[0.9859,-0.1101,-0.1262,0,0.1166,0.9921,0.0459,0,0.1201,-0.0599,0.9909,0,3.3624,-1.0029,2.8398,1]},
{"frame":14,"values":[0.9844,-0.1135,-0.1343,0,0.1211,0.9914,0.0496,0,0.1275,-0.0651,0.9897,0,3.3624,-1.0029,2.8398,1]},
{"frame":15,"values":[0.9843,-0.1208,-0.1287,0,0.1308,0.9888,0.0722,0,0.1185,-0.0879,0.989,0,3.3624,-1.0029,2.8398,1]},
{"frame":16,"values":[0.9837,-0.1329,-0.1208,0,0.1457,0.9839,0.104,0,0.1051,-0.1199,0.9872,0,3.3624,-1.0029,2.8398,1]},
{"frame":17,"values":[0.9834,-0.1415,-0.114,0,0.1554,0.9801,0.1239,0,0.0942,-0.1396,0.9857,0,3.3624,-1.0029,2.8398,1]},
{"frame":18,"values":[0.9866,-0.1354,-0.0909,0,0.1461,0.9815,0.1238,0,0.0725,-0.1354,0.9881,0,3.3624,-1.0029,2.8398,1]},
{"frame":19,"values":[0.9905,-0.1204,-0.0666,0,0.1272,0.9859,0.1085,0,0.0526,-0.1159,0.9919,0,3.3624,-1.0029,2.8398,1]},
{"frame":20,"values":[0.9911,-0.1126,-0.0713,0,0.1187,0.989,0.0879,0,0.0606,-0.0955,0.9936,0,3.3624,-1.0029,2.8398,1]},
{"frame":21,"values":[0.9916,-0.1063,-0.0735,0,0.1121,0.9905,0.0795,0,0.0643,-0.0871,0.9941,0,3.3624,-1.0029,2.8398,1]},
