{"producer":{"name":"Blender","version":"2.90.0","exporter_version":"2.80.1","file":"straferight_riffle.babylon"},
"autoClear":true,"clearColor":[0.0509,0.0509,0.0509],"gravity":[0,-9.81,0],
"materials":[{"name":"Material","id":"Material","customType":"BABYLON.PBRMaterial","backFaceCulling":true,"checkReadyOnlyOnce":false,"maxSimultaneousLights":4,"environmentIntensity":1,"albedo":[0.8,0.8,0.8],"reflectivity":[0.5,0.5,0.5],"roughness":0.4,"alpha":1,"transparencyMode":0,"alphaCutOff":0.4,"metallic":0}],
"multiMaterials":[],
"skeletons":[{"name":"Armature","id":0,"dimensionsAtRest":[188.1767,172.4535,15.5905],"bones":[
{"name":"boss:Hips","index":0,"matrix":[0.6646,0.0687,-0.744,0,0.0983,0.9791,0.1783,0,-0.7407,0.1916,-0.644,0,0,89.7449,0,1],"rest":[1,0,0,0,0,1,0,0,0,0,-1,0,0,96.3794,0,1],"parentBoneIndex":-1,"length":9.9032
,"animation":{"dataType":3,"framePerSecond":24,"keys":[
{"frame":1,"values":[0.6646,0.0687,-0.744,0,0.0983,0.9791,0.1783,0,-0.7407,0.1916,-0.644,0,0,89.7449,0,1]},
{"frame":2,"values":[0.6059,0.0512,-0.7939,0,0.1324,0.9775,0.1641,0,-0.7844,0.2045,-0.5855,0,-1.7263,87.6394,-0.2259,1]},
{"frame":3,"values":[0.5406,0.0338,-0.8406,0,0.1669,0.975,0.1465,0,-0.8246,0.2195,-0.5214,0,-3.5506,85.2542,-0.6011,1]},
{"frame":4,"values":[0.473,0.0182,-0.8809,0,0.199,0.9718,0.1269,0,-0.8583,0.2353,-0.456,0,-5.2077,83.1455,-1.0836,1]},
{"frame":5,"values":[0.4085,0.0055,-0.9128,0,0.226,0.9682,0.107,0,-0.8843,0.25,-0.3942,0,-6.4379,81.8409,-1.6387,1]},
{"frame":6,"values":[0.3577,-0.0022,-0.9338,0,0.244,0.9655,0.0911,0,-0.9014,0.2605,-0.3459,0,-6.615,81.8477,-2.2216,1]},
{"frame":7,"values":[0.3849,-0.0052,-0.9229,0,0.2425,0.9654,0.0957,0,-0.8905,0.2606,-0.3729,0,-6.583,83.1417,-2.8125,1]},
{"frame":8,"values":[0.4341,-0.0043,-0.9009,0,0.2309,0.9671,0.1066,0,-0.8708,0.2543,-0.4208,0,-6.1566,85.1742,-3.3491,1]},
{"frame":9,"values":[0.4793,-0.002,-0.8776,0,0.2173,0.9691,0.1165,0,-0.8503,0.2466,-0.4649,0,-5.4527,87.3672,-3.783,1]},
{"frame":10,"values":[0.5208,0.0018,-0.8537,0,0.2021,0.9713,0.1253,0,-0.8294,0.2377,-0.5055,0,-4.6477,89.1581,-4.084,1]},
{"frame":11,"values":[0.5592,0.0068,-0.829,0,0.1855,0.9736,0.1331,0,-0.808,0.2282,-0.5432,0,-3.824,89.8415,-4.2082,1]},
{"frame":12,"values":[0.5951,0.013,-0.8036,0,0.168,0.9758,0.1402,0,-0.7859,0.2184,-0.5785,0,-3.0798,89.7708,-4.1558,1]},
{"frame":13,"values":[0.6289,0.02,-0.7772,0,0.15,0.9778,0.1465,0,-0.7629,0.2087,-0.612,0,-2.3801,88.9609,-3.9696,1]},
{"frame":14,"values":[0.6612,0.0276,-0.7497,0,0.1316,0.9795,0.1522,0,-0.7385,0.1993,-0.6441,0,-1.8398,87.4267,-3.6719,1]},
{"frame":15,"values":[0.6924,0.0357,-0.7206,0,0.1134,0.981,0.1575,0,-0.7125,0.1907,-0.6752,0,-1.4963,85.7284,-3.2858,1]},
{"frame":16,"values":[0.7229,0.0438,-0.6896,0,0.0955,0.9821,0.1625,0,-0.6844,0.1833,-0.7057,0,-1.7312,84.5409,-2.8418,1]},
{"frame":17,"values":[0.7528,0.0518,-0.6563,0,0.0782,0.9828,0.1673,0,-0.6536,0.1772,-0.7358,0,-2.8134,83.0156,-2.3574,1]},
{"frame":18,"values":[0.7809,0.0591,-0.6218,0,0.0629,0.983,0.1723,0,-0.6214,0.1737,-0.764,0,-4.6793,81.5364,-1.8699,1]},
{"frame":19,"values":[0.7775,0.0615,-0.6259,0,0.06,0.9834,0.1711,0,-0.6261,0.1706,-0.7609,0,-5.8893,81.6288,-1.3902,1]},
{"frame":20,"values":[0.7616,0.0616,-0.6451,0,0.0641,0.9834,0.1697,0,-0.6449,0.1706,-0.745,0,-6.1623,83.7172,-0.9381,1]},
{"frame":21,"values":[0.7441,0.0625,-0.6652,0,0.0699,0.9829,0.1706,0,-0.6644,0.1734,-0.7269,0,-5.2605,86.5108,-0.5388,1]},
{"frame":22,"values":[0.7253,0.0638,-0.6855,0,0.0766,0.982,0.1724,0,-0.6842,0.1776,-0.7073,0,-4.0754,88.7223,-0.2218,1]},
{"frame":23,"values":[0.7055,0.0653,-0.7057,0,0.0839,0.981,0.1747,0,-0.7037,0.1824,-0.6867,0,-2.8161,90.0436,-0.0101,1]},
{"frame":24,"values":[0.6852,0.067,-0.7253,0,0.0913,0.98,0.1768,0,-0.7226,0.1873,-0.6654,0,-1.5655,90.4546,0.0721,1]},
{"frame":25,"values":[0.6646,0.0687,-0.744,0,0.0983,0.9791,0.1783,0,-0.7407,0.1916,-0.644,0,0,89.7449,-0.001,1]}],"loopBehavior":1,"name":"anim","property":"_matrix"}},
{"name":"boss:Spine","index":1,"matrix":[0.995,-0.0994,0.0117,0,0.0922,0.9557,0.2794,0,-0.0389,-0.2769,0.9601,0,0,9.2263,1.5771,1],"rest":[1,0,0,0,0,1,0,0,0,0,1,0,0,9.2263,1.5771,1],"parentBoneIndex":0,"length":16.2548
,"animation":{"dataType":3,"framePerSecond":24,"keys":[
{"frame":1,"values":[0.995,-0.0994,0.0117,0,0.0922,0.9557,0.2794,0,-0.0389,-0.2769,0.9601,0,0,9.2263,1.5771,1]},
{"frame":2,"values":[0.9969,-0.0763,-0.0167,0,0.0779,0.9557,0.284,0,-0.0057,-0.2844,0.9587,0,0,9.2263,1.5771,1]},
{"frame":3,"values":[0.9975,-0.0529,-0.0476,0,0.0645,0.9547,0.2906,0,0.0301,-0.2929,0.9557,0,0,9.2263,1.5771,1]},
{"frame":4,"values":[0.9964,-0.0317,-0.0786,0,0.0539,0.9525,0.2997,0,0.0653,-0.3029,0.9508,0,0,9.2263,1.5771,1]},
{"frame":5,"values":[0.9943,-0.0119,-0.1063,0,0.0444,0.9501,0.3088,0,0.0973,-0.3118,0.9452,0,0,9.2263,1.5771,1]},
{"frame":6,"values":[0.9919,0.0052,-0.1266,0,0.0354,0.948,0.3164,0,0.1217,-0.3183,0.9402,0,0,9.2263,1.5771,1]},
{"frame":7,"values":[0.9912,-0.0158,-0.1317,0,0.0566,0.9483,0.3122,0,0.1199,-0.3169,0.9409,0,0,9.2263,1.5771,1]},
{"frame":8,"values":[0.9919,-0.0426,-0.12,0,0.0777,0.9488,0.306,0,0.1008,-0.3128,0.9444,0,0,9.2263,1.5771,1]},
{"frame":9,"values":[0.9928,-0.0638,-0.101,0,0.0915,0.9496,0.2997,0,0.0767,-0.3068,0.9487,0,0,9.2263,1.5771,1]},
{"frame":10,"values":[0.9937,-0.0775,-0.0806,0,0.0979,0.9511,0.2928,0,0.054,-0.2989,0.9528,0,0,9.2263,1.5771,1]},
{"frame":11,"values":[0.9946,-0.0857,-0.0593,0,0.0992,0.953,0.2864,0,0.032,-0.2907,0.9563,0,0,9.2263,1.5771,1]},
{"frame":12,"values":[0.9952,-0.0901,-0.0368,0,0.0968,0.9551,0.2801,0,0.0099,-0.2824,0.9593,0,0,9.2263,1.5771,1]},
{"frame":13,"values":[0.9956,-0.0931,-0.0142,0,0.0934,0.9568,0.2754,0,-0.012,-0.2755,0.9612,0,0,9.2263,1.5771,1]},
{"frame":14,"values":[0.9954,-0.0953,0.0081,0,0.0895,0.9582,0.2716,0,-0.0337,-0.2696,0.9624,0,0,9.2263,1.5771,1]},
{"frame":15,"values":[0.9947,-0.0987,0.0294,0,0.0873,0.9593,0.2685,0,-0.0547,-0.2645,0.9628,0,0,9.2263,1.5771,1]},
{"frame":16,"values":[0.9932,-0.1058,0.0485,0,0.0892,0.9595,0.2672,0,-0.0748,-0.2611,0.9624,0,0,9.2263,1.5771,1]},
{"frame":17,"values":[0.9909,-0.1178,0.0648,0,0.0965,0.9589,0.267,0,-0.0936,-0.2583,0.9615,0,0,9.2263,1.5771,1]},
{"frame":18,"values":[0.9879,-0.1341,0.0782,0,0.1088,0.9575,0.267,0,-0.1107,-0.2553,0.9605,0,0,9.2263,1.5771,1]},
{"frame":19,"values":[0.988,-0.1303,0.0825,0,0.1039,0.9577,0.2685,0,-0.1139,-0.2567,0.9597,0,0,9.2263,1.5771,1]},
{"frame":20,"values":[0.9902,-0.1184,0.0742,0,0.0942,0.9578,0.2716,0,-0.1032,-0.262,0.9595,0,0,9.2263,1.5771,1]},
{"frame":21,"values":[0.9919,-0.1105,0.0633,0,0.0893,0.9578,0.2733,0,-0.0908,-0.2654,0.9599,0,0,9.2263,1.5771,1]},
{"frame":22,"values":[0.993,-0.1068,0.0508,0,0.0889,0.9573,0.2752,0,-0.0781,-0.2688,0.96,0,0,9.2263,1.5771,1]},
{"frame":23,"values":[0.9938,-0.1046,0.0379,0,0.0902,0.9567,0.2768,0,-0.0652,-0.2717,0.9602,0,0,9.2263,1.5771,1]},
{"frame":24,"values":[0.9944,-0.1026,0.0246,0,0.0918,0.9561,0.2782,0,-0.0521,-0.2744,0.9602,0,0,9.2263,1.5771,1]},
{"frame":25,"values":[0.995,-0.0994,0.0117,0,0.0922,0.9557,0.2795,0,-0.0389,-0.277,0.9601,0,0,9.2263,1.5771,1]}],"loopBehavior":1,"name":"anim","property":"_matrix"}},
{"name":"boss:Spine1","index":2,"matrix":[0.9867,0.1461,-0.0716,0,-0.1097,0.9224,0.3703,0,0.1202,-0.3575,0.9262,0,0,16.254,-0.1656,1],"rest":[1,0,0,0,0,1,0,0,0,0,1,0,0,16.254,-0.1656,1],"parentBoneIndex":1,"length":13.7007
,"animation":{"dataType":3,"framePerSecond":24,"keys":[
{"frame":1,"values":[0.9867,0.1461,-0.0716,0,-0.1097,0.9224,0.3703,0,0.1202,-0.3575,0.9262,0,0,16.254,-0.1656,1]},
{"frame":2,"values":[0.9865,0.1404,-0.0842,0,-0.0999,0.9236,0.3702,0,0.1297,-0.3568,0.9252,0,0,16.254,-0.1656,1]},
{"frame":3,"values":[0.9863,0.1344,-0.096,0,-0.0902,0.9251,0.3688,0,0.1383,-0.355,0.9246,0,0,16.254,-0.1656,1]},
{"frame":4,"values":[0.9857,0.1297,-0.1076,0,-0.082,0.9269,0.3662,0,0.1472,-0.3521,0.9243,0,0,16.254,-0.1656,1]},
{"frame":5,"values":[0.9849,0.1253,-0.1194,0,-0.074,0.9285,0.3639,0,0.1565,-0.3496,0.9238,0,0,16.254,-0.1656,1]},
{"frame":6,"values":[0.9841,0.1201,-0.1306,0,-0.0654,0.9298,0.3623,0,0.1649,-0.348,0.9229,0,0,16.254,-0.1656,1]},
{"frame":7,"values":[0.9844,0.1314,-0.1171,0,-0.0809,0.9286,0.3622,0,0.1563,-0.3471,0.9247,0,0,16.254,-0.1656,1]},
{"frame":8,"values":[0.9845,0.1415,-0.1035,0,-0.0952,0.9272,0.3622,0,0.1472,-0.3467,0.9263,0,0,16.254,-0.1656,1]},
{"frame":9,"values":[0.9842,0.1482,-0.0964,0,-0.1038,0.9257,0.3637,0,0.1431,-0.3479,0.9265,0,0,16.254,-0.1656,1]},
{"frame":10,"values":[0.9841,0.1517,-0.0921,0,-0.1082,0.9242,0.3664,0,0.1407,-0.3506,0.9259,0,0,16.254,-0.1656,1]},
{"frame":11,"values":[0.9843,0.1522,-0.0899,0,-0.1089,0.9229,0.3692,0,0.1392,-0.3536,0.925,0,0,16.254,-0.1656,1]},
{"frame":12,"values":[0.9844,0.1514,-0.0893,0,-0.1079,0.9218,0.3723,0,0.1387,-0.3569,0.9238,0,0,16.254,-0.1656,1]},
{"frame":13,"values":[0.9847,0.1495,-0.0894,0,-0.1058,0.9212,0.3745,0,0.1383,-0.3593,0.9229,0,0,16.254,-0.1656,1]},
{"frame":14,"values":[0.9851,0.1467,-0.0893,0,-0.103,0.9208,0.3763,0,0.1374,-0.3615,0.9222,0,0,16.254,-0.1656,1]},
{"frame":15,"values":[0.9855,0.1449,-0.0878,0,-0.1017,0.9204,0.3775,0,0.1355,-0.3631,0.9219,0,0,16.254,-0.1656,1]},
{"frame":16,"values":[0.9859,0.145,-0.0838,0,-0.1032,0.9201,0.3779,0,0.1319,-0.364,0.922,0,0,16.254,-0.1656,1]},
{"frame":17,"values":[0.986,0.1485,-0.0763,0,-0.1092,0.9194,0.3779,0,0.1263,-0.3642,0.9227,0,0,16.254,-0.1656,1]},
{"frame":18,"values":[0.9858,0.1547,-0.0653,0,-0.1191,0.9184,0.3773,0,0.1183,-0.3642,0.9238,0,0,16.254,-0.1656,1]},
{"frame":19,"values":[0.9859,0.1526,-0.069,0,-0.116,0.9195,0.3755,0,0.1208,-0.3622,0.9242,0,0,16.254,-0.1656,1]},
{"frame":20,"values":[0.9864,0.1475,-0.0722,0,-0.1105,0.9213,0.3729,0,0.1216,-0.3599,0.9251,0,0,16.254,-0.1656,1]},
{"frame":21,"values":[0.9868,0.1448,-0.0731,0,-0.1078,0.922,0.3719,0,0.1213,-0.3591,0.9254,0,0,16.254,-0.1656,1]},
{"frame":22,"values":[0.9868,0.1445,-0.0727,0,-0.1077,0.9223,0.3711,0,0.1207,-0.3584,0.9257,0,0,16.254,-0.1656,1]},
{"frame":23,"values":[0.9868,0.1451,-0.0719,0,-0.1086,0.9224,0.3707,0,0.1201,-0.358,0.9259,0,0,16.254,-0.1656,1]},
{"frame":24,"values":[0.9868,0.1456,-0.0715,0,-0.1092,0.9225,0.3703,0,0.1199,-0.3575,0.9262,0,0,16.254,-0.1656,1]},
{"frame":25,"values":[0.9867,0.1461,-0.0717,0,-0.1096,0.9223,0.3705,0,0.1203,-0.3577,0.9261,0,0,16.254,-0.1656,1]}],"loopBehavior":1,"name":"anim","property":"_matrix"}},
{"name":"boss:Spine2","index":3,"matrix":[0.9667,0.2158,-0.1372,0,-0.1631,0.9336,0.3192,0,0.197,-0.2862,0.9377,0,0,13.6396,-1.2923,1],"rest":[1,0,0,0,0,1,0,0,0,0,1,0,0,13.6396,-1.2923,1],"parentBoneIndex":2,"length":13.1719
,"animation":{"dataType":3,"framePerSecond":24,"keys":[
{"frame":1,"values":[0.9667,0.2158,-0.1372,0,-0.1631,0.9336,0.3192,0,0.197,-0.2862,0.9377,0,0,13.6396,-1.2923,1]},
{"frame":2,"values":[0.9674,0.2066,-0.1463,0,-0.151,0.9349,0.3213,0,0.2031,-0.2887,0.9356,0,0,13.6396,-1.2923,1]},
{"frame":3,"values":[0.9681,0.1972,-0.1547,0,-0.1392,0.9364,0.3221,0,0.2083,-0.2903,0.934,0,0,13.6396,-1.2923,1]},
{"frame":4,"values":[0.9683,0.1886,-0.1637,0,-0.1283,0.938,0.3219,0,0.2143,-0.2907,0.9325,0,0,13.6396,-1.2923,1]},
{"frame":5,"values":[0.9682,0.1805,-0.173,0,-0.1176,0.9394,0.322,0,0.2207,-0.2914,0.9308,0,0,13.6396,-1.2923,1]},
{"frame":6,"values":[0.9682,0.1722,-0.1813,0,-0.1068,0.9404,0.3229,0,0.2261,-0.2932,0.9289,0,0,13.6396,-1.2923,1]},
{"frame":7,"values":[0.9667,0.1875,-0.1742,0,-0.1247,0.9395,0.3191,0,0.2235,-0.2868,0.9316,0,0,13.6396,-1.2923,1]},
{"frame":8,"values":[0.9652,0.2016,-0.1665,0,-0.1415,0.9382,0.3159,0,0.2199,-0.2814,0.9341,0,0,13.6396,-1.2923,1]},
{"frame":9,"values":[0.9641,0.2102,-0.1624,0,-0.151,0.9367,0.3159,0,0.2185,-0.28,0.9348,0,0,13.6396,-1.2923,1]},
{"frame":10,"values":[0.9636,0.2147,-0.1591,0,-0.1558,0.9352,0.3181,0,0.2171,-0.2817,0.9346,0,0,13.6396,-1.2923,1]},
{"frame":11,"values":[0.9638,0.2158,-0.1564,0,-0.157,0.934,0.3208,0,0.2153,-0.2846,0.9342,0,0,13.6396,-1.2923,1]},
{"frame":12,"values":[0.9643,0.215,-0.1545,0,-0.1561,0.933,0.3241,0,0.2138,-0.2885,0.9333,0,0,13.6396,-1.2923,1]},
{"frame":13,"values":[0.965,0.2131,-0.1532,0,-0.1541,0.9325,0.3266,0,0.2124,-0.2916,0.9327,0,0,13.6396,-1.2923,1]},
{"frame":14,"values":[0.9658,0.2106,-0.1515,0,-0.1517,0.9322,0.3286,0,0.2105,-0.2944,0.9322,0,0,13.6396,-1.2923,1]},
{"frame":15,"values":[0.9664,0.2093,-0.1492,0,-0.151,0.9319,0.3297,0,0.2081,-0.2961,0.9322,0,0,13.6396,-1.2923,1]},
{"frame":16,"values":[0.9665,0.211,-0.1458,0,-0.1537,0.9316,0.3294,0,0.2054,-0.296,0.9329,0,0,13.6396,-1.2923,1]},
{"frame":17,"values":[0.9661,0.2166,-0.1407,0,-0.161,0.9309,0.328,0,0.202,-0.2942,0.9341,0,0,13.6396,-1.2923,1]},
{"frame":18,"values":[0.9651,0.2256,-0.1331,0,-0.1724,0.9296,0.3257,0,0.1973,-0.2914,0.9361,0,0,13.6396,-1.2923,1]},
{"frame":19,"values":[0.9655,0.2219,-0.136,0,-0.1682,0.9308,0.3246,0,0.1986,-0.2906,0.936,0,0,13.6396,-1.2923,1]},
{"frame":20,"values":[0.9665,0.2165,-0.1378,0,-0.1629,0.9325,0.3223,0,0.1983,-0.2891,0.9365,0,0,13.6396,-1.2923,1]},
{"frame":21,"values":[0.967,0.2142,-0.138,0,-0.1608,0.9332,0.3213,0,0.1976,-0.2885,0.9369,0,0,13.6396,-1.2923,1]},
{"frame":22,"values":[0.9671,0.214,-0.1377,0,-0.161,0.9335,0.3203,0,0.1971,-0.2876,0.9372,0,0,13.6396,-1.2923,1]},
{"frame":23,"values":[0.967,0.2148,-0.1372,0,-0.162,0.9335,0.3198,0,0.1968,-0.287,0.9375,0,0,13.6396,-1.2923,1]},
{"frame":24,"values":[0.9669,0.2154,-0.137,0,-0.1627,0.9336,0.3192,0,0.1967,-0.2863,0.9377,0,0,13.6396,-1.2923,1]},
{"frame":25,"values":[0.9667,0.2158,-0.1373,0,-0.163,0.9335,0.3194,0,0.1971,-0.2864,0.9376,0,0,13.6396,-1.2923,1]}],"loopBehavior":1,"name":"anim","property":"_matrix"}},
{"name":"boss:Neck","index":4,"matrix":[0.9993,0.0054,-0.0377,0,-0.0073,0.9988,-0.0491,0,0.0374,0.0493,0.9981,0,0,13.8774,-4.3542,1],"rest":[1,0,0,0,0,1,0,0,0,0,1,0,0,13.8774,-4.3542,1],"parentBoneIndex":3,"length":4.4379
,"animation":{"dataType":3,"framePerSecond":24,"keys":[
{"frame":1,"values":[0.9993,0.0054,-0.0377,0,-0.0073,0.9988,-0.0491,0,0.0374,0.0493,0.9981,0,0,13.8774,-4.3542,1]},
{"frame":2,"values":[0.9992,0.0059,-0.0402,0,-0.0078,0.9988,-0.0491,0,0.0399,0.0494,0.998,0,0,13.8774,-4.3542,1]},
{"frame":3,"values":[0.999,0.0064,-0.0434,0,-0.0086,0.9988,-0.0492,0,0.043,0.0496,0.9978,0,0,13.8774,-4.3542,1]},
{"frame":4,"values":[0.9989,0.007,-0.0466,0,-0.0093,0.9987,-0.0493,0,0.0462,0.0497,0.9977,0,0,13.8774,-4.3542,1]},
{"frame":5,"values":[0.9988,0.0075,-0.0492,0,-0.0099,0.9987,-0.0494,0,0.0487,0.0498,0.9976,0,0,13.8774,-4.3542,1]},
{"frame":6,"values":[0.9987,0.0077,-0.0504,0,-0.0102,0.9987,-0.0494,0,0.0499,0.0499,0.9975,0,0,13.8774,-4.3542,1]},
{"frame":7,"values":[0.9987,0.0076,-0.0501,0,-0.0101,0.9987,-0.0494,0,0.0497,0.0499,0.9975,0,0,13.8774,-4.3542,1]},
{"frame":8,"values":[0.9988,0.0075,-0.0491,0,-0.0099,0.9987,-0.0494,0,0.0487,0.0498,0.9976,0,0,13.8774,-4.3542,1]},
{"frame":9,"values":[0.9988,0.0072,-0.0476,0,-0.0095,0.9987,-0.0494,0,0.0471,0.0498,0.9976,0,0,13.8774,-4.3542,1]},
{"frame":10,"values":[0.9989,0.0068,-0.0456,0,-0.0091,0.9987,-0.0493,0,0.0452,0.0497,0.9977,0,0,13.8774,-4.3542,1]},
{"frame":11,"values":[0.999,0.0064,-0.0434,0,-0.0086,0.9988,-0.0492,0,0.043,0.0496,0.9978,0,0,13.8774,-4.3542,1]},
{"frame":12,"values":[0.9991,0.006,-0.0412,0,-0.0081,0.9988,-0.0491,0,0.0408,0.0494,0.9979,0,0,13.8774,-4.3542,1]},
{"frame":13,"values":[0.9992,0.0057,-0.0391,0,-0.0076,0.9988,-0.0491,0,0.0387,0.0493,0.998,0,0,13.8774,-4.3542,1]},
{"frame":14,"values":[0.9993,0.0053,-0.0371,0,-0.0071,0.9988,-0.049,0,0.0368,0.0492,0.9981,0,0,13.8774,-4.3542,1]},
{"frame":15,"values":[0.9994,0.005,-0.0354,0,-0.0067,0.9988,-0.049,0,0.0351,0.0492,0.9982,0,0,13.8774,-4.3542,1]},
{"frame":16,"values":[0.9994,0.0047,-0.0339,0,-0.0064,0.9988,-0.0489,0,0.0336,0.0491,0.9982,0,0,13.8774,-4.3542,1]},
{"frame":17,"values":[0.9995,0.0045,-0.0327,0,-0.0061,0.9988,-0.0489,0,0.0325,0.0491,0.9983,0,0,13.8774,-4.3542,1]},
{"frame":18,"values":[0.9995,0.0044,-0.0321,0,-0.006,0.9988,-0.0489,0,0.0319,0.0491,0.9983,0,0,13.8774,-4.3542,1]},
{"frame":19,"values":[0.9995,0.0044,-0.0319,0,-0.006,0.9988,-0.0489,0,0.0317,0.0491,0.9983,0,0,13.8774,-4.3542,1]},
{"frame":20,"values":[0.9995,0.0044,-0.032,0,-0.006,0.9988,-0.0489,0,0.0318,0.0491,0.9983,0,0,13.8774,-4.3542,1]},
{"frame":21,"values":[0.9995,0.0045,-0.0324,0,-0.0061,0.9988,-0.0489,0,0.0322,0.0491,0.9983,0,0,13.8774,-4.3542,1]},
{"frame":22,"values":[0.9994,0.0046,-0.0332,0,-0.0062,0.9988,-0.0489,0,0.0329,0.0491,0.9983,0,0,13.8774,-4.3542,1]},
{"frame":23,"values":[0.9994,0.0048,-0.0343,0,-0.0065,0.9988,-0.0489,0,0.034,0.0491,0.9982,0,0,13.8774,-4.3542,1]},
{"frame":24,"values":[0.9993,0.0051,-0.0358,0,-0.0068,0.9988,-0.049,0,0.0355,0.0492,0.9982,0,0,13.8774,-4.3542,1]},
{"frame":25,"values":[0.9993,0.0054,-0.0377,0,-0.0073,0.9988,-0.049,0,0.0374,0.0492,0.9981,0,0,13.8774,-4.3542,1]}],"loopBehavior":1,"name":"anim","property":"_matrix"}},
{"name":"boss:Neck1","index":5,"matrix":[0.9993,0.0054,-0.0377,0,-0.0073,0.9988,-0.0491,0,0.0374,0.0493,0.9981,0,0,4.34,0.9269,1],"rest":[1,0,0,0,0,1,0,0,0,0,1,0,0,4.34,0.9269,1],"parentBoneIndex":4,"length":4.1171
,"animation":{"dataType":3,"framePerSecond":24,"keys":[
{"frame":1,"values":[0.9993,0.0054,-0.0377,0,-0.0073,0.9988,-0.0491,0,0.0374,0.0493,0.9981,0,0,4.34,0.9269,1]},
{"frame":2,"values":[0.9992,0.0059,-0.0402,0,-0.0078,0.9988,-0.0491,0,0.0399,0.0494,0.998,0,0,4.34,0.9269,1]},
{"frame":3,"values":[0.999,0.0064,-0.0434,0,-0.0086,0.9988,-0.0492,0,0.043,0.0496,0.9978,0,0,4.34,0.9269,1]},
{"frame":4,"values":[0.9989,0.007,-0.0466,0,-0.0093,0.9987,-0.0493,0,0.0462,0.0497,0.9977,0,0,4.34,0.9269,1]},
{"frame":5,"values":[0.9988,0.0075,-0.0492,0,-0.0099,0.9987,-0.0494,0,0.0487,0.0498,0.9976,0,0,4.34,0.9269,1]},
{"frame":6,"values":[0.9987,0.0077,-0.0504,0,-0.0102,0.9987,-0.0494,0,0.0499,0.0499,0.9975,0,0,4.34,0.9269,1]},
{"frame":7,"values":[0.9987,0.0076,-0.0501,0,-0.0101,0.9987,-0.0494,0,0.0497,0.0499,0.9975,0,0,4.34,0.9269,1]},
{"frame":8,"values":[0.9988,0.0075,-0.0491,0,-0.0099,0.9987,-0.0494,0,0.0487,0.0498,0.9976,0,0,4.34,0.9269,1]},
{"frame":9,"values":[0.9988,0.0072,-0.0476,0,-0.0095,0.9987,-0.0494,0,0.0471,0.0498,0.9976,0,0,4.34,0.9269,1]},
{"frame":10,"values":[0.9989,0.0068,-0.0456,0,-0.0091,0.9987,-0.0493,0,0.0452,0.0497,0.9977,0,0,4.34,0.9269,1]},
{"frame":11,"values":[0.999,0.0064,-0.0434,0,-0.0086,0.9988,-0.0492,0,0.043,0.0496,0.9978,0,0,4.34,0.9269,1]},
{"frame":12,"values":[0.9991,0.006,-0.0412,0,-0.0081,0.9988,-0.0491,0,0.0408,0.0494,0.9979,0,0,4.34,0.9269,1]},
{"frame":13,"values":[0.9992,0.0057,-0.0391,0,-0.0076,0.9988,-0.0491,0,0.0387,0.0493,0.998,0,0,4.34,0.9269,1]},
{"frame":14,"values":[0.9993,0.0053,-0.0371,0,-0.0071,0.9988,-0.049,0,0.0368,0.0492,0.9981,0,0,4.34,0.9269,1]},
{"frame":15,"values":[0.9994,0.005,-0.0354,0,-0.0067,0.9988,-0.049,0,0.0351,0.0492,0.9982,0,0,4.34,0.9269,1]},
{"frame":16,"values":[0.9994,0.0047,-0.0339,0,-0.0064,0.9988,-0.0489,0,0.0336,0.0491,0.9982,0,0,4.34,0.9269,1]},
{"frame":17,"values":[0.9995,0.0045,-0.0327,0,-0.0061,0.9988,-0.0489,0,0.0325,0.0491,0.9983,0,0,4.34,0.9269,1]},
{"frame":18,"values":[0.9995,0.0044,-0.0321,0,-0.006,0.9988,-0.0489,0,0.0319,0.0491,0.9983,0,0,4.34,0.9269,1]},
{"frame":19,"values":[0.9995,0.0044,-0.0319,0,-0.006,0.9988,-0.0489,0,0.0317,0.0491,0.9983,0,0,4.34,0.9269,1]},
{"frame":20,"values":[0.9995,0.0044,-0.032,0,-0.006,0.9988,-0.0489,0,0.0318,0.0491,0.9983,0,0,4.34,0.9269,1]},
{"frame":21,"values":[0.9995,0.0045,-0.0324,0,-0.0061,0.9988,-0.0489,0,0.0322,0.0491,0.9983,0,0,4.34,0.9269,1]},
{"frame":22,"values":[0.9994,0.0046,-0.0332,0,-0.0062,0.9988,-0.0489,0,0.0329,0.0491,0.9983,0,0,4.34,0.9269,1]},
{"frame":23,"values":[0.9994,0.0048,-0.0343,0,-0.0065,0.9988,-0.0489,0,0.034,0.0491,0.9982,0,0,4.34,0.9269,1]},
{"frame":24,"values":[0.9993,0.0051,-0.0358,0,-0.0068,0.9988,-0.049,0,0.0355,0.0492,0.9982,0,0,4.34,0.9269,1]},
{"frame":25,"values":[0.9993,0.0054,-0.0377,0,-0.0073,0.9988,-0.049,0,0.0374,0.0492,0.9981,0,0,4.34,0.9269,1]}],"loopBehavior":1,"name":"anim","property":"_matrix"}},
{"name":"boss:Head","index":6,"matrix":[0.9993,0.0054,-0.0377,0,-0.0073,0.9988,-0.0491,0,0.0374,0.0493,0.9981,0,0,4.0266,0.8585,1],"rest":[1,0,0,0,0,1,0,0,0,0,1,0,0,4.0266,0.8585,1],"parentBoneIndex":5,"length":4.1171
,"animation":{"dataType":3,"framePerSecond":24,"keys":[
{"frame":1,"values":[0.9993,0.0054,-0.0377,0,-0.0073,0.9988,-0.0491,0,0.0374,0.0493,0.9981,0,0,4.0266,0.8585,1]},
{"frame":2,"values":[0.9992,0.0059,-0.0402,0,-0.0078,0.9988,-0.0491,0,0.0399,0.0494,0.998,0,0,4.0266,0.8585,1]},
{"frame":3,"values":[0.999,0.0064,-0.0434,0,-0.0086,0.9988,-0.0492,0,0.043,0.0496,0.9978,0,0,4.0266,0.8585,1]},
{"frame":4,"values":[0.9989,0.007,-0.0466,0,-0.0093,0.9987,-0.0493,0,0.0462,0.0497,0.9977,0,0,4.0266,0.8585,1]},
{"frame":5,"values":[0.9988,0.0075,-0.0492,0,-0.0099,0.9987,-0.0494,0,0.0487,0.0498,0.9976,0,0,4.0266,0.8585,1]},
{"frame":6,"values":[0.9987,0.0077,-0.0504,0,-0.0102,0.9987,-0.0494,0,0.0499,0.0499,0.9975,0,0,4.0266,0.8585,1]},
{"frame":7,"values":[0.9987,0.0076,-0.0501,0,-0.0101,0.9987,-0.0494,0,0.0497,0.0499,0.9975,0,0,4.0266,0.8585,1]},
{"frame":8,"values":[0.9988,0.0075,-0.0491,0,-0.0099,0.9987,-0.0494,0,0.0487,0.0498,0.9976,0,0,4.0266,0.8585,1]},
{"frame":9,"values":[0.9988,0.0072,-0.0476,0,-0.0095,0.9987,-0.0494,0,0.0471,0.0498,0.9976,0,0,4.0266,0.8585,1]},
{"frame":10,"values":[0.9989,0.0068,-0.0456,0,-0.0091,0.9987,-0.0493,0,0.0452,0.0497,0.9977,0,0,4.0266,0.8585,1]},
{"frame":11,"values":[0.999,0.0064,-0.0434,0,-0.0086,0.9988,-0.0492,0,0.043,0.0496,0.9978,0,0,4.0266,0.8585,1]},
{"frame":12,"values":[0.9991,0.006,-0.0412,0,-0.0081,0.9988,-0.0491,0,0.0408,0.0494,0.9979,0,0,4.0266,0.8585,1]},
{"frame":13,"values":[0.9992,0.0057,-0.0391,0,-0.0076,0.9988,-0.0491,0,0.0387,0.0493,0.998,0,0,4.0266,0.8585,1]},
{"frame":14,"values":[0.9993,0.0053,-0.0371,0,-0.0071,0.9988,-0.049,0,0.0368,0.0492,0.9981,0,0,4.0266,0.8585,1]},
{"frame":15,"values":[0.9994,0.005,-0.0354,0,-0.0067,0.9988,-0.049,0,0.0351,0.0492,0.9982,0,0,4.0266,0.8585,1]},
{"frame":16,"values":[0.9994,0.0047,-0.0339,0,-0.0064,0.9988,-0.0489,0,0.0336,0.0491,0.9982,0,0,4.0266,0.8585,1]},
{"frame":17,"values":[0.9995,0.0045,-0.0327,0,-0.0061,0.9988,-0.0489,0,0.0325,0.0491,0.9983,0,0,4.0266,0.8585,1]},
{"frame":18,"values":[0.9995,0.0044,-0.0321,0,-0.006,0.9988,-0.0489,0,0.0319,0.0491,0.9983,0,0,4.0266,0.8585,1]},
{"frame":19,"values":[0.9995,0.0044,-0.0319,0,-0.006,0.9988,-0.0489,0,0.0317,0.0491,0.9983,0,0,4.0266,0.8585,1]},
{"frame":20,"values":[0.9995,0.0044,-0.032,0,-0.006,0.9988,-0.0489,0,0.0318,0.0491,0.9983,0,0,4.0266,0.8585,1]},
{"frame":21,"values":[0.9995,0.0045,-0.0324,0,-0.0061,0.9988,-0.0489,0,0.0322,0.0491,0.9983,0,0,4.0266,0.8585,1]},
{"frame":22,"values":[0.9994,0.0046,-0.0332,0,-0.0062,0.9988,-0.0489,0,0.0329,0.0491,0.9983,0,0,4.0266,0.8585,1]},
{"frame":23,"values":[0.9994,0.0048,-0.0343,0,-0.0065,0.9988,-0.0489,0,0.034,0.0491,0.9982,0,0,4.0266,0.8585,1]},
{"frame":24,"values":[0.9993,0.0051,-0.0358,0,-0.0068,0.9988,-0.049,0,0.0355,0.0492,0.9982,0,0,4.0266,0.8585,1]},
{"frame":25,"values":[0.9993,0.0054,-0.0377,0,-0.0073,0.9988,-0.049,0,0.0374,0.0492,0.9981,0,0,4.0266,0.8585,1]}],"loopBehavior":1,"name":"anim","property":"_matrix"}},
{"name":"boss:LeftShoulder","index":7,"matrix":[0.9013,-0.0625,0.4287,0,-0.0046,0.9881,0.1538,0,-0.4332,-0.1406,0.8903,0,6.1442,10.187,-3.7932,1],"rest":[1,0,0,0,0,1,0,0,0,0,1,0,6.1442,10.187,-3.7932,1],"parentBoneIndex":3,"length":12.4986
,"animation":{"dataType":3,"framePerSecond":24,"keys":[
{"frame":1,"values":[0.9013,-0.0625,0.4287,0,-0.0046,0.9881,0.1538,0,-0.4332,-0.1406,0.8903,0,6.1442,10.187,-3.7932,1]},
{"frame":2,"values":[0.9184,-0.0515,0.3923,0,-0.0185,0.9849,0.1724,0,-0.3952,-0.1656,0.9035,0,6.1442,10.187,-3.7932,1]},
{"frame":3,"values":[0.9357,-0.0377,0.3509,0,-0.0327,0.9807,0.1928,0,-0.3514,-0.1919,0.9164,0,6.1442,10.187,-3.7932,1]},
{"frame":4,"values":[0.9497,-0.0257,0.312,0,-0.0428,0.9766,0.211,0,-0.3101,-0.2137,0.9264,0,6.1442,10.187,-3.7932,1]},
{"frame":5,"values":[0.9608,-0.0203,0.2766,0,-0.0441,0.9735,0.2246,0,-0.2738,-0.228,0.9344,0,6.1442,10.187,-3.7932,1]},
{"frame":6,"values":[0.965,-0.0275,0.2609,0,-0.0342,0.9729,0.2288,0,-0.2601,-0.2297,0.9378,0,6.1442,10.187,-3.7932,1]},
{"frame":7,"values":[0.9649,-0.0439,0.2589,0,-0.0162,0.9741,0.2255,0,-0.2621,-0.2218,0.9392,0,6.1442,10.187,-3.7932,1]},
{"frame":8,"values":[0.9611,-0.0642,0.2686,0,0.0045,0.9761,0.2172,0,-0.2762,-0.2075,0.9384,0,6.1442,10.187,-3.7932,1]},
{"frame":9,"values":[0.9542,-0.0822,0.2877,0,0.0221,0.9783,0.206,0,-0.2983,-0.1902,0.9353,0,6.1442,10.187,-3.7932,1]},
{"frame":10,"values":[0.945,-0.091,0.3142,0,0.03,0.9806,0.1938,0,-0.3258,-0.1737,0.9294,0,6.1442,10.187,-3.7932,1]},
{"frame":11,"values":[0.9342,-0.0865,0.3461,0,0.0235,0.9829,0.1825,0,-0.3559,-0.1623,0.9203,0,6.1442,10.187,-3.7932,1]},
{"frame":12,"values":[0.9219,-0.0688,0.3813,0,0.0021,0.985,0.1726,0,-0.3874,-0.1583,0.9082,0,6.1442,10.187,-3.7932,1]},
{"frame":13,"values":[0.9074,-0.044,0.4179,0,-0.0275,0.9862,0.1635,0,-0.4193,-0.1599,0.8937,0,6.1442,10.187,-3.7932,1]},
{"frame":14,"values":[0.8909,-0.0167,0.4538,0,-0.0606,0.986,0.1551,0,-0.4501,-0.1657,0.8775,0,6.1442,10.187,-3.7932,1]},
{"frame":15,"values":[0.874,0.0084,0.4859,0,-0.0913,0.9849,0.1472,0,-0.4773,-0.173,0.8615,0,6.1442,10.187,-3.7932,1]},
{"frame":16,"values":[0.8578,0.012,0.5139,0,-0.0984,0.9851,0.1413,0,-0.5045,-0.1718,0.8462,0,6.1442,10.187,-3.7932,1]},
{"frame":17,"values":[0.8448,0.0139,0.535,0,-0.1003,0.986,0.1328,0,-0.5257,-0.1659,0.8344,0,6.1442,10.187,-3.7932,1]},
{"frame":18,"values":[0.8397,0.0094,0.543,0,-0.0885,0.9889,0.1197,0,-0.5358,-0.1486,0.8312,0,6.1442,10.187,-3.7932,1]},
{"frame":19,"values":[0.8408,-0.0169,0.541,0,-0.0527,0.9922,0.1129,0,-0.5387,-0.1234,0.8334,0,6.1442,10.187,-3.7932,1]},
{"frame":20,"values":[0.8474,-0.0449,0.529,0,-0.0163,0.9937,0.1105,0,-0.5307,-0.1023,0.8414,0,6.1442,10.187,-3.7932,1]},
{"frame":21,"values":[0.8565,-0.0702,0.5113,0,0.0145,0.9936,0.1121,0,-0.5159,-0.0886,0.8521,0,6.1442,10.187,-3.7932,1]},
{"frame":22,"values":[0.8676,-0.0869,0.4897,0,0.0327,0.9925,0.1182,0,-0.4962,-0.0865,0.8639,0,6.1442,10.187,-3.7932,1]},
{"frame":23,"values":[0.8798,-0.0885,0.467,0,0.0313,0.9912,0.1288,0,-0.4742,-0.0987,0.8748,0,6.1442,10.187,-3.7932,1]},
{"frame":24,"values":[0.8918,-0.0764,0.446,0,0.0137,0.9898,0.1421,0,-0.4523,-0.1206,0.8837,0,6.1442,10.187,-3.7932,1]},
{"frame":25,"values":[0.9013,-0.0625,0.4287,0,-0.0046,0.9881,0.1538,0,-0.4332,-0.1406,0.8903,0,6.1442,10.187,-3.7932,1]}],"loopBehavior":1,"name":"anim","property":"_matrix"}},
{"name":"boss:LeftArm","index":8,"matrix":[0.7622,-0.3145,0.5658,0,0.6472,0.3881,-0.6561,0,-0.0132,0.8663,0.4994,0,12.3191,-1.113,-1.7935,1],"rest":[1,0,0,0,0,1,0,0,0,0,1,0,12.3191,-1.113,-1.7935,1],"parentBoneIndex":7,"length":27.687
,"animation":{"dataType":3,"framePerSecond":24,"keys":[
{"frame":1,"values":[0.7622,-0.3145,0.5658,0,0.6472,0.3881,-0.6561,0,-0.0132,0.8663,0.4994,0,12.3191,-1.113,-1.7935,1]},
{"frame":2,"values":[0.7405,-0.3126,0.595,0,0.6715,0.3811,-0.6355,0,-0.028,0.8701,0.4921,0,12.3191,-1.113,-1.7935,1]},
{"frame":3,"values":[0.7214,-0.3084,0.62,0,0.6911,0.3764,-0.617,0,-0.0431,0.8736,0.4847,0,12.3191,-1.113,-1.7935,1]},
{"frame":4,"values":[0.705,-0.3043,0.6407,0,0.7067,0.3776,-0.5983,0,-0.0599,0.8746,0.4812,0,12.3191,-1.113,-1.7935,1]},
{"frame":5,"values":[0.6855,-0.2983,0.6642,0,0.7236,0.3797,-0.5764,0,-0.0803,0.8757,0.4761,0,12.3191,-1.113,-1.7935,1]},
{"frame":6,"values":[0.6758,-0.294,0.6759,0,0.7317,0.378,-0.5672,0,-0.0887,0.8779,0.4705,0,12.3191,-1.113,-1.7935,1]},
{"frame":7,"values":[0.6818,-0.2849,0.6738,0,0.7236,0.3979,-0.564,0,-0.1074,0.8721,0.4775,0,12.3191,-1.113,-1.7935,1]},
{"frame":8,"values":[0.6953,-0.2925,0.6565,0,0.7109,0.414,-0.5685,0,-0.1055,0.862,0.4958,0,12.3191,-1.113,-1.7935,1]},
{"frame":9,"values":[0.7093,-0.2961,0.6397,0,0.6981,0.4209,-0.5793,0,-0.0977,0.8574,0.5053,0,12.3191,-1.113,-1.7935,1]},
{"frame":10,"values":[0.7234,-0.2885,0.6273,0,0.6841,0.4221,-0.5948,0,-0.0932,0.8594,0.5027,0,12.3191,-1.113,-1.7935,1]},
{"frame":11,"values":[0.7358,-0.2871,0.6133,0,0.6724,0.4171,-0.6114,0,-0.0803,0.8623,0.5,0,12.3191,-1.113,-1.7935,1]},
{"frame":12,"values":[0.7487,-0.2907,0.5958,0,0.6604,0.4052,-0.6322,0,-0.0576,0.8668,0.4953,0,12.3191,-1.113,-1.7935,1]},
{"frame":13,"values":[0.7565,-0.3035,0.5793,0,0.6533,0.3913,-0.6481,0,-0.0299,0.8688,0.4943,0,12.3191,-1.113,-1.7935,1]},
{"frame":14,"values":[0.7634,-0.3227,0.5595,0,0.6459,0.3774,-0.6636,0,0.003,0.868,0.4966,0,12.3191,-1.113,-1.7935,1]},
{"frame":15,"values":[0.7701,-0.3416,0.5387,0,0.6369,0.3639,-0.6797,0,0.0362,0.8665,0.4978,0,12.3191,-1.113,-1.7935,1]},
{"frame":16,"values":[0.7825,-0.3465,0.5174,0,0.621,0.3725,-0.6897,0,0.0463,0.8609,0.5066,0,12.3191,-1.113,-1.7935,1]},
{"frame":17,"values":[0.792,-0.3514,0.4993,0,0.608,0.3782,-0.6981,0,0.0565,0.8564,0.5132,0,12.3191,-1.113,-1.7935,1]},
{"frame":18,"values":[0.7939,-0.3576,0.4918,0,0.6044,0.375,-0.7029,0,0.067,0.8553,0.5138,0,12.3191,-1.113,-1.7935,1]},
{"frame":19,"values":[0.7952,-0.3555,0.4912,0,0.6032,0.3804,-0.7011,0,0.0624,0.8538,0.5169,0,12.3191,-1.113,-1.7935,1]},
{"frame":20,"values":[0.7879,-0.3522,0.5052,0,0.6141,0.3879,-0.6873,0,0.0461,0.8518,0.5219,0,12.3191,-1.113,-1.7935,1]},
{"frame":21,"values":[0.7826,-0.3406,0.5211,0,0.6221,0.3952,-0.6759,0,0.0243,0.8531,0.5211,0,12.3191,-1.113,-1.7935,1]},
{"frame":22,"values":[0.7792,-0.3247,0.5361,0,0.6267,0.3999,-0.6688,0,0.0028,0.8571,0.5151,0,12.3191,-1.113,-1.7935,1]},
{"frame":23,"values":[0.7752,-0.3147,0.5478,0,0.6317,0.3981,-0.6652,0,-0.0087,0.8617,0.5074,0,12.3191,-1.113,-1.7935,1]},
{"frame":24,"values":[0.7678,-0.3128,0.5591,0,0.6405,0.3931,-0.6597,0,-0.0134,0.8647,0.5022,0,12.3191,-1.113,-1.7935,1]},
{"frame":25,"values":[0.7622,-0.3143,0.5659,0,0.6472,0.3881,-0.6562,0,-0.0134,0.8664,0.4992,0,12.3191,-1.113,-1.7935,1]}],"loopBehavior":1,"name":"anim","property":"_matrix"}},
{"name":"boss:LeftForeArm","index":9,"matrix":[0.2118,-0.1494,0.9658,0,0.8827,-0.395,-0.2547,0,0.4195,0.9064,0.0483,0,27.687,0,0,1],"rest":[1,0,0,0,0,1,0,0,0,0,1,0,27.687,0,0,1],"parentBoneIndex":8,"length":27.8738
,"animation":{"dataType":3,"framePerSecond":24,"keys":[
{"frame":1,"values":[0.2118,-0.1494,0.9658,0,0.8827,-0.395,-0.2547,0,0.4195,0.9064,0.0483,0,27.687,0,0,1]},
{"frame":2,"values":[0.2189,-0.1372,0.9661,0,0.9077,-0.3345,-0.2532,0,0.3579,0.9324,0.0513,0,27.687,0,0,1]},
{"frame":3,"values":[0.2012,-0.1433,0.969,0,0.8952,-0.3746,-0.2412,0,0.3976,0.916,0.0529,0,27.687,0,0,1]},
{"frame":4,"values":[0.1839,-0.1383,0.9732,0,0.9037,-0.3657,-0.2228,0,0.3867,0.9204,0.0577,0,27.687,0,0,1]},
{"frame":5,"values":[0.1851,-0.1376,0.973,0,0.906,-0.3596,-0.2232,0,0.3806,0.9229,0.0581,0,27.687,0,0,1]},
{"frame":6,"values":[0.1905,-0.1406,0.9716,0,0.9009,-0.3682,-0.2299,0,0.3901,0.919,0.0565,0,27.687,0,0,1]},
{"frame":7,"values":[0.1668,-0.1394,0.9761,0,0.8986,-0.3859,-0.2087,0,0.4057,0.912,0.0609,0,27.687,0,0,1]},
{"frame":8,"values":[0.1374,-0.1369,0.981,0,0.8984,-0.3999,-0.1817,0,0.4172,0.9063,0.0681,0,27.687,0,0,1]},
{"frame":9,"values":[0.1231,-0.1347,0.9832,0,0.9046,-0.3922,-0.167,0,0.4081,0.91,0.0735,0,27.687,0,0,1]},
{"frame":10,"values":[0.1196,-0.1336,0.9838,0,0.9062,-0.3902,-0.1632,0,0.4056,0.911,0.0744,0,27.687,0,0,1]},
{"frame":11,"values":[0.1212,-0.1327,0.9837,0,0.9082,-0.3851,-0.1639,0,0.4006,0.9133,0.0738,0,27.687,0,0,1]},
{"frame":12,"values":[0.1199,-0.1394,0.983,0,0.8899,-0.4239,-0.1686,0,0.4402,0.8949,0.0732,0,27.687,0,0,1]},
{"frame":13,"values":[0.1296,-0.1381,0.9819,0,0.8958,-0.4082,-0.1757,0,0.425,0.9024,0.0708,0,27.687,0,0,1]},
{"frame":14,"values":[0.1249,-0.1342,0.9831,0,0.9045,-0.3919,-0.1684,0,0.4078,0.9102,0.0724,0,27.687,0,0,1]},
{"frame":15,"values":[0.1134,-0.13,0.985,0,0.9118,-0.3801,-0.1551,0,0.3946,0.9158,0.0754,0,27.687,0,0,1]},
{"frame":16,"values":[0.1118,-0.1296,0.9852,0,0.9132,-0.3777,-0.1533,0,0.3919,0.9168,0.0761,0,27.687,0,0,1]},
{"frame":17,"values":[0.1011,-0.1293,0.9864,0,0.9115,-0.3853,-0.1439,0,0.3987,0.9137,0.0789,0,27.687,0,0,1]},
{"frame":18,"values":[0.0781,-0.1279,0.9887,0,0.9084,-0.3995,-0.1234,0,0.4107,0.9078,0.085,0,27.687,0,0,1]},
{"frame":19,"values":[0.0817,-0.1271,0.9885,0,0.911,-0.3928,-0.1258,0,0.4043,0.9108,0.0837,0,27.687,0,0,1]},
{"frame":20,"values":[0.1118,-0.1293,0.9853,0,0.9128,-0.3787,-0.1533,0,0.3929,0.9165,0.0756,0,27.687,0,0,1]},
{"frame":21,"values":[0.1364,-0.1326,0.9817,0,0.9098,-0.3754,-0.1771,0,0.3921,0.9173,0.0695,0,27.687,0,0,1]},
{"frame":22,"values":[0.1593,-0.1343,0.9781,0,0.909,-0.3667,-0.1984,0,0.3853,0.9206,0.0637,0,27.687,0,0,1]},
{"frame":23,"values":[0.1803,-0.1298,0.975,0,0.9186,-0.3322,-0.2141,0,0.3517,0.9342,0.0594,0,27.687,0,0,1]},
{"frame":24,"values":[0.2023,-0.1389,0.9694,0,0.9034,-0.3557,-0.2395,0,0.378,0.9242,0.0535,0,27.687,0,0,1]},
{"frame":25,"values":[0.212,-0.1495,0.9658,0,0.8826,-0.395,-0.2549,0,0.4196,0.9064,0.0482,0,27.687,0,0,1]}],"loopBehavior":1,"name":"anim","property":"_matrix"}},
{"name":"boss:LeftHand","index":10,"matrix":[0.9881,-0.1455,0.0498,0,0.143,0.7499,-0.646,0,0.0566,0.6454,0.7617,0,27.8738,0,0,1],"rest":[0.9974,-0.0541,-0.0467,0,0.0586,0.9932,0.1006,0,0.041,-0.1031,0.9938,0,27.8738,0,0,1],"parentBoneIndex":9,"length":9.2395
,"animation":{"dataType":3,"framePerSecond":24,"keys":[
{"frame":1,"values":[0.9881,-0.1455,0.0498,0,0.143,0.7499,-0.646,0,0.0566,0.6454,0.7617,0,27.8738,0,0,1]},
{"frame":2,"values":[0.9884,-0.1385,0.0625,0,0.1427,0.7054,-0.6943,0,0.0521,0.6952,0.7169,0,27.8738,0,0,1]},
{"frame":3,"values":[0.9888,-0.1223,0.0856,0,0.1481,0.73,-0.6672,0,0.0191,0.6724,0.7399,0,27.8738,0,0,1]},
{"frame":4,"values":[0.9894,-0.099,0.1064,0,0.1451,0.7177,-0.6811,0,-0.0089,0.6893,0.7244,0,27.8738,0,0,1]},
{"frame":5,"values":[0.9886,-0.0915,0.1194,0,0.1487,0.7139,-0.6842,0,-0.0226,0.6942,0.7194,0,27.8738,0,0,1]},
{"frame":6,"values":[0.9893,-0.0888,0.116,0,0.1439,0.7292,-0.669,0,-0.0251,0.6785,0.7342,0,27.8738,0,0,1]},
{"frame":7,"values":[0.9898,-0.0655,0.1265,0,0.133,0.7436,-0.6553,0,-0.0512,0.6654,0.7447,0,27.8738,0,0,1]},
{"frame":8,"values":[0.9911,-0.0525,0.1221,0,0.1191,0.7581,-0.6411,0,-0.0589,0.65,0.7577,0,27.8738,0,0,1]},
{"frame":9,"values":[0.9933,-0.0422,0.1075,0,0.1018,0.7595,-0.6424,0,-0.0545,0.6491,0.7588,0,27.8738,0,0,1]},
{"frame":10,"values":[0.995,-0.0308,0.0954,0,0.0851,0.7621,-0.6419,0,-0.0529,0.6468,0.7608,0,27.8738,0,0,1]},
{"frame":11,"values":[0.9959,-0.0289,0.0853,0,0.0773,0.7609,-0.6442,0,-0.0463,0.6482,0.7601,0,27.8738,0,0,1]},
{"frame":12,"values":[0.9957,-0.0371,0.0845,0,0.0813,0.7854,-0.6136,0,-0.0436,0.6179,0.7851,0,27.8738,0,0,1]},
{"frame":13,"values":[0.9953,-0.0554,0.0794,0,0.093,0.7743,-0.626,0,-0.0268,0.6304,0.7758,0,27.8738,0,0,1]},
{"frame":14,"values":[0.9945,-0.0677,0.0794,0,0.1029,0.7619,-0.6395,0,-0.0172,0.6442,0.7647,0,27.8738,0,0,1]},
{"frame":15,"values":[0.9941,-0.0742,0.0797,0,0.1083,0.7508,-0.6516,0,-0.0115,0.6563,0.7544,0,27.8738,0,0,1]},
{"frame":16,"values":[0.9924,-0.0884,0.0859,0,0.1231,0.7468,-0.6535,0,-0.0064,0.6591,0.752,0,27.8738,0,0,1]},
{"frame":17,"values":[0.9921,-0.0884,0.0892,0,0.1252,0.7507,-0.6487,0,-0.0096,0.6547,0.7558,0,27.8738,0,0,1]},
{"frame":18,"values":[0.9949,-0.0635,0.0784,0,0.099,0.7661,-0.635,0,-0.0198,0.6396,0.7685,0,27.8738,0,0,1]},
{"frame":19,"values":[0.9969,-0.0567,0.0543,0,0.0782,0.7711,-0.6318,0,-0.006,0.6341,0.7732,0,27.8738,0,0,1]},
{"frame":20,"values":[0.9968,-0.0724,0.0334,0,0.0773,0.7747,-0.6276,0,0.0195,0.6281,0.7779,0,27.8738,0,0,1]},
{"frame":21,"values":[0.9965,-0.08,0.0222,0,0.0764,0.7785,-0.6229,0,0.0325,0.6225,0.782,0,27.8738,0,0,1]},
{"frame":22,"values":[0.9962,-0.0859,0.0176,0,0.0775,0.7696,-0.6338,0,0.0409,0.6328,0.7733,0,27.8738,0,0,1]},
{"frame":23,"values":[0.9951,-0.0971,0.0181,0,0.0839,0.7345,-0.6735,0,0.0521,0.6717,0.739,0,27.8738,0,0,1]},
{"frame":24,"values":[0.9917,-0.1245,0.0334,0,0.115,0.7373,-0.6657,0,0.0583,0.664,0.7455,0,27.8738,0,0,1]},
{"frame":25,"values":[0.9881,-0.1456,0.0498,0,0.143,0.7499,-0.6459,0,0.0567,0.6454,0.7618,0,27.8738,0,0,1]}],"loopBehavior":1,"name":"anim","property":"_matrix"}},
{"name":"boss:LeftHandThumb1","index":11,"matrix":[0.9599,-0.1379,-0.2442,0,0.1721,0.9772,0.1246,0,0.2214,-0.1616,0.9617,0,2.3785,-1.0029,2.6209,1],"rest":[0.9909,-0.0858,-0.104,0,0.0965,0.9901,0.102,0,0.0942,-0.1111,0.9893,0,2.3785,-1.0029,2.6209,1],"parentBoneIndex":10,"length":4.514
,"animation":{"dataType":3,"framePerSecond":24,"keys":[
{"frame":1,"values":[0.9599,-0.1379,-0.2442,0,0.1721,0.9772,0.1246,0,0.2214,-0.1616,0.9617,0,2.3785,-1.0029,2.6209,1]},
{"frame":25,"values":[0.9599,-0.1379,-0.2442,0,0.1721,0.9772,0.1246,0,0.2214,-0.1616,0.9617,0,2.3785,-1.0029,2.6209,1]}],"loopBehavior":1,"name":"anim","property":"_matrix"}},
{"name":"boss:LeftHandThumb2","index":12,"matrix":[1,0,0,0,0,1,0,0,0,0,1,0,3.3624,-1.0029,2.8398,1],"rest":[0.9723,0.0085,0.2336,0,0.008,0.9975,-0.0699,0,-0.2336,0.0698,0.9698,0,3.3624,-1.0029,2.8398,1],"parentBoneIndex":11,"length":5.1787
,"animation":{"dataType":3,"framePerSecond":24,"keys":[
{"frame":1,"values":[1,0,0,0,0,1,0,0,0,0,1,0,3.3624,-1.0029,2.8398,1]},
{"frame":25,"values":[1,0,0,0,0,1,0,0,0,0,1,0,3.3624,-1.0029,2.8398,1]}],"loopBehavior":1,"name":"anim","property":"_matrix"}},
{"name":"boss:LeftHandThumb3","index":13,"matrix":[0.9381,-0.0008,0.3465,0,0.0916,0.9649,-0.2459,0,-0.3342,0.2625,0.9052,0,4.5018,-1.3445,2.1783,1],"rest":[0.9717,-0.2361,0.003,0,0.2343,0.9658,0.111,0,-0.0291,-0.1072,0.9938,0,4.5018,-1.3445,2.1783,1],"parentBoneIndex":12,"length":0.01
,"animation":{"dataType":3,"framePerSecond":24,"keys":[
{"frame":1,"values":[0.9381,-0.0008,0.3465,0,0.0916,0.9649,-0.2459,0,-0.3342,0.2625,0.9052,0,4.5018,-1.3445,2.1783,1]},
{"frame":5,"values":[0.938,-0.0008,0.3465,0,0.0916,0.9649,-0.2459,0,-0.3342,0.2625,0.9052,0,4.5018,-1.3445,2.1783,1]},
{"frame":6,"values":[0.9381,-0.0008,0.3465,0,0.0916,0.9649,-0.2459,0,-0.3342,0.2625,0.9052,0,4.5018,-1.3445,2.1783,1]},
{"frame":10,"values":[0.938,-0.0008,0.3465,0,0.0916,0.9649,-0.2459,0,-0.3342,0.2625,0.9052,0,4.5018,-1.3445,2.1783,1]},
{"frame":11,"values":[0.9381,-0.0008,0.3465,0,0.0916,0.9649,-0.2459,0,-0.3342,0.2625,0.9052,0,4.5018,-1.3445,2.1783,1]},
{"frame":25,"values":[0.9381,-0.0008,0.3465,0,0.0916,0.9649,-0.2459,0,-0.3342,0.2625,0.9052,0,4.5018,-1.3445,2.1783,1]}],"loopBehavior":1,"name":"anim","property":"_matrix"}},
{"name":"boss:LeftHandThumb4","index":14,"matrix":[1,0,0,0,0,1,0,0,0,0,1,0,0,0,0,1],"rest":[1,0,0,0,0,1,0,0,0,0,1,0,0,0,0,1],"parentBoneIndex":13,"length":0.01
,"animation":{"dataType":3,"framePerSecond":24,"keys":[
{"frame":1,"values":[1,0,0,0,0,1,0,0,0,0,1,0,0,0,0,1]},
{"frame":25,"values":[1,0,0,0,0,1,0,0,0,0,1,0,0,0,0,1]}],"loopBehavior":1,"name":"anim","property":"_matrix"}},
{"name":"boss:LeftHandMiddle1","index":15,"matrix":[0.9509,-0.3004,0.0739,0,0.2831,0.9413,0.1841,0,-0.1249,-0.1542,0.9801,0,10.4639,0.6148,0.4298,1],"rest":[0.9974,0.0586,0.041,0,-0.0586,0.9983,-0.0012,0,-0.041,-0.0012,0.9992,0,10.4639,0.6148,0.4298,1],"parentBoneIndex":10,"length":5.7921
,"animation":{"dataType":3,"framePerSecond":24,"keys":[
{"frame":1,"values":[0.9509,-0.3004,0.0739,0,0.2831,0.9413,0.1841,0,-0.1249,-0.1542,0.9801,0,10.4639,0.6148,0.4298,1]},
{"frame":25,"values":[0.9509,-0.3004,0.0739,0,0.2831,0.9413,0.1841,0,-0.1249,-0.1542,0.9801,0,10.4639,0.6148,0.4298,1]}],"loopBehavior":1,"name":"anim","property":"_matrix"}},
{"name":"boss:LeftHandMiddle2","index":16,"matrix":[0.6955,-0.7185,0,0,0.7185,0.6955,0,0,0,0,1,0,5.7921,0,0,1],"rest":[1,0,0,0,0,1,0,0,0,0,1,0,5.7921,0,0,1],"parentBoneIndex":15,"length":3.7132
,"animation":{"dataType":3,"framePerSecond":24,"keys":[
{"frame":1,"values":[0.6955,-0.7185,0,0,0.7185,0.6955,0,0,0,0,1,0,5.7921,0,0,1]},
{"frame":25,"values":[0.6955,-0.7185,0,0,0.7185,0.6955,0,0,0,0,1,0,5.7921,0,0,1]}],"loopBehavior":1,"name":"anim","property":"_matrix"}},
{"name":"boss:LeftHandMiddle3","index":17,"matrix":[0.7198,-0.6941,0,0,0.6941,0.7198,0,0,0,0.0001,1,0,3.7132,0,0,1],"rest":[1,0,0,0,0,1,-0.0001,0,0,0.0001,1,0,3.7132,0,0,1],"parentBoneIndex":16,"length":0.01
,"animation":{"dataType":3,"framePerSecond":24,"keys":[
