{"producer":{"name":"Blender","version":"2.90.0","exporter_version":"2.80.1","file":"turnright.babylon"},
"autoClear":true,"clearColor":[0.0509,0.0509,0.0509],"gravity":[0,-9.81,0],
"materials":[{"name":"Material","id":"Material","customType":"BABYLON.PBRMaterial","backFaceCulling":true,"checkReadyOnlyOnce":false,"maxSimultaneousLights":4,"environmentIntensity":1,"albedo":[0.8,0.8,0.8],"reflectivity":[0.5,0.5,0.5],"roughness":0.4,"alpha":1,"transparencyMode":0,"alphaCutOff":0.4,"metallic":0}],
"multiMaterials":[],
"skeletons":[{"name":"Armature","id":0,"dimensionsAtRest":[188.1767,172.4535,15.5905],"bones":[
{"name":"boss:Hips","index":0,"matrix":[0.9926,-0.0524,0.1099,0,0.0448,0.9965,0.0706,0,0.1133,0.0652,-0.9914,0,0,95.7675,0,1],"rest":[1,0,0,0,0,1,0,0,0,0,-1,0,0,96.3794,0,1],"parentBoneIndex":-1,"length":9.9032
,"animation":{"dataType":3,"framePerSecond":24,"keys":[
{"frame":1,"values":[0.9926,-0.0524,0.1099,0,0.0448,0.9965,0.0706,0,0.1133,0.0652,-0.9914,0,0,95.7675,0,1]},
{"frame":2,"values":[0.9926,-0.0524,0.1099,0,0.0448,0.9965,0.0706,0,0.1133,0.0652,-0.9914,0,0.9049,95.5542,0.5815,1]},
{"frame":3,"values":[0.9926,-0.0524,0.1099,0,0.0448,0.9965,0.0706,0,0.1133,0.0652,-0.9914,0,2.9836,95.2251,1.5434,1]},
{"frame":4,"values":[0.9926,-0.0524,0.1099,0,0.0448,0.9965,0.0706,0,0.1133,0.0652,-0.9914,0,5.5107,95.1793,2.3287,1]},
{"frame":5,"values":[0.9926,-0.0524,0.1099,0,0.0448,0.9965,0.0706,0,0.1133,0.0652,-0.9914,0,7.6499,95.2683,3.0383,1]},
{"frame":6,"values":[0.9926,-0.0524,0.1099,0,0.0448,0.9965,0.0706,0,0.1133,0.0652,-0.9914,0,9.1287,95.2003,3.5301,1]},
{"frame":7,"values":[0.9926,-0.0524,0.1099,0,0.0448,0.9965,0.0706,0,0.1133,0.0652,-0.9914,0,10.2112,95.0355,3.9017,1]},
{"frame":8,"values":[0.9926,-0.0524,0.1099,0,0.0448,0.9965,0.0706,0,0.1133,0.0652,-0.9914,0,10.9209,94.8621,4.2947,1]},
{"frame":9,"values":[0.9926,-0.0524,0.1099,0,0.0448,0.9965,0.0706,0,0.1133,0.0652,-0.9914,0,11.2242,94.7919,4.8467,1]},
{"frame":10,"values":[0.9926,-0.0524,0.1099,0,0.0448,0.9965,0.0706,0,0.1133,0.0652,-0.9914,0,10.9637,94.8501,5.723,1]},
{"frame":11,"values":[0.9926,-0.0524,0.1099,0,0.0448,0.9965,0.0706,0,0.1133,0.0652,-0.9914,0,10.4244,94.8731,6.8249,1]},
{"frame":12,"values":[0.9926,-0.0524,0.1099,0,0.0448,0.9965,0.0706,0,0.1133,0.0652,-0.9914,0,9.9871,94.7997,7.8739,1]},
{"frame":13,"values":[0.9926,-0.0524,0.1099,0,0.0448,0.9965,0.0706,0,0.1133,0.0652,-0.9914,0,9.5711,94.851,8.6758,1]},
{"frame":14,"values":[0.9926,-0.0524,0.1099,0,0.0448,0.9965,0.0706,0,0.1133,0.0652,-0.9914,0,9.2,95.1109,9.014,1]},
{"frame":15,"values":[0.9926,-0.0524,0.1099,0,0.0448,0.9965,0.0706,0,0.1133,0.0652,-0.9914,0,8.7482,95.3881,8.7712,1]},
{"frame":16,"values":[0.9926,-0.0524,0.1099,0,0.0448,0.9965,0.0706,0,0.1133,0.0652,-0.9914,0,8.0527,95.6914,8.136,1]},
{"frame":17,"values":[0.9926,-0.0524,0.1099,0,0.0448,0.9965,0.0706,0,0.1133,0.0652,-0.9914,0,7.0934,95.8392,7.2116,1]},
{"frame":18,"values":[0.9926,-0.0524,0.1099,0,0.0448,0.9965,0.0706,0,0.1133,0.0652,-0.9914,0,5.7935,95.7889,6.0426,1]},
{"frame":19,"values":[0.9926,-0.0524,0.1099,0,0.0448,0.9965,0.0706,0,0.1133,0.0652,-0.9914,0,4.2115,95.4344,4.6788,1]},
{"frame":20,"values":[0.9926,-0.0524,0.1099,0,0.0448,0.9965,0.0706,0,0.1133,0.0652,-0.9914,0,2.7121,95.2392,3.336,1]},
{"frame":21,"values":[0.9926,-0.0524,0.1099,0,0.0448,0.9965,0.0706,0,0.1133,0.0652,-0.9914,0,1.468,95.4226,2.1039,1]},
{"frame":22,"values":[0.9926,-0.0524,0.1099,0,0.0448,0.9965,0.0706,0,0.1133,0.0652,-0.9914,0,0.4992,95.6507,0.7744,1]},
{"frame":23,"values":[0.9926,-0.0524,0.1099,0,0.0448,0.9965,0.0706,0,0.1133,0.0652,-0.9914,0,0,95.7675,0,1]}],"loopBehavior":1,"name":"anim","property":"_matrix"}},
{"name":"boss:Spine","index":1,"matrix":[0.9988,0.042,-0.0243,0,-0.0405,0.9975,0.0587,0,0.0267,-0.0577,0.998,0,0,9.2263,1.5771,1],"rest":[1,0,0,0,0,1,0,0,0,0,1,0,0,9.2263,1.5771,1],"parentBoneIndex":0,"length":16.2548
,"animation":{"dataType":3,"framePerSecond":24,"keys":[
{"frame":1,"values":[0.9988,0.042,-0.0243,0,-0.0405,0.9975,0.0587,0,0.0267,-0.0577,0.998,0,0,9.2263,1.5771,1]},
{"frame":2,"values":[0.9991,0.0376,-0.0197,0,-0.0363,0.9975,0.0611,0,0.0219,-0.0603,0.9979,0,0,9.2263,1.5771,1]},
{"frame":3,"values":[0.9993,0.0339,-0.0159,0,-0.0328,0.9974,0.0638,0,0.018,-0.0632,0.9978,0,0,9.2263,1.5771,1]},
{"frame":4,"values":[0.9991,0.0405,-0.0117,0,-0.0396,0.997,0.0662,0,0.0143,-0.0657,0.9977,0,0,9.2263,1.5771,1]},
{"frame":5,"values":[0.9987,0.0514,-0.0066,0,-0.0508,0.9965,0.0668,0,0.01,-0.0663,0.9977,0,0,9.2263,1.5771,1]},
{"frame":6,"values":[0.9985,0.0551,-0.0007,0,-0.055,0.9964,0.0644,0,0.0042,-0.0642,0.9979,0,0,9.2263,1.5771,1]},
{"frame":7,"values":[0.9985,0.0548,0.0027,0,-0.0548,0.9967,0.06,0,0.0006,-0.06,0.9982,0,0,9.2263,1.5771,1]},
{"frame":8,"values":[0.9986,0.0537,0.0036,0,-0.0538,0.997,0.056,0,-0.0006,-0.0561,0.9984,0,0,9.2263,1.5771,1]},
{"frame":9,"values":[0.9985,0.0536,0.0077,0,-0.054,0.9971,0.0528,0,-0.0048,-0.0532,0.9986,0,0,9.2263,1.5771,1]},
{"frame":10,"values":[0.9986,0.0517,0.0138,0,-0.0523,0.9974,0.0492,0,-0.0113,-0.0499,0.9987,0,0,9.2263,1.5771,1]},
{"frame":11,"values":[0.9987,0.0483,0.0146,0,-0.0489,0.9976,0.048,0,-0.0122,-0.0486,0.9987,0,0,9.2263,1.5771,1]},
{"frame":12,"values":[0.999,0.0439,0.0086,0,-0.0443,0.9977,0.0509,0,-0.0064,-0.0512,0.9987,0,0,9.2263,1.5771,1]},
{"frame":13,"values":[0.9995,0.0323,0.0001,0,-0.0322,0.9979,0.0556,0,0.0017,-0.0556,0.9985,0,0,9.2263,1.5771,1]},
{"frame":14,"values":[0.9997,0.0213,-0.0082,0,-0.0208,0.9981,0.0586,0,0.0094,-0.0584,0.9982,0,0,9.2263,1.5771,1]},
{"frame":15,"values":[0.9997,0.0204,-0.013,0,-0.0196,0.9978,0.0631,0,0.0142,-0.0629,0.9979,0,0,9.2263,1.5771,1]},
{"frame":16,"values":[0.9996,0.0211,-0.0166,0,-0.0199,0.9975,0.0675,0,0.018,-0.0672,0.9976,0,0,9.2263,1.5771,1]},
{"frame":17,"values":[0.9995,0.0261,-0.0186,0,-0.0247,0.9972,0.0707,0,0.0203,-0.0702,0.9973,0,0,9.2263,1.5771,1]},
{"frame":18,"values":[0.9992,0.0369,-0.0162,0,-0.0356,0.9967,0.0736,0,0.0188,-0.073,0.9972,0,0,9.2263,1.5771,1]},
{"frame":19,"values":[0.9984,0.056,-0.0116,0,-0.055,0.9958,0.0738,0,0.0157,-0.073,0.9972,0,0,9.2263,1.5771,1]},
{"frame":20,"values":[0.9978,0.0659,-0.0102,0,-0.065,0.9953,0.0712,0,0.0148,-0.0704,0.9974,0,0,9.2263,1.5771,1]},
{"frame":21,"values":[0.9979,0.0628,-0.0143,0,-0.0617,0.9958,0.0683,0,0.0185,-0.0672,0.9976,0,0,9.2263,1.5771,1]},
{"frame":22,"values":[0.9985,0.0506,-0.0206,0,-0.0493,0.9968,0.0626,0,0.0237,-0.0615,0.9978,0,0,9.2263,1.5771,1]},
{"frame":23,"values":[0.9988,0.042,-0.0243,0,-0.0405,0.9975,0.0587,0,0.0267,-0.0577,0.998,0,0,9.2263,1.5771,1]}],"loopBehavior":1,"name":"anim","property":"_matrix"}},
{"name":"boss:Spine1","index":2,"matrix":[0.9996,0.0272,-0.0054,0,-0.0271,0.9994,0.0203,0,0.0059,-0.0201,0.9998,0,0,16.254,-0.1656,1],"rest":[1,0,0,0,0,1,0,0,0,0,1,0,0,16.254,-0.1656,1],"parentBoneIndex":1,"length":13.7007
,"animation":{"dataType":3,"framePerSecond":24,"keys":[
{"frame":1,"values":[0.9996,0.0272,-0.0054,0,-0.0271,0.9994,0.0203,0,0.0059,-0.0201,0.9998,0,0,16.254,-0.1656,1]},
{"frame":2,"values":[0.9996,0.0267,-0.0021,0,-0.0266,0.9994,0.0223,0,0.0027,-0.0223,0.9997,0,0,16.254,-0.1656,1]},
{"frame":3,"values":[0.9997,0.0231,0.0006,0,-0.0231,0.9994,0.0245,0,0,-0.0245,0.9997,0,0,16.254,-0.1656,1]},
{"frame":4,"values":[0.9998,0.018,0.0045,0,-0.0181,0.9995,0.0268,0,-0.004,-0.0269,0.9996,0,0,16.254,-0.1656,1]},
{"frame":5,"values":[0.9999,0.0121,0.0094,0,-0.0123,0.9995,0.0278,0,-0.0091,-0.0279,0.9996,0,0,16.254,-0.1656,1]},
{"frame":6,"values":[0.9999,0.0046,0.0147,0,-0.005,0.9996,0.0261,0,-0.0145,-0.0261,0.9996,0,0,16.254,-0.1656,1]},
{"frame":7,"values":[0.9998,-0.0042,0.018,0,0.0038,0.9997,0.0225,0,-0.0181,-0.0225,0.9996,0,0,16.254,-0.1656,1]},
{"frame":8,"values":[0.9997,-0.0131,0.0196,0,0.0127,0.9997,0.0192,0,-0.0198,-0.019,0.9996,0,0,16.254,-0.1656,1]},
{"frame":9,"values":[0.9995,-0.022,0.0237,0,0.0216,0.9996,0.0165,0,-0.0241,-0.016,0.9996,0,0,16.254,-0.1656,1]},
{"frame":10,"values":[0.9991,-0.0311,0.0294,0,0.0307,0.9994,0.0137,0,-0.0298,-0.0128,0.9995,0,0,16.254,-0.1656,1]},
{"frame":11,"values":[0.9988,-0.0376,0.0307,0,0.0372,0.9992,0.0126,0,-0.0311,-0.0114,0.9995,0,0,16.254,-0.1656,1]},
{"frame":12,"values":[0.9987,-0.0448,0.0262,0,0.0444,0.9989,0.0147,0,-0.0268,-0.0135,0.9995,0,0,16.254,-0.1656,1]},
{"frame":13,"values":[0.9983,-0.0543,0.0196,0,0.054,0.9984,0.0184,0,-0.0206,-0.0173,0.9996,0,0,16.254,-0.1656,1]},
{"frame":14,"values":[0.9981,-0.0609,0.0128,0,0.0607,0.9979,0.0208,0,-0.014,-0.0199,0.9997,0,0,16.254,-0.1656,1]},
{"frame":15,"values":[0.998,-0.0618,0.0094,0,0.0616,0.9978,0.0243,0,-0.0109,-0.0236,0.9997,0,0,16.254,-0.1656,1]},
{"frame":16,"values":[0.9981,-0.0605,0.0063,0,0.0604,0.9978,0.0277,0,-0.008,-0.0273,0.9996,0,0,16.254,-0.1656,1]},
{"frame":17,"values":[0.9985,-0.0552,0.0003,0,0.0552,0.998,0.0298,0,-0.0019,-0.0298,0.9996,0,0,16.254,-0.1656,1]},
{"frame":18,"values":[0.9989,-0.0464,0.001,0,0.0463,0.9984,0.0312,0,-0.0024,-0.0311,0.9995,0,0,16.254,-0.1656,1]},
{"frame":19,"values":[0.9994,-0.0354,0.0055,0,0.0352,0.9989,0.0303,0,-0.0066,-0.0301,0.9995,0,0,16.254,-0.1656,1]},
{"frame":20,"values":[0.9998,-0.022,0.0021,0,0.0219,0.9994,0.0277,0,-0.0027,-0.0276,0.9996,0,0,16.254,-0.1656,1]},
{"frame":21,"values":[1,-0.0005,-0.0083,0,0.0007,0.9997,0.0261,0,0.0082,-0.0261,0.9996,0,0,16.254,-0.1656,1]},
{"frame":22,"values":[0.9998,0.018,-0.008,0,-0.0178,0.9996,0.0227,0,0.0084,-0.0226,0.9997,0,0,16.254,-0.1656,1]},
{"frame":23,"values":[0.9996,0.0272,-0.0054,0,-0.0271,0.9994,0.0203,0,0.0059,-0.0201,0.9998,0,0,16.254,-0.1656,1]}],"loopBehavior":1,"name":"anim","property":"_matrix"}},
{"name":"boss:Spine2","index":3,"matrix":[0.9996,0.0273,-0.0058,0,-0.0272,0.9994,0.0198,0,0.0063,-0.0197,0.9998,0,0,13.6396,-1.2923,1],"rest":[1,0,0,0,0,1,0,0,0,0,1,0,0,13.6396,-1.2923,1],"parentBoneIndex":2,"length":13.1719
,"animation":{"dataType":3,"framePerSecond":24,"keys":[
{"frame":1,"values":[0.9996,0.0273,-0.0058,0,-0.0272,0.9994,0.0198,0,0.0063,-0.0197,0.9998,0,0,13.6396,-1.2923,1]},
{"frame":2,"values":[0.9996,0.028,-0.0024,0,-0.0279,0.9994,0.0218,0,0.003,-0.0217,0.9998,0,0,13.6396,-1.2923,1]},
{"frame":3,"values":[0.9996,0.0277,0.0001,0,-0.0277,0.9993,0.0239,0,0.0005,-0.0239,0.9997,0,0,13.6396,-1.2923,1]},
{"frame":4,"values":[0.9996,0.0276,0.0037,0,-0.0277,0.9993,0.0261,0,-0.0029,-0.0262,0.9997,0,0,13.6396,-1.2923,1]},
{"frame":5,"values":[0.9996,0.0282,0.0081,0,-0.0284,0.9992,0.0269,0,-0.0073,-0.0272,0.9996,0,0,13.6396,-1.2923,1]},
{"frame":6,"values":[0.9995,0.0281,0.0127,0,-0.0284,0.9993,0.025,0,-0.012,-0.0254,0.9996,0,0,13.6396,-1.2923,1]},
{"frame":7,"values":[0.9995,0.0274,0.0152,0,-0.0277,0.9994,0.0213,0,-0.0146,-0.0217,0.9997,0,0,13.6396,-1.2923,1]},
{"frame":8,"values":[0.9995,0.0269,0.016,0,-0.0272,0.9995,0.0177,0,-0.0155,-0.0181,0.9997,0,0,13.6396,-1.2923,1]},
{"frame":9,"values":[0.9995,0.0262,0.0193,0,-0.0264,0.9995,0.0147,0,-0.0189,-0.0152,0.9997,0,0,13.6396,-1.2923,1]},
{"frame":10,"values":[0.9994,0.0246,0.0241,0,-0.0249,0.9996,0.0114,0,-0.0238,-0.0119,0.9996,0,0,13.6396,-1.2923,1]},
{"frame":11,"values":[0.9994,0.0248,0.0246,0,-0.0251,0.9996,0.01,0,-0.0243,-0.0106,0.9996,0,0,13.6396,-1.2923,1]},
{"frame":12,"values":[0.9995,0.0231,0.0197,0,-0.0233,0.9997,0.0122,0,-0.0194,-0.0127,0.9997,0,0,13.6396,-1.2923,1]},
{"frame":13,"values":[0.9998,0.0172,0.0129,0,-0.0174,0.9997,0.0163,0,-0.0126,-0.0165,0.9998,0,0,13.6396,-1.2923,1]},
{"frame":14,"values":[0.9999,0.0122,0.006,0,-0.0123,0.9997,0.0192,0,-0.0058,-0.0192,0.9998,0,0,13.6396,-1.2923,1]},
{"frame":15,"values":[0.9999,0.0101,0.0029,0,-0.0101,0.9997,0.0229,0,-0.0027,-0.023,0.9997,0,0,13.6396,-1.2923,1]},
{"frame":16,"values":[1,0.0059,0.0008,0,-0.0059,0.9996,0.0266,0,-0.0006,-0.0266,0.9996,0,0,13.6396,-1.2923,1]},
{"frame":17,"values":[1,0.002,-0.004,0,-0.0019,0.9996,0.0292,0,0.0041,-0.0292,0.9996,0,0,13.6396,-1.2923,1]},
{"frame":18,"values":[1,-0.0006,-0.0022,0,0.0006,0.9995,0.0312,0,0.0022,-0.0312,0.9995,0,0,13.6396,-1.2923,1]},
{"frame":19,"values":[1,-0.0018,0.003,0,0.0017,0.9995,0.0306,0,-0.003,-0.0306,0.9995,0,0,13.6396,-1.2923,1]},
{"frame":20,"values":[1,-0.0003,0.0003,0,0.0003,0.9996,0.0281,0,-0.0003,-0.0281,0.9996,0,0,13.6396,-1.2923,1]},
{"frame":21,"values":[0.9999,0.0105,-0.0093,0,-0.0102,0.9996,0.0262,0,0.0096,-0.0261,0.9996,0,0,13.6396,-1.2923,1]},
{"frame":22,"values":[0.9997,0.0216,-0.0086,0,-0.0214,0.9995,0.0225,0,0.0091,-0.0223,0.9997,0,0,13.6396,-1.2923,1]},
{"frame":23,"values":[0.9996,0.0273,-0.0058,0,-0.0272,0.9994,0.0198,0,0.0063,-0.0197,0.9998,0,0,13.6396,-1.2923,1]}],"loopBehavior":1,"name":"anim","property":"_matrix"}},
{"name":"boss:Neck","index":4,"matrix":[1,0.0041,0.0011,0,-0.0041,0.9988,0.0491,0,-0.0009,-0.0491,0.9988,0,0,13.8774,-4.3542,1],"rest":[1,0,0,0,0,1,0,0,0,0,1,0,0,13.8774,-4.3542,1],"parentBoneIndex":3,"length":4.4379
,"animation":{"dataType":3,"framePerSecond":24,"keys":[
{"frame":1,"values":[1,0.0041,0.0011,0,-0.0041,0.9988,0.0491,0,-0.0009,-0.0491,0.9988,0,0,13.8774,-4.3542,1]},
{"frame":2,"values":[0.9999,0.0078,0.0096,0,-0.0083,0.9988,0.0483,0,-0.0092,-0.0483,0.9988,0,0,13.8774,-4.3542,1]},
{"frame":3,"values":[0.9996,0.0137,0.0255,0,-0.015,0.9986,0.0514,0,-0.0248,-0.0518,0.9984,0,0,13.8774,-4.3542,1]},
{"frame":4,"values":[0.9988,0.0196,0.0448,0,-0.0221,0.9981,0.0574,0,-0.0436,-0.0583,0.9973,0,0,13.8774,-4.3542,1]},
{"frame":5,"values":[0.9977,0.0233,0.0629,0,-0.0273,0.9976,0.0636,0,-0.0613,-0.0651,0.996,0,0,13.8774,-4.3542,1]},
{"frame":6,"values":[0.9969,0.0247,0.075,0,-0.0298,0.9972,0.0681,0,-0.0731,-0.0701,0.9949,0,0,13.8774,-4.3542,1]},
{"frame":7,"values":[0.9965,0.025,0.0802,0,-0.0306,0.9971,0.0701,0,-0.0782,-0.0723,0.9943,0,0,13.8774,-4.3542,1]},
{"frame":8,"values":[0.9963,0.0252,0.0821,0,-0.031,0.997,0.0705,0,-0.08,-0.0728,0.9941,0,0,13.8774,-4.3542,1]},
{"frame":9,"values":[0.9964,0.0253,0.0808,0,-0.0311,0.997,0.0707,0,-0.0788,-0.073,0.9942,0,0,13.8774,-4.3542,1]},
{"frame":10,"values":[0.9966,0.0251,0.078,0,-0.0307,0.997,0.0715,0,-0.076,-0.0736,0.9944,0,0,13.8774,-4.3542,1]},
{"frame":11,"values":[0.9969,0.0246,0.0742,0,-0.0299,0.997,0.071,0,-0.0722,-0.073,0.9947,0,0,13.8774,-4.3542,1]},
{"frame":12,"values":[0.9974,0.0221,0.0691,0,-0.0269,0.9973,0.0689,0,-0.0674,-0.0706,0.9952,0,0,13.8774,-4.3542,1]},
{"frame":13,"values":[0.9979,0.0188,0.0625,0,-0.023,0.9975,0.0671,0,-0.0611,-0.0684,0.9958,0,0,13.8774,-4.3542,1]},
{"frame":14,"values":[0.9984,0.0171,0.0546,0,-0.0207,0.9976,0.0658,0,-0.0533,-0.0668,0.9963,0,0,13.8774,-4.3542,1]},
{"frame":15,"values":[0.9988,0.0148,0.0459,0,-0.0177,0.9979,0.0631,0,-0.0449,-0.0638,0.997,0,0,13.8774,-4.3542,1]},
{"frame":16,"values":[0.9993,0.0108,0.0371,0,-0.013,0.9981,0.0594,0,-0.0364,-0.0599,0.9975,0,0,13.8774,-4.3542,1]},
{"frame":17,"values":[0.9996,0.0066,0.0287,0,-0.0082,0.9984,0.0553,0,-0.0283,-0.0555,0.9981,0,0,13.8774,-4.3542,1]},
{"frame":18,"values":[0.9998,0.0029,0.021,0,-0.004,0.9987,0.0518,0,-0.0208,-0.0518,0.9984,0,0,13.8774,-4.3542,1]},
{"frame":19,"values":[0.9999,0.0003,0.0143,0,-0.001,0.9988,0.0499,0,-0.0143,-0.0499,0.9987,0,0,13.8774,-4.3542,1]},
{"frame":20,"values":[1,-0.001,0.0089,0,0.0005,0.9988,0.0492,0,-0.0089,-0.0492,0.9988,0,0,13.8774,-4.3542,1]},
{"frame":21,"values":[1,-0.0005,0.0049,0,0.0002,0.9988,0.0494,0,-0.0049,-0.0494,0.9988,0,0,13.8774,-4.3542,1]},
{"frame":22,"values":[1,0.0022,0.0024,0,-0.0023,0.9988,0.0493,0,-0.0023,-0.0493,0.9988,0,0,13.8774,-4.3542,1]},
{"frame":23,"values":[1,0.0041,0.0011,0,-0.0041,0.9988,0.0491,0,-0.0009,-0.0491,0.9988,0,0,13.8774,-4.3542,1]}],"loopBehavior":1,"name":"anim","property":"_matrix"}},
{"name":"boss:Neck1","index":5,"matrix":[1,0.0041,0.0011,0,-0.0041,0.9988,0.0491,0,-0.0009,-0.0491,0.9988,0,0,4.34,0.9269,1],"rest":[1,0,0,0,0,1,0,0,0,0,1,0,0,4.34,0.9269,1],"parentBoneIndex":4,"length":4.1171
,"animation":{"dataType":3,"framePerSecond":24,"keys":[
{"frame":1,"values":[1,0.0041,0.0011,0,-0.0041,0.9988,0.0491,0,-0.0009,-0.0491,0.9988,0,0,4.34,0.9269,1]},
{"frame":2,"values":[0.9999,0.0078,0.0096,0,-0.0083,0.9988,0.0483,0,-0.0092,-0.0483,0.9988,0,0,4.34,0.9269,1]},
{"frame":3,"values":[0.9996,0.0137,0.0255,0,-0.015,0.9986,0.0514,0,-0.0248,-0.0518,0.9984,0,0,4.34,0.9269,1]},
{"frame":4,"values":[0.9988,0.0196,0.0448,0,-0.0221,0.9981,0.0574,0,-0.0436,-0.0583,0.9973,0,0,4.34,0.9269,1]},
{"frame":5,"values":[0.9977,0.0233,0.0629,0,-0.0273,0.9976,0.0636,0,-0.0613,-0.0651,0.996,0,0,4.34,0.9269,1]},
{"frame":6,"values":[0.9969,0.0247,0.075,0,-0.0298,0.9972,0.0681,0,-0.0731,-0.0701,0.9949,0,0,4.34,0.9269,1]},
{"frame":7,"values":[0.9965,0.025,0.0802,0,-0.0306,0.9971,0.0701,0,-0.0782,-0.0723,0.9943,0,0,4.34,0.9269,1]},
{"frame":8,"values":[0.9963,0.0252,0.0821,0,-0.031,0.997,0.0705,0,-0.08,-0.0728,0.9941,0,0,4.34,0.9269,1]},
{"frame":9,"values":[0.9964,0.0253,0.0808,0,-0.0311,0.997,0.0707,0,-0.0788,-0.073,0.9942,0,0,4.34,0.9269,1]},
{"frame":10,"values":[0.9966,0.0251,0.078,0,-0.0307,0.997,0.0715,0,-0.076,-0.0736,0.9944,0,0,4.34,0.9269,1]},
{"frame":11,"values":[0.9969,0.0246,0.0742,0,-0.0299,0.997,0.071,0,-0.0722,-0.073,0.9947,0,0,4.34,0.9269,1]},
{"frame":12,"values":[0.9974,0.0221,0.0691,0,-0.0269,0.9973,0.0689,0,-0.0674,-0.0706,0.9952,0,0,4.34,0.9269,1]},
{"frame":13,"values":[0.9979,0.0188,0.0625,0,-0.023,0.9975,0.0671,0,-0.0611,-0.0684,0.9958,0,0,4.34,0.9269,1]},
{"frame":14,"values":[0.9984,0.0171,0.0546,0,-0.0207,0.9976,0.0658,0,-0.0533,-0.0668,0.9963,0,0,4.34,0.9269,1]},
{"frame":15,"values":[0.9988,0.0148,0.0459,0,-0.0177,0.9979,0.0631,0,-0.0449,-0.0638,0.997,0,0,4.34,0.9269,1]},
{"frame":16,"values":[0.9993,0.0108,0.0371,0,-0.013,0.9981,0.0594,0,-0.0364,-0.0599,0.9975,0,0,4.34,0.9269,1]},
{"frame":17,"values":[0.9996,0.0066,0.0287,0,-0.0082,0.9984,0.0553,0,-0.0283,-0.0555,0.9981,0,0,4.34,0.9269,1]},
{"frame":18,"values":[0.9998,0.0029,0.021,0,-0.004,0.9987,0.0518,0,-0.0208,-0.0518,0.9984,0,0,4.34,0.9269,1]},
{"frame":19,"values":[0.9999,0.0003,0.0143,0,-0.001,0.9988,0.0499,0,-0.0143,-0.0499,0.9987,0,0,4.34,0.9269,1]},
{"frame":20,"values":[1,-0.001,0.0089,0,0.0005,0.9988,0.0492,0,-0.0089,-0.0492,0.9988,0,0,4.34,0.9269,1]},
{"frame":21,"values":[1,-0.0005,0.0049,0,0.0002,0.9988,0.0494,0,-0.0049,-0.0494,0.9988,0,0,4.34,0.9269,1]},
{"frame":22,"values":[1,0.0022,0.0024,0,-0.0023,0.9988,0.0493,0,-0.0023,-0.0493,0.9988,0,0,4.34,0.9269,1]},
{"frame":23,"values":[1,0.0041,0.0011,0,-0.0041,0.9988,0.0491,0,-0.0009,-0.0491,0.9988,0,0,4.34,0.9269,1]}],"loopBehavior":1,"name":"anim","property":"_matrix"}},
{"name":"boss:Head","index":6,"matrix":[1,0.0041,0.0011,0,-0.0041,0.9988,0.0491,0,-0.0009,-0.0491,0.9988,0,0,4.0266,0.8585,1],"rest":[1,0,0,0,0,1,0,0,0,0,1,0,0,4.0266,0.8585,1],"parentBoneIndex":5,"length":4.1171
,"animation":{"dataType":3,"framePerSecond":24,"keys":[
{"frame":1,"values":[1,0.0041,0.0011,0,-0.0041,0.9988,0.0491,0,-0.0009,-0.0491,0.9988,0,0,4.0266,0.8585,1]},
{"frame":2,"values":[0.9999,0.0078,0.0096,0,-0.0083,0.9988,0.0483,0,-0.0092,-0.0483,0.9988,0,0,4.0266,0.8585,1]},
{"frame":3,"values":[0.9996,0.0137,0.0255,0,-0.015,0.9986,0.0514,0,-0.0248,-0.0518,0.9984,0,0,4.0266,0.8585,1]},
{"frame":4,"values":[0.9988,0.0196,0.0448,0,-0.0221,0.9981,0.0574,0,-0.0436,-0.0583,0.9973,0,0,4.0266,0.8585,1]},
{"frame":5,"values":[0.9977,0.0233,0.0629,0,-0.0273,0.9976,0.0636,0,-0.0613,-0.0651,0.996,0,0,4.0266,0.8585,1]},
{"frame":6,"values":[0.9969,0.0247,0.075,0,-0.0298,0.9972,0.0681,0,-0.0731,-0.0701,0.9949,0,0,4.0266,0.8585,1]},
{"frame":7,"values":[0.9965,0.025,0.0802,0,-0.0306,0.9971,0.07,0,-0.0782,-0.0723,0.9943,0,0,4.0266,0.8585,1]},
{"frame":8,"values":[0.9963,0.0252,0.0821,0,-0.031,0.997,0.0705,0,-0.08,-0.0728,0.9941,0,0,4.0266,0.8585,1]},
{"frame":9,"values":[0.9964,0.0253,0.0808,0,-0.0311,0.997,0.0707,0,-0.0788,-0.073,0.9942,0,0,4.0266,0.8585,1]},
{"frame":10,"values":[0.9966,0.0251,0.078,0,-0.0307,0.997,0.0715,0,-0.076,-0.0736,0.9944,0,0,4.0266,0.8585,1]},
{"frame":11,"values":[0.9969,0.0246,0.0742,0,-0.0299,0.997,0.071,0,-0.0722,-0.073,0.9947,0,0,4.0266,0.8585,1]},
{"frame":12,"values":[0.9974,0.0221,0.0691,0,-0.0269,0.9973,0.0689,0,-0.0674,-0.0706,0.9952,0,0,4.0266,0.8585,1]},
{"frame":13,"values":[0.9979,0.0188,0.0625,0,-0.023,0.9975,0.0671,0,-0.0611,-0.0684,0.9958,0,0,4.0266,0.8585,1]},
{"frame":14,"values":[0.9984,0.0171,0.0546,0,-0.0207,0.9976,0.0658,0,-0.0533,-0.0668,0.9963,0,0,4.0266,0.8585,1]},
{"frame":15,"values":[0.9988,0.0148,0.0459,0,-0.0177,0.9979,0.0631,0,-0.0449,-0.0638,0.997,0,0,4.0266,0.8585,1]},
{"frame":16,"values":[0.9993,0.0108,0.0371,0,-0.013,0.9981,0.0594,0,-0.0364,-0.0599,0.9975,0,0,4.0266,0.8585,1]},
{"frame":17,"values":[0.9996,0.0066,0.0287,0,-0.0082,0.9984,0.0553,0,-0.0283,-0.0555,0.9981,0,0,4.0266,0.8585,1]},
{"frame":18,"values":[0.9998,0.0029,0.021,0,-0.004,0.9987,0.0518,0,-0.0208,-0.0518,0.9984,0,0,4.0266,0.8585,1]},
{"frame":19,"values":[0.9999,0.0003,0.0143,0,-0.001,0.9988,0.0499,0,-0.0143,-0.0499,0.9987,0,0,4.0266,0.8585,1]},
{"frame":20,"values":[1,-0.001,0.0089,0,0.0005,0.9988,0.0492,0,-0.0089,-0.0492,0.9988,0,0,4.0266,0.8585,1]},
{"frame":21,"values":[1,-0.0005,0.0049,0,0.0002,0.9988,0.0494,0,-0.0049,-0.0494,0.9988,0,0,4.0266,0.8585,1]},
{"frame":22,"values":[1,0.0022,0.0024,0,-0.0023,0.9988,0.0493,0,-0.0023,-0.0493,0.9988,0,0,4.0266,0.8585,1]},
{"frame":23,"values":[1,0.0041,0.0011,0,-0.0041,0.9988,0.0491,0,-0.0009,-0.0491,0.9988,0,0,4.0266,0.8585,1]}],"loopBehavior":1,"name":"anim","property":"_matrix"}},
{"name":"boss:LeftShoulder","index":7,"matrix":[0.9384,-0.1859,0.2915,0,0.1722,0.9824,0.072,0,-0.2997,-0.0174,0.9539,0,6.1442,10.187,-3.7932,1],"rest":[1,0,0,0,0,1,0,0,0,0,1,0,6.1442,10.187,-3.7932,1],"parentBoneIndex":3,"length":12.4986
,"animation":{"dataType":3,"framePerSecond":24,"keys":[
{"frame":1,"values":[0.9384,-0.1859,0.2915,0,0.1722,0.9824,0.072,0,-0.2997,-0.0174,0.9539,0,6.1442,10.187,-3.7932,1]},
{"frame":2,"values":[0.9389,-0.1809,0.2929,0,0.167,0.9833,0.072,0,-0.301,-0.0187,0.9534,0,6.1442,10.187,-3.7932,1]},
{"frame":3,"values":[0.9397,-0.1763,0.293,0,0.1623,0.9841,0.0717,0,-0.301,-0.0199,0.9534,0,6.1442,10.187,-3.7932,1]},
{"frame":4,"values":[0.9406,-0.1737,0.2916,0,0.1597,0.9846,0.0713,0,-0.2995,-0.0205,0.9539,0,6.1442,10.187,-3.7932,1]},
{"frame":5,"values":[0.9412,-0.1733,0.29,0,0.1594,0.9846,0.0711,0,-0.2979,-0.0206,0.9544,0,6.1442,10.187,-3.7932,1]},
{"frame":6,"values":[0.9413,-0.1744,0.289,0,0.1606,0.9845,0.071,0,-0.2968,-0.0204,0.9547,0,6.1442,10.187,-3.7932,1]},
{"frame":7,"values":[0.9417,-0.176,0.2868,0,0.1624,0.9842,0.0707,0,-0.2947,-0.02,0.9554,0,6.1442,10.187,-3.7932,1]},
{"frame":8,"values":[0.9427,-0.178,0.2823,0,0.1648,0.9838,0.0701,0,-0.2902,-0.0195,0.9568,0,6.1442,10.187,-3.7932,1]},
{"frame":9,"values":[0.9439,-0.1794,0.2774,0,0.1666,0.9836,0.0692,0,-0.2852,-0.0191,0.9583,0,6.1442,10.187,-3.7932,1]},
{"frame":10,"values":[0.9433,-0.1792,0.2793,0,0.1667,0.9837,0.0682,0,-0.2869,-0.0178,0.9578,0,6.1442,10.187,-3.7932,1]},
{"frame":11,"values":[0.9401,-0.1791,0.2901,0,0.1666,0.9837,0.0674,0,-0.2975,-0.015,0.9546,0,6.1442,10.187,-3.7932,1]},
{"frame":12,"values":[0.935,-0.1812,0.3047,0,0.1686,0.9834,0.0672,0,-0.3119,-0.0114,0.9501,0,6.1442,10.187,-3.7932,1]},
{"frame":13,"values":[0.9315,-0.184,0.3137,0,0.1715,0.9829,0.0671,0,-0.3207,-0.0087,0.9472,0,6.1442,10.187,-3.7932,1]},
{"frame":14,"values":[0.9325,-0.1854,0.3099,0,0.173,0.9826,0.0671,0,-0.317,-0.009,0.9484,0,6.1442,10.187,-3.7932,1]},
{"frame":15,"values":[0.9362,-0.1873,0.2974,0,0.1749,0.9822,0.0678,0,-0.3048,-0.0115,0.9524,0,6.1442,10.187,-3.7932,1]},
{"frame":16,"values":[0.9399,-0.192,0.2825,0,0.1795,0.9813,0.0699,0,-0.2906,-0.015,0.9567,0,6.1442,10.187,-3.7932,1]},
{"frame":17,"values":[0.9389,-0.1983,0.2812,0,0.1858,0.98,0.0709,0,-0.2897,-0.0143,0.957,0,6.1442,10.187,-3.7932,1]},
{"frame":18,"values":[0.9353,-0.2109,0.2842,0,0.1984,0.9775,0.0723,0,-0.293,-0.0112,0.9561,0,6.1442,10.187,-3.7932,1]},
{"frame":19,"values":[0.9321,-0.2243,0.2845,0,0.2119,0.9745,0.0738,0,-0.2938,-0.0085,0.9558,0,6.1442,10.187,-3.7932,1]},
{"frame":20,"values":[0.9316,-0.2299,0.2814,0,0.2176,0.9732,0.0749,0,-0.291,-0.0086,0.9567,0,6.1442,10.187,-3.7932,1]},
{"frame":21,"values":[0.9219,-0.2368,0.3066,0,0.2251,0.9716,0.0737,0,-0.3153,0.0011,0.949,0,6.1442,10.187,-3.7932,1]},
{"frame":22,"values":[0.9113,-0.2476,0.3289,0,0.2361,0.9688,0.0754,0,-0.3373,0.0089,0.9413,0,6.1442,10.187,-3.7932,1]},
{"frame":23,"values":[0.9063,-0.2543,0.3376,0,0.2425,0.9671,0.0774,0,-0.3461,0.0118,0.9381,0,6.1442,10.187,-3.7932,1]}],"loopBehavior":1,"name":"anim","property":"_matrix"}},
{"name":"boss:LeftArm","index":8,"matrix":[0.4379,-0.8922,0.1104,0,0.8307,0.4485,0.3298,0,-0.3438,-0.0527,0.9376,0,12.3191,-1.113,-1.7935,1],"rest":[1,0,0,0,0,1,0,0,0,0,1,0,12.3191,-1.113,-1.7935,1],"parentBoneIndex":7,"length":27.687
,"animation":{"dataType":3,"framePerSecond":24,"keys":[
{"frame":1,"values":[0.4379,-0.8922,0.1104,0,0.8307,0.4485,0.3298,0,-0.3438,-0.0527,0.9376,0,12.3191,-1.113,-1.7935,1]},
{"frame":2,"values":[0.4473,-0.8888,0.0999,0,0.8256,0.4533,0.3361,0,-0.344,-0.0679,0.9365,0,12.3191,-1.113,-1.7935,1]},
{"frame":3,"values":[0.4617,-0.8831,0.084,0,0.8217,0.4614,0.3347,0,-0.3343,-0.0855,0.9386,0,12.3191,-1.113,-1.7935,1]},
{"frame":4,"values":[0.4794,-0.8752,0.0651,0,0.8177,0.4724,0.329,0,-0.3186,-0.1045,0.9421,0,12.3191,-1.113,-1.7935,1]},
{"frame":5,"values":[0.4985,-0.8657,0.0463,0,0.8116,0.4848,0.326,0,-0.3047,-0.1249,0.9442,0,12.3191,-1.113,-1.7935,1]},
{"frame":6,"values":[0.5165,-0.8558,0.0299,0,0.8046,0.4969,0.3252,0,-0.2931,-0.1439,0.9452,0,12.3191,-1.113,-1.7935,1]},
{"frame":7,"values":[0.5321,-0.8465,0.0157,0,0.7986,0.508,0.3227,0,-0.2812,-0.1592,0.9464,0,12.3191,-1.113,-1.7935,1]},
{"frame":8,"values":[0.546,-0.8378,0,0,0.794,0.5175,0.3191,0,-0.2673,-0.1743,0.9477,0,12.3191,-1.113,-1.7935,1]},
{"frame":9,"values":[0.5596,-0.8286,-0.0187,0,0.7894,0.526,0.3166,0,-0.2525,-0.1919,0.9484,0,12.3191,-1.113,-1.7935,1]},
{"frame":10,"values":[0.574,-0.8181,-0.0361,0,0.785,0.5371,0.3088,0,-0.2332,-0.2056,0.9504,0,12.3191,-1.113,-1.7935,1]},
{"frame":11,"values":[0.5887,-0.8071,-0.0453,0,0.781,0.5534,0.2895,0,-0.2086,-0.2058,0.9561,0,12.3191,-1.113,-1.7935,1]},
{"frame":12,"values":[0.6055,-0.7943,-0.0491,0,0.7743,0.5738,0.2669,0,-0.1838,-0.1996,0.9625,0,12.3191,-1.113,-1.7935,1]},
{"frame":13,"values":[0.6239,-0.7798,-0.0519,0,0.7637,0.5944,0.2519,0,-0.1656,-0.1968,0.9664,0,12.3191,-1.113,-1.7935,1]},
{"frame":14,"values":[0.635,-0.771,-0.0485,0,0.7567,0.608,0.2402,0,-0.1557,-0.1892,0.9695,0,12.3191,-1.113,-1.7935,1]},
{"frame":15,"values":[0.6343,-0.7724,-0.0311,0,0.7562,0.6117,0.2324,0,-0.1605,-0.1709,0.9721,0,12.3191,-1.113,-1.7935,1]},
{"frame":16,"values":[0.6272,-0.7789,-0.0001,0,0.756,0.6088,0.2404,0,-0.1872,-0.1509,0.9707,0,12.3191,-1.113,-1.7935,1]},
{"frame":17,"values":[0.6144,-0.7885,0.0284,0,0.7577,0.5998,0.2572,0,-0.2198,-0.1365,0.9659,0,12.3191,-1.113,-1.7935,1]},
{"frame":18,"values":[0.599,-0.7996,0.0427,0,0.7678,0.5887,0.253,0,-0.2274,-0.1188,0.9665,0,12.3191,-1.113,-1.7935,1]},
{"frame":19,"values":[0.5786,-0.8138,0.0534,0,0.7847,0.5734,0.2355,0,-0.2223,-0.0943,0.9704,0,12.3191,-1.113,-1.7935,1]},
{"frame":20,"values":[0.5509,-0.8315,0.0707,0,0.801,0.5507,0.2347,0,-0.2341,-0.0727,0.9695,0,12.3191,-1.113,-1.7935,1]},
{"frame":21,"values":[0.5211,-0.8504,0.0728,0,0.8165,0.5215,0.2477,0,-0.2486,-0.0697,0.9661,0,12.3191,-1.113,-1.7935,1]},
{"frame":22,"values":[0.5079,-0.8587,0.0686,0,0.8186,0.5059,0.2717,0,-0.268,-0.0819,0.9599,0,12.3191,-1.113,-1.7935,1]},
{"frame":23,"values":[0.504,-0.8611,0.0668,0,0.8166,0.5002,0.288,0,-0.2814,-0.0906,0.9553,0,12.3191,-1.113,-1.7935,1]}],"loopBehavior":1,"name":"anim","property":"_matrix"}},
{"name":"boss:LeftForeArm","index":9,"matrix":[0.9997,0.0001,0.0251,0,0.0001,1,-0.0042,0,-0.0251,0.0042,0.9997,0,27.687,0,0,1],"rest":[1,0,0,0,0,1,0,0,0,0,1,0,27.687,0,0,1],"parentBoneIndex":8,"length":27.8738
,"animation":{"dataType":3,"framePerSecond":24,"keys":[
{"frame":1,"values":[0.9997,0.0001,0.0251,0,0.0001,1,-0.0042,0,-0.0251,0.0042,0.9997,0,27.687,0,0,1]},
{"frame":2,"values":[0.9995,0.0001,0.0321,0,0.0001,1,-0.0054,0,-0.0321,0.0054,0.9995,0,27.687,0,0,1]},
{"frame":3,"values":[0.9991,0.0002,0.0429,0,0.0002,1,-0.0073,0,-0.0429,0.0073,0.9991,0,27.687,0,0,1]},
{"frame":4,"values":[0.9985,0.0003,0.0554,0,0.0003,1,-0.0094,0,-0.0554,0.0094,0.9984,0,27.687,0,0,1]},
{"frame":5,"values":[0.9977,0.0004,0.0678,0,0.0004,0.9999,-0.0115,0,-0.0678,0.0115,0.9976,0,27.687,0,0,1]},
{"frame":6,"values":[0.9968,0.0005,0.0799,0,0.0005,0.9999,-0.0135,0,-0.0799,0.0135,0.9967,0,27.687,0,0,1]},
{"frame":7,"values":[0.9954,0.0008,0.0961,0,0.0008,0.9999,-0.0163,0,-0.0961,0.0163,0.9952,0,27.687,0,0,1]},
{"frame":8,"values":[0.9929,0.0012,0.1188,0,0.0012,0.9998,-0.0201,0,-0.1188,0.0201,0.9927,0,27.687,0,0,1]},
{"frame":9,"values":[0.99,0.0017,0.1412,0,0.0017,0.9997,-0.0239,0,-0.1412,0.0239,0.9897,0,27.687,0,0,1]},
{"frame":10,"values":[0.9881,0.002,0.1536,0,0.002,0.9997,-0.026,0,-0.1536,0.026,0.9878,0,27.687,0,0,1]},
{"frame":11,"values":[0.9878,0.0021,0.1555,0,0.0021,0.9997,-0.0263,0,-0.1555,0.0263,0.9875,0,27.687,0,0,1]},
{"frame":12,"values":[0.9875,0.0021,0.1578,0,0.0021,0.9996,-0.0267,0,-0.1578,0.0267,0.9871,0,27.687,0,0,1]},
{"frame":13,"values":[0.9865,0.0023,0.1635,0,0.0023,0.9996,-0.0277,0,-0.1635,0.0277,0.9862,0,27.687,0,0,1]},
{"frame":14,"values":[0.987,0.0022,0.1607,0,0.0022,0.9996,-0.0272,0,-0.1607,0.0272,0.9866,0,27.687,0,0,1]},
{"frame":15,"values":[0.9896,0.0018,0.1438,0,0.0018,0.9997,-0.0243,0,-0.1438,0.0243,0.9893,0,27.687,0,0,1]},
{"frame":16,"values":[0.9921,0.0013,0.1254,0,0.0013,0.9998,-0.0212,0,-0.1254,0.0212,0.9919,0,27.687,0,0,1]},
{"frame":17,"values":[0.9935,0.0011,0.1141,0,0.0011,0.9998,-0.0193,0,-0.1141,0.0193,0.9933,0,27.687,0,0,1]},
{"frame":18,"values":[0.9947,0.0009,0.1032,0,0.0009,0.9998,-0.0175,0,-0.1032,0.0175,0.9945,0,27.687,0,0,1]},
{"frame":19,"values":[0.9963,0.0006,0.0858,0,0.0006,0.9999,-0.0145,0,-0.0858,0.0145,0.9962,0,27.687,0,0,1]},
{"frame":20,"values":[0.9978,0.0004,0.0662,0,0.0004,0.9999,-0.0112,0,-0.0662,0.0112,0.9977,0,27.687,0,0,1]},
{"frame":21,"values":[0.9988,0.0002,0.0499,0,0.0002,1,-0.0084,0,-0.0499,0.0084,0.9987,0,27.687,0,0,1]},
{"frame":22,"values":[0.9994,0.0001,0.0342,0,0.0001,1,-0.0058,0,-0.0342,0.0058,0.9994,0,27.687,0,0,1]},
{"frame":23,"values":[0.9997,0.0001,0.0251,0,0.0001,1,-0.0042,0,-0.0251,0.0042,0.9997,0,27.687,0,0,1]}],"loopBehavior":1,"name":"anim","property":"_matrix"}},
{"name":"boss:LeftHand","index":10,"matrix":[0.9861,-0.166,-0.0071,0,0.1446,0.8784,-0.4555,0,0.0818,0.4481,0.8902,0,27.8738,0,0,1],"rest":[0.9974,-0.0541,-0.0467,0,0.0586,0.9932,0.1006,0,0.041,-0.1031,0.9938,0,27.8738,0,0,1],"parentBoneIndex":9,"length":9.2395
,"animation":{"dataType":3,"framePerSecond":24,"keys":[
{"frame":1,"values":[0.9861,-0.166,-0.0071,0,0.1446,0.8784,-0.4555,0,0.0818,0.4481,0.8902,0,27.8738,0,0,1]},
{"frame":2,"values":[0.9862,-0.165,-0.0109,0,0.1413,0.8753,-0.4624,0,0.0859,0.4545,0.8866,0,27.8738,0,0,1]},
{"frame":3,"values":[0.9865,-0.1624,-0.0222,0,0.133,0.8722,-0.4707,0,0.0958,0.4614,0.882,0,27.8738,0,0,1]},
{"frame":4,"values":[0.9862,-0.1599,-0.0425,0,0.1202,0.8688,-0.4803,0,0.1137,0.4686,0.8761,0,27.8738,0,0,1]},
{"frame":5,"values":[0.9852,-0.1563,-0.0704,0,0.1028,0.8673,-0.487,0,0.1372,0.4726,0.8705,0,27.8738,0,0,1]},
{"frame":6,"values":[0.9837,-0.1479,-0.1021,0,0.0808,0.8713,-0.4841,0,0.1605,0.468,0.869,0,27.8738,0,0,1]},
{"frame":7,"values":[0.9825,-0.1343,-0.1292,0,0.0588,0.8813,-0.4689,0,0.1769,0.4531,0.8738,0,27.8738,0,0,1]},
{"frame":8,"values":[0.9824,-0.1172,-0.1453,0,0.0407,0.8942,-0.4458,0,0.1822,0.4321,0.8832,0,27.8738,0,0,1]},
{"frame":9,"values":[0.983,-0.0972,-0.1555,0,0.0232,0.907,-0.4204,0,0.1819,0.4097,0.8939,0,27.8738,0,0,1]},
{"frame":10,"values":[0.982,-0.0793,-0.1712,0,0.0061,0.9202,-0.3914,0,0.1886,0.3834,0.9041,0,27.8738,0,0,1]},
{"frame":11,"values":[0.9787,-0.0694,-0.1931,0,-0.0048,0.9331,-0.3595,0,0.2052,0.3528,0.9129,0,27.8738,0,0,1]},
{"frame":12,"values":[0.9754,-0.0636,-0.2109,0,-0.012,0.9406,-0.3392,0,0.22,0.3334,0.9168,0,27.8738,0,0,1]},
{"frame":13,"values":[0.9738,-0.0547,-0.2206,0,-0.0245,0.9397,-0.341,0,0.226,0.3375,0.9138,0,27.8738,0,0,1]},
{"frame":14,"values":[0.9728,-0.0495,-0.2263,0,-0.0342,0.9355,-0.3515,0,0.2292,0.3497,0.9084,0,27.8738,0,0,1]},
{"frame":15,"values":[0.9723,-0.0645,-0.2246,0,-0.0221,0.9315,-0.363,0,0.2326,0.3579,0.9043,0,27.8738,0,0,1]},
{"frame":16,"values":[0.9742,-0.0918,-0.206,0,0.0077,0.9265,-0.3763,0,0.2254,0.365,0.9033,0,27.8738,0,0,1]},
{"frame":17,"values":[0.9792,-0.1111,-0.1697,0,0.0373,0.921,-0.3878,0,0.1994,0.3734,0.906,0,27.8738,0,0,1]},
{"frame":18,"values":[0.9842,-0.1237,-0.1266,0,0.0642,0.9162,-0.3956,0,0.1649,0.3812,0.9097,0,27.8738,0,0,1]},
{"frame":19,"values":[0.9865,-0.1408,-0.084,0,0.0958,0.9107,-0.4017,0,0.133,0.3882,0.9119,0,27.8738,0,0,1]},
{"frame":20,"values":[0.9866,-0.1568,-0.0446,0,0.1254,0.9047,-0.4072,0,0.1042,0.3961,0.9123,0,27.8738,0,0,1]},
{"frame":21,"values":[0.9863,-0.1639,-0.016,0,0.1423,0.8974,-0.4177,0,0.0828,0.4097,0.9085,0,27.8738,0,0,1]},
{"frame":22,"values":[0.9862,-0.1656,-0.008,0,0.1452,0.886,-0.4403,0,0.08,0.4331,0.8978,0,27.8738,0,0,1]},
{"frame":23,"values":[0.9861,-0.166,-0.0071,0,0.1446,0.8784,-0.4555,0,0.0818,0.4481,0.8902,0,27.8738,0,0,1]}],"loopBehavior":1,"name":"anim","property":"_matrix"}},
{"name":"boss:LeftHandThumb1","index":11,"matrix":[0.9911,-0.0085,-0.1326,0,0.0228,0.994,0.107,0,0.1309,-0.1091,0.9854,0,2.3785,-1.0029,2.6209,1],"rest":[0.9909,-0.0858,-0.104,0,0.0965,0.9901,0.102,0,0.0942,-0.1111,0.9893,0,2.3785,-1.0029,2.6209,1],"parentBoneIndex":10,"length":4.514
,"animation":{"dataType":3,"framePerSecond":24,"keys":[
{"frame":1,"values":[0.9911,-0.0085,-0.1326,0,0.0228,0.994,0.107,0,0.1309,-0.1091,0.9854,0,2.3785,-1.0029,2.6209,1]},
{"frame":23,"values":[0.9911,-0.0085,-0.1326,0,0.0228,0.994,0.107,0,0.1309,-0.1091,0.9854,0,2.3785,-1.0029,2.6209,1]}],"loopBehavior":1,"name":"anim","property":"_matrix"}},
{"name":"boss:LeftHandThumb2","index":12,"matrix":[0.9369,0.2794,-0.2101,0,-0.2419,0.9521,0.1872,0,0.2523,-0.1246,0.9596,0,3.3624,-1.0029,2.8398,1],"rest":[0.9723,0.0085,0.2336,0,0.008,0.9975,-0.0699,0,-0.2336,0.0698,0.9698,0,3.3624,-1.0029,2.8398,1],"parentBoneIndex":11,"length":5.1787
,"animation":{"dataType":3,"framePerSecond":24,"keys":[
{"frame":1,"values":[0.9369,0.2794,-0.2101,0,-0.2419,0.9521,0.1872,0,0.2523,-0.1246,0.9596,0,3.3624,-1.0029,2.8398,1]},
{"frame":2,"values":[0.9372,0.2794,-0.209,0,-0.2422,0.9521,0.1867,0,0.2511,-0.1244,0.9599,0,3.3624,-1.0029,2.8398,1]},
{"frame":3,"values":[0.9369,0.2783,-0.2117,0,-0.2404,0.9523,0.1882,0,0.2539,-0.1254,0.9591,0,3.3624,-1.0029,2.8398,1]},
{"frame":4,"values":[0.9368,0.2778,-0.2125,0,-0.2395,0.9523,0.1893,0,0.255,-0.1265,0.9586,0,3.3624,-1.0029,2.8398,1]},
{"frame":5,"values":[0.9366,0.2772,-0.2144,0,-0.2383,0.9524,0.19,0,0.2569,-0.1269,0.9581,0,3.3624,-1.0029,2.8398,1]},
{"frame":6,"values":[0.937,0.2772,-0.2127,0,-0.2388,0.9524,0.1894,0,0.2551,-0.1266,0.9586,0,3.3624,-1.0029,2.8398,1]},
{"frame":7,"values":[0.938,0.2773,-0.2081,0,-0.2401,0.9526,0.187,0,0.2501,-0.1255,0.9601,0,3.3624,-1.0029,2.8398,1]},
{"frame":8,"values":[0.9393,0.2784,-0.2005,0,-0.2431,0.9525,0.1835,0,0.2421,-0.1236,0.9623,0,3.3624,-1.0029,2.8398,1]},
{"frame":9,"values":[0.9411,0.2794,-0.1905,0,-0.2453,0.9518,0.1844,0,0.2329,-0.1268,0.9642,0,3.3624,-1.0029,2.8398,1]},
{"frame":10,"values":[0.94,0.2777,-0.1984,0,-0.241,0.9517,0.1904,0,0.2416,-0.1311,0.9615,0,3.3624,-1.0029,2.8398,1]},
{"frame":11,"values":[0.9402,0.2791,-0.1953,0,-0.243,0.9512,0.19,0,0.2388,-0.1312,0.9622,0,3.3624,-1.0029,2.8398,1]},
{"frame":12,"values":[0.9443,0.2771,-0.1777,0,-0.2412,0.9498,0.1995,0,0.2241,-0.1455,0.9636,0,3.3624,-1.0029,2.8398,1]},
{"frame":13,"values":[0.9447,0.2758,-0.1776,0,-0.2399,0.9501,0.1995,0,0.2237,-0.1459,0.9637,0,3.3624,-1.0029,2.8398,1]},
{"frame":14,"values":[0.9419,0.2764,-0.1907,0,-0.2383,0.9503,0.2003,0,0.2366,-0.1432,0.961,0,3.3624,-1.0029,2.8398,1]},
{"frame":15,"values":[0.9411,0.2789,-0.191,0,-0.2417,0.9502,0.1965,0,0.2363,-0.1388,0.9617,0,3.3624,-1.0029,2.8398,1]},
{"frame":16,"values":[0.9417,0.2787,-0.1883,0,-0.2415,0.9499,0.1984,0,0.2342,-0.1413,0.9619,0,3.3624,-1.0029,2.8398,1]},
{"frame":17,"values":[0.941,0.2777,-0.1934,0,-0.2392,0.9501,0.2002,0,0.2393,-0.1422,0.9605,0,3.3624,-1.0029,2.8398,1]},
{"frame":18,"values":[0.9408,0.2776,-0.1944,0,-0.2389,0.9501,0.2006,0,0.2404,-0.1423,0.9602,0,3.3624,-1.0029,2.8398,1]},
{"frame":19,"values":[0.9406,0.2767,-0.1968,0,-0.2371,0.9501,0.2027,0,0.2431,-0.144,0.9593,0,3.3624,-1.0029,2.8398,1]},
{"frame":20,"values":[0.9411,0.2761,-0.1949,0,-0.2367,0.9501,0.2029,0,0.2412,-0.1448,0.9596,0,3.3624,-1.0029,2.8398,1]},
{"frame":21,"values":[0.9425,0.2758,-0.1887,0,-0.2376,0.9502,0.2017,0,0.2349,-0.1452,0.9611,0,3.3624,-1.0029,2.8398,1]},
{"frame":22,"values":[0.9395,0.2777,-0.2006,0,-0.2398,0.9513,0.1938,0,0.2447,-0.1339,0.9603,0,3.3624,-1.0029,2.8398,1]},
{"frame":23,"values":[0.9369,0.2794,-0.2101,0,-0.2419,0.9521,0.1872,0,0.2523,-0.1246,0.9596,0,3.3624,-1.0029,2.8398,1]}],"loopBehavior":1,"name":"anim","property":"_matrix"}},
{"name":"boss:LeftHandThumb3","index":13,"matrix":[0.996,-0.0799,-0.0411,0,0.0742,0.9895,-0.1237,0,0.0506,0.1202,0.9915,0,4.5018,-1.3445,2.1783,1],"rest":[0.9717,-0.2361,0.003,0,0.2343,0.9658,0.111,0,-0.0291,-0.1072,0.9938,0,4.5018,-1.3445,2.1783,1],"parentBoneIndex":12,"length":0.01
,"animation":{"dataType":3,"framePerSecond":24,"keys":[
{"frame":1,"values":[0.996,-0.0799,-0.0411,0,0.0742,0.9895,-0.1237,0,0.0506,0.1202,0.9915,0,4.5018,-1.3445,2.1783,1]},
{"frame":2,"values":[0.9959,-0.0799,-0.0413,0,0.0742,0.9895,-0.1237,0,0.0508,0.1201,0.9915,0,4.5018,-1.3445,2.1783,1]},
{"frame":3,"values":[0.996,-0.0799,-0.0411,0,0.0742,0.9895,-0.1237,0,0.0505,0.1202,0.9915,0,4.5018,-1.3445,2.1783,1]},
{"frame":4,"values":[0.996,-0.0798,-0.0409,0,0.0742,0.9895,-0.1238,0,0.0503,0.1202,0.9915,0,4.5018,-1.3445,2.1783,1]},
{"frame":5,"values":[0.996,-0.0798,-0.0409,0,0.0742,0.9895,-0.1238,0,0.0504,0.1202,0.9915,0,4.5018,-1.3445,2.1783,1]},
{"frame":6,"values":[0.996,-0.0798,-0.0407,0,0.0742,0.9895,-0.1238,0,0.0502,0.1203,0.9915,0,4.5018,-1.3445,2.1783,1]},
{"frame":7,"values":[0.996,-0.0798,-0.0408,0,0.0742,0.9895,-0.1238,0,0.0502,0.1203,0.9915,0,4.5018,-1.3445,2.1783,1]},
{"frame":8,"values":[0.996,-0.0798,-0.0409,0,0.0742,0.9895,-0.1238,0,0.0503,0.1202,0.9915,0,4.5018,-1.3445,2.1783,1]},
{"frame":9,"values":[0.996,-0.0798,-0.0405,0,0.0742,0.9895,-0.1238,0,0.0499,0.1203,0.9915,0,4.5018,-1.3445,2.1783,1]},
{"frame":10,"values":[0.996,-0.0798,-0.0406,0,0.0742,0.9895,-0.1238,0,0.0501,0.1203,0.9915,0,4.5018,-1.3445,2.1783,1]},
{"frame":11,"values":[0.996,-0.0798,-0.0408,0,0.0742,0.9895,-0.1238,0,0.0502,0.1203,0.9915,0,4.5018,-1.3445,2.1783,1]},
{"frame":12,"values":[0.9961,-0.0791,-0.0394,0,0.0737,0.9896,-0.1239,0,0.0488,0.1205,0.9915,0,4.5018,-1.3445,2.1783,1]},
{"frame":13,"values":[0.9961,-0.0788,-0.0395,0,0.0734,0.9898,-0.1224,0,0.0487,0.119,0.9917,0,4.5018,-1.3445,2.1783,1]},
{"frame":14,"values":[0.996,-0.0795,-0.0402,0,0.074,0.9895,-0.1238,0,0.0496,0.1204,0.9915,0,4.5018,-1.3445,2.1783,1]},
{"frame":15,"values":[0.996,-0.0797,-0.0406,0,0.0741,0.9895,-0.1238,0,0.0501,0.1203,0.9915,0,4.5018,-1.3445,2.1783,1]},
{"frame":16,"values":[0.996,-0.0797,-0.0404,0,0.0741,0.9895,-0.1238,0,0.0499,0.1204,0.9915,0,4.5018,-1.3445,2.1783,1]},
{"frame":17,"values":[0.996,-0.0796,-0.0404,0,0.0741,0.9895,-0.1239,0,0.0498,0.1204,0.9915,0,4.5018,-1.3445,2.1783,1]},
{"frame":19,"values":[0.996,-0.0795,-0.0401,0,0.074,0.9895,-0.1239,0,0.0495,0.1204,0.9915,0,4.5018,-1.3445,2.1783,1]},
{"frame":20,"values":[0.9961,-0.0792,-0.0398,0,0.0738,0.9896,-0.1234,0,0.0492,0.12,0.9916,0,4.5018,-1.3445,2.1783,1]},
{"frame":21,"values":[0.9961,-0.079,-0.0396,0,0.0736,0.9897,-0.1229,0,0.0489,0.1195,0.9916,0,4.5018,-1.3445,2.1783,1]},
{"frame":22,"values":[0.996,-0.0796,-0.0404,0,0.0741,0.9896,-0.1229,0,0.0498,0.1194,0.9916,0,4.5018,-1.3445,2.1783,1]},
{"frame":23,"values":[0.996,-0.0799,-0.041,0,0.0743,0.9896,-0.1228,0,0.0504,0.1193,0.9916,0,4.5018,-1.3445,2.1783,1]}],"loopBehavior":1,"name":"anim","property":"_matrix"}},
