{"producer":{"name":"Blender","version":"2.90.0","exporter_version":"2.80.1","file":"turnleft_riffle.babylon"},
"autoClear":true,"clearColor":[0.0509,0.0509,0.0509],"gravity":[0,-9.81,0],
"materials":[{"name":"Material","id":"Material","customType":"BABYLON.PBRMaterial","backFaceCulling":true,"checkReadyOnlyOnce":false,"maxSimultaneousLights":4,"environmentIntensity":1,"albedo":[0.8,0.8,0.8],"reflectivity":[0.5,0.5,0.5],"roughness":0.4,"alpha":1,"transparencyMode":0,"alphaCutOff":0.4,"metallic":0}],
"multiMaterials":[],
"skeletons":[{"name":"Armature","id":0,"dimensionsAtRest":[188.1767,172.4535,15.5905],"bones":[
{"name":"boss:Hips","index":0,"matrix":[0.5756,0.0298,-0.8172,0,0.0719,0.9936,0.0869,0,-0.8146,0.1088,-0.5698,0,0,91.0495,0,1],"rest":[1,0,0,0,0,1,0,0,0,0,-1,0,0,96.3794,0,1],"parentBoneIndex":-1,"length":9.9032
,"animation":{"dataType":3,"framePerSecond":24,"keys":[
{"frame":1,"values":[0.5756,0.0298,-0.8172,0,0.0719,0.9936,0.0869,0,-0.8146,0.1088,-0.5698,0,0,91.0495,0,1]},
{"frame":2,"values":[0.5756,0.0298,-0.8172,0,0.0719,0.9936,0.0869,0,-0.8146,0.1088,-0.5698,0,0.2249,90.8329,-1.4529,1]},
{"frame":3,"values":[0.5756,0.0298,-0.8172,0,0.0719,0.9936,0.0869,0,-0.8146,0.1088,-0.5698,0,0.6418,90.3819,-3.1748,1]},
{"frame":4,"values":[0.5756,0.0298,-0.8172,0,0.0719,0.9936,0.0869,0,-0.8146,0.1088,-0.5698,0,1.1215,89.856,-5.5179,1]},
{"frame":5,"values":[0.5756,0.0298,-0.8172,0,0.0719,0.9936,0.0869,0,-0.8146,0.1088,-0.5698,0,1.6064,89.4708,-8.4432,1]},
{"frame":6,"values":[0.5756,0.0298,-0.8172,0,0.0719,0.9936,0.0869,0,-0.8146,0.1088,-0.5698,0,2.1013,89.3022,-11.1069,1]},
{"frame":7,"values":[0.5756,0.0298,-0.8172,0,0.0719,0.9936,0.0869,0,-0.8146,0.1088,-0.5698,0,2.5189,89.2647,-12.7748,1]},
{"frame":8,"values":[0.5756,0.0298,-0.8172,0,0.0719,0.9936,0.0869,0,-0.8146,0.1088,-0.5698,0,2.5769,89.2384,-13.7207,1]},
{"frame":9,"values":[0.5756,0.0298,-0.8172,0,0.0719,0.9936,0.0869,0,-0.8146,0.1088,-0.5698,0,2.055,89.1765,-14.5605,1]},
{"frame":10,"values":[0.5756,0.0298,-0.8172,0,0.0719,0.9936,0.0869,0,-0.8146,0.1088,-0.5698,0,0.9992,89.1613,-15.3559,1]},
{"frame":11,"values":[0.5756,0.0298,-0.8172,0,0.0719,0.9936,0.0869,0,-0.8146,0.1088,-0.5698,0,-0.4606,89.3235,-15.8219,1]},
{"frame":12,"values":[0.5756,0.0298,-0.8172,0,0.0719,0.9936,0.0869,0,-0.8146,0.1088,-0.5698,0,-2.2358,89.7159,-15.9522,1]},
{"frame":13,"values":[0.5756,0.0298,-0.8172,0,0.0719,0.9936,0.0869,0,-0.8146,0.1088,-0.5698,0,-4.2138,90.2721,-15.9604,1]},
{"frame":14,"values":[0.5756,0.0298,-0.8172,0,0.0719,0.9936,0.0869,0,-0.8146,0.1088,-0.5698,0,-6.2097,90.8245,-15.8414,1]},
{"frame":15,"values":[0.5756,0.0298,-0.8172,0,0.0719,0.9936,0.0869,0,-0.8146,0.1088,-0.5698,0,-7.9252,91.2248,-15.3469,1]},
{"frame":16,"values":[0.5756,0.0298,-0.8172,0,0.0719,0.9936,0.0869,0,-0.8146,0.1088,-0.5698,0,-8.9197,91.4318,-14.4562,1]},
{"frame":17,"values":[0.5756,0.0298,-0.8172,0,0.0719,0.9936,0.0869,0,-0.8146,0.1088,-0.5698,0,-8.8946,91.4543,-13.3441,1]},
{"frame":18,"values":[0.5756,0.0298,-0.8172,0,0.0719,0.9936,0.0869,0,-0.8146,0.1088,-0.5698,0,-7.8666,91.2832,-11.9389,1]},
{"frame":19,"values":[0.5756,0.0298,-0.8172,0,0.0719,0.9936,0.0869,0,-0.8146,0.1088,-0.5698,0,-6.2334,90.958,-10.0498,1]},
{"frame":20,"values":[0.5756,0.0298,-0.8172,0,0.0719,0.9936,0.0869,0,-0.8146,0.1088,-0.5698,0,-4.3178,90.6725,-7.5168,1]},
{"frame":21,"values":[0.5756,0.0298,-0.8172,0,0.0719,0.9936,0.0869,0,-0.8146,0.1088,-0.5698,0,-2.4328,90.5963,-4.5656,1]},
{"frame":22,"values":[0.5756,0.0298,-0.8172,0,0.0719,0.9936,0.0869,0,-0.8146,0.1088,-0.5698,0,-1.0012,90.6623,-2.0201,1]},
{"frame":23,"values":[0.5756,0.0298,-0.8172,0,0.0719,0.9936,0.0869,0,-0.8146,0.1088,-0.5698,0,-0.2607,90.7662,-0.5703,1]},
{"frame":24,"values":[0.5756,0.0298,-0.8172,0,0.0719,0.9936,0.0869,0,-0.8146,0.1088,-0.5698,0,-0.0467,90.9407,-0.1136,1]},
{"frame":25,"values":[0.5756,0.0298,-0.8172,0,0.0719,0.9936,0.0869,0,-0.8146,0.1088,-0.5698,0,0,91.0495,0,1]}],"loopBehavior":1,"name":"anim","property":"_matrix"}},
{"name":"boss:Spine","index":1,"matrix":[0.9999,0.0139,-0.0071,0,-0.0132,0.9957,0.0919,0,0.0083,-0.0918,0.9957,0,0,9.2263,1.5771,1],"rest":[1,0,0,0,0,1,0,0,0,0,1,0,0,9.2263,1.5771,1],"parentBoneIndex":0,"length":16.2548
,"animation":{"dataType":3,"framePerSecond":24,"keys":[
{"frame":1,"values":[0.9999,0.0139,-0.0071,0,-0.0132,0.9957,0.0919,0,0.0083,-0.0918,0.9957,0,0,9.2263,1.5771,1]},
{"frame":2,"values":[0.9998,0.017,-0.0049,0,-0.0165,0.9957,0.0907,0,0.0064,-0.0906,0.9959,0,0,9.2263,1.5771,1]},
{"frame":3,"values":[0.9999,0.0165,-0.0047,0,-0.016,0.9957,0.0909,0,0.0062,-0.0908,0.9958,0,0,9.2263,1.5771,1]},
{"frame":4,"values":[0.9999,0.0141,-0.0053,0,-0.0136,0.9957,0.0914,0,0.0066,-0.0913,0.9958,0,0,9.2263,1.5771,1]},
{"frame":5,"values":[0.9999,0.0114,-0.0064,0,-0.0108,0.9957,0.0922,0,0.0074,-0.0922,0.9957,0,0,9.2263,1.5771,1]},
{"frame":6,"values":[0.9999,0.009,-0.0078,0,-0.0082,0.9956,0.0934,0,0.0086,-0.0933,0.9956,0,0,9.2263,1.5771,1]},
{"frame":7,"values":[0.9999,0.0064,-0.0095,0,-0.0054,0.9955,0.0948,0,0.0101,-0.0947,0.9955,0,0,9.2263,1.5771,1]},
{"frame":8,"values":[0.9999,0.0038,-0.0113,0,-0.0027,0.9954,0.0961,0,0.0116,-0.096,0.9953,0,0,9.2263,1.5771,1]},
{"frame":9,"values":[0.9999,0.0014,-0.0132,0,-0.0001,0.9952,0.0974,0,0.0132,-0.0974,0.9952,0,0,9.2263,1.5771,1]},
{"frame":10,"values":[0.9999,-0.0008,-0.015,0,0.0023,0.9951,0.0985,0,0.0148,-0.0985,0.995,0,0,9.2263,1.5771,1]},
{"frame":11,"values":[0.9999,-0.0031,-0.0167,0,0.0047,0.9951,0.0992,0,0.0163,-0.0993,0.9949,0,0,9.2263,1.5771,1]},
{"frame":12,"values":[0.9998,-0.0047,-0.0177,0,0.0064,0.995,0.0996,0,0.0171,-0.0997,0.9949,0,0,9.2263,1.5771,1]},
{"frame":13,"values":[0.9998,-0.0059,-0.0188,0,0.0078,0.995,0.0998,0,0.0181,-0.0999,0.9948,0,0,9.2263,1.5771,1]},
{"frame":14,"values":[0.9998,-0.0067,-0.02,0,0.0087,0.995,0.0996,0,0.0192,-0.0998,0.9948,0,0,9.2263,1.5771,1]},
{"frame":15,"values":[0.9998,-0.0076,-0.0204,0,0.0096,0.9951,0.0988,0,0.0196,-0.099,0.9949,0,0,9.2263,1.5771,1]},
{"frame":16,"values":[0.9998,-0.0087,-0.0197,0,0.0106,0.9952,0.0977,0,0.0188,-0.0979,0.995,0,0,9.2263,1.5771,1]},
{"frame":17,"values":[0.9998,-0.0089,-0.0181,0,0.0106,0.9953,0.0963,0,0.0172,-0.0965,0.9952,0,0,9.2263,1.5771,1]},
{"frame":18,"values":[0.9999,-0.0051,-0.0158,0,0.0065,0.9955,0.0941,0,0.0152,-0.0942,0.9954,0,0,9.2263,1.5771,1]},
{"frame":19,"values":[0.9999,0.0029,-0.0127,0,-0.0018,0.9959,0.0904,0,0.0129,-0.0904,0.9958,0,0,9.2263,1.5771,1]},
{"frame":20,"values":[0.9999,0.0138,-0.0097,0,-0.0129,0.9963,0.0855,0,0.0109,-0.0853,0.9963,0,0,9.2263,1.5771,1]},
{"frame":21,"values":[0.9996,0.0275,-0.0077,0,-0.0268,0.9964,0.0799,0,0.0099,-0.0796,0.9968,0,0,9.2263,1.5771,1]},
{"frame":22,"values":[0.9992,0.0388,-0.0063,0,-0.0382,0.9965,0.0744,0,0.0092,-0.0741,0.9972,0,0,9.2263,1.5771,1]},
{"frame":23,"values":[0.999,0.0447,-0.0052,0,-0.0443,0.9965,0.0707,0,0.0083,-0.0704,0.9975,0,0,9.2263,1.5771,1]},
{"frame":24,"values":[0.9996,0.0271,-0.0061,0,-0.0265,0.9962,0.0827,0,0.0083,-0.0825,0.9966,0,0,9.2263,1.5771,1]},
{"frame":25,"values":[0.9999,0.0139,-0.0071,0,-0.0132,0.9957,0.0919,0,0.0083,-0.0918,0.9957,0,0,9.2263,1.5771,1]}],"loopBehavior":1,"name":"anim","property":"_matrix"}},
{"name":"boss:Spine1","index":2,"matrix":[0.9998,0.0069,-0.019,0,-0.0052,0.9963,0.0854,0,0.0196,-0.0853,0.9962,0,0,16.254,-0.1656,1],"rest":[1,0,0,0,0,1,0,0,0,0,1,0,0,16.254,-0.1656,1],"parentBoneIndex":1,"length":13.7007
,"animation":{"dataType":3,"framePerSecond":24,"keys":[
{"frame":1,"values":[0.9998,0.0069,-0.019,0,-0.0052,0.9963,0.0854,0,0.0196,-0.0853,0.9962,0,0,16.254,-0.1656,1]},
{"frame":2,"values":[0.9999,0.0067,-0.0146,0,-0.0054,0.9964,0.085,0,0.0151,-0.0849,0.9963,0,0,16.254,-0.1656,1]},
{"frame":3,"values":[0.9999,0.0058,-0.0121,0,-0.0048,0.9964,0.0848,0,0.0126,-0.0847,0.9963,0,0,16.254,-0.1656,1]},
{"frame":4,"values":[0.9999,0.0048,-0.01,0,-0.004,0.9964,0.0845,0,0.0104,-0.0844,0.9964,0,0,16.254,-0.1656,1]},
{"frame":5,"values":[1,0.004,-0.0083,0,-0.0033,0.9964,0.0842,0,0.0086,-0.0842,0.9964,0,0,16.254,-0.1656,1]},
{"frame":6,"values":[1,0.0033,-0.0069,0,-0.0027,0.9965,0.084,0,0.0072,-0.0839,0.9964,0,0,16.254,-0.1656,1]},
{"frame":7,"values":[1,0.0027,-0.0057,0,-0.0022,0.9965,0.0836,0,0.0059,-0.0836,0.9965,0,0,16.254,-0.1656,1]},
{"frame":8,"values":[1,0.0021,-0.0046,0,-0.0017,0.9965,0.0835,0,0.0048,-0.0835,0.9965,0,0,16.254,-0.1656,1]},
{"frame":9,"values":[1,0.0015,-0.0035,0,-0.0012,0.9965,0.0832,0,0.0036,-0.0832,0.9965,0,0,16.254,-0.1656,1]},
{"frame":10,"values":[1,0.0011,-0.0025,0,-0.0008,0.9965,0.083,0,0.0026,-0.083,0.9965,0,0,16.254,-0.1656,1]},
{"frame":11,"values":[1,0.0006,-0.0016,0,-0.0005,0.9966,0.0829,0,0.0017,-0.0829,0.9966,0,0,16.254,-0.1656,1]},
{"frame":12,"values":[1,0.0003,0.0002,0,-0.0003,0.9966,0.0827,0,-0.0001,-0.0827,0.9966,0,0,16.254,-0.1656,1]},
{"frame":13,"values":[1,0.0001,0.001,0,-0.0002,0.9966,0.0826,0,-0.001,-0.0826,0.9966,0,0,16.254,-0.1656,1]},
{"frame":14,"values":[1,0.0001,0.0014,0,-0.0002,0.9966,0.0826,0,-0.0013,-0.0826,0.9966,0,0,16.254,-0.1656,1]},
{"frame":15,"values":[1,0.0001,0.0011,0,-0.0002,0.9966,0.0827,0,-0.001,-0.0827,0.9966,0,0,16.254,-0.1656,1]},
{"frame":16,"values":[1,0.0002,-0.0004,0,-0.0001,0.9966,0.0827,0,0.0004,-0.0827,0.9966,0,0,16.254,-0.1656,1]},
{"frame":17,"values":[1,0.0004,-0.0016,0,-0.0002,0.9966,0.0828,0,0.0016,-0.0828,0.9966,0,0,16.254,-0.1656,1]},
{"frame":18,"values":[1,-0.0006,-0.003,0,0.0009,0.9965,0.0832,0,0.0029,-0.0832,0.9965,0,0,16.254,-0.1656,1]},
{"frame":19,"values":[1,-0.0035,-0.0041,0,0.0039,0.9964,0.0843,0,0.0038,-0.0843,0.9964,0,0,16.254,-0.1656,1]},
{"frame":20,"values":[1,-0.0065,-0.006,0,0.007,0.9962,0.0866,0,0.0054,-0.0866,0.9962,0,0,16.254,-0.1656,1]},
{"frame":21,"values":[0.9999,-0.0088,-0.0096,0,0.0096,0.9959,0.0901,0,0.0087,-0.0902,0.9959,0,0,16.254,-0.1656,1]},
{"frame":22,"values":[0.9999,-0.009,-0.0134,0,0.0102,0.9956,0.0934,0,0.0125,-0.0935,0.9955,0,0,16.254,-0.1656,1]},
{"frame":23,"values":[0.9998,-0.0085,-0.0158,0,0.01,0.9954,0.0954,0,0.0149,-0.0955,0.9953,0,0,16.254,-0.1656,1]},
{"frame":24,"values":[0.9998,0.0011,-0.0178,0,0.0005,0.996,0.0894,0,0.0179,-0.0894,0.9958,0,0,16.254,-0.1656,1]},
{"frame":25,"values":[0.9998,0.0069,-0.019,0,-0.0052,0.9963,0.0854,0,0.0196,-0.0853,0.9962,0,0,16.254,-0.1656,1]}],"loopBehavior":1,"name":"anim","property":"_matrix"}},
{"name":"boss:Spine2","index":3,"matrix":[0.9998,0.0032,-0.0178,0,-0.0006,0.9892,0.1469,0,0.0181,-0.1468,0.989,0,0,13.6396,-1.2923,1],"rest":[1,0,0,0,0,1,0,0,0,0,1,0,0,13.6396,-1.2923,1],"parentBoneIndex":2,"length":13.1719
,"animation":{"dataType":3,"framePerSecond":24,"keys":[
{"frame":1,"values":[0.9998,0.0032,-0.0178,0,-0.0006,0.9892,0.1469,0,0.0181,-0.1468,0.989,0,0,13.6396,-1.2923,1]},
{"frame":2,"values":[0.9993,0.0051,-0.0378,0,0.0005,0.989,0.1477,0,0.0381,-0.1476,0.9883,0,0,13.6396,-1.2923,1]},
{"frame":3,"values":[0.9958,0.0087,-0.0916,0,0.0052,0.9886,0.1502,0,0.0919,-0.15,0.9844,0,0,13.6396,-1.2923,1]},
{"frame":4,"values":[0.9874,0.0131,-0.1577,0,0.0113,0.9881,0.1532,0,0.1578,-0.153,0.9755,0,0,13.6396,-1.2923,1]},
{"frame":5,"values":[0.9766,0.0167,-0.2146,0,0.0172,0.9877,0.1553,0,0.2145,-0.1554,0.9643,0,0,13.6396,-1.2923,1]},
{"frame":6,"values":[0.9661,0.0185,-0.2575,0,0.0227,0.9875,0.1559,0,0.2571,-0.1565,0.9536,0,0,13.6396,-1.2923,1]},
{"frame":7,"values":[0.9546,0.0193,-0.2972,0,0.0285,0.9874,0.1556,0,0.2965,-0.1571,0.942,0,0,13.6396,-1.2923,1]},
{"frame":8,"values":[0.9427,0.0196,-0.3331,0,0.0343,0.9873,0.1551,0,0.3319,-0.1576,0.9301,0,0,13.6396,-1.2923,1]},
{"frame":9,"values":[0.9312,0.0198,-0.3639,0,0.0394,0.9872,0.1545,0,0.3623,-0.1582,0.9185,0,0,13.6396,-1.2923,1]},
{"frame":10,"values":[0.9201,0.0202,-0.3912,0,0.0439,0.9871,0.1542,0,0.3893,-0.159,0.9073,0,0,13.6396,-1.2923,1]},
{"frame":11,"values":[0.9093,0.0203,-0.4157,0,0.0482,0.9869,0.1537,0,0.4134,-0.1598,0.8964,0,0,13.6396,-1.2923,1]},
{"frame":12,"values":[0.9011,0.0203,-0.4332,0,0.0513,0.9869,0.1531,0,0.4306,-0.1602,0.8882,0,0,13.6396,-1.2923,1]},
{"frame":13,"values":[0.8972,0.0203,-0.4412,0,0.0528,0.9868,0.1529,0,0.4385,-0.1605,0.8843,0,0,13.6396,-1.2923,1]},
{"frame":14,"values":[0.8975,0.0202,-0.4404,0,0.0528,0.9868,0.1528,0,0.4377,-0.1604,0.8847,0,0,13.6396,-1.2923,1]},
{"frame":15,"values":[0.9,0.0189,-0.4355,0,0.0528,0.987,0.1519,0,0.4327,-0.1597,0.8873,0,0,13.6396,-1.2923,1]},
{"frame":16,"values":[0.9046,0.0168,-0.426,0,0.0524,0.9873,0.1502,0,0.4231,-0.1582,0.8922,0,0,13.6396,-1.2923,1]},
{"frame":17,"values":[0.9117,0.015,-0.4105,0,0.0507,0.9876,0.1487,0,0.4077,-0.1564,0.8996,0,0,13.6396,-1.2923,1]},
{"frame":18,"values":[0.9219,0.0116,-0.3873,0,0.0494,0.9879,0.1472,0,0.3843,-0.1548,0.9101,0,0,13.6396,-1.2923,1]},
{"frame":19,"values":[0.935,0.0061,-0.3546,0,0.049,0.988,0.1462,0,0.3513,-0.1541,0.9235,0,0,13.6396,-1.2923,1]},
{"frame":20,"values":[0.9542,0,-0.299,0,0.0459,0.9881,0.1465,0,0.2955,-0.1535,0.9429,0,0,13.6396,-1.2923,1]},
{"frame":21,"values":[0.9792,-0.0076,-0.2027,0,0.0382,0.9884,0.1471,0,0.1992,-0.1518,0.9681,0,0,13.6396,-1.2923,1]},
{"frame":22,"values":[0.9946,-0.0128,-0.1027,0,0.0281,0.9884,0.149,0,0.0997,-0.1511,0.9835,0,0,13.6396,-1.2923,1]},
{"frame":23,"values":[0.9991,-0.0143,-0.0403,0,0.0203,0.9881,0.1524,0,0.0376,-0.1531,0.9875,0,0,13.6396,-1.2923,1]},
{"frame":24,"values":[0.9998,-0.0037,-0.022,0,0.0069,0.9888,0.1491,0,0.0212,-0.1493,0.9886,0,0,13.6396,-1.2923,1]},
{"frame":25,"values":[0.9998,0.0032,-0.0178,0,-0.0006,0.9892,0.1469,0,0.0181,-0.1468,0.989,0,0,13.6396,-1.2923,1]}],"loopBehavior":1,"name":"anim","property":"_matrix"}},
{"name":"boss:Neck","index":4,"matrix":[0.9988,0,-0.0486,0,0.0011,0.9998,0.022,0,0.0486,-0.0221,0.9986,0,0,13.8774,-4.3542,1],"rest":[1,0,0,0,0,1,0,0,0,0,1,0,0,13.8774,-4.3542,1],"parentBoneIndex":3,"length":4.4379
,"animation":{"dataType":3,"framePerSecond":24,"keys":[
{"frame":1,"values":[0.9988,0,-0.0486,0,0.0011,0.9998,0.022,0,0.0486,-0.0221,0.9986,0,0,13.8774,-4.3542,1]},
{"frame":2,"values":[0.9987,0.0004,-0.0515,0,0.0008,0.9997,0.023,0,0.0515,-0.023,0.9984,0,0,13.8774,-4.3542,1]},
{"frame":3,"values":[0.9983,0.0016,-0.0575,0,-0.0002,0.9997,0.025,0,0.0576,-0.025,0.998,0,0,13.8774,-4.3542,1]},
{"frame":4,"values":[0.998,0.0031,-0.0637,0,-0.0014,0.9996,0.0272,0,0.0637,-0.027,0.9976,0,0,13.8774,-4.3542,1]},
{"frame":5,"values":[0.9978,0.004,-0.0667,0,-0.0021,0.9996,0.0284,0,0.0668,-0.0282,0.9974,0,0,13.8774,-4.3542,1]},
{"frame":6,"values":[0.9978,0.0043,-0.0667,0,-0.0024,0.9996,0.0287,0,0.0668,-0.0285,0.9974,0,0,13.8774,-4.3542,1]},
{"frame":7,"values":[0.9978,0.0045,-0.0664,0,-0.0026,0.9996,0.0287,0,0.0665,-0.0285,0.9974,0,0,13.8774,-4.3542,1]},
{"frame":8,"values":[0.9978,0.0046,-0.0661,0,-0.0027,0.9996,0.0287,0,0.0662,-0.0284,0.9974,0,0,13.8774,-4.3542,1]},
{"frame":9,"values":[0.9978,0.0046,-0.0657,0,-0.0028,0.9996,0.0286,0,0.0658,-0.0284,0.9974,0,0,13.8774,-4.3542,1]},
{"frame":10,"values":[0.9979,0.0047,-0.0652,0,-0.0029,0.9996,0.0285,0,0.0653,-0.0283,0.9975,0,0,13.8774,-4.3542,1]},
{"frame":11,"values":[0.9979,0.0048,-0.0646,0,-0.003,0.9996,0.0284,0,0.0647,-0.0282,0.9975,0,0,13.8774,-4.3542,1]},
{"frame":12,"values":[0.9979,0.0048,-0.0639,0,-0.003,0.9996,0.0283,0,0.064,-0.0281,0.9976,0,0,13.8774,-4.3542,1]},
{"frame":13,"values":[0.998,0.0049,-0.0629,0,-0.0031,0.9996,0.0282,0,0.063,-0.0279,0.9976,0,0,13.8774,-4.3542,1]},
{"frame":14,"values":[0.9981,0.0048,-0.0617,0,-0.003,0.9996,0.028,0,0.0618,-0.0277,0.9977,0,0,13.8774,-4.3542,1]},
{"frame":15,"values":[0.9982,0.0044,-0.0603,0,-0.0028,0.9996,0.0275,0,0.0604,-0.0273,0.9978,0,0,13.8774,-4.3542,1]},
{"frame":16,"values":[0.9983,0.004,-0.0589,0,-0.0024,0.9996,0.027,0,0.059,-0.0268,0.9979,0,0,13.8774,-4.3542,1]},
{"frame":17,"values":[0.9983,0.0033,-0.0574,0,-0.0018,0.9996,0.0264,0,0.0575,-0.0263,0.998,0,0,13.8774,-4.3542,1]},
{"frame":18,"values":[0.9984,0.0024,-0.056,0,-0.0009,0.9997,0.026,0,0.056,-0.026,0.9981,0,0,13.8774,-4.3542,1]},
{"frame":19,"values":[0.9985,0.0018,-0.0546,0,-0.0004,0.9997,0.0254,0,0.0546,-0.0254,0.9982,0,0,13.8774,-4.3542,1]},
{"frame":20,"values":[0.9986,0.0013,-0.0532,0,0,0.9997,0.0247,0,0.0532,-0.0246,0.9983,0,0,13.8774,-4.3542,1]},
{"frame":21,"values":[0.9987,0.0009,-0.0519,0,0.0004,0.9997,0.0235,0,0.0519,-0.0235,0.9984,0,0,13.8774,-4.3542,1]},
{"frame":22,"values":[0.9987,0.0003,-0.0508,0,0.0009,0.9997,0.0226,0,0.0508,-0.0226,0.9985,0,0,13.8774,-4.3542,1]},
{"frame":23,"values":[0.9988,-0.0001,-0.0498,0,0.0012,0.9998,0.0218,0,0.0498,-0.0218,0.9985,0,0,13.8774,-4.3542,1]},
{"frame":24,"values":[0.9988,-0.0004,-0.0491,0,0.0015,0.9998,0.0222,0,0.0491,-0.0223,0.9985,0,0,13.8774,-4.3542,1]},
{"frame":25,"values":[0.9988,0,-0.0486,0,0.0011,0.9998,0.022,0,0.0486,-0.022,0.9986,0,0,13.8774,-4.3542,1]}],"loopBehavior":1,"name":"anim","property":"_matrix"}},
{"name":"boss:Neck1","index":5,"matrix":[0.9988,0,-0.0486,0,0.0011,0.9998,0.022,0,0.0486,-0.0221,0.9986,0,0,4.34,0.9269,1],"rest":[1,0,0,0,0,1,0,0,0,0,1,0,0,4.34,0.9269,1],"parentBoneIndex":4,"length":4.1171
,"animation":{"dataType":3,"framePerSecond":24,"keys":[
{"frame":1,"values":[0.9988,0,-0.0486,0,0.0011,0.9998,0.022,0,0.0486,-0.0221,0.9986,0,0,4.34,0.9269,1]},
{"frame":2,"values":[0.9987,0.0004,-0.0515,0,0.0008,0.9997,0.023,0,0.0515,-0.023,0.9984,0,0,4.34,0.9269,1]},
{"frame":3,"values":[0.9983,0.0016,-0.0575,0,-0.0002,0.9997,0.025,0,0.0576,-0.025,0.998,0,0,4.34,0.9269,1]},
{"frame":4,"values":[0.998,0.0031,-0.0637,0,-0.0014,0.9996,0.0272,0,0.0637,-0.027,0.9976,0,0,4.34,0.9269,1]},
{"frame":5,"values":[0.9978,0.004,-0.0667,0,-0.0021,0.9996,0.0284,0,0.0668,-0.0282,0.9974,0,0,4.34,0.9269,1]},
{"frame":6,"values":[0.9978,0.0043,-0.0667,0,-0.0024,0.9996,0.0287,0,0.0668,-0.0285,0.9974,0,0,4.34,0.9269,1]},
{"frame":7,"values":[0.9978,0.0045,-0.0664,0,-0.0026,0.9996,0.0287,0,0.0665,-0.0285,0.9974,0,0,4.34,0.9269,1]},
{"frame":8,"values":[0.9978,0.0046,-0.0661,0,-0.0027,0.9996,0.0287,0,0.0662,-0.0284,0.9974,0,0,4.34,0.9269,1]},
{"frame":9,"values":[0.9978,0.0046,-0.0657,0,-0.0028,0.9996,0.0286,0,0.0658,-0.0284,0.9974,0,0,4.34,0.9269,1]},
{"frame":10,"values":[0.9979,0.0047,-0.0652,0,-0.0029,0.9996,0.0285,0,0.0653,-0.0283,0.9975,0,0,4.34,0.9269,1]},
{"frame":11,"values":[0.9979,0.0048,-0.0646,0,-0.003,0.9996,0.0284,0,0.0647,-0.0282,0.9975,0,0,4.34,0.9269,1]},
{"frame":12,"values":[0.9979,0.0048,-0.0639,0,-0.003,0.9996,0.0283,0,0.064,-0.0281,0.9976,0,0,4.34,0.9269,1]},
{"frame":13,"values":[0.998,0.0049,-0.0629,0,-0.0031,0.9996,0.0282,0,0.063,-0.0279,0.9976,0,0,4.34,0.9269,1]},
{"frame":14,"values":[0.9981,0.0048,-0.0617,0,-0.003,0.9996,0.028,0,0.0618,-0.0277,0.9977,0,0,4.34,0.9269,1]},
{"frame":15,"values":[0.9982,0.0044,-0.0603,0,-0.0028,0.9996,0.0275,0,0.0604,-0.0273,0.9978,0,0,4.34,0.9269,1]},
{"frame":16,"values":[0.9983,0.004,-0.0589,0,-0.0024,0.9996,0.027,0,0.059,-0.0268,0.9979,0,0,4.34,0.9269,1]},
{"frame":17,"values":[0.9983,0.0033,-0.0574,0,-0.0018,0.9996,0.0264,0,0.0575,-0.0263,0.998,0,0,4.34,0.9269,1]},
{"frame":18,"values":[0.9984,0.0024,-0.056,0,-0.0009,0.9997,0.026,0,0.056,-0.026,0.9981,0,0,4.34,0.9269,1]},
{"frame":19,"values":[0.9985,0.0018,-0.0546,0,-0.0004,0.9997,0.0254,0,0.0546,-0.0254,0.9982,0,0,4.34,0.9269,1]},
{"frame":20,"values":[0.9986,0.0013,-0.0532,0,0,0.9997,0.0247,0,0.0532,-0.0246,0.9983,0,0,4.34,0.9269,1]},
{"frame":21,"values":[0.9987,0.0009,-0.0519,0,0.0004,0.9997,0.0235,0,0.0519,-0.0235,0.9984,0,0,4.34,0.9269,1]},
{"frame":22,"values":[0.9987,0.0003,-0.0508,0,0.0009,0.9997,0.0226,0,0.0508,-0.0226,0.9985,0,0,4.34,0.9269,1]},
{"frame":23,"values":[0.9988,-0.0001,-0.0498,0,0.0012,0.9998,0.0218,0,0.0498,-0.0218,0.9985,0,0,4.34,0.9269,1]},
{"frame":24,"values":[0.9988,-0.0004,-0.0491,0,0.0015,0.9998,0.0222,0,0.0491,-0.0223,0.9985,0,0,4.34,0.9269,1]},
{"frame":25,"values":[0.9988,0,-0.0486,0,0.0011,0.9998,0.022,0,0.0486,-0.022,0.9986,0,0,4.34,0.9269,1]}],"loopBehavior":1,"name":"anim","property":"_matrix"}},
{"name":"boss:Head","index":6,"matrix":[0.9988,0,-0.0486,0,0.0011,0.9998,0.022,0,0.0486,-0.0221,0.9986,0,0,4.0266,0.8585,1],"rest":[1,0,0,0,0,1,0,0,0,0,1,0,0,4.0266,0.8585,1],"parentBoneIndex":5,"length":4.1171
,"animation":{"dataType":3,"framePerSecond":24,"keys":[
{"frame":1,"values":[0.9988,0,-0.0486,0,0.0011,0.9998,0.022,0,0.0486,-0.0221,0.9986,0,0,4.0266,0.8585,1]},
{"frame":2,"values":[0.9987,0.0004,-0.0515,0,0.0008,0.9997,0.023,0,0.0515,-0.023,0.9984,0,0,4.0266,0.8585,1]},
{"frame":3,"values":[0.9983,0.0016,-0.0575,0,-0.0002,0.9997,0.025,0,0.0576,-0.025,0.998,0,0,4.0266,0.8585,1]},
{"frame":4,"values":[0.998,0.0031,-0.0637,0,-0.0014,0.9996,0.0272,0,0.0637,-0.027,0.9976,0,0,4.0266,0.8585,1]},
{"frame":5,"values":[0.9978,0.004,-0.0667,0,-0.0021,0.9996,0.0284,0,0.0668,-0.0282,0.9974,0,0,4.0266,0.8585,1]},
{"frame":6,"values":[0.9978,0.0043,-0.0667,0,-0.0024,0.9996,0.0287,0,0.0668,-0.0284,0.9974,0,0,4.0266,0.8585,1]},
{"frame":7,"values":[0.9978,0.0045,-0.0664,0,-0.0026,0.9996,0.0287,0,0.0665,-0.0285,0.9974,0,0,4.0266,0.8585,1]},
{"frame":8,"values":[0.9978,0.0046,-0.0661,0,-0.0027,0.9996,0.0287,0,0.0662,-0.0284,0.9974,0,0,4.0266,0.8585,1]},
{"frame":9,"values":[0.9978,0.0046,-0.0657,0,-0.0028,0.9996,0.0286,0,0.0658,-0.0284,0.9974,0,0,4.0266,0.8585,1]},
{"frame":10,"values":[0.9979,0.0047,-0.0652,0,-0.0029,0.9996,0.0285,0,0.0653,-0.0283,0.9975,0,0,4.0266,0.8585,1]},
{"frame":11,"values":[0.9979,0.0048,-0.0646,0,-0.003,0.9996,0.0284,0,0.0647,-0.0282,0.9975,0,0,4.0266,0.8585,1]},
{"frame":12,"values":[0.9979,0.0048,-0.0639,0,-0.003,0.9996,0.0283,0,0.064,-0.0281,0.9976,0,0,4.0266,0.8585,1]},
{"frame":13,"values":[0.998,0.0049,-0.0629,0,-0.0031,0.9996,0.0282,0,0.063,-0.0279,0.9976,0,0,4.0266,0.8585,1]},
{"frame":14,"values":[0.9981,0.0048,-0.0617,0,-0.003,0.9996,0.028,0,0.0618,-0.0277,0.9977,0,0,4.0266,0.8585,1]},
{"frame":15,"values":[0.9982,0.0044,-0.0603,0,-0.0028,0.9996,0.0275,0,0.0604,-0.0273,0.9978,0,0,4.0266,0.8585,1]},
{"frame":16,"values":[0.9983,0.004,-0.0589,0,-0.0024,0.9996,0.027,0,0.059,-0.0268,0.9979,0,0,4.0266,0.8585,1]},
{"frame":17,"values":[0.9983,0.0033,-0.0574,0,-0.0018,0.9996,0.0264,0,0.0575,-0.0263,0.998,0,0,4.0266,0.8585,1]},
{"frame":18,"values":[0.9984,0.0024,-0.056,0,-0.0009,0.9997,0.026,0,0.056,-0.026,0.9981,0,0,4.0266,0.8585,1]},
{"frame":19,"values":[0.9985,0.0018,-0.0546,0,-0.0004,0.9997,0.0254,0,0.0546,-0.0254,0.9982,0,0,4.0266,0.8585,1]},
{"frame":20,"values":[0.9986,0.0013,-0.0532,0,0,0.9997,0.0247,0,0.0532,-0.0246,0.9983,0,0,4.0266,0.8585,1]},
{"frame":21,"values":[0.9987,0.0009,-0.0519,0,0.0004,0.9997,0.0235,0,0.0519,-0.0235,0.9984,0,0,4.0266,0.8585,1]},
{"frame":22,"values":[0.9987,0.0003,-0.0508,0,0.0009,0.9997,0.0225,0,0.0508,-0.0226,0.9985,0,0,4.0266,0.8585,1]},
{"frame":23,"values":[0.9988,-0.0001,-0.0498,0,0.0012,0.9998,0.0218,0,0.0498,-0.0218,0.9985,0,0,4.0266,0.8585,1]},
{"frame":24,"values":[0.9988,-0.0004,-0.0491,0,0.0015,0.9998,0.0222,0,0.0491,-0.0223,0.9985,0,0,4.0266,0.8585,1]},
{"frame":25,"values":[0.9988,0,-0.0486,0,0.0011,0.9998,0.022,0,0.0486,-0.022,0.9986,0,0,4.0266,0.8585,1]}],"loopBehavior":1,"name":"anim","property":"_matrix"}},
{"name":"boss:LeftShoulder","index":7,"matrix":[0.9086,-0.1048,0.4043,0,0.0356,0.9839,0.175,0,-0.4162,-0.1446,0.8977,0,6.1442,10.187,-3.7932,1],"rest":[1,0,0,0,0,1,0,0,0,0,1,0,6.1442,10.187,-3.7932,1],"parentBoneIndex":3,"length":12.4986
,"animation":{"dataType":3,"framePerSecond":24,"keys":[
{"frame":1,"values":[0.9086,-0.1048,0.4043,0,0.0356,0.9839,0.175,0,-0.4162,-0.1446,0.8977,0,6.1442,10.187,-3.7932,1]},
{"frame":2,"values":[0.907,-0.1161,0.4049,0,0.047,0.9832,0.1765,0,-0.4186,-0.1411,0.8972,0,6.1442,10.187,-3.7932,1]},
{"frame":23,"values":[0.907,-0.1159,0.4049,0,0.0469,0.9832,0.1765,0,-0.4185,-0.1411,0.8972,0,6.1442,10.187,-3.7932,1]},
{"frame":24,"values":[0.9079,-0.1097,0.4046,0,0.0405,0.9836,0.1757,0,-0.4172,-0.1431,0.8975,0,6.1442,10.187,-3.7932,1]},
{"frame":25,"values":[0.9086,-0.1048,0.4043,0,0.0356,0.9839,0.175,0,-0.4162,-0.1446,0.8977,0,6.1442,10.187,-3.7932,1]}],"loopBehavior":1,"name":"anim","property":"_matrix"}},
{"name":"boss:LeftArm","index":8,"matrix":[0.4856,-0.8136,0.3197,0,0.8624,0.3861,-0.3274,0,0.1429,0.4347,0.8892,0,12.3191,-1.113,-1.7935,1],"rest":[1,0,0,0,0,1,0,0,0,0,1,0,12.3191,-1.113,-1.7935,1],"parentBoneIndex":7,"length":27.687
,"animation":{"dataType":3,"framePerSecond":24,"keys":[
{"frame":1,"values":[0.4856,-0.8136,0.3197,0,0.8624,0.3861,-0.3274,0,0.1429,0.4347,0.8892,0,12.3191,-1.113,-1.7935,1]},
{"frame":2,"values":[0.4979,-0.8047,0.3232,0,0.8525,0.3857,-0.3528,0,0.1593,0.4512,0.8781,0,12.3191,-1.113,-1.7935,1]},
{"frame":3,"values":[0.5026,-0.7988,0.3308,0,0.8489,0.3835,-0.3637,0,0.1636,0.4636,0.8708,0,12.3191,-1.113,-1.7935,1]},
{"frame":4,"values":[0.5055,-0.7937,0.3385,0,0.847,0.3815,-0.3703,0,0.1647,0.4739,0.865,0,12.3191,-1.113,-1.7935,1]},
{"frame":5,"values":[0.5078,-0.7882,0.3476,0,0.8461,0.3805,-0.3733,0,0.162,0.4837,0.8601,0,12.3191,-1.113,-1.7935,1]},
{"frame":6,"values":[0.5085,-0.7837,0.3567,0,0.846,0.3775,-0.3764,0,0.1603,0.4932,0.855,0,12.3191,-1.113,-1.7935,1]},
{"frame":7,"values":[0.5083,-0.7821,0.3605,0,0.8451,0.3725,-0.3834,0,0.1656,0.4996,0.8503,0,12.3191,-1.113,-1.7935,1]},
{"frame":8,"values":[0.5088,-0.7814,0.3613,0,0.8433,0.3681,-0.3916,0,0.173,0.5039,0.8462,0,12.3191,-1.113,-1.7935,1]},
{"frame":9,"values":[0.5105,-0.7798,0.3624,0,0.8409,0.3646,-0.4,0,0.1798,0.5089,0.8419,0,12.3191,-1.113,-1.7935,1]},
{"frame":10,"values":[0.5126,-0.7785,0.3622,0,0.8381,0.362,-0.4081,0,0.1866,0.5128,0.838,0,12.3191,-1.113,-1.7935,1]},
{"frame":11,"values":[0.5153,-0.7804,0.3541,0,0.833,0.3591,-0.4208,0,0.2013,0.5118,0.8352,0,12.3191,-1.113,-1.7935,1]},
{"frame":12,"values":[0.5193,-0.7811,0.3468,0,0.8253,0.3531,-0.4406,0,0.2217,0.515,0.828,0,12.3191,-1.113,-1.7935,1]},
{"frame":13,"values":[0.5211,-0.7845,0.3363,0,0.8191,0.3488,-0.4554,0,0.24,0.5127,0.8243,0,12.3191,-1.113,-1.7935,1]},
{"frame":14,"values":[0.519,-0.7887,0.3295,0,0.8179,0.3462,-0.4596,0,0.2484,0.508,0.8248,0,12.3191,-1.113,-1.7935,1]},
{"frame":15,"values":[0.5073,-0.7986,0.3239,0,0.8252,0.3418,-0.4496,0,0.2483,0.4954,0.8324,0,12.3191,-1.113,-1.7935,1]},
{"frame":16,"values":[0.4862,-0.8134,0.3194,0,0.8403,0.3348,-0.4264,0,0.2399,0.4757,0.8463,0,12.3191,-1.113,-1.7935,1]},
{"frame":17,"values":[0.4669,-0.8203,0.3303,0,0.8583,0.3306,-0.3924,0,0.2127,0.4667,0.8584,0,12.3191,-1.113,-1.7935,1]},
{"frame":18,"values":[0.4493,-0.8219,0.3502,0,0.876,0.3283,-0.3534,0,0.1754,0.4655,0.8675,0,12.3191,-1.113,-1.7935,1]},
{"frame":19,"values":[0.438,-0.8195,0.3695,0,0.8875,0.3289,-0.3227,0,0.1429,0.4693,0.8714,0,12.3191,-1.113,-1.7935,1]},
{"frame":20,"values":[0.4358,-0.8174,0.3767,0,0.8914,0.3342,-0.3061,0,0.1243,0.4692,0.8743,0,12.3191,-1.113,-1.7935,1]},
{"frame":21,"values":[0.4421,-0.8165,0.3713,0,0.8899,0.3472,-0.296,0,0.1128,0.4613,0.8801,0,12.3191,-1.113,-1.7935,1]},
{"frame":22,"values":[0.4547,-0.8162,0.3564,0,0.884,0.3649,-0.2922,0,0.1084,0.4479,0.8875,0,12.3191,-1.113,-1.7935,1]},
{"frame":23,"values":[0.4706,-0.8148,0.3387,0,0.8747,0.3803,-0.3004,0,0.116,0.4376,0.8917,0,12.3191,-1.113,-1.7935,1]},
{"frame":24,"values":[0.4801,-0.8145,0.3257,0,0.8672,0.3845,-0.3165,0,0.1326,0.4344,0.8909,0,12.3191,-1.113,-1.7935,1]},
{"frame":25,"values":[0.4856,-0.8136,0.3197,0,0.8624,0.3861,-0.3274,0,0.1429,0.4347,0.8892,0,12.3191,-1.113,-1.7935,1]}],"loopBehavior":1,"name":"anim","property":"_matrix"}},
{"name":"boss:LeftForeArm","index":9,"matrix":[0.066,0.0068,0.9978,0,0.9717,-0.2278,-0.0627,0,0.2269,0.9737,-0.0216,0,27.687,0,0,1],"rest":[1,0,0,0,0,1,0,0,0,0,1,0,27.687,0,0,1],"parentBoneIndex":8,"length":27.8738
,"animation":{"dataType":3,"framePerSecond":24,"keys":[
{"frame":1,"values":[0.066,0.0068,0.9978,0,0.9717,-0.2278,-0.0627,0,0.2269,0.9737,-0.0216,0,27.687,0,0,1]},
{"frame":2,"values":[0.0817,0.0069,0.9966,0,0.9718,-0.2226,-0.0781,0,0.2213,0.9749,-0.0249,0,27.687,0,0,1]},
{"frame":3,"values":[0.0969,0.0069,0.9953,0,0.9705,-0.2226,-0.0929,0,0.2209,0.9749,-0.0282,0,27.687,0,0,1]},
{"frame":4,"values":[0.1069,0.0069,0.9943,0,0.9695,-0.2226,-0.1027,0,0.2206,0.9749,-0.0304,0,27.687,0,0,1]},
{"frame":5,"values":[0.1138,0.0069,0.9935,0,0.9688,-0.2226,-0.1094,0,0.2204,0.9749,-0.032,0,27.687,0,0,1]},
{"frame":6,"values":[0.1169,0.0069,0.9931,0,0.9684,-0.2226,-0.1124,0,0.2203,0.9749,-0.0327,0,27.687,0,0,1]},
{"frame":7,"values":[0.1133,0.0069,0.9935,0,0.9688,-0.2226,-0.1089,0,0.2204,0.9749,-0.0319,0,27.687,0,0,1]},
{"frame":8,"values":[0.1058,0.0069,0.9944,0,0.9696,-0.2226,-0.1016,0,0.2206,0.9749,-0.0302,0,27.687,0,0,1]},
{"frame":9,"values":[0.0983,0.0069,0.9951,0,0.9703,-0.2226,-0.0943,0,0.2208,0.9749,-0.0286,0,27.687,0,0,1]},
{"frame":10,"values":[0.0888,0.0069,0.996,0,0.9712,-0.2226,-0.0851,0,0.2211,0.9749,-0.0264,0,27.687,0,0,1]},
{"frame":11,"values":[0.0731,0.0069,0.9973,0,0.9724,-0.2226,-0.0698,0,0.2215,0.9749,-0.023,0,27.687,0,0,1]},
{"frame":12,"values":[0.0657,0.0069,0.9978,0,0.9729,-0.2225,-0.0625,0,0.2216,0.9749,-0.0213,0,27.687,0,0,1]},
{"frame":13,"values":[0.0555,0.0069,0.9984,0,0.9735,-0.2225,-0.0526,0,0.2218,0.9749,-0.0191,0,27.687,0,0,1]},
{"frame":14,"values":[0.0467,0.0146,0.9988,0,0.9746,-0.2201,-0.0423,0,0.2192,0.9754,-0.0245,0,27.687,0,0,1]},
{"frame":15,"values":[0.0337,0.0411,0.9986,0,0.977,-0.2118,-0.0243,0,0.2105,0.9765,-0.0473,0,27.687,0,0,1]},
{"frame":16,"values":[0.0158,0.0782,0.9968,0,0.9797,-0.2005,0.0002,0,0.1998,0.9766,-0.0797,0,27.687,0,0,1]},
{"frame":17,"values":[0.0158,0.1172,0.993,0,0.9819,-0.1891,0.0067,0,0.1886,0.9749,-0.1181,0,27.687,0,0,1]},
{"frame":18,"values":[0.0344,0.1497,0.9881,0,0.9836,-0.1803,-0.0069,0,0.1772,0.9722,-0.1534,0,27.687,0,0,1]},
{"frame":19,"values":[0.0619,0.1669,0.984,0,0.9839,-0.1757,-0.0321,0,0.1675,0.9702,-0.1751,0,27.687,0,0,1]},
{"frame":20,"values":[0.0803,0.1597,0.9839,0,0.9828,-0.1776,-0.0514,0,0.1665,0.9711,-0.1712,0,27.687,0,0,1]},
{"frame":21,"values":[0.0878,0.1284,0.9878,0,0.9805,-0.1861,-0.063,0,0.1758,0.9741,-0.1422,0,27.687,0,0,1]},
{"frame":22,"values":[0.0857,0.0899,0.9923,0,0.9781,-0.1974,-0.0665,0,0.1899,0.9762,-0.1048,0,27.687,0,0,1]},
{"frame":23,"values":[0.0762,0.0558,0.9955,0,0.9761,-0.2079,-0.063,0,0.2034,0.9766,-0.0703,0,27.687,0,0,1]},
{"frame":24,"values":[0.0698,0.0242,0.9973,0,0.9733,-0.2208,-0.0628,0,0.2187,0.975,-0.0389,0,27.687,0,0,1]},
{"frame":25,"values":[0.0659,0.0068,0.9978,0,0.9717,-0.2278,-0.0627,0,0.2269,0.9737,-0.0216,0,27.687,0,0,1]}],"loopBehavior":1,"name":"anim","property":"_matrix"}},
{"name":"boss:LeftHand","index":10,"matrix":[0.983,-0.1051,0.1508,0,0.1524,0.9247,-0.3489,0,-0.1027,0.366,0.9249,0,27.8738,0,0,1],"rest":[0.9974,-0.0541,-0.0467,0,0.0586,0.9932,0.1006,0,0.041,-0.1031,0.9938,0,27.8738,0,0,1],"parentBoneIndex":9,"length":9.2395
,"animation":{"dataType":3,"framePerSecond":24,"keys":[
{"frame":1,"values":[0.983,-0.1051,0.1508,0,0.1524,0.9247,-0.3489,0,-0.1027,0.366,0.9249,0,27.8738,0,0,1]},
{"frame":2,"values":[0.9857,-0.1049,0.132,0,0.1461,0.9221,-0.3583,0,-0.0841,0.3724,0.9242,0,27.8738,0,0,1]},
{"frame":3,"values":[0.9861,-0.1095,0.1252,0,0.1483,0.9197,-0.3636,0,-0.0753,0.3771,0.9231,0,27.8738,0,0,1]},
{"frame":4,"values":[0.9861,-0.1117,0.1233,0,0.1497,0.9186,-0.3657,0,-0.0724,0.379,0.9225,0,27.8738,0,0,1]},
{"frame":5,"values":[0.9859,-0.1114,0.1252,0,0.1502,0.9188,-0.365,0,-0.0744,0.3787,0.9225,0,27.8738,0,0,1]},
{"frame":6,"values":[0.986,-0.1089,0.1262,0,0.1479,0.9207,-0.3612,0,-0.0768,0.3748,0.9239,0,27.8738,0,0,1]},
{"frame":7,"values":[0.9868,-0.1053,0.1227,0,0.1429,0.923,-0.3572,0,-0.0756,0.37,0.9259,0,27.8738,0,0,1]},
{"frame":8,"values":[0.9878,-0.1009,0.1184,0,0.137,0.925,-0.3543,0,-0.0738,0.3662,0.9276,0,27.8738,0,0,1]},
{"frame":9,"values":[0.9888,-0.0955,0.1147,0,0.1304,0.9267,-0.3523,0,-0.0727,0.3634,0.9288,0,27.8738,0,0,1]},
{"frame":10,"values":[0.9897,-0.0892,0.1118,0,0.1233,0.9281,-0.3514,0,-0.0724,0.3616,0.9295,0,27.8738,0,0,1]},
{"frame":11,"values":[0.9911,-0.0833,0.1039,0,0.115,0.9284,-0.3534,0,-0.0671,0.3622,0.9297,0,27.8738,0,0,1]},
{"frame":12,"values":[0.9928,-0.0806,0.0889,0,0.1073,0.9277,-0.3576,0,-0.0537,0.3645,0.9296,0,27.8738,0,0,1]},
{"frame":13,"values":[0.9938,-0.0808,0.0766,0,0.1032,0.9269,-0.3609,0,-0.0418,0.3666,0.9294,0,27.8738,0,0,1]},
{"frame":14,"values":[0.9945,-0.0809,0.0658,0,0.0993,0.9268,-0.3622,0,-0.0317,0.3667,0.9298,0,27.8738,0,0,1]},
{"frame":15,"values":[0.9956,-0.0805,0.0489,0,0.0928,0.9282,-0.3603,0,-0.0164,0.3632,0.9316,0,27.8738,0,0,1]},
{"frame":16,"values":[0.9964,-0.0787,0.0326,0,0.0852,0.9314,-0.354,0,-0.0025,0.3555,0.9347,0,27.8738,0,0,1]},
{"frame":17,"values":[0.9968,-0.0766,0.0239,0,0.0802,0.9348,-0.3461,0,0.0042,0.3469,0.9379,0,27.8738,0,0,1]},
{"frame":18,"values":[0.9967,-0.0786,0.0206,0,0.0809,0.9372,-0.3392,0,0.0074,0.3398,0.9405,0,27.8738,0,0,1]},
{"frame":19,"values":[0.9963,-0.0826,0.0223,0,0.0853,0.9385,-0.3346,0,0.0067,0.3353,0.9421,0,27.8738,0,0,1]},
{"frame":20,"values":[0.9956,-0.0856,0.0379,0,0.0933,0.9384,-0.3326,0,-0.0071,0.3347,0.9423,0,27.8738,0,0,1]},
{"frame":21,"values":[0.9935,-0.089,0.0716,0,0.1079,0.9367,-0.3331,0,-0.0374,0.3386,0.9402,0,27.8738,0,0,1]},
{"frame":22,"values":[0.99,-0.0908,0.108,0,0.1225,0.933,-0.3384,0,-0.0701,0.3482,0.9348,0,27.8738,0,0,1]},
{"frame":23,"values":[0.9868,-0.0931,0.1326,0,0.134,0.9289,-0.3453,0,-0.091,0.3585,0.9291,0,27.8738,0,0,1]},
{"frame":24,"values":[0.9842,-0.1009,0.1454,0,0.1463,0.926,-0.3479,0,-0.0995,0.3637,0.9262,0,27.8738,0,0,1]},
{"frame":25,"values":[0.983,-0.1051,0.1508,0,0.1524,0.9247,-0.3489,0,-0.1027,0.366,0.9249,0,27.8738,0,0,1]}],"loopBehavior":1,"name":"anim","property":"_matrix"}},
{"name":"boss:LeftHandThumb1","index":11,"matrix":[0.9547,-0.1417,-0.2615,0,0.1683,0.9823,0.0821,0,0.2452,-0.1224,0.9617,0,2.3785,-1.0029,2.6209,1],"rest":[0.9909,-0.0858,-0.104,0,0.0965,0.9901,0.102,0,0.0942,-0.1111,0.9893,0,2.3785,-1.0029,2.6209,1],"parentBoneIndex":10,"length":4.514
,"animation":{"dataType":3,"framePerSecond":24,"keys":[
{"frame":1,"values":[0.9547,-0.1417,-0.2615,0,0.1683,0.9823,0.0821,0,0.2452,-0.1224,0.9617,0,2.3785,-1.0029,2.6209,1]},
{"frame":25,"values":[0.9547,-0.1417,-0.2615,0,0.1683,0.9823,0.0821,0,0.2452,-0.1224,0.9617,0,2.3785,-1.0029,2.6209,1]}],"loopBehavior":1,"name":"anim","property":"_matrix"}},
{"name":"boss:LeftHandThumb2","index":12,"matrix":[1,0,0,0,0,1,0,0,0,0,1,0,3.3624,-1.0029,2.8398,1],"rest":[0.9723,0.0085,0.2336,0,0.008,0.9975,-0.0699,0,-0.2336,0.0698,0.9698,0,3.3624,-1.0029,2.8398,1],"parentBoneIndex":11,"length":5.1787
,"animation":{"dataType":3,"framePerSecond":24,"keys":[
{"frame":1,"values":[1,0,0,0,0,1,0,0,0,0,1,0,3.3624,-1.0029,2.8398,1]},
{"frame":25,"values":[1,0,0,0,0,1,0,0,0,0,1,0,3.3624,-1.0029,2.8398,1]}],"loopBehavior":1,"name":"anim","property":"_matrix"}},
{"name":"boss:LeftHandThumb3","index":13,"matrix":[0.9239,-0.0077,0.3826,0,0.0847,0.9791,-0.1847,0,-0.3732,0.2031,0.9052,0,4.5018,-1.3445,2.1783,1],"rest":[0.9717,-0.2361,0.003,0,0.2343,0.9658,0.111,0,-0.0291,-0.1072,0.9938,0,4.5018,-1.3445,2.1783,1],"parentBoneIndex":12,"length":0.01
,"animation":{"dataType":3,"framePerSecond":24,"keys":[
{"frame":1,"values":[0.9239,-0.0077,0.3826,0,0.0847,0.9791,-0.1847,0,-0.3732,0.2031,0.9052,0,4.5018,-1.3445,2.1783,1]},
{"frame":25,"values":[0.9239,-0.0077,0.3826,0,0.0847,0.9791,-0.1847,0,-0.3732,0.2031,0.9052,0,4.5018,-1.3445,2.1783,1]}],"loopBehavior":1,"name":"anim","property":"_matrix"}},
{"name":"boss:LeftHandThumb4","index":14,"matrix":[1,0,0,0,0,1,0,0,0,0,1,0,0,0,0,1],"rest":[1,0,0,0,0,1,0,0,0,0,1,0,0,0,0,1],"parentBoneIndex":13,"length":0.01
,"animation":{"dataType":3,"framePerSecond":24,"keys":[
{"frame":1,"values":[1,0,0,0,0,1,0,0,0,0,1,0,0,0,0,1]},
{"frame":25,"values":[1,0,0,0,0,1,0,0,0,0,1,0,0,0,0,1]}],"loopBehavior":1,"name":"anim","property":"_matrix"}},
{"name":"boss:LeftHandMiddle1","index":15,"matrix":[0.9535,-0.2984,0.0422,0,0.2851,0.9387,0.1939,0,-0.0975,-0.1728,0.9801,0,10.4639,0.6148,0.4298,1],"rest":[0.9974,0.0586,0.041,0,-0.0586,0.9983,-0.0012,0,-0.041,-0.0012,0.9992,0,10.4639,0.6148,0.4298,1],"parentBoneIndex":10,"length":5.7921
,"animation":{"dataType":3,"framePerSecond":24,"keys":[
{"frame":1,"values":[0.9535,-0.2984,0.0422,0,0.2851,0.9387,0.1939,0,-0.0975,-0.1728,0.9801,0,10.4639,0.6148,0.4298,1]},
{"frame":25,"values":[0.9535,-0.2984,0.0422,0,0.2851,0.9387,0.1939,0,-0.0975,-0.1728,0.9801,0,10.4639,0.6148,0.4298,1]}],"loopBehavior":1,"name":"anim","property":"_matrix"}},
{"name":"boss:LeftHandMiddle2","index":16,"matrix":[0.6955,-0.7185,0,0,0.7185,0.6955,0,0,0,0,1,0,5.7921,0,0,1],"rest":[1,0,0,0,0,1,0,0,0,0,1,0,5.7921,0,0,1],"parentBoneIndex":15,"length":3.7132
,"animation":{"dataType":3,"framePerSecond":24,"keys":[
{"frame":1,"values":[0.6955,-0.7185,0,0,0.7185,0.6955,0,0,0,0,1,0,5.7921,0,0,1]},
{"frame":25,"values":[0.6955,-0.7185,0,0,0.7185,0.6955,0,0,0,0,1,0,5.7921,0,0,1]}],"loopBehavior":1,"name":"anim","property":"_matrix"}},
{"name":"boss:LeftHandMiddle3","index":17,"matrix":[0.7198,-0.6941,0,0,0.6941,0.7198,0,0,0,0.0001,1,0,3.7132,0,0,1],"rest":[1,0,0,0,0,1,-0.0001,0,0,0.0001,1,0,3.7132,0,0,1],"parentBoneIndex":16,"length":0.01
,"animation":{"dataType":3,"framePerSecond":24,"keys":[
{"frame":1,"values":[0.7198,-0.6941,0,0,0.6941,0.7198,0,0,0,0.0001,1,0,3.7132,0,0,1]},
{"frame":25,"values":[0.7198,-0.6941,0,0,0.6941,0.7198,0,0,0,0.0001,1,0,3.7132,0,0,1]}],"loopBehavior":1,"name":"anim","property":"_matrix"}},
{"name":"boss:LeftHandMiddle4","index":18,"matrix":[1,0,0,0,0,1,0,0,0,0,1,0,0,0,0,1],"rest":[1,0,0,0,0,1,0,0,0,0,1,0,0,0,0,1],"parentBoneIndex":17,"length":0.01
,"animation":{"dataType":3,"framePerSecond":24,"keys":[
{"frame":1,"values":[1,0,0,0,0,1,0,0,0,0,1,0,0,0,0,1]},
{"frame":25,"values":[1,0,0,0,0,1,0,0,0,0,1,0,0,0,0,1]}],"loopBehavior":1,"name":"anim","property":"_matrix"}},
{"name":"boss:LeftHandIndex1","index":19,"matrix":[0.9532,-0.3001,0.0373,0,0.2888,0.94,0.1816,0,-0.0895,-0.1624,0.9827,0,10.3945,0.6148,2.7055,1],"rest":[0.9974,0.0586,0.041,0,-0.0586,0.9983,-0.0012,0,-0.041,-0.0012,0.9992,0,10.3945,0.6148,2.7055,1],"parentBoneIndex":10,"length":5.5493
,"animation":{"dataType":3,"framePerSecond":24,"keys":[
{"frame":1,"values":[0.9532,-0.3001,0.0373,0,0.2888,0.94,0.1816,0,-0.0895,-0.1624,0.9827,0,10.3945,0.6148,2.7055,1]},
{"frame":25,"values":[0.9532,-0.3001,0.0373,0,0.2888,0.94,0.1816,0,-0.0895,-0.1624,0.9827,0,10.3945,0.6148,2.7055,1]}],"loopBehavior":1,"name":"anim","property":"_matrix"}},
{"name":"boss:LeftHandIndex2","index":20,"matrix":[0.878,-0.4786,0,0,0.4786,0.878,0,0,0,0,1,0,5.5493,0,0,1],"rest":[1,0,0,0,0,1,0,0,0,0,1,0,5.5493,0,0,1],"parentBoneIndex":19,"length":3.3911
,"animation":{"dataType":3,"framePerSecond":24,"keys":[
{"frame":1,"values":[0.878,-0.4786,0,0,0.4786,0.878,0,0,0,0,1,0,5.5493,0,0,1]},
{"frame":25,"values":[0.878,-0.4786,0,0,0.4786,0.878,0,0,0,0,1,0,5.5493,0,0,1]}],"loopBehavior":1,"name":"anim","property":"_matrix"}},
{"name":"boss:LeftHandIndex3","index":21,"matrix":[0.8773,-0.48,0,0,0.48,0.8773,-0.0001,0,0,0.0001,1,0,3.3911,0,0,1],"rest":[1,0,0,0,0,1,-0.0001,0,0,0.0001,1,0,3.3911,0,0,1],"parentBoneIndex":20,"length":0.01
,"animation":{"dataType":3,"framePerSecond":24,"keys":[
{"frame":1,"values":[0.8773,-0.48,0,0,0.48,0.8773,-0.0001,0,0,0.0001,1,0,3.3911,0,0,1]},
{"frame":25,"values":[0.8773,-0.48,0,0,0.48,0.8773,-0.0001,0,0,0.0001,1,0,3.3911,0,0,1]}],"loopBehavior":1,"name":"anim","property":"_matrix"}},
{"name":"boss:LeftHandIndex4","index":22,"matrix":[1,0,0,0,0,1,0,0,0,0,1,0,0,0,0,1],"rest":[1,0,0,0,0,1,0,0,0,0,1,0,0,0,0,1],"parentBoneIndex":21,"length":0.01
,"animation":{"dataType":3,"framePerSecond":24,"keys":[
{"frame":1,"values":[1,0,0,0,0,1,0,0,0,0,1,0,0,0,0,1]},
{"frame":25,"values":[1,0,0,0,0,1,0,0,0,0,1,0,0,0,0,1]}],"loopBehavior":1,"name":"anim","property":"_matrix"}},
{"name":"boss:LeftHandRing1","index":23,"matrix":[0.9658,-0.2508,0.0652,0,0.2488,0.9678,0.0375,0,-0.0726,-0.02,0.9972,0,10.3252,0.3211,-1.8755,1],"rest":[0.9974,0.0586,0.041,0,-0.0586,0.9983,-0.0012,0,-0.041,-0.0012,0.9992,0,10.3252,0.3211,-1.8755,1],"parentBoneIndex":10,"length":5.4452
,"animation":{"dataType":3,"framePerSecond":24,"keys":[
{"frame":1,"values":[0.9658,-0.2508,0.0652,0,0.2488,0.9678,0.0375,0,-0.0726,-0.02,0.9972,0,10.3252,0.3211,-1.8755,1]},
