{"producer":{"name":"Blender","version":"2.90.0","exporter_version":"2.80.1","file":"turnleft.babylon"},
"autoClear":true,"clearColor":[0.0509,0.0509,0.0509],"gravity":[0,-9.81,0],
"materials":[{"name":"Material","id":"Material","customType":"BABYLON.PBRMaterial","backFaceCulling":true,"checkReadyOnlyOnce":false,"maxSimultaneousLights":4,"environmentIntensity":1,"albedo":[0.8,0.8,0.8],"reflectivity":[0.5,0.5,0.5],"roughness":0.4,"alpha":1,"transparencyMode":0,"alphaCutOff":0.4,"metallic":0}],
"multiMaterials":[],
"skeletons":[{"name":"Armature","id":0,"dimensionsAtRest":[188.1767,172.4535,15.5905],"bones":[
{"name":"boss:Hips","index":0,"matrix":[0.9916,-0.0676,-0.1104,0,0.0742,0.9956,0.0573,0,-0.106,0.0651,-0.9922,0,0.1114,95.2886,-0.0499,1],"rest":[1,0,0,0,0,1,0,0,0,0,-1,0,0,96.3794,0,1],"parentBoneIndex":-1,"length":9.9032
,"animation":{"dataType":3,"framePerSecond":24,"keys":[
{"frame":1,"values":[0.9916,-0.0676,-0.1104,0,0.0742,0.9956,0.0573,0,-0.106,0.0651,-0.9922,0,0.1114,95.2886,-0.0499,1]},
{"frame":2,"values":[0.9916,-0.0676,-0.1104,0,0.0742,0.9956,0.0573,0,-0.106,0.0651,-0.9922,0,-0.1385,95.2358,0.8952,1]},
{"frame":3,"values":[0.9916,-0.0676,-0.1104,0,0.0742,0.9956,0.0573,0,-0.106,0.0651,-0.9922,0,-0.6814,95.2518,1.9641,1]},
{"frame":4,"values":[0.9916,-0.0676,-0.1104,0,0.0742,0.9956,0.0573,0,-0.106,0.0651,-0.9922,0,-1.4749,95.424,3.1679,1]},
{"frame":5,"values":[0.9916,-0.0676,-0.1104,0,0.0742,0.9956,0.0573,0,-0.106,0.0651,-0.9922,0,-2.4428,95.7541,4.3724,1]},
{"frame":6,"values":[0.9916,-0.0676,-0.1104,0,0.0742,0.9956,0.0573,0,-0.106,0.0651,-0.9922,0,-3.3568,95.8473,5.473,1]},
{"frame":7,"values":[0.9916,-0.0676,-0.1104,0,0.0742,0.9956,0.0573,0,-0.106,0.0651,-0.9922,0,-4.1582,95.8964,6.5121,1]},
{"frame":8,"values":[0.9916,-0.0676,-0.1104,0,0.0742,0.9956,0.0573,0,-0.106,0.0651,-0.9922,0,-4.7533,95.8913,7.4729,1]},
{"frame":9,"values":[0.9916,-0.0676,-0.1104,0,0.0742,0.9956,0.0573,0,-0.106,0.0651,-0.9922,0,-4.9957,95.748,8.3519,1]},
{"frame":10,"values":[0.9916,-0.0676,-0.1104,0,0.0742,0.9956,0.0573,0,-0.106,0.0651,-0.9922,0,-4.7871,95.4925,9.2784,1]},
{"frame":11,"values":[0.9916,-0.0676,-0.1104,0,0.0742,0.9956,0.0573,0,-0.106,0.0651,-0.9922,0,-4.4754,95.2668,10.2046,1]},
{"frame":12,"values":[0.9916,-0.0676,-0.1104,0,0.0742,0.9956,0.0573,0,-0.106,0.0651,-0.9922,0,-4.4209,95.1668,10.8889,1]},
{"frame":13,"values":[0.9916,-0.0676,-0.1104,0,0.0742,0.9956,0.0573,0,-0.106,0.0651,-0.9922,0,-4.4568,95.1946,11.2478,1]},
{"frame":14,"values":[0.9916,-0.0676,-0.1104,0,0.0742,0.9956,0.0573,0,-0.106,0.0651,-0.9922,0,-4.5521,95.3591,10.8767,1]},
{"frame":15,"values":[0.9916,-0.0676,-0.1104,0,0.0742,0.9956,0.0573,0,-0.106,0.0651,-0.9922,0,-4.5407,95.5126,9.8687,1]},
{"frame":16,"values":[0.9916,-0.0676,-0.1104,0,0.0742,0.9956,0.0573,0,-0.106,0.0651,-0.9922,0,-4.3542,95.6972,8.6244,1]},
{"frame":17,"values":[0.9916,-0.0676,-0.1104,0,0.0742,0.9956,0.0573,0,-0.106,0.0651,-0.9922,0,-3.8258,95.7998,7.094,1]},
{"frame":18,"values":[0.9916,-0.0676,-0.1104,0,0.0742,0.9956,0.0573,0,-0.106,0.0651,-0.9922,0,-2.672,95.5594,5.0223,1]},
{"frame":19,"values":[0.9916,-0.0676,-0.1104,0,0.0742,0.9956,0.0573,0,-0.106,0.0651,-0.9922,0,-1.548,95.393,3.183,1]},
{"frame":20,"values":[0.9916,-0.0676,-0.1104,0,0.0742,0.9956,0.0573,0,-0.106,0.0651,-0.9922,0,-0.7141,95.3813,1.7494,1]},
{"frame":21,"values":[0.9916,-0.0676,-0.1104,0,0.0742,0.9956,0.0573,0,-0.106,0.0651,-0.9922,0,-0.2203,95.3349,0.8041,1]},
{"frame":22,"values":[0.9916,-0.0676,-0.1104,0,0.0742,0.9956,0.0573,0,-0.106,0.0651,-0.9922,0,0.0075,95.2993,0.2437,1]},
{"frame":23,"values":[0.9916,-0.0676,-0.1104,0,0.0742,0.9956,0.0573,0,-0.106,0.0651,-0.9922,0,0.0499,95.2886,0.1114,1]}],"loopBehavior":1,"name":"anim","property":"_matrix"}},
{"name":"boss:Spine","index":1,"matrix":[0.9978,0.0612,-0.0241,0,-0.0597,0.9965,0.0589,0,0.0276,-0.0573,0.998,0,0,9.2263,1.5771,1],"rest":[1,0,0,0,0,1,0,0,0,0,1,0,0,9.2263,1.5771,1],"parentBoneIndex":0,"length":16.2548
,"animation":{"dataType":3,"framePerSecond":24,"keys":[
{"frame":1,"values":[0.9978,0.0612,-0.0241,0,-0.0597,0.9965,0.0589,0,0.0276,-0.0573,0.998,0,0,9.2263,1.5771,1]},
{"frame":2,"values":[0.9976,0.0629,-0.029,0,-0.0611,0.9963,0.0611,0,0.0328,-0.0592,0.9977,0,0,9.2263,1.5771,1]},
{"frame":3,"values":[0.9976,0.0613,-0.0328,0,-0.0592,0.9962,0.0643,0,0.0366,-0.0622,0.9974,0,0,9.2263,1.5771,1]},
{"frame":4,"values":[0.998,0.0524,-0.0366,0,-0.0499,0.9964,0.068,0,0.04,-0.0661,0.997,0,0,9.2263,1.5771,1]},
{"frame":5,"values":[0.9984,0.0385,-0.0416,0,-0.0355,0.9969,0.0707,0,0.0442,-0.0691,0.9966,0,0,9.2263,1.5771,1]},
{"frame":6,"values":[0.9985,0.026,-0.0471,0,-0.0227,0.9972,0.0706,0,0.0489,-0.0694,0.9964,0,0,9.2263,1.5771,1]},
{"frame":7,"values":[0.9986,0.0157,-0.0509,0,-0.0122,0.9976,0.0685,0,0.0519,-0.0678,0.9964,0,0,9.2263,1.5771,1]},
{"frame":8,"values":[0.9985,0.0088,-0.0539,0,-0.0052,0.9978,0.0661,0,0.0543,-0.0657,0.9964,0,0,9.2263,1.5771,1]},
{"frame":9,"values":[0.9982,0.0125,-0.0591,0,-0.0088,0.9979,0.0636,0,0.0598,-0.063,0.9962,0,0,9.2263,1.5771,1]},
{"frame":10,"values":[0.9975,0.0259,-0.065,0,-0.022,0.9979,0.0607,0,0.0664,-0.0591,0.996,0,0,9.2263,1.5771,1]},
{"frame":11,"values":[0.9972,0.0356,-0.0662,0,-0.0318,0.9978,0.0585,0,0.0681,-0.0562,0.9961,0,0,9.2263,1.5771,1]},
{"frame":12,"values":[0.9974,0.038,-0.061,0,-0.0344,0.9977,0.0588,0,0.0631,-0.0566,0.9964,0,0,9.2263,1.5771,1]},
{"frame":13,"values":[0.9977,0.0422,-0.0524,0,-0.039,0.9974,0.0603,0,0.0548,-0.0581,0.9968,0,0,9.2263,1.5771,1]},
{"frame":14,"values":[0.9978,0.0481,-0.045,0,-0.0453,0.9971,0.0616,0,0.0479,-0.0594,0.9971,0,0,9.2263,1.5771,1]},
{"frame":15,"values":[0.9979,0.0494,-0.0411,0,-0.0466,0.9968,0.0651,0,0.0442,-0.0631,0.997,0,0,9.2263,1.5771,1]},
{"frame":16,"values":[0.9982,0.0459,-0.0376,0,-0.0432,0.9965,0.071,0,0.0407,-0.0693,0.9968,0,0,9.2263,1.5771,1]},
{"frame":17,"values":[0.9988,0.037,-0.0309,0,-0.0346,0.9966,0.0741,0,0.0335,-0.0729,0.9968,0,0,9.2263,1.5771,1]},
{"frame":18,"values":[0.9995,0.0236,-0.0225,0,-0.0219,0.9972,0.0721,0,0.0242,-0.0715,0.9971,0,0,9.2263,1.5771,1]},
{"frame":19,"values":[0.9997,0.0158,-0.0164,0,-0.0146,0.9976,0.0681,0,0.0175,-0.0678,0.9975,0,0,9.2263,1.5771,1]},
{"frame":20,"values":[0.9997,0.0211,-0.0143,0,-0.0201,0.9977,0.0646,0,0.0156,-0.0643,0.9978,0,0,9.2263,1.5771,1]},
{"frame":21,"values":[0.9992,0.0355,-0.0163,0,-0.0345,0.9975,0.0618,0,0.0185,-0.0612,0.998,0,0,9.2263,1.5771,1]},
{"frame":22,"values":[0.9985,0.0512,-0.0208,0,-0.0499,0.997,0.0599,0,0.0238,-0.0587,0.998,0,0,9.2263,1.5771,1]},
{"frame":23,"values":[0.9978,0.0612,-0.0241,0,-0.0597,0.9965,0.0589,0,0.0276,-0.0573,0.998,0,0,9.2263,1.5771,1]}],"loopBehavior":1,"name":"anim","property":"_matrix"}},
{"name":"boss:Spine1","index":2,"matrix":[0.9995,0.0296,-0.0056,0,-0.0295,0.9994,0.0204,0,0.0062,-0.0202,0.9998,0,0,16.254,-0.1656,1],"rest":[1,0,0,0,0,1,0,0,0,0,1,0,0,16.254,-0.1656,1],"parentBoneIndex":1,"length":13.7007
,"animation":{"dataType":3,"framePerSecond":24,"keys":[
{"frame":1,"values":[0.9995,0.0296,-0.0056,0,-0.0295,0.9994,0.0204,0,0.0062,-0.0202,0.9998,0,0,16.254,-0.1656,1]},
{"frame":2,"values":[0.9995,0.0303,-0.0088,0,-0.0301,0.9993,0.0226,0,0.0095,-0.0223,0.9997,0,0,16.254,-0.1656,1]},
{"frame":3,"values":[0.9994,0.0336,-0.0114,0,-0.0333,0.9991,0.0255,0,0.0123,-0.0251,0.9996,0,0,16.254,-0.1656,1]},
{"frame":4,"values":[0.9991,0.0391,-0.0149,0,-0.0386,0.9988,0.0292,0,0.016,-0.0286,0.9995,0,0,16.254,-0.1656,1]},
{"frame":5,"values":[0.9988,0.0456,-0.0197,0,-0.0449,0.9985,0.0323,0,0.0211,-0.0314,0.9993,0,0,16.254,-0.1656,1]},
{"frame":6,"values":[0.9983,0.053,-0.0246,0,-0.0522,0.9981,0.0332,0,0.0264,-0.0318,0.9991,0,0,16.254,-0.1656,1]},
{"frame":7,"values":[0.9977,0.0614,-0.0279,0,-0.0605,0.9976,0.0322,0,0.0298,-0.0304,0.9991,0,0,16.254,-0.1656,1]},
{"frame":8,"values":[0.997,0.0706,-0.0304,0,-0.0697,0.9971,0.0308,0,0.0325,-0.0286,0.9991,0,0,16.254,-0.1656,1]},
{"frame":9,"values":[0.9962,0.0797,-0.0355,0,-0.0787,0.9965,0.029,0,0.0377,-0.0261,0.9989,0,0,16.254,-0.1656,1]},
{"frame":10,"values":[0.9954,0.0858,-0.0422,0,-0.0848,0.9961,0.0255,0,0.0442,-0.0218,0.9988,0,0,16.254,-0.1656,1]},
{"frame":11,"values":[0.9952,0.087,-0.0454,0,-0.086,0.9961,0.0218,0,0.0471,-0.0178,0.9987,0,0,16.254,-0.1656,1]},
{"frame":12,"values":[0.9952,0.0877,-0.0428,0,-0.0868,0.996,0.0205,0,0.0444,-0.0167,0.9989,0,0,16.254,-0.1656,1]},
{"frame":13,"values":[0.9953,0.0901,-0.0365,0,-0.0894,0.9958,0.0207,0,0.0383,-0.0173,0.9991,0,0,16.254,-0.1656,1]},
{"frame":14,"values":[0.9955,0.0899,-0.0313,0,-0.0893,0.9958,0.0206,0,0.033,-0.0177,0.9993,0,0,16.254,-0.1656,1]},
{"frame":15,"values":[0.9959,0.0849,-0.0313,0,-0.0843,0.9962,0.0227,0,0.0331,-0.0199,0.9993,0,0,16.254,-0.1656,1]},
{"frame":16,"values":[0.9964,0.0783,-0.0323,0,-0.0774,0.9966,0.0269,0,0.0343,-0.0243,0.9991,0,0,16.254,-0.1656,1]},
{"frame":17,"values":[0.9973,0.0699,-0.0242,0,-0.0692,0.9972,0.0277,0,0.0261,-0.0259,0.9993,0,0,16.254,-0.1656,1]},
{"frame":18,"values":[0.9982,0.059,-0.0107,0,-0.0587,0.998,0.0244,0,0.0121,-0.0237,0.9996,0,0,16.254,-0.1656,1]},
{"frame":19,"values":[0.9988,0.0489,-0.0028,0,-0.0488,0.9986,0.0221,0,0.0038,-0.022,0.9998,0,0,16.254,-0.1656,1]},
{"frame":20,"values":[0.9991,0.0423,-0.0004,0,-0.0423,0.9989,0.0218,0,0.0013,-0.0218,0.9998,0,0,16.254,-0.1656,1]},
{"frame":21,"values":[0.9993,0.0374,-0.0007,0,-0.0374,0.9991,0.0215,0,0.0015,-0.0214,0.9998,0,0,16.254,-0.1656,1]},
{"frame":22,"values":[0.9995,0.0327,-0.0032,0,-0.0327,0.9993,0.0207,0,0.0039,-0.0206,0.9998,0,0,16.254,-0.1656,1]},
{"frame":23,"values":[0.9995,0.0296,-0.0057,0,-0.0295,0.9994,0.0204,0,0.0063,-0.0202,0.9998,0,0,16.254,-0.1656,1]}],"loopBehavior":1,"name":"anim","property":"_matrix"}},
{"name":"boss:Spine2","index":3,"matrix":[0.9995,0.0297,-0.0061,0,-0.0296,0.9994,0.0199,0,0.0067,-0.0198,0.9998,0,0,13.6396,-1.2923,1],"rest":[1,0,0,0,0,1,0,0,0,0,1,0,0,13.6396,-1.2923,1],"parentBoneIndex":2,"length":13.1719
,"animation":{"dataType":3,"framePerSecond":24,"keys":[
{"frame":1,"values":[0.9995,0.0297,-0.0061,0,-0.0296,0.9994,0.0199,0,0.0067,-0.0198,0.9998,0,0,13.6396,-1.2923,1]},
{"frame":2,"values":[0.9995,0.029,-0.0093,0,-0.0288,0.9993,0.022,0,0.0099,-0.0217,0.9997,0,0,13.6396,-1.2923,1]},
{"frame":3,"values":[0.9995,0.0292,-0.0118,0,-0.0289,0.9993,0.0248,0,0.0125,-0.0245,0.9996,0,0,13.6396,-1.2923,1]},
{"frame":4,"values":[0.9995,0.0296,-0.0148,0,-0.0292,0.9992,0.0285,0,0.0157,-0.028,0.9995,0,0,13.6396,-1.2923,1]},
{"frame":5,"values":[0.9994,0.0297,-0.0191,0,-0.0291,0.9991,0.0314,0,0.02,-0.0308,0.9993,0,0,13.6396,-1.2923,1]},
{"frame":6,"values":[0.9993,0.0298,-0.0234,0,-0.0291,0.9991,0.0319,0,0.0243,-0.0312,0.9992,0,0,13.6396,-1.2923,1]},
{"frame":7,"values":[0.9992,0.0302,-0.0258,0,-0.0294,0.9991,0.0307,0,0.0267,-0.0299,0.9992,0,0,13.6396,-1.2923,1]},
{"frame":8,"values":[0.9991,0.0311,-0.0275,0,-0.0303,0.9991,0.0291,0,0.0284,-0.0282,0.9992,0,0,13.6396,-1.2923,1]},
{"frame":9,"values":[0.999,0.0321,-0.0317,0,-0.0313,0.9992,0.0269,0,0.0326,-0.0258,0.9991,0,0,13.6396,-1.2923,1]},
{"frame":10,"values":[0.9988,0.0307,-0.0375,0,-0.0299,0.9993,0.0229,0,0.0382,-0.0217,0.999,0,0,13.6396,-1.2923,1]},
{"frame":11,"values":[0.9989,0.0253,-0.0398,0,-0.0245,0.9995,0.0189,0,0.0402,-0.0179,0.999,0,0,13.6396,-1.2923,1]},
{"frame":12,"values":[0.9991,0.0205,-0.0368,0,-0.0198,0.9996,0.0178,0,0.0371,-0.017,0.9992,0,0,13.6396,-1.2923,1]},
{"frame":13,"values":[0.9994,0.0187,-0.0303,0,-0.0182,0.9997,0.0185,0,0.0306,-0.0179,0.9994,0,0,13.6396,-1.2923,1]},
{"frame":14,"values":[0.9996,0.0166,-0.0247,0,-0.0161,0.9997,0.019,0,0.025,-0.0186,0.9995,0,0,13.6396,-1.2923,1]},
{"frame":15,"values":[0.9996,0.0147,-0.0247,0,-0.0142,0.9997,0.0217,0,0.025,-0.0214,0.9995,0,0,13.6396,-1.2923,1]},
{"frame":16,"values":[0.9995,0.0171,-0.0265,0,-0.0163,0.9995,0.0265,0,0.0269,-0.026,0.9993,0,0,13.6396,-1.2923,1]},
{"frame":17,"values":[0.9996,0.0214,-0.0196,0,-0.0209,0.9994,0.0276,0,0.0202,-0.0272,0.9994,0,0,13.6396,-1.2923,1]},
{"frame":18,"values":[0.9997,0.0244,-0.0074,0,-0.0243,0.9994,0.0244,0,0.008,-0.0242,0.9997,0,0,13.6396,-1.2923,1]},
{"frame":19,"values":[0.9996,0.028,-0.001,0,-0.028,0.9994,0.022,0,0.0016,-0.022,0.9998,0,0,13.6396,-1.2923,1]},
{"frame":20,"values":[0.9995,0.0324,-0.0001,0,-0.0324,0.9992,0.0215,0,0.0008,-0.0215,0.9998,0,0,13.6396,-1.2923,1]},
{"frame":21,"values":[0.9994,0.0341,-0.0012,0,-0.034,0.9992,0.021,0,0.0019,-0.021,0.9998,0,0,13.6396,-1.2923,1]},
{"frame":22,"values":[0.9995,0.0319,-0.0037,0,-0.0319,0.9993,0.0203,0,0.0044,-0.0201,0.9998,0,0,13.6396,-1.2923,1]},
{"frame":23,"values":[0.9995,0.0297,-0.0061,0,-0.0296,0.9994,0.0199,0,0.0067,-0.0198,0.9998,0,0,13.6396,-1.2923,1]}],"loopBehavior":1,"name":"anim","property":"_matrix"}},
{"name":"boss:Neck","index":4,"matrix":[1,0.0041,0.0011,0,-0.0041,0.9988,0.0491,0,-0.0009,-0.0491,0.9988,0,0,13.8774,-4.3542,1],"rest":[1,0,0,0,0,1,0,0,0,0,1,0,0,13.8774,-4.3542,1],"parentBoneIndex":3,"length":4.4379
,"animation":{"dataType":3,"framePerSecond":24,"keys":[
{"frame":1,"values":[1,0.0041,0.0011,0,-0.0041,0.9988,0.0491,0,-0.0009,-0.0491,0.9988,0,0,13.8774,-4.3542,1]},
{"frame":2,"values":[1,0.0002,-0.0077,0,0.0002,0.9988,0.0485,0,0.0077,-0.0485,0.9988,0,0,13.8774,-4.3542,1]},
{"frame":3,"values":[0.9997,-0.0056,-0.0231,0,0.0068,0.9986,0.0517,0,0.0228,-0.0518,0.9984,0,0,13.8774,-4.3542,1]},
{"frame":4,"values":[0.999,-0.0115,-0.0426,0,0.0139,0.9982,0.0579,0,0.0419,-0.0584,0.9974,0,0,13.8774,-4.3542,1]},
{"frame":5,"values":[0.9981,-0.0153,-0.0605,0,0.0192,0.9977,0.0644,0,0.0594,-0.0654,0.9961,0,0,13.8774,-4.3542,1]},
{"frame":6,"values":[0.9972,-0.0167,-0.0724,0,0.0217,0.9974,0.069,0,0.0711,-0.0703,0.995,0,0,13.8774,-4.3542,1]},
{"frame":7,"values":[0.9968,-0.017,-0.078,0,0.0225,0.9972,0.071,0,0.0766,-0.0725,0.9944,0,0,13.8774,-4.3542,1]},
{"frame":8,"values":[0.9967,-0.0171,-0.0795,0,0.0228,0.9972,0.0715,0,0.078,-0.073,0.9943,0,0,13.8774,-4.3542,1]},
{"frame":9,"values":[0.9968,-0.0173,-0.0784,0,0.0229,0.9972,0.0718,0,0.0769,-0.0734,0.9943,0,0,13.8774,-4.3542,1]},
{"frame":10,"values":[0.997,-0.0173,-0.0756,0,0.0228,0.9971,0.0724,0,0.0742,-0.0739,0.9945,0,0,13.8774,-4.3542,1]},
{"frame":11,"values":[0.9973,-0.0166,-0.0718,0,0.0217,0.9972,0.0718,0,0.0704,-0.0731,0.9948,0,0,13.8774,-4.3542,1]},
{"frame":12,"values":[0.9977,-0.0143,-0.0668,0,0.019,0.9974,0.0699,0,0.0656,-0.071,0.9953,0,0,13.8774,-4.3542,1]},
{"frame":13,"values":[0.9981,-0.0115,-0.0603,0,0.0156,0.9976,0.068,0,0.0594,-0.0688,0.9959,0,0,13.8774,-4.3542,1]},
{"frame":14,"values":[0.9986,-0.0096,-0.0525,0,0.0131,0.9977,0.0663,0,0.0517,-0.0669,0.9964,0,0,13.8774,-4.3542,1]},
{"frame":15,"values":[0.999,-0.0076,-0.0437,0,0.0104,0.9979,0.0637,0,0.0431,-0.0641,0.997,0,0,13.8774,-4.3542,1]},
{"frame":16,"values":[0.9994,-0.0045,-0.0343,0,0.0066,0.9982,0.0598,0,0.0339,-0.06,0.9976,0,0,13.8774,-4.3542,1]},
{"frame":17,"values":[0.9997,-0.0007,-0.0246,0,0.0021,0.9985,0.0556,0,0.0245,-0.0556,0.9981,0,0,13.8774,-4.3542,1]},
{"frame":18,"values":[0.9999,0.0026,-0.0154,0,-0.0018,0.9986,0.052,0,0.0156,-0.0519,0.9985,0,0,13.8774,-4.3542,1]},
{"frame":19,"values":[1,0.0045,-0.008,0,-0.0041,0.9988,0.0498,0,0.0082,-0.0497,0.9987,0,0,13.8774,-4.3542,1]},
{"frame":20,"values":[1,0.0046,-0.0032,0,-0.0045,0.9988,0.0491,0,0.0034,-0.0491,0.9988,0,0,13.8774,-4.3542,1]},
{"frame":21,"values":[1,0.0043,-0.0006,0,-0.0042,0.9988,0.0491,0,0.0008,-0.0491,0.9988,0,0,13.8774,-4.3542,1]},
{"frame":22,"values":[1,0.0041,0.0006,0,-0.0041,0.9988,0.0491,0,-0.0004,-0.0491,0.9988,0,0,13.8774,-4.3542,1]},
{"frame":23,"values":[1,0.0041,0.0011,0,-0.0041,0.9988,0.0491,0,-0.0009,-0.0491,0.9988,0,0,13.8774,-4.3542,1]}],"loopBehavior":1,"name":"anim","property":"_matrix"}},
{"name":"boss:Neck1","index":5,"matrix":[1,0.0041,0.0011,0,-0.0041,0.9988,0.0491,0,-0.0009,-0.0491,0.9988,0,0,4.34,0.9269,1],"rest":[1,0,0,0,0,1,0,0,0,0,1,0,0,4.34,0.9269,1],"parentBoneIndex":4,"length":4.1171
,"animation":{"dataType":3,"framePerSecond":24,"keys":[
{"frame":1,"values":[1,0.0041,0.0011,0,-0.0041,0.9988,0.0491,0,-0.0009,-0.0491,0.9988,0,0,4.34,0.9269,1]},
{"frame":2,"values":[1,0.0002,-0.0077,0,0.0002,0.9988,0.0485,0,0.0077,-0.0485,0.9988,0,0,4.34,0.9269,1]},
{"frame":3,"values":[0.9997,-0.0056,-0.0231,0,0.0068,0.9986,0.0517,0,0.0228,-0.0518,0.9984,0,0,4.34,0.9269,1]},
{"frame":4,"values":[0.999,-0.0115,-0.0426,0,0.0139,0.9982,0.0579,0,0.0419,-0.0584,0.9974,0,0,4.34,0.9269,1]},
{"frame":5,"values":[0.9981,-0.0153,-0.0605,0,0.0192,0.9977,0.0644,0,0.0594,-0.0654,0.9961,0,0,4.34,0.9269,1]},
{"frame":6,"values":[0.9972,-0.0167,-0.0724,0,0.0217,0.9974,0.069,0,0.0711,-0.0703,0.995,0,0,4.34,0.9269,1]},
{"frame":7,"values":[0.9968,-0.017,-0.078,0,0.0225,0.9972,0.071,0,0.0766,-0.0725,0.9944,0,0,4.34,0.9269,1]},
{"frame":8,"values":[0.9967,-0.0171,-0.0795,0,0.0228,0.9972,0.0715,0,0.078,-0.073,0.9943,0,0,4.34,0.9269,1]},
{"frame":9,"values":[0.9968,-0.0173,-0.0784,0,0.0229,0.9972,0.0719,0,0.0769,-0.0734,0.9943,0,0,4.34,0.9269,1]},
{"frame":10,"values":[0.997,-0.0173,-0.0756,0,0.0228,0.9971,0.0724,0,0.0742,-0.0739,0.9945,0,0,4.34,0.9269,1]},
{"frame":11,"values":[0.9973,-0.0166,-0.0718,0,0.0217,0.9972,0.0718,0,0.0704,-0.0731,0.9948,0,0,4.34,0.9269,1]},
{"frame":12,"values":[0.9977,-0.0143,-0.0668,0,0.019,0.9974,0.0699,0,0.0656,-0.071,0.9953,0,0,4.34,0.9269,1]},
{"frame":13,"values":[0.9981,-0.0115,-0.0603,0,0.0156,0.9976,0.068,0,0.0594,-0.0688,0.9959,0,0,4.34,0.9269,1]},
{"frame":14,"values":[0.9986,-0.0096,-0.0525,0,0.0131,0.9977,0.0663,0,0.0517,-0.0669,0.9964,0,0,4.34,0.9269,1]},
{"frame":15,"values":[0.999,-0.0076,-0.0437,0,0.0104,0.9979,0.0637,0,0.0431,-0.0641,0.997,0,0,4.34,0.9269,1]},
{"frame":16,"values":[0.9994,-0.0045,-0.0343,0,0.0066,0.9982,0.0598,0,0.0339,-0.06,0.9976,0,0,4.34,0.9269,1]},
{"frame":17,"values":[0.9997,-0.0007,-0.0246,0,0.0021,0.9985,0.0556,0,0.0245,-0.0556,0.9981,0,0,4.34,0.9269,1]},
{"frame":18,"values":[0.9999,0.0026,-0.0154,0,-0.0018,0.9986,0.052,0,0.0156,-0.0519,0.9985,0,0,4.34,0.9269,1]},
{"frame":19,"values":[1,0.0045,-0.008,0,-0.0041,0.9988,0.0498,0,0.0082,-0.0497,0.9987,0,0,4.34,0.9269,1]},
{"frame":20,"values":[1,0.0046,-0.0032,0,-0.0045,0.9988,0.0491,0,0.0034,-0.0491,0.9988,0,0,4.34,0.9269,1]},
{"frame":21,"values":[1,0.0043,-0.0006,0,-0.0042,0.9988,0.0491,0,0.0008,-0.0491,0.9988,0,0,4.34,0.9269,1]},
{"frame":22,"values":[1,0.0041,0.0006,0,-0.0041,0.9988,0.0491,0,-0.0004,-0.0491,0.9988,0,0,4.34,0.9269,1]},
{"frame":23,"values":[1,0.0041,0.0011,0,-0.0041,0.9988,0.0491,0,-0.0009,-0.0491,0.9988,0,0,4.34,0.9269,1]}],"loopBehavior":1,"name":"anim","property":"_matrix"}},
{"name":"boss:Head","index":6,"matrix":[1,0.0041,0.0011,0,-0.0041,0.9988,0.0491,0,-0.0009,-0.0491,0.9988,0,0,4.0266,0.8585,1],"rest":[1,0,0,0,0,1,0,0,0,0,1,0,0,4.0266,0.8585,1],"parentBoneIndex":5,"length":4.1171
,"animation":{"dataType":3,"framePerSecond":24,"keys":[
{"frame":1,"values":[1,0.0041,0.0011,0,-0.0041,0.9988,0.0491,0,-0.0009,-0.0491,0.9988,0,0,4.0266,0.8585,1]},
{"frame":2,"values":[1,0.0002,-0.0077,0,0.0002,0.9988,0.0485,0,0.0077,-0.0485,0.9988,0,0,4.0266,0.8585,1]},
{"frame":3,"values":[0.9997,-0.0056,-0.0231,0,0.0068,0.9986,0.0517,0,0.0228,-0.0518,0.9984,0,0,4.0266,0.8585,1]},
{"frame":4,"values":[0.999,-0.0115,-0.0426,0,0.0139,0.9982,0.0579,0,0.0419,-0.0584,0.9974,0,0,4.0266,0.8585,1]},
{"frame":5,"values":[0.9981,-0.0153,-0.0605,0,0.0192,0.9977,0.0644,0,0.0594,-0.0654,0.9961,0,0,4.0266,0.8585,1]},
{"frame":6,"values":[0.9972,-0.0167,-0.0724,0,0.0217,0.9974,0.069,0,0.0711,-0.0703,0.995,0,0,4.0266,0.8585,1]},
{"frame":7,"values":[0.9968,-0.017,-0.078,0,0.0225,0.9972,0.071,0,0.0766,-0.0725,0.9944,0,0,4.0266,0.8585,1]},
{"frame":8,"values":[0.9967,-0.0171,-0.0795,0,0.0228,0.9972,0.0715,0,0.078,-0.073,0.9943,0,0,4.0266,0.8585,1]},
{"frame":9,"values":[0.9968,-0.0173,-0.0784,0,0.0229,0.9972,0.0718,0,0.0769,-0.0734,0.9943,0,0,4.0266,0.8585,1]},
{"frame":10,"values":[0.997,-0.0173,-0.0756,0,0.0228,0.9971,0.0724,0,0.0742,-0.0739,0.9945,0,0,4.0266,0.8585,1]},
{"frame":11,"values":[0.9973,-0.0166,-0.0718,0,0.0217,0.9972,0.0718,0,0.0704,-0.0731,0.9948,0,0,4.0266,0.8585,1]},
{"frame":12,"values":[0.9977,-0.0143,-0.0668,0,0.019,0.9974,0.0699,0,0.0656,-0.071,0.9953,0,0,4.0266,0.8585,1]},
{"frame":13,"values":[0.9981,-0.0115,-0.0603,0,0.0156,0.9976,0.068,0,0.0594,-0.0688,0.9959,0,0,4.0266,0.8585,1]},
{"frame":14,"values":[0.9986,-0.0096,-0.0525,0,0.0131,0.9977,0.0663,0,0.0517,-0.0669,0.9964,0,0,4.0266,0.8585,1]},
{"frame":15,"values":[0.999,-0.0076,-0.0437,0,0.0104,0.9979,0.0637,0,0.0431,-0.0641,0.997,0,0,4.0266,0.8585,1]},
{"frame":16,"values":[0.9994,-0.0045,-0.0343,0,0.0066,0.9982,0.0598,0,0.0339,-0.06,0.9976,0,0,4.0266,0.8585,1]},
{"frame":17,"values":[0.9997,-0.0007,-0.0246,0,0.0021,0.9985,0.0556,0,0.0245,-0.0556,0.9981,0,0,4.0266,0.8585,1]},
{"frame":18,"values":[0.9999,0.0026,-0.0154,0,-0.0018,0.9986,0.052,0,0.0156,-0.0519,0.9985,0,0,4.0266,0.8585,1]},
{"frame":19,"values":[1,0.0045,-0.008,0,-0.0041,0.9988,0.0498,0,0.0082,-0.0497,0.9987,0,0,4.0266,0.8585,1]},
{"frame":20,"values":[1,0.0046,-0.0032,0,-0.0045,0.9988,0.0491,0,0.0034,-0.0491,0.9988,0,0,4.0266,0.8585,1]},
{"frame":21,"values":[1,0.0043,-0.0006,0,-0.0042,0.9988,0.0491,0,0.0008,-0.0491,0.9988,0,0,4.0266,0.8585,1]},
{"frame":22,"values":[1,0.0041,0.0006,0,-0.0041,0.9988,0.0491,0,-0.0004,-0.0491,0.9988,0,0,4.0266,0.8585,1]},
{"frame":23,"values":[1,0.0041,0.0011,0,-0.0041,0.9988,0.0491,0,-0.0009,-0.0491,0.9988,0,0,4.0266,0.8585,1]}],"loopBehavior":1,"name":"anim","property":"_matrix"}},
{"name":"boss:LeftShoulder","index":7,"matrix":[0.9383,-0.1859,0.2915,0,0.1722,0.9824,0.0721,0,-0.2997,-0.0175,0.9539,0,6.1442,10.187,-3.7932,1],"rest":[1,0,0,0,0,1,0,0,0,0,1,0,6.1442,10.187,-3.7932,1],"parentBoneIndex":3,"length":12.4986
,"animation":{"dataType":3,"framePerSecond":24,"keys":[
{"frame":1,"values":[0.9383,-0.1859,0.2915,0,0.1722,0.9824,0.0721,0,-0.2997,-0.0175,0.9539,0,6.1442,10.187,-3.7932,1]},
{"frame":2,"values":[0.9364,-0.1915,0.2939,0,0.1778,0.9814,0.073,0,-0.3024,-0.0161,0.953,0,6.1442,10.187,-3.7932,1]},
{"frame":3,"values":[0.9336,-0.2007,0.2967,0,0.1869,0.9796,0.0745,0,-0.3056,-0.0141,0.9521,0,6.1442,10.187,-3.7932,1]},
{"frame":4,"values":[0.9312,-0.2106,0.2976,0,0.1968,0.9775,0.0757,0,-0.3068,-0.0119,0.9517,0,6.1442,10.187,-3.7932,1]},
{"frame":5,"values":[0.9296,-0.2195,0.296,0,0.2059,0.9756,0.0765,0,-0.3056,-0.0102,0.9521,0,6.1442,10.187,-3.7932,1]},
{"frame":6,"values":[0.9283,-0.2289,0.2931,0,0.2156,0.9734,0.0773,0,-0.303,-0.0086,0.9529,0,6.1442,10.187,-3.7932,1]},
{"frame":7,"values":[0.9264,-0.2393,0.2906,0,0.2263,0.9709,0.0782,0,-0.3009,-0.0067,0.9536,0,6.1442,10.187,-3.7932,1]},
{"frame":8,"values":[0.9241,-0.2498,0.2891,0,0.2369,0.9683,0.0793,0,-0.2998,-0.0048,0.954,0,6.1442,10.187,-3.7932,1]},
{"frame":9,"values":[0.9229,-0.2615,0.2825,0,0.2484,0.9652,0.0817,0,-0.2941,-0.0052,0.9558,0,6.1442,10.187,-3.7932,1]},
{"frame":10,"values":[0.9247,-0.2761,0.2621,0,0.2626,0.9611,0.086,0,-0.2756,-0.0107,0.9612,0,6.1442,10.187,-3.7932,1]},
{"frame":11,"values":[0.9295,-0.2908,0.2271,0,0.277,0.9565,0.0911,0,-0.2437,-0.0218,0.9696,0,6.1442,10.187,-3.7932,1]},
{"frame":12,"values":[0.9348,-0.301,0.1884,0,0.2876,0.953,0.0955,0,-0.2083,-0.0351,0.9774,0,6.1442,10.187,-3.7932,1]},
{"frame":13,"values":[0.9382,-0.3092,0.1555,0,0.2964,0.9498,0.1,0,-0.1786,-0.0478,0.9828,0,6.1442,10.187,-3.7932,1]},
{"frame":14,"values":[0.9389,-0.3198,0.1275,0,0.3076,0.9455,0.1065,0,-0.1546,-0.0607,0.9861,0,6.1442,10.187,-3.7932,1]},
{"frame":15,"values":[0.9376,-0.3326,0.1016,0,0.3211,0.9401,0.1143,0,-0.1336,-0.0746,0.9882,0,6.1442,10.187,-3.7932,1]},
{"frame":16,"values":[0.9361,-0.3417,0.0833,0,0.3309,0.9359,0.1207,0,-0.1192,-0.0854,0.9892,0,6.1442,10.187,-3.7932,1]},
{"frame":17,"values":[0.9391,-0.3333,0.0838,0,0.3223,0.9388,0.122,0,-0.1193,-0.0876,0.989,0,6.1442,10.187,-3.7932,1]},
{"frame":18,"values":[0.9477,-0.3009,0.106,0,0.2886,0.9503,0.1172,0,-0.136,-0.0804,0.9874,0,6.1442,10.187,-3.7932,1]},
{"frame":19,"values":[0.9541,-0.2633,0.1429,0,0.2493,0.9623,0.1085,0,-0.1661,-0.0679,0.9838,0,6.1442,10.187,-3.7932,1]},
{"frame":20,"values":[0.9535,-0.235,0.1889,0,0.2199,0.9706,0.0978,0,-0.2063,-0.0517,0.9771,0,6.1442,10.187,-3.7932,1]},
{"frame":21,"values":[0.948,-0.2119,0.2374,0,0.1968,0.9767,0.0861,0,-0.2501,-0.0349,0.9676,0,6.1442,10.187,-3.7932,1]},
{"frame":22,"values":[0.9418,-0.1941,0.2745,0,0.1797,0.9807,0.0767,0,-0.2841,-0.0228,0.9585,0,6.1442,10.187,-3.7932,1]},
{"frame":23,"values":[0.9383,-0.1859,0.2915,0,0.1722,0.9824,0.0721,0,-0.2997,-0.0175,0.9539,0,6.1442,10.187,-3.7932,1]}],"loopBehavior":1,"name":"anim","property":"_matrix"}},
{"name":"boss:LeftArm","index":8,"matrix":[0.4379,-0.8922,0.1104,0,0.8307,0.4485,0.3298,0,-0.3438,-0.0527,0.9376,0,12.3191,-1.113,-1.7935,1],"rest":[1,0,0,0,0,1,0,0,0,0,1,0,12.3191,-1.113,-1.7935,1],"parentBoneIndex":7,"length":27.687
,"animation":{"dataType":3,"framePerSecond":24,"keys":[
{"frame":1,"values":[0.4379,-0.8922,0.1104,0,0.8307,0.4485,0.3298,0,-0.3438,-0.0527,0.9376,0,12.3191,-1.113,-1.7935,1]},
{"frame":2,"values":[0.4525,-0.8804,0.1416,0,0.8233,0.4735,0.313,0,-0.3426,-0.0251,0.9392,0,12.3191,-1.113,-1.7935,1]},
{"frame":3,"values":[0.475,-0.861,0.1818,0,0.8095,0.5086,0.2933,0,-0.3449,0.0078,0.9386,0,12.3191,-1.113,-1.7935,1]},
{"frame":4,"values":[0.5032,-0.8365,0.2167,0,0.793,0.5467,0.269,0,-0.3435,0.0365,0.9384,0,12.3191,-1.113,-1.7935,1]},
{"frame":5,"values":[0.5343,-0.8136,0.2293,0,0.7785,0.5793,0.2414,0,-0.3293,0.0495,0.9429,0,12.3191,-1.113,-1.7935,1]},
{"frame":6,"values":[0.5677,-0.7948,0.2144,0,0.7654,0.6055,0.2179,0,-0.303,0.0404,0.9521,0,12.3191,-1.113,-1.7935,1]},
{"frame":7,"values":[0.6012,-0.7782,0.1815,0,0.7504,0.6279,0.2063,0,-0.2745,0.0121,0.9615,0,12.3191,-1.113,-1.7935,1]},
{"frame":8,"values":[0.6301,-0.7639,0.1391,0,0.7356,0.6447,0.2079,0,-0.2485,-0.0287,0.9682,0,12.3191,-1.113,-1.7935,1]},
{"frame":9,"values":[0.6471,-0.7566,0.0935,0,0.7276,0.6496,0.2207,0,-0.2277,-0.0748,0.9709,0,12.3191,-1.113,-1.7935,1]},
{"frame":10,"values":[0.6492,-0.7589,0.051,0,0.7291,0.64,0.2426,0,-0.2167,-0.1203,0.9688,0,12.3191,-1.113,-1.7935,1]},
{"frame":11,"values":[0.6397,-0.7683,0.021,0,0.7358,0.6201,0.2721,0,-0.2221,-0.1586,0.962,0,12.3191,-1.113,-1.7935,1]},
{"frame":12,"values":[0.6244,-0.7811,0.0073,0,0.7416,0.5957,0.3084,0,-0.2452,-0.1872,0.9512,0,12.3191,-1.113,-1.7935,1]},
{"frame":13,"values":[0.6083,-0.7937,0.0078,0,0.7429,0.5728,0.3464,0,-0.2795,-0.2049,0.938,0,12.3191,-1.113,-1.7935,1]},
{"frame":14,"values":[0.5962,-0.8027,0.0154,0,0.7409,0.5575,0.3746,0,-0.3092,-0.2119,0.9271,0,12.3191,-1.113,-1.7935,1]},
{"frame":15,"values":[0.5903,-0.8067,0.0287,0,0.7359,0.5524,0.3915,0,-0.3317,-0.21,0.9197,0,12.3191,-1.113,-1.7935,1]},
{"frame":16,"values":[0.5867,-0.8083,0.0487,0,0.7275,0.5525,0.4069,0,-0.3558,-0.2033,0.9122,0,12.3191,-1.113,-1.7935,1]},
{"frame":17,"values":[0.5744,-0.8155,0.0701,0,0.726,0.5472,0.4166,0,-0.3781,-0.1884,0.9064,0,12.3191,-1.113,-1.7935,1]},
{"frame":18,"values":[0.5482,-0.8322,0.0829,0,0.7423,0.5298,0.4103,0,-0.3854,-0.1634,0.9082,0,12.3191,-1.113,-1.7935,1]},
{"frame":19,"values":[0.5165,-0.8518,0.0876,0,0.7677,0.506,0.3932,0,-0.3793,-0.1358,0.9152,0,12.3191,-1.113,-1.7935,1]},
{"frame":20,"values":[0.4872,-0.8687,0.0898,0,0.7914,0.4826,0.3752,0,-0.3693,-0.1117,0.9226,0,12.3191,-1.113,-1.7935,1]},
{"frame":21,"values":[0.4621,-0.8815,0.0972,0,0.8103,0.4642,0.3578,0,-0.3605,-0.0866,0.9287,0,12.3191,-1.113,-1.7935,1]},
{"frame":22,"values":[0.4453,-0.889,0.1068,0,0.8234,0.4534,0.3411,0,-0.3517,-0.0639,0.9339,0,12.3191,-1.113,-1.7935,1]},
{"frame":23,"values":[0.4379,-0.8922,0.1104,0,0.8307,0.4485,0.3298,0,-0.3438,-0.0527,0.9376,0,12.3191,-1.113,-1.7935,1]}],"loopBehavior":1,"name":"anim","property":"_matrix"}},
{"name":"boss:LeftForeArm","index":9,"matrix":[0.9997,0.0001,0.0251,0,0.0001,1,-0.0042,0,-0.0251,0.0042,0.9997,0,27.687,0,0,1],"rest":[1,0,0,0,0,1,0,0,0,0,1,0,27.687,0,0,1],"parentBoneIndex":8,"length":27.8738
,"animation":{"dataType":3,"framePerSecond":24,"keys":[
{"frame":1,"values":[0.9997,0.0001,0.0251,0,0.0001,1,-0.0042,0,-0.0251,0.0042,0.9997,0,27.687,0,0,1]},
{"frame":2,"values":[0.9992,0.0001,0.0406,0,0.0001,1,-0.0069,0,-0.0406,0.0069,0.9992,0,27.687,0,0,1]},
{"frame":3,"values":[0.9988,0.0002,0.0496,0,0.0002,1,-0.0084,0,-0.0496,0.0084,0.9987,0,27.687,0,0,1]},
{"frame":4,"values":[0.9977,0.0004,0.0671,0,0.0004,0.9999,-0.0114,0,-0.0671,0.0114,0.9977,0,27.687,0,0,1]},
{"frame":5,"values":[0.9941,0.001,0.108,0,0.001,0.9998,-0.0183,0,-0.108,0.0183,0.994,0,27.687,0,0,1]},
{"frame":6,"values":[0.9851,0.0025,0.1717,0,0.0025,0.9996,-0.029,0,-0.1717,0.029,0.9847,0,27.687,0,0,1]},
{"frame":7,"values":[0.9702,0.005,0.2423,0,0.005,0.9991,-0.041,0,-0.2423,0.041,0.9693,0,27.687,0,0,1]},
{"frame":8,"values":[0.9511,0.0083,0.3087,0,0.0083,0.9986,-0.0522,0,-0.3087,0.0522,0.9497,0,27.687,0,0,1]},
{"frame":9,"values":[0.9336,0.0112,0.3582,0,0.0112,0.9981,-0.0606,0,-0.3582,0.0606,0.9317,0,27.687,0,0,1]},
{"frame":10,"values":[0.9231,0.013,0.3844,0,0.013,0.9978,-0.065,0,-0.3844,0.065,0.9209,0,27.687,0,0,1]},
{"frame":11,"values":[0.9203,0.0135,0.3909,0,0.0135,0.9977,-0.0661,0,-0.3909,0.0661,0.9181,0,27.687,0,0,1]},
{"frame":13,"values":[0.9229,0.013,0.3848,0,0.013,0.9978,-0.0651,0,-0.3848,0.0651,0.9207,0,27.687,0,0,1]},
{"frame":14,"values":[0.9294,0.0119,0.3689,0,0.0119,0.998,-0.0624,0,-0.3689,0.0624,0.9274,0,27.687,0,0,1]},
{"frame":15,"values":[0.939,0.0103,0.3439,0,0.0103,0.9983,-0.0582,0,-0.3439,0.0582,0.9372,0,27.687,0,0,1]},
{"frame":16,"values":[0.9501,0.0084,0.3118,0,0.0084,0.9986,-0.0527,0,-0.3118,0.0527,0.9487,0,27.687,0,0,1]},
{"frame":17,"values":[0.9624,0.0064,0.2716,0,0.0064,0.9989,-0.0459,0,-0.2716,0.0459,0.9613,0,27.687,0,0,1]},
{"frame":18,"values":[0.9763,0.004,0.2166,0,0.004,0.9993,-0.0366,0,-0.2166,0.0366,0.9756,0,27.687,0,0,1]},
{"frame":19,"values":[0.9875,0.0021,0.1577,0,0.0021,0.9996,-0.0267,0,-0.1577,0.0267,0.9871,0,27.687,0,0,1]},
{"frame":20,"values":[0.994,0.001,0.1097,0,0.001,0.9998,-0.0186,0,-0.1097,0.0186,0.9938,0,27.687,0,0,1]},
{"frame":21,"values":[0.9976,0.0004,0.0692,0,0.0004,0.9999,-0.0117,0,-0.0692,0.0117,0.9975,0,27.687,0,0,1]},
{"frame":22,"values":[0.9993,0.0001,0.0379,0,0.0001,1,-0.0064,0,-0.0379,0.0064,0.9993,0,27.687,0,0,1]},
{"frame":23,"values":[0.9997,0.0001,0.0251,0,0.0001,1,-0.0042,0,-0.0251,0.0042,0.9997,0,27.687,0,0,1]}],"loopBehavior":1,"name":"anim","property":"_matrix"}},
{"name":"boss:LeftHand","index":10,"matrix":[0.9861,-0.166,-0.0071,0,0.1446,0.8784,-0.4555,0,0.0818,0.4481,0.8902,0,27.8738,0,0,1],"rest":[0.9974,-0.0541,-0.0467,0,0.0586,0.9932,0.1006,0,0.041,-0.1031,0.9938,0,27.8738,0,0,1],"parentBoneIndex":9,"length":9.2395
,"animation":{"dataType":3,"framePerSecond":24,"keys":[
{"frame":1,"values":[0.9861,-0.166,-0.0071,0,0.1446,0.8784,-0.4555,0,0.0818,0.4481,0.8902,0,27.8738,0,0,1]},
{"frame":2,"values":[0.9918,-0.128,0.0021,0,0.1153,0.8862,-0.4488,0,0.0556,0.4454,0.8936,0,27.8738,0,0,1]},
{"frame":3,"values":[0.9968,-0.0789,-0.0083,0,0.0687,0.9107,-0.4072,0,0.0397,0.4054,0.9133,0,27.8738,0,0,1]},
{"frame":4,"values":[0.9995,-0.0212,-0.0241,0,0.0114,0.9367,-0.3499,0,0.03,0.3495,0.9365,0,27.8738,0,0,1]},
{"frame":5,"values":[0.9989,0.0366,-0.0308,0,-0.0443,0.9514,-0.3048,0,0.0181,0.3058,0.9519,0,27.8738,0,0,1]},
{"frame":6,"values":[0.9956,0.0881,-0.031,0,-0.0933,0.9551,-0.2812,0,0.0048,0.2828,0.9592,0,27.8738,0,0,1]},
{"frame":7,"values":[0.9911,0.1292,-0.033,0,-0.1333,0.9527,-0.2732,0,-0.0039,0.2751,0.9614,0,27.8738,0,0,1]},
{"frame":8,"values":[0.9882,0.149,-0.0351,0,-0.1528,0.9488,-0.2765,0,-0.0079,0.2786,0.9604,0,27.8738,0,0,1]},
{"frame":9,"values":[0.9875,0.1534,-0.0366,0,-0.1574,0.9464,-0.2819,0,-0.0086,0.2841,0.9587,0,27.8738,0,0,1]},
{"frame":10,"values":[0.9871,0.1549,-0.04,0,-0.1599,0.9439,-0.2888,0,-0.007,0.2915,0.9565,0,27.8738,0,0,1]},
{"frame":11,"values":[0.9878,0.1486,-0.047,0,-0.1559,0.9402,-0.303,0,-0.0008,0.3066,0.9518,0,27.8738,0,0,1]},
{"frame":12,"values":[0.9898,0.1346,-0.0457,0,-0.1422,0.9349,-0.3251,0,-0.001,0.3283,0.9446,0,27.8738,0,0,1]},
{"frame":13,"values":[0.9904,0.1345,-0.0322,0,-0.1371,0.925,-0.3543,0,-0.0179,0.3553,0.9346,0,27.8738,0,0,1]},
{"frame":14,"values":[0.9871,0.1592,-0.0198,0,-0.1541,0.9072,-0.3914,0,-0.0443,0.3893,0.92,0,27.8738,0,0,1]},
{"frame":15,"values":[0.9824,0.1863,-0.0149,0,-0.1742,0.8838,-0.4342,0,-0.0677,0.4291,0.9007,0,27.8738,0,0,1]},
{"frame":16,"values":[0.9817,0.1902,-0.0115,0,-0.1726,0.862,-0.4766,0,-0.0807,0.4698,0.8791,0,27.8738,0,0,1]},
{"frame":17,"values":[0.9853,0.17,-0.0133,0,-0.1527,0.8445,-0.5133,0,-0.076,0.5078,0.8581,0,27.8738,0,0,1]},
{"frame":18,"values":[0.992,0.1232,-0.028,0,-0.119,0.8363,-0.5352,0,-0.0425,0.5342,0.8443,0,27.8738,0,0,1]},
{"frame":19,"values":[0.9981,0.0488,-0.0386,0,-0.0619,0.8443,-0.5322,0,0.0066,0.5336,0.8457,0,27.8738,0,0,1]},
{"frame":20,"values":[0.9988,-0.0383,-0.0309,0,0.0174,0.8619,-0.5067,0,0.046,0.5056,0.8615,0,27.8738,0,0,1]},
{"frame":21,"values":[0.9935,-0.1129,-0.0161,0,0.0915,0.8739,-0.4774,0,0.068,0.4729,0.8785,0,27.8738,0,0,1]},
{"frame":22,"values":[0.9879,-0.1548,-0.0083,0,0.1337,0.8777,-0.4601,0,0.0785,0.4535,0.8878,0,27.8738,0,0,1]},
{"frame":23,"values":[0.9861,-0.166,-0.0071,0,0.1446,0.8784,-0.4555,0,0.0818,0.4481,0.8902,0,27.8738,0,0,1]}],"loopBehavior":1,"name":"anim","property":"_matrix"}},
{"name":"boss:LeftHandThumb1","index":11,"matrix":[0.9911,-0.0085,-0.1326,0,0.0228,0.994,0.107,0,0.1309,-0.1091,0.9854,0,2.3785,-1.0029,2.6209,1],"rest":[0.9909,-0.0858,-0.104,0,0.0965,0.9901,0.102,0,0.0942,-0.1111,0.9893,0,2.3785,-1.0029,2.6209,1],"parentBoneIndex":10,"length":4.514
,"animation":{"dataType":3,"framePerSecond":24,"keys":[
{"frame":1,"values":[0.9911,-0.0085,-0.1326,0,0.0228,0.994,0.107,0,0.1309,-0.1091,0.9854,0,2.3785,-1.0029,2.6209,1]},
{"frame":23,"values":[0.9911,-0.0085,-0.1326,0,0.0228,0.994,0.107,0,0.1309,-0.1091,0.9854,0,2.3785,-1.0029,2.6209,1]}],"loopBehavior":1,"name":"anim","property":"_matrix"}},
{"name":"boss:LeftHandThumb2","index":12,"matrix":[0.9369,0.2794,-0.2102,0,-0.2419,0.9521,0.1873,0,0.2525,-0.1246,0.9595,0,3.3624,-1.0029,2.8398,1],"rest":[0.9723,0.0085,0.2336,0,0.008,0.9975,-0.0699,0,-0.2336,0.0698,0.9698,0,3.3624,-1.0029,2.8398,1],"parentBoneIndex":11,"length":5.1787
,"animation":{"dataType":3,"framePerSecond":24,"keys":[
{"frame":1,"values":[0.9369,0.2794,-0.2102,0,-0.2419,0.9521,0.1873,0,0.2525,-0.1246,0.9595,0,3.3624,-1.0029,2.8398,1]},
{"frame":2,"values":[0.937,0.2787,-0.2107,0,-0.242,0.9527,0.1841,0,0.252,-0.1215,0.9601,0,3.3624,-1.0029,2.8398,1]},
{"frame":3,"values":[0.9364,0.2802,-0.2113,0,-0.2415,0.9513,0.1915,0,0.2546,-0.1283,0.9585,0,3.3624,-1.0029,2.8398,1]},
{"frame":4,"values":[0.9347,0.2836,-0.2142,0,-0.2405,0.9485,0.206,0,0.2616,-0.1411,0.9548,0,3.3624,-1.0029,2.8398,1]},
{"frame":5,"values":[0.9338,0.2852,-0.216,0,-0.2401,0.9472,0.2126,0,0.2652,-0.1467,0.953,0,3.3624,-1.0029,2.8398,1]},
{"frame":6,"values":[0.9346,0.285,-0.2126,0,-0.2406,0.9472,0.2121,0,0.2618,-0.1471,0.9538,0,3.3624,-1.0029,2.8398,1]},
{"frame":7,"values":[0.936,0.2845,-0.2071,0,-0.2413,0.9473,0.2107,0,0.2561,-0.1473,0.9554,0,3.3624,-1.0029,2.8398,1]},
{"frame":8,"values":[0.9372,0.2841,-0.2025,0,-0.2418,0.9473,0.2103,0,0.2515,-0.1481,0.9564,0,3.3624,-1.0029,2.8398,1]},
{"frame":9,"values":[0.9386,0.2832,-0.1969,0,-0.2419,0.9474,0.2094,0,0.2459,-0.149,0.9578,0,3.3624,-1.0029,2.8398,1]},
{"frame":10,"values":[0.9418,0.2818,-0.1836,0,-0.2431,0.9476,0.2072,0,0.2324,-0.1505,0.9609,0,3.3624,-1.0029,2.8398,1]},
{"frame":11,"values":[0.9467,0.2802,-0.1586,0,-0.2466,0.9477,0.2026,0,0.2071,-0.1527,0.9663,0,3.3624,-1.0029,2.8398,1]},
{"frame":12,"values":[0.9502,0.2791,-0.139,0,-0.2492,0.9477,0.1995,0,0.1874,-0.1549,0.97,0,3.3624,-1.0029,2.8398,1]},
{"frame":13,"values":[0.949,0.2791,-0.1465,0,-0.2477,0.9478,0.2009,0,0.1949,-0.1544,0.9686,0,3.3624,-1.0029,2.8398,1]},
{"frame":14,"values":[0.9457,0.2795,-0.1657,0,-0.2448,0.9482,0.2024,0,0.2137,-0.1509,0.9652,0,3.3624,-1.0029,2.8398,1]},
{"frame":15,"values":[0.946,0.2765,-0.1689,0,-0.244,0.9509,0.1902,0,0.2132,-0.1387,0.9671,0,3.3624,-1.0029,2.8398,1]},
{"frame":16,"values":[0.9485,0.2732,-0.1602,0,-0.2449,0.9535,0.1758,0,0.2008,-0.1275,0.9713,0,3.3624,-1.0029,2.8398,1]},
{"frame":17,"values":[0.9482,0.2726,-0.1628,0,-0.245,0.9543,0.1713,0,0.2021,-0.1225,0.9717,0,3.3624,-1.0029,2.8398,1]},
{"frame":18,"values":[0.9458,0.2733,-0.1756,0,-0.2441,0.9546,0.1708,0,0.2143,-0.1187,0.9695,0,3.3624,-1.0029,2.8398,1]},
{"frame":19,"values":[0.9442,0.2734,-0.1836,0,-0.2437,0.955,0.1689,0,0.2215,-0.1147,0.9684,0,3.3624,-1.0029,2.8398,1]},
{"frame":20,"values":[0.9434,0.2739,-0.1872,0,-0.2436,0.955,0.1694,0,0.2252,-0.1142,0.9676,0,3.3624,-1.0029,2.8398,1]},
{"frame":21,"values":[0.9414,0.2757,-0.1943,0,-0.2433,0.9541,0.1749,0,0.2336,-0.1174,0.9652,0,3.3624,-1.0029,2.8398,1]},
{"frame":22,"values":[0.9387,0.278,-0.204,0,-0.2425,0.9528,0.1824,0,0.245,-0.1218,0.9618,0,3.3624,-1.0029,2.8398,1]},
{"frame":23,"values":[0.9369,0.2794,-0.2101,0,-0.2419,0.9521,0.1872,0,0.2523,-0.1246,0.9596,0,3.3624,-1.0029,2.8398,1]}],"loopBehavior":1,"name":"anim","property":"_matrix"}},
{"name":"boss:LeftHandThumb3","index":13,"matrix":[0.9959,-0.0802,-0.0411,0,0.0746,0.9895,-0.1237,0,0.0506,0.1202,0.9915,0,4.5018,-1.3445,2.1783,1],"rest":[0.9717,-0.2361,0.003,0,0.2343,0.9658,0.111,0,-0.0291,-0.1072,0.9938,0,4.5018,-1.3445,2.1783,1],"parentBoneIndex":12,"length":0.01
,"animation":{"dataType":3,"framePerSecond":24,"keys":[
{"frame":1,"values":[0.9959,-0.0802,-0.0411,0,0.0746,0.9895,-0.1237,0,0.0506,0.1202,0.9915,0,4.5018,-1.3445,2.1783,1]},
{"frame":2,"values":[0.9958,-0.0805,-0.0427,0,0.0746,0.9894,-0.1242,0,0.0523,0.1205,0.9913,0,4.5018,-1.3445,2.1783,1]},
{"frame":3,"values":[0.9961,-0.0791,-0.039,0,0.0737,0.9896,-0.1237,0,0.0484,0.1203,0.9916,0,4.5018,-1.3445,2.1783,1]},
{"frame":4,"values":[0.9968,-0.0747,-0.0299,0,0.0707,0.9904,-0.1187,0,0.0384,0.1162,0.9925,0,4.5018,-1.3445,2.1783,1]},
{"frame":5,"values":[0.9973,-0.0703,-0.0222,0,0.0674,0.9915,-0.1111,0,0.0298,0.1093,0.9936,0,4.5018,-1.3445,2.1783,1]},
{"frame":6,"values":[0.9975,-0.0679,-0.0187,0,0.0656,0.9924,-0.1039,0,0.0256,0.1024,0.9944,0,4.5018,-1.3445,2.1783,1]},
{"frame":7,"values":[0.9977,-0.0664,-0.0162,0,0.0645,0.9931,-0.098,0,0.0226,0.0968,0.9951,0,4.5018,-1.3445,2.1783,1]},
{"frame":8,"values":[0.9977,-0.0662,-0.0152,0,0.0645,0.9933,-0.0955,0,0.0214,0.0943,0.9953,0,4.5018,-1.3445,2.1783,1]},
{"frame":9,"values":[0.9975,-0.0684,-0.0173,0,0.0663,0.9929,-0.0986,0,0.0239,0.0972,0.995,0,4.5018,-1.3445,2.1783,1]},
{"frame":10,"values":[0.9971,-0.073,-0.0226,0,0.0702,0.9918,-0.1067,0,0.0302,0.1048,0.994,0,4.5018,-1.3445,2.1783,1]},
{"frame":11,"values":[0.9965,-0.0789,-0.0287,0,0.0751,0.9905,-0.1149,0,0.0375,0.1124,0.993,0,4.5018,-1.3445,2.1783,1]},
{"frame":12,"values":[0.9961,-0.0824,-0.0314,0,0.0782,0.99,-0.1177,0,0.0408,0.1147,0.9926,0,4.5018,-1.3445,2.1783,1]},
{"frame":13,"values":[0.9962,-0.0813,-0.0298,0,0.0773,0.9902,-0.1161,0,0.0389,0.1133,0.9928,0,4.5018,-1.3445,2.1783,1]},
{"frame":14,"values":[0.9963,-0.0803,-0.031,0,0.0761,0.9901,-0.1177,0,0.0402,0.1149,0.9926,0,4.5018,-1.3445,2.1783,1]},
{"frame":15,"values":[0.9958,-0.0833,-0.0391,0,0.078,0.9894,-0.1227,0,0.0489,0.1192,0.9917,0,4.5018,-1.3445,2.1783,1]},
{"frame":16,"values":[0.9952,-0.0867,-0.0464,0,0.0803,0.9889,-0.1248,0,0.0567,0.1205,0.9911,0,4.5018,-1.3445,2.1783,1]},
{"frame":17,"values":[0.9951,-0.0869,-0.0481,0,0.0803,0.989,-0.1244,0,0.0584,0.1199,0.9911,0,4.5018,-1.3445,2.1783,1]},
{"frame":18,"values":[0.9951,-0.0857,-0.0484,0,0.0791,0.9891,-0.1242,0,0.0585,0.1198,0.9911,0,4.5018,-1.3445,2.1783,1]},
{"frame":19,"values":[0.9951,-0.0852,-0.0494,0,0.0785,0.9891,-0.1245,0,0.0594,0.12,0.991,0,4.5018,-1.3445,2.1783,1]},
{"frame":20,"values":[0.9952,-0.0847,-0.0491,0,0.078,0.9892,-0.1245,0,0.0591,0.12,0.991,0,4.5018,-1.3445,2.1783,1]},
{"frame":21,"values":[0.9954,-0.0832,-0.0466,0,0.0769,0.9893,-0.1242,0,0.0565,0.12,0.9912,0,4.5018,-1.3445,2.1783,1]},
{"frame":22,"values":[0.9958,-0.0813,-0.0433,0,0.0754,0.9894,-0.1239,0,0.0529,0.1201,0.9913,0,4.5018,-1.3445,2.1783,1]},
