{"producer":{"name":"Blender","version":"2.90.0","exporter_version":"2.80.1","file":"turnright_riffle.babylon"},
"autoClear":true,"clearColor":[0.0509,0.0509,0.0509],"gravity":[0,-9.81,0],
"materials":[{"name":"Material","id":"Material","customType":"BABYLON.PBRMaterial","backFaceCulling":true,"checkReadyOnlyOnce":false,"maxSimultaneousLights":4,"environmentIntensity":1,"albedo":[0.8,0.8,0.8],"reflectivity":[0.5,0.5,0.5],"roughness":0.4,"alpha":1,"transparencyMode":0,"alphaCutOff":0.4,"metallic":0}],
"multiMaterials":[],
"skeletons":[{"name":"Armature","id":0,"dimensionsAtRest":[188.1767,172.4535,15.5905],"bones":[
{"name":"boss:Hips","index":0,"matrix":[0.5759,0.0298,-0.817,0,0.0719,0.9936,0.0869,0,-0.8143,0.1088,-0.5701,0,0,91.0495,0,1],"rest":[1,0,0,0,0,1,0,0,0,0,-1,0,0,96.3794,0,1],"parentBoneIndex":-1,"length":9.9032
,"animation":{"dataType":3,"framePerSecond":24,"keys":[
{"frame":1,"values":[0.5759,0.0298,-0.817,0,0.0719,0.9936,0.0869,0,-0.8143,0.1088,-0.5701,0,0,91.0495,0,1]},
{"frame":2,"values":[0.5759,0.0298,-0.817,0,0.0719,0.9936,0.0869,0,-0.8143,0.1088,-0.5701,0,-0.1371,91.1997,0.0371,1]},
{"frame":3,"values":[0.5759,0.0298,-0.817,0,0.0719,0.9936,0.0869,0,-0.8143,0.1088,-0.5701,0,-0.6015,91.1046,0.2343,1]},
{"frame":4,"values":[0.5759,0.0298,-0.817,0,0.0719,0.9936,0.0869,0,-0.8143,0.1088,-0.5701,0,-2.0585,91.0021,0.8888,1]},
{"frame":5,"values":[0.5759,0.0298,-0.817,0,0.0719,0.9936,0.0869,0,-0.8143,0.1088,-0.5701,0,-4.6035,90.9359,2.1698,1]},
{"frame":6,"values":[0.5759,0.0298,-0.817,0,0.0719,0.9936,0.0869,0,-0.8143,0.1088,-0.5701,0,-7.5535,91.0116,3.86,1]},
{"frame":7,"values":[0.5759,0.0298,-0.817,0,0.0719,0.9936,0.0869,0,-0.8143,0.1088,-0.5701,0,-10.0877,91.2971,5.5727,1]},
{"frame":8,"values":[0.5759,0.0298,-0.817,0,0.0719,0.9936,0.0869,0,-0.8143,0.1088,-0.5701,0,-11.9572,91.6212,7.0436,1]},
{"frame":9,"values":[0.5759,0.0298,-0.817,0,0.0719,0.9936,0.0869,0,-0.8143,0.1088,-0.5701,0,-13.3468,91.7916,7.9667,1]},
{"frame":10,"values":[0.5759,0.0298,-0.817,0,0.0719,0.9936,0.0869,0,-0.8143,0.1088,-0.5701,0,-14.4521,91.7689,7.9849,1]},
{"frame":11,"values":[0.5759,0.0298,-0.817,0,0.0719,0.9936,0.0869,0,-0.8143,0.1088,-0.5701,0,-15.3401,91.5619,7.0822,1]},
{"frame":12,"values":[0.5759,0.0298,-0.817,0,0.0719,0.9936,0.0869,0,-0.8143,0.1088,-0.5701,0,-15.8366,91.1617,5.5287,1]},
{"frame":13,"values":[0.5759,0.0298,-0.817,0,0.0719,0.9936,0.0869,0,-0.8143,0.1088,-0.5701,0,-15.9577,90.6089,3.7199,1]},
{"frame":14,"values":[0.5759,0.0298,-0.817,0,0.0719,0.9936,0.0869,0,-0.8143,0.1088,-0.5701,0,-15.9645,90.053,1.9268,1]},
{"frame":15,"values":[0.5759,0.0298,-0.817,0,0.0719,0.9936,0.0869,0,-0.8143,0.1088,-0.5701,0,-15.8476,89.6603,0.3187,1]},
{"frame":16,"values":[0.5759,0.0298,-0.817,0,0.0719,0.9936,0.0869,0,-0.8143,0.1088,-0.5701,0,-15.4025,89.4977,-1.0021,1]},
{"frame":17,"values":[0.5759,0.0298,-0.817,0,0.0719,0.9936,0.0869,0,-0.8143,0.1088,-0.5701,0,-14.6246,89.5085,-1.9523,1]},
{"frame":18,"values":[0.5759,0.0298,-0.817,0,0.0719,0.9936,0.0869,0,-0.8143,0.1088,-0.5701,0,-13.7955,89.5598,-2.4261,1]},
{"frame":19,"values":[0.5759,0.0298,-0.817,0,0.0719,0.9936,0.0869,0,-0.8143,0.1088,-0.5701,0,-12.8623,89.5817,-2.3693,1]},
{"frame":20,"values":[0.5759,0.0298,-0.817,0,0.0719,0.9936,0.0869,0,-0.8143,0.1088,-0.5701,0,-11.1993,89.6136,-1.9862,1]},
{"frame":21,"values":[0.5759,0.0298,-0.817,0,0.0719,0.9936,0.0869,0,-0.8143,0.1088,-0.5701,0,-8.5304,89.7554,-1.529,1]},
{"frame":22,"values":[0.5759,0.0298,-0.817,0,0.0719,0.9936,0.0869,0,-0.8143,0.1088,-0.5701,0,-5.587,90.0766,-1.0884,1]},
{"frame":23,"values":[0.5759,0.0298,-0.817,0,0.0719,0.9936,0.0869,0,-0.8143,0.1088,-0.5701,0,-3.2282,90.5139,-0.6556,1]},
{"frame":24,"values":[0.5759,0.0298,-0.817,0,0.0719,0.9936,0.0869,0,-0.8143,0.1088,-0.5701,0,-1.2815,90.8735,-0.2521,1]},
{"frame":25,"values":[0.5759,0.0298,-0.817,0,0.0719,0.9936,0.0869,0,-0.8143,0.1088,-0.5701,0,0,91.0495,0,1]}],"loopBehavior":1,"name":"anim","property":"_matrix"}},
{"name":"boss:Spine","index":1,"matrix":[0.9999,0.0139,-0.0071,0,-0.0132,0.9957,0.0919,0,0.0083,-0.0918,0.9957,0,0,9.2263,1.5771,1],"rest":[1,0,0,0,0,1,0,0,0,0,1,0,0,9.2263,1.5771,1],"parentBoneIndex":0,"length":16.2548
,"animation":{"dataType":3,"framePerSecond":24,"keys":[
{"frame":1,"values":[0.9999,0.0139,-0.0071,0,-0.0132,0.9957,0.0919,0,0.0083,-0.0918,0.9957,0,0,9.2263,1.5771,1]},
{"frame":2,"values":[0.9999,0.0143,-0.0079,0,-0.0135,0.9956,0.0926,0,0.0092,-0.0924,0.9957,0,0,9.2263,1.5771,1]},
{"frame":3,"values":[0.9999,0.0128,-0.0089,0,-0.0119,0.9956,0.0932,0,0.01,-0.0931,0.9956,0,0,9.2263,1.5771,1]},
{"frame":4,"values":[0.9999,0.0079,-0.01,0,-0.007,0.9956,0.0935,0,0.0107,-0.0935,0.9956,0,0,9.2263,1.5771,1]},
{"frame":5,"values":[0.9999,0.0006,-0.0113,0,0.0005,0.9956,0.0934,0,0.0113,-0.0934,0.9956,0,0,9.2263,1.5771,1]},
{"frame":6,"values":[0.9999,-0.006,-0.0128,0,0.0072,0.9956,0.0931,0,0.0122,-0.0932,0.9956,0,0,9.2263,1.5771,1]},
{"frame":7,"values":[0.9998,-0.0091,-0.0151,0,0.0105,0.9955,0.094,0,0.0142,-0.0941,0.9955,0,0,9.2263,1.5771,1]},
{"frame":8,"values":[0.9998,-0.01,-0.0176,0,0.0117,0.9954,0.0955,0,0.0165,-0.0957,0.9953,0,0,9.2263,1.5771,1]},
{"frame":9,"values":[0.9998,-0.0101,-0.0195,0,0.0119,0.9952,0.097,0,0.0185,-0.0973,0.9951,0,0,9.2263,1.5771,1]},
{"frame":10,"values":[0.9997,-0.0095,-0.0211,0,0.0115,0.9951,0.0985,0,0.0201,-0.0987,0.9949,0,0,9.2263,1.5771,1]},
{"frame":11,"values":[0.9997,-0.0083,-0.0217,0,0.0104,0.995,0.0996,0,0.0208,-0.0998,0.9948,0,0,9.2263,1.5771,1]},
{"frame":12,"values":[0.9997,-0.0073,-0.0212,0,0.0094,0.9949,0.1005,0,0.0204,-0.1006,0.9947,0,0,9.2263,1.5771,1]},
{"frame":13,"values":[0.9998,-0.0064,-0.0188,0,0.0083,0.9949,0.1008,0,0.0181,-0.1009,0.9947,0,0,9.2263,1.5771,1]},
{"frame":14,"values":[1,-0.0039,-0.0056,0,0.0045,0.9948,0.1014,0,0.0052,-0.1014,0.9948,0,0,9.2263,1.5771,1]},
{"frame":15,"values":[0.9999,0.0011,0.0151,0,-0.0026,0.9948,0.1021,0,-0.0149,-0.1021,0.9947,0,0,9.2263,1.5771,1]},
{"frame":16,"values":[0.9993,0.0077,0.0357,0,-0.0113,0.9948,0.1016,0,-0.0347,-0.1019,0.9942,0,0,9.2263,1.5771,1]},
{"frame":17,"values":[0.9988,0.0136,0.0472,0,-0.0183,0.9948,0.1002,0,-0.0456,-0.101,0.9938,0,0,9.2263,1.5771,1]},
{"frame":18,"values":[0.9987,0.0171,0.0478,0,-0.0217,0.9949,0.0985,0,-0.0458,-0.0994,0.994,0,0,9.2263,1.5771,1]},
{"frame":19,"values":[0.9987,0.0182,0.047,0,-0.0226,0.9951,0.096,0,-0.045,-0.097,0.9943,0,0,9.2263,1.5771,1]},
{"frame":20,"values":[0.9988,0.0174,0.0454,0,-0.0216,0.9954,0.0934,0,-0.0436,-0.0942,0.9946,0,0,9.2263,1.5771,1]},
{"frame":21,"values":[0.999,0.0154,0.0427,0,-0.0192,0.9957,0.0911,0,-0.0411,-0.0918,0.9949,0,0,9.2263,1.5771,1]},
{"frame":22,"values":[0.9992,0.013,0.0386,0,-0.0165,0.9958,0.0897,0,-0.0373,-0.0903,0.9952,0,0,9.2263,1.5771,1]},
{"frame":23,"values":[0.9994,0.0114,0.0329,0,-0.0143,0.9959,0.0893,0,-0.0317,-0.0897,0.9955,0,0,9.2263,1.5771,1]},
{"frame":24,"values":[0.9998,0.0121,0.0142,0,-0.0134,0.9958,0.0905,0,-0.0131,-0.0907,0.9958,0,0,9.2263,1.5771,1]},
{"frame":25,"values":[0.9999,0.0139,-0.0071,0,-0.0132,0.9957,0.0919,0,0.0083,-0.0918,0.9957,0,0,9.2263,1.5771,1]}],"loopBehavior":1,"name":"anim","property":"_matrix"}},
{"name":"boss:Spine1","index":2,"matrix":[0.9998,0.0069,-0.019,0,-0.0052,0.9963,0.0854,0,0.0196,-0.0853,0.9962,0,0,16.254,-0.1656,1],"rest":[1,0,0,0,0,1,0,0,0,0,1,0,0,16.254,-0.1656,1],"parentBoneIndex":1,"length":13.7007
,"animation":{"dataType":3,"framePerSecond":24,"keys":[
{"frame":1,"values":[0.9998,0.0069,-0.019,0,-0.0052,0.9963,0.0854,0,0.0196,-0.0853,0.9962,0,0,16.254,-0.1656,1]},
{"frame":2,"values":[0.9998,0.0068,-0.0201,0,-0.005,0.9963,0.0855,0,0.0206,-0.0854,0.9961,0,0,16.254,-0.1656,1]},
{"frame":3,"values":[0.9998,0.0063,-0.0193,0,-0.0047,0.9963,0.0853,0,0.0198,-0.0852,0.9962,0,0,16.254,-0.1656,1]},
{"frame":4,"values":[0.9998,0.0052,-0.0168,0,-0.0037,0.9964,0.0849,0,0.0171,-0.0849,0.9962,0,0,16.254,-0.1656,1]},
{"frame":5,"values":[0.9999,0.0035,-0.0129,0,-0.0024,0.9964,0.0843,0,0.0131,-0.0842,0.9964,0,0,16.254,-0.1656,1]},
{"frame":6,"values":[1,0.0019,-0.0091,0,-0.0012,0.9965,0.0836,0,0.0092,-0.0836,0.9965,0,0,16.254,-0.1656,1]},
{"frame":7,"values":[1,0.001,-0.0071,0,-0.0004,0.9965,0.0832,0,0.0071,-0.0832,0.9965,0,0,16.254,-0.1656,1]},
{"frame":8,"values":[1,0.0005,-0.0058,0,0,0.9965,0.083,0,0.0058,-0.083,0.9965,0,0,16.254,-0.1656,1]},
{"frame":9,"values":[1,0.0002,-0.0043,0,0.0001,0.9966,0.0829,0,0.0043,-0.0829,0.9965,0,0,16.254,-0.1656,1]},
{"frame":10,"values":[1,0.0001,-0.0029,0,0.0002,0.9966,0.0828,0,0.0029,-0.0828,0.9966,0,0,16.254,-0.1656,1]},
{"frame":11,"values":[1,0,-0.0014,0,0.0001,0.9966,0.0828,0,0.0014,-0.0828,0.9966,0,0,16.254,-0.1656,1]},
{"frame":12,"values":[1,0.0001,-0.001,0,0,0.9966,0.0827,0,0.001,-0.0827,0.9966,0,0,16.254,-0.1656,1]},
{"frame":13,"values":[1,-0.0001,0.0001,0,0,0.9966,0.0827,0,-0.0001,-0.0827,0.9966,0,0,16.254,-0.1656,1]},
{"frame":14,"values":[0.9998,-0.0016,0.0192,0,0,0.9966,0.0819,0,-0.0192,-0.0818,0.9965,0,0,16.254,-0.1656,1]},
{"frame":15,"values":[0.9985,-0.0044,0.0545,0,0,0.9968,0.0802,0,-0.0547,-0.0801,0.9953,0,0,16.254,-0.1656,1]},
{"frame":16,"values":[0.9958,-0.0067,0.0911,0,-0.0005,0.9969,0.0782,0,-0.0914,-0.0779,0.9928,0,0,16.254,-0.1656,1]},
{"frame":17,"values":[0.9937,-0.0074,0.1115,0,-0.0012,0.997,0.077,0,-0.1117,-0.0767,0.9908,0,0,16.254,-0.1656,1]},
{"frame":18,"values":[0.9942,-0.0062,0.107,0,-0.0022,0.997,0.0775,0,-0.1071,-0.0773,0.9912,0,0,16.254,-0.1656,1]},
{"frame":19,"values":[0.9961,-0.0037,0.0877,0,-0.0032,0.9969,0.0788,0,-0.0877,-0.0788,0.993,0,0,16.254,-0.1656,1]},
{"frame":20,"values":[0.9982,-0.0007,0.0602,0,-0.0042,0.9967,0.0806,0,-0.06,-0.0807,0.9949,0,0,16.254,-0.1656,1]},
{"frame":21,"values":[0.9995,0.0025,0.0302,0,-0.0049,0.9966,0.0825,0,-0.0299,-0.0826,0.9961,0,0,16.254,-0.1656,1]},
{"frame":22,"values":[1,0.0051,0.0039,0,-0.0054,0.9965,0.084,0,-0.0035,-0.084,0.9965,0,0,16.254,-0.1656,1]},
{"frame":23,"values":[0.9999,0.0066,-0.013,0,-0.0055,0.9964,0.085,0,0.0135,-0.085,0.9963,0,0,16.254,-0.1656,1]},
{"frame":24,"values":[0.9998,0.0069,-0.0179,0,-0.0053,0.9963,0.0853,0,0.0184,-0.0852,0.9962,0,0,16.254,-0.1656,1]},
{"frame":25,"values":[0.9998,0.0069,-0.019,0,-0.0052,0.9963,0.0854,0,0.0196,-0.0853,0.9962,0,0,16.254,-0.1656,1]}],"loopBehavior":1,"name":"anim","property":"_matrix"}},
{"name":"boss:Spine2","index":3,"matrix":[0.9998,0.0032,-0.0178,0,-0.0006,0.9892,0.1469,0,0.0181,-0.1468,0.989,0,0,13.6396,-1.2923,1],"rest":[1,0,0,0,0,1,0,0,0,0,1,0,0,13.6396,-1.2923,1],"parentBoneIndex":2,"length":13.1719
,"animation":{"dataType":3,"framePerSecond":24,"keys":[
{"frame":1,"values":[0.9998,0.0032,-0.0178,0,-0.0006,0.9892,0.1469,0,0.0181,-0.1468,0.989,0,0,13.6396,-1.2923,1]},
{"frame":2,"values":[0.9997,0.0016,-0.023,0,0.0017,0.9894,0.1452,0,0.023,-0.1452,0.9891,0,0,13.6396,-1.2923,1]},
{"frame":3,"values":[0.999,-0.0002,-0.0448,0,0.0066,0.9898,0.1422,0,0.0443,-0.1423,0.9888,0,0,13.6396,-1.2923,1]},
{"frame":4,"values":[0.9942,0.0002,-0.1073,0,0.015,0.99,0.1404,0,0.1063,-0.1412,0.9843,0,0,13.6396,-1.2923,1]},
{"frame":5,"values":[0.9783,0.0029,-0.207,0,0.0269,0.9896,0.1411,0,0.2052,-0.1436,0.9681,0,0,13.6396,-1.2923,1]},
{"frame":6,"values":[0.9531,0.0069,-0.3027,0,0.0383,0.9889,0.1433,0,0.3003,-0.1482,0.9423,0,0,13.6396,-1.2923,1]},
{"frame":7,"values":[0.9338,0.0098,-0.3577,0,0.0452,0.9884,0.1449,0,0.355,-0.1515,0.9225,0,0,13.6396,-1.2923,1]},
{"frame":8,"values":[0.9207,0.0124,-0.39,0,0.0489,0.9879,0.1469,0,0.3871,-0.1543,0.909,0,0,13.6396,-1.2923,1]},
{"frame":9,"values":[0.9106,0.0148,-0.4129,0,0.0514,0.9875,0.1487,0,0.41,-0.1567,0.8985,0,0,13.6396,-1.2923,1]},
{"frame":10,"values":[0.9035,0.0166,-0.4283,0,0.053,0.9872,0.1501,0,0.4253,-0.1583,0.8911,0,0,13.6396,-1.2923,1]},
{"frame":11,"values":[0.8989,0.0187,-0.4377,0,0.0534,0.987,0.1519,0,0.4349,-0.1599,0.8862,0,0,13.6396,-1.2923,1]},
{"frame":12,"values":[0.8965,0.0201,-0.4426,0,0.0533,0.9868,0.1528,0,0.4398,-0.1606,0.8836,0,0,13.6396,-1.2923,1]},
{"frame":13,"values":[0.8964,0.0202,-0.4427,0,0.0533,0.9868,0.1529,0,0.44,-0.1607,0.8835,0,0,13.6396,-1.2923,1]},
{"frame":14,"values":[0.9048,0.0206,-0.4253,0,0.0493,0.987,0.1527,0,0.4229,-0.1591,0.8921,0,0,13.6396,-1.2923,1]},
{"frame":15,"values":[0.9223,0.0205,-0.3858,0,0.0416,0.9875,0.1521,0,0.3841,-0.1564,0.9099,0,0,13.6396,-1.2923,1]},
{"frame":16,"values":[0.9439,0.0192,-0.3297,0,0.0328,0.9879,0.1514,0,0.3286,-0.1537,0.9319,0,0,13.6396,-1.2923,1]},
{"frame":17,"values":[0.9646,0.0149,-0.2635,0,0.0259,0.9882,0.1507,0,0.2626,-0.1522,0.9528,0,0,13.6396,-1.2923,1]},
{"frame":18,"values":[0.9805,0.0084,-0.1964,0,0.0216,0.9884,0.1501,0,0.1954,-0.1514,0.969,0,0,13.6396,-1.2923,1]},
{"frame":19,"values":[0.9905,0.0045,-0.1376,0,0.0163,0.9887,0.1493,0,0.1367,-0.1501,0.9792,0,0,13.6396,-1.2923,1]},
{"frame":20,"values":[0.996,0.0027,-0.0891,0,0.0106,0.9889,0.1484,0,0.0885,-0.1487,0.9849,0,0,13.6396,-1.2923,1]},
{"frame":21,"values":[0.9986,0.0024,-0.0521,0,0.0053,0.989,0.1476,0,0.0519,-0.1476,0.9877,0,0,13.6396,-1.2923,1]},
{"frame":22,"values":[0.9996,0.0028,-0.0278,0,0.0013,0.9891,0.1469,0,0.0279,-0.1469,0.9888,0,0,13.6396,-1.2923,1]},
{"frame":23,"values":[0.9999,0.0033,-0.0165,0,-0.0008,0.9892,0.1467,0,0.0168,-0.1467,0.989,0,0,13.6396,-1.2923,1]},
{"frame":24,"values":[0.9999,0.0033,-0.0166,0,-0.0008,0.9892,0.1468,0,0.0169,-0.1467,0.989,0,0,13.6396,-1.2923,1]},
{"frame":25,"values":[0.9998,0.0032,-0.0178,0,-0.0006,0.9892,0.1469,0,0.0181,-0.1468,0.989,0,0,13.6396,-1.2923,1]}],"loopBehavior":1,"name":"anim","property":"_matrix"}},
{"name":"boss:Neck","index":4,"matrix":[0.9988,0,-0.0486,0,0.0011,0.9998,0.022,0,0.0486,-0.022,0.9986,0,0,13.8774,-4.3542,1],"rest":[1,0,0,0,0,1,0,0,0,0,1,0,0,13.8774,-4.3542,1],"parentBoneIndex":3,"length":4.4379
,"animation":{"dataType":3,"framePerSecond":24,"keys":[
{"frame":1,"values":[0.9988,0,-0.0486,0,0.0011,0.9998,0.022,0,0.0486,-0.022,0.9986,0,0,13.8774,-4.3542,1]},
{"frame":2,"values":[0.9988,0,-0.049,0,0.0011,0.9998,0.0222,0,0.049,-0.0223,0.9986,0,0,13.8774,-4.3542,1]},
{"frame":3,"values":[0.9988,0.0003,-0.0497,0,0.0008,0.9997,0.0226,0,0.0497,-0.0226,0.9985,0,0,13.8774,-4.3542,1]},
{"frame":4,"values":[0.9992,0.0012,-0.0391,0,-0.0004,0.9998,0.0211,0,0.0391,-0.0211,0.999,0,0,13.8774,-4.3542,1]},
{"frame":5,"values":[0.9997,0.0025,-0.0228,0,-0.0021,0.9998,0.0188,0,0.0229,-0.0188,0.9996,0,0,13.8774,-4.3542,1]},
{"frame":6,"values":[1,0.0042,-0.006,0,-0.0041,0.9999,0.0167,0,0.006,-0.0167,0.9998,0,0,13.8774,-4.3542,1]},
{"frame":7,"values":[1,0.0059,0.0066,0,-0.006,0.9999,0.0154,0,-0.0066,-0.0155,0.9999,0,0,13.8774,-4.3542,1]},
{"frame":8,"values":[0.9999,0.0073,0.0138,0,-0.0075,0.9999,0.015,0,-0.0137,-0.0151,0.9998,0,0,13.8774,-4.3542,1]},
{"frame":9,"values":[0.9998,0.0086,0.0185,0,-0.0089,0.9998,0.0149,0,-0.0184,-0.0151,0.9997,0,0,13.8774,-4.3542,1]},
{"frame":10,"values":[0.9997,0.0098,0.0212,0,-0.0101,0.9998,0.0151,0,-0.021,-0.0153,0.9997,0,0,13.8774,-4.3542,1]},
{"frame":11,"values":[0.9997,0.0108,0.022,0,-0.0112,0.9998,0.0155,0,-0.0219,-0.0158,0.9996,0,0,13.8774,-4.3542,1]},
{"frame":12,"values":[0.9997,0.0116,0.0213,0,-0.0119,0.9998,0.0161,0,-0.0211,-0.0163,0.9996,0,0,13.8774,-4.3542,1]},
{"frame":13,"values":[0.9997,0.012,0.0191,0,-0.0123,0.9998,0.0168,0,-0.0189,-0.017,0.9997,0,0,13.8774,-4.3542,1]},
{"frame":14,"values":[0.9998,0.0119,0.0144,0,-0.0122,0.9998,0.018,0,-0.0142,-0.0181,0.9997,0,0,13.8774,-4.3542,1]},
{"frame":15,"values":[0.9999,0.0114,0.0059,0,-0.0115,0.9997,0.0198,0,-0.0056,-0.0198,0.9998,0,0,13.8774,-4.3542,1]},
{"frame":16,"values":[0.9999,0.0107,-0.0038,0,-0.0107,0.9997,0.0216,0,0.0041,-0.0215,0.9998,0,0,13.8774,-4.3542,1]},
{"frame":17,"values":[0.9999,0.0101,-0.012,0,-0.0098,0.9997,0.0226,0,0.0122,-0.0225,0.9997,0,0,13.8774,-4.3542,1]},
{"frame":18,"values":[0.9998,0.0093,-0.0168,0,-0.009,0.9997,0.0225,0,0.017,-0.0223,0.9996,0,0,13.8774,-4.3542,1]},
{"frame":19,"values":[0.9998,0.0085,-0.0192,0,-0.008,0.9997,0.022,0,0.0193,-0.0218,0.9996,0,0,13.8774,-4.3542,1]},
{"frame":20,"values":[0.9998,0.0074,-0.0209,0,-0.007,0.9997,0.0213,0,0.021,-0.0212,0.9996,0,0,13.8774,-4.3542,1]},
{"frame":21,"values":[0.9997,0.0063,-0.0235,0,-0.0058,0.9998,0.0209,0,0.0236,-0.0207,0.9995,0,0,13.8774,-4.3542,1]},
{"frame":22,"values":[0.9996,0.0047,-0.0291,0,-0.0041,0.9998,0.0209,0,0.0291,-0.0207,0.9994,0,0,13.8774,-4.3542,1]},
{"frame":23,"values":[0.9993,0.0026,-0.0374,0,-0.0018,0.9998,0.0212,0,0.0375,-0.0211,0.9991,0,0,13.8774,-4.3542,1]},
{"frame":24,"values":[0.999,0.0008,-0.0448,0,0.0002,0.9998,0.0217,0,0.0448,-0.0217,0.9988,0,0,13.8774,-4.3542,1]},
{"frame":25,"values":[0.9988,0,-0.0486,0,0.0011,0.9998,0.022,0,0.0486,-0.022,0.9986,0,0,13.8774,-4.3542,1]}],"loopBehavior":1,"name":"anim","property":"_matrix"}},
{"name":"boss:Neck1","index":5,"matrix":[0.9988,0,-0.0486,0,0.0011,0.9998,0.022,0,0.0486,-0.022,0.9986,0,0,4.34,0.9269,1],"rest":[1,0,0,0,0,1,0,0,0,0,1,0,0,4.34,0.9269,1],"parentBoneIndex":4,"length":4.1171
,"animation":{"dataType":3,"framePerSecond":24,"keys":[
{"frame":1,"values":[0.9988,0,-0.0486,0,0.0011,0.9998,0.022,0,0.0486,-0.022,0.9986,0,0,4.34,0.9269,1]},
{"frame":2,"values":[0.9988,0,-0.049,0,0.0011,0.9998,0.0222,0,0.049,-0.0223,0.9986,0,0,4.34,0.9269,1]},
{"frame":3,"values":[0.9988,0.0003,-0.0497,0,0.0008,0.9997,0.0226,0,0.0497,-0.0226,0.9985,0,0,4.34,0.9269,1]},
{"frame":4,"values":[0.9992,0.0012,-0.0391,0,-0.0004,0.9998,0.0211,0,0.0391,-0.0211,0.999,0,0,4.34,0.9269,1]},
{"frame":5,"values":[0.9997,0.0025,-0.0228,0,-0.0021,0.9998,0.0188,0,0.0229,-0.0188,0.9996,0,0,4.34,0.9269,1]},
{"frame":6,"values":[1,0.0042,-0.006,0,-0.0041,0.9999,0.0167,0,0.006,-0.0167,0.9998,0,0,4.34,0.9269,1]},
{"frame":7,"values":[1,0.0059,0.0066,0,-0.006,0.9999,0.0154,0,-0.0066,-0.0155,0.9999,0,0,4.34,0.9269,1]},
{"frame":8,"values":[0.9999,0.0073,0.0138,0,-0.0075,0.9999,0.015,0,-0.0137,-0.0151,0.9998,0,0,4.34,0.9269,1]},
{"frame":9,"values":[0.9998,0.0086,0.0185,0,-0.0089,0.9998,0.0149,0,-0.0184,-0.0151,0.9997,0,0,4.34,0.9269,1]},
{"frame":10,"values":[0.9997,0.0098,0.0212,0,-0.0101,0.9998,0.0151,0,-0.021,-0.0153,0.9997,0,0,4.34,0.9269,1]},
{"frame":11,"values":[0.9997,0.0108,0.022,0,-0.0112,0.9998,0.0155,0,-0.0219,-0.0158,0.9996,0,0,4.34,0.9269,1]},
{"frame":12,"values":[0.9997,0.0116,0.0213,0,-0.0119,0.9998,0.0161,0,-0.0211,-0.0163,0.9996,0,0,4.34,0.9269,1]},
{"frame":13,"values":[0.9997,0.012,0.0191,0,-0.0123,0.9998,0.0168,0,-0.0189,-0.017,0.9997,0,0,4.34,0.9269,1]},
{"frame":14,"values":[0.9998,0.0119,0.0144,0,-0.0122,0.9998,0.018,0,-0.0142,-0.0181,0.9997,0,0,4.34,0.9269,1]},
{"frame":15,"values":[0.9999,0.0114,0.0059,0,-0.0115,0.9997,0.0198,0,-0.0056,-0.0198,0.9998,0,0,4.34,0.9269,1]},
{"frame":16,"values":[0.9999,0.0107,-0.0038,0,-0.0107,0.9997,0.0216,0,0.0041,-0.0215,0.9998,0,0,4.34,0.9269,1]},
{"frame":17,"values":[0.9999,0.0101,-0.012,0,-0.0098,0.9997,0.0226,0,0.0122,-0.0225,0.9997,0,0,4.34,0.9269,1]},
{"frame":18,"values":[0.9998,0.0093,-0.0168,0,-0.009,0.9997,0.0225,0,0.017,-0.0223,0.9996,0,0,4.34,0.9269,1]},
{"frame":19,"values":[0.9998,0.0085,-0.0192,0,-0.008,0.9997,0.022,0,0.0193,-0.0218,0.9996,0,0,4.34,0.9269,1]},
{"frame":20,"values":[0.9998,0.0074,-0.0209,0,-0.007,0.9997,0.0213,0,0.021,-0.0212,0.9996,0,0,4.34,0.9269,1]},
{"frame":21,"values":[0.9997,0.0063,-0.0235,0,-0.0058,0.9998,0.0209,0,0.0236,-0.0207,0.9995,0,0,4.34,0.9269,1]},
{"frame":22,"values":[0.9996,0.0047,-0.0291,0,-0.0041,0.9998,0.0209,0,0.0291,-0.0207,0.9994,0,0,4.34,0.9269,1]},
{"frame":23,"values":[0.9993,0.0026,-0.0374,0,-0.0018,0.9998,0.0212,0,0.0375,-0.0211,0.9991,0,0,4.34,0.9269,1]},
{"frame":24,"values":[0.999,0.0008,-0.0448,0,0.0002,0.9998,0.0217,0,0.0448,-0.0217,0.9988,0,0,4.34,0.9269,1]},
{"frame":25,"values":[0.9988,0,-0.0486,0,0.0011,0.9998,0.022,0,0.0486,-0.022,0.9986,0,0,4.34,0.9269,1]}],"loopBehavior":1,"name":"anim","property":"_matrix"}},
{"name":"boss:Head","index":6,"matrix":[0.9988,0,-0.0486,0,0.0011,0.9998,0.022,0,0.0486,-0.022,0.9986,0,0,4.0266,0.8585,1],"rest":[1,0,0,0,0,1,0,0,0,0,1,0,0,4.0266,0.8585,1],"parentBoneIndex":5,"length":4.1171
,"animation":{"dataType":3,"framePerSecond":24,"keys":[
{"frame":1,"values":[0.9988,0,-0.0486,0,0.0011,0.9998,0.022,0,0.0486,-0.022,0.9986,0,0,4.0266,0.8585,1]},
{"frame":2,"values":[0.9988,0,-0.049,0,0.0011,0.9998,0.0222,0,0.049,-0.0223,0.9986,0,0,4.0266,0.8585,1]},
{"frame":3,"values":[0.9988,0.0003,-0.0497,0,0.0008,0.9997,0.0226,0,0.0497,-0.0226,0.9985,0,0,4.0266,0.8585,1]},
{"frame":4,"values":[0.9992,0.0012,-0.0391,0,-0.0004,0.9998,0.0211,0,0.0391,-0.0211,0.999,0,0,4.0266,0.8585,1]},
{"frame":5,"values":[0.9997,0.0025,-0.0228,0,-0.0021,0.9998,0.0188,0,0.0229,-0.0188,0.9996,0,0,4.0266,0.8585,1]},
{"frame":6,"values":[1,0.0042,-0.006,0,-0.0041,0.9999,0.0167,0,0.006,-0.0167,0.9998,0,0,4.0266,0.8585,1]},
{"frame":7,"values":[1,0.0059,0.0066,0,-0.006,0.9999,0.0154,0,-0.0066,-0.0155,0.9999,0,0,4.0266,0.8585,1]},
{"frame":8,"values":[0.9999,0.0073,0.0138,0,-0.0075,0.9999,0.015,0,-0.0137,-0.0151,0.9998,0,0,4.0266,0.8585,1]},
{"frame":9,"values":[0.9998,0.0086,0.0185,0,-0.0089,0.9998,0.0149,0,-0.0184,-0.0151,0.9997,0,0,4.0266,0.8585,1]},
{"frame":10,"values":[0.9997,0.0098,0.0212,0,-0.0101,0.9998,0.0151,0,-0.021,-0.0153,0.9997,0,0,4.0266,0.8585,1]},
{"frame":11,"values":[0.9997,0.0108,0.022,0,-0.0112,0.9998,0.0155,0,-0.0219,-0.0158,0.9996,0,0,4.0266,0.8585,1]},
{"frame":12,"values":[0.9997,0.0116,0.0213,0,-0.0119,0.9998,0.0161,0,-0.0211,-0.0163,0.9996,0,0,4.0266,0.8585,1]},
{"frame":13,"values":[0.9997,0.012,0.0191,0,-0.0123,0.9998,0.0168,0,-0.0189,-0.017,0.9997,0,0,4.0266,0.8585,1]},
{"frame":14,"values":[0.9998,0.0119,0.0144,0,-0.0122,0.9998,0.018,0,-0.0142,-0.0181,0.9997,0,0,4.0266,0.8585,1]},
{"frame":15,"values":[0.9999,0.0114,0.0059,0,-0.0115,0.9997,0.0198,0,-0.0056,-0.0198,0.9998,0,0,4.0266,0.8585,1]},
{"frame":16,"values":[0.9999,0.0107,-0.0038,0,-0.0107,0.9997,0.0216,0,0.0041,-0.0215,0.9998,0,0,4.0266,0.8585,1]},
{"frame":17,"values":[0.9999,0.0101,-0.012,0,-0.0098,0.9997,0.0226,0,0.0122,-0.0225,0.9997,0,0,4.0266,0.8585,1]},
{"frame":18,"values":[0.9998,0.0093,-0.0168,0,-0.009,0.9997,0.0225,0,0.017,-0.0223,0.9996,0,0,4.0266,0.8585,1]},
{"frame":19,"values":[0.9998,0.0085,-0.0192,0,-0.008,0.9997,0.022,0,0.0193,-0.0218,0.9996,0,0,4.0266,0.8585,1]},
{"frame":20,"values":[0.9998,0.0074,-0.0209,0,-0.007,0.9997,0.0213,0,0.021,-0.0212,0.9996,0,0,4.0266,0.8585,1]},
{"frame":21,"values":[0.9997,0.0063,-0.0235,0,-0.0058,0.9998,0.0209,0,0.0236,-0.0207,0.9995,0,0,4.0266,0.8585,1]},
{"frame":22,"values":[0.9996,0.0047,-0.0291,0,-0.0041,0.9998,0.0209,0,0.0291,-0.0207,0.9994,0,0,4.0266,0.8585,1]},
{"frame":23,"values":[0.9993,0.0026,-0.0374,0,-0.0018,0.9998,0.0212,0,0.0375,-0.0211,0.9991,0,0,4.0266,0.8585,1]},
{"frame":24,"values":[0.999,0.0008,-0.0448,0,0.0002,0.9998,0.0217,0,0.0448,-0.0217,0.9988,0,0,4.0266,0.8585,1]},
{"frame":25,"values":[0.9988,0,-0.0486,0,0.0011,0.9998,0.022,0,0.0486,-0.022,0.9986,0,0,4.0266,0.8585,1]}],"loopBehavior":1,"name":"anim","property":"_matrix"}},
{"name":"boss:LeftShoulder","index":7,"matrix":[0.9086,-0.1048,0.4043,0,0.0356,0.9839,0.175,0,-0.4162,-0.1446,0.8977,0,6.1442,10.187,-3.7932,1],"rest":[1,0,0,0,0,1,0,0,0,0,1,0,6.1442,10.187,-3.7932,1],"parentBoneIndex":3,"length":12.4986
,"animation":{"dataType":3,"framePerSecond":24,"keys":[
{"frame":1,"values":[0.9086,-0.1048,0.4043,0,0.0356,0.9839,0.175,0,-0.4162,-0.1446,0.8977,0,6.1442,10.187,-3.7932,1]},
{"frame":2,"values":[0.9072,-0.1145,0.4048,0,0.0454,0.9833,0.1763,0,-0.4182,-0.1416,0.8972,0,6.1442,10.187,-3.7932,1]},
{"frame":3,"values":[0.907,-0.1161,0.4049,0,0.047,0.9832,0.1765,0,-0.4186,-0.1411,0.8972,0,6.1442,10.187,-3.7932,1]},
{"frame":24,"values":[0.9077,-0.1115,0.4046,0,0.0424,0.9835,0.1759,0,-0.4176,-0.1425,0.8974,0,6.1442,10.187,-3.7932,1]},
{"frame":25,"values":[0.9086,-0.1048,0.4043,0,0.0356,0.9839,0.175,0,-0.4162,-0.1446,0.8977,0,6.1442,10.187,-3.7932,1]}],"loopBehavior":1,"name":"anim","property":"_matrix"}},
{"name":"boss:LeftArm","index":8,"matrix":[0.4855,-0.8137,0.3195,0,0.8625,0.386,-0.3273,0,0.143,0.4345,0.8893,0,12.3191,-1.113,-1.7935,1],"rest":[1,0,0,0,0,1,0,0,0,0,1,0,12.3191,-1.113,-1.7935,1],"parentBoneIndex":7,"length":27.687
,"animation":{"dataType":3,"framePerSecond":24,"keys":[
{"frame":1,"values":[0.4855,-0.8137,0.3195,0,0.8625,0.386,-0.3273,0,0.143,0.4345,0.8893,0,12.3191,-1.113,-1.7935,1]},
{"frame":2,"values":[0.4818,-0.811,0.3319,0,0.8672,0.3868,-0.3138,0,0.1261,0.439,0.8896,0,12.3191,-1.113,-1.7935,1]},
{"frame":3,"values":[0.4702,-0.8115,0.3469,0,0.8762,0.3822,-0.2936,0,0.1057,0.442,0.8908,0,12.3191,-1.113,-1.7935,1]},
{"frame":4,"values":[0.4545,-0.8129,0.3642,0,0.8853,0.367,-0.2855,0,0.0984,0.4522,0.8865,0,12.3191,-1.113,-1.7935,1]},
{"frame":5,"values":[0.4418,-0.8132,0.3787,0,0.8912,0.3495,-0.2893,0,0.1029,0.4653,0.8791,0,12.3191,-1.113,-1.7935,1]},
{"frame":6,"values":[0.436,-0.814,0.3838,0,0.8926,0.3366,-0.3,0,0.115,0.4734,0.8733,0,12.3191,-1.113,-1.7935,1]},
{"frame":7,"values":[0.4383,-0.8163,0.3763,0,0.8888,0.3312,-0.3168,0,0.134,0.4733,0.8706,0,12.3191,-1.113,-1.7935,1]},
{"frame":8,"values":[0.4494,-0.8191,0.3567,0,0.8776,0.3302,-0.3475,0,0.1668,0.4692,0.8672,0,12.3191,-1.113,-1.7935,1]},
{"frame":9,"values":[0.466,-0.8183,0.3365,0,0.8609,0.3316,-0.3859,0,0.2042,0.4696,0.859,0,12.3191,-1.113,-1.7935,1]},
{"frame":10,"values":[0.4848,-0.8117,0.3256,0,0.8434,0.3353,-0.4197,0,0.2315,0.4781,0.8472,0,12.3191,-1.113,-1.7935,1]},
{"frame":11,"values":[0.5055,-0.7971,0.3304,0,0.8287,0.3418,-0.4432,0,0.2403,0.4979,0.8333,0,12.3191,-1.113,-1.7935,1]},
{"frame":12,"values":[0.5168,-0.7873,0.3363,0,0.8216,0.3458,-0.4532,0,0.2405,0.5105,0.8255,0,12.3191,-1.113,-1.7935,1]},
{"frame":13,"values":[0.5188,-0.783,0.3432,0,0.8228,0.3483,-0.4492,0,0.2321,0.5154,0.8249,0,12.3191,-1.113,-1.7935,1]},
{"frame":14,"values":[0.5184,-0.7787,0.3534,0,0.8281,0.3542,-0.4344,0,0.2131,0.5179,0.8285,0,12.3191,-1.113,-1.7935,1]},
{"frame":15,"values":[0.5177,-0.7762,0.3599,0,0.834,0.3637,-0.415,0,0.1912,0.515,0.8356,0,12.3191,-1.113,-1.7935,1]},
{"frame":16,"values":[0.519,-0.7722,0.3666,0,0.8367,0.3712,-0.4027,0,0.1749,0.5157,0.8387,0,12.3191,-1.113,-1.7935,1]},
{"frame":17,"values":[0.5211,-0.7711,0.3657,0,0.8372,0.3787,-0.3946,0,0.1658,0.5118,0.843,0,12.3191,-1.113,-1.7935,1]},
{"frame":18,"values":[0.5231,-0.7706,0.3641,0,0.8378,0.3864,-0.3857,0,0.1565,0.5068,0.8478,0,12.3191,-1.113,-1.7935,1]},
{"frame":19,"values":[0.5236,-0.7711,0.3623,0,0.8389,0.3924,-0.3772,0,0.1487,0.5014,0.8523,0,12.3191,-1.113,-1.7935,1]},
{"frame":20,"values":[0.523,-0.7736,0.3578,0,0.84,0.3969,-0.3698,0,0.1441,0.494,0.8574,0,12.3191,-1.113,-1.7935,1]},
{"frame":21,"values":[0.5206,-0.7794,0.3487,0,0.8411,0.3979,-0.3664,0,0.1468,0.484,0.8626,0,12.3191,-1.113,-1.7935,1]},
{"frame":22,"values":[0.5148,-0.7866,0.341,0,0.8439,0.395,-0.363,0,0.1509,0.4747,0.8671,0,12.3191,-1.113,-1.7935,1]},
{"frame":23,"values":[0.5075,-0.7937,0.3354,0,0.8482,0.3918,-0.3563,0,0.1514,0.4653,0.8721,0,12.3191,-1.113,-1.7935,1]},
{"frame":24,"values":[0.4958,-0.8043,0.3275,0,0.8559,0.3887,-0.3411,0,0.1471,0.4494,0.8811,0,12.3191,-1.113,-1.7935,1]},
{"frame":25,"values":[0.4855,-0.8138,0.3195,0,0.8625,0.386,-0.3273,0,0.143,0.4345,0.8893,0,12.3191,-1.113,-1.7935,1]}],"loopBehavior":1,"name":"anim","property":"_matrix"}},
{"name":"boss:LeftForeArm","index":9,"matrix":[0.0655,0.0068,0.9978,0,0.9717,-0.2277,-0.0622,0,0.2268,0.9737,-0.0215,0,27.687,0,0,1],"rest":[1,0,0,0,0,1,0,0,0,0,1,0,27.687,0,0,1],"parentBoneIndex":8,"length":27.8738
,"animation":{"dataType":3,"framePerSecond":24,"keys":[
{"frame":1,"values":[0.0655,0.0068,0.9978,0,0.9717,-0.2277,-0.0622,0,0.2268,0.9737,-0.0215,0,27.687,0,0,1]},
{"frame":2,"values":[0.0816,0.0251,0.9964,0,0.9732,-0.2175,-0.0742,0,0.2148,0.9757,-0.0422,0,27.687,0,0,1]},
{"frame":3,"values":[0.0929,0.0557,0.9941,0,0.9751,-0.2072,-0.0796,0,0.2016,0.9767,-0.0735,0,27.687,0,0,1]},
{"frame":4,"values":[0.1017,0.0898,0.9908,0,0.977,-0.1968,-0.0825,0,0.1876,0.9763,-0.1077,0,27.687,0,0,1]},
{"frame":5,"values":[0.103,0.1282,0.9864,0,0.9795,-0.1857,-0.0781,0,0.1731,0.9742,-0.1447,0,27.687,0,0,1]},
{"frame":6,"values":[0.0941,0.1595,0.9827,0,0.9821,-0.1769,-0.0653,0,0.1635,0.9712,-0.1733,0,27.687,0,0,1]},
{"frame":7,"values":[0.0749,0.1668,0.9831,0,0.9835,-0.175,-0.0452,0,0.1645,0.9703,-0.1771,0,27.687,0,0,1]},
{"frame":8,"values":[0.0468,0.1496,0.9876,0,0.9835,-0.1798,-0.0194,0,0.1747,0.9723,-0.1555,0,27.687,0,0,1]},
{"frame":9,"values":[0.0283,0.1172,0.9927,0,0.982,-0.189,-0.0057,0,0.1869,0.975,-0.1204,0,27.687,0,0,1]},
{"frame":10,"values":[0.0283,0.0781,0.9965,0,0.9796,-0.2005,-0.0121,0,0.1988,0.9766,-0.0822,0,27.687,0,0,1]},
{"frame":11,"values":[0.0462,0.0411,0.9981,0,0.9766,-0.2118,-0.0364,0,0.2099,0.9765,-0.0499,0,27.687,0,0,1]},
{"frame":12,"values":[0.0591,0.0145,0.9981,0,0.9739,-0.2201,-0.0545,0,0.2189,0.9754,-0.0272,0,27.687,0,0,1]},
{"frame":13,"values":[0.0681,0.0069,0.9977,0,0.9728,-0.2226,-0.0649,0,0.2216,0.9749,-0.0219,0,27.687,0,0,1]},
{"frame":14,"values":[0.0781,0.0069,0.9969,0,0.9721,-0.2226,-0.0746,0,0.2214,0.9749,-0.0241,0,27.687,0,0,1]},
{"frame":15,"values":[0.0849,0.0069,0.9964,0,0.9715,-0.2226,-0.0813,0,0.2212,0.9749,-0.0256,0,27.687,0,0,1]},
{"frame":16,"values":[0.1,0.0069,0.995,0,0.9702,-0.2226,-0.096,0,0.2208,0.9749,-0.0289,0,27.687,0,0,1]},
{"frame":17,"values":[0.1096,0.0069,0.9939,0,0.9692,-0.2226,-0.1054,0,0.2205,0.9749,-0.0311,0,27.687,0,0,1]},
{"frame":18,"values":[0.1181,0.0069,0.993,0,0.9683,-0.2226,-0.1136,0,0.2202,0.9749,-0.0329,0,27.687,0,0,1]},
{"frame":19,"values":[0.1257,0.0069,0.992,0,0.9674,-0.2226,-0.121,0,0.22,0.9749,-0.0346,0,27.687,0,0,1]},
{"frame":20,"values":[0.1292,0.0069,0.9916,0,0.9669,-0.2226,-0.1244,0,0.2198,0.9749,-0.0354,0,27.687,0,0,1]},
{"frame":21,"values":[0.126,0.0069,0.992,0,0.9673,-0.2226,-0.1214,0,0.22,0.9749,-0.0347,0,27.687,0,0,1]},
{"frame":22,"values":[0.1197,0.0069,0.9928,0,0.9681,-0.2226,-0.1152,0,0.2202,0.9749,-0.0333,0,27.687,0,0,1]},
{"frame":23,"values":[0.1105,0.0069,0.9939,0,0.9691,-0.2226,-0.1062,0,0.2205,0.9749,-0.0312,0,27.687,0,0,1]},
{"frame":24,"values":[0.0885,0.0068,0.996,0,0.9707,-0.2249,-0.0847,0,0.2234,0.9744,-0.0265,0,27.687,0,0,1]},
{"frame":25,"values":[0.0655,0.0068,0.9978,0,0.9717,-0.2277,-0.0622,0,0.2268,0.9737,-0.0215,0,27.687,0,0,1]}],"loopBehavior":1,"name":"anim","property":"_matrix"}},
{"name":"boss:LeftHand","index":10,"matrix":[0.983,-0.1049,0.1508,0,0.1523,0.9247,-0.3489,0,-0.1028,0.366,0.9249,0,27.8738,0,0,1],"rest":[0.9974,-0.0541,-0.0467,0,0.0586,0.9932,0.1006,0,0.041,-0.1031,0.9938,0,27.8738,0,0,1],"parentBoneIndex":9,"length":9.2395
,"animation":{"dataType":3,"framePerSecond":24,"keys":[
{"frame":1,"values":[0.983,-0.1049,0.1508,0,0.1523,0.9247,-0.3489,0,-0.1028,0.366,0.9249,0,27.8738,0,0,1]},
{"frame":2,"values":[0.9842,-0.108,0.1404,0,0.151,0.9259,-0.3463,0,-0.0926,0.362,0.9276,0,27.8738,0,0,1]},
{"frame":3,"values":[0.9859,-0.1056,0.1299,0,0.1447,0.9279,-0.3435,0,-0.0843,0.3574,0.9301,0,27.8738,0,0,1]},
{"frame":4,"values":[0.9891,-0.1029,0.1057,0,0.1329,0.932,-0.3372,0,-0.0638,0.3475,0.9355,0,27.8738,0,0,1]},
{"frame":5,"values":[0.9925,-0.1003,0.0696,0,0.1179,0.9357,-0.3324,0,-0.0318,0.3381,0.9406,0,27.8738,0,0,1]},
{"frame":6,"values":[0.9947,-0.0958,0.036,0,0.1024,0.9376,-0.3323,0,-0.002,0.3342,0.9425,0,27.8738,0,0,1]},
{"frame":7,"values":[0.9955,-0.0923,0.0205,0,0.0939,0.9378,-0.3341,0,0.0116,0.3346,0.9423,0,27.8738,0,0,1]},
{"frame":8,"values":[0.9959,-0.0881,0.0188,0,0.0893,0.9368,-0.3383,0,0.0121,0.3386,0.9409,0,27.8738,0,0,1]},
{"frame":9,"values":[0.996,-0.0866,0.0225,0,0.0891,0.9346,-0.3444,0,0.0088,0.345,0.9386,0,27.8738,0,0,1]},
{"frame":10,"values":[0.9956,-0.0888,0.0313,0,0.0941,0.9314,-0.3516,0,0.0021,0.353,0.9356,0,27.8738,0,0,1]},
{"frame":11,"values":[0.9948,-0.0906,0.0475,0,0.1016,0.9284,-0.3573,0,-0.0117,0.3603,0.9328,0,27.8738,0,0,1]},
{"frame":12,"values":[0.9938,-0.0911,0.0642,0,0.1081,0.9271,-0.3588,0,-0.0269,0.3635,0.9312,0,27.8738,0,0,1]},
{"frame":13,"values":[0.993,-0.091,0.075,0,0.112,0.9272,-0.3575,0,-0.037,0.3634,0.9309,0,27.8738,0,0,1]},
{"frame":14,"values":[0.9921,-0.0904,0.0873,0,0.1158,0.9277,-0.3549,0,-0.0489,0.3622,0.9308,0,27.8738,0,0,1]},
{"frame":15,"values":[0.9905,-0.0922,0.1022,0,0.1227,0.9278,-0.3523,0,-0.0623,0.3614,0.9303,0,27.8738,0,0,1]},
{"frame":16,"values":[0.9892,-0.097,0.1098,0,0.13,0.9268,-0.3524,0,-0.0676,0.3629,0.9294,0,27.8738,0,0,1]},
{"frame":17,"values":[0.9883,-0.1025,0.1126,0,0.1364,0.9245,-0.3558,0,-0.0676,0.3671,0.9277,0,27.8738,0,0,1]},
{"frame":18,"values":[0.9874,-0.1076,0.1159,0,0.1428,0.9219,-0.3602,0,-0.0681,0.3722,0.9256,0,27.8738,0,0,1]},
{"frame":19,"values":[0.9864,-0.1121,0.12,0,0.1488,0.9194,-0.3642,0,-0.0695,0.3771,0.9235,0,27.8738,0,0,1]},
{"frame":20,"values":[0.9855,-0.116,0.1235,0,0.154,0.9169,-0.3682,0,-0.0705,0.3819,0.9215,0,27.8738,0,0,1]},
{"frame":21,"values":[0.9853,-0.119,0.1226,0,0.1567,0.9153,-0.371,0,-0.068,0.3847,0.9205,0,27.8738,0,0,1]},
{"frame":22,"values":[0.9854,-0.1202,0.1208,0,0.157,0.9159,-0.3695,0,-0.0662,0.383,0.9214,0,27.8738,0,0,1]},
{"frame":23,"values":[0.9852,-0.1191,0.1229,0,0.1565,0.9179,-0.3646,0,-0.0694,0.3784,0.923,0,27.8738,0,0,1]},
{"frame":24,"values":[0.9843,-0.1125,0.1361,0,0.1545,0.9216,-0.3559,0,-0.0854,0.3714,0.9245,0,27.8738,0,0,1]},
{"frame":25,"values":[0.983,-0.1049,0.1508,0,0.1523,0.9247,-0.3489,0,-0.1028,0.366,0.9249,0,27.8738,0,0,1]}],"loopBehavior":1,"name":"anim","property":"_matrix"}},
{"name":"boss:LeftHandThumb1","index":11,"matrix":[0.9547,-0.1417,-0.2615,0,0.1683,0.9823,0.0821,0,0.2452,-0.1224,0.9617,0,2.3785,-1.0029,2.6209,1],"rest":[0.9909,-0.0858,-0.104,0,0.0965,0.9901,0.102,0,0.0942,-0.1111,0.9893,0,2.3785,-1.0029,2.6209,1],"parentBoneIndex":10,"length":4.514
,"animation":{"dataType":3,"framePerSecond":24,"keys":[
{"frame":1,"values":[0.9547,-0.1417,-0.2615,0,0.1683,0.9823,0.0821,0,0.2452,-0.1224,0.9617,0,2.3785,-1.0029,2.6209,1]},
{"frame":25,"values":[0.9547,-0.1417,-0.2615,0,0.1683,0.9823,0.0821,0,0.2452,-0.1224,0.9617,0,2.3785,-1.0029,2.6209,1]}],"loopBehavior":1,"name":"anim","property":"_matrix"}},
{"name":"boss:LeftHandThumb2","index":12,"matrix":[1,0,0,0,0,1,0,0,0,0,1,0,3.3624,-1.0029,2.8398,1],"rest":[0.9723,0.0085,0.2336,0,0.008,0.9975,-0.0699,0,-0.2336,0.0698,0.9698,0,3.3624,-1.0029,2.8398,1],"parentBoneIndex":11,"length":5.1787
,"animation":{"dataType":3,"framePerSecond":24,"keys":[
{"frame":1,"values":[1,0,0,0,0,1,0,0,0,0,1,0,3.3624,-1.0029,2.8398,1]},
{"frame":25,"values":[1,0,0,0,0,1,0,0,0,0,1,0,3.3624,-1.0029,2.8398,1]}],"loopBehavior":1,"name":"anim","property":"_matrix"}},
{"name":"boss:LeftHandThumb3","index":13,"matrix":[0.9239,-0.0077,0.3826,0,0.0847,0.9791,-0.1848,0,-0.3732,0.2031,0.9053,0,4.5018,-1.3445,2.1783,1],"rest":[0.9717,-0.2361,0.003,0,0.2343,0.9658,0.111,0,-0.0291,-0.1072,0.9938,0,4.5018,-1.3445,2.1783,1],"parentBoneIndex":12,"length":0.01
,"animation":{"dataType":3,"framePerSecond":24,"keys":[
{"frame":1,"values":[0.9239,-0.0077,0.3826,0,0.0847,0.9791,-0.1848,0,-0.3732,0.2031,0.9053,0,4.5018,-1.3445,2.1783,1]},
{"frame":25,"values":[0.9239,-0.0077,0.3826,0,0.0847,0.9791,-0.1848,0,-0.3732,0.2031,0.9053,0,4.5018,-1.3445,2.1783,1]}],"loopBehavior":1,"name":"anim","property":"_matrix"}},
{"name":"boss:LeftHandThumb4","index":14,"matrix":[1,0,0,0,0,1,0,0,0,0,1,0,0,0,0,1],"rest":[1,0,0,0,0,1,0,0,0,0,1,0,0,0,0,1],"parentBoneIndex":13,"length":0.01
,"animation":{"dataType":3,"framePerSecond":24,"keys":[
{"frame":1,"values":[1,0,0,0,0,1,0,0,0,0,1,0,0,0,0,1]},
{"frame":25,"values":[1,0,0,0,0,1,0,0,0,0,1,0,0,0,0,1]}],"loopBehavior":1,"name":"anim","property":"_matrix"}},
{"name":"boss:LeftHandMiddle1","index":15,"matrix":[0.9535,-0.2984,0.0422,0,0.2851,0.9387,0.1939,0,-0.0975,-0.1728,0.9801,0,10.4639,0.6148,0.4298,1],"rest":[0.9974,0.0586,0.041,0,-0.0586,0.9983,-0.0012,0,-0.041,-0.0012,0.9992,0,10.4639,0.6148,0.4298,1],"parentBoneIndex":10,"length":5.7921
,"animation":{"dataType":3,"framePerSecond":24,"keys":[
{"frame":1,"values":[0.9535,-0.2984,0.0422,0,0.2851,0.9387,0.1939,0,-0.0975,-0.1728,0.9801,0,10.4639,0.6148,0.4298,1]},
{"frame":25,"values":[0.9535,-0.2984,0.0422,0,0.2851,0.9387,0.1939,0,-0.0975,-0.1728,0.9801,0,10.4639,0.6148,0.4298,1]}],"loopBehavior":1,"name":"anim","property":"_matrix"}},
{"name":"boss:LeftHandMiddle2","index":16,"matrix":[0.6955,-0.7185,0,0,0.7185,0.6955,0,0,0,0,1,0,5.7921,0,0,1],"rest":[1,0,0,0,0,1,0,0,0,0,1,0,5.7921,0,0,1],"parentBoneIndex":15,"length":3.7132
,"animation":{"dataType":3,"framePerSecond":24,"keys":[
{"frame":1,"values":[0.6955,-0.7185,0,0,0.7185,0.6955,0,0,0,0,1,0,5.7921,0,0,1]},
{"frame":25,"values":[0.6955,-0.7185,0,0,0.7185,0.6955,0,0,0,0,1,0,5.7921,0,0,1]}],"loopBehavior":1,"name":"anim","property":"_matrix"}},
{"name":"boss:LeftHandMiddle3","index":17,"matrix":[0.7198,-0.6941,0,0,0.6941,0.7198,0,0,0,0.0001,1,0,3.7132,0,0,1],"rest":[1,0,0,0,0,1,-0.0001,0,0,0.0001,1,0,3.7132,0,0,1],"parentBoneIndex":16,"length":0.01
,"animation":{"dataType":3,"framePerSecond":24,"keys":[
{"frame":1,"values":[0.7198,-0.6941,0,0,0.6941,0.7198,0,0,0,0.0001,1,0,3.7132,0,0,1]},
{"frame":25,"values":[0.7198,-0.6941,0,0,0.6941,0.7198,0,0,0,0.0001,1,0,3.7132,0,0,1]}],"loopBehavior":1,"name":"anim","property":"_matrix"}},
{"name":"boss:LeftHandMiddle4","index":18,"matrix":[1,0,0,0,0,1,0,0,0,0,1,0,0,0,0,1],"rest":[1,0,0,0,0,1,0,0,0,0,1,0,0,0,0,1],"parentBoneIndex":17,"length":0.01
,"animation":{"dataType":3,"framePerSecond":24,"keys":[
{"frame":1,"values":[1,0,0,0,0,1,0,0,0,0,1,0,0,0,0,1]},
{"frame":25,"values":[1,0,0,0,0,1,0,0,0,0,1,0,0,0,0,1]}],"loopBehavior":1,"name":"anim","property":"_matrix"}},
{"name":"boss:LeftHandIndex1","index":19,"matrix":[0.9532,-0.3001,0.0373,0,0.2888,0.94,0.1816,0,-0.0895,-0.1624,0.9827,0,10.3945,0.6148,2.7055,1],"rest":[0.9974,0.0586,0.041,0,-0.0586,0.9983,-0.0012,0,-0.041,-0.0012,0.9992,0,10.3945,0.6148,2.7055,1],"parentBoneIndex":10,"length":5.5493
,"animation":{"dataType":3,"framePerSecond":24,"keys":[
{"frame":1,"values":[0.9532,-0.3001,0.0373,0,0.2888,0.94,0.1816,0,-0.0895,-0.1624,0.9827,0,10.3945,0.6148,2.7055,1]},
{"frame":25,"values":[0.9532,-0.3001,0.0373,0,0.2888,0.94,0.1816,0,-0.0895,-0.1624,0.9827,0,10.3945,0.6148,2.7055,1]}],"loopBehavior":1,"name":"anim","property":"_matrix"}},
{"name":"boss:LeftHandIndex2","index":20,"matrix":[0.878,-0.4786,0,0,0.4786,0.878,0,0,0,0,1,0,5.5493,0,0,1],"rest":[1,0,0,0,0,1,0,0,0,0,1,0,5.5493,0,0,1],"parentBoneIndex":19,"length":3.3911
,"animation":{"dataType":3,"framePerSecond":24,"keys":[
{"frame":1,"values":[0.878,-0.4786,0,0,0.4786,0.878,0,0,0,0,1,0,5.5493,0,0,1]},
{"frame":25,"values":[0.878,-0.4786,0,0,0.4786,0.878,0,0,0,0,1,0,5.5493,0,0,1]}],"loopBehavior":1,"name":"anim","property":"_matrix"}},
{"name":"boss:LeftHandIndex3","index":21,"matrix":[0.8773,-0.48,0,0,0.48,0.8773,-0.0001,0,0,0.0001,1,0,3.3911,0,0,1],"rest":[1,0,0,0,0,1,-0.0001,0,0,0.0001,1,0,3.3911,0,0,1],"parentBoneIndex":20,"length":0.01
,"animation":{"dataType":3,"framePerSecond":24,"keys":[
{"frame":1,"values":[0.8773,-0.48,0,0,0.48,0.8773,-0.0001,0,0,0.0001,1,0,3.3911,0,0,1]},
{"frame":25,"values":[0.8773,-0.48,0,0,0.48,0.8773,-0.0001,0,0,0.0001,1,0,3.3911,0,0,1]}],"loopBehavior":1,"name":"anim","property":"_matrix"}},
{"name":"boss:LeftHandIndex4","index":22,"matrix":[1,0,0,0,0,1,0,0,0,0,1,0,0,0,0,1],"rest":[1,0,0,0,0,1,0,0,0,0,1,0,0,0,0,1],"parentBoneIndex":21,"length":0.01
,"animation":{"dataType":3,"framePerSecond":24,"keys":[
{"frame":1,"values":[1,0,0,0,0,1,0,0,0,0,1,0,0,0,0,1]},
{"frame":25,"values":[1,0,0,0,0,1,0,0,0,0,1,0,0,0,0,1]}],"loopBehavior":1,"name":"anim","property":"_matrix"}},
{"name":"boss:LeftHandRing1","index":23,"matrix":[0.9658,-0.2508,0.0652,0,0.2488,0.9678,0.0375,0,-0.0726,-0.02,0.9972,0,10.3252,0.3211,-1.8755,1],"rest":[0.9974,0.0586,0.041,0,-0.0586,0.9983,-0.0012,0,-0.041,-0.0012,0.9992,0,10.3252,0.3211,-1.8755,1],"parentBoneIndex":10,"length":5.4452
,"animation":{"dataType":3,"framePerSecond":24,"keys":[
{"frame":1,"values":[0.9658,-0.2508,0.0652,0,0.2488,0.9678,0.0375,0,-0.0726,-0.02,0.9972,0,10.3252,0.3211,-1.8755,1]},
