{"producer":{"name":"Blender","version":"2.90.0","exporter_version":"2.80.1","file":"wait_fight.babylon"},
"autoClear":true,"clearColor":[0.0509,0.0509,0.0509],"gravity":[0,-9.81,0],
"materials":[{"name":"Material","id":"Material","customType":"BABYLON.PBRMaterial","backFaceCulling":true,"checkReadyOnlyOnce":false,"maxSimultaneousLights":4,"environmentIntensity":1,"albedo":[0.8,0.8,0.8],"reflectivity":[0.5,0.5,0.5],"roughness":0.4,"alpha":1,"transparencyMode":0,"alphaCutOff":0.4,"metallic":0}],
"multiMaterials":[],
"skeletons":[{"name":"Armature","id":0,"dimensionsAtRest":[188.1767,172.4535,15.5905],"bones":[
{"name":"boss:Hips","index":0,"matrix":[0.5927,0.1067,-0.7984,0,0.0256,0.9882,0.151,0,-0.8051,0.1099,-0.5829,0,8.8699,87.5261,6.7012,1],"rest":[1,0,0,0,0,1,0,0,0,0,-1,0,0,96.3794,0,1],"parentBoneIndex":-1,"length":9.9032
,"animation":{"dataType":3,"framePerSecond":24,"keys":[
{"frame":1,"values":[0.5927,0.1067,-0.7984,0,0.0256,0.9882,0.151,0,-0.8051,0.1099,-0.5829,0,8.8699,87.5261,6.7012,1]},
{"frame":2,"values":[0.5975,0.1047,-0.795,0,0.0313,0.9876,0.1536,0,-0.8013,0.1166,-0.5868,0,8.7478,87.4652,6.967,1]},
{"frame":3,"values":[0.6005,0.1025,-0.793,0,0.0341,0.9876,0.1535,0,-0.7989,0.1192,-0.5896,0,8.6912,87.8187,6.908,1]},
{"frame":4,"values":[0.6021,0.099,-0.7922,0,0.036,0.9879,0.1508,0,-0.7976,0.1193,-0.5913,0,8.7388,88.4054,6.5317,1]},
{"frame":5,"values":[0.6027,0.096,-0.7922,0,0.0364,0.9884,0.1476,0,-0.7971,0.1178,-0.5922,0,8.9201,88.9515,5.9611,1]},
{"frame":6,"values":[0.6024,0.0931,-0.7928,0,0.0366,0.9889,0.1439,0,-0.7974,0.1157,-0.5923,0,9.2326,89.2226,5.3366,1]},
{"frame":7,"values":[0.6015,0.0925,-0.7935,0,0.0352,0.9892,0.142,0,-0.7981,0.1133,-0.5917,0,9.7004,89.0481,4.8035,1]},
{"frame":8,"values":[0.5986,0.0956,-0.7953,0,0.0341,0.9889,0.1446,0,-0.8003,0.1137,-0.5887,0,10.1964,88.4595,4.3482,1]},
{"frame":9,"values":[0.5949,0.1006,-0.7975,0,0.0339,0.9881,0.15,0,-0.8031,0.1163,-0.5844,0,10.6208,87.7443,3.9187,1]},
{"frame":10,"values":[0.5914,0.1057,-0.7994,0,0.032,0.9875,0.1543,0,-0.8057,0.1168,-0.5806,0,10.8941,87.1934,3.5678,1]},
{"frame":11,"values":[0.5896,0.1095,-0.8003,0,0.0319,0.9868,0.1586,0,-0.8071,0.119,-0.5783,0,10.9325,87.0942,3.3614,1]},
{"frame":12,"values":[0.5885,0.1077,-0.8013,0,0.0327,0.9871,0.1567,0,-0.8078,0.1184,-0.5774,0,10.7889,87.4694,3.3634,1]},
{"frame":13,"values":[0.5889,0.1053,-0.8013,0,0.0331,0.9875,0.1542,0,-0.8075,0.1173,-0.578,0,10.5326,88.0555,3.5562,1]},
{"frame":14,"values":[0.5909,0.1046,-0.8,0,0.0317,0.9878,0.1525,0,-0.8062,0.1155,-0.5803,0,10.1955,88.5323,3.9176,1]},
{"frame":15,"values":[0.5914,0.1045,-0.7996,0,0.0293,0.9881,0.1508,0,-0.8058,0.1126,-0.5813,0,9.8552,88.7053,4.4902,1]},
{"frame":16,"values":[0.593,0.1024,-0.7987,0,0.0265,0.9889,0.1465,0,-0.8048,0.1081,-0.5837,0,9.5882,88.4441,5.2959,1]},
{"frame":17,"values":[0.597,0.1014,-0.7958,0,0.0258,0.989,0.1454,0,-0.8018,0.1073,-0.5879,0,9.348,87.8702,6.1461,1]},
{"frame":18,"values":[0.6024,0.1016,-0.7917,0,0.0284,0.9885,0.1484,0,-0.7977,0.1119,-0.5926,0,9.1033,87.3113,6.8398,1]},
{"frame":19,"values":[0.6077,0.0989,-0.788,0,0.0326,0.9883,0.1493,0,-0.7935,0.1164,-0.5974,0,8.8762,87.1038,7.2437,1]},
{"frame":20,"values":[0.6119,0.0954,-0.7852,0,0.0348,0.9885,0.1472,0,-0.7902,0.1173,-0.6015,0,8.7075,87.352,7.2803,1]},
{"frame":21,"values":[0.6134,0.0972,-0.7837,0,0.0329,0.9884,0.1483,0,-0.7891,0.1168,-0.6031,0,8.6808,87.8982,6.9865,1]},
{"frame":22,"values":[0.609,0.0994,-0.7869,0,0.0298,0.9886,0.1479,0,-0.7926,0.1135,-0.599,0,8.8058,88.4908,6.465,1]},
{"frame":23,"values":[0.5995,0.1028,-0.7937,0,0.0271,0.9885,0.1486,0,-0.7999,0.1106,-0.5899,0,9.0752,88.9057,5.805,1]},
{"frame":24,"values":[0.5888,0.1059,-0.8013,0,0.0252,0.9885,0.1492,0,-0.8079,0.1081,-0.5793,0,9.446,88.9842,5.1726,1]},
{"frame":25,"values":[0.5788,0.1103,-0.8079,0,0.0236,0.9881,0.1518,0,-0.8151,0.1069,-0.5694,0,9.8495,88.6218,4.6392,1]},
{"frame":26,"values":[0.5692,0.1151,-0.8141,0,0.0247,0.9873,0.1569,0,-0.8218,0.1094,-0.5592,0,10.214,87.989,4.1733,1]},
{"frame":27,"values":[0.558,0.1192,-0.8212,0,0.027,0.9865,0.1615,0,-0.8294,0.1123,-0.5473,0,10.5255,87.2981,3.8316,1]},
{"frame":28,"values":[0.5478,0.1255,-0.8271,0,0.0287,0.9853,0.1685,0,-0.8361,0.116,-0.5362,0,10.68,86.8711,3.5017,1]},
{"frame":29,"values":[0.5392,0.1299,-0.8321,0,0.0301,0.9844,0.1732,0,-0.8417,0.1185,-0.5268,0,10.6039,86.9591,3.3008,1]},
{"frame":30,"values":[0.5333,0.1306,-0.8358,0,0.0303,0.9844,0.1732,0,-0.8454,0.1176,-0.521,0,10.3399,87.4865,3.2589,1]},
{"frame":31,"values":[0.5317,0.1277,-0.8373,0,0.0295,0.9852,0.169,0,-0.8464,0.1146,-0.52,0,9.9654,88.1186,3.4366,1]},
{"frame":32,"values":[0.532,0.1244,-0.8376,0,0.0278,0.9861,0.1641,0,-0.8463,0.1106,-0.5211,0,9.5522,88.5965,3.7988,1]},
{"frame":33,"values":[0.5348,0.1218,-0.8362,0,0.0256,0.9868,0.1601,0,-0.8446,0.107,-0.5246,0,9.1684,88.7476,4.3398,1]},
{"frame":34,"values":[0.5391,0.1205,-0.8336,0,0.0235,0.9872,0.1578,0,-0.8419,0.1046,-0.5293,0,8.8715,88.4818,5.0083,1]},
{"frame":35,"values":[0.5489,0.1204,-0.8272,0,0.0257,0.9867,0.1607,0,-0.8355,0.1094,-0.5385,0,8.6155,87.955,5.681,1]},
{"frame":36,"values":[0.5592,0.1195,-0.8204,0,0.0305,0.9859,0.1644,0,-0.8285,0.117,-0.5477,0,8.3959,87.4356,6.2251,1]},
{"frame":37,"values":[0.5659,0.1148,-0.8165,0,0.035,0.986,0.1629,0,-0.8238,0.1208,-0.5539,0,8.2323,87.1936,6.5164,1]},
{"frame":38,"values":[0.5697,0.111,-0.8144,0,0.036,0.9865,0.1596,0,-0.8211,0.1203,-0.558,0,8.1491,87.3565,6.4662,1]},
{"frame":39,"values":[0.5722,0.1109,-0.8126,0,0.0339,0.9868,0.1585,0,-0.8194,0.1182,-0.5609,0,8.1784,87.8237,6.0956,1]},
{"frame":40,"values":[0.5684,0.11,-0.8154,0,0.0303,0.9876,0.1543,0,-0.8222,0.1124,-0.558,0,8.3597,88.3749,5.5824,1]},
{"frame":41,"values":[0.5633,0.1104,-0.8188,0,0.0271,0.988,0.1519,0,-0.8258,0.1078,-0.5536,0,8.6643,88.7988,4.9781,1]},
{"frame":42,"values":[0.5624,0.1102,-0.8195,0,0.0249,0.9884,0.1501,0,-0.8265,0.1048,-0.5531,0,9.0487,88.9412,4.3824,1]},
{"frame":43,"values":[0.5652,0.1111,-0.8174,0,0.023,0.9884,0.1503,0,-0.8246,0.1037,-0.5561,0,9.4684,88.7056,3.8961,1]},
{"frame":44,"values":[0.5693,0.1112,-0.8146,0,0.0241,0.9881,0.1517,0,-0.8218,0.1059,-0.5599,0,9.8489,88.2002,3.4931,1]},
{"frame":45,"values":[0.5712,0.1098,-0.8134,0,0.0275,0.9879,0.1527,0,-0.8203,0.1096,-0.5613,0,10.1819,87.6484,3.1875,1]},
{"frame":46,"values":[0.5701,0.1115,-0.814,0,0.0294,0.9873,0.1559,0,-0.821,0.1128,-0.5596,0,10.4134,87.2837,2.929,1]},
{"frame":47,"values":[0.5676,0.1145,-0.8153,0,0.0299,0.9868,0.1594,0,-0.8228,0.1148,-0.5566,0,10.4468,87.3352,2.7488,1]},
{"frame":48,"values":[0.5664,0.1146,-0.8161,0,0.0294,0.9868,0.159,0,-0.8236,0.1141,-0.5556,0,10.329,87.7589,2.6871,1]},
{"frame":49,"values":[0.5645,0.1147,-0.8174,0,0.0265,0.9873,0.1569,0,-0.825,0.1102,-0.5543,0,10.1096,88.3041,2.8057,1]},
{"frame":50,"values":[0.5631,0.1142,-0.8184,0,0.0223,0.9879,0.1532,0,-0.8261,0.1046,-0.5538,0,9.8327,88.7413,3.1268,1]},
{"frame":51,"values":[0.5629,0.114,-0.8186,0,0.0183,0.9885,0.1502,0,-0.8263,0.0995,-0.5543,0,9.5598,88.9064,3.6725,1]},
{"frame":52,"values":[0.5646,0.1142,-0.8174,0,0.0164,0.9886,0.1495,0,-0.8252,0.0978,-0.5563,0,9.3285,88.6953,4.4255,1]},
{"frame":53,"values":[0.5676,0.1129,-0.8155,0,0.0177,0.9887,0.1491,0,-0.8231,0.0991,-0.5592,0,9.1343,88.1672,5.304,1]},
{"frame":54,"values":[0.5719,0.1138,-0.8124,0,0.0215,0.9879,0.1535,0,-0.8201,0.1053,-0.5625,0,8.9335,87.5801,6.0621,1]},
{"frame":55,"values":[0.5748,0.1128,-0.8105,0,0.0275,0.9872,0.157,0,-0.8179,0.1125,-0.5643,0,8.7512,87.242,6.5683,1]},
{"frame":56,"values":[0.5748,0.1107,-0.8108,0,0.0304,0.9872,0.1563,0,-0.8177,0.1145,-0.5641,0,8.6301,87.3749,6.708,1]},
{"frame":57,"values":[0.5728,0.1101,-0.8122,0,0.0293,0.9876,0.1545,0,-0.8192,0.1123,-0.5625,0,8.6479,87.8858,6.5338,1]},
{"frame":58,"values":[0.5686,0.1085,-0.8154,0,0.0241,0.9886,0.1483,0,-0.8223,0.1039,-0.5595,0,8.8662,88.4906,6.167,1]},
{"frame":59,"values":[0.5621,0.1066,-0.8202,0,0.0175,0.9899,0.1406,0,-0.8269,0.0934,-0.5546,0,9.2491,88.9329,5.6699,1]},
{"frame":60,"values":[0.5558,0.1057,-0.8246,0,0.0119,0.9908,0.135,0,-0.8312,0.0849,-0.5494,0,9.7631,88.9684,5.2011,1]},
{"frame":61,"values":[0.5525,0.1057,-0.8268,0,0.0088,0.9911,0.1326,0,-0.8334,0.0806,-0.5467,0,10.3139,88.5346,4.8683,1]},
{"frame":62,"values":[0.5546,0.1059,-0.8253,0,0.0097,0.991,0.1336,0,-0.832,0.0821,-0.5486,0,10.7801,87.89,4.5921,1]},
{"frame":63,"values":[0.5602,0.1098,-0.8211,0,0.0108,0.9901,0.1398,0,-0.8283,0.0872,-0.5535,0,11.0979,87.3378,4.3261,1]},
{"frame":64,"values":[0.5664,0.1139,-0.8162,0,0.0122,0.9891,0.1465,0,-0.824,0.0929,-0.5589,0,11.1799,87.1598,4.1077,1]},
{"frame":65,"values":[0.571,0.1154,-0.8128,0,0.0125,0.9887,0.1492,0,-0.8209,0.0953,-0.5631,0,10.9956,87.5064,3.9768,1]},
{"frame":66,"values":[0.5719,0.1159,-0.8121,0,0.0121,0.9887,0.1496,0,-0.8203,0.0954,-0.564,0,10.6587,88.1223,3.9626,1]},
{"frame":67,"values":[0.5745,0.1136,-0.8106,0,0.0109,0.9892,0.1463,0,-0.8184,0.0929,-0.5671,0,10.2545,88.6895,4.1339,1]},
{"frame":68,"values":[0.5793,0.1112,-0.8075,0,0.0092,0.9897,0.1428,0,-0.8151,0.0902,-0.5723,0,9.8213,88.9927,4.4886,1]},
{"frame":69,"values":[0.5845,0.1077,-0.8042,0,0.0096,0.9902,0.1396,0,-0.8113,0.0893,-0.5777,0,9.4458,88.8641,5.0747,1]},
{"frame":70,"values":[0.591,0.106,-0.7997,0,0.0134,0.9899,0.1411,0,-0.8066,0.0941,-0.5836,0,9.1743,88.3223,5.7754,1]},
{"frame":71,"values":[0.5935,0.1075,-0.7976,0,0.0193,0.9889,0.1476,0,-0.8046,0.103,-0.5849,0,8.9948,87.7216,6.3916,1]},
{"frame":72,"values":[0.5927,0.1067,-0.7984,0,0.0256,0.9882,0.151,0,-0.8051,0.1099,-0.5829,0,8.8699,87.5261,6.7011,1]}],"loopBehavior":1,"name":"anim","property":"_matrix"}},
{"name":"boss:Spine","index":1,"matrix":[0.9988,-0.0431,-0.021,0,0.0453,0.9922,0.1159,0,0.0158,-0.1167,0.993,0,0,9.2263,1.5771,1],"rest":[1,0,0,0,0,1,0,0,0,0,1,0,0,9.2263,1.5771,1],"parentBoneIndex":0,"length":16.2548
,"animation":{"dataType":3,"framePerSecond":24,"keys":[
{"frame":1,"values":[0.9988,-0.0431,-0.021,0,0.0453,0.9922,0.1159,0,0.0158,-0.1167,0.993,0,0,9.2263,1.5771,1]},
{"frame":2,"values":[0.999,-0.0421,-0.0138,0,0.0434,0.992,0.1188,0,0.0087,-0.1193,0.9928,0,0,9.2263,1.5771,1]},
{"frame":3,"values":[0.999,-0.0425,-0.0129,0,0.0437,0.9925,0.1146,0,0.0079,-0.115,0.9933,0,0,9.2263,1.5771,1]},
{"frame":4,"values":[0.9989,-0.0424,-0.0183,0,0.0441,0.9934,0.1064,0,0.0137,-0.1071,0.9942,0,0,9.2263,1.5771,1]},
{"frame":5,"values":[0.9987,-0.0431,-0.0265,0,0.0455,0.9941,0.0986,0,0.0221,-0.0997,0.9948,0,0,9.2263,1.5771,1]},
{"frame":6,"values":[0.9983,-0.0445,-0.0364,0,0.0478,0.9944,0.0942,0,0.032,-0.0958,0.9949,0,0,9.2263,1.5771,1]},
{"frame":7,"values":[0.9979,-0.0484,-0.0441,0,0.0525,0.9939,0.0966,0,0.0391,-0.0987,0.9944,0,0,9.2263,1.5771,1]},
{"frame":8,"values":[0.9972,-0.0533,-0.0518,0,0.0585,0.9928,0.1045,0,0.0459,-0.1072,0.9932,0,0,9.2263,1.5771,1]},
{"frame":9,"values":[0.9966,-0.057,-0.0594,0,0.0634,0.9916,0.1124,0,0.0525,-0.1157,0.9919,0,0,9.2263,1.5771,1]},
{"frame":10,"values":[0.9962,-0.0598,-0.0629,0,0.0668,0.9911,0.1148,0,0.0555,-0.1185,0.9914,0,0,9.2263,1.5771,1]},
{"frame":11,"values":[0.9961,-0.0623,-0.062,0,0.0692,0.9908,0.1162,0,0.0542,-0.1201,0.9913,0,0,9.2263,1.5771,1]},
{"frame":12,"values":[0.9965,-0.06,-0.0585,0,0.0663,0.9915,0.112,0,0.0513,-0.1155,0.992,0,0,9.2263,1.5771,1]},
{"frame":13,"values":[0.9969,-0.0558,-0.0546,0,0.0614,0.9924,0.1067,0,0.0482,-0.1098,0.9928,0,0,9.2263,1.5771,1]},
{"frame":14,"values":[0.9974,-0.0526,-0.0488,0,0.0573,0.9931,0.1019,0,0.0431,-0.1044,0.9936,0,0,9.2263,1.5771,1]},
{"frame":15,"values":[0.9979,-0.0498,-0.0422,0,0.0537,0.9936,0.0994,0,0.037,-0.1014,0.9942,0,0,9.2263,1.5771,1]},
{"frame":16,"values":[0.9984,-0.045,-0.0349,0,0.0483,0.9938,0.1004,0,0.0301,-0.1019,0.9943,0,0,9.2263,1.5771,1]},
{"frame":17,"values":[0.9988,-0.0405,-0.0258,0,0.043,0.9933,0.1074,0,0.0212,-0.1084,0.9939,0,0,9.2263,1.5771,1]},
{"frame":18,"values":[0.9991,-0.0373,-0.0179,0,0.0392,0.9925,0.1158,0,0.0134,-0.1164,0.9931,0,0,9.2263,1.5771,1]},
{"frame":19,"values":[0.9994,-0.0322,-0.0126,0,0.0335,0.9925,0.1178,0,0.0087,-0.1182,0.993,0,0,9.2263,1.5771,1]},
{"frame":20,"values":[0.9996,-0.0273,-0.0094,0,0.0282,0.9936,0.1097,0,0.0064,-0.1099,0.9939,0,0,9.2263,1.5771,1]},
{"frame":21,"values":[0.9996,-0.0273,-0.0108,0,0.0282,0.9946,0.0997,0,0.008,-0.1,0.995,0,0,9.2263,1.5771,1]},
{"frame":22,"values":[0.9995,-0.0267,-0.0164,0,0.028,0.9957,0.0881,0,0.0139,-0.0885,0.996,0,0,9.2263,1.5771,1]},
{"frame":23,"values":[0.9994,-0.0266,-0.0221,0,0.0282,0.9964,0.0798,0,0.0199,-0.0804,0.9966,0,0,9.2263,1.5771,1]},
{"frame":24,"values":[0.9993,-0.0264,-0.0268,0,0.0284,0.9967,0.0764,0,0.0247,-0.0771,0.9967,0,0,9.2263,1.5771,1]},
{"frame":25,"values":[0.9992,-0.0295,-0.0284,0,0.0317,0.9963,0.0799,0,0.0259,-0.0807,0.9964,0,0,9.2263,1.5771,1]},
{"frame":26,"values":[0.9991,-0.0325,-0.0258,0,0.0347,0.9954,0.0888,0,0.0228,-0.0896,0.9957,0,0,9.2263,1.5771,1]},
{"frame":27,"values":[0.9992,-0.0346,-0.0221,0,0.0367,0.9945,0.0982,0,0.0186,-0.099,0.9949,0,0,9.2263,1.5771,1]},
{"frame":28,"values":[0.9991,-0.0385,-0.0178,0,0.0402,0.9938,0.1041,0,0.0137,-0.1048,0.9944,0,0,9.2263,1.5771,1]},
{"frame":29,"values":[0.999,-0.0419,-0.0159,0,0.0433,0.9937,0.1037,0,0.0115,-0.1043,0.9945,0,0,9.2263,1.5771,1]},
{"frame":30,"values":[0.999,-0.0425,-0.0161,0,0.0438,0.9944,0.0963,0,0.012,-0.0969,0.9952,0,0,9.2263,1.5771,1]},
{"frame":31,"values":[0.9991,-0.041,-0.014,0,0.042,0.9953,0.087,0,0.0104,-0.0875,0.9961,0,0,9.2263,1.5771,1]},
{"frame":32,"values":[0.9991,-0.0392,-0.0127,0,0.0401,0.9961,0.0791,0,0.0096,-0.0796,0.9968,0,0,9.2263,1.5771,1]},
{"frame":33,"values":[0.9992,-0.0381,-0.013,0,0.039,0.9964,0.0758,0,0.01,-0.0763,0.997,0,0,9.2263,1.5771,1]},
{"frame":34,"values":[0.9992,-0.0376,-0.0148,0,0.0386,0.9961,0.0789,0,0.0118,-0.0794,0.9968,0,0,9.2263,1.5771,1]},
{"frame":35,"values":[0.9993,-0.0369,-0.0109,0,0.0377,0.9951,0.0917,0,0.0075,-0.092,0.9957,0,0,9.2263,1.5771,1]},
{"frame":36,"values":[0.9994,-0.0353,-0.0071,0,0.0358,0.9938,0.1051,0,0.0034,-0.1053,0.9944,0,0,9.2263,1.5771,1]},
{"frame":37,"values":[0.9995,-0.0302,-0.0045,0,0.0305,0.9935,0.1096,0,0.0012,-0.1097,0.994,0,0,9.2263,1.5771,1]},
{"frame":38,"values":[0.9996,-0.0265,-0.0002,0,0.0263,0.9941,0.1056,0,-0.0026,-0.1056,0.9944,0,0,9.2263,1.5771,1]},
{"frame":39,"values":[0.9996,-0.0264,0.0028,0,0.026,0.9948,0.0981,0,-0.0054,-0.098,0.9952,0,0,9.2263,1.5771,1]},
{"frame":40,"values":[0.9996,-0.0266,-0.0012,0,0.0266,0.9958,0.0882,0,-0.0012,-0.0882,0.9961,0,0,9.2263,1.5771,1]},
{"frame":41,"values":[0.9996,-0.0284,-0.0081,0,0.0289,0.9963,0.0812,0,0.0057,-0.0814,0.9967,0,0,9.2263,1.5771,1]},
{"frame":42,"values":[0.9995,-0.0301,-0.0137,0,0.0311,0.9965,0.0774,0,0.0113,-0.0778,0.9969,0,0,9.2263,1.5771,1]},
{"frame":43,"values":[0.9993,-0.0343,-0.0164,0,0.0355,0.9962,0.0791,0,0.0136,-0.0796,0.9967,0,0,9.2263,1.5771,1]},
{"frame":44,"values":[0.9992,-0.0373,-0.0161,0,0.0385,0.9956,0.0859,0,0.0128,-0.0864,0.9962,0,0,9.2263,1.5771,1]},
{"frame":45,"values":[0.9992,-0.0374,-0.0171,0,0.0388,0.9949,0.0935,0,0.0136,-0.0941,0.9955,0,0,9.2263,1.5771,1]},
{"frame":46,"values":[0.999,-0.0395,-0.0199,0,0.0413,0.9943,0.0979,0,0.016,-0.0986,0.995,0,0,9.2263,1.5771,1]},
{"frame":47,"values":[0.9988,-0.0431,-0.0228,0,0.0451,0.9943,0.0969,0,0.0185,-0.0978,0.995,0,0,9.2263,1.5771,1]},
{"frame":48,"values":[0.9988,-0.0429,-0.0234,0,0.0449,0.995,0.0894,0,0.0194,-0.0903,0.9957,0,0,9.2263,1.5771,1]},
{"frame":49,"values":[0.9988,-0.0432,-0.0237,0,0.045,0.9958,0.0793,0,0.0202,-0.0802,0.9966,0,0,9.2263,1.5771,1]},
{"frame":50,"values":[0.9988,-0.0431,-0.0224,0,0.0446,0.9966,0.07,0,0.0193,-0.0709,0.9973,0,0,9.2263,1.5771,1]},
{"frame":51,"values":[0.9988,-0.0429,-0.0221,0,0.0443,0.9968,0.0661,0,0.0192,-0.067,0.9976,0,0,9.2263,1.5771,1]},
{"frame":52,"values":[0.9989,-0.0422,-0.0213,0,0.0436,0.9965,0.0714,0,0.0182,-0.0722,0.9972,0,0,9.2263,1.5771,1]},
{"frame":53,"values":[0.9991,-0.0395,-0.0165,0,0.0408,0.9956,0.0845,0,0.0131,-0.0851,0.9963,0,0,9.2263,1.5771,1]},
{"frame":54,"values":[0.9992,-0.0381,-0.0116,0,0.0391,0.9941,0.1013,0,0.0076,-0.1017,0.9948,0,0,9.2263,1.5771,1]},
{"frame":55,"values":[0.9994,-0.0351,-0.0082,0,0.0358,0.9928,0.114,0,0.0041,-0.1142,0.9934,0,0,9.2263,1.5771,1]},
{"frame":56,"values":[0.9995,-0.0323,-0.007,0,0.0329,0.9928,0.1154,0,0.0032,-0.1156,0.9933,0,0,9.2263,1.5771,1]},
{"frame":57,"values":[0.9994,-0.0327,-0.0065,0,0.0332,0.9933,0.1108,0,0.0029,-0.1109,0.9938,0,0,9.2263,1.5771,1]},
{"frame":58,"values":[0.9994,-0.0336,-0.0081,0,0.0343,0.9942,0.1022,0,0.0046,-0.1024,0.9947,0,0,9.2263,1.5771,1]},
{"frame":59,"values":[0.9993,-0.0355,-0.0123,0,0.0365,0.9948,0.0951,0,0.0088,-0.0955,0.9954,0,0,9.2263,1.5771,1]},
{"frame":60,"values":[0.999,-0.0401,-0.0182,0,0.0417,0.9946,0.0949,0,0.0143,-0.0956,0.9953,0,0,9.2263,1.5771,1]},
{"frame":61,"values":[0.9986,-0.0467,-0.0239,0,0.049,0.9935,0.1027,0,0.019,-0.1038,0.9944,0,0,9.2263,1.5771,1]},
{"frame":62,"values":[0.9984,-0.051,-0.0248,0,0.0535,0.9919,0.1154,0,0.0187,-0.1165,0.993,0,0,9.2263,1.5771,1]},
{"frame":63,"values":[0.9982,-0.0555,-0.0237,0,0.058,0.9903,0.1264,0,0.0165,-0.1275,0.9917,0,0,9.2263,1.5771,1]},
{"frame":64,"values":[0.9979,-0.0596,-0.0237,0,0.0622,0.9894,0.131,0,0.0157,-0.1322,0.9911,0,0,9.2263,1.5771,1]},
{"frame":65,"values":[0.9978,-0.0613,-0.0265,0,0.0642,0.9902,0.1244,0,0.0186,-0.1258,0.9919,0,0,9.2263,1.5771,1]},
{"frame":66,"values":[0.9977,-0.0606,-0.0302,0,0.0636,0.9918,0.111,0,0.0232,-0.1127,0.9934,0,0,9.2263,1.5771,1]},
{"frame":67,"values":[0.9979,-0.0577,-0.0304,0,0.0603,0.9936,0.0958,0,0.0247,-0.0974,0.9949,0,0,9.2263,1.5771,1]},
{"frame":68,"values":[0.9981,-0.0556,-0.0274,0,0.0578,0.9947,0.0847,0,0.0226,-0.0861,0.996,0,0,9.2263,1.5771,1]},
{"frame":69,"values":[0.9983,-0.0519,-0.025,0,0.0538,0.9952,0.0814,0,0.0206,-0.0827,0.9964,0,0,9.2263,1.5771,1]},
{"frame":70,"values":[0.9986,-0.0486,-0.021,0,0.0503,0.9946,0.0908,0,0.0165,-0.0917,0.9957,0,0,9.2263,1.5771,1]},
{"frame":71,"values":[0.9987,-0.0464,-0.02,0,0.0483,0.9931,0.1065,0,0.015,-0.1073,0.9941,0,0,9.2263,1.5771,1]},
{"frame":72,"values":[0.9988,-0.0431,-0.021,0,0.0453,0.9922,0.1159,0,0.0158,-0.1167,0.993,0,0,9.2263,1.5771,1]}],"loopBehavior":1,"name":"anim","property":"_matrix"}},
{"name":"boss:Spine1","index":2,"matrix":[0.9954,-0.0835,-0.0468,0,0.092,0.969,0.2291,0,0.0263,-0.2323,0.9723,0,0,16.254,-0.1656,1],"rest":[1,0,0,0,0,1,0,0,0,0,1,0,0,16.254,-0.1656,1],"parentBoneIndex":1,"length":13.7007
,"animation":{"dataType":3,"framePerSecond":24,"keys":[
{"frame":1,"values":[0.9954,-0.0835,-0.0468,0,0.092,0.969,0.2291,0,0.0263,-0.2323,0.9723,0,0,16.254,-0.1656,1]},
{"frame":2,"values":[0.9954,-0.084,-0.045,0,0.0922,0.9687,0.2305,0,0.0243,-0.2336,0.972,0,0,16.254,-0.1656,1]},
{"frame":3,"values":[0.9954,-0.0844,-0.0447,0,0.0925,0.9688,0.23,0,0.0239,-0.233,0.9722,0,0,16.254,-0.1656,1]},
{"frame":4,"values":[0.9954,-0.084,-0.0461,0,0.0923,0.9693,0.228,0,0.0255,-0.2312,0.9726,0,0,16.254,-0.1656,1]},
{"frame":5,"values":[0.9954,-0.0832,-0.0481,0,0.092,0.9699,0.2256,0,0.0279,-0.2289,0.973,0,0,16.254,-0.1656,1]},
{"frame":6,"values":[0.9953,-0.0823,-0.0506,0,0.0916,0.9703,0.2239,0,0.0307,-0.2275,0.9733,0,0,16.254,-0.1656,1]},
{"frame":7,"values":[0.9953,-0.0814,-0.0526,0,0.0911,0.9705,0.2232,0,0.0329,-0.227,0.9733,0,0,16.254,-0.1656,1]},
{"frame":8,"values":[0.9952,-0.0815,-0.0546,0,0.0917,0.9702,0.2241,0,0.0348,-0.228,0.973,0,0,16.254,-0.1656,1]},
{"frame":9,"values":[0.995,-0.0817,-0.0567,0,0.0925,0.9698,0.2258,0,0.0365,-0.2299,0.9725,0,0,16.254,-0.1656,1]},
{"frame":10,"values":[0.9949,-0.0823,-0.0577,0,0.0933,0.9695,0.2268,0,0.0373,-0.2311,0.9722,0,0,16.254,-0.1656,1]},
{"frame":11,"values":[0.9949,-0.0827,-0.0575,0,0.0938,0.9692,0.2278,0,0.0368,-0.232,0.972,0,0,16.254,-0.1656,1]},
{"frame":12,"values":[0.995,-0.0822,-0.0566,0,0.093,0.9693,0.2276,0,0.0361,-0.2317,0.9721,0,0,16.254,-0.1656,1]},
{"frame":13,"values":[0.9951,-0.0815,-0.0555,0,0.0921,0.9696,0.2268,0,0.0354,-0.2308,0.9724,0,0,16.254,-0.1656,1]},
{"frame":14,"values":[0.9952,-0.0814,-0.054,0,0.0916,0.9698,0.2259,0,0.0339,-0.2298,0.9726,0,0,16.254,-0.1656,1]},
{"frame":15,"values":[0.9953,-0.0818,-0.0522,0,0.0916,0.97,0.2254,0,0.0322,-0.2291,0.9729,0,0,16.254,-0.1656,1]},
{"frame":16,"values":[0.9954,-0.0818,-0.0503,0,0.0911,0.97,0.2254,0,0.0304,-0.2289,0.973,0,0,16.254,-0.1656,1]},
{"frame":17,"values":[0.9955,-0.0817,-0.048,0,0.0906,0.9697,0.227,0,0.028,-0.2304,0.9727,0,0,16.254,-0.1656,1]},
{"frame":18,"values":[0.9956,-0.0819,-0.0461,0,0.0904,0.969,0.2299,0,0.0258,-0.2331,0.9721,0,0,16.254,-0.1656,1]},
{"frame":19,"values":[0.9957,-0.0812,-0.0449,0,0.0895,0.9685,0.2323,0,0.0246,-0.2353,0.9716,0,0,16.254,-0.1656,1]},
{"frame":20,"values":[0.9958,-0.0803,-0.0441,0,0.0884,0.9687,0.2321,0,0.0241,-0.235,0.9717,0,0,16.254,-0.1656,1]},
{"frame":21,"values":[0.9958,-0.0801,-0.0444,0,0.0882,0.9691,0.2303,0,0.0246,-0.2333,0.9721,0,0,16.254,-0.1656,1]},
{"frame":22,"values":[0.9958,-0.0799,-0.0457,0,0.0882,0.9698,0.2272,0,0.0262,-0.2303,0.9728,0,0,16.254,-0.1656,1]},
{"frame":23,"values":[0.9957,-0.0797,-0.0471,0,0.0883,0.9705,0.2245,0,0.0278,-0.2277,0.9733,0,0,16.254,-0.1656,1]},
{"frame":24,"values":[0.9957,-0.0794,-0.0483,0,0.0882,0.9709,0.2228,0,0.0292,-0.2261,0.9737,0,0,16.254,-0.1656,1]},
{"frame":25,"values":[0.9956,-0.0796,-0.0487,0,0.0886,0.9708,0.223,0,0.0295,-0.2263,0.9736,0,0,16.254,-0.1656,1]},
{"frame":26,"values":[0.9956,-0.0807,-0.0482,0,0.0895,0.9702,0.2251,0,0.0286,-0.2284,0.9731,0,0,16.254,-0.1656,1]},
{"frame":27,"values":[0.9955,-0.0815,-0.0474,0,0.0902,0.9695,0.2277,0,0.0274,-0.231,0.9726,0,0,16.254,-0.1656,1]},
{"frame":28,"values":[0.9955,-0.0823,-0.0463,0,0.0908,0.9689,0.2303,0,0.0259,-0.2335,0.972,0,0,16.254,-0.1656,1]},
{"frame":29,"values":[0.9955,-0.0828,-0.0458,0,0.0912,0.9686,0.2314,0,0.0252,-0.2346,0.9718,0,0,16.254,-0.1656,1]},
{"frame":30,"values":[0.9955,-0.0829,-0.0458,0,0.0913,0.9688,0.2303,0,0.0253,-0.2335,0.972,0,0,16.254,-0.1656,1]},
{"frame":31,"values":[0.9956,-0.0824,-0.0451,0,0.0906,0.9695,0.2279,0,0.025,-0.231,0.9726,0,0,16.254,-0.1656,1]},
{"frame":32,"values":[0.9956,-0.0821,-0.0446,0,0.0901,0.9701,0.2255,0,0.0248,-0.2285,0.9732,0,0,16.254,-0.1656,1]},
{"frame":33,"values":[0.9956,-0.0821,-0.0446,0,0.0901,0.9704,0.2241,0,0.0249,-0.2271,0.9735,0,0,16.254,-0.1656,1]},
{"frame":34,"values":[0.9956,-0.0827,-0.0451,0,0.0907,0.9704,0.2239,0,0.0252,-0.227,0.9736,0,0,16.254,-0.1656,1]},
{"frame":35,"values":[0.9956,-0.0831,-0.0442,0,0.091,0.9698,0.2264,0,0.0241,-0.2294,0.973,0,0,16.254,-0.1656,1]},
{"frame":36,"values":[0.9956,-0.0827,-0.0434,0,0.0905,0.969,0.2297,0,0.0231,-0.2326,0.9723,0,0,16.254,-0.1656,1]},
{"frame":37,"values":[0.9958,-0.0813,-0.0429,0,0.089,0.9687,0.2316,0,0.0227,-0.2344,0.9719,0,0,16.254,-0.1656,1]},
{"frame":38,"values":[0.9959,-0.0801,-0.0417,0,0.0876,0.9688,0.2317,0,0.0219,-0.2344,0.9719,0,0,16.254,-0.1656,1]},
{"frame":39,"values":[0.996,-0.0798,-0.0408,0,0.0871,0.9692,0.2303,0,0.0211,-0.2329,0.9723,0,0,16.254,-0.1656,1]},
{"frame":40,"values":[0.996,-0.0796,-0.0417,0,0.0871,0.9699,0.2275,0,0.0223,-0.2302,0.9729,0,0,16.254,-0.1656,1]},
{"frame":41,"values":[0.9958,-0.0801,-0.0434,0,0.0878,0.9704,0.2251,0,0.0241,-0.228,0.9734,0,0,16.254,-0.1656,1]},
{"frame":42,"values":[0.9958,-0.0803,-0.0448,0,0.0883,0.9706,0.2237,0,0.0255,-0.2267,0.9736,0,0,16.254,-0.1656,1]},
{"frame":43,"values":[0.9957,-0.0806,-0.0454,0,0.0888,0.9707,0.2235,0,0.0261,-0.2266,0.9737,0,0,16.254,-0.1656,1]},
{"frame":44,"values":[0.9957,-0.081,-0.0453,0,0.0891,0.9704,0.2245,0,0.0258,-0.2275,0.9734,0,0,16.254,-0.1656,1]},
{"frame":45,"values":[0.9957,-0.0806,-0.0457,0,0.0889,0.9701,0.2259,0,0.0261,-0.229,0.9731,0,0,16.254,-0.1656,1]},
{"frame":46,"values":[0.9957,-0.0802,-0.0465,0,0.0887,0.9698,0.2271,0,0.0268,-0.2302,0.9728,0,0,16.254,-0.1656,1]},
{"frame":47,"values":[0.9957,-0.0803,-0.0471,0,0.0889,0.9698,0.227,0,0.0275,-0.2303,0.9727,0,0,16.254,-0.1656,1]},
{"frame":48,"values":[0.9956,-0.0803,-0.0473,0,0.089,0.9702,0.2254,0,0.0278,-0.2286,0.9731,0,0,16.254,-0.1656,1]},
{"frame":49,"values":[0.9956,-0.0805,-0.0472,0,0.0891,0.9708,0.2227,0,0.0279,-0.2259,0.9737,0,0,16.254,-0.1656,1]},
{"frame":50,"values":[0.9956,-0.081,-0.0467,0,0.0894,0.9714,0.2202,0,0.0275,-0.2234,0.9743,0,0,16.254,-0.1656,1]},
{"frame":51,"values":[0.9956,-0.0819,-0.0466,0,0.0902,0.9716,0.2187,0,0.0274,-0.2219,0.9747,0,0,16.254,-0.1656,1]},
{"frame":52,"values":[0.9955,-0.0828,-0.0464,0,0.091,0.9715,0.2189,0,0.027,-0.2221,0.9747,0,0,16.254,-0.1656,1]},
{"frame":53,"values":[0.9955,-0.0832,-0.0453,0,0.0912,0.9711,0.2205,0,0.0256,-0.2237,0.9743,0,0,16.254,-0.1656,1]},
{"frame":54,"values":[0.9956,-0.0832,-0.0442,0,0.0911,0.9703,0.224,0,0.0242,-0.227,0.9736,0,0,16.254,-0.1656,1]},
{"frame":55,"values":[0.9957,-0.0821,-0.0434,0,0.0899,0.9698,0.2269,0,0.0235,-0.2298,0.9729,0,0,16.254,-0.1656,1]},
{"frame":56,"values":[0.9958,-0.0808,-0.0431,0,0.0885,0.9697,0.2277,0,0.0234,-0.2306,0.9728,0,0,16.254,-0.1656,1]},
{"frame":57,"values":[0.9959,-0.0801,-0.0428,0,0.0878,0.97,0.2266,0,0.0233,-0.2295,0.973,0,0,16.254,-0.1656,1]},
{"frame":58,"values":[0.9959,-0.0799,-0.043,0,0.0875,0.9707,0.2237,0,0.0238,-0.2266,0.9737,0,0,16.254,-0.1656,1]},
{"frame":59,"values":[0.9958,-0.0798,-0.0439,0,0.0876,0.9714,0.2209,0,0.025,-0.2238,0.9743,0,0,16.254,-0.1656,1]},
{"frame":60,"values":[0.9958,-0.0798,-0.0453,0,0.0878,0.9717,0.2192,0,0.0265,-0.2222,0.9746,0,0,16.254,-0.1656,1]},
{"frame":61,"values":[0.9957,-0.0801,-0.0466,0,0.0885,0.9717,0.2192,0,0.0277,-0.2224,0.9746,0,0,16.254,-0.1656,1]},
{"frame":62,"values":[0.9956,-0.0812,-0.0469,0,0.0896,0.971,0.2216,0,0.0276,-0.2248,0.974,0,0,16.254,-0.1656,1]},
{"frame":63,"values":[0.9955,-0.0824,-0.0468,0,0.0909,0.97,0.2254,0,0.0268,-0.2287,0.9731,0,0,16.254,-0.1656,1]},
{"frame":64,"values":[0.9954,-0.0836,-0.0469,0,0.0922,0.9693,0.228,0,0.0264,-0.2313,0.9725,0,0,16.254,-0.1656,1]},
{"frame":65,"values":[0.9953,-0.0838,-0.0476,0,0.0925,0.9694,0.2274,0,0.0271,-0.2307,0.9726,0,0,16.254,-0.1656,1]},
{"frame":66,"values":[0.9953,-0.0833,-0.0485,0,0.0922,0.9699,0.2253,0,0.0283,-0.2287,0.9731,0,0,16.254,-0.1656,1]},
{"frame":67,"values":[0.9953,-0.0833,-0.0486,0,0.0921,0.9705,0.2226,0,0.0286,-0.2261,0.9737,0,0,16.254,-0.1656,1]},
{"frame":68,"values":[0.9953,-0.084,-0.0478,0,0.0926,0.9709,0.2207,0,0.0279,-0.2241,0.9742,0,0,16.254,-0.1656,1]},
{"frame":69,"values":[0.9953,-0.0845,-0.0473,0,0.0929,0.971,0.2202,0,0.0273,-0.2236,0.9743,0,0,16.254,-0.1656,1]},
{"frame":70,"values":[0.9953,-0.0845,-0.0464,0,0.0928,0.9706,0.222,0,0.0263,-0.2253,0.9739,0,0,16.254,-0.1656,1]},
{"frame":71,"values":[0.9954,-0.0843,-0.0464,0,0.0927,0.9697,0.226,0,0.0259,-0.2292,0.973,0,0,16.254,-0.1656,1]},
{"frame":72,"values":[0.9954,-0.0835,-0.0468,0,0.092,0.969,0.2291,0,0.0263,-0.2323,0.9723,0,0,16.254,-0.1656,1]}],"loopBehavior":1,"name":"anim","property":"_matrix"}},
{"name":"boss:Spine2","index":3,"matrix":[0.9954,-0.0834,-0.0468,0,0.092,0.969,0.2291,0,0.0263,-0.2323,0.9723,0,0,13.6396,-1.2923,1],"rest":[1,0,0,0,0,1,0,0,0,0,1,0,0,13.6396,-1.2923,1],"parentBoneIndex":2,"length":13.1719
,"animation":{"dataType":3,"framePerSecond":24,"keys":[
{"frame":1,"values":[0.9954,-0.0834,-0.0468,0,0.092,0.969,0.2291,0,0.0263,-0.2323,0.9723,0,0,13.6396,-1.2923,1]},
{"frame":2,"values":[0.9954,-0.084,-0.0451,0,0.0921,0.9687,0.2305,0,0.0243,-0.2336,0.972,0,0,13.6396,-1.2923,1]},
{"frame":3,"values":[0.9954,-0.0844,-0.0448,0,0.0925,0.9688,0.23,0,0.024,-0.2331,0.9722,0,0,13.6396,-1.2923,1]},
{"frame":4,"values":[0.9954,-0.084,-0.0461,0,0.0923,0.9693,0.228,0,0.0255,-0.2312,0.9726,0,0,13.6396,-1.2923,1]},
{"frame":5,"values":[0.9954,-0.0832,-0.048,0,0.092,0.9699,0.2255,0,0.0278,-0.2289,0.9731,0,0,13.6396,-1.2923,1]},
{"frame":6,"values":[0.9953,-0.0824,-0.0505,0,0.0917,0.9703,0.2239,0,0.0306,-0.2274,0.9733,0,0,13.6396,-1.2923,1]},
{"frame":7,"values":[0.9953,-0.0815,-0.0524,0,0.0912,0.9705,0.2232,0,0.0326,-0.2269,0.9734,0,0,13.6396,-1.2923,1]},
{"frame":8,"values":[0.9952,-0.0817,-0.0544,0,0.0919,0.9702,0.2241,0,0.0345,-0.228,0.9731,0,0,13.6396,-1.2923,1]},
{"frame":9,"values":[0.995,-0.082,-0.0565,0,0.0927,0.9698,0.2257,0,0.0363,-0.2298,0.9726,0,0,13.6396,-1.2923,1]},
{"frame":10,"values":[0.9949,-0.0825,-0.0575,0,0.0935,0.9694,0.2268,0,0.037,-0.231,0.9722,0,0,13.6396,-1.2923,1]},
{"frame":11,"values":[0.9949,-0.083,-0.0573,0,0.094,0.9692,0.2277,0,0.0366,-0.2319,0.972,0,0,13.6396,-1.2923,1]},
{"frame":12,"values":[0.995,-0.0824,-0.0564,0,0.0932,0.9693,0.2276,0,0.0359,-0.2317,0.9721,0,0,13.6396,-1.2923,1]},
{"frame":13,"values":[0.9951,-0.0817,-0.0553,0,0.0922,0.9696,0.2268,0,0.0351,-0.2308,0.9724,0,0,13.6396,-1.2923,1]},
{"frame":14,"values":[0.9952,-0.0816,-0.0538,0,0.0917,0.9698,0.2259,0,0.0337,-0.2297,0.9727,0,0,13.6396,-1.2923,1]},
{"frame":15,"values":[0.9953,-0.0819,-0.0521,0,0.0916,0.97,0.2253,0,0.0321,-0.229,0.9729,0,0,13.6396,-1.2923,1]},
{"frame":16,"values":[0.9954,-0.0819,-0.0502,0,0.0912,0.97,0.2254,0,0.0303,-0.2289,0.973,0,0,13.6396,-1.2923,1]},
{"frame":17,"values":[0.9955,-0.0818,-0.0479,0,0.0906,0.9697,0.227,0,0.0279,-0.2303,0.9727,0,0,13.6396,-1.2923,1]},
{"frame":18,"values":[0.9956,-0.0819,-0.0461,0,0.0903,0.969,0.2299,0,0.0258,-0.233,0.9721,0,0,13.6396,-1.2923,1]},
{"frame":19,"values":[0.9957,-0.0811,-0.0449,0,0.0894,0.9685,0.2323,0,0.0247,-0.2353,0.9716,0,0,13.6396,-1.2923,1]},
{"frame":20,"values":[0.9958,-0.0801,-0.0441,0,0.0883,0.9687,0.2321,0,0.0242,-0.235,0.9717,0,0,13.6396,-1.2923,1]},
{"frame":21,"values":[0.9958,-0.08,-0.0444,0,0.0881,0.9691,0.2303,0,0.0246,-0.2333,0.9721,0,0,13.6396,-1.2923,1]},
{"frame":22,"values":[0.9958,-0.0797,-0.0456,0,0.088,0.9699,0.2272,0,0.0261,-0.2303,0.9728,0,0,13.6396,-1.2923,1]},
{"frame":23,"values":[0.9957,-0.0797,-0.047,0,0.0883,0.9705,0.2244,0,0.0278,-0.2276,0.9734,0,0,13.6396,-1.2923,1]},
{"frame":24,"values":[0.9957,-0.0795,-0.0482,0,0.0883,0.9709,0.2228,0,0.0291,-0.2261,0.9737,0,0,13.6396,-1.2923,1]},
{"frame":25,"values":[0.9956,-0.0797,-0.0487,0,0.0886,0.9708,0.223,0,0.0295,-0.2263,0.9736,0,0,13.6396,-1.2923,1]},
{"frame":26,"values":[0.9956,-0.0807,-0.0482,0,0.0895,0.9702,0.2251,0,0.0286,-0.2284,0.9731,0,0,13.6396,-1.2923,1]},
{"frame":27,"values":[0.9955,-0.0815,-0.0474,0,0.0902,0.9695,0.2277,0,0.0274,-0.231,0.9726,0,0,13.6396,-1.2923,1]},
{"frame":28,"values":[0.9955,-0.0823,-0.0465,0,0.0908,0.9689,0.2303,0,0.0261,-0.2335,0.972,0,0,13.6396,-1.2923,1]},
{"frame":29,"values":[0.9955,-0.0827,-0.046,0,0.0912,0.9686,0.2314,0,0.0254,-0.2346,0.9718,0,0,13.6396,-1.2923,1]},
{"frame":30,"values":[0.9955,-0.0829,-0.046,0,0.0913,0.9688,0.2303,0,0.0255,-0.2335,0.972,0,0,13.6396,-1.2923,1]},
{"frame":31,"values":[0.9956,-0.0824,-0.0453,0,0.0906,0.9695,0.2279,0,0.0251,-0.231,0.9726,0,0,13.6396,-1.2923,1]},
{"frame":32,"values":[0.9956,-0.082,-0.0447,0,0.09,0.9701,0.2255,0,0.0249,-0.2285,0.9732,0,0,13.6396,-1.2923,1]},
{"frame":33,"values":[0.9956,-0.0821,-0.0447,0,0.0901,0.9704,0.2241,0,0.0249,-0.2272,0.9735,0,0,13.6396,-1.2923,1]},
{"frame":34,"values":[0.9956,-0.0826,-0.0452,0,0.0907,0.9704,0.224,0,0.0253,-0.2271,0.9736,0,0,13.6396,-1.2923,1]},
{"frame":35,"values":[0.9956,-0.083,-0.0443,0,0.091,0.9698,0.2264,0,0.0242,-0.2294,0.973,0,0,13.6396,-1.2923,1]},
{"frame":36,"values":[0.9956,-0.0826,-0.0435,0,0.0904,0.969,0.2297,0,0.0232,-0.2327,0.9723,0,0,13.6396,-1.2923,1]},
{"frame":37,"values":[0.9958,-0.0811,-0.043,0,0.0889,0.9687,0.2316,0,0.0229,-0.2345,0.9719,0,0,13.6396,-1.2923,1]},
{"frame":38,"values":[0.9959,-0.0799,-0.0419,0,0.0874,0.9689,0.2317,0,0.022,-0.2344,0.9719,0,0,13.6396,-1.2923,1]},
{"frame":39,"values":[0.996,-0.0795,-0.0409,0,0.0869,0.9692,0.2303,0,0.0213,-0.233,0.9723,0,0,13.6396,-1.2923,1]},
{"frame":40,"values":[0.996,-0.0795,-0.0417,0,0.0869,0.9699,0.2275,0,0.0224,-0.2303,0.9729,0,0,13.6396,-1.2923,1]},
{"frame":41,"values":[0.9959,-0.0799,-0.0434,0,0.0877,0.9704,0.2251,0,0.0241,-0.228,0.9734,0,0,13.6396,-1.2923,1]},
{"frame":42,"values":[0.9958,-0.0801,-0.0449,0,0.0882,0.9706,0.2237,0,0.0256,-0.2268,0.9736,0,0,13.6396,-1.2923,1]},
{"frame":43,"values":[0.9957,-0.0806,-0.0455,0,0.0888,0.9707,0.2235,0,0.0261,-0.2266,0.9736,0,0,13.6396,-1.2923,1]},
{"frame":44,"values":[0.9957,-0.0809,-0.0454,0,0.0891,0.9704,0.2245,0,0.0259,-0.2275,0.9734,0,0,13.6396,-1.2923,1]},
{"frame":45,"values":[0.9957,-0.0806,-0.0458,0,0.0889,0.9701,0.2259,0,0.0262,-0.229,0.9731,0,0,13.6396,-1.2923,1]},
{"frame":46,"values":[0.9957,-0.0802,-0.0465,0,0.0888,0.9698,0.2271,0,0.0269,-0.2302,0.9728,0,0,13.6396,-1.2923,1]},
{"frame":47,"values":[0.9956,-0.0804,-0.0471,0,0.0891,0.9698,0.227,0,0.0275,-0.2303,0.9727,0,0,13.6396,-1.2923,1]},
{"frame":48,"values":[0.9956,-0.0804,-0.0473,0,0.089,0.9702,0.2254,0,0.0278,-0.2286,0.9731,0,0,13.6396,-1.2923,1]},
{"frame":49,"values":[0.9956,-0.0805,-0.0472,0,0.0891,0.9708,0.2227,0,0.0278,-0.2259,0.9737,0,0,13.6396,-1.2923,1]},
{"frame":50,"values":[0.9956,-0.081,-0.0467,0,0.0894,0.9714,0.2202,0,0.0275,-0.2234,0.9743,0,0,13.6396,-1.2923,1]},
{"frame":51,"values":[0.9955,-0.0819,-0.0466,0,0.0902,0.9716,0.2187,0,0.0274,-0.2219,0.9747,0,0,13.6396,-1.2923,1]},
{"frame":52,"values":[0.9955,-0.0828,-0.0465,0,0.091,0.9715,0.2189,0,0.027,-0.2221,0.9747,0,0,13.6396,-1.2923,1]},
{"frame":53,"values":[0.9955,-0.0832,-0.0454,0,0.0912,0.9711,0.2205,0,0.0257,-0.2237,0.9743,0,0,13.6396,-1.2923,1]},
{"frame":54,"values":[0.9955,-0.0832,-0.0443,0,0.091,0.9703,0.224,0,0.0244,-0.227,0.9736,0,0,13.6396,-1.2923,1]},
{"frame":55,"values":[0.9957,-0.082,-0.0435,0,0.0898,0.9698,0.2269,0,0.0236,-0.2299,0.9729,0,0,13.6396,-1.2923,1]},
{"frame":56,"values":[0.9958,-0.0807,-0.0432,0,0.0884,0.9697,0.2277,0,0.0235,-0.2306,0.9728,0,0,13.6396,-1.2923,1]},
{"frame":57,"values":[0.9959,-0.08,-0.0428,0,0.0877,0.97,0.2266,0,0.0234,-0.2295,0.973,0,0,13.6396,-1.2923,1]},
{"frame":58,"values":[0.9959,-0.0798,-0.043,0,0.0874,0.9707,0.2238,0,0.0239,-0.2266,0.9737,0,0,13.6396,-1.2923,1]},
{"frame":59,"values":[0.9958,-0.0798,-0.0439,0,0.0875,0.9714,0.2209,0,0.025,-0.2238,0.9743,0,0,13.6396,-1.2923,1]},
{"frame":60,"values":[0.9958,-0.0797,-0.0452,0,0.0878,0.9717,0.2192,0,0.0265,-0.2222,0.9746,0,0,13.6396,-1.2923,1]},
{"frame":61,"values":[0.9957,-0.0801,-0.0466,0,0.0884,0.9717,0.2192,0,0.0277,-0.2224,0.9746,0,0,13.6396,-1.2923,1]},
{"frame":62,"values":[0.9956,-0.0812,-0.0469,0,0.0896,0.971,0.2216,0,0.0276,-0.2248,0.974,0,0,13.6396,-1.2923,1]},
{"frame":63,"values":[0.9955,-0.0824,-0.0469,0,0.0909,0.97,0.2254,0,0.0269,-0.2287,0.9731,0,0,13.6396,-1.2923,1]},
{"frame":64,"values":[0.9954,-0.0836,-0.047,0,0.0922,0.9693,0.228,0,0.0265,-0.2313,0.9725,0,0,13.6396,-1.2923,1]},
{"frame":65,"values":[0.9953,-0.0839,-0.0477,0,0.0926,0.9694,0.2274,0,0.0271,-0.2307,0.9726,0,0,13.6396,-1.2923,1]},
{"frame":66,"values":[0.9953,-0.0834,-0.0485,0,0.0923,0.9699,0.2252,0,0.0283,-0.2287,0.9731,0,0,13.6396,-1.2923,1]},
{"frame":67,"values":[0.9953,-0.0833,-0.0486,0,0.0921,0.9705,0.2226,0,0.0286,-0.2261,0.9737,0,0,13.6396,-1.2923,1]},
{"frame":68,"values":[0.9953,-0.0841,-0.0479,0,0.0926,0.9709,0.2207,0,0.0279,-0.2241,0.9742,0,0,13.6396,-1.2923,1]},
{"frame":69,"values":[0.9953,-0.0845,-0.0473,0,0.0929,0.971,0.2202,0,0.0274,-0.2236,0.9743,0,0,13.6396,-1.2923,1]},
{"frame":70,"values":[0.9953,-0.0846,-0.0465,0,0.0929,0.9706,0.222,0,0.0263,-0.2253,0.9739,0,0,13.6396,-1.2923,1]},
{"frame":71,"values":[0.9954,-0.0843,-0.0464,0,0.0927,0.9697,0.226,0,0.026,-0.2292,0.973,0,0,13.6396,-1.2923,1]},
{"frame":72,"values":[0.9954,-0.0835,-0.0468,0,0.092,0.969,0.2291,0,0.0263,-0.2323,0.9723,0,0,13.6396,-1.2923,1]}],"loopBehavior":1,"name":"anim","property":"_matrix"}},
{"name":"boss:Neck","index":4,"matrix":[0.9997,-0.0029,-0.0229,0,0.0037,0.9994,0.0347,0,0.0228,-0.0348,0.9991,0,0,13.8774,-4.3542,1],"rest":[1,0,0,0,0,1,0,0,0,0,1,0,0,13.8774,-4.3542,1],"parentBoneIndex":3,"length":4.4379
,"animation":{"dataType":3,"framePerSecond":24,"keys":[
{"frame":1,"values":[0.9997,-0.0029,-0.0229,0,0.0037,0.9994,0.0347,0,0.0228,-0.0348,0.9991,0,0,13.8774,-4.3542,1]},
{"frame":2,"values":[0.9997,-0.0025,-0.0228,0,0.0033,0.9993,0.0369,0,0.0227,-0.037,0.9991,0,0,13.8774,-4.3542,1]},
{"frame":3,"values":[0.9997,-0.0021,-0.0225,0,0.003,0.9992,0.0394,0,0.0224,-0.0395,0.999,0,0,13.8774,-4.3542,1]},
{"frame":4,"values":[0.9998,-0.0019,-0.0219,0,0.0028,0.9991,0.0414,0,0.0219,-0.0415,0.9989,0,0,13.8774,-4.3542,1]},
{"frame":5,"values":[0.9998,-0.0015,-0.0213,0,0.0024,0.9991,0.0423,0,0.0212,-0.0423,0.9989,0,0,13.8774,-4.3542,1]},
{"frame":6,"values":[0.9998,-0.0009,-0.0206,0,0.0017,0.9991,0.0418,0,0.0206,-0.0418,0.9989,0,0,13.8774,-4.3542,1]},
{"frame":7,"values":[0.9998,-0.0005,-0.0206,0,0.0013,0.9992,0.0401,0,0.0205,-0.0401,0.999,0,0,13.8774,-4.3542,1]},
{"frame":8,"values":[0.9998,-0.0003,-0.0208,0,0.001,0.9993,0.0383,0,0.0207,-0.0383,0.9991,0,0,13.8774,-4.3542,1]},
{"frame":9,"values":[0.9998,-0.0005,-0.0211,0,0.0013,0.9993,0.0374,0,0.0211,-0.0374,0.9991,0,0,13.8774,-4.3542,1]},
{"frame":10,"values":[0.9998,-0.0011,-0.0216,0,0.0019,0.9993,0.0378,0,0.0216,-0.0378,0.9991,0,0,13.8774,-4.3542,1]},
{"frame":11,"values":[0.9998,-0.0013,-0.022,0,0.0021,0.9992,0.0388,0,0.022,-0.0389,0.999,0,0,13.8774,-4.3542,1]},
{"frame":12,"values":[0.9998,-0.0013,-0.0222,0,0.0022,0.9992,0.0402,0,0.0221,-0.0402,0.9989,0,0,13.8774,-4.3542,1]},
{"frame":13,"values":[0.9998,-0.0011,-0.022,0,0.002,0.9991,0.0412,0,0.0219,-0.0413,0.9989,0,0,13.8774,-4.3542,1]},
{"frame":14,"values":[0.9998,-0.0005,-0.0219,0,0.0014,0.9991,0.0413,0,0.0218,-0.0413,0.9989,0,0,13.8774,-4.3542,1]},
{"frame":15,"values":[0.9998,0.0003,-0.0218,0,0.0006,0.9992,0.0404,0,0.0218,-0.0404,0.9989,0,0,13.8774,-4.3542,1]},
{"frame":16,"values":[0.9997,0.0006,-0.0224,0,0.0003,0.9993,0.0385,0,0.0224,-0.0385,0.999,0,0,13.8774,-4.3542,1]},
{"frame":17,"values":[0.9997,0.0002,-0.0235,0,0.0007,0.9993,0.0362,0,0.0235,-0.0362,0.9991,0,0,13.8774,-4.3542,1]},
{"frame":18,"values":[0.9997,-0.0002,-0.0245,0,0.0011,0.9994,0.0349,0,0.0245,-0.0349,0.9991,0,0,13.8774,-4.3542,1]},
{"frame":19,"values":[0.9997,-0.0009,-0.0252,0,0.0017,0.9994,0.0349,0,0.0251,-0.035,0.9991,0,0,13.8774,-4.3542,1]},
{"frame":20,"values":[0.9997,-0.0014,-0.0253,0,0.0023,0.9993,0.0371,0,0.0252,-0.0371,0.999,0,0,13.8774,-4.3542,1]},
{"frame":21,"values":[0.9997,-0.0015,-0.0249,0,0.0025,0.9992,0.0394,0,0.0248,-0.0395,0.9989,0,0,13.8774,-4.3542,1]},
{"frame":22,"values":[0.9997,-0.0017,-0.0242,0,0.0027,0.9991,0.0412,0,0.0241,-0.0413,0.9989,0,0,13.8774,-4.3542,1]},
{"frame":23,"values":[0.9997,-0.0012,-0.0236,0,0.0022,0.9991,0.0416,0,0.0236,-0.0417,0.9989,0,0,13.8774,-4.3542,1]},
{"frame":24,"values":[0.9997,-0.0006,-0.0234,0,0.0016,0.9992,0.0405,0,0.0234,-0.0406,0.9989,0,0,13.8774,-4.3542,1]},
{"frame":25,"values":[0.9997,0.0002,-0.0235,0,0.0007,0.9993,0.0383,0,0.0235,-0.0383,0.999,0,0,13.8774,-4.3542,1]},
{"frame":26,"values":[0.9997,0.0013,-0.0239,0,-0.0005,0.9994,0.0357,0,0.0239,-0.0357,0.9991,0,0,13.8774,-4.3542,1]},
{"frame":27,"values":[0.9997,0.0019,-0.0245,0,-0.001,0.9994,0.0336,0,0.0246,-0.0336,0.9991,0,0,13.8774,-4.3542,1]},
{"frame":28,"values":[0.9997,0.0016,-0.0252,0,-0.0008,0.9995,0.0329,0,0.0252,-0.0328,0.9991,0,0,13.8774,-4.3542,1]},
{"frame":29,"values":[0.9997,0.0011,-0.0255,0,-0.0002,0.9994,0.0341,0,0.0255,-0.034,0.9991,0,0,13.8774,-4.3542,1]},
{"frame":30,"values":[0.9997,0.0004,-0.0255,0,0.0005,0.9993,0.0364,0,0.0255,-0.0364,0.999,0,0,13.8774,-4.3542,1]},
{"frame":31,"values":[0.9997,-0.0004,-0.0256,0,0.0014,0.9993,0.0382,0,0.0256,-0.0382,0.9989,0,0,13.8774,-4.3542,1]},
{"frame":32,"values":[0.9997,-0.0011,-0.0259,0,0.0021,0.9992,0.0387,0,0.0258,-0.0387,0.9989,0,0,13.8774,-4.3542,1]},
{"frame":33,"values":[0.9997,-0.0014,-0.026,0,0.0023,0.9993,0.0379,0,0.026,-0.0379,0.9989,0,0,13.8774,-4.3542,1]},
{"frame":34,"values":[0.9997,-0.0012,-0.0261,0,0.0022,0.9993,0.0361,0,0.0261,-0.0361,0.999,0,0,13.8774,-4.3542,1]},
{"frame":35,"values":[0.9996,-0.0012,-0.0266,0,0.0021,0.9994,0.0335,0,0.0265,-0.0336,0.9991,0,0,13.8774,-4.3542,1]},
{"frame":36,"values":[0.9996,-0.0011,-0.027,0,0.002,0.9995,0.0315,0,0.0269,-0.0315,0.9991,0,0,13.8774,-4.3542,1]},
{"frame":37,"values":[0.9996,-0.0012,-0.0274,0,0.002,0.9995,0.0305,0,0.0273,-0.0306,0.9992,0,0,13.8774,-4.3542,1]},
