{"producer":{"name":"Blender","version":"2.90.0","exporter_version":"2.80.1","file":"walk_jump.babylon"},
"autoClear":true,"clearColor":[0.0509,0.0509,0.0509],"gravity":[0,-9.81,0],
"materials":[{"name":"Material","id":"Material","customType":"BABYLON.PBRMaterial","backFaceCulling":true,"checkReadyOnlyOnce":false,"maxSimultaneousLights":4,"environmentIntensity":1,"albedo":[0.8,0.8,0.8],"reflectivity":[0.5,0.5,0.5],"roughness":0.4,"alpha":1,"transparencyMode":0,"alphaCutOff":0.4,"metallic":0}],
"multiMaterials":[],
"skeletons":[{"name":"Armature","id":0,"dimensionsAtRest":[188.1767,172.4535,15.5905],"bones":[
{"name":"boss:Hips","index":0,"matrix":[0.9516,0.1552,0.2653,0,-0.0479,0.9275,-0.3707,0,0.3036,-0.3401,-0.89,0,0,82.4321,0,1],"rest":[1,0,0,0,0,1,0,0,0,0,-1,0,0,96.3794,0,1],"parentBoneIndex":-1,"length":9.9032
,"animation":{"dataType":3,"framePerSecond":24,"keys":[
{"frame":1,"values":[0.9516,0.1552,0.2653,0,-0.0479,0.9275,-0.3707,0,0.3036,-0.3401,-0.89,0,0,82.4321,0,1]},
{"frame":2,"values":[0.9719,-0.0963,0.2146,0,0.1328,0.9777,-0.1625,0,0.1941,-0.1864,-0.9631,0,-0.1557,95.4074,0.2171,1]},
{"frame":3,"values":[0.9599,-0.2667,0.0867,0,0.2686,0.9632,-0.0115,0,0.0804,-0.0343,-0.9962,0,0.311,110.1485,0.0518,1]},
{"frame":4,"values":[0.9657,-0.2593,-0.0126,0,0.2595,0.9628,0.0753,0,0.0074,0.0759,-0.9971,0,0.6557,125.7421,-0.2997,1]},
{"frame":5,"values":[0.9907,-0.1287,-0.0447,0,0.1339,0.9803,0.1451,0,-0.0251,0.1497,-0.9884,0,0.4224,141.2747,-0.7204,1]},
{"frame":6,"values":[0.9984,-0.0141,-0.0539,0,0.0249,0.9785,0.2046,0,-0.0499,0.2057,-0.9774,0,-0.1104,155.8332,-1.1941,1]},
{"frame":7,"values":[0.9958,0,-0.0918,0,0.0205,0.9747,0.2225,0,-0.0894,0.2235,-0.9706,0,-0.7008,168.5041,-1.7044,1]},
{"frame":8,"values":[0.9891,-0.0587,-0.1352,0,0.0833,0.9794,0.184,0,-0.1216,0.1933,-0.9736,0,-1.5795,178.3741,-2.2348,1]},
{"frame":9,"values":[0.9838,-0.1107,-0.1408,0,0.1297,0.9824,0.1342,0,-0.1235,0.1503,-0.9809,0,-2.784,184.53,-2.7692,1]},
{"frame":10,"values":[0.9878,-0.1055,-0.1144,0,0.1187,0.9862,0.1151,0,-0.1007,0.1273,-0.9867,0,-3.9037,186.2039,-3.2911,1]},
{"frame":11,"values":[0.9963,-0.0414,-0.0757,0,0.0501,0.992,0.1157,0,-0.0703,0.119,-0.9904,0,-4.5723,182.1753,-3.7843,1]},
{"frame":12,"values":[0.9977,0.0642,-0.0236,0,-0.0614,0.9928,0.103,0,-0.03,0.1013,-0.9944,0,-4.7615,171.6149,-4.2322,1]},
{"frame":13,"values":[0.9849,0.1685,0.04,0,-0.1711,0.9826,0.0727,0,0.0271,0.0784,-0.9966,0,-4.6397,156.1607,-4.6187,1]},
{"frame":14,"values":[0.9691,0.2222,0.1074,0,-0.2293,0.9716,0.0583,0,0.0914,0.0812,-0.9925,0,-4.3896,137.9651,-4.9274,1]},
{"frame":15,"values":[0.967,0.2004,0.1575,0,-0.2147,0.9735,0.0795,0,0.1374,0.1107,-0.9843,0,-4.1352,119.63,-5.1419,1]},
{"frame":16,"values":[0.9815,0.1098,0.1569,0,-0.1285,0.985,0.1148,0,0.142,0.1328,-0.9809,0,-3.8352,103.8015,-5.246,1]},
{"frame":17,"values":[0.993,0.0088,0.1176,0,-0.0225,0.993,0.1157,0,0.1158,0.1176,-0.9863,0,-3.2177,92.2144,-5.2231,1]},
{"frame":18,"values":[0.9942,-0.0274,0.104,0,0.0229,0.9988,0.044,0,0.1051,0.0414,-0.9936,0,-2.0714,83.8582,-5.0715,1]},
{"frame":19,"values":[0.9884,0.0371,0.1475,0,-0.0239,0.9956,-0.0904,0,0.1502,-0.0858,-0.9849,0,-0.7773,81.3581,-4.5312,1]},
{"frame":20,"values":[0.9618,0.1689,0.2153,0,-0.1153,0.9637,-0.2407,0,0.2481,-0.2066,-0.9464,0,-0.144,83.3964,-5.0492,1]},
{"frame":21,"values":[0.9174,0.2754,0.2872,0,-0.1673,0.9218,-0.3498,0,0.3611,-0.2728,-0.8917,0,-0.4217,85.0164,-5.6912,1]},
{"frame":22,"values":[0.8761,0.3107,0.3686,0,-0.1512,0.9031,-0.402,0,0.4578,-0.2965,-0.8382,0,-0.9428,84.4611,-5.5344,1]},
{"frame":23,"values":[0.8589,0.2932,0.4199,0,-0.1042,0.9028,-0.4172,0,0.5014,-0.3146,-0.806,0,-0.9776,83.3488,-4.4254,1]},
{"frame":24,"values":[0.8908,0.2367,0.3879,0,-0.0663,0.9121,-0.4045,0,0.4496,-0.3346,-0.8282,0,-0.5229,82.7344,-2.5042,1]},
{"frame":25,"values":[0.9516,0.1552,0.2653,0,-0.0479,0.9275,-0.3707,0,0.3036,-0.3401,-0.89,0,0,82.4321,0,1]}],"loopBehavior":1,"name":"anim","property":"_matrix"}},
{"name":"boss:Spine","index":1,"matrix":[0.9795,-0.0602,0.1925,0,0.0079,0.9652,0.2615,0,-0.2015,-0.2546,0.9458,0,0,9.2263,1.5771,1],"rest":[1,0,0,0,0,1,0,0,0,0,1,0,0,9.2263,1.5771,1],"parentBoneIndex":0,"length":16.2548
,"animation":{"dataType":3,"framePerSecond":24,"keys":[
{"frame":1,"values":[0.9795,-0.0602,0.1925,0,0.0079,0.9652,0.2615,0,-0.2015,-0.2546,0.9458,0,0,9.2263,1.5771,1]},
{"frame":2,"values":[0.9835,0.0114,0.1803,0,-0.0474,0.9794,0.1965,0,-0.1743,-0.2018,0.9638,0,0,9.2263,1.5771,1]},
{"frame":3,"values":[0.9781,0.0909,0.187,0,-0.1174,0.9838,0.1358,0,-0.1717,-0.1548,0.9729,0,0,9.2263,1.5771,1]},
{"frame":4,"values":[0.975,0.0776,0.2083,0,-0.1064,0.9857,0.1307,0,-0.1952,-0.1496,0.9693,0,0,9.2263,1.5771,1]},
{"frame":5,"values":[0.9776,-0.0329,0.208,0,-0.0056,0.9833,0.1821,0,-0.2105,-0.1792,0.961,0,0,9.2263,1.5771,1]},
{"frame":6,"values":[0.9796,-0.1153,0.1645,0,0.0724,0.9664,0.2465,0,-0.1874,-0.2296,0.9551,0,0,9.2263,1.5771,1]},
{"frame":7,"values":[0.9878,-0.0859,0.1298,0,0.0447,0.9555,0.2917,0,-0.149,-0.2824,0.9477,0,0,9.2263,1.5771,1]},
{"frame":8,"values":[0.991,0.0024,0.1337,0,-0.0455,0.9464,0.3199,0,-0.1258,-0.3231,0.938,0,0,9.2263,1.5771,1]},
{"frame":9,"values":[0.9875,0.0546,0.1476,0,-0.1034,0.9322,0.3468,0,-0.1187,-0.3577,0.9263,0,0,9.2263,1.5771,1]},
{"frame":10,"values":[0.9885,0.0348,0.1469,0,-0.0879,0.9238,0.3726,0,-0.1227,-0.3813,0.9163,0,0,9.2263,1.5771,1]},
{"frame":11,"values":[0.9892,-0.0409,0.1409,0,-0.0158,0.9251,0.3794,0,-0.1459,-0.3775,0.9144,0,0,9.2263,1.5771,1]},
{"frame":12,"values":[0.9792,-0.1393,0.1478,0,0.0789,0.9313,0.3556,0,-0.1872,-0.3365,0.9229,0,0,9.2263,1.5771,1]},
{"frame":13,"values":[0.9661,-0.2087,0.1519,0,0.1542,0.9386,0.3087,0,-0.207,-0.2748,0.9389,0,0,9.2263,1.5771,1]},
{"frame":14,"values":[0.9701,-0.2142,0.1144,0,0.1785,0.9485,0.2618,0,-0.1645,-0.2336,0.9583,0,0,9.2263,1.5771,1]},
{"frame":15,"values":[0.9874,-0.1548,0.0336,0,0.1424,0.9603,0.24,0,-0.0694,-0.2322,0.9702,0,0,9.2263,1.5771,1]},
{"frame":16,"values":[0.9982,-0.0284,-0.0532,0,0.0411,0.9661,0.2549,0,0.0442,-0.2567,0.9655,0,0,9.2263,1.5771,1]},
{"frame":17,"values":[0.9867,0.1184,-0.1115,0,-0.0828,0.9558,0.2821,0,0.14,-0.2691,0.9529,0,0,9.2263,1.5771,1]},
{"frame":18,"values":[0.9702,0.1907,-0.1493,0,-0.1436,0.9493,0.2797,0,0.195,-0.2499,0.9484,0,0,9.2263,1.5771,1]},
{"frame":19,"values":[0.976,0.1311,-0.1738,0,-0.0883,0.9681,0.2345,0,0.199,-0.2135,0.9565,0,0,9.2263,1.5771,1]},
{"frame":20,"values":[0.9912,-0.0291,-0.1295,0,0.0511,0.9841,0.1702,0,0.1225,-0.1753,0.9769,0,0,9.2263,1.5771,1]},
{"frame":21,"values":[0.9871,-0.1601,0.0053,0,0.1579,0.978,0.1366,0,-0.027,-0.134,0.9906,0,0,9.2263,1.5771,1]},
{"frame":22,"values":[0.9683,-0.1814,0.1719,0,0.1555,0.9758,0.1536,0,-0.1956,-0.122,0.9731,0,0,9.2263,1.5771,1]},
{"frame":23,"values":[0.9496,-0.1374,0.2816,0,0.084,0.9775,0.1937,0,-0.3019,-0.1603,0.9398,0,0,9.2263,1.5771,1]},
{"frame":24,"values":[0.9555,-0.0891,0.2812,0,0.0232,0.973,0.2296,0,-0.2941,-0.2129,0.9318,0,0,9.2263,1.5771,1]},
{"frame":25,"values":[0.9795,-0.0602,0.1925,0,0.0079,0.9652,0.2615,0,-0.2015,-0.2546,0.9458,0,0,9.2263,1.5771,1]}],"loopBehavior":1,"name":"anim","property":"_matrix"}},
{"name":"boss:Spine1","index":2,"matrix":[0.9985,-0.0136,0.0528,0,0.0125,0.9997,0.0203,0,-0.0531,-0.0196,0.9984,0,0,16.254,-0.1656,1],"rest":[1,0,0,0,0,1,0,0,0,0,1,0,0,16.254,-0.1656,1],"parentBoneIndex":1,"length":13.7007
,"animation":{"dataType":3,"framePerSecond":24,"keys":[
{"frame":1,"values":[0.9985,-0.0136,0.0528,0,0.0125,0.9997,0.0203,0,-0.0531,-0.0196,0.9984,0,0,16.254,-0.1656,1]},
{"frame":2,"values":[0.9992,0.0337,0.0235,0,-0.0336,0.9994,-0.0022,0,-0.0236,0.0014,0.9997,0,0,16.254,-0.1656,1]},
{"frame":3,"values":[0.9938,0.1109,-0.0042,0,-0.111,0.9927,-0.0474,0,-0.0011,0.0476,0.9989,0,0,16.254,-0.1656,1]},
{"frame":4,"values":[0.9866,0.1613,-0.0231,0,-0.1625,0.9843,-0.0689,0,0.0117,0.0717,0.9974,0,0,16.254,-0.1656,1]},
{"frame":5,"values":[0.9867,0.16,-0.0276,0,-0.161,0.9861,-0.0405,0,0.0208,0.0444,0.9988,0,0,16.254,-0.1656,1]},
{"frame":6,"values":[0.9909,0.1327,-0.023,0,-0.132,0.9908,0.0298,0,0.0267,-0.0265,0.9993,0,0,16.254,-0.1656,1]},
{"frame":7,"values":[0.9941,0.1081,-0.0121,0,-0.1061,0.9881,0.1114,0,0.024,-0.1095,0.9937,0,0,16.254,-0.1656,1]},
{"frame":8,"values":[0.9966,0.0824,0.0027,0,-0.0814,0.9792,0.1859,0,0.0126,-0.1855,0.9826,0,0,16.254,-0.1656,1]},
{"frame":9,"values":[0.9985,0.0537,0.0111,0,-0.0548,0.9679,0.2453,0,0.0025,-0.2455,0.9694,0,0,16.254,-0.1656,1]},
{"frame":10,"values":[0.9994,0.0327,0.0075,0,-0.0335,0.9605,0.2761,0,0.0018,-0.2762,0.9611,0,0,16.254,-0.1656,1]},
{"frame":11,"values":[0.9998,0.0182,-0.0037,0,-0.0166,0.9631,0.2687,0,0.0084,-0.2686,0.9632,0,0,16.254,-0.1656,1]},
{"frame":12,"values":[0.9999,0.0038,-0.0132,0,-0.0007,0.973,0.2308,0,0.0137,-0.2307,0.9729,0,0,16.254,-0.1656,1]},
{"frame":13,"values":[0.9999,-0.0106,-0.0134,0,0.0128,0.9839,0.1783,0,0.0113,-0.1785,0.9839,0,0,16.254,-0.1656,1]},
{"frame":14,"values":[0.9998,-0.0173,-0.0071,0,0.0181,0.9902,0.1383,0,0.0047,-0.1384,0.9904,0,0,16.254,-0.1656,1]},
{"frame":15,"values":[0.9999,-0.0161,-0.0037,0,0.0165,0.9914,0.1298,0,0.0015,-0.1299,0.9915,0,0,16.254,-0.1656,1]},
{"frame":16,"values":[0.9999,-0.0112,-0.0038,0,0.0116,0.9893,0.1452,0,0.0021,-0.1452,0.9894,0,0,16.254,-0.1656,1]},
{"frame":17,"values":[1,-0.0062,-0.0032,0,0.0066,0.989,0.1481,0,0.0022,-0.1481,0.989,0,0,16.254,-0.1656,1]},
{"frame":18,"values":[1,-0.0029,-0.0035,0,0.0033,0.9935,0.114,0,0.0031,-0.114,0.9935,0,0,16.254,-0.1656,1]},
{"frame":19,"values":[1,-0.0037,-0.0058,0,0.004,0.9987,0.051,0,0.0056,-0.051,0.9987,0,0,16.254,-0.1656,1]},
{"frame":20,"values":[0.9999,-0.01,-0.0021,0,0.01,0.9998,-0.0199,0,0.0023,0.0199,0.9998,0,0,16.254,-0.1656,1]},
{"frame":21,"values":[0.9998,-0.0172,0.0133,0,0.0182,0.9969,-0.0769,0,-0.0119,0.0771,0.997,0,0,16.254,-0.1656,1]},
{"frame":22,"values":[0.9993,-0.0185,0.0333,0,0.0217,0.995,-0.0977,0,-0.0314,0.0984,0.9947,0,0,16.254,-0.1656,1]},
{"frame":23,"values":[0.9988,-0.0144,0.0471,0,0.0179,0.997,-0.0755,0,-0.0459,0.0763,0.996,0,0,16.254,-0.1656,1]},
{"frame":24,"values":[0.9986,-0.012,0.0524,0,0.0135,0.9995,-0.0288,0,-0.052,0.0295,0.9982,0,0,16.254,-0.1656,1]},
{"frame":25,"values":[0.9985,-0.0136,0.0528,0,0.0125,0.9997,0.0203,0,-0.0531,-0.0196,0.9984,0,0,16.254,-0.1656,1]}],"loopBehavior":1,"name":"anim","property":"_matrix"}},
{"name":"boss:Spine2","index":3,"matrix":[0.9986,-0.0132,0.0521,0,0.0122,0.9997,0.0209,0,-0.0524,-0.0202,0.9984,0,0,13.6396,-1.2923,1],"rest":[1,0,0,0,0,1,0,0,0,0,1,0,0,13.6396,-1.2923,1],"parentBoneIndex":2,"length":13.1719
,"animation":{"dataType":3,"framePerSecond":24,"keys":[
{"frame":1,"values":[0.9986,-0.0132,0.0521,0,0.0122,0.9997,0.0209,0,-0.0524,-0.0202,0.9984,0,0,13.6396,-1.2923,1]},
{"frame":2,"values":[0.9992,0.0328,0.023,0,-0.0334,0.9991,0.0251,0,-0.0222,-0.0258,0.9994,0,0,13.6396,-1.2923,1]},
{"frame":3,"values":[0.9938,0.1114,-0.0014,0,-0.1114,0.9937,0.016,0,0.0032,-0.0158,0.9999,0,0,13.6396,-1.2923,1]},
{"frame":4,"values":[0.9864,0.1637,-0.0139,0,-0.1633,0.9862,0.0279,0,0.0183,-0.0253,0.9995,0,0,13.6396,-1.2923,1]},
{"frame":5,"values":[0.9867,0.162,-0.0145,0,-0.1604,0.9839,0.0792,0,0.027,-0.0758,0.9968,0,0,13.6396,-1.2923,1]},
{"frame":6,"values":[0.9912,0.1318,-0.0102,0,-0.1283,0.9781,0.164,0,0.0315,-0.1612,0.9864,0,0,13.6396,-1.2923,1]},
{"frame":7,"values":[0.9945,0.1044,-0.0017,0,-0.1005,0.9616,0.2556,0,0.0283,-0.254,0.9668,0,0,13.6396,-1.2923,1]},
{"frame":8,"values":[0.9969,0.0779,0.0092,0,-0.0764,0.9388,0.336,0,0.0175,-0.3356,0.9418,0,0,13.6396,-1.2923,1]},
{"frame":9,"values":[0.9986,0.0503,0.0134,0,-0.0514,0.9155,0.3991,0,0.0078,-0.3992,0.9168,0,0,13.6396,-1.2923,1]},
{"frame":10,"values":[0.9995,0.0298,0.0071,0,-0.0299,0.9015,0.4318,0,0.0064,-0.4318,0.9019,0,0,13.6396,-1.2923,1]},
{"frame":11,"values":[0.9999,0.0144,-0.0046,0,-0.0111,0.9069,0.4212,0,0.0102,-0.4211,0.907,0,0,13.6396,-1.2923,1]},
{"frame":12,"values":[0.9999,-0.0001,-0.0131,0,0.0049,0.9291,0.3698,0,0.0122,-0.3698,0.929,0,0,13.6396,-1.2923,1]},
{"frame":13,"values":[0.9999,-0.0121,-0.0122,0,0.0152,0.9563,0.2921,0,0.0082,-0.2922,0.9563,0,0,13.6396,-1.2923,1]},
{"frame":14,"values":[0.9999,-0.0146,-0.0066,0,0.0157,0.9754,0.2197,0,0.0032,-0.2198,0.9755,0,0,13.6396,-1.2923,1]},
{"frame":15,"values":[0.9999,-0.0098,-0.0053,0,0.0106,0.9825,0.1857,0,0.0034,-0.1858,0.9826,0,0,13.6396,-1.2923,1]},
{"frame":16,"values":[1,-0.0034,-0.0073,0,0.0047,0.9796,0.2011,0,0.0064,-0.2011,0.9795,0,0,13.6396,-1.2923,1]},
{"frame":17,"values":[1,0.0017,-0.007,0,-0.0001,0.9747,0.2237,0,0.0072,-0.2236,0.9746,0,0,13.6396,-1.2923,1]},
{"frame":18,"values":[1,0.0043,-0.0066,0,-0.0028,0.9758,0.2186,0,0.0074,-0.2186,0.9758,0,0,13.6396,-1.2923,1]},
{"frame":19,"values":[1,0.0029,-0.0083,0,-0.0013,0.9832,0.1827,0,0.0087,-0.1827,0.9831,0,0,13.6396,-1.2923,1]},
{"frame":20,"values":[1,-0.0041,-0.004,0,0.0046,0.9915,0.13,0,0.0034,-0.13,0.9915,0,0,13.6396,-1.2923,1]},
{"frame":21,"values":[0.9998,-0.0119,0.0126,0,0.0109,0.9967,0.08,0,-0.0135,-0.0799,0.9967,0,0,13.6396,-1.2923,1]},
{"frame":22,"values":[0.9993,-0.0141,0.0338,0,0.0124,0.9987,0.05,0,-0.0345,-0.0495,0.9982,0,0,13.6396,-1.2923,1]},
{"frame":23,"values":[0.9988,-0.0114,0.0476,0,0.0101,0.9996,0.0265,0,-0.0479,-0.026,0.9985,0,0,13.6396,-1.2923,1]},
{"frame":24,"values":[0.9986,-0.0106,0.0522,0,0.0103,0.9999,0.0067,0,-0.0522,-0.0062,0.9986,0,0,13.6396,-1.2923,1]},
{"frame":25,"values":[0.9986,-0.0132,0.0521,0,0.0122,0.9997,0.0209,0,-0.0524,-0.0202,0.9984,0,0,13.6396,-1.2923,1]}],"loopBehavior":1,"name":"anim","property":"_matrix"}},
{"name":"boss:Neck","index":4,"matrix":[0.9998,-0.0125,-0.0143,0,0.0115,0.9978,-0.0647,0,0.0151,0.0645,0.9978,0,0,13.8774,-4.3542,1],"rest":[1,0,0,0,0,1,0,0,0,0,1,0,0,13.8774,-4.3542,1],"parentBoneIndex":3,"length":4.4379
,"animation":{"dataType":3,"framePerSecond":24,"keys":[
{"frame":1,"values":[0.9998,-0.0125,-0.0143,0,0.0115,0.9978,-0.0647,0,0.0151,0.0645,0.9978,0,0,13.8774,-4.3542,1]},
{"frame":2,"values":[0.9997,-0.0158,-0.0163,0,0.0152,0.9993,-0.0351,0,0.0168,0.0348,0.9993,0,0,13.8774,-4.3542,1]},
{"frame":3,"values":[0.9992,-0.037,-0.013,0,0.0373,0.9991,0.0209,0,0.0123,-0.0214,0.9997,0,0,13.8774,-4.3542,1]},
{"frame":4,"values":[0.9983,-0.0571,-0.0072,0,0.0575,0.9955,0.0749,0,0.0028,-0.0752,0.9972,0,0,13.8774,-4.3542,1]},
{"frame":5,"values":[0.9983,-0.0588,-0.0005,0,0.0585,0.9935,0.0978,0,-0.0053,-0.0976,0.9952,0,0,13.8774,-4.3542,1]},
{"frame":6,"values":[0.9989,-0.0466,0.004,0,0.0461,0.9951,0.0877,0,-0.008,-0.0874,0.9961,0,0,13.8774,-4.3542,1]},
{"frame":7,"values":[0.9993,-0.0377,0.0029,0,0.0375,0.9971,0.0663,0,-0.0054,-0.0661,0.9978,0,0,13.8774,-4.3542,1]},
{"frame":8,"values":[0.9993,-0.0364,-0.0015,0,0.0364,0.9983,0.045,0,-0.0001,-0.045,0.999,0,0,13.8774,-4.3542,1]},
{"frame":9,"values":[0.9994,-0.0347,-0.004,0,0.0347,0.999,0.0265,0,0.003,-0.0266,0.9996,0,0,13.8774,-4.3542,1]},
{"frame":10,"values":[0.9996,-0.0292,-0.0024,0,0.0292,0.9995,0.0146,0,0.002,-0.0147,0.9999,0,0,13.8774,-4.3542,1]},
{"frame":11,"values":[0.9997,-0.024,-0.0002,0,0.024,0.9996,0.0137,0,-0.0001,-0.0137,0.9999,0,0,13.8774,-4.3542,1]},
{"frame":12,"values":[0.9998,-0.0221,-0.0012,0,0.0221,0.9993,0.0301,0,0.0005,-0.0301,0.9995,0,0,13.8774,-4.3542,1]},
{"frame":13,"values":[0.9998,-0.0211,-0.0037,0,0.0213,0.9979,0.0615,0,0.0024,-0.0616,0.9981,0,0,13.8774,-4.3542,1]},
{"frame":14,"values":[0.9998,-0.0189,-0.004,0,0.0192,0.9946,0.1019,0,0.0021,-0.102,0.9948,0,0,13.8774,-4.3542,1]},
{"frame":15,"values":[0.9998,-0.0195,-0.0015,0,0.0196,0.9908,0.134,0,-0.0012,-0.134,0.991,0,0,13.8774,-4.3542,1]},
{"frame":16,"values":[0.9996,-0.0295,0.0004,0,0.0291,0.9898,0.1395,0,-0.0045,-0.1394,0.9902,0,0,13.8774,-4.3542,1]},
{"frame":17,"values":[0.999,-0.0455,0.0005,0,0.0451,0.9918,0.12,0,-0.0059,-0.1198,0.9928,0,0,13.8774,-4.3542,1]},
{"frame":18,"values":[0.9985,-0.0551,0.0028,0,0.0546,0.9946,0.0877,0,-0.0076,-0.0874,0.9961,0,0,13.8774,-4.3542,1]},
{"frame":19,"values":[0.9987,-0.0505,0.0089,0,0.05,0.9975,0.05,0,-0.0114,-0.0495,0.9987,0,0,13.8774,-4.3542,1]},
{"frame":20,"values":[0.9992,-0.0366,0.015,0,0.0365,0.9993,0.0029,0,-0.0151,-0.0023,0.9999,0,0,13.8774,-4.3542,1]},
{"frame":21,"values":[0.9995,-0.026,0.0164,0,0.0267,0.9986,-0.0463,0,-0.0152,0.0467,0.9988,0,0,13.8774,-4.3542,1]},
{"frame":22,"values":[0.9996,-0.0242,0.0124,0,0.0251,0.9967,-0.077,0,-0.0105,0.0773,0.997,0,0,13.8774,-4.3542,1]},
{"frame":23,"values":[0.9997,-0.025,0.0044,0,0.0253,0.9964,-0.0814,0,-0.0023,0.0815,0.9967,0,0,13.8774,-4.3542,1]},
{"frame":24,"values":[0.9998,-0.0214,-0.0052,0,0.021,0.9972,-0.072,0,0.0067,0.0719,0.9974,0,0,13.8774,-4.3542,1]},
{"frame":25,"values":[0.9998,-0.0125,-0.0143,0,0.0115,0.9978,-0.0647,0,0.0151,0.0645,0.9978,0,0,13.8774,-4.3542,1]}],"loopBehavior":1,"name":"anim","property":"_matrix"}},
{"name":"boss:Neck1","index":5,"matrix":[0.9998,-0.0125,-0.0143,0,0.0115,0.9978,-0.0647,0,0.0151,0.0645,0.9978,0,0,4.34,0.9269,1],"rest":[1,0,0,0,0,1,0,0,0,0,1,0,0,4.34,0.9269,1],"parentBoneIndex":4,"length":4.1171
,"animation":{"dataType":3,"framePerSecond":24,"keys":[
{"frame":1,"values":[0.9998,-0.0125,-0.0143,0,0.0115,0.9978,-0.0647,0,0.0151,0.0645,0.9978,0,0,4.34,0.9269,1]},
{"frame":2,"values":[0.9997,-0.0158,-0.0163,0,0.0152,0.9993,-0.0351,0,0.0168,0.0348,0.9993,0,0,4.34,0.9269,1]},
{"frame":3,"values":[0.9992,-0.037,-0.013,0,0.0373,0.9991,0.0209,0,0.0123,-0.0214,0.9997,0,0,4.34,0.9269,1]},
{"frame":4,"values":[0.9983,-0.0571,-0.0072,0,0.0575,0.9955,0.0749,0,0.0028,-0.0752,0.9972,0,0,4.34,0.9269,1]},
{"frame":5,"values":[0.9983,-0.0588,-0.0005,0,0.0585,0.9935,0.0978,0,-0.0053,-0.0976,0.9952,0,0,4.34,0.9269,1]},
{"frame":6,"values":[0.9989,-0.0466,0.004,0,0.0461,0.9951,0.0877,0,-0.008,-0.0874,0.9961,0,0,4.34,0.9269,1]},
{"frame":7,"values":[0.9993,-0.0377,0.0029,0,0.0375,0.9971,0.0663,0,-0.0054,-0.0661,0.9978,0,0,4.34,0.9269,1]},
{"frame":8,"values":[0.9993,-0.0364,-0.0015,0,0.0364,0.9983,0.045,0,-0.0001,-0.045,0.999,0,0,4.34,0.9269,1]},
{"frame":9,"values":[0.9994,-0.0347,-0.004,0,0.0347,0.999,0.0265,0,0.003,-0.0266,0.9996,0,0,4.34,0.9269,1]},
{"frame":10,"values":[0.9996,-0.0292,-0.0024,0,0.0292,0.9995,0.0146,0,0.002,-0.0147,0.9999,0,0,4.34,0.9269,1]},
{"frame":11,"values":[0.9997,-0.024,-0.0002,0,0.024,0.9996,0.0137,0,-0.0001,-0.0137,0.9999,0,0,4.34,0.9269,1]},
{"frame":12,"values":[0.9998,-0.0221,-0.0012,0,0.0221,0.9993,0.0301,0,0.0005,-0.0301,0.9995,0,0,4.34,0.9269,1]},
{"frame":13,"values":[0.9998,-0.0211,-0.0037,0,0.0213,0.9979,0.0615,0,0.0024,-0.0616,0.9981,0,0,4.34,0.9269,1]},
{"frame":14,"values":[0.9998,-0.0189,-0.004,0,0.0192,0.9946,0.1019,0,0.0021,-0.102,0.9948,0,0,4.34,0.9269,1]},
{"frame":15,"values":[0.9998,-0.0195,-0.0015,0,0.0196,0.9908,0.134,0,-0.0012,-0.134,0.991,0,0,4.34,0.9269,1]},
{"frame":16,"values":[0.9996,-0.0295,0.0004,0,0.0291,0.9898,0.1395,0,-0.0045,-0.1394,0.9902,0,0,4.34,0.9269,1]},
{"frame":17,"values":[0.999,-0.0455,0.0005,0,0.0451,0.9918,0.12,0,-0.0059,-0.1198,0.9928,0,0,4.34,0.9269,1]},
{"frame":18,"values":[0.9985,-0.0551,0.0028,0,0.0546,0.9946,0.0877,0,-0.0076,-0.0874,0.9961,0,0,4.34,0.9269,1]},
{"frame":19,"values":[0.9987,-0.0505,0.0089,0,0.05,0.9975,0.05,0,-0.0114,-0.0495,0.9987,0,0,4.34,0.9269,1]},
{"frame":20,"values":[0.9992,-0.0366,0.015,0,0.0365,0.9993,0.0029,0,-0.0151,-0.0023,0.9999,0,0,4.34,0.9269,1]},
{"frame":21,"values":[0.9995,-0.026,0.0164,0,0.0267,0.9986,-0.0463,0,-0.0152,0.0467,0.9988,0,0,4.34,0.9269,1]},
{"frame":22,"values":[0.9996,-0.0242,0.0124,0,0.0251,0.9967,-0.077,0,-0.0105,0.0773,0.997,0,0,4.34,0.9269,1]},
{"frame":23,"values":[0.9997,-0.025,0.0044,0,0.0253,0.9964,-0.0814,0,-0.0023,0.0815,0.9967,0,0,4.34,0.9269,1]},
{"frame":24,"values":[0.9998,-0.0214,-0.0052,0,0.021,0.9972,-0.072,0,0.0067,0.0719,0.9974,0,0,4.34,0.9269,1]},
{"frame":25,"values":[0.9998,-0.0125,-0.0143,0,0.0115,0.9978,-0.0647,0,0.0151,0.0645,0.9978,0,0,4.34,0.9269,1]}],"loopBehavior":1,"name":"anim","property":"_matrix"}},
{"name":"boss:Head","index":6,"matrix":[0.9998,-0.0125,-0.0143,0,0.0115,0.9978,-0.0647,0,0.0151,0.0645,0.9978,0,0,4.0266,0.8585,1],"rest":[1,0,0,0,0,1,0,0,0,0,1,0,0,4.0266,0.8585,1],"parentBoneIndex":5,"length":4.1171
,"animation":{"dataType":3,"framePerSecond":24,"keys":[
{"frame":1,"values":[0.9998,-0.0125,-0.0143,0,0.0115,0.9978,-0.0647,0,0.0151,0.0645,0.9978,0,0,4.0266,0.8585,1]},
{"frame":2,"values":[0.9997,-0.0158,-0.0163,0,0.0152,0.9993,-0.0351,0,0.0168,0.0348,0.9993,0,0,4.0266,0.8585,1]},
{"frame":3,"values":[0.9992,-0.037,-0.013,0,0.0373,0.9991,0.0209,0,0.0123,-0.0214,0.9997,0,0,4.0266,0.8585,1]},
{"frame":4,"values":[0.9983,-0.0571,-0.0072,0,0.0575,0.9955,0.0749,0,0.0028,-0.0752,0.9972,0,0,4.0266,0.8585,1]},
{"frame":5,"values":[0.9983,-0.0588,-0.0005,0,0.0585,0.9935,0.0978,0,-0.0053,-0.0976,0.9952,0,0,4.0266,0.8585,1]},
{"frame":6,"values":[0.9989,-0.0466,0.004,0,0.0461,0.9951,0.0877,0,-0.008,-0.0874,0.9961,0,0,4.0266,0.8585,1]},
{"frame":7,"values":[0.9993,-0.0377,0.0029,0,0.0375,0.9971,0.0663,0,-0.0054,-0.0661,0.9978,0,0,4.0266,0.8585,1]},
{"frame":8,"values":[0.9993,-0.0364,-0.0015,0,0.0364,0.9983,0.045,0,-0.0001,-0.045,0.999,0,0,4.0266,0.8585,1]},
{"frame":9,"values":[0.9994,-0.0347,-0.004,0,0.0347,0.999,0.0265,0,0.003,-0.0266,0.9996,0,0,4.0266,0.8585,1]},
{"frame":10,"values":[0.9996,-0.0292,-0.0024,0,0.0292,0.9995,0.0146,0,0.002,-0.0147,0.9999,0,0,4.0266,0.8585,1]},
{"frame":11,"values":[0.9997,-0.024,-0.0002,0,0.024,0.9996,0.0137,0,-0.0001,-0.0137,0.9999,0,0,4.0266,0.8585,1]},
{"frame":12,"values":[0.9998,-0.0221,-0.0012,0,0.0221,0.9993,0.0301,0,0.0005,-0.0301,0.9995,0,0,4.0266,0.8585,1]},
{"frame":13,"values":[0.9998,-0.0211,-0.0037,0,0.0213,0.9979,0.0615,0,0.0024,-0.0616,0.9981,0,0,4.0266,0.8585,1]},
{"frame":14,"values":[0.9998,-0.0189,-0.004,0,0.0192,0.9946,0.1019,0,0.0021,-0.102,0.9948,0,0,4.0266,0.8585,1]},
{"frame":15,"values":[0.9998,-0.0195,-0.0015,0,0.0196,0.9908,0.134,0,-0.0012,-0.134,0.991,0,0,4.0266,0.8585,1]},
{"frame":16,"values":[0.9996,-0.0295,0.0004,0,0.0291,0.9898,0.1395,0,-0.0045,-0.1394,0.9902,0,0,4.0266,0.8585,1]},
{"frame":17,"values":[0.999,-0.0455,0.0005,0,0.0451,0.9918,0.12,0,-0.0059,-0.1198,0.9928,0,0,4.0266,0.8585,1]},
{"frame":18,"values":[0.9985,-0.0551,0.0028,0,0.0546,0.9946,0.0877,0,-0.0076,-0.0874,0.9961,0,0,4.0266,0.8585,1]},
{"frame":19,"values":[0.9987,-0.0505,0.0089,0,0.05,0.9975,0.05,0,-0.0114,-0.0495,0.9987,0,0,4.0266,0.8585,1]},
{"frame":20,"values":[0.9992,-0.0366,0.015,0,0.0365,0.9993,0.0029,0,-0.0151,-0.0023,0.9999,0,0,4.0266,0.8585,1]},
{"frame":21,"values":[0.9995,-0.026,0.0164,0,0.0267,0.9986,-0.0463,0,-0.0152,0.0467,0.9988,0,0,4.0266,0.8585,1]},
{"frame":22,"values":[0.9996,-0.0242,0.0124,0,0.0251,0.9967,-0.077,0,-0.0105,0.0773,0.997,0,0,4.0266,0.8585,1]},
{"frame":23,"values":[0.9997,-0.025,0.0044,0,0.0253,0.9964,-0.0814,0,-0.0023,0.0815,0.9967,0,0,4.0266,0.8585,1]},
{"frame":24,"values":[0.9998,-0.0214,-0.0052,0,0.021,0.9972,-0.072,0,0.0067,0.0719,0.9974,0,0,4.0266,0.8585,1]},
{"frame":25,"values":[0.9998,-0.0125,-0.0143,0,0.0115,0.9978,-0.0647,0,0.0151,0.0645,0.9978,0,0,4.0266,0.8585,1]}],"loopBehavior":1,"name":"anim","property":"_matrix"}},
{"name":"boss:LeftShoulder","index":7,"matrix":[0.931,-0.3223,0.1713,0,0.3168,0.9467,0.0588,0,-0.1811,-0.0005,0.9835,0,6.1442,10.187,-3.7932,1],"rest":[1,0,0,0,0,1,0,0,0,0,1,0,6.1442,10.187,-3.7932,1],"parentBoneIndex":3,"length":12.4986
,"animation":{"dataType":3,"framePerSecond":24,"keys":[
{"frame":1,"values":[0.931,-0.3223,0.1713,0,0.3168,0.9467,0.0588,0,-0.1811,-0.0005,0.9835,0,6.1442,10.187,-3.7932,1]},
{"frame":2,"values":[0.9779,-0.1134,0.1755,0,0.1086,0.9934,0.0371,0,-0.1786,-0.0172,0.9838,0,6.1442,10.187,-3.7932,1]},
{"frame":3,"values":[0.9919,-0.0008,0.1268,0,-0.0015,0.9998,0.0184,0,-0.1268,-0.0184,0.9918,0,6.1442,10.187,-3.7932,1]},
{"frame":4,"values":[0.9971,0.0132,0.0744,0,-0.014,0.9999,0.01,0,-0.0742,-0.011,0.9972,0,6.1442,10.187,-3.7932,1]},
{"frame":5,"values":[0.9978,-0.0149,0.0642,0,0.0142,0.9998,0.0111,0,-0.0644,-0.0102,0.9979,0,6.1442,10.187,-3.7932,1]},
{"frame":6,"values":[0.9956,-0.0512,0.0786,0,0.0501,0.9986,0.0152,0,-0.0792,-0.0112,0.9968,0,6.1442,10.187,-3.7932,1]},
{"frame":7,"values":[0.9928,-0.0935,0.0753,0,0.0924,0.9956,0.0181,0,-0.0767,-0.011,0.997,0,6.1442,10.187,-3.7932,1]},
{"frame":8,"values":[0.9896,-0.1321,0.0567,0,0.1312,0.9912,0.0189,0,-0.0587,-0.0113,0.9982,0,6.1442,10.187,-3.7932,1]},
{"frame":9,"values":[0.988,-0.1459,0.0516,0,0.1452,0.9893,0.0167,0,-0.0535,-0.009,0.9985,0,6.1442,10.187,-3.7932,1]},
{"frame":10,"values":[0.9885,-0.1371,0.0641,0,0.1363,0.9905,0.0165,0,-0.0658,-0.0075,0.9978,0,6.1442,10.187,-3.7932,1]},
{"frame":11,"values":[0.9884,-0.136,0.0672,0,0.134,0.9904,0.0334,0,-0.0711,-0.024,0.9972,0,6.1442,10.187,-3.7932,1]},
{"frame":12,"values":[0.9869,-0.1569,0.0385,0,0.1535,0.985,0.0787,0,-0.0503,-0.0717,0.9962,0,6.1442,10.187,-3.7932,1]},
{"frame":13,"values":[0.9844,-0.1756,-0.007,0,0.1748,0.9744,0.1413,0,-0.018,-0.1403,0.9899,0,6.1442,10.187,-3.7932,1]},
{"frame":14,"values":[0.9875,-0.1537,-0.0342,0,0.1574,0.9649,0.2103,0,0.0006,-0.213,0.977,0,6.1442,10.187,-3.7932,1]},
{"frame":15,"values":[0.9958,-0.085,-0.0329,0,0.0908,0.9562,0.2781,0,0.0078,-0.28,0.96,0,6.1442,10.187,-3.7932,1]},
{"frame":16,"values":[0.9994,-0.0105,-0.0327,0,0.0206,0.9448,0.3269,0,0.0275,-0.3273,0.9445,0,6.1442,10.187,-3.7932,1]},
{"frame":17,"values":[0.9981,0.0026,-0.0615,0,0.0184,0.9408,0.3384,0,0.0587,-0.3389,0.939,0,6.1442,10.187,-3.7932,1]},
{"frame":18,"values":[0.9917,-0.0789,-0.1016,0,0.107,0.9444,0.311,0,0.0714,-0.3193,0.945,0,6.1442,10.187,-3.7932,1]},
{"frame":19,"values":[0.9739,-0.1994,-0.1081,0,0.2217,0.9376,0.2678,0,0.048,-0.2848,0.9574,0,6.1442,10.187,-3.7932,1]},
{"frame":20,"values":[0.9573,-0.2817,-0.0644,0,0.289,0.9308,0.2237,0,-0.0031,-0.2328,0.9725,0,6.1442,10.187,-3.7932,1]},
{"frame":21,"values":[0.9529,-0.3034,0.0024,0,0.2981,0.9376,0.1789,0,-0.0565,-0.1698,0.9839,0,6.1442,10.187,-3.7932,1]},
{"frame":22,"values":[0.9538,-0.2931,0.0661,0,0.2827,0.95,0.1325,0,-0.1016,-0.1077,0.989,0,6.1442,10.187,-3.7932,1]},
{"frame":23,"values":[0.9501,-0.2896,0.1162,0,0.2801,0.9556,0.092,0,-0.1377,-0.0549,0.989,0,6.1442,10.187,-3.7932,1]},
{"frame":24,"values":[0.941,-0.3031,0.1502,0,0.2961,0.9528,0.0674,0,-0.1636,-0.019,0.9864,0,6.1442,10.187,-3.7932,1]},
{"frame":25,"values":[0.931,-0.3223,0.1713,0,0.3168,0.9467,0.0588,0,-0.1811,-0.0005,0.9835,0,6.1442,10.187,-3.7932,1]}],"loopBehavior":1,"name":"anim","property":"_matrix"}},
{"name":"boss:LeftArm","index":8,"matrix":[0.7043,-0.4987,0.5053,0,0.6354,0.7602,-0.1354,0,-0.3166,0.4164,0.8523,0,12.3191,-1.113,-1.7935,1],"rest":[1,0,0,0,0,1,0,0,0,0,1,0,12.3191,-1.113,-1.7935,1],"parentBoneIndex":7,"length":27.687
,"animation":{"dataType":3,"framePerSecond":24,"keys":[
{"frame":1,"values":[0.7043,-0.4987,0.5053,0,0.6354,0.7602,-0.1354,0,-0.3166,0.4164,0.8523,0,12.3191,-1.113,-1.7935,1]},
{"frame":2,"values":[0.6222,-0.4739,0.6231,0,0.7538,0.5774,-0.3135,0,-0.2112,0.6648,0.7165,0,12.3191,-1.113,-1.7935,1]},
{"frame":3,"values":[0.5933,-0.4554,0.6638,0,0.8015,0.4109,-0.4344,0,-0.0749,0.7897,0.6088,0,12.3191,-1.113,-1.7935,1]},
{"frame":4,"values":[0.6104,-0.5046,0.6106,0,0.791,0.3472,-0.5038,0,0.0422,0.7905,0.611,0,12.3191,-1.113,-1.7935,1]},
{"frame":5,"values":[0.6203,-0.6257,0.473,0,0.773,0.3852,-0.504,0,0.1332,0.6783,0.7226,0,12.3191,-1.113,-1.7935,1]},
{"frame":6,"values":[0.5987,-0.7473,0.2883,0,0.7798,0.4616,-0.4228,0,0.1829,0.478,0.8591,0,12.3191,-1.113,-1.7935,1]},
{"frame":7,"values":[0.5781,-0.8055,0.1302,0,0.7926,0.5165,-0.324,0,0.1937,0.2905,0.9371,0,12.3191,-1.113,-1.7935,1]},
{"frame":8,"values":[0.5772,-0.8155,0.0426,0,0.7941,0.5483,-0.2624,0,0.1906,0.1852,0.964,0,12.3191,-1.113,-1.7935,1]},
{"frame":9,"values":[0.5599,-0.8284,0.0133,0,0.8119,0.5454,-0.2084,0,0.1654,0.1275,0.978,0,12.3191,-1.113,-1.7935,1]},
{"frame":10,"values":[0.5162,-0.8564,-0.0138,0,0.8527,0.5154,-0.0859,0,0.0807,0.0325,0.9962,0,12.3191,-1.113,-1.7935,1]},
{"frame":11,"values":[0.5042,-0.8592,-0.0869,0,0.8618,0.4941,0.1151,0,-0.056,-0.1329,0.9895,0,12.3191,-1.113,-1.7935,1]},
{"frame":12,"values":[0.554,-0.8033,-0.2189,0,0.8152,0.4701,0.3383,0,-0.1688,-0.3658,0.9153,0,12.3191,-1.113,-1.7935,1]},
{"frame":13,"values":[0.6154,-0.6965,-0.369,0,0.7576,0.3937,0.5206,0,-0.2174,-0.5999,0.7699,0,12.3191,-1.113,-1.7935,1]},
{"frame":14,"values":[0.6624,-0.5709,-0.4851,0,0.7153,0.2895,0.6361,0,-0.2228,-0.7683,0.6001,0,12.3191,-1.113,-1.7935,1]},
{"frame":15,"values":[0.6934,-0.4423,-0.5689,0,0.6961,0.207,0.6875,0,-0.1863,-0.8726,0.4515,0,12.3191,-1.113,-1.7935,1]},
{"frame":16,"values":[0.6902,-0.3594,-0.6281,0,0.7096,0.1661,0.6847,0,-0.1417,-0.9183,0.3697,0,12.3191,-1.113,-1.7935,1]},
{"frame":17,"values":[0.6819,-0.3966,-0.6146,0,0.7107,0.1605,0.685,0,-0.173,-0.9039,0.3913,0,12.3191,-1.113,-1.7935,1]},
{"frame":18,"values":[0.7132,-0.5358,-0.4519,0,0.6431,0.2438,0.7259,0,-0.2787,-0.8084,0.5185,0,12.3191,-1.113,-1.7935,1]},
{"frame":19,"values":[0.7473,-0.632,-0.2055,0,0.5712,0.4528,0.6847,0,-0.3396,-0.629,0.6993,0,12.3191,-1.113,-1.7935,1]},
{"frame":20,"values":[0.77,-0.6378,-0.0191,0,0.5844,0.693,0.4221,0,-0.256,-0.3362,0.9063,0,12.3191,-1.113,-1.7935,1]},
{"frame":21,"values":[0.7643,-0.641,0.07,0,0.6379,0.7675,0.0636,0,-0.0945,-0.0039,0.9955,0,12.3191,-1.113,-1.7935,1]},
{"frame":22,"values":[0.6848,-0.7147,0.1426,0,0.7287,0.6697,-0.1429,0,0.0067,0.2018,0.9794,0,12.3191,-1.113,-1.7935,1]},
{"frame":23,"values":[0.5766,-0.7775,0.2512,0,0.817,0.5502,-0.1725,0,-0.0041,0.3047,0.9524,0,12.3191,-1.113,-1.7935,1]},
{"frame":24,"values":[0.5729,-0.7228,0.3865,0,0.8104,0.5702,-0.1348,0,-0.123,0.3904,0.9124,0,12.3191,-1.113,-1.7935,1]},
{"frame":25,"values":[0.7043,-0.4987,0.5053,0,0.6354,0.7602,-0.1354,0,-0.3166,0.4164,0.8523,0,12.3191,-1.113,-1.7935,1]}],"loopBehavior":1,"name":"anim","property":"_matrix"}},
{"name":"boss:LeftForeArm","index":9,"matrix":[-0.1975,0,0.9803,0,0,1,0,0,-0.9803,0,-0.1975,0,27.687,0,0,1],"rest":[1,0,0,0,0,1,0,0,0,0,1,0,27.687,0,0,1],"parentBoneIndex":8,"length":27.8738
,"animation":{"dataType":3,"framePerSecond":24,"keys":[
{"frame":1,"values":[-0.1975,0,0.9803,0,0,1,0,0,-0.9803,0,-0.1975,0,27.687,0,0,1]},
{"frame":2,"values":[-0.1149,0,0.9934,0,0,1,0,0,-0.9934,0,-0.1149,0,27.687,0,0,1]},
{"frame":3,"values":[-0.0673,0,0.9977,0,0,1,0,0,-0.9977,0,-0.0673,0,27.687,0,0,1]},
{"frame":4,"values":[-0.0218,0,0.9998,0,0,1,0,0,-0.9998,0,-0.0218,0,27.687,0,0,1]},
{"frame":5,"values":[0.0607,0,0.9982,0,0,1,0,0,-0.9982,0,0.0607,0,27.687,0,0,1]},
{"frame":6,"values":[0.177,0,0.9842,0,0,1,0,0,-0.9842,0,0.177,0,27.687,0,0,1]},
{"frame":7,"values":[0.3187,0,0.9478,0,0,1,0,0,-0.9478,0,0.3187,0,27.687,0,0,1]},
{"frame":8,"values":[0.51,0,0.8602,0,0,1,0,0,-0.8602,0,0.51,0,27.687,0,0,1]},
{"frame":9,"values":[0.7172,0,0.6968,0,0,1,0,0,-0.6968,0,0.7172,0,27.687,0,0,1]},
{"frame":10,"values":[0.8602,0,0.51,0,0,1,0,0,-0.51,0,0.8602,0,27.687,0,0,1]},
{"frame":11,"values":[0.9177,0,0.3973,0,0,1,0,0,-0.3973,0,0.9177,0,27.687,0,0,1]},
{"frame":12,"values":[0.9161,0,0.401,0,0,1,0,0,-0.401,0,0.9161,0,27.687,0,0,1]},
{"frame":13,"values":[0.8815,0,0.4723,0,0,1,0,0,-0.4723,0,0.8815,0,27.687,0,0,1]},
{"frame":14,"values":[0.8353,0,0.5498,0,0,1,0,0,-0.5498,0,0.8353,0,27.687,0,0,1]},
{"frame":15,"values":[0.8205,0,0.5717,0,0,1,0,0,-0.5717,0,0.8205,0,27.687,0,0,1]},
{"frame":16,"values":[0.8747,0,0.4847,0,0,1,0,0,-0.4847,0,0.8747,0,27.687,0,0,1]},
{"frame":17,"values":[0.9511,0,0.3088,0,0,1,0,0,-0.3088,0,0.9511,0,27.687,0,0,1]},
{"frame":18,"values":[0.9906,0,0.1369,0,0,1,0,0,-0.1369,0,0.9906,0,27.687,0,0,1]},
{"frame":19,"values":[0.9998,0,0.0216,0,0,1,0,0,-0.0216,0,0.9998,0,27.687,0,0,1]},
{"frame":20,"values":[1,0,0,0,0,1,0,0,0,0,1,0,27.687,0,0,1]},
{"frame":21,"values":[0.9983,0,0.0579,0,0,1,0,0,-0.0579,0,0.9983,0,27.687,0,0,1]},
{"frame":22,"values":[0.8565,0,0.5161,0,0,1,0,0,-0.5161,0,0.8565,0,27.687,0,0,1]},
{"frame":23,"values":[0.324,0,0.9461,0,0,1,0,0,-0.9461,0,0.324,0,27.687,0,0,1]},
{"frame":24,"values":[-0.1469,0,0.9892,0,0,1,0,0,-0.9892,0,-0.1469,0,27.687,0,0,1]},
{"frame":25,"values":[-0.1975,0,0.9803,0,0,1,0,0,-0.9803,0,-0.1975,0,27.687,0,0,1]}],"loopBehavior":1,"name":"anim","property":"_matrix"}},
{"name":"boss:LeftHand","index":10,"matrix":[0.9802,0.0605,0.1888,0,-0.1663,0.7695,0.6166,0,-0.1079,-0.6358,0.7643,0,27.8738,0,0,1],"rest":[0.9974,-0.0541,-0.0467,0,0.0586,0.9932,0.1006,0,0.041,-0.1031,0.9938,0,27.8738,0,0,1],"parentBoneIndex":9,"length":9.2395
,"animation":{"dataType":3,"framePerSecond":24,"keys":[
{"frame":1,"values":[0.9802,0.0605,0.1888,0,-0.1663,0.7695,0.6166,0,-0.1079,-0.6358,0.7643,0,27.8738,0,0,1]},
{"frame":2,"values":[0.9927,0.0692,0.0984,0,-0.1194,0.6688,0.7338,0,-0.015,-0.7402,0.6722,0,27.8738,0,0,1]},
{"frame":3,"values":[0.9937,0.1114,0.0119,0,-0.0844,0.6746,0.7334,0,0.0737,-0.7297,0.6797,0,27.8738,0,0,1]},
{"frame":4,"values":[0.9839,0.172,0.0482,0,-0.1619,0.7446,0.6476,0,0.0755,-0.645,0.7604,0,27.8738,0,0,1]},
{"frame":5,"values":[0.9364,0.1963,0.291,0,-0.334,0.7534,0.5664,0,-0.1081,-0.6275,0.7711,0,27.8738,0,0,1]},
{"frame":6,"values":[0.7622,0.1515,0.6294,0,-0.5429,0.6791,0.494,0,-0.3526,-0.7182,0.5998,0,27.8738,0,0,1]},
{"frame":7,"values":[0.5721,0.1267,0.8103,0,-0.6991,0.5919,0.401,0,-0.4289,-0.796,0.4272,0,27.8738,0,0,1]},
{"frame":8,"values":[0.5833,0.2232,0.781,0,-0.7395,0.5437,0.3969,0,-0.336,-0.8091,0.4822,0,27.8738,0,0,1]},
{"frame":9,"values":[0.672,0.4293,0.6034,0,-0.728,0.5321,0.4322,0,-0.1356,-0.7298,0.6701,0,27.8738,0,0,1]},
{"frame":10,"values":[0.7327,0.5515,0.3987,0,-0.6782,0.5433,0.4948,0,0.0562,-0.633,0.7721,0,27.8738,0,0,1]},
{"frame":11,"values":[0.8615,0.4427,0.2487,0,-0.4953,0.6246,0.6037,0,0.1119,-0.6433,0.7574,0,27.8738,0,0,1]},
{"frame":12,"values":[0.9927,0.083,0.0877,0,-0.1202,0.7446,0.6566,0,-0.0108,-0.6624,0.7491,0,27.8738,0,0,1]},
{"frame":13,"values":[0.9442,-0.3051,-0.1238,0,0.3162,0.7352,0.5996,0,-0.0919,-0.6053,0.7907,0,27.8738,0,0,1]},
{"frame":14,"values":[0.8325,-0.4505,-0.3225,0,0.5528,0.6378,0.5363,0,-0.0359,-0.6247,0.78,0,27.8738,0,0,1]},
{"frame":15,"values":[0.8006,-0.4038,-0.4428,0,0.5985,0.5759,0.557,0,0.0301,-0.7109,0.7027,0,27.8738,0,0,1]},
{"frame":16,"values":[0.825,-0.3381,-0.4528,0,0.5621,0.5729,0.5965,0,0.0577,-0.7467,0.6627,0,27.8738,0,0,1]},
{"frame":17,"values":[0.8672,-0.3444,-0.3597,0,0.4964,0.6547,0.5701,0,0.0391,-0.6729,0.7387,0,27.8738,0,0,1]},
{"frame":18,"values":[0.9129,-0.3549,-0.2017,0,0.4076,0.7651,0.4986,0,-0.0226,-0.5373,0.8431,0,27.8738,0,0,1]},
{"frame":19,"values":[0.959,-0.2769,-0.0603,0,0.2672,0.8128,0.5176,0,-0.0943,-0.5125,0.8535,0,27.8738,0,0,1]},
{"frame":20,"values":[0.99,-0.1375,0.0315,0,0.0878,0.775,0.6258,0,-0.1105,-0.6168,0.7793,0,27.8738,0,0,1]},
{"frame":21,"values":[0.9947,-0.0318,0.0976,0,-0.0447,0.7222,0.6903,0,-0.0924,-0.691,0.717,0,27.8738,0,0,1]},
{"frame":22,"values":[0.9908,-0.0109,0.1348,0,-0.0892,0.6969,0.7116,0,-0.1017,-0.7171,0.6895,0,27.8738,0,0,1]},
{"frame":23,"values":[0.9891,-0.0415,0.1412,0,-0.0795,0.6565,0.7501,0,-0.1238,-0.7531,0.6461,0,27.8738,0,0,1]},
{"frame":24,"values":[0.9881,-0.0392,0.1485,0,-0.0872,0.6528,0.7525,0,-0.1264,-0.7565,0.6416,0,27.8738,0,0,1]},
{"frame":25,"values":[0.9802,0.0605,0.1888,0,-0.1663,0.7695,0.6166,0,-0.1079,-0.6358,0.7643,0,27.8738,0,0,1]}],"loopBehavior":1,"name":"anim","property":"_matrix"}},
{"name":"boss:LeftHandThumb1","index":11,"matrix":[0.9925,-0.0832,-0.0894,0,0.0773,0.9947,-0.0671,0,0.0945,0.0597,0.9937,0,2.3785,-1.0029,2.6209,1],"rest":[0.9909,-0.0858,-0.104,0,0.0965,0.9901,0.102,0,0.0942,-0.1111,0.9893,0,2.3785,-1.0029,2.6209,1],"parentBoneIndex":10,"length":4.514
,"animation":{"dataType":3,"framePerSecond":24,"keys":[
{"frame":1,"values":[0.9925,-0.0832,-0.0894,0,0.0773,0.9947,-0.0671,0,0.0945,0.0597,0.9937,0,2.3785,-1.0029,2.6209,1]},
{"frame":6,"values":[0.9922,-0.0897,-0.0869,0,0.0831,0.9936,-0.0761,0,0.0932,0.0683,0.9933,0,2.3785,-1.0029,2.6209,1]},
{"frame":7,"values":[0.9847,-0.1674,-0.0489,0,0.1565,0.9719,-0.176,0,0.077,0.1656,0.9832,0,2.3785,-1.0029,2.6209,1]},
{"frame":8,"values":[0.9746,-0.2241,0.0016,0,0.219,0.9513,-0.2171,0,0.0471,0.2119,0.9762,0,2.3785,-1.0029,2.6209,1]},
{"frame":9,"values":[0.9952,-0.095,0.0237,0,0.0938,0.9944,0.0481,0,-0.0282,-0.0456,0.9986,0,2.3785,-1.0029,2.6209,1]},
{"frame":10,"values":[0.9978,0.0004,0.0669,0,-0.0173,0.9678,0.2512,0,-0.0646,-0.2518,0.9656,0,2.3785,-1.0029,2.6209,1]},
{"frame":13,"values":[0.9992,-0.0101,0.0379,0,0.0021,0.9788,0.2046,0,-0.0392,-0.2044,0.9781,0,2.3785,-1.0029,2.6209,1]},
{"frame":14,"values":[0.9984,-0.0448,-0.0342,0,0.047,0.9966,0.0676,0,0.031,-0.0691,0.9971,0,2.3785,-1.0029,2.6209,1]},
{"frame":15,"values":[0.9933,-0.0789,-0.0842,0,0.0747,0.9958,-0.0528,0,0.088,0.0461,0.9951,0,2.3785,-1.0029,2.6209,1]},
{"frame":16,"values":[0.9925,-0.0832,-0.0894,0,0.0773,0.9947,-0.0671,0,0.0945,0.0597,0.9937,0,2.3785,-1.0029,2.6209,1]},
{"frame":18,"values":[0.9924,-0.0872,-0.0869,0,0.0811,0.9941,-0.0715,0,0.0926,0.0639,0.9937,0,2.3785,-1.0029,2.6209,1]},
{"frame":19,"values":[0.9888,-0.1396,-0.0526,0,0.132,0.9831,-0.1267,0,0.0694,0.1183,0.9906,0,2.3785,-1.0029,2.6209,1]},
{"frame":20,"values":[0.9784,-0.2065,-0.0048,0,0.2018,0.9606,-0.1911,0,0.044,0.186,0.9816,0,2.3785,-1.0029,2.6209,1]},
{"frame":21,"values":[0.9774,-0.2112,-0.0013,0,0.2069,0.9587,-0.1954,0,0.0425,0.1907,0.9807,0,2.3785,-1.0029,2.6209,1]},
{"frame":22,"values":[0.9892,-0.1355,-0.0554,0,0.128,0.9842,-0.1223,0,0.0711,0.1139,0.9909,0,2.3785,-1.0029,2.6209,1]},
{"frame":23,"values":[0.9925,-0.0832,-0.0894,0,0.0773,0.9947,-0.0671,0,0.0945,0.0597,0.9937,0,2.3785,-1.0029,2.6209,1]},
{"frame":25,"values":[0.9925,-0.0832,-0.0894,0,0.0773,0.9947,-0.0671,0,0.0945,0.0597,0.9937,0,2.3785,-1.0029,2.6209,1]}],"loopBehavior":1,"name":"anim","property":"_matrix"}},
{"name":"boss:LeftHandThumb2","index":12,"matrix":[0.9833,-0.04,-0.1777,0,0.0708,0.9828,0.1704,0,0.1678,-0.1801,0.9692,0,3.3624,-1.0029,2.8398,1],"rest":[0.9723,0.0085,0.2336,0,0.008,0.9975,-0.0699,0,-0.2336,0.0698,0.9698,0,3.3624,-1.0029,2.8398,1],"parentBoneIndex":11,"length":5.1787
,"animation":{"dataType":3,"framePerSecond":24,"keys":[
{"frame":1,"values":[0.9833,-0.04,-0.1777,0,0.0708,0.9828,0.1704,0,0.1678,-0.1801,0.9692,0,3.3624,-1.0029,2.8398,1]},
{"frame":4,"values":[0.994,-0.0689,-0.0855,0,0.0826,0.9823,0.1679,0,0.0724,-0.174,0.9821,0,3.3624,-1.0029,2.8398,1]},
{"frame":5,"values":[0.9886,-0.1208,0.0897,0,0.1044,0.98,0.1693,0,-0.1083,-0.158,0.9815,0,3.3624,-1.0029,2.8398,1]},
{"frame":6,"values":[0.9668,-0.1505,0.2063,0,0.1152,0.978,0.1736,0,-0.2279,-0.1441,0.963,0,3.3624,-1.0029,2.8398,1]},
{"frame":7,"values":[0.959,-0.1509,0.2399,0,0.1105,0.9786,0.1736,0,-0.2609,-0.14,0.9551,0,3.3624,-1.0029,2.8398,1]},
{"frame":8,"values":[0.9593,-0.1429,0.2435,0,0.1018,0.9795,0.1736,0,-0.2633,-0.1418,0.9542,0,3.3624,-1.0029,2.8398,1]},
{"frame":9,"values":[0.9613,-0.1369,0.2389,0,0.0966,0.9802,0.1729,0,-0.2579,-0.1432,0.9555,0,3.3624,-1.0029,2.8398,1]},
{"frame":10,"values":[0.9637,-0.1337,0.2312,0,0.0947,0.9804,0.1725,0,-0.2497,-0.1443,0.9575,0,3.3624,-1.0029,2.8398,1]},
{"frame":11,"values":[0.9637,-0.1337,0.2312,0,0.0947,0.9805,0.1725,0,-0.2497,-0.1443,0.9575,0,3.3624,-1.0029,2.8398,1]},
{"frame":13,"values":[0.9647,-0.136,0.2254,0,0.0978,0.9801,0.1728,0,-0.2444,-0.1446,0.9588,0,3.3624,-1.0029,2.8398,1]},
{"frame":14,"values":[0.9674,-0.1425,0.2093,0,0.1067,0.9791,0.1734,0,-0.2296,-0.1454,0.9624,0,3.3624,-1.0029,2.8398,1]},
{"frame":15,"values":[0.9695,-0.1478,0.1957,0,0.1141,0.9782,0.1736,0,-0.2171,-0.146,0.9652,0,3.3624,-1.0029,2.8398,1]},
{"frame":16,"values":[0.9697,-0.1485,0.1941,0,0.115,0.9781,0.1736,0,-0.2156,-0.1461,0.9655,0,3.3624,-1.0029,2.8398,1]},
{"frame":18,"values":[0.969,-0.1488,0.1974,0,0.1148,0.9781,0.1736,0,-0.2189,-0.1456,0.9648,0,3.3624,-1.0029,2.8398,1]},
{"frame":19,"values":[0.9597,-0.1516,0.2366,0,0.1117,0.9784,0.1736,0,-0.2578,-0.1402,0.956,0,3.3624,-1.0029,2.8398,1]},
{"frame":20,"values":[0.9589,-0.1462,0.2432,0,0.1052,0.9792,0.1736,0,-0.2635,-0.1409,0.9543,0,3.3624,-1.0029,2.8398,1]},
