{"producer":{"name":"Blender","version":"2.90.0","exporter_version":"2.80.1","file":"walk.babylon"},
"autoClear":true,"clearColor":[0.0509,0.0509,0.0509],"gravity":[0,-9.81,0],
"materials":[{"name":"Material","id":"Material","customType":"BABYLON.PBRMaterial","backFaceCulling":true,"checkReadyOnlyOnce":false,"maxSimultaneousLights":4,"environmentIntensity":1,"albedo":[0.8,0.8,0.8],"reflectivity":[0.5,0.5,0.5],"roughness":0.4,"alpha":1,"transparencyMode":0,"alphaCutOff":0.4,"metallic":0}],
"multiMaterials":[],
"skeletons":[{"name":"Armature","id":0,"dimensionsAtRest":[188.1767,172.4535,15.5905],"bones":[
{"name":"boss:Hips","index":0,"matrix":[0.9986,-0.0231,0.0469,0,0.0239,0.9996,-0.0167,0,0.0465,-0.0177,-0.9988,0,-0.2259,94.9879,-0.0655,1],"rest":[1,0,0,0,0,1,0,0,0,0,-1,0,0,96.3794,0,1],"parentBoneIndex":-1,"length":9.9032
,"animation":{"dataType":3,"framePerSecond":24,"keys":[
{"frame":1,"values":[0.9986,-0.0231,0.0469,0,0.0239,0.9996,-0.0167,0,0.0465,-0.0177,-0.9988,0,-0.2259,94.9879,-0.0655,1]},
{"frame":2,"values":[0.9995,-0.0247,0.0184,0,0.025,0.9995,-0.0169,0,0.018,-0.0173,-0.9997,0,-0.3622,95.5448,0.3866,1]},
{"frame":3,"values":[0.9995,-0.0311,-0.0032,0,0.0311,0.9994,-0.0137,0,-0.0036,-0.0136,-0.9999,0,-0.4228,95.1656,0.7317,1]},
{"frame":4,"values":[0.9993,-0.034,-0.0171,0,0.0338,0.9994,-0.0109,0,-0.0174,-0.0103,-0.9998,0,-0.4274,94.1154,1.0823,1]},
{"frame":5,"values":[0.9989,-0.0336,-0.0313,0,0.0332,0.9994,-0.0129,0,-0.0317,-0.0118,-0.9994,0,-0.3311,92.779,1.4856,1]},
{"frame":6,"values":[0.9983,-0.0333,-0.0484,0,0.0326,0.9994,-0.0153,0,-0.0488,-0.0137,-0.9987,0,-0.0876,91.373,1.6719,1]},
{"frame":7,"values":[0.9975,-0.0316,-0.0625,0,0.0307,0.9994,-0.0143,0,-0.0629,-0.0124,-0.9979,0,0.4207,89.6809,0.8394,1]},
{"frame":8,"values":[0.9973,-0.0233,-0.0689,0,0.0221,0.9996,-0.0178,0,-0.0693,-0.0162,-0.9975,0,1.0864,88.6154,-0.343,1]},
{"frame":9,"values":[0.9978,-0.0102,-0.0653,0,0.0085,0.9996,-0.0269,0,-0.0655,-0.0263,-0.9975,0,1.7805,88.4777,-1.1129,1]},
{"frame":10,"values":[0.9985,-0.0014,-0.0544,0,-0.0002,0.9996,-0.0282,0,-0.0544,-0.0282,-0.9981,0,2.3903,89.3744,-1.1983,1]},
{"frame":11,"values":[0.999,-0.0047,-0.0447,0,0.0037,0.9998,-0.0205,0,-0.0448,-0.0203,-0.9988,0,2.9724,91.5539,-1.093,1]},
{"frame":12,"values":[0.9994,-0.0174,-0.029,0,0.017,0.9997,-0.015,0,-0.0293,-0.0145,-0.9995,0,3.2708,93.7937,-0.7818,1]},
{"frame":13,"values":[0.9996,-0.028,0.0059,0,0.0281,0.9995,-0.0171,0,0.0055,-0.0173,-0.9998,0,3.4864,95.4096,-0.3678,1]},
{"frame":14,"values":[0.9986,-0.0231,0.0478,0,0.0243,0.9994,-0.0246,0,0.0472,-0.0257,-0.9986,0,3.6003,95.8574,0.4416,1]},
{"frame":15,"values":[0.9971,-0.0057,0.076,0,0.008,0.9995,-0.0311,0,0.0757,-0.0316,-0.9966,0,3.6648,95.0908,1.0314,1]},
{"frame":16,"values":[0.9959,0.0111,0.0902,0,-0.0081,0.9994,-0.0333,0,0.0905,-0.0325,-0.9954,0,3.7334,93.5504,1.3184,1]},
{"frame":17,"values":[0.9944,0.0228,0.1035,0,-0.0193,0.9992,-0.0345,0,0.1042,-0.0323,-0.994,0,3.6949,91.7818,1.5258,1]},
{"frame":18,"values":[0.9921,0.0282,0.1221,0,-0.0238,0.999,-0.0375,0,0.123,-0.0343,-0.9918,0,3.5189,89.9725,1.6244,1]},
{"frame":19,"values":[0.9901,0.0232,0.1385,0,-0.0174,0.9989,-0.0425,0,0.1394,-0.0396,-0.9894,0,2.9749,88.5007,1.1259,1]},
{"frame":20,"values":[0.9901,0.0068,0.1399,0,0.0002,0.9988,-0.0498,0,0.14,-0.0494,-0.9889,0,2.2311,88.0704,0.3907,1]},
{"frame":21,"values":[0.9917,-0.0165,0.1275,0,0.0238,0.9982,-0.0554,0,0.1264,-0.058,-0.9903,0,1.4797,88.7031,0.0299,1]},
{"frame":22,"values":[0.9925,-0.0355,0.1173,0,0.0415,0.9979,-0.0491,0,0.1153,-0.0536,-0.9919,0,0.6505,90.1968,-0.0001,1]},
{"frame":23,"values":[0.9935,-0.0387,0.1071,0,0.0426,0.9985,-0.0336,0,0.1057,-0.0379,-0.9937,0,0.2002,92.1959,-0.1552,1]},
{"frame":24,"values":[0.996,-0.0311,0.0836,0,0.0329,0.9992,-0.0211,0,0.0829,-0.0238,-0.9963,0,-0.0569,93.8627,-0.2513,1]},
{"frame":25,"values":[0.9986,-0.0231,0.0469,0,0.0239,0.9996,-0.0167,0,0.0465,-0.0177,-0.9988,0,-0.2259,94.9879,-0.0655,1]}],"loopBehavior":1,"name":"anim","property":"_matrix"}},
{"name":"boss:Spine","index":1,"matrix":[1,0.0017,-0.0066,0,-0.0017,1,0.0034,0,0.0066,-0.0034,1,0,0,9.2263,1.5771,1],"rest":[1,0,0,0,0,1,0,0,0,0,1,0,0,9.2263,1.5771,1],"parentBoneIndex":0,"length":16.2548
,"animation":{"dataType":3,"framePerSecond":24,"keys":[
{"frame":1,"values":[1,0.0017,-0.0066,0,-0.0017,1,0.0034,0,0.0066,-0.0034,1,0,0,9.2263,1.5771,1]},
{"frame":2,"values":[0.9999,-0.0019,-0.0129,0,0.0019,1,0.0043,0,0.0129,-0.0043,0.9999,0,0,9.2263,1.5771,1]},
{"frame":3,"values":[0.9998,-0.0022,-0.0179,0,0.0023,1,0.006,0,0.0178,-0.0061,0.9998,0,0,9.2263,1.5771,1]},
{"frame":4,"values":[0.9998,-0.0021,-0.0216,0,0.0023,1,0.0078,0,0.0216,-0.0078,0.9997,0,0,9.2263,1.5771,1]},
{"frame":5,"values":[0.9997,-0.0032,-0.0256,0,0.0034,1,0.0081,0,0.0256,-0.0081,0.9996,0,0,9.2263,1.5771,1]},
{"frame":6,"values":[0.9995,-0.0058,-0.0302,0,0.006,1,0.0079,0,0.0302,-0.008,0.9995,0,0,9.2263,1.5771,1]},
{"frame":7,"values":[0.9994,-0.0085,-0.0341,0,0.0088,0.9999,0.0066,0,0.034,-0.0069,0.9994,0,0,9.2263,1.5771,1]},
{"frame":8,"values":[0.9993,-0.0118,-0.0355,0,0.0119,0.9999,0.0022,0,0.0354,-0.0026,0.9994,0,0,9.2263,1.5771,1]},
{"frame":9,"values":[0.9993,-0.0166,-0.0332,0,0.0165,0.9999,-0.0044,0,0.0332,0.0038,0.9994,0,0,9.2263,1.5771,1]},
{"frame":10,"values":[0.9995,-0.0178,-0.0277,0,0.0177,0.9998,-0.0044,0,0.0278,0.0039,0.9996,0,0,9.2263,1.5771,1]},
{"frame":11,"values":[0.9997,-0.0143,-0.0215,0,0.0143,0.9999,-0.0009,0,0.0215,0.0006,0.9998,0,0,9.2263,1.5771,1]},
{"frame":12,"values":[0.9999,-0.008,-0.0139,0,0.008,1,0.0015,0,0.0139,-0.0017,0.9999,0,0,9.2263,1.5771,1]},
{"frame":13,"values":[1,-0.0015,-0.0038,0,0.0015,1,0.0023,0,0.0038,-0.0023,1,0,0,9.2263,1.5771,1]},
{"frame":14,"values":[1,0.0004,0.0059,0,-0.0004,1,0.0031,0,-0.0059,-0.0031,1,0,0,9.2263,1.5771,1]},
{"frame":15,"values":[0.9999,-0.0012,0.0118,0,0.0012,1,0.0041,0,-0.0118,-0.0041,0.9999,0,0,9.2263,1.5771,1]},
{"frame":16,"values":[0.9999,-0.0024,0.015,0,0.0023,1,0.0062,0,-0.015,-0.0061,0.9999,0,0,9.2263,1.5771,1]},
{"frame":17,"values":[0.9998,-0.0035,0.0184,0,0.0033,1,0.0079,0,-0.0184,-0.0078,0.9998,0,0,9.2263,1.5771,1]},
{"frame":18,"values":[0.9997,-0.0013,0.0226,0,0.0011,1,0.0083,0,-0.0226,-0.0083,0.9997,0,0,9.2263,1.5771,1]},
{"frame":19,"values":[0.9997,0.0031,0.0256,0,-0.0033,1,0.0053,0,-0.0256,-0.0054,0.9997,0,0,9.2263,1.5771,1]},
{"frame":20,"values":[0.9997,0.0069,0.0245,0,-0.0068,1,-0.0014,0,-0.0245,0.0012,0.9997,0,0,9.2263,1.5771,1]},
{"frame":21,"values":[0.9998,0.0109,0.0195,0,-0.0108,0.9999,-0.0058,0,-0.0196,0.0056,0.9998,0,0,9.2263,1.5771,1]},
{"frame":22,"values":[0.9998,0.0142,0.0148,0,-0.0141,0.9999,-0.0043,0,-0.0149,0.0041,0.9999,0,0,9.2263,1.5771,1]},
{"frame":23,"values":[0.9999,0.0131,0.01,0,-0.0131,0.9999,-0.0007,0,-0.01,0.0006,0.9999,0,0,9.2263,1.5771,1]},
{"frame":24,"values":[1,0.0078,0.0026,0,-0.0078,1,0.0022,0,-0.0026,-0.0022,1,0,0,9.2263,1.5771,1]},
{"frame":25,"values":[1,0.0017,-0.0066,0,-0.0017,1,0.0034,0,0.0066,-0.0034,1,0,0,9.2263,1.5771,1]}],"loopBehavior":1,"name":"anim","property":"_matrix"}},
{"name":"boss:Spine1","index":2,"matrix":[0.9999,0.0088,-0.012,0,-0.0087,0.9999,0.0068,0,0.0121,-0.0067,0.9999,0,0,16.254,-0.1656,1],"rest":[1,0,0,0,0,1,0,0,0,0,1,0,0,16.254,-0.1656,1],"parentBoneIndex":1,"length":13.7007
,"animation":{"dataType":3,"framePerSecond":24,"keys":[
{"frame":1,"values":[0.9999,0.0088,-0.012,0,-0.0087,0.9999,0.0068,0,0.0121,-0.0067,0.9999,0,0,16.254,-0.1656,1]},
{"frame":2,"values":[0.9997,0.0014,-0.0264,0,-0.0012,1,0.0085,0,0.0264,-0.0085,0.9996,0,0,16.254,-0.1656,1]},
{"frame":3,"values":[0.9993,-0.0013,-0.0378,0,0.0017,0.9999,0.0121,0,0.0378,-0.0121,0.9992,0,0,16.254,-0.1656,1]},
{"frame":4,"values":[0.9989,-0.0042,-0.0466,0,0.0049,0.9999,0.0155,0,0.0465,-0.0157,0.9988,0,0,16.254,-0.1656,1]},
{"frame":5,"values":[0.9984,-0.0091,-0.0563,0,0.01,0.9998,0.0159,0,0.0562,-0.0165,0.9983,0,0,16.254,-0.1656,1]},
{"frame":6,"values":[0.9976,-0.0144,-0.068,0,0.0155,0.9998,0.0154,0,0.0678,-0.0164,0.9976,0,0,16.254,-0.1656,1]},
{"frame":7,"values":[0.9968,-0.0188,-0.0778,0,0.0199,0.9997,0.0127,0,0.0775,-0.0142,0.9969,0,0,16.254,-0.1656,1]},
{"frame":8,"values":[0.9964,-0.024,-0.0814,0,0.0243,0.9997,0.0037,0,0.0813,-0.0057,0.9967,0,0,16.254,-0.1656,1]},
{"frame":9,"values":[0.9965,-0.0329,-0.0763,0,0.0322,0.9994,-0.0095,0,0.0765,0.007,0.997,0,0,16.254,-0.1656,1]},
{"frame":10,"values":[0.9974,-0.0342,-0.0636,0,0.0336,0.9994,-0.0095,0,0.0639,0.0074,0.9979,0,0,16.254,-0.1656,1]},
{"frame":11,"values":[0.9984,-0.0283,-0.0486,0,0.0283,0.9996,-0.0022,0,0.0486,0.0008,0.9988,0,0,16.254,-0.1656,1]},
{"frame":12,"values":[0.9993,-0.0186,-0.0312,0,0.0187,0.9998,0.0029,0,0.0311,-0.0035,0.9995,0,0,16.254,-0.1656,1]},
{"frame":13,"values":[0.9999,-0.0091,-0.0091,0,0.0091,0.9999,0.0046,0,0.009,-0.0047,0.9999,0,0,16.254,-0.1656,1]},
{"frame":14,"values":[0.9999,-0.0064,0.0122,0,0.0063,1,0.0062,0,-0.0123,-0.0062,0.9999,0,0,16.254,-0.1656,1]},
{"frame":15,"values":[0.9996,-0.008,0.0255,0,0.0078,0.9999,0.0083,0,-0.0255,-0.0081,0.9996,0,0,16.254,-0.1656,1]},
{"frame":16,"values":[0.9994,-0.0062,0.033,0,0.0058,0.9999,0.0124,0,-0.033,-0.0122,0.9994,0,0,16.254,-0.1656,1]},
{"frame":17,"values":[0.9991,-0.0032,0.0411,0,0.0026,0.9999,0.0158,0,-0.0412,-0.0156,0.999,0,0,16.254,-0.1656,1]},
{"frame":18,"values":[0.9987,0.0019,0.0518,0,-0.0028,0.9999,0.0165,0,-0.0518,-0.0167,0.9985,0,0,16.254,-0.1656,1]},
{"frame":19,"values":[0.9982,0.0072,0.0601,0,-0.0078,0.9999,0.0104,0,-0.06,-0.0109,0.9981,0,0,16.254,-0.1656,1]},
{"frame":20,"values":[0.9982,0.0138,0.0592,0,-0.0137,0.9999,-0.003,0,-0.0592,0.0022,0.9982,0,0,16.254,-0.1656,1]},
{"frame":21,"values":[0.9985,0.0236,0.0495,0,-0.0231,0.9997,-0.0121,0,-0.0498,0.0109,0.9987,0,0,16.254,-0.1656,1]},
{"frame":22,"values":[0.9989,0.0286,0.0377,0,-0.0283,0.9996,-0.009,0,-0.0379,0.0079,0.9992,0,0,16.254,-0.1656,1]},
{"frame":23,"values":[0.9993,0.0262,0.0253,0,-0.0262,0.9997,-0.0016,0,-0.0253,0.0009,0.9997,0,0,16.254,-0.1656,1]},
{"frame":24,"values":[0.9998,0.0181,0.0084,0,-0.0182,0.9998,0.0042,0,-0.0083,-0.0044,1,0,0,16.254,-0.1656,1]},
{"frame":25,"values":[0.9999,0.0088,-0.012,0,-0.0087,0.9999,0.0068,0,0.0121,-0.0067,0.9999,0,0,16.254,-0.1656,1]}],"loopBehavior":1,"name":"anim","property":"_matrix"}},
{"name":"boss:Spine2","index":3,"matrix":[0.9999,0.0088,-0.012,0,-0.0087,0.9999,0.0068,0,0.0121,-0.0067,0.9999,0,0,13.6396,-1.2923,1],"rest":[1,0,0,0,0,1,0,0,0,0,1,0,0,13.6396,-1.2923,1],"parentBoneIndex":2,"length":13.1719
,"animation":{"dataType":3,"framePerSecond":24,"keys":[
{"frame":1,"values":[0.9999,0.0088,-0.012,0,-0.0087,0.9999,0.0068,0,0.0121,-0.0067,0.9999,0,0,13.6396,-1.2923,1]},
{"frame":2,"values":[0.9997,0.0014,-0.0264,0,-0.0012,1,0.0085,0,0.0264,-0.0085,0.9996,0,0,13.6396,-1.2923,1]},
{"frame":3,"values":[0.9993,-0.0013,-0.0378,0,0.0017,0.9999,0.0121,0,0.0378,-0.0121,0.9992,0,0,13.6396,-1.2923,1]},
{"frame":4,"values":[0.9989,-0.0042,-0.0466,0,0.0049,0.9999,0.0155,0,0.0465,-0.0157,0.9988,0,0,13.6396,-1.2923,1]},
{"frame":5,"values":[0.9984,-0.0091,-0.0563,0,0.01,0.9998,0.0159,0,0.0562,-0.0165,0.9983,0,0,13.6396,-1.2923,1]},
{"frame":6,"values":[0.9976,-0.0144,-0.068,0,0.0155,0.9998,0.0154,0,0.0678,-0.0164,0.9976,0,0,13.6396,-1.2923,1]},
{"frame":7,"values":[0.9968,-0.0188,-0.0778,0,0.0199,0.9997,0.0127,0,0.0775,-0.0142,0.9969,0,0,13.6396,-1.2923,1]},
{"frame":8,"values":[0.9964,-0.024,-0.0814,0,0.0243,0.9997,0.0037,0,0.0813,-0.0057,0.9967,0,0,13.6396,-1.2923,1]},
{"frame":9,"values":[0.9965,-0.0329,-0.0763,0,0.0322,0.9994,-0.0095,0,0.0765,0.007,0.997,0,0,13.6396,-1.2923,1]},
{"frame":10,"values":[0.9974,-0.0342,-0.0636,0,0.0336,0.9994,-0.0095,0,0.0639,0.0074,0.9979,0,0,13.6396,-1.2923,1]},
{"frame":11,"values":[0.9984,-0.0283,-0.0486,0,0.0283,0.9996,-0.0022,0,0.0486,0.0008,0.9988,0,0,13.6396,-1.2923,1]},
{"frame":12,"values":[0.9993,-0.0186,-0.0312,0,0.0187,0.9998,0.0029,0,0.0311,-0.0035,0.9995,0,0,13.6396,-1.2923,1]},
{"frame":13,"values":[0.9999,-0.0091,-0.0091,0,0.0091,0.9999,0.0046,0,0.009,-0.0047,0.9999,0,0,13.6396,-1.2923,1]},
{"frame":14,"values":[0.9999,-0.0064,0.0122,0,0.0063,1,0.0062,0,-0.0123,-0.0062,0.9999,0,0,13.6396,-1.2923,1]},
{"frame":15,"values":[0.9996,-0.008,0.0255,0,0.0078,0.9999,0.0083,0,-0.0255,-0.0081,0.9996,0,0,13.6396,-1.2923,1]},
{"frame":16,"values":[0.9994,-0.0062,0.033,0,0.0058,0.9999,0.0124,0,-0.033,-0.0122,0.9994,0,0,13.6396,-1.2923,1]},
{"frame":17,"values":[0.9991,-0.0032,0.0411,0,0.0026,0.9999,0.0158,0,-0.0412,-0.0156,0.999,0,0,13.6396,-1.2923,1]},
{"frame":18,"values":[0.9987,0.0019,0.0518,0,-0.0028,0.9999,0.0165,0,-0.0518,-0.0167,0.9985,0,0,13.6396,-1.2923,1]},
{"frame":19,"values":[0.9982,0.0072,0.0601,0,-0.0078,0.9999,0.0104,0,-0.06,-0.0109,0.9981,0,0,13.6396,-1.2923,1]},
{"frame":20,"values":[0.9982,0.0138,0.0592,0,-0.0137,0.9999,-0.003,0,-0.0592,0.0022,0.9982,0,0,13.6396,-1.2923,1]},
{"frame":21,"values":[0.9985,0.0236,0.0495,0,-0.0231,0.9997,-0.0121,0,-0.0498,0.0109,0.9987,0,0,13.6396,-1.2923,1]},
{"frame":22,"values":[0.9989,0.0286,0.0377,0,-0.0283,0.9996,-0.009,0,-0.0379,0.0079,0.9992,0,0,13.6396,-1.2923,1]},
{"frame":23,"values":[0.9993,0.0262,0.0253,0,-0.0262,0.9997,-0.0016,0,-0.0253,0.0009,0.9997,0,0,13.6396,-1.2923,1]},
{"frame":24,"values":[0.9998,0.0181,0.0084,0,-0.0182,0.9998,0.0042,0,-0.0083,-0.0044,1,0,0,13.6396,-1.2923,1]},
{"frame":25,"values":[0.9999,0.0088,-0.012,0,-0.0087,0.9999,0.0068,0,0.0121,-0.0067,0.9999,0,0,13.6396,-1.2923,1]}],"loopBehavior":1,"name":"anim","property":"_matrix"}},
{"name":"boss:Neck","index":4,"matrix":[1,-0.0053,0.002,0,0.0053,1,0,0,-0.002,0,1,0,0,13.8774,-4.3542,1],"rest":[1,0,0,0,0,1,0,0,0,0,1,0,0,13.8774,-4.3542,1],"parentBoneIndex":3,"length":4.4379
,"animation":{"dataType":3,"framePerSecond":24,"keys":[
{"frame":1,"values":[1,-0.0053,0.002,0,0.0053,1,0,0,-0.002,0,1,0,0,13.8774,-4.3542,1]},
{"frame":2,"values":[1,-0.0004,0.0031,0,0.0004,1,0.0023,0,-0.0031,-0.0023,1,0,0,13.8774,-4.3542,1]},
{"frame":3,"values":[1,0.0041,0.0042,0,-0.0041,1,0.0054,0,-0.0042,-0.0054,1,0,0,13.8774,-4.3542,1]},
{"frame":4,"values":[1,0.0083,0.0052,0,-0.0084,0.9999,0.0086,0,-0.0051,-0.0086,0.9999,0,0,13.8774,-4.3542,1]},
{"frame":5,"values":[0.9999,0.014,0.0068,0,-0.0141,0.9998,0.0114,0,-0.0066,-0.0115,0.9999,0,0,13.8774,-4.3542,1]},
{"frame":6,"values":[0.9998,0.0198,0.0087,0,-0.0198,0.9998,0.0096,0,-0.0085,-0.0098,0.9999,0,0,13.8774,-4.3542,1]},
{"frame":7,"values":[0.9997,0.0219,0.0096,0,-0.0219,0.9998,0.0033,0,-0.0095,-0.0035,0.9999,0,0,13.8774,-4.3542,1]},
{"frame":8,"values":[0.9998,0.0199,0.0089,0,-0.0199,0.9998,0.0021,0,-0.0088,-0.0023,1,0,0,13.8774,-4.3542,1]},
{"frame":9,"values":[0.9998,0.0198,0.008,0,-0.0198,0.9998,0.0063,0,-0.0079,-0.0065,0.9999,0,0,13.8774,-4.3542,1]},
{"frame":10,"values":[0.9999,0.0143,0.0056,0,-0.0144,0.9999,0.0042,0,-0.0055,-0.0043,1,0,0,13.8774,-4.3542,1]},
{"frame":11,"values":[1,0.0087,0.0031,0,-0.0087,0.9999,0.0053,0,-0.0031,-0.0053,1,0,0,13.8774,-4.3542,1]},
{"frame":12,"values":[1,0.0047,0.001,0,-0.0047,0.9999,0.0089,0,-0.001,-0.0089,1,0,0,13.8774,-4.3542,1]},
{"frame":13,"values":[1,0.002,-0.0007,0,-0.002,0.9999,0.0134,0,0.0007,-0.0134,0.9999,0,0,13.8774,-4.3542,1]},
{"frame":14,"values":[1,0.0016,-0.0018,0,-0.0016,0.9999,0.0142,0,0.0019,-0.0142,0.9999,0,0,13.8774,-4.3542,1]},
{"frame":15,"values":[1,0.0007,-0.0027,0,-0.0007,0.9999,0.0144,0,0.0027,-0.0144,0.9999,0,0,13.8774,-4.3542,1]},
{"frame":16,"values":[1,-0.0038,-0.0039,0,0.0038,0.9999,0.0134,0,0.0039,-0.0134,0.9999,0,0,13.8774,-4.3542,1]},
{"frame":17,"values":[1,-0.0072,-0.0045,0,0.0072,0.9999,0.0121,0,0.0045,-0.0121,0.9999,0,0,13.8774,-4.3542,1]},
{"frame":18,"values":[0.9999,-0.0117,-0.0055,0,0.0117,0.9999,0.0059,0,0.0054,-0.0059,1,0,0,13.8774,-4.3542,1]},
{"frame":19,"values":[0.9999,-0.0136,-0.0058,0,0.0136,0.9999,-0.0003,0,0.0058,0.0002,1,0,0,13.8774,-4.3542,1]},
{"frame":20,"values":[0.9999,-0.0124,-0.0051,0,0.0124,0.9999,0.0001,0,0.0051,-0.0002,1,0,0,13.8774,-4.3542,1]},
{"frame":21,"values":[0.9999,-0.0111,-0.004,0,0.0111,0.9999,-0.0019,0,0.0041,0.0018,1,0,0,13.8774,-4.3542,1]},
{"frame":22,"values":[1,-0.0069,-0.002,0,0.0068,0.9999,-0.0074,0,0.0021,0.0073,1,0,0,13.8774,-4.3542,1]},
{"frame":23,"values":[1,-0.0035,-0.0002,0,0.0035,1,-0.0077,0,0.0002,0.0077,1,0,0,13.8774,-4.3542,1]},
{"frame":24,"values":[1,-0.0025,0.0013,0,0.0025,1,-0.0049,0,-0.0012,0.0049,1,0,0,13.8774,-4.3542,1]},
{"frame":25,"values":[1,-0.0053,0.002,0,0.0053,1,0,0,-0.002,0,1,0,0,13.8774,-4.3542,1]}],"loopBehavior":1,"name":"anim","property":"_matrix"}},
{"name":"boss:Neck1","index":5,"matrix":[1,-0.0053,0.002,0,0.0053,1,0,0,-0.002,0,1,0,0,4.34,0.9269,1],"rest":[1,0,0,0,0,1,0,0,0,0,1,0,0,4.34,0.9269,1],"parentBoneIndex":4,"length":4.1171
,"animation":{"dataType":3,"framePerSecond":24,"keys":[
{"frame":1,"values":[1,-0.0053,0.002,0,0.0053,1,0,0,-0.002,0,1,0,0,4.34,0.9269,1]},
{"frame":2,"values":[1,-0.0004,0.0031,0,0.0004,1,0.0023,0,-0.0031,-0.0023,1,0,0,4.34,0.9269,1]},
{"frame":3,"values":[1,0.0041,0.0042,0,-0.0041,1,0.0054,0,-0.0042,-0.0054,1,0,0,4.34,0.9269,1]},
{"frame":4,"values":[1,0.0083,0.0052,0,-0.0084,0.9999,0.0086,0,-0.0051,-0.0086,0.9999,0,0,4.34,0.9269,1]},
{"frame":5,"values":[0.9999,0.014,0.0068,0,-0.0141,0.9998,0.0114,0,-0.0066,-0.0115,0.9999,0,0,4.34,0.9269,1]},
{"frame":6,"values":[0.9998,0.0198,0.0087,0,-0.0198,0.9998,0.0096,0,-0.0085,-0.0098,0.9999,0,0,4.34,0.9269,1]},
{"frame":7,"values":[0.9997,0.0219,0.0096,0,-0.0219,0.9998,0.0033,0,-0.0095,-0.0035,0.9999,0,0,4.34,0.9269,1]},
{"frame":8,"values":[0.9998,0.0199,0.0089,0,-0.0199,0.9998,0.0021,0,-0.0088,-0.0023,1,0,0,4.34,0.9269,1]},
{"frame":9,"values":[0.9998,0.0198,0.008,0,-0.0198,0.9998,0.0063,0,-0.0079,-0.0065,0.9999,0,0,4.34,0.9269,1]},
{"frame":10,"values":[0.9999,0.0143,0.0056,0,-0.0144,0.9999,0.0042,0,-0.0055,-0.0043,1,0,0,4.34,0.9269,1]},
{"frame":11,"values":[1,0.0087,0.0031,0,-0.0087,0.9999,0.0053,0,-0.0031,-0.0053,1,0,0,4.34,0.9269,1]},
{"frame":12,"values":[1,0.0047,0.001,0,-0.0047,0.9999,0.0089,0,-0.001,-0.0089,1,0,0,4.34,0.9269,1]},
{"frame":13,"values":[1,0.002,-0.0007,0,-0.002,0.9999,0.0134,0,0.0007,-0.0134,0.9999,0,0,4.34,0.9269,1]},
{"frame":14,"values":[1,0.0016,-0.0018,0,-0.0016,0.9999,0.0142,0,0.0019,-0.0142,0.9999,0,0,4.34,0.9269,1]},
{"frame":15,"values":[1,0.0007,-0.0027,0,-0.0007,0.9999,0.0144,0,0.0027,-0.0144,0.9999,0,0,4.34,0.9269,1]},
{"frame":16,"values":[1,-0.0038,-0.0039,0,0.0038,0.9999,0.0134,0,0.0039,-0.0134,0.9999,0,0,4.34,0.9269,1]},
{"frame":17,"values":[1,-0.0072,-0.0045,0,0.0072,0.9999,0.0121,0,0.0045,-0.0121,0.9999,0,0,4.34,0.9269,1]},
{"frame":18,"values":[0.9999,-0.0117,-0.0055,0,0.0118,0.9999,0.0059,0,0.0054,-0.0059,1,0,0,4.34,0.9269,1]},
{"frame":19,"values":[0.9999,-0.0136,-0.0058,0,0.0136,0.9999,-0.0003,0,0.0058,0.0002,1,0,0,4.34,0.9269,1]},
{"frame":20,"values":[0.9999,-0.0124,-0.0051,0,0.0124,0.9999,0.0001,0,0.0051,-0.0002,1,0,0,4.34,0.9269,1]},
{"frame":21,"values":[0.9999,-0.0111,-0.004,0,0.0111,0.9999,-0.0019,0,0.0041,0.0018,1,0,0,4.34,0.9269,1]},
{"frame":22,"values":[1,-0.0069,-0.002,0,0.0068,0.9999,-0.0073,0,0.0021,0.0073,1,0,0,4.34,0.9269,1]},
{"frame":23,"values":[1,-0.0035,-0.0002,0,0.0035,1,-0.0077,0,0.0002,0.0077,1,0,0,4.34,0.9269,1]},
{"frame":24,"values":[1,-0.0025,0.0013,0,0.0025,1,-0.0049,0,-0.0012,0.0049,1,0,0,4.34,0.9269,1]},
{"frame":25,"values":[1,-0.0053,0.002,0,0.0053,1,0,0,-0.002,0,1,0,0,4.34,0.9269,1]}],"loopBehavior":1,"name":"anim","property":"_matrix"}},
{"name":"boss:Head","index":6,"matrix":[1,-0.0053,0.002,0,0.0053,1,0,0,-0.002,0,1,0,0,4.0266,0.8585,1],"rest":[1,0,0,0,0,1,0,0,0,0,1,0,0,4.0266,0.8585,1],"parentBoneIndex":5,"length":4.1171
,"animation":{"dataType":3,"framePerSecond":24,"keys":[
{"frame":1,"values":[1,-0.0053,0.002,0,0.0053,1,0,0,-0.002,0,1,0,0,4.0266,0.8585,1]},
{"frame":2,"values":[1,-0.0004,0.0031,0,0.0004,1,0.0023,0,-0.0031,-0.0023,1,0,0,4.0266,0.8585,1]},
{"frame":3,"values":[1,0.0041,0.0042,0,-0.0041,1,0.0054,0,-0.0042,-0.0054,1,0,0,4.0266,0.8585,1]},
{"frame":4,"values":[1,0.0083,0.0052,0,-0.0084,0.9999,0.0086,0,-0.0051,-0.0086,0.9999,0,0,4.0266,0.8585,1]},
{"frame":5,"values":[0.9999,0.014,0.0068,0,-0.0141,0.9998,0.0114,0,-0.0066,-0.0115,0.9999,0,0,4.0266,0.8585,1]},
{"frame":6,"values":[0.9998,0.0198,0.0087,0,-0.0198,0.9998,0.0096,0,-0.0085,-0.0098,0.9999,0,0,4.0266,0.8585,1]},
{"frame":7,"values":[0.9997,0.0219,0.0096,0,-0.0219,0.9998,0.0033,0,-0.0095,-0.0035,0.9999,0,0,4.0266,0.8585,1]},
{"frame":8,"values":[0.9998,0.0199,0.0089,0,-0.0199,0.9998,0.0021,0,-0.0088,-0.0023,1,0,0,4.0266,0.8585,1]},
{"frame":9,"values":[0.9998,0.0198,0.008,0,-0.0198,0.9998,0.0063,0,-0.0079,-0.0065,0.9999,0,0,4.0266,0.8585,1]},
{"frame":10,"values":[0.9999,0.0143,0.0056,0,-0.0144,0.9999,0.0042,0,-0.0055,-0.0043,1,0,0,4.0266,0.8585,1]},
{"frame":11,"values":[1,0.0087,0.0031,0,-0.0087,0.9999,0.0053,0,-0.0031,-0.0053,1,0,0,4.0266,0.8585,1]},
{"frame":12,"values":[1,0.0047,0.001,0,-0.0047,0.9999,0.0089,0,-0.001,-0.0089,1,0,0,4.0266,0.8585,1]},
{"frame":13,"values":[1,0.002,-0.0007,0,-0.002,0.9999,0.0134,0,0.0007,-0.0134,0.9999,0,0,4.0266,0.8585,1]},
{"frame":14,"values":[1,0.0016,-0.0018,0,-0.0016,0.9999,0.0142,0,0.0019,-0.0142,0.9999,0,0,4.0266,0.8585,1]},
{"frame":15,"values":[1,0.0007,-0.0027,0,-0.0007,0.9999,0.0144,0,0.0027,-0.0144,0.9999,0,0,4.0266,0.8585,1]},
{"frame":16,"values":[1,-0.0038,-0.0039,0,0.0038,0.9999,0.0134,0,0.0039,-0.0134,0.9999,0,0,4.0266,0.8585,1]},
{"frame":17,"values":[1,-0.0072,-0.0045,0,0.0072,0.9999,0.0121,0,0.0045,-0.0121,0.9999,0,0,4.0266,0.8585,1]},
{"frame":18,"values":[0.9999,-0.0117,-0.0055,0,0.0117,0.9999,0.0059,0,0.0054,-0.0059,1,0,0,4.0266,0.8585,1]},
{"frame":19,"values":[0.9999,-0.0136,-0.0058,0,0.0136,0.9999,-0.0003,0,0.0058,0.0002,1,0,0,4.0266,0.8585,1]},
{"frame":20,"values":[0.9999,-0.0124,-0.0051,0,0.0124,0.9999,0.0001,0,0.0051,-0.0002,1,0,0,4.0266,0.8585,1]},
{"frame":21,"values":[0.9999,-0.0111,-0.004,0,0.0111,0.9999,-0.0019,0,0.0041,0.0018,1,0,0,4.0266,0.8585,1]},
{"frame":22,"values":[1,-0.0069,-0.002,0,0.0068,0.9999,-0.0074,0,0.0021,0.0073,1,0,0,4.0266,0.8585,1]},
{"frame":23,"values":[1,-0.0035,-0.0002,0,0.0035,1,-0.0077,0,0.0002,0.0077,1,0,0,4.0266,0.8585,1]},
{"frame":24,"values":[1,-0.0025,0.0013,0,0.0025,1,-0.0049,0,-0.0012,0.0049,1,0,0,4.0266,0.8585,1]},
{"frame":25,"values":[1,-0.0053,0.002,0,0.0053,1,0,0,-0.002,0,1,0,0,4.0266,0.8585,1]}],"loopBehavior":1,"name":"anim","property":"_matrix"}},
{"name":"boss:LeftShoulder","index":7,"matrix":[0.9346,-0.2588,0.2441,0,0.248,0.9659,0.0746,0,-0.2551,-0.0092,0.9669,0,6.1442,10.187,-3.7932,1],"rest":[1,0,0,0,0,1,0,0,0,0,1,0,6.1442,10.187,-3.7932,1],"parentBoneIndex":3,"length":12.4986
,"animation":{"dataType":3,"framePerSecond":24,"keys":[
{"frame":1,"values":[0.9346,-0.2588,0.2441,0,0.248,0.9659,0.0746,0,-0.2551,-0.0092,0.9669,0,6.1442,10.187,-3.7932,1]},
{"frame":2,"values":[0.9442,-0.2446,0.2205,0,0.2346,0.9695,0.0709,0,-0.2312,-0.0152,0.9728,0,6.1442,10.187,-3.7932,1]},
{"frame":3,"values":[0.9493,-0.2429,0.1995,0,0.2336,0.9698,0.0695,0,-0.2103,-0.0194,0.9774,0,6.1442,10.187,-3.7932,1]},
{"frame":4,"values":[0.9528,-0.2329,0.195,0,0.2238,0.9723,0.0679,0,-0.2054,-0.0211,0.9784,0,6.1442,10.187,-3.7932,1]},
{"frame":5,"values":[0.9543,-0.2243,0.1976,0,0.2152,0.9743,0.0669,0,-0.2076,-0.0214,0.978,0,6.1442,10.187,-3.7932,1]},
{"frame":6,"values":[0.9557,-0.2204,0.1953,0,0.2113,0.9752,0.0664,0,-0.2051,-0.0221,0.9785,0,6.1442,10.187,-3.7932,1]},
{"frame":7,"values":[0.9548,-0.2301,0.1883,0,0.2211,0.9729,0.0674,0,-0.1987,-0.0227,0.9798,0,6.1442,10.187,-3.7932,1]},
{"frame":8,"values":[0.9457,-0.2484,0.2098,0,0.2386,0.9685,0.0709,0,-0.2208,-0.017,0.9752,0,6.1442,10.187,-3.7932,1]},
{"frame":9,"values":[0.9504,-0.2374,0.2009,0,0.228,0.9712,0.069,0,-0.2115,-0.0198,0.9772,0,6.1442,10.187,-3.7932,1]},
{"frame":10,"values":[0.9299,-0.2775,0.2414,0,0.2667,0.9607,0.0772,0,-0.2533,-0.0074,0.9674,0,6.1442,10.187,-3.7932,1]},
{"frame":11,"values":[0.9185,-0.2908,0.2679,0,0.2792,0.9568,0.0813,0,-0.28,0.0001,0.96,0,6.1442,10.187,-3.7932,1]},
{"frame":12,"values":[0.9232,-0.2822,0.2608,0,0.2709,0.9593,0.0793,0,-0.2725,-0.0026,0.9621,0,6.1442,10.187,-3.7932,1]},
{"frame":13,"values":[0.927,-0.2701,0.2601,0,0.2588,0.9628,0.0772,0,-0.2713,-0.0043,0.9625,0,6.1442,10.187,-3.7932,1]},
{"frame":14,"values":[0.9285,-0.2529,0.2718,0,0.2415,0.9675,0.0752,0,-0.2819,-0.0042,0.9594,0,6.1442,10.187,-3.7932,1]},
{"frame":15,"values":[0.9335,-0.236,0.2699,0,0.2247,0.9717,0.0723,0,-0.2793,-0.0069,0.9602,0,6.1442,10.187,-3.7932,1]},
{"frame":16,"values":[0.933,-0.2329,0.2742,0,0.2216,0.9725,0.0721,0,-0.2834,-0.0065,0.959,0,6.1442,10.187,-3.7932,1]},
{"frame":17,"values":[0.9328,-0.2328,0.275,0,0.2214,0.9725,0.0721,0,-0.2842,-0.0064,0.9587,0,6.1442,10.187,-3.7932,1]},
{"frame":18,"values":[0.927,-0.242,0.2867,0,0.2303,0.9703,0.0742,0,-0.2962,-0.0027,0.9551,0,6.1442,10.187,-3.7932,1]},
{"frame":19,"values":[0.9233,-0.2455,0.2953,0,0.2337,0.9694,0.0752,0,-0.3047,-0.0005,0.9524,0,6.1442,10.187,-3.7932,1]},
{"frame":20,"values":[0.9167,-0.2622,0.3015,0,0.2502,0.965,0.0785,0,-0.3115,0.0035,0.9502,0,6.1442,10.187,-3.7932,1]},
{"frame":21,"values":[0.9234,-0.2551,0.2869,0,0.2434,0.9669,0.0764,0,-0.2969,-0.0007,0.9549,0,6.1442,10.187,-3.7932,1]},
{"frame":22,"values":[0.9267,-0.2529,0.278,0,0.2414,0.9675,0.0756,0,-0.2881,-0.0029,0.9576,0,6.1442,10.187,-3.7932,1]},
{"frame":23,"values":[0.9283,-0.2516,0.2739,0,0.2402,0.9678,0.0752,0,-0.284,-0.004,0.9588,0,6.1442,10.187,-3.7932,1]},
{"frame":24,"values":[0.9276,-0.2619,0.2666,0,0.2505,0.9651,0.0763,0,-0.2773,-0.004,0.9608,0,6.1442,10.187,-3.7932,1]},
{"frame":25,"values":[0.9346,-0.2588,0.2441,0,0.248,0.9659,0.0746,0,-0.2551,-0.0092,0.9669,0,6.1442,10.187,-3.7932,1]}],"loopBehavior":1,"name":"anim","property":"_matrix"}},
{"name":"boss:LeftArm","index":8,"matrix":[0.7236,-0.6901,-0.0148,0,0.6792,0.7157,-0.1629,0,0.123,0.1078,0.9865,0,12.3191,-1.113,-1.7935,1],"rest":[1,0,0,0,0,1,0,0,0,0,1,0,12.3191,-1.113,-1.7935,1],"parentBoneIndex":7,"length":27.687
,"animation":{"dataType":3,"framePerSecond":24,"keys":[
{"frame":1,"values":[0.7236,-0.6901,-0.0148,0,0.6792,0.7157,-0.1629,0,0.123,0.1078,0.9865,0,12.3191,-1.113,-1.7935,1]},
{"frame":2,"values":[0.6768,-0.7274,-0.1129,0,0.7081,0.6853,-0.1702,0,0.2012,0.0352,0.9789,0,12.3191,-1.113,-1.7935,1]},
{"frame":3,"values":[0.6454,-0.7371,-0.2005,0,0.7229,0.6741,-0.1514,0,0.2468,-0.0473,0.9679,0,12.3191,-1.113,-1.7935,1]},
{"frame":4,"values":[0.5995,-0.7522,-0.2735,0,0.7473,0.6484,-0.1451,0,0.2865,-0.1174,0.9509,0,12.3191,-1.113,-1.7935,1]},
{"frame":5,"values":[0.5513,-0.7649,-0.3333,0,0.7673,0.6216,-0.1575,0,0.3276,-0.1689,0.9296,0,12.3191,-1.113,-1.7935,1]},
{"frame":6,"values":[0.5169,-0.7663,-0.3816,0,0.7735,0.6091,-0.1751,0,0.3666,-0.2047,0.9076,0,12.3191,-1.113,-1.7935,1]},
{"frame":7,"values":[0.5028,-0.7396,-0.4474,0,0.7591,0.6254,-0.1807,0,0.4135,-0.2488,0.8759,0,12.3191,-1.113,-1.7935,1]},
{"frame":8,"values":[0.491,-0.7178,-0.4937,0,0.7483,0.6376,-0.1828,0,0.446,-0.2797,0.8502,0,12.3191,-1.113,-1.7935,1]},
{"frame":9,"values":[0.4945,-0.7238,-0.4812,0,0.747,0.6369,-0.1904,0,0.4443,-0.2653,0.8557,0,12.3191,-1.113,-1.7935,1]},
{"frame":10,"values":[0.5223,-0.7034,-0.4821,0,0.7175,0.668,-0.1972,0,0.4608,-0.2429,0.8536,0,12.3191,-1.113,-1.7935,1]},
{"frame":11,"values":[0.5614,-0.7239,-0.4009,0,0.7167,0.6675,-0.2017,0,0.4136,-0.1742,0.8936,0,12.3191,-1.113,-1.7935,1]},
{"frame":12,"values":[0.5996,-0.7478,-0.2851,0,0.7345,0.6556,-0.175,0,0.3178,-0.1045,0.9424,0,12.3191,-1.113,-1.7935,1]},
{"frame":13,"values":[0.6306,-0.749,-0.2032,0,0.7386,0.6596,-0.1393,0,0.2384,-0.0622,0.9692,0,12.3191,-1.113,-1.7935,1]},
{"frame":14,"values":[0.6645,-0.7291,-0.1637,0,0.7222,0.6829,-0.11,0,0.192,-0.0451,0.9804,0,12.3191,-1.113,-1.7935,1]},
{"frame":15,"values":[0.6989,-0.7064,-0.1118,0,0.7008,0.7077,-0.0902,0,0.1429,-0.0153,0.9896,0,12.3191,-1.113,-1.7935,1]},
{"frame":16,"values":[0.7315,-0.6799,-0.0519,0,0.6745,0.7326,-0.0911,0,0.1,0.0316,0.9945,0,12.3191,-1.113,-1.7935,1]},
{"frame":17,"values":[0.7575,-0.6527,0.0138,0,0.6507,0.753,-0.0977,0,0.0534,0.083,0.9951,0,12.3191,-1.113,-1.7935,1]},
{"frame":18,"values":[0.7802,-0.6233,0.0519,0,0.6243,0.7711,-0.1248,0,0.0378,0.1298,0.9908,0,12.3191,-1.113,-1.7935,1]},
{"frame":19,"values":[0.7931,-0.6065,0.0564,0,0.6076,0.781,-0.1448,0,0.0438,0.1491,0.9879,0,12.3191,-1.113,-1.7935,1]},
{"frame":20,"values":[0.807,-0.59,0.0247,0,0.5865,0.7961,-0.1491,0,0.0683,0.1348,0.9885,0,12.3191,-1.113,-1.7935,1]},
{"frame":21,"values":[0.7968,-0.6023,0.0478,0,0.6025,0.786,-0.1389,0,0.0461,0.1395,0.9892,0,12.3191,-1.113,-1.7935,1]},
{"frame":22,"values":[0.7899,-0.6071,0.0871,0,0.6133,0.7802,-0.1235,0,0.007,0.1509,0.9885,0,12.3191,-1.113,-1.7935,1]},
{"frame":23,"values":[0.7704,-0.6264,0.1187,0,0.6372,0.7628,-0.1104,0,-0.0214,0.1608,0.9868,0,12.3191,-1.113,-1.7935,1]},
{"frame":24,"values":[0.7587,-0.6464,0.0808,0,0.6507,0.7461,-0.1414,0,0.0312,0.1599,0.9866,0,12.3191,-1.113,-1.7935,1]},
{"frame":25,"values":[0.7236,-0.6901,-0.0148,0,0.6792,0.7157,-0.1629,0,0.123,0.1078,0.9865,0,12.3191,-1.113,-1.7935,1]}],"loopBehavior":1,"name":"anim","property":"_matrix"}},
{"name":"boss:LeftForeArm","index":9,"matrix":[0.8194,-0.2347,0.523,0,0.0903,0.9538,0.2867,0,-0.5661,-0.1877,0.8027,0,27.687,0,0,1],"rest":[1,0,0,0,0,1,0,0,0,0,1,0,27.687,0,0,1],"parentBoneIndex":8,"length":27.8738
,"animation":{"dataType":3,"framePerSecond":24,"keys":[
{"frame":1,"values":[0.8194,-0.2347,0.523,0,0.0903,0.9538,0.2867,0,-0.5661,-0.1877,0.8027,0,27.687,0,0,1]},
{"frame":2,"values":[0.8349,-0.2115,0.5082,0,0.0794,0.9599,0.2689,0,-0.5447,-0.1841,0.8182,0,27.687,0,0,1]},
{"frame":3,"values":[0.8387,-0.2133,0.5011,0,0.0725,0.9557,0.2854,0,-0.5398,-0.203,0.817,0,27.687,0,0,1]},
{"frame":4,"values":[0.8558,-0.2042,0.4753,0,0.0592,0.9515,0.3021,0,-0.5139,-0.2304,0.8263,0,27.687,0,0,1]},
{"frame":5,"values":[0.8765,-0.1826,0.4455,0,0.0404,0.9499,0.3098,0,-0.4798,-0.2536,0.84,0,27.687,0,0,1]},
{"frame":6,"values":[0.8798,-0.1661,0.4453,0,0.0214,0.9498,0.312,0,-0.4748,-0.265,0.8392,0,27.687,0,0,1]},
{"frame":7,"values":[0.8302,-0.1814,0.527,0,0.0113,0.9508,0.3095,0,-0.5573,-0.251,0.7915,0,27.687,0,0,1]},
{"frame":8,"values":[0.7917,-0.1788,0.5841,0,0.0034,0.9575,0.2884,0,-0.6109,-0.2263,0.7587,0,27.687,0,0,1]},
{"frame":9,"values":[0.7822,-0.1832,0.5955,0,0.014,0.9607,0.2772,0,-0.6229,-0.2085,0.754,0,27.687,0,0,1]},
{"frame":10,"values":[0.7589,-0.1734,0.6277,0,0.0109,0.9671,0.254,0,-0.6511,-0.186,0.7359,0,27.687,0,0,1]},
{"frame":11,"values":[0.8206,-0.1472,0.5523,0,0.0121,0.9705,0.2407,0,-0.5714,-0.1908,0.7981,0,27.687,0,0,1]},
{"frame":12,"values":[0.8675,-0.1289,0.4805,0,0.0093,0.9699,0.2435,0,-0.4974,-0.2068,0.8425,0,27.687,0,0,1]},
{"frame":13,"values":[0.8553,-0.1385,0.4992,0,0.0141,0.9695,0.2448,0,-0.5179,-0.2024,0.8312,0,27.687,0,0,1]},
{"frame":14,"values":[0.7774,-0.1675,0.6063,0,0.0257,0.9715,0.2355,0,-0.6285,-0.1675,0.7596,0,27.687,0,0,1]},
{"frame":15,"values":[0.6744,-0.1806,0.716,0,0.0369,0.9767,0.2115,0,-0.7375,-0.1162,0.6653,0,27.687,0,0,1]},
{"frame":16,"values":[0.5866,-0.1714,0.7916,0,0.0471,0.9829,0.1779,0,-0.8085,-0.0671,0.5846,0,27.687,0,0,1]},
{"frame":17,"values":[0.5336,-0.1443,0.8333,0,0.0456,0.9888,0.142,0,-0.8445,-0.0378,0.5343,0,27.687,0,0,1]},
{"frame":18,"values":[0.5101,-0.1279,0.8506,0,0.0461,0.9915,0.1214,0,-0.8589,-0.0227,0.5116,0,27.687,0,0,1]},
{"frame":19,"values":[0.5017,-0.1226,0.8563,0,0.0472,0.9923,0.1145,0,-0.8638,-0.017,0.5036,0,27.687,0,0,1]},
{"frame":20,"values":[0.5051,-0.1357,0.8523,0,0.0505,0.9905,0.1278,0,-0.8616,-0.0215,0.5072,0,27.687,0,0,1]},
{"frame":21,"values":[0.5776,-0.1686,0.7987,0,0.0611,0.9846,0.1637,0,-0.8141,-0.0457,0.579,0,27.687,0,0,1]},
{"frame":22,"values":[0.6727,-0.205,0.7109,0,0.0736,0.9746,0.2114,0,-0.7362,-0.0898,0.6707,0,27.687,0,0,1]},
{"frame":23,"values":[0.7758,-0.2242,0.5898,0,0.084,0.9631,0.2556,0,-0.6254,-0.1487,0.766,0,27.687,0,0,1]},
{"frame":24,"values":[0.8198,-0.2486,0.5159,0,0.1108,0.9527,0.2831,0,-0.5618,-0.175,0.8085,0,27.687,0,0,1]},
{"frame":25,"values":[0.8194,-0.2347,0.523,0,0.0903,0.9538,0.2867,0,-0.5661,-0.1877,0.8027,0,27.687,0,0,1]}],"loopBehavior":1,"name":"anim","property":"_matrix"}},
{"name":"boss:LeftHand","index":10,"matrix":[0.9703,0.1416,0.1962,0,-0.2063,0.9077,0.3655,0,-0.1263,-0.3951,0.9099,0,27.8738,0,0,1],"rest":[0.9974,-0.0541,-0.0467,0,0.0586,0.9932,0.1006,0,0.041,-0.1031,0.9938,0,27.8738,0,0,1],"parentBoneIndex":9,"length":9.2395
,"animation":{"dataType":3,"framePerSecond":24,"keys":[
{"frame":1,"values":[0.9703,0.1416,0.1962,0,-0.2063,0.9077,0.3655,0,-0.1263,-0.3951,0.9099,0,27.8738,0,0,1]},
{"frame":2,"values":[0.9695,0.119,0.2144,0,-0.197,0.8985,0.3922,0,-0.146,-0.4225,0.8945,0,27.8738,0,0,1]},
{"frame":3,"values":[0.9694,0.1231,0.2125,0,-0.1972,0.9058,0.3751,0,-0.1463,-0.4055,0.9023,0,27.8738,0,0,1]},
{"frame":4,"values":[0.9657,0.1146,0.233,0,-0.1977,0.9063,0.3735,0,-0.1684,-0.4067,0.8979,0,27.8738,0,0,1]},
{"frame":5,"values":[0.96,0.0865,0.2662,0,-0.1926,0.8942,0.4041,0,-0.203,-0.4392,0.8752,0,27.8738,0,0,1]},
{"frame":6,"values":[0.9763,0.0404,0.2127,0,-0.1374,0.8747,0.4647,0,-0.1673,-0.4829,0.8595,0,27.8738,0,0,1]},
{"frame":7,"values":[0.9989,0.0036,0.0466,0,-0.0269,0.8586,0.5119,0,-0.0382,-0.5126,0.8578,0,27.8738,0,0,1]},
{"frame":8,"values":[0.9967,-0.0107,-0.0802,0,0.05,0.8608,0.5064,0,0.0636,-0.5087,0.8586,0,27.8738,0,0,1]},
{"frame":9,"values":[0.9841,-0.0215,-0.176,0,0.1115,0.8469,0.5199,0,0.1379,-0.5313,0.8359,0,27.8738,0,0,1]},
{"frame":10,"values":[0.9707,-0.0365,-0.2376,0,0.1566,0.8459,0.5098,0,0.1824,-0.532,0.8269,0,27.8738,0,0,1]},
{"frame":11,"values":[0.9832,-0.0357,-0.179,0,0.1246,0.8477,0.5156,0,0.1333,-0.5292,0.838,0,27.8738,0,0,1]},
{"frame":12,"values":[0.9948,-0.0345,-0.0959,0,0.078,0.8638,0.4978,0,0.0656,-0.5027,0.862,0,27.8738,0,0,1]},
{"frame":13,"values":[0.998,-0.0423,-0.0471,0,0.0592,0.8883,0.4554,0,0.0226,-0.4572,0.8891,0,27.8738,0,0,1]},
{"frame":14,"values":[0.9976,-0.0537,-0.0443,0,0.0669,0.9143,0.3994,0,0.0191,-0.4014,0.9157,0,27.8738,0,0,1]},
{"frame":15,"values":[0.9968,-0.0553,-0.0576,0,0.0721,0.9337,0.3507,0,0.0344,-0.3537,0.9347,0,27.8738,0,0,1]},
{"frame":16,"values":[0.9977,-0.033,-0.0592,0,0.0499,0.9486,0.3125,0,0.0458,-0.3147,0.9481,0,27.8738,0,0,1]},
{"frame":17,"values":[0.9993,0.0167,-0.0345,0,-0.0062,0.9587,0.2845,0,0.0378,-0.2841,0.9581,0,27.8738,0,0,1]},
{"frame":18,"values":[0.9949,0.097,0.0286,0,-0.1011,0.9568,0.2726,0,-0.0009,-0.2741,0.9617,0,27.8738,0,0,1]},
{"frame":19,"values":[0.9809,0.1698,0.0952,0,-0.1893,0.9457,0.2642,0,-0.0452,-0.2772,0.9598,0,27.8738,0,0,1]},
{"frame":20,"values":[0.9665,0.2162,0.1383,0,-0.2454,0.9363,0.2513,0,-0.0752,-0.2768,0.958,0,27.8738,0,0,1]},
{"frame":21,"values":[0.9566,0.239,0.1667,0,-0.2744,0.9312,0.2399,0,-0.0978,-0.2753,0.9564,0,27.8738,0,0,1]},
{"frame":22,"values":[0.9568,0.2396,0.1649,0,-0.2737,0.9336,0.2314,0,-0.0985,-0.2665,0.9588,0,27.8738,0,0,1]},
{"frame":23,"values":[0.9596,0.2226,0.1721,0,-0.2598,0.9357,0.2385,0,-0.108,-0.2736,0.9558,0,27.8738,0,0,1]},
{"frame":24,"values":[0.9657,0.1855,0.1818,0,-0.235,0.9221,0.3074,0,-0.1106,-0.3396,0.934,0,27.8738,0,0,1]},
{"frame":25,"values":[0.9703,0.1416,0.1962,0,-0.2063,0.9077,0.3655,0,-0.1263,-0.3951,0.9099,0,27.8738,0,0,1]}],"loopBehavior":1,"name":"anim","property":"_matrix"}},
{"name":"boss:LeftHandThumb1","index":11,"matrix":[0.9382,-0.2549,-0.234,0,0.2683,0.963,0.0267,0,0.2186,-0.0878,0.9719,0,2.3785,-1.0029,2.6209,1],"rest":[0.9909,-0.0858,-0.104,0,0.0965,0.9901,0.102,0,0.0942,-0.1111,0.9893,0,2.3785,-1.0029,2.6209,1],"parentBoneIndex":10,"length":4.514
,"animation":{"dataType":3,"framePerSecond":24,"keys":[
{"frame":1,"values":[0.9382,-0.2549,-0.234,0,0.2683,0.963,0.0267,0,0.2186,-0.0878,0.9719,0,2.3785,-1.0029,2.6209,1]},
{"frame":25,"values":[0.9382,-0.2549,-0.234,0,0.2683,0.963,0.0267,0,0.2186,-0.0878,0.9719,0,2.3785,-1.0029,2.6209,1]}],"loopBehavior":1,"name":"anim","property":"_matrix"}},
{"name":"boss:LeftHandThumb2","index":12,"matrix":[0.9929,0.0224,0.117,0,-0.019,0.9994,-0.0295,0,-0.1176,0.0271,0.9927,0,3.3624,-1.0029,2.8398,1],"rest":[0.9723,0.0085,0.2336,0,0.008,0.9975,-0.0699,0,-0.2336,0.0698,0.9698,0,3.3624,-1.0029,2.8398,1],"parentBoneIndex":11,"length":5.1787
,"animation":{"dataType":3,"framePerSecond":24,"keys":[
{"frame":1,"values":[0.9929,0.0224,0.117,0,-0.019,0.9994,-0.0295,0,-0.1176,0.0271,0.9927,0,3.3624,-1.0029,2.8398,1]},
{"frame":25,"values":[0.9929,0.0224,0.117,0,-0.019,0.9994,-0.0295,0,-0.1176,0.0271,0.9927,0,3.3624,-1.0029,2.8398,1]}],"loopBehavior":1,"name":"anim","property":"_matrix"}},
{"name":"boss:LeftHandThumb3","index":13,"matrix":[0.9717,-0.2361,0.003,0,0.2343,0.9658,0.111,0,-0.0291,-0.1072,0.9938,0,4.5018,-1.3445,2.1783,1],"rest":[0.9717,-0.2361,0.003,0,0.2343,0.9658,0.111,0,-0.0291,-0.1072,0.9938,0,4.5018,-1.3445,2.1783,1],"parentBoneIndex":12,"length":0.01
,"animation":{"dataType":3,"framePerSecond":24,"keys":[
{"frame":1,"values":[0.9717,-0.2361,0.003,0,0.2343,0.9658,0.111,0,-0.0291,-0.1072,0.9938,0,4.5018,-1.3445,2.1783,1]},
{"frame":25,"values":[0.9717,-0.2361,0.003,0,0.2343,0.9658,0.111,0,-0.0291,-0.1072,0.9938,0,4.5018,-1.3445,2.1783,1]}],"loopBehavior":1,"name":"anim","property":"_matrix"}},
{"name":"boss:LeftHandThumb4","index":14,"matrix":[1,0,0,0,0,1,0,0,0,0,1,0,0,0,0,1],"rest":[1,0,0,0,0,1,0,0,0,0,1,0,0,0,0,1],"parentBoneIndex":13,"length":0.01
,"animation":{"dataType":3,"framePerSecond":24,"keys":[
{"frame":1,"values":[1,0,0,0,0,1,0,0,0,0,1,0,0,0,0,1]},
{"frame":25,"values":[1,0,0,0,0,1,0,0,0,0,1,0,0,0,0,1]}],"loopBehavior":1,"name":"anim","property":"_matrix"}},
{"name":"boss:LeftHandMiddle1","index":15,"matrix":[0.4822,-0.829,0.2833,0,0.8464,0.5243,0.0934,0,-0.226,0.1947,0.9545,0,10.4639,0.6148,0.4298,1],"rest":[0.9974,0.0586,0.041,0,-0.0586,0.9983,-0.0012,0,-0.041,-0.0012,0.9992,0,10.4639,0.6148,0.4298,1],"parentBoneIndex":10,"length":5.7921
,"animation":{"dataType":3,"framePerSecond":24,"keys":[
{"frame":1,"values":[0.4822,-0.829,0.2833,0,0.8464,0.5243,0.0934,0,-0.226,0.1947,0.9545,0,10.4639,0.6148,0.4298,1]},
{"frame":2,"values":[0.5122,-0.8108,0.2832,0,0.8282,0.5536,0.0869,0,-0.2273,0.1901,0.9551,0,10.4639,0.6148,0.4298,1]},
{"frame":3,"values":[0.5462,-0.7887,0.2823,0,0.8061,0.5865,0.079,0,-0.2279,0.1844,0.9561,0,10.4639,0.6148,0.4298,1]},
{"frame":4,"values":[0.5791,-0.7653,0.281,0,0.7826,0.6184,0.0714,0,-0.2285,0.1786,0.957,0,10.4639,0.6148,0.4298,1]},
{"frame":5,"values":[0.6063,-0.7443,0.2799,0,0.7614,0.6449,0.0656,0,-0.2294,0.1734,0.9578,0,10.4639,0.6148,0.4298,1]},
{"frame":6,"values":[0.6234,-0.73,0.28,0,0.7469,0.662,0.063,0,-0.2313,0.1698,0.9579,0,10.4639,0.6148,0.4298,1]},
{"frame":7,"values":[0.6259,-0.7271,0.2821,0,0.7436,0.6654,0.0653,0,-0.2352,0.1689,0.9572,0,10.4639,0.6148,0.4298,1]},
{"frame":8,"values":[0.5975,-0.7481,0.2888,0,0.7641,0.6404,0.0781,0,-0.2434,0.1741,0.9542,0,10.4639,0.6148,0.4298,1]},
{"frame":9,"values":[0.5601,-0.7738,0.2958,0,0.7893,0.6069,0.0931,0,-0.2516,0.1813,0.9507,0,10.4639,0.6148,0.4298,1]},
{"frame":10,"values":[0.5462,-0.7826,0.2986,0,0.7978,0.5947,0.0991,0,-0.2551,0.1841,0.9492,0,10.4639,0.6148,0.4298,1]},
{"frame":11,"values":[0.5426,-0.7846,0.3,0,0.7997,0.5918,0.1014,0,-0.2571,0.1849,0.9485,0,10.4639,0.6148,0.4298,1]},
{"frame":12,"values":[0.5453,-0.7825,0.3005,0,0.7975,0.5948,0.1015,0,-0.2581,0.1843,0.9484,0,10.4639,0.6148,0.4298,1]},
{"frame":13,"values":[0.5529,-0.7772,0.3003,0,0.7922,0.6021,0.0997,0,-0.2583,0.1828,0.9486,0,10.4639,0.6148,0.4298,1]},
{"frame":14,"values":[0.5633,-0.7701,0.2995,0,0.785,0.6119,0.0966,0,-0.2577,0.1807,0.9492,0,10.4639,0.6148,0.4298,1]},
{"frame":15,"values":[0.5749,-0.762,0.2981,0,0.777,0.6226,0.0929,0,-0.2564,0.1783,0.95,0,10.4639,0.6148,0.4298,1]},
{"frame":16,"values":[0.5858,-0.7543,0.2965,0,0.7694,0.6325,0.0889,0,-0.2547,0.1761,0.9509,0,10.4639,0.6148,0.4298,1]},
{"frame":17,"values":[0.5944,-0.7482,0.2948,0,0.7635,0.6402,0.0853,0,-0.2526,0.1744,0.9517,0,10.4639,0.6148,0.4298,1]},
{"frame":18,"values":[0.5992,-0.745,0.2932,0,0.7605,0.6441,0.0825,0,-0.2503,0.1735,0.9525,0,10.4639,0.6148,0.4298,1]},
