{"producer":{"name":"Blender","version":"2.90.0","exporter_version":"2.80.1","file":"walkbackwards_riffle.babylon"},
"autoClear":true,"clearColor":[0.0509,0.0509,0.0509],"gravity":[0,-9.81,0],
"materials":[{"name":"Material","id":"Material","customType":"BABYLON.PBRMaterial","backFaceCulling":true,"checkReadyOnlyOnce":false,"maxSimultaneousLights":4,"environmentIntensity":1,"albedo":[0.8,0.8,0.8],"reflectivity":[0.5,0.5,0.5],"roughness":0.4,"alpha":1,"transparencyMode":0,"alphaCutOff":0.4,"metallic":0}],
"multiMaterials":[],
"skeletons":[{"name":"Armature","id":0,"dimensionsAtRest":[188.1767,172.4535,15.5905],"bones":[
{"name":"boss:Hips","index":0,"matrix":[0.7816,0.049,-0.6219,0,-0.0418,0.9988,0.0261,0,-0.6224,-0.0056,-0.7827,0,0,84.9203,0,1],"rest":[1,0,0,0,0,1,0,0,0,0,-1,0,0,96.3794,0,1],"parentBoneIndex":-1,"length":9.9032
,"animation":{"dataType":3,"framePerSecond":24,"keys":[
{"frame":1,"values":[0.7816,0.049,-0.6219,0,-0.0418,0.9988,0.0261,0,-0.6224,-0.0056,-0.7827,0,0,84.9203,0,1]},
{"frame":2,"values":[0.8058,0.0528,-0.5899,0,-0.0451,0.9986,0.0277,0,-0.5905,-0.0043,-0.807,0,0.2289,83.6079,1.2868,1]},
{"frame":3,"values":[0.8309,0.0567,-0.5536,0,-0.0494,0.9984,0.0282,0,-0.5543,-0.0039,-0.8323,0,0.7532,82.1116,2.7274,1]},
{"frame":4,"values":[0.8535,0.0605,-0.5176,0,-0.0539,0.9982,0.0277,0,-0.5184,-0.0042,-0.8551,0,1.3064,80.6923,2.993,1]},
{"frame":5,"values":[0.871,0.0638,-0.4871,0,-0.0581,0.998,0.0266,0,-0.4878,-0.0051,-0.8729,0,1.8787,79.6092,3.2946,1]},
{"frame":6,"values":[0.8811,0.0662,-0.4683,0,-0.0616,0.9978,0.0253,0,-0.469,-0.0065,-0.8832,0,2.4869,79.1249,4.5728,1]},
{"frame":7,"values":[0.8828,0.0677,-0.4648,0,-0.0639,0.9977,0.0239,0,-0.4653,-0.0086,-0.8851,0,3.1575,79.8666,5.9632,1]},
{"frame":8,"values":[0.8776,0.0684,-0.4745,0,-0.0658,0.9976,0.0221,0,-0.4748,-0.0119,-0.88,0,3.829,81.5825,7.1597,1]},
{"frame":9,"values":[0.867,0.0686,-0.4935,0,-0.0677,0.9975,0.0198,0,-0.4937,-0.0162,-0.8695,0,4.3941,83.5158,7.0327,1]},
{"frame":10,"values":[0.8512,0.0682,-0.5204,0,-0.0694,0.9974,0.0172,0,-0.5202,-0.0215,-0.8537,0,4.7246,85.1686,5.9044,1]},
{"frame":11,"values":[0.831,0.0672,-0.5522,0,-0.071,0.9974,0.0145,0,-0.5517,-0.0272,-0.8336,0,4.8015,86.0397,4.3764,1]},
{"frame":12,"values":[0.807,0.0656,-0.5869,0,-0.0725,0.9973,0.0118,0,-0.5861,-0.033,-0.8096,0,4.7747,85.8691,2.9993,1]},
{"frame":13,"values":[0.7803,0.0635,-0.6221,0,-0.0738,0.9972,0.0092,0,-0.621,-0.0387,-0.7829,0,4.6204,85.1006,2.0686,1]},
{"frame":14,"values":[0.7524,0.061,-0.6559,0,-0.0748,0.9972,0.0069,0,-0.6545,-0.0439,-0.7548,0,4.2272,83.8657,1.4552,1]},
{"frame":15,"values":[0.7247,0.0583,-0.6865,0,-0.0755,0.9971,0.005,0,-0.6849,-0.0483,-0.7271,0,3.7178,82.4152,1.0487,1]},
{"frame":16,"values":[0.6996,0.0556,-0.7124,0,-0.0758,0.9971,0.0035,0,-0.7105,-0.0516,-0.7018,0,3.1598,81.084,0.8685,1]},
{"frame":17,"values":[0.6787,0.0532,-0.7325,0,-0.0755,0.9971,0.0025,0,-0.7305,-0.0536,-0.6808,0,2.5807,81.126,1.049,1]},
{"frame":18,"values":[0.6647,0.0513,-0.7453,0,-0.0745,0.9972,0.0022,0,-0.7434,-0.0541,-0.6667,0,1.9915,82.4156,1.7392,1]},
{"frame":19,"values":[0.659,0.0501,-0.7505,0,-0.0728,0.9973,0.0026,0,-0.7486,-0.0529,-0.6609,0,1.3804,83.6611,3.2468,1]},
{"frame":20,"values":[0.6653,0.0497,-0.7449,0,-0.0697,0.9976,0.0043,0,-0.7433,-0.0491,-0.6671,0,0.8019,84.6605,4.5151,1]},
{"frame":21,"values":[0.6824,0.0497,-0.7293,0,-0.065,0.9979,0.0073,0,-0.7281,-0.0425,-0.6842,0,0.3846,85.4676,4.5688,1]},
{"frame":22,"values":[0.7067,0.05,-0.7057,0,-0.0592,0.9982,0.0114,0,-0.705,-0.0338,-0.7084,0,0.212,85.9495,3.7389,1]},
{"frame":23,"values":[0.7337,0.05,-0.6776,0,-0.0531,0.9985,0.0162,0,-0.6774,-0.0241,-0.7352,0,0.0879,86.1142,2.4252,1]},
{"frame":24,"values":[0.7597,0.0497,-0.6484,0,-0.0471,0.9987,0.0213,0,-0.6486,-0.0144,-0.761,0,0.0157,85.7751,1.0424,1]},
{"frame":25,"values":[0.7816,0.049,-0.6219,0,-0.0418,0.9988,0.0261,0,-0.6224,-0.0056,-0.7827,0,0,84.9207,0,1]}],"loopBehavior":1,"name":"anim","property":"_matrix"}},
{"name":"boss:Spine","index":1,"matrix":[0.9919,0.0016,0.1271,0,-0.0187,0.9909,0.1329,0,-0.1258,-0.1342,0.9829,0,0,9.2263,1.5771,1],"rest":[1,0,0,0,0,1,0,0,0,0,1,0,0,9.2263,1.5771,1],"parentBoneIndex":0,"length":16.2548
,"animation":{"dataType":3,"framePerSecond":24,"keys":[
{"frame":1,"values":[0.9919,0.0016,0.1271,0,-0.0187,0.9909,0.1329,0,-0.1258,-0.1342,0.9829,0,0,9.2263,1.5771,1]},
{"frame":2,"values":[0.9909,-0.0055,0.1344,0,-0.0126,0.991,0.1332,0,-0.1339,-0.1337,0.9819,0,0,9.2263,1.5771,1]},
{"frame":3,"values":[0.9897,-0.0179,0.1418,0,-0.0008,0.9915,0.1303,0,-0.1429,-0.1291,0.9813,0,0,9.2263,1.5771,1]},
{"frame":4,"values":[0.9884,-0.0319,0.1487,0,0.0132,0.9921,0.1249,0,-0.1516,-0.1215,0.981,0,0,9.2263,1.5771,1]},
{"frame":5,"values":[0.987,-0.0459,0.1538,0,0.0274,0.9924,0.1204,0,-0.1582,-0.1146,0.9807,0,0,9.2263,1.5771,1]},
{"frame":6,"values":[0.986,-0.0573,0.1564,0,0.0391,0.9924,0.1171,0,-0.162,-0.1093,0.9807,0,0,9.2263,1.5771,1]},
{"frame":7,"values":[0.9857,-0.0657,0.1549,0,0.0471,0.9915,0.1209,0,-0.1616,-0.1119,0.9805,0,0,9.2263,1.5771,1]},
{"frame":8,"values":[0.9866,-0.0682,0.1481,0,0.0491,0.9904,0.129,0,-0.1555,-0.12,0.9805,0,0,9.2263,1.5771,1]},
{"frame":9,"values":[0.9883,-0.0643,0.138,0,0.0455,0.9898,0.1354,0,-0.1453,-0.1275,0.9811,0,0,9.2263,1.5771,1]},
{"frame":10,"values":[0.9902,-0.0629,0.1251,0,0.0459,0.9899,0.1341,0,-0.1322,-0.1271,0.983,0,0,9.2263,1.5771,1]},
{"frame":11,"values":[0.9918,-0.0641,0.1106,0,0.0502,0.991,0.1242,0,-0.1176,-0.1177,0.9861,0,0,9.2263,1.5771,1]},
{"frame":12,"values":[0.9936,-0.06,0.0957,0,0.0495,0.9928,0.1092,0,-0.1016,-0.1037,0.9894,0,0,9.2263,1.5771,1]},
{"frame":13,"values":[0.9954,-0.053,0.0802,0,0.0455,0.9947,0.0927,0,-0.0847,-0.0886,0.9925,0,0,9.2263,1.5771,1]},
{"frame":14,"values":[0.9968,-0.0478,0.0641,0,0.043,0.9962,0.0753,0,-0.0674,-0.0723,0.9951,0,0,9.2263,1.5771,1]},
{"frame":15,"values":[0.998,-0.0395,0.0486,0,0.0365,0.9975,0.0612,0,-0.0509,-0.0593,0.9969,0,0,9.2263,1.5771,1]},
{"frame":16,"values":[0.9989,-0.0304,0.0346,0,0.0285,0.9981,0.0542,0,-0.0362,-0.0532,0.9979,0,0,9.2263,1.5771,1]},
{"frame":17,"values":[0.9995,-0.0227,0.0216,0,0.0214,0.9982,0.0563,0,-0.0229,-0.0558,0.9982,0,0,9.2263,1.5771,1]},
{"frame":18,"values":[0.9998,-0.0163,0.0131,0,0.0154,0.9978,0.0639,0,-0.0141,-0.0637,0.9979,0,0,9.2263,1.5771,1]},
{"frame":19,"values":[0.9998,-0.0149,0.0103,0,0.0142,0.9974,0.0712,0,-0.0113,-0.071,0.9974,0,0,9.2263,1.5771,1]},
{"frame":20,"values":[0.9997,-0.0158,0.0177,0,0.0144,0.9969,0.0772,0,-0.0189,-0.0769,0.9969,0,0,9.2263,1.5771,1]},
{"frame":21,"values":[0.9993,-0.0133,0.0342,0,0.0103,0.9962,0.086,0,-0.0352,-0.0856,0.9957,0,0,9.2263,1.5771,1]},
{"frame":22,"values":[0.9983,-0.0074,0.057,0,0.0017,0.9951,0.0989,0,-0.0574,-0.0986,0.9935,0,0,9.2263,1.5771,1]},
{"frame":23,"values":[0.9966,-0.0023,0.0821,0,-0.0069,0.9936,0.1123,0,-0.0818,-0.1125,0.9903,0,0,9.2263,1.5771,1]},
{"frame":24,"values":[0.9943,0.0028,0.1066,0,-0.0163,0.9919,0.1257,0,-0.1054,-0.1268,0.9863,0,0,9.2263,1.5771,1]},
{"frame":25,"values":[0.9919,0.0015,0.1272,0,-0.0186,0.991,0.1328,0,-0.1258,-0.1341,0.9829,0,0,9.2263,1.5771,1]}],"loopBehavior":1,"name":"anim","property":"_matrix"}},
{"name":"boss:Spine1","index":2,"matrix":[0.9932,0.088,-0.0763,0,-0.0732,0.9812,0.1787,0,0.0906,-0.1719,0.9809,0,0,16.254,-0.1656,1],"rest":[1,0,0,0,0,1,0,0,0,0,1,0,0,16.254,-0.1656,1],"parentBoneIndex":1,"length":13.7007
,"animation":{"dataType":3,"framePerSecond":24,"keys":[
{"frame":1,"values":[0.9932,0.088,-0.0763,0,-0.0732,0.9812,0.1787,0,0.0906,-0.1719,0.9809,0,0,16.254,-0.1656,1]},
{"frame":2,"values":[0.9932,0.0877,-0.0762,0,-0.073,0.9813,0.1781,0,0.0904,-0.1713,0.9811,0,0,16.254,-0.1656,1]},
{"frame":3,"values":[0.9931,0.0889,-0.0759,0,-0.0744,0.9815,0.1766,0,0.0902,-0.1697,0.9814,0,0,16.254,-0.1656,1]},
{"frame":4,"values":[0.9931,0.0897,-0.0757,0,-0.0753,0.9816,0.1754,0,0.09,-0.1685,0.9816,0,0,16.254,-0.1656,1]},
{"frame":5,"values":[0.993,0.0905,-0.076,0,-0.0761,0.9818,0.1737,0,0.0904,-0.1667,0.9819,0,0,16.254,-0.1656,1]},
{"frame":6,"values":[0.993,0.0906,-0.0759,0,-0.0764,0.982,0.173,0,0.0902,-0.166,0.982,0,0,16.254,-0.1656,1]},
{"frame":7,"values":[0.993,0.0907,-0.0754,0,-0.0765,0.982,0.1727,0,0.0897,-0.1658,0.9821,0,0,16.254,-0.1656,1]},
{"frame":8,"values":[0.993,0.0905,-0.0759,0,-0.0762,0.9819,0.1734,0,0.0902,-0.1664,0.9819,0,0,16.254,-0.1656,1]},
{"frame":9,"values":[0.9929,0.0907,-0.077,0,-0.0761,0.9817,0.1747,0,0.0914,-0.1676,0.9816,0,0,16.254,-0.1656,1]},
{"frame":10,"values":[0.9924,0.0955,-0.0771,0,-0.0805,0.9806,0.1787,0,0.0926,-0.1711,0.9809,0,0,16.254,-0.1656,1]},
{"frame":11,"values":[0.9916,0.1041,-0.0763,0,-0.0884,0.9786,0.1858,0,0.094,-0.1775,0.9796,0,0,16.254,-0.1656,1]},
{"frame":12,"values":[0.9909,0.111,-0.0757,0,-0.0947,0.9767,0.1925,0,0.0953,-0.1836,0.9784,0,0,16.254,-0.1656,1]},
{"frame":13,"values":[0.9904,0.1156,-0.0759,0,-0.0986,0.9751,0.1985,0,0.097,-0.1892,0.9771,0,0,16.254,-0.1656,1]},
{"frame":14,"values":[0.9899,0.1188,-0.0769,0,-0.1011,0.9738,0.2038,0,0.0991,-0.194,0.976,0,0,16.254,-0.1656,1]},
{"frame":15,"values":[0.99,0.1174,-0.0783,0,-0.0992,0.9737,0.2049,0,0.1003,-0.1951,0.9756,0,0,16.254,-0.1656,1]},
{"frame":16,"values":[0.9905,0.1119,-0.0796,0,-0.0939,0.9749,0.2018,0,0.1001,-0.1924,0.9762,0,0,16.254,-0.1656,1]},
{"frame":17,"values":[0.9913,0.1027,-0.0823,0,-0.085,0.9772,0.1948,0,0.1004,-0.1861,0.9774,0,0,16.254,-0.1656,1]},
{"frame":18,"values":[0.9921,0.0924,-0.0845,0,-0.0755,0.9798,0.1854,0,0.0999,-0.1776,0.979,0,0,16.254,-0.1656,1]},
{"frame":19,"values":[0.9925,0.0869,-0.0857,0,-0.0704,0.9813,0.179,0,0.0997,-0.1716,0.9801,0,0,16.254,-0.1656,1]},
{"frame":20,"values":[0.9927,0.085,-0.0854,0,-0.0687,0.9816,0.1779,0,0.0989,-0.1708,0.9803,0,0,16.254,-0.1656,1]},
{"frame":21,"values":[0.9929,0.0847,-0.0838,0,-0.0688,0.9817,0.1777,0,0.0973,-0.1707,0.9805,0,0,16.254,-0.1656,1]},
{"frame":22,"values":[0.9929,0.0862,-0.0816,0,-0.0705,0.9814,0.1783,0,0.0955,-0.1713,0.9806,0,0,16.254,-0.1656,1]},
{"frame":23,"values":[0.9929,0.0882,-0.0797,0,-0.0729,0.9812,0.1787,0,0.0939,-0.1717,0.9807,0,0,16.254,-0.1656,1]},
{"frame":24,"values":[0.9931,0.0879,-0.0781,0,-0.0728,0.9812,0.1785,0,0.0924,-0.1716,0.9808,0,0,16.254,-0.1656,1]},
{"frame":25,"values":[0.9932,0.0881,-0.0762,0,-0.0733,0.9812,0.1788,0,0.0905,-0.172,0.9809,0,0,16.254,-0.1656,1]}],"loopBehavior":1,"name":"anim","property":"_matrix"}},
{"name":"boss:Spine2","index":3,"matrix":[0.9918,0.0931,-0.088,0,-0.0774,0.9829,0.1673,0,0.1021,-0.1591,0.982,0,0,13.6396,-1.2923,1],"rest":[1,0,0,0,0,1,0,0,0,0,1,0,0,13.6396,-1.2923,1],"parentBoneIndex":2,"length":13.1719
,"animation":{"dataType":3,"framePerSecond":24,"keys":[
{"frame":1,"values":[0.9918,0.0931,-0.088,0,-0.0774,0.9829,0.1673,0,0.1021,-0.1591,0.982,0,0,13.6396,-1.2923,1]},
{"frame":2,"values":[0.9918,0.0928,-0.088,0,-0.0772,0.983,0.1667,0,0.1019,-0.1585,0.9821,0,0,13.6396,-1.2923,1]},
{"frame":3,"values":[0.9917,0.0938,-0.0881,0,-0.0783,0.9832,0.1651,0,0.1021,-0.1568,0.9823,0,0,13.6396,-1.2923,1]},
{"frame":4,"values":[0.9916,0.0944,-0.0882,0,-0.079,0.9833,0.1639,0,0.1022,-0.1556,0.9825,0,0,13.6396,-1.2923,1]},
{"frame":5,"values":[0.9915,0.0949,-0.0889,0,-0.0796,0.9835,0.1623,0,0.1028,-0.1539,0.9827,0,0,13.6396,-1.2923,1]},
{"frame":6,"values":[0.9915,0.095,-0.0889,0,-0.0798,0.9836,0.1615,0,0.1028,-0.1531,0.9829,0,0,13.6396,-1.2923,1]},
{"frame":7,"values":[0.9915,0.095,-0.0884,0,-0.0798,0.9837,0.1613,0,0.1023,-0.1528,0.9829,0,0,13.6396,-1.2923,1]},
{"frame":8,"values":[0.9915,0.0948,-0.0889,0,-0.0795,0.9836,0.1619,0,0.1028,-0.1534,0.9828,0,0,13.6396,-1.2923,1]},
{"frame":9,"values":[0.9914,0.0952,-0.0899,0,-0.0796,0.9834,0.1632,0,0.1039,-0.1546,0.9825,0,0,13.6396,-1.2923,1]},
{"frame":10,"values":[0.9908,0.1003,-0.0905,0,-0.0842,0.9824,0.1669,0,0.1056,-0.1577,0.9818,0,0,13.6396,-1.2923,1]},
{"frame":11,"values":[0.9899,0.1094,-0.0905,0,-0.0925,0.9805,0.1735,0,0.1077,-0.1633,0.9807,0,0,13.6396,-1.2923,1]},
{"frame":12,"values":[0.989,0.1169,-0.0904,0,-0.0993,0.9787,0.1798,0,0.1095,-0.1688,0.9795,0,0,13.6396,-1.2923,1]},
{"frame":13,"values":[0.9884,0.122,-0.0908,0,-0.1036,0.9772,0.1855,0,0.1114,-0.174,0.9784,0,0,13.6396,-1.2923,1]},
{"frame":14,"values":[0.9878,0.1257,-0.0919,0,-0.1064,0.9759,0.1906,0,0.1136,-0.1785,0.9774,0,0,13.6396,-1.2923,1]},
{"frame":15,"values":[0.9879,0.1244,-0.0928,0,-0.1048,0.9758,0.1918,0,0.1144,-0.1798,0.977,0,0,13.6396,-1.2923,1]},
{"frame":16,"values":[0.9885,0.1187,-0.0932,0,-0.0994,0.9769,0.1891,0,0.1135,-0.1777,0.9775,0,0,13.6396,-1.2923,1]},
{"frame":17,"values":[0.9895,0.1089,-0.0951,0,-0.0902,0.979,0.1828,0,0.113,-0.1723,0.9786,0,0,13.6396,-1.2923,1]},
{"frame":18,"values":[0.9905,0.0979,-0.0963,0,-0.0801,0.9815,0.1741,0,0.1116,-0.1647,0.98,0,0,13.6396,-1.2923,1]},
{"frame":19,"values":[0.991,0.0918,-0.0972,0,-0.0746,0.983,0.168,0,0.111,-0.1592,0.981,0,0,13.6396,-1.2923,1]},
{"frame":20,"values":[0.9913,0.0898,-0.0966,0,-0.0728,0.9832,0.1671,0,0.11,-0.1586,0.9812,0,0,13.6396,-1.2923,1]},
{"frame":21,"values":[0.9914,0.0896,-0.095,0,-0.0729,0.9833,0.1668,0,0.1084,-0.1585,0.9814,0,0,13.6396,-1.2923,1]},
{"frame":22,"values":[0.9915,0.0911,-0.0931,0,-0.0746,0.9831,0.1672,0,0.1067,-0.1588,0.9815,0,0,13.6396,-1.2923,1]},
{"frame":23,"values":[0.9914,0.0933,-0.0914,0,-0.077,0.9829,0.1675,0,0.1055,-0.159,0.9816,0,0,13.6396,-1.2923,1]},
{"frame":24,"values":[0.9916,0.093,-0.0899,0,-0.077,0.9829,0.1672,0,0.1039,-0.1588,0.9818,0,0,13.6396,-1.2923,1]},
{"frame":25,"values":[0.9918,0.0932,-0.088,0,-0.0775,0.9828,0.1674,0,0.102,-0.1592,0.982,0,0,13.6396,-1.2923,1]}],"loopBehavior":1,"name":"anim","property":"_matrix"}},
{"name":"boss:Neck","index":4,"matrix":[1,0.0039,-0.0037,0,-0.004,0.9994,-0.0357,0,0.0036,0.0357,0.9994,0,0,13.8774,-4.3542,1],"rest":[1,0,0,0,0,1,0,0,0,0,1,0,0,13.8774,-4.3542,1],"parentBoneIndex":3,"length":4.4379
,"animation":{"dataType":3,"framePerSecond":24,"keys":[
{"frame":1,"values":[1,0.0039,-0.0037,0,-0.004,0.9994,-0.0357,0,0.0036,0.0357,0.9994,0,0,13.8774,-4.3542,1]},
{"frame":2,"values":[1,0.0041,-0.0004,0,-0.0041,0.9995,-0.0315,0,0.0003,0.0315,0.9995,0,0,13.8774,-4.3542,1]},
{"frame":3,"values":[1,0.0042,0.0033,0,-0.0041,0.9996,-0.0272,0,-0.0034,0.0272,0.9996,0,0,13.8774,-4.3542,1]},
{"frame":4,"values":[1,0.0042,0.007,0,-0.004,0.9997,-0.0241,0,-0.0071,0.0241,0.9997,0,0,13.8774,-4.3542,1]},
{"frame":5,"values":[0.9999,0.0041,0.0104,0,-0.0039,0.9997,-0.0232,0,-0.0105,0.0232,0.9997,0,0,13.8774,-4.3542,1]},
{"frame":6,"values":[0.9999,0.0042,0.0131,0,-0.0039,0.9997,-0.0245,0,-0.0132,0.0245,0.9996,0,0,13.8774,-4.3542,1]},
{"frame":7,"values":[0.9999,0.0043,0.0141,0,-0.004,0.9996,-0.0266,0,-0.0142,0.0265,0.9995,0,0,13.8774,-4.3542,1]},
{"frame":8,"values":[0.9999,0.0044,0.013,0,-0.004,0.9996,-0.029,0,-0.0131,0.0289,0.9995,0,0,13.8774,-4.3542,1]},
{"frame":9,"values":[0.9999,0.0045,0.0113,0,-0.0041,0.9995,-0.0313,0,-0.0114,0.0313,0.9994,0,0,13.8774,-4.3542,1]},
{"frame":10,"values":[0.9999,0.0044,0.009,0,-0.0041,0.9994,-0.0334,0,-0.0091,0.0334,0.9994,0,0,13.8774,-4.3542,1]},
{"frame":11,"values":[1,0.0044,0.0063,0,-0.0041,0.9994,-0.0351,0,-0.0065,0.035,0.9994,0,0,13.8774,-4.3542,1]},
{"frame":12,"values":[1,0.0042,0.0034,0,-0.0041,0.9993,-0.036,0,-0.0035,0.036,0.9993,0,0,13.8774,-4.3542,1]},
{"frame":13,"values":[1,0.0041,0.0003,0,-0.0041,0.9993,-0.036,0,-0.0004,0.036,0.9994,0,0,13.8774,-4.3542,1]},
{"frame":14,"values":[1,0.004,-0.0029,0,-0.0041,0.9994,-0.0343,0,0.0028,0.0343,0.9994,0,0,13.8774,-4.3542,1]},
{"frame":15,"values":[1,0.0039,-0.0059,0,-0.0041,0.9995,-0.0314,0,0.0058,0.0314,0.9995,0,0,13.8774,-4.3542,1]},
{"frame":16,"values":[1,0.0039,-0.0086,0,-0.0042,0.9996,-0.0284,0,0.0085,0.0284,0.9996,0,0,13.8774,-4.3542,1]},
{"frame":17,"values":[0.9999,0.004,-0.011,0,-0.0043,0.9996,-0.0264,0,0.0109,0.0264,0.9996,0,0,13.8774,-4.3542,1]},
{"frame":18,"values":[0.9999,0.004,-0.0131,0,-0.0043,0.9997,-0.0256,0,0.0129,0.0257,0.9996,0,0,13.8774,-4.3542,1]},
{"frame":19,"values":[0.9999,0.004,-0.0147,0,-0.0043,0.9996,-0.0262,0,0.0146,0.0263,0.9995,0,0,13.8774,-4.3542,1]},
{"frame":20,"values":[0.9999,0.0039,-0.0142,0,-0.0043,0.9996,-0.0276,0,0.0141,0.0277,0.9995,0,0,13.8774,-4.3542,1]},
{"frame":21,"values":[0.9999,0.0038,-0.0127,0,-0.0042,0.9996,-0.0293,0,0.0126,0.0294,0.9995,0,0,13.8774,-4.3542,1]},
{"frame":22,"values":[0.9999,0.0038,-0.0108,0,-0.0041,0.9995,-0.0308,0,0.0106,0.0309,0.9995,0,0,13.8774,-4.3542,1]},
{"frame":23,"values":[1,0.0038,-0.0086,0,-0.0041,0.9995,-0.0324,0,0.0085,0.0325,0.9994,0,0,13.8774,-4.3542,1]},
{"frame":24,"values":[1,0.0038,-0.0062,0,-0.0041,0.9994,-0.0341,0,0.0061,0.0341,0.9994,0,0,13.8774,-4.3542,1]},
{"frame":25,"values":[1,0.0039,-0.0037,0,-0.004,0.9994,-0.0357,0,0.0036,0.0357,0.9994,0,0,13.8774,-4.3542,1]}],"loopBehavior":1,"name":"anim","property":"_matrix"}},
{"name":"boss:Neck1","index":5,"matrix":[1,0.0039,-0.0037,0,-0.004,0.9994,-0.0357,0,0.0036,0.0357,0.9994,0,0,4.34,0.9269,1],"rest":[1,0,0,0,0,1,0,0,0,0,1,0,0,4.34,0.9269,1],"parentBoneIndex":4,"length":4.1171
,"animation":{"dataType":3,"framePerSecond":24,"keys":[
{"frame":1,"values":[1,0.0039,-0.0037,0,-0.004,0.9994,-0.0357,0,0.0036,0.0357,0.9994,0,0,4.34,0.9269,1]},
{"frame":2,"values":[1,0.0041,-0.0004,0,-0.0041,0.9995,-0.0315,0,0.0003,0.0315,0.9995,0,0,4.34,0.9269,1]},
{"frame":3,"values":[1,0.0042,0.0033,0,-0.0041,0.9996,-0.0272,0,-0.0034,0.0272,0.9996,0,0,4.34,0.9269,1]},
{"frame":4,"values":[1,0.0042,0.007,0,-0.004,0.9997,-0.0241,0,-0.0071,0.0241,0.9997,0,0,4.34,0.9269,1]},
{"frame":5,"values":[0.9999,0.0041,0.0104,0,-0.0039,0.9997,-0.0232,0,-0.0105,0.0232,0.9997,0,0,4.34,0.9269,1]},
{"frame":6,"values":[0.9999,0.0042,0.0131,0,-0.0039,0.9997,-0.0245,0,-0.0132,0.0245,0.9996,0,0,4.34,0.9269,1]},
{"frame":7,"values":[0.9999,0.0043,0.0141,0,-0.004,0.9996,-0.0266,0,-0.0142,0.0265,0.9995,0,0,4.34,0.9269,1]},
{"frame":8,"values":[0.9999,0.0044,0.013,0,-0.004,0.9996,-0.029,0,-0.0131,0.0289,0.9995,0,0,4.34,0.9269,1]},
{"frame":9,"values":[0.9999,0.0045,0.0113,0,-0.0041,0.9995,-0.0313,0,-0.0114,0.0313,0.9994,0,0,4.34,0.9269,1]},
{"frame":10,"values":[0.9999,0.0044,0.009,0,-0.0041,0.9994,-0.0334,0,-0.0091,0.0334,0.9994,0,0,4.34,0.9269,1]},
{"frame":11,"values":[1,0.0044,0.0063,0,-0.0041,0.9994,-0.0351,0,-0.0065,0.035,0.9994,0,0,4.34,0.9269,1]},
{"frame":12,"values":[1,0.0042,0.0034,0,-0.0041,0.9993,-0.036,0,-0.0035,0.036,0.9993,0,0,4.34,0.9269,1]},
{"frame":13,"values":[1,0.0041,0.0003,0,-0.0041,0.9993,-0.036,0,-0.0004,0.036,0.9994,0,0,4.34,0.9269,1]},
{"frame":14,"values":[1,0.004,-0.0029,0,-0.0041,0.9994,-0.0343,0,0.0028,0.0343,0.9994,0,0,4.34,0.9269,1]},
{"frame":15,"values":[1,0.0039,-0.0059,0,-0.0041,0.9995,-0.0314,0,0.0058,0.0314,0.9995,0,0,4.34,0.9269,1]},
{"frame":16,"values":[1,0.0039,-0.0086,0,-0.0042,0.9996,-0.0284,0,0.0085,0.0284,0.9996,0,0,4.34,0.9269,1]},
{"frame":17,"values":[0.9999,0.004,-0.011,0,-0.0043,0.9996,-0.0264,0,0.0109,0.0264,0.9996,0,0,4.34,0.9269,1]},
{"frame":18,"values":[0.9999,0.004,-0.0131,0,-0.0043,0.9997,-0.0256,0,0.0129,0.0257,0.9996,0,0,4.34,0.9269,1]},
{"frame":19,"values":[0.9999,0.004,-0.0147,0,-0.0043,0.9996,-0.0262,0,0.0146,0.0263,0.9995,0,0,4.34,0.9269,1]},
{"frame":20,"values":[0.9999,0.0039,-0.0142,0,-0.0043,0.9996,-0.0276,0,0.0141,0.0277,0.9995,0,0,4.34,0.9269,1]},
{"frame":21,"values":[0.9999,0.0038,-0.0127,0,-0.0042,0.9996,-0.0293,0,0.0126,0.0294,0.9995,0,0,4.34,0.9269,1]},
{"frame":22,"values":[0.9999,0.0038,-0.0108,0,-0.0041,0.9995,-0.0308,0,0.0106,0.0309,0.9995,0,0,4.34,0.9269,1]},
{"frame":23,"values":[1,0.0038,-0.0086,0,-0.0041,0.9995,-0.0324,0,0.0085,0.0325,0.9994,0,0,4.34,0.9269,1]},
{"frame":24,"values":[1,0.0038,-0.0062,0,-0.0041,0.9994,-0.0341,0,0.0061,0.0341,0.9994,0,0,4.34,0.9269,1]},
{"frame":25,"values":[1,0.0039,-0.0037,0,-0.004,0.9994,-0.0357,0,0.0036,0.0357,0.9994,0,0,4.34,0.9269,1]}],"loopBehavior":1,"name":"anim","property":"_matrix"}},
{"name":"boss:Head","index":6,"matrix":[1,0.0039,-0.0037,0,-0.004,0.9994,-0.0357,0,0.0036,0.0357,0.9994,0,0,4.0266,0.8585,1],"rest":[1,0,0,0,0,1,0,0,0,0,1,0,0,4.0266,0.8585,1],"parentBoneIndex":5,"length":4.1171
,"animation":{"dataType":3,"framePerSecond":24,"keys":[
{"frame":1,"values":[1,0.0039,-0.0037,0,-0.004,0.9994,-0.0357,0,0.0036,0.0357,0.9994,0,0,4.0266,0.8585,1]},
{"frame":2,"values":[1,0.0041,-0.0004,0,-0.0041,0.9995,-0.0315,0,0.0003,0.0315,0.9995,0,0,4.0266,0.8585,1]},
{"frame":3,"values":[1,0.0042,0.0033,0,-0.0041,0.9996,-0.0272,0,-0.0034,0.0272,0.9996,0,0,4.0266,0.8585,1]},
{"frame":4,"values":[1,0.0042,0.007,0,-0.004,0.9997,-0.0241,0,-0.0071,0.0241,0.9997,0,0,4.0266,0.8585,1]},
{"frame":5,"values":[0.9999,0.0041,0.0104,0,-0.0039,0.9997,-0.0232,0,-0.0105,0.0232,0.9997,0,0,4.0266,0.8585,1]},
{"frame":6,"values":[0.9999,0.0042,0.0131,0,-0.0039,0.9997,-0.0245,0,-0.0132,0.0245,0.9996,0,0,4.0266,0.8585,1]},
{"frame":7,"values":[0.9999,0.0043,0.0141,0,-0.004,0.9996,-0.0266,0,-0.0142,0.0265,0.9995,0,0,4.0266,0.8585,1]},
{"frame":8,"values":[0.9999,0.0044,0.013,0,-0.004,0.9996,-0.029,0,-0.0131,0.0289,0.9995,0,0,4.0266,0.8585,1]},
{"frame":9,"values":[0.9999,0.0045,0.0113,0,-0.0041,0.9995,-0.0313,0,-0.0114,0.0313,0.9994,0,0,4.0266,0.8585,1]},
{"frame":10,"values":[0.9999,0.0044,0.009,0,-0.0041,0.9994,-0.0334,0,-0.0091,0.0334,0.9994,0,0,4.0266,0.8585,1]},
{"frame":11,"values":[1,0.0044,0.0063,0,-0.0041,0.9994,-0.0351,0,-0.0065,0.035,0.9994,0,0,4.0266,0.8585,1]},
{"frame":12,"values":[1,0.0042,0.0034,0,-0.0041,0.9993,-0.036,0,-0.0035,0.036,0.9993,0,0,4.0266,0.8585,1]},
{"frame":13,"values":[1,0.0041,0.0003,0,-0.0041,0.9993,-0.036,0,-0.0004,0.036,0.9994,0,0,4.0266,0.8585,1]},
{"frame":14,"values":[1,0.004,-0.0029,0,-0.0041,0.9994,-0.0343,0,0.0028,0.0343,0.9994,0,0,4.0266,0.8585,1]},
{"frame":15,"values":[1,0.0039,-0.0059,0,-0.0041,0.9995,-0.0314,0,0.0058,0.0314,0.9995,0,0,4.0266,0.8585,1]},
{"frame":16,"values":[1,0.0039,-0.0086,0,-0.0042,0.9996,-0.0284,0,0.0085,0.0284,0.9996,0,0,4.0266,0.8585,1]},
{"frame":17,"values":[0.9999,0.004,-0.011,0,-0.0043,0.9996,-0.0264,0,0.0109,0.0264,0.9996,0,0,4.0266,0.8585,1]},
{"frame":18,"values":[0.9999,0.004,-0.0131,0,-0.0043,0.9997,-0.0256,0,0.0129,0.0257,0.9996,0,0,4.0266,0.8585,1]},
{"frame":19,"values":[0.9999,0.004,-0.0147,0,-0.0043,0.9996,-0.0262,0,0.0146,0.0263,0.9995,0,0,4.0266,0.8585,1]},
{"frame":20,"values":[0.9999,0.0039,-0.0142,0,-0.0043,0.9996,-0.0276,0,0.0141,0.0277,0.9995,0,0,4.0266,0.8585,1]},
{"frame":21,"values":[0.9999,0.0038,-0.0127,0,-0.0042,0.9996,-0.0293,0,0.0126,0.0294,0.9995,0,0,4.0266,0.8585,1]},
{"frame":22,"values":[0.9999,0.0038,-0.0108,0,-0.0041,0.9995,-0.0308,0,0.0106,0.0309,0.9995,0,0,4.0266,0.8585,1]},
{"frame":23,"values":[1,0.0038,-0.0086,0,-0.0041,0.9995,-0.0324,0,0.0085,0.0325,0.9994,0,0,4.0266,0.8585,1]},
{"frame":24,"values":[1,0.0038,-0.0062,0,-0.0041,0.9994,-0.0341,0,0.0061,0.0341,0.9994,0,0,4.0266,0.8585,1]},
{"frame":25,"values":[1,0.0039,-0.0037,0,-0.004,0.9994,-0.0357,0,0.0036,0.0357,0.9994,0,0,4.0266,0.8585,1]}],"loopBehavior":1,"name":"anim","property":"_matrix"}},
{"name":"boss:LeftShoulder","index":7,"matrix":[0.8976,-0.0456,0.4384,0,0.0613,0.9979,-0.0217,0,-0.4365,0.0463,0.8985,0,6.1442,10.187,-3.7932,1],"rest":[1,0,0,0,0,1,0,0,0,0,1,0,6.1442,10.187,-3.7932,1],"parentBoneIndex":3,"length":12.4986
,"animation":{"dataType":3,"framePerSecond":24,"keys":[
{"frame":1,"values":[0.8976,-0.0456,0.4384,0,0.0613,0.9979,-0.0217,0,-0.4365,0.0463,0.8985,0,6.1442,10.187,-3.7932,1]},
{"frame":2,"values":[0.8861,-0.05,0.4607,0,0.0597,0.9982,-0.0066,0,-0.4595,0.0334,0.8875,0,6.1442,10.187,-3.7932,1]},
{"frame":3,"values":[0.8722,-0.0546,0.4861,0,0.057,0.9983,0.0098,0,-0.4858,0.0191,0.8739,0,6.1442,10.187,-3.7932,1]},
{"frame":4,"values":[0.8582,-0.0583,0.51,0,0.0537,0.9983,0.0237,0,-0.5105,0.0071,0.8598,0,6.1442,10.187,-3.7932,1]},
{"frame":5,"values":[0.8465,-0.0602,0.529,0,0.0511,0.9982,0.0317,0,-0.53,0.0002,0.848,0,6.1442,10.187,-3.7932,1]},
{"frame":6,"values":[0.8404,-0.0595,0.5387,0,0.051,0.9982,0.0308,0,-0.5396,0.0016,0.8419,0,6.1442,10.187,-3.7932,1]},
{"frame":7,"values":[0.8405,-0.0579,0.5387,0,0.0518,0.9983,0.0265,0,-0.5394,0.0057,0.8421,0,6.1442,10.187,-3.7932,1]},
{"frame":8,"values":[0.8462,-0.0565,0.5298,0,0.0531,0.9984,0.0216,0,-0.5301,0.0099,0.8479,0,6.1442,10.187,-3.7932,1]},
{"frame":9,"values":[0.8557,-0.055,0.5145,0,0.0546,0.9984,0.0158,0,-0.5145,0.0146,0.8574,0,6.1442,10.187,-3.7932,1]},
{"frame":10,"values":[0.868,-0.0532,0.4937,0,0.0561,0.9984,0.009,0,-0.4934,0.0198,0.8696,0,6.1442,10.187,-3.7932,1]},
{"frame":11,"values":[0.8819,-0.0512,0.4687,0,0.0571,0.9984,0.0015,0,-0.468,0.0255,0.8834,0,6.1442,10.187,-3.7932,1]},
{"frame":12,"values":[0.8965,-0.0488,0.4404,0,0.0577,0.9983,-0.0067,0,-0.4393,0.0314,0.8978,0,6.1442,10.187,-3.7932,1]},
{"frame":13,"values":[0.9108,-0.0462,0.4102,0,0.0576,0.9982,-0.0154,0,-0.4088,0.0376,0.9118,0,6.1442,10.187,-3.7932,1]},
{"frame":14,"values":[0.9241,-0.0436,0.3796,0,0.057,0.9981,-0.0241,0,-0.3778,0.044,0.9248,0,6.1442,10.187,-3.7932,1]},
{"frame":15,"values":[0.9359,-0.0411,0.3499,0,0.0561,0.9979,-0.0327,0,-0.3478,0.0502,0.9362,0,6.1442,10.187,-3.7932,1]},
{"frame":16,"values":[0.9458,-0.0392,0.3225,0,0.0552,0.9976,-0.0406,0,-0.3202,0.0562,0.9457,0,6.1442,10.187,-3.7932,1]},
{"frame":17,"values":[0.9534,-0.0383,0.2994,0,0.055,0.9974,-0.0475,0,-0.2968,0.0617,0.953,0,6.1442,10.187,-3.7932,1]},
{"frame":18,"values":[0.9579,-0.0385,0.2845,0,0.0554,0.9971,-0.0517,0,-0.2817,0.0653,0.9573,0,6.1442,10.187,-3.7932,1]},
{"frame":19,"values":[0.9595,-0.0398,0.2789,0,0.0569,0.997,-0.0534,0,-0.2759,0.0671,0.9588,0,6.1442,10.187,-3.7932,1]},
{"frame":20,"values":[0.9572,-0.0417,0.2863,0,0.059,0.9969,-0.0522,0,-0.2833,0.0669,0.9567,0,6.1442,10.187,-3.7932,1]},
{"frame":21,"values":[0.9506,-0.0435,0.3074,0,0.0612,0.997,-0.048,0,-0.3044,0.0645,0.9504,0,6.1442,10.187,-3.7932,1]},
{"frame":22,"values":[0.9399,-0.045,0.3384,0,0.0628,0.9972,-0.0417,0,-0.3356,0.0605,0.9401,0,6.1442,10.187,-3.7932,1]},
{"frame":23,"values":[0.9265,-0.0459,0.3736,0,0.0633,0.9974,-0.0346,0,-0.371,0.0557,0.927,0,6.1442,10.187,-3.7932,1]},
{"frame":24,"values":[0.9117,-0.046,0.4084,0,0.0627,0.9977,-0.0276,0,-0.4061,0.0507,0.9124,0,6.1442,10.187,-3.7932,1]},
{"frame":25,"values":[0.8976,-0.0456,0.4384,0,0.0613,0.9979,-0.0217,0,-0.4365,0.0463,0.8985,0,6.1442,10.187,-3.7932,1]}],"loopBehavior":1,"name":"anim","property":"_matrix"}},
{"name":"boss:LeftArm","index":8,"matrix":[0.6708,-0.6118,0.4192,0,0.7238,0.4171,-0.5497,0,0.1614,0.6722,0.7226,0,12.3191,-1.113,-1.7935,1],"rest":[1,0,0,0,0,1,0,0,0,0,1,0,12.3191,-1.113,-1.7935,1],"parentBoneIndex":7,"length":27.687
,"animation":{"dataType":3,"framePerSecond":24,"keys":[
{"frame":1,"values":[0.6708,-0.6118,0.4192,0,0.7238,0.4171,-0.5497,0,0.1614,0.6722,0.7226,0,12.3191,-1.113,-1.7935,1]},
{"frame":2,"values":[0.692,-0.5758,0.4355,0,0.71,0.4338,-0.5546,0,0.1304,0.693,0.709,0,12.3191,-1.113,-1.7935,1]},
{"frame":3,"values":[0.7201,-0.5309,0.4467,0,0.6871,0.4564,-0.5653,0,0.0963,0.714,0.6935,0,12.3191,-1.113,-1.7935,1]},
{"frame":4,"values":[0.7423,-0.4905,0.4565,0,0.6675,0.4812,-0.5682,0,0.059,0.7265,0.6846,0,12.3191,-1.113,-1.7935,1]},
{"frame":5,"values":[0.7634,-0.4575,0.4559,0,0.645,0.5023,-0.576,0,0.0345,0.7337,0.6785,0,12.3191,-1.113,-1.7935,1]},
{"frame":6,"values":[0.7799,-0.4319,0.4529,0,0.6256,0.5184,-0.583,0,0.017,0.738,0.6746,0,12.3191,-1.113,-1.7935,1]},
{"frame":7,"values":[0.7901,-0.4137,0.4524,0,0.613,0.526,-0.5895,0,0.0059,0.7431,0.6692,0,12.3191,-1.113,-1.7935,1]},
{"frame":8,"values":[0.789,-0.4047,0.4622,0,0.6143,0.5286,-0.5859,0,-0.0072,0.7462,0.6657,0,12.3191,-1.113,-1.7935,1]},
{"frame":9,"values":[0.7788,-0.4104,0.4744,0,0.6271,0.5254,-0.5751,0,-0.0132,0.7454,0.6665,0,12.3191,-1.113,-1.7935,1]},
{"frame":10,"values":[0.7629,-0.4217,0.4901,0,0.6464,0.5163,-0.5618,0,-0.0161,0.7454,0.6664,0,12.3191,-1.113,-1.7935,1]},
{"frame":11,"values":[0.7431,-0.4324,0.5108,0,0.6689,0.5036,-0.5468,0,-0.0208,0.748,0.6634,0,12.3191,-1.113,-1.7935,1]},
{"frame":12,"values":[0.7227,-0.4477,0.5266,0,0.691,0.4877,-0.5335,0,-0.018,0.7495,0.6618,0,12.3191,-1.113,-1.7935,1]},
{"frame":13,"values":[0.6964,-0.4749,0.538,0,0.7175,0.4725,-0.5118,0,-0.0112,0.7425,0.6698,0,12.3191,-1.113,-1.7935,1]},
{"frame":14,"values":[0.6706,-0.5041,0.5442,0,0.7418,0.4576,-0.4903,0,-0.0018,0.7324,0.6808,0,12.3191,-1.113,-1.7935,1]},
{"frame":15,"values":[0.6494,-0.5322,0.5432,0,0.7604,0.4436,-0.4744,0,0.0115,0.7211,0.6927,0,12.3191,-1.113,-1.7935,1]},
{"frame":16,"values":[0.6298,-0.5577,0.5407,0,0.7765,0.4339,-0.4569,0,0.0202,0.7077,0.7063,0,12.3191,-1.113,-1.7935,1]},
{"frame":17,"values":[0.6121,-0.5804,0.5371,0,0.7904,0.4269,-0.4395,0,0.0258,0.6935,0.72,0,12.3191,-1.113,-1.7935,1]},
{"frame":18,"values":[0.603,-0.5969,0.5292,0,0.7971,0.4237,-0.4303,0,0.0326,0.6813,0.7313,0,12.3191,-1.113,-1.7935,1]},
{"frame":19,"values":[0.5968,-0.6097,0.5216,0,0.8014,0.4214,-0.4244,0,0.0389,0.6713,0.7401,0,12.3191,-1.113,-1.7935,1]},
{"frame":20,"values":[0.6014,-0.615,0.51,0,0.7972,0.4192,-0.4345,0,0.0535,0.6679,0.7424,0,12.3191,-1.113,-1.7935,1]},
{"frame":21,"values":[0.6177,-0.615,0.4902,0,0.7823,0.417,-0.4628,0,0.0802,0.6693,0.7386,0,12.3191,-1.113,-1.7935,1]},
{"frame":22,"values":[0.6316,-0.6157,0.4712,0,0.7683,0.4155,-0.487,0,0.104,0.6696,0.7354,0,12.3191,-1.113,-1.7935,1]},
{"frame":23,"values":[0.6444,-0.6171,0.4516,0,0.7539,0.4142,-0.5099,0,0.1276,0.669,0.7322,0,12.3191,-1.113,-1.7935,1]},
{"frame":24,"values":[0.6563,-0.6181,0.4327,0,0.7397,0.4143,-0.5303,0,0.1485,0.6681,0.7291,0,12.3191,-1.113,-1.7935,1]},
{"frame":25,"values":[0.6709,-0.6118,0.419,0,0.7237,0.417,-0.5499,0,0.1617,0.6721,0.7226,0,12.3191,-1.113,-1.7935,1]}],"loopBehavior":1,"name":"anim","property":"_matrix"}},
{"name":"boss:LeftForeArm","index":9,"matrix":[0.0674,-0.1297,0.9893,0,0.8662,-0.4845,-0.1226,0,0.4951,0.8651,0.0797,0,27.687,0,0,1],"rest":[1,0,0,0,0,1,0,0,0,0,1,0,27.687,0,0,1],"parentBoneIndex":8,"length":27.8738
,"animation":{"dataType":3,"framePerSecond":24,"keys":[
{"frame":1,"values":[0.0674,-0.1297,0.9893,0,0.8662,-0.4845,-0.1226,0,0.4951,0.8651,0.0797,0,27.687,0,0,1]},
{"frame":2,"values":[0.0827,-0.1378,0.987,0,0.8557,-0.4979,-0.1412,0,0.5109,0.8562,0.0767,0,27.687,0,0,1]},
{"frame":3,"values":[0.0931,-0.1525,0.9839,0,0.834,-0.5277,-0.1608,0,0.5438,0.8356,0.0781,0,27.687,0,0,1]},
{"frame":4,"values":[0.1108,-0.1417,0.9837,0,0.8478,-0.5031,-0.168,0,0.5187,0.8526,0.0644,0,27.687,0,0,1]},
{"frame":5,"values":[0.1207,-0.1498,0.9813,0,0.8362,-0.5173,-0.1818,0,0.5349,0.8426,0.0628,0,27.687,0,0,1]},
{"frame":6,"values":[0.125,-0.1586,0.9794,0,0.8224,-0.5356,-0.1917,0,0.555,0.8294,0.0635,0,27.687,0,0,1]},
{"frame":7,"values":[0.121,-0.1669,0.9785,0,0.8079,-0.5562,-0.1947,0,0.5767,0.8141,0.0676,0,27.687,0,0,1]},
{"frame":8,"values":[0.1266,-0.1701,0.9773,0,0.8113,-0.5491,-0.2007,0,0.5707,0.8183,0.0685,0,27.687,0,0,1]},
{"frame":9,"values":[0.1352,-0.175,0.9753,0,0.7957,-0.5674,-0.2121,0,0.5904,0.8047,0.0625,0,27.687,0,0,1]},
{"frame":10,"values":[0.1517,-0.1734,0.9731,0,0.8011,-0.5551,-0.2239,0,0.579,0.8135,0.0547,0,27.687,0,0,1]},
{"frame":11,"values":[0.1729,-0.1718,0.9698,0,0.8065,-0.5405,-0.2395,0,0.5653,0.8236,0.0451,0,27.687,0,0,1]},
{"frame":12,"values":[0.1919,-0.1857,0.9637,0,0.7879,-0.5563,-0.2641,0,0.5851,0.81,0.0395,0,27.687,0,0,1]},
{"frame":13,"values":[0.2142,-0.1883,0.9585,0,0.7874,-0.5474,-0.2835,0,0.5781,0.8154,0.031,0,27.687,0,0,1]},
{"frame":14,"values":[0.2268,-0.1898,0.9553,0,0.7884,-0.5401,-0.2945,0,0.5719,0.8199,0.0271,0,27.687,0,0,1]},
{"frame":15,"values":[0.227,-0.1973,0.9537,0,0.7782,-0.5521,-0.2994,0,0.5856,0.8101,0.0282,0,27.687,0,0,1]},
{"frame":16,"values":[0.2181,-0.1796,0.9593,0,0.8042,-0.5238,-0.2809,0,0.5529,0.8327,0.0302,0,27.687,0,0,1]},
{"frame":17,"values":[0.2061,-0.1722,0.9633,0,0.8129,-0.5179,-0.2665,0,0.5448,0.8379,0.0332,0,27.687,0,0,1]},
{"frame":18,"values":[0.1856,-0.163,0.969,0,0.8229,-0.5131,-0.2439,0,0.537,0.8427,0.039,0,27.687,0,0,1]},
{"frame":19,"values":[0.1681,-0.1468,0.9748,0,0.8425,-0.492,-0.2194,0,0.5118,0.8581,0.041,0,27.687,0,0,1]},
{"frame":20,"values":[0.1448,-0.1356,0.9801,0,0.8563,-0.4792,-0.1928,0,0.4958,0.8672,0.0467,0,27.687,0,0,1]},
{"frame":21,"values":[0.1185,-0.1481,0.9818,0,0.8398,-0.5126,-0.1787,0,0.5297,0.8458,0.0637,0,27.687,0,0,1]},
{"frame":22,"values":[0.1042,-0.1443,0.984,0,0.8458,-0.5077,-0.164,0,0.5233,0.8493,0.0692,0,27.687,0,0,1]},
{"frame":23,"values":[0.0929,-0.1385,0.986,0,0.8551,-0.4963,-0.1503,0,0.5101,0.8571,0.0723,0,27.687,0,0,1]},
{"frame":24,"values":[0.0822,-0.133,0.9877,0,0.8632,-0.4858,-0.1373,0,0.498,0.8639,0.0749,0,27.687,0,0,1]},
{"frame":25,"values":[0.0672,-0.1298,0.9893,0,0.866,-0.4847,-0.1225,0,0.4954,0.865,0.0799,0,27.687,0,0,1]}],"loopBehavior":1,"name":"anim","property":"_matrix"}},
{"name":"boss:LeftHand","index":10,"matrix":[0.9857,0.136,-0.0993,0,-0.1657,0.8887,-0.4274,0,0.0301,0.4378,0.8986,0,27.8738,0,0,1],"rest":[0.9974,-0.0541,-0.0467,0,0.0586,0.9932,0.1006,0,0.041,-0.1031,0.9938,0,27.8738,0,0,1],"parentBoneIndex":9,"length":9.2395
,"animation":{"dataType":3,"framePerSecond":24,"keys":[
{"frame":1,"values":[0.9857,0.136,-0.0993,0,-0.1657,0.8887,-0.4274,0,0.0301,0.4378,0.8986,0,27.8738,0,0,1]},
{"frame":2,"values":[0.9873,0.1307,-0.09,0,-0.1567,0.8925,-0.4229,0,0.0251,0.4316,0.9017,0,27.8738,0,0,1]},
{"frame":3,"values":[0.9885,0.1332,-0.072,0,-0.1511,0.8997,-0.4094,0,0.0103,0.4156,0.9095,0,27.8738,0,0,1]},
{"frame":4,"values":[0.9873,0.1355,-0.0832,0,-0.1585,0.8805,-0.4467,0,0.0127,0.4542,0.8908,0,27.8738,0,0,1]},
{"frame":5,"values":[0.9875,0.1353,-0.0807,0,-0.1572,0.8806,-0.4471,0,0.0106,0.4542,0.8908,0,27.8738,0,0,1]},
{"frame":6,"values":[0.9871,0.1403,-0.0766,0,-0.1598,0.8819,-0.4436,0,0.0053,0.4502,0.8929,0,27.8738,0,0,1]},
{"frame":7,"values":[0.9867,0.148,-0.0667,0,-0.1622,0.8861,-0.4341,0,-0.0051,0.4392,0.8984,0,27.8738,0,0,1]},
{"frame":8,"values":[0.9882,0.1395,-0.0629,0,-0.1528,0.8828,-0.4442,0,-0.0065,0.4486,0.8937,0,27.8738,0,0,1]},
{"frame":9,"values":[0.9913,0.1203,-0.0542,0,-0.132,0.8977,-0.4204,0,-0.0019,0.4239,0.9057,0,27.8738,0,0,1]},
{"frame":10,"values":[0.9935,0.0984,-0.0564,0,-0.1131,0.8965,-0.4285,0,0.0084,0.4321,0.9018,0,27.8738,0,0,1]},
{"frame":11,"values":[0.9953,0.0789,-0.0556,0,-0.0954,0.8926,-0.4407,0,0.0148,0.444,0.8959,0,27.8738,0,0,1]},
{"frame":12,"values":[0.9975,0.0559,-0.0442,0,-0.0694,0.9039,-0.422,0,0.0164,0.424,0.9055,0,27.8738,0,0,1]},
{"frame":13,"values":[0.9985,0.0277,-0.0477,0,-0.0453,0.9048,-0.4233,0,0.0315,0.4248,0.9047,0,27.8738,0,0,1]},
{"frame":14,"values":[0.9986,0.0086,-0.0526,0,-0.03,0.9057,-0.4229,0,0.044,0.4239,0.9046,0,27.8738,0,0,1]},
{"frame":15,"values":[0.9985,0.0035,-0.0541,0,-0.0251,0.9151,-0.4024,0,0.0481,0.4032,0.9139,0,27.8738,0,0,1]},
{"frame":16,"values":[0.9973,0.0208,-0.0702,0,-0.0488,0.9034,-0.426,0,0.0546,0.4283,0.902,0,27.8738,0,0,1]},
{"frame":17,"values":[0.9962,0.036,-0.0795,0,-0.0661,0.9062,-0.4177,0,0.057,0.4213,0.9051,0,27.8738,0,0,1]},
{"frame":18,"values":[0.9943,0.0611,-0.0879,0,-0.092,0.9072,-0.4105,0,0.0546,0.4162,0.9076,0,27.8738,0,0,1]},
{"frame":19,"values":[0.9915,0.0819,-0.1014,0,-0.1173,0.8997,-0.4204,0,0.0568,0.4287,0.9017,0,27.8738,0,0,1]},
{"frame":20,"values":[0.9884,0.1042,-0.1107,0,-0.1419,0.893,-0.4271,0,0.0543,0.4379,0.8974,0,27.8738,0,0,1]},
{"frame":21,"values":[0.9878,0.1204,-0.0982,0,-0.1499,0.9053,-0.3973,0,0.0411,0.4072,0.9124,0,27.8738,0,0,1]},
{"frame":22,"values":[0.9874,0.1234,-0.0994,0,-0.1534,0.9014,-0.4049,0,0.0397,0.4151,0.9089,0,27.8738,0,0,1]},
{"frame":23,"values":[0.9872,0.122,-0.1025,0,-0.154,0.8955,-0.4175,0,0.0409,0.428,0.9029,0,27.8738,0,0,1]},
{"frame":24,"values":[0.9872,0.1205,-0.1045,0,-0.1539,0.8915,-0.426,0,0.0418,0.4366,0.8987,0,27.8738,0,0,1]},
{"frame":25,"values":[0.9857,0.1359,-0.0991,0,-0.1656,0.8888,-0.4273,0,0.03,0.4376,0.8987,0,27.8738,0,0,1]}],"loopBehavior":1,"name":"anim","property":"_matrix"}},
{"name":"boss:LeftHandThumb1","index":11,"matrix":[0.9599,-0.1379,-0.2442,0,0.1721,0.9772,0.1246,0,0.2214,-0.1616,0.9617,0,2.3785,-1.0029,2.6209,1],"rest":[0.9909,-0.0858,-0.104,0,0.0965,0.9901,0.102,0,0.0942,-0.1111,0.9893,0,2.3785,-1.0029,2.6209,1],"parentBoneIndex":10,"length":4.514
,"animation":{"dataType":3,"framePerSecond":24,"keys":[
{"frame":1,"values":[0.9599,-0.1379,-0.2442,0,0.1721,0.9772,0.1246,0,0.2214,-0.1616,0.9617,0,2.3785,-1.0029,2.6209,1]},
{"frame":25,"values":[0.9599,-0.1379,-0.2442,0,0.1721,0.9772,0.1246,0,0.2214,-0.1616,0.9617,0,2.3785,-1.0029,2.6209,1]}],"loopBehavior":1,"name":"anim","property":"_matrix"}},
{"name":"boss:LeftHandThumb2","index":12,"matrix":[1,0,0,0,0,1,0,0,0,0,1,0,3.3624,-1.0029,2.8398,1],"rest":[0.9723,0.0085,0.2336,0,0.008,0.9975,-0.0699,0,-0.2336,0.0698,0.9698,0,3.3624,-1.0029,2.8398,1],"parentBoneIndex":11,"length":5.1787
,"animation":{"dataType":3,"framePerSecond":24,"keys":[
{"frame":1,"values":[1,0,0,0,0,1,0,0,0,0,1,0,3.3624,-1.0029,2.8398,1]},
{"frame":25,"values":[1,0,0,0,0,1,0,0,0,0,1,0,3.3624,-1.0029,2.8398,1]}],"loopBehavior":1,"name":"anim","property":"_matrix"}},
{"name":"boss:LeftHandThumb3","index":13,"matrix":[0.9381,-0.0008,0.3465,0,0.0916,0.9649,-0.2459,0,-0.3342,0.2625,0.9052,0,4.5018,-1.3445,2.1783,1],"rest":[0.9717,-0.2361,0.003,0,0.2343,0.9658,0.111,0,-0.0291,-0.1072,0.9938,0,4.5018,-1.3445,2.1783,1],"parentBoneIndex":12,"length":0.01
,"animation":{"dataType":3,"framePerSecond":24,"keys":[
{"frame":1,"values":[0.9381,-0.0008,0.3465,0,0.0916,0.9649,-0.2459,0,-0.3342,0.2625,0.9052,0,4.5018,-1.3445,2.1783,1]},
{"frame":25,"values":[0.9381,-0.0008,0.3465,0,0.0916,0.9649,-0.2459,0,-0.3342,0.2625,0.9052,0,4.5018,-1.3445,2.1783,1]}],"loopBehavior":1,"name":"anim","property":"_matrix"}},
{"name":"boss:LeftHandThumb4","index":14,"matrix":[1,0,0,0,0,1,0,0,0,0,1,0,0,0,0,1],"rest":[1,0,0,0,0,1,0,0,0,0,1,0,0,0,0,1],"parentBoneIndex":13,"length":0.01
,"animation":{"dataType":3,"framePerSecond":24,"keys":[
{"frame":1,"values":[1,0,0,0,0,1,0,0,0,0,1,0,0,0,0,1]},
{"frame":25,"values":[1,0,0,0,0,1,0,0,0,0,1,0,0,0,0,1]}],"loopBehavior":1,"name":"anim","property":"_matrix"}},
{"name":"boss:LeftHandMiddle1","index":15,"matrix":[0.9509,-0.3004,0.0739,0,0.2831,0.9413,0.1841,0,-0.1249,-0.1542,0.9801,0,10.4639,0.6148,0.4298,1],"rest":[0.9974,0.0586,0.041,0,-0.0586,0.9983,-0.0012,0,-0.041,-0.0012,0.9992,0,10.4639,0.6148,0.4298,1],"parentBoneIndex":10,"length":5.7921
,"animation":{"dataType":3,"framePerSecond":24,"keys":[
{"frame":1,"values":[0.9509,-0.3004,0.0739,0,0.2831,0.9413,0.1841,0,-0.1249,-0.1542,0.9801,0,10.4639,0.6148,0.4298,1]},
{"frame":25,"values":[0.9509,-0.3004,0.0739,0,0.2831,0.9413,0.1841,0,-0.1249,-0.1542,0.9801,0,10.4639,0.6148,0.4298,1]}],"loopBehavior":1,"name":"anim","property":"_matrix"}},
{"name":"boss:LeftHandMiddle2","index":16,"matrix":[0.6955,-0.7185,0,0,0.7185,0.6955,0,0,0,0,1,0,5.7921,0,0,1],"rest":[1,0,0,0,0,1,0,0,0,0,1,0,5.7921,0,0,1],"parentBoneIndex":15,"length":3.7132
,"animation":{"dataType":3,"framePerSecond":24,"keys":[
{"frame":1,"values":[0.6955,-0.7185,0,0,0.7185,0.6955,0,0,0,0,1,0,5.7921,0,0,1]},
{"frame":25,"values":[0.6955,-0.7185,0,0,0.7185,0.6955,0,0,0,0,1,0,5.7921,0,0,1]}],"loopBehavior":1,"name":"anim","property":"_matrix"}},
{"name":"boss:LeftHandMiddle3","index":17,"matrix":[0.7198,-0.6941,0,0,0.6941,0.7198,0,0,0,0.0001,1,0,3.7132,0,0,1],"rest":[1,0,0,0,0,1,-0.0001,0,0,0.0001,1,0,3.7132,0,0,1],"parentBoneIndex":16,"length":0.01
,"animation":{"dataType":3,"framePerSecond":24,"keys":[
{"frame":1,"values":[0.7198,-0.6941,0,0,0.6941,0.7198,0,0,0,0.0001,1,0,3.7132,0,0,1]},
{"frame":25,"values":[0.7198,-0.6941,0,0,0.6941,0.7198,0,0,0,0.0001,1,0,3.7132,0,0,1]}],"loopBehavior":1,"name":"anim","property":"_matrix"}},
{"name":"boss:LeftHandMiddle4","index":18,"matrix":[1,0,0,0,0,1,0,0,0,0,1,0,0,0,0,1],"rest":[1,0,0,0,0,1,0,0,0,0,1,0,0,0,0,1],"parentBoneIndex":17,"length":0.01
,"animation":{"dataType":3,"framePerSecond":24,"keys":[
{"frame":1,"values":[1,0,0,0,0,1,0,0,0,0,1,0,0,0,0,1]},
{"frame":25,"values":[1,0,0,0,0,1,0,0,0,0,1,0,0,0,0,1]}],"loopBehavior":1,"name":"anim","property":"_matrix"}},
