{"producer":{"name":"Blender","version":"2.90.0","exporter_version":"2.80.1","file":"walk_riffle.babylon"},
"autoClear":true,"clearColor":[0.0509,0.0509,0.0509],"gravity":[0,-9.81,0],
"materials":[{"name":"Material","id":"Material","customType":"BABYLON.PBRMaterial","backFaceCulling":true,"checkReadyOnlyOnce":false,"maxSimultaneousLights":4,"environmentIntensity":1,"albedo":[0.8,0.8,0.8],"reflectivity":[0.5,0.5,0.5],"roughness":0.4,"alpha":1,"transparencyMode":0,"alphaCutOff":0.4,"metallic":0}],
"multiMaterials":[],
"skeletons":[{"name":"Armature","id":0,"dimensionsAtRest":[188.1767,172.4535,15.5905],"bones":[
{"name":"boss:Hips","index":0,"matrix":[0.7633,-0.0774,-0.6414,0,0.1016,0.9948,0.0009,0,-0.638,0.0659,-0.7672,0,0,84.9276,0,1],"rest":[1,0,0,0,0,1,0,0,0,0,-1,0,0,96.3794,0,1],"parentBoneIndex":-1,"length":9.9032
,"animation":{"dataType":3,"framePerSecond":24,"keys":[
{"frame":1,"values":[0.7633,-0.0774,-0.6414,0,0.1016,0.9948,0.0009,0,-0.638,0.0659,-0.7672,0,0,84.9276,0,1]},
{"frame":2,"values":[0.7415,-0.0769,-0.6665,0,0.0954,0.9954,-0.0087,0,-0.6641,0.0571,-0.7455,0,0.0173,85.7815,1.7394,1]},
{"frame":3,"values":[0.7157,-0.0768,-0.6941,0,0.0882,0.9959,-0.0193,0,-0.6928,0.0474,-0.7196,0,0.0916,86.126,3.1276,1]},
{"frame":4,"values":[0.689,-0.0771,-0.7206,0,0.0806,0.9963,-0.0295,0,-0.7203,0.0378,-0.6927,0,0.218,85.9593,4.0456,1]},
{"frame":5,"values":[0.6649,-0.0775,-0.7429,0,0.0734,0.9966,-0.0383,0,-0.7433,0.0291,-0.6683,0,0.3948,85.4768,4.5514,1]},
{"frame":6,"values":[0.6482,-0.0778,-0.7575,0,0.0676,0.9967,-0.0444,0,-0.7585,0.0224,-0.6513,0,0.8132,84.6636,4.6497,1]},
{"frame":7,"values":[0.6422,-0.0774,-0.7627,0,0.0641,0.9968,-0.0472,0,-0.7639,0.0186,-0.6451,0,1.3913,83.6627,4.1328,1]},
{"frame":8,"values":[0.6482,-0.0762,-0.7577,0,0.0628,0.9969,-0.0466,0,-0.7589,0.0174,-0.651,0,1.9992,82.417,3.1751,1]},
{"frame":9,"values":[0.6626,-0.0743,-0.7453,0,0.0627,0.9971,-0.0436,0,-0.7464,0.0178,-0.6653,0,2.5867,81.1441,2.71,1]},
{"frame":10,"values":[0.6839,-0.0718,-0.7261,0,0.0637,0.9972,-0.0387,0,-0.7268,0.0198,-0.6865,0,3.1644,81.0825,2.5598,1]},
{"frame":11,"values":[0.7095,-0.0691,-0.7013,0,0.0654,0.9973,-0.0321,0,-0.7017,0.0231,-0.7121,0,3.7205,82.4169,3.1827,1]},
{"frame":12,"values":[0.7376,-0.0663,-0.672,0,0.0675,0.9974,-0.0243,0,-0.6718,0.0274,-0.7402,0,4.2272,83.8707,4.4234,1]},
{"frame":13,"values":[0.7661,-0.0637,-0.6395,0,0.0697,0.9974,-0.0158,0,-0.6389,0.0325,-0.7686,0,4.6185,85.1026,6.1607,1]},
{"frame":14,"values":[0.7934,-0.0615,-0.6057,0,0.072,0.9974,-0.0069,0,-0.6045,0.0381,-0.7957,0,4.7722,85.87,7.9784,1]},
{"frame":15,"values":[0.8179,-0.0597,-0.5722,0,0.0741,0.9972,0.0019,0,-0.5705,0.0439,-0.8201,0,4.7964,86.0396,9.2561,1]},
{"frame":16,"values":[0.8386,-0.0586,-0.5416,0,0.0761,0.997,0.01,0,-0.5394,0.0496,-0.8406,0,4.7201,85.1689,10.279,1]},
{"frame":17,"values":[0.8548,-0.058,-0.5157,0,0.078,0.9968,0.0171,0,-0.5131,0.0548,-0.8566,0,4.3886,83.5161,10.9036,1]},
{"frame":18,"values":[0.8656,-0.0581,-0.4974,0,0.0799,0.9966,0.0225,0,-0.4944,0.0592,-0.8672,0,3.8237,81.584,10.5305,1]},
{"frame":19,"values":[0.8708,-0.0588,-0.4882,0,0.0818,0.9963,0.0259,0,-0.4848,0.0625,-0.8724,0,3.1528,79.8689,8.8505,1]},
{"frame":20,"values":[0.8686,-0.0602,-0.4918,0,0.0841,0.9961,0.0267,0,-0.4883,0.0646,-0.8703,0,2.4829,79.1278,6.979,1]},
{"frame":21,"values":[0.8577,-0.0626,-0.5103,0,0.0875,0.9959,0.0249,0,-0.5066,0.066,-0.8596,0,1.8749,79.6133,5.2194,1]},
{"frame":22,"values":[0.8389,-0.0659,-0.5402,0,0.0916,0.9956,0.0209,0,-0.5365,0.067,-0.8413,0,1.3029,80.6975,4.4459,1]},
{"frame":23,"values":[0.815,-0.0696,-0.5753,0,0.0957,0.9953,0.0151,0,-0.5715,0.0674,-0.8178,0,0.7506,82.1172,3.7142,1]},
{"frame":24,"values":[0.7886,-0.0736,-0.6105,0,0.0992,0.995,0.0083,0,-0.6069,0.0671,-0.7919,0,0.2269,83.614,1.7688,1]},
{"frame":25,"values":[0.7633,-0.0774,-0.6414,0,0.1016,0.9948,0.0009,0,-0.638,0.0659,-0.7672,0,0,84.9272,0,1]}],"loopBehavior":1,"name":"anim","property":"_matrix"}},
{"name":"boss:Spine","index":1,"matrix":[0.9993,-0.0357,-0.0117,0,0.0373,0.9792,0.1995,0,0.0043,-0.1998,0.9798,0,0,9.2263,1.5771,1],"rest":[1,0,0,0,0,1,0,0,0,0,1,0,0,9.2263,1.5771,1],"parentBoneIndex":0,"length":16.2548
,"animation":{"dataType":3,"framePerSecond":24,"keys":[
{"frame":1,"values":[0.9993,-0.0357,-0.0117,0,0.0373,0.9792,0.1995,0,0.0043,-0.1998,0.9798,0,0,9.2263,1.5771,1]},
{"frame":2,"values":[0.9989,-0.0358,-0.031,0,0.0408,0.9827,0.1805,0,0.024,-0.1815,0.9831,0,0,9.2263,1.5771,1]},
{"frame":3,"values":[0.998,-0.036,-0.0523,0,0.0439,0.9861,0.1602,0,0.0458,-0.1622,0.9857,0,0,9.2263,1.5771,1]},
{"frame":4,"values":[0.9966,-0.0359,-0.0741,0,0.0462,0.9887,0.1425,0,0.0681,-0.1455,0.987,0,0,9.2263,1.5771,1]},
{"frame":5,"values":[0.995,-0.035,-0.0937,0,0.047,0.9906,0.1288,0,0.0883,-0.1325,0.9872,0,0,9.2263,1.5771,1]},
{"frame":6,"values":[0.9938,-0.0283,-0.1075,0,0.0416,0.9914,0.1237,0,0.1031,-0.1274,0.9865,0,0,9.2263,1.5771,1]},
{"frame":7,"values":[0.9935,-0.0157,-0.1131,0,0.03,0.9916,0.1259,0,0.1102,-0.1285,0.9856,0,0,9.2263,1.5771,1]},
{"frame":8,"values":[0.994,-0.0024,-0.1096,0,0.0174,0.9905,0.1361,0,0.1083,-0.1372,0.9846,0,0,9.2263,1.5771,1]},
{"frame":9,"values":[0.9948,0.0093,-0.1011,0,0.0062,0.9885,0.1514,0,0.1014,-0.1512,0.9833,0,0,9.2263,1.5771,1]},
{"frame":10,"values":[0.9959,0.0184,-0.0882,0,-0.0029,0.985,0.1726,0,0.0901,-0.1716,0.981,0,0,9.2263,1.5771,1]},
{"frame":11,"values":[0.997,0.0239,-0.0736,0,-0.0085,0.9792,0.2027,0,0.0769,-0.2014,0.9765,0,0,9.2263,1.5771,1]},
{"frame":12,"values":[0.998,0.0297,-0.0557,0,-0.0156,0.9709,0.2391,0,0.0611,-0.2378,0.9694,0,0,9.2263,1.5771,1]},
{"frame":13,"values":[0.9987,0.037,-0.0351,0,-0.026,0.9609,0.2755,0,0.044,-0.2743,0.9606,0,0,9.2263,1.5771,1]},
{"frame":14,"values":[0.999,0.0412,-0.0145,0,-0.0348,0.9506,0.3086,0,0.0265,-0.3078,0.9511,0,0,9.2263,1.5771,1]},
{"frame":15,"values":[0.9989,0.0462,0.006,0,-0.0455,0.9407,0.3363,0,0.0099,-0.3362,0.9417,0,0,9.2263,1.5771,1]},
{"frame":16,"values":[0.9982,0.0539,0.0264,0,-0.0598,0.9336,0.3534,0,-0.0056,-0.3543,0.9351,0,0,9.2263,1.5771,1]},
{"frame":17,"values":[0.9975,0.0568,0.0429,0,-0.0684,0.9311,0.3582,0,-0.0197,-0.3602,0.9327,0,0,9.2263,1.5771,1]},
{"frame":18,"values":[0.9971,0.0541,0.0534,0,-0.0694,0.9342,0.35,0,-0.0309,-0.3527,0.9352,0,0,9.2263,1.5771,1]},
{"frame":19,"values":[0.9971,0.0497,0.0577,0,-0.0662,0.9404,0.3336,0,-0.0376,-0.3364,0.941,0,0,9.2263,1.5771,1]},
{"frame":20,"values":[0.9978,0.0397,0.0532,0,-0.0545,0.9474,0.3155,0,-0.0379,-0.3177,0.9474,0,0,9.2263,1.5771,1]},
{"frame":21,"values":[0.9989,0.0226,0.0418,0,-0.0341,0.9536,0.299,0,-0.0331,-0.3001,0.9533,0,0,9.2263,1.5771,1]},
{"frame":22,"values":[0.9996,0.0025,0.0268,0,-0.0099,0.9606,0.2777,0,-0.0251,-0.2778,0.9603,0,0,9.2263,1.5771,1]},
{"frame":23,"values":[0.9998,-0.0161,0.0113,0,0.0128,0.9676,0.2522,0,-0.0149,-0.252,0.9676,0,0,9.2263,1.5771,1]},
{"frame":24,"values":[0.9995,-0.0319,-0.0027,0,0.0317,0.9743,0.2231,0,-0.0044,-0.223,0.9748,0,0,9.2263,1.5771,1]},
{"frame":25,"values":[0.9993,-0.0351,-0.0113,0,0.0366,0.9788,0.2013,0,0.004,-0.2016,0.9795,0,0,9.2263,1.5771,1]}],"loopBehavior":1,"name":"anim","property":"_matrix"}},
{"name":"boss:Spine1","index":2,"matrix":[0.975,0.113,-0.1912,0,-0.0561,0.9583,0.2803,0,0.2149,-0.2626,0.9407,0,0,16.254,-0.1656,1],"rest":[1,0,0,0,0,1,0,0,0,0,1,0,0,16.254,-0.1656,1],"parentBoneIndex":1,"length":13.7007
,"animation":{"dataType":3,"framePerSecond":24,"keys":[
{"frame":1,"values":[0.975,0.113,-0.1912,0,-0.0561,0.9583,0.2803,0,0.2149,-0.2626,0.9407,0,0,16.254,-0.1656,1]},
{"frame":2,"values":[0.9747,0.1138,-0.1924,0,-0.0556,0.957,0.2847,0,0.2165,-0.2668,0.9391,0,0,16.254,-0.1656,1]},
{"frame":3,"values":[0.9748,0.1109,-0.1935,0,-0.052,0.9567,0.2864,0,0.2169,-0.2691,0.9384,0,0,16.254,-0.1656,1]},
{"frame":4,"values":[0.9749,0.106,-0.1956,0,-0.0468,0.9572,0.2856,0,0.2175,-0.2693,0.9382,0,0,16.254,-0.1656,1]},
{"frame":5,"values":[0.975,0.1008,-0.1979,0,-0.0414,0.958,0.2836,0,0.2182,-0.2683,0.9383,0,0,16.254,-0.1656,1]},
{"frame":6,"values":[0.9752,0.095,-0.1997,0,-0.0359,0.959,0.281,0,0.2183,-0.2668,0.9387,0,0,16.254,-0.1656,1]},
{"frame":7,"values":[0.9756,0.0904,-0.2,0,-0.0316,0.9596,0.2796,0,0.2172,-0.2664,0.9391,0,0,16.254,-0.1656,1]},
{"frame":8,"values":[0.976,0.0881,-0.1991,0,-0.0299,0.96,0.2785,0,0.2156,-0.2659,0.9396,0,0,16.254,-0.1656,1]},
{"frame":9,"values":[0.9763,0.0884,-0.1976,0,-0.0308,0.9603,0.2774,0,0.2143,-0.2647,0.9402,0,0,16.254,-0.1656,1]},
{"frame":10,"values":[0.9766,0.0888,-0.1959,0,-0.0325,0.9612,0.2738,0,0.2127,-0.261,0.9416,0,0,16.254,-0.1656,1]},
{"frame":11,"values":[0.9765,0.088,-0.1966,0,-0.0336,0.9637,0.2649,0,0.2127,-0.2521,0.944,0,0,16.254,-0.1656,1]},
{"frame":12,"values":[0.9768,0.0826,-0.1974,0,-0.0312,0.9676,0.2505,0,0.2117,-0.2386,0.9478,0,0,16.254,-0.1656,1]},
{"frame":13,"values":[0.9774,0.0724,-0.1984,0,-0.0247,0.9721,0.2333,0,0.2098,-0.2231,0.9519,0,0,16.254,-0.1656,1]},
{"frame":14,"values":[0.9779,0.0611,-0.1997,0,-0.0169,0.9763,0.2158,0,0.2082,-0.2077,0.9558,0,0,16.254,-0.1656,1]},
{"frame":15,"values":[0.9783,0.0481,-0.2014,0,-0.0071,0.9798,0.1997,0,0.2069,-0.194,0.9589,0,0,16.254,-0.1656,1]},
{"frame":16,"values":[0.9788,0.0339,-0.202,0,0.0047,0.9822,0.1876,0,0.2048,-0.1846,0.9612,0,0,16.254,-0.1656,1]},
{"frame":17,"values":[0.9792,0.0248,-0.2013,0,0.0125,0.9832,0.1819,0,0.2024,-0.1807,0.9625,0,0,16.254,-0.1656,1]},
{"frame":18,"values":[0.9796,0.0224,-0.1995,0,0.015,0.9829,0.1837,0,0.2002,-0.183,0.9625,0,0,16.254,-0.1656,1]},
{"frame":19,"values":[0.9799,0.0253,-0.198,0,0.0132,0.9815,0.1911,0,0.1992,-0.1899,0.9614,0,0,16.254,-0.1656,1]},
{"frame":20,"values":[0.9797,0.0351,-0.1974,0,0.0056,0.9794,0.2017,0,0.2005,-0.1987,0.9593,0,0,16.254,-0.1656,1]},
{"frame":21,"values":[0.9791,0.0514,-0.197,0,-0.0082,0.9767,0.2143,0,0.2034,-0.2082,0.9567,0,0,16.254,-0.1656,1]},
{"frame":22,"values":[0.9781,0.0715,-0.1955,0,-0.025,0.9727,0.2305,0,0.2067,-0.2206,0.9532,0,0,16.254,-0.1656,1]},
{"frame":23,"values":[0.9768,0.0903,-0.1941,0,-0.0401,0.9678,0.2483,0,0.2103,-0.2348,0.949,0,0,16.254,-0.1656,1]},
{"frame":24,"values":[0.9755,0.1067,-0.1925,0,-0.0526,0.9623,0.2667,0,0.2137,-0.25,0.9444,0,0,16.254,-0.1656,1]},
{"frame":25,"values":[0.9751,0.1123,-0.1912,0,-0.0558,0.9588,0.2784,0,0.2145,-0.2608,0.9413,0,0,16.254,-0.1656,1]}],"loopBehavior":1,"name":"anim","property":"_matrix"}},
{"name":"boss:Spine2","index":3,"matrix":[0.9652,0.1288,-0.2276,0,-0.0705,0.9662,0.2481,0,0.2518,-0.2234,0.9416,0,0,13.6396,-1.2923,1],"rest":[1,0,0,0,0,1,0,0,0,0,1,0,0,13.6396,-1.2923,1],"parentBoneIndex":2,"length":13.1719
,"animation":{"dataType":3,"framePerSecond":24,"keys":[
{"frame":1,"values":[0.9652,0.1288,-0.2276,0,-0.0705,0.9662,0.2481,0,0.2518,-0.2234,0.9416,0,0,13.6396,-1.2923,1]},
{"frame":2,"values":[0.9647,0.1307,-0.2287,0,-0.0709,0.965,0.2524,0,0.2537,-0.2273,0.9402,0,0,13.6396,-1.2923,1]},
{"frame":3,"values":[0.9649,0.1285,-0.2289,0,-0.0681,0.9646,0.2547,0,0.2535,-0.2302,0.9395,0,0,13.6396,-1.2923,1]},
{"frame":4,"values":[0.9653,0.1239,-0.2299,0,-0.0632,0.9649,0.2548,0,0.2534,-0.2314,0.9393,0,0,13.6396,-1.2923,1]},
{"frame":5,"values":[0.9657,0.1187,-0.2311,0,-0.058,0.9656,0.2536,0,0.2532,-0.2315,0.9393,0,0,13.6396,-1.2923,1]},
{"frame":6,"values":[0.9662,0.113,-0.2317,0,-0.0525,0.9663,0.2519,0,0.2524,-0.2312,0.9396,0,0,13.6396,-1.2923,1]},
{"frame":7,"values":[0.9669,0.1085,-0.231,0,-0.0484,0.9667,0.2515,0,0.2506,-0.232,0.9399,0,0,13.6396,-1.2923,1]},
{"frame":8,"values":[0.9675,0.1062,-0.2295,0,-0.0467,0.9669,0.2509,0,0.2486,-0.232,0.9404,0,0,13.6396,-1.2923,1]},
{"frame":9,"values":[0.9678,0.1062,-0.2282,0,-0.0473,0.9671,0.2498,0,0.2472,-0.231,0.941,0,0,13.6396,-1.2923,1]},
{"frame":10,"values":[0.9682,0.1057,-0.2267,0,-0.0481,0.9681,0.2461,0,0.2455,-0.2274,0.9424,0,0,13.6396,-1.2923,1]},
{"frame":11,"values":[0.9683,0.1026,-0.2276,0,-0.0471,0.9703,0.2371,0,0.2452,-0.2189,0.9444,0,0,13.6396,-1.2923,1]},
{"frame":12,"values":[0.9692,0.0939,-0.2278,0,-0.0419,0.9738,0.2234,0,0.2428,-0.207,0.9477,0,0,13.6396,-1.2923,1]},
{"frame":13,"values":[0.9705,0.0802,-0.2272,0,-0.0322,0.9777,0.2076,0,0.2388,-0.1942,0.9515,0,0,13.6396,-1.2923,1]},
{"frame":14,"values":[0.9718,0.0655,-0.2267,0,-0.0213,0.9812,0.1918,0,0.235,-0.1816,0.9549,0,0,13.6396,-1.2923,1]},
{"frame":15,"values":[0.9728,0.0495,-0.2263,0,-0.0087,0.984,0.1779,0,0.2314,-0.1711,0.9577,0,0,13.6396,-1.2923,1]},
{"frame":16,"values":[0.9739,0.0337,-0.2244,0,0.0047,0.9857,0.1682,0,0.2269,-0.1648,0.9599,0,0,13.6396,-1.2923,1]},
{"frame":17,"values":[0.9747,0.0242,-0.222,0,0.0129,0.9864,0.1641,0,0.223,-0.1628,0.9611,0,0,13.6396,-1.2923,1]},
{"frame":18,"values":[0.9753,0.0225,-0.2196,0,0.0147,0.986,0.1663,0,0.2203,-0.1655,0.9613,0,0,13.6396,-1.2923,1]},
{"frame":19,"values":[0.9755,0.0272,-0.2184,0,0.0113,0.9848,0.1733,0,0.2198,-0.1715,0.9603,0,0,13.6396,-1.2923,1]},
{"frame":20,"values":[0.9748,0.0387,-0.2196,0,0.002,0.9833,0.1822,0,0.223,-0.178,0.9584,0,0,13.6396,-1.2923,1]},
{"frame":21,"values":[0.9733,0.0565,-0.2223,0,-0.0132,0.9813,0.1918,0,0.229,-0.1838,0.9559,0,0,13.6396,-1.2923,1]},
{"frame":22,"values":[0.9712,0.0787,-0.2247,0,-0.0319,0.9783,0.2047,0,0.236,-0.1916,0.9527,0,0,13.6396,-1.2923,1]},
{"frame":23,"values":[0.9687,0.1002,-0.227,0,-0.0493,0.9744,0.2194,0,0.2432,-0.2013,0.9489,0,0,13.6396,-1.2923,1]},
{"frame":24,"values":[0.9662,0.1195,-0.2285,0,-0.0643,0.9698,0.2353,0,0.2497,-0.2126,0.9447,0,0,13.6396,-1.2923,1]},
{"frame":25,"values":[0.9653,0.1276,-0.228,0,-0.0696,0.9667,0.2463,0,0.2518,-0.2218,0.942,0,0,13.6396,-1.2923,1]}],"loopBehavior":1,"name":"anim","property":"_matrix"}},
{"name":"boss:Neck","index":4,"matrix":[0.9982,0.0502,0.0342,0,-0.0481,0.9971,-0.0594,0,-0.0371,0.0576,0.9977,0,0,13.8774,-4.3542,1],"rest":[1,0,0,0,0,1,0,0,0,0,1,0,0,13.8774,-4.3542,1],"parentBoneIndex":3,"length":4.4379
,"animation":{"dataType":3,"framePerSecond":24,"keys":[
{"frame":1,"values":[0.9982,0.0502,0.0342,0,-0.0481,0.9971,-0.0594,0,-0.0371,0.0576,0.9977,0,0,13.8774,-4.3542,1]},
{"frame":2,"values":[0.9982,0.05,0.0318,0,-0.0482,0.9972,-0.0576,0,-0.0346,0.0559,0.9978,0,0,13.8774,-4.3542,1]},
{"frame":3,"values":[0.9983,0.0499,0.0296,0,-0.0482,0.9973,-0.0558,0,-0.0323,0.0543,0.998,0,0,13.8774,-4.3542,1]},
{"frame":4,"values":[0.9984,0.0499,0.0275,0,-0.0483,0.9974,-0.0541,0,-0.0302,0.0527,0.9982,0,0,13.8774,-4.3542,1]},
{"frame":5,"values":[0.9984,0.0498,0.0257,0,-0.0484,0.9975,-0.0524,0,-0.0283,0.0511,0.9983,0,0,13.8774,-4.3542,1]},
{"frame":6,"values":[0.9985,0.0498,0.0243,0,-0.0486,0.9975,-0.0506,0,-0.0268,0.0494,0.9984,0,0,13.8774,-4.3542,1]},
{"frame":7,"values":[0.9985,0.0498,0.024,0,-0.0486,0.9976,-0.0492,0,-0.0264,0.0479,0.9985,0,0,13.8774,-4.3542,1]},
{"frame":8,"values":[0.9984,0.0498,0.0256,0,-0.0485,0.9976,-0.0487,0,-0.028,0.0474,0.9985,0,0,13.8774,-4.3542,1]},
{"frame":9,"values":[0.9984,0.0498,0.0276,0,-0.0484,0.9976,-0.0496,0,-0.03,0.0482,0.9984,0,0,13.8774,-4.3542,1]},
{"frame":10,"values":[0.9983,0.0498,0.0299,0,-0.0482,0.9975,-0.0518,0,-0.0324,0.0502,0.9982,0,0,13.8774,-4.3542,1]},
{"frame":11,"values":[0.9982,0.05,0.0324,0,-0.0481,0.9973,-0.0549,0,-0.035,0.0533,0.998,0,0,13.8774,-4.3542,1]},
{"frame":12,"values":[0.9981,0.0501,0.0351,0,-0.048,0.9972,-0.058,0,-0.038,0.0562,0.9977,0,0,13.8774,-4.3542,1]},
{"frame":13,"values":[0.998,0.0503,0.0382,0,-0.048,0.997,-0.06,0,-0.0411,0.058,0.9975,0,0,13.8774,-4.3542,1]},
{"frame":14,"values":[0.9979,0.0504,0.0413,0,-0.0479,0.997,-0.0602,0,-0.0442,0.0581,0.9973,0,0,13.8774,-4.3542,1]},
{"frame":15,"values":[0.9977,0.0505,0.0443,0,-0.0478,0.9971,-0.0594,0,-0.0472,0.0572,0.9972,0,0,13.8774,-4.3542,1]},
{"frame":16,"values":[0.9976,0.0504,0.0471,0,-0.0476,0.9972,-0.058,0,-0.0499,0.0556,0.9972,0,0,13.8774,-4.3542,1]},
{"frame":17,"values":[0.9975,0.0503,0.0495,0,-0.0475,0.9973,-0.056,0,-0.0522,0.0535,0.9972,0,0,13.8774,-4.3542,1]},
{"frame":18,"values":[0.9974,0.0501,0.0514,0,-0.0473,0.9974,-0.0538,0,-0.0539,0.0512,0.9972,0,0,13.8774,-4.3542,1]},
{"frame":19,"values":[0.9974,0.0498,0.0526,0,-0.0471,0.9976,-0.0515,0,-0.0551,0.0489,0.9973,0,0,13.8774,-4.3542,1]},
{"frame":20,"values":[0.9974,0.0496,0.0518,0,-0.0471,0.9977,-0.0494,0,-0.0542,0.0468,0.9974,0,0,13.8774,-4.3542,1]},
{"frame":21,"values":[0.9976,0.0495,0.0492,0,-0.0472,0.9977,-0.0479,0,-0.0515,0.0455,0.9976,0,0,13.8774,-4.3542,1]},
{"frame":22,"values":[0.9977,0.0496,0.0458,0,-0.0474,0.9977,-0.0486,0,-0.0481,0.0463,0.9978,0,0,13.8774,-4.3542,1]},
{"frame":23,"values":[0.9979,0.0498,0.0418,0,-0.0477,0.9975,-0.0514,0,-0.0443,0.0493,0.9978,0,0,13.8774,-4.3542,1]},
{"frame":24,"values":[0.998,0.05,0.0378,0,-0.0479,0.9973,-0.0554,0,-0.0405,0.0535,0.9977,0,0,13.8774,-4.3542,1]},
{"frame":25,"values":[0.9982,0.0502,0.0342,0,-0.0481,0.9971,-0.0594,0,-0.0371,0.0576,0.9977,0,0,13.8774,-4.3542,1]}],"loopBehavior":1,"name":"anim","property":"_matrix"}},
{"name":"boss:Neck1","index":5,"matrix":[0.9982,0.0502,0.0342,0,-0.0481,0.9971,-0.0594,0,-0.0371,0.0576,0.9977,0,0,4.34,0.9269,1],"rest":[1,0,0,0,0,1,0,0,0,0,1,0,0,4.34,0.9269,1],"parentBoneIndex":4,"length":4.1171
,"animation":{"dataType":3,"framePerSecond":24,"keys":[
{"frame":1,"values":[0.9982,0.0502,0.0342,0,-0.0481,0.9971,-0.0594,0,-0.0371,0.0576,0.9977,0,0,4.34,0.9269,1]},
{"frame":2,"values":[0.9982,0.05,0.0318,0,-0.0482,0.9972,-0.0576,0,-0.0346,0.0559,0.9978,0,0,4.34,0.9269,1]},
{"frame":3,"values":[0.9983,0.0499,0.0296,0,-0.0482,0.9973,-0.0558,0,-0.0323,0.0543,0.998,0,0,4.34,0.9269,1]},
{"frame":4,"values":[0.9984,0.0499,0.0275,0,-0.0483,0.9974,-0.0541,0,-0.0302,0.0527,0.9982,0,0,4.34,0.9269,1]},
{"frame":5,"values":[0.9984,0.0498,0.0257,0,-0.0484,0.9975,-0.0524,0,-0.0283,0.0511,0.9983,0,0,4.34,0.9269,1]},
{"frame":6,"values":[0.9985,0.0498,0.0243,0,-0.0486,0.9975,-0.0506,0,-0.0268,0.0494,0.9984,0,0,4.34,0.9269,1]},
{"frame":7,"values":[0.9985,0.0498,0.024,0,-0.0486,0.9976,-0.0492,0,-0.0264,0.0479,0.9985,0,0,4.34,0.9269,1]},
{"frame":8,"values":[0.9984,0.0498,0.0256,0,-0.0485,0.9976,-0.0487,0,-0.028,0.0474,0.9985,0,0,4.34,0.9269,1]},
{"frame":9,"values":[0.9984,0.0498,0.0276,0,-0.0484,0.9976,-0.0496,0,-0.03,0.0482,0.9984,0,0,4.34,0.9269,1]},
{"frame":10,"values":[0.9983,0.0498,0.0299,0,-0.0482,0.9975,-0.0518,0,-0.0324,0.0502,0.9982,0,0,4.34,0.9269,1]},
{"frame":11,"values":[0.9982,0.05,0.0324,0,-0.0481,0.9973,-0.0549,0,-0.035,0.0533,0.998,0,0,4.34,0.9269,1]},
{"frame":12,"values":[0.9981,0.0501,0.0351,0,-0.048,0.9972,-0.058,0,-0.038,0.0562,0.9977,0,0,4.34,0.9269,1]},
{"frame":13,"values":[0.998,0.0503,0.0382,0,-0.048,0.997,-0.06,0,-0.0411,0.058,0.9975,0,0,4.34,0.9269,1]},
{"frame":14,"values":[0.9979,0.0504,0.0413,0,-0.0479,0.997,-0.0602,0,-0.0442,0.0581,0.9973,0,0,4.34,0.9269,1]},
{"frame":15,"values":[0.9977,0.0505,0.0443,0,-0.0478,0.9971,-0.0594,0,-0.0472,0.0572,0.9972,0,0,4.34,0.9269,1]},
{"frame":16,"values":[0.9976,0.0504,0.0471,0,-0.0476,0.9972,-0.058,0,-0.0499,0.0556,0.9972,0,0,4.34,0.9269,1]},
{"frame":17,"values":[0.9975,0.0503,0.0495,0,-0.0475,0.9973,-0.056,0,-0.0522,0.0535,0.9972,0,0,4.34,0.9269,1]},
{"frame":18,"values":[0.9974,0.0501,0.0514,0,-0.0473,0.9974,-0.0538,0,-0.0539,0.0512,0.9972,0,0,4.34,0.9269,1]},
{"frame":19,"values":[0.9974,0.0498,0.0526,0,-0.0471,0.9976,-0.0515,0,-0.0551,0.0489,0.9973,0,0,4.34,0.9269,1]},
{"frame":20,"values":[0.9974,0.0496,0.0518,0,-0.0471,0.9977,-0.0494,0,-0.0542,0.0468,0.9974,0,0,4.34,0.9269,1]},
{"frame":21,"values":[0.9976,0.0495,0.0492,0,-0.0472,0.9977,-0.0479,0,-0.0515,0.0455,0.9976,0,0,4.34,0.9269,1]},
{"frame":22,"values":[0.9977,0.0496,0.0458,0,-0.0474,0.9977,-0.0486,0,-0.0481,0.0463,0.9978,0,0,4.34,0.9269,1]},
{"frame":23,"values":[0.9979,0.0498,0.0418,0,-0.0477,0.9975,-0.0514,0,-0.0443,0.0493,0.9978,0,0,4.34,0.9269,1]},
{"frame":24,"values":[0.998,0.05,0.0378,0,-0.0479,0.9973,-0.0554,0,-0.0405,0.0535,0.9977,0,0,4.34,0.9269,1]},
{"frame":25,"values":[0.9982,0.0502,0.0342,0,-0.0481,0.9971,-0.0594,0,-0.0371,0.0576,0.9977,0,0,4.34,0.9269,1]}],"loopBehavior":1,"name":"anim","property":"_matrix"}},
{"name":"boss:Head","index":6,"matrix":[0.9982,0.0502,0.0342,0,-0.0481,0.9971,-0.0594,0,-0.0371,0.0576,0.9977,0,0,4.0266,0.8585,1],"rest":[1,0,0,0,0,1,0,0,0,0,1,0,0,4.0266,0.8585,1],"parentBoneIndex":5,"length":4.1171
,"animation":{"dataType":3,"framePerSecond":24,"keys":[
{"frame":1,"values":[0.9982,0.0502,0.0342,0,-0.0481,0.9971,-0.0594,0,-0.0371,0.0576,0.9977,0,0,4.0266,0.8585,1]},
{"frame":2,"values":[0.9982,0.05,0.0318,0,-0.0482,0.9972,-0.0576,0,-0.0346,0.0559,0.9978,0,0,4.0266,0.8585,1]},
{"frame":3,"values":[0.9983,0.0499,0.0296,0,-0.0482,0.9973,-0.0558,0,-0.0323,0.0543,0.998,0,0,4.0266,0.8585,1]},
{"frame":4,"values":[0.9984,0.0499,0.0275,0,-0.0483,0.9974,-0.0541,0,-0.0302,0.0527,0.9982,0,0,4.0266,0.8585,1]},
{"frame":5,"values":[0.9984,0.0498,0.0257,0,-0.0484,0.9975,-0.0524,0,-0.0283,0.0511,0.9983,0,0,4.0266,0.8585,1]},
{"frame":6,"values":[0.9985,0.0498,0.0243,0,-0.0486,0.9975,-0.0506,0,-0.0268,0.0494,0.9984,0,0,4.0266,0.8585,1]},
{"frame":7,"values":[0.9985,0.0498,0.024,0,-0.0486,0.9976,-0.0492,0,-0.0264,0.0479,0.9985,0,0,4.0266,0.8585,1]},
{"frame":8,"values":[0.9984,0.0498,0.0256,0,-0.0485,0.9976,-0.0487,0,-0.028,0.0474,0.9985,0,0,4.0266,0.8585,1]},
{"frame":9,"values":[0.9984,0.0498,0.0276,0,-0.0484,0.9976,-0.0496,0,-0.03,0.0482,0.9984,0,0,4.0266,0.8585,1]},
{"frame":10,"values":[0.9983,0.0498,0.0299,0,-0.0483,0.9975,-0.0518,0,-0.0324,0.0502,0.9982,0,0,4.0266,0.8585,1]},
{"frame":11,"values":[0.9982,0.05,0.0324,0,-0.0481,0.9973,-0.0549,0,-0.035,0.0533,0.998,0,0,4.0266,0.8585,1]},
{"frame":12,"values":[0.9981,0.0501,0.0351,0,-0.048,0.9972,-0.058,0,-0.038,0.0562,0.9977,0,0,4.0266,0.8585,1]},
{"frame":13,"values":[0.998,0.0503,0.0382,0,-0.048,0.997,-0.06,0,-0.0411,0.058,0.9975,0,0,4.0266,0.8585,1]},
{"frame":14,"values":[0.9979,0.0504,0.0413,0,-0.0479,0.997,-0.0602,0,-0.0442,0.0581,0.9973,0,0,4.0266,0.8585,1]},
{"frame":15,"values":[0.9977,0.0505,0.0443,0,-0.0478,0.9971,-0.0594,0,-0.0472,0.0572,0.9972,0,0,4.0266,0.8585,1]},
{"frame":16,"values":[0.9976,0.0504,0.0471,0,-0.0476,0.9972,-0.058,0,-0.0499,0.0556,0.9972,0,0,4.0266,0.8585,1]},
{"frame":17,"values":[0.9975,0.0503,0.0495,0,-0.0475,0.9973,-0.056,0,-0.0522,0.0535,0.9972,0,0,4.0266,0.8585,1]},
{"frame":18,"values":[0.9974,0.0501,0.0514,0,-0.0473,0.9974,-0.0538,0,-0.0539,0.0512,0.9972,0,0,4.0266,0.8585,1]},
{"frame":19,"values":[0.9974,0.0498,0.0526,0,-0.0471,0.9976,-0.0515,0,-0.0551,0.0489,0.9973,0,0,4.0266,0.8585,1]},
{"frame":20,"values":[0.9974,0.0496,0.0518,0,-0.0471,0.9977,-0.0494,0,-0.0542,0.0468,0.9974,0,0,4.0266,0.8585,1]},
{"frame":21,"values":[0.9976,0.0495,0.0492,0,-0.0472,0.9977,-0.0479,0,-0.0515,0.0455,0.9976,0,0,4.0266,0.8585,1]},
{"frame":22,"values":[0.9977,0.0496,0.0458,0,-0.0474,0.9977,-0.0486,0,-0.0481,0.0463,0.9978,0,0,4.0266,0.8585,1]},
{"frame":23,"values":[0.9979,0.0498,0.0418,0,-0.0477,0.9975,-0.0514,0,-0.0443,0.0493,0.9978,0,0,4.0266,0.8585,1]},
{"frame":24,"values":[0.998,0.05,0.0378,0,-0.0479,0.9973,-0.0554,0,-0.0405,0.0535,0.9977,0,0,4.0266,0.8585,1]},
{"frame":25,"values":[0.9982,0.0502,0.0342,0,-0.0481,0.9971,-0.0594,0,-0.0371,0.0576,0.9977,0,0,4.0266,0.8585,1]}],"loopBehavior":1,"name":"anim","property":"_matrix"}},
{"name":"boss:LeftShoulder","index":7,"matrix":[0.8914,-0.0167,0.4529,0,0.0358,0.9988,-0.0337,0,-0.4518,0.0462,0.8909,0,6.1442,10.187,-3.7932,1],"rest":[1,0,0,0,0,1,0,0,0,0,1,0,6.1442,10.187,-3.7932,1],"parentBoneIndex":3,"length":12.4986
,"animation":{"dataType":3,"framePerSecond":24,"keys":[
{"frame":1,"values":[0.8914,-0.0167,0.4529,0,0.0358,0.9988,-0.0337,0,-0.4518,0.0462,0.8909,0,6.1442,10.187,-3.7932,1]},
{"frame":2,"values":[0.906,-0.018,0.423,0,0.0382,0.9985,-0.0392,0,-0.4216,0.0516,0.9053,0,6.1442,10.187,-3.7932,1]},
{"frame":3,"values":[0.9213,-0.0193,0.3883,0,0.0401,0.9981,-0.0457,0,-0.3867,0.0577,0.9204,0,6.1442,10.187,-3.7932,1]},
{"frame":4,"values":[0.9353,-0.0201,0.3532,0,0.0413,0.9978,-0.0524,0,-0.3514,0.0636,0.9341,0,6.1442,10.187,-3.7932,1]},
{"frame":5,"values":[0.9465,-0.0212,0.3221,0,0.0422,0.9974,-0.0584,0,-0.3201,0.0689,0.9449,0,6.1442,10.187,-3.7932,1]},
{"frame":6,"values":[0.9534,-0.0207,0.301,0,0.0414,0.9972,-0.0624,0,-0.2989,0.072,0.9516,0,6.1442,10.187,-3.7932,1]},
{"frame":7,"values":[0.9556,-0.0206,0.294,0,0.0412,0.9971,-0.0638,0,-0.2918,0.073,0.9537,0,6.1442,10.187,-3.7932,1]},
{"frame":8,"values":[0.954,-0.0194,0.2993,0,0.0398,0.9973,-0.0622,0,-0.2973,0.0713,0.9521,0,6.1442,10.187,-3.7932,1]},
{"frame":9,"values":[0.9492,-0.0191,0.3142,0,0.0394,0.9975,-0.0583,0,-0.3123,0.0677,0.9476,0,6.1442,10.187,-3.7932,1]},
{"frame":10,"values":[0.9412,-0.019,0.3374,0,0.0387,0.9979,-0.0517,0,-0.3357,0.0617,0.9399,0,6.1442,10.187,-3.7932,1]},
{"frame":11,"values":[0.931,-0.019,0.3645,0,0.0377,0.9983,-0.0441,0,-0.3631,0.0548,0.9301,0,6.1442,10.187,-3.7932,1]},
{"frame":12,"values":[0.9186,-0.0191,0.3947,0,0.0362,0.9987,-0.0357,0,-0.3935,0.0471,0.9181,0,6.1442,10.187,-3.7932,1]},
{"frame":13,"values":[0.9049,-0.0192,0.4251,0,0.0339,0.9991,-0.0271,0,-0.4242,0.0389,0.9047,0,6.1442,10.187,-3.7932,1]},
{"frame":14,"values":[0.8901,-0.0191,0.4553,0,0.0309,0.9993,-0.0186,0,-0.4547,0.0306,0.8901,0,6.1442,10.187,-3.7932,1]},
{"frame":15,"values":[0.8752,-0.0189,0.4835,0,0.0274,0.9996,-0.0104,0,-0.4831,0.0223,0.8753,0,6.1442,10.187,-3.7932,1]},
{"frame":16,"values":[0.8597,-0.0186,0.5104,0,0.0234,0.9997,-0.0031,0,-0.5102,0.0146,0.8599,0,6.1442,10.187,-3.7932,1]},
{"frame":17,"values":[0.8481,-0.0186,0.5294,0,0.0195,0.9998,0.0038,0,-0.5294,0.0071,0.8483,0,6.1442,10.187,-3.7932,1]},
{"frame":18,"values":[0.8376,-0.0185,0.5459,0,0.0158,0.9998,0.0096,0,-0.546,0.0006,0.8378,0,6.1442,10.187,-3.7932,1]},
{"frame":19,"values":[0.8327,-0.0189,0.5534,0,0.013,0.9998,0.0146,0,-0.5536,-0.005,0.8328,0,6.1442,10.187,-3.7932,1]},
{"frame":20,"values":[0.8311,-0.0198,0.5558,0,0.0112,0.9998,0.0188,0,-0.5561,-0.0094,0.8311,0,6.1442,10.187,-3.7932,1]},
{"frame":21,"values":[0.8389,-0.021,0.5439,0,0.012,0.9997,0.0201,0,-0.5442,-0.0103,0.8389,0,6.1442,10.187,-3.7932,1]},
{"frame":22,"values":[0.8499,-0.0207,0.5266,0,0.017,0.9998,0.0119,0,-0.5267,-0.0012,0.85,0,6.1442,10.187,-3.7932,1]},
{"frame":23,"values":[0.8643,-0.0285,0.5022,0,0.0337,0.9994,-0.0012,0,-0.5019,0.018,0.8647,0,6.1442,10.187,-3.7932,1]},
{"frame":24,"values":[0.8794,-0.0257,0.4754,0,0.0389,0.9991,-0.0179,0,-0.4745,0.0342,0.8796,0,6.1442,10.187,-3.7932,1]},
{"frame":25,"values":[0.8913,-0.0231,0.4529,0,0.0428,0.9985,-0.0333,0,-0.4515,0.0491,0.8909,0,6.1442,10.187,-3.7932,1]}],"loopBehavior":1,"name":"anim","property":"_matrix"}},
{"name":"boss:LeftArm","index":8,"matrix":[0.5579,-0.2835,0.78,0,0.8029,0.4224,-0.4207,0,-0.2102,0.8609,0.4632,0,12.3191,-1.113,-1.7935,1],"rest":[1,0,0,0,0,1,0,0,0,0,1,0,12.3191,-1.113,-1.7935,1],"parentBoneIndex":7,"length":27.687
,"animation":{"dataType":3,"framePerSecond":24,"keys":[
{"frame":1,"values":[0.5579,-0.2835,0.78,0,0.8029,0.4224,-0.4207,0,-0.2102,0.8609,0.4632,0,12.3191,-1.113,-1.7935,1]},
{"frame":2,"values":[0.5351,-0.2856,0.795,0,0.816,0.4183,-0.399,0,-0.2186,0.8623,0.4569,0,12.3191,-1.113,-1.7935,1]},
{"frame":3,"values":[0.5153,-0.2835,0.8088,0,0.8255,0.4176,-0.3796,0,-0.2302,0.8633,0.4492,0,12.3191,-1.113,-1.7935,1]},
{"frame":4,"values":[0.4916,-0.2826,0.8237,0,0.8358,0.4185,-0.3552,0,-0.2444,0.8631,0.442,0,12.3191,-1.113,-1.7935,1]},
{"frame":5,"values":[0.4688,-0.2824,0.837,0,0.8449,0.4198,-0.3316,0,-0.2577,0.8626,0.4354,0,12.3191,-1.113,-1.7935,1]},
{"frame":6,"values":[0.4454,-0.2825,0.8496,0,0.8528,0.4227,-0.3066,0,-0.2725,0.8611,0.4292,0,12.3191,-1.113,-1.7935,1]},
{"frame":7,"values":[0.4382,-0.2759,0.8555,0,0.8548,0.4222,-0.3017,0,-0.2779,0.8635,0.4209,0,12.3191,-1.113,-1.7935,1]},
{"frame":8,"values":[0.4449,-0.2646,0.8556,0,0.8513,0.4215,-0.3124,0,-0.278,0.8674,0.4128,0,12.3191,-1.113,-1.7935,1]},
{"frame":9,"values":[0.4567,-0.2499,0.8538,0,0.8442,0.4244,-0.3274,0,-0.2805,0.8703,0.4048,0,12.3191,-1.113,-1.7935,1]},
{"frame":10,"values":[0.4772,-0.2285,0.8485,0,0.8307,0.4324,-0.3507,0,-0.2868,0.8722,0.3962,0,12.3191,-1.113,-1.7935,1]},
{"frame":11,"values":[0.4947,-0.2073,0.844,0,0.8172,0.4415,-0.3705,0,-0.2959,0.873,0.3878,0,12.3191,-1.113,-1.7935,1]},
{"frame":12,"values":[0.5147,-0.1856,0.8371,0,0.7983,0.4598,-0.3889,0,-0.3127,0.8684,0.3848,0,12.3191,-1.113,-1.7935,1]},
{"frame":13,"values":[0.539,-0.162,0.8266,0,0.7758,0.4778,-0.4121,0,-0.3282,0.8634,0.3832,0,12.3191,-1.113,-1.7935,1]},
{"frame":14,"values":[0.5645,-0.1411,0.8133,0,0.7516,0.4951,-0.4358,0,-0.3411,0.8573,0.3855,0,12.3191,-1.113,-1.7935,1]},
{"frame":15,"values":[0.5833,-0.13,0.8018,0,0.7325,0.5109,-0.45,0,-0.3512,0.8498,0.3932,0,12.3191,-1.113,-1.7935,1]},
{"frame":16,"values":[0.6055,-0.1223,0.7864,0,0.7142,0.5193,-0.4692,0,-0.351,0.8458,0.4019,0,12.3191,-1.113,-1.7935,1]},
{"frame":17,"values":[0.6224,-0.1127,0.7745,0,0.6992,0.5246,-0.4856,0,-0.3516,0.8438,0.4053,0,12.3191,-1.113,-1.7935,1]},
{"frame":18,"values":[0.6385,-0.1064,0.7622,0,0.6872,0.5248,-0.5024,0,-0.3466,0.8446,0.4082,0,12.3191,-1.113,-1.7935,1]},
{"frame":19,"values":[0.6425,-0.1096,0.7584,0,0.6875,0.5194,-0.5074,0,-0.3383,0.8474,0.4091,0,12.3191,-1.113,-1.7935,1]},
{"frame":20,"values":[0.6375,-0.1237,0.7605,0,0.6977,0.5114,-0.5017,0,-0.3268,0.8504,0.4123,0,12.3191,-1.113,-1.7935,1]},
{"frame":21,"values":[0.6211,-0.1436,0.7705,0,0.7177,0.4993,-0.4855,0,-0.315,0.8544,0.4132,0,12.3191,-1.113,-1.7935,1]},
{"frame":22,"values":[0.606,-0.1735,0.7763,0,0.739,0.484,-0.4687,0,-0.2944,0.8577,0.4215,0,12.3191,-1.113,-1.7935,1]},
{"frame":23,"values":[0.5926,-0.2042,0.7792,0,0.7584,0.4675,-0.4543,0,-0.2715,0.8601,0.4319,0,12.3191,-1.113,-1.7935,1]},
{"frame":24,"values":[0.5696,-0.2456,0.7844,0,0.7843,0.4476,-0.4294,0,-0.2457,0.8598,0.4476,0,12.3191,-1.113,-1.7935,1]},
{"frame":25,"values":[0.5598,-0.2817,0.7793,0,0.7994,0.4313,-0.4184,0,-0.2182,0.8571,0.4666,0,12.3191,-1.113,-1.7935,1]}],"loopBehavior":1,"name":"anim","property":"_matrix"}},
{"name":"boss:LeftForeArm","index":9,"matrix":[0.3831,-0.1795,0.9061,0,0.7814,-0.4601,-0.4215,0,0.4926,0.8695,-0.036,0,27.687,0,0,1],"rest":[1,0,0,0,0,1,0,0,0,0,1,0,27.687,0,0,1],"parentBoneIndex":8,"length":27.8738
,"animation":{"dataType":3,"framePerSecond":24,"keys":[
{"frame":1,"values":[0.3831,-0.1795,0.9061,0,0.7814,-0.4601,-0.4215,0,0.4926,0.8695,-0.036,0,27.687,0,0,1]},
{"frame":2,"values":[0.4003,-0.1868,0.8972,0,0.7586,-0.4816,-0.4388,0,0.514,0.8562,-0.0511,0,27.687,0,0,1]},
{"frame":3,"values":[0.4066,-0.1968,0.8921,0,0.7303,-0.5167,-0.4469,0,0.5489,0.8332,-0.0664,0,27.687,0,0,1]},
{"frame":4,"values":[0.4186,-0.1998,0.8859,0,0.7185,-0.5237,-0.4576,0,0.5554,0.8281,-0.0757,0,27.687,0,0,1]},
{"frame":5,"values":[0.4321,-0.2022,0.8789,0,0.7083,-0.5271,-0.4695,0,0.5582,0.8254,-0.0846,0,27.687,0,0,1]},
{"frame":6,"values":[0.4562,-0.1891,0.8695,0,0.7193,-0.4969,-0.4855,0,0.5239,0.8469,-0.0907,0,27.687,0,0,1]},
{"frame":7,"values":[0.4751,-0.1989,0.8572,0,0.6986,-0.5071,-0.5048,0,0.5351,0.8386,-0.1019,0,27.687,0,0,1]},
{"frame":8,"values":[0.4848,-0.2141,0.848,0,0.6736,-0.5271,-0.5181,0,0.5579,0.8224,-0.1113,0,27.687,0,0,1]},
{"frame":9,"values":[0.496,-0.2219,0.8395,0,0.6594,-0.5327,-0.5305,0,0.5649,0.8167,-0.1179,0,27.687,0,0,1]},
{"frame":10,"values":[0.4991,-0.2288,0.8358,0,0.6477,-0.5423,-0.5352,0,0.5757,0.8085,-0.1225,0,27.687,0,0,1]},
{"frame":11,"values":[0.5038,-0.2457,0.8281,0,0.6158,-0.5701,-0.5438,0,0.6058,0.7839,-0.1359,0,27.687,0,0,1]},
{"frame":12,"values":[0.4996,-0.2391,0.8326,0,0.6244,-0.5668,-0.5374,0,0.6004,0.7884,-0.1339,0,27.687,0,0,1]},
{"frame":13,"values":[0.4853,-0.2381,0.8413,0,0.624,-0.5797,-0.524,0,0.6125,0.7793,-0.1327,0,27.687,0,0,1]},
{"frame":14,"values":[0.4626,-0.2365,0.8545,0,0.6276,-0.5934,-0.504,0,0.6262,0.7694,-0.126,0,27.687,0,0,1]},
{"frame":15,"values":[0.4481,-0.2234,0.8656,0,0.6523,-0.5804,-0.4875,0,0.6113,0.7831,-0.1143,0,27.687,0,0,1]},
{"frame":16,"values":[0.4297,-0.2254,0.8744,0,0.6527,-0.5916,-0.4733,0,0.624,0.7741,-0.1071,0,27.687,0,0,1]},
{"frame":17,"values":[0.4138,-0.2269,0.8816,0,0.6532,-0.6006,-0.4611,0,0.6341,0.7667,-0.1003,0,27.687,0,0,1]},
{"frame":18,"values":[0.3996,-0.2249,0.8887,0,0.6612,-0.6007,-0.4494,0,0.6349,0.7672,-0.0913,0,27.687,0,0,1]},
{"frame":19,"values":[0.3992,-0.2182,0.8905,0,0.6778,-0.5839,-0.4469,0,0.6175,0.782,-0.0852,0,27.687,0,0,1]},
{"frame":20,"values":[0.4054,-0.2095,0.8898,0,0.6959,-0.5605,-0.449,0,0.5928,0.8012,-0.0814,0,27.687,0,0,1]},
{"frame":21,"values":[0.4087,-0.2014,0.8902,0,0.7113,-0.5409,-0.449,0,0.5719,0.8166,-0.0778,0,27.687,0,0,1]},
{"frame":22,"values":[0.4035,-0.1946,0.8941,0,0.7248,-0.5285,-0.4421,0,0.5585,0.8264,-0.0722,0,27.687,0,0,1]},
{"frame":23,"values":[0.3941,-0.2105,0.8946,0,0.7059,-0.554,-0.4413,0,0.5885,0.8055,-0.0697,0,27.687,0,0,1]},
{"frame":24,"values":[0.3968,-0.1901,0.898,0,0.7499,-0.497,-0.4366,0,0.5293,0.8467,-0.0546,0,27.687,0,0,1]},
{"frame":25,"values":[0.3796,-0.1838,0.9067,0,0.7551,-0.5046,-0.4185,0,0.5345,0.8435,-0.0528,0,27.687,0,0,1]}],"loopBehavior":1,"name":"anim","property":"_matrix"}},
{"name":"boss:LeftHand","index":10,"matrix":[0.9824,0.032,-0.1842,0,-0.0911,0.9424,-0.3219,0,0.1633,0.333,0.9287,0,27.8738,0,0,1],"rest":[0.9974,-0.0541,-0.0467,0,0.0586,0.9932,0.1006,0,0.041,-0.1031,0.9938,0,27.8738,0,0,1],"parentBoneIndex":9,"length":9.2395
,"animation":{"dataType":3,"framePerSecond":24,"keys":[
{"frame":1,"values":[0.9824,0.032,-0.1842,0,-0.0911,0.9424,-0.3219,0,0.1633,0.333,0.9287,0,27.8738,0,0,1]},
{"frame":2,"values":[0.9824,0.0192,-0.1856,0,-0.0747,0.952,-0.2968,0,0.171,0.3055,0.9367,0,27.8738,0,0,1]},
{"frame":3,"values":[0.9834,0.0246,-0.18,0,-0.0718,0.9628,-0.2604,0,0.1669,0.2689,0.9486,0,27.8738,0,0,1]},
{"frame":4,"values":[0.983,0.0236,-0.1821,0,-0.0698,0.9654,-0.2513,0,0.1699,0.2598,0.9506,0,27.8738,0,0,1]},
{"frame":5,"values":[0.9824,0.0196,-0.1858,0,-0.0656,0.9674,-0.2446,0,0.1749,0.2525,0.9517,0,27.8738,0,0,1]},
{"frame":6,"values":[0.9797,0.0005,-0.2007,0,-0.0569,0.9595,-0.2758,0,0.1924,0.2816,0.94,0,27.8738,0,0,1]},
{"frame":7,"values":[0.9793,-0.0192,-0.2014,0,-0.0361,0.963,-0.2672,0,0.1991,0.269,0.9423,0,27.8738,0,0,1]},
{"frame":8,"values":[0.9796,-0.0365,-0.1977,0,-0.0155,0.9667,-0.2556,0,0.2005,0.2534,0.9463,0,27.8738,0,0,1]},
{"frame":9,"values":[0.9784,-0.0588,-0.1983,0,0.0046,0.9647,-0.2632,0,0.2068,0.2566,0.9442,0,27.8738,0,0,1]},
{"frame":10,"values":[0.9783,-0.0719,-0.1942,0,0.0168,0.9622,-0.2717,0,0.2064,0.2626,0.9426,0,27.8738,0,0,1]},
{"frame":11,"values":[0.9785,-0.086,-0.1875,0,0.0376,0.9681,-0.2478,0,0.2029,0.2354,0.9505,0,27.8738,0,0,1]},
{"frame":12,"values":[0.9792,-0.0843,-0.1844,0,0.0324,0.9628,-0.2682,0,0.2001,0.2566,0.9456,0,27.8738,0,0,1]},
{"frame":13,"values":[0.982,-0.0662,-0.1771,0,0.0166,0.9633,-0.2677,0,0.1884,0.26,0.9471,0,27.8738,0,0,1]},
{"frame":14,"values":[0.9849,-0.0375,-0.1691,0,-0.0086,0.9644,-0.2643,0,0.173,0.2617,0.9495,0,27.8738,0,0,1]},
{"frame":15,"values":[0.9847,-0.0153,-0.1738,0,-0.0351,0.9583,-0.2836,0,0.1709,0.2853,0.9431,0,27.8738,0,0,1]},
{"frame":16,"values":[0.985,0.0102,-0.1724,0,-0.057,0.9616,-0.2686,0,0.163,0.2744,0.9477,0,27.8738,0,0,1]},
{"frame":17,"values":[0.985,0.0359,-0.1691,0,-0.0794,0.9628,-0.2582,0,0.1535,0.2677,0.9512,0,27.8738,0,0,1]},
{"frame":18,"values":[0.984,0.06,-0.1677,0,-0.1027,0.9605,-0.2586,0,0.1456,0.2717,0.9513,0,27.8738,0,0,1]},
{"frame":19,"values":[0.9819,0.0678,-0.177,0,-0.1147,0.956,-0.2701,0,0.1509,0.2855,0.9464,0,27.8738,0,0,1]},
{"frame":20,"values":[0.9808,0.0602,-0.1855,0,-0.1116,0.9532,-0.281,0,0.1599,0.2963,0.9416,0,27.8738,0,0,1]},
{"frame":21,"values":[0.9813,0.05,-0.1859,0,-0.1028,0.9525,-0.2866,0,0.1627,0.3004,0.9398,0,27.8738,0,0,1]},
{"frame":22,"values":[0.9826,0.045,-0.1801,0,-0.0965,0.9527,-0.2884,0,0.1586,0.3007,0.9404,0,27.8738,0,0,1]},
{"frame":23,"values":[0.9856,0.0445,-0.1633,0,-0.0841,0.9662,-0.2439,0,0.1469,0.2541,0.956,0,27.8738,0,0,1]},
{"frame":24,"values":[0.9836,0.0318,-0.1775,0,-0.0834,0.9529,-0.2916,0,0.1599,0.3016,0.9399,0,27.8738,0,0,1]},
{"frame":25,"values":[0.9837,0.0425,-0.1749,0,-0.0903,0.9572,-0.2751,0,0.1557,0.2864,0.9454,0,27.8738,0,0,1]}],"loopBehavior":1,"name":"anim","property":"_matrix"}},
{"name":"boss:LeftHandThumb1","index":11,"matrix":[0.9599,-0.1379,-0.2442,0,0.1721,0.9772,0.1246,0,0.2214,-0.1616,0.9617,0,2.3785,-1.0029,2.6209,1],"rest":[0.9909,-0.0858,-0.104,0,0.0965,0.9901,0.102,0,0.0942,-0.1111,0.9893,0,2.3785,-1.0029,2.6209,1],"parentBoneIndex":10,"length":4.514
,"animation":{"dataType":3,"framePerSecond":24,"keys":[
{"frame":1,"values":[0.9599,-0.1379,-0.2442,0,0.1721,0.9772,0.1246,0,0.2214,-0.1616,0.9617,0,2.3785,-1.0029,2.6209,1]},
{"frame":25,"values":[0.9599,-0.1379,-0.2442,0,0.1721,0.9772,0.1246,0,0.2214,-0.1616,0.9617,0,2.3785,-1.0029,2.6209,1]}],"loopBehavior":1,"name":"anim","property":"_matrix"}},
{"name":"boss:LeftHandThumb2","index":12,"matrix":[1,0,0,0,0,1,0,0,0,0,1,0,3.3624,-1.0029,2.8398,1],"rest":[0.9723,0.0085,0.2336,0,0.008,0.9975,-0.0699,0,-0.2336,0.0698,0.9698,0,3.3624,-1.0029,2.8398,1],"parentBoneIndex":11,"length":5.1787
,"animation":{"dataType":3,"framePerSecond":24,"keys":[
{"frame":1,"values":[1,0,0,0,0,1,0,0,0,0,1,0,3.3624,-1.0029,2.8398,1]},
{"frame":25,"values":[1,0,0,0,0,1,0,0,0,0,1,0,3.3624,-1.0029,2.8398,1]}],"loopBehavior":1,"name":"anim","property":"_matrix"}},
{"name":"boss:LeftHandThumb3","index":13,"matrix":[0.9381,-0.0008,0.3465,0,0.0916,0.9649,-0.2459,0,-0.3342,0.2625,0.9052,0,4.5018,-1.3445,2.1783,1],"rest":[0.9717,-0.2361,0.003,0,0.2343,0.9658,0.111,0,-0.0291,-0.1072,0.9938,0,4.5018,-1.3445,2.1783,1],"parentBoneIndex":12,"length":0.01
,"animation":{"dataType":3,"framePerSecond":24,"keys":[
{"frame":1,"values":[0.9381,-0.0008,0.3465,0,0.0916,0.9649,-0.2459,0,-0.3342,0.2625,0.9052,0,4.5018,-1.3445,2.1783,1]},
{"frame":25,"values":[0.9381,-0.0008,0.3465,0,0.0916,0.9649,-0.2459,0,-0.3342,0.2625,0.9052,0,4.5018,-1.3445,2.1783,1]}],"loopBehavior":1,"name":"anim","property":"_matrix"}},
{"name":"boss:LeftHandThumb4","index":14,"matrix":[1,0,0,0,0,1,0,0,0,0,1,0,0,0,0,1],"rest":[1,0,0,0,0,1,0,0,0,0,1,0,0,0,0,1],"parentBoneIndex":13,"length":0.01
,"animation":{"dataType":3,"framePerSecond":24,"keys":[
{"frame":1,"values":[1,0,0,0,0,1,0,0,0,0,1,0,0,0,0,1]},
{"frame":25,"values":[1,0,0,0,0,1,0,0,0,0,1,0,0,0,0,1]}],"loopBehavior":1,"name":"anim","property":"_matrix"}},
{"name":"boss:LeftHandMiddle1","index":15,"matrix":[0.9509,-0.3004,0.0739,0,0.2831,0.9413,0.1841,0,-0.1249,-0.1542,0.9801,0,10.4639,0.6148,0.4298,1],"rest":[0.9974,0.0586,0.041,0,-0.0586,0.9983,-0.0012,0,-0.041,-0.0012,0.9992,0,10.4639,0.6148,0.4298,1],"parentBoneIndex":10,"length":5.7921
,"animation":{"dataType":3,"framePerSecond":24,"keys":[
{"frame":1,"values":[0.9509,-0.3004,0.0739,0,0.2831,0.9413,0.1841,0,-0.1249,-0.1542,0.9801,0,10.4639,0.6148,0.4298,1]},
{"frame":25,"values":[0.9509,-0.3004,0.0739,0,0.2831,0.9413,0.1841,0,-0.1249,-0.1542,0.9801,0,10.4639,0.6148,0.4298,1]}],"loopBehavior":1,"name":"anim","property":"_matrix"}},
{"name":"boss:LeftHandMiddle2","index":16,"matrix":[0.6955,-0.7185,0,0,0.7185,0.6955,0,0,0,0,1,0,5.7921,0,0,1],"rest":[1,0,0,0,0,1,0,0,0,0,1,0,5.7921,0,0,1],"parentBoneIndex":15,"length":3.7132
,"animation":{"dataType":3,"framePerSecond":24,"keys":[
{"frame":1,"values":[0.6955,-0.7185,0,0,0.7185,0.6955,0,0,0,0,1,0,5.7921,0,0,1]},
{"frame":25,"values":[0.6955,-0.7185,0,0,0.7185,0.6955,0,0,0,0,1,0,5.7921,0,0,1]}],"loopBehavior":1,"name":"anim","property":"_matrix"}},
{"name":"boss:LeftHandMiddle3","index":17,"matrix":[0.7198,-0.6941,0,0,0.6941,0.7198,0,0,0,0.0001,1,0,3.7132,0,0,1],"rest":[1,0,0,0,0,1,-0.0001,0,0,0.0001,1,0,3.7132,0,0,1],"parentBoneIndex":16,"length":0.01
,"animation":{"dataType":3,"framePerSecond":24,"keys":[
{"frame":1,"values":[0.7198,-0.6941,0,0,0.6941,0.7198,0,0,0,0.0001,1,0,3.7132,0,0,1]},
{"frame":25,"values":[0.7198,-0.6941,0,0,0.6941,0.7198,0,0,0,0.0001,1,0,3.7132,0,0,1]}],"loopBehavior":1,"name":"anim","property":"_matrix"}},
{"name":"boss:LeftHandMiddle4","index":18,"matrix":[1,0,0,0,0,1,0,0,0,0,1,0,0,0,0,1],"rest":[1,0,0,0,0,1,0,0,0,0,1,0,0,0,0,1],"parentBoneIndex":17,"length":0.01
,"animation":{"dataType":3,"framePerSecond":24,"keys":[
{"frame":1,"values":[1,0,0,0,0,1,0,0,0,0,1,0,0,0,0,1]},
