{"producer":{"name":"Blender","version":"2.90.0","exporter_version":"2.80.1","file":"fight_wait.babylon"},
"autoClear":true,"clearColor":[0.0509,0.0509,0.0509],"gravity":[0,-9.81,0],
"materials":[{"name":"Material","id":"Material","customType":"BABYLON.PBRMaterial","backFaceCulling":true,"checkReadyOnlyOnce":false,"maxSimultaneousLights":4,"environmentIntensity":1,"albedo":[0.8,0.8,0.8],"reflectivity":[0.5,0.5,0.5],"roughness":0.4,"alpha":1,"transparencyMode":0,"alphaCutOff":0.4,"metallic":0}],
"multiMaterials":[],
"skeletons":[{"name":"Armature","id":0,"dimensionsAtRest":[177.7018,230.6614,27.1405],"bones":[
{"name":"Hips","index":0,"matrix":[0.5922,0.1148,-0.7976,0,0.0208,0.9873,0.1575,0,-0.8055,0.1099,-0.5823,0,9.7212,100.862,8.7023,1],"rest":[1,0,0,0,0,1,0,0,0,0,-1,0,0,113.0334,0,1],"parentBoneIndex":-1,"length":12.9876
,"animation":{"dataType":3,"framePerSecond":24,"keys":[
{"frame":1,"values":[0.5922,0.1148,-0.7976,0,0.0208,0.9873,0.1575,0,-0.8055,0.1099,-0.5823,0,9.7212,100.862,8.7023,1]},
{"frame":2,"values":[0.597,0.1132,-0.7942,0,0.0262,0.9867,0.1603,0,-0.8018,0.1165,-0.5861,0,9.6398,100.785,9.0158,1]},
{"frame":3,"values":[0.6,0.111,-0.7923,0,0.029,0.9867,0.1602,0,-0.7995,0.1191,-0.5888,0,9.6107,101.2439,8.9551,1]},
{"frame":4,"values":[0.6016,0.107,-0.7916,0,0.0312,0.9871,0.1571,0,-0.7982,0.1192,-0.5905,0,9.6918,102.0072,8.5267,1]},
{"frame":5,"values":[0.6022,0.1031,-0.7916,0,0.0322,0.9877,0.1532,0,-0.7977,0.1177,-0.5915,0,9.9081,102.7177,7.879,1]},
{"frame":6,"values":[0.602,0.099,-0.7924,0,0.0331,0.9883,0.1486,0,-0.7978,0.1156,-0.5917,0,10.2623,103.0631,7.1594,1]},
{"frame":7,"values":[0.6011,0.0972,-0.7932,0,0.0324,0.9888,0.1457,0,-0.7985,0.1133,-0.5912,0,10.7599,102.8219,6.5471,1]},
{"frame":8,"values":[0.5983,0.0993,-0.7951,0,0.0319,0.9886,0.1475,0,-0.8006,0.1136,-0.5883,0,11.2838,102.0397,6.0611,1]},
{"frame":9,"values":[0.5946,0.1032,-0.7974,0,0.0324,0.9878,0.152,0,-0.8034,0.1162,-0.584,0,11.7367,101.0952,5.6315,1]},
{"frame":10,"values":[0.5911,0.1077,-0.7994,0,0.0308,0.9873,0.1559,0,-0.806,0.1168,-0.5803,0,12.01,100.3799,5.2864,1]},
{"frame":11,"values":[0.5893,0.1115,-0.8002,0,0.0307,0.9866,0.1601,0,-0.8073,0.119,-0.578,0,12.0474,100.2495,5.1049,1]},
{"frame":12,"values":[0.5883,0.11,-0.8012,0,0.0313,0.9869,0.1585,0,-0.8081,0.1183,-0.5771,0,11.9031,100.7388,5.0949,1]},
{"frame":13,"values":[0.5886,0.1081,-0.8012,0,0.0315,0.9872,0.1564,0,-0.8078,0.1173,-0.5777,0,11.6357,101.5061,5.2892,1]},
{"frame":14,"values":[0.5905,0.1083,-0.7997,0,0.0295,0.9874,0.1555,0,-0.8065,0.1154,-0.5799,0,11.2587,102.1347,5.6796,1]},
{"frame":15,"values":[0.5911,0.1092,-0.7992,0,0.0265,0.9876,0.1546,0,-0.8062,0.1126,-0.5809,0,10.8623,102.3683,6.2967,1]},
{"frame":16,"values":[0.5926,0.1084,-0.7982,0,0.023,0.9882,0.1512,0,-0.8052,0.108,-0.5831,0,10.5323,102.041,7.135,1]},
{"frame":17,"values":[0.5966,0.1084,-0.7952,0,0.0216,0.9883,0.1509,0,-0.8023,0.1072,-0.5873,0,10.2492,101.3034,8.0407,1]},
{"frame":18,"values":[0.602,0.1094,-0.791,0,0.0237,0.9877,0.1547,0,-0.7982,0.1119,-0.592,0,9.9961,100.591,8.8149,1]},
{"frame":19,"values":[0.6072,0.1075,-0.7873,0,0.0274,0.9874,0.156,0,-0.7941,0.1163,-0.5966,0,9.787,100.3292,9.2599,1]},
{"frame":20,"values":[0.6114,0.1041,-0.7845,0,0.0295,0.9876,0.154,0,-0.7908,0.1172,-0.6007,0,9.63,100.6559,9.2855,1]},
{"frame":21,"values":[0.6129,0.1057,-0.7831,0,0.0277,0.9875,0.155,0,-0.7897,0.1167,-0.6023,0,9.5922,101.3601,8.99,1]},
{"frame":22,"values":[0.6084,0.1074,-0.7863,0,0.0249,0.9877,0.1542,0,-0.7932,0.1134,-0.5983,0,9.7091,102.1255,8.4316,1]},
{"frame":23,"values":[0.5991,0.11,-0.7931,0,0.0228,0.9878,0.1542,0,-0.8004,0.1105,-0.5892,0,9.9867,102.6563,7.7261,1]},
{"frame":24,"values":[0.5884,0.112,-0.8008,0,0.0217,0.9878,0.154,0,-0.8083,0.108,-0.5788,0,10.3764,102.7446,7.0406,1]},
{"frame":25,"values":[0.5785,0.1154,-0.8075,0,0.0206,0.9876,0.1559,0,-0.8154,0.1069,-0.5689,0,10.7975,102.2612,6.4767,1]},
{"frame":26,"values":[0.569,0.1192,-0.8137,0,0.0224,0.9868,0.1602,0,-0.8221,0.1093,-0.5588,0,11.201,101.4246,6.0065,1]},
{"frame":27,"values":[0.5578,0.1224,-0.8209,0,0.0252,0.9861,0.1642,0,-0.8296,0.1123,-0.547,0,11.5542,100.522,5.6698,1]},
{"frame":28,"values":[0.5477,0.1281,-0.8268,0,0.0273,0.985,0.1707,0,-0.8362,0.116,-0.536,0,11.7339,99.9582,5.376,1]},
{"frame":29,"values":[0.5391,0.1325,-0.8318,0,0.0287,0.9841,0.1754,0,-0.8418,0.1184,-0.5267,0,11.6666,100.0597,5.2107,1]},
{"frame":30,"values":[0.5332,0.1337,-0.8353,0,0.0286,0.984,0.1757,0,-0.8455,0.1176,-0.5209,0,11.3892,100.7423,5.1793,1]},
{"frame":31,"values":[0.5316,0.1315,-0.8367,0,0.0275,0.9847,0.1722,0,-0.8466,0.1145,-0.5198,0,10.9829,101.5729,5.348,1]},
{"frame":32,"values":[0.5318,0.1292,-0.8369,0,0.0252,0.9854,0.1681,0,-0.8465,0.1105,-0.5208,0,10.5216,102.2072,5.7097,1]},
{"frame":33,"values":[0.5346,0.1274,-0.8355,0,0.0225,0.9861,0.1648,0,-0.8448,0.1069,-0.5242,0,10.0831,102.4109,6.2679,1]},
{"frame":34,"values":[0.5388,0.1271,-0.8328,0,0.0198,0.9864,0.1634,0,-0.8422,0.1046,-0.5289,0,9.731,102.0686,6.9758,1]},
{"frame":35,"values":[0.5486,0.1279,-0.8263,0,0.0215,0.9857,0.1669,0,-0.8358,0.1094,-0.538,0,9.4635,101.3814,7.7251,1]},
{"frame":36,"values":[0.5588,0.1277,-0.8194,0,0.0259,0.9849,0.1712,0,-0.8289,0.1169,-0.547,0,9.262,100.711,8.3398,1]},
{"frame":37,"values":[0.5654,0.1234,-0.8155,0,0.0302,0.985,0.1699,0,-0.8243,0.1207,-0.5532,0,9.1265,100.4025,8.638,1]},
{"frame":38,"values":[0.5692,0.1195,-0.8135,0,0.0312,0.9855,0.1666,0,-0.8216,0.1202,-0.5572,0,9.0509,100.6169,8.5552,1]},
{"frame":39,"values":[0.5718,0.1191,-0.8117,0,0.0291,0.9858,0.1652,0,-0.8199,0.1181,-0.5602,0,9.0697,101.226,8.149,1]},
{"frame":40,"values":[0.568,0.1176,-0.8146,0,0.0259,0.9867,0.1606,0,-0.8227,0.1123,-0.5573,0,9.241,101.951,7.559,1]},
{"frame":41,"values":[0.5629,0.1172,-0.8182,0,0.0233,0.9873,0.1574,0,-0.8262,0.1077,-0.553,0,9.5526,102.5041,6.8808,1]},
{"frame":42,"values":[0.5621,0.1158,-0.8189,0,0.0218,0.9877,0.1546,0,-0.8268,0.1048,-0.5527,0,9.96,102.6841,6.2071,1]},
{"frame":43,"values":[0.5649,0.1156,-0.817,0,0.0205,0.9879,0.1539,0,-0.8249,0.1037,-0.5557,0,10.4034,102.3688,5.6668,1]},
{"frame":44,"values":[0.569,0.1146,-0.8143,0,0.0221,0.9878,0.1545,0,-0.822,0.1059,-0.5595,0,10.8288,101.7043,5.2266,1]},
{"frame":45,"values":[0.571,0.1124,-0.8132,0,0.0261,0.9876,0.1548,0,-0.8205,0.1096,-0.561,0,11.219,100.9829,4.8898,1]},
{"frame":46,"values":[0.5699,0.1135,-0.8138,0,0.0283,0.9871,0.1575,0,-0.8212,0.1128,-0.5594,0,11.4836,100.5011,4.6316,1]},
{"frame":47,"values":[0.5674,0.1163,-0.8152,0,0.0289,0.9866,0.1608,0,-0.8229,0.1148,-0.5564,0,11.5248,100.5594,4.4716,1]},
{"frame":48,"values":[0.5663,0.1167,-0.8159,0,0.0283,0.9866,0.1607,0,-0.8237,0.114,-0.5554,0,11.3969,101.1058,4.4083,1]},
{"frame":49,"values":[0.5643,0.1174,-0.8172,0,0.025,0.987,0.1591,0,-0.8252,0.1102,-0.554,0,11.136,101.8223,4.5282,1]},
{"frame":50,"values":[0.5629,0.1176,-0.8181,0,0.0204,0.9875,0.156,0,-0.8263,0.1045,-0.5535,0,10.7992,102.4035,4.8539,1]},
{"frame":51,"values":[0.5626,0.1182,-0.8182,0,0.0159,0.988,0.1537,0,-0.8266,0.0995,-0.554,0,10.4616,102.6253,5.428,1]},
{"frame":52,"values":[0.5643,0.1197,-0.8169,0,0.0133,0.988,0.1539,0,-0.8255,0.0977,-0.5559,0,10.1774,102.3523,6.2447,1]},
{"frame":53,"values":[0.5673,0.1193,-0.8148,0,0.014,0.9879,0.1544,0,-0.8234,0.099,-0.5588,0,9.9607,101.6679,7.1891,1]},
{"frame":54,"values":[0.5715,0.1212,-0.8116,0,0.0172,0.987,0.1596,0,-0.8204,0.1052,-0.562,0,9.7609,100.9129,8.0449,1]},
{"frame":55,"values":[0.5743,0.1209,-0.8096,0,0.0229,0.9863,0.1635,0,-0.8183,0.1124,-0.5637,0,9.6109,100.482,8.6223,1]},
{"frame":56,"values":[0.5744,0.119,-0.8099,0,0.0256,0.9863,0.1631,0,-0.8182,0.1144,-0.5634,0,9.5067,100.6557,8.772,1]},
{"frame":57,"values":[0.5724,0.1184,-0.8114,0,0.0245,0.9866,0.1612,0,-0.8196,0.1122,-0.5618,0,9.5175,101.3263,8.575,1]},
{"frame":58,"values":[0.5682,0.1164,-0.8146,0,0.0195,0.9878,0.1548,0,-0.8227,0.1039,-0.559,0,9.711,102.1252,8.1282,1]},
{"frame":59,"values":[0.5618,0.1136,-0.8194,0,0.0135,0.9891,0.1465,0,-0.8272,0.0934,-0.5542,0,10.073,102.7077,7.517,1]},
{"frame":60,"values":[0.5556,0.1115,-0.824,0,0.0087,0.9901,0.1398,0,-0.8314,0.0848,-0.5491,0,10.5845,102.7463,6.9419,1]},
{"frame":61,"values":[0.5524,0.1104,-0.8262,0,0.0062,0.9906,0.1365,0,-0.8336,0.0805,-0.5465,0,11.1503,102.171,6.5376,1]},
{"frame":62,"values":[0.5545,0.1095,-0.8249,0,0.0077,0.9906,0.1367,0,-0.8321,0.0821,-0.5485,0,11.659,101.3247,6.2262,1]},
{"frame":63,"values":[0.5601,0.1128,-0.8207,0,0.0091,0.9898,0.1423,0,-0.8284,0.0872,-0.5533,0,12.007,100.5974,5.9801,1]},
{"frame":64,"values":[0.5663,0.1166,-0.8159,0,0.0106,0.9888,0.1487,0,-0.8242,0.0929,-0.5587,0,12.1069,100.3547,5.8015,1]},
{"frame":65,"values":[0.5708,0.1184,-0.8125,0,0.0108,0.9884,0.1516,0,-0.821,0.0953,-0.5628,0,11.918,100.799,5.6945,1]},
{"frame":66,"values":[0.5716,0.1196,-0.8118,0,0.01,0.9882,0.1526,0,-0.8205,0.0953,-0.5637,0,11.5581,101.598,5.7008,1]},
{"frame":67,"values":[0.5742,0.1179,-0.8101,0,0.0084,0.9887,0.1498,0,-0.8186,0.0928,-0.5668,0,11.1188,102.3437,5.8705,1]},
{"frame":68,"values":[0.5789,0.1163,-0.807,0,0.0062,0.9891,0.147,0,-0.8154,0.0901,-0.5719,0,10.6391,102.7482,6.2367,1]},
{"frame":69,"values":[0.5841,0.1138,-0.8036,0,0.006,0.9895,0.1445,0,-0.8116,0.0892,-0.5773,0,10.2291,102.5896,6.8496,1]},
{"frame":70,"values":[0.5905,0.113,-0.799,0,0.0092,0.9891,0.1467,0,-0.8069,0.094,-0.5831,0,9.9568,101.8869,7.6184,1]},
{"frame":71,"values":[0.5931,0.1151,-0.7969,0,0.0148,0.988,0.1537,0,-0.805,0.1029,-0.5843,0,9.8055,101.105,8.3357,1]},
{"frame":72,"values":[0.5922,0.1147,-0.7976,0,0.0208,0.9873,0.1575,0,-0.8055,0.1099,-0.5823,0,9.7248,100.8491,8.7029,1]}],"loopBehavior":1,"name":"anim","property":"_matrix"}},
{"name":"Spine","index":1,"matrix":[0.9984,-0.0512,-0.0218,0,0.0534,0.9918,0.1158,0,0.0157,-0.1168,0.993,0,0,7.2445,0.6334,1],"rest":[1,0,0,0,0,1,0,0,0,0,1,0,0,7.2445,0.6334,1],"parentBoneIndex":0,"length":7.4267
,"animation":{"dataType":3,"framePerSecond":24,"keys":[
{"frame":1,"values":[0.9984,-0.0512,-0.0218,0,0.0534,0.9918,0.1158,0,0.0157,-0.1168,0.993,0,0,7.2445,0.6334,1]},
{"frame":2,"values":[0.9986,-0.0506,-0.0148,0,0.052,0.9916,0.1188,0,0.0086,-0.1194,0.9928,0,0,7.2445,0.6334,1]},
{"frame":3,"values":[0.9986,-0.0509,-0.0139,0,0.0522,0.992,0.1145,0,0.0079,-0.1151,0.9933,0,0,7.2445,0.6334,1]},
{"frame":4,"values":[0.9986,-0.0503,-0.0193,0,0.052,0.993,0.1063,0,0.0138,-0.1072,0.9941,0,0,7.2445,0.6334,1]},
{"frame":5,"values":[0.9984,-0.0501,-0.0274,0,0.0526,0.9937,0.0985,0,0.0223,-0.0998,0.9948,0,0,7.2445,0.6334,1]},
{"frame":6,"values":[0.998,-0.0504,-0.0372,0,0.0537,0.9941,0.0942,0,0.0322,-0.096,0.9949,0,0,7.2445,0.6334,1]},
{"frame":7,"values":[0.9976,-0.053,-0.0447,0,0.0571,0.9937,0.0965,0,0.0393,-0.0989,0.9943,0,0,7.2445,0.6334,1]},
{"frame":8,"values":[0.997,-0.057,-0.0524,0,0.0622,0.9926,0.1044,0,0.046,-0.1074,0.9931,0,0,7.2445,0.6334,1]},
{"frame":9,"values":[0.9964,-0.0596,-0.0598,0,0.0661,0.9915,0.1123,0,0.0526,-0.1159,0.9919,0,0,7.2445,0.6334,1]},
{"frame":10,"values":[0.9961,-0.0618,-0.0633,0,0.0688,0.991,0.1147,0,0.0557,-0.1186,0.9914,0,0,7.2445,0.6334,1]},
{"frame":11,"values":[0.996,-0.0642,-0.0624,0,0.0711,0.9907,0.1162,0,0.0543,-0.1202,0.9913,0,0,7.2445,0.6334,1]},
{"frame":12,"values":[0.9963,-0.0622,-0.0589,0,0.0685,0.9913,0.112,0,0.0514,-0.1156,0.992,0,0,7.2445,0.6334,1]},
{"frame":13,"values":[0.9968,-0.0586,-0.0551,0,0.0642,0.9922,0.1067,0,0.0484,-0.1099,0.9928,0,0,7.2445,0.6334,1]},
{"frame":14,"values":[0.9972,-0.0562,-0.0493,0,0.061,0.9929,0.1018,0,0.0432,-0.1046,0.9936,0,0,7.2445,0.6334,1]},
{"frame":15,"values":[0.9976,-0.0545,-0.0428,0,0.0585,0.9933,0.0993,0,0.0371,-0.1016,0.9941,0,0,7.2445,0.6334,1]},
{"frame":16,"values":[0.9981,-0.0509,-0.0355,0,0.0542,0.9935,0.1004,0,0.0302,-0.1021,0.9943,0,0,7.2445,0.6334,1]},
{"frame":17,"values":[0.9985,-0.0474,-0.0265,0,0.05,0.993,0.1073,0,0.0212,-0.1085,0.9939,0,0,7.2445,0.6334,1]},
{"frame":18,"values":[0.9988,-0.0452,-0.0187,0,0.0471,0.9922,0.1158,0,0.0133,-0.1165,0.9931,0,0,7.2445,0.6334,1]},
{"frame":19,"values":[0.9991,-0.0407,-0.0136,0,0.0421,0.9922,0.1178,0,0.0087,-0.1182,0.9929,0,0,7.2445,0.6334,1]},
{"frame":20,"values":[0.9993,-0.036,-0.0105,0,0.0369,0.9933,0.1097,0,0.0064,-0.11,0.9939,0,0,7.2445,0.6334,1]},
{"frame":21,"values":[0.9993,-0.0358,-0.0118,0,0.0368,0.9943,0.0997,0,0.0082,-0.1001,0.9949,0,0,7.2445,0.6334,1]},
{"frame":22,"values":[0.9992,-0.0347,-0.0173,0,0.0361,0.9955,0.0881,0,0.0142,-0.0886,0.996,0,0,7.2445,0.6334,1]},
{"frame":23,"values":[0.9992,-0.0337,-0.0229,0,0.0354,0.9962,0.0798,0,0.0202,-0.0805,0.9965,0,0,7.2445,0.6334,1]},
{"frame":24,"values":[0.9991,-0.0325,-0.0274,0,0.0345,0.9965,0.0764,0,0.0249,-0.0773,0.9967,0,0,7.2445,0.6334,1]},
{"frame":25,"values":[0.999,-0.0346,-0.0289,0,0.0368,0.9961,0.0798,0,0.026,-0.0808,0.9964,0,0,7.2445,0.6334,1]},
{"frame":26,"values":[0.999,-0.0365,-0.0262,0,0.0387,0.9953,0.0888,0,0.0229,-0.0897,0.9957,0,0,7.2445,0.6334,1]},
{"frame":27,"values":[0.999,-0.0378,-0.0224,0,0.0399,0.9944,0.0982,0,0.0186,-0.099,0.9949,0,0,7.2445,0.6334,1]},
{"frame":28,"values":[0.999,-0.0412,-0.018,0,0.0428,0.9936,0.1041,0,0.0136,-0.1048,0.9944,0,0,7.2445,0.6334,1]},
{"frame":29,"values":[0.9989,-0.0445,-0.0161,0,0.0459,0.9936,0.1037,0,0.0114,-0.1043,0.9945,0,0,7.2445,0.6334,1]},
{"frame":30,"values":[0.9988,-0.0455,-0.0163,0,0.0469,0.9942,0.0963,0,0.0118,-0.097,0.9952,0,0,7.2445,0.6334,1]},
{"frame":31,"values":[0.9989,-0.0448,-0.0143,0,0.0459,0.9952,0.087,0,0.0103,-0.0875,0.9961,0,0,7.2445,0.6334,1]},
{"frame":32,"values":[0.9989,-0.0441,-0.013,0,0.0449,0.9959,0.0791,0,0.0095,-0.0796,0.9968,0,0,7.2445,0.6334,1]},
{"frame":33,"values":[0.9989,-0.0438,-0.0134,0,0.0447,0.9961,0.0758,0,0.01,-0.0763,0.997,0,0,7.2445,0.6334,1]},
{"frame":34,"values":[0.9989,-0.0443,-0.0153,0,0.0454,0.9959,0.0789,0,0.0117,-0.0795,0.9968,0,0,7.2445,0.6334,1]},
{"frame":35,"values":[0.9989,-0.0444,-0.0115,0,0.0453,0.9948,0.0917,0,0.0074,-0.0921,0.9957,0,0,7.2445,0.6334,1]},
{"frame":36,"values":[0.999,-0.0434,-0.0079,0,0.044,0.9935,0.105,0,0.0033,-0.1053,0.9944,0,0,7.2445,0.6334,1]},
{"frame":37,"values":[0.9992,-0.0388,-0.0054,0,0.0391,0.9932,0.1096,0,0.0011,-0.1097,0.994,0,0,7.2445,0.6334,1]},
{"frame":38,"values":[0.9994,-0.035,-0.0011,0,0.035,0.9938,0.1056,0,-0.0026,-0.1055,0.9944,0,0,7.2445,0.6334,1]},
{"frame":39,"values":[0.9994,-0.0347,0.0019,0,0.0343,0.9946,0.0981,0,-0.0053,-0.098,0.9952,0,0,7.2445,0.6334,1]},
{"frame":40,"values":[0.9994,-0.0343,-0.002,0,0.0343,0.9955,0.0881,0,-0.0011,-0.0882,0.9961,0,0,7.2445,0.6334,1]},
{"frame":41,"values":[0.9993,-0.0351,-0.0087,0,0.0357,0.9961,0.0812,0,0.0058,-0.0815,0.9967,0,0,7.2445,0.6334,1]},
{"frame":42,"values":[0.9993,-0.0356,-0.0142,0,0.0366,0.9963,0.0774,0,0.0114,-0.0778,0.9969,0,0,7.2445,0.6334,1]},
{"frame":43,"values":[0.9991,-0.0388,-0.0168,0,0.04,0.9961,0.0791,0,0.0137,-0.0797,0.9967,0,0,7.2445,0.6334,1]},
{"frame":44,"values":[0.999,-0.0407,-0.0165,0,0.0419,0.9954,0.0858,0,0.0129,-0.0864,0.9962,0,0,7.2445,0.6334,1]},
{"frame":45,"values":[0.9991,-0.0399,-0.0175,0,0.0413,0.9948,0.0935,0,0.0137,-0.0941,0.9955,0,0,7.2445,0.6334,1]},
{"frame":46,"values":[0.9989,-0.0414,-0.0202,0,0.0432,0.9943,0.0979,0,0.016,-0.0986,0.995,0,0,7.2445,0.6334,1]},
{"frame":47,"values":[0.9987,-0.0449,-0.0231,0,0.0469,0.9942,0.0969,0,0.0186,-0.0979,0.995,0,0,7.2445,0.6334,1]},
{"frame":48,"values":[0.9987,-0.045,-0.0236,0,0.0469,0.9949,0.0894,0,0.0195,-0.0904,0.9957,0,0,7.2445,0.6334,1]},
{"frame":49,"values":[0.9987,-0.0459,-0.024,0,0.0477,0.9957,0.0793,0,0.0203,-0.0803,0.9966,0,0,7.2445,0.6334,1]},
{"frame":50,"values":[0.9987,-0.0465,-0.0227,0,0.048,0.9964,0.0699,0,0.0194,-0.0709,0.9973,0,0,7.2445,0.6334,1]},
{"frame":51,"values":[0.9986,-0.0472,-0.0225,0,0.0486,0.9966,0.0661,0,0.0193,-0.0671,0.9976,0,0,7.2445,0.6334,1]},
{"frame":52,"values":[0.9986,-0.0477,-0.0217,0,0.0491,0.9962,0.0714,0,0.0183,-0.0723,0.9972,0,0,7.2445,0.6334,1]},
{"frame":53,"values":[0.9988,-0.046,-0.017,0,0.0473,0.9953,0.0845,0,0.0131,-0.0852,0.9963,0,0,7.2445,0.6334,1]},
{"frame":54,"values":[0.9989,-0.0455,-0.0122,0,0.0465,0.9938,0.1013,0,0.0075,-0.1017,0.9948,0,0,7.2445,0.6334,1]},
{"frame":55,"values":[0.999,-0.0432,-0.009,0,0.0439,0.9925,0.114,0,0.004,-0.1142,0.9934,0,0,7.2445,0.6334,1]},
{"frame":56,"values":[0.9991,-0.0406,-0.0078,0,0.0413,0.9925,0.1154,0,0.0031,-0.1156,0.9933,0,0,7.2445,0.6334,1]},
{"frame":57,"values":[0.9991,-0.041,-0.0073,0,0.0415,0.993,0.1107,0,0.0027,-0.1109,0.9938,0,0,7.2445,0.6334,1]},
{"frame":58,"values":[0.9991,-0.0415,-0.0088,0,0.0422,0.9939,0.1022,0,0.0045,-0.1025,0.9947,0,0,7.2445,0.6334,1]},
{"frame":59,"values":[0.999,-0.0426,-0.0128,0,0.0436,0.9945,0.0951,0,0.0086,-0.0955,0.9954,0,0,7.2445,0.6334,1]},
{"frame":60,"values":[0.9988,-0.046,-0.0186,0,0.0476,0.9944,0.0949,0,0.0141,-0.0957,0.9953,0,0,7.2445,0.6334,1]},
{"frame":61,"values":[0.9984,-0.0515,-0.0241,0,0.0537,0.9933,0.1027,0,0.0187,-0.1039,0.9944,0,0,7.2445,0.6334,1]},
{"frame":62,"values":[0.9982,-0.0547,-0.0249,0,0.0572,0.9917,0.1153,0,0.0184,-0.1166,0.993,0,0,7.2445,0.6334,1]},
{"frame":63,"values":[0.998,-0.0584,-0.0239,0,0.061,0.9901,0.1264,0,0.0163,-0.1276,0.9917,0,0,7.2445,0.6334,1]},
{"frame":64,"values":[0.9978,-0.0623,-0.024,0,0.0649,0.9893,0.131,0,0.0155,-0.1322,0.9911,0,0,7.2445,0.6334,1]},
{"frame":65,"values":[0.9976,-0.0643,-0.0268,0,0.0672,0.99,0.1243,0,0.0185,-0.1258,0.9919,0,0,7.2445,0.6334,1]},
{"frame":66,"values":[0.9975,-0.0643,-0.0305,0,0.0673,0.9915,0.111,0,0.0231,-0.1128,0.9933,0,0,7.2445,0.6334,1]},
{"frame":67,"values":[0.9976,-0.062,-0.0308,0,0.0647,0.9933,0.0958,0,0.0246,-0.0975,0.9949,0,0,7.2445,0.6334,1]},
{"frame":68,"values":[0.9978,-0.0607,-0.0279,0,0.0629,0.9944,0.0846,0,0.0226,-0.0862,0.996,0,0,7.2445,0.6334,1]},
{"frame":69,"values":[0.998,-0.058,-0.0255,0,0.0599,0.9949,0.0814,0,0.0206,-0.0828,0.9964,0,0,7.2445,0.6334,1]},
{"frame":70,"values":[0.9982,-0.0556,-0.0216,0,0.0573,0.9942,0.0907,0,0.0165,-0.0918,0.9956,0,0,7.2445,0.6334,1]},
{"frame":71,"values":[0.9983,-0.054,-0.0208,0,0.0559,0.9927,0.1065,0,0.0149,-0.1075,0.9941,0,0,7.2445,0.6334,1]},
{"frame":72,"values":[0.9985,-0.0512,-0.0218,0,0.0534,0.9918,0.1158,0,0.0157,-0.1168,0.993,0,0,7.2445,0.6334,1]}],"loopBehavior":1,"name":"anim","property":"_matrix"}},
{"name":"Spine1","index":2,"matrix":[0.9954,-0.0835,-0.0468,0,0.092,0.969,0.2291,0,0.0263,-0.2323,0.9723,0,0,7.425,0.1598,1],"rest":[1,0,0,0,0,1,0,0,0,0,1,0,0,7.425,0.1598,1],"parentBoneIndex":1,"length":8.6299
,"animation":{"dataType":3,"framePerSecond":24,"keys":[
{"frame":1,"values":[0.9954,-0.0835,-0.0468,0,0.092,0.969,0.2291,0,0.0263,-0.2323,0.9723,0,0,7.425,0.1598,1]},
{"frame":2,"values":[0.9954,-0.084,-0.045,0,0.0922,0.9687,0.2305,0,0.0243,-0.2336,0.972,0,0,7.425,0.1598,1]},
{"frame":3,"values":[0.9954,-0.0844,-0.0447,0,0.0925,0.9688,0.23,0,0.0239,-0.233,0.9722,0,0,7.425,0.1598,1]},
{"frame":4,"values":[0.9954,-0.084,-0.0461,0,0.0923,0.9693,0.228,0,0.0255,-0.2312,0.9726,0,0,7.425,0.1598,1]},
{"frame":5,"values":[0.9954,-0.0832,-0.0481,0,0.092,0.9699,0.2256,0,0.0279,-0.2289,0.973,0,0,7.425,0.1598,1]},
{"frame":6,"values":[0.9953,-0.0823,-0.0506,0,0.0916,0.9703,0.2239,0,0.0307,-0.2275,0.9733,0,0,7.425,0.1598,1]},
{"frame":7,"values":[0.9953,-0.0814,-0.0526,0,0.0911,0.9705,0.2232,0,0.0329,-0.227,0.9733,0,0,7.425,0.1598,1]},
{"frame":8,"values":[0.9952,-0.0815,-0.0546,0,0.0917,0.9702,0.2241,0,0.0348,-0.228,0.973,0,0,7.425,0.1598,1]},
{"frame":9,"values":[0.995,-0.0817,-0.0567,0,0.0925,0.9698,0.2258,0,0.0365,-0.2299,0.9725,0,0,7.425,0.1598,1]},
{"frame":10,"values":[0.9949,-0.0823,-0.0577,0,0.0933,0.9695,0.2268,0,0.0373,-0.2311,0.9722,0,0,7.425,0.1598,1]},
{"frame":11,"values":[0.9949,-0.0827,-0.0575,0,0.0938,0.9692,0.2278,0,0.0368,-0.232,0.972,0,0,7.425,0.1598,1]},
{"frame":12,"values":[0.995,-0.0822,-0.0566,0,0.093,0.9693,0.2276,0,0.0361,-0.2317,0.9721,0,0,7.425,0.1598,1]},
{"frame":13,"values":[0.9951,-0.0815,-0.0555,0,0.0921,0.9696,0.2268,0,0.0354,-0.2308,0.9724,0,0,7.425,0.1598,1]},
{"frame":14,"values":[0.9952,-0.0814,-0.054,0,0.0916,0.9698,0.2259,0,0.0339,-0.2298,0.9726,0,0,7.425,0.1598,1]},
{"frame":15,"values":[0.9953,-0.0818,-0.0522,0,0.0916,0.97,0.2254,0,0.0322,-0.2291,0.9729,0,0,7.425,0.1598,1]},
{"frame":16,"values":[0.9954,-0.0818,-0.0503,0,0.0911,0.97,0.2254,0,0.0304,-0.2289,0.973,0,0,7.425,0.1598,1]},
{"frame":17,"values":[0.9955,-0.0817,-0.048,0,0.0906,0.9697,0.227,0,0.028,-0.2304,0.9727,0,0,7.425,0.1598,1]},
{"frame":18,"values":[0.9956,-0.0819,-0.0461,0,0.0904,0.969,0.2299,0,0.0258,-0.2331,0.9721,0,0,7.425,0.1598,1]},
{"frame":19,"values":[0.9957,-0.0812,-0.0449,0,0.0895,0.9685,0.2323,0,0.0246,-0.2353,0.9716,0,0,7.425,0.1598,1]},
{"frame":20,"values":[0.9958,-0.0803,-0.0441,0,0.0884,0.9687,0.2321,0,0.0241,-0.235,0.9717,0,0,7.425,0.1598,1]},
{"frame":21,"values":[0.9958,-0.0801,-0.0444,0,0.0882,0.9691,0.2303,0,0.0246,-0.2333,0.9721,0,0,7.425,0.1598,1]},
{"frame":22,"values":[0.9958,-0.0799,-0.0457,0,0.0882,0.9698,0.2272,0,0.0262,-0.2303,0.9728,0,0,7.425,0.1598,1]},
{"frame":23,"values":[0.9957,-0.0797,-0.0471,0,0.0883,0.9705,0.2245,0,0.0278,-0.2277,0.9733,0,0,7.425,0.1598,1]},
{"frame":24,"values":[0.9957,-0.0794,-0.0483,0,0.0882,0.9709,0.2228,0,0.0292,-0.2261,0.9737,0,0,7.425,0.1598,1]},
{"frame":25,"values":[0.9956,-0.0796,-0.0487,0,0.0886,0.9708,0.223,0,0.0295,-0.2263,0.9736,0,0,7.425,0.1598,1]},
{"frame":26,"values":[0.9956,-0.0807,-0.0482,0,0.0895,0.9702,0.2251,0,0.0286,-0.2284,0.9731,0,0,7.425,0.1598,1]},
{"frame":27,"values":[0.9955,-0.0815,-0.0474,0,0.0902,0.9695,0.2277,0,0.0274,-0.231,0.9726,0,0,7.425,0.1598,1]},
{"frame":28,"values":[0.9955,-0.0823,-0.0463,0,0.0908,0.9689,0.2303,0,0.0259,-0.2335,0.972,0,0,7.425,0.1598,1]},
{"frame":29,"values":[0.9955,-0.0828,-0.0458,0,0.0912,0.9686,0.2314,0,0.0252,-0.2346,0.9718,0,0,7.425,0.1598,1]},
{"frame":30,"values":[0.9955,-0.0829,-0.0458,0,0.0913,0.9688,0.2303,0,0.0253,-0.2335,0.972,0,0,7.425,0.1598,1]},
{"frame":31,"values":[0.9956,-0.0824,-0.0451,0,0.0906,0.9695,0.2279,0,0.025,-0.231,0.9726,0,0,7.425,0.1598,1]},
{"frame":32,"values":[0.9956,-0.0821,-0.0446,0,0.0901,0.9701,0.2255,0,0.0248,-0.2285,0.9732,0,0,7.425,0.1598,1]},
{"frame":33,"values":[0.9956,-0.0821,-0.0446,0,0.0901,0.9704,0.2241,0,0.0249,-0.2271,0.9735,0,0,7.425,0.1598,1]},
{"frame":34,"values":[0.9956,-0.0827,-0.0451,0,0.0907,0.9704,0.2239,0,0.0252,-0.227,0.9736,0,0,7.425,0.1598,1]},
{"frame":35,"values":[0.9956,-0.0831,-0.0442,0,0.091,0.9698,0.2264,0,0.0241,-0.2294,0.973,0,0,7.425,0.1598,1]},
{"frame":36,"values":[0.9956,-0.0827,-0.0434,0,0.0905,0.969,0.2297,0,0.0231,-0.2326,0.9723,0,0,7.425,0.1598,1]},
{"frame":37,"values":[0.9958,-0.0813,-0.0429,0,0.089,0.9687,0.2316,0,0.0227,-0.2344,0.9719,0,0,7.425,0.1598,1]},
{"frame":38,"values":[0.9959,-0.0801,-0.0417,0,0.0876,0.9688,0.2317,0,0.0219,-0.2344,0.9719,0,0,7.425,0.1598,1]},
{"frame":39,"values":[0.996,-0.0798,-0.0408,0,0.0871,0.9692,0.2303,0,0.0211,-0.2329,0.9723,0,0,7.425,0.1598,1]},
{"frame":40,"values":[0.996,-0.0796,-0.0417,0,0.0871,0.9699,0.2275,0,0.0223,-0.2302,0.9729,0,0,7.425,0.1598,1]},
{"frame":41,"values":[0.9958,-0.0801,-0.0434,0,0.0878,0.9704,0.2251,0,0.0241,-0.228,0.9734,0,0,7.425,0.1598,1]},
{"frame":42,"values":[0.9958,-0.0803,-0.0448,0,0.0883,0.9706,0.2237,0,0.0255,-0.2267,0.9736,0,0,7.425,0.1598,1]},
{"frame":43,"values":[0.9957,-0.0806,-0.0454,0,0.0888,0.9707,0.2235,0,0.0261,-0.2266,0.9737,0,0,7.425,0.1598,1]},
{"frame":44,"values":[0.9957,-0.081,-0.0453,0,0.0891,0.9704,0.2245,0,0.0258,-0.2275,0.9734,0,0,7.425,0.1598,1]},
{"frame":45,"values":[0.9957,-0.0806,-0.0457,0,0.0889,0.9701,0.2259,0,0.0261,-0.229,0.9731,0,0,7.425,0.1598,1]},
{"frame":46,"values":[0.9957,-0.0802,-0.0465,0,0.0887,0.9698,0.2271,0,0.0268,-0.2302,0.9728,0,0,7.425,0.1598,1]},
{"frame":47,"values":[0.9957,-0.0803,-0.0471,0,0.0889,0.9698,0.227,0,0.0275,-0.2303,0.9727,0,0,7.425,0.1598,1]},
{"frame":48,"values":[0.9956,-0.0803,-0.0473,0,0.089,0.9702,0.2254,0,0.0278,-0.2286,0.9731,0,0,7.425,0.1598,1]},
{"frame":49,"values":[0.9956,-0.0805,-0.0472,0,0.0891,0.9708,0.2227,0,0.0279,-0.2259,0.9737,0,0,7.425,0.1598,1]},
{"frame":50,"values":[0.9956,-0.081,-0.0467,0,0.0894,0.9714,0.2202,0,0.0275,-0.2234,0.9743,0,0,7.425,0.1598,1]},
{"frame":51,"values":[0.9956,-0.0819,-0.0466,0,0.0902,0.9716,0.2187,0,0.0274,-0.2219,0.9747,0,0,7.425,0.1598,1]},
{"frame":52,"values":[0.9955,-0.0828,-0.0464,0,0.091,0.9715,0.2189,0,0.027,-0.2221,0.9747,0,0,7.425,0.1598,1]},
{"frame":53,"values":[0.9955,-0.0832,-0.0453,0,0.0912,0.9711,0.2205,0,0.0256,-0.2237,0.9743,0,0,7.425,0.1598,1]},
{"frame":54,"values":[0.9956,-0.0832,-0.0442,0,0.0911,0.9703,0.224,0,0.0242,-0.227,0.9736,0,0,7.425,0.1598,1]},
{"frame":55,"values":[0.9957,-0.0821,-0.0434,0,0.0899,0.9698,0.2269,0,0.0235,-0.2298,0.9729,0,0,7.425,0.1598,1]},
{"frame":56,"values":[0.9958,-0.0808,-0.0431,0,0.0885,0.9697,0.2277,0,0.0234,-0.2306,0.9728,0,0,7.425,0.1598,1]},
{"frame":57,"values":[0.9959,-0.0801,-0.0428,0,0.0878,0.97,0.2266,0,0.0233,-0.2295,0.973,0,0,7.425,0.1598,1]},
{"frame":58,"values":[0.9959,-0.0799,-0.043,0,0.0875,0.9707,0.2237,0,0.0238,-0.2266,0.9737,0,0,7.425,0.1598,1]},
{"frame":59,"values":[0.9958,-0.0798,-0.0439,0,0.0876,0.9714,0.2209,0,0.025,-0.2238,0.9743,0,0,7.425,0.1598,1]},
{"frame":60,"values":[0.9958,-0.0798,-0.0453,0,0.0878,0.9717,0.2192,0,0.0265,-0.2222,0.9746,0,0,7.425,0.1598,1]},
{"frame":61,"values":[0.9957,-0.0801,-0.0466,0,0.0885,0.9717,0.2192,0,0.0277,-0.2224,0.9746,0,0,7.425,0.1598,1]},
{"frame":62,"values":[0.9956,-0.0812,-0.0469,0,0.0896,0.971,0.2216,0,0.0276,-0.2248,0.974,0,0,7.425,0.1598,1]},
{"frame":63,"values":[0.9955,-0.0824,-0.0468,0,0.0909,0.97,0.2254,0,0.0268,-0.2287,0.9731,0,0,7.425,0.1598,1]},
{"frame":64,"values":[0.9954,-0.0836,-0.0469,0,0.0922,0.9693,0.228,0,0.0264,-0.2313,0.9725,0,0,7.425,0.1598,1]},
{"frame":65,"values":[0.9953,-0.0838,-0.0476,0,0.0925,0.9694,0.2274,0,0.0271,-0.2307,0.9726,0,0,7.425,0.1598,1]},
{"frame":66,"values":[0.9953,-0.0833,-0.0485,0,0.0922,0.9699,0.2253,0,0.0283,-0.2287,0.9731,0,0,7.425,0.1598,1]},
{"frame":67,"values":[0.9953,-0.0833,-0.0486,0,0.0921,0.9705,0.2226,0,0.0286,-0.2261,0.9737,0,0,7.425,0.1598,1]},
{"frame":68,"values":[0.9953,-0.084,-0.0478,0,0.0926,0.9709,0.2207,0,0.0279,-0.2241,0.9742,0,0,7.425,0.1598,1]},
{"frame":69,"values":[0.9953,-0.0845,-0.0473,0,0.0929,0.971,0.2202,0,0.0273,-0.2236,0.9743,0,0,7.425,0.1598,1]},
{"frame":70,"values":[0.9953,-0.0845,-0.0464,0,0.0928,0.9706,0.222,0,0.0263,-0.2253,0.9739,0,0,7.425,0.1598,1]},
{"frame":71,"values":[0.9954,-0.0843,-0.0464,0,0.0927,0.9697,0.226,0,0.0259,-0.2292,0.973,0,0,7.425,0.1598,1]},
{"frame":72,"values":[0.9954,-0.0835,-0.0468,0,0.092,0.969,0.2291,0,0.0263,-0.2323,0.9723,0,0,7.425,0.1598,1]}],"loopBehavior":1,"name":"anim","property":"_matrix"}},
{"name":"Spine2","index":3,"matrix":[0.9954,-0.0834,-0.0468,0,0.092,0.969,0.2291,0,0.0263,-0.2323,0.9723,0,0,8.6226,-0.3542,1],"rest":[1,0,0,0,0,1,0,0,0,0,1,0,0,8.6226,-0.3542,1],"parentBoneIndex":2,"length":20.7438
,"animation":{"dataType":3,"framePerSecond":24,"keys":[
{"frame":1,"values":[0.9954,-0.0834,-0.0468,0,0.092,0.969,0.2291,0,0.0263,-0.2323,0.9723,0,0,8.6226,-0.3542,1]},
{"frame":2,"values":[0.9954,-0.084,-0.0451,0,0.0921,0.9687,0.2305,0,0.0243,-0.2336,0.972,0,0,8.6226,-0.3542,1]},
{"frame":3,"values":[0.9954,-0.0844,-0.0448,0,0.0925,0.9688,0.23,0,0.024,-0.2331,0.9722,0,0,8.6226,-0.3542,1]},
{"frame":4,"values":[0.9954,-0.084,-0.0461,0,0.0923,0.9693,0.228,0,0.0255,-0.2312,0.9726,0,0,8.6226,-0.3542,1]},
{"frame":5,"values":[0.9954,-0.0832,-0.048,0,0.092,0.9699,0.2255,0,0.0278,-0.2289,0.9731,0,0,8.6226,-0.3542,1]},
{"frame":6,"values":[0.9953,-0.0824,-0.0505,0,0.0917,0.9703,0.2239,0,0.0306,-0.2274,0.9733,0,0,8.6226,-0.3542,1]},
{"frame":7,"values":[0.9953,-0.0815,-0.0524,0,0.0912,0.9705,0.2232,0,0.0326,-0.2269,0.9734,0,0,8.6226,-0.3542,1]},
{"frame":8,"values":[0.9952,-0.0817,-0.0544,0,0.0919,0.9702,0.2241,0,0.0345,-0.228,0.9731,0,0,8.6226,-0.3542,1]},
{"frame":9,"values":[0.995,-0.082,-0.0565,0,0.0927,0.9698,0.2257,0,0.0363,-0.2298,0.9726,0,0,8.6226,-0.3542,1]},
{"frame":10,"values":[0.9949,-0.0825,-0.0575,0,0.0935,0.9694,0.2268,0,0.037,-0.231,0.9722,0,0,8.6226,-0.3542,1]},
{"frame":11,"values":[0.9949,-0.083,-0.0573,0,0.094,0.9692,0.2277,0,0.0366,-0.2319,0.972,0,0,8.6226,-0.3542,1]},
{"frame":12,"values":[0.995,-0.0824,-0.0564,0,0.0932,0.9693,0.2276,0,0.0359,-0.2317,0.9721,0,0,8.6226,-0.3542,1]},
{"frame":13,"values":[0.9951,-0.0817,-0.0553,0,0.0922,0.9696,0.2268,0,0.0351,-0.2308,0.9724,0,0,8.6226,-0.3542,1]},
{"frame":14,"values":[0.9952,-0.0816,-0.0538,0,0.0917,0.9698,0.2259,0,0.0337,-0.2297,0.9727,0,0,8.6226,-0.3542,1]},
{"frame":15,"values":[0.9953,-0.0819,-0.0521,0,0.0916,0.97,0.2253,0,0.0321,-0.229,0.9729,0,0,8.6226,-0.3542,1]},
{"frame":16,"values":[0.9954,-0.0819,-0.0502,0,0.0912,0.97,0.2254,0,0.0303,-0.2289,0.973,0,0,8.6226,-0.3542,1]},
{"frame":17,"values":[0.9955,-0.0818,-0.0479,0,0.0906,0.9697,0.227,0,0.0279,-0.2303,0.9727,0,0,8.6226,-0.3542,1]},
{"frame":18,"values":[0.9956,-0.0819,-0.0461,0,0.0903,0.969,0.2299,0,0.0258,-0.233,0.9721,0,0,8.6226,-0.3542,1]},
{"frame":19,"values":[0.9957,-0.0811,-0.0449,0,0.0894,0.9685,0.2323,0,0.0247,-0.2353,0.9716,0,0,8.6226,-0.3542,1]},
{"frame":20,"values":[0.9958,-0.0801,-0.0441,0,0.0883,0.9687,0.2321,0,0.0242,-0.235,0.9717,0,0,8.6226,-0.3542,1]},
{"frame":21,"values":[0.9958,-0.08,-0.0444,0,0.0881,0.9691,0.2303,0,0.0246,-0.2333,0.9721,0,0,8.6226,-0.3542,1]},
{"frame":22,"values":[0.9958,-0.0797,-0.0456,0,0.088,0.9699,0.2272,0,0.0261,-0.2303,0.9728,0,0,8.6226,-0.3542,1]},
{"frame":23,"values":[0.9957,-0.0797,-0.047,0,0.0883,0.9705,0.2244,0,0.0278,-0.2276,0.9734,0,0,8.6226,-0.3542,1]},
{"frame":24,"values":[0.9957,-0.0795,-0.0482,0,0.0883,0.9709,0.2228,0,0.0291,-0.2261,0.9737,0,0,8.6226,-0.3542,1]},
{"frame":25,"values":[0.9956,-0.0797,-0.0487,0,0.0886,0.9708,0.223,0,0.0295,-0.2263,0.9736,0,0,8.6226,-0.3542,1]},
{"frame":26,"values":[0.9956,-0.0807,-0.0482,0,0.0895,0.9702,0.2251,0,0.0286,-0.2284,0.9731,0,0,8.6226,-0.3542,1]},
{"frame":27,"values":[0.9955,-0.0815,-0.0474,0,0.0902,0.9695,0.2277,0,0.0274,-0.231,0.9726,0,0,8.6226,-0.3542,1]},
{"frame":28,"values":[0.9955,-0.0823,-0.0465,0,0.0908,0.9689,0.2303,0,0.0261,-0.2335,0.972,0,0,8.6226,-0.3542,1]},
{"frame":29,"values":[0.9955,-0.0827,-0.046,0,0.0912,0.9686,0.2314,0,0.0254,-0.2346,0.9718,0,0,8.6226,-0.3542,1]},
{"frame":30,"values":[0.9955,-0.0829,-0.046,0,0.0913,0.9688,0.2303,0,0.0255,-0.2335,0.972,0,0,8.6226,-0.3542,1]},
{"frame":31,"values":[0.9956,-0.0824,-0.0453,0,0.0906,0.9695,0.2279,0,0.0251,-0.231,0.9726,0,0,8.6226,-0.3542,1]},
{"frame":32,"values":[0.9956,-0.082,-0.0447,0,0.09,0.9701,0.2255,0,0.0249,-0.2285,0.9732,0,0,8.6226,-0.3542,1]},
{"frame":33,"values":[0.9956,-0.0821,-0.0447,0,0.0901,0.9704,0.2241,0,0.0249,-0.2272,0.9735,0,0,8.6226,-0.3542,1]},
{"frame":34,"values":[0.9956,-0.0826,-0.0452,0,0.0907,0.9704,0.224,0,0.0253,-0.2271,0.9736,0,0,8.6226,-0.3542,1]},
{"frame":35,"values":[0.9956,-0.083,-0.0443,0,0.091,0.9698,0.2264,0,0.0242,-0.2294,0.973,0,0,8.6226,-0.3542,1]},
{"frame":36,"values":[0.9956,-0.0826,-0.0435,0,0.0904,0.969,0.2297,0,0.0232,-0.2327,0.9723,0,0,8.6226,-0.3542,1]},
{"frame":37,"values":[0.9958,-0.0811,-0.043,0,0.0889,0.9687,0.2316,0,0.0229,-0.2345,0.9719,0,0,8.6226,-0.3542,1]},
{"frame":38,"values":[0.9959,-0.0799,-0.0419,0,0.0874,0.9689,0.2317,0,0.022,-0.2344,0.9719,0,0,8.6226,-0.3542,1]},
{"frame":39,"values":[0.996,-0.0795,-0.0409,0,0.0869,0.9692,0.2303,0,0.0213,-0.233,0.9723,0,0,8.6226,-0.3542,1]},
{"frame":40,"values":[0.996,-0.0795,-0.0417,0,0.0869,0.9699,0.2275,0,0.0224,-0.2303,0.9729,0,0,8.6226,-0.3542,1]},
{"frame":41,"values":[0.9959,-0.0799,-0.0434,0,0.0877,0.9704,0.2251,0,0.0241,-0.228,0.9734,0,0,8.6226,-0.3542,1]},
{"frame":42,"values":[0.9958,-0.0801,-0.0449,0,0.0882,0.9706,0.2237,0,0.0256,-0.2268,0.9736,0,0,8.6226,-0.3542,1]},
{"frame":43,"values":[0.9957,-0.0806,-0.0455,0,0.0888,0.9707,0.2235,0,0.0261,-0.2266,0.9736,0,0,8.6226,-0.3542,1]},
{"frame":44,"values":[0.9957,-0.0809,-0.0454,0,0.0891,0.9704,0.2245,0,0.0259,-0.2275,0.9734,0,0,8.6226,-0.3542,1]},
{"frame":45,"values":[0.9957,-0.0806,-0.0458,0,0.0889,0.9701,0.2259,0,0.0262,-0.229,0.9731,0,0,8.6226,-0.3542,1]},
{"frame":46,"values":[0.9957,-0.0802,-0.0465,0,0.0888,0.9698,0.2271,0,0.0269,-0.2302,0.9728,0,0,8.6226,-0.3542,1]},
{"frame":47,"values":[0.9956,-0.0804,-0.0471,0,0.0891,0.9698,0.227,0,0.0275,-0.2303,0.9727,0,0,8.6226,-0.3542,1]},
{"frame":48,"values":[0.9956,-0.0804,-0.0473,0,0.089,0.9702,0.2254,0,0.0278,-0.2286,0.9731,0,0,8.6226,-0.3542,1]},
{"frame":49,"values":[0.9956,-0.0805,-0.0472,0,0.0891,0.9708,0.2227,0,0.0278,-0.2259,0.9737,0,0,8.6226,-0.3542,1]},
{"frame":50,"values":[0.9956,-0.081,-0.0467,0,0.0894,0.9714,0.2202,0,0.0275,-0.2234,0.9743,0,0,8.6226,-0.3542,1]},
{"frame":51,"values":[0.9955,-0.0819,-0.0466,0,0.0902,0.9716,0.2187,0,0.0274,-0.2219,0.9747,0,0,8.6226,-0.3542,1]},
{"frame":52,"values":[0.9955,-0.0828,-0.0465,0,0.091,0.9715,0.2189,0,0.027,-0.2221,0.9747,0,0,8.6226,-0.3542,1]},
{"frame":53,"values":[0.9955,-0.0832,-0.0454,0,0.0912,0.9711,0.2205,0,0.0257,-0.2237,0.9743,0,0,8.6226,-0.3542,1]},
{"frame":54,"values":[0.9955,-0.0832,-0.0443,0,0.091,0.9703,0.224,0,0.0244,-0.227,0.9736,0,0,8.6226,-0.3542,1]},
{"frame":55,"values":[0.9957,-0.082,-0.0435,0,0.0898,0.9698,0.2269,0,0.0236,-0.2299,0.9729,0,0,8.6226,-0.3542,1]},
{"frame":56,"values":[0.9958,-0.0807,-0.0432,0,0.0884,0.9697,0.2277,0,0.0235,-0.2306,0.9728,0,0,8.6226,-0.3542,1]},
{"frame":57,"values":[0.9959,-0.08,-0.0428,0,0.0877,0.97,0.2266,0,0.0234,-0.2295,0.973,0,0,8.6226,-0.3542,1]},
{"frame":58,"values":[0.9959,-0.0798,-0.043,0,0.0874,0.9707,0.2238,0,0.0239,-0.2266,0.9737,0,0,8.6226,-0.3542,1]},
{"frame":59,"values":[0.9958,-0.0798,-0.0439,0,0.0875,0.9714,0.2209,0,0.025,-0.2238,0.9743,0,0,8.6226,-0.3542,1]},
{"frame":60,"values":[0.9958,-0.0797,-0.0452,0,0.0878,0.9717,0.2192,0,0.0265,-0.2222,0.9746,0,0,8.6226,-0.3542,1]},
{"frame":61,"values":[0.9957,-0.0801,-0.0466,0,0.0884,0.9717,0.2192,0,0.0277,-0.2224,0.9746,0,0,8.6226,-0.3542,1]},
{"frame":62,"values":[0.9956,-0.0812,-0.0469,0,0.0896,0.971,0.2216,0,0.0276,-0.2248,0.974,0,0,8.6226,-0.3542,1]},
{"frame":63,"values":[0.9955,-0.0824,-0.0469,0,0.0909,0.97,0.2254,0,0.0269,-0.2287,0.9731,0,0,8.6226,-0.3542,1]},
{"frame":64,"values":[0.9954,-0.0836,-0.047,0,0.0922,0.9693,0.228,0,0.0265,-0.2313,0.9725,0,0,8.6226,-0.3542,1]},
{"frame":65,"values":[0.9953,-0.0839,-0.0477,0,0.0926,0.9694,0.2274,0,0.0271,-0.2307,0.9726,0,0,8.6226,-0.3542,1]},
{"frame":66,"values":[0.9953,-0.0834,-0.0485,0,0.0923,0.9699,0.2252,0,0.0283,-0.2287,0.9731,0,0,8.6226,-0.3542,1]},
{"frame":67,"values":[0.9953,-0.0833,-0.0486,0,0.0921,0.9705,0.2226,0,0.0286,-0.2261,0.9737,0,0,8.6226,-0.3542,1]},
{"frame":68,"values":[0.9953,-0.0841,-0.0479,0,0.0926,0.9709,0.2207,0,0.0279,-0.2241,0.9742,0,0,8.6226,-0.3542,1]},
{"frame":69,"values":[0.9953,-0.0845,-0.0473,0,0.0929,0.971,0.2202,0,0.0274,-0.2236,0.9743,0,0,8.6226,-0.3542,1]},
{"frame":70,"values":[0.9953,-0.0846,-0.0465,0,0.0929,0.9706,0.222,0,0.0263,-0.2253,0.9739,0,0,8.6226,-0.3542,1]},
{"frame":71,"values":[0.9954,-0.0843,-0.0464,0,0.0927,0.9697,0.226,0,0.026,-0.2292,0.973,0,0,8.6226,-0.3542,1]},
{"frame":72,"values":[0.9954,-0.0835,-0.0468,0,0.092,0.969,0.2291,0,0.0263,-0.2323,0.9723,0,0,8.6226,-0.3542,1]}],"loopBehavior":1,"name":"anim","property":"_matrix"}},
{"name":"Neck","index":4,"matrix":[0.9989,-0.0049,-0.046,0,0.0081,0.9976,0.0693,0,0.0455,-0.0696,0.9965,0,0,23.6053,-4.5263,1],"rest":[1,0,0,0,0,1,0,0,0,0,1,0,0,23.6053,-4.5263,1],"parentBoneIndex":3,"length":10.3542
,"animation":{"dataType":3,"framePerSecond":24,"keys":[
{"frame":1,"values":[0.9989,-0.0049,-0.046,0,0.0081,0.9976,0.0693,0,0.0455,-0.0696,0.9965,0,0,23.6053,-4.5263,1]},
{"frame":2,"values":[0.9989,-0.0041,-0.0458,0,0.0075,0.9973,0.0737,0,0.0454,-0.074,0.9962,0,0,23.6053,-4.5263,1]},
{"frame":3,"values":[0.999,-0.0033,-0.0451,0,0.0068,0.9969,0.0786,0,0.0447,-0.0789,0.9959,0,0,23.6053,-4.5263,1]},
{"frame":4,"values":[0.999,-0.0028,-0.044,0,0.0065,0.9966,0.0827,0,0.0436,-0.0829,0.9956,0,0,23.6053,-4.5263,1]},
{"frame":5,"values":[0.9991,-0.0021,-0.0426,0,0.0057,0.9964,0.0844,0,0.0423,-0.0846,0.9955,0,0,23.6053,-4.5263,1]},
{"frame":6,"values":[0.9991,-0.0009,-0.0413,0,0.0044,0.9965,0.0835,0,0.0411,-0.0836,0.9956,0,0,23.6053,-4.5263,1]},
{"frame":7,"values":[0.9992,-0.0002,-0.041,0,0.0035,0.9968,0.0802,0,0.0409,-0.0802,0.9959,0,0,23.6053,-4.5263,1]},
{"frame":8,"values":[0.9991,0.0002,-0.0414,0,0.0029,0.9971,0.0765,0,0.0413,-0.0765,0.9962,0,0,23.6053,-4.5263,1]},
{"frame":9,"values":[0.9991,-0.0003,-0.0421,0,0.0034,0.9972,0.0748,0,0.042,-0.0749,0.9963,0,0,23.6053,-4.5263,1]},
{"frame":10,"values":[0.9991,-0.0014,-0.0431,0,0.0046,0.9971,0.0755,0,0.0429,-0.0756,0.9962,0,0,23.6053,-4.5263,1]},
{"frame":11,"values":[0.999,-0.0018,-0.044,0,0.0052,0.997,0.0776,0,0.0438,-0.0778,0.996,0,0,23.6053,-4.5263,1]},
{"frame":12,"values":[0.999,-0.0018,-0.0443,0,0.0054,0.9968,0.0804,0,0.044,-0.0805,0.9958,0,0,23.6053,-4.5263,1]},
{"frame":13,"values":[0.999,-0.0013,-0.0439,0,0.0049,0.9966,0.0824,0,0.0437,-0.0825,0.9956,0,0,23.6053,-4.5263,1]},
{"frame":14,"values":[0.999,-0.0001,-0.0436,0,0.0037,0.9966,0.0826,0,0.0435,-0.0826,0.9956,0,0,23.6053,-4.5263,1]},
{"frame":15,"values":[0.999,0.0014,-0.0436,0,0.0021,0.9967,0.0808,0,0.0436,-0.0808,0.9958,0,0,23.6053,-4.5263,1]},
{"frame":16,"values":[0.999,0.002,-0.0447,0,0.0014,0.997,0.077,0,0.0447,-0.0769,0.996,0,0,23.6053,-4.5263,1]},
{"frame":17,"values":[0.9989,0.0012,-0.047,0,0.0022,0.9974,0.0723,0,0.0469,-0.0723,0.9963,0,0,23.6053,-4.5263,1]},
{"frame":18,"values":[0.9988,0.0004,-0.049,0,0.003,0.9976,0.0696,0,0.0489,-0.0697,0.9964,0,0,23.6053,-4.5263,1]},
{"frame":19,"values":[0.9987,-0.0008,-0.0504,0,0.0044,0.9976,0.0698,0,0.0502,-0.0699,0.9963,0,0,23.6053,-4.5263,1]},
{"frame":20,"values":[0.9987,-0.0018,-0.0507,0,0.0056,0.9972,0.074,0,0.0504,-0.0742,0.996,0,0,23.6053,-4.5263,1]},
{"frame":21,"values":[0.9988,-0.0021,-0.0499,0,0.006,0.9969,0.0787,0,0.0495,-0.0789,0.9957,0,0,23.6053,-4.5263,1]},
{"frame":22,"values":[0.9988,-0.0024,-0.0485,0,0.0064,0.9966,0.0823,0,0.0481,-0.0825,0.9954,0,0,23.6053,-4.5263,1]},
{"frame":23,"values":[0.9989,-0.0014,-0.0473,0,0.0054,0.9965,0.0831,0,0.0471,-0.0832,0.9954,0,0,23.6053,-4.5263,1]},
{"frame":24,"values":[0.9989,-0.0004,-0.0469,0,0.0042,0.9967,0.0809,0,0.0467,-0.081,0.9956,0,0,23.6053,-4.5263,1]},
{"frame":25,"values":[0.9989,0.0012,-0.0471,0,0.0024,0.9971,0.0765,0,0.047,-0.0766,0.996,0,0,23.6053,-4.5263,1]},
{"frame":26,"values":[0.9989,0.0034,-0.0478,0,0,0.9975,0.0714,0,0.0479,-0.0713,0.9963,0,0,23.6053,-4.5263,1]},
{"frame":27,"values":[0.9988,0.0045,-0.0489,0,-0.0012,0.9977,0.0671,0,0.0491,-0.067,0.9965,0,0,23.6053,-4.5263,1]},
{"frame":28,"values":[0.9987,0.0041,-0.0503,0,-0.0007,0.9978,0.0657,0,0.0504,-0.0656,0.9966,0,0,23.6053,-4.5263,1]},
{"frame":29,"values":[0.9987,0.003,-0.0509,0,0.0005,0.9977,0.068,0,0.051,-0.068,0.9964,0,0,23.6053,-4.5263,1]},
{"frame":30,"values":[0.9987,0.0016,-0.0509,0,0.0021,0.9974,0.0726,0,0.0509,-0.0726,0.9961,0,0,23.6053,-4.5263,1]},
{"frame":31,"values":[0.9987,0.0001,-0.0513,0,0.0038,0.9971,0.0762,0,0.0511,-0.0763,0.9958,0,0,23.6053,-4.5263,1]},
{"frame":32,"values":[0.9987,-0.0013,-0.0518,0,0.0053,0.997,0.0772,0,0.0515,-0.0774,0.9957,0,0,23.6053,-4.5263,1]},
{"frame":33,"values":[0.9986,-0.0018,-0.0521,0,0.0057,0.9971,0.0756,0,0.0518,-0.0758,0.9958,0,0,23.6053,-4.5263,1]},
{"frame":34,"values":[0.9986,-0.0016,-0.0523,0,0.0053,0.9974,0.0719,0,0.052,-0.0721,0.996,0,0,23.6053,-4.5263,1]},
{"frame":35,"values":[0.9986,-0.0016,-0.0531,0,0.0052,0.9977,0.0669,0,0.0529,-0.0671,0.9963,0,0,23.6053,-4.5263,1]},
{"frame":36,"values":[0.9985,-0.0014,-0.054,0,0.0048,0.998,0.0628,0,0.0538,-0.063,0.9966,0,0,23.6053,-4.5263,1]},
{"frame":37,"values":[0.9985,-0.0015,-0.0548,0,0.0048,0.9981,0.0609,0,0.0546,-0.0611,0.9966,0,0,23.6053,-4.5263,1]},
{"frame":38,"values":[0.9985,-0.0017,-0.0555,0,0.0052,0.9981,0.0619,0,0.0553,-0.0621,0.9965,0,0,23.6053,-4.5263,1]},
{"frame":39,"values":[0.9985,-0.0012,-0.0554,0,0.0048,0.9979,0.0644,0,0.0552,-0.0646,0.9964,0,0,23.6053,-4.5263,1]},
