{"producer":{"name":"Blender","version":"2.90.0","exporter_version":"2.80.1","file":"fight_blockleft.babylon"},
"autoClear":true,"clearColor":[0.0509,0.0509,0.0509],"gravity":[0,-9.81,0],
"materials":[{"name":"Material","id":"Material","customType":"BABYLON.PBRMaterial","backFaceCulling":true,"checkReadyOnlyOnce":false,"maxSimultaneousLights":4,"environmentIntensity":1,"albedo":[0.8,0.8,0.8],"reflectivity":[0.5,0.5,0.5],"roughness":0.4,"alpha":1,"transparencyMode":0,"alphaCutOff":0.4,"metallic":0}],
"multiMaterials":[],
"skeletons":[{"name":"Armature","id":0,"dimensionsAtRest":[177.7018,230.6614,27.1405],"bones":[
{"name":"Hips","index":0,"matrix":[0.9944,-0.029,0.1021,0,0.0015,0.9657,0.2595,0,0.1061,0.2579,-0.9603,0,0.0882,106.4785,-0.4167,1],"rest":[1,0,0,0,0,1,0,0,0,0,-1,0,0,113.0334,0,1],"parentBoneIndex":-1,"length":12.9876
,"animation":{"dataType":3,"framePerSecond":24,"keys":[
{"frame":1,"values":[0.9944,-0.029,0.1021,0,0.0015,0.9657,0.2595,0,0.1061,0.2579,-0.9603,0,0.0882,106.4785,-0.4167,1]},
{"frame":2,"values":[0.9965,-0.023,0.0807,0,0.0017,0.967,0.2549,0,0.0839,0.2539,-0.9636,0,-0.2468,106.5705,-0.3779,1]},
{"frame":3,"values":[0.9995,-0.0207,0.0223,0,0.0143,0.9663,0.2571,0,0.0269,0.2567,-0.9661,0,-0.7773,106.9031,-0.3814,1]},
{"frame":4,"values":[0.9963,-0.0151,-0.085,0,0.0367,0.9655,0.2579,0,-0.0782,0.2601,-0.9624,0,-1.6038,107.5522,-0.5085,1]},
{"frame":5,"values":[0.9771,-0.011,-0.2127,0,0.0651,0.9663,0.249,0,-0.2028,0.2571,-0.9449,0,-2.6224,108.2845,-0.5873,1]},
{"frame":6,"values":[0.9466,-0.014,-0.3222,0,0.0946,0.9672,0.2358,0,-0.3084,0.2537,-0.9168,0,-3.6106,108.5928,-0.2309,1]},
{"frame":7,"values":[0.9181,-0.0136,-0.3962,0,0.1134,0.9667,0.2296,0,-0.3799,0.2557,-0.889,0,-4.4664,108.2208,0.435,1]},
{"frame":8,"values":[0.9013,-0.0085,-0.4332,0,0.1196,0.9658,0.23,0,-0.4164,0.2591,-0.8715,0,-5.1359,107.5636,0.7662,1]},
{"frame":9,"values":[0.8945,-0.0075,-0.4471,0,0.1226,0.9656,0.2291,0,-0.43,0.2597,-0.8647,0,-5.5828,107.1576,0.7127,1]},
{"frame":10,"values":[0.8859,-0.0098,-0.4638,0,0.1275,0.9664,0.2231,0,-0.446,0.2568,-0.8574,0,-5.8812,107.0041,0.6795,1]},
{"frame":11,"values":[0.8663,-0.0075,-0.4994,0,0.1314,0.9681,0.2134,0,-0.4819,0.2505,-0.8397,0,-6.1861,106.8018,0.7569,1]},
{"frame":12,"values":[0.8407,0.0026,-0.5414,0,0.1297,0.9699,0.206,0,-0.5257,0.2435,-0.8151,0,-6.4713,106.4071,0.9322,1]},
{"frame":13,"values":[0.8227,0.0148,-0.5683,0,0.1237,0.9711,0.2043,0,-0.5549,0.2383,-0.797,0,-6.6061,105.956,1.1552,1]},
{"frame":14,"values":[0.8161,0.0227,-0.5774,0,0.1183,0.9715,0.2055,0,-0.5656,0.236,-0.7902,0,-6.5996,105.6508,1.2729,1]},
{"frame":15,"values":[0.819,0.0257,-0.5733,0,0.1154,0.9712,0.2083,0,-0.5621,0.2367,-0.7924,0,-6.5155,105.5564,1.2727,1]},
{"frame":16,"values":[0.8276,0.0258,-0.5607,0,0.1134,0.9706,0.2122,0,-0.5498,0.2392,-0.8003,0,-6.3577,105.5969,1.28,1]},
{"frame":17,"values":[0.8383,0.0238,-0.5447,0,0.1121,0.9702,0.215,0,-0.5336,0.2413,-0.8106,0,-6.1389,105.6708,1.3433,1]},
{"frame":18,"values":[0.8504,0.0189,-0.5258,0,0.1121,0.9699,0.2162,0,-0.5141,0.2428,-0.8227,0,-5.8886,105.7562,1.4098,1]},
{"frame":19,"values":[0.8675,0.0104,-0.4974,0,0.1133,0.9694,0.2179,0,-0.4844,0.2454,-0.8397,0,-5.6136,105.8947,1.4212,1]},
{"frame":20,"values":[0.8882,0.003,-0.4595,0,0.1115,0.9687,0.2219,0,-0.4457,0.2483,-0.86,0,-5.3357,106.0895,1.3794,1]},
{"frame":21,"values":[0.9094,-0.0001,-0.4159,0,0.104,0.9683,0.227,0,-0.4027,0.2497,-0.8806,0,-5.0209,106.3311,1.3037,1]},
{"frame":22,"values":[0.9305,-0.0019,-0.3663,0,0.0926,0.9687,0.2303,0,-0.3544,0.2482,-0.9016,0,-4.6004,106.5967,1.1915,1]},
{"frame":23,"values":[0.9494,-0.0019,-0.314,0,0.0781,0.97,0.2302,0,-0.3041,0.2431,-0.9211,0,-4.1403,106.7556,1.0329,1]},
{"frame":24,"values":[0.9631,0.0027,-0.2691,0,0.0614,0.9713,0.2296,0,-0.262,0.2377,-0.9353,0,-3.7201,106.6713,0.8331,1]},
{"frame":25,"values":[0.9735,0.0066,-0.2287,0,0.0478,0.9716,0.2318,0,-0.2238,0.2366,-0.9455,0,-3.2148,106.4091,0.6949,1]},
{"frame":26,"values":[0.9848,0.003,-0.1735,0,0.0388,0.9707,0.2369,0,-0.1692,0.2401,-0.9559,0,-2.4872,106.1914,0.6776,1]},
{"frame":27,"values":[0.9956,-0.0066,-0.0934,0,0.0293,0.9693,0.244,0,-0.0889,0.2457,-0.9653,0,-1.6257,106.1679,0.5344,1]},
{"frame":28,"values":[0.9998,-0.0178,0.0037,0,0.0163,0.9676,0.2518,0,0.0081,0.2517,-0.9678,0,-0.7622,106.3067,0.103,1]},
{"frame":29,"values":[0.9944,-0.029,0.1021,0,0.0015,0.9657,0.2595,0,0.1061,0.2579,-0.9603,0,0.0882,106.4785,-0.4167,1]}],"loopBehavior":1,"name":"anim","property":"_matrix"}},
{"name":"Spine","index":1,"matrix":[0.9996,0.0251,0.0154,0,-0.0256,0.9991,0.0333,0,-0.0145,-0.0337,0.9993,0,0,7.2445,0.6334,1],"rest":[1,0,0,0,0,1,0,0,0,0,1,0,0,7.2445,0.6334,1],"parentBoneIndex":0,"length":7.4267
,"animation":{"dataType":3,"framePerSecond":24,"keys":[
{"frame":1,"values":[0.9996,0.0251,0.0154,0,-0.0256,0.9991,0.0333,0,-0.0145,-0.0337,0.9993,0,0,7.2445,0.6334,1]},
{"frame":2,"values":[0.9996,0.0227,0.0151,0,-0.0232,0.9991,0.0343,0,-0.0143,-0.0347,0.9993,0,0,7.2445,0.6334,1]},
{"frame":3,"values":[0.9997,0.0204,0.0127,0,-0.0208,0.9991,0.0372,0,-0.012,-0.0374,0.9992,0,0,7.2445,0.6334,1]},
{"frame":4,"values":[0.9997,0.0213,0.011,0,-0.0217,0.999,0.0391,0,-0.0102,-0.0394,0.9992,0,0,7.2445,0.6334,1]},
{"frame":5,"values":[0.9994,0.0318,0.016,0,-0.0323,0.9989,0.0338,0,-0.0149,-0.0343,0.9993,0,0,7.2445,0.6334,1]},
{"frame":6,"values":[0.9986,0.046,0.0272,0,-0.0466,0.9987,0.0185,0,-0.0263,-0.0197,0.9995,0,0,7.2445,0.6334,1]},
{"frame":7,"values":[0.9983,0.0425,0.0386,0,-0.0427,0.9991,0.0025,0,-0.0384,-0.0041,0.9993,0,0,7.2445,0.6334,1]},
{"frame":8,"values":[0.9985,0.0169,0.052,0,-0.0168,0.9999,-0.003,0,-0.0521,0.0021,0.9986,0,0,7.2445,0.6334,1]},
{"frame":9,"values":[0.9974,-0.0058,0.0715,0,0.0058,1,0.0006,0,-0.0715,-0.0002,0.9974,0,0,7.2445,0.6334,1]},
{"frame":10,"values":[0.9958,-0.0079,0.0913,0,0.0076,1,0.0039,0,-0.0913,-0.0032,0.9958,0,0,7.2445,0.6334,1]},
{"frame":11,"values":[0.9949,-0.0005,0.1007,0,0,1,0.0047,0,-0.1007,-0.0047,0.9949,0,0,7.2445,0.6334,1]},
{"frame":12,"values":[0.9951,-0.0009,0.0992,0,0.0002,1,0.0064,0,-0.0992,-0.0064,0.9951,0,0,7.2445,0.6334,1]},
{"frame":13,"values":[0.9955,-0.0091,0.0948,0,0.0083,0.9999,0.0097,0,-0.0949,-0.0089,0.9954,0,0,7.2445,0.6334,1]},
{"frame":14,"values":[0.9955,-0.0152,0.0934,0,0.0141,0.9998,0.0123,0,-0.0936,-0.0109,0.9956,0,0,7.2445,0.6334,1]},
{"frame":15,"values":[0.9954,-0.0152,0.0944,0,0.014,0.9998,0.0134,0,-0.0946,-0.0121,0.9954,0,0,7.2445,0.6334,1]},
{"frame":16,"values":[0.9954,-0.0131,0.095,0,0.0119,0.9998,0.0141,0,-0.0951,-0.0129,0.9954,0,0,7.2445,0.6334,1]},
{"frame":17,"values":[0.9955,-0.012,0.0939,0,0.0107,0.9998,0.0147,0,-0.0941,-0.0136,0.9955,0,0,7.2445,0.6334,1]},
{"frame":18,"values":[0.9956,-0.0107,0.0926,0,0.0093,0.9998,0.0155,0,-0.0927,-0.0146,0.9956,0,0,7.2445,0.6334,1]},
{"frame":19,"values":[0.9958,-0.0079,0.0911,0,0.0064,0.9998,0.0165,0,-0.0912,-0.0159,0.9957,0,0,7.2445,0.6334,1]},
{"frame":20,"values":[0.9962,-0.0051,0.0873,0,0.0036,0.9998,0.017,0,-0.0874,-0.0166,0.996,0,0,7.2445,0.6334,1]},
{"frame":21,"values":[0.9968,-0.0034,0.0796,0,0.0021,0.9999,0.0167,0,-0.0797,-0.0165,0.9967,0,0,7.2445,0.6334,1]},
{"frame":22,"values":[0.9975,-0.0009,0.0704,0,-0.0004,0.9998,0.0175,0,-0.0704,-0.0175,0.9974,0,0,7.2445,0.6334,1]},
{"frame":23,"values":[0.9981,0.0036,0.0616,0,-0.005,0.9998,0.0213,0,-0.0615,-0.0216,0.9979,0,0,7.2445,0.6334,1]},
{"frame":24,"values":[0.9987,0.0077,0.0513,0,-0.0091,0.9996,0.027,0,-0.0511,-0.0274,0.9983,0,0,7.2445,0.6334,1]},
{"frame":25,"values":[0.9992,0.0094,0.0391,0,-0.0106,0.9994,0.0324,0,-0.0388,-0.0328,0.9987,0,0,7.2445,0.6334,1]},
{"frame":26,"values":[0.9995,0.0103,0.0288,0,-0.0113,0.9993,0.0366,0,-0.0284,-0.0369,0.9989,0,0,7.2445,0.6334,1]},
{"frame":27,"values":[0.9997,0.0134,0.0228,0,-0.0143,0.9992,0.038,0,-0.0222,-0.0383,0.999,0,0,7.2445,0.6334,1]},
{"frame":28,"values":[0.9996,0.0191,0.0191,0,-0.0197,0.9992,0.0361,0,-0.0184,-0.0364,0.9992,0,0,7.2445,0.6334,1]},
{"frame":29,"values":[0.9996,0.0251,0.0154,0,-0.0256,0.9991,0.0333,0,-0.0145,-0.0337,0.9993,0,0,7.2445,0.6334,1]}],"loopBehavior":1,"name":"anim","property":"_matrix"}},
{"name":"Spine1","index":2,"matrix":[0.9999,-0.0036,0.013,0,0.0027,0.9977,0.0682,0,-0.0132,-0.0681,0.9976,0,0,7.425,0.1598,1],"rest":[1,0,0,0,0,1,0,0,0,0,1,0,0,7.425,0.1598,1],"parentBoneIndex":1,"length":8.6299
,"animation":{"dataType":3,"framePerSecond":24,"keys":[
{"frame":1,"values":[0.9999,-0.0036,0.013,0,0.0027,0.9977,0.0682,0,-0.0132,-0.0681,0.9976,0,0,7.425,0.1598,1]},
{"frame":2,"values":[0.9999,-0.0075,0.0122,0,0.0066,0.9975,0.0703,0,-0.0127,-0.0703,0.9974,0,0,7.425,0.1598,1]},
{"frame":3,"values":[0.9999,-0.0093,0.0079,0,0.0087,0.9972,0.0746,0,-0.0086,-0.0745,0.9972,0,0,7.425,0.1598,1]},
{"frame":4,"values":[1,-0.0081,0.0031,0,0.0078,0.997,0.0772,0,-0.0037,-0.0771,0.997,0,0,7.425,0.1598,1]},
{"frame":5,"values":[1,-0.0023,0.0019,0,0.0021,0.9974,0.0715,0,-0.002,-0.0715,0.9974,0,0,7.425,0.1598,1]},
{"frame":6,"values":[1,0.0048,0.0071,0,-0.0052,0.9985,0.0538,0,-0.0068,-0.0538,0.9985,0,0,7.425,0.1598,1]},
{"frame":7,"values":[0.9997,0.0019,0.0257,0,-0.0027,0.9995,0.0314,0,-0.0256,-0.0314,0.9992,0,0,7.425,0.1598,1]},
{"frame":8,"values":[0.9977,-0.0137,0.0666,0,0.0126,0.9998,0.0173,0,-0.0669,-0.0164,0.9976,0,0,7.425,0.1598,1]},
{"frame":9,"values":[0.9924,-0.0265,0.1201,0,0.0249,0.9996,0.0148,0,-0.1205,-0.0117,0.9926,0,0,7.425,0.1598,1]},
{"frame":10,"values":[0.9866,-0.0249,0.161,0,0.0226,0.9996,0.0165,0,-0.1614,-0.0126,0.9868,0,0,7.425,0.1598,1]},
{"frame":11,"values":[0.9846,-0.0171,0.1742,0,0.0142,0.9997,0.0179,0,-0.1745,-0.0152,0.9845,0,0,7.425,0.1598,1]},
{"frame":12,"values":[0.9855,-0.0156,0.169,0,0.0122,0.9997,0.0212,0,-0.1693,-0.0188,0.9854,0,0,7.425,0.1598,1]},
{"frame":13,"values":[0.9865,-0.0197,0.1623,0,0.0156,0.9995,0.0265,0,-0.1627,-0.0236,0.9864,0,0,7.425,0.1598,1]},
{"frame":14,"values":[0.9867,-0.0222,0.1613,0,0.0174,0.9994,0.0309,0,-0.1619,-0.0277,0.9864,0,0,7.425,0.1598,1]},
{"frame":15,"values":[0.9863,-0.0224,0.1635,0,0.0173,0.9993,0.0329,0,-0.1641,-0.0296,0.986,0,0,7.425,0.1598,1]},
{"frame":16,"values":[0.9861,-0.023,0.1646,0,0.0176,0.9993,0.034,0,-0.1652,-0.0306,0.9858,0,0,7.425,0.1598,1]},
{"frame":17,"values":[0.9863,-0.0232,0.1634,0,0.0177,0.9992,0.0353,0,-0.1641,-0.032,0.9859,0,0,7.425,0.1598,1]},
{"frame":18,"values":[0.9866,-0.0214,0.1617,0,0.0156,0.9992,0.0372,0,-0.1624,-0.0342,0.9861,0,0,7.425,0.1598,1]},
{"frame":19,"values":[0.9871,-0.0187,0.1592,0,0.0125,0.9991,0.0395,0,-0.1598,-0.037,0.9865,0,0,7.425,0.1598,1]},
{"frame":20,"values":[0.9883,-0.017,0.1517,0,0.0109,0.9991,0.0413,0,-0.1523,-0.0392,0.9876,0,0,7.425,0.1598,1]},
{"frame":21,"values":[0.9905,-0.0167,0.1367,0,0.011,0.999,0.0425,0,-0.1373,-0.0406,0.9897,0,0,7.425,0.1598,1]},
{"frame":22,"values":[0.9928,-0.0175,0.1188,0,0.0122,0.9989,0.0449,0,-0.1194,-0.0431,0.9919,0,0,7.425,0.1598,1]},
{"frame":23,"values":[0.9946,-0.0196,0.1018,0,0.0145,0.9986,0.0499,0,-0.1026,-0.0482,0.9936,0,0,7.425,0.1598,1]},
{"frame":24,"values":[0.9963,-0.0221,0.0829,0,0.0175,0.9982,0.0565,0,-0.084,-0.0549,0.995,0,0,7.425,0.1598,1]},
{"frame":25,"values":[0.9979,-0.0232,0.0607,0,0.0193,0.9978,0.0639,0,-0.0621,-0.0626,0.9961,0,0,7.425,0.1598,1]},
{"frame":26,"values":[0.9989,-0.0219,0.0412,0,0.0189,0.9973,0.0714,0,-0.0427,-0.0706,0.9966,0,0,7.425,0.1598,1]},
{"frame":27,"values":[0.9994,-0.0179,0.0289,0,0.0157,0.9971,0.0748,0,-0.0302,-0.0743,0.9968,0,0,7.425,0.1598,1]},
{"frame":28,"values":[0.9997,-0.0111,0.021,0,0.0096,0.9973,0.0723,0,-0.0218,-0.0721,0.9972,0,0,7.425,0.1598,1]},
{"frame":29,"values":[0.9999,-0.0036,0.013,0,0.0027,0.9977,0.0682,0,-0.0132,-0.0681,0.9976,0,0,7.425,0.1598,1]}],"loopBehavior":1,"name":"anim","property":"_matrix"}},
{"name":"Spine2","index":3,"matrix":[0.9999,-0.0036,0.0131,0,0.0027,0.9977,0.0681,0,-0.0134,-0.0681,0.9976,0,0,8.6226,-0.3542,1],"rest":[1,0,0,0,0,1,0,0,0,0,1,0,0,8.6226,-0.3542,1],"parentBoneIndex":2,"length":20.7438
,"animation":{"dataType":3,"framePerSecond":24,"keys":[
{"frame":1,"values":[0.9999,-0.0036,0.0131,0,0.0027,0.9977,0.0681,0,-0.0134,-0.0681,0.9976,0,0,8.6226,-0.3542,1]},
{"frame":2,"values":[0.9999,-0.0076,0.0123,0,0.0067,0.9975,0.0703,0,-0.0128,-0.0702,0.9974,0,0,8.6226,-0.3542,1]},
{"frame":3,"values":[0.9999,-0.0094,0.0081,0,0.0088,0.9972,0.0745,0,-0.0088,-0.0745,0.9972,0,0,8.6226,-0.3542,1]},
{"frame":4,"values":[1,-0.0082,0.0032,0,0.0079,0.997,0.0771,0,-0.0038,-0.077,0.997,0,0,8.6226,-0.3542,1]},
{"frame":5,"values":[1,-0.0026,0.0017,0,0.0025,0.9974,0.0715,0,-0.0019,-0.0715,0.9974,0,0,8.6226,-0.3542,1]},
{"frame":6,"values":[1,0.004,0.0067,0,-0.0044,0.9985,0.0539,0,-0.0065,-0.0539,0.9985,0,0,8.6226,-0.3542,1]},
{"frame":7,"values":[0.9997,0.0013,0.0256,0,-0.0021,0.9995,0.0312,0,-0.0255,-0.0313,0.9992,0,0,8.6226,-0.3542,1]},
{"frame":8,"values":[0.9977,-0.0124,0.0672,0,0.0114,0.9998,0.0163,0,-0.0674,-0.0155,0.9976,0,0,8.6226,-0.3542,1]},
{"frame":9,"values":[0.9924,-0.0232,0.1211,0,0.0218,0.9997,0.0128,0,-0.1214,-0.0101,0.9926,0,0,8.6226,-0.3542,1]},
{"frame":10,"values":[0.9866,-0.021,0.1618,0,0.019,0.9997,0.0139,0,-0.1621,-0.0107,0.9867,0,0,8.6226,-0.3542,1]},
{"frame":11,"values":[0.9845,-0.0139,0.1748,0,0.0114,0.9998,0.0153,0,-0.175,-0.0131,0.9845,0,0,8.6226,-0.3542,1]},
{"frame":12,"values":[0.9854,-0.0131,0.1696,0,0.0101,0.9998,0.0184,0,-0.1698,-0.0165,0.9853,0,0,8.6226,-0.3542,1]},
{"frame":13,"values":[0.9865,-0.0175,0.163,0,0.0139,0.9996,0.0235,0,-0.1634,-0.0209,0.9863,0,0,8.6226,-0.3542,1]},
{"frame":14,"values":[0.9866,-0.0201,0.1622,0,0.0159,0.9995,0.0276,0,-0.1626,-0.0247,0.9864,0,0,8.6226,-0.3542,1]},
{"frame":15,"values":[0.9862,-0.0204,0.1644,0,0.0158,0.9994,0.0296,0,-0.1649,-0.0266,0.986,0,0,8.6226,-0.3542,1]},
{"frame":16,"values":[0.986,-0.0211,0.1655,0,0.0162,0.9994,0.0306,0,-0.1661,-0.0275,0.9857,0,0,8.6226,-0.3542,1]},
{"frame":17,"values":[0.9862,-0.0213,0.1644,0,0.0162,0.9994,0.032,0,-0.165,-0.0289,0.9859,0,0,8.6226,-0.3542,1]},
{"frame":18,"values":[0.9865,-0.0196,0.1627,0,0.0142,0.9993,0.034,0,-0.1632,-0.0313,0.9861,0,0,8.6226,-0.3542,1]},
{"frame":19,"values":[0.987,-0.017,0.1601,0,0.0113,0.9993,0.0366,0,-0.1606,-0.0343,0.9864,0,0,8.6226,-0.3542,1]},
{"frame":20,"values":[0.9882,-0.0155,0.1526,0,0.0097,0.9992,0.0386,0,-0.1531,-0.0367,0.9875,0,0,8.6226,-0.3542,1]},
{"frame":21,"values":[0.9904,-0.0154,0.1377,0,0.01,0.9992,0.0399,0,-0.1382,-0.0381,0.9897,0,0,8.6226,-0.3542,1]},
{"frame":22,"values":[0.9927,-0.0165,0.1198,0,0.0115,0.999,0.0424,0,-0.1204,-0.0408,0.9919,0,0,8.6226,-0.3542,1]},
{"frame":23,"values":[0.9945,-0.0192,0.1029,0,0.0143,0.9988,0.0478,0,-0.1037,-0.0461,0.9935,0,0,8.6226,-0.3542,1]},
{"frame":24,"values":[0.9962,-0.0221,0.0839,0,0.0176,0.9983,0.055,0,-0.085,-0.0533,0.995,0,0,8.6226,-0.3542,1]},
{"frame":25,"values":[0.9978,-0.0233,0.0615,0,0.0194,0.9978,0.0631,0,-0.0628,-0.0618,0.9961,0,0,8.6226,-0.3542,1]},
{"frame":26,"values":[0.9989,-0.022,0.0419,0,0.019,0.9973,0.071,0,-0.0433,-0.0701,0.9966,0,0,8.6226,-0.3542,1]},
{"frame":27,"values":[0.9994,-0.018,0.0295,0,0.0158,0.9971,0.0746,0,-0.0307,-0.0741,0.9968,0,0,8.6226,-0.3542,1]},
{"frame":28,"values":[0.9997,-0.0112,0.0214,0,0.0096,0.9973,0.0721,0,-0.0221,-0.0719,0.9972,0,0,8.6226,-0.3542,1]},
{"frame":29,"values":[0.9999,-0.0036,0.0131,0,0.0027,0.9977,0.0681,0,-0.0134,-0.0681,0.9976,0,0,8.6226,-0.3542,1]}],"loopBehavior":1,"name":"anim","property":"_matrix"}},
{"name":"Neck","index":4,"matrix":[0.9991,-0.0152,0.0387,0,0.0081,0.9841,0.1772,0,-0.0408,-0.1768,0.9834,0,0,23.6053,-4.5263,1],"rest":[1,0,0,0,0,1,0,0,0,0,1,0,0,23.6053,-4.5263,1],"parentBoneIndex":3,"length":10.3542
,"animation":{"dataType":3,"framePerSecond":24,"keys":[
{"frame":1,"values":[0.9991,-0.0152,0.0387,0,0.0081,0.9841,0.1772,0,-0.0408,-0.1768,0.9834,0,0,23.6053,-4.5263,1]},
{"frame":2,"values":[0.9992,-0.0165,0.0351,0,0.0102,0.9853,0.1705,0,-0.0374,-0.17,0.9847,0,0,23.6053,-4.5263,1]},
{"frame":3,"values":[0.9994,-0.018,0.0291,0,0.0129,0.9858,0.1671,0,-0.0317,-0.1667,0.9855,0,0,23.6053,-4.5263,1]},
{"frame":4,"values":[0.9995,-0.0252,0.0166,0,0.0221,0.9861,0.1648,0,-0.0205,-0.1644,0.9862,0,0,23.6053,-4.5263,1]},
{"frame":5,"values":[0.9992,-0.0401,-0.0056,0,0.0405,0.986,0.1615,0,-0.001,-0.1616,0.9869,0,0,23.6053,-4.5263,1]},
{"frame":6,"values":[0.998,-0.0526,-0.0347,0,0.0576,0.985,0.1625,0,0.0257,-0.1641,0.9861,0,0,23.6053,-4.5263,1]},
{"frame":7,"values":[0.9971,-0.047,-0.0599,0,0.0567,0.9832,0.1734,0,0.0507,-0.1763,0.983,0,0,23.6053,-4.5263,1]},
{"frame":8,"values":[0.9969,-0.0263,-0.0746,0,0.0399,0.9813,0.1882,0,0.0683,-0.1906,0.9793,0,0,23.6053,-4.5263,1]},
{"frame":9,"values":[0.996,-0.0138,-0.0888,0,0.0309,0.9805,0.1941,0,0.0844,-0.1961,0.977,0,0,23.6053,-4.5263,1]},
{"frame":10,"values":[0.9934,-0.0228,-0.1124,0,0.0438,0.981,0.1888,0,0.106,-0.1924,0.9756,0,0,23.6053,-4.5263,1]},
{"frame":11,"values":[0.9897,-0.0421,-0.1369,0,0.0666,0.9816,0.1792,0,0.1268,-0.1865,0.9742,0,0,23.6053,-4.5263,1]},
{"frame":12,"values":[0.9874,-0.0535,-0.1492,0,0.079,0.9822,0.1706,0,0.1374,-0.1802,0.974,0,0,23.6053,-4.5263,1]},
{"frame":13,"values":[0.9873,-0.053,-0.1497,0,0.0777,0.9834,0.1642,0,0.1385,-0.1737,0.975,0,0,23.6053,-4.5263,1]},
{"frame":14,"values":[0.9878,-0.0496,-0.1477,0,0.0736,0.9841,0.1614,0,0.1374,-0.1703,0.9758,0,0,23.6053,-4.5263,1]},
{"frame":15,"values":[0.9879,-0.0489,-0.147,0,0.073,0.9839,0.1632,0,0.1367,-0.172,0.9756,0,0,23.6053,-4.5263,1]},
{"frame":16,"values":[0.988,-0.0496,-0.1463,0,0.074,0.9833,0.1666,0,0.1356,-0.1754,0.9751,0,0,23.6053,-4.5263,1]},
{"frame":17,"values":[0.9883,-0.0493,-0.1443,0,0.0736,0.9829,0.1687,0,0.1335,-0.1773,0.9751,0,0,23.6053,-4.5263,1]},
{"frame":18,"values":[0.9889,-0.0473,-0.141,0,0.0711,0.983,0.1691,0,0.1306,-0.1773,0.9755,0,0,23.6053,-4.5263,1]},
{"frame":19,"values":[0.9898,-0.0441,-0.1356,0,0.067,0.9833,0.1691,0,0.1258,-0.1765,0.9762,0,0,23.6053,-4.5263,1]},
{"frame":20,"values":[0.9911,-0.0411,-0.127,0,0.0625,0.9835,0.1696,0,0.1179,-0.1761,0.9773,0,0,23.6053,-4.5263,1]},
{"frame":21,"values":[0.9926,-0.0394,-0.1148,0,0.0587,0.9836,0.1703,0,0.1063,-0.1758,0.9787,0,0,23.6053,-4.5263,1]},
{"frame":22,"values":[0.9942,-0.0396,-0.1001,0,0.0564,0.9838,0.1703,0,0.0918,-0.1749,0.9803,0,0,23.6053,-4.5263,1]},
{"frame":23,"values":[0.9957,-0.0406,-0.0838,0,0.0544,0.984,0.1697,0,0.0755,-0.1735,0.9819,0,0,23.6053,-4.5263,1]},
{"frame":24,"values":[0.9971,-0.0386,-0.0654,0,0.0493,0.9841,0.1704,0,0.0577,-0.1731,0.9832,0,0,23.6053,-4.5263,1]},
{"frame":25,"values":[0.9985,-0.0317,-0.045,0,0.0391,0.9841,0.173,0,0.0388,-0.1745,0.9839,0,0,23.6053,-4.5263,1]},
{"frame":26,"values":[0.9994,-0.0236,-0.0241,0,0.0275,0.9841,0.1754,0,0.0196,-0.176,0.9842,0,0,23.6053,-4.5263,1]},
{"frame":27,"values":[0.9998,-0.0186,-0.0035,0,0.0189,0.9841,0.1764,0,0.0001,-0.1764,0.9843,0,0,23.6053,-4.5263,1]},
{"frame":28,"values":[0.9997,-0.0167,0.0175,0,0.0134,0.9842,0.1767,0,-0.0202,-0.1765,0.9841,0,0,23.6053,-4.5263,1]},
{"frame":29,"values":[0.9991,-0.0152,0.0387,0,0.0081,0.9841,0.1772,0,-0.0408,-0.1768,0.9834,0,0,23.6053,-4.5263,1]}],"loopBehavior":1,"name":"anim","property":"_matrix"}},
{"name":"Head","index":5,"matrix":[0.9518,0.1816,0.2471,0,-0.0985,0.9442,-0.3144,0,-0.2904,0.2749,0.9166,0,0,9.9955,2.7017,1],"rest":[1,0,0,0,0,1,0,0,0,0,1,0,0,9.9955,2.7017,1],"parentBoneIndex":4,"length":31.4272
,"animation":{"dataType":3,"framePerSecond":24,"keys":[
{"frame":1,"values":[0.9518,0.1816,0.2471,0,-0.0985,0.9442,-0.3144,0,-0.2904,0.2749,0.9166,0,0,9.9955,2.7017,1]},
{"frame":2,"values":[0.9538,0.1918,0.2314,0,-0.1099,0.9392,-0.3254,0,-0.2798,0.2849,0.9168,0,0,9.9955,2.7017,1]},
{"frame":3,"values":[0.9572,0.2027,0.2066,0,-0.1273,0.936,-0.3282,0,-0.2599,0.2879,0.9217,0,0,9.9955,2.7017,1]},
{"frame":4,"values":[0.9649,0.2093,0.1588,0,-0.1495,0.9345,-0.3232,0,-0.216,0.2881,0.9329,0,0,9.9955,2.7017,1]},
{"frame":5,"values":[0.9754,0.2071,0.075,0,-0.1741,0.9337,-0.3129,0,-0.1349,0.2922,0.9468,0,0,9.9955,2.7017,1]},
{"frame":6,"values":[0.9806,0.1911,-0.0446,0,-0.1958,0.9363,-0.2915,0,-0.014,0.2946,0.9555,0,0,9.9955,2.7017,1]},
{"frame":7,"values":[0.9715,0.161,-0.1741,0,-0.2017,0.947,-0.2501,0,0.1246,0.2781,0.9524,0,0,9.9955,2.7017,1]},
{"frame":8,"values":[0.949,0.1266,-0.2888,0,-0.1863,0.964,-0.1899,0,0.2543,0.234,0.9384,0,0,9.9955,2.7017,1]},
{"frame":9,"values":[0.9163,0.1045,-0.3866,0,-0.1658,0.9777,-0.1289,0,0.3645,0.1823,0.9132,0,0,9.9955,2.7017,1]},
{"frame":10,"values":[0.8765,0.0994,-0.4711,0,-0.159,0.9833,-0.0883,0,0.4544,0.1523,0.8777,0,0,9.9955,2.7017,1]},
{"frame":11,"values":[0.8392,0.1027,-0.534,0,-0.1673,0.9831,-0.0738,0,0.5174,0.1513,0.8423,0,0,9.9955,2.7017,1]},
{"frame":12,"values":[0.816,0.1049,-0.5685,0,-0.1802,0.9806,-0.0777,0,0.5493,0.1658,0.819,0,0,9.9955,2.7017,1]},
{"frame":13,"values":[0.8085,0.1039,-0.5792,0,-0.1897,0.9778,-0.0893,0,0.5571,0.1821,0.8103,0,0,9.9955,2.7017,1]},
{"frame":14,"values":[0.8087,0.1022,-0.5793,0,-0.193,0.9764,-0.0972,0,0.5557,0.1904,0.8093,0,0,9.9955,2.7017,1]},
{"frame":15,"values":[0.8111,0.1005,-0.5762,0,-0.1907,0.9767,-0.0981,0,0.553,0.1894,0.8114,0,0,9.9955,2.7017,1]},
{"frame":16,"values":[0.8144,0.0982,-0.5719,0,-0.1862,0.9777,-0.0972,0,0.5496,0.1856,0.8145,0,0,9.9955,2.7017,1]},
{"frame":17,"values":[0.8191,0.0947,-0.5658,0,-0.1806,0.9787,-0.0978,0,0.5444,0.1823,0.8188,0,0,9.9955,2.7017,1]},
{"frame":18,"values":[0.8261,0.0911,-0.5561,0,-0.174,0.9799,-0.0979,0,0.536,0.1776,0.8253,0,0,9.9955,2.7017,1]},
{"frame":19,"values":[0.8382,0.0904,-0.5378,0,-0.1688,0.9807,-0.0983,0,0.5185,0.1732,0.8373,0,0,9.9955,2.7017,1]},
{"frame":20,"values":[0.8584,0.0933,-0.5045,0,-0.1675,0.9804,-0.1037,0,0.4849,0.1735,0.8572,0,0,9.9955,2.7017,1]},
{"frame":21,"values":[0.8862,0.0955,-0.4533,0,-0.1659,0.979,-0.1181,0,0.4325,0.1798,0.8835,0,0,9.9955,2.7017,1]},
{"frame":22,"values":[0.9169,0.0932,-0.3881,0,-0.1595,0.9769,-0.1423,0,0.3658,0.1924,0.9106,0,0,9.9955,2.7017,1]},
{"frame":23,"values":[0.9455,0.0928,-0.3121,0,-0.1532,0.9726,-0.175,0,0.2873,0.2133,0.9338,0,0,9.9955,2.7017,1]},
{"frame":24,"values":[0.9683,0.1062,-0.2259,0,-0.1549,0.9653,-0.2104,0,0.1957,0.2387,0.9512,0,0,9.9955,2.7017,1]},
{"frame":25,"values":[0.9822,0.1329,-0.1326,0,-0.162,0.9569,-0.2409,0,0.0949,0.2581,0.9614,0,0,9.9955,2.7017,1]},
{"frame":26,"values":[0.9866,0.1583,-0.0389,0,-0.1629,0.9508,-0.2636,0,-0.0047,0.2664,0.9639,0,0,9.9955,2.7017,1]},
{"frame":27,"values":[0.9835,0.1724,0.0545,0,-0.1504,0.9474,-0.2825,0,-0.1003,0.2697,0.9577,0,0,9.9955,2.7017,1]},
{"frame":28,"values":[0.9725,0.1777,0.1507,0,-0.1263,0.9455,-0.3,0,-0.1958,0.2727,0.942,0,0,9.9955,2.7017,1]},
{"frame":29,"values":[0.9518,0.1816,0.2471,0,-0.0985,0.9442,-0.3144,0,-0.2904,0.2749,0.9166,0,0,9.9955,2.7017,1]}],"loopBehavior":1,"name":"anim","property":"_matrix"}},
{"name":"HeadTop_End","index":6,"matrix":[1,0,0,0,0,1,0,0,0,0,1,0,0,31.2072,3.7118,1],"rest":[1,0,0,0,0,1,0,0,0,0,1,0,0,31.2072,3.7118,1],"parentBoneIndex":5,"length":31.4272
,"animation":{"dataType":3,"framePerSecond":24,"keys":[
{"frame":1,"values":[1,0,0,0,0,1,0,0,0,0,1,0,0,31.2072,3.7118,1]},
{"frame":29,"values":[1,0,0,0,0,1,0,0,0,0,1,0,0,31.2072,3.7118,1]}],"loopBehavior":1,"name":"anim","property":"_matrix"}},
{"name":"LeftShoulder","index":7,"matrix":[0.9659,-0.1719,-0.1938,0,0.1693,0.9851,-0.0305,0,0.1961,-0.0034,0.9806,0,6.1723,17.8795,-2.6384,1],"rest":[1,-0.0039,0,0,0.0039,1,0,0,0,0,1,0,6.1723,17.8795,-2.6384,1],"parentBoneIndex":3,"length":6.4566
,"animation":{"dataType":3,"framePerSecond":24,"keys":[
{"frame":1,"values":[0.9659,-0.1719,-0.1938,0,0.1693,0.9851,-0.0305,0,0.1961,-0.0034,0.9806,0,6.1723,17.8795,-2.6384,1]},
{"frame":2,"values":[0.9645,-0.1663,-0.205,0,0.1635,0.9861,-0.0304,0,0.2072,-0.0042,0.9783,0,6.1723,17.8795,-2.6384,1]},
{"frame":3,"values":[0.9591,-0.1611,-0.2326,0,0.1577,0.9869,-0.0334,0,0.2349,-0.0046,0.972,0,6.1723,17.8795,-2.6384,1]},
{"frame":4,"values":[0.9471,-0.1625,-0.2767,0,0.1569,0.9867,-0.0421,0,0.2798,-0.0035,0.96,0,6.1723,17.8795,-2.6384,1]},
{"frame":5,"values":[0.9332,-0.1711,-0.316,0,0.1631,0.9852,-0.0519,0,0.3202,-0.0031,0.9474,0,6.1723,17.8795,-2.6384,1]},
{"frame":6,"values":[0.9386,-0.1794,-0.2946,0,0.1727,0.9838,-0.049,0,0.2986,-0.0049,0.9544,0,6.1723,17.8795,-2.6384,1]},
{"frame":7,"values":[0.9715,-0.1788,-0.1556,0,0.1771,0.9839,-0.0246,0,0.1575,-0.0037,0.9875,0,6.1723,17.8795,-2.6384,1]},
{"frame":8,"values":[0.9826,-0.1701,0.0748,0,0.1698,0.9854,0.0107,0,-0.0755,0.0022,0.9971,0,6.1723,17.8795,-2.6384,1]},
{"frame":9,"values":[0.9528,-0.163,0.256,0,0.1586,0.9866,0.038,0,-0.2588,0.0044,0.9659,0,6.1723,17.8795,-2.6384,1]},
{"frame":10,"values":[0.9388,-0.1621,0.304,0,0.1539,0.9868,0.0511,0,-0.3082,-0.0012,0.9513,0,6.1723,17.8795,-2.6384,1]},
{"frame":11,"values":[0.9493,-0.1644,0.2678,0,0.1556,0.9863,0.054,0,-0.273,-0.0096,0.962,0,6.1723,17.8795,-2.6384,1]},
{"frame":12,"values":[0.9581,-0.1626,0.2359,0,0.1548,0.9866,0.0511,0,-0.2411,-0.0125,0.9704,0,6.1723,17.8795,-2.6384,1]},
{"frame":13,"values":[0.9594,-0.1551,0.2356,0,0.1483,0.9878,0.0465,0,-0.2399,-0.0096,0.9707,0,6.1723,17.8795,-2.6384,1]},
{"frame":14,"values":[0.9584,-0.1493,0.2432,0,0.1429,0.9888,0.044,0,-0.247,-0.0074,0.969,0,6.1723,17.8795,-2.6384,1]},
{"frame":15,"values":[0.957,-0.1495,0.2484,0,0.1427,0.9887,0.0452,0,-0.2524,-0.0078,0.9676,0,6.1723,17.8795,-2.6384,1]},
{"frame":16,"values":[0.9536,-0.1531,0.2592,0,0.1454,0.9882,0.049,0,-0.2636,-0.009,0.9646,0,6.1723,17.8795,-2.6384,1]},
{"frame":17,"values":[0.9488,-0.1568,0.2741,0,0.1478,0.9876,0.0532,0,-0.279,-0.01,0.9602,0,6.1723,17.8795,-2.6384,1]},
{"frame":18,"values":[0.9467,-0.1593,0.2801,0,0.1496,0.9872,0.0556,0,-0.2853,-0.0107,0.9584,0,6.1723,17.8795,-2.6384,1]},
{"frame":19,"values":[0.949,-0.1625,0.2702,0,0.153,0.9866,0.0561,0,-0.2757,-0.0119,0.9612,0,6.1723,17.8795,-2.6384,1]},
{"frame":20,"values":[0.9536,-0.171,0.2479,0,0.1617,0.9852,0.0575,0,-0.2541,-0.0148,0.9671,0,6.1723,17.8795,-2.6384,1]},
{"frame":21,"values":[0.9594,-0.1868,0.2113,0,0.1784,0.9822,0.0582,0,-0.2185,-0.0182,0.9757,0,6.1723,17.8795,-2.6384,1]},
{"frame":22,"values":[0.9673,-0.2037,0.1513,0,0.1982,0.9788,0.0509,0,-0.1585,-0.0193,0.9872,0,6.1723,17.8795,-2.6384,1]},
{"frame":23,"values":[0.9751,-0.2113,0.0678,0,0.2096,0.9773,0.0317,0,-0.073,-0.0167,0.9972,0,6.1723,17.8795,-2.6384,1]},
{"frame":24,"values":[0.9784,-0.2062,-0.0146,0,0.2064,0.9784,0.0087,0,0.0125,-0.0115,0.9999,0,6.1723,17.8795,-2.6384,1]},
{"frame":25,"values":[0.9782,-0.1963,-0.0671,0,0.1964,0.9805,-0.0061,0,0.067,-0.0073,0.9977,0,6.1723,17.8795,-2.6384,1]},
{"frame":26,"values":[0.9777,-0.1892,-0.0916,0,0.189,0.9819,-0.0116,0,0.0921,-0.0059,0.9957,0,6.1723,17.8795,-2.6384,1]},
{"frame":27,"values":[0.976,-0.1843,-0.1162,0,0.1837,0.9829,-0.016,0,0.1171,-0.0057,0.9931,0,6.1723,17.8795,-2.6384,1]},
{"frame":28,"values":[0.9719,-0.1784,-0.1536,0,0.177,0.9839,-0.023,0,0.1552,-0.0048,0.9879,0,6.1723,17.8795,-2.6384,1]},
{"frame":29,"values":[0.9659,-0.1719,-0.1938,0,0.1693,0.9851,-0.0305,0,0.1961,-0.0034,0.9806,0,6.1723,17.8795,-2.6384,1]}],"loopBehavior":1,"name":"anim","property":"_matrix"}},
{"name":"LeftArm","index":8,"matrix":[0.5514,-0.7349,-0.3948,0,0.8183,0.3844,0.4274,0,-0.1624,-0.5587,0.8133,0,6.0747,-1.0059,-1.9427,1],"rest":[0.9995,0.0084,0.0302,0,-0.0084,1,-0.0001,0,-0.0302,-0.0002,0.9995,0,6.0747,-1.0059,-1.9427,1],"parentBoneIndex":7,"length":27.2639
,"animation":{"dataType":3,"framePerSecond":24,"keys":[
{"frame":1,"values":[0.5514,-0.7349,-0.3948,0,0.8183,0.3844,0.4274,0,-0.1624,-0.5587,0.8133,0,6.0747,-1.0059,-1.9427,1]},
{"frame":2,"values":[0.5581,-0.7454,-0.3645,0,0.8073,0.3864,0.446,0,-0.1916,-0.5432,0.8175,0,6.0747,-1.0059,-1.9427,1]},
{"frame":3,"values":[0.5623,-0.7538,-0.3401,0,0.8012,0.3947,0.4498,0,-0.2048,-0.5254,0.8258,0,6.0747,-1.0059,-1.9427,1]},
{"frame":4,"values":[0.565,-0.7648,-0.3097,0,0.8062,0.4318,0.4045,0,-0.1756,-0.4782,0.8605,0,6.0747,-1.0059,-1.9427,1]},
{"frame":5,"values":[0.5804,-0.7859,-0.2134,0,0.806,0.517,0.2881,0,-0.1161,-0.3392,0.9335,0,6.0747,-1.0059,-1.9427,1]},
{"frame":6,"values":[0.61,-0.7924,-0.0011,0,0.7875,0.606,0.1121,0,-0.0882,-0.0693,0.9937,0,6.0747,-1.0059,-1.9427,1]},
{"frame":7,"values":[0.6237,-0.7119,0.3228,0,0.7657,0.6395,-0.0691,0,-0.1572,0.2903,0.944,0,6.0747,-1.0059,-1.9427,1]},
{"frame":8,"values":[0.6103,-0.5095,0.6066,0,0.7376,0.6447,-0.2007,0,-0.2888,0.5699,0.7693,0,6.0747,-1.0059,-1.9427,1]},
{"frame":9,"values":[0.6099,-0.3385,0.7166,0,0.6874,0.676,-0.2657,0,-0.3945,0.6546,0.6449,0,6.0747,-1.0059,-1.9427,1]},
{"frame":10,"values":[0.596,-0.2961,0.7464,0,0.6662,0.7012,-0.2538,0,-0.4482,0.6486,0.6152,0,6.0747,-1.0059,-1.9427,1]},
{"frame":11,"values":[0.5674,-0.3081,0.7636,0,0.6595,0.7253,-0.1975,0,-0.493,0.6157,0.6148,0,6.0747,-1.0059,-1.9427,1]},
{"frame":12,"values":[0.5555,-0.3036,0.7741,0,0.6387,0.7519,-0.1635,0,-0.5324,0.5852,0.6116,0,6.0747,-1.0059,-1.9427,1]},
{"frame":13,"values":[0.5589,-0.2796,0.7807,0,0.6233,0.7625,-0.1732,0,-0.5469,0.5834,0.6004,0,6.0747,-1.0059,-1.9427,1]},
{"frame":14,"values":[0.5579,-0.2612,0.7877,0,0.6226,0.7593,-0.1892,0,-0.5487,0.596,0.5863,0,6.0747,-1.0059,-1.9427,1]},
{"frame":15,"values":[0.5523,-0.258,0.7927,0,0.6251,0.7573,-0.189,0,-0.5516,0.5999,0.5795,0,6.0747,-1.0059,-1.9427,1]},
{"frame":16,"values":[0.5498,-0.2619,0.7932,0,0.6262,0.7576,-0.184,0,-0.5528,0.5979,0.5806,0,6.0747,-1.0059,-1.9427,1]},
{"frame":17,"values":[0.5482,-0.2683,0.7922,0,0.6309,0.7545,-0.1811,0,-0.5491,0.599,0.5828,0,6.0747,-1.0059,-1.9427,1]},
{"frame":18,"values":[0.5397,-0.287,0.7914,0,0.6429,0.7474,-0.1674,0,-0.5435,0.5991,0.5879,0,6.0747,-1.0059,-1.9427,1]},
{"frame":19,"values":[0.5228,-0.3399,0.7818,0,0.6653,0.7361,-0.1248,0,-0.533,0.5854,0.611,0,6.0747,-1.0059,-1.9427,1]},
{"frame":20,"values":[0.506,-0.4343,0.7452,0,0.69,0.7222,-0.0476,0,-0.5175,0.5383,0.6651,0,6.0747,-1.0059,-1.9427,1]},
{"frame":21,"values":[0.5045,-0.5522,0.6638,0,0.6952,0.7156,0.067,0,-0.512,0.4277,0.7449,0,6.0747,-1.0059,-1.9427,1]},
{"frame":22,"values":[0.5332,-0.6624,0.5261,0,0.668,0.7113,0.2187,0,-0.5191,0.2349,0.8218,0,6.0747,-1.0059,-1.9427,1]},
{"frame":23,"values":[0.5898,-0.7388,0.3262,0,0.6307,0.6736,0.3853,0,-0.5044,-0.0215,0.8632,0,6.0747,-1.0059,-1.9427,1]},
{"frame":24,"values":[0.6372,-0.7652,0.0917,0,0.6323,0.5871,0.5054,0,-0.4406,-0.2641,0.858,0,6.0747,-1.0059,-1.9427,1]},
{"frame":25,"values":[0.6401,-0.7596,-0.1156,0,0.6824,0.4929,0.5397,0,-0.353,-0.4243,0.8339,0,6.0747,-1.0059,-1.9427,1]},
{"frame":26,"values":[0.6115,-0.7499,-0.2524,0,0.7406,0.4302,0.5162,0,-0.2785,-0.5026,0.8185,0,6.0747,-1.0059,-1.9427,1]},
{"frame":27,"values":[0.5853,-0.7431,-0.3242,0,0.7779,0.402,0.4829,0,-0.2285,-0.5349,0.8134,0,6.0747,-1.0059,-1.9427,1]},
{"frame":28,"values":[0.5687,-0.7389,-0.3615,0,0.7992,0.3923,0.4554,0,-0.1947,-0.5479,0.8136,0,6.0747,-1.0059,-1.9427,1]},
{"frame":29,"values":[0.5514,-0.7349,-0.3948,0,0.8183,0.3844,0.4274,0,-0.1624,-0.5587,0.8133,0,6.0747,-1.0059,-1.9427,1]}],"loopBehavior":1,"name":"anim","property":"_matrix"}},
{"name":"LeftForeArm","index":9,"matrix":[0.2679,-0.0012,0.9634,0,0.0046,1,0,0,-0.9634,0.0044,0.2679,0,27.2512,-0.1236,-0.8243,1],"rest":[0.9995,-0.0045,-0.0302,0,0.0045,1,-0.0001,0,0.0302,-0.0001,0.9995,0,27.2512,-0.1236,-0.8243,1],"parentBoneIndex":8,"length":27.5147
,"animation":{"dataType":3,"framePerSecond":24,"keys":[
{"frame":1,"values":[0.2679,-0.0012,0.9634,0,0.0046,1,0,0,-0.9634,0.0044,0.2679,0,27.2512,-0.1236,-0.8243,1]},
{"frame":2,"values":[0.274,-0.0012,0.9617,0,0.0046,1,0,0,-0.9617,0.0044,0.274,0,27.2512,-0.1236,-0.8243,1]},
{"frame":3,"values":[0.2655,-0.0012,0.9641,0,0.0046,1,0,0,-0.9641,0.0044,0.2655,0,27.2512,-0.1236,-0.8243,1]},
{"frame":4,"values":[0.2164,-0.0009,0.9763,0,0.0046,1,0,0,-0.9763,0.0045,0.2164,0,27.2512,-0.1236,-0.8243,1]},
{"frame":5,"values":[0.1359,-0.0006,0.9907,0,0.0046,1,0,0,-0.9907,0.0045,0.1359,0,27.2512,-0.1236,-0.8243,1]},
{"frame":6,"values":[0.067,-0.0003,0.9978,0,0.0046,1,0,0,-0.9977,0.0046,0.067,0,27.2512,-0.1236,-0.8243,1]},
{"frame":7,"values":[0.0485,-0.0002,0.9988,0,0.0046,1,0,0,-0.9988,0.0046,0.0485,0,27.2512,-0.1236,-0.8243,1]},
{"frame":8,"values":[0.0987,-0.0004,0.9951,0,0.0046,1,0,0,-0.9951,0.0045,0.0987,0,27.2512,-0.1236,-0.8243,1]},
{"frame":9,"values":[0.205,-0.0009,0.9788,0,0.0046,1,0,0,-0.9787,0.0045,0.205,0,27.2512,-0.1236,-0.8243,1]},
{"frame":10,"values":[0.309,-0.0014,0.9511,0,0.0046,1,0,0,-0.9511,0.0044,0.309,0,27.2512,-0.1236,-0.8243,1]},
{"frame":11,"values":[0.3548,-0.0016,0.9349,0,0.0046,1,0,0,-0.9349,0.0043,0.3548,0,27.2512,-0.1236,-0.8243,1]},
{"frame":12,"values":[0.3509,-0.0016,0.9364,0,0.0046,1,0,0,-0.9364,0.0043,0.3509,0,27.2512,-0.1236,-0.8243,1]},
{"frame":13,"values":[0.3375,-0.0015,0.9413,0,0.0046,1,0,0,-0.9413,0.0043,0.3375,0,27.2512,-0.1236,-0.8243,1]},
{"frame":14,"values":[0.3365,-0.0015,0.9417,0,0.0046,1,0,0,-0.9417,0.0043,0.3365,0,27.2512,-0.1236,-0.8243,1]},
{"frame":15,"values":[0.3424,-0.0015,0.9395,0,0.0046,1,0,0,-0.9395,0.0043,0.3424,0,27.2512,-0.1236,-0.8243,1]},
{"frame":16,"values":[0.3476,-0.0015,0.9377,0,0.0046,1,0,0,-0.9376,0.0043,0.3476,0,27.2512,-0.1236,-0.8243,1]},
{"frame":17,"values":[0.3522,-0.0016,0.9359,0,0.0046,1,0,0,-0.9359,0.0043,0.3522,0,27.2512,-0.1236,-0.8243,1]},
{"frame":18,"values":[0.3478,-0.0015,0.9376,0,0.0046,1,0,0,-0.9376,0.0043,0.3478,0,27.2512,-0.1236,-0.8243,1]},
{"frame":19,"values":[0.3107,-0.0014,0.9505,0,0.0046,1,0,0,-0.9505,0.0044,0.3107,0,27.2512,-0.1236,-0.8243,1]},
{"frame":20,"values":[0.2318,-0.001,0.9728,0,0.0046,1,0,0,-0.9728,0.0045,0.2318,0,27.2512,-0.1236,-0.8243,1]},
{"frame":21,"values":[0.1325,-0.0006,0.9912,0,0.0046,1,0,0,-0.9912,0.0045,0.1325,0,27.2512,-0.1236,-0.8243,1]},
{"frame":22,"values":[0.0544,-0.0002,0.9985,0,0.0046,1,0,0,-0.9985,0.0046,0.0544,0,27.2512,-0.1236,-0.8243,1]},
{"frame":23,"values":[0.0361,-0.0001,0.9993,0,0.0046,1,0,0,-0.9993,0.0046,0.0361,0,27.2512,-0.1236,-0.8243,1]},
{"frame":24,"values":[0.1038,-0.0004,0.9946,0,0.0046,1,0,0,-0.9946,0.0045,0.1038,0,27.2512,-0.1236,-0.8243,1]},
{"frame":25,"values":[0.2259,-0.001,0.9741,0,0.0046,1,0,0,-0.9741,0.0045,0.2259,0,27.2512,-0.1236,-0.8243,1]},
{"frame":26,"values":[0.3135,-0.0014,0.9496,0,0.0046,1,0,0,-0.9496,0.0044,0.3135,0,27.2512,-0.1236,-0.8243,1]},
{"frame":27,"values":[0.3258,-0.0014,0.9454,0,0.0046,1,0,0,-0.9454,0.0043,0.3258,0,27.2512,-0.1236,-0.8243,1]},
{"frame":28,"values":[0.2963,-0.0013,0.9551,0,0.0046,1,0,0,-0.9551,0.0044,0.2963,0,27.2512,-0.1236,-0.8243,1]},
{"frame":29,"values":[0.2679,-0.0012,0.9634,0,0.0046,1,0,0,-0.9634,0.0044,0.2679,0,27.2512,-0.1236,-0.8243,1]}],"loopBehavior":1,"name":"anim","property":"_matrix"}},
{"name":"LeftHand","index":10,"matrix":[0.9996,-0.0264,0.0065,0,0.0249,0.9849,0.1716,0,-0.0109,-0.1714,0.9851,0,27.5147,0,0,1],"rest":[1,0,0,0,0,1,0.0006,0,0,-0.0006,1,0,27.5147,0,0,1],"parentBoneIndex":9,"length":10.1836
,"animation":{"dataType":3,"framePerSecond":24,"keys":[
{"frame":1,"values":[0.9996,-0.0264,0.0065,0,0.0249,0.9849,0.1716,0,-0.0109,-0.1714,0.9851,0,27.5147,0,0,1]},
{"frame":2,"values":[0.9995,-0.0298,0.0061,0,0.0283,0.9841,0.1752,0,-0.0112,-0.175,0.9845,0,27.5147,0,0,1]},
{"frame":3,"values":[0.9995,-0.0309,0.0071,0,0.0292,0.984,0.176,0,-0.0124,-0.1757,0.9844,0,27.5147,0,0,1]},
{"frame":4,"values":[0.9996,-0.0283,0.0008,0,0.0277,0.9844,0.1739,0,-0.0057,-0.1738,0.9848,0,27.5147,0,0,1]},
{"frame":5,"values":[0.9996,-0.0256,-0.0132,0,0.0273,0.9881,0.1516,0,0.0092,-0.1519,0.9884,0,27.5147,0,0,1]},
{"frame":6,"values":[0.9994,-0.0243,-0.0245,0,0.0262,0.9962,0.0834,0,0.0223,-0.084,0.9962,0,27.5147,0,0,1]},
{"frame":7,"values":[0.9994,-0.0191,-0.0272,0,0.0186,0.9997,-0.0166,0,0.0275,0.0161,0.9995,0,27.5147,0,0,1]},
{"frame":8,"values":[0.9996,-0.0071,-0.0259,0,0.0045,0.9952,-0.0977,0,0.0264,0.0976,0.9949,0,27.5147,0,0,1]},
{"frame":9,"values":[0.9997,0.0053,-0.0237,0,-0.0083,0.9918,-0.1279,0,0.0229,0.1281,0.9915,0,27.5147,0,0,1]},
{"frame":10,"values":[0.9997,0.0125,-0.0208,0,-0.0149,0.9924,-0.1224,0,0.0191,0.1226,0.9923,0,27.5147,0,0,1]},
{"frame":11,"values":[0.9997,0.0158,-0.0206,0,-0.0179,0.9937,-0.111,0,0.0187,0.1114,0.9936,0,27.5147,0,0,1]},
{"frame":12,"values":[0.9995,0.0168,-0.026,0,-0.0195,0.994,-0.1073,0,0.024,0.1077,0.9939,0,27.5147,0,0,1]},
{"frame":13,"values":[0.9993,0.016,-0.0335,0,-0.0195,0.9939,-0.109,0,0.0316,0.1096,0.9935,0,27.5147,0,0,1]},
{"frame":14,"values":[0.9992,0.0152,-0.0383,0,-0.0194,0.9937,-0.1108,0,0.0364,0.1114,0.9931,0,27.5147,0,0,1]},
{"frame":15,"values":[0.9991,0.0155,-0.0404,0,-0.0199,0.9937,-0.1103,0,0.0385,0.111,0.9931,0,27.5147,0,0,1]},
{"frame":16,"values":[0.999,0.0153,-0.0424,0,-0.0198,0.9939,-0.1083,0,0.0405,0.109,0.9932,0,27.5147,0,0,1]},
{"frame":17,"values":[0.9989,0.0141,-0.0443,0,-0.0188,0.9941,-0.1069,0,0.0426,0.1076,0.9933,0,27.5147,0,0,1]},
{"frame":18,"values":[0.9988,0.0127,-0.0463,0,-0.0176,0.994,-0.1077,0,0.0446,0.1084,0.9931,0,27.5147,0,0,1]},
{"frame":19,"values":[0.9986,0.0088,-0.0523,0,-0.0144,0.9942,-0.1069,0,0.0511,0.1075,0.9929,0,27.5147,0,0,1]},
{"frame":20,"values":[0.9978,0,-0.0661,0,-0.0059,0.996,-0.089,0,0.0658,0.0892,0.9938,0,27.5147,0,0,1]},
{"frame":21,"values":[0.9965,-0.0104,-0.0824,0,0.0079,0.9995,-0.0315,0,0.0827,0.0308,0.9961,0,27.5147,0,0,1]},
{"frame":22,"values":[0.9958,-0.0147,-0.0904,0,0.0206,0.9977,0.064,0,0.0892,-0.0656,0.9938,0,27.5147,0,0,1]},
{"frame":23,"values":[0.9964,-0.0117,-0.0842,0,0.0247,0.9875,0.1553,0,0.0813,-0.1569,0.9843,0,27.5147,0,0,1]},
{"frame":24,"values":[0.9979,-0.0104,-0.0641,0,0.0226,0.981,0.1929,0,0.0609,-0.1939,0.9791,0,27.5147,0,0,1]},
{"frame":25,"values":[0.9992,-0.017,-0.0368,0,0.0233,0.984,0.1769,0,0.0332,-0.1776,0.9835,0,27.5147,0,0,1]},
{"frame":26,"values":[0.9996,-0.0254,-0.0154,0,0.0274,0.9882,0.1504,0,0.0114,-0.1508,0.9885,0,27.5147,0,0,1]},
{"frame":27,"values":[0.9996,-0.0283,-0.0052,0,0.0287,0.9889,0.1457,0,0.001,-0.1458,0.9893,0,27.5147,0,0,1]},
{"frame":28,"values":[0.9996,-0.0272,0.0002,0,0.0268,0.987,0.1584,0,-0.0045,-0.1583,0.9874,0,27.5147,0,0,1]},
{"frame":29,"values":[0.9996,-0.0264,0.0065,0,0.0249,0.9849,0.1716,0,-0.0109,-0.1714,0.9851,0,27.5147,0,0,1]}],"loopBehavior":1,"name":"anim","property":"_matrix"}},
{"name":"LeftHandThumb1","index":11,"matrix":[0.9922,0.1054,-0.0667,0,-0.107,0.9941,-0.0201,0,0.0642,0.027,0.9976,0,4.2092,-0.2988,5.1387,1],"rest":[1,0.0002,0.0002,0,-0.0002,1,-0.0002,0,-0.0002,0.0002,1,0,4.2092,-0.2988,5.1387,1],"parentBoneIndex":10,"length":1.9313
,"animation":{"dataType":3,"framePerSecond":24,"keys":[
{"frame":1,"values":[0.9922,0.1054,-0.0667,0,-0.107,0.9941,-0.0201,0,0.0642,0.027,0.9976,0,4.2092,-0.2988,5.1387,1]},
{"frame":29,"values":[0.9922,0.1054,-0.0667,0,-0.107,0.9941,-0.0201,0,0.0642,0.027,0.9976,0,4.2092,-0.2988,5.1387,1]}],"loopBehavior":1,"name":"anim","property":"_matrix"}},
{"name":"LeftHandThumb2","index":12,"matrix":[0.9918,0.0724,-0.105,0,-0.0695,0.9971,0.0303,0,0.1069,-0.0228,0.994,0,1.496,-0.8637,0.8637,1],"rest":[0.9982,0.052,0.0284,0,-0.0507,0.9976,-0.0475,0,-0.0308,0.046,0.9985,0,1.496,-0.8637,0.8637,1],"parentBoneIndex":11,"length":2.3416
,"animation":{"dataType":3,"framePerSecond":24,"keys":[
{"frame":1,"values":[0.9918,0.0724,-0.105,0,-0.0695,0.9971,0.0303,0,0.1069,-0.0228,0.994,0,1.496,-0.8637,0.8637,1]},
{"frame":29,"values":[0.9918,0.0724,-0.105,0,-0.0695,0.9971,0.0303,0,0.1069,-0.0228,0.994,0,1.496,-0.8637,0.8637,1]}],"loopBehavior":1,"name":"anim","property":"_matrix"}},
{"name":"LeftHandThumb3","index":13,"matrix":[0.9984,-0.0054,-0.0566,0,0.0075,0.9992,0.0385,0,0.0564,-0.0388,0.9977,0,1.7859,-1.1863,0.9415,1],"rest":[0.9982,-0.0507,-0.0308,0,0.052,0.9976,0.046,0,0.0284,-0.0475,0.9985,0,1.7859,-1.1863,0.9415,1],"parentBoneIndex":12,"length":4.3787
,"animation":{"dataType":3,"framePerSecond":24,"keys":[
{"frame":1,"values":[0.9984,-0.0054,-0.0566,0,0.0075,0.9992,0.0385,0,0.0564,-0.0388,0.9977,0,1.7859,-1.1863,0.9415,1]},
{"frame":29,"values":[0.9984,-0.0054,-0.0566,0,0.0075,0.9992,0.0385,0,0.0564,-0.0388,0.9977,0,1.7859,-1.1863,0.9415,1]}],"loopBehavior":1,"name":"anim","property":"_matrix"}},
