{"producer":{"name":"Blender","version":"2.90.0","exporter_version":"2.80.1","file":"jump_walk.babylon"},
"autoClear":true,"clearColor":[0.0509,0.0509,0.0509],"gravity":[0,-9.81,0],
"materials":[{"name":"Material","id":"Material","customType":"BABYLON.PBRMaterial","backFaceCulling":true,"checkReadyOnlyOnce":false,"maxSimultaneousLights":4,"environmentIntensity":1,"albedo":[0.8,0.8,0.8],"reflectivity":[0.5,0.5,0.5],"roughness":0.4,"alpha":1,"transparencyMode":0,"alphaCutOff":0.4,"metallic":0}],
"multiMaterials":[],
"skeletons":[{"name":"Armature","id":0,"dimensionsAtRest":[177.7018,230.6614,27.1405],"bones":[
{"name":"Hips","index":0,"matrix":[0.9627,-0.1036,-0.2498,0,0.0104,0.9372,-0.3486,0,-0.2703,-0.333,-0.9034,0,0.2391,101.5941,-2.0347,1],"rest":[1,0,0,0,0,1,0,0,0,0,-1,0,0,113.0334,0,1],"parentBoneIndex":-1,"length":12.9876
,"animation":{"dataType":3,"framePerSecond":24,"keys":[
{"frame":1,"values":[0.9627,-0.1036,-0.2498,0,0.0104,0.9372,-0.3486,0,-0.2703,-0.333,-0.9034,0,0.2391,101.5941,-2.0347,1]},
{"frame":2,"values":[0.953,-0.0508,-0.2988,0,-0.0355,0.9604,-0.2765,0,-0.301,-0.2741,-0.9134,0,-0.2607,107.506,-1.1326,1]},
{"frame":3,"values":[0.9643,0.0751,-0.2538,0,-0.137,0.962,-0.2361,0,-0.2264,-0.2624,-0.938,0,-1.3389,115.3116,-1.3706,1]},
{"frame":4,"values":[0.9691,0.1979,-0.1473,0,-0.23,0.9406,-0.2496,0,-0.0891,-0.2758,-0.9571,0,-2.6915,124.4423,-1.3568,1]},
{"frame":5,"values":[0.9725,0.2263,-0.0543,0,-0.2326,0.9353,-0.2667,0,0.0096,-0.272,-0.9622,0,-3.1875,133.7699,0.0864,1]},
{"frame":6,"values":[0.98,0.1982,-0.016,0,-0.1965,0.9527,-0.2317,0,0.0307,-0.2302,-0.9727,0,-2.6638,141.7198,3.2629,1]},
{"frame":7,"values":[0.9832,0.1817,-0.0178,0,-0.182,0.9669,-0.1787,0,0.0153,-0.1789,-0.9837,0,-1.6263,147.6159,7.2824,1]},
{"frame":8,"values":[0.9867,0.1613,-0.0203,0,-0.1623,0.9697,-0.1825,0,0.0098,-0.1833,-0.983,0,-0.697,152.7023,10.582,1]},
{"frame":9,"values":[0.9931,0.1169,-0.0099,0,-0.1156,0.961,-0.2511,0,0.0199,-0.2505,-0.9679,0,-0.0724,155.9412,12.3684,1]},
{"frame":10,"values":[0.9981,0.0548,0.0266,0,-0.0431,0.9438,-0.3278,0,0.0431,-0.326,-0.9444,0,0.0176,155.9046,13.4778,1]},
{"frame":11,"values":[0.9963,-0.0264,0.0822,0,0.054,0.9333,-0.355,0,0.0673,-0.3581,-0.9313,0,-0.1452,153.1183,14.2734,1]},
{"frame":12,"values":[0.983,-0.1509,0.105,0,0.1775,0.9276,-0.3287,0,0.0478,-0.3417,-0.9386,0,0.0528,147.7292,14.8469,1]},
{"frame":13,"values":[0.9513,-0.3008,0.0667,0,0.3069,0.9056,-0.2927,0,-0.0276,-0.2989,-0.9539,0,1.0725,139.6993,14.5131,1]},
{"frame":14,"values":[0.9243,-0.3812,0.0175,0,0.3712,0.8875,-0.273,0,-0.0885,-0.2588,-0.9619,0,2.2619,129.4596,13.2107,1]},
{"frame":15,"values":[0.9466,-0.3224,0.0045,0,0.3138,0.918,-0.2426,0,-0.0741,-0.2311,-0.9701,0,2.263,118.2983,11.8827,1]},
{"frame":16,"values":[0.9809,-0.1932,0.0244,0,0.1945,0.9659,-0.1711,0,-0.0095,-0.1725,-0.985,0,1.1258,107.9723,11.2795,1]},
{"frame":17,"values":[0.9924,-0.1061,0.0624,0,0.1122,0.9882,-0.1043,0,0.0506,-0.1105,-0.9926,0,0.2328,102.1027,10.2149,1]},
{"frame":18,"values":[0.9932,-0.0953,0.0672,0,0.1024,0.9885,-0.1111,0,0.0559,-0.1173,-0.9915,0,0.3786,99.6592,7.5943,1]},
{"frame":19,"values":[0.9941,-0.1089,0.0027,0,0.1074,0.9763,-0.188,0,-0.0178,-0.1872,-0.9822,0,0.6835,98.9198,3.9368,1]},
{"frame":20,"values":[0.9854,-0.1249,-0.1155,0,0.0903,0.9594,-0.2673,0,-0.1442,-0.253,-0.9567,0,0.6086,98.7689,1.2881,1]},
{"frame":21,"values":[0.9672,-0.1298,-0.2184,0,0.0561,0.9475,-0.3147,0,-0.2477,-0.2922,-0.9237,0,0.4583,99.5634,0.019,1]},
{"frame":22,"values":[0.9627,-0.1036,-0.2498,0,0.0104,0.9372,-0.3486,0,-0.2703,-0.333,-0.9034,0,0.2391,101.5941,-2.0347,1]}],"loopBehavior":1,"name":"anim","property":"_matrix"}},
{"name":"Spine","index":1,"matrix":[0.9988,-0.0147,-0.0457,0,0.0197,0.9935,0.1119,0,0.0438,-0.1126,0.9927,0,0,7.2445,0.6334,1],"rest":[1,0,0,0,0,1,0,0,0,0,1,0,0,7.2445,0.6334,1],"parentBoneIndex":0,"length":7.4267
,"animation":{"dataType":3,"framePerSecond":24,"keys":[
{"frame":1,"values":[0.9988,-0.0147,-0.0457,0,0.0197,0.9935,0.1119,0,0.0438,-0.1126,0.9927,0,0,7.2445,0.6334,1]},
{"frame":2,"values":[0.9862,-0.0358,-0.1618,0,0.0578,0.9894,0.1335,0,0.1553,-0.141,0.9778,0,0,7.2445,0.6334,1]},
{"frame":3,"values":[0.9554,-0.1554,-0.2512,0,0.1867,0.9767,0.106,0,0.2288,-0.1482,0.9621,0,0,7.2445,0.6334,1]},
{"frame":4,"values":[0.9114,-0.2945,-0.2876,0,0.3237,0.9443,0.0591,0,0.2541,-0.147,0.9559,0,0,7.2445,0.6334,1]},
{"frame":5,"values":[0.909,-0.3224,-0.2643,0,0.3463,0.9369,0.048,0,0.2321,-0.1352,0.9632,0,0,7.2445,0.6334,1]},
{"frame":6,"values":[0.939,-0.2688,-0.2146,0,0.2945,0.9506,0.0982,0,0.1776,-0.1554,0.9717,0,0,7.2445,0.6334,1]},
{"frame":7,"values":[0.9602,-0.2188,-0.1739,0,0.25,0.9506,0.1841,0,0.125,-0.2202,0.9674,0,0,7.2445,0.6334,1]},
{"frame":8,"values":[0.9739,-0.1748,-0.1449,0,0.208,0.943,0.2599,0,0.0912,-0.2833,0.9547,0,0,7.2445,0.6334,1]},
{"frame":9,"values":[0.9845,-0.1252,-0.1228,0,0.1565,0.9431,0.2933,0,0.0791,-0.3079,0.9481,0,0,7.2445,0.6334,1]},
{"frame":10,"values":[0.9917,-0.0651,-0.1107,0,0.095,0.9521,0.2906,0,0.0865,-0.2987,0.9504,0,0,7.2445,0.6334,1]},
{"frame":11,"values":[0.993,0.0187,-0.1167,0,0.0153,0.9588,0.2837,0,0.1171,-0.2835,0.9518,0,0,7.2445,0.6334,1]},
{"frame":12,"values":[0.9792,0.1387,-0.1484,0,-0.0922,0.9544,0.2838,0,0.181,-0.2642,0.9473,0,0,7.2445,0.6334,1]},
{"frame":13,"values":[0.9467,0.2711,-0.1738,0,-0.2193,0.938,0.2685,0,0.2358,-0.2161,0.9475,0,0,7.2445,0.6334,1]},
{"frame":14,"values":[0.9345,0.3314,-0.1296,0,-0.2977,0.9277,0.2253,0,0.1949,-0.172,0.9656,0,0,7.2445,0.6334,1]},
{"frame":15,"values":[0.967,0.2546,0.0052,0,-0.2512,0.9503,0.1839,0,0.0418,-0.1792,0.9829,0,0,7.2445,0.6334,1]},
{"frame":16,"values":[0.9846,0.1065,0.1385,0,-0.1303,0.9758,0.1758,0,-0.1165,-0.1911,0.9746,0,0,7.2445,0.6334,1]},
{"frame":17,"values":[0.9804,0.0191,0.1962,0,-0.0542,0.9831,0.1748,0,-0.1895,-0.182,0.9649,0,0,7.2445,0.6334,1]},
{"frame":18,"values":[0.9781,0.0383,0.2044,0,-0.0664,0.989,0.1322,0,-0.1971,-0.1429,0.9699,0,0,7.2445,0.6334,1]},
{"frame":19,"values":[0.9784,0.0798,0.1907,0,-0.095,0.9929,0.072,0,-0.1836,-0.0886,0.979,0,0,7.2445,0.6334,1]},
{"frame":20,"values":[0.9858,0.0794,0.1477,0,-0.0892,0.9942,0.0608,0,-0.142,-0.0731,0.9872,0,0,7.2445,0.6334,1]},
{"frame":21,"values":[0.9971,0.0422,0.0634,0,-0.0481,0.9944,0.0943,0,-0.0591,-0.0971,0.9935,0,0,7.2445,0.6334,1]},
{"frame":22,"values":[0.9988,-0.0147,-0.0457,0,0.0197,0.9935,0.1119,0,0.0438,-0.1126,0.9927,0,0,7.2445,0.6334,1]}],"loopBehavior":1,"name":"anim","property":"_matrix"}},
{"name":"Spine1","index":2,"matrix":[0.9999,0.0033,-0.017,0,-0.002,0.9973,0.0733,0,0.0172,-0.0732,0.9972,0,0,7.425,0.1598,1],"rest":[1,0,0,0,0,1,0,0,0,0,1,0,0,7.425,0.1598,1],"parentBoneIndex":1,"length":8.6299
,"animation":{"dataType":3,"framePerSecond":24,"keys":[
{"frame":1,"values":[0.9999,0.0033,-0.017,0,-0.002,0.9973,0.0733,0,0.0172,-0.0732,0.9972,0,0,7.425,0.1598,1]},
{"frame":2,"values":[0.9975,-0.0101,-0.0705,0,0.0162,0.9961,0.0868,0,0.0693,-0.0877,0.9937,0,0,7.425,0.1598,1]},
{"frame":3,"values":[0.9928,-0.0463,-0.1108,0,0.0542,0.9961,0.0694,0,0.1072,-0.0749,0.9914,0,0,7.425,0.1598,1]},
{"frame":4,"values":[0.9882,-0.093,-0.1215,0,0.0991,0.994,0.0454,0,0.1166,-0.0569,0.9915,0,0,7.425,0.1598,1]},
{"frame":5,"values":[0.9883,-0.1152,-0.0996,0,0.1197,0.992,0.0404,0,0.0941,-0.0518,0.9942,0,0,7.425,0.1598,1]},
{"frame":6,"values":[0.9927,-0.1038,-0.0621,0,0.108,0.9918,0.069,0,0.0544,-0.0752,0.9957,0,0,7.425,0.1598,1]},
{"frame":7,"values":[0.9962,-0.0806,-0.0342,0,0.0842,0.9889,0.1222,0,0.024,-0.1246,0.9919,0,0,7.425,0.1598,1]},
{"frame":8,"values":[0.9978,-0.0623,-0.0245,0,0.0656,0.9834,0.1694,0,0.0135,-0.1706,0.9852,0,0,7.425,0.1598,1]},
{"frame":9,"values":[0.9984,-0.052,-0.021,0,0.055,0.9809,0.1863,0,0.0109,-0.1872,0.9823,0,0,7.425,0.1598,1]},
{"frame":10,"values":[0.9992,-0.0393,-0.0113,0,0.0407,0.9829,0.1796,0,0.0041,-0.1799,0.9837,0,0,7.425,0.1598,1]},
{"frame":11,"values":[0.9999,-0.0129,0.003,0,0.0122,0.9854,0.1697,0,-0.0052,-0.1697,0.9855,0,0,7.425,0.1598,1]},
{"frame":12,"values":[0.9996,0.0245,0.0134,0,-0.0263,0.9871,0.1578,0,-0.0093,-0.1581,0.9874,0,0,7.425,0.1598,1]},
{"frame":13,"values":[0.998,0.0598,0.0189,0,-0.0618,0.9891,0.1334,0,-0.0107,-0.1343,0.9909,0,0,7.425,0.1598,1]},
{"frame":14,"values":[0.9966,0.077,0.0291,0,-0.0797,0.9912,0.1061,0,-0.0206,-0.1081,0.9939,0,0,7.425,0.1598,1]},
{"frame":15,"values":[0.9966,0.0644,0.0509,0,-0.0692,0.9927,0.099,0,-0.0442,-0.1022,0.9938,0,0,7.425,0.1598,1]},
{"frame":16,"values":[0.9967,0.0318,0.0754,0,-0.0401,0.9929,0.1122,0,-0.0713,-0.1148,0.9908,0,0,7.425,0.1598,1]},
{"frame":17,"values":[0.996,0.0069,0.0894,0,-0.0174,0.9929,0.1173,0,-0.088,-0.1184,0.9891,0,0,7.425,0.1598,1]},
{"frame":18,"values":[0.9958,0.0029,0.0918,0,-0.0114,0.9956,0.0928,0,-0.0912,-0.0935,0.9914,0,0,7.425,0.1598,1]},
{"frame":19,"values":[0.9965,0.0073,0.0838,0,-0.0121,0.9983,0.0573,0,-0.0832,-0.0581,0.9948,0,0,7.425,0.1598,1]},
{"frame":20,"values":[0.998,0.0076,0.0633,0,-0.0106,0.9988,0.0471,0,-0.0629,-0.0477,0.9969,0,0,7.425,0.1598,1]},
{"frame":21,"values":[0.9996,0.0062,0.0273,0,-0.0079,0.998,0.0627,0,-0.0269,-0.0629,0.9977,0,0,7.425,0.1598,1]},
{"frame":22,"values":[0.9999,0.0033,-0.017,0,-0.002,0.9973,0.0733,0,0.0172,-0.0732,0.9972,0,0,7.425,0.1598,1]}],"loopBehavior":1,"name":"anim","property":"_matrix"}},
{"name":"Spine2","index":3,"matrix":[0.9999,0.0043,-0.0139,0,-0.0033,0.9973,0.0737,0,0.0142,-0.0736,0.9972,0,0,8.6226,-0.3542,1],"rest":[1,0,0,0,0,1,0,0,0,0,1,0,0,8.6226,-0.3542,1],"parentBoneIndex":2,"length":20.7438
,"animation":{"dataType":3,"framePerSecond":24,"keys":[
{"frame":1,"values":[0.9999,0.0043,-0.0139,0,-0.0033,0.9973,0.0737,0,0.0142,-0.0736,0.9972,0,0,8.6226,-0.3542,1]},
{"frame":2,"values":[0.9976,-0.0077,-0.0683,0,0.0136,0.9962,0.0861,0,0.0674,-0.0868,0.9939,0,0,8.6226,-0.3542,1]},
{"frame":3,"values":[0.9931,-0.0432,-0.1089,0,0.0509,0.9963,0.069,0,0.1055,-0.0741,0.9917,0,0,8.6226,-0.3542,1]},
{"frame":4,"values":[0.9887,-0.0903,-0.1195,0,0.0965,0.9942,0.0467,0,0.1146,-0.0577,0.9917,0,0,8.6226,-0.3542,1]},
{"frame":5,"values":[0.9887,-0.1136,-0.0977,0,0.1182,0.9921,0.0423,0,0.0921,-0.0533,0.9943,0,0,8.6226,-0.3542,1]},
{"frame":6,"values":[0.9928,-0.1033,-0.0613,0,0.1075,0.9918,0.0697,0,0.0536,-0.0758,0.9957,0,0,8.6226,-0.3542,1]},
{"frame":7,"values":[0.9961,-0.0802,-0.0366,0,0.0841,0.989,0.1217,0,0.0264,-0.1243,0.9919,0,0,8.6226,-0.3542,1]},
{"frame":8,"values":[0.9977,-0.0616,-0.0293,0,0.0657,0.9835,0.1687,0,0.0184,-0.1702,0.9852,0,0,8.6226,-0.3542,1]},
{"frame":9,"values":[0.9984,-0.0512,-0.0252,0,0.055,0.981,0.186,0,0.0152,-0.1871,0.9822,0,0,8.6226,-0.3542,1]},
{"frame":10,"values":[0.9992,-0.039,-0.0131,0,0.0407,0.9829,0.1795,0,0.0059,-0.1799,0.9837,0,0,8.6226,-0.3542,1]},
{"frame":11,"values":[0.9999,-0.013,0.0031,0,0.0123,0.9854,0.1697,0,-0.0053,-0.1696,0.9855,0,0,8.6226,-0.3542,1]},
{"frame":12,"values":[0.9996,0.0242,0.0144,0,-0.0262,0.9871,0.1576,0,-0.0104,-0.158,0.9874,0,0,8.6226,-0.3542,1]},
{"frame":13,"values":[0.998,0.0594,0.0197,0,-0.0615,0.9892,0.1334,0,-0.0116,-0.1343,0.9909,0,0,8.6226,-0.3542,1]},
{"frame":14,"values":[0.9966,0.0764,0.0294,0,-0.0791,0.9912,0.1064,0,-0.021,-0.1084,0.9939,0,0,8.6226,-0.3542,1]},
{"frame":15,"values":[0.9967,0.0631,0.0515,0,-0.068,0.9927,0.0993,0,-0.0449,-0.1024,0.9937,0,0,8.6226,-0.3542,1]},
{"frame":16,"values":[0.9966,0.0295,0.0767,0,-0.038,0.993,0.1119,0,-0.0728,-0.1145,0.9908,0,0,8.6226,-0.3542,1]},
{"frame":17,"values":[0.9959,0.0038,0.0905,0,-0.0144,0.993,0.1169,0,-0.0894,-0.1177,0.989,0,0,8.6226,-0.3542,1]},
{"frame":18,"values":[0.9957,-0.0004,0.0922,0,-0.0082,0.9957,0.0927,0,-0.0918,-0.093,0.9914,0,0,8.6226,-0.3542,1]},
{"frame":19,"values":[0.9964,0.0044,0.0842,0,-0.0092,0.9983,0.0574,0,-0.0838,-0.0579,0.9948,0,0,8.6226,-0.3542,1]},
{"frame":20,"values":[0.9979,0.0055,0.0646,0,-0.0086,0.9988,0.0473,0,-0.0642,-0.0477,0.9968,0,0,8.6226,-0.3542,1]},
{"frame":21,"values":[0.9995,0.0053,0.0296,0,-0.0072,0.998,0.063,0,-0.0292,-0.0632,0.9976,0,0,8.6226,-0.3542,1]},
{"frame":22,"values":[0.9999,0.0043,-0.0139,0,-0.0033,0.9973,0.0737,0,0.0142,-0.0736,0.9972,0,0,8.6226,-0.3542,1]}],"loopBehavior":1,"name":"anim","property":"_matrix"}},
{"name":"Neck","index":4,"matrix":[0.9999,0.0167,-0.0044,0,-0.0173,0.9835,-0.1803,0,0.0013,0.1804,0.9836,0,0,23.6053,-4.5263,1],"rest":[1,0,0,0,0,1,0,0,0,0,1,0,0,23.6053,-4.5263,1],"parentBoneIndex":3,"length":10.3542
,"animation":{"dataType":3,"framePerSecond":24,"keys":[
{"frame":1,"values":[0.9999,0.0167,-0.0044,0,-0.0173,0.9835,-0.1803,0,0.0013,0.1804,0.9836,0,0,23.6053,-4.5263,1]},
{"frame":2,"values":[0.9996,0.0015,0.0265,0,0.0028,0.9873,-0.1589,0,-0.0264,0.159,0.9869,0,0,23.6053,-4.5263,1]},
{"frame":3,"values":[0.9977,-0.0016,0.0681,0,0.0091,0.9939,-0.1095,0,-0.0675,0.1098,0.9917,0,0,23.6053,-4.5263,1]},
{"frame":4,"values":[0.9945,0.0026,0.1049,0,0.0032,0.9985,-0.0552,0,-0.1049,0.0552,0.9929,0,0,23.6053,-4.5263,1]},
{"frame":5,"values":[0.9927,0.0063,0.1208,0,-0.0044,0.9999,-0.0162,0,-0.1209,0.0155,0.9925,0,0,23.6053,-4.5263,1]},
{"frame":6,"values":[0.9931,0.007,0.1168,0,-0.0073,1,0.0019,0,-0.1168,-0.0028,0.9931,0,0,23.6053,-4.5263,1]},
{"frame":7,"values":[0.994,0.0059,0.1096,0,-0.0059,1,0.0001,0,-0.1096,-0.0007,0.994,0,0,23.6053,-4.5263,1]},
{"frame":8,"values":[0.9943,0.0071,0.1063,0,-0.0049,0.9998,-0.0204,0,-0.1065,0.0197,0.9941,0,0,23.6053,-4.5263,1]},
{"frame":9,"values":[0.9946,0.0138,0.103,0,-0.0089,0.9988,-0.0479,0,-0.1035,0.0468,0.9935,0,0,23.6053,-4.5263,1]},
{"frame":10,"values":[0.9949,0.0233,0.0978,0,-0.0166,0.9974,-0.0694,0,-0.0991,0.0675,0.9928,0,0,23.6053,-4.5263,1]},
{"frame":11,"values":[0.9952,0.0288,0.0932,0,-0.0215,0.9967,-0.0783,0,-0.0952,0.0759,0.9926,0,0,23.6053,-4.5263,1]},
{"frame":12,"values":[0.9957,0.0251,0.089,0,-0.019,0.9975,-0.0687,0,-0.0905,0.0667,0.9937,0,0,23.6053,-4.5263,1]},
{"frame":13,"values":[0.9966,0.0151,0.0806,0,-0.0123,0.9993,-0.0354,0,-0.081,0.0343,0.9961,0,0,23.6053,-4.5263,1]},
{"frame":14,"values":[0.9979,0.01,0.0642,0,-0.0108,0.9999,0.011,0,-0.0641,-0.0117,0.9979,0,0,23.6053,-4.5263,1]},
{"frame":15,"values":[0.9989,0.0185,0.0423,0,-0.0203,0.9988,0.044,0,-0.0415,-0.0448,0.9981,0,0,23.6053,-4.5263,1]},
{"frame":16,"values":[0.9992,0.032,0.023,0,-0.0332,0.998,0.0536,0,-0.0213,-0.0543,0.9983,0,0,23.6053,-4.5263,1]},
{"frame":17,"values":[0.9993,0.0354,0.0121,0,-0.036,0.9976,0.0594,0,-0.01,-0.0598,0.9982,0,0,23.6053,-4.5263,1]},
{"frame":18,"values":[0.9996,0.0263,0.005,0,-0.0266,0.9972,0.0703,0,-0.0031,-0.0704,0.9975,0,0,23.6053,-4.5263,1]},
{"frame":19,"values":[0.9998,0.016,-0.0072,0,-0.0156,0.9987,0.0484,0,0.008,-0.0483,0.9988,0,0,23.6053,-4.5263,1]},
{"frame":20,"values":[0.9997,0.0122,-0.0212,0,-0.0129,0.9995,-0.0296,0,0.0209,0.0298,0.9993,0,0,23.6053,-4.5263,1]},
{"frame":21,"values":[0.9997,0.013,-0.0228,0,-0.0157,0.9922,-0.1236,0,0.021,0.1239,0.9921,0,0,23.6053,-4.5263,1]},
{"frame":22,"values":[0.9999,0.0167,-0.0044,0,-0.0173,0.9835,-0.1803,0,0.0013,0.1804,0.9836,0,0,23.6053,-4.5263,1]}],"loopBehavior":1,"name":"anim","property":"_matrix"}},
{"name":"Head","index":5,"matrix":[0.9846,-0.0597,-0.1641,0,-0.0085,0.9223,-0.3863,0,0.1744,0.3818,0.9076,0,0,9.9955,2.7017,1],"rest":[1,0,0,0,0,1,0,0,0,0,1,0,0,9.9955,2.7017,1],"parentBoneIndex":4,"length":31.4272
,"animation":{"dataType":3,"framePerSecond":24,"keys":[
{"frame":1,"values":[0.9846,-0.0597,-0.1641,0,-0.0085,0.9223,-0.3863,0,0.1744,0.3818,0.9076,0,0,9.9955,2.7017,1]},
{"frame":2,"values":[1,-0.002,-0.0004,0,0.0018,0.9382,-0.3461,0,0.001,0.3461,0.9382,0,0,9.9955,2.7017,1]},
{"frame":3,"values":[0.9785,0.0857,0.1876,0,-0.0432,0.9746,-0.2199,0,-0.2017,0.2071,0.9573,0,0,9.9955,2.7017,1]},
{"frame":4,"values":[0.9209,0.1493,0.3601,0,-0.1239,0.9879,-0.0928,0,-0.3696,0.0408,0.9283,0,0,9.9955,2.7017,1]},
{"frame":5,"values":[0.8945,0.1614,0.4168,0,-0.1726,0.9849,-0.0109,0,-0.4123,-0.0622,0.9089,0,0,9.9955,2.7017,1]},
{"frame":6,"values":[0.9286,0.143,0.3424,0,-0.162,0.9864,0.0276,0,-0.3338,-0.0811,0.9392,0,0,9.9955,2.7017,1]},
{"frame":7,"values":[0.9653,0.1103,0.2366,0,-0.1124,0.9937,-0.0047,0,-0.2356,-0.022,0.9716,0,0,9.9955,2.7017,1]},
{"frame":8,"values":[0.9816,0.0729,0.1767,0,-0.0509,0.9907,-0.1263,0,-0.1843,0.115,0.9761,0,0,9.9955,2.7017,1]},
{"frame":9,"values":[0.987,0.046,0.1538,0,-0.0028,0.9627,-0.2706,0,-0.1605,0.2667,0.9503,0,0,9.9955,2.7017,1]},
{"frame":10,"values":[0.9893,0.0228,0.1443,0,0.0319,0.9301,-0.3659,0,-0.1426,0.3666,0.9194,0,0,9.9955,2.7017,1]},
{"frame":11,"values":[0.9888,-0.0075,0.1492,0,0.0679,0.9122,-0.404,0,-0.1331,0.4096,0.9025,0,0,9.9955,2.7017,1]},
{"frame":12,"values":[0.9875,-0.0495,0.1496,0,0.1052,0.914,-0.3919,0,-0.1173,0.4027,0.9078,0,0,9.9955,2.7017,1]},
{"frame":13,"values":[0.9892,-0.1115,0.0953,0,0.1368,0.9358,-0.325,0,-0.0529,0.3345,0.9409,0,0,9.9955,2.7017,1]},
{"frame":14,"values":[0.9853,-0.1649,-0.0445,0,0.1501,0.9605,-0.2344,0,0.0814,0.2243,0.9711,0,0,9.9955,2.7017,1]},
{"frame":15,"values":[0.9647,-0.156,-0.2121,0,0.116,0.975,-0.1894,0,0.2364,0.1581,0.9587,0,0,9.9955,2.7017,1]},
{"frame":16,"values":[0.9443,-0.1032,-0.3124,0,0.0424,0.9798,-0.1953,0,0.3263,0.1712,0.9296,0,0,9.9955,2.7017,1]},
{"frame":17,"values":[0.9422,-0.0598,-0.3297,0,0.0024,0.9851,-0.1717,0,0.3351,0.161,0.9283,0,0,9.9955,2.7017,1]},
{"frame":18,"values":[0.9418,-0.0574,-0.3313,0,0.0316,0.9961,-0.0829,0,0.3348,0.0676,0.9399,0,0,9.9955,2.7017,1]},
{"frame":19,"values":[0.9249,-0.0775,-0.3723,0,0.0732,0.997,-0.0257,0,0.3732,-0.0035,0.9277,0,0,9.9955,2.7017,1]},
{"frame":20,"values":[0.9094,-0.1005,-0.4036,0,0.0682,0.9933,-0.0937,0,0.4103,0.0576,0.9101,0,0,9.9955,2.7017,1]},
{"frame":21,"values":[0.9338,-0.1126,-0.3397,0,0.0267,0.9685,-0.2475,0,0.3569,0.222,0.9074,0,0,9.9955,2.7017,1]},
{"frame":22,"values":[0.9846,-0.0597,-0.1641,0,-0.0085,0.9223,-0.3863,0,0.1744,0.3818,0.9076,0,0,9.9955,2.7017,1]}],"loopBehavior":1,"name":"anim","property":"_matrix"}},
{"name":"HeadTop_End","index":6,"matrix":[1,0,0,0,0,1,0,0,0,0,1,0,0,31.2072,3.7118,1],"rest":[1,0,0,0,0,1,0,0,0,0,1,0,0,31.2072,3.7118,1],"parentBoneIndex":5,"length":31.4272
,"animation":{"dataType":3,"framePerSecond":24,"keys":[
{"frame":1,"values":[1,0,0,0,0,1,0,0,0,0,1,0,0,31.2072,3.7118,1]},
{"frame":22,"values":[1,0,0,0,0,1,0,0,0,0,1,0,0,31.2072,3.7118,1]}],"loopBehavior":1,"name":"anim","property":"_matrix"}},
{"name":"LeftShoulder","index":7,"matrix":[0.9892,-0.1415,-0.0395,0,0.1417,0.9899,0.0032,0,0.0386,-0.0088,0.9992,0,6.1723,17.8795,-2.6384,1],"rest":[1,-0.0039,0,0,0.0039,1,0,0,0,0,1,0,6.1723,17.8795,-2.6384,1],"parentBoneIndex":3,"length":6.4566
,"animation":{"dataType":3,"framePerSecond":24,"keys":[
{"frame":1,"values":[0.9892,-0.1415,-0.0395,0,0.1417,0.9899,0.0032,0,0.0386,-0.0088,0.9992,0,6.1723,17.8795,-2.6384,1]},
{"frame":2,"values":[0.9856,-0.0845,-0.1465,0,0.087,0.9962,0.0105,0,0.1451,-0.0231,0.9892,0,6.1723,17.8795,-2.6384,1]},
{"frame":3,"values":[0.9764,0.0389,-0.2126,0,-0.0285,0.9982,0.052,0,0.2142,-0.0448,0.9758,0,6.1723,17.8795,-2.6384,1]},
{"frame":4,"values":[0.9678,0.1319,-0.2144,0,-0.113,0.9887,0.0981,0,0.2249,-0.0707,0.9718,0,6.1723,17.8795,-2.6384,1]},
{"frame":5,"values":[0.9611,0.1702,-0.2177,0,-0.1444,0.981,0.1293,0,0.2355,-0.0928,0.9674,0,6.1723,17.8795,-2.6384,1]},
{"frame":6,"values":[0.9511,0.199,-0.2361,0,-0.1684,0.9752,0.1435,0,0.2588,-0.0967,0.9611,0,6.1723,17.8795,-2.6384,1]},
{"frame":7,"values":[0.9497,0.2283,-0.2144,0,-0.2021,0.9697,0.1371,0,0.2392,-0.0869,0.9671,0,6.1723,17.8795,-2.6384,1]},
{"frame":8,"values":[0.9689,0.2045,-0.1395,0,-0.189,0.975,0.1167,0,0.1599,-0.0867,0.9833,0,6.1723,17.8795,-2.6384,1]},
{"frame":9,"values":[0.9897,0.1295,-0.0613,0,-0.1232,0.9877,0.0967,0,0.0731,-0.0881,0.9934,0,6.1723,17.8795,-2.6384,1]},
{"frame":10,"values":[0.9971,0.076,-0.0092,0,-0.075,0.9942,0.0776,0,0.015,-0.0767,0.9969,0,6.1723,17.8795,-2.6384,1]},
{"frame":11,"values":[0.997,0.071,0.0299,0,-0.0725,0.9958,0.0553,0,-0.0258,-0.0573,0.998,0,6.1723,17.8795,-2.6384,1]},
{"frame":12,"values":[0.9953,0.0757,0.0604,0,-0.0778,0.9964,0.0335,0,-0.0576,-0.0381,0.9976,0,6.1723,17.8795,-2.6384,1]},
{"frame":13,"values":[0.996,0.0657,0.0608,0,-0.0668,0.9976,0.0165,0,-0.0595,-0.0205,0.998,0,6.1723,17.8795,-2.6384,1]},
{"frame":14,"values":[0.9976,0.0676,0.0149,0,-0.0677,0.9977,0.005,0,-0.0145,-0.006,0.9999,0,6.1723,17.8795,-2.6384,1]},
{"frame":15,"values":[0.9932,0.1106,-0.0356,0,-0.1106,0.9939,0.0008,0,0.0355,0.0031,0.9994,0,6.1723,17.8795,-2.6384,1]},
{"frame":16,"values":[0.9876,0.1569,-0.0093,0,-0.1569,0.9876,-0.0009,0,0.009,0.0023,1,0,6.1723,17.8795,-2.6384,1]},
{"frame":17,"values":[0.9862,0.142,0.0849,0,-0.1428,0.9898,0.0025,0,-0.0837,-0.0146,0.9964,0,6.1723,17.8795,-2.6384,1]},
{"frame":18,"values":[0.9876,0.0475,0.1498,0,-0.05,0.9987,0.0133,0,-0.149,-0.0207,0.9886,0,6.1723,17.8795,-2.6384,1]},
{"frame":19,"values":[0.9888,-0.0689,0.1322,0,0.0665,0.9975,0.0226,0,-0.1334,-0.0136,0.991,0,6.1723,17.8795,-2.6384,1]},
{"frame":20,"values":[0.9883,-0.1346,0.0711,0,0.1334,0.9908,0.0215,0,-0.0733,-0.0117,0.9972,0,6.1723,17.8795,-2.6384,1]},
{"frame":21,"values":[0.9896,-0.1435,0.0116,0,0.1434,0.9896,0.0127,0,-0.0133,-0.0109,0.9999,0,6.1723,17.8795,-2.6384,1]},
{"frame":22,"values":[0.9892,-0.1415,-0.0395,0,0.1417,0.9899,0.0032,0,0.0386,-0.0088,0.9992,0,6.1723,17.8795,-2.6384,1]}],"loopBehavior":1,"name":"anim","property":"_matrix"}},
{"name":"LeftArm","index":8,"matrix":[0.5383,-0.7688,-0.3453,0,0.8123,0.3643,0.4554,0,-0.2244,-0.5256,0.8206,0,6.0747,-1.0059,-1.9427,1],"rest":[0.9995,0.0084,0.0302,0,-0.0084,1,-0.0001,0,-0.0302,-0.0002,0.9995,0,6.0747,-1.0059,-1.9427,1],"parentBoneIndex":7,"length":27.2639
,"animation":{"dataType":3,"framePerSecond":24,"keys":[
{"frame":1,"values":[0.5383,-0.7688,-0.3453,0,0.8123,0.3643,0.4554,0,-0.2244,-0.5256,0.8206,0,6.0747,-1.0059,-1.9427,1]},
{"frame":2,"values":[0.632,-0.625,-0.4582,0,0.7698,0.4382,0.4641,0,-0.0893,-0.6461,0.758,0,6.0747,-1.0059,-1.9427,1]},
{"frame":3,"values":[0.7718,-0.4173,-0.4798,0,0.6356,0.4834,0.6019,0,-0.0193,-0.7695,0.6383,0,6.0747,-1.0059,-1.9427,1]},
{"frame":4,"values":[0.8733,-0.228,-0.4305,0,0.4869,0.4366,0.7565,0,0.0155,-0.8703,0.4924,0,6.0747,-1.0059,-1.9427,1]},
{"frame":5,"values":[0.8961,-0.2287,-0.3803,0,0.4395,0.3391,0.8317,0,-0.0612,-0.9125,0.4044,0,6.0747,-1.0059,-1.9427,1]},
{"frame":6,"values":[0.8615,-0.4256,-0.277,0,0.4289,0.318,0.8455,0,-0.2718,-0.8472,0.4565,0,6.0747,-1.0059,-1.9427,1]},
{"frame":7,"values":[0.811,-0.5832,-0.0459,0,0.3727,0.4547,0.809,0,-0.4509,-0.6732,0.5861,0,6.0747,-1.0059,-1.9427,1]},
{"frame":8,"values":[0.8276,-0.5176,0.2172,0,0.2752,0.7114,0.6466,0,-0.4892,-0.4754,0.7312,0,6.0747,-1.0059,-1.9427,1]},
{"frame":9,"values":[0.8738,-0.2681,0.4058,0,0.1234,0.9293,0.3482,0,-0.4704,-0.2542,0.845,0,6.0747,-1.0059,-1.9427,1]},
{"frame":10,"values":[0.89,-0.0238,0.4554,0,0.0056,0.9991,0.0413,0,-0.4559,-0.0342,0.8894,0,6.0747,-1.0059,-1.9427,1]},
{"frame":11,"values":[0.9182,0.111,0.3803,0,-0.0533,0.9858,-0.1591,0,-0.3926,0.1258,0.9111,0,6.0747,-1.0059,-1.9427,1]},
{"frame":12,"values":[0.9551,0.1839,0.2325,0,-0.1217,0.9584,-0.2581,0,-0.2703,0.2183,0.9377,0,6.0747,-1.0059,-1.9427,1]},
{"frame":13,"values":[0.9646,0.2566,0.0614,0,-0.2282,0.9281,-0.2942,0,-0.1325,0.2698,0.9538,0,6.0747,-1.0059,-1.9427,1]},
{"frame":14,"values":[0.9393,0.3342,-0.0772,0,-0.3398,0.8763,-0.3415,0,-0.0464,0.347,0.9367,0,6.0747,-1.0059,-1.9427,1]},
{"frame":15,"values":[0.9169,0.3749,-0.1369,0,-0.3919,0.7807,-0.4867,0,-0.0756,0.4999,0.8628,0,6.0747,-1.0059,-1.9427,1]},
{"frame":16,"values":[0.9363,0.3375,-0.0967,0,-0.3089,0.6608,-0.684,0,-0.167,0.6703,0.723,0,6.0747,-1.0059,-1.9427,1]},
{"frame":17,"values":[0.9725,0.2195,0.0776,0,-0.0892,0.6593,-0.7466,0,-0.2151,0.7192,0.6607,0,6.0747,-1.0059,-1.9427,1]},
{"frame":18,"values":[0.9531,0.0063,0.3024,0,0.1607,0.8366,-0.5238,0,-0.2563,0.5478,0.7964,0,6.0747,-1.0059,-1.9427,1]},
{"frame":19,"values":[0.869,-0.3254,0.3727,0,0.3689,0.9281,-0.0499,0,-0.3296,0.1809,0.9266,0,6.0747,-1.0059,-1.9427,1]},
{"frame":20,"values":[0.7358,-0.646,0.2035,0,0.5762,0.7549,0.3133,0,-0.356,-0.1133,0.9276,0,6.0747,-1.0059,-1.9427,1]},
{"frame":21,"values":[0.6036,-0.7955,-0.0524,0,0.7394,0.534,0.41,0,-0.2982,-0.2862,0.9106,0,6.0747,-1.0059,-1.9427,1]},
{"frame":22,"values":[0.5383,-0.7688,-0.3453,0,0.8123,0.3643,0.4554,0,-0.2244,-0.5256,0.8206,0,6.0747,-1.0059,-1.9427,1]}],"loopBehavior":1,"name":"anim","property":"_matrix"}},
{"name":"LeftForeArm","index":9,"matrix":[0.5153,-0.0023,0.857,0,0.0046,1,-0.0001,0,-0.857,0.0039,0.5153,0,27.2512,-0.1236,-0.8243,1],"rest":[0.9995,-0.0045,-0.0302,0,0.0045,1,-0.0001,0,0.0302,-0.0001,0.9995,0,27.2512,-0.1236,-0.8243,1],"parentBoneIndex":8,"length":27.5147
,"animation":{"dataType":3,"framePerSecond":24,"keys":[
{"frame":1,"values":[0.5153,-0.0023,0.857,0,0.0046,1,-0.0001,0,-0.857,0.0039,0.5153,0,27.2512,-0.1236,-0.8243,1]},
{"frame":2,"values":[0.3929,-0.0018,0.9196,0,0.0046,1,0,0,-0.9196,0.0042,0.3929,0,27.2512,-0.1236,-0.8243,1]},
{"frame":3,"values":[0.1622,-0.0007,0.9868,0,0.0046,1,0,0,-0.9868,0.0045,0.1622,0,27.2512,-0.1236,-0.8243,1]},
{"frame":4,"values":[-0.0056,0.0001,1,0,0.0046,1,0,0,-1,0.0046,-0.0056,0,27.2512,-0.1236,-0.8243,1]},
{"frame":5,"values":[-0.0347,0.0002,0.9994,0,0.0046,1,0,0,-0.9994,0.0046,-0.0347,0,27.2512,-0.1236,-0.8243,1]},
{"frame":6,"values":[-0.0122,0.0001,0.9999,0,0.0046,1,0,0,-0.9999,0.0046,-0.0122,0,27.2512,-0.1236,-0.8243,1]},
{"frame":7,"values":[0.0046,0,1,0,0.0046,1,0,0,-1,0.0046,0.0046,0,27.2512,-0.1236,-0.8243,1]},
{"frame":8,"values":[0.0489,-0.0002,0.9988,0,0.0046,1,0,0,-0.9988,0.0046,0.0489,0,27.2512,-0.1236,-0.8243,1]},
{"frame":9,"values":[0.1136,-0.0005,0.9935,0,0.0046,1,0,0,-0.9935,0.0045,0.1136,0,27.2512,-0.1236,-0.8243,1]},
{"frame":10,"values":[0.1318,-0.0006,0.9913,0,0.0046,1,0,0,-0.9913,0.0045,0.1318,0,27.2512,-0.1236,-0.8243,1]},
{"frame":11,"values":[0.0642,-0.0003,0.9979,0,0.0046,1,0,0,-0.9979,0.0046,0.0642,0,27.2512,-0.1236,-0.8243,1]},
{"frame":12,"values":[-0.0592,0.0003,0.9982,0,0.0046,1,0,0,-0.9982,0.0046,-0.0592,0,27.2512,-0.1236,-0.8243,1]},
{"frame":13,"values":[-0.1785,0.0008,0.9839,0,0.0046,1,0,0,-0.9839,0.0045,-0.1785,0,27.2512,-0.1236,-0.8243,1]},
{"frame":14,"values":[-0.2556,0.0012,0.9668,0,0.0046,1,0,0,-0.9668,0.0044,-0.2556,0,27.2512,-0.1236,-0.8243,1]},
{"frame":15,"values":[-0.2914,0.0014,0.9566,0,0.0046,1,0,0,-0.9566,0.0044,-0.2914,0,27.2512,-0.1236,-0.8243,1]},
{"frame":16,"values":[-0.3342,0.0015,0.9425,0,0.0046,1,0,0,-0.9425,0.0043,-0.3342,0,27.2512,-0.1236,-0.8243,1]},
{"frame":17,"values":[-0.4192,0.0019,0.9079,0,0.0046,1,0,0,-0.9079,0.0041,-0.4192,0,27.2512,-0.1236,-0.8243,1]},
{"frame":18,"values":[-0.4768,0.0022,0.879,0,0.0046,1,0,0,-0.879,0.004,-0.4768,0,27.2512,-0.1236,-0.8243,1]},
{"frame":19,"values":[-0.3598,0.0017,0.933,0,0.0046,1,0,0,-0.933,0.0043,-0.3598,0,27.2512,-0.1236,-0.8243,1]},
{"frame":20,"values":[-0.0053,0.0001,1,0,0.0046,1,0,0,-1,0.0046,-0.0053,0,27.2512,-0.1236,-0.8243,1]},
{"frame":21,"values":[0.3792,-0.0017,0.9253,0,0.0046,1,0,0,-0.9253,0.0042,0.3792,0,27.2512,-0.1236,-0.8243,1]},
{"frame":22,"values":[0.5153,-0.0023,0.857,0,0.0046,1,-0.0001,0,-0.857,0.0039,0.5153,0,27.2512,-0.1236,-0.8243,1]}],"loopBehavior":1,"name":"anim","property":"_matrix"}},
{"name":"LeftHand","index":10,"matrix":[0.9997,-0.0232,0,0,0.0198,0.8555,-0.5174,0,0.012,0.5172,0.8558,0,27.5147,0,0,1],"rest":[1,0,0,0,0,1,0.0006,0,0,-0.0006,1,0,27.5147,0,0,1],"parentBoneIndex":9,"length":10.1836
,"animation":{"dataType":3,"framePerSecond":24,"keys":[
{"frame":1,"values":[0.9997,-0.0232,0,0,0.0198,0.8555,-0.5174,0,0.012,0.5172,0.8558,0,27.5147,0,0,1]},
{"frame":2,"values":[0.9859,0.1624,0.0408,0,-0.1142,0.8303,-0.5455,0,-0.1225,0.5332,0.8371,0,27.5147,0,0,1]},
{"frame":3,"values":[0.9303,0.3554,0.0903,0,-0.2658,0.8232,-0.5016,0,-0.2526,0.4427,0.8604,0,27.5147,0,0,1]},
{"frame":4,"values":[0.8377,0.4973,0.2256,0,-0.3582,0.8122,-0.4604,0,-0.4122,0.3048,0.8586,0,27.5147,0,0,1]},
{"frame":5,"values":[0.6994,0.6101,0.3722,0,-0.4529,0.7813,-0.4295,0,-0.5529,0.1318,0.8228,0,27.5147,0,0,1]},
{"frame":6,"values":[0.5419,0.7175,0.4376,0,-0.5844,0.6959,-0.4174,0,-0.604,-0.0295,0.7964,0,27.5147,0,0,1]},
{"frame":7,"values":[0.4022,0.8027,0.4403,0,-0.6623,0.5871,-0.4654,0,-0.6321,-0.1044,0.7678,0,27.5147,0,0,1]},
{"frame":8,"values":[0.3222,0.8312,0.4531,0,-0.6288,0.5457,-0.5538,0,-0.7076,-0.1065,0.6985,0,27.5147,0,0,1]},
{"frame":9,"values":[0.3201,0.7992,0.5088,0,-0.5505,0.5939,-0.5867,0,-0.7711,-0.0923,0.63,0,27.5147,0,0,1]},
{"frame":10,"values":[0.3638,0.7418,0.5634,0,-0.5073,0.665,-0.5481,0,-0.7812,-0.0864,0.6182,0,27.5147,0,0,1]},
{"frame":11,"values":[0.4095,0.7166,0.5647,0,-0.5075,0.6932,-0.5117,0,-0.7581,-0.0771,0.6475,0,27.5147,0,0,1]},
{"frame":12,"values":[0.4345,0.7399,0.5136,0,-0.5213,0.6716,-0.5265,0,-0.7345,-0.039,0.6775,0,27.5147,0,0,1]},
{"frame":13,"values":[0.4556,0.776,0.4361,0,-0.5147,0.6294,-0.5822,0,-0.7263,0.0407,0.6862,0,27.5147,0,0,1]},
{"frame":14,"values":[0.5212,0.7783,0.3502,0,-0.4798,0.6066,-0.634,0,-0.7058,0.1624,0.6895,0,27.5147,0,0,1]},
{"frame":15,"values":[0.6322,0.7184,0.2902,0,-0.4307,0.6372,-0.6391,0,-0.6441,0.279,0.7123,0,27.5147,0,0,1]},
{"frame":16,"values":[0.723,0.6262,0.2919,0,-0.3692,0.7072,-0.6029,0,-0.5839,0.3281,0.7425,0,27.5147,0,0,1]},
{"frame":17,"values":[0.7686,0.5459,0.3336,0,-0.3052,0.7711,-0.5588,0,-0.5623,0.3276,0.7593,0,27.5147,0,0,1]},
{"frame":18,"values":[0.8209,0.4585,0.3404,0,-0.2466,0.8223,-0.5128,0,-0.515,0.337,0.7881,0,27.5147,0,0,1]},
{"frame":19,"values":[0.9014,0.3339,0.2756,0,-0.1816,0.8694,-0.4595,0,-0.3931,0.3641,0.8443,0,27.5147,0,0,1]},
{"frame":20,"values":[0.9595,0.2038,0.1943,0,-0.1035,0.8969,-0.4299,0,-0.2619,0.3924,0.8817,0,27.5147,0,0,1]},
{"frame":21,"values":[0.9879,0.097,0.1209,0,-0.031,0.8881,-0.4586,0,-0.1519,0.4493,0.8804,0,27.5147,0,0,1]},
{"frame":22,"values":[0.9997,-0.0232,0,0,0.0198,0.8555,-0.5174,0,0.012,0.5172,0.8558,0,27.5147,0,0,1]}],"loopBehavior":1,"name":"anim","property":"_matrix"}},
{"name":"LeftHandThumb1","index":11,"matrix":[0.9858,0.1671,0.0182,0,-0.1681,0.9815,0.0914,0,-0.0026,-0.0932,0.9956,0,4.2092,-0.2988,5.1387,1],"rest":[1,0.0002,0.0002,0,-0.0002,1,-0.0002,0,-0.0002,0.0002,1,0,4.2092,-0.2988,5.1387,1],"parentBoneIndex":10,"length":1.9313
,"animation":{"dataType":3,"framePerSecond":24,"keys":[
{"frame":1,"values":[0.9858,0.1671,0.0182,0,-0.1681,0.9815,0.0914,0,-0.0026,-0.0932,0.9956,0,4.2092,-0.2988,5.1387,1]},
{"frame":22,"values":[0.9858,0.1671,0.0182,0,-0.1681,0.9815,0.0914,0,-0.0026,-0.0932,0.9956,0,4.2092,-0.2988,5.1387,1]}],"loopBehavior":1,"name":"anim","property":"_matrix"}},
{"name":"LeftHandThumb2","index":12,"matrix":[0.8966,0.14,-0.4201,0,-0.1216,0.9901,0.0705,0,0.4258,-0.0121,0.9047,0,1.496,-0.8637,0.8637,1],"rest":[0.9982,0.052,0.0284,0,-0.0507,0.9976,-0.0475,0,-0.0308,0.046,0.9985,0,1.496,-0.8637,0.8637,1],"parentBoneIndex":11,"length":2.3416
,"animation":{"dataType":3,"framePerSecond":24,"keys":[
{"frame":1,"values":[0.8966,0.14,-0.4201,0,-0.1216,0.9901,0.0705,0,0.4258,-0.0121,0.9047,0,1.496,-0.8637,0.8637,1]},
{"frame":22,"values":[0.8966,0.14,-0.4201,0,-0.1216,0.9901,0.0705,0,0.4258,-0.0121,0.9047,0,1.496,-0.8637,0.8637,1]}],"loopBehavior":1,"name":"anim","property":"_matrix"}},
{"name":"LeftHandThumb3","index":13,"matrix":[0.9555,-0.0086,-0.2948,0,0.0433,0.9928,0.1115,0,0.2917,-0.1193,0.949,0,1.7859,-1.1863,0.9415,1],"rest":[0.9982,-0.0507,-0.0308,0,0.052,0.9976,0.046,0,0.0284,-0.0475,0.9985,0,1.7859,-1.1863,0.9415,1],"parentBoneIndex":12,"length":4.3787
,"animation":{"dataType":3,"framePerSecond":24,"keys":[
{"frame":1,"values":[0.9555,-0.0086,-0.2948,0,0.0433,0.9928,0.1115,0,0.2917,-0.1193,0.949,0,1.7859,-1.1863,0.9415,1]},
{"frame":22,"values":[0.9555,-0.0086,-0.2948,0,0.0433,0.9928,0.1115,0,0.2917,-0.1193,0.949,0,1.7859,-1.1863,0.9415,1]}],"loopBehavior":1,"name":"anim","property":"_matrix"}},
{"name":"LeftHandThumb4","index":14,"matrix":[1,0,0,0,0,1,0,0,0,0,1,0,3.3918,-1.9582,1.9582,1],"rest":[1,0,0,0,0,1,0,0,0,0,1,0,3.3918,-1.9582,1.9582,1],"parentBoneIndex":13,"length":4.3787
,"animation":{"dataType":3,"framePerSecond":24,"keys":[
{"frame":1,"values":[1,0,0,0,0,1,0,0,0,0,1,0,3.3918,-1.9582,1.9582,1]},
{"frame":22,"values":[1,0,0,0,0,1,0,0,0,0,1,0,3.3918,-1.9582,1.9582,1]}],"loopBehavior":1,"name":"anim","property":"_matrix"}},
{"name":"LeftHandIndex1","index":15,"matrix":[0.9414,-0.3374,-0.0041,0,0.3371,0.941,-0.0308,0,0.0142,0.0276,0.9995,0,11.0606,-0.132,2.3806,1],"rest":[1,0,0,0,0,1,0,0,0,0,1,0,11.0606,-0.132,2.3806,1],"parentBoneIndex":10,"length":2.4579
,"animation":{"dataType":3,"framePerSecond":24,"keys":[
{"frame":1,"values":[0.9414,-0.3374,-0.0041,0,0.3371,0.941,-0.0308,0,0.0142,0.0276,0.9995,0,11.0606,-0.132,2.3806,1]},
{"frame":22,"values":[0.9414,-0.3374,-0.0041,0,0.3371,0.941,-0.0308,0,0.0142,0.0276,0.9995,0,11.0606,-0.132,2.3806,1]}],"loopBehavior":1,"name":"anim","property":"_matrix"}},
{"name":"LeftHandIndex2","index":16,"matrix":[0.9319,-0.3592,-0.0507,0,0.3591,0.9332,-0.0114,0,0.0514,-0.0076,0.9986,0,2.4579,0,0,1],"rest":[1,0,-0.0017,0,0,1,0,0,0.0017,0,1,0,2.4579,0,0,1],"parentBoneIndex":15,"length":3.0022
,"animation":{"dataType":3,"framePerSecond":24,"keys":[
{"frame":1,"values":[0.9319,-0.3592,-0.0507,0,0.3591,0.9332,-0.0114,0,0.0514,-0.0076,0.9986,0,2.4579,0,0,1]},
{"frame":22,"values":[0.9319,-0.3592,-0.0507,0,0.3591,0.9332,-0.0114,0,0.0514,-0.0076,0.9986,0,2.4579,0,0,1]}],"loopBehavior":1,"name":"anim","property":"_matrix"}},
{"name":"LeftHandIndex3","index":17,"matrix":[0.9968,0.0786,0.0123,0,-0.0786,0.9969,-0.0008,0,-0.0124,-0.0002,0.9999,0,3.0022,0,0.005,1],"rest":[1,0.009,0.0017,0,-0.009,1,0,0,-0.0017,0,1,0,3.0022,0,0.005,1],"parentBoneIndex":16,"length":4.3809
,"animation":{"dataType":3,"framePerSecond":24,"keys":[
{"frame":1,"values":[0.9968,0.0786,0.0123,0,-0.0786,0.9969,-0.0008,0,-0.0124,-0.0002,0.9999,0,3.0022,0,0.005,1]},
{"frame":22,"values":[0.9968,0.0786,0.0123,0,-0.0786,0.9969,-0.0008,0,-0.0124,-0.0002,0.9999,0,3.0022,0,0.005,1]}],"loopBehavior":1,"name":"anim","property":"_matrix"}},
{"name":"LeftHandIndex4","index":18,"matrix":[1,0,0,0,0,1,0,0,0,0,1,0,4.3807,-0.0396,0,1],"rest":[1,0,0,0,0,1,0,0,0,0,1,0,4.3807,-0.0396,0,1],"parentBoneIndex":17,"length":4.3809
,"animation":{"dataType":3,"framePerSecond":24,"keys":[
{"frame":1,"values":[1,0,0,0,0,1,0,0,0,0,1,0,4.3807,-0.0396,0,1]},
{"frame":22,"values":[1,0,0,0,0,1,0,0,0,0,1,0,4.3807,-0.0396,0,1]}],"loopBehavior":1,"name":"anim","property":"_matrix"}},
{"name":"LeftHandMiddle1","index":19,"matrix":[0.8944,-0.4321,-0.1152,0,0.4295,0.9018,-0.0475,0,0.1244,-0.007,0.9922,0,11.0246,0,0,1],"rest":[1,0,0,0,0,1,0,0,0,0,1,0,11.0246,0,0,1],"parentBoneIndex":10,"length":3.1154
,"animation":{"dataType":3,"framePerSecond":24,"keys":[
{"frame":1,"values":[0.8944,-0.4321,-0.1152,0,0.4295,0.9018,-0.0475,0,0.1244,-0.007,0.9922,0,11.0246,0,0,1]},
{"frame":22,"values":[0.8944,-0.4321,-0.1152,0,0.4295,0.9018,-0.0475,0,0.1244,-0.007,0.9922,0,11.0246,0,0,1]}],"loopBehavior":1,"name":"anim","property":"_matrix"}},
{"name":"LeftHandMiddle2","index":20,"matrix":[0.9247,-0.3773,-0.0509,0,0.3771,0.9261,-0.0129,0,0.052,-0.0072,0.9986,0,3.1154,0,0,1],"rest":[1,0,0,0,0,1,0,0,0,0,1,0,3.1154,0,0,1],"parentBoneIndex":19,"length":2.9998
,"animation":{"dataType":3,"framePerSecond":24,"keys":[
{"frame":1,"values":[0.9247,-0.3773,-0.0509,0,0.3771,0.9261,-0.0129,0,0.052,-0.0072,0.9986,0,3.1154,0,0,1]},
{"frame":22,"values":[0.9247,-0.3773,-0.0509,0,0.3771,0.9261,-0.0129,0,0.052,-0.0072,0.9986,0,3.1154,0,0,1]}],"loopBehavior":1,"name":"anim","property":"_matrix"}},
{"name":"LeftHandMiddle3","index":21,"matrix":[0.9986,0.0525,0.0004,0,-0.0525,0.9986,0,0,-0.0004,-0.0001,1,0,2.9998,0,0,1],"rest":[1,0,0,0,0,1,0,0,0,0,1,0,2.9998,0,0,1],"parentBoneIndex":20,"length":4.6445
,"animation":{"dataType":3,"framePerSecond":24,"keys":[
{"frame":1,"values":[0.9986,0.0525,0.0004,0,-0.0525,0.9986,0,0,-0.0004,-0.0001,1,0,2.9998,0,0,1]},
{"frame":22,"values":[0.9986,0.0525,0.0004,0,-0.0525,0.9986,0,0,-0.0004,-0.0001,1,0,2.9998,0,0,1]}],"loopBehavior":1,"name":"anim","property":"_matrix"}},
{"name":"LeftHandMiddle4","index":22,"matrix":[1,0,0,0,0,1,0,0,0,0,1,0,4.6445,0,0,1],"rest":[1,0,0,0,0,1,0,0,0,0,1,0,4.6445,0,0,1],"parentBoneIndex":21,"length":4.6445
,"animation":{"dataType":3,"framePerSecond":24,"keys":[
{"frame":1,"values":[1,0,0,0,0,1,0,0,0,0,1,0,4.6445,0,0,1]},
{"frame":22,"values":[1,0,0,0,0,1,0,0,0,0,1,0,4.6445,0,0,1]}],"loopBehavior":1,"name":"anim","property":"_matrix"}},
{"name":"LeftHandRing1","index":23,"matrix":[0.8255,-0.5361,-0.1762,0,0.5338,0.8431,-0.0645,0,0.1831,-0.0409,0.9822,0,10.691,-0.1194,-2.8235,1],"rest":[1,0,0,0,0,1,0,0,0,0,1,0,10.691,-0.1194,-2.8235,1],"parentBoneIndex":10,"length":2.981
,"animation":{"dataType":3,"framePerSecond":24,"keys":[
{"frame":1,"values":[0.8255,-0.5361,-0.1762,0,0.5338,0.8431,-0.0645,0,0.1831,-0.0409,0.9822,0,10.691,-0.1194,-2.8235,1]},
{"frame":22,"values":[0.8255,-0.5361,-0.1762,0,0.5338,0.8431,-0.0645,0,0.1831,-0.0409,0.9822,0,10.691,-0.1194,-2.8235,1]}],"loopBehavior":1,"name":"anim","property":"_matrix"}},
{"name":"LeftHandRing2","index":24,"matrix":[0.9481,-0.3157,-0.0374,0,0.3158,0.9488,-0.0038,0,0.0367,-0.0082,0.9993,0,2.981,0,0,1],"rest":[1,0,0,0,0,1,0,0,0,0,1,0,2.981,0,0,1],"parentBoneIndex":23,"length":2.6834
,"animation":{"dataType":3,"framePerSecond":24,"keys":[
{"frame":1,"values":[0.9481,-0.3157,-0.0374,0,0.3158,0.9488,-0.0038,0,0.0367,-0.0082,0.9993,0,2.981,0,0,1]},
{"frame":22,"values":[0.9481,-0.3157,-0.0374,0,0.3158,0.9488,-0.0038,0,0.0367,-0.0082,0.9993,0,2.981,0,0,1]}],"loopBehavior":1,"name":"anim","property":"_matrix"}},
{"name":"LeftHandRing3","index":25,"matrix":[0.9992,-0.0358,-0.0166,0,0.0358,0.9994,0.001,0,0.0165,-0.0016,0.9999,0,2.6834,0,0,1],"rest":[0.9999,-0.0011,-0.0133,0,0.0011,1,0,0,0.0133,0,0.9999,0,2.6834,0,0,1],"parentBoneIndex":24,"length":4.0139
,"animation":{"dataType":3,"framePerSecond":24,"keys":[
{"frame":1,"values":[0.9992,-0.0358,-0.0166,0,0.0358,0.9994,0.001,0,0.0165,-0.0016,0.9999,0,2.6834,0,0,1]},
{"frame":22,"values":[0.9992,-0.0358,-0.0166,0,0.0358,0.9994,0.001,0,0.0165,-0.0016,0.9999,0,2.6834,0,0,1]}],"loopBehavior":1,"name":"anim","property":"_matrix"}},
{"name":"LeftHandRing4","index":26,"matrix":[1,0,0,0,0,1,0,0,0,0,1,0,4.0135,0.0046,0.0533,1],"rest":[1,0,0,0,0,1,0,0,0,0,1,0,4.0135,0.0046,0.0533,1],"parentBoneIndex":25,"length":4.0139
,"animation":{"dataType":3,"framePerSecond":24,"keys":[
{"frame":1,"values":[1,0,0,0,0,1,0,0,0,0,1,0,4.0135,0.0046,0.0533,1]},
{"frame":22,"values":[1,0,0,0,0,1,0,0,0,0,1,0,4.0135,0.0046,0.0533,1]}],"loopBehavior":1,"name":"anim","property":"_matrix"}},
{"name":"LeftHandPinky1","index":27,"matrix":[0.7776,-0.5907,-0.2156,0,0.5848,0.8053,-0.0975,0,0.2312,-0.0503,0.9716,0,9.3643,-0.0783,-5.5212,1],"rest":[1,0,0,0,0,1,0,0,0,0,1,0,9.3643,-0.0783,-5.5212,1],"parentBoneIndex":10,"length":2.543
,"animation":{"dataType":3,"framePerSecond":24,"keys":[
{"frame":1,"values":[0.7776,-0.5907,-0.2156,0,0.5848,0.8053,-0.0975,0,0.2312,-0.0503,0.9716,0,9.3643,-0.0783,-5.5212,1]},
{"frame":22,"values":[0.7776,-0.5907,-0.2156,0,0.5848,0.8053,-0.0975,0,0.2312,-0.0503,0.9716,0,9.3643,-0.0783,-5.5212,1]}],"loopBehavior":1,"name":"anim","property":"_matrix"}},
{"name":"LeftHandPinky2","index":28,"matrix":[0.9482,-0.3163,-0.0282,0,0.3162,0.9487,-0.0069,0,0.0289,-0.0024,0.9996,0,2.543,0,0,1],"rest":[1,0,0,0,0,1,0,0,0,0,1,0,2.543,0,0,1],"parentBoneIndex":27,"length":2.3387
,"animation":{"dataType":3,"framePerSecond":24,"keys":[
{"frame":1,"values":[0.9482,-0.3163,-0.0282,0,0.3162,0.9487,-0.0069,0,0.0289,-0.0024,0.9996,0,2.543,0,0,1]},
{"frame":22,"values":[0.9482,-0.3163,-0.0282,0,0.3162,0.9487,-0.0069,0,0.0289,-0.0024,0.9996,0,2.543,0,0,1]}],"loopBehavior":1,"name":"anim","property":"_matrix"}},
{"name":"LeftHandPinky3","index":29,"matrix":[0.9998,0.018,-0.0132,0,-0.018,0.9998,0,0,0.0132,0.0002,0.9999,0,2.3387,0,0,1],"rest":[1,0,0,0,0,1,0,0,0,0,1,0,2.3387,0,0,1],"parentBoneIndex":28,"length":3.7296
,"animation":{"dataType":3,"framePerSecond":24,"keys":[
