{"producer":{"name":"Blender","version":"2.90.0","exporter_version":"2.80.1","file":"jumpbackwards.babylon"},
"autoClear":true,"clearColor":[0.0509,0.0509,0.0509],"gravity":[0,-9.81,0],
"materials":[{"name":"Material","id":"Material","customType":"BABYLON.PBRMaterial","backFaceCulling":true,"checkReadyOnlyOnce":false,"maxSimultaneousLights":4,"environmentIntensity":1,"albedo":[0.8,0.8,0.8],"reflectivity":[0.5,0.5,0.5],"roughness":0.4,"alpha":1,"transparencyMode":0,"alphaCutOff":0.4,"metallic":0}],
"multiMaterials":[],
"skeletons":[{"name":"Armature","id":0,"dimensionsAtRest":[177.7018,230.6614,27.1405],"bones":[
{"name":"Hips","index":0,"matrix":[0.9965,0.0519,-0.065,0,-0.0541,0.998,-0.0331,0,-0.0632,-0.0365,-0.9973,0,0.0073,102.6213,-0.1432,1],"rest":[1,0,0,0,0,1,0,0,0,0,-1,0,0,113.0334,0,1],"parentBoneIndex":-1,"length":12.9876
,"animation":{"dataType":3,"framePerSecond":24,"keys":[
{"frame":1,"values":[0.9965,0.0519,-0.065,0,-0.0541,0.998,-0.0331,0,-0.0632,-0.0365,-0.9973,0,0.0073,102.6213,-0.1432,1]},
{"frame":2,"values":[0.993,0.1177,-0.0057,0,-0.1172,0.9915,0.0572,0,-0.0124,0.0562,-0.9983,0,-2.3603,106.4628,2.8745,1]},
{"frame":3,"values":[0.9736,0.134,0.1849,0,-0.1496,0.9861,0.0728,0,0.1726,0.0986,-0.98,0,-5.8853,113.1374,3.8337,1]},
{"frame":4,"values":[0.8871,0.1625,0.432,0,-0.1855,0.9826,0.0113,0,0.4226,0.0902,-0.9018,0,-9.493,119.3131,3.4135,1]},
{"frame":5,"values":[0.7918,0.1766,0.5846,0,-0.1696,0.9832,-0.0673,0,0.5867,0.0459,-0.8085,0,-11.134,124.9001,2.9835,1]},
{"frame":6,"values":[0.7964,0.1197,0.5928,0,-0.1034,0.9927,-0.0615,0,0.5958,0.0123,-0.803,0,-10.4686,130.4012,3.7682,1]},
{"frame":7,"values":[0.8556,-0.0107,0.5176,0,0.005,0.9999,0.0124,0,0.5176,0.008,-0.8556,0,-7.9095,133.4822,4.9803,1]},
{"frame":8,"values":[0.8827,-0.1268,0.4525,0,0.1201,0.9918,0.0435,0,0.4543,-0.016,-0.8907,0,-4.9295,133.2787,6.3456,1]},
{"frame":9,"values":[0.8943,-0.189,0.4057,0,0.1977,0.98,0.0208,0,0.4015,-0.0616,-0.9138,0,-1.9518,130.3381,7.2408,1]},
{"frame":10,"values":[0.9222,-0.207,0.3266,0,0.2194,0.9756,-0.0009,0,0.3185,-0.0725,-0.9452,0,0.3629,125.1195,6.8382,1]},
{"frame":11,"values":[0.9483,-0.2251,0.2236,0,0.2268,0.9738,0.0185,0,0.2219,-0.0331,-0.9745,0,1.2906,117.2122,6.7808,1]},
{"frame":12,"values":[0.9653,-0.2243,0.1341,0,0.2192,0.9743,0.0515,0,0.1422,0.0203,-0.9896,0,0.7589,108.6068,8.2736,1]},
{"frame":13,"values":[0.9837,-0.1527,0.0945,0,0.1476,0.9873,0.0585,0,0.1023,0.0436,-0.9938,0,0.1635,103.791,10.997,1]},
{"frame":14,"values":[0.9949,-0.0569,0.0834,0,0.0541,0.9979,0.0347,0,0.0852,0.0301,-0.9959,0,0.6483,101.9456,12.4111,1]},
{"frame":15,"values":[0.9975,0.032,0.0628,0,-0.033,0.9993,0.015,0,0.0623,0.0171,-0.9979,0,1.2638,102.6335,10.5789,1]},
{"frame":16,"values":[0.9955,0.0813,0.0481,0,-0.0816,0.9967,0.0042,0,0.0476,0.0081,-0.9988,0,1.5544,103.5371,8.0795,1]},
{"frame":17,"values":[0.9962,0.0647,0.0585,0,-0.0635,0.9977,-0.0227,0,0.0598,-0.0189,-0.998,0,1.8338,104.1898,6.1187,1]},
{"frame":18,"values":[0.9966,0.0477,0.0669,0,-0.0428,0.9964,-0.073,0,0.0702,-0.0699,-0.9951,0,1.5412,103.0911,4.8901,1]},
{"frame":19,"values":[0.9971,0.047,0.0605,0,-0.0401,0.9931,-0.1102,0,0.0652,-0.1075,-0.9921,0,0.9895,101.9984,4.1144,1]},
{"frame":20,"values":[0.9988,0.0477,0.0071,0,-0.0469,0.9951,-0.087,0,0.0112,-0.0865,-0.9962,0,0.3981,101.5985,2.9989,1]},
{"frame":21,"values":[0.9965,0.0519,-0.065,0,-0.0541,0.998,-0.0331,0,-0.0632,-0.0365,-0.9973,0,0.0073,102.6213,-0.1432,1]}],"loopBehavior":1,"name":"anim","property":"_matrix"}},
{"name":"Spine","index":1,"matrix":[0.9995,-0.0136,-0.0269,0,0.0159,0.9959,0.0893,0,0.0255,-0.0897,0.9956,0,0,7.2445,0.6334,1],"rest":[1,0,0,0,0,1,0,0,0,0,1,0,0,7.2445,0.6334,1],"parentBoneIndex":0,"length":7.4267
,"animation":{"dataType":3,"framePerSecond":24,"keys":[
{"frame":1,"values":[0.9995,-0.0136,-0.0269,0,0.0159,0.9959,0.0893,0,0.0255,-0.0897,0.9956,0,0,7.2445,0.6334,1]},
{"frame":2,"values":[0.9943,-0.1005,-0.0364,0,0.1038,0.9892,0.1037,0,0.0255,-0.1068,0.9939,0,0,7.2445,0.6334,1]},
{"frame":3,"values":[0.9837,-0.1794,-0.0122,0,0.1797,0.9796,0.09,0,-0.0042,-0.0907,0.9959,0,0,7.2445,0.6334,1]},
{"frame":4,"values":[0.953,-0.2921,0.0808,0,0.2861,0.955,0.0788,0,-0.1002,-0.0519,0.9936,0,0,7.2445,0.6334,1]},
{"frame":5,"values":[0.914,-0.3552,0.1962,0,0.3459,0.9348,0.0812,0,-0.2122,-0.0063,0.9772,0,0,7.2445,0.6334,1]},
{"frame":6,"values":[0.925,-0.3109,0.2184,0,0.2981,0.9503,0.09,0,-0.2355,-0.0181,0.9717,0,0,7.2445,0.6334,1]},
{"frame":7,"values":[0.9706,-0.1691,0.1711,0,0.154,0.9832,0.0981,0,-0.1848,-0.0688,0.9804,0,0,7.2445,0.6334,1]},
{"frame":8,"values":[0.9878,-0.0102,0.1556,0,-0.0047,0.9954,0.0953,0,-0.1559,-0.0949,0.9832,0,0,7.2445,0.6334,1]},
{"frame":9,"values":[0.9811,0.1091,0.1598,0,-0.1231,0.9892,0.08,0,-0.1493,-0.0982,0.9839,0,0,7.2445,0.6334,1]},
{"frame":10,"values":[0.977,0.1639,0.1367,0,-0.1747,0.982,0.0714,0,-0.1226,-0.0936,0.988,0,0,7.2445,0.6334,1]},
{"frame":11,"values":[0.979,0.1791,0.097,0,-0.1869,0.9792,0.0787,0,-0.0809,-0.0952,0.9922,0,0,7.2445,0.6334,1]},
{"frame":12,"values":[0.9862,0.1585,0.0481,0,-0.1626,0.9817,0.099,0,-0.0315,-0.1055,0.9939,0,0,7.2445,0.6334,1]},
{"frame":13,"values":[0.9944,0.1058,0.0046,0,-0.1056,0.987,0.1215,0,0.0083,-0.1213,0.9926,0,0,7.2445,0.6334,1]},
{"frame":14,"values":[0.9971,0.0746,-0.0162,0,-0.072,0.9895,0.1254,0,0.0254,-0.1238,0.992,0,0,7.2445,0.6334,1]},
{"frame":15,"values":[0.9985,0.0426,-0.0351,0,-0.0388,0.9938,0.1043,0,0.0393,-0.1028,0.9939,0,0,7.2445,0.6334,1]},
{"frame":16,"values":[0.9977,0.0147,-0.0655,0,-0.0098,0.9971,0.0756,0,0.0664,-0.0748,0.995,0,0,7.2445,0.6334,1]},
{"frame":17,"values":[0.9959,0.0273,-0.0858,0,-0.0226,0.9982,0.055,0,0.0871,-0.0528,0.9948,0,0,7.2445,0.6334,1]},
{"frame":18,"values":[0.9955,0.0317,-0.0895,0,-0.0276,0.9985,0.0475,0,0.0909,-0.0449,0.9949,0,0,7.2445,0.6334,1]},
{"frame":19,"values":[0.9972,0.0277,-0.0697,0,-0.024,0.9983,0.0539,0,0.0711,-0.052,0.9961,0,0,7.2445,0.6334,1]},
{"frame":20,"values":[0.9989,0.0138,-0.0453,0,-0.0103,0.9971,0.0751,0,0.0462,-0.0746,0.9961,0,0,7.2445,0.6334,1]},
{"frame":21,"values":[0.9995,-0.0136,-0.0269,0,0.0159,0.9959,0.0893,0,0.0255,-0.0897,0.9956,0,0,7.2445,0.6334,1]}],"loopBehavior":1,"name":"anim","property":"_matrix"}},
{"name":"Spine1","index":2,"matrix":[1,-0.001,-0.0089,0,0.0015,0.9985,0.0545,0,0.0089,-0.0545,0.9985,0,0,7.425,0.1598,1],"rest":[1,0,0,0,0,1,0,0,0,0,1,0,0,7.425,0.1598,1],"parentBoneIndex":1,"length":8.6299
,"animation":{"dataType":3,"framePerSecond":24,"keys":[
{"frame":1,"values":[1,-0.001,-0.0089,0,0.0015,0.9985,0.0545,0,0.0089,-0.0545,0.9985,0,0,7.425,0.1598,1]},
{"frame":2,"values":[0.9994,-0.0294,-0.0208,0,0.0308,0.9968,0.0741,0,0.0186,-0.0747,0.997,0,0,7.425,0.1598,1]},
{"frame":3,"values":[0.9974,-0.0716,-0.0088,0,0.072,0.9954,0.0625,0,0.0043,-0.063,0.998,0,0,7.425,0.1598,1]},
{"frame":4,"values":[0.9938,-0.1033,0.0416,0,0.1016,0.994,0.041,0,-0.0455,-0.0366,0.9983,0,0,7.425,0.1598,1]},
{"frame":5,"values":[0.9905,-0.1018,0.0923,0,0.1004,0.9947,0.0202,0,-0.0939,-0.0108,0.9955,0,0,7.425,0.1598,1]},
{"frame":6,"values":[0.9922,-0.0726,0.101,0,0.0705,0.9972,0.0245,0,-0.1025,-0.0172,0.9946,0,0,7.425,0.1598,1]},
{"frame":7,"values":[0.9961,-0.0239,0.085,0,0.0202,0.9988,0.0446,0,-0.086,-0.0427,0.9954,0,0,7.425,0.1598,1]},
{"frame":8,"values":[0.9962,0.0335,0.0806,0,-0.0378,0.9979,0.0534,0,-0.0786,-0.0563,0.9953,0,0,7.425,0.1598,1]},
{"frame":9,"values":[0.9937,0.0776,0.0808,0,-0.0818,0.9954,0.0492,0,-0.0766,-0.0554,0.9955,0,0,7.425,0.1598,1]},
{"frame":10,"values":[0.9928,0.0989,0.0671,0,-0.1021,0.9937,0.0455,0,-0.0622,-0.052,0.9967,0,0,7.425,0.1598,1]},
{"frame":11,"values":[0.9933,0.1068,0.0443,0,-0.1091,0.9926,0.0536,0,-0.0383,-0.0581,0.9976,0,0,7.425,0.1598,1]},
{"frame":12,"values":[0.9938,0.1076,0.027,0,-0.1093,0.9915,0.071,0,-0.0191,-0.0735,0.9971,0,0,7.425,0.1598,1]},
{"frame":13,"values":[0.9957,0.0907,0.0175,0,-0.0919,0.9917,0.0897,0,-0.0092,-0.091,0.9958,0,0,7.425,0.1598,1]},
{"frame":14,"values":[0.9982,0.0605,0.0045,0,-0.0606,0.9939,0.0919,0,0.0011,-0.092,0.9958,0,0,7.425,0.1598,1]},
{"frame":15,"values":[0.9992,0.0349,-0.0178,0,-0.0336,0.9969,0.0705,0,0.0202,-0.0698,0.9974,0,0,7.425,0.1598,1]},
{"frame":16,"values":[0.9988,0.0278,-0.0401,0,-0.026,0.9987,0.0443,0,0.0413,-0.0432,0.9982,0,0,7.425,0.1598,1]},
{"frame":17,"values":[0.9981,0.0332,-0.052,0,-0.0319,0.9992,0.026,0,0.0529,-0.0243,0.9983,0,0,7.425,0.1598,1]},
{"frame":18,"values":[0.9984,0.0249,-0.0498,0,-0.024,0.9996,0.0179,0,0.0502,-0.0167,0.9986,0,0,7.425,0.1598,1]},
{"frame":19,"values":[0.9993,0.0088,-0.037,0,-0.008,0.9997,0.0228,0,0.0371,-0.0225,0.9991,0,0,7.425,0.1598,1]},
{"frame":20,"values":[0.9997,0.0032,-0.0242,0,-0.0021,0.9991,0.0427,0,0.0244,-0.0427,0.9988,0,0,7.425,0.1598,1]},
{"frame":21,"values":[1,-0.001,-0.0089,0,0.0015,0.9985,0.0545,0,0.0089,-0.0545,0.9985,0,0,7.425,0.1598,1]}],"loopBehavior":1,"name":"anim","property":"_matrix"}},
{"name":"Spine2","index":3,"matrix":[1,-0.0008,-0.0087,0,0.0012,0.9985,0.0545,0,0.0087,-0.0545,0.9985,0,0,8.6226,-0.3542,1],"rest":[1,0,0,0,0,1,0,0,0,0,1,0,0,8.6226,-0.3542,1],"parentBoneIndex":2,"length":20.7438
,"animation":{"dataType":3,"framePerSecond":24,"keys":[
{"frame":1,"values":[1,-0.0008,-0.0087,0,0.0012,0.9985,0.0545,0,0.0087,-0.0545,0.9985,0,0,8.6226,-0.3542,1]},
{"frame":2,"values":[0.9994,-0.0269,-0.0208,0,0.0284,0.9968,0.0748,0,0.0187,-0.0754,0.997,0,0,8.6226,-0.3542,1]},
{"frame":3,"values":[0.9975,-0.0696,-0.01,0,0.0701,0.9955,0.0637,0,0.0055,-0.0643,0.9979,0,0,8.6226,-0.3542,1]},
{"frame":4,"values":[0.9936,-0.1051,0.0415,0,0.1034,0.9938,0.0416,0,-0.0457,-0.037,0.9983,0,0,8.6226,-0.3542,1]},
{"frame":5,"values":[0.9897,-0.106,0.0963,0,0.1046,0.9943,0.0188,0,-0.0977,-0.0085,0.9952,0,0,8.6226,-0.3542,1]},
{"frame":6,"values":[0.9912,-0.0761,0.1083,0,0.0741,0.997,0.0223,0,-0.1097,-0.0141,0.9939,0,0,8.6226,-0.3542,1]},
{"frame":7,"values":[0.9954,-0.0269,0.0923,0,0.023,0.9988,0.0432,0,-0.0934,-0.0409,0.9948,0,0,8.6226,-0.3542,1]},
{"frame":8,"values":[0.996,0.0302,0.0847,0,-0.0348,0.998,0.0527,0,-0.0829,-0.0555,0.995,0,0,8.6226,-0.3542,1]},
{"frame":9,"values":[0.9939,0.0739,0.0822,0,-0.0781,0.9957,0.0493,0,-0.0782,-0.0554,0.9954,0,0,8.6226,-0.3542,1]},
{"frame":10,"values":[0.9931,0.0955,0.0681,0,-0.0988,0.9941,0.0457,0,-0.0633,-0.0521,0.9966,0,0,8.6226,-0.3542,1]},
{"frame":11,"values":[0.9934,0.1045,0.0466,0,-0.1069,0.9928,0.0532,0,-0.0407,-0.0579,0.9975,0,0,8.6226,-0.3542,1]},
{"frame":12,"values":[0.9938,0.1064,0.0315,0,-0.1084,0.9916,0.0702,0,-0.0237,-0.0732,0.997,0,0,8.6226,-0.3542,1]},
{"frame":13,"values":[0.9957,0.0904,0.0225,0,-0.092,0.9918,0.0889,0,-0.0143,-0.0906,0.9958,0,0,8.6226,-0.3542,1]},
{"frame":14,"values":[0.9981,0.0609,0.007,0,-0.0613,0.994,0.0911,0,-0.0014,-0.0914,0.9958,0,0,8.6226,-0.3542,1]},
{"frame":15,"values":[0.9992,0.036,-0.0171,0,-0.0348,0.997,0.0697,0,0.0195,-0.0691,0.9974,0,0,8.6226,-0.3542,1]},
{"frame":16,"values":[0.9988,0.0298,-0.0394,0,-0.0281,0.9986,0.0438,0,0.0406,-0.0426,0.9983,0,0,8.6226,-0.3542,1]},
{"frame":17,"values":[0.998,0.0357,-0.0513,0,-0.0345,0.9991,0.0252,0,0.0522,-0.0234,0.9984,0,0,8.6226,-0.3542,1]},
{"frame":18,"values":[0.9984,0.0268,-0.0499,0,-0.026,0.9995,0.0171,0,0.0503,-0.0158,0.9986,0,0,8.6226,-0.3542,1]},
{"frame":19,"values":[0.9992,0.01,-0.0378,0,-0.0091,0.9997,0.0222,0,0.038,-0.0218,0.999,0,0,8.6226,-0.3542,1]},
{"frame":20,"values":[0.9997,0.0041,-0.0248,0,-0.003,0.9991,0.0424,0,0.0249,-0.0424,0.9988,0,0,8.6226,-0.3542,1]},
{"frame":21,"values":[1,-0.0008,-0.0087,0,0.0012,0.9985,0.0545,0,0.0087,-0.0545,0.9985,0,0,8.6226,-0.3542,1]}],"loopBehavior":1,"name":"anim","property":"_matrix"}},
{"name":"Neck","index":4,"matrix":[0.9997,-0.0129,-0.0206,0,0.0112,0.9967,-0.08,0,0.0216,0.0797,0.9966,0,0,23.6053,-4.5263,1],"rest":[1,0,0,0,0,1,0,0,0,0,1,0,0,23.6053,-4.5263,1],"parentBoneIndex":3,"length":10.3542
,"animation":{"dataType":3,"framePerSecond":24,"keys":[
{"frame":1,"values":[0.9997,-0.0129,-0.0206,0,0.0112,0.9967,-0.08,0,0.0216,0.0797,0.9966,0,0,23.6053,-4.5263,1]},
{"frame":2,"values":[0.9998,0.0053,-0.0175,0,-0.0065,0.9978,-0.0655,0,0.0171,0.0656,0.9977,0,0,23.6053,-4.5263,1]},
{"frame":3,"values":[0.9994,0.0331,-0.0055,0,-0.0333,0.9989,-0.0326,0,0.0044,0.0328,0.9995,0,0,23.6053,-4.5263,1]},
{"frame":4,"values":[0.9984,0.0567,0.0009,0,-0.0567,0.9983,0.0109,0,-0.0003,-0.011,0.9999,0,0,23.6053,-4.5263,1]},
{"frame":5,"values":[0.9979,0.0647,-0.0047,0,-0.0644,0.9969,0.0448,0,0.0076,-0.0444,0.999,0,0,23.6053,-4.5263,1]},
{"frame":6,"values":[0.9985,0.0538,-0.0122,0,-0.0531,0.9972,0.0517,0,0.0149,-0.051,0.9986,0,0,23.6053,-4.5263,1]},
{"frame":7,"values":[0.9994,0.0316,-0.0127,0,-0.0311,0.9989,0.0356,0,0.0138,-0.0352,0.9993,0,0,23.6053,-4.5263,1]},
{"frame":8,"values":[0.9999,0.0081,-0.0101,0,-0.008,0.9999,0.007,0,0.0101,-0.0069,0.9999,0,0,23.6053,-4.5263,1]},
{"frame":9,"values":[0.9999,-0.0111,-0.0103,0,0.0108,0.9996,-0.0255,0,0.0105,0.0253,0.9996,0,0,23.6053,-4.5263,1]},
{"frame":10,"values":[0.9997,-0.0208,-0.013,0,0.0202,0.9988,-0.0437,0,0.0139,0.0434,0.999,0,0,23.6053,-4.5263,1]},
{"frame":11,"values":[0.9998,-0.0142,-0.0146,0,0.0136,0.9989,-0.0457,0,0.0152,0.0455,0.9988,0,0,23.6053,-4.5263,1]},
{"frame":12,"values":[0.9999,-0.0011,-0.0149,0,0.0003,0.9987,-0.0519,0,0.0149,0.0519,0.9985,0,0,23.6053,-4.5263,1]},
{"frame":13,"values":[0.9999,0.0008,-0.0144,0,-0.0018,0.9975,-0.0712,0,0.0143,0.0712,0.9974,0,0,23.6053,-4.5263,1]},
{"frame":14,"values":[0.9999,-0.0068,-0.0126,0,0.0058,0.9966,-0.0819,0,0.0131,0.0819,0.9966,0,0,23.6053,-4.5263,1]},
{"frame":15,"values":[0.9999,-0.0118,-0.0109,0,0.0111,0.9978,-0.0646,0,0.0116,0.0645,0.9979,0,0,23.6053,-4.5263,1]},
{"frame":16,"values":[0.9999,-0.012,-0.0067,0,0.0117,0.9991,-0.04,0,0.0071,0.0399,0.9992,0,0,23.6053,-4.5263,1]},
{"frame":17,"values":[0.9999,-0.0132,-0.0009,0,0.0131,0.9991,-0.0399,0,0.0015,0.0399,0.9992,0,0,23.6053,-4.5263,1]},
{"frame":18,"values":[0.9999,-0.0105,0.001,0,0.0106,0.9975,-0.0698,0,-0.0003,0.0698,0.9976,0,0,23.6053,-4.5263,1]},
{"frame":19,"values":[1,-0.0087,-0.0022,0,0.0084,0.9952,-0.0973,0,0.003,0.0972,0.9953,0,0,23.6053,-4.5263,1]},
{"frame":20,"values":[0.9999,-0.0129,-0.0106,0,0.0118,0.9952,-0.0975,0,0.0118,0.0974,0.9952,0,0,23.6053,-4.5263,1]},
{"frame":21,"values":[0.9997,-0.0129,-0.0206,0,0.0112,0.9967,-0.08,0,0.0216,0.0797,0.9966,0,0,23.6053,-4.5263,1]}],"loopBehavior":1,"name":"anim","property":"_matrix"}},
{"name":"Head","index":5,"matrix":[0.9994,-0.033,0.007,0,0.0336,0.9914,-0.1267,0,-0.0028,0.1268,0.9919,0,0,9.9955,2.7017,1],"rest":[1,0,0,0,0,1,0,0,0,0,1,0,0,9.9955,2.7017,1],"parentBoneIndex":4,"length":31.4272
,"animation":{"dataType":3,"framePerSecond":24,"keys":[
{"frame":1,"values":[0.9994,-0.033,0.007,0,0.0336,0.9914,-0.1267,0,-0.0028,0.1268,0.9919,0,0,9.9955,2.7017,1]},
{"frame":2,"values":[0.996,0.0843,0.028,0,-0.0851,0.9959,0.0293,0,-0.0254,-0.0316,0.9992,0,0,9.9955,2.7017,1]},
{"frame":3,"values":[0.9589,0.2447,0.1434,0,-0.2637,0.9554,0.133,0,-0.1045,-0.1654,0.9807,0,0,9.9955,2.7017,1]},
{"frame":4,"values":[0.91,0.3386,0.2392,0,-0.3812,0.9102,0.1621,0,-0.1628,-0.2387,0.9574,0,0,9.9955,2.7017,1]},
{"frame":5,"values":[0.8968,0.3754,0.2342,0,-0.4162,0.8954,0.1584,0,-0.1503,-0.2395,0.9592,0,0,9.9955,2.7017,1]},
{"frame":6,"values":[0.906,0.374,0.1984,0,-0.3992,0.9107,0.1061,0,-0.141,-0.1753,0.9744,0,0,9.9955,2.7017,1]},
{"frame":7,"values":[0.9283,0.3182,0.1926,0,-0.3317,0.9424,0.0421,0,-0.1681,-0.103,0.9804,0,0,9.9955,2.7017,1]},
{"frame":8,"values":[0.9582,0.2209,0.1818,0,-0.223,0.9748,-0.0088,0,-0.1791,-0.0321,0.9833,0,0,9.9955,2.7017,1]},
{"frame":9,"values":[0.983,0.1153,0.1432,0,-0.11,0.993,-0.0441,0,-0.1472,0.0276,0.9887,0,0,9.9955,2.7017,1]},
{"frame":10,"values":[0.9945,0.0323,0.0995,0,-0.0271,0.9983,-0.0525,0,-0.101,0.0495,0.9936,0,0,9.9955,2.7017,1]},
{"frame":11,"values":[0.9981,-0.0139,0.0608,0,0.0172,0.9984,-0.0544,0,-0.0599,0.0553,0.9967,0,0,9.9955,2.7017,1]},
{"frame":12,"values":[0.9989,-0.0314,0.0353,0,0.0346,0.9951,-0.0928,0,-0.0322,0.0939,0.9951,0,0,9.9955,2.7017,1]},
{"frame":13,"values":[0.9983,-0.0421,0.0409,0,0.0483,0.9849,-0.1661,0,-0.0333,0.1678,0.9853,0,0,9.9955,2.7017,1]},
{"frame":14,"values":[0.9966,-0.0548,0.0621,0,0.0666,0.976,-0.2073,0,-0.0492,0.2107,0.9763,0,0,9.9955,2.7017,1]},
{"frame":15,"values":[0.9952,-0.0545,0.0807,0,0.0669,0.9849,-0.1595,0,-0.0708,0.1641,0.9839,0,0,9.9955,2.7017,1]},
{"frame":16,"values":[0.9912,-0.0409,0.1261,0,0.05,0.9963,-0.0706,0,-0.1227,0.0762,0.9895,0,0,9.9955,2.7017,1]},
{"frame":17,"values":[0.9825,-0.0328,0.1836,0,0.0371,0.9991,-0.0203,0,-0.1828,0.0267,0.9828,0,0,9.9955,2.7017,1]},
{"frame":18,"values":[0.9808,-0.0222,0.1937,0,0.0294,0.999,-0.0344,0,-0.1927,0.0394,0.9805,0,0,9.9955,2.7017,1]},
{"frame":19,"values":[0.9873,-0.0182,0.1575,0,0.0322,0.9957,-0.0868,0,-0.1553,0.0908,0.9837,0,0,9.9955,2.7017,1]},
{"frame":20,"values":[0.9955,-0.0268,0.0904,0,0.0383,0.991,-0.1286,0,-0.0862,0.1315,0.9876,0,0,9.9955,2.7017,1]},
{"frame":21,"values":[0.9994,-0.033,0.007,0,0.0336,0.9914,-0.1267,0,-0.0028,0.1268,0.9919,0,0,9.9955,2.7017,1]}],"loopBehavior":1,"name":"anim","property":"_matrix"}},
{"name":"HeadTop_End","index":6,"matrix":[1,0,0,0,0,1,0,0,0,0,1,0,0,31.2072,3.7118,1],"rest":[1,0,0,0,0,1,0,0,0,0,1,0,0,31.2072,3.7118,1],"parentBoneIndex":5,"length":31.4272
,"animation":{"dataType":3,"framePerSecond":24,"keys":[
{"frame":1,"values":[1,0,0,0,0,1,0,0,0,0,1,0,0,31.2072,3.7118,1]},
{"frame":21,"values":[1,0,0,0,0,1,0,0,0,0,1,0,0,31.2072,3.7118,1]}],"loopBehavior":1,"name":"anim","property":"_matrix"}},
{"name":"LeftShoulder","index":7,"matrix":[0.9908,-0.134,-0.0206,0,0.1341,0.9909,0.006,0,0.0196,-0.0087,0.9998,0,6.1723,17.8795,-2.6384,1],"rest":[1,-0.0039,0,0,0.0039,1,0,0,0,0,1,0,6.1723,17.8795,-2.6384,1],"parentBoneIndex":3,"length":6.4566
,"animation":{"dataType":3,"framePerSecond":24,"keys":[
{"frame":1,"values":[0.9908,-0.134,-0.0206,0,0.1341,0.9909,0.006,0,0.0196,-0.0087,0.9998,0,6.1723,17.8795,-2.6384,1]},
{"frame":2,"values":[0.9937,-0.1073,0.0332,0,0.1065,0.994,0.0261,0,-0.0358,-0.0224,0.9991,0,6.1723,17.8795,-2.6384,1]},
{"frame":3,"values":[0.9883,-0.0166,0.1516,0,0.0104,0.9991,0.0418,0,-0.1522,-0.0398,0.9876,0,6.1723,17.8795,-2.6384,1]},
{"frame":4,"values":[0.9643,0.135,0.2279,0,-0.1456,0.9889,0.0305,0,-0.2212,-0.0626,0.9732,0,6.1723,17.8795,-2.6384,1]},
{"frame":5,"values":[0.9386,0.2919,0.1838,0,-0.3001,0.9538,0.0174,0,-0.1702,-0.0715,0.9828,0,6.1723,17.8795,-2.6384,1]},
{"frame":6,"values":[0.9215,0.3737,0.1061,0,-0.3781,0.9255,0.024,0,-0.0892,-0.0622,0.9941,0,6.1723,17.8795,-2.6384,1]},
{"frame":7,"values":[0.9262,0.3674,0.0847,0,-0.3709,0.9282,0.0298,0,-0.0676,-0.059,0.996,0,6.1723,17.8795,-2.6384,1]},
{"frame":8,"values":[0.9442,0.3217,0.0703,0,-0.3247,0.9451,0.036,0,-0.0549,-0.0569,0.9969,0,6.1723,17.8795,-2.6384,1]},
{"frame":9,"values":[0.9635,0.2659,0.0305,0,-0.267,0.9628,0.0424,0,-0.0181,-0.049,0.9986,0,6.1723,17.8795,-2.6384,1]},
{"frame":10,"values":[0.9796,0.201,-0.0046,0,-0.2006,0.9788,0.042,0,0.0129,-0.0402,0.9991,0,6.1723,17.8795,-2.6384,1]},
{"frame":11,"values":[0.9902,0.139,-0.0162,0,-0.1384,0.9898,0.0342,0,0.0208,-0.0316,0.9993,0,6.1723,17.8795,-2.6384,1]},
{"frame":12,"values":[0.9957,0.0899,-0.0202,0,-0.0894,0.9957,0.024,0,0.0223,-0.0221,0.9995,0,6.1723,17.8795,-2.6384,1]},
{"frame":13,"values":[0.9989,0.0327,-0.0344,0,-0.0323,0.9994,0.0139,0,0.0349,-0.0128,0.9993,0,6.1723,17.8795,-2.6384,1]},
{"frame":14,"values":[0.9975,-0.037,-0.0599,0,0.0373,0.9993,0.0039,0,0.0597,-0.0062,0.9982,0,6.1723,17.8795,-2.6384,1]},
{"frame":15,"values":[0.9921,-0.0882,-0.0889,0,0.0882,0.9961,-0.0037,0,0.0889,-0.0041,0.996,0,6.1723,17.8795,-2.6384,1]},
{"frame":16,"values":[0.9879,-0.1066,-0.1128,0,0.1064,0.9943,-0.0075,0,0.113,-0.0046,0.9936,0,6.1723,17.8795,-2.6384,1]},
{"frame":17,"values":[0.9837,-0.1277,-0.1264,0,0.1275,0.9918,-0.0101,0,0.1266,-0.0062,0.9919,0,6.1723,17.8795,-2.6384,1]},
{"frame":18,"values":[0.9778,-0.168,-0.1254,0,0.1679,0.9857,-0.0117,0,0.1256,-0.0096,0.992,0,6.1723,17.8795,-2.6384,1]},
{"frame":19,"values":[0.9775,-0.1827,-0.1053,0,0.1827,0.9831,-0.0091,0,0.1052,-0.0103,0.9944,0,6.1723,17.8795,-2.6384,1]},
{"frame":20,"values":[0.9847,-0.1581,-0.073,0,0.1584,0.9874,-0.0027,0,0.0725,-0.0089,0.9973,0,6.1723,17.8795,-2.6384,1]},
{"frame":21,"values":[0.9908,-0.134,-0.0206,0,0.1341,0.9909,0.006,0,0.0196,-0.0087,0.9998,0,6.1723,17.8795,-2.6384,1]}],"loopBehavior":1,"name":"anim","property":"_matrix"}},
{"name":"LeftArm","index":8,"matrix":[0.6346,-0.7702,-0.0634,0,0.695,0.533,0.4825,0,-0.3378,-0.3503,0.8736,0,6.0747,-1.0059,-1.9427,1],"rest":[0.9995,0.0084,0.0302,0,-0.0084,1,-0.0001,0,-0.0302,-0.0002,0.9995,0,6.0747,-1.0059,-1.9427,1],"parentBoneIndex":7,"length":27.264
,"animation":{"dataType":3,"framePerSecond":24,"keys":[
{"frame":1,"values":[0.6346,-0.7702,-0.0634,0,0.695,0.533,0.4825,0,-0.3378,-0.3503,0.8736,0,6.0747,-1.0059,-1.9427,1]},
{"frame":2,"values":[0.7423,-0.5063,0.439,0,0.409,0.8612,0.3016,0,-0.5308,-0.0443,0.8464,0,6.0747,-1.0059,-1.9427,1]},
{"frame":3,"values":[0.7196,-0.0218,0.694,0,0.0591,0.9978,-0.0299,0,-0.6919,0.0626,0.7193,0,6.0747,-1.0059,-1.9427,1]},
{"frame":4,"values":[0.6115,0.341,0.714,0,-0.1403,0.9348,-0.3263,0,-0.7787,0.0994,0.6195,0,6.0747,-1.0059,-1.9427,1]},
{"frame":5,"values":[0.6029,0.4826,0.6353,0,-0.1747,0.8568,-0.4851,0,-0.7785,0.1815,0.6009,0,6.0747,-1.0059,-1.9427,1]},
{"frame":6,"values":[0.7355,0.4602,0.4972,0,-0.1431,0.8228,-0.55,0,-0.6622,0.3334,0.6711,0,6.0747,-1.0059,-1.9427,1]},
{"frame":7,"values":[0.9068,0.356,0.226,0,-0.2106,0.8466,-0.4887,0,-0.3653,0.3956,0.8427,0,6.0747,-1.0059,-1.9427,1]},
{"frame":8,"values":[0.96,0.259,-0.1069,0,-0.2733,0.9497,-0.1532,0,0.0618,0.1763,0.9824,0,6.0747,-1.0059,-1.9427,1]},
{"frame":9,"values":[0.9412,0.1615,-0.2968,0,-0.0697,0.9523,0.2972,0,0.3306,-0.259,0.9075,0,6.0747,-1.0059,-1.9427,1]},
{"frame":10,"values":[0.9305,0.01,-0.3662,0,0.2153,0.7938,0.5688,0,0.2963,-0.6082,0.7364,0,6.0747,-1.0059,-1.9427,1]},
{"frame":11,"values":[0.8942,-0.1736,-0.4126,0,0.4226,0.631,0.6506,0,0.1474,-0.7561,0.6376,0,6.0747,-1.0059,-1.9427,1]},
{"frame":12,"values":[0.8159,-0.375,-0.4402,0,0.5782,0.5211,0.6277,0,-0.006,-0.7667,0.642,0,6.0747,-1.0059,-1.9427,1]},
{"frame":13,"values":[0.7204,-0.5895,-0.3654,0,0.6724,0.4647,0.5761,0,-0.1698,-0.6607,0.7312,0,6.0747,-1.0059,-1.9427,1]},
{"frame":14,"values":[0.6098,-0.7543,-0.243,0,0.7409,0.4337,0.5128,0,-0.2814,-0.4928,0.8234,0,6.0747,-1.0059,-1.9427,1]},
{"frame":15,"values":[0.4979,-0.829,-0.2546,0,0.8366,0.3817,0.393,0,-0.2287,-0.4086,0.8836,0,6.0747,-1.0059,-1.9427,1]},
{"frame":16,"values":[0.4126,-0.8304,-0.3745,0,0.8976,0.3005,0.3226,0,-0.1554,-0.4693,0.8693,0,6.0747,-1.0059,-1.9427,1]},
{"frame":17,"values":[0.3857,-0.8,-0.4596,0,0.9127,0.2578,0.3172,0,-0.1353,-0.5418,0.8295,0,6.0747,-1.0059,-1.9427,1]},
{"frame":18,"values":[0.424,-0.7836,-0.4541,0,0.8948,0.2851,0.3436,0,-0.1398,-0.552,0.822,0,6.0747,-1.0059,-1.9427,1]},
{"frame":19,"values":[0.4787,-0.8103,-0.3379,0,0.8542,0.341,0.3925,0,-0.2028,-0.4766,0.8554,0,6.0747,-1.0059,-1.9427,1]},
{"frame":20,"values":[0.5326,-0.8292,-0.1695,0,0.7905,0.4159,0.4496,0,-0.3023,-0.3734,0.877,0,6.0747,-1.0059,-1.9427,1]},
{"frame":21,"values":[0.6346,-0.7702,-0.0634,0,0.695,0.533,0.4825,0,-0.3378,-0.3503,0.8736,0,6.0747,-1.0059,-1.9427,1]}],"loopBehavior":1,"name":"anim","property":"_matrix"}},
{"name":"LeftForeArm","index":9,"matrix":[0.1639,-0.0007,0.9865,0,0.0046,1,0,0,-0.9865,0.0045,0.1639,0,27.2512,-0.1236,-0.8243,1],"rest":[0.9995,-0.0045,-0.0302,0,0.0045,1,-0.0001,0,0.0302,-0.0001,0.9995,0,27.2512,-0.1236,-0.8243,1],"parentBoneIndex":8,"length":27.5147
,"animation":{"dataType":3,"framePerSecond":24,"keys":[
{"frame":1,"values":[0.1639,-0.0007,0.9865,0,0.0046,1,0,0,-0.9865,0.0045,0.1639,0,27.2512,-0.1236,-0.8243,1]},
{"frame":2,"values":[0.1502,-0.0006,0.9886,0,0.0046,1,0,0,-0.9886,0.0045,0.1502,0,27.2512,-0.1236,-0.8243,1]},
{"frame":3,"values":[0.1315,-0.0006,0.9913,0,0.0046,1,0,0,-0.9913,0.0045,0.1315,0,27.2512,-0.1236,-0.8243,1]},
{"frame":4,"values":[0.1625,-0.0007,0.9867,0,0.0046,1,0,0,-0.9867,0.0045,0.1625,0,27.2512,-0.1236,-0.8243,1]},
{"frame":5,"values":[0.2005,-0.0009,0.9797,0,0.0046,1,0,0,-0.9797,0.0045,0.2005,0,27.2512,-0.1236,-0.8243,1]},
{"frame":6,"values":[0.1717,-0.0007,0.9851,0,0.0046,1,0,0,-0.9851,0.0045,0.1717,0,27.2512,-0.1236,-0.8243,1]},
{"frame":7,"values":[0.074,-0.0003,0.9973,0,0.0046,1,0,0,-0.9972,0.0046,0.074,0,27.2512,-0.1236,-0.8243,1]},
{"frame":8,"values":[-0.01,0.0001,0.9999,0,0.0046,1,0,0,-0.9999,0.0046,-0.01,0,27.2512,-0.1236,-0.8243,1]},
{"frame":9,"values":[0.0088,0,1,0,0.0046,1,0,0,-1,0.0046,0.0088,0,27.2512,-0.1236,-0.8243,1]},
{"frame":10,"values":[0.1408,-0.0006,0.99,0,0.0046,1,0,0,-0.99,0.0045,0.1408,0,27.2512,-0.1236,-0.8243,1]},
{"frame":11,"values":[0.3026,-0.0013,0.9531,0,0.0046,1,0,0,-0.9531,0.0044,0.3026,0,27.2512,-0.1236,-0.8243,1]},
{"frame":12,"values":[0.4565,-0.002,0.8897,0,0.0046,1,0,0,-0.8897,0.0041,0.4565,0,27.2512,-0.1236,-0.8243,1]},
{"frame":13,"values":[0.6544,-0.0029,0.7562,0,0.0046,1,-0.0001,0,-0.7562,0.0035,0.6544,0,27.2512,-0.1236,-0.8243,1]},
{"frame":14,"values":[0.8217,-0.0037,0.5699,0,0.0046,1,-0.0001,0,-0.5699,0.0026,0.8217,0,27.2512,-0.1236,-0.8243,1]},
{"frame":15,"values":[0.8508,-0.0038,0.5255,0,0.0046,1,-0.0001,0,-0.5254,0.0024,0.8508,0,27.2512,-0.1236,-0.8243,1]},
{"frame":16,"values":[0.7283,-0.0033,0.6853,0,0.0046,1,-0.0001,0,-0.6853,0.0032,0.7283,0,27.2512,-0.1236,-0.8243,1]},
{"frame":17,"values":[0.5502,-0.0025,0.835,0,0.0046,1,-0.0001,0,-0.835,0.0038,0.5502,0,27.2512,-0.1236,-0.8243,1]},
{"frame":18,"values":[0.3683,-0.0016,0.9297,0,0.0046,1,0,0,-0.9297,0.0043,0.3683,0,27.2512,-0.1236,-0.8243,1]},
{"frame":19,"values":[0.2675,-0.0012,0.9636,0,0.0046,1,0,0,-0.9636,0.0044,0.2675,0,27.2512,-0.1236,-0.8243,1]},
{"frame":20,"values":[0.2489,-0.0011,0.9685,0,0.0046,1,0,0,-0.9685,0.0044,0.2489,0,27.2512,-0.1236,-0.8243,1]},
{"frame":21,"values":[0.1639,-0.0007,0.9865,0,0.0046,1,0,0,-0.9865,0.0045,0.1639,0,27.2512,-0.1236,-0.8243,1]}],"loopBehavior":1,"name":"anim","property":"_matrix"}},
{"name":"LeftHand","index":10,"matrix":[0.6392,0.6671,0.3826,0,-0.3191,0.6827,-0.6573,0,-0.6997,0.2981,0.6493,0,27.5147,0,0,1],"rest":[1,0,0,0,0,1,0.0006,0,0,-0.0006,1,0,27.5147,0,0,1],"parentBoneIndex":9,"length":10.1836
,"animation":{"dataType":3,"framePerSecond":24,"keys":[
{"frame":1,"values":[0.6392,0.6671,0.3826,0,-0.3191,0.6827,-0.6573,0,-0.6997,0.2981,0.6493,0,27.5147,0,0,1]},
{"frame":2,"values":[0.5315,0.6907,0.4903,0,-0.317,0.699,-0.641,0,-0.7855,0.1852,0.5905,0,27.5147,0,0,1]},
{"frame":3,"values":[0.5107,0.6546,0.5574,0,-0.3211,0.7466,-0.5826,0,-0.7976,0.1186,0.5915,0,27.5147,0,0,1]},
{"frame":4,"values":[0.5453,0.5894,0.596,0,-0.2612,0.7951,-0.5474,0,-0.7965,0.1428,0.5875,0,27.5147,0,0,1]},
{"frame":5,"values":[0.535,0.5648,0.6284,0,-0.198,0.8068,-0.5566,0,-0.8214,0.1734,0.5434,0,27.5147,0,0,1]},
{"frame":6,"values":[0.5264,0.5646,0.6357,0,-0.1888,0.8066,-0.5601,0,-0.829,0.1748,0.5312,0,27.5147,0,0,1]},
{"frame":7,"values":[0.5324,0.6121,0.5847,0,-0.2686,0.7772,-0.5691,0,-0.8027,0.146,0.5782,0,27.5147,0,0,1]},
{"frame":8,"values":[0.5206,0.6886,0.5048,0,-0.3913,0.7179,-0.5757,0,-0.7588,0.1021,0.6432,0,27.5147,0,0,1]},
{"frame":9,"values":[0.5085,0.719,0.4739,0,-0.4405,0.6901,-0.5743,0,-0.7399,0.0833,0.6676,0,27.5147,0,0,1]},
{"frame":10,"values":[0.5218,0.6877,0.5049,0,-0.4211,0.7223,-0.5486,0,-0.7419,0.0737,0.6664,0,27.5147,0,0,1]},
{"frame":11,"values":[0.5713,0.6401,0.5137,0,-0.3835,0.7615,-0.5225,0,-0.7257,0.1014,0.6805,0,27.5147,0,0,1]},
{"frame":12,"values":[0.6157,0.6051,0.5047,0,-0.3495,0.7838,-0.5134,0,-0.7062,0.1398,0.694,0,27.5147,0,0,1]},
{"frame":13,"values":[0.6084,0.5839,0.5375,0,-0.2931,0.7947,-0.5315,0,-0.7376,0.1658,0.6546,0,27.5147,0,0,1]},
{"frame":14,"values":[0.5983,0.5781,0.5549,0,-0.2341,0.7884,-0.5689,0,-0.7663,0.2104,0.607,0,27.5147,0,0,1]},
{"frame":15,"values":[0.6421,0.6131,0.4603,0,-0.2649,0.7408,-0.6173,0,-0.7194,0.2744,0.6381,0,27.5147,0,0,1]},
{"frame":16,"values":[0.6567,0.6995,0.282,0,-0.3694,0.6243,-0.6883,0,-0.6575,0.3478,0.6683,0,27.5147,0,0,1]},
{"frame":17,"values":[0.6615,0.7042,0.2579,0,-0.3955,0.6198,-0.6778,0,-0.6372,0.3464,0.6885,0,27.5147,0,0,1]},
{"frame":18,"values":[0.6941,0.664,0.278,0,-0.3863,0.6694,-0.6345,0,-0.6075,0.333,0.7212,0,27.5147,0,0,1]},
{"frame":19,"values":[0.6742,0.6867,0.2717,0,-0.394,0.6456,-0.6542,0,-0.6247,0.334,0.7058,0,27.5147,0,0,1]},
{"frame":20,"values":[0.6158,0.7179,0.3247,0,-0.3739,0.6291,-0.6815,0,-0.6935,0.2983,0.6558,0,27.5147,0,0,1]},
{"frame":21,"values":[0.6392,0.6671,0.3826,0,-0.3191,0.6827,-0.6573,0,-0.6997,0.2981,0.6493,0,27.5147,0,0,1]}],"loopBehavior":1,"name":"anim","property":"_matrix"}},
{"name":"LeftHandThumb1","index":11,"matrix":[0.9858,0.1671,0.0182,0,-0.1681,0.9815,0.0914,0,-0.0026,-0.0932,0.9956,0,4.2092,-0.2988,5.1387,1],"rest":[1,0.0002,0.0002,0,-0.0002,1,-0.0002,0,-0.0002,0.0002,1,0,4.2092,-0.2988,5.1387,1],"parentBoneIndex":10,"length":1.9313
,"animation":{"dataType":3,"framePerSecond":24,"keys":[
{"frame":1,"values":[0.9858,0.1671,0.0182,0,-0.1681,0.9815,0.0914,0,-0.0026,-0.0932,0.9956,0,4.2092,-0.2988,5.1387,1]},
{"frame":6,"values":[0.98,0.1917,0.0538,0,-0.1937,0.9805,0.0339,0,-0.0462,-0.0436,0.998,0,4.2092,-0.2988,5.1387,1]},
{"frame":7,"values":[0.9614,0.2455,0.1245,0,-0.234,0.9671,-0.1003,0,-0.145,0.0673,0.9871,0,4.2092,-0.2988,5.1387,1]},
{"frame":8,"values":[0.9588,0.2516,0.1319,0,-0.2372,0.9645,-0.1161,0,-0.1564,0.0801,0.9844,0,4.2092,-0.2988,5.1387,1]},
{"frame":13,"values":[0.9637,0.2398,0.1174,0,-0.2308,0.9692,-0.0855,0,-0.1343,0.0553,0.9894,0,4.2092,-0.2988,5.1387,1]},
{"frame":14,"values":[0.9782,0.1981,0.0626,0,-0.1996,0.9797,0.0188,0,-0.0576,-0.0309,0.9979,0,4.2092,-0.2988,5.1387,1]},
{"frame":15,"values":[0.9855,0.1685,0.0203,0,-0.1697,0.9815,0.0882,0,-0.0051,-0.0904,0.9959,0,4.2092,-0.2988,5.1387,1]},
{"frame":16,"values":[0.9858,0.1671,0.0182,0,-0.1681,0.9815,0.0914,0,-0.0026,-0.0932,0.9956,0,4.2092,-0.2988,5.1387,1]},
{"frame":21,"values":[0.9858,0.1671,0.0182,0,-0.1681,0.9815,0.0914,0,-0.0026,-0.0932,0.9956,0,4.2092,-0.2988,5.1387,1]}],"loopBehavior":1,"name":"anim","property":"_matrix"}},
{"name":"LeftHandThumb2","index":12,"matrix":[0.8966,0.14,-0.4201,0,-0.1216,0.9901,0.0705,0,0.4258,-0.0121,0.9047,0,1.496,-0.8637,0.8637,1],"rest":[0.9982,0.052,0.0284,0,-0.0507,0.9976,-0.0475,0,-0.0308,0.046,0.9985,0,1.496,-0.8637,0.8637,1],"parentBoneIndex":11,"length":2.3416
,"animation":{"dataType":3,"framePerSecond":24,"keys":[
{"frame":1,"values":[0.8966,0.14,-0.4201,0,-0.1216,0.9901,0.0705,0,0.4258,-0.0121,0.9047,0,1.496,-0.8637,0.8637,1]},
{"frame":6,"values":[0.9465,0.1087,-0.3038,0,-0.108,0.994,0.0193,0,0.304,0.0145,0.9526,0,1.496,-0.8637,0.8637,1]},
{"frame":7,"values":[0.9982,0.0532,-0.0284,0,-0.0554,0.9949,-0.0845,0,0.0237,0.0859,0.996,0,1.496,-0.8637,0.8637,1]},
{"frame":8,"values":[0.9988,0.0483,0.0032,0,-0.0478,0.9943,-0.0949,0,-0.0078,0.0946,0.9955,0,1.496,-0.8637,0.8637,1]},
{"frame":13,"values":[0.9966,0.0582,-0.0587,0,-0.0624,0.9953,-0.0741,0,0.0541,0.0775,0.9955,0,1.496,-0.8637,0.8637,1]},
{"frame":14,"values":[0.9567,0.1013,-0.2728,0,-0.1034,0.9946,0.0065,0,0.272,0.022,0.962,0,1.496,-0.8637,0.8637,1]},
{"frame":15,"values":[0.8999,0.1381,-0.4137,0,-0.121,0.9904,0.0675,0,0.419,-0.0107,0.9079,0,1.496,-0.8637,0.8637,1]},
{"frame":16,"values":[0.8966,0.14,-0.4201,0,-0.1216,0.9901,0.0705,0,0.4258,-0.0121,0.9047,0,1.496,-0.8637,0.8637,1]},
{"frame":21,"values":[0.8966,0.14,-0.4201,0,-0.1216,0.9901,0.0705,0,0.4258,-0.0121,0.9047,0,1.496,-0.8637,0.8637,1]}],"loopBehavior":1,"name":"anim","property":"_matrix"}},
{"name":"LeftHandThumb3","index":13,"matrix":[0.9555,-0.0086,-0.2948,0,0.0433,0.9928,0.1115,0,0.2917,-0.1193,0.949,0,1.7859,-1.1863,0.9415,1],"rest":[0.9982,-0.0507,-0.0308,0,0.052,0.9976,0.046,0,0.0284,-0.0475,0.9985,0,1.7859,-1.1863,0.9415,1],"parentBoneIndex":12,"length":4.3787
,"animation":{"dataType":3,"framePerSecond":24,"keys":[
{"frame":1,"values":[0.9555,-0.0086,-0.2948,0,0.0433,0.9928,0.1115,0,0.2917,-0.1193,0.949,0,1.7859,-1.1863,0.9415,1]},
{"frame":6,"values":[0.9673,-0.0231,-0.2526,0,0.0496,0.9939,0.0989,0,0.2487,-0.1082,0.9625,0,1.7859,-1.1863,0.9415,1]},
{"frame":7,"values":[0.9861,-0.0532,-0.1576,0,0.0652,0.9953,0.0722,0,0.153,-0.0815,0.9849,0,1.7859,-1.1863,0.9415,1]},
{"frame":8,"values":[0.9876,-0.0564,-0.1465,0,0.0672,0.9953,0.0693,0,0.1419,-0.0782,0.9868,0,1.7859,-1.1863,0.9415,1]},
{"frame":13,"values":[0.9845,-0.0501,-0.1679,0,0.0634,0.9952,0.075,0,0.1633,-0.0845,0.983,0,1.7859,-1.1863,0.9415,1]},
{"frame":14,"values":[0.97,-0.0267,-0.2416,0,0.0513,0.9941,0.0957,0,0.2376,-0.1052,0.9656,0,1.7859,-1.1863,0.9415,1]},
{"frame":15,"values":[0.9563,-0.0094,-0.2924,0,0.0437,0.9929,0.1108,0,0.2893,-0.1187,0.9499,0,1.7859,-1.1863,0.9415,1]},
{"frame":16,"values":[0.9555,-0.0086,-0.2948,0,0.0433,0.9928,0.1115,0,0.2917,-0.1193,0.949,0,1.7859,-1.1863,0.9415,1]},
{"frame":21,"values":[0.9555,-0.0086,-0.2948,0,0.0433,0.9928,0.1115,0,0.2917,-0.1193,0.949,0,1.7859,-1.1863,0.9415,1]}],"loopBehavior":1,"name":"anim","property":"_matrix"}},
{"name":"LeftHandThumb4","index":14,"matrix":[1,0,0,0,0,1,0,0,0,0,1,0,3.3918,-1.9582,1.9582,1],"rest":[1,0,0,0,0,1,0,0,0,0,1,0,3.3918,-1.9582,1.9582,1],"parentBoneIndex":13,"length":4.3787
,"animation":{"dataType":3,"framePerSecond":24,"keys":[
{"frame":1,"values":[1,0,0,0,0,1,0,0,0,0,1,0,3.3918,-1.9582,1.9582,1]},
{"frame":21,"values":[1,0,0,0,0,1,0,0,0,0,1,0,3.3918,-1.9582,1.9582,1]}],"loopBehavior":1,"name":"anim","property":"_matrix"}},
{"name":"LeftHandIndex1","index":15,"matrix":[0.9414,-0.3374,-0.0041,0,0.3371,0.941,-0.0308,0,0.0142,0.0276,0.9995,0,11.0606,-0.132,2.3806,1],"rest":[1,0,0,0,0,1,0,0,0,0,1,0,11.0606,-0.132,2.3806,1],"parentBoneIndex":10,"length":2.4579
,"animation":{"dataType":3,"framePerSecond":24,"keys":[
{"frame":1,"values":[0.9414,-0.3374,-0.0041,0,0.3371,0.941,-0.0308,0,0.0142,0.0276,0.9995,0,11.0606,-0.132,2.3806,1]},
{"frame":2,"values":[0.8584,-0.5126,-0.0174,0,0.5119,0.8584,-0.0329,0,0.0318,0.0193,0.9993,0,11.0606,-0.132,2.3806,1]},
{"frame":3,"values":[0.7506,-0.6601,-0.0295,0,0.6591,0.7511,-0.0371,0,0.0467,0.0085,0.9989,0,11.0606,-0.132,2.3806,1]},
{"frame":6,"values":[0.9001,-0.4321,0.055,0,0.4316,0.9018,0.0227,0,-0.0594,0.0033,0.9982,0,11.0606,-0.132,2.3806,1]},
{"frame":7,"values":[0.9588,0.149,0.2421,0,-0.184,0.9744,0.1289,0,-0.2166,-0.1682,0.9617,0,11.0606,-0.132,2.3806,1]},
{"frame":8,"values":[0.9409,0.2138,0.2627,0,-0.2561,0.9566,0.1387,0,-0.2216,-0.1978,0.9549,0,11.0606,-0.132,2.3806,1]},
{"frame":13,"values":[0.9711,0.087,0.2224,0,-0.1157,0.9861,0.1194,0,-0.2089,-0.1416,0.9676,0,11.0606,-0.132,2.3806,1]},
{"frame":14,"values":[0.9267,-0.3677,0.0776,0,0.366,0.9299,0.0361,0,-0.0854,-0.005,0.9963,0,11.0606,-0.132,2.3806,1]},
{"frame":15,"values":[0.7609,-0.6483,-0.0247,0,0.6475,0.7613,-0.0336,0,0.0406,0.0096,0.9991,0,11.0606,-0.132,2.3806,1]},
{"frame":16,"values":[0.7506,-0.6601,-0.0295,0,0.6591,0.7511,-0.0371,0,0.0467,0.0085,0.9989,0,11.0606,-0.132,2.3806,1]},
{"frame":19,"values":[0.767,-0.6411,-0.0279,0,0.6401,0.7674,-0.0364,0,0.0447,0.0101,0.9989,0,11.0606,-0.132,2.3806,1]},
{"frame":20,"values":[0.8814,-0.4722,-0.0143,0,0.4716,0.8812,-0.0321,0,0.0278,0.0216,0.9994,0,11.0606,-0.132,2.3806,1]},
{"frame":21,"values":[0.9414,-0.3374,-0.0041,0,0.3371,0.941,-0.0308,0,0.0142,0.0276,0.9995,0,11.0606,-0.132,2.3806,1]}],"loopBehavior":1,"name":"anim","property":"_matrix"}},
{"name":"LeftHandIndex2","index":16,"matrix":[0.9319,-0.3592,-0.0507,0,0.3591,0.9332,-0.0114,0,0.0514,-0.0076,0.9986,0,2.4579,0,0,1],"rest":[1,0,-0.0017,0,0,1,0,0,0.0017,0,1,0,2.4579,0,0,1],"parentBoneIndex":15,"length":3.0022
,"animation":{"dataType":3,"framePerSecond":24,"keys":[
{"frame":1,"values":[0.9319,-0.3592,-0.0507,0,0.3591,0.9332,-0.0114,0,0.0514,-0.0076,0.9986,0,2.4579,0,0,1]},
{"frame":2,"values":[0.708,-0.7014,-0.0821,0,0.701,0.7121,-0.0384,0,0.0854,-0.0304,0.9959,0,2.4579,0,0,1]},
{"frame":3,"values":[0.3871,-0.9167,-0.0994,0,0.9159,0.3947,-0.0733,0,0.1064,-0.0626,0.9923,0,2.4579,0,0,1]},
{"frame":6,"values":[0.6654,-0.7415,-0.0856,0,0.7411,0.67,-0.0432,0,0.0893,-0.0347,0.9954,0,2.4579,0,0,1]},
{"frame":7,"values":[0.9931,-0.1138,-0.0268,0,0.1137,0.9935,-0.0019,0,0.0269,-0.0012,0.9996,0,2.4579,0,0,1]},
{"frame":8,"values":[0.9993,-0.0314,-0.0186,0,0.0314,0.9995,-0.0002,0,0.0186,-0.0004,0.9998,0,2.4579,0,0,1]},
{"frame":13,"values":[0.9811,-0.1903,-0.0344,0,0.1903,0.9817,-0.0042,0,0.0345,-0.0025,0.9994,0,2.4579,0,0,1]},
{"frame":14,"values":[0.7262,-0.6828,-0.0805,0,0.6824,0.7301,-0.0363,0,0.0835,-0.0286,0.9961,0,2.4579,0,0,1]},
{"frame":15,"values":[0.4045,-0.9092,-0.0989,0,0.9084,0.4119,-0.0715,0,0.1057,-0.0609,0.9925,0,2.4579,0,0,1]},
{"frame":16,"values":[0.3871,-0.9167,-0.0994,0,0.9159,0.3947,-0.0733,0,0.1064,-0.0626,0.9923,0,2.4579,0,0,1]},
{"frame":19,"values":[0.4358,-0.8947,-0.0978,0,0.894,0.4429,-0.0682,0,0.1043,-0.0578,0.9929,0,2.4579,0,0,1]},
{"frame":20,"values":[0.7742,-0.6284,-0.0757,0,0.6281,0.7776,-0.0308,0,0.0782,-0.0237,0.9967,0,2.4579,0,0,1]},
{"frame":21,"values":[0.9319,-0.3592,-0.0507,0,0.3591,0.9332,-0.0114,0,0.0514,-0.0076,0.9986,0,2.4579,0,0,1]}],"loopBehavior":1,"name":"anim","property":"_matrix"}},
{"name":"LeftHandIndex3","index":17,"matrix":[0.9968,0.0786,0.0123,0,-0.0786,0.9969,-0.0008,0,-0.0124,-0.0002,0.9999,0,3.0022,0,0.005,1],"rest":[1,0.009,0.0017,0,-0.009,1,0,0,-0.0017,0,1,0,3.0022,0,0.005,1],"parentBoneIndex":16,"length":4.3809
,"animation":{"dataType":3,"framePerSecond":24,"keys":[
{"frame":1,"values":[0.9968,0.0786,0.0123,0,-0.0786,0.9969,-0.0008,0,-0.0124,-0.0002,0.9999,0,3.0022,0,0.005,1]},
{"frame":2,"values":[0.9987,-0.0501,-0.0006,0,0.0501,0.9987,-0.0004,0,0.0006,0.0004,1,0,3.0022,0,0.005,1]},
{"frame":3,"values":[0.9852,-0.1707,-0.0127,0,0.1707,0.9853,-0.0016,0,0.0128,-0.0006,0.9999,0,3.0022,0,0.005,1]},
{"frame":6,"values":[0.9928,-0.1193,-0.0075,0,0.1193,0.9929,-0.0009,0,0.0076,0,1,0,3.0022,0,0.005,1]},
{"frame":7,"values":[1,-0.0054,0.0039,0,0.0054,1,-0.0004,0,-0.0039,0.0004,1,0,3.0022,0,0.005,1]},
{"frame":8,"values":[1,0.0076,0.0052,0,-0.0076,1,-0.0004,0,-0.0052,0.0003,1,0,3.0022,0,0.005,1]},
{"frame":13,"values":[0.9998,-0.0177,0.0027,0,0.0177,0.9998,-0.0004,0,-0.0027,0.0004,1,0,3.0022,0,0.005,1]},
{"frame":14,"values":[0.9943,-0.1061,-0.0062,0,0.1061,0.9944,-0.0008,0,0.0063,0.0001,1,0,3.0022,0,0.005,1]},
{"frame":15,"values":[0.9858,-0.1677,-0.0124,0,0.1677,0.9858,-0.0015,0,0.0125,-0.0006,0.9999,0,3.0022,0,0.005,1]},
{"frame":16,"values":[0.9852,-0.1707,-0.0127,0,0.1707,0.9853,-0.0016,0,0.0128,-0.0006,0.9999,0,3.0022,0,0.005,1]},
{"frame":19,"values":[0.988,-0.1542,-0.0111,0,0.1542,0.988,-0.0013,0,0.0111,-0.0004,0.9999,0,3.0022,0,0.005,1]},
{"frame":20,"values":[0.9998,-0.0193,0.0025,0,0.0193,0.9998,-0.0004,0,-0.0025,0.0004,1,0,3.0022,0,0.005,1]},
{"frame":21,"values":[0.9968,0.0786,0.0123,0,-0.0786,0.9969,-0.0008,0,-0.0124,-0.0002,0.9999,0,3.0022,0,0.005,1]}],"loopBehavior":1,"name":"anim","property":"_matrix"}},
{"name":"LeftHandIndex4","index":18,"matrix":[1,0,0,0,0,1,0,0,0,0,1,0,4.3807,-0.0396,0,1],"rest":[1,0,0,0,0,1,0,0,0,0,1,0,4.3807,-0.0396,0,1],"parentBoneIndex":17,"length":4.3809
,"animation":{"dataType":3,"framePerSecond":24,"keys":[
{"frame":1,"values":[1,0,0,0,0,1,0,0,0,0,1,0,4.3807,-0.0396,0,1]},
{"frame":21,"values":[1,0,0,0,0,1,0,0,0,0,1,0,4.3807,-0.0396,0,1]}],"loopBehavior":1,"name":"anim","property":"_matrix"}},
{"name":"LeftHandMiddle1","index":19,"matrix":[0.8944,-0.4321,-0.1152,0,0.4295,0.9018,-0.0475,0,0.1244,-0.007,0.9922,0,11.0246,0,0,1],"rest":[1,0,0,0,0,1,0,0,0,0,1,0,11.0246,0,0,1],"parentBoneIndex":10,"length":3.1154
,"animation":{"dataType":3,"framePerSecond":24,"keys":[
{"frame":1,"values":[0.8944,-0.4321,-0.1152,0,0.4295,0.9018,-0.0475,0,0.1244,-0.007,0.9922,0,11.0246,0,0,1]},
{"frame":2,"values":[0.7925,-0.5973,-0.123,0,0.5929,0.8019,-0.0736,0,0.1426,-0.0146,0.9897,0,11.0246,0,0,1]},
{"frame":3,"values":[0.669,-0.7325,-0.126,0,0.7261,0.6803,-0.0992,0,0.1584,-0.0251,0.9871,0,11.0246,0,0,1]},
