{"producer":{"name":"Blender","version":"2.90.0","exporter_version":"2.80.1","file":"option_clap.babylon"},
"autoClear":true,"clearColor":[0.0509,0.0509,0.0509],"gravity":[0,-9.81,0],
"materials":[{"name":"Material","id":"Material","customType":"BABYLON.PBRMaterial","backFaceCulling":true,"checkReadyOnlyOnce":false,"maxSimultaneousLights":4,"environmentIntensity":1,"albedo":[0.8,0.8,0.8],"reflectivity":[0.5,0.5,0.5],"roughness":0.4,"alpha":1,"transparencyMode":0,"alphaCutOff":0.4,"metallic":0}],
"multiMaterials":[],
"skeletons":[{"name":"Armature","id":0,"dimensionsAtRest":[177.7018,230.6614,27.1405],"bones":[
{"name":"Hips","index":0,"matrix":[0.9992,0.0054,-0.0408,0,-0.0036,0.999,0.0441,0,-0.0409,0.0439,-0.9982,0,-0.2325,109.3506,0.324,1],"rest":[1,0,0,0,0,1,0,0,0,0,-1,0,0,113.0334,0,1],"parentBoneIndex":-1,"length":12.9876
,"animation":{"dataType":3,"framePerSecond":24,"keys":[
{"frame":1,"values":[0.9992,0.0054,-0.0408,0,-0.0036,0.999,0.0441,0,-0.0409,0.0439,-0.9982,0,-0.2325,109.3506,0.324,1]},
{"frame":2,"values":[0.9993,0.0068,-0.038,0,-0.0051,0.999,0.0438,0,-0.0382,0.0436,-0.9983,0,-0.1788,109.3503,0.3518,1]},
{"frame":3,"values":[0.9993,0.0074,-0.0369,0,-0.0058,0.9991,0.0432,0,-0.0372,0.0429,-0.9984,0,-0.1555,109.3641,0.3995,1]},
{"frame":4,"values":[0.9992,0.0071,-0.039,0,-0.0055,0.9991,0.0421,0,-0.0393,0.0418,-0.9984,0,-0.1454,109.3737,0.4494,1]},
{"frame":5,"values":[0.999,0.0064,-0.0438,0,-0.0047,0.9992,0.0406,0,-0.044,0.0404,-0.9982,0,-0.148,109.3653,0.4471,1]},
{"frame":6,"values":[0.9988,0.0059,-0.0485,0,-0.0041,0.9992,0.0387,0,-0.0487,0.0385,-0.9981,0,-0.1664,109.3439,0.353,1]},
{"frame":7,"values":[0.9987,0.0058,-0.0507,0,-0.004,0.9993,0.0364,0,-0.0509,0.0362,-0.9981,0,-0.1684,109.3245,0.2186,1]},
{"frame":8,"values":[0.9988,0.0065,-0.0489,0,-0.0046,0.9993,0.0374,0,-0.0491,0.0372,-0.9981,0,-0.1419,109.3289,0.1748,1]},
{"frame":9,"values":[0.999,0.0078,-0.0435,0,-0.006,0.9991,0.0421,0,-0.0437,0.0418,-0.9982,0,-0.1204,109.3534,0.2224,1]},
{"frame":10,"values":[0.9993,0.0091,-0.0368,0,-0.0074,0.9989,0.0459,0,-0.0372,0.0456,-0.9983,0,-0.1215,109.3784,0.2581,1]},
{"frame":11,"values":[0.9994,0.0093,-0.0333,0,-0.0077,0.9989,0.0462,0,-0.0336,0.0459,-0.9984,0,-0.1299,109.3883,0.2503,1]},
{"frame":12,"values":[0.9994,0.0084,-0.0347,0,-0.0069,0.9989,0.0453,0,-0.0351,0.0451,-0.9984,0,-0.1402,109.3738,0.2231,1]},
{"frame":13,"values":[0.9992,0.0075,-0.0394,0,-0.0058,0.999,0.044,0,-0.0397,0.0437,-0.9983,0,-0.1724,109.3485,0.1538,1]},
{"frame":14,"values":[0.999,0.0067,-0.0438,0,-0.0048,0.9991,0.0421,0,-0.0441,0.0418,-0.9982,0,-0.2191,109.3291,0.0813,1]},
{"frame":15,"values":[0.9989,0.0053,-0.0459,0,-0.0036,0.9992,0.0388,0,-0.046,0.0386,-0.9982,0,-0.2399,109.3219,0.0903,1]},
{"frame":16,"values":[0.999,0.0044,-0.0438,0,-0.0028,0.9993,0.0366,0,-0.0439,0.0364,-0.9984,0,-0.2327,109.3236,0.1858,1]},
{"frame":17,"values":[0.9993,0.0048,-0.0383,0,-0.0034,0.9993,0.0373,0,-0.0384,0.0371,-0.9986,0,-0.2313,109.3345,0.2628,1]},
{"frame":18,"values":[0.9994,0.0056,-0.0339,0,-0.0043,0.9993,0.0384,0,-0.0341,0.0382,-0.9987,0,-0.24,109.3579,0.2729,1]},
{"frame":19,"values":[0.9994,0.006,-0.033,0,-0.0048,0.9992,0.0385,0,-0.0332,0.0383,-0.9987,0,-0.2464,109.3733,0.2557,1]},
{"frame":20,"values":[0.9994,0.0061,-0.0343,0,-0.0048,0.9993,0.0383,0,-0.0346,0.0381,-0.9987,0,-0.2465,109.3657,0.2414,1]},
{"frame":21,"values":[0.9993,0.006,-0.0368,0,-0.0046,0.9993,0.038,0,-0.037,0.0378,-0.9986,0,-0.2444,109.3461,0.2204,1]},
{"frame":22,"values":[0.9992,0.0059,-0.0394,0,-0.0044,0.9993,0.0376,0,-0.0396,0.0374,-0.9985,0,-0.2426,109.3305,0.1903,1]},
{"frame":23,"values":[0.9991,0.0058,-0.0414,0,-0.0042,0.9993,0.0377,0,-0.0416,0.0375,-0.9984,0,-0.2404,109.3259,0.1703,1]},
{"frame":24,"values":[0.9991,0.0057,-0.0423,0,-0.0041,0.9992,0.0386,0,-0.0425,0.0384,-0.9984,0,-0.2383,109.3327,0.1748,1]},
{"frame":25,"values":[0.9991,0.0056,-0.0423,0,-0.0039,0.9992,0.0399,0,-0.0425,0.0397,-0.9983,0,-0.2361,109.3496,0.2007,1]},
{"frame":26,"values":[0.9991,0.0055,-0.0419,0,-0.0038,0.9991,0.0413,0,-0.0421,0.0411,-0.9983,0,-0.2348,109.3647,0.2391,1]},
{"frame":27,"values":[0.9991,0.0055,-0.0414,0,-0.0037,0.9991,0.0427,0,-0.0416,0.0425,-0.9982,0,-0.234,109.3661,0.2792,1]},
{"frame":28,"values":[0.9991,0.0054,-0.041,0,-0.0037,0.999,0.0437,0,-0.0412,0.0435,-0.9982,0,-0.233,109.3565,0.31,1]},
{"frame":29,"values":[0.9992,0.0054,-0.0408,0,-0.0036,0.999,0.0441,0,-0.0409,0.0439,-0.9982,0,-0.2325,109.3506,0.324,1]}],"loopBehavior":1,"name":"anim","property":"_matrix"}},
{"name":"Spine","index":1,"matrix":[0.9995,-0.0302,0.003,0,0.0302,0.9995,-0.0026,0,-0.0029,0.0027,1,0,0,7.2445,0.6334,1],"rest":[1,0,0,0,0,1,0,0,0,0,1,0,0,7.2445,0.6334,1],"parentBoneIndex":0,"length":7.4267
,"animation":{"dataType":3,"framePerSecond":24,"keys":[
{"frame":1,"values":[0.9995,-0.0302,0.003,0,0.0302,0.9995,-0.0026,0,-0.0029,0.0027,1,0,0,7.2445,0.6334,1]},
{"frame":2,"values":[0.9994,-0.033,0.0037,0,0.033,0.9994,-0.0042,0,-0.0035,0.0043,1,0,0,7.2445,0.6334,1]},
{"frame":3,"values":[0.9994,-0.0352,0.0044,0,0.0353,0.9994,-0.006,0,-0.0042,0.0062,1,0,0,7.2445,0.6334,1]},
{"frame":4,"values":[0.9993,-0.0358,0.0046,0,0.0358,0.9993,-0.0074,0,-0.0043,0.0076,1,0,0,7.2445,0.6334,1]},
{"frame":5,"values":[0.9994,-0.0342,0.0042,0,0.0343,0.9994,-0.0077,0,-0.0039,0.0078,1,0,0,7.2445,0.6334,1]},
{"frame":6,"values":[0.9995,-0.0317,0.0033,0,0.0317,0.9995,-0.0067,0,-0.0031,0.0068,1,0,0,7.2445,0.6334,1]},
{"frame":7,"values":[0.9995,-0.0308,0.0021,0,0.0308,0.9995,-0.0055,0,-0.002,0.0055,1,0,0,7.2445,0.6334,1]},
{"frame":8,"values":[0.9995,-0.0327,0.0012,0,0.0327,0.9995,-0.0049,0,-0.001,0.005,1,0,0,7.2445,0.6334,1]},
{"frame":9,"values":[0.9994,-0.0355,0.001,0,0.0355,0.9994,-0.0052,0,-0.0008,0.0052,1,0,0,7.2445,0.6334,1]},
{"frame":10,"values":[0.9993,-0.0376,0.0017,0,0.0376,0.9993,-0.0067,0,-0.0014,0.0068,1,0,0,7.2445,0.6334,1]},
{"frame":11,"values":[0.9993,-0.0382,0.0029,0,0.0382,0.9992,-0.0088,0,-0.0026,0.0089,1,0,0,7.2445,0.6334,1]},
{"frame":12,"values":[0.9993,-0.0369,0.0036,0,0.037,0.9993,-0.0094,0,-0.0033,0.0095,0.9999,0,0,7.2445,0.6334,1]},
{"frame":13,"values":[0.9994,-0.0342,0.0029,0,0.0342,0.9994,-0.0082,0,-0.0027,0.0083,1,0,0,7.2445,0.6334,1]},
{"frame":14,"values":[0.9995,-0.032,0.0013,0,0.032,0.9995,-0.0074,0,-0.0011,0.0074,1,0,0,7.2445,0.6334,1]},
{"frame":15,"values":[0.9995,-0.0316,0.0005,0,0.0317,0.9995,-0.0084,0,-0.0003,0.0084,1,0,0,7.2445,0.6334,1]},
{"frame":16,"values":[0.9995,-0.0325,0.0016,0,0.0325,0.9994,-0.01,0,-0.0013,0.0101,0.9999,0,0,7.2445,0.6334,1]},
{"frame":17,"values":[0.9994,-0.0334,0.0035,0,0.0335,0.9994,-0.011,0,-0.0032,0.0111,0.9999,0,0,7.2445,0.6334,1]},
{"frame":18,"values":[0.9994,-0.0347,0.0047,0,0.0347,0.9993,-0.0121,0,-0.0043,0.0123,0.9999,0,0,7.2445,0.6334,1]},
{"frame":19,"values":[0.9993,-0.0359,0.0048,0,0.0359,0.9993,-0.0129,0,-0.0043,0.0131,0.9999,0,0,7.2445,0.6334,1]},
{"frame":20,"values":[0.9994,-0.0351,0.0044,0,0.0352,0.9993,-0.012,0,-0.004,0.0122,0.9999,0,0,7.2445,0.6334,1]},
{"frame":21,"values":[0.9995,-0.0322,0.004,0,0.0323,0.9994,-0.0101,0,-0.0037,0.0102,0.9999,0,0,7.2445,0.6334,1]},
{"frame":22,"values":[0.9996,-0.0297,0.0036,0,0.0297,0.9995,-0.0085,0,-0.0033,0.0086,1,0,0,7.2445,0.6334,1]},
{"frame":23,"values":[0.9995,-0.0299,0.0031,0,0.0299,0.9995,-0.0073,0,-0.0029,0.0074,1,0,0,7.2445,0.6334,1]},
{"frame":24,"values":[0.9995,-0.0325,0.0029,0,0.0325,0.9994,-0.0065,0,-0.0027,0.0066,1,0,0,7.2445,0.6334,1]},
{"frame":25,"values":[0.9994,-0.0349,0.0036,0,0.035,0.9994,-0.0072,0,-0.0033,0.0074,1,0,0,7.2445,0.6334,1]},
{"frame":26,"values":[0.9994,-0.0354,0.0049,0,0.0354,0.9993,-0.0086,0,-0.0046,0.0087,1,0,0,7.2445,0.6334,1]},
{"frame":27,"values":[0.9994,-0.034,0.0052,0,0.0341,0.9994,-0.0078,0,-0.0049,0.008,1,0,0,7.2445,0.6334,1]},
{"frame":28,"values":[0.9995,-0.0318,0.004,0,0.0319,0.9995,-0.005,0,-0.0039,0.0051,1,0,0,7.2445,0.6334,1]},
{"frame":29,"values":[0.9995,-0.0302,0.003,0,0.0302,0.9995,-0.0026,0,-0.0029,0.0027,1,0,0,7.2445,0.6334,1]}],"loopBehavior":1,"name":"anim","property":"_matrix"}},
{"name":"Spine1","index":2,"matrix":[0.9998,-0.0084,0.0186,0,0.008,0.9997,0.0212,0,-0.0188,-0.0211,0.9996,0,0,7.425,0.1598,1],"rest":[1,0,0,0,0,1,0,0,0,0,1,0,0,7.425,0.1598,1],"parentBoneIndex":1,"length":8.6299
,"animation":{"dataType":3,"framePerSecond":24,"keys":[
{"frame":1,"values":[0.9998,-0.0084,0.0186,0,0.008,0.9997,0.0212,0,-0.0188,-0.0211,0.9996,0,0,7.425,0.1598,1]},
{"frame":2,"values":[0.9997,-0.0136,0.0206,0,0.0132,0.9997,0.0201,0,-0.0209,-0.0198,0.9996,0,0,7.425,0.1598,1]},
{"frame":3,"values":[0.9996,-0.0169,0.0227,0,0.0165,0.9997,0.0179,0,-0.023,-0.0175,0.9996,0,0,7.425,0.1598,1]},
{"frame":4,"values":[0.9996,-0.017,0.0234,0,0.0166,0.9997,0.0159,0,-0.0237,-0.0155,0.9996,0,0,7.425,0.1598,1]},
{"frame":5,"values":[0.9996,-0.0147,0.0225,0,0.0143,0.9998,0.0148,0,-0.0227,-0.0145,0.9996,0,0,7.425,0.1598,1]},
{"frame":6,"values":[0.9997,-0.012,0.0199,0,0.0118,0.9998,0.0145,0,-0.02,-0.0143,0.9997,0,0,7.425,0.1598,1]},
{"frame":7,"values":[0.9998,-0.0118,0.0167,0,0.0115,0.9998,0.0146,0,-0.0168,-0.0144,0.9998,0,0,7.425,0.1598,1]},
{"frame":8,"values":[0.9998,-0.0143,0.0148,0,0.014,0.9998,0.0158,0,-0.015,-0.0155,0.9998,0,0,7.425,0.1598,1]},
{"frame":9,"values":[0.9997,-0.018,0.0152,0,0.0177,0.9997,0.0174,0,-0.0155,-0.0171,0.9997,0,0,7.425,0.1598,1]},
{"frame":10,"values":[0.9996,-0.0212,0.0175,0,0.0209,0.9996,0.0166,0,-0.0178,-0.0163,0.9997,0,0,7.425,0.1598,1]},
{"frame":11,"values":[0.9995,-0.0228,0.0204,0,0.0225,0.9996,0.0141,0,-0.0207,-0.0136,0.9997,0,0,7.425,0.1598,1]},
{"frame":12,"values":[0.9995,-0.0223,0.0217,0,0.0221,0.9997,0.013,0,-0.022,-0.0125,0.9997,0,0,7.425,0.1598,1]},
{"frame":13,"values":[0.9996,-0.0205,0.0197,0,0.0202,0.9997,0.0136,0,-0.02,-0.0132,0.9997,0,0,7.425,0.1598,1]},
{"frame":14,"values":[0.9997,-0.0185,0.0154,0,0.0183,0.9997,0.0131,0,-0.0157,-0.0128,0.9998,0,0,7.425,0.1598,1]},
{"frame":15,"values":[0.9998,-0.0166,0.0133,0,0.0165,0.9998,0.0106,0,-0.0135,-0.0104,0.9999,0,0,7.425,0.1598,1]},
{"frame":16,"values":[0.9998,-0.0153,0.0156,0,0.0152,0.9998,0.0088,0,-0.0157,-0.0085,0.9998,0,0,7.425,0.1598,1]},
{"frame":17,"values":[0.9997,-0.0154,0.0199,0,0.0152,0.9998,0.0085,0,-0.02,-0.0082,0.9998,0,0,7.425,0.1598,1]},
{"frame":18,"values":[0.9996,-0.0162,0.023,0,0.016,0.9998,0.0075,0,-0.0231,-0.0071,0.9997,0,0,7.425,0.1598,1]},
{"frame":19,"values":[0.9996,-0.0169,0.0238,0,0.0168,0.9998,0.0064,0,-0.0239,-0.006,0.9997,0,0,7.425,0.1598,1]},
{"frame":20,"values":[0.9996,-0.0163,0.0229,0,0.0161,0.9998,0.0071,0,-0.0231,-0.0068,0.9997,0,0,7.425,0.1598,1]},
{"frame":21,"values":[0.9997,-0.0137,0.0211,0,0.0135,0.9999,0.0083,0,-0.0212,-0.008,0.9997,0,0,7.425,0.1598,1]},
{"frame":22,"values":[0.9998,-0.01,0.0193,0,0.0098,0.9999,0.0091,0,-0.0194,-0.0089,0.9998,0,0,7.425,0.1598,1]},
{"frame":23,"values":[0.9998,-0.0084,0.0186,0,0.0082,0.9999,0.0115,0,-0.0187,-0.0113,0.9998,0,0,7.425,0.1598,1]},
{"frame":24,"values":[0.9998,-0.01,0.019,0,0.0097,0.9998,0.0146,0,-0.0192,-0.0144,0.9997,0,0,7.425,0.1598,1]},
{"frame":25,"values":[0.9997,-0.0119,0.0213,0,0.0116,0.9998,0.0148,0,-0.0215,-0.0146,0.9997,0,0,7.425,0.1598,1]},
{"frame":26,"values":[0.9996,-0.012,0.0244,0,0.0117,0.9998,0.0131,0,-0.0245,-0.0128,0.9996,0,0,7.425,0.1598,1]},
{"frame":27,"values":[0.9996,-0.0109,0.0247,0,0.0105,0.9998,0.014,0,-0.0248,-0.0137,0.9996,0,0,7.425,0.1598,1]},
{"frame":28,"values":[0.9997,-0.0094,0.0215,0,0.009,0.9998,0.018,0,-0.0217,-0.0178,0.9996,0,0,7.425,0.1598,1]},
{"frame":29,"values":[0.9998,-0.0084,0.0186,0,0.008,0.9997,0.0212,0,-0.0188,-0.0211,0.9996,0,0,7.425,0.1598,1]}],"loopBehavior":1,"name":"anim","property":"_matrix"}},
{"name":"Spine2","index":3,"matrix":[0.9998,-0.0074,0.0189,0,0.007,0.9997,0.0213,0,-0.0191,-0.0212,0.9996,0,0,8.6226,-0.3542,1],"rest":[1,0,0,0,0,1,0,0,0,0,1,0,0,8.6226,-0.3542,1],"parentBoneIndex":2,"length":20.7438
,"animation":{"dataType":3,"framePerSecond":24,"keys":[
{"frame":1,"values":[0.9998,-0.0074,0.0189,0,0.007,0.9997,0.0213,0,-0.0191,-0.0212,0.9996,0,0,8.6226,-0.3542,1]},
{"frame":2,"values":[0.9997,-0.0126,0.021,0,0.0122,0.9997,0.0203,0,-0.0212,-0.02,0.9996,0,0,8.6226,-0.3542,1]},
{"frame":3,"values":[0.9996,-0.0158,0.0232,0,0.0154,0.9997,0.0182,0,-0.0235,-0.0178,0.9996,0,0,8.6226,-0.3542,1]},
{"frame":4,"values":[0.9996,-0.016,0.0239,0,0.0156,0.9997,0.0161,0,-0.0241,-0.0158,0.9996,0,0,8.6226,-0.3542,1]},
{"frame":5,"values":[0.9996,-0.0137,0.0229,0,0.0133,0.9998,0.0151,0,-0.0231,-0.0148,0.9996,0,0,8.6226,-0.3542,1]},
{"frame":6,"values":[0.9997,-0.0112,0.0202,0,0.0109,0.9998,0.0147,0,-0.0204,-0.0145,0.9997,0,0,8.6226,-0.3542,1]},
{"frame":7,"values":[0.9998,-0.011,0.017,0,0.0108,0.9998,0.0148,0,-0.0171,-0.0146,0.9997,0,0,8.6226,-0.3542,1]},
{"frame":8,"values":[0.9998,-0.0136,0.0152,0,0.0133,0.9998,0.016,0,-0.0154,-0.0158,0.9998,0,0,8.6226,-0.3542,1]},
{"frame":9,"values":[0.9997,-0.0172,0.0156,0,0.0169,0.9997,0.0177,0,-0.0159,-0.0174,0.9997,0,0,8.6226,-0.3542,1]},
{"frame":10,"values":[0.9996,-0.0203,0.018,0,0.02,0.9997,0.017,0,-0.0183,-0.0167,0.9997,0,0,8.6226,-0.3542,1]},
{"frame":11,"values":[0.9995,-0.0219,0.0209,0,0.0216,0.9997,0.0145,0,-0.0212,-0.0141,0.9997,0,0,8.6226,-0.3542,1]},
{"frame":12,"values":[0.9995,-0.0214,0.0223,0,0.0211,0.9997,0.0135,0,-0.0225,-0.013,0.9997,0,0,8.6226,-0.3542,1]},
{"frame":13,"values":[0.9996,-0.0196,0.0202,0,0.0193,0.9997,0.0141,0,-0.0204,-0.0137,0.9997,0,0,8.6226,-0.3542,1]},
{"frame":14,"values":[0.9997,-0.0177,0.0158,0,0.0175,0.9998,0.0135,0,-0.0161,-0.0132,0.9998,0,0,8.6226,-0.3542,1]},
{"frame":15,"values":[0.9998,-0.016,0.0137,0,0.0159,0.9998,0.011,0,-0.0139,-0.0107,0.9998,0,0,8.6226,-0.3542,1]},
{"frame":16,"values":[0.9998,-0.0147,0.0159,0,0.0146,0.9999,0.0091,0,-0.0161,-0.0089,0.9998,0,0,8.6226,-0.3542,1]},
{"frame":17,"values":[0.9997,-0.0146,0.0203,0,0.0145,0.9999,0.0088,0,-0.0204,-0.0085,0.9998,0,0,8.6226,-0.3542,1]},
{"frame":18,"values":[0.9996,-0.0154,0.0234,0,0.0152,0.9999,0.0077,0,-0.0235,-0.0074,0.9997,0,0,8.6226,-0.3542,1]},
{"frame":19,"values":[0.9996,-0.0161,0.0242,0,0.0159,0.9999,0.0067,0,-0.0243,-0.0064,0.9997,0,0,8.6226,-0.3542,1]},
{"frame":20,"values":[0.9996,-0.0155,0.0233,0,0.0153,0.9999,0.0075,0,-0.0234,-0.0071,0.9997,0,0,8.6226,-0.3542,1]},
{"frame":21,"values":[0.9997,-0.013,0.0214,0,0.0128,0.9999,0.0085,0,-0.0215,-0.0082,0.9997,0,0,8.6226,-0.3542,1]},
{"frame":22,"values":[0.9998,-0.0094,0.0195,0,0.0092,0.9999,0.0093,0,-0.0196,-0.0091,0.9998,0,0,8.6226,-0.3542,1]},
{"frame":23,"values":[0.9998,-0.0077,0.0188,0,0.0074,0.9999,0.0116,0,-0.0189,-0.0115,0.9998,0,0,8.6226,-0.3542,1]},
{"frame":24,"values":[0.9998,-0.0092,0.0193,0,0.0089,0.9999,0.0148,0,-0.0194,-0.0146,0.9997,0,0,8.6226,-0.3542,1]},
{"frame":25,"values":[0.9997,-0.011,0.0217,0,0.0107,0.9998,0.015,0,-0.0218,-0.0148,0.9997,0,0,8.6226,-0.3542,1]},
{"frame":26,"values":[0.9996,-0.011,0.0247,0,0.0107,0.9999,0.0132,0,-0.0249,-0.013,0.9996,0,0,8.6226,-0.3542,1]},
{"frame":27,"values":[0.9996,-0.0099,0.025,0,0.0095,0.9999,0.0141,0,-0.0251,-0.0138,0.9996,0,0,8.6226,-0.3542,1]},
{"frame":28,"values":[0.9997,-0.0084,0.0219,0,0.008,0.9998,0.0181,0,-0.022,-0.0179,0.9996,0,0,8.6226,-0.3542,1]},
{"frame":29,"values":[0.9998,-0.0074,0.0189,0,0.007,0.9997,0.0213,0,-0.0191,-0.0212,0.9996,0,0,8.6226,-0.3542,1]}],"loopBehavior":1,"name":"anim","property":"_matrix"}},
{"name":"Neck","index":4,"matrix":[0.9997,0.0245,-0.0045,0,-0.0249,0.9808,-0.1936,0,-0.0003,0.1936,0.9811,0,0,23.6053,-4.5263,1],"rest":[1,0,0,0,0,1,0,0,0,0,1,0,0,23.6053,-4.5263,1],"parentBoneIndex":3,"length":10.3542
,"animation":{"dataType":3,"framePerSecond":24,"keys":[
{"frame":1,"values":[0.9997,0.0245,-0.0045,0,-0.0249,0.9808,-0.1936,0,-0.0003,0.1936,0.9811,0,0,23.6053,-4.5263,1]},
{"frame":2,"values":[0.9995,0.0315,-0.0025,0,-0.0314,0.9819,-0.187,0,-0.0034,0.1869,0.9824,0,0,23.6053,-4.5263,1]},
{"frame":3,"values":[0.9994,0.0339,-0.0009,0,-0.0335,0.9828,-0.1815,0,-0.0052,0.1814,0.9834,0,0,23.6053,-4.5263,1]},
{"frame":4,"values":[0.9995,0.0325,-0.0003,0,-0.032,0.9833,-0.1789,0,-0.0055,0.1788,0.9839,0,0,23.6053,-4.5263,1]},
{"frame":5,"values":[0.9995,0.03,-0.001,0,-0.0298,0.9834,-0.1788,0,-0.0043,0.1787,0.9839,0,0,23.6053,-4.5263,1]},
{"frame":6,"values":[0.9996,0.0276,-0.0023,0,-0.0276,0.9833,-0.1796,0,-0.0027,0.1796,0.9837,0,0,23.6053,-4.5263,1]},
{"frame":7,"values":[0.9996,0.0265,-0.0027,0,-0.0265,0.983,-0.1815,0,-0.0022,0.1815,0.9834,0,0,23.6053,-4.5263,1]},
{"frame":8,"values":[0.9996,0.0272,-0.0018,0,-0.0271,0.9826,-0.1839,0,-0.0032,0.1839,0.9829,0,0,23.6053,-4.5263,1]},
{"frame":9,"values":[0.9996,0.0294,-0.0004,0,-0.029,0.9828,-0.1823,0,-0.005,0.1822,0.9833,0,0,23.6053,-4.5263,1]},
{"frame":10,"values":[0.9995,0.0329,0.0004,0,-0.0323,0.984,-0.1752,0,-0.0061,0.1751,0.9845,0,0,23.6053,-4.5263,1]},
{"frame":11,"values":[0.9993,0.0366,0,0,-0.036,0.9849,-0.1694,0,-0.0062,0.1693,0.9855,0,0,23.6053,-4.5263,1]},
{"frame":12,"values":[0.9992,0.0388,-0.0008,0,-0.0384,0.985,-0.168,0,-0.0057,0.1679,0.9858,0,0,23.6053,-4.5263,1]},
{"frame":13,"values":[0.9993,0.0386,-0.0009,0,-0.0382,0.985,-0.1685,0,-0.0056,0.1684,0.9857,0,0,23.6053,-4.5263,1]},
{"frame":14,"values":[0.9993,0.0382,0,0,-0.0376,0.9848,-0.1698,0,-0.0065,0.1697,0.9855,0,0,23.6053,-4.5263,1]},
{"frame":15,"values":[0.9992,0.0389,0.0007,0,-0.0382,0.9841,-0.1734,0,-0.0075,0.1732,0.9849,0,0,23.6053,-4.5263,1]},
{"frame":16,"values":[0.9992,0.0392,0.0005,0,-0.0385,0.9838,-0.1752,0,-0.0074,0.175,0.9845,0,0,23.6053,-4.5263,1]},
{"frame":17,"values":[0.9993,0.0376,0.0001,0,-0.037,0.9846,-0.1711,0,-0.0066,0.171,0.9853,0,0,23.6053,-4.5263,1]},
{"frame":18,"values":[0.9993,0.0361,0.0004,0,-0.0355,0.9855,-0.1658,0,-0.0063,0.1656,0.9862,0,0,23.6053,-4.5263,1]},
{"frame":19,"values":[0.9993,0.0376,0.0007,0,-0.037,0.9856,-0.1648,0,-0.0069,0.1647,0.9863,0,0,23.6053,-4.5263,1]},
{"frame":20,"values":[0.9993,0.0384,0,0,-0.0379,0.9852,-0.1673,0,-0.0064,0.1672,0.9859,0,0,23.6053,-4.5263,1]},
{"frame":21,"values":[0.9994,0.034,-0.0017,0,-0.0338,0.985,-0.1692,0,-0.004,0.1692,0.9856,0,0,23.6053,-4.5263,1]},
{"frame":22,"values":[0.9996,0.0273,-0.0035,0,-0.0275,0.985,-0.1706,0,-0.0012,0.1706,0.9853,0,0,23.6053,-4.5263,1]},
{"frame":23,"values":[0.9997,0.0238,-0.0042,0,-0.0242,0.9847,-0.1728,0,0,0.1729,0.9849,0,0,23.6053,-4.5263,1]},
{"frame":24,"values":[0.9997,0.0242,-0.0038,0,-0.0245,0.9849,-0.1716,0,-0.0004,0.1716,0.9852,0,0,23.6053,-4.5263,1]},
{"frame":25,"values":[0.9997,0.0239,-0.0033,0,-0.0241,0.986,-0.1651,0,-0.0007,0.1651,0.9863,0,0,23.6053,-4.5263,1]},
{"frame":26,"values":[0.9998,0.0218,-0.0039,0,-0.0222,0.9867,-0.161,0,0.0003,0.161,0.987,0,0,23.6053,-4.5263,1]},
{"frame":27,"values":[0.9998,0.0213,-0.0046,0,-0.0217,0.9856,-0.1676,0,0.001,0.1676,0.9859,0,0,23.6053,-4.5263,1]},
{"frame":28,"values":[0.9997,0.023,-0.0047,0,-0.0234,0.983,-0.1823,0,0.0004,0.1824,0.9832,0,0,23.6053,-4.5263,1]},
{"frame":29,"values":[0.9997,0.0245,-0.0045,0,-0.0249,0.9808,-0.1936,0,-0.0003,0.1936,0.9811,0,0,23.6053,-4.5263,1]}],"loopBehavior":1,"name":"anim","property":"_matrix"}},
{"name":"Head","index":5,"matrix":[0.9964,0.0735,-0.0426,0,-0.0777,0.9915,-0.1047,0,0.0346,0.1077,0.9936,0,0,9.9955,2.7017,1],"rest":[1,0,0,0,0,1,0,0,0,0,1,0,0,9.9955,2.7017,1],"parentBoneIndex":4,"length":31.4272
,"animation":{"dataType":3,"framePerSecond":24,"keys":[
{"frame":1,"values":[0.9964,0.0735,-0.0426,0,-0.0777,0.9915,-0.1047,0,0.0346,0.1077,0.9936,0,0,9.9955,2.7017,1]},
{"frame":2,"values":[0.9965,0.0741,-0.0376,0,-0.0776,0.9917,-0.1022,0,0.0297,0.1048,0.994,0,0,9.9955,2.7017,1]},
{"frame":3,"values":[0.9967,0.0752,-0.0317,0,-0.0778,0.9925,-0.094,0,0.0244,0.0962,0.9951,0,0,9.9955,2.7017,1]},
{"frame":4,"values":[0.997,0.0718,-0.0276,0,-0.074,0.9933,-0.089,0,0.021,0.0908,0.9956,0,0,9.9955,2.7017,1]},
{"frame":5,"values":[0.9975,0.0638,-0.0292,0,-0.0662,0.9937,-0.0908,0,0.0232,0.0925,0.9954,0,0,9.9955,2.7017,1]},
{"frame":6,"values":[0.9978,0.0581,-0.0335,0,-0.0609,0.9939,-0.0922,0,0.0279,0.094,0.9952,0,0,9.9955,2.7017,1]},
{"frame":7,"values":[0.9976,0.0592,-0.0346,0,-0.0621,0.9941,-0.0884,0,0.0292,0.0903,0.9955,0,0,9.9955,2.7017,1]},
{"frame":8,"values":[0.9975,0.0643,-0.0307,0,-0.0668,0.9939,-0.0877,0,0.0249,0.0895,0.9957,0,0,9.9955,2.7017,1]},
{"frame":9,"values":[0.9974,0.0674,-0.0253,0,-0.0696,0.993,-0.0958,0,0.0187,0.0973,0.9951,0,0,9.9955,2.7017,1]},
{"frame":10,"values":[0.9976,0.0644,-0.0243,0,-0.0666,0.9926,-0.1015,0,0.0176,0.1029,0.9945,0,0,9.9955,2.7017,1]},
{"frame":11,"values":[0.9979,0.0573,-0.0292,0,-0.0599,0.9934,-0.0977,0,0.0234,0.0992,0.9948,0,0,9.9955,2.7017,1]},
{"frame":12,"values":[0.998,0.0527,-0.0351,0,-0.0558,0.9938,-0.0961,0,0.0298,0.0979,0.9948,0,0,9.9955,2.7017,1]},
{"frame":13,"values":[0.9979,0.0533,-0.0355,0,-0.0567,0.9931,-0.1031,0,0.0298,0.1049,0.994,0,0,9.9955,2.7017,1]},
{"frame":14,"values":[0.998,0.0555,-0.0304,0,-0.0585,0.9923,-0.1091,0,0.0241,0.1107,0.9936,0,0,9.9955,2.7017,1]},
{"frame":15,"values":[0.9981,0.0551,-0.0271,0,-0.0578,0.9921,-0.1114,0,0.0207,0.1127,0.9934,0,0,9.9955,2.7017,1]},
{"frame":16,"values":[0.998,0.056,-0.0284,0,-0.059,0.9916,-0.1153,0,0.0217,0.1167,0.9929,0,0,9.9955,2.7017,1]},
{"frame":17,"values":[0.9976,0.0622,-0.0293,0,-0.0652,0.9911,-0.1161,0,0.0218,0.1177,0.9928,0,0,9.9955,2.7017,1]},
{"frame":18,"values":[0.9974,0.0671,-0.0271,0,-0.0697,0.9915,-0.1097,0,0.0195,0.1113,0.9936,0,0,9.9955,2.7017,1]},
{"frame":19,"values":[0.9977,0.0623,-0.0267,0,-0.0647,0.9924,-0.1045,0,0.02,0.106,0.9942,0,0,9.9955,2.7017,1]},
{"frame":20,"values":[0.998,0.0547,-0.0309,0,-0.0576,0.9929,-0.1038,0,0.025,0.1053,0.9941,0,0,9.9955,2.7017,1]},
{"frame":21,"values":[0.9979,0.0541,-0.0358,0,-0.0574,0.9934,-0.0988,0,0.0302,0.1007,0.9945,0,0,9.9955,2.7017,1]},
{"frame":22,"values":[0.9977,0.056,-0.0391,0,-0.0593,0.9943,-0.0885,0,0.0339,0.0906,0.9953,0,0,9.9955,2.7017,1]},
{"frame":23,"values":[0.9975,0.058,-0.04,0,-0.0612,0.9946,-0.0843,0,0.0349,0.0865,0.9956,0,0,9.9955,2.7017,1]},
{"frame":24,"values":[0.9973,0.0635,-0.038,0,-0.0666,0.9939,-0.0876,0,0.0322,0.0899,0.9954,0,0,9.9955,2.7017,1]},
{"frame":25,"values":[0.997,0.0684,-0.0355,0,-0.0712,0.9938,-0.0857,0,0.0295,0.0879,0.9957,0,0,9.9955,2.7017,1]},
{"frame":26,"values":[0.997,0.0684,-0.0364,0,-0.0711,0.9944,-0.0783,0,0.0309,0.0807,0.9963,0,0,9.9955,2.7017,1]},
{"frame":27,"values":[0.9969,0.0678,-0.0399,0,-0.0709,0.9942,-0.0803,0,0.0342,0.0829,0.996,0,0,9.9955,2.7017,1]},
{"frame":28,"values":[0.9966,0.0704,-0.0422,0,-0.0741,0.9928,-0.0937,0,0.0353,0.0965,0.9947,0,0,9.9955,2.7017,1]},
{"frame":29,"values":[0.9964,0.0735,-0.0426,0,-0.0777,0.9915,-0.1047,0,0.0346,0.1077,0.9936,0,0,9.9955,2.7017,1]}],"loopBehavior":1,"name":"anim","property":"_matrix"}},
{"name":"HeadTop_End","index":6,"matrix":[1,0,0,0,0,1,0,0,0,0,1,0,0,31.2072,3.7118,1],"rest":[1,0,0,0,0,1,0,0,0,0,1,0,0,31.2072,3.7118,1],"parentBoneIndex":5,"length":31.4272
,"animation":{"dataType":3,"framePerSecond":24,"keys":[
{"frame":1,"values":[1,0,0,0,0,1,0,0,0,0,1,0,0,31.2072,3.7118,1]},
{"frame":29,"values":[1,0,0,0,0,1,0,0,0,0,1,0,0,31.2072,3.7118,1]}],"loopBehavior":1,"name":"anim","property":"_matrix"}},
{"name":"LeftShoulder","index":7,"matrix":[0.9731,-0.1811,-0.1422,0,0.1803,0.9834,-0.0188,0,0.1433,-0.0074,0.9897,0,6.1723,17.8795,-2.6384,1],"rest":[1,-0.0039,0,0,0.0039,1,0,0,0,0,1,0,6.1723,17.8795,-2.6384,1],"parentBoneIndex":3,"length":6.4566
,"animation":{"dataType":3,"framePerSecond":24,"keys":[
{"frame":1,"values":[0.9731,-0.1811,-0.1422,0,0.1803,0.9834,-0.0188,0,0.1433,-0.0074,0.9897,0,6.1723,17.8795,-2.6384,1]},
{"frame":2,"values":[0.9754,-0.1757,-0.1333,0,0.1751,0.9844,-0.0161,0,0.134,-0.0076,0.9909,0,6.1723,17.8795,-2.6384,1]},
{"frame":3,"values":[0.9766,-0.1723,-0.129,0,0.1718,0.985,-0.0148,0,0.1296,-0.0077,0.9915,0,6.1723,17.8795,-2.6384,1]},
{"frame":4,"values":[0.9757,-0.1744,-0.1324,0,0.1738,0.9847,-0.0158,0,0.1331,-0.0076,0.9911,0,6.1723,17.8795,-2.6384,1]},
{"frame":5,"values":[0.9746,-0.1776,-0.1366,0,0.1769,0.9841,-0.0171,0,0.1374,-0.0075,0.9905,0,6.1723,17.8795,-2.6384,1]},
{"frame":6,"values":[0.9755,-0.1753,-0.1331,0,0.1747,0.9845,-0.0161,0,0.1339,-0.0076,0.991,0,6.1723,17.8795,-2.6384,1]},
{"frame":7,"values":[0.9774,-0.1699,-0.1261,0,0.1696,0.9854,-0.0139,0,0.1266,-0.0078,0.9919,0,6.1723,17.8795,-2.6384,1]},
{"frame":8,"values":[0.9774,-0.1696,-0.1263,0,0.1692,0.9855,-0.0139,0,0.1269,-0.0078,0.9919,0,6.1723,17.8795,-2.6384,1]},
{"frame":9,"values":[0.9761,-0.1734,-0.1313,0,0.1729,0.9848,-0.0154,0,0.132,-0.0076,0.9912,0,6.1723,17.8795,-2.6384,1]},
{"frame":10,"values":[0.9754,-0.1756,-0.1332,0,0.1751,0.9844,-0.0161,0,0.134,-0.0076,0.991,0,6.1723,17.8795,-2.6384,1]},
{"frame":11,"values":[0.9753,-0.1763,-0.1332,0,0.1757,0.9843,-0.0162,0,0.1339,-0.0076,0.991,0,6.1723,17.8795,-2.6384,1]},
{"frame":12,"values":[0.9753,-0.1766,-0.1327,0,0.176,0.9843,-0.0161,0,0.1334,-0.0077,0.991,0,6.1723,17.8795,-2.6384,1]},
{"frame":13,"values":[0.9764,-0.1743,-0.1279,0,0.1738,0.9847,-0.0148,0,0.1285,-0.0078,0.9917,0,6.1723,17.8795,-2.6384,1]},
{"frame":14,"values":[0.9781,-0.1703,-0.12,0,0.17,0.9854,-0.0126,0,0.1204,-0.0081,0.9927,0,6.1723,17.8795,-2.6384,1]},
{"frame":15,"values":[0.9778,-0.1715,-0.1203,0,0.1712,0.9851,-0.0128,0,0.1208,-0.0081,0.9926,0,6.1723,17.8795,-2.6384,1]},
{"frame":16,"values":[0.9754,-0.1781,-0.1301,0,0.1776,0.984,-0.0157,0,0.1308,-0.0078,0.9914,0,6.1723,17.8795,-2.6384,1]},
{"frame":17,"values":[0.9735,-0.1829,-0.1376,0,0.1822,0.9831,-0.0179,0,0.1386,-0.0076,0.9903,0,6.1723,17.8795,-2.6384,1]},
{"frame":18,"values":[0.973,-0.1842,-0.1393,0,0.1834,0.9829,-0.0185,0,0.1403,-0.0076,0.9901,0,6.1723,17.8795,-2.6384,1]},
{"frame":19,"values":[0.9728,-0.1848,-0.1399,0,0.184,0.9827,-0.0187,0,0.141,-0.0075,0.99,0,6.1723,17.8795,-2.6384,1]},
{"frame":20,"values":[0.9733,-0.1833,-0.1382,0,0.1826,0.983,-0.0181,0,0.1392,-0.0076,0.9902,0,6.1723,17.8795,-2.6384,1]},
{"frame":21,"values":[0.9755,-0.1779,-0.1295,0,0.1774,0.984,-0.0155,0,0.1302,-0.0079,0.9915,0,6.1723,17.8795,-2.6384,1]},
{"frame":22,"values":[0.9766,-0.1759,-0.1234,0,0.1755,0.9844,-0.0139,0,0.1239,-0.0081,0.9923,0,6.1723,17.8795,-2.6384,1]},
{"frame":23,"values":[0.9743,-0.1826,-0.1317,0,0.182,0.9832,-0.0165,0,0.1325,-0.0079,0.9912,0,6.1723,17.8795,-2.6384,1]},
{"frame":24,"values":[0.9712,-0.1896,-0.1441,0,0.1887,0.9818,-0.0203,0,0.1454,-0.0075,0.9893,0,6.1723,17.8795,-2.6384,1]},
{"frame":25,"values":[0.9704,-0.1911,-0.1479,0,0.19,0.9815,-0.0214,0,0.1493,-0.0073,0.9888,0,6.1723,17.8795,-2.6384,1]},
{"frame":26,"values":[0.9707,-0.1905,-0.1467,0,0.1894,0.9817,-0.0211,0,0.148,-0.0073,0.989,0,6.1723,17.8795,-2.6384,1]},
{"frame":27,"values":[0.9712,-0.1887,-0.1455,0,0.1877,0.982,-0.0205,0,0.1467,-0.0074,0.9891,0,6.1723,17.8795,-2.6384,1]},
{"frame":28,"values":[0.9722,-0.1847,-0.1439,0,0.1838,0.9828,-0.0196,0,0.1451,-0.0074,0.9894,0,6.1723,17.8795,-2.6384,1]},
{"frame":29,"values":[0.9731,-0.1811,-0.1422,0,0.1803,0.9834,-0.0188,0,0.1433,-0.0074,0.9897,0,6.1723,17.8795,-2.6384,1]}],"loopBehavior":1,"name":"anim","property":"_matrix"}},
{"name":"LeftArm","index":8,"matrix":[0.1113,-0.7578,0.643,0,0.6675,0.5363,0.5165,0,-0.7362,0.3717,0.5655,0,6.0747,-1.0059,-1.9427,1],"rest":[0.9995,0.0084,0.0302,0,-0.0084,1,-0.0001,0,-0.0302,-0.0002,0.9995,0,6.0747,-1.0059,-1.9427,1],"parentBoneIndex":7,"length":27.264
,"animation":{"dataType":3,"framePerSecond":24,"keys":[
{"frame":1,"values":[0.1113,-0.7578,0.643,0,0.6675,0.5363,0.5165,0,-0.7362,0.3717,0.5655,0,6.0747,-1.0059,-1.9427,1]},
{"frame":2,"values":[0.142,-0.7569,0.6379,0,0.7145,0.5244,0.4631,0,-0.685,0.39,0.6153,0,6.0747,-1.0059,-1.9427,1]},
{"frame":3,"values":[0.1595,-0.7673,0.6212,0,0.7826,0.4818,0.3941,0,-0.6017,0.4233,0.6773,0,6.0747,-1.0059,-1.9427,1]},
{"frame":4,"values":[0.1569,-0.7817,0.6036,0,0.8249,0.4398,0.3552,0,-0.5431,0.4422,0.7138,0,6.0747,-1.0059,-1.9427,1]},
{"frame":5,"values":[0.1426,-0.7868,0.6006,0,0.8035,0.4463,0.3939,0,-0.5779,0.4264,0.6958,0,6.0747,-1.0059,-1.9427,1]},
{"frame":6,"values":[0.1136,-0.7802,0.6151,0,0.7188,0.4919,0.4912,0,-0.6858,0.3863,0.6168,0,6.0747,-1.0059,-1.9427,1]},
{"frame":7,"values":[0.0806,-0.7753,0.6264,0,0.6366,0.5236,0.5662,0,-0.7669,0.3532,0.5358,0,6.0747,-1.0059,-1.9427,1]},
{"frame":8,"values":[0.0794,-0.7755,0.6264,0,0.6195,0.5307,0.5785,0,-0.781,0.3421,0.5225,0,6.0747,-1.0059,-1.9427,1]},
{"frame":9,"values":[0.1118,-0.7738,0.6234,0,0.6568,0.5283,0.538,0,-0.7457,0.3493,0.5674,0,6.0747,-1.0059,-1.9427,1]},
{"frame":10,"values":[0.1493,-0.7737,0.6157,0,0.7172,0.5134,0.4712,0,-0.6807,0.3712,0.6316,0,6.0747,-1.0059,-1.9427,1]},
{"frame":11,"values":[0.1669,-0.7821,0.6004,0,0.7746,0.4808,0.4109,0,-0.61,0.3965,0.6861,0,6.0747,-1.0059,-1.9427,1]},
{"frame":12,"values":[0.1605,-0.7909,0.5905,0,0.7882,0.4628,0.4056,0,-0.5941,0.4004,0.6977,0,6.0747,-1.0059,-1.9427,1]},
{"frame":13,"values":[0.1354,-0.7889,0.5995,0,0.7321,0.4873,0.476,0,-0.6676,0.3744,0.6435,0,6.0747,-1.0059,-1.9427,1]},
{"frame":14,"values":[0.1014,-0.7843,0.612,0,0.6521,0.517,0.5545,0,-0.7513,0.3429,0.5639,0,6.0747,-1.0059,-1.9427,1]},
{"frame":15,"values":[0.0922,-0.7857,0.6117,0,0.6301,0.5217,0.5751,0,-0.771,0.3324,0.5431,0,6.0747,-1.0059,-1.9427,1]},
{"frame":16,"values":[0.1163,-0.7883,0.6042,0,0.6715,0.5106,0.537,0,-0.7318,0.3433,0.5888,0,6.0747,-1.0059,-1.9427,1]},
{"frame":17,"values":[0.1486,-0.7907,0.5939,0,0.7399,0.4874,0.4637,0,-0.6561,0.3705,0.6575,0,6.0747,-1.0059,-1.9427,1]},
{"frame":18,"values":[0.1682,-0.7961,0.5814,0,0.8005,0.4545,0.3907,0,-0.5752,0.3997,0.7137,0,6.0747,-1.0059,-1.9427,1]},
{"frame":19,"values":[0.1685,-0.8007,0.5749,0,0.8228,0.4355,0.3653,0,-0.5428,0.4114,0.7322,0,6.0747,-1.0059,-1.9427,1]},
{"frame":20,"values":[0.1497,-0.7964,0.5859,0,0.7856,0.4556,0.4186,0,-0.6003,0.3976,0.6939,0,6.0747,-1.0059,-1.9427,1]},
{"frame":21,"values":[0.1106,-0.7867,0.6073,0,0.6993,0.4958,0.5149,0,-0.7062,0.3677,0.605,0,6.0747,-1.0059,-1.9427,1]},
{"frame":22,"values":[0.0775,-0.7819,0.6185,0,0.6281,0.5201,0.5788,0,-0.7743,0.3436,0.5314,0,6.0747,-1.0059,-1.9427,1]},
{"frame":23,"values":[0.081,-0.7767,0.6247,0,0.613,0.533,0.5832,0,-0.7859,0.3356,0.5193,0,6.0747,-1.0059,-1.9427,1]},
{"frame":24,"values":[0.1092,-0.7644,0.6354,0,0.6397,0.5433,0.5437,0,-0.7608,0.3471,0.5483,0,6.0747,-1.0059,-1.9427,1]},
{"frame":25,"values":[0.1341,-0.7566,0.6399,0,0.6968,0.5312,0.482,0,-0.7046,0.3812,0.5985,0,6.0747,-1.0059,-1.9427,1]},
{"frame":26,"values":[0.1377,-0.7617,0.6331,0,0.7592,0.4917,0.4265,0,-0.6362,0.4219,0.646,0,6.0747,-1.0059,-1.9427,1]},
{"frame":27,"values":[0.1263,-0.766,0.6303,0,0.7705,0.476,0.424,0,-0.6248,0.4321,0.6503,0,6.0747,-1.0059,-1.9427,1]},
{"frame":28,"values":[0.116,-0.7621,0.637,0,0.7197,0.5065,0.4748,0,-0.6845,0.4034,0.6073,0,6.0747,-1.0059,-1.9427,1]},
{"frame":29,"values":[0.1113,-0.7578,0.6429,0,0.6676,0.5363,0.5165,0,-0.7362,0.3717,0.5656,0,6.0747,-1.0059,-1.9427,1]}],"loopBehavior":1,"name":"anim","property":"_matrix"}},
{"name":"LeftForeArm","index":9,"matrix":[0.0427,0.0828,0.9957,0,0.0849,0.9927,-0.0862,0,-0.9955,0.0882,0.0353,0,27.2512,-0.1236,-0.8243,1],"rest":[0.9995,-0.0045,-0.0302,0,0.0045,1,-0.0001,0,0.0302,-0.0001,0.9995,0,27.2512,-0.1236,-0.8243,1],"parentBoneIndex":8,"length":27.5147
,"animation":{"dataType":3,"framePerSecond":24,"keys":[
{"frame":1,"values":[0.0427,0.0828,0.9957,0,0.0849,0.9927,-0.0862,0,-0.9955,0.0882,0.0353,0,27.2512,-0.1236,-0.8243,1]},
{"frame":2,"values":[0.047,0.0824,0.9955,0,0.0846,0.9927,-0.0862,0,-0.9953,0.0882,0.0397,0,27.2512,-0.1236,-0.8243,1]},
{"frame":3,"values":[0.0566,0.0816,0.9951,0,0.0837,0.9928,-0.0861,0,-0.9949,0.0882,0.0494,0,27.2512,-0.1236,-0.8243,1]},
{"frame":4,"values":[0.0563,0.0816,0.9951,0,0.0838,0.9928,-0.0861,0,-0.9949,0.0882,0.049,0,27.2512,-0.1236,-0.8243,1]},
{"frame":5,"values":[0.0468,0.0824,0.9955,0,0.0846,0.9927,-0.0862,0,-0.9953,0.0882,0.0395,0,27.2512,-0.1236,-0.8243,1]},
{"frame":6,"values":[0.0368,0.0833,0.9958,0,0.0854,0.9926,-0.0862,0,-0.9957,0.0882,0.0295,0,27.2512,-0.1236,-0.8243,1]},
{"frame":7,"values":[0.023,0.0845,0.9962,0,0.0866,0.9925,-0.0862,0,-0.996,0.0882,0.0155,0,27.2512,-0.1236,-0.8243,1]},
{"frame":8,"values":[0.0085,0.0858,0.9963,0,0.0878,0.9924,-0.0862,0,-0.9961,0.0882,0.0009,0,27.2512,-0.1236,-0.8243,1]},
{"frame":9,"values":[0.0067,0.086,0.9963,0,0.0879,0.9924,-0.0862,0,-0.9961,0.0882,-0.001,0,27.2512,-0.1236,-0.8243,1]},
{"frame":10,"values":[0.0156,0.0852,0.9962,0,0.0872,0.9925,-0.0862,0,-0.9961,0.0882,0.0081,0,27.2512,-0.1236,-0.8243,1]},
{"frame":11,"values":[0.0233,0.0845,0.9961,0,0.0865,0.9925,-0.0862,0,-0.996,0.0882,0.0158,0,27.2512,-0.1236,-0.8243,1]},
{"frame":12,"values":[0.0178,0.085,0.9962,0,0.087,0.9925,-0.0862,0,-0.996,0.0882,0.0103,0,27.2512,-0.1236,-0.8243,1]},
{"frame":13,"values":[0.0064,0.086,0.9963,0,0.088,0.9924,-0.0862,0,-0.9961,0.0882,-0.0012,0,27.2512,-0.1236,-0.8243,1]},
{"frame":14,"values":[-0.007,0.0872,0.9962,0,0.0891,0.9923,-0.0862,0,-0.996,0.0881,-0.0147,0,27.2512,-0.1236,-0.8243,1]},
{"frame":15,"values":[-0.0129,0.0877,0.9961,0,0.0896,0.9922,-0.0862,0,-0.9959,0.0881,-0.0207,0,27.2512,-0.1236,-0.8243,1]},
{"frame":16,"values":[-0.0048,0.087,0.9962,0,0.0889,0.9923,-0.0862,0,-0.996,0.0882,-0.0125,0,27.2512,-0.1236,-0.8243,1]},
{"frame":17,"values":[0.0055,0.0861,0.9963,0,0.088,0.9924,-0.0862,0,-0.9961,0.0882,-0.0022,0,27.2512,-0.1236,-0.8243,1]},
{"frame":18,"values":[0.0151,0.0852,0.9962,0,0.0872,0.9924,-0.0862,0,-0.9961,0.0882,0.0075,0,27.2512,-0.1236,-0.8243,1]},
{"frame":19,"values":[0.0192,0.0849,0.9962,0,0.0869,0.9925,-0.0862,0,-0.996,0.0882,0.0117,0,27.2512,-0.1236,-0.8243,1]},
{"frame":20,"values":[0.0234,0.0845,0.9961,0,0.0865,0.9925,-0.0862,0,-0.996,0.0882,0.0159,0,27.2512,-0.1236,-0.8243,1]},
{"frame":21,"values":[0.0284,0.0841,0.9961,0,0.0861,0.9925,-0.0862,0,-0.9959,0.0882,0.021,0,27.2512,-0.1236,-0.8243,1]},
{"frame":22,"values":[0.0218,0.0846,0.9962,0,0.0867,0.9925,-0.0862,0,-0.996,0.0882,0.0143,0,27.2512,-0.1236,-0.8243,1]},
{"frame":23,"values":[0.0134,0.0854,0.9963,0,0.0874,0.9924,-0.0862,0,-0.9961,0.0882,0.0059,0,27.2512,-0.1236,-0.8243,1]},
{"frame":24,"values":[0.0233,0.0845,0.9962,0,0.0865,0.9925,-0.0862,0,-0.996,0.0882,0.0158,0,27.2512,-0.1236,-0.8243,1]},
{"frame":25,"values":[0.0557,0.0816,0.9951,0,0.0838,0.9928,-0.0861,0,-0.9949,0.0882,0.0485,0,27.2512,-0.1236,-0.8243,1]},
{"frame":26,"values":[0.0911,0.0785,0.9927,0,0.0808,0.993,-0.0859,0,-0.9926,0.0881,0.0841,0,27.2512,-0.1236,-0.8243,1]},
{"frame":27,"values":[0.0997,0.0777,0.992,0,0.0801,0.9931,-0.0859,0,-0.9918,0.088,0.0928,0,27.2512,-0.1236,-0.8243,1]},
{"frame":28,"values":[0.0735,0.0801,0.9941,0,0.0823,0.9929,-0.0861,0,-0.9939,0.0882,0.0664,0,27.2512,-0.1236,-0.8243,1]},
{"frame":29,"values":[0.0414,0.0829,0.9957,0,0.085,0.9926,-0.0862,0,-0.9955,0.0882,0.034,0,27.2512,-0.1236,-0.8243,1]}],"loopBehavior":1,"name":"anim","property":"_matrix"}},
{"name":"LeftHand","index":10,"matrix":[0.8269,0.5053,0.2466,0,-0.5264,0.8499,0.0237,0,-0.1977,-0.1494,0.9688,0,27.5147,0,0,1],"rest":[1,0,0,0,0,1,0.0006,0,0,-0.0006,1,0,27.5147,0,0,1],"parentBoneIndex":9,"length":10.1836
,"animation":{"dataType":3,"framePerSecond":24,"keys":[
{"frame":1,"values":[0.8269,0.5053,0.2466,0,-0.5264,0.8499,0.0237,0,-0.1977,-0.1494,0.9688,0,27.5147,0,0,1]},
{"frame":2,"values":[0.8713,0.4211,0.252,0,-0.4643,0.8736,0.1458,0,-0.1588,-0.244,0.9567,0,27.5147,0,0,1]},
{"frame":3,"values":[0.8901,0.3986,0.221,0,-0.4406,0.8767,0.1932,0,-0.1168,-0.2693,0.956,0,27.5147,0,0,1]},
{"frame":4,"values":[0.8933,0.3981,0.2084,0,-0.4334,0.8859,0.1655,0,-0.1187,-0.2382,0.9639,0,27.5147,0,0,1]},
{"frame":5,"values":[0.885,0.4057,0.2286,0,-0.4335,0.897,0.0865,0,-0.17,-0.1757,0.9697,0,27.5147,0,0,1]},
{"frame":6,"values":[0.8553,0.4792,0.1972,0,-0.4697,0.8776,-0.0955,0,-0.2188,-0.011,0.9757,0,27.5147,0,0,1]},
{"frame":7,"values":[0.8102,0.5833,0.0574,0,-0.5763,0.8107,-0.1031,0,-0.1067,0.0505,0.993,0,27.5147,0,0,1]},
{"frame":8,"values":[0.7966,0.6041,-0.0225,0,-0.603,0.7967,0.0407,0,0.0425,-0.0188,0.9989,0,27.5147,0,0,1]},
{"frame":9,"values":[0.8869,0.4617,0.0181,0,-0.4516,0.8745,-0.1773,0,-0.0977,0.149,0.984,0,27.5147,0,0,1]},
{"frame":10,"values":[0.9338,0.3513,0.0679,0,-0.3336,0.9234,-0.19,0,-0.1294,0.1548,0.9794,0,27.5147,0,0,1]},
{"frame":11,"values":[0.9351,0.3385,0.1052,0,-0.3345,0.9408,-0.054,0,-0.1173,0.0153,0.993,0,27.5147,0,0,1]},
{"frame":12,"values":[0.9078,0.3898,0.1545,0,-0.4033,0.9126,0.0669,0,-0.1149,-0.123,0.9857,0,27.5147,0,0,1]},
{"frame":13,"values":[0.8407,0.516,0.1642,0,-0.5318,0.844,0.0704,0,-0.1022,-0.1465,0.9839,0,27.5147,0,0,1]},
{"frame":14,"values":[0.7616,0.646,0.0517,0,-0.6403,0.7378,0.2137,0,0.0999,-0.1958,0.9755,0,27.5147,0,0,1]},
{"frame":15,"values":[0.7598,0.6499,-0.0177,0,-0.6317,0.7443,0.2167,0,0.154,-0.1535,0.9761,0,27.5147,0,0,1]},
{"frame":16,"values":[0.8622,0.5052,0.0379,0,-0.4899,0.8504,-0.1919,0,-0.1292,0.1469,0.9807,0,27.5147,0,0,1]},
{"frame":17,"values":[0.9117,0.3851,0.1431,0,-0.3792,0.9229,-0.0673,0,-0.158,0.0071,0.9874,0,27.5147,0,0,1]},
{"frame":18,"values":[0.9311,0.2921,0.2186,0,-0.3296,0.9303,0.1609,0,-0.1564,-0.2219,0.9625,0,27.5147,0,0,1]},
{"frame":19,"values":[0.9208,0.2814,0.2699,0,-0.3508,0.9001,0.2584,0,-0.1702,-0.3326,0.9276,0,27.5147,0,0,1]},
{"frame":20,"values":[0.8756,0.3799,0.2983,0,-0.4422,0.8788,0.1791,0,-0.1941,-0.2887,0.9375,0,27.5147,0,0,1]},
{"frame":21,"values":[0.8093,0.5411,0.2286,0,-0.5547,0.832,-0.0054,0,-0.1931,-0.1224,0.9735,0,27.5147,0,0,1]},
{"frame":22,"values":[0.7299,0.6832,0.0196,0,-0.6753,0.7165,0.1747,0,0.1053,-0.1407,0.9844,0,27.5147,0,0,1]},
{"frame":23,"values":[0.7202,0.6934,0.0216,0,-0.6859,0.707,0.1721,0,0.1041,-0.1388,0.9848,0,27.5147,0,0,1]},
{"frame":24,"values":[0.8178,0.5715,0.0684,0,-0.5607,0.8178,-0.1298,0,-0.1302,0.0678,0.9892,0,27.5147,0,0,1]},
{"frame":25,"values":[0.8775,0.46,0.1358,0,-0.4637,0.886,-0.0044,0,-0.1224,-0.0591,0.9907,0,27.5147,0,0,1]},
{"frame":26,"values":[0.9192,0.3698,0.1357,0,-0.3939,0.8672,0.3047,0,-0.005,-0.3336,0.9427,0,27.5147,0,0,1]},
{"frame":27,"values":[0.9329,0.3109,0.1821,0,-0.3596,0.8327,0.4211,0,-0.0207,-0.4583,0.8886,0,27.5147,0,0,1]},
{"frame":28,"values":[0.8898,0.3666,0.2718,0,-0.438,0.8531,0.2834,0,-0.128,-0.3713,0.9197,0,27.5147,0,0,1]},
{"frame":29,"values":[0.8273,0.5052,0.2457,0,-0.5263,0.8499,0.0245,0,-0.1964,-0.1496,0.969,0,27.5147,0,0,1]}],"loopBehavior":1,"name":"anim","property":"_matrix"}},
{"name":"LeftHandThumb1","index":11,"matrix":[0.9977,-0.0406,-0.0544,0,0.0404,0.9992,-0.0042,0,0.0545,0.002,0.9985,0,4.2092,-0.2988,5.1387,1],"rest":[1,0.0002,0.0002,0,-0.0002,1,-0.0002,0,-0.0002,0.0002,1,0,4.2092,-0.2988,5.1387,1],"parentBoneIndex":10,"length":1.9313
,"animation":{"dataType":3,"framePerSecond":24,"keys":[
{"frame":1,"values":[0.9977,-0.0406,-0.0544,0,0.0404,0.9992,-0.0042,0,0.0545,0.002,0.9985,0,4.2092,-0.2988,5.1387,1]},
{"frame":29,"values":[0.9977,-0.0406,-0.0544,0,0.0404,0.9992,-0.0042,0,0.0545,0.002,0.9985,0,4.2092,-0.2988,5.1387,1]}],"loopBehavior":1,"name":"anim","property":"_matrix"}},
{"name":"LeftHandThumb2","index":12,"matrix":[0.9512,0.2754,-0.1392,0,-0.2926,0.9482,-0.1234,0,0.098,0.1581,0.9825,0,1.496,-0.8637,0.8637,1],"rest":[0.9982,0.052,0.0284,0,-0.0507,0.9976,-0.0475,0,-0.0308,0.046,0.9985,0,1.496,-0.8637,0.8637,1],"parentBoneIndex":11,"length":2.3416
,"animation":{"dataType":3,"framePerSecond":24,"keys":[
{"frame":1,"values":[0.9512,0.2754,-0.1392,0,-0.2926,0.9482,-0.1234,0,0.098,0.1581,0.9825,0,1.496,-0.8637,0.8637,1]},
{"frame":29,"values":[0.9512,0.2754,-0.1392,0,-0.2926,0.9482,-0.1234,0,0.098,0.1581,0.9825,0,1.496,-0.8637,0.8637,1]}],"loopBehavior":1,"name":"anim","property":"_matrix"}},
{"name":"LeftHandThumb3","index":13,"matrix":[0.9926,0.0943,-0.0767,0,-0.0983,0.9939,-0.0494,0,0.0716,0.0566,0.9958,0,1.7859,-1.1863,0.9415,1],"rest":[0.9982,-0.0507,-0.0308,0,0.052,0.9976,0.046,0,0.0284,-0.0475,0.9985,0,1.7859,-1.1863,0.9415,1],"parentBoneIndex":12,"length":4.3787
,"animation":{"dataType":3,"framePerSecond":24,"keys":[
{"frame":1,"values":[0.9926,0.0943,-0.0767,0,-0.0983,0.9939,-0.0494,0,0.0716,0.0566,0.9958,0,1.7859,-1.1863,0.9415,1]},
