{"producer":{"name":"Blender","version":"2.90.0","exporter_version":"2.80.1","file":"option_point.babylon"},
"autoClear":true,"clearColor":[0.0509,0.0509,0.0509],"gravity":[0,-9.81,0],
"materials":[{"name":"Material","id":"Material","customType":"BABYLON.PBRMaterial","backFaceCulling":true,"checkReadyOnlyOnce":false,"maxSimultaneousLights":4,"environmentIntensity":1,"albedo":[0.8,0.8,0.8],"reflectivity":[0.5,0.5,0.5],"roughness":0.4,"alpha":1,"transparencyMode":0,"alphaCutOff":0.4,"metallic":0}],
"multiMaterials":[],
"skeletons":[{"name":"Armature","id":0,"dimensionsAtRest":[177.7018,230.6614,27.1405],"bones":[
{"name":"Hips","index":0,"matrix":[0.993,-0.0239,-0.1157,0,0.0138,0.9961,-0.0874,0,-0.1173,-0.0852,-0.9894,0,0.1026,111.7667,-0.4179,1],"rest":[1,0,0,0,0,1,0,0,0,0,-1,0,0,113.0334,0,1],"parentBoneIndex":-1,"length":12.9876
,"animation":{"dataType":3,"framePerSecond":24,"keys":[
{"frame":1,"values":[0.993,-0.0239,-0.1157,0,0.0138,0.9961,-0.0874,0,-0.1173,-0.0852,-0.9894,0,0.1026,111.7667,-0.4179,1]},
{"frame":2,"values":[0.9935,-0.0234,-0.1118,0,0.0138,0.9962,-0.0859,0,-0.1134,-0.0837,-0.99,0,0.1549,111.7448,-0.0732,1]},
{"frame":3,"values":[0.994,-0.0227,-0.1067,0,0.0138,0.9964,-0.0836,0,-0.1082,-0.0816,-0.9908,0,0.2017,111.7299,0.1716,1]},
{"frame":4,"values":[0.9949,-0.0213,-0.0989,0,0.0134,0.9967,-0.0798,0,-0.1003,-0.0781,-0.9919,0,0.234,111.7238,0.3892,1]},
{"frame":5,"values":[0.9959,-0.0188,-0.0886,0,0.0123,0.9972,-0.074,0,-0.0897,-0.0726,-0.9933,0,0.2443,111.719,0.5959,1]},
{"frame":6,"values":[0.9964,-0.0167,-0.0825,0,0.011,0.9975,-0.0692,0,-0.0835,-0.068,-0.9942,0,0.193,111.7212,0.764,1]},
{"frame":7,"values":[0.9968,-0.0151,-0.078,0,0.01,0.9979,-0.0645,0,-0.0788,-0.0636,-0.9949,0,0.1426,111.716,0.9125,1]},
{"frame":8,"values":[0.9971,-0.0143,-0.0752,0,0.0098,0.9982,-0.0598,0,-0.0759,-0.0589,-0.9954,0,0.0996,111.7174,1.0549,1]},
{"frame":9,"values":[0.9972,-0.0147,-0.0733,0,0.0107,0.9985,-0.0543,0,-0.074,-0.0533,-0.9958,0,0.0669,111.731,1.2107,1]},
{"frame":10,"values":[0.9972,-0.0159,-0.0731,0,0.0124,0.9988,-0.0482,0,-0.0737,-0.0471,-0.9962,0,0.0421,111.75,1.3862,1]},
{"frame":11,"values":[0.997,-0.0169,-0.0755,0,0.0137,0.999,-0.0426,0,-0.0762,-0.0414,-0.9962,0,0.0196,111.7661,1.5629,1]},
{"frame":12,"values":[0.9967,-0.0173,-0.079,0,0.0144,0.9992,-0.0378,0,-0.0796,-0.0365,-0.9962,0,-0.0039,111.7772,1.7718,1]},
{"frame":13,"values":[0.9966,-0.0177,-0.0802,0,0.0151,0.9993,-0.0328,0,-0.0807,-0.0315,-0.9962,0,-0.0334,111.7863,1.9536,1]},
{"frame":14,"values":[0.9968,-0.0184,-0.0782,0,0.0164,0.9995,-0.0257,0,-0.0786,-0.0244,-0.9966,0,-0.0727,111.8,2.0432,1]},
{"frame":15,"values":[0.997,-0.0186,-0.0745,0,0.0176,0.9997,-0.0139,0,-0.0748,-0.0126,-0.9971,0,-0.1153,111.823,2.015,1]},
{"frame":16,"values":[0.9975,-0.0174,-0.0692,0,0.0176,0.9998,0.0023,0,-0.0691,0.0035,-0.9976,0,-0.1636,111.8432,1.9063,1]},
{"frame":17,"values":[0.9981,-0.0157,-0.0597,0,0.0167,0.9997,0.0172,0,-0.0595,0.0182,-0.9981,0,-0.2449,111.8429,1.7987,1]},
{"frame":18,"values":[0.9989,-0.0152,-0.044,0,0.0163,0.9995,0.0256,0,-0.0436,0.0263,-0.9987,0,-0.3761,111.8335,1.7322,1]},
{"frame":19,"values":[0.9996,-0.0162,-0.0246,0,0.0169,0.9995,0.028,0,-0.0241,0.0285,-0.9993,0,-0.5403,111.8282,1.6862,1]},
{"frame":20,"values":[0.9998,-0.0177,-0.0068,0,0.0179,0.9995,0.0266,0,-0.0064,0.0267,-0.9996,0,-0.7142,111.8257,1.6473,1]},
{"frame":21,"values":[0.9998,-0.019,0.0051,0,0.0189,0.9995,0.0236,0,0.0055,0.0235,-0.9997,0,-0.8834,111.8203,1.6334,1]},
{"frame":22,"values":[0.9997,-0.0202,0.0097,0,0.02,0.9996,0.0204,0,0.0101,0.0202,-0.9997,0,-1.0379,111.8151,1.6707,1]},
{"frame":23,"values":[0.9997,-0.0213,0.0096,0,0.0212,0.9996,0.0173,0,0.01,0.0171,-0.9998,0,-1.1684,111.8093,1.7713,1]},
{"frame":24,"values":[0.9997,-0.0224,0.0071,0,0.0223,0.9996,0.0147,0,0.0074,0.0145,-0.9999,0,-1.2702,111.7983,1.9213,1]},
{"frame":25,"values":[0.9997,-0.0234,0.0038,0,0.0234,0.9996,0.0127,0,0.0041,0.0126,-0.9999,0,-1.3471,111.7832,2.086,1]},
{"frame":26,"values":[0.9997,-0.0243,0.0007,0,0.0243,0.9996,0.0111,0,0.001,0.0111,-0.9999,0,-1.407,111.7689,2.2341,1]},
{"frame":27,"values":[0.9997,-0.0252,-0.001,0,0.0253,0.9996,0.0092,0,-0.0007,0.0092,-1,0,-1.4541,111.7543,2.3536,1]},
{"frame":28,"values":[0.9997,-0.0262,-0.0007,0,0.0262,0.9996,0.0067,0,-0.0005,0.0067,-1,0,-1.486,111.7368,2.4509,1]},
{"frame":29,"values":[0.9996,-0.027,0.0006,0,0.027,0.9996,0.0044,0,0.0007,0.0044,-1,0,-1.5012,111.7187,2.5274,1]},
{"frame":30,"values":[0.9996,-0.0278,0.0016,0,0.0278,0.9996,0.0024,0,0.0017,0.0023,-1,0,-1.5049,111.7047,2.5708,1]},
{"frame":31,"values":[0.9996,-0.0285,0.0019,0,0.0285,0.9996,0.0001,0,0.0019,0,-1,0,-1.5007,111.6951,2.5728,1]},
{"frame":32,"values":[0.9996,-0.0292,0.0013,0,0.0292,0.9996,-0.0025,0,0.0012,-0.0026,-1,0,-1.4838,111.6891,2.5332,1]},
{"frame":33,"values":[0.9996,-0.0298,0.0001,0,0.0298,0.9995,-0.005,0,0,-0.005,-1,0,-1.4503,111.6884,2.454,1]},
{"frame":34,"values":[0.9995,-0.0304,-0.0013,0,0.0304,0.9995,-0.0069,0,-0.0015,-0.0069,-1,0,-1.4052,111.6934,2.3414,1]},
{"frame":35,"values":[0.9995,-0.0308,-0.0026,0,0.0308,0.9995,-0.0086,0,-0.0028,-0.0085,-1,0,-1.3533,111.702,2.2042,1]},
{"frame":36,"values":[0.9995,-0.0309,-0.0037,0,0.0309,0.9995,-0.0102,0,-0.004,-0.0101,-0.9999,0,-1.298,111.7117,2.0458,1]},
{"frame":37,"values":[0.9995,-0.0309,-0.005,0,0.0308,0.9995,-0.0118,0,-0.0053,-0.0117,-0.9999,0,-1.2437,111.7233,1.8666,1]},
{"frame":38,"values":[0.9995,-0.0309,-0.0069,0,0.0308,0.9994,-0.0135,0,-0.0073,-0.0133,-0.9999,0,-1.1909,111.7384,1.6745,1]},
{"frame":39,"values":[0.9995,-0.0311,-0.0096,0,0.031,0.9994,-0.0155,0,-0.0101,-0.0152,-0.9998,0,-1.1351,111.7546,1.4798,1]},
{"frame":40,"values":[0.9994,-0.0314,-0.013,0,0.0311,0.9994,-0.0182,0,-0.0135,-0.0177,-0.9998,0,-1.0759,111.7689,1.2852,1]},
{"frame":41,"values":[0.9994,-0.0315,-0.0167,0,0.0312,0.9993,-0.0212,0,-0.0173,-0.0206,-0.9996,0,-1.016,111.7819,1.09,1]},
{"frame":42,"values":[0.9993,-0.0315,-0.0209,0,0.0309,0.9992,-0.0247,0,-0.0217,-0.024,-0.9995,0,-0.9556,111.793,0.8994,1]},
{"frame":43,"values":[0.9992,-0.0314,-0.0258,0,0.0306,0.9991,-0.029,0,-0.0267,-0.0282,-0.9992,0,-0.8934,111.7979,0.7276,1]},
{"frame":44,"values":[0.999,-0.032,-0.0315,0,0.0309,0.9989,-0.035,0,-0.0326,-0.034,-0.9989,0,-0.8314,111.7939,0.5875,1]},
{"frame":45,"values":[0.9987,-0.0335,-0.0381,0,0.0319,0.9986,-0.0428,0,-0.0395,-0.0415,-0.9984,0,-0.7691,111.7845,0.478,1]},
{"frame":46,"values":[0.9983,-0.0352,-0.0454,0,0.0328,0.9981,-0.0516,0,-0.0472,-0.05,-0.9976,0,-0.6954,111.7814,0.3774,1]},
{"frame":47,"values":[0.998,-0.0358,-0.0529,0,0.0326,0.9976,-0.0603,0,-0.0549,-0.0585,-0.9968,0,-0.604,111.7926,0.2592,1]},
{"frame":48,"values":[0.9976,-0.0358,-0.0595,0,0.0316,0.997,-0.0702,0,-0.0618,-0.0682,-0.9958,0,-0.5048,111.8067,0.1193,1]},
{"frame":49,"values":[0.9973,-0.0361,-0.0646,0,0.0308,0.9962,-0.0817,0,-0.0673,-0.0794,-0.9946,0,-0.4084,111.8126,-0.0383,1]},
{"frame":50,"values":[0.997,-0.0364,-0.0679,0,0.0301,0.9953,-0.0921,0,-0.0709,-0.0898,-0.9934,0,-0.3174,111.8161,-0.2299,1]},
{"frame":51,"values":[0.9969,-0.0367,-0.0699,0,0.0297,0.9947,-0.0986,0,-0.0732,-0.0962,-0.9927,0,-0.2272,111.8323,-0.4713,1]},
{"frame":52,"values":[0.9967,-0.0378,-0.0717,0,0.0304,0.9944,-0.101,0,-0.0751,-0.0985,-0.9923,0,-0.1351,111.8638,-0.6282,1]},
{"frame":53,"values":[0.9964,-0.0386,-0.0749,0,0.0309,0.9944,-0.1009,0,-0.0784,-0.0982,-0.9921,0,-0.0494,111.9049,-0.7261,1]},
{"frame":54,"values":[0.996,-0.0373,-0.0807,0,0.0292,0.9947,-0.0988,0,-0.084,-0.0961,-0.9918,0,0.0177,111.9475,-0.7805,1]},
{"frame":55,"values":[0.9956,-0.0349,-0.0873,0,0.0264,0.995,-0.0968,0,-0.0903,-0.0941,-0.9915,0,0.0561,111.98,-0.8212,1]},
{"frame":56,"values":[0.9951,-0.0333,-0.0935,0,0.0242,0.995,-0.097,0,-0.0962,-0.0943,-0.9909,0,0.0728,111.9936,-0.8618,1]},
{"frame":57,"values":[0.9945,-0.0328,-0.0992,0,0.023,0.9949,-0.0986,0,-0.1019,-0.0958,-0.9902,0,0.0907,111.9907,-0.9014,1]},
{"frame":58,"values":[0.994,-0.0326,-0.1044,0,0.0222,0.9948,-0.0992,0,-0.1071,-0.0963,-0.9896,0,0.1099,111.9805,-0.9277,1]},
{"frame":59,"values":[0.9935,-0.0323,-0.109,0,0.0215,0.9949,-0.0986,0,-0.1116,-0.0957,-0.9891,0,0.1076,111.9699,-0.9379,1]},
{"frame":60,"values":[0.9931,-0.0316,-0.113,0,0.0205,0.995,-0.098,0,-0.1155,-0.095,-0.9888,0,0.0769,111.9628,-0.9372,1]},
{"frame":61,"values":[0.9928,-0.0307,-0.116,0,0.0193,0.995,-0.0979,0,-0.1185,-0.095,-0.9884,0,0.0351,111.9594,-0.9315,1]},
{"frame":62,"values":[0.9927,-0.029,-0.1169,0,0.0177,0.9952,-0.0965,0,-0.1191,-0.0937,-0.9884,0,0.0309,111.9271,-0.9009,1]},
{"frame":63,"values":[0.9927,-0.0276,-0.1177,0,0.0165,0.9954,-0.0944,0,-0.1198,-0.0918,-0.9885,0,0.0374,111.8925,-0.8561,1]},
{"frame":64,"values":[0.9925,-0.0263,-0.1191,0,0.0154,0.9956,-0.092,0,-0.121,-0.0895,-0.9886,0,0.0506,111.8586,-0.791,1]},
{"frame":65,"values":[0.9925,-0.0251,-0.12,0,0.0143,0.9958,-0.0902,0,-0.1217,-0.0878,-0.9887,0,0.067,111.826,-0.7069,1]},
{"frame":66,"values":[0.9926,-0.0243,-0.1188,0,0.0138,0.996,-0.0887,0,-0.1205,-0.0865,-0.9889,0,0.0827,111.7946,-0.5664,1]},
{"frame":67,"values":[0.993,-0.0239,-0.1157,0,0.0138,0.9961,-0.0874,0,-0.1173,-0.0852,-0.9894,0,0.1026,111.7667,-0.4179,1]}],"loopBehavior":1,"name":"anim","property":"_matrix"}},
{"name":"Spine","index":1,"matrix":[0.9996,0.0237,0.0169,0,-0.0234,0.9996,-0.0157,0,-0.0172,0.0153,0.9997,0,0,7.2445,0.6334,1],"rest":[1,0,0,0,0,1,0,0,0,0,1,0,0,7.2445,0.6334,1],"parentBoneIndex":0,"length":7.4267
,"animation":{"dataType":3,"framePerSecond":24,"keys":[
{"frame":1,"values":[0.9996,0.0237,0.0169,0,-0.0234,0.9996,-0.0157,0,-0.0172,0.0153,0.9997,0,0,7.2445,0.6334,1]},
{"frame":2,"values":[0.9996,0.0239,0.0164,0,-0.0237,0.9996,-0.0163,0,-0.0168,0.0159,0.9997,0,0,7.2445,0.6334,1]},
{"frame":3,"values":[0.9996,0.024,0.0164,0,-0.0238,0.9996,-0.0166,0,-0.0168,0.0162,0.9997,0,0,7.2445,0.6334,1]},
{"frame":4,"values":[0.9996,0.0238,0.017,0,-0.0236,0.9996,-0.0164,0,-0.0174,0.016,0.9997,0,0,7.2445,0.6334,1]},
{"frame":5,"values":[0.9996,0.0234,0.0177,0,-0.0231,0.9996,-0.0157,0,-0.018,0.0153,0.9997,0,0,7.2445,0.6334,1]},
{"frame":6,"values":[0.9996,0.0229,0.0182,0,-0.0226,0.9996,-0.0148,0,-0.0185,0.0143,0.9997,0,0,7.2445,0.6334,1]},
{"frame":7,"values":[0.9996,0.0225,0.018,0,-0.0222,0.9997,-0.0139,0,-0.0183,0.0135,0.9997,0,0,7.2445,0.6334,1]},
{"frame":8,"values":[0.9996,0.0224,0.0176,0,-0.0221,0.9997,-0.0136,0,-0.0179,0.0132,0.9998,0,0,7.2445,0.6334,1]},
{"frame":9,"values":[0.9996,0.0228,0.0174,0,-0.0225,0.9996,-0.0139,0,-0.0177,0.0135,0.9998,0,0,7.2445,0.6334,1]},
{"frame":10,"values":[0.9996,0.0238,0.0173,0,-0.0235,0.9996,-0.0149,0,-0.0177,0.0145,0.9997,0,0,7.2445,0.6334,1]},
{"frame":11,"values":[0.9995,0.0253,0.0168,0,-0.025,0.9996,-0.0165,0,-0.0172,0.0161,0.9997,0,0,7.2445,0.6334,1]},
{"frame":12,"values":[0.9995,0.0268,0.0143,0,-0.0265,0.9995,-0.0188,0,-0.0148,0.0185,0.9997,0,0,7.2445,0.6334,1]},
{"frame":13,"values":[0.9996,0.0277,0.0091,0,-0.0275,0.9994,-0.0214,0,-0.0096,0.0211,0.9997,0,0,7.2445,0.6334,1]},
{"frame":14,"values":[0.9996,0.0272,0.0002,0,-0.0272,0.9994,-0.0233,0,-0.0008,0.0233,0.9997,0,0,7.2445,0.6334,1]},
{"frame":15,"values":[0.9996,0.0249,-0.0112,0,-0.0252,0.9994,-0.0242,0,0.0106,0.0245,0.9996,0,0,7.2445,0.6334,1]},
{"frame":16,"values":[0.9995,0.0209,-0.0234,0,-0.0214,0.9995,-0.0244,0,0.0228,0.0249,0.9994,0,0,7.2445,0.6334,1]},
{"frame":17,"values":[0.9993,0.016,-0.0342,0,-0.0169,0.9996,-0.0245,0,0.0338,0.0251,0.9991,0,0,7.2445,0.6334,1]},
{"frame":18,"values":[0.9991,0.0114,-0.0418,0,-0.0125,0.9996,-0.0256,0,0.0415,0.0261,0.9988,0,0,7.2445,0.6334,1]},
{"frame":19,"values":[0.9989,0.0079,-0.0463,0,-0.0092,0.9996,-0.0279,0,0.0461,0.0283,0.9985,0,0,7.2445,0.6334,1]},
{"frame":20,"values":[0.9988,0.0059,-0.0481,0,-0.0074,0.9995,-0.0309,0,0.0479,0.0312,0.9984,0,0,7.2445,0.6334,1]},
{"frame":21,"values":[0.9988,0.0052,-0.0485,0,-0.0068,0.9994,-0.0338,0,0.0483,0.0341,0.9983,0,0,7.2445,0.6334,1]},
{"frame":22,"values":[0.9988,0.0054,-0.0485,0,-0.0071,0.9993,-0.0357,0,0.0482,0.036,0.9982,0,0,7.2445,0.6334,1]},
{"frame":23,"values":[0.9988,0.0058,-0.0484,0,-0.0075,0.9993,-0.0361,0,0.0481,0.0365,0.9982,0,0,7.2445,0.6334,1]},
{"frame":24,"values":[0.9988,0.0061,-0.0482,0,-0.0077,0.9994,-0.0349,0,0.0479,0.0352,0.9982,0,0,7.2445,0.6334,1]},
{"frame":25,"values":[0.9988,0.0062,-0.0477,0,-0.0077,0.9994,-0.0326,0,0.0475,0.0329,0.9983,0,0,7.2445,0.6334,1]},
{"frame":26,"values":[0.9989,0.0062,-0.0467,0,-0.0076,0.9995,-0.0297,0,0.0465,0.03,0.9985,0,0,7.2445,0.6334,1]},
{"frame":27,"values":[0.999,0.0061,-0.0452,0,-0.0073,0.9996,-0.027,0,0.045,0.0273,0.9986,0,0,7.2445,0.6334,1]},
{"frame":28,"values":[0.999,0.0059,-0.0432,0,-0.0069,0.9997,-0.0247,0,0.0431,0.0249,0.9988,0,0,7.2445,0.6334,1]},
{"frame":29,"values":[0.9991,0.0054,-0.0411,0,-0.0063,0.9997,-0.0229,0,0.041,0.0231,0.9989,0,0,7.2445,0.6334,1]},
{"frame":30,"values":[0.9992,0.0047,-0.0392,0,-0.0055,0.9998,-0.0216,0,0.0391,0.0218,0.999,0,0,7.2445,0.6334,1]},
{"frame":31,"values":[0.9993,0.0041,-0.0375,0,-0.0049,0.9998,-0.0208,0,0.0374,0.0209,0.9991,0,0,7.2445,0.6334,1]},
{"frame":32,"values":[0.9993,0.0038,-0.0361,0,-0.0045,0.9998,-0.0203,0,0.036,0.0205,0.9991,0,0,7.2445,0.6334,1]},
{"frame":33,"values":[0.9994,0.0038,-0.0349,0,-0.0045,0.9998,-0.0202,0,0.0348,0.0203,0.9992,0,0,7.2445,0.6334,1]},
{"frame":34,"values":[0.9994,0.004,-0.0338,0,-0.0047,0.9998,-0.0202,0,0.0337,0.0203,0.9992,0,0,7.2445,0.6334,1]},
{"frame":35,"values":[0.9995,0.0042,-0.0328,0,-0.0049,0.9998,-0.0203,0,0.0327,0.0205,0.9993,0,0,7.2445,0.6334,1]},
{"frame":36,"values":[0.9995,0.0044,-0.0318,0,-0.0051,0.9998,-0.0204,0,0.0317,0.0206,0.9993,0,0,7.2445,0.6334,1]},
{"frame":37,"values":[0.9995,0.0046,-0.0308,0,-0.0053,0.9998,-0.0205,0,0.0307,0.0207,0.9993,0,0,7.2445,0.6334,1]},
{"frame":38,"values":[0.9995,0.0049,-0.0298,0,-0.0055,0.9998,-0.0204,0,0.0297,0.0205,0.9993,0,0,7.2445,0.6334,1]},
{"frame":39,"values":[0.9996,0.0055,-0.0282,0,-0.0061,0.9998,-0.0198,0,0.0281,0.02,0.9994,0,0,7.2445,0.6334,1]},
{"frame":40,"values":[0.9997,0.0064,-0.0254,0,-0.0069,0.9998,-0.0186,0,0.0253,0.0188,0.9995,0,0,7.2445,0.6334,1]},
{"frame":41,"values":[0.9997,0.0074,-0.0211,0,-0.0078,0.9998,-0.0166,0,0.021,0.0168,0.9996,0,0,7.2445,0.6334,1]},
{"frame":42,"values":[0.9999,0.0083,-0.0151,0,-0.0085,0.9999,-0.014,0,0.015,0.0141,0.9998,0,0,7.2445,0.6334,1]},
{"frame":43,"values":[0.9999,0.0088,-0.0082,0,-0.0089,0.9999,-0.011,0,0.0081,0.0111,0.9999,0,0,7.2445,0.6334,1]},
{"frame":44,"values":[1,0.0089,-0.0012,0,-0.0089,0.9999,-0.0082,0,0.0011,0.0082,1,0,0,7.2445,0.6334,1]},
{"frame":45,"values":[1,0.0086,0.005,0,-0.0086,0.9999,-0.0058,0,-0.005,0.0057,1,0,0,7.2445,0.6334,1]},
{"frame":46,"values":[0.9999,0.0081,0.0098,0,-0.008,1,-0.004,0,-0.0099,0.004,0.9999,0,0,7.2445,0.6334,1]},
{"frame":47,"values":[0.9999,0.0074,0.0136,0,-0.0074,1,-0.003,0,-0.0136,0.0029,0.9999,0,0,7.2445,0.6334,1]},
{"frame":48,"values":[0.9998,0.0072,0.0169,0,-0.0072,1,-0.0027,0,-0.017,0.0026,0.9999,0,0,7.2445,0.6334,1]},
{"frame":49,"values":[0.9998,0.0076,0.0204,0,-0.0076,1,-0.0027,0,-0.0204,0.0025,0.9998,0,0,7.2445,0.6334,1]},
{"frame":50,"values":[0.9997,0.0088,0.0241,0,-0.0088,1,-0.0021,0,-0.0241,0.0019,0.9997,0,0,7.2445,0.6334,1]},
{"frame":51,"values":[0.9996,0.0104,0.0276,0,-0.0104,0.9999,-0.0004,0,-0.0276,0.0001,0.9996,0,0,7.2445,0.6334,1]},
{"frame":52,"values":[0.9995,0.0121,0.0305,0,-0.0122,0.9999,0.0024,0,-0.0305,-0.0028,0.9995,0,0,7.2445,0.6334,1]},
{"frame":53,"values":[0.9994,0.0136,0.0325,0,-0.0137,0.9999,0.0058,0,-0.0324,-0.0062,0.9995,0,0,7.2445,0.6334,1]},
{"frame":54,"values":[0.9993,0.0145,0.0334,0,-0.0148,0.9999,0.0086,0,-0.0333,-0.009,0.9994,0,0,7.2445,0.6334,1]},
{"frame":55,"values":[0.9993,0.015,0.0336,0,-0.0154,0.9998,0.0101,0,-0.0335,-0.0107,0.9994,0,0,7.2445,0.6334,1]},
{"frame":56,"values":[0.9993,0.0153,0.0332,0,-0.0156,0.9998,0.0103,0,-0.033,-0.0108,0.9994,0,0,7.2445,0.6334,1]},
{"frame":57,"values":[0.9994,0.0153,0.032,0,-0.0156,0.9998,0.0095,0,-0.0318,-0.01,0.9994,0,0,7.2445,0.6334,1]},
{"frame":58,"values":[0.9994,0.0154,0.0302,0,-0.0157,0.9998,0.0083,0,-0.0301,-0.0088,0.9995,0,0,7.2445,0.6334,1]},
{"frame":59,"values":[0.9995,0.0156,0.0285,0,-0.0158,0.9999,0.007,0,-0.0284,-0.0074,0.9996,0,0,7.2445,0.6334,1]},
{"frame":60,"values":[0.9995,0.0163,0.0272,0,-0.0164,0.9999,0.0049,0,-0.0271,-0.0053,0.9996,0,0,7.2445,0.6334,1]},
{"frame":61,"values":[0.9995,0.0172,0.0262,0,-0.0173,0.9998,0.0019,0,-0.0261,-0.0024,0.9997,0,0,7.2445,0.6334,1]},
{"frame":62,"values":[0.9995,0.0184,0.0252,0,-0.0183,0.9998,-0.0015,0,-0.0252,0.001,0.9997,0,0,7.2445,0.6334,1]},
{"frame":63,"values":[0.9995,0.0196,0.024,0,-0.0195,0.9998,-0.0049,0,-0.0241,0.0044,0.9997,0,0,7.2445,0.6334,1]},
{"frame":64,"values":[0.9995,0.021,0.0224,0,-0.0208,0.9997,-0.0083,0,-0.0225,0.0078,0.9997,0,0,7.2445,0.6334,1]},
{"frame":65,"values":[0.9995,0.0223,0.0204,0,-0.0221,0.9997,-0.0113,0,-0.0206,0.0108,0.9997,0,0,7.2445,0.6334,1]},
{"frame":66,"values":[0.9996,0.0232,0.0185,0,-0.0229,0.9996,-0.0137,0,-0.0188,0.0133,0.9997,0,0,7.2445,0.6334,1]},
{"frame":67,"values":[0.9996,0.0237,0.0169,0,-0.0234,0.9996,-0.0157,0,-0.0172,0.0153,0.9997,0,0,7.2445,0.6334,1]}],"loopBehavior":1,"name":"anim","property":"_matrix"}},
{"name":"Spine1","index":2,"matrix":[0.9998,0.0158,0.0125,0,-0.0155,0.9996,-0.0253,0,-0.0129,0.0252,0.9996,0,0,7.425,0.1598,1],"rest":[1,0,0,0,0,1,0,0,0,0,1,0,0,7.425,0.1598,1],"parentBoneIndex":1,"length":8.6299
,"animation":{"dataType":3,"framePerSecond":24,"keys":[
{"frame":1,"values":[0.9998,0.0158,0.0125,0,-0.0155,0.9996,-0.0253,0,-0.0129,0.0252,0.9996,0,0,7.425,0.1598,1]},
{"frame":2,"values":[0.9998,0.016,0.0121,0,-0.0156,0.9995,-0.0259,0,-0.0125,0.0257,0.9996,0,0,7.425,0.1598,1]},
{"frame":3,"values":[0.9998,0.0159,0.0121,0,-0.0156,0.9995,-0.0265,0,-0.0125,0.0263,0.9996,0,0,7.425,0.1598,1]},
{"frame":4,"values":[0.9998,0.0156,0.0125,0,-0.0152,0.9995,-0.0267,0,-0.0129,0.0265,0.9996,0,0,7.425,0.1598,1]},
{"frame":5,"values":[0.9998,0.0149,0.013,0,-0.0146,0.9995,-0.0265,0,-0.0134,0.0263,0.9996,0,0,7.425,0.1598,1]},
{"frame":6,"values":[0.9998,0.0143,0.0134,0,-0.0139,0.9996,-0.0262,0,-0.0137,0.026,0.9996,0,0,7.425,0.1598,1]},
{"frame":7,"values":[0.9998,0.0138,0.0132,0,-0.0134,0.9996,-0.0258,0,-0.0136,0.0256,0.9996,0,0,7.425,0.1598,1]},
{"frame":8,"values":[0.9998,0.0137,0.0129,0,-0.0134,0.9996,-0.0257,0,-0.0133,0.0255,0.9996,0,0,7.425,0.1598,1]},
{"frame":9,"values":[0.9998,0.0142,0.0127,0,-0.0139,0.9996,-0.0259,0,-0.0131,0.0257,0.9996,0,0,7.425,0.1598,1]},
{"frame":10,"values":[0.9998,0.0153,0.0127,0,-0.0149,0.9995,-0.0265,0,-0.0131,0.0263,0.9996,0,0,7.425,0.1598,1]},
{"frame":11,"values":[0.9998,0.0167,0.0123,0,-0.0163,0.9995,-0.0274,0,-0.0127,0.0272,0.9995,0,0,7.425,0.1598,1]},
{"frame":12,"values":[0.9998,0.0181,0.0105,0,-0.0178,0.9994,-0.0287,0,-0.011,0.0285,0.9995,0,0,7.425,0.1598,1]},
{"frame":13,"values":[0.9998,0.0189,0.0064,0,-0.0187,0.9994,-0.03,0,-0.007,0.0299,0.9995,0,0,7.425,0.1598,1]},
{"frame":14,"values":[0.9998,0.0187,-0.0004,0,-0.0187,0.9993,-0.0309,0,-0.0002,0.0309,0.9995,0,0,7.425,0.1598,1]},
{"frame":15,"values":[0.9998,0.0171,-0.0091,0,-0.0174,0.9994,-0.0311,0,0.0086,0.0312,0.9995,0,0,7.425,0.1598,1]},
{"frame":16,"values":[0.9997,0.0144,-0.0185,0,-0.015,0.9994,-0.0307,0,0.018,0.031,0.9994,0,0,7.425,0.1598,1]},
{"frame":17,"values":[0.9996,0.0111,-0.0268,0,-0.0119,0.9995,-0.0305,0,0.0264,0.0308,0.9992,0,0,7.425,0.1598,1]},
{"frame":18,"values":[0.9994,0.008,-0.0327,0,-0.009,0.9995,-0.0312,0,0.0325,0.0315,0.999,0,0,7.425,0.1598,1]},
{"frame":19,"values":[0.9993,0.0055,-0.0362,0,-0.0067,0.9994,-0.033,0,0.036,0.0332,0.9988,0,0,7.425,0.1598,1]},
{"frame":20,"values":[0.9993,0.0039,-0.0377,0,-0.0052,0.9994,-0.0355,0,0.0375,0.0357,0.9987,0,0,7.425,0.1598,1]},
{"frame":21,"values":[0.9993,0.0031,-0.0381,0,-0.0045,0.9993,-0.0379,0,0.0379,0.0381,0.9986,0,0,7.425,0.1598,1]},
{"frame":22,"values":[0.9993,0.0029,-0.038,0,-0.0044,0.9992,-0.0395,0,0.0379,0.0396,0.9985,0,0,7.425,0.1598,1]},
{"frame":23,"values":[0.9993,0.0029,-0.0379,0,-0.0045,0.9992,-0.0398,0,0.0378,0.04,0.9985,0,0,7.425,0.1598,1]},
{"frame":24,"values":[0.9993,0.003,-0.0378,0,-0.0045,0.9992,-0.0389,0,0.0376,0.039,0.9985,0,0,7.425,0.1598,1]},
{"frame":25,"values":[0.9993,0.0031,-0.0374,0,-0.0045,0.9993,-0.037,0,0.0373,0.0371,0.9986,0,0,7.425,0.1598,1]},
{"frame":26,"values":[0.9993,0.0032,-0.0366,0,-0.0045,0.9994,-0.0348,0,0.0365,0.0349,0.9987,0,0,7.425,0.1598,1]},
{"frame":27,"values":[0.9994,0.0032,-0.0354,0,-0.0044,0.9995,-0.0327,0,0.0353,0.0328,0.9988,0,0,7.425,0.1598,1]},
{"frame":28,"values":[0.9994,0.003,-0.0339,0,-0.0041,0.9995,-0.0309,0,0.0338,0.0311,0.9989,0,0,7.425,0.1598,1]},
{"frame":29,"values":[0.9995,0.0027,-0.0324,0,-0.0037,0.9996,-0.0296,0,0.0323,0.0297,0.999,0,0,7.425,0.1598,1]},
{"frame":30,"values":[0.9995,0.0023,-0.0309,0,-0.0031,0.9996,-0.0286,0,0.0308,0.0286,0.9991,0,0,7.425,0.1598,1]},
{"frame":31,"values":[0.9996,0.0018,-0.0296,0,-0.0027,0.9996,-0.0279,0,0.0295,0.0279,0.9992,0,0,7.425,0.1598,1]},
{"frame":32,"values":[0.9996,0.0016,-0.0285,0,-0.0024,0.9996,-0.0275,0,0.0284,0.0276,0.9992,0,0,7.425,0.1598,1]},
{"frame":33,"values":[0.9996,0.0016,-0.0275,0,-0.0023,0.9996,-0.0274,0,0.0275,0.0275,0.9992,0,0,7.425,0.1598,1]},
{"frame":34,"values":[0.9996,0.0017,-0.0267,0,-0.0024,0.9996,-0.0274,0,0.0266,0.0275,0.9993,0,0,7.425,0.1598,1]},
{"frame":35,"values":[0.9997,0.0019,-0.0258,0,-0.0026,0.9996,-0.0275,0,0.0258,0.0276,0.9993,0,0,7.425,0.1598,1]},
{"frame":36,"values":[0.9997,0.002,-0.0251,0,-0.0026,0.9996,-0.0275,0,0.025,0.0276,0.9993,0,0,7.425,0.1598,1]},
{"frame":37,"values":[0.9997,0.002,-0.0243,0,-0.0027,0.9996,-0.0275,0,0.0243,0.0276,0.9993,0,0,7.425,0.1598,1]},
{"frame":38,"values":[0.9997,0.0022,-0.0235,0,-0.0028,0.9996,-0.0274,0,0.0234,0.0274,0.9993,0,0,7.425,0.1598,1]},
{"frame":39,"values":[0.9997,0.0025,-0.0223,0,-0.0031,0.9996,-0.027,0,0.0222,0.0271,0.9994,0,0,7.425,0.1598,1]},
{"frame":40,"values":[0.9998,0.003,-0.0201,0,-0.0035,0.9996,-0.0263,0,0.02,0.0263,0.9995,0,0,7.425,0.1598,1]},
{"frame":41,"values":[0.9999,0.0036,-0.0167,0,-0.004,0.9997,-0.0251,0,0.0166,0.0252,0.9995,0,0,7.425,0.1598,1]},
{"frame":42,"values":[0.9999,0.0041,-0.0121,0,-0.0044,0.9997,-0.0236,0,0.012,0.0236,0.9996,0,0,7.425,0.1598,1]},
{"frame":43,"values":[1,0.0045,-0.0067,0,-0.0047,0.9998,-0.0218,0,0.0066,0.0219,0.9997,0,0,7.425,0.1598,1]},
{"frame":44,"values":[1,0.0048,-0.0013,0,-0.0048,0.9998,-0.02,0,0.0013,0.0201,0.9998,0,0,7.425,0.1598,1]},
{"frame":45,"values":[1,0.005,0.0034,0,-0.0049,0.9998,-0.0184,0,-0.0035,0.0184,0.9998,0,0,7.425,0.1598,1]},
{"frame":46,"values":[1,0.005,0.0072,0,-0.0049,0.9998,-0.0172,0,-0.0073,0.0171,0.9998,0,0,7.425,0.1598,1]},
{"frame":47,"values":[0.9999,0.005,0.0102,0,-0.0049,0.9999,-0.0164,0,-0.0102,0.0163,0.9998,0,0,7.425,0.1598,1]},
{"frame":48,"values":[0.9999,0.0052,0.0127,0,-0.005,0.9999,-0.016,0,-0.0128,0.016,0.9998,0,0,7.425,0.1598,1]},
{"frame":49,"values":[0.9999,0.0057,0.0154,0,-0.0055,0.9999,-0.0159,0,-0.0155,0.0158,0.9998,0,0,7.425,0.1598,1]},
{"frame":50,"values":[0.9998,0.0068,0.0182,0,-0.0065,0.9999,-0.0154,0,-0.0183,0.0153,0.9997,0,0,7.425,0.1598,1]},
{"frame":51,"values":[0.9997,0.0083,0.0209,0,-0.008,0.9999,-0.0142,0,-0.021,0.014,0.9997,0,0,7.425,0.1598,1]},
{"frame":52,"values":[0.9997,0.0097,0.023,0,-0.0095,0.9999,-0.0121,0,-0.0231,0.0119,0.9997,0,0,7.425,0.1598,1]},
{"frame":53,"values":[0.9996,0.0109,0.0244,0,-0.0106,0.9999,-0.0097,0,-0.0245,0.0095,0.9997,0,0,7.425,0.1598,1]},
{"frame":54,"values":[0.9996,0.0114,0.0251,0,-0.0112,0.9999,-0.0077,0,-0.0252,0.0074,0.9997,0,0,7.425,0.1598,1]},
{"frame":55,"values":[0.9996,0.0114,0.0253,0,-0.0113,0.9999,-0.0065,0,-0.0254,0.0062,0.9997,0,0,7.425,0.1598,1]},
{"frame":56,"values":[0.9996,0.0112,0.025,0,-0.011,0.9999,-0.0064,0,-0.0251,0.0061,0.9997,0,0,7.425,0.1598,1]},
{"frame":57,"values":[0.9996,0.011,0.0241,0,-0.0108,0.9999,-0.0069,0,-0.0242,0.0067,0.9997,0,0,7.425,0.1598,1]},
{"frame":58,"values":[0.9997,0.011,0.0228,0,-0.0108,0.9999,-0.0078,0,-0.0229,0.0075,0.9997,0,0,7.425,0.1598,1]},
{"frame":59,"values":[0.9997,0.0112,0.0215,0,-0.0111,0.9999,-0.0087,0,-0.0216,0.0085,0.9997,0,0,7.425,0.1598,1]},
{"frame":60,"values":[0.9997,0.0117,0.0205,0,-0.0115,0.9999,-0.0102,0,-0.0206,0.01,0.9997,0,0,7.425,0.1598,1]},
{"frame":61,"values":[0.9997,0.0124,0.0197,0,-0.0121,0.9999,-0.0123,0,-0.0198,0.0121,0.9997,0,0,7.425,0.1598,1]},
{"frame":62,"values":[0.9997,0.0131,0.0189,0,-0.0128,0.9998,-0.0148,0,-0.0191,0.0145,0.9997,0,0,7.425,0.1598,1]},
{"frame":63,"values":[0.9997,0.0138,0.018,0,-0.0135,0.9998,-0.0173,0,-0.0183,0.017,0.9997,0,0,7.425,0.1598,1]},
{"frame":64,"values":[0.9998,0.0146,0.0168,0,-0.0142,0.9997,-0.0197,0,-0.0171,0.0195,0.9997,0,0,7.425,0.1598,1]},
{"frame":65,"values":[0.9998,0.0152,0.0152,0,-0.0149,0.9996,-0.022,0,-0.0156,0.0217,0.9996,0,0,7.425,0.1598,1]},
{"frame":66,"values":[0.9998,0.0156,0.0138,0,-0.0153,0.9996,-0.0239,0,-0.0141,0.0236,0.9996,0,0,7.425,0.1598,1]},
{"frame":67,"values":[0.9998,0.0158,0.0125,0,-0.0155,0.9996,-0.0253,0,-0.0129,0.0252,0.9996,0,0,7.425,0.1598,1]}],"loopBehavior":1,"name":"anim","property":"_matrix"}},
{"name":"Spine2","index":3,"matrix":[0.9998,0.0161,0.0118,0,-0.0158,0.9996,-0.0254,0,-0.0122,0.0252,0.9996,0,0,8.6226,-0.3542,1],"rest":[1,0,0,0,0,1,0,0,0,0,1,0,0,8.6226,-0.3542,1],"parentBoneIndex":2,"length":20.7438
,"animation":{"dataType":3,"framePerSecond":24,"keys":[
{"frame":1,"values":[0.9998,0.0161,0.0118,0,-0.0158,0.9996,-0.0254,0,-0.0122,0.0252,0.9996,0,0,8.6226,-0.3542,1]},
{"frame":2,"values":[0.9998,0.0163,0.0114,0,-0.016,0.9995,-0.026,0,-0.0118,0.0258,0.9996,0,0,8.6226,-0.3542,1]},
{"frame":3,"values":[0.9998,0.0163,0.0114,0,-0.016,0.9995,-0.0265,0,-0.0118,0.0263,0.9996,0,0,8.6226,-0.3542,1]},
{"frame":4,"values":[0.9998,0.0159,0.0118,0,-0.0156,0.9995,-0.0268,0,-0.0122,0.0266,0.9996,0,0,8.6226,-0.3542,1]},
{"frame":5,"values":[0.9998,0.0153,0.0122,0,-0.015,0.9995,-0.0266,0,-0.0126,0.0264,0.9996,0,0,8.6226,-0.3542,1]},
{"frame":6,"values":[0.9998,0.0147,0.0126,0,-0.0143,0.9996,-0.0263,0,-0.013,0.0261,0.9996,0,0,8.6226,-0.3542,1]},
{"frame":7,"values":[0.9998,0.0142,0.0125,0,-0.0139,0.9996,-0.0258,0,-0.0129,0.0257,0.9996,0,0,8.6226,-0.3542,1]},
{"frame":8,"values":[0.9998,0.0142,0.0122,0,-0.0138,0.9996,-0.0258,0,-0.0126,0.0256,0.9996,0,0,8.6226,-0.3542,1]},
{"frame":9,"values":[0.9998,0.0146,0.012,0,-0.0143,0.9996,-0.026,0,-0.0124,0.0258,0.9996,0,0,8.6226,-0.3542,1]},
{"frame":10,"values":[0.9998,0.0157,0.012,0,-0.0153,0.9995,-0.0266,0,-0.0124,0.0264,0.9996,0,0,8.6226,-0.3542,1]},
{"frame":11,"values":[0.9998,0.017,0.0115,0,-0.0167,0.9995,-0.0275,0,-0.012,0.0273,0.9996,0,0,8.6226,-0.3542,1]},
{"frame":12,"values":[0.9998,0.0184,0.0097,0,-0.0181,0.9994,-0.0288,0,-0.0102,0.0286,0.9995,0,0,8.6226,-0.3542,1]},
{"frame":13,"values":[0.9998,0.0191,0.0056,0,-0.0189,0.9994,-0.0301,0,-0.0062,0.03,0.9995,0,0,8.6226,-0.3542,1]},
{"frame":14,"values":[0.9998,0.0186,-0.0011,0,-0.0186,0.9993,-0.0309,0,0.0005,0.0309,0.9995,0,0,8.6226,-0.3542,1]},
{"frame":15,"values":[0.9998,0.0168,-0.0097,0,-0.0171,0.9994,-0.0311,0,0.0092,0.0312,0.9995,0,0,8.6226,-0.3542,1]},
{"frame":16,"values":[0.9997,0.0138,-0.0189,0,-0.0144,0.9994,-0.0307,0,0.0185,0.031,0.9993,0,0,8.6226,-0.3542,1]},
{"frame":17,"values":[0.9996,0.0104,-0.027,0,-0.0112,0.9995,-0.0306,0,0.0267,0.0309,0.9992,0,0,8.6226,-0.3542,1]},
{"frame":18,"values":[0.9994,0.0071,-0.0328,0,-0.0081,0.9995,-0.0314,0,0.0326,0.0316,0.999,0,0,8.6226,-0.3542,1]},
{"frame":19,"values":[0.9993,0.0045,-0.0362,0,-0.0057,0.9994,-0.0332,0,0.036,0.0334,0.9988,0,0,8.6226,-0.3542,1]},
{"frame":20,"values":[0.9993,0.0028,-0.0375,0,-0.0042,0.9994,-0.0357,0,0.0374,0.0359,0.9987,0,0,8.6226,-0.3542,1]},
{"frame":21,"values":[0.9993,0.002,-0.0379,0,-0.0035,0.9993,-0.0382,0,0.0378,0.0383,0.9986,0,0,8.6226,-0.3542,1]},
{"frame":22,"values":[0.9993,0.0018,-0.0378,0,-0.0033,0.9992,-0.0398,0,0.0377,0.0399,0.9985,0,0,8.6226,-0.3542,1]},
{"frame":23,"values":[0.9993,0.0019,-0.0378,0,-0.0034,0.9992,-0.0401,0,0.0377,0.0402,0.9985,0,0,8.6226,-0.3542,1]},
{"frame":24,"values":[0.9993,0.002,-0.0376,0,-0.0034,0.9992,-0.0391,0,0.0375,0.0392,0.9985,0,0,8.6226,-0.3542,1]},
{"frame":25,"values":[0.9993,0.0021,-0.0373,0,-0.0035,0.9993,-0.0372,0,0.0372,0.0373,0.9986,0,0,8.6226,-0.3542,1]},
{"frame":26,"values":[0.9993,0.0022,-0.0365,0,-0.0034,0.9994,-0.035,0,0.0364,0.0351,0.9987,0,0,8.6226,-0.3542,1]},
{"frame":27,"values":[0.9994,0.0022,-0.0353,0,-0.0034,0.9995,-0.0329,0,0.0352,0.033,0.9988,0,0,8.6226,-0.3542,1]},
{"frame":28,"values":[0.9994,0.0021,-0.0338,0,-0.0031,0.9995,-0.0311,0,0.0338,0.0312,0.9989,0,0,8.6226,-0.3542,1]},
{"frame":29,"values":[0.9995,0.0018,-0.0323,0,-0.0028,0.9996,-0.0297,0,0.0322,0.0298,0.999,0,0,8.6226,-0.3542,1]},
{"frame":30,"values":[0.9995,0.0014,-0.0308,0,-0.0023,0.9996,-0.0287,0,0.0307,0.0288,0.9991,0,0,8.6226,-0.3542,1]},
{"frame":31,"values":[0.9996,0.001,-0.0295,0,-0.0018,0.9996,-0.028,0,0.0294,0.0281,0.9992,0,0,8.6226,-0.3542,1]},
{"frame":32,"values":[0.9996,0.0008,-0.0284,0,-0.0015,0.9996,-0.0277,0,0.0283,0.0277,0.9992,0,0,8.6226,-0.3542,1]},
{"frame":33,"values":[0.9996,0.0008,-0.0274,0,-0.0015,0.9996,-0.0275,0,0.0274,0.0276,0.9992,0,0,8.6226,-0.3542,1]},
{"frame":34,"values":[0.9996,0.0009,-0.0266,0,-0.0017,0.9996,-0.0275,0,0.0266,0.0276,0.9993,0,0,8.6226,-0.3542,1]},
{"frame":35,"values":[0.9997,0.0011,-0.0258,0,-0.0018,0.9996,-0.0276,0,0.0258,0.0276,0.9993,0,0,8.6226,-0.3542,1]},
{"frame":36,"values":[0.9997,0.0012,-0.025,0,-0.0019,0.9996,-0.0276,0,0.025,0.0277,0.9993,0,0,8.6226,-0.3542,1]},
{"frame":37,"values":[0.9997,0.0013,-0.0243,0,-0.002,0.9996,-0.0276,0,0.0243,0.0277,0.9993,0,0,8.6226,-0.3542,1]},
{"frame":38,"values":[0.9997,0.0015,-0.0235,0,-0.0022,0.9996,-0.0274,0,0.0234,0.0275,0.9993,0,0,8.6226,-0.3542,1]},
{"frame":39,"values":[0.9997,0.0019,-0.0223,0,-0.0025,0.9996,-0.0271,0,0.0222,0.0271,0.9994,0,0,8.6226,-0.3542,1]},
{"frame":40,"values":[0.9998,0.0024,-0.0202,0,-0.0029,0.9996,-0.0263,0,0.0201,0.0264,0.9995,0,0,8.6226,-0.3542,1]},
{"frame":41,"values":[0.9999,0.0031,-0.0168,0,-0.0035,0.9997,-0.0251,0,0.0168,0.0252,0.9995,0,0,8.6226,-0.3542,1]},
{"frame":42,"values":[0.9999,0.0037,-0.0123,0,-0.004,0.9997,-0.0236,0,0.0122,0.0236,0.9996,0,0,8.6226,-0.3542,1]},
{"frame":43,"values":[1,0.0043,-0.0069,0,-0.0044,0.9998,-0.0218,0,0.0068,0.0219,0.9997,0,0,8.6226,-0.3542,1]},
{"frame":44,"values":[1,0.0047,-0.0016,0,-0.0048,0.9998,-0.02,0,0.0015,0.0201,0.9998,0,0,8.6226,-0.3542,1]},
{"frame":45,"values":[1,0.0051,0.0032,0,-0.005,0.9998,-0.0184,0,-0.0033,0.0184,0.9998,0,0,8.6226,-0.3542,1]},
{"frame":46,"values":[1,0.0052,0.007,0,-0.0051,0.9998,-0.0172,0,-0.007,0.0171,0.9998,0,0,8.6226,-0.3542,1]},
{"frame":47,"values":[0.9999,0.0053,0.0099,0,-0.0052,0.9999,-0.0164,0,-0.01,0.0163,0.9998,0,0,8.6226,-0.3542,1]},
{"frame":48,"values":[0.9999,0.0056,0.0125,0,-0.0054,0.9999,-0.0161,0,-0.0126,0.016,0.9998,0,0,8.6226,-0.3542,1]},
{"frame":49,"values":[0.9999,0.0062,0.0151,0,-0.0059,0.9999,-0.0159,0,-0.0152,0.0158,0.9998,0,0,8.6226,-0.3542,1]},
{"frame":50,"values":[0.9998,0.0074,0.0179,0,-0.0071,0.9999,-0.0154,0,-0.018,0.0153,0.9997,0,0,8.6226,-0.3542,1]},
{"frame":51,"values":[0.9998,0.0089,0.0205,0,-0.0086,0.9999,-0.0142,0,-0.0206,0.014,0.9997,0,0,8.6226,-0.3542,1]},
{"frame":52,"values":[0.9997,0.0105,0.0225,0,-0.0102,0.9999,-0.0122,0,-0.0227,0.0119,0.9997,0,0,8.6226,-0.3542,1]},
{"frame":53,"values":[0.9996,0.0117,0.0239,0,-0.0114,0.9999,-0.0098,0,-0.024,0.0095,0.9997,0,0,8.6226,-0.3542,1]},
{"frame":54,"values":[0.9996,0.0122,0.0246,0,-0.0121,0.9999,-0.0078,0,-0.0247,0.0075,0.9997,0,0,8.6226,-0.3542,1]},
{"frame":55,"values":[0.9996,0.0123,0.0248,0,-0.0121,0.9999,-0.0066,0,-0.0249,0.0063,0.9997,0,0,8.6226,-0.3542,1]},
{"frame":56,"values":[0.9996,0.012,0.0245,0,-0.0119,0.9999,-0.0065,0,-0.0246,0.0062,0.9997,0,0,8.6226,-0.3542,1]},
{"frame":57,"values":[0.9997,0.0118,0.0236,0,-0.0116,0.9999,-0.007,0,-0.0237,0.0068,0.9997,0,0,8.6226,-0.3542,1]},
{"frame":58,"values":[0.9997,0.0118,0.0223,0,-0.0116,0.9999,-0.0079,0,-0.0224,0.0076,0.9997,0,0,8.6226,-0.3542,1]},
{"frame":59,"values":[0.9997,0.012,0.021,0,-0.0118,0.9999,-0.0088,0,-0.0211,0.0085,0.9997,0,0,8.6226,-0.3542,1]},
{"frame":60,"values":[0.9997,0.0124,0.0199,0,-0.0122,0.9999,-0.0103,0,-0.0201,0.01,0.9997,0,0,8.6226,-0.3542,1]},
{"frame":61,"values":[0.9997,0.013,0.0191,0,-0.0128,0.9998,-0.0124,0,-0.0193,0.0122,0.9997,0,0,8.6226,-0.3542,1]},
{"frame":62,"values":[0.9997,0.0137,0.0184,0,-0.0134,0.9998,-0.0148,0,-0.0186,0.0146,0.9997,0,0,8.6226,-0.3542,1]},
{"frame":63,"values":[0.9997,0.0144,0.0174,0,-0.0141,0.9998,-0.0173,0,-0.0177,0.0171,0.9997,0,0,8.6226,-0.3542,1]},
{"frame":64,"values":[0.9998,0.0151,0.0161,0,-0.0148,0.9997,-0.0198,0,-0.0164,0.0196,0.9997,0,0,8.6226,-0.3542,1]},
{"frame":65,"values":[0.9998,0.0156,0.0146,0,-0.0153,0.9996,-0.0221,0,-0.0149,0.0218,0.9997,0,0,8.6226,-0.3542,1]},
{"frame":66,"values":[0.9998,0.016,0.0131,0,-0.0157,0.9996,-0.0239,0,-0.0135,0.0237,0.9996,0,0,8.6226,-0.3542,1]},
{"frame":67,"values":[0.9998,0.0161,0.0118,0,-0.0158,0.9996,-0.0254,0,-0.0122,0.0252,0.9996,0,0,8.6226,-0.3542,1]}],"loopBehavior":1,"name":"anim","property":"_matrix"}},
{"name":"Neck","index":4,"matrix":[0.9991,-0.0308,-0.0289,0,0.0274,0.9934,-0.1115,0,0.0321,0.1106,0.9933,0,0,23.6053,-4.5263,1],"rest":[1,0,0,0,0,1,0,0,0,0,1,0,0,23.6053,-4.5263,1],"parentBoneIndex":3,"length":10.3542
,"animation":{"dataType":3,"framePerSecond":24,"keys":[
{"frame":1,"values":[0.9991,-0.0308,-0.0289,0,0.0274,0.9934,-0.1115,0,0.0321,0.1106,0.9933,0,0,23.6053,-4.5263,1]},
{"frame":2,"values":[0.9991,-0.0313,-0.0279,0,0.0282,0.994,-0.106,0,0.031,0.1051,0.994,0,0,23.6053,-4.5263,1]},
{"frame":3,"values":[0.9991,-0.0319,-0.0269,0,0.029,0.9945,-0.1003,0,0.0299,0.0994,0.9946,0,0,23.6053,-4.5263,1]},
{"frame":4,"values":[0.9991,-0.0329,-0.026,0,0.0303,0.995,-0.0947,0,0.029,0.0938,0.9952,0,0,23.6053,-4.5263,1]},
{"frame":5,"values":[0.9991,-0.0347,-0.0255,0,0.0322,0.9954,-0.0903,0,0.0285,0.0894,0.9956,0,0,23.6053,-4.5263,1]},
{"frame":6,"values":[0.999,-0.0367,-0.0252,0,0.0344,0.9956,-0.0872,0,0.0283,0.0863,0.9959,0,0,23.6053,-4.5263,1]},
{"frame":7,"values":[0.9989,-0.0387,-0.025,0,0.0364,0.9957,-0.0853,0,0.0282,0.0843,0.996,0,0,23.6053,-4.5263,1]},
{"frame":8,"values":[0.9989,-0.0399,-0.0248,0,0.0377,0.9959,-0.0825,0,0.028,0.0815,0.9963,0,0,23.6053,-4.5263,1]},
{"frame":9,"values":[0.9989,-0.0399,-0.0248,0,0.0379,0.9961,-0.0792,0,0.0279,0.0781,0.9966,0,0,23.6053,-4.5263,1]},
{"frame":10,"values":[0.9989,-0.0386,-0.0255,0,0.0366,0.9964,-0.0759,0,0.0283,0.0748,0.9968,0,0,23.6053,-4.5263,1]},
{"frame":11,"values":[0.999,-0.0361,-0.0266,0,0.0341,0.9967,-0.0734,0,0.0292,0.0724,0.9969,0,0,23.6053,-4.5263,1]},
{"frame":12,"values":[0.9991,-0.0325,-0.0274,0,0.0304,0.9969,-0.0728,0,0.0296,0.0719,0.997,0,0,23.6053,-4.5263,1]},
{"frame":13,"values":[0.9993,-0.0278,-0.0268,0,0.0257,0.9969,-0.0749,0,0.0288,0.0741,0.9968,0,0,23.6053,-4.5263,1]},
{"frame":14,"values":[0.9995,-0.0222,-0.0238,0,0.0202,0.9966,-0.0803,0,0.0255,0.0797,0.9965,0,0,23.6053,-4.5263,1]},
{"frame":15,"values":[0.9997,-0.0162,-0.0185,0,0.0145,0.996,-0.0884,0,0.0198,0.0881,0.9959,0,0,23.6053,-4.5263,1]},
{"frame":16,"values":[0.9999,-0.0105,-0.0116,0,0.0093,0.9951,-0.0983,0,0.0125,0.0982,0.9951,0,0,23.6053,-4.5263,1]},
{"frame":17,"values":[1,-0.006,-0.0043,0,0.0055,0.9941,-0.1086,0,0.0049,0.1086,0.9941,0,0,23.6053,-4.5263,1]},
{"frame":18,"values":[1,-0.0036,0.0021,0,0.0038,0.993,-0.1181,0,-0.0017,0.1181,0.993,0,0,23.6053,-4.5263,1]},
{"frame":19,"values":[1,-0.003,0.0068,0,0.0038,0.9921,-0.1257,0,-0.0064,0.1257,0.992,0,0,23.6053,-4.5263,1]},
{"frame":20,"values":[0.9999,-0.0037,0.0094,0,0.0049,0.9914,-0.1308,0,-0.0089,0.1308,0.9914,0,0,23.6053,-4.5263,1]},
{"frame":21,"values":[0.9999,-0.0048,0.0103,0,0.0061,0.991,-0.1335,0,-0.0096,0.1336,0.991,0,0,23.6053,-4.5263,1]},
{"frame":22,"values":[0.9999,-0.0052,0.0101,0,0.0066,0.9909,-0.1343,0,-0.0093,0.1344,0.9909,0,0,23.6053,-4.5263,1]},
{"frame":23,"values":[0.9999,-0.0048,0.0096,0,0.0061,0.9909,-0.1342,0,-0.0089,0.1343,0.9909,0,0,23.6053,-4.5263,1]},
{"frame":24,"values":[0.9999,-0.0038,0.0093,0,0.005,0.991,-0.134,0,-0.0087,0.1341,0.9909,0,0,23.6053,-4.5263,1]},
{"frame":25,"values":[1,-0.0027,0.009,0,0.0039,0.991,-0.1339,0,-0.0086,0.134,0.991,0,0,23.6053,-4.5263,1]},
{"frame":26,"values":[1,-0.002,0.0086,0,0.0031,0.991,-0.1337,0,-0.0083,0.1338,0.991,0,0,23.6053,-4.5263,1]},
{"frame":27,"values":[1,-0.0016,0.008,0,0.0026,0.9911,-0.1333,0,-0.0077,0.1333,0.991,0,0,23.6053,-4.5263,1]},
{"frame":28,"values":[1,-0.001,0.0072,0,0.002,0.9912,-0.1326,0,-0.007,0.1326,0.9911,0,0,23.6053,-4.5263,1]},
{"frame":29,"values":[1,0,0.0066,0,0.0009,0.9913,-0.1317,0,-0.0065,0.1317,0.9913,0,0,23.6053,-4.5263,1]},
{"frame":30,"values":[1,0.0013,0.0062,0,-0.0005,0.9914,-0.1308,0,-0.0063,0.1307,0.9914,0,0,23.6053,-4.5263,1]},
{"frame":31,"values":[1,0.0027,0.0061,0,-0.0018,0.9915,-0.1298,0,-0.0064,0.1298,0.9915,0,0,23.6053,-4.5263,1]},
{"frame":32,"values":[1,0.0035,0.006,0,-0.0027,0.9916,-0.1289,0,-0.0064,0.1289,0.9916,0,0,23.6053,-4.5263,1]},
{"frame":33,"values":[1,0.0036,0.0059,0,-0.0028,0.9918,-0.1281,0,-0.0063,0.128,0.9917,0,0,23.6053,-4.5263,1]},
{"frame":34,"values":[1,0.0032,0.0058,0,-0.0024,0.9919,-0.1273,0,-0.0061,0.1272,0.9919,0,0,23.6053,-4.5263,1]},
{"frame":35,"values":[1,0.0026,0.0056,0,-0.0019,0.992,-0.1266,0,-0.0058,0.1266,0.9919,0,0,23.6053,-4.5263,1]},
{"frame":36,"values":[1,0.0022,0.0054,0,-0.0015,0.992,-0.1262,0,-0.0056,0.1262,0.992,0,0,23.6053,-4.5263,1]},
{"frame":37,"values":[1,0.0019,0.0053,0,-0.0012,0.992,-0.1259,0,-0.0055,0.1258,0.992,0,0,23.6053,-4.5263,1]},
{"frame":38,"values":[1,0.0012,0.005,0,-0.0005,0.9921,-0.1254,0,-0.0051,0.1254,0.9921,0,0,23.6053,-4.5263,1]},
{"frame":39,"values":[1,-0.0001,0.0043,0,0.0007,0.9922,-0.1245,0,-0.0042,0.1245,0.9922,0,0,23.6053,-4.5263,1]},
{"frame":40,"values":[1,-0.0022,0.0029,0,0.0025,0.9924,-0.1232,0,-0.0026,0.1232,0.9924,0,0,23.6053,-4.5263,1]},
{"frame":41,"values":[1,-0.0046,0.0006,0,0.0046,0.9926,-0.1216,0,0,0.1216,0.9926,0,0,23.6053,-4.5263,1]},
{"frame":42,"values":[1,-0.0067,-0.0023,0,0.0064,0.9928,-0.1199,0,0.0031,0.1199,0.9928,0,0,23.6053,-4.5263,1]},
{"frame":43,"values":[1,-0.0082,-0.0055,0,0.0075,0.993,-0.1182,0,0.0064,0.1182,0.993,0,0,23.6053,-4.5263,1]},
{"frame":44,"values":[0.9999,-0.0087,-0.0085,0,0.0077,0.9932,-0.1166,0,0.0095,0.1165,0.9931,0,0,23.6053,-4.5263,1]},
{"frame":45,"values":[0.9999,-0.0089,-0.0113,0,0.0076,0.9933,-0.1152,0,0.0122,0.1151,0.9933,0,0,23.6053,-4.5263,1]},
{"frame":46,"values":[0.9999,-0.0096,-0.0138,0,0.0079,0.9934,-0.1144,0,0.0148,0.1142,0.9933,0,0,23.6053,-4.5263,1]},
{"frame":47,"values":[0.9998,-0.0113,-0.0164,0,0.0093,0.9934,-0.1144,0,0.0176,0.1143,0.9933,0,0,23.6053,-4.5263,1]},
{"frame":48,"values":[0.9997,-0.0143,-0.0192,0,0.012,0.9932,-0.1156,0,0.0208,0.1153,0.9931,0,0,23.6053,-4.5263,1]},
{"frame":49,"values":[0.9996,-0.0185,-0.0224,0,0.0158,0.993,-0.1174,0,0.0244,0.117,0.9928,0,0,23.6053,-4.5263,1]},
{"frame":50,"values":[0.9994,-0.0235,-0.0255,0,0.0203,0.9926,-0.1194,0,0.0282,0.1188,0.9925,0,0,23.6053,-4.5263,1]},
{"frame":51,"values":[0.9992,-0.0287,-0.0286,0,0.025,0.9923,-0.121,0,0.0318,0.1202,0.9922,0,0,23.6053,-4.5263,1]},
{"frame":52,"values":[0.999,-0.0335,-0.0312,0,0.0295,0.9921,-0.1217,0,0.035,0.1207,0.9921,0,0,23.6053,-4.5263,1]},
{"frame":53,"values":[0.9987,-0.0377,-0.0335,0,0.0333,0.992,-0.122,0,0.0378,0.1207,0.992,0,0,23.6053,-4.5263,1]},
{"frame":54,"values":[0.9985,-0.0407,-0.0354,0,0.0361,0.9918,-0.1224,0,0.0401,0.1209,0.9919,0,0,23.6053,-4.5263,1]},
{"frame":55,"values":[0.9984,-0.0423,-0.0368,0,0.0375,0.9916,-0.1237,0,0.0417,0.1221,0.9916,0,0,23.6053,-4.5263,1]},
{"frame":56,"values":[0.9984,-0.0421,-0.0373,0,0.0371,0.9913,-0.1263,0,0.0423,0.1248,0.9913,0,0,23.6053,-4.5263,1]},
{"frame":57,"values":[0.9985,-0.0405,-0.037,0,0.0353,0.9908,-0.1303,0,0.0419,0.1288,0.9908,0,0,23.6053,-4.5263,1]},
{"frame":58,"values":[0.9986,-0.0383,-0.036,0,0.0331,0.9903,-0.1352,0,0.0408,0.1338,0.9902,0,0,23.6053,-4.5263,1]},
