{"producer":{"name":"Blender","version":"2.90.0","exporter_version":"2.80.1","file":"option_pray.babylon"},
"autoClear":true,"clearColor":[0.0509,0.0509,0.0509],"gravity":[0,-9.81,0],
"materials":[{"name":"Material","id":"Material","customType":"BABYLON.PBRMaterial","backFaceCulling":true,"checkReadyOnlyOnce":false,"maxSimultaneousLights":4,"environmentIntensity":1,"albedo":[0.8,0.8,0.8],"reflectivity":[0.5,0.5,0.5],"roughness":0.4,"alpha":1,"transparencyMode":0,"alphaCutOff":0.4,"metallic":0}],
"multiMaterials":[],
"skeletons":[{"name":"Armature","id":0,"dimensionsAtRest":[177.7018,230.6614,27.1405],"bones":[
{"name":"Hips","index":0,"matrix":[0.9997,0.0153,-0.0191,0,-0.0147,0.9994,0.0322,0,-0.0195,0.0319,-0.9993,0,-0.0931,110.161,-2.6028,1],"rest":[1,0,0,0,0,1,0,0,0,0,-1,0,0,113.0334,0,1],"parentBoneIndex":-1,"length":12.9876
,"animation":{"dataType":3,"framePerSecond":24,"keys":[
{"frame":1,"values":[0.9997,0.0153,-0.0191,0,-0.0147,0.9994,0.0322,0,-0.0195,0.0319,-0.9993,0,-0.0931,110.161,-2.6028,1]},
{"frame":2,"values":[0.9997,0.0146,-0.0204,0,-0.014,0.9995,0.029,0,-0.0208,0.0287,-0.9994,0,-0.0921,110.2027,-2.5968,1]},
{"frame":3,"values":[0.9997,0.0135,-0.0215,0,-0.013,0.9996,0.0256,0,-0.0219,0.0253,-0.9994,0,-0.0878,110.2431,-2.5481,1]},
{"frame":4,"values":[0.9997,0.0126,-0.0225,0,-0.0121,0.9997,0.0229,0,-0.0228,0.0226,-0.9995,0,-0.0751,110.2854,-2.4369,1]},
{"frame":5,"values":[0.9997,0.0122,-0.0232,0,-0.0117,0.9997,0.0209,0,-0.0235,0.0206,-0.9995,0,-0.0638,110.3227,-2.2798,1]},
{"frame":6,"values":[0.9997,0.0123,-0.0231,0,-0.0119,0.9997,0.0192,0,-0.0233,0.0189,-0.9995,0,-0.0511,110.3467,-2.0861,1]},
{"frame":7,"values":[0.9997,0.0127,-0.0226,0,-0.0123,0.9998,0.0173,0,-0.0228,0.017,-0.9996,0,-0.0292,110.3544,-1.8683,1]},
{"frame":8,"values":[0.9997,0.0129,-0.0225,0,-0.0126,0.9998,0.0157,0,-0.0227,0.0154,-0.9996,0,0.003,110.352,-1.6301,1]},
{"frame":9,"values":[0.9997,0.0128,-0.0227,0,-0.0125,0.9998,0.0155,0,-0.0228,0.0152,-0.9996,0,0.0404,110.3484,-1.3662,1]},
{"frame":10,"values":[0.9997,0.0126,-0.0227,0,-0.0122,0.9998,0.0169,0,-0.0229,0.0167,-0.9996,0,0.0804,110.3407,-1.0762,1]},
{"frame":11,"values":[0.9997,0.0127,-0.0224,0,-0.0123,0.9997,0.0188,0,-0.0227,0.0185,-0.9996,0,0.1204,110.324,-0.7663,1]},
{"frame":12,"values":[0.9997,0.013,-0.0221,0,-0.0125,0.9997,0.0205,0,-0.0223,0.0202,-0.9995,0,0.159,110.2977,-0.4353,1]},
{"frame":13,"values":[0.9997,0.013,-0.0218,0,-0.0125,0.9997,0.0227,0,-0.0221,0.0224,-0.9995,0,0.1964,110.2685,-0.0696,1]},
{"frame":14,"values":[0.9997,0.0123,-0.0216,0,-0.0118,0.9996,0.0253,0,-0.0219,0.0251,-0.9994,0,0.2302,110.243,0.3408,1]},
{"frame":15,"values":[0.9997,0.0113,-0.021,0,-0.0108,0.9996,0.0274,0,-0.0213,0.0272,-0.9994,0,0.2435,110.2276,0.7865,1]},
{"frame":16,"values":[0.9998,0.0112,-0.019,0,-0.0107,0.9995,0.0294,0,-0.0193,0.0291,-0.9994,0,0.2282,110.2268,1.2499,1]},
{"frame":17,"values":[0.9998,0.0122,-0.0159,0,-0.0117,0.9994,0.0311,0,-0.0163,0.0309,-0.9994,0,0.2082,110.228,1.7309,1]},
{"frame":18,"values":[0.9998,0.013,-0.0129,0,-0.0126,0.9994,0.0321,0,-0.0133,0.0319,-0.9994,0,0.2043,110.2275,2.2404,1]},
{"frame":19,"values":[0.9999,0.0127,-0.0104,0,-0.0124,0.9994,0.0336,0,-0.0108,0.0335,-0.9994,0,0.2096,110.2253,2.7739,1]},
{"frame":20,"values":[0.9999,0.0116,-0.0082,0,-0.0113,0.9993,0.0365,0,-0.0087,0.0364,-0.9993,0,0.2151,110.219,3.3171,1]},
{"frame":21,"values":[0.9999,0.0102,-0.006,0,-0.0099,0.9992,0.0391,0,-0.0064,0.0391,-0.9992,0,0.2197,110.2059,3.8618,1]},
{"frame":22,"values":[1,0.0087,-0.0035,0,-0.0086,0.9991,0.0417,0,-0.0039,0.0417,-0.9991,0,0.2244,110.1883,4.4007,1]},
{"frame":23,"values":[1,0.0073,-0.0014,0,-0.0072,0.9989,0.0461,0,-0.0017,0.046,-0.9989,0,0.2348,110.1726,4.9239,1]},
{"frame":24,"values":[1,0.006,-0.0003,0,-0.0059,0.9986,0.0522,0,-0.0006,0.0522,-0.9986,0,0.2571,110.1583,5.4293,1]},
{"frame":25,"values":[1,0.005,-0.0002,0,-0.005,0.9983,0.0589,0,-0.0005,0.0589,-0.9983,0,0.2877,110.1391,5.918,1]},
{"frame":26,"values":[1,0.0048,-0.0013,0,-0.0047,0.9978,0.0655,0,-0.0016,0.0655,-0.9979,0,0.3232,110.1102,6.375,1]},
{"frame":27,"values":[1,0.0053,-0.0036,0,-0.005,0.9974,0.072,0,-0.0039,0.072,-0.9974,0,0.365,110.0758,6.7688,1]},
{"frame":28,"values":[1,0.0065,-0.0065,0,-0.006,0.9968,0.0793,0,-0.007,0.0793,-0.9968,0,0.407,110.0506,7.0724,1]},
{"frame":29,"values":[0.9999,0.0082,-0.0094,0,-0.0074,0.996,0.0888,0,-0.01,0.0887,-0.996,0,0.4439,110.0444,7.282,1]},
{"frame":30,"values":[0.9999,0.01,-0.0115,0,-0.0088,0.995,0.0996,0,-0.0125,0.0994,-0.995,0,0.4775,110.0489,7.4188,1]},
{"frame":31,"values":[0.9999,0.0117,-0.0123,0,-0.0103,0.994,0.1091,0,-0.0135,0.109,-0.994,0,0.5086,110.0524,7.5148,1]},
{"frame":32,"values":[0.9998,0.0132,-0.0119,0,-0.0117,0.9931,0.1163,0,-0.0134,0.1161,-0.9931,0,0.5337,110.0503,7.5865,1]},
{"frame":33,"values":[0.9998,0.0143,-0.0116,0,-0.0128,0.9925,0.1214,0,-0.0133,0.1213,-0.9925,0,0.5529,110.0444,7.632,1]},
{"frame":34,"values":[0.9998,0.0146,-0.0117,0,-0.0131,0.9922,0.1242,0,-0.0134,0.1241,-0.9922,0,0.5704,110.0327,7.6539,1]},
{"frame":35,"values":[0.9998,0.0146,-0.0122,0,-0.0129,0.9919,0.126,0,-0.0139,0.1258,-0.992,0,0.5857,110.0136,7.6533,1]},
{"frame":36,"values":[0.9998,0.0146,-0.0135,0,-0.0127,0.9917,0.1281,0,-0.0153,0.1279,-0.9917,0,0.5972,109.9895,7.6159,1]},
{"frame":37,"values":[0.9998,0.0144,-0.0151,0,-0.0123,0.9913,0.1308,0,-0.0169,0.1305,-0.9913,0,0.6092,109.9613,7.527,1]},
{"frame":38,"values":[0.9998,0.014,-0.0167,0,-0.0116,0.9909,0.134,0,-0.0184,0.1338,-0.9908,0,0.6204,109.9301,7.3845,1]},
{"frame":39,"values":[0.9997,0.0138,-0.0186,0,-0.0111,0.9903,0.1383,0,-0.0203,0.138,-0.9902,0,0.6185,109.9015,7.1918,1]},
{"frame":40,"values":[0.9997,0.0136,-0.0207,0,-0.0106,0.9898,0.1423,0,-0.0224,0.142,-0.9896,0,0.5983,109.8742,6.9711,1]},
{"frame":41,"values":[0.9997,0.0129,-0.0224,0,-0.0096,0.9895,0.1442,0,-0.0241,0.144,-0.9893,0,0.5729,109.845,6.7552,1]},
{"frame":42,"values":[0.9996,0.0121,-0.0238,0,-0.0086,0.9896,0.1435,0,-0.0253,0.1433,-0.9894,0,0.5533,109.8174,6.5611,1]},
{"frame":43,"values":[0.9996,0.0115,-0.0248,0,-0.0079,0.9899,0.1415,0,-0.0262,0.1413,-0.9896,0,0.5296,109.7922,6.3878,1]},
{"frame":44,"values":[0.9996,0.011,-0.0246,0,-0.0074,0.9902,0.1392,0,-0.0259,0.139,-0.99,0,0.4945,109.7689,6.2255,1]},
{"frame":45,"values":[0.9997,0.0105,-0.0229,0,-0.0073,0.9905,0.1371,0,-0.0241,0.1369,-0.9903,0,0.4541,109.7503,6.0666,1]},
{"frame":46,"values":[0.9997,0.0105,-0.0202,0,-0.0077,0.9907,0.1358,0,-0.0214,0.1356,-0.9905,0,0.4092,109.737,5.9055,1]},
{"frame":47,"values":[0.9998,0.0109,-0.0175,0,-0.0085,0.9908,0.135,0,-0.0188,0.1348,-0.9907,0,0.357,109.7284,5.7333,1]},
{"frame":48,"values":[0.9998,0.0113,-0.0154,0,-0.0092,0.991,0.1337,0,-0.0167,0.1335,-0.9909,0,0.3,109.7232,5.5479,1]},
{"frame":49,"values":[0.9998,0.0117,-0.0136,0,-0.0098,0.9913,0.1316,0,-0.015,0.1314,-0.9912,0,0.2406,109.7158,5.3542,1]},
{"frame":50,"values":[0.9999,0.012,-0.012,0,-0.0104,0.9915,0.1294,0,-0.0134,0.1292,-0.9915,0,0.1759,109.7007,5.1559,1]},
{"frame":51,"values":[0.9999,0.0126,-0.0104,0,-0.0111,0.9919,0.1266,0,-0.0119,0.1265,-0.9919,0,0.1068,109.6821,4.9442,1]},
{"frame":52,"values":[0.9999,0.0129,-0.0092,0,-0.0117,0.9924,0.1225,0,-0.0107,0.1224,-0.9924,0,0.0427,109.6656,4.7109,1]},
{"frame":53,"values":[0.9999,0.0128,-0.0087,0,-0.0117,0.9931,0.1169,0,-0.0102,0.1167,-0.9931,0,-0.0092,109.6508,4.4646,1]},
{"frame":54,"values":[0.9999,0.0125,-0.0085,0,-0.0115,0.9938,0.1106,0,-0.0099,0.1105,-0.9938,0,-0.0511,109.637,4.2028,1]},
{"frame":55,"values":[0.9999,0.0126,-0.0083,0,-0.0117,0.9944,0.105,0,-0.0095,0.1049,-0.9944,0,-0.0927,109.625,3.9042,1]},
{"frame":56,"values":[0.9999,0.0134,-0.0082,0,-0.0125,0.9949,0.0999,0,-0.0095,0.0998,-0.995,0,-0.1413,109.6149,3.5591,1]},
{"frame":57,"values":[0.9999,0.014,-0.0084,0,-0.0131,0.9954,0.0952,0,-0.0097,0.095,-0.9954,0,-0.1869,109.6004,3.1763,1]},
{"frame":58,"values":[0.9999,0.014,-0.0086,0,-0.0132,0.9958,0.0905,0,-0.0098,0.0904,-0.9959,0,-0.2231,109.5793,2.7542,1]},
{"frame":59,"values":[0.9999,0.0143,-0.0087,0,-0.0135,0.9962,0.0862,0,-0.0099,0.086,-0.9962,0,-0.2548,109.5564,2.2911,1]},
{"frame":60,"values":[0.9998,0.0151,-0.0087,0,-0.0144,0.9965,0.0823,0,-0.0099,0.0821,-0.9966,0,-0.2813,109.5412,1.8019,1]},
{"frame":61,"values":[0.9998,0.0157,-0.0088,0,-0.015,0.9968,0.0781,0,-0.01,0.078,-0.9969,0,-0.301,109.5372,1.2956,1]},
{"frame":62,"values":[0.9998,0.0158,-0.0092,0,-0.0151,0.9972,0.0731,0,-0.0103,0.073,-0.9973,0,-0.3157,109.5369,0.7764,1]},
{"frame":63,"values":[0.9998,0.0157,-0.0102,0,-0.0149,0.9977,0.0669,0,-0.0112,0.0667,-0.9977,0,-0.3207,109.5289,0.2711,1]},
{"frame":64,"values":[0.9998,0.0148,-0.012,0,-0.0141,0.9981,0.0594,0,-0.0128,0.0592,-0.9982,0,-0.3078,109.5199,-0.1998,1]},
{"frame":65,"values":[0.9998,0.0135,-0.013,0,-0.0128,0.9985,0.0535,0,-0.0137,0.0534,-0.9985,0,-0.2801,109.5278,-0.646,1]},
{"frame":66,"values":[0.9998,0.0132,-0.012,0,-0.0126,0.9986,0.0508,0,-0.0127,0.0506,-0.9986,0,-0.2477,109.5597,-1.0737,1]},
{"frame":67,"values":[0.9999,0.0142,-0.0093,0,-0.0137,0.9987,0.0488,0,-0.01,0.0487,-0.9988,0,-0.2169,109.6189,-1.4731,1]},
{"frame":68,"values":[0.9999,0.015,-0.0071,0,-0.0147,0.9989,0.0453,0,-0.0078,0.0452,-0.9989,0,-0.1846,109.7087,-1.8339,1]},
{"frame":69,"values":[0.9999,0.015,-0.0071,0,-0.0147,0.999,0.0411,0,-0.0077,0.041,-0.9991,0,-0.1475,109.8199,-2.1379,1]},
{"frame":70,"values":[0.9998,0.0149,-0.0098,0,-0.0145,0.9992,0.038,0,-0.0104,0.0379,-0.9992,0,-0.1155,109.9322,-2.3633,1]},
{"frame":71,"values":[0.9998,0.0153,-0.0141,0,-0.0148,0.9992,0.0363,0,-0.0146,0.0361,-0.9992,0,-0.1022,110.0348,-2.5082,1]},
{"frame":72,"values":[0.9997,0.0156,-0.0173,0,-0.015,0.9993,0.0347,0,-0.0179,0.0344,-0.9992,0,-0.0985,110.1118,-2.5804,1]},
{"frame":73,"values":[0.9997,0.0153,-0.0191,0,-0.0147,0.9994,0.0322,0,-0.0195,0.0319,-0.9993,0,-0.0931,110.161,-2.6028,1]}],"loopBehavior":1,"name":"anim","property":"_matrix"}},
{"name":"Spine","index":1,"matrix":[0.9999,-0.0114,0.0083,0,0.0115,0.9998,-0.0168,0,-0.0081,0.0169,0.9998,0,0,7.2445,0.6334,1],"rest":[1,0,0,0,0,1,0,0,0,0,1,0,0,7.2445,0.6334,1],"parentBoneIndex":0,"length":7.4267
,"animation":{"dataType":3,"framePerSecond":24,"keys":[
{"frame":1,"values":[0.9999,-0.0114,0.0083,0,0.0115,0.9998,-0.0168,0,-0.0081,0.0169,0.9998,0,0,7.2445,0.6334,1]},
{"frame":2,"values":[0.9999,-0.0116,0.0078,0,0.0117,0.9998,-0.0151,0,-0.0077,0.0152,0.9999,0,0,7.2445,0.6334,1]},
{"frame":3,"values":[0.9999,-0.0114,0.0078,0,0.0115,0.9998,-0.0135,0,-0.0077,0.0136,0.9999,0,0,7.2445,0.6334,1]},
{"frame":4,"values":[0.9999,-0.0109,0.0082,0,0.011,0.9999,-0.0119,0,-0.0081,0.0119,0.9999,0,0,7.2445,0.6334,1]},
{"frame":5,"values":[0.9999,-0.0103,0.0088,0,0.0104,0.9999,-0.0103,0,-0.0087,0.0104,0.9999,0,0,7.2445,0.6334,1]},
{"frame":6,"values":[0.9999,-0.0099,0.0093,0,0.01,0.9999,-0.0091,0,-0.0093,0.0092,0.9999,0,0,7.2445,0.6334,1]},
{"frame":7,"values":[0.9999,-0.0097,0.0099,0,0.0098,0.9999,-0.0083,0,-0.0098,0.0084,0.9999,0,0,7.2445,0.6334,1]},
{"frame":8,"values":[0.9999,-0.0094,0.0106,0,0.0095,0.9999,-0.008,0,-0.0105,0.0081,0.9999,0,0,7.2445,0.6334,1]},
{"frame":9,"values":[0.9999,-0.009,0.0113,0,0.0091,0.9999,-0.0075,0,-0.0112,0.0076,0.9999,0,0,7.2445,0.6334,1]},
{"frame":10,"values":[0.9999,-0.0086,0.0118,0,0.0087,0.9999,-0.0069,0,-0.0118,0.007,0.9999,0,0,7.2445,0.6334,1]},
{"frame":11,"values":[0.9999,-0.0084,0.0121,0,0.0085,0.9999,-0.0064,0,-0.0121,0.0065,0.9999,0,0,7.2445,0.6334,1]},
{"frame":12,"values":[0.9999,-0.0082,0.0125,0,0.0082,0.9999,-0.0062,0,-0.0124,0.0063,0.9999,0,0,7.2445,0.6334,1]},
{"frame":13,"values":[0.9999,-0.0075,0.013,0,0.0076,1,-0.0059,0,-0.013,0.006,0.9999,0,0,7.2445,0.6334,1]},
{"frame":14,"values":[0.9999,-0.007,0.0134,0,0.0071,1,-0.0056,0,-0.0134,0.0057,0.9999,0,0,7.2445,0.6334,1]},
{"frame":15,"values":[0.9999,-0.0072,0.0133,0,0.0073,1,-0.0056,0,-0.0133,0.0057,0.9999,0,0,7.2445,0.6334,1]},
{"frame":16,"values":[0.9999,-0.008,0.013,0,0.0081,0.9999,-0.0059,0,-0.0129,0.006,0.9999,0,0,7.2445,0.6334,1]},
{"frame":17,"values":[0.9999,-0.0088,0.0127,0,0.0089,0.9999,-0.0063,0,-0.0126,0.0064,0.9999,0,0,7.2445,0.6334,1]},
{"frame":18,"values":[0.9999,-0.0094,0.0125,0,0.0095,0.9999,-0.0071,0,-0.0124,0.0072,0.9999,0,0,7.2445,0.6334,1]},
{"frame":19,"values":[0.9999,-0.01,0.0124,0,0.0101,0.9999,-0.0078,0,-0.0123,0.0079,0.9999,0,0,7.2445,0.6334,1]},
{"frame":20,"values":[0.9999,-0.0106,0.0122,0,0.0107,0.9999,-0.008,0,-0.0121,0.0081,0.9999,0,0,7.2445,0.6334,1]},
{"frame":21,"values":[0.9999,-0.0113,0.0119,0,0.0114,0.9999,-0.0084,0,-0.0118,0.0085,0.9999,0,0,7.2445,0.6334,1]},
{"frame":22,"values":[0.9999,-0.0119,0.0117,0,0.012,0.9999,-0.0088,0,-0.0116,0.009,0.9999,0,0,7.2445,0.6334,1]},
{"frame":23,"values":[0.9999,-0.0124,0.0116,0,0.0125,0.9999,-0.0089,0,-0.0115,0.0091,0.9999,0,0,7.2445,0.6334,1]},
{"frame":24,"values":[0.9999,-0.0128,0.0114,0,0.0129,0.9999,-0.0086,0,-0.0113,0.0087,0.9999,0,0,7.2445,0.6334,1]},
{"frame":25,"values":[0.9999,-0.0131,0.0112,0,0.0132,0.9999,-0.0081,0,-0.0111,0.0082,0.9999,0,0,7.2445,0.6334,1]},
{"frame":26,"values":[0.9999,-0.0133,0.0109,0,0.0134,0.9999,-0.0078,0,-0.0108,0.0079,0.9999,0,0,7.2445,0.6334,1]},
{"frame":27,"values":[0.9999,-0.0136,0.0103,0,0.0137,0.9999,-0.0078,0,-0.0102,0.0079,0.9999,0,0,7.2445,0.6334,1]},
{"frame":28,"values":[0.9999,-0.0141,0.0094,0,0.0142,0.9999,-0.008,0,-0.0093,0.0081,0.9999,0,0,7.2445,0.6334,1]},
{"frame":29,"values":[0.9999,-0.015,0.0082,0,0.015,0.9999,-0.0079,0,-0.0081,0.008,0.9999,0,0,7.2445,0.6334,1]},
{"frame":30,"values":[0.9999,-0.0155,0.0071,0,0.0156,0.9998,-0.0076,0,-0.007,0.0077,0.9999,0,0,7.2445,0.6334,1]},
{"frame":31,"values":[0.9999,-0.0151,0.0068,0,0.0152,0.9999,-0.0075,0,-0.0066,0.0076,0.9999,0,0,7.2445,0.6334,1]},
{"frame":32,"values":[0.9999,-0.0143,0.0069,0,0.0144,0.9999,-0.0079,0,-0.0068,0.008,0.9999,0,0,7.2445,0.6334,1]},
{"frame":33,"values":[0.9999,-0.014,0.0068,0,0.014,0.9999,-0.0091,0,-0.0067,0.0092,0.9999,0,0,7.2445,0.6334,1]},
{"frame":34,"values":[0.9999,-0.0142,0.0065,0,0.0143,0.9998,-0.0114,0,-0.0064,0.0115,0.9999,0,0,7.2445,0.6334,1]},
{"frame":35,"values":[0.9999,-0.0142,0.0065,0,0.0143,0.9998,-0.0142,0,-0.0063,0.0143,0.9999,0,0,7.2445,0.6334,1]},
{"frame":36,"values":[0.9999,-0.0139,0.0066,0,0.014,0.9998,-0.0167,0,-0.0064,0.0168,0.9998,0,0,7.2445,0.6334,1]},
{"frame":37,"values":[0.9999,-0.0133,0.0071,0,0.0134,0.9997,-0.0191,0,-0.0068,0.0192,0.9998,0,0,7.2445,0.6334,1]},
{"frame":38,"values":[0.9999,-0.0121,0.008,0,0.0123,0.9997,-0.0211,0,-0.0077,0.0212,0.9997,0,0,7.2445,0.6334,1]},
{"frame":39,"values":[0.9999,-0.0108,0.009,0,0.011,0.9997,-0.0228,0,-0.0087,0.0229,0.9997,0,0,7.2445,0.6334,1]},
{"frame":40,"values":[0.9999,-0.0097,0.0099,0,0.0099,0.9997,-0.0244,0,-0.0096,0.0244,0.9997,0,0,7.2445,0.6334,1]},
{"frame":41,"values":[0.9999,-0.0089,0.0106,0,0.0092,0.9996,-0.0261,0,-0.0103,0.0262,0.9996,0,0,7.2445,0.6334,1]},
{"frame":42,"values":[0.9999,-0.0087,0.0107,0,0.009,0.9996,-0.028,0,-0.0105,0.0281,0.9996,0,0,7.2445,0.6334,1]},
{"frame":43,"values":[0.9999,-0.009,0.0105,0,0.0093,0.9995,-0.0295,0,-0.0102,0.0296,0.9995,0,0,7.2445,0.6334,1]},
{"frame":44,"values":[0.9999,-0.0095,0.0101,0,0.0098,0.9995,-0.0304,0,-0.0098,0.0305,0.9995,0,0,7.2445,0.6334,1]},
{"frame":45,"values":[0.9999,-0.0099,0.0099,0,0.0102,0.9995,-0.0309,0,-0.0096,0.031,0.9995,0,0,7.2445,0.6334,1]},
{"frame":46,"values":[0.9999,-0.0101,0.0098,0,0.0104,0.9995,-0.031,0,-0.0095,0.0311,0.9995,0,0,7.2445,0.6334,1]},
{"frame":47,"values":[0.9999,-0.0101,0.0094,0,0.0104,0.9995,-0.0308,0,-0.0091,0.0309,0.9995,0,0,7.2445,0.6334,1]},
{"frame":48,"values":[0.9999,-0.0103,0.0087,0,0.0106,0.9995,-0.0303,0,-0.0084,0.0304,0.9995,0,0,7.2445,0.6334,1]},
{"frame":49,"values":[0.9999,-0.0102,0.0082,0,0.0104,0.9995,-0.0301,0,-0.0079,0.0302,0.9995,0,0,7.2445,0.6334,1]},
{"frame":50,"values":[0.9999,-0.0095,0.0084,0,0.0097,0.9995,-0.03,0,-0.0081,0.0301,0.9995,0,0,7.2445,0.6334,1]},
{"frame":51,"values":[0.9999,-0.0087,0.0088,0,0.009,0.9995,-0.03,0,-0.0085,0.0301,0.9995,0,0,7.2445,0.6334,1]},
{"frame":52,"values":[0.9999,-0.0081,0.0091,0,0.0084,0.9995,-0.0301,0,-0.0088,0.0301,0.9995,0,0,7.2445,0.6334,1]},
{"frame":53,"values":[0.9999,-0.0076,0.0092,0,0.0079,0.9995,-0.0305,0,-0.009,0.0305,0.9995,0,0,7.2445,0.6334,1]},
{"frame":54,"values":[0.9999,-0.0076,0.0093,0,0.0079,0.9995,-0.0311,0,-0.009,0.0311,0.9995,0,0,7.2445,0.6334,1]},
{"frame":55,"values":[0.9999,-0.0084,0.009,0,0.0086,0.9995,-0.0313,0,-0.0087,0.0314,0.9995,0,0,7.2445,0.6334,1]},
{"frame":56,"values":[0.9999,-0.0094,0.0086,0,0.0097,0.9995,-0.0312,0,-0.0083,0.0313,0.9995,0,0,7.2445,0.6334,1]},
{"frame":57,"values":[0.9999,-0.01,0.0084,0,0.0103,0.9995,-0.0312,0,-0.0081,0.0313,0.9995,0,0,7.2445,0.6334,1]},
{"frame":58,"values":[0.9999,-0.01,0.0083,0,0.0103,0.9995,-0.0314,0,-0.008,0.0315,0.9995,0,0,7.2445,0.6334,1]},
{"frame":59,"values":[0.9999,-0.0097,0.0087,0,0.01,0.9995,-0.0314,0,-0.0084,0.0315,0.9995,0,0,7.2445,0.6334,1]},
{"frame":60,"values":[0.9999,-0.009,0.0098,0,0.0093,0.9995,-0.031,0,-0.0096,0.0311,0.9995,0,0,7.2445,0.6334,1]},
{"frame":61,"values":[0.9999,-0.0084,0.0108,0,0.0088,0.9995,-0.0304,0,-0.0106,0.0304,0.9995,0,0,7.2445,0.6334,1]},
{"frame":62,"values":[0.9999,-0.0081,0.011,0,0.0085,0.9995,-0.0299,0,-0.0108,0.03,0.9995,0,0,7.2445,0.6334,1]},
{"frame":63,"values":[0.9999,-0.0078,0.0109,0,0.0082,0.9995,-0.0298,0,-0.0107,0.0299,0.9995,0,0,7.2445,0.6334,1]},
{"frame":64,"values":[0.9999,-0.0079,0.0104,0,0.0082,0.9995,-0.0297,0,-0.0102,0.0298,0.9995,0,0,7.2445,0.6334,1]},
{"frame":65,"values":[0.9999,-0.0085,0.0098,0,0.0088,0.9995,-0.0289,0,-0.0096,0.029,0.9995,0,0,7.2445,0.6334,1]},
{"frame":66,"values":[0.9999,-0.009,0.0099,0,0.0092,0.9996,-0.0274,0,-0.0096,0.0275,0.9996,0,0,7.2445,0.6334,1]},
{"frame":67,"values":[0.9999,-0.0091,0.0106,0,0.0093,0.9996,-0.0257,0,-0.0104,0.0258,0.9996,0,0,7.2445,0.6334,1]},
{"frame":68,"values":[0.9999,-0.0095,0.0113,0,0.0097,0.9997,-0.0243,0,-0.0111,0.0244,0.9996,0,0,7.2445,0.6334,1]},
{"frame":69,"values":[0.9999,-0.0101,0.0114,0,0.0103,0.9997,-0.0231,0,-0.0112,0.0232,0.9997,0,0,7.2445,0.6334,1]},
{"frame":70,"values":[0.9999,-0.0104,0.011,0,0.0106,0.9997,-0.0217,0,-0.0107,0.0218,0.9997,0,0,7.2445,0.6334,1]},
{"frame":71,"values":[0.9999,-0.0107,0.0101,0,0.0109,0.9997,-0.0202,0,-0.0099,0.0203,0.9997,0,0,7.2445,0.6334,1]},
{"frame":72,"values":[0.9999,-0.0111,0.009,0,0.0113,0.9998,-0.0186,0,-0.0088,0.0187,0.9998,0,0,7.2445,0.6334,1]},
{"frame":73,"values":[0.9999,-0.0114,0.0083,0,0.0115,0.9998,-0.0168,0,-0.0081,0.0169,0.9998,0,0,7.2445,0.6334,1]}],"loopBehavior":1,"name":"anim","property":"_matrix"}},
{"name":"Spine1","index":2,"matrix":[0.9999,-0.0046,0.016,0,0.0047,1,-0.0008,0,-0.016,0.0009,0.9999,0,0,7.425,0.1598,1],"rest":[1,0,0,0,0,1,0,0,0,0,1,0,0,7.425,0.1598,1],"parentBoneIndex":1,"length":8.6299
,"animation":{"dataType":3,"framePerSecond":24,"keys":[
{"frame":1,"values":[0.9999,-0.0046,0.016,0,0.0047,1,-0.0008,0,-0.016,0.0009,0.9999,0,0,7.425,0.1598,1]},
{"frame":2,"values":[0.9999,-0.0049,0.0151,0,0.0049,1,0.0022,0,-0.0151,-0.0022,0.9999,0,0,7.425,0.1598,1]},
{"frame":3,"values":[0.9999,-0.0044,0.015,0,0.0043,1,0.0049,0,-0.0151,-0.0049,0.9999,0,0,7.425,0.1598,1]},
{"frame":4,"values":[0.9999,-0.0031,0.0158,0,0.003,1,0.0075,0,-0.0158,-0.0075,0.9998,0,0,7.425,0.1598,1]},
{"frame":5,"values":[0.9999,-0.0017,0.0168,0,0.0016,0.9999,0.01,0,-0.0168,-0.01,0.9998,0,0,7.425,0.1598,1]},
{"frame":6,"values":[0.9998,-0.0011,0.0177,0,0.0009,0.9999,0.012,0,-0.0177,-0.0119,0.9998,0,0,7.425,0.1598,1]},
{"frame":7,"values":[0.9998,-0.0007,0.0187,0,0.0005,0.9999,0.0131,0,-0.0188,-0.0131,0.9997,0,0,7.425,0.1598,1]},
{"frame":8,"values":[0.9998,0,0.02,0,-0.0003,0.9999,0.0135,0,-0.02,-0.0135,0.9997,0,0,7.425,0.1598,1]},
{"frame":9,"values":[0.9998,0.0011,0.0213,0,-0.0014,0.9999,0.0141,0,-0.0213,-0.0141,0.9997,0,0,7.425,0.1598,1]},
{"frame":10,"values":[0.9997,0.002,0.0223,0,-0.0024,0.9999,0.0151,0,-0.0223,-0.0151,0.9996,0,0,7.425,0.1598,1]},
{"frame":11,"values":[0.9997,0.0026,0.0229,0,-0.003,0.9999,0.0157,0,-0.0229,-0.0158,0.9996,0,0,7.425,0.1598,1]},
{"frame":12,"values":[0.9997,0.0033,0.0235,0,-0.0037,0.9999,0.0158,0,-0.0235,-0.0159,0.9996,0,0,7.425,0.1598,1]},
{"frame":13,"values":[0.9997,0.0048,0.0244,0,-0.0052,0.9999,0.0161,0,-0.0244,-0.0162,0.9996,0,0,7.425,0.1598,1]},
{"frame":14,"values":[0.9997,0.0062,0.0252,0,-0.0066,0.9998,0.0165,0,-0.0251,-0.0167,0.9995,0,0,7.425,0.1598,1]},
{"frame":15,"values":[0.9997,0.0063,0.025,0,-0.0067,0.9998,0.0164,0,-0.0249,-0.0165,0.9996,0,0,7.425,0.1598,1]},
{"frame":16,"values":[0.9997,0.0051,0.0243,0,-0.0055,0.9999,0.0159,0,-0.0243,-0.016,0.9996,0,0,7.425,0.1598,1]},
{"frame":17,"values":[0.9997,0.0033,0.0237,0,-0.0036,0.9999,0.0151,0,-0.0236,-0.0152,0.9996,0,0,7.425,0.1598,1]},
{"frame":18,"values":[0.9997,0.0018,0.0232,0,-0.0021,0.9999,0.0136,0,-0.0232,-0.0137,0.9996,0,0,7.425,0.1598,1]},
{"frame":19,"values":[0.9997,0.001,0.0229,0,-0.0013,0.9999,0.0125,0,-0.0229,-0.0125,0.9997,0,0,7.425,0.1598,1]},
{"frame":20,"values":[0.9997,0.0005,0.0225,0,-0.0008,0.9999,0.0121,0,-0.0225,-0.0121,0.9997,0,0,7.425,0.1598,1]},
{"frame":21,"values":[0.9998,-0.0001,0.022,0,-0.0001,0.9999,0.0114,0,-0.022,-0.0114,0.9997,0,0,7.425,0.1598,1]},
{"frame":22,"values":[0.9998,-0.0008,0.0216,0,0.0006,0.9999,0.0106,0,-0.0216,-0.0105,0.9997,0,0,7.425,0.1598,1]},
{"frame":23,"values":[0.9998,-0.0014,0.0214,0,0.0012,0.9999,0.0103,0,-0.0214,-0.0103,0.9997,0,0,7.425,0.1598,1]},
{"frame":24,"values":[0.9998,-0.0017,0.0211,0,0.0014,0.9999,0.0107,0,-0.0211,-0.0107,0.9997,0,0,7.425,0.1598,1]},
{"frame":25,"values":[0.9998,-0.0019,0.0207,0,0.0016,0.9999,0.0114,0,-0.0207,-0.0113,0.9997,0,0,7.425,0.1598,1]},
{"frame":26,"values":[0.9998,-0.0022,0.0202,0,0.002,0.9999,0.0119,0,-0.0202,-0.0118,0.9997,0,0,7.425,0.1598,1]},
{"frame":27,"values":[0.9998,-0.003,0.0192,0,0.0027,0.9999,0.0118,0,-0.0193,-0.0118,0.9997,0,0,7.425,0.1598,1]},
{"frame":28,"values":[0.9998,-0.0045,0.0176,0,0.0043,0.9999,0.0115,0,-0.0176,-0.0115,0.9998,0,0,7.425,0.1598,1]},
{"frame":29,"values":[0.9999,-0.0071,0.0155,0,0.0069,0.9999,0.0118,0,-0.0155,-0.0117,0.9998,0,0,7.425,0.1598,1]},
{"frame":30,"values":[0.9999,-0.0094,0.0136,0,0.0092,0.9999,0.0125,0,-0.0138,-0.0124,0.9998,0,0,7.425,0.1598,1]},
{"frame":31,"values":[0.9999,-0.01,0.0129,0,0.0098,0.9999,0.0129,0,-0.013,-0.0128,0.9998,0,0,7.425,0.1598,1]},
{"frame":32,"values":[0.9999,-0.0095,0.0128,0,0.0094,0.9999,0.0122,0,-0.0129,-0.0121,0.9998,0,0,7.425,0.1598,1]},
{"frame":33,"values":[0.9999,-0.0096,0.0124,0,0.0095,0.9999,0.0101,0,-0.0125,-0.01,0.9999,0,0,7.425,0.1598,1]},
{"frame":34,"values":[0.9999,-0.0103,0.0117,0,0.0103,0.9999,0.0059,0,-0.0118,-0.0058,0.9999,0,0,7.425,0.1598,1]},
{"frame":35,"values":[0.9999,-0.0106,0.0116,0,0.0106,0.9999,0.001,0,-0.0116,-0.0008,0.9999,0,0,7.425,0.1598,1]},
{"frame":36,"values":[0.9999,-0.0102,0.012,0,0.0103,0.9999,-0.0033,0,-0.012,0.0034,0.9999,0,0,7.425,0.1598,1]},
{"frame":37,"values":[0.9999,-0.0091,0.0129,0,0.0091,0.9999,-0.0069,0,-0.0128,0.007,0.9999,0,0,7.425,0.1598,1]},
{"frame":38,"values":[0.9999,-0.0068,0.0147,0,0.007,0.9999,-0.0099,0,-0.0147,0.01,0.9998,0,0,7.425,0.1598,1]},
{"frame":39,"values":[0.9998,-0.0045,0.0168,0,0.0047,0.9999,-0.0124,0,-0.0167,0.0125,0.9998,0,0,7.425,0.1598,1]},
{"frame":40,"values":[0.9998,-0.0023,0.0185,0,0.0025,0.9999,-0.0148,0,-0.0184,0.0149,0.9997,0,0,7.425,0.1598,1]},
{"frame":41,"values":[0.9998,-0.0005,0.0196,0,0.0008,0.9998,-0.0177,0,-0.0196,0.0177,0.9997,0,0,7.425,0.1598,1]},
{"frame":42,"values":[0.9998,0.0004,0.0199,0,0,0.9998,-0.0208,0,-0.0199,0.0208,0.9996,0,0,7.425,0.1598,1]},
{"frame":43,"values":[0.9998,0.0005,0.0193,0,0,0.9997,-0.0233,0,-0.0193,0.0233,0.9995,0,0,7.425,0.1598,1]},
{"frame":44,"values":[0.9998,0.0002,0.0185,0,0.0003,0.9997,-0.0249,0,-0.0185,0.0249,0.9995,0,0,7.425,0.1598,1]},
{"frame":45,"values":[0.9998,-0.0001,0.0179,0,0.0006,0.9997,-0.0258,0,-0.0179,0.0258,0.9995,0,0,7.425,0.1598,1]},
{"frame":46,"values":[0.9998,-0.0001,0.0178,0,0.0006,0.9997,-0.0259,0,-0.0177,0.026,0.9995,0,0,7.425,0.1598,1]},
{"frame":47,"values":[0.9999,-0.0003,0.0171,0,0.0008,0.9997,-0.0254,0,-0.0171,0.0254,0.9995,0,0,7.425,0.1598,1]},
{"frame":48,"values":[0.9999,-0.001,0.0156,0,0.0014,0.9997,-0.0245,0,-0.0156,0.0245,0.9996,0,0,7.425,0.1598,1]},
{"frame":49,"values":[0.9999,-0.0008,0.0145,0,0.0012,0.9997,-0.0239,0,-0.0145,0.0239,0.9996,0,0,7.425,0.1598,1]},
{"frame":50,"values":[0.9999,0.0005,0.0147,0,-0.0001,0.9997,-0.0239,0,-0.0147,0.0239,0.9996,0,0,7.425,0.1598,1]},
{"frame":51,"values":[0.9999,0.0018,0.0153,0,-0.0014,0.9997,-0.024,0,-0.0153,0.024,0.9996,0,0,7.425,0.1598,1]},
{"frame":52,"values":[0.9999,0.0028,0.0157,0,-0.0025,0.9997,-0.0242,0,-0.0158,0.0241,0.9996,0,0,7.425,0.1598,1]},
{"frame":53,"values":[0.9999,0.0039,0.016,0,-0.0035,0.9997,-0.0248,0,-0.0161,0.0247,0.9996,0,0,7.425,0.1598,1]},
{"frame":54,"values":[0.9999,0.0039,0.0161,0,-0.0035,0.9997,-0.0256,0,-0.0162,0.0256,0.9995,0,0,7.425,0.1598,1]},
{"frame":55,"values":[0.9999,0.0023,0.0158,0,-0.0019,0.9997,-0.0258,0,-0.0158,0.0258,0.9995,0,0,7.425,0.1598,1]},
{"frame":56,"values":[0.9999,-0.0001,0.0151,0,0.0005,0.9997,-0.0255,0,-0.0151,0.0255,0.9996,0,0,7.425,0.1598,1]},
{"frame":57,"values":[0.9999,-0.0014,0.0146,0,0.0018,0.9997,-0.0253,0,-0.0146,0.0253,0.9996,0,0,7.425,0.1598,1]},
{"frame":58,"values":[0.9999,-0.0013,0.0144,0,0.0016,0.9997,-0.0256,0,-0.0143,0.0256,0.9996,0,0,7.425,0.1598,1]},
{"frame":59,"values":[0.9999,-0.0005,0.0149,0,0.0008,0.9997,-0.0257,0,-0.0149,0.0258,0.9996,0,0,7.425,0.1598,1]},
{"frame":60,"values":[0.9999,0.0007,0.0172,0,-0.0002,0.9997,-0.025,0,-0.0172,0.025,0.9995,0,0,7.425,0.1598,1]},
{"frame":61,"values":[0.9998,0.0016,0.0191,0,-0.0012,0.9997,-0.0238,0,-0.0192,0.0237,0.9995,0,0,7.425,0.1598,1]},
{"frame":62,"values":[0.9998,0.0021,0.0196,0,-0.0016,0.9997,-0.023,0,-0.0196,0.0229,0.9995,0,0,7.425,0.1598,1]},
{"frame":63,"values":[0.9998,0.0025,0.0194,0,-0.002,0.9997,-0.0231,0,-0.0195,0.0231,0.9995,0,0,7.425,0.1598,1]},
{"frame":64,"values":[0.9998,0.0025,0.0186,0,-0.002,0.9997,-0.0233,0,-0.0186,0.0233,0.9996,0,0,7.425,0.1598,1]},
{"frame":65,"values":[0.9998,0.0017,0.0177,0,-0.0013,0.9998,-0.0221,0,-0.0177,0.022,0.9996,0,0,7.425,0.1598,1]},
{"frame":66,"values":[0.9998,0.0006,0.018,0,-0.0002,0.9998,-0.0193,0,-0.018,0.0193,0.9997,0,0,7.425,0.1598,1]},
{"frame":67,"values":[0.9998,-0.0004,0.0197,0,0.0007,0.9999,-0.0164,0,-0.0197,0.0164,0.9997,0,0,7.425,0.1598,1]},
{"frame":68,"values":[0.9998,-0.0013,0.0214,0,0.0016,0.9999,-0.014,0,-0.0213,0.0141,0.9997,0,0,7.425,0.1598,1]},
{"frame":69,"values":[0.9998,-0.0021,0.0218,0,0.0024,0.9999,-0.0118,0,-0.0217,0.0119,0.9997,0,0,7.425,0.1598,1]},
{"frame":70,"values":[0.9998,-0.0026,0.0209,0,0.0028,1,-0.0095,0,-0.0209,0.0096,0.9997,0,0,7.425,0.1598,1]},
{"frame":71,"values":[0.9998,-0.003,0.0193,0,0.0032,1,-0.007,0,-0.0192,0.0071,0.9998,0,0,7.425,0.1598,1]},
{"frame":72,"values":[0.9998,-0.004,0.0173,0,0.0041,1,-0.0041,0,-0.0173,0.0042,0.9998,0,0,7.425,0.1598,1]},
{"frame":73,"values":[0.9999,-0.0046,0.016,0,0.0047,1,-0.0008,0,-0.016,0.0009,0.9999,0,0,7.425,0.1598,1]}],"loopBehavior":1,"name":"anim","property":"_matrix"}},
{"name":"Spine2","index":3,"matrix":[0.9999,-0.0043,0.0161,0,0.0043,1,-0.0009,0,-0.0161,0.001,0.9999,0,0,8.6226,-0.3542,1],"rest":[1,0,0,0,0,1,0,0,0,0,1,0,0,8.6226,-0.3542,1],"parentBoneIndex":2,"length":20.7438
,"animation":{"dataType":3,"framePerSecond":24,"keys":[
{"frame":1,"values":[0.9999,-0.0043,0.0161,0,0.0043,1,-0.0009,0,-0.0161,0.001,0.9999,0,0,8.6226,-0.3542,1]},
{"frame":2,"values":[0.9999,-0.0046,0.0152,0,0.0046,1,0.0022,0,-0.0152,-0.0021,0.9999,0,0,8.6226,-0.3542,1]},
{"frame":3,"values":[0.9999,-0.0041,0.0151,0,0.0041,1,0.0049,0,-0.0152,-0.0048,0.9999,0,0,8.6226,-0.3542,1]},
{"frame":4,"values":[0.9999,-0.0029,0.0158,0,0.0027,1,0.0075,0,-0.0158,-0.0074,0.9998,0,0,8.6226,-0.3542,1]},
{"frame":5,"values":[0.9999,-0.0015,0.0168,0,0.0014,0.9999,0.01,0,-0.0168,-0.0099,0.9998,0,0,8.6226,-0.3542,1]},
{"frame":6,"values":[0.9998,-0.0008,0.0178,0,0.0006,0.9999,0.0119,0,-0.0178,-0.0119,0.9998,0,0,8.6226,-0.3542,1]},
{"frame":7,"values":[0.9998,-0.0005,0.0187,0,0.0002,0.9999,0.013,0,-0.0188,-0.013,0.9997,0,0,8.6226,-0.3542,1]},
{"frame":8,"values":[0.9998,0.0003,0.02,0,-0.0006,0.9999,0.0135,0,-0.02,-0.0135,0.9997,0,0,8.6226,-0.3542,1]},
{"frame":9,"values":[0.9998,0.0014,0.0213,0,-0.0017,0.9999,0.0141,0,-0.0212,-0.0141,0.9997,0,0,8.6226,-0.3542,1]},
{"frame":10,"values":[0.9997,0.0023,0.0222,0,-0.0027,0.9999,0.0151,0,-0.0222,-0.0151,0.9996,0,0,8.6226,-0.3542,1]},
{"frame":11,"values":[0.9997,0.0029,0.0229,0,-0.0033,0.9999,0.0157,0,-0.0228,-0.0158,0.9996,0,0,8.6226,-0.3542,1]},
{"frame":12,"values":[0.9997,0.0036,0.0234,0,-0.004,0.9999,0.0158,0,-0.0234,-0.0159,0.9996,0,0,8.6226,-0.3542,1]},
{"frame":13,"values":[0.9997,0.0051,0.0243,0,-0.0055,0.9999,0.0161,0,-0.0242,-0.0162,0.9996,0,0,8.6226,-0.3542,1]},
{"frame":14,"values":[0.9997,0.0064,0.025,0,-0.0069,0.9998,0.0166,0,-0.0249,-0.0168,0.9995,0,0,8.6226,-0.3542,1]},
{"frame":15,"values":[0.9997,0.0065,0.0249,0,-0.007,0.9998,0.0164,0,-0.0248,-0.0166,0.9996,0,0,8.6226,-0.3542,1]},
{"frame":16,"values":[0.9997,0.0053,0.0242,0,-0.0057,0.9999,0.0159,0,-0.0242,-0.016,0.9996,0,0,8.6226,-0.3542,1]},
{"frame":17,"values":[0.9997,0.0035,0.0236,0,-0.0039,0.9999,0.0151,0,-0.0236,-0.0152,0.9996,0,0,8.6226,-0.3542,1]},
{"frame":18,"values":[0.9997,0.002,0.0232,0,-0.0023,0.9999,0.0136,0,-0.0231,-0.0137,0.9996,0,0,8.6226,-0.3542,1]},
{"frame":19,"values":[0.9997,0.0012,0.0229,0,-0.0015,0.9999,0.0125,0,-0.0229,-0.0125,0.9997,0,0,8.6226,-0.3542,1]},
{"frame":20,"values":[0.9997,0.0007,0.0225,0,-0.001,0.9999,0.012,0,-0.0225,-0.0121,0.9997,0,0,8.6226,-0.3542,1]},
{"frame":21,"values":[0.9998,0.0001,0.022,0,-0.0004,0.9999,0.0114,0,-0.022,-0.0114,0.9997,0,0,8.6226,-0.3542,1]},
{"frame":22,"values":[0.9998,-0.0006,0.0216,0,0.0004,0.9999,0.0105,0,-0.0216,-0.0105,0.9997,0,0,8.6226,-0.3542,1]},
{"frame":23,"values":[0.9998,-0.0011,0.0215,0,0.0009,0.9999,0.0102,0,-0.0215,-0.0102,0.9997,0,0,8.6226,-0.3542,1]},
{"frame":24,"values":[0.9998,-0.0014,0.0212,0,0.0012,0.9999,0.0106,0,-0.0212,-0.0106,0.9997,0,0,8.6226,-0.3542,1]},
{"frame":25,"values":[0.9998,-0.0016,0.0207,0,0.0014,0.9999,0.0113,0,-0.0208,-0.0113,0.9997,0,0,8.6226,-0.3542,1]},
{"frame":26,"values":[0.9998,-0.002,0.0202,0,0.0018,0.9999,0.0118,0,-0.0202,-0.0118,0.9997,0,0,8.6226,-0.3542,1]},
{"frame":27,"values":[0.9998,-0.0027,0.0193,0,0.0025,0.9999,0.0117,0,-0.0193,-0.0117,0.9997,0,0,8.6226,-0.3542,1]},
{"frame":28,"values":[0.9998,-0.0043,0.0177,0,0.0041,0.9999,0.0114,0,-0.0177,-0.0114,0.9998,0,0,8.6226,-0.3542,1]},
{"frame":29,"values":[0.9999,-0.0069,0.0156,0,0.0068,0.9999,0.0117,0,-0.0157,-0.0116,0.9998,0,0,8.6226,-0.3542,1]},
{"frame":30,"values":[0.9999,-0.0093,0.0139,0,0.0091,0.9999,0.0124,0,-0.014,-0.0123,0.9998,0,0,8.6226,-0.3542,1]},
{"frame":31,"values":[0.9999,-0.0099,0.0131,0,0.0097,0.9999,0.0128,0,-0.0132,-0.0126,0.9998,0,0,8.6226,-0.3542,1]},
{"frame":32,"values":[0.9999,-0.0094,0.013,0,0.0093,0.9999,0.0121,0,-0.0131,-0.0119,0.9998,0,0,8.6226,-0.3542,1]},
{"frame":33,"values":[0.9999,-0.0095,0.0126,0,0.0094,0.9999,0.0099,0,-0.0127,-0.0098,0.9999,0,0,8.6226,-0.3542,1]},
{"frame":34,"values":[0.9999,-0.0102,0.0119,0,0.0101,0.9999,0.0058,0,-0.012,-0.0057,0.9999,0,0,8.6226,-0.3542,1]},
{"frame":35,"values":[0.9999,-0.0104,0.0119,0,0.0104,0.9999,0.0008,0,-0.0119,-0.0007,0.9999,0,0,8.6226,-0.3542,1]},
{"frame":36,"values":[0.9999,-0.0099,0.0122,0,0.01,0.9999,-0.0035,0,-0.0122,0.0036,0.9999,0,0,8.6226,-0.3542,1]},
{"frame":37,"values":[0.9999,-0.0087,0.0131,0,0.0088,0.9999,-0.007,0,-0.013,0.0071,0.9999,0,0,8.6226,-0.3542,1]},
{"frame":38,"values":[0.9999,-0.0064,0.0149,0,0.0065,0.9999,-0.01,0,-0.0148,0.0101,0.9998,0,0,8.6226,-0.3542,1]},
{"frame":39,"values":[0.9999,-0.0039,0.0168,0,0.0041,0.9999,-0.0125,0,-0.0168,0.0125,0.9998,0,0,8.6226,-0.3542,1]},
{"frame":40,"values":[0.9998,-0.0016,0.0185,0,0.0019,0.9999,-0.0149,0,-0.0184,0.0149,0.9997,0,0,8.6226,-0.3542,1]},
{"frame":41,"values":[0.9998,0.0003,0.0196,0,0.0001,0.9998,-0.0177,0,-0.0196,0.0177,0.9997,0,0,8.6226,-0.3542,1]},
{"frame":42,"values":[0.9998,0.0012,0.0198,0,-0.0008,0.9998,-0.0208,0,-0.0199,0.0208,0.9996,0,0,8.6226,-0.3542,1]},
{"frame":43,"values":[0.9998,0.0013,0.0192,0,-0.0009,0.9997,-0.0233,0,-0.0193,0.0233,0.9995,0,0,8.6226,-0.3542,1]},
{"frame":44,"values":[0.9998,0.001,0.0184,0,-0.0006,0.9997,-0.0249,0,-0.0184,0.0249,0.9995,0,0,8.6226,-0.3542,1]},
{"frame":45,"values":[0.9998,0.0008,0.0179,0,-0.0003,0.9997,-0.0258,0,-0.0179,0.0258,0.9995,0,0,8.6226,-0.3542,1]},
{"frame":46,"values":[0.9998,0.0007,0.0177,0,-0.0003,0.9997,-0.026,0,-0.0177,0.0259,0.9995,0,0,8.6226,-0.3542,1]},
{"frame":47,"values":[0.9999,0.0005,0.0171,0,-0.0001,0.9997,-0.0255,0,-0.0171,0.0254,0.9995,0,0,8.6226,-0.3542,1]},
{"frame":48,"values":[0.9999,-0.0002,0.0156,0,0.0006,0.9997,-0.0245,0,-0.0156,0.0245,0.9996,0,0,8.6226,-0.3542,1]},
{"frame":49,"values":[0.9999,-0.0001,0.0145,0,0.0005,0.9997,-0.0239,0,-0.0145,0.0239,0.9996,0,0,8.6226,-0.3542,1]},
{"frame":50,"values":[0.9999,0.0012,0.0146,0,-0.0009,0.9997,-0.0239,0,-0.0146,0.0239,0.9996,0,0,8.6226,-0.3542,1]},
{"frame":51,"values":[0.9999,0.0026,0.0151,0,-0.0022,0.9997,-0.024,0,-0.0152,0.0239,0.9996,0,0,8.6226,-0.3542,1]},
{"frame":52,"values":[0.9999,0.0036,0.0156,0,-0.0033,0.9997,-0.0241,0,-0.0157,0.0241,0.9996,0,0,8.6226,-0.3542,1]},
{"frame":53,"values":[0.9999,0.0047,0.0159,0,-0.0043,0.9997,-0.0247,0,-0.016,0.0247,0.9996,0,0,8.6226,-0.3542,1]},
{"frame":54,"values":[0.9999,0.0047,0.0159,0,-0.0043,0.9997,-0.0256,0,-0.016,0.0255,0.9995,0,0,8.6226,-0.3542,1]},
{"frame":55,"values":[0.9999,0.0031,0.0156,0,-0.0027,0.9997,-0.0258,0,-0.0157,0.0257,0.9995,0,0,8.6226,-0.3542,1]},
{"frame":56,"values":[0.9999,0.0007,0.0151,0,-0.0003,0.9997,-0.0255,0,-0.0151,0.0255,0.9996,0,0,8.6226,-0.3542,1]},
{"frame":57,"values":[0.9999,-0.0007,0.0146,0,0.0011,0.9997,-0.0253,0,-0.0146,0.0253,0.9996,0,0,8.6226,-0.3542,1]},
{"frame":58,"values":[0.9999,-0.0005,0.0143,0,0.0009,0.9997,-0.0256,0,-0.0143,0.0256,0.9996,0,0,8.6226,-0.3542,1]},
{"frame":59,"values":[0.9999,0.0003,0.0149,0,0.0001,0.9997,-0.0258,0,-0.0149,0.0258,0.9996,0,0,8.6226,-0.3542,1]},
{"frame":60,"values":[0.9999,0.0015,0.0171,0,-0.0011,0.9997,-0.025,0,-0.0171,0.025,0.9995,0,0,8.6226,-0.3542,1]},
{"frame":61,"values":[0.9998,0.0025,0.019,0,-0.002,0.9997,-0.0237,0,-0.0191,0.0237,0.9995,0,0,8.6226,-0.3542,1]},
{"frame":62,"values":[0.9998,0.003,0.0194,0,-0.0025,0.9997,-0.0229,0,-0.0195,0.0229,0.9995,0,0,8.6226,-0.3542,1]},
{"frame":63,"values":[0.9998,0.0033,0.0193,0,-0.0029,0.9997,-0.0231,0,-0.0193,0.023,0.9995,0,0,8.6226,-0.3542,1]},
{"frame":64,"values":[0.9998,0.0033,0.0184,0,-0.0028,0.9997,-0.0233,0,-0.0185,0.0232,0.9996,0,0,8.6226,-0.3542,1]},
{"frame":65,"values":[0.9998,0.0024,0.0176,0,-0.0021,0.9998,-0.022,0,-0.0177,0.022,0.9996,0,0,8.6226,-0.3542,1]},
{"frame":66,"values":[0.9998,0.0013,0.018,0,-0.0009,0.9998,-0.0193,0,-0.018,0.0193,0.9997,0,0,8.6226,-0.3542,1]},
{"frame":67,"values":[0.9998,0.0003,0.0197,0,0,0.9999,-0.0164,0,-0.0197,0.0164,0.9997,0,0,8.6226,-0.3542,1]},
{"frame":68,"values":[0.9998,-0.0006,0.0214,0,0.0009,0.9999,-0.014,0,-0.0213,0.0141,0.9997,0,0,8.6226,-0.3542,1]},
{"frame":69,"values":[0.9998,-0.0015,0.0218,0,0.0017,0.9999,-0.0119,0,-0.0218,0.0119,0.9997,0,0,8.6226,-0.3542,1]},
{"frame":70,"values":[0.9998,-0.002,0.0209,0,0.0022,1,-0.0096,0,-0.0209,0.0096,0.9997,0,0,8.6226,-0.3542,1]},
{"frame":71,"values":[0.9998,-0.0025,0.0193,0,0.0027,1,-0.0071,0,-0.0193,0.0071,0.9998,0,0,8.6226,-0.3542,1]},
{"frame":72,"values":[0.9998,-0.0036,0.0174,0,0.0037,1,-0.0042,0,-0.0174,0.0042,0.9998,0,0,8.6226,-0.3542,1]},
{"frame":73,"values":[0.9999,-0.0043,0.0161,0,0.0043,1,-0.0009,0,-0.0161,0.001,0.9999,0,0,8.6226,-0.3542,1]}],"loopBehavior":1,"name":"anim","property":"_matrix"}},
{"name":"Neck","index":4,"matrix":[0.9997,-0.0231,-0.0077,0,0.0232,0.9997,0.004,0,0.0076,-0.0042,1,0,0,23.6053,-4.5263,1],"rest":[1,0,0,0,0,1,0,0,0,0,1,0,0,23.6053,-4.5263,1],"parentBoneIndex":3,"length":10.3542
,"animation":{"dataType":3,"framePerSecond":24,"keys":[
{"frame":1,"values":[0.9997,-0.0231,-0.0077,0,0.0232,0.9997,0.004,0,0.0076,-0.0042,1,0,0,23.6053,-4.5263,1]},
{"frame":2,"values":[0.9997,-0.0232,-0.0076,0,0.0232,0.9997,0.0029,0,0.0076,-0.0031,1,0,0,23.6053,-4.5263,1]},
{"frame":3,"values":[0.9997,-0.0237,-0.0079,0,0.0237,0.9997,0.0021,0,0.0078,-0.0023,1,0,0,23.6053,-4.5263,1]},
{"frame":4,"values":[0.9996,-0.0251,-0.0087,0,0.0251,0.9997,0.0016,0,0.0087,-0.0018,1,0,0,23.6053,-4.5263,1]},
{"frame":5,"values":[0.9996,-0.0267,-0.0097,0,0.0267,0.9996,0.0012,0,0.0097,-0.0015,1,0,0,23.6053,-4.5263,1]},
{"frame":6,"values":[0.9996,-0.0273,-0.0103,0,0.0273,0.9996,0.0013,0,0.0102,-0.0016,0.9999,0,0,23.6053,-4.5263,1]},
{"frame":7,"values":[0.9996,-0.0273,-0.0107,0,0.0274,0.9996,0.0022,0,0.0106,-0.0025,0.9999,0,0,23.6053,-4.5263,1]},
{"frame":8,"values":[0.9996,-0.0276,-0.0113,0,0.0276,0.9996,0.0036,0,0.0112,-0.0039,0.9999,0,0,23.6053,-4.5263,1]},
{"frame":9,"values":[0.9995,-0.0282,-0.0118,0,0.0283,0.9996,0.0049,0,0.0117,-0.0052,0.9999,0,0,23.6053,-4.5263,1]},
{"frame":10,"values":[0.9995,-0.0289,-0.0122,0,0.029,0.9996,0.0061,0,0.012,-0.0065,0.9999,0,0,23.6053,-4.5263,1]},
{"frame":11,"values":[0.9995,-0.0296,-0.0124,0,0.0297,0.9995,0.0077,0,0.0121,-0.008,0.9999,0,0,23.6053,-4.5263,1]},
{"frame":12,"values":[0.9994,-0.0307,-0.0128,0,0.0308,0.9995,0.0094,0,0.0125,-0.0098,0.9999,0,0,23.6053,-4.5263,1]},
{"frame":13,"values":[0.9994,-0.0323,-0.014,0,0.0325,0.9994,0.0099,0,0.0137,-0.0103,0.9999,0,0,23.6053,-4.5263,1]},
{"frame":14,"values":[0.9993,-0.0332,-0.015,0,0.0334,0.9994,0.009,0,0.0147,-0.0095,0.9998,0,0,23.6053,-4.5263,1]},
{"frame":15,"values":[0.9994,-0.0326,-0.0148,0,0.0327,0.9994,0.0084,0,0.0145,-0.0089,0.9999,0,0,23.6053,-4.5263,1]},
{"frame":16,"values":[0.9994,-0.0314,-0.0137,0,0.0315,0.9995,0.0082,0,0.0134,-0.0086,0.9999,0,0,23.6053,-4.5263,1]},
{"frame":17,"values":[0.9995,-0.0303,-0.0126,0,0.0304,0.9995,0.008,0,0.0124,-0.0084,0.9999,0,0,23.6053,-4.5263,1]},
{"frame":18,"values":[0.9995,-0.0293,-0.0119,0,0.0294,0.9995,0.0081,0,0.0117,-0.0085,0.9999,0,0,23.6053,-4.5263,1]},
{"frame":19,"values":[0.9995,-0.0284,-0.0113,0,0.0285,0.9996,0.0083,0,0.0111,-0.0086,0.9999,0,0,23.6053,-4.5263,1]},
{"frame":20,"values":[0.9996,-0.0274,-0.0107,0,0.0274,0.9996,0.0083,0,0.0105,-0.0086,0.9999,0,0,23.6053,-4.5263,1]},
{"frame":21,"values":[0.9996,-0.026,-0.01,0,0.0261,0.9996,0.0085,0,0.0097,-0.0088,0.9999,0,0,23.6053,-4.5263,1]},
{"frame":22,"values":[0.9997,-0.0246,-0.0092,0,0.0247,0.9997,0.0094,0,0.009,-0.0096,0.9999,0,0,23.6053,-4.5263,1]},
{"frame":23,"values":[0.9997,-0.0238,-0.0087,0,0.0239,0.9997,0.0107,0,0.0084,-0.0109,0.9999,0,0,23.6053,-4.5263,1]},
{"frame":24,"values":[0.9997,-0.0234,-0.0084,0,0.0235,0.9997,0.0119,0,0.0081,-0.0121,0.9999,0,0,23.6053,-4.5263,1]},
{"frame":25,"values":[0.9997,-0.0227,-0.008,0,0.0228,0.9997,0.0127,0,0.0077,-0.0129,0.9999,0,0,23.6053,-4.5263,1]},
{"frame":26,"values":[0.9997,-0.0218,-0.0077,0,0.0219,0.9997,0.0134,0,0.0074,-0.0136,0.9999,0,0,23.6053,-4.5263,1]},
{"frame":27,"values":[0.9998,-0.0209,-0.0074,0,0.021,0.9997,0.0142,0,0.0071,-0.0144,0.9999,0,0,23.6053,-4.5263,1]},
{"frame":28,"values":[0.9998,-0.0194,-0.0071,0,0.0195,0.9997,0.0151,0,0.0068,-0.0153,0.9999,0,0,23.6053,-4.5263,1]},
{"frame":29,"values":[0.9998,-0.0169,-0.0064,0,0.017,0.9997,0.0159,0,0.0061,-0.016,0.9999,0,0,23.6053,-4.5263,1]},
{"frame":30,"values":[0.9999,-0.0153,-0.006,0,0.0154,0.9998,0.0159,0,0.0058,-0.016,0.9999,0,0,23.6053,-4.5263,1]},
{"frame":31,"values":[0.9998,-0.0165,-0.0068,0,0.0166,0.9998,0.0149,0,0.0065,-0.015,0.9999,0,0,23.6053,-4.5263,1]},
{"frame":32,"values":[0.9998,-0.0189,-0.008,0,0.019,0.9997,0.0135,0,0.0077,-0.0136,0.9999,0,0,23.6053,-4.5263,1]},
{"frame":33,"values":[0.9998,-0.0191,-0.0079,0,0.0192,0.9997,0.0131,0,0.0076,-0.0132,0.9999,0,0,23.6053,-4.5263,1]},
{"frame":34,"values":[0.9998,-0.0167,-0.0065,0,0.0168,0.9998,0.0146,0,0.0062,-0.0147,0.9999,0,0,23.6053,-4.5263,1]},
{"frame":35,"values":[0.9999,-0.0144,-0.0053,0,0.0145,0.9998,0.0167,0,0.005,-0.0168,0.9998,0,0,23.6053,-4.5263,1]},
