{"producer":{"name":"Blender","version":"2.90.0","exporter_version":"2.80.1","file":"riffle_run.babylon"},
"autoClear":true,"clearColor":[0.0509,0.0509,0.0509],"gravity":[0,-9.81,0],
"materials":[{"name":"Material","id":"Material","customType":"BABYLON.PBRMaterial","backFaceCulling":true,"checkReadyOnlyOnce":false,"maxSimultaneousLights":4,"environmentIntensity":1,"albedo":[0.8,0.8,0.8],"reflectivity":[0.5,0.5,0.5],"roughness":0.4,"alpha":1,"transparencyMode":0,"alphaCutOff":0.4,"metallic":0}],
"multiMaterials":[],
"skeletons":[{"name":"Armature","id":0,"dimensionsAtRest":[177.7018,230.6614,27.1405],"bones":[
{"name":"Hips","index":0,"matrix":[0.9705,-0.0503,-0.2359,0,0.0102,0.9857,-0.1685,0,-0.241,-0.1611,-0.9571,0,0.2603,92.3725,0.5333,1],"rest":[1,0,0,0,0,1,0,0,0,0,-1,0,0,113.0334,0,1],"parentBoneIndex":-1,"length":12.9876
,"animation":{"dataType":3,"framePerSecond":24,"keys":[
{"frame":1,"values":[0.9705,-0.0503,-0.2359,0,0.0102,0.9857,-0.1685,0,-0.241,-0.1611,-0.9571,0,0.2603,92.3725,0.5333,1]},
{"frame":2,"values":[0.9742,-0.0286,-0.2239,0,-0.0106,0.9851,-0.1719,0,-0.2254,-0.1698,-0.9593,0,0.1259,93.3483,-0.2429,1]},
{"frame":3,"values":[0.9808,-0.0061,-0.195,0,-0.029,0.9839,-0.1764,0,-0.1929,-0.1786,-0.9648,0,-0.0211,95.8041,-1.3935,1]},
{"frame":4,"values":[0.985,0.0086,-0.1721,0,-0.0381,0.9849,-0.169,0,-0.168,-0.173,-0.9705,0,-0.0806,98.9645,-1.9778,1]},
{"frame":5,"values":[0.9844,-0.0034,-0.1758,0,-0.0226,0.989,-0.1461,0,-0.1743,-0.1478,-0.9735,0,-0.0342,99.1799,-1.5789,1]},
{"frame":6,"values":[0.9901,-0.0061,-0.1405,0,-0.0123,0.9914,-0.1299,0,-0.1401,-0.1304,-0.9815,0,-0.0318,96.136,-1.0842,1]},
{"frame":7,"values":[0.9954,0.0208,-0.0934,0,-0.0303,0.9944,-0.1016,0,-0.0907,-0.104,-0.9904,0,0.0581,93.4728,-0.0527,1]},
{"frame":8,"values":[0.9917,0.0408,-0.122,0,-0.0512,0.9952,-0.0834,0,-0.118,-0.089,-0.989,0,0.2177,91.7565,0.5882,1]},
{"frame":9,"values":[0.9902,0.0267,-0.1368,0,-0.04,0.9947,-0.0952,0,-0.1335,-0.0998,-0.986,0,0.4001,91.2067,0.08,1]},
{"frame":10,"values":[0.9938,-0.0119,-0.1103,0,-0.0004,0.9938,-0.1108,0,-0.1109,-0.1101,-0.9877,0,0.5079,92.2784,-0.563,1]},
{"frame":11,"values":[0.9945,-0.045,-0.0941,0,0.0308,0.9886,-0.1476,0,-0.0997,-0.1439,-0.9846,0,0.5358,94.6442,-1.4111,1]},
{"frame":12,"values":[0.9915,-0.0702,-0.11,0,0.0495,0.9823,-0.1806,0,-0.1207,-0.1736,-0.9774,0,1.0333,98.7098,-1.642,1]},
{"frame":13,"values":[0.9886,-0.0569,-0.1394,0,0.0287,0.9801,-0.1965,0,-0.1478,-0.1903,-0.9705,0,1.4418,102.1019,-1.5386,1]},
{"frame":14,"values":[0.9876,-0.0188,-0.1559,0,-0.0123,0.9805,-0.1959,0,-0.1565,-0.1954,-0.9682,0,1.565,102.1091,-1.927,1]},
{"frame":15,"values":[0.9863,-0.0097,-0.165,0,-0.0226,0.981,-0.1929,0,-0.1637,-0.1939,-0.9673,0,1.2358,99.5707,-1.5032,1]},
{"frame":16,"values":[0.9803,-0.0349,-0.1943,0,-0.0015,0.9829,-0.1839,0,-0.1974,-0.1806,-0.9635,0,0.8678,96.922,-0.5714,1]},
{"frame":17,"values":[0.9683,-0.0529,-0.244,0,0.0142,0.9874,-0.1576,0,-0.2493,-0.1491,-0.9569,0,0.7121,94.4413,0.5,1]},
{"frame":18,"values":[0.9685,-0.0493,-0.244,0,0.0099,0.9871,-0.1598,0,-0.2488,-0.1524,-0.9565,0,0.3346,92.6885,0.692,1]}],"loopBehavior":1,"name":"anim","property":"_matrix"}},
{"name":"Spine","index":1,"matrix":[0.9971,0.0412,0.0633,0,-0.0505,0.9868,0.1538,0,-0.0561,-0.1566,0.9861,0,0,7.2445,0.6334,1],"rest":[1,0,0,0,0,1,0,0,0,0,1,0,0,7.2445,0.6334,1],"parentBoneIndex":0,"length":7.4267
,"animation":{"dataType":3,"framePerSecond":24,"keys":[
{"frame":1,"values":[0.9971,0.0412,0.0633,0,-0.0505,0.9868,0.1538,0,-0.0561,-0.1566,0.9861,0,0,7.2445,0.6334,1]},
{"frame":2,"values":[0.9977,0.0206,0.0638,0,-0.0299,0.9884,0.1489,0,-0.06,-0.1505,0.9868,0,0,7.2445,0.6334,1]},
{"frame":3,"values":[0.9976,0.0026,0.0686,0,-0.0124,0.9897,0.1427,0,-0.0675,-0.1432,0.9874,0,0,7.2445,0.6334,1]},
{"frame":4,"values":[0.9976,-0.0072,0.0695,0,-0.0022,0.991,0.134,0,-0.0698,-0.1338,0.9885,0,0,7.2445,0.6334,1]},
{"frame":5,"values":[0.9978,-0.005,0.0662,0,-0.0039,0.9909,0.1345,0,-0.0662,-0.1345,0.9887,0,0,7.2445,0.6334,1]},
{"frame":6,"values":[0.9957,-0.0176,0.0914,0,0.0053,0.991,0.1336,0,-0.093,-0.1325,0.9868,0,0,7.2445,0.6334,1]},
{"frame":7,"values":[0.9929,-0.0453,0.1103,0,0.0273,0.9868,0.1599,0,-0.1161,-0.1557,0.9809,0,0,7.2445,0.6334,1]},
{"frame":8,"values":[0.9944,-0.0591,0.0877,0,0.0433,0.9842,0.1718,0,-0.0965,-0.167,0.9812,0,0,7.2445,0.6334,1]},
{"frame":9,"values":[0.9949,-0.0393,0.0932,0,0.0239,0.9867,0.161,0,-0.0983,-0.1579,0.9825,0,0,7.2445,0.6334,1]},
{"frame":10,"values":[0.9926,-0.0023,0.1213,0,-0.0174,0.9868,0.1608,0,-0.1201,-0.1617,0.9795,0,0,7.2445,0.6334,1]},
{"frame":11,"values":[0.9896,0.031,0.1404,0,-0.0523,0.9872,0.1504,0,-0.1339,-0.1562,0.9786,0,0,7.2445,0.6334,1]},
{"frame":12,"values":[0.9894,0.0616,0.1314,0,-0.0811,0.9855,0.1488,0,-0.1203,-0.1579,0.9801,0,0,7.2445,0.6334,1]},
{"frame":13,"values":[0.9903,0.0594,0.1258,0,-0.0766,0.9876,0.1367,0,-0.1162,-0.145,0.9826,0,0,7.2445,0.6334,1]},
{"frame":14,"values":[0.9916,0.0406,0.123,0,-0.0558,0.9909,0.1224,0,-0.1169,-0.1282,0.9848,0,0,7.2445,0.6334,1]},
{"frame":15,"values":[0.9931,0.0402,0.1098,0,-0.0535,0.9913,0.1207,0,-0.104,-0.1257,0.9866,0,0,7.2445,0.6334,1]},
{"frame":16,"values":[0.9951,0.0494,0.0854,0,-0.0611,0.9882,0.1403,0,-0.0775,-0.1449,0.9864,0,0,7.2445,0.6334,1]},
{"frame":17,"values":[0.9957,0.042,0.0826,0,-0.0559,0.9832,0.1738,0,-0.0739,-0.1777,0.9813,0,0,7.2445,0.6334,1]},
{"frame":18,"values":[0.9968,0.0373,0.0711,0,-0.0485,0.9855,0.1625,0,-0.064,-0.1655,0.9841,0,0,7.2445,0.6334,1]}],"loopBehavior":1,"name":"anim","property":"_matrix"}},
{"name":"Spine1","index":2,"matrix":[0.9998,-0.0024,0.0172,0,0.0014,0.9983,0.0588,0,-0.0173,-0.0587,0.9981,0,0,7.425,0.1598,1],"rest":[1,0,0,0,0,1,0,0,0,0,1,0,0,7.425,0.1598,1],"parentBoneIndex":1,"length":8.6299
,"animation":{"dataType":3,"framePerSecond":24,"keys":[
{"frame":1,"values":[0.9998,-0.0024,0.0172,0,0.0014,0.9983,0.0588,0,-0.0173,-0.0587,0.9981,0,0,7.425,0.1598,1]},
{"frame":2,"values":[0.9998,-0.0061,0.0187,0,0.0051,0.9984,0.0554,0,-0.019,-0.0553,0.9983,0,0,7.425,0.1598,1]},
{"frame":3,"values":[0.9998,-0.0059,0.0215,0,0.0047,0.9985,0.0554,0,-0.0218,-0.0553,0.9982,0,0,7.425,0.1598,1]},
{"frame":4,"values":[0.9998,-0.0034,0.0217,0,0.0021,0.9983,0.0574,0,-0.0219,-0.0573,0.9981,0,0,7.425,0.1598,1]},
{"frame":5,"values":[0.9998,-0.0014,0.021,0,0,0.9977,0.068,0,-0.0211,-0.068,0.9975,0,0,7.425,0.1598,1]},
{"frame":6,"values":[0.9995,0.0007,0.0302,0,-0.0027,0.9978,0.0663,0,-0.0301,-0.0663,0.9973,0,0,7.425,0.1598,1]},
{"frame":7,"values":[0.9993,-0.0015,0.0379,0,-0.0007,0.9982,0.06,0,-0.0379,-0.06,0.9975,0,0,7.425,0.1598,1]},
{"frame":8,"values":[0.9995,-0.0026,0.0304,0,0.0007,0.9981,0.0611,0,-0.0305,-0.0611,0.9977,0,0,7.425,0.1598,1]},
{"frame":9,"values":[0.9995,0.0026,0.0299,0,-0.0044,0.9982,0.0593,0,-0.0297,-0.0594,0.9978,0,0,7.425,0.1598,1]},
{"frame":10,"values":[0.9993,0.0107,0.0368,0,-0.0128,0.9982,0.0586,0,-0.0361,-0.0591,0.9976,0,0,7.425,0.1598,1]},
{"frame":11,"values":[0.999,0.0154,0.0413,0,-0.0176,0.9984,0.0546,0,-0.0403,-0.0553,0.9977,0,0,7.425,0.1598,1]},
{"frame":12,"values":[0.999,0.0206,0.0392,0,-0.0228,0.9982,0.0561,0,-0.0379,-0.0569,0.9977,0,0,7.425,0.1598,1]},
{"frame":13,"values":[0.9991,0.0171,0.0388,0,-0.0192,0.9984,0.0535,0,-0.0378,-0.0542,0.9978,0,0,7.425,0.1598,1]},
{"frame":14,"values":[0.9993,0.0111,0.0365,0,-0.0129,0.9986,0.0509,0,-0.0359,-0.0513,0.998,0,0,7.425,0.1598,1]},
{"frame":15,"values":[0.9995,0.0071,0.031,0,-0.0085,0.9989,0.0457,0,-0.0307,-0.0459,0.9985,0,0,7.425,0.1598,1]},
{"frame":16,"values":[0.9997,0.0076,0.0227,0,-0.0084,0.9993,0.0365,0,-0.0224,-0.0367,0.9991,0,0,7.425,0.1598,1]},
{"frame":17,"values":[0.9998,0.0015,0.0218,0,-0.0027,0.9984,0.0563,0,-0.0217,-0.0563,0.9982,0,0,7.425,0.1598,1]},
{"frame":18,"values":[0.9998,-0.0027,0.0193,0,0.0015,0.998,0.0637,0,-0.0194,-0.0637,0.9978,0,0,7.425,0.1598,1]}],"loopBehavior":1,"name":"anim","property":"_matrix"}},
{"name":"Spine2","index":3,"matrix":[0.9998,-0.0025,0.0175,0,0.0015,0.9983,0.0586,0,-0.0176,-0.0586,0.9981,0,0,8.6226,-0.3542,1],"rest":[1,0,0,0,0,1,0,0,0,0,1,0,0,8.6226,-0.3542,1],"parentBoneIndex":2,"length":20.7438
,"animation":{"dataType":3,"framePerSecond":24,"keys":[
{"frame":1,"values":[0.9998,-0.0025,0.0175,0,0.0015,0.9983,0.0586,0,-0.0176,-0.0586,0.9981,0,0,8.6226,-0.3542,1]},
{"frame":2,"values":[0.9998,-0.0063,0.0189,0,0.0052,0.9985,0.0553,0,-0.0192,-0.0552,0.9983,0,0,8.6226,-0.3542,1]},
{"frame":3,"values":[0.9997,-0.0061,0.0216,0,0.0049,0.9985,0.0553,0,-0.0219,-0.0552,0.9982,0,0,8.6226,-0.3542,1]},
{"frame":4,"values":[0.9998,-0.0037,0.0217,0,0.0024,0.9984,0.0574,0,-0.0219,-0.0573,0.9981,0,0,8.6226,-0.3542,1]},
{"frame":5,"values":[0.9998,-0.0019,0.0213,0,0.0005,0.9977,0.0679,0,-0.0214,-0.0679,0.9975,0,0,8.6226,-0.3542,1]},
{"frame":6,"values":[0.9995,0,0.0306,0,-0.0021,0.9978,0.0661,0,-0.0305,-0.0661,0.9973,0,0,8.6226,-0.3542,1]},
{"frame":7,"values":[0.9993,-0.002,0.0381,0,-0.0003,0.9982,0.06,0,-0.0381,-0.0599,0.9975,0,0,8.6226,-0.3542,1]},
{"frame":8,"values":[0.9995,-0.0028,0.0305,0,0.001,0.9981,0.0611,0,-0.0306,-0.0611,0.9977,0,0,8.6226,-0.3542,1]},
{"frame":9,"values":[0.9995,0.0024,0.03,0,-0.0041,0.9982,0.0593,0,-0.0299,-0.0594,0.9978,0,0,8.6226,-0.3542,1]},
{"frame":10,"values":[0.9993,0.0104,0.0369,0,-0.0126,0.9982,0.0587,0,-0.0363,-0.0591,0.9976,0,0,8.6226,-0.3542,1]},
{"frame":11,"values":[0.999,0.0151,0.0414,0,-0.0173,0.9984,0.0546,0,-0.0405,-0.0552,0.9977,0,0,8.6226,-0.3542,1]},
{"frame":12,"values":[0.999,0.0202,0.0394,0,-0.0224,0.9982,0.056,0,-0.0382,-0.0568,0.9977,0,0,8.6226,-0.3542,1]},
{"frame":13,"values":[0.9991,0.0167,0.0391,0,-0.0188,0.9984,0.0533,0,-0.0381,-0.054,0.9978,0,0,8.6226,-0.3542,1]},
{"frame":14,"values":[0.9993,0.0106,0.0368,0,-0.0125,0.9986,0.0507,0,-0.0362,-0.0511,0.998,0,0,8.6226,-0.3542,1]},
{"frame":15,"values":[0.9995,0.0068,0.0312,0,-0.0082,0.9989,0.0455,0,-0.0309,-0.0457,0.9985,0,0,8.6226,-0.3542,1]},
{"frame":16,"values":[0.9997,0.0077,0.0228,0,-0.0085,0.9993,0.0364,0,-0.0226,-0.0365,0.9991,0,0,8.6226,-0.3542,1]},
{"frame":17,"values":[0.9998,0.0014,0.0221,0,-0.0026,0.9984,0.0561,0,-0.022,-0.0561,0.9982,0,0,8.6226,-0.3542,1]},
{"frame":18,"values":[0.9998,-0.0029,0.0196,0,0.0017,0.998,0.0636,0,-0.0197,-0.0635,0.9978,0,0,8.6226,-0.3542,1]}],"loopBehavior":1,"name":"anim","property":"_matrix"}},
{"name":"Neck","index":4,"matrix":[0.9977,0.0269,-0.0621,0,-0.0222,0.9969,0.0751,0,0.0639,-0.0735,0.9952,0,0,23.6053,-4.5263,1],"rest":[1,0,0,0,0,1,0,0,0,0,1,0,0,23.6053,-4.5263,1],"parentBoneIndex":3,"length":10.3542
,"animation":{"dataType":3,"framePerSecond":24,"keys":[
{"frame":1,"values":[0.9977,0.0269,-0.0621,0,-0.0222,0.9969,0.0751,0,0.0639,-0.0735,0.9952,0,0,23.6053,-4.5263,1]},
{"frame":2,"values":[0.9977,0.0262,-0.0626,0,-0.0213,0.9967,0.0786,0,0.0644,-0.077,0.9949,0,0,23.6053,-4.5263,1]},
{"frame":3,"values":[0.9978,0.0271,-0.0604,0,-0.0218,0.9959,0.0873,0,0.0625,-0.0858,0.9943,0,0,23.6053,-4.5263,1]},
{"frame":4,"values":[0.9979,0.0317,-0.056,0,-0.0261,0.9948,0.0986,0,0.0588,-0.0969,0.9936,0,0,23.6053,-4.5263,1]},
{"frame":5,"values":[0.998,0.0352,-0.0532,0,-0.0301,0.9952,0.0933,0,0.0562,-0.0915,0.9942,0,0,23.6053,-4.5263,1]},
{"frame":6,"values":[0.9978,0.0436,-0.0504,0,-0.0388,0.995,0.092,0,0.0542,-0.0899,0.9945,0,0,23.6053,-4.5263,1]},
{"frame":7,"values":[0.9981,0.0399,-0.0467,0,-0.0354,0.9948,0.0952,0,0.0503,-0.0934,0.9944,0,0,23.6053,-4.5263,1]},
{"frame":8,"values":[0.9985,0.0278,-0.0482,0,-0.0228,0.9945,0.1023,0,0.0508,-0.1011,0.9936,0,0,23.6053,-4.5263,1]},
{"frame":9,"values":[0.9983,0.0267,-0.0512,0,-0.0215,0.9947,0.1008,0,0.0536,-0.0995,0.9936,0,0,23.6053,-4.5263,1]},
{"frame":10,"values":[0.9982,0.0342,-0.0497,0,-0.0294,0.9952,0.0935,0,0.0527,-0.0919,0.9944,0,0,23.6053,-4.5263,1]},
{"frame":11,"values":[0.9978,0.0478,-0.0461,0,-0.0433,0.9945,0.0955,0,0.0504,-0.0933,0.9944,0,0,23.6053,-4.5263,1]},
{"frame":12,"values":[0.9976,0.0567,-0.0406,0,-0.053,0.9947,0.0884,0,0.0454,-0.086,0.9953,0,0,23.6053,-4.5263,1]},
{"frame":13,"values":[0.9973,0.0618,-0.0405,0,-0.0579,0.9942,0.0905,0,0.0459,-0.0879,0.9951,0,0,23.6053,-4.5263,1]},
{"frame":14,"values":[0.9974,0.0595,-0.0414,0,-0.0555,0.9942,0.0923,0,0.0467,-0.0898,0.9949,0,0,23.6053,-4.5263,1]},
{"frame":15,"values":[0.9976,0.0569,-0.0398,0,-0.0532,0.9947,0.0875,0,0.0445,-0.0852,0.9954,0,0,23.6053,-4.5263,1]},
{"frame":16,"values":[0.9978,0.0504,-0.0434,0,-0.0463,0.9949,0.0901,0,0.0477,-0.0879,0.995,0,0,23.6053,-4.5263,1]},
{"frame":17,"values":[0.9976,0.0307,-0.0617,0,-0.0258,0.9966,0.0786,0,0.0639,-0.0769,0.995,0,0,23.6053,-4.5263,1]},
{"frame":18,"values":[0.9976,0.0263,-0.0638,0,-0.0217,0.9973,0.0707,0,0.0655,-0.0692,0.9955,0,0,23.6053,-4.5263,1]}],"loopBehavior":1,"name":"anim","property":"_matrix"}},
{"name":"Head","index":5,"matrix":[0.9376,0.1977,-0.2861,0,-0.2102,0.9776,-0.0132,0,0.2771,0.0725,0.9581,0,0,9.9955,2.7017,1],"rest":[1,0,0,0,0,1,0,0,0,0,1,0,0,9.9955,2.7017,1],"parentBoneIndex":4,"length":31.4272
,"animation":{"dataType":3,"framePerSecond":24,"keys":[
{"frame":1,"values":[0.9376,0.1977,-0.2861,0,-0.2102,0.9776,-0.0132,0,0.2771,0.0725,0.9581,0,0,9.9955,2.7017,1]},
{"frame":2,"values":[0.9351,0.2124,-0.2835,0,-0.2279,0.9734,-0.0224,0,0.2712,0.0856,0.9587,0,0,9.9955,2.7017,1]},
{"frame":3,"values":[0.9372,0.2181,-0.2722,0,-0.2327,0.9723,-0.0221,0,0.2599,0.0841,0.962,0,0,9.9955,2.7017,1]},
{"frame":4,"values":[0.9426,0.2099,-0.2598,0,-0.2217,0.975,-0.0166,0,0.2498,0.0732,0.9655,0,0,9.9955,2.7017,1]},
{"frame":5,"values":[0.9452,0.2072,-0.2525,0,-0.2152,0.9766,-0.0041,0,0.2457,0.0582,0.9676,0,0,9.9955,2.7017,1]},
{"frame":6,"values":[0.9434,0.2183,-0.2497,0,-0.229,0.9733,-0.0142,0,0.2399,0.0705,0.9682,0,0,9.9955,2.7017,1]},
{"frame":7,"values":[0.9468,0.2315,-0.2236,0,-0.2461,0.9685,-0.0392,0,0.2075,0.0922,0.9739,0,0,9.9955,2.7017,1]},
{"frame":8,"values":[0.9497,0.2333,-0.2088,0,-0.2437,0.9695,-0.0251,0,0.1966,0.0748,0.9776,0,0,9.9955,2.7017,1]},
{"frame":9,"values":[0.9485,0.2252,-0.2227,0,-0.2327,0.9725,-0.0077,0,0.2149,0.0591,0.9748,0,0,9.9955,2.7017,1]},
{"frame":10,"values":[0.9462,0.2302,-0.2272,0,-0.2392,0.9709,-0.0122,0,0.2178,0.0659,0.9738,0,0,9.9955,2.7017,1]},
{"frame":11,"values":[0.9473,0.216,-0.2365,0,-0.226,0.974,-0.0154,0,0.227,0.068,0.9715,0,0,9.9955,2.7017,1]},
{"frame":12,"values":[0.9539,0.1894,-0.2328,0,-0.197,0.9804,-0.0096,0,0.2264,0.055,0.9725,0,0,9.9955,2.7017,1]},
{"frame":13,"values":[0.9531,0.1802,-0.2432,0,-0.1846,0.9828,0.0047,0,0.2399,0.0404,0.97,0,0,9.9955,2.7017,1]},
{"frame":14,"values":[0.9529,0.1812,-0.2431,0,-0.1821,0.9831,0.0189,0,0.2425,0.0262,0.9698,0,0,9.9955,2.7017,1]},
{"frame":15,"values":[0.9556,0.1847,-0.2298,0,-0.1864,0.9824,0.0145,0,0.2284,0.029,0.9731,0,0,9.9955,2.7017,1]},
{"frame":16,"values":[0.9527,0.1935,-0.2345,0,-0.2006,0.9796,-0.0065,0,0.2284,0.0533,0.9721,0,0,9.9955,2.7017,1]},
{"frame":17,"values":[0.9358,0.2004,-0.2899,0,-0.2162,0.9761,-0.0231,0,0.2783,0.0843,0.9568,0,0,9.9955,2.7017,1]},
{"frame":18,"values":[0.9353,0.1981,-0.2931,0,-0.2106,0.9775,-0.0112,0,0.2843,0.0722,0.956,0,0,9.9955,2.7017,1]}],"loopBehavior":1,"name":"anim","property":"_matrix"}},
{"name":"HeadTop_End","index":6,"matrix":[1,0,0,0,0,1,0,0,0,0,1,0,0,31.2072,3.7118,1],"rest":[1,0,0,0,0,1,0,0,0,0,1,0,0,31.2072,3.7118,1],"parentBoneIndex":5,"length":31.4272
,"animation":{"dataType":3,"framePerSecond":24,"keys":[
{"frame":1,"values":[1,0,0,0,0,1,0,0,0,0,1,0,0,31.2072,3.7118,1]},
{"frame":18,"values":[1,0,0,0,0,1,0,0,0,0,1,0,0,31.2072,3.7118,1]}],"loopBehavior":1,"name":"anim","property":"_matrix"}},
{"name":"LeftShoulder","index":7,"matrix":[0.9588,0.2108,0.1904,0,-0.2127,0.9771,-0.0106,0,-0.1883,-0.0304,0.9816,0,6.1723,17.8795,-2.6384,1],"rest":[1,-0.0039,0,0,0.0039,1,0,0,0,0,1,0,6.1723,17.8795,-2.6384,1],"parentBoneIndex":3,"length":6.4566
,"animation":{"dataType":3,"framePerSecond":24,"keys":[
{"frame":1,"values":[0.9588,0.2108,0.1904,0,-0.2127,0.9771,-0.0106,0,-0.1883,-0.0304,0.9816,0,6.1723,17.8795,-2.6384,1]},
{"frame":2,"values":[0.9509,0.2191,0.2185,0,-0.2214,0.9751,-0.0146,0,-0.2163,-0.0345,0.9757,0,6.1723,17.8795,-2.6384,1]},
{"frame":3,"values":[0.9378,0.2275,0.2625,0,-0.2304,0.9729,-0.0199,0,-0.2599,-0.0419,0.9647,0,6.1723,17.8795,-2.6384,1]},
{"frame":4,"values":[0.9209,0.2311,0.3141,0,-0.235,0.9717,-0.0259,0,-0.3111,-0.0499,0.9491,0,6.1723,17.8795,-2.6384,1]},
{"frame":5,"values":[0.9101,0.2357,0.3409,0,-0.2399,0.9703,-0.0305,0,-0.3379,-0.0541,0.9396,0,6.1723,17.8795,-2.6384,1]},
{"frame":6,"values":[0.894,0.2438,0.376,0,-0.2491,0.9678,-0.0355,0,-0.3726,-0.0619,0.9259,0,6.1723,17.8795,-2.6384,1]},
{"frame":7,"values":[0.8789,0.2463,0.4084,0,-0.2525,0.9668,-0.0395,0,-0.4046,-0.0684,0.9119,0,6.1723,17.8795,-2.6384,1]},
{"frame":8,"values":[0.8771,0.2346,0.4191,0,-0.2404,0.9699,-0.0397,0,-0.4158,-0.0659,0.9071,0,6.1723,17.8795,-2.6384,1]},
{"frame":9,"values":[0.8809,0.2186,0.4199,0,-0.2237,0.9739,-0.0378,0,-0.4172,-0.0606,0.9068,0,6.1723,17.8795,-2.6384,1]},
{"frame":10,"values":[0.8829,0.2149,0.4175,0,-0.2201,0.9748,-0.0364,0,-0.4148,-0.0598,0.9079,0,6.1723,17.8795,-2.6384,1]},
{"frame":11,"values":[0.8825,0.237,0.4063,0,-0.2435,0.9692,-0.0365,0,-0.4024,-0.0667,0.913,0,6.1723,17.8795,-2.6384,1]},
{"frame":12,"values":[0.8824,0.256,0.3946,0,-0.2635,0.964,-0.0362,0,-0.3897,-0.072,0.9181,0,6.1723,17.8795,-2.6384,1]},
{"frame":13,"values":[0.8905,0.2483,0.3813,0,-0.2554,0.9663,-0.0327,0,-0.3766,-0.0682,0.9239,0,6.1723,17.8795,-2.6384,1]},
{"frame":14,"values":[0.8985,0.233,0.3721,0,-0.2396,0.9704,-0.0293,0,-0.368,-0.0628,0.9277,0,6.1723,17.8795,-2.6384,1]},
{"frame":15,"values":[0.9009,0.2273,0.3697,0,-0.2337,0.9719,-0.028,0,-0.3657,-0.0612,0.9287,0,6.1723,17.8795,-2.6384,1]},
{"frame":16,"values":[0.912,0.218,0.3475,0,-0.2237,0.9744,-0.024,0,-0.3438,-0.0558,0.9374,0,6.1723,17.8795,-2.6384,1]},
{"frame":17,"values":[0.9579,0.1927,0.213,0,-0.1949,0.9808,-0.0107,0,-0.211,-0.0312,0.977,0,6.1723,17.8795,-2.6384,1]},
{"frame":18,"values":[0.9621,0.2058,0.1788,0,-0.2074,0.9782,-0.0098,0,-0.1769,-0.0277,0.9838,0,6.1723,17.8795,-2.6384,1]}],"loopBehavior":1,"name":"anim","property":"_matrix"}},
{"name":"LeftArm","index":8,"matrix":[0.3671,0.2055,0.9072,0,0.8233,0.3821,-0.4197,0,-0.4328,0.901,-0.0289,0,6.0747,-1.0059,-1.9427,1],"rest":[0.9995,0.0084,0.0302,0,-0.0084,1,-0.0001,0,-0.0302,-0.0002,0.9995,0,6.0747,-1.0059,-1.9427,1],"parentBoneIndex":7,"length":27.2639
,"animation":{"dataType":3,"framePerSecond":24,"keys":[
{"frame":1,"values":[0.3671,0.2055,0.9072,0,0.8233,0.3821,-0.4197,0,-0.4328,0.901,-0.0289,0,6.0747,-1.0059,-1.9427,1]},
{"frame":2,"values":[0.3973,0.198,0.8961,0,0.7965,0.4105,-0.4439,0,-0.4557,0.8901,0.0054,0,6.0747,-1.0059,-1.9427,1]},
{"frame":3,"values":[0.4444,0.149,0.8834,0,0.7876,0.4049,-0.4645,0,-0.4269,0.9021,0.0626,0,6.0747,-1.0059,-1.9427,1]},
{"frame":4,"values":[0.483,0.0949,0.8705,0,0.7835,0.3969,-0.4781,0,-0.3909,0.9129,0.1173,0,6.0747,-1.0059,-1.9427,1]},
{"frame":5,"values":[0.5064,0.0739,0.8591,0,0.7793,0.3874,-0.4926,0,-0.3692,0.9189,0.1386,0,6.0747,-1.0059,-1.9427,1]},
{"frame":6,"values":[0.5422,0.0577,0.8382,0,0.7607,0.3901,-0.5189,0,-0.3569,0.919,0.1677,0,6.0747,-1.0059,-1.9427,1]},
{"frame":7,"values":[0.545,0.0637,0.836,0,0.7575,0.3899,-0.5236,0,-0.3593,0.9186,0.1643,0,6.0747,-1.0059,-1.9427,1]},
{"frame":8,"values":[0.5354,0.0808,0.8407,0,0.7673,0.3694,-0.5242,0,-0.353,0.9257,0.1358,0,6.0747,-1.0059,-1.9427,1]},
{"frame":9,"values":[0.5612,0.0594,0.8256,0,0.7552,0.3715,-0.54,0,-0.3388,0.9265,0.1637,0,6.0747,-1.0059,-1.9427,1]},
{"frame":10,"values":[0.5814,0.0389,0.8127,0,0.7462,0.3725,-0.5517,0,-0.3242,0.9272,0.1876,0,6.0747,-1.0059,-1.9427,1]},
{"frame":11,"values":[0.5905,-0.0055,0.807,0,0.7593,0.3424,-0.5533,0,-0.2733,0.9395,0.2064,0,6.0747,-1.0059,-1.9427,1]},
{"frame":12,"values":[0.5929,-0.039,0.8043,0,0.7758,0.2955,-0.5576,0,-0.2159,0.9545,0.2054,0,6.0747,-1.0059,-1.9427,1]},
{"frame":13,"values":[0.5885,-0.0472,0.8071,0,0.7817,0.2882,-0.5531,0,-0.2065,0.9564,0.2066,0,6.0747,-1.0059,-1.9427,1]},
{"frame":14,"values":[0.5688,-0.0241,0.8221,0,0.7897,0.2951,-0.5378,0,-0.2297,0.9552,0.1869,0,6.0747,-1.0059,-1.9427,1]},
{"frame":15,"values":[0.5429,0.012,0.8397,0,0.7979,0.3047,-0.5202,0,-0.2621,0.9524,0.1559,0,6.0747,-1.0059,-1.9427,1]},
{"frame":16,"values":[0.5014,0.05,0.8638,0,0.8102,0.3231,-0.489,0,-0.3036,0.945,0.1215,0,6.0747,-1.0059,-1.9427,1]},
{"frame":17,"values":[0.4136,0.1472,0.8985,0,0.8241,0.3589,-0.4382,0,-0.387,0.9217,0.0272,0,6.0747,-1.0059,-1.9427,1]},
{"frame":18,"values":[0.3711,0.2007,0.9066,0,0.8282,0.37,-0.4209,0,-0.4199,0.9071,-0.0289,0,6.0747,-1.0059,-1.9427,1]}],"loopBehavior":1,"name":"anim","property":"_matrix"}},
{"name":"LeftForeArm","index":9,"matrix":[0.8784,-0.004,0.4779,0,0.0046,1,-0.0001,0,-0.4779,0.0022,0.8784,0,27.2512,-0.1236,-0.8243,1],"rest":[0.9995,-0.0045,-0.0302,0,0.0045,1,-0.0001,0,0.0302,-0.0001,0.9995,0,27.2512,-0.1236,-0.8243,1],"parentBoneIndex":8,"length":27.5147
,"animation":{"dataType":3,"framePerSecond":24,"keys":[
{"frame":1,"values":[0.8784,-0.004,0.4779,0,0.0046,1,-0.0001,0,-0.4779,0.0022,0.8784,0,27.2512,-0.1236,-0.8243,1]},
{"frame":2,"values":[0.8806,-0.004,0.4739,0,0.0046,1,-0.0001,0,-0.4739,0.0022,0.8806,0,27.2512,-0.1236,-0.8243,1]},
{"frame":3,"values":[0.8471,-0.0038,0.5314,0,0.0046,1,-0.0001,0,-0.5314,0.0025,0.8471,0,27.2512,-0.1236,-0.8243,1]},
{"frame":4,"values":[0.825,-0.0037,0.5651,0,0.0046,1,-0.0001,0,-0.5651,0.0026,0.825,0,27.2512,-0.1236,-0.8243,1]},
{"frame":5,"values":[0.8231,-0.0037,0.5679,0,0.0046,1,-0.0001,0,-0.5679,0.0026,0.8231,0,27.2512,-0.1236,-0.8243,1]},
{"frame":6,"values":[0.817,-0.0037,0.5766,0,0.0046,1,-0.0001,0,-0.5766,0.0027,0.817,0,27.2512,-0.1236,-0.8243,1]},
{"frame":7,"values":[0.8263,-0.0037,0.5632,0,0.0046,1,-0.0001,0,-0.5632,0.0026,0.8263,0,27.2512,-0.1236,-0.8243,1]},
{"frame":8,"values":[0.8355,-0.0038,0.5495,0,0.0046,1,-0.0001,0,-0.5495,0.0026,0.8355,0,27.2512,-0.1236,-0.8243,1]},
{"frame":9,"values":[0.8078,-0.0036,0.5894,0,0.0046,1,-0.0001,0,-0.5894,0.0027,0.8079,0,27.2512,-0.1236,-0.8243,1]},
{"frame":10,"values":[0.7751,-0.0035,0.6318,0,0.0046,1,-0.0001,0,-0.6318,0.0029,0.7751,0,27.2512,-0.1236,-0.8243,1]},
{"frame":11,"values":[0.716,-0.0032,0.6981,0,0.0046,1,-0.0001,0,-0.6981,0.0032,0.716,0,27.2512,-0.1236,-0.8243,1]},
{"frame":12,"values":[0.6435,-0.0029,0.7654,0,0.0046,1,-0.0001,0,-0.7654,0.0035,0.6435,0,27.2512,-0.1236,-0.8243,1]},
{"frame":13,"values":[0.641,-0.0029,0.7675,0,0.0046,1,-0.0001,0,-0.7675,0.0035,0.641,0,27.2512,-0.1236,-0.8243,1]},
{"frame":14,"values":[0.6945,-0.0031,0.7194,0,0.0046,1,-0.0001,0,-0.7194,0.0033,0.6946,0,27.2512,-0.1236,-0.8243,1]},
{"frame":15,"values":[0.749,-0.0034,0.6626,0,0.0046,1,-0.0001,0,-0.6626,0.0031,0.749,0,27.2512,-0.1236,-0.8243,1]},
{"frame":16,"values":[0.7997,-0.0036,0.6004,0,0.0046,1,-0.0001,0,-0.6004,0.0028,0.7997,0,27.2512,-0.1236,-0.8243,1]},
{"frame":17,"values":[0.8313,-0.0038,0.5557,0,0.0046,1,-0.0001,0,-0.5557,0.0026,0.8314,0,27.2512,-0.1236,-0.8243,1]},
{"frame":18,"values":[0.8663,-0.0039,0.4995,0,0.0046,1,-0.0001,0,-0.4995,0.0023,0.8663,0,27.2512,-0.1236,-0.8243,1]}],"loopBehavior":1,"name":"anim","property":"_matrix"}},
{"name":"LeftHand","index":10,"matrix":[0.9474,-0.3123,-0.0701,0,-0.2539,-0.5998,-0.7588,0,0.1949,0.7367,-0.6475,0,27.5147,0,0,1],"rest":[1,0,0,0,0,1,0.0006,0,0,-0.0006,1,0,27.5147,0,0,1],"parentBoneIndex":9,"length":10.1836
,"animation":{"dataType":3,"framePerSecond":24,"keys":[
{"frame":1,"values":[0.9474,-0.3123,-0.0701,0,-0.2539,-0.5998,-0.7588,0,0.1949,0.7367,-0.6475,0,27.5147,0,0,1]},
{"frame":2,"values":[0.9495,-0.3094,-0.0525,0,-0.2448,-0.6255,-0.7408,0,0.1964,0.7162,-0.6697,0,27.5147,0,0,1]},
{"frame":3,"values":[0.9468,-0.3121,-0.0791,0,-0.2659,-0.6193,-0.7388,0,0.1816,0.7205,-0.6693,0,27.5147,0,0,1]},
{"frame":4,"values":[0.9444,-0.3148,-0.0953,0,-0.2784,-0.6104,-0.7415,0,0.1753,0.7268,-0.6641,0,27.5147,0,0,1]},
{"frame":5,"values":[0.941,-0.3239,-0.0977,0,-0.2842,-0.6002,-0.7476,0,0.1835,0.7313,-0.6569,0,27.5147,0,0,1]},
{"frame":6,"values":[0.9323,-0.3442,-0.1112,0,-0.3079,-0.5936,-0.7435,0,0.1899,0.7274,-0.6594,0,27.5147,0,0,1]},
{"frame":7,"values":[0.929,-0.3523,-0.1137,0,-0.3119,-0.5795,-0.7529,0,0.1994,0.7349,-0.6483,0,27.5147,0,0,1]},
{"frame":8,"values":[0.9249,-0.3619,-0.1163,0,-0.3148,-0.5578,-0.768,0,0.213,0.747,-0.6298,0,27.5147,0,0,1]},
{"frame":9,"values":[0.9223,-0.3623,-0.1344,0,-0.3334,-0.5698,-0.7511,0,0.1956,0.7376,-0.6463,0,27.5147,0,0,1]},
{"frame":10,"values":[0.9236,-0.3508,-0.1546,0,-0.3452,-0.5855,-0.7335,0,0.1668,0.7309,-0.6618,0,27.5147,0,0,1]},
{"frame":11,"values":[0.9211,-0.3362,-0.1965,0,-0.3673,-0.5827,-0.7249,0,0.1293,0.7399,-0.6602,0,27.5147,0,0,1]},
{"frame":12,"values":[0.9134,-0.326,-0.2438,0,-0.3958,-0.5713,-0.719,0,0.0951,0.7532,-0.6509,0,27.5147,0,0,1]},
{"frame":13,"values":[0.9152,-0.3197,-0.2453,0,-0.3917,-0.5628,-0.7279,0,0.0946,0.7623,-0.6403,0,27.5147,0,0,1]},
{"frame":14,"values":[0.9251,-0.3183,-0.2069,0,-0.3595,-0.5594,-0.7469,0,0.1219,0.7654,-0.6319,0,27.5147,0,0,1]},
{"frame":15,"values":[0.9324,-0.3186,-0.1705,0,-0.3304,-0.5609,-0.7591,0,0.1462,0.7641,-0.6283,0,27.5147,0,0,1]},
{"frame":16,"values":[0.9392,-0.3148,-0.1374,0,-0.3007,-0.5601,-0.7719,0,0.1661,0.7663,-0.6207,0,27.5147,0,0,1]},
{"frame":17,"values":[0.9403,-0.3154,-0.1276,0,-0.294,-0.5648,-0.7711,0,0.1712,0.7626,-0.6238,0,27.5147,0,0,1]},
{"frame":18,"values":[0.9441,-0.3166,-0.0916,0,-0.2701,-0.5843,-0.7652,0,0.1887,0.7472,-0.6372,0,27.5147,0,0,1]}],"loopBehavior":1,"name":"anim","property":"_matrix"}},
{"name":"LeftHandThumb1","index":11,"matrix":[0.9847,0.0678,-0.1606,0,-0.0537,0.9944,0.0907,0,0.1659,-0.0807,0.9828,0,4.2092,-0.2988,5.1387,1],"rest":[1,0.0002,0.0002,0,-0.0002,1,-0.0002,0,-0.0002,0.0002,1,0,4.2092,-0.2988,5.1387,1],"parentBoneIndex":10,"length":1.9313
,"animation":{"dataType":3,"framePerSecond":24,"keys":[
{"frame":1,"values":[0.9847,0.0678,-0.1606,0,-0.0537,0.9944,0.0907,0,0.1659,-0.0807,0.9828,0,4.2092,-0.2988,5.1387,1]},
{"frame":2,"values":[0.9837,0.0709,-0.1651,0,-0.0558,0.994,0.0944,0,0.1708,-0.0837,0.9818,0,4.2092,-0.2988,5.1387,1]},
{"frame":3,"values":[0.9835,0.071,-0.1661,0,-0.0556,0.9939,0.0952,0,0.1719,-0.0844,0.9815,0,4.2092,-0.2988,5.1387,1]},
{"frame":4,"values":[0.9845,0.0682,-0.1615,0,-0.0539,0.9943,0.0915,0,0.1668,-0.0813,0.9826,0,4.2092,-0.2988,5.1387,1]},
{"frame":5,"values":[0.9843,0.0698,-0.1622,0,-0.0553,0.9942,0.0922,0,0.1677,-0.0818,0.9824,0,4.2092,-0.2988,5.1387,1]},
{"frame":6,"values":[0.9849,0.0663,-0.1598,0,-0.0523,0.9946,0.09,0,0.1649,-0.0803,0.983,0,4.2092,-0.2988,5.1387,1]},
{"frame":7,"values":[0.9858,0.0641,-0.1551,0,-0.0512,0.995,0.0862,0,0.1598,-0.0771,0.9841,0,4.2092,-0.2988,5.1387,1]},
{"frame":8,"values":[0.9851,0.0668,-0.1584,0,-0.0532,0.9946,0.089,0,0.1635,-0.0792,0.9834,0,4.2092,-0.2988,5.1387,1]},
{"frame":9,"values":[0.9846,0.0679,-0.161,0,-0.0537,0.9944,0.091,0,0.1663,-0.081,0.9828,0,4.2092,-0.2988,5.1387,1]},
{"frame":10,"values":[0.984,0.0695,-0.1638,0,-0.0546,0.9941,0.0933,0,0.1694,-0.0829,0.9821,0,4.2092,-0.2988,5.1387,1]},
{"frame":11,"values":[0.9842,0.069,-0.1629,0,-0.0544,0.9942,0.0926,0,0.1683,-0.0822,0.9823,0,4.2092,-0.2988,5.1387,1]},
{"frame":12,"values":[0.9851,0.0664,-0.1583,0,-0.0528,0.9946,0.0889,0,0.1634,-0.0792,0.9834,0,4.2092,-0.2988,5.1387,1]},
{"frame":13,"values":[0.9855,0.0653,-0.1566,0,-0.052,0.9948,0.0874,0,0.1615,-0.078,0.9838,0,4.2092,-0.2988,5.1387,1]},
{"frame":14,"values":[0.9847,0.0678,-0.1606,0,-0.0537,0.9944,0.0908,0,0.1659,-0.0807,0.9828,0,4.2092,-0.2988,5.1387,1]},
{"frame":15,"values":[0.9852,0.0654,-0.1583,0,-0.0517,0.9947,0.0887,0,0.1632,-0.0792,0.9834,0,4.2092,-0.2988,5.1387,1]},
{"frame":16,"values":[0.9847,0.0658,-0.1616,0,-0.0515,0.9945,0.0912,0,0.1667,-0.0815,0.9826,0,4.2092,-0.2988,5.1387,1]},
{"frame":17,"values":[0.9861,0.061,-0.1545,0,-0.0482,0.9952,0.0854,0,0.1589,-0.0767,0.9843,0,4.2092,-0.2988,5.1387,1]},
{"frame":18,"values":[0.9851,0.0661,-0.1586,0,-0.0524,0.9946,0.0891,0,0.1637,-0.0794,0.9833,0,4.2092,-0.2988,5.1387,1]}],"loopBehavior":1,"name":"anim","property":"_matrix"}},
{"name":"LeftHandThumb2","index":12,"matrix":[0.9814,0.1557,0.1121,0,-0.1814,0.9432,0.2782,0,-0.0624,-0.2933,0.954,0,1.496,-0.8637,0.8637,1],"rest":[0.9982,0.052,0.0284,0,-0.0507,0.9976,-0.0475,0,-0.0308,0.046,0.9985,0,1.496,-0.8637,0.8637,1],"parentBoneIndex":11,"length":2.3416
,"animation":{"dataType":3,"framePerSecond":24,"keys":[
{"frame":1,"values":[0.9814,0.1557,0.1121,0,-0.1814,0.9432,0.2782,0,-0.0624,-0.2933,0.954,0,1.496,-0.8637,0.8637,1]},
{"frame":18,"values":[0.9814,0.1557,0.1121,0,-0.1814,0.9432,0.2782,0,-0.0624,-0.2933,0.954,0,1.496,-0.8637,0.8637,1]}],"loopBehavior":1,"name":"anim","property":"_matrix"}},
{"name":"LeftHandThumb3","index":13,"matrix":[0.9906,-0.0186,0.1355,0,0.0238,0.999,-0.0367,0,-0.1347,0.0396,0.9901,0,1.7859,-1.1863,0.9415,1],"rest":[0.9982,-0.0507,-0.0308,0,0.052,0.9976,0.046,0,0.0284,-0.0475,0.9985,0,1.7859,-1.1863,0.9415,1],"parentBoneIndex":12,"length":4.3787
,"animation":{"dataType":3,"framePerSecond":24,"keys":[
{"frame":1,"values":[0.9906,-0.0186,0.1355,0,0.0238,0.999,-0.0367,0,-0.1347,0.0396,0.9901,0,1.7859,-1.1863,0.9415,1]},
{"frame":2,"values":[0.9904,-0.0182,0.137,0,0.0235,0.999,-0.037,0,-0.1362,0.0399,0.9899,0,1.7859,-1.1863,0.9415,1]},
{"frame":3,"values":[0.9903,-0.018,0.1379,0,0.0234,0.999,-0.0373,0,-0.1371,0.0401,0.9897,0,1.7859,-1.1863,0.9415,1]},
{"frame":4,"values":[0.9906,-0.0185,0.1359,0,0.0237,0.999,-0.0368,0,-0.1351,0.0397,0.99,0,1.7859,-1.1863,0.9415,1]},
{"frame":5,"values":[0.9906,-0.0186,0.1356,0,0.0237,0.999,-0.0367,0,-0.1348,0.0396,0.9901,0,1.7859,-1.1863,0.9415,1]},
{"frame":6,"values":[0.9907,-0.0187,0.1348,0,0.0239,0.999,-0.0366,0,-0.134,0.0394,0.9902,0,1.7859,-1.1863,0.9415,1]},
{"frame":7,"values":[0.9918,-0.0206,0.1262,0,0.0252,0.9991,-0.0345,0,-0.1254,0.0374,0.9914,0,1.7859,-1.1863,0.9415,1]},
{"frame":8,"values":[0.9914,-0.0199,0.1297,0,0.0246,0.9991,-0.0353,0,-0.1289,0.0382,0.9909,0,1.7859,-1.1863,0.9415,1]},
{"frame":9,"values":[0.9905,-0.0185,0.136,0,0.0237,0.999,-0.0368,0,-0.1352,0.0397,0.99,0,1.7859,-1.1863,0.9415,1]},
{"frame":10,"values":[0.9902,-0.0179,0.1385,0,0.0233,0.999,-0.0374,0,-0.1377,0.0403,0.9897,0,1.7859,-1.1863,0.9415,1]},
{"frame":11,"values":[0.9902,-0.018,0.1383,0,0.0233,0.999,-0.0373,0,-0.1375,0.0402,0.9897,0,1.7859,-1.1863,0.9415,1]},
{"frame":12,"values":[0.9899,-0.0175,0.1404,0,0.023,0.999,-0.0378,0,-0.1396,0.0407,0.9894,0,1.7859,-1.1863,0.9415,1]},
{"frame":13,"values":[0.9902,-0.0179,0.1387,0,0.0233,0.999,-0.0375,0,-0.1379,0.0403,0.9896,0,1.7859,-1.1863,0.9415,1]},
{"frame":14,"values":[0.9906,-0.0186,0.1355,0,0.0237,0.999,-0.0367,0,-0.1347,0.0396,0.9901,0,1.7859,-1.1863,0.9415,1]},
{"frame":15,"values":[0.9906,-0.0186,0.1352,0,0.0238,0.999,-0.0366,0,-0.1344,0.0395,0.9901,0,1.7859,-1.1863,0.9415,1]},
{"frame":16,"values":[0.9907,-0.0188,0.1345,0,0.0239,0.999,-0.0365,0,-0.1337,0.0393,0.9902,0,1.7859,-1.1863,0.9415,1]},
{"frame":17,"values":[0.991,-0.0192,0.1326,0,0.0242,0.9991,-0.036,0,-0.1318,0.0389,0.9905,0,1.7859,-1.1863,0.9415,1]},
{"frame":18,"values":[0.9907,-0.0187,0.1349,0,0.0238,0.999,-0.0366,0,-0.1341,0.0394,0.9902,0,1.7859,-1.1863,0.9415,1]}],"loopBehavior":1,"name":"anim","property":"_matrix"}},
{"name":"LeftHandThumb4","index":14,"matrix":[1,0,0,0,0,1,0,0,0,0,1,0,3.3918,-1.9582,1.9582,1],"rest":[1,0,0,0,0,1,0,0,0,0,1,0,3.3918,-1.9582,1.9582,1],"parentBoneIndex":13,"length":4.3787
,"animation":{"dataType":3,"framePerSecond":24,"keys":[
{"frame":1,"values":[1,0,0,0,0,1,0,0,0,0,1,0,3.3918,-1.9582,1.9582,1]},
{"frame":18,"values":[1,0,0,0,0,1,0,0,0,0,1,0,3.3918,-1.9582,1.9582,1]}],"loopBehavior":1,"name":"anim","property":"_matrix"}},
{"name":"LeftHandIndex1","index":15,"matrix":[0.7994,-0.5985,-0.0524,0,0.5969,0.8011,-0.0439,0,0.0682,0.0038,0.9977,0,11.0606,-0.132,2.3806,1],"rest":[1,0,0,0,0,1,0,0,0,0,1,0,11.0606,-0.132,2.3806,1],"parentBoneIndex":10,"length":2.4579
,"animation":{"dataType":3,"framePerSecond":24,"keys":[
{"frame":1,"values":[0.7994,-0.5985,-0.0524,0,0.5969,0.8011,-0.0439,0,0.0682,0.0038,0.9977,0,11.0606,-0.132,2.3806,1]},
{"frame":2,"values":[0.8021,-0.5948,-0.0532,0,0.5932,0.8039,-0.0435,0,0.0686,0.0033,0.9976,0,11.0606,-0.132,2.3806,1]},
{"frame":3,"values":[0.8042,-0.5921,-0.0519,0,0.5905,0.8058,-0.0431,0,0.0674,0.004,0.9977,0,11.0606,-0.132,2.3806,1]},
{"frame":4,"values":[0.8001,-0.5976,-0.0523,0,0.596,0.8018,-0.0438,0,0.0681,0.0039,0.9977,0,11.0606,-0.132,2.3806,1]},
{"frame":5,"values":[0.803,-0.5938,-0.0516,0,0.5922,0.8046,-0.0433,0,0.0672,0.0043,0.9977,0,11.0606,-0.132,2.3806,1]},
{"frame":6,"values":[0.8061,-0.5895,-0.0509,0,0.588,0.8077,-0.0428,0,0.0664,0.0046,0.9978,0,11.0606,-0.132,2.3806,1]},
{"frame":7,"values":[0.8102,-0.5841,-0.0493,0,0.5826,0.8117,-0.0422,0,0.0647,0.0055,0.9979,0,11.0606,-0.132,2.3806,1]},
{"frame":8,"values":[0.807,-0.5885,-0.0499,0,0.5869,0.8085,-0.0427,0,0.0655,0.0052,0.9978,0,11.0606,-0.132,2.3806,1]},
{"frame":9,"values":[0.7994,-0.5985,-0.0524,0,0.5969,0.8011,-0.0439,0,0.0683,0.0038,0.9977,0,11.0606,-0.132,2.3806,1]},
{"frame":10,"values":[0.8005,-0.5971,-0.0525,0,0.5955,0.8022,-0.0437,0,0.0682,0.0037,0.9977,0,11.0606,-0.132,2.3806,1]},
{"frame":11,"values":[0.8019,-0.5951,-0.0521,0,0.5935,0.8036,-0.0435,0,0.0677,0.004,0.9977,0,11.0606,-0.132,2.3806,1]},
{"frame":12,"values":[0.8036,-0.5929,-0.0517,0,0.5914,0.8052,-0.0432,0,0.0673,0.0042,0.9977,0,11.0606,-0.132,2.3806,1]},
{"frame":13,"values":[0.8025,-0.5944,-0.0517,0,0.5929,0.8041,-0.0434,0,0.0674,0.0042,0.9977,0,11.0606,-0.132,2.3806,1]},
{"frame":14,"values":[0.7995,-0.5983,-0.0523,0,0.5967,0.8012,-0.0439,0,0.0682,0.0039,0.9977,0,11.0606,-0.132,2.3806,1]},
{"frame":15,"values":[0.7977,-0.6007,-0.0528,0,0.5991,0.7995,-0.0442,0,0.0687,0.0036,0.9976,0,11.0606,-0.132,2.3806,1]},
{"frame":16,"values":[0.792,-0.6082,-0.0537,0,0.6065,0.7938,-0.0451,0,0.07,0.0031,0.9975,0,11.0606,-0.132,2.3806,1]},
{"frame":17,"values":[0.7993,-0.5988,-0.0512,0,0.5972,0.8009,-0.0439,0,0.0673,0.0045,0.9977,0,11.0606,-0.132,2.3806,1]},
{"frame":18,"values":[0.8009,-0.5966,-0.0512,0,0.595,0.8025,-0.0437,0,0.0671,0.0045,0.9977,0,11.0606,-0.132,2.3806,1]}],"loopBehavior":1,"name":"anim","property":"_matrix"}},
{"name":"LeftHandIndex2","index":16,"matrix":[0.4957,-0.8638,-0.0897,0,0.8639,0.501,-0.0508,0,0.0888,-0.0523,0.9947,0,2.4579,0,0,1],"rest":[1,0,-0.0017,0,0,1,0,0,0.0017,0,1,0,2.4579,0,0,1],"parentBoneIndex":15,"length":3.0022
,"animation":{"dataType":3,"framePerSecond":24,"keys":[
{"frame":1,"values":[0.4957,-0.8638,-0.0897,0,0.8639,0.501,-0.0508,0,0.0888,-0.0523,0.9947,0,2.4579,0,0,1]},
{"frame":2,"values":[0.4938,-0.8649,-0.0898,0,0.865,0.4991,-0.051,0,0.0889,-0.0525,0.9947,0,2.4579,0,0,1]},
{"frame":3,"values":[0.4949,-0.8643,-0.0897,0,0.8644,0.5003,-0.0509,0,0.0889,-0.0523,0.9947,0,2.4579,0,0,1]},
{"frame":4,"values":[0.4955,-0.864,-0.0897,0,0.864,0.5009,-0.0508,0,0.0888,-0.0523,0.9947,0,2.4579,0,0,1]},
{"frame":5,"values":[0.4976,-0.8628,-0.0895,0,0.8629,0.5029,-0.0506,0,0.0887,-0.0521,0.9947,0,2.4579,0,0,1]},
{"frame":6,"values":[0.4996,-0.8616,-0.0894,0,0.8617,0.5049,-0.0504,0,0.0886,-0.0519,0.9947,0,2.4579,0,0,1]},
{"frame":7,"values":[0.5022,-0.8601,-0.0893,0,0.8602,0.5074,-0.0502,0,0.0885,-0.0516,0.9947,0,2.4579,0,0,1]},
{"frame":8,"values":[0.5015,-0.8605,-0.0893,0,0.8606,0.5067,-0.0502,0,0.0885,-0.0517,0.9947,0,2.4579,0,0,1]},
{"frame":9,"values":[0.4956,-0.8639,-0.0897,0,0.864,0.5009,-0.0508,0,0.0888,-0.0523,0.9947,0,2.4579,0,0,1]},
{"frame":10,"values":[0.4947,-0.8644,-0.0897,0,0.8645,0.5,-0.0509,0,0.0889,-0.0524,0.9947,0,2.4579,0,0,1]},
{"frame":11,"values":[0.4954,-0.864,-0.0897,0,0.8641,0.5007,-0.0509,0,0.0888,-0.0523,0.9947,0,2.4579,0,0,1]},
{"frame":12,"values":[0.4957,-0.8639,-0.0897,0,0.864,0.501,-0.0508,0,0.0888,-0.0523,0.9947,0,2.4579,0,0,1]},
{"frame":13,"values":[0.4947,-0.8644,-0.0897,0,0.8645,0.5001,-0.0509,0,0.0889,-0.0524,0.9947,0,2.4579,0,0,1]},
{"frame":14,"values":[0.4957,-0.8639,-0.0897,0,0.8639,0.501,-0.0508,0,0.0888,-0.0523,0.9947,0,2.4579,0,0,1]},
{"frame":15,"values":[0.4953,-0.8641,-0.0897,0,0.8641,0.5007,-0.0509,0,0.0888,-0.0523,0.9947,0,2.4579,0,0,1]},
{"frame":16,"values":[0.4928,-0.8655,-0.0898,0,0.8656,0.4981,-0.0511,0,0.089,-0.0526,0.9946,0,2.4579,0,0,1]},
{"frame":17,"values":[0.4959,-0.8637,-0.0896,0,0.8638,0.5012,-0.0508,0,0.0888,-0.0522,0.9947,0,2.4579,0,0,1]},
{"frame":18,"values":[0.4973,-0.863,-0.0896,0,0.863,0.5026,-0.0507,0,0.0887,-0.0521,0.9947,0,2.4579,0,0,1]}],"loopBehavior":1,"name":"anim","property":"_matrix"}},
{"name":"LeftHandIndex3","index":17,"matrix":[0.9154,-0.4005,-0.0402,0,0.4006,0.9162,-0.0079,0,0.04,-0.0089,0.9992,0,3.0022,0,0.005,1],"rest":[1,0.009,0.0017,0,-0.009,1,0,0,-0.0017,0,1,0,3.0022,0,0.005,1],"parentBoneIndex":16,"length":4.3809
,"animation":{"dataType":3,"framePerSecond":24,"keys":[
{"frame":1,"values":[0.9154,-0.4005,-0.0402,0,0.4006,0.9162,-0.0079,0,0.04,-0.0089,0.9992,0,3.0022,0,0.005,1]},
{"frame":2,"values":[0.9146,-0.4024,-0.0404,0,0.4024,0.9154,-0.0079,0,0.0402,-0.009,0.9992,0,3.0022,0,0.005,1]},
{"frame":3,"values":[0.915,-0.4013,-0.0403,0,0.4014,0.9159,-0.0079,0,0.0401,-0.0089,0.9992,0,3.0022,0,0.005,1]},
{"frame":4,"values":[0.9153,-0.4007,-0.0402,0,0.4008,0.9162,-0.0079,0,0.04,-0.0089,0.9992,0,3.0022,0,0.005,1]},
{"frame":5,"values":[0.9162,-0.3986,-0.04,0,0.3987,0.9171,-0.0078,0,0.0398,-0.0088,0.9992,0,3.0022,0,0.005,1]},
{"frame":6,"values":[0.9171,-0.3966,-0.0398,0,0.3966,0.918,-0.0077,0,0.0396,-0.0087,0.9992,0,3.0022,0,0.005,1]},
{"frame":7,"values":[0.9183,-0.394,-0.0395,0,0.394,0.9191,-0.0076,0,0.0393,-0.0086,0.9992,0,3.0022,0,0.005,1]},
{"frame":8,"values":[0.918,-0.3947,-0.0396,0,0.3947,0.9188,-0.0076,0,0.0394,-0.0086,0.9992,0,3.0022,0,0.005,1]},
{"frame":9,"values":[0.9153,-0.4007,-0.0402,0,0.4007,0.9162,-0.0079,0,0.04,-0.0089,0.9992,0,3.0022,0,0.005,1]},
{"frame":10,"values":[0.9149,-0.4016,-0.0403,0,0.4016,0.9158,-0.0079,0,0.0401,-0.0089,0.9992,0,3.0022,0,0.005,1]},
{"frame":11,"values":[0.9152,-0.4009,-0.0402,0,0.4009,0.9161,-0.0079,0,0.04,-0.0089,0.9992,0,3.0022,0,0.005,1]},
{"frame":12,"values":[0.9154,-0.4006,-0.0402,0,0.4006,0.9162,-0.0079,0,0.04,-0.0089,0.9992,0,3.0022,0,0.005,1]},
{"frame":13,"values":[0.9149,-0.4016,-0.0403,0,0.4016,0.9158,-0.0079,0,0.0401,-0.0089,0.9992,0,3.0022,0,0.005,1]},
{"frame":14,"values":[0.9154,-0.4006,-0.0402,0,0.4006,0.9162,-0.0079,0,0.04,-0.0089,0.9992,0,3.0022,0,0.005,1]},
{"frame":15,"values":[0.9152,-0.4009,-0.0402,0,0.4009,0.9161,-0.0079,0,0.04,-0.0089,0.9992,0,3.0022,0,0.005,1]},
{"frame":16,"values":[0.9141,-0.4035,-0.0405,0,0.4036,0.9149,-0.008,0,0.0403,-0.009,0.9991,0,3.0022,0,0.005,1]},
{"frame":17,"values":[0.9154,-0.4005,-0.0402,0,0.4005,0.9163,-0.0079,0,0.04,-0.0089,0.9992,0,3.0022,0,0.005,1]},
{"frame":18,"values":[0.9161,-0.399,-0.04,0,0.3991,0.9169,-0.0078,0,0.0398,-0.0088,0.9992,0,3.0022,0,0.005,1]}],"loopBehavior":1,"name":"anim","property":"_matrix"}},
{"name":"LeftHandIndex4","index":18,"matrix":[1,0,0,0,0,1,0,0,0,0,1,0,4.3807,-0.0396,0,1],"rest":[1,0,0,0,0,1,0,0,0,0,1,0,4.3807,-0.0396,0,1],"parentBoneIndex":17,"length":4.3809
,"animation":{"dataType":3,"framePerSecond":24,"keys":[
{"frame":1,"values":[1,0,0,0,0,1,0,0,0,0,1,0,4.3807,-0.0396,0,1]},
{"frame":18,"values":[1,0,0,0,0,1,0,0,0,0,1,0,4.3807,-0.0396,0,1]}],"loopBehavior":1,"name":"anim","property":"_matrix"}},
{"name":"LeftHandMiddle1","index":19,"matrix":[0.6066,-0.7925,-0.0636,0,0.7893,0.6099,-0.0715,0,0.0955,-0.0068,0.9954,0,11.0246,0,0,1],"rest":[1,0,0,0,0,1,0,0,0,0,1,0,11.0246,0,0,1],"parentBoneIndex":10,"length":3.1154
,"animation":{"dataType":3,"framePerSecond":24,"keys":[
{"frame":1,"values":[0.6066,-0.7925,-0.0636,0,0.7893,0.6099,-0.0715,0,0.0955,-0.0068,0.9954,0,11.0246,0,0,1]},
{"frame":2,"values":[0.6098,-0.79,-0.0636,0,0.7868,0.6131,-0.0711,0,0.0952,-0.0067,0.9954,0,11.0246,0,0,1]},
{"frame":3,"values":[0.6129,-0.7877,-0.0626,0,0.7845,0.6161,-0.0707,0,0.0943,-0.0058,0.9955,0,11.0246,0,0,1]},
{"frame":4,"values":[0.6076,-0.7917,-0.0635,0,0.7885,0.6109,-0.0714,0,0.0953,-0.0067,0.9954,0,11.0246,0,0,1]},
