{"producer":{"name":"Blender","version":"2.90.0","exporter_version":"2.80.1","file":"riffle_walk.babylon"},
"autoClear":true,"clearColor":[0.0509,0.0509,0.0509],"gravity":[0,-9.81,0],
"materials":[{"name":"Material","id":"Material","customType":"BABYLON.PBRMaterial","backFaceCulling":true,"checkReadyOnlyOnce":false,"maxSimultaneousLights":4,"environmentIntensity":1,"albedo":[0.8,0.8,0.8],"reflectivity":[0.5,0.5,0.5],"roughness":0.4,"alpha":1,"transparencyMode":0,"alphaCutOff":0.4,"metallic":0}],
"multiMaterials":[],
"skeletons":[{"name":"Armature","id":0,"dimensionsAtRest":[177.7018,230.6614,27.1405],"bones":[
{"name":"Hips","index":0,"matrix":[0.764,-0.0857,-0.6396,0,0.1079,0.9942,-0.0044,0,-0.6362,0.0657,-0.7687,0,1.1341,96.8519,-0.0837,1],"rest":[1,0,0,0,0,1,0,0,0,0,-1,0,0,113.0334,0,1],"parentBoneIndex":-1,"length":12.9876
,"animation":{"dataType":3,"framePerSecond":24,"keys":[
{"frame":1,"values":[0.764,-0.0857,-0.6396,0,0.1079,0.9942,-0.0044,0,-0.6362,0.0657,-0.7687,0,1.1341,96.8519,-0.0837,1]},
{"frame":2,"values":[0.741,-0.0876,-0.6658,0,0.1033,0.9945,-0.0159,0,-0.6635,0.0571,-0.746,0,1.0949,97.7824,1.2235,1]},
{"frame":3,"values":[0.7139,-0.0875,-0.6948,0,0.0959,0.995,-0.0268,0,-0.6937,0.0475,-0.7187,0,1.0248,98.2152,2.1816,1]},
{"frame":4,"values":[0.686,-0.0841,-0.7227,0,0.0855,0.9957,-0.0347,0,-0.7225,0.038,-0.6903,0,0.9492,98.1885,2.8936,1]},
{"frame":5,"values":[0.6611,-0.0814,-0.7459,0,0.0761,0.9962,-0.0413,0,-0.7464,0.0294,-0.6648,0,0.9579,97.8506,3.4705,1]},
{"frame":6,"values":[0.6436,-0.0821,-0.7609,0,0.0705,0.9964,-0.0479,0,-0.7621,0.0229,-0.6471,0,1.3534,97.1179,3.7483,1]},
{"frame":7,"values":[0.6369,-0.0836,-0.7664,0,0.0681,0.9963,-0.052,0,-0.7679,0.0191,-0.6403,0,1.9641,95.9571,3.4947,1]},
{"frame":8,"values":[0.6428,-0.0796,-0.7619,0,0.065,0.9967,-0.0492,0,-0.7633,0.0179,-0.6458,0,2.5705,94.3958,3.091,1]},
{"frame":9,"values":[0.657,-0.0775,-0.7499,0,0.0649,0.9968,-0.0462,0,-0.7511,0.0184,-0.6599,0,3.1389,92.8788,3.1358,1]},
{"frame":10,"values":[0.6788,-0.0801,-0.7299,0,0.0694,0.9966,-0.0448,0,-0.731,0.0203,-0.6821,0,3.7746,92.6603,3.2502,1]},
{"frame":11,"values":[0.7057,-0.074,-0.7046,0,0.0689,0.997,-0.0357,0,-0.7051,0.0234,-0.7087,0,4.3078,94.0039,4.3091,1]},
{"frame":12,"values":[0.7356,-0.0673,-0.6741,0,0.0683,0.9973,-0.0251,0,-0.674,0.0276,-0.7383,0,4.8019,95.6379,5.689,1]},
{"frame":13,"values":[0.7656,-0.0609,-0.6405,0,0.0676,0.9976,-0.014,0,-0.6398,0.0326,-0.7679,0,5.1891,97.0606,7.3434,1]},
{"frame":14,"values":[0.7938,-0.0575,-0.6054,0,0.0688,0.9976,-0.0045,0,-0.6043,0.0381,-0.7959,0,5.358,98.0268,8.9594,1]},
{"frame":15,"values":[0.8192,-0.0549,-0.5709,0,0.0701,0.9975,0.0047,0,-0.5692,0.0439,-0.821,0,5.3818,98.2886,10.0703,1]},
{"frame":16,"values":[0.8405,-0.0553,-0.5389,0,0.0732,0.9972,0.0119,0,-0.5368,0.0494,-0.8423,0,5.3164,97.3933,11.0216,1]},
{"frame":17,"values":[0.8574,-0.0583,-0.5113,0,0.0779,0.9968,0.0171,0,-0.5086,0.0545,-0.8592,0,5.03,95.6872,11.6034,1]},
{"frame":18,"values":[0.8691,-0.06,-0.4911,0,0.0811,0.9965,0.0218,0,-0.488,0.0588,-0.8708,0,4.5251,93.7861,11.2199,1]},
{"frame":19,"values":[0.8741,-0.0605,-0.4819,0,0.0829,0.9962,0.0253,0,-0.4786,0.0621,-0.8758,0,3.9158,92.4149,9.6533,1]},
{"frame":20,"values":[0.8716,-0.0652,-0.4859,0,0.0882,0.9958,0.0244,0,-0.4823,0.0641,-0.8736,0,3.3233,91.8409,8.1963,1]},
{"frame":21,"values":[0.862,-0.0709,-0.502,0,0.0941,0.9953,0.021,0,-0.4981,0.0654,-0.8646,0,2.8311,91.8361,6.7106,1]},
{"frame":22,"values":[0.8431,-0.0706,-0.533,0,0.0951,0.9953,0.0186,0,-0.5292,0.0664,-0.8459,0,2.2914,92.7024,5.609,1]},
{"frame":23,"values":[0.8183,-0.0761,-0.5698,0,0.1007,0.9949,0.0117,0,-0.5659,0.0669,-0.8217,0,1.8103,93.9097,4.6931,1]},
{"frame":24,"values":[0.7904,-0.0819,-0.6071,0,0.1056,0.9944,0.0033,0,-0.6034,0.0667,-0.7947,0,1.3464,95.3774,2.2685,1]},
{"frame":25,"values":[0.764,-0.0857,-0.6396,0,0.1079,0.9942,-0.0043,0,-0.6362,0.0657,-0.7687,0,1.1341,96.8513,-0.0837,1]}],"loopBehavior":1,"name":"anim","property":"_matrix"}},
{"name":"Spine","index":1,"matrix":[0.9996,-0.0275,-0.0093,0,0.0288,0.9795,0.1995,0,0.0036,-0.1997,0.9798,0,0,7.2445,0.6334,1],"rest":[1,0,0,0,0,1,0,0,0,0,1,0,0,7.2445,0.6334,1],"parentBoneIndex":0,"length":7.4267
,"animation":{"dataType":3,"framePerSecond":24,"keys":[
{"frame":1,"values":[0.9996,-0.0275,-0.0093,0,0.0288,0.9795,0.1995,0,0.0036,-0.1997,0.9798,0,0,7.2445,0.6334,1]},
{"frame":2,"values":[0.9992,-0.0251,-0.0303,0,0.0301,0.9831,0.1805,0,0.0252,-0.1813,0.9831,0,0,7.2445,0.6334,1]},
{"frame":3,"values":[0.9982,-0.0252,-0.0536,0,0.0335,0.9865,0.1602,0,0.0488,-0.1617,0.9856,0,0,7.2445,0.6334,1]},
{"frame":4,"values":[0.9966,-0.0287,-0.0773,0,0.0396,0.989,0.1424,0,0.0724,-0.145,0.9868,0,0,7.2445,0.6334,1]},
{"frame":5,"values":[0.9947,-0.0311,-0.0984,0,0.0436,0.9907,0.1286,0,0.0935,-0.1322,0.9868,0,0,7.2445,0.6334,1]},
{"frame":6,"values":[0.9933,-0.0238,-0.113,0,0.0378,0.9916,0.1235,0,0.1092,-0.1269,0.9859,0,0,7.2445,0.6334,1]},
{"frame":7,"values":[0.9928,-0.0095,-0.1193,0,0.0246,0.9918,0.1257,0,0.1172,-0.1277,0.9849,0,0,7.2445,0.6334,1]},
{"frame":8,"values":[0.9932,0.0011,-0.1164,0,0.0148,0.9906,0.136,0,0.1155,-0.1368,0.9838,0,0,7.2445,0.6334,1]},
{"frame":9,"values":[0.994,0.0126,-0.1083,0,0.0039,0.9885,0.1513,0,0.1089,-0.1509,0.9825,0,0,7.2445,0.6334,1]},
{"frame":10,"values":[0.9952,0.0268,-0.0943,0,-0.0101,0.9849,0.1726,0,0.0975,-0.1708,0.9805,0,0,7.2445,0.6334,1]},
{"frame":11,"values":[0.9965,0.0289,-0.0784,0,-0.0125,0.9792,0.2027,0,0.0826,-0.201,0.9761,0,0,7.2445,0.6334,1]},
{"frame":12,"values":[0.9978,0.0309,-0.0585,0,-0.016,0.9709,0.2392,0,0.0642,-0.2377,0.9692,0,0,7.2445,0.6334,1]},
{"frame":13,"values":[0.9988,0.0343,-0.0363,0,-0.023,0.961,0.2756,0,0.0443,-0.2744,0.9606,0,0,7.2445,0.6334,1]},
{"frame":14,"values":[0.9992,0.0373,-0.0142,0,-0.0311,0.9507,0.3086,0,0.025,-0.3079,0.9511,0,0,7.2445,0.6334,1]},
{"frame":15,"values":[0.9991,0.0413,0.0076,0,-0.0414,0.9409,0.3362,0,0.0067,-0.3362,0.9418,0,0,7.2445,0.6334,1]},
{"frame":16,"values":[0.9983,0.0505,0.0295,0,-0.0577,0.9338,0.3532,0,-0.0097,-0.3543,0.9351,0,0,7.2445,0.6334,1]},
{"frame":17,"values":[0.9972,0.0567,0.0481,0,-0.0702,0.9312,0.3578,0,-0.0245,-0.3602,0.9326,0,0,7.2445,0.6334,1]},
{"frame":18,"values":[0.9966,0.0555,0.0607,0,-0.0733,0.9341,0.3495,0,-0.0373,-0.3528,0.935,0,0,7.2445,0.6334,1]},
{"frame":19,"values":[0.9966,0.0509,0.0648,0,-0.0697,0.9403,0.3331,0,-0.0439,-0.3365,0.9407,0,0,7.2445,0.6334,1]},
{"frame":20,"values":[0.9972,0.0443,0.0601,0,-0.0611,0.9471,0.3151,0,-0.0429,-0.3179,0.9472,0,0,7.2445,0.6334,1]},
{"frame":21,"values":[0.9982,0.0302,0.0517,0,-0.0443,0.9533,0.2986,0,-0.0402,-0.3004,0.953,0,0,7.2445,0.6334,1]},
{"frame":22,"values":[0.9993,0.0067,0.0355,0,-0.0163,0.9606,0.2776,0,-0.0322,-0.278,0.9601,0,0,7.2445,0.6334,1]},
{"frame":23,"values":[0.9998,-0.0101,0.0181,0,0.0052,0.9676,0.2523,0,-0.02,-0.2521,0.9675,0,0,7.2445,0.6334,1]},
{"frame":24,"values":[0.9997,-0.0238,0.0017,0,0.0228,0.9745,0.2232,0,-0.007,-0.2231,0.9748,0,0,7.2445,0.6334,1]},
{"frame":25,"values":[0.9996,-0.0269,-0.0089,0,0.0281,0.9791,0.2014,0,0.0033,-0.2016,0.9795,0,0,7.2445,0.6334,1]}],"loopBehavior":1,"name":"anim","property":"_matrix"}},
{"name":"Spine1","index":2,"matrix":[0.975,0.113,-0.1912,0,-0.0561,0.9583,0.2803,0,0.2149,-0.2626,0.9407,0,0,7.425,0.1598,1],"rest":[1,0,0,0,0,1,0,0,0,0,1,0,0,7.425,0.1598,1],"parentBoneIndex":1,"length":8.6299
,"animation":{"dataType":3,"framePerSecond":24,"keys":[
{"frame":1,"values":[0.975,0.113,-0.1912,0,-0.0561,0.9583,0.2803,0,0.2149,-0.2626,0.9407,0,0,7.425,0.1598,1]},
{"frame":2,"values":[0.9747,0.1138,-0.1924,0,-0.0556,0.957,0.2847,0,0.2165,-0.2668,0.9391,0,0,7.425,0.1598,1]},
{"frame":3,"values":[0.9748,0.1109,-0.1935,0,-0.052,0.9567,0.2864,0,0.2169,-0.2691,0.9384,0,0,7.425,0.1598,1]},
{"frame":4,"values":[0.9749,0.106,-0.1956,0,-0.0468,0.9572,0.2856,0,0.2175,-0.2693,0.9382,0,0,7.425,0.1598,1]},
{"frame":5,"values":[0.975,0.1008,-0.1979,0,-0.0414,0.958,0.2836,0,0.2182,-0.2683,0.9383,0,0,7.425,0.1598,1]},
{"frame":6,"values":[0.9752,0.095,-0.1997,0,-0.0359,0.959,0.281,0,0.2183,-0.2668,0.9387,0,0,7.425,0.1598,1]},
{"frame":7,"values":[0.9756,0.0904,-0.2,0,-0.0316,0.9596,0.2796,0,0.2172,-0.2664,0.9391,0,0,7.425,0.1598,1]},
{"frame":8,"values":[0.976,0.0881,-0.1991,0,-0.0299,0.96,0.2785,0,0.2156,-0.2659,0.9396,0,0,7.425,0.1598,1]},
{"frame":9,"values":[0.9763,0.0884,-0.1976,0,-0.0308,0.9603,0.2774,0,0.2143,-0.2647,0.9402,0,0,7.425,0.1598,1]},
{"frame":10,"values":[0.9766,0.0888,-0.1959,0,-0.0325,0.9612,0.2738,0,0.2127,-0.261,0.9416,0,0,7.425,0.1598,1]},
{"frame":11,"values":[0.9765,0.088,-0.1966,0,-0.0336,0.9637,0.2649,0,0.2127,-0.2521,0.944,0,0,7.425,0.1598,1]},
{"frame":12,"values":[0.9768,0.0826,-0.1974,0,-0.0312,0.9676,0.2505,0,0.2117,-0.2386,0.9478,0,0,7.425,0.1598,1]},
{"frame":13,"values":[0.9774,0.0724,-0.1984,0,-0.0247,0.9721,0.2333,0,0.2098,-0.2231,0.9519,0,0,7.425,0.1598,1]},
{"frame":14,"values":[0.9779,0.0611,-0.1997,0,-0.0169,0.9763,0.2158,0,0.2082,-0.2077,0.9558,0,0,7.425,0.1598,1]},
{"frame":15,"values":[0.9783,0.0481,-0.2014,0,-0.0071,0.9798,0.1997,0,0.2069,-0.194,0.9589,0,0,7.425,0.1598,1]},
{"frame":16,"values":[0.9788,0.0339,-0.202,0,0.0047,0.9822,0.1876,0,0.2048,-0.1846,0.9612,0,0,7.425,0.1598,1]},
{"frame":17,"values":[0.9792,0.0248,-0.2013,0,0.0125,0.9832,0.1819,0,0.2024,-0.1807,0.9625,0,0,7.425,0.1598,1]},
{"frame":18,"values":[0.9796,0.0224,-0.1995,0,0.015,0.9829,0.1837,0,0.2002,-0.183,0.9625,0,0,7.425,0.1598,1]},
{"frame":19,"values":[0.9799,0.0253,-0.198,0,0.0132,0.9815,0.1911,0,0.1992,-0.1899,0.9614,0,0,7.425,0.1598,1]},
{"frame":20,"values":[0.9797,0.0351,-0.1974,0,0.0056,0.9794,0.2017,0,0.2005,-0.1987,0.9593,0,0,7.425,0.1598,1]},
{"frame":21,"values":[0.9791,0.0514,-0.197,0,-0.0082,0.9767,0.2143,0,0.2034,-0.2082,0.9567,0,0,7.425,0.1598,1]},
{"frame":22,"values":[0.9781,0.0715,-0.1955,0,-0.025,0.9727,0.2305,0,0.2067,-0.2206,0.9532,0,0,7.425,0.1598,1]},
{"frame":23,"values":[0.9768,0.0903,-0.1941,0,-0.0401,0.9678,0.2483,0,0.2103,-0.2348,0.949,0,0,7.425,0.1598,1]},
{"frame":24,"values":[0.9755,0.1067,-0.1925,0,-0.0526,0.9623,0.2667,0,0.2137,-0.25,0.9444,0,0,7.425,0.1598,1]},
{"frame":25,"values":[0.9751,0.1123,-0.1912,0,-0.0558,0.9588,0.2784,0,0.2145,-0.2608,0.9413,0,0,7.425,0.1598,1]}],"loopBehavior":1,"name":"anim","property":"_matrix"}},
{"name":"Spine2","index":3,"matrix":[0.9652,0.1288,-0.2276,0,-0.0705,0.9662,0.2481,0,0.2518,-0.2234,0.9416,0,0,8.6226,-0.3542,1],"rest":[1,0,0,0,0,1,0,0,0,0,1,0,0,8.6226,-0.3542,1],"parentBoneIndex":2,"length":20.7438
,"animation":{"dataType":3,"framePerSecond":24,"keys":[
{"frame":1,"values":[0.9652,0.1288,-0.2276,0,-0.0705,0.9662,0.2481,0,0.2518,-0.2234,0.9416,0,0,8.6226,-0.3542,1]},
{"frame":2,"values":[0.9647,0.1307,-0.2287,0,-0.0709,0.965,0.2524,0,0.2537,-0.2273,0.9402,0,0,8.6226,-0.3542,1]},
{"frame":3,"values":[0.9649,0.1285,-0.2289,0,-0.0681,0.9646,0.2547,0,0.2535,-0.2302,0.9395,0,0,8.6226,-0.3542,1]},
{"frame":4,"values":[0.9653,0.1239,-0.2299,0,-0.0632,0.9649,0.2548,0,0.2534,-0.2314,0.9393,0,0,8.6226,-0.3542,1]},
{"frame":5,"values":[0.9657,0.1187,-0.2311,0,-0.058,0.9656,0.2536,0,0.2532,-0.2315,0.9393,0,0,8.6226,-0.3542,1]},
{"frame":6,"values":[0.9662,0.113,-0.2317,0,-0.0525,0.9663,0.2519,0,0.2524,-0.2312,0.9396,0,0,8.6226,-0.3542,1]},
{"frame":7,"values":[0.9669,0.1085,-0.231,0,-0.0484,0.9667,0.2515,0,0.2506,-0.232,0.9399,0,0,8.6226,-0.3542,1]},
{"frame":8,"values":[0.9675,0.1062,-0.2295,0,-0.0467,0.9669,0.2509,0,0.2486,-0.232,0.9404,0,0,8.6226,-0.3542,1]},
{"frame":9,"values":[0.9678,0.1062,-0.2282,0,-0.0473,0.9671,0.2498,0,0.2472,-0.231,0.941,0,0,8.6226,-0.3542,1]},
{"frame":10,"values":[0.9682,0.1057,-0.2267,0,-0.0481,0.9681,0.2461,0,0.2455,-0.2274,0.9424,0,0,8.6226,-0.3542,1]},
{"frame":11,"values":[0.9683,0.1026,-0.2276,0,-0.0471,0.9703,0.2371,0,0.2452,-0.2189,0.9444,0,0,8.6226,-0.3542,1]},
{"frame":12,"values":[0.9692,0.0939,-0.2278,0,-0.0419,0.9738,0.2234,0,0.2428,-0.207,0.9477,0,0,8.6226,-0.3542,1]},
{"frame":13,"values":[0.9705,0.0802,-0.2272,0,-0.0322,0.9777,0.2076,0,0.2388,-0.1942,0.9515,0,0,8.6226,-0.3542,1]},
{"frame":14,"values":[0.9718,0.0655,-0.2267,0,-0.0213,0.9812,0.1918,0,0.235,-0.1816,0.9549,0,0,8.6226,-0.3542,1]},
{"frame":15,"values":[0.9728,0.0495,-0.2263,0,-0.0087,0.984,0.1779,0,0.2314,-0.1711,0.9577,0,0,8.6226,-0.3542,1]},
{"frame":16,"values":[0.9739,0.0337,-0.2244,0,0.0047,0.9857,0.1682,0,0.2269,-0.1648,0.9599,0,0,8.6226,-0.3542,1]},
{"frame":17,"values":[0.9747,0.0242,-0.222,0,0.0129,0.9864,0.1641,0,0.223,-0.1628,0.9611,0,0,8.6226,-0.3542,1]},
{"frame":18,"values":[0.9753,0.0225,-0.2196,0,0.0147,0.986,0.1663,0,0.2203,-0.1655,0.9613,0,0,8.6226,-0.3542,1]},
{"frame":19,"values":[0.9755,0.0272,-0.2184,0,0.0113,0.9848,0.1733,0,0.2198,-0.1715,0.9603,0,0,8.6226,-0.3542,1]},
{"frame":20,"values":[0.9748,0.0387,-0.2196,0,0.002,0.9833,0.1822,0,0.223,-0.178,0.9584,0,0,8.6226,-0.3542,1]},
{"frame":21,"values":[0.9733,0.0565,-0.2223,0,-0.0132,0.9813,0.1918,0,0.229,-0.1838,0.9559,0,0,8.6226,-0.3542,1]},
{"frame":22,"values":[0.9712,0.0787,-0.2247,0,-0.0319,0.9783,0.2047,0,0.236,-0.1916,0.9527,0,0,8.6226,-0.3542,1]},
{"frame":23,"values":[0.9687,0.1002,-0.227,0,-0.0493,0.9744,0.2194,0,0.2432,-0.2013,0.9489,0,0,8.6226,-0.3542,1]},
{"frame":24,"values":[0.9662,0.1195,-0.2285,0,-0.0643,0.9698,0.2353,0,0.2497,-0.2126,0.9447,0,0,8.6226,-0.3542,1]},
{"frame":25,"values":[0.9653,0.1276,-0.228,0,-0.0696,0.9667,0.2463,0,0.2518,-0.2218,0.942,0,0,8.6226,-0.3542,1]}],"loopBehavior":1,"name":"anim","property":"_matrix"}},
{"name":"Neck","index":4,"matrix":[0.9928,0.0979,0.0686,0,-0.0894,0.989,-0.1174,0,-0.0794,0.1104,0.9907,0,0,23.6053,-4.5263,1],"rest":[1,0,0,0,0,1,0,0,0,0,1,0,0,23.6053,-4.5263,1],"parentBoneIndex":3,"length":10.3542
,"animation":{"dataType":3,"framePerSecond":24,"keys":[
{"frame":1,"values":[0.9928,0.0979,0.0686,0,-0.0894,0.989,-0.1174,0,-0.0794,0.1104,0.9907,0,0,23.6053,-4.5263,1]},
{"frame":2,"values":[0.9932,0.0975,0.064,0,-0.0898,0.9894,-0.1138,0,-0.0744,0.1073,0.9914,0,0,23.6053,-4.5263,1]},
{"frame":3,"values":[0.9935,0.0971,0.0596,0,-0.0901,0.9898,-0.1101,0,-0.0697,0.1041,0.9921,0,0,23.6053,-4.5263,1]},
{"frame":4,"values":[0.9938,0.0968,0.0555,0,-0.0905,0.9902,-0.1067,0,-0.0653,0.101,0.9927,0,0,23.6053,-4.5263,1]},
{"frame":5,"values":[0.994,0.0965,0.052,0,-0.0908,0.9905,-0.1033,0,-0.0614,0.0979,0.9933,0,0,23.6053,-4.5263,1]},
{"frame":6,"values":[0.9941,0.0964,0.0492,0,-0.0911,0.9908,-0.0997,0,-0.0584,0.0946,0.9938,0,0,23.6053,-4.5263,1]},
{"frame":7,"values":[0.9942,0.0964,0.0486,0,-0.0913,0.9911,-0.0968,0,-0.0575,0.0918,0.9941,0,0,23.6053,-4.5263,1]},
{"frame":8,"values":[0.994,0.0964,0.0519,0,-0.0911,0.9912,-0.0959,0,-0.0607,0.0906,0.994,0,0,23.6053,-4.5263,1]},
{"frame":9,"values":[0.9938,0.0964,0.0558,0,-0.0907,0.9911,-0.0977,0,-0.0647,0.0921,0.9936,0,0,23.6053,-4.5263,1]},
{"frame":10,"values":[0.9935,0.0967,0.0602,0,-0.0903,0.9907,-0.1021,0,-0.0696,0.096,0.9929,0,0,23.6053,-4.5263,1]},
{"frame":11,"values":[0.9931,0.0972,0.0651,0,-0.0898,0.99,-0.1085,0,-0.075,0.1019,0.992,0,0,23.6053,-4.5263,1]},
{"frame":12,"values":[0.9927,0.0978,0.0705,0,-0.0894,0.9894,-0.1148,0,-0.081,0.1076,0.9909,0,0,23.6053,-4.5263,1]},
{"frame":13,"values":[0.9922,0.0985,0.0765,0,-0.089,0.9889,-0.1188,0,-0.0873,0.111,0.99,0,0,23.6053,-4.5263,1]},
{"frame":14,"values":[0.9917,0.0989,0.0826,0,-0.0886,0.9889,-0.1192,0,-0.0935,0.1109,0.9894,0,0,23.6053,-4.5263,1]},
{"frame":15,"values":[0.9911,0.099,0.0886,0,-0.0883,0.9891,-0.1179,0,-0.0993,0.109,0.9891,0,0,23.6053,-4.5263,1]},
{"frame":16,"values":[0.9906,0.099,0.0943,0,-0.0879,0.9895,-0.115,0,-0.1047,0.1057,0.9889,0,0,23.6053,-4.5263,1]},
{"frame":17,"values":[0.9902,0.0988,0.0992,0,-0.0876,0.9899,-0.1113,0,-0.1092,0.1015,0.9888,0,0,23.6053,-4.5263,1]},
{"frame":18,"values":[0.9898,0.0983,0.103,0,-0.0873,0.9904,-0.1069,0,-0.1126,0.0968,0.9889,0,0,23.6053,-4.5263,1]},
{"frame":19,"values":[0.9896,0.0978,0.1056,0,-0.087,0.9909,-0.1024,0,-0.1147,0.0921,0.9891,0,0,23.6053,-4.5263,1]},
{"frame":20,"values":[0.9898,0.0972,0.1041,0,-0.0871,0.9914,-0.0981,0,-0.1128,0.088,0.9897,0,0,23.6053,-4.5263,1]},
{"frame":21,"values":[0.9904,0.0968,0.099,0,-0.0874,0.9916,-0.0951,0,-0.1074,0.0855,0.9905,0,0,23.6053,-4.5263,1]},
{"frame":22,"values":[0.991,0.0969,0.092,0,-0.088,0.9915,-0.0963,0,-0.1006,0.0874,0.9911,0,0,23.6053,-4.5263,1]},
{"frame":23,"values":[0.9917,0.0973,0.0841,0,-0.0886,0.9908,-0.1018,0,-0.0932,0.0936,0.9912,0,0,23.6053,-4.5263,1]},
{"frame":24,"values":[0.9923,0.0977,0.0759,0,-0.0891,0.99,-0.1097,0,-0.0859,0.1021,0.9911,0,0,23.6053,-4.5263,1]},
{"frame":25,"values":[0.9928,0.0979,0.0686,0,-0.0894,0.9891,-0.1174,0,-0.0794,0.1104,0.9907,0,0,23.6053,-4.5263,1]}],"loopBehavior":1,"name":"anim","property":"_matrix"}},
{"name":"Head","index":5,"matrix":[0.9778,-0.1142,-0.1759,0,0.0851,0.9826,-0.1651,0,0.1917,0.1465,0.9705,0,0,9.9955,2.7017,1],"rest":[1,0,0,0,0,1,0,0,0,0,1,0,0,9.9955,2.7017,1],"parentBoneIndex":4,"length":31.4272
,"animation":{"dataType":3,"framePerSecond":24,"keys":[
{"frame":1,"values":[0.9778,-0.1142,-0.1759,0,0.0851,0.9826,-0.1651,0,0.1917,0.1465,0.9705,0,0,9.9955,2.7017,1]},
{"frame":2,"values":[0.976,-0.115,-0.185,0,0.0868,0.9843,-0.154,0,0.1998,0.1342,0.9706,0,0,9.9955,2.7017,1]},
{"frame":3,"values":[0.9757,-0.1114,-0.1889,0,0.0835,0.9852,-0.1499,0,0.2028,0.1305,0.9705,0,0,9.9955,2.7017,1]},
{"frame":4,"values":[0.976,-0.1056,-0.1906,0,0.0772,0.9855,-0.1508,0,0.2038,0.1324,0.97,0,0,9.9955,2.7017,1]},
{"frame":5,"values":[0.9762,-0.1007,-0.192,0,0.0713,0.9855,-0.154,0,0.2047,0.1367,0.9692,0,0,9.9955,2.7017,1]},
{"frame":6,"values":[0.9765,-0.1003,-0.191,0,0.0703,0.985,-0.1577,0,0.204,0.1406,0.9688,0,0,9.9955,2.7017,1]},
{"frame":7,"values":[0.9765,-0.1066,-0.1873,0,0.0764,0.9838,-0.1619,0,0.2015,0.1438,0.9689,0,0,9.9955,2.7017,1]},
{"frame":8,"values":[0.9764,-0.1176,-0.181,0,0.0872,0.982,-0.1678,0,0.1975,0.148,0.9691,0,0,9.9955,2.7017,1]},
{"frame":9,"values":[0.9761,-0.1298,-0.1741,0,0.0987,0.9793,-0.177,0,0.1934,0.1556,0.9687,0,0,9.9955,2.7017,1]},
{"frame":10,"values":[0.9763,-0.1381,-0.1664,0,0.1066,0.9769,-0.1852,0,0.1881,0.1631,0.9685,0,0,9.9955,2.7017,1]},
{"frame":11,"values":[0.9778,-0.1388,-0.1572,0,0.1077,0.9756,-0.1915,0,0.1799,0.1703,0.9688,0,0,9.9955,2.7017,1]},
{"frame":12,"values":[0.9807,-0.1315,-0.1448,0,0.1019,0.9754,-0.1955,0,0.167,0.177,0.9699,0,0,9.9955,2.7017,1]},
{"frame":13,"values":[0.9842,-0.118,-0.1316,0,0.0908,0.9763,-0.1964,0,0.1517,0.1814,0.9716,0,0,9.9955,2.7017,1]},
{"frame":14,"values":[0.9879,-0.1003,-0.1182,0,0.0757,0.9776,-0.1966,0,0.1353,0.1853,0.9733,0,0,9.9955,2.7017,1]},
{"frame":15,"values":[0.9911,-0.0814,-0.1054,0,0.0597,0.979,-0.1949,0,0.119,0.1868,0.9752,0,0,9.9955,2.7017,1]},
{"frame":16,"values":[0.9935,-0.0646,-0.0935,0,0.0458,0.9805,-0.191,0,0.104,0.1855,0.9771,0,0,9.9955,2.7017,1]},
{"frame":17,"values":[0.9951,-0.0519,-0.0839,0,0.0356,0.982,-0.1854,0,0.092,0.1815,0.9791,0,0,9.9955,2.7017,1]},
{"frame":18,"values":[0.9959,-0.0461,-0.0772,0,0.0316,0.9834,-0.1789,0,0.0842,0.1757,0.9808,0,0,9.9955,2.7017,1]},
{"frame":19,"values":[0.9962,-0.0477,-0.0726,0,0.0345,0.9843,-0.1732,0,0.0797,0.1701,0.9822,0,0,9.9955,2.7017,1]},
{"frame":20,"values":[0.9956,-0.0559,-0.075,0,0.0423,0.9841,-0.1726,0,0.0835,0.1687,0.9821,0,0,9.9955,2.7017,1]},
{"frame":21,"values":[0.994,-0.0685,-0.085,0,0.0525,0.9827,-0.1777,0,0.0957,0.1721,0.9804,0,0,9.9955,2.7017,1]},
{"frame":22,"values":[0.9912,-0.0834,-0.1032,0,0.0638,0.9815,-0.1806,0,0.1164,0.1725,0.9781,0,0,9.9955,2.7017,1]},
{"frame":23,"values":[0.987,-0.0976,-0.1278,0,0.074,0.9813,-0.1778,0,0.1428,0.1661,0.9757,0,0,9.9955,2.7017,1]},
{"frame":24,"values":[0.9819,-0.1079,-0.156,0,0.0812,0.9824,-0.1681,0,0.1713,0.1524,0.9734,0,0,9.9955,2.7017,1]},
{"frame":25,"values":[0.9778,-0.1142,-0.1759,0,0.0851,0.9826,-0.1651,0,0.1917,0.1465,0.9705,0,0,9.9955,2.7017,1]}],"loopBehavior":1,"name":"anim","property":"_matrix"}},
{"name":"HeadTop_End","index":6,"matrix":[1,0,0,0,0,1,0,0,0,0,1,0,0,31.2072,3.7118,1],"rest":[1,0,0,0,0,1,0,0,0,0,1,0,0,31.2072,3.7118,1],"parentBoneIndex":5,"length":31.4272
,"animation":{"dataType":3,"framePerSecond":24,"keys":[
{"frame":1,"values":[1,0,0,0,0,1,0,0,0,0,1,0,0,31.2072,3.7118,1]},
{"frame":25,"values":[1,0,0,0,0,1,0,0,0,0,1,0,0,31.2072,3.7118,1]}],"loopBehavior":1,"name":"anim","property":"_matrix"}},
{"name":"LeftShoulder","index":7,"matrix":[0.8895,-0.054,0.4538,0,0.0691,0.9975,-0.0167,0,-0.4518,0.0462,0.8909,0,6.1723,17.8795,-2.6384,1],"rest":[1,-0.0039,0,0,0.0039,1,0,0,0,0,1,0,6.1723,17.8795,-2.6384,1],"parentBoneIndex":3,"length":6.4566
,"animation":{"dataType":3,"framePerSecond":24,"keys":[
{"frame":1,"values":[0.8895,-0.054,0.4538,0,0.0691,0.9975,-0.0167,0,-0.4518,0.0462,0.8909,0,6.1723,17.8795,-2.6384,1]},
{"frame":2,"values":[0.9039,-0.0554,0.4241,0,0.072,0.9971,-0.0233,0,-0.4216,0.0516,0.9053,0,6.1723,17.8795,-2.6384,1]},
{"frame":3,"values":[0.9192,-0.0566,0.3897,0,0.0746,0.9967,-0.0311,0,-0.3867,0.0577,0.9204,0,6.1723,17.8795,-2.6384,1]},
{"frame":4,"values":[0.9331,-0.0574,0.355,0,0.0762,0.9963,-0.0392,0,-0.3514,0.0636,0.9341,0,6.1723,17.8795,-2.6384,1]},
{"frame":5,"values":[0.9442,-0.0585,0.3241,0,0.0776,0.9959,-0.0463,0,-0.3201,0.0689,0.9449,0,6.1723,17.8795,-2.6384,1]},
{"frame":6,"values":[0.9512,-0.058,0.3031,0,0.077,0.9957,-0.0511,0,-0.2989,0.072,0.9516,0,6.1723,17.8795,-2.6384,1]},
{"frame":7,"values":[0.9534,-0.0579,0.2962,0,0.0769,0.9956,-0.0527,0,-0.2918,0.073,0.9537,0,6.1723,17.8795,-2.6384,1]},
{"frame":8,"values":[0.9518,-0.0567,0.3014,0,0.0754,0.9958,-0.051,0,-0.2973,0.0713,0.9521,0,6.1723,17.8795,-2.6384,1]},
{"frame":9,"values":[0.947,-0.0564,0.3162,0,0.0749,0.9961,-0.0465,0,-0.3123,0.0677,0.9476,0,6.1723,17.8795,-2.6384,1]},
{"frame":10,"values":[0.9391,-0.0563,0.3391,0,0.0738,0.9965,-0.0391,0,-0.3357,0.0617,0.9399,0,6.1723,17.8795,-2.6384,1]},
{"frame":11,"values":[0.9289,-0.0564,0.3659,0,0.0725,0.9969,-0.0304,0,-0.3631,0.0548,0.9301,0,6.1723,17.8795,-2.6384,1]},
{"frame":12,"values":[0.9166,-0.0565,0.3957,0,0.0705,0.9973,-0.021,0,-0.3935,0.0471,0.9181,0,6.1723,17.8795,-2.6384,1]},
{"frame":13,"values":[0.903,-0.0565,0.4258,0,0.0677,0.9976,-0.0112,0,-0.4242,0.0389,0.9047,0,6.1723,17.8795,-2.6384,1]},
{"frame":14,"values":[0.8883,-0.0565,0.4557,0,0.0642,0.9979,-0.0016,0,-0.4547,0.0306,0.8901,0,6.1723,17.8795,-2.6384,1]},
{"frame":15,"values":[0.8735,-0.0563,0.4835,0,0.0601,0.9982,0.0077,0,-0.4831,0.0223,0.8753,0,6.1723,17.8795,-2.6384,1]},
{"frame":16,"values":[0.8582,-0.0559,0.5102,0,0.0555,0.9983,0.016,0,-0.5102,0.0146,0.8599,0,6.1723,17.8795,-2.6384,1]},
{"frame":17,"values":[0.8468,-0.056,0.5289,0,0.0512,0.9984,0.0236,0,-0.5294,0.0071,0.8483,0,6.1723,17.8795,-2.6384,1]},
{"frame":18,"values":[0.8365,-0.0559,0.5452,0,0.0471,0.9984,0.03,0,-0.546,0.0006,0.8378,0,6.1723,17.8795,-2.6384,1]},
{"frame":19,"values":[0.8316,-0.0563,0.5525,0,0.0442,0.9984,0.0353,0,-0.5536,-0.005,0.8328,0,6.1723,17.8795,-2.6384,1]},
{"frame":20,"values":[0.8301,-0.0572,0.5547,0,0.0423,0.9983,0.0396,0,-0.5561,-0.0094,0.8311,0,6.1723,17.8795,-2.6384,1]},
{"frame":21,"values":[0.8379,-0.0584,0.5428,0,0.0434,0.9982,0.0404,0,-0.5442,-0.0103,0.8389,0,6.1723,17.8795,-2.6384,1]},
{"frame":22,"values":[0.8486,-0.0581,0.5258,0,0.0488,0.9983,0.0316,0,-0.5267,-0.0012,0.85,0,6.1723,17.8795,-2.6384,1]},
{"frame":23,"values":[0.8624,-0.0659,0.5019,0,0.066,0.9977,0.0176,0,-0.5019,0.018,0.8647,0,6.1723,17.8795,-2.6384,1]},
{"frame":24,"values":[0.8773,-0.0631,0.4757,0,0.0718,0.9974,-0.0001,0,-0.4745,0.0342,0.8796,0,6.1723,17.8795,-2.6384,1]},
{"frame":25,"values":[0.889,-0.0604,0.4538,0,0.0761,0.997,-0.0163,0,-0.4515,0.0491,0.8909,0,6.1723,17.8795,-2.6384,1]}],"loopBehavior":1,"name":"anim","property":"_matrix"}},
{"name":"LeftArm","index":8,"matrix":[0.4254,-0.3064,0.8516,0,0.8683,0.4034,-0.2886,0,-0.2551,0.8622,0.4377,0,6.0747,-1.0059,-1.9427,1],"rest":[0.9995,0.0084,0.0302,0,-0.0084,1,-0.0001,0,-0.0302,-0.0002,0.9995,0,6.0747,-1.0059,-1.9427,1],"parentBoneIndex":7,"length":27.264
,"animation":{"dataType":3,"framePerSecond":24,"keys":[
{"frame":1,"values":[0.4254,-0.3064,0.8516,0,0.8683,0.4034,-0.2886,0,-0.2551,0.8622,0.4377,0,6.0747,-1.0059,-1.9427,1]},
{"frame":2,"values":[0.4006,-0.3087,0.8627,0,0.8777,0.3994,-0.2647,0,-0.2628,0.8632,0.431,0,6.0747,-1.0059,-1.9427,1]},
{"frame":3,"values":[0.3791,-0.3072,0.8729,0,0.8839,0.3993,-0.2433,0,-0.2738,0.8638,0.423,0,6.0747,-1.0059,-1.9427,1]},
{"frame":4,"values":[0.3536,-0.3075,0.8834,0,0.8902,0.4006,-0.2169,0,-0.2872,0.8631,0.4154,0,6.0747,-1.0059,-1.9427,1]},
{"frame":5,"values":[0.3292,-0.3084,0.8925,0,0.8954,0.4021,-0.1914,0,-0.2998,0.8621,0.4085,0,6.0747,-1.0059,-1.9427,1]},
{"frame":6,"values":[0.3045,-0.3099,0.9007,0,0.8993,0.4051,-0.1647,0,-0.3138,0.8602,0.4021,0,6.0747,-1.0059,-1.9427,1]},
{"frame":7,"values":[0.2967,-0.3036,0.9054,0,0.9001,0.4057,-0.159,0,-0.319,0.8621,0.3937,0,6.0747,-1.0059,-1.9427,1]},
{"frame":8,"values":[0.3035,-0.292,0.907,0,0.8977,0.4067,-0.1694,0,-0.3195,0.8656,0.3855,0,6.0747,-1.0059,-1.9427,1]},
{"frame":9,"values":[0.3156,-0.2774,0.9074,0,0.8924,0.4118,-0.1845,0,-0.3225,0.868,0.3776,0,6.0747,-1.0059,-1.9427,1]},
{"frame":10,"values":[0.3371,-0.2567,0.9058,0,0.8819,0.4228,-0.2084,0,-0.3294,0.8691,0.369,0,6.0747,-1.0059,-1.9427,1]},
{"frame":11,"values":[0.3555,-0.2365,0.9043,0,0.871,0.4348,-0.2287,0,-0.3391,0.8689,0.3606,0,6.0747,-1.0059,-1.9427,1]},
{"frame":12,"values":[0.3771,-0.2174,0.9003,0,0.8549,0.4558,-0.248,0,-0.3564,0.8631,0.3577,0,6.0747,-1.0059,-1.9427,1]},
{"frame":13,"values":[0.4034,-0.1963,0.8937,0,0.8357,0.4767,-0.2726,0,-0.3725,0.8569,0.3564,0,6.0747,-1.0059,-1.9427,1]},
{"frame":14,"values":[0.4315,-0.1776,0.8845,0,0.8153,0.4964,-0.2981,0,-0.3861,0.8498,0.3589,0,6.0747,-1.0059,-1.9427,1]},
{"frame":15,"values":[0.4524,-0.1686,0.8757,0,0.7988,0.5132,-0.3139,0,-0.3965,0.8416,0.3668,0,6.0747,-1.0059,-1.9427,1]},
{"frame":16,"values":[0.4771,-0.1616,0.8638,0,0.7841,0.5222,-0.3354,0,-0.3969,0.8374,0.3759,0,6.0747,-1.0059,-1.9427,1]},
{"frame":17,"values":[0.4959,-0.1523,0.8549,0,0.7718,0.5286,-0.3535,0,-0.3981,0.8351,0.3796,0,6.0747,-1.0059,-1.9427,1]},
{"frame":18,"values":[0.5136,-0.1454,0.8456,0,0.7625,0.5294,-0.3721,0,-0.3935,0.8358,0.3828,0,6.0747,-1.0059,-1.9427,1]},
{"frame":19,"values":[0.5179,-0.1475,0.8427,0,0.7637,0.5236,-0.3777,0,-0.3855,0.8391,0.3838,0,6.0747,-1.0059,-1.9427,1]},
{"frame":20,"values":[0.512,-0.1602,0.8439,0,0.7733,0.5137,-0.3717,0,-0.374,0.8429,0.3869,0,6.0747,-1.0059,-1.9427,1]},
{"frame":21,"values":[0.4937,-0.1785,0.8511,0,0.7909,0.4992,-0.354,0,-0.3617,0.8479,0.3876,0,6.0747,-1.0059,-1.9427,1]},
{"frame":22,"values":[0.477,-0.206,0.8544,0,0.8102,0.4799,-0.3366,0,-0.3407,0.8528,0.3958,0,6.0747,-1.0059,-1.9427,1]},
{"frame":23,"values":[0.4624,-0.2341,0.8552,0,0.8279,0.4593,-0.3219,0,-0.3175,0.8569,0.4062,0,6.0747,-1.0059,-1.9427,1]},
{"frame":24,"values":[0.4376,-0.2726,0.8568,0,0.8508,0.4339,-0.2965,0,-0.2909,0.8587,0.4218,0,6.0747,-1.0059,-1.9427,1]},
{"frame":25,"values":[0.4276,-0.3061,0.8506,0,0.8648,0.4124,-0.2864,0,-0.2631,0.8581,0.441,0,6.0747,-1.0059,-1.9427,1]}],"loopBehavior":1,"name":"anim","property":"_matrix"}},
{"name":"LeftForeArm","index":9,"matrix":[0.2894,-0.0588,0.9554,0,0.8934,-0.3418,-0.2916,0,0.3437,0.9379,-0.0464,0,27.2512,-0.1236,-0.8243,1],"rest":[0.9995,-0.0045,-0.0302,0,0.0045,1,-0.0001,0,0.0302,-0.0001,0.9995,0,27.2512,-0.1236,-0.8243,1],"parentBoneIndex":8,"length":27.5147
,"animation":{"dataType":3,"framePerSecond":24,"keys":[
{"frame":1,"values":[0.2894,-0.0588,0.9554,0,0.8934,-0.3418,-0.2916,0,0.3437,0.9379,-0.0464,0,27.2512,-0.1236,-0.8243,1]},
{"frame":2,"values":[0.3103,-0.0591,0.9488,0,0.8771,-0.3671,-0.3097,0,0.3666,0.9283,-0.0621,0,27.2512,-0.1236,-0.8243,1]},
{"frame":3,"values":[0.3217,-0.0613,0.9449,0,0.8562,-0.4072,-0.3179,0,0.4043,0.9113,-0.0785,0,27.2512,-0.1236,-0.8243,1]},
{"frame":4,"values":[0.3354,-0.0608,0.9401,0,0.8476,-0.4161,-0.3293,0,0.4112,0.9073,-0.088,0,27.2512,-0.1236,-0.8243,1]},
{"frame":5,"values":[0.3503,-0.0601,0.9347,0,0.8401,-0.4211,-0.3419,0,0.4141,0.905,-0.097,0,27.2512,-0.1236,-0.8243,1]},
{"frame":6,"values":[0.3705,-0.0488,0.9275,0,0.849,-0.3871,-0.3595,0,0.3766,0.9207,-0.102,0,27.2512,-0.1236,-0.8243,1]},
{"frame":7,"values":[0.3933,-0.0531,0.9179,0,0.8332,-0.4014,-0.3802,0,0.3886,0.9144,-0.1136,0,27.2512,-0.1236,-0.8243,1]},
{"frame":8,"values":[0.4085,-0.0623,0.9106,0,0.8137,-0.4271,-0.3943,0,0.4135,0.902,-0.1238,0,27.2512,-0.1236,-0.8243,1]},
{"frame":9,"values":[0.4227,-0.0668,0.9038,0,0.8025,-0.4358,-0.4075,0,0.4211,0.8976,-0.1306,0,27.2512,-0.1236,-0.8243,1]},
{"frame":10,"values":[0.4284,-0.0711,0.9008,0,0.7931,-0.4481,-0.4125,0,0.433,0.8912,-0.1355,0,27.2512,-0.1236,-0.8243,1]},
{"frame":11,"values":[0.44,-0.0814,0.8943,0,0.7675,-0.4829,-0.4216,0,0.4662,0.8719,-0.15,0,27.2512,-0.1236,-0.8243,1]},
{"frame":12,"values":[0.4336,-0.0763,0.8979,0,0.7747,-0.4774,-0.4147,0,0.4603,0.8754,-0.1478,0,27.2512,-0.1236,-0.8243,1]},
{"frame":13,"values":[0.4194,-0.0756,0.9047,0,0.7744,-0.4902,-0.4,0,0.4737,0.8683,-0.147,0,27.2512,-0.1236,-0.8243,1]},
{"frame":14,"values":[0.3964,-0.0755,0.915,0,0.777,-0.5033,-0.3782,0,0.4891,0.8608,-0.1408,0,27.2512,-0.1236,-0.8243,1]},
{"frame":15,"values":[0.3768,-0.0679,0.9238,0,0.7967,-0.4849,-0.3606,0,0.4725,0.8719,-0.1286,0,27.2512,-0.1236,-0.8243,1]},
{"frame":16,"values":[0.359,-0.071,0.9306,0,0.7964,-0.4966,-0.3451,0,0.4866,0.8651,-0.1218,0,27.2512,-0.1236,-0.8243,1]},
{"frame":17,"values":[0.3436,-0.0735,0.9362,0,0.7961,-0.5059,-0.3319,0,0.4981,0.8594,-0.1153,0,27.2512,-0.1236,-0.8243,1]},
{"frame":18,"values":[0.3283,-0.074,0.9417,0,0.802,-0.5048,-0.3193,0,0.499,0.8601,-0.1064,0,27.2512,-0.1236,-0.8243,1]},
{"frame":19,"values":[0.3247,-0.0707,0.9432,0,0.8152,-0.4847,-0.317,0,0.4796,0.8718,-0.0997,0,27.2512,-0.1236,-0.8243,1]},
{"frame":20,"values":[0.3269,-0.0656,0.9428,0,0.8298,-0.4575,-0.3196,0,0.4523,0.8868,-0.0951,0,27.2512,-0.1236,-0.8243,1]},
{"frame":21,"values":[0.3269,-0.0609,0.9431,0,0.842,-0.4345,-0.3199,0,0.4293,0.8986,-0.0907,0,27.2512,-0.1236,-0.8243,1]},
{"frame":22,"values":[0.3189,-0.0575,0.946,0,0.8523,-0.4193,-0.3128,0,0.4146,0.906,-0.0847,0,27.2512,-0.1236,-0.8243,1]},
{"frame":23,"values":[0.3147,-0.0698,0.9466,0,0.837,-0.45,-0.3114,0,0.4477,0.8903,-0.0832,0,27.2512,-0.1236,-0.8243,1]},
{"frame":24,"values":[0.3085,-0.0601,0.9493,0,0.8707,-0.3841,-0.3073,0,0.3831,0.9213,-0.0662,0,27.2512,-0.1236,-0.8243,1]},
{"frame":25,"values":[0.2899,-0.0556,0.9555,0,0.8746,-0.3901,-0.288,0,0.3887,0.9191,-0.0645,0,27.2512,-0.1236,-0.8243,1]}],"loopBehavior":1,"name":"anim","property":"_matrix"}},
{"name":"LeftHand","index":10,"matrix":[0.9879,0.1094,-0.11,0,-0.1468,0.8889,-0.434,0,0.0503,0.4449,0.8942,0,27.5147,0,0,1],"rest":[1,0,0,0,0,1,0.0006,0,0,-0.0006,1,0,27.5147,0,0,1],"parentBoneIndex":9,"length":10.1836
,"animation":{"dataType":3,"framePerSecond":24,"keys":[
{"frame":1,"values":[0.9879,0.1094,-0.11,0,-0.1468,0.8889,-0.434,0,0.0503,0.4449,0.8942,0,27.5147,0,0,1]},
{"frame":2,"values":[0.989,0.0945,-0.1137,0,-0.1334,0.9022,-0.4101,0,0.0639,0.4208,0.9049,0,27.5147,0,0,1]},
{"frame":3,"values":[0.989,0.0972,-0.1117,0,-0.1325,0.9176,-0.3747,0,0.066,0.3854,0.9204,0,27.5147,0,0,1]},
{"frame":4,"values":[0.9888,0.0955,-0.1146,0,-0.1315,0.9212,-0.3662,0,0.0706,0.3772,0.9234,0,27.5147,0,0,1]},
{"frame":5,"values":[0.9887,0.091,-0.119,0,-0.1283,0.9241,-0.3601,0,0.0772,0.3713,0.9253,0,27.5147,0,0,1]},
{"frame":6,"values":[0.9887,0.0737,-0.1309,0,-0.1198,0.9124,-0.3913,0,0.0905,0.4026,0.9109,0,27.5147,0,0,1]},
{"frame":7,"values":[0.9898,0.0533,-0.1325,0,-0.1007,0.9181,-0.3832,0,0.1012,0.3927,0.9141,0,27.5147,0,0,1]},
{"frame":8,"values":[0.9909,0.0349,-0.1299,0,-0.0813,0.9248,-0.3717,0,0.1071,0.3789,0.9192,0,27.5147,0,0,1]},
{"frame":9,"values":[0.9915,0.013,-0.1297,0,-0.0617,0.9233,-0.3791,0,0.1149,0.3838,0.9162,0,27.5147,0,0,1]},
{"frame":10,"values":[0.9922,0.0004,-0.1247,0,-0.049,0.9208,-0.3869,0,0.1147,0.39,0.9137,0,27.5147,0,0,1]},
{"frame":11,"values":[0.9926,-0.0156,-0.1204,0,-0.0295,0.9312,-0.3633,0,0.1178,0.3642,0.9238,0,27.5147,0,0,1]},
{"frame":12,"values":[0.9933,-0.0122,-0.1153,0,-0.033,0.9233,-0.3826,0,0.1111,0.3838,0.9167,0,27.5147,0,0,1]},
{"frame":13,"values":[0.9941,0.0062,-0.1081,0,-0.0472,0.9232,-0.3815,0,0.0974,0.3844,0.918,0,27.5147,0,0,1]},
{"frame":14,"values":[0.9943,0.0351,-0.1003,0,-0.0706,0.9233,-0.3774,0,0.0794,0.3824,0.9206,0,27.5147,0,0,1]},
{"frame":15,"values":[0.9929,0.0589,-0.1032,0,-0.0953,0.9131,-0.3964,0,0.0709,0.4034,0.9123,0,27.5147,0,0,1]},
{"frame":16,"values":[0.9912,0.0835,-0.1032,0,-0.117,0.9168,-0.3819,0,0.0628,0.3906,0.9184,0,27.5147,0,0,1]},
{"frame":17,"values":[0.989,0.1086,-0.1009,0,-0.1387,0.918,-0.3716,0,0.0523,0.3815,0.9229,0,27.5147,0,0,1]},
{"frame":18,"values":[0.9861,0.1328,-0.0995,0,-0.1607,0.9143,-0.3718,0,0.0416,0.3827,0.9229,0,27.5147,0,0,1]},
{"frame":19,"values":[0.9841,0.1414,-0.1077,0,-0.1723,0.9072,-0.3838,0,0.0435,0.3962,0.9171,0,27.5147,0,0,1]},
{"frame":20,"values":[0.9842,0.1345,-0.1151,0,-0.1696,0.9029,-0.395,0,0.0508,0.4082,0.9115,0,27.5147,0,0,1]},
{"frame":21,"values":[0.9855,0.1247,-0.115,0,-0.1609,0.9021,-0.4004,0,0.0538,0.4131,0.9091,0,27.5147,0,0,1]},
{"frame":22,"values":[0.9868,0.1199,-0.109,0,-0.154,0.9028,-0.4015,0,0.0503,0.413,0.9093,0,27.5147,0,0,1]},
{"frame":23,"values":[0.9885,0.1162,-0.0966,0,-0.1434,0.9229,-0.3573,0,0.0476,0.367,0.929,0,27.5147,0,0,1]},
{"frame":24,"values":[0.9886,0.1069,-0.1062,0,-0.1411,0.9036,-0.4044,0,0.0527,0.4148,0.9084,0,27.5147,0,0,1]},
{"frame":25,"values":[0.9876,0.1164,-0.1051,0,-0.1485,0.9095,-0.3883,0,0.0504,0.3991,0.9155,0,27.5147,0,0,1]}],"loopBehavior":1,"name":"anim","property":"_matrix"}},
{"name":"LeftHandThumb1","index":11,"matrix":[0.9854,-0.0401,-0.1652,0,0.0415,0.9991,0.005,0,0.1649,-0.0118,0.9862,0,4.2092,-0.2988,5.1387,1],"rest":[1,0.0002,0.0002,0,-0.0002,1,-0.0002,0,-0.0002,0.0002,1,0,4.2092,-0.2988,5.1387,1],"parentBoneIndex":10,"length":1.9313
,"animation":{"dataType":3,"framePerSecond":24,"keys":[
{"frame":1,"values":[0.9854,-0.0401,-0.1652,0,0.0415,0.9991,0.005,0,0.1649,-0.0118,0.9862,0,4.2092,-0.2988,5.1387,1]},
{"frame":25,"values":[0.9854,-0.0401,-0.1652,0,0.0415,0.9991,0.005,0,0.1649,-0.0118,0.9862,0,4.2092,-0.2988,5.1387,1]}],"loopBehavior":1,"name":"anim","property":"_matrix"}},
{"name":"LeftHandThumb2","index":12,"matrix":[0.9788,0.0948,-0.1816,0,-0.0826,0.9938,0.0738,0,0.1875,-0.0572,0.9806,0,1.496,-0.8637,0.8637,1],"rest":[0.9982,0.052,0.0284,0,-0.0507,0.9976,-0.0475,0,-0.0308,0.046,0.9985,0,1.496,-0.8637,0.8637,1],"parentBoneIndex":11,"length":2.3416
,"animation":{"dataType":3,"framePerSecond":24,"keys":[
{"frame":1,"values":[0.9788,0.0948,-0.1816,0,-0.0826,0.9938,0.0738,0,0.1875,-0.0572,0.9806,0,1.496,-0.8637,0.8637,1]},
{"frame":25,"values":[0.9788,0.0948,-0.1816,0,-0.0826,0.9938,0.0738,0,0.1875,-0.0572,0.9806,0,1.496,-0.8637,0.8637,1]}],"loopBehavior":1,"name":"anim","property":"_matrix"}},
{"name":"LeftHandThumb3","index":13,"matrix":[0.9661,0.0873,0.2429,0,0.0088,0.9294,-0.3691,0,-0.258,0.3587,0.8971,0,1.7859,-1.1863,0.9415,1],"rest":[0.9982,-0.0507,-0.0308,0,0.052,0.9976,0.046,0,0.0284,-0.0475,0.9985,0,1.7859,-1.1863,0.9415,1],"parentBoneIndex":12,"length":4.3787
,"animation":{"dataType":3,"framePerSecond":24,"keys":[
{"frame":1,"values":[0.9661,0.0873,0.2429,0,0.0088,0.9294,-0.3691,0,-0.258,0.3587,0.8971,0,1.7859,-1.1863,0.9415,1]},
{"frame":25,"values":[0.9661,0.0873,0.2429,0,0.0088,0.9294,-0.3691,0,-0.258,0.3587,0.8971,0,1.7859,-1.1863,0.9415,1]}],"loopBehavior":1,"name":"anim","property":"_matrix"}},
{"name":"LeftHandThumb4","index":14,"matrix":[1,0,0,0,0,1,0,0,0,0,1,0,3.3918,-1.9582,1.9582,1],"rest":[1,0,0,0,0,1,0,0,0,0,1,0,3.3918,-1.9582,1.9582,1],"parentBoneIndex":13,"length":4.3787
,"animation":{"dataType":3,"framePerSecond":24,"keys":[
{"frame":1,"values":[1,0,0,0,0,1,0,0,0,0,1,0,3.3918,-1.9582,1.9582,1]},
{"frame":25,"values":[1,0,0,0,0,1,0,0,0,0,1,0,3.3918,-1.9582,1.9582,1]}],"loopBehavior":1,"name":"anim","property":"_matrix"}},
{"name":"LeftHandIndex1","index":15,"matrix":[0.9347,-0.3535,-0.0375,0,0.3548,0.9208,0.1619,0,-0.0227,-0.1646,0.9861,0,11.0606,-0.132,2.3806,1],"rest":[1,0,0,0,0,1,0,0,0,0,1,0,11.0606,-0.132,2.3806,1],"parentBoneIndex":10,"length":2.4579
,"animation":{"dataType":3,"framePerSecond":24,"keys":[
{"frame":1,"values":[0.9347,-0.3535,-0.0375,0,0.3548,0.9208,0.1619,0,-0.0227,-0.1646,0.9861,0,11.0606,-0.132,2.3806,1]},
{"frame":25,"values":[0.9347,-0.3535,-0.0375,0,0.3548,0.9208,0.1619,0,-0.0227,-0.1646,0.9861,0,11.0606,-0.132,2.3806,1]}],"loopBehavior":1,"name":"anim","property":"_matrix"}},
{"name":"LeftHandIndex2","index":16,"matrix":[0.878,-0.4761,-0.0502,0,0.4761,0.8793,-0.0123,0,0.05,-0.0131,0.9987,0,2.4579,0,0,1],"rest":[1,0,-0.0017,0,0,1,0,0,0.0017,0,1,0,2.4579,0,0,1],"parentBoneIndex":15,"length":3.0022
,"animation":{"dataType":3,"framePerSecond":24,"keys":[
{"frame":1,"values":[0.878,-0.4761,-0.0502,0,0.4761,0.8793,-0.0123,0,0.05,-0.0131,0.9987,0,2.4579,0,0,1]},
{"frame":25,"values":[0.878,-0.4761,-0.0502,0,0.4761,0.8793,-0.0123,0,0.05,-0.0131,0.9987,0,2.4579,0,0,1]}],"loopBehavior":1,"name":"anim","property":"_matrix"}},
{"name":"LeftHandIndex3","index":17,"matrix":[0.8816,-0.4696,-0.0473,0,0.4696,0.8828,-0.0112,0,0.047,-0.0124,0.9988,0,3.0022,0,0.005,1],"rest":[1,0.009,0.0017,0,-0.009,1,0,0,-0.0017,0,1,0,3.0022,0,0.005,1],"parentBoneIndex":16,"length":4.3809
,"animation":{"dataType":3,"framePerSecond":24,"keys":[
{"frame":1,"values":[0.8816,-0.4696,-0.0473,0,0.4696,0.8828,-0.0112,0,0.047,-0.0124,0.9988,0,3.0022,0,0.005,1]},
{"frame":25,"values":[0.8816,-0.4696,-0.0473,0,0.4696,0.8828,-0.0112,0,0.047,-0.0124,0.9988,0,3.0022,0,0.005,1]}],"loopBehavior":1,"name":"anim","property":"_matrix"}},
{"name":"LeftHandIndex4","index":18,"matrix":[1,0,0,0,0,1,0,0,0,0,1,0,4.3807,-0.0396,0,1],"rest":[1,0,0,0,0,1,0,0,0,0,1,0,4.3807,-0.0396,0,1],"parentBoneIndex":17,"length":4.3809
,"animation":{"dataType":3,"framePerSecond":24,"keys":[
{"frame":1,"values":[1,0,0,0,0,1,0,0,0,0,1,0,4.3807,-0.0396,0,1]},
{"frame":25,"values":[1,0,0,0,0,1,0,0,0,0,1,0,4.3807,-0.0396,0,1]}],"loopBehavior":1,"name":"anim","property":"_matrix"}},
{"name":"LeftHandMiddle1","index":19,"matrix":[0.9353,-0.3523,-0.0324,0,0.3524,0.9195,0.1744,0,-0.0316,-0.1745,0.9841,0,11.0246,0,0,1],"rest":[1,0,0,0,0,1,0,0,0,0,1,0,11.0246,0,0,1],"parentBoneIndex":10,"length":3.1154
,"animation":{"dataType":3,"framePerSecond":24,"keys":[
{"frame":1,"values":[0.9353,-0.3523,-0.0324,0,0.3524,0.9195,0.1744,0,-0.0316,-0.1745,0.9841,0,11.0246,0,0,1]},
{"frame":25,"values":[0.9353,-0.3523,-0.0324,0,0.3524,0.9195,0.1744,0,-0.0316,-0.1745,0.9841,0,11.0246,0,0,1]}],"loopBehavior":1,"name":"anim","property":"_matrix"}},
{"name":"LeftHandMiddle2","index":20,"matrix":[0.6955,-0.7148,-0.0728,0,0.7148,0.6986,-0.0307,0,0.0728,-0.0307,0.9969,0,3.1154,0,0,1],"rest":[1,0,0,0,0,1,0,0,0,0,1,0,3.1154,0,0,1],"parentBoneIndex":19,"length":2.9998
,"animation":{"dataType":3,"framePerSecond":24,"keys":[
{"frame":1,"values":[0.6955,-0.7148,-0.0728,0,0.7148,0.6986,-0.0307,0,0.0728,-0.0307,0.9969,0,3.1154,0,0,1]},
{"frame":25,"values":[0.6955,-0.7148,-0.0728,0,0.7148,0.6986,-0.0307,0,0.0728,-0.0307,0.9969,0,3.1154,0,0,1]}],"loopBehavior":1,"name":"anim","property":"_matrix"}},
{"name":"LeftHandMiddle3","index":21,"matrix":[0.7198,-0.6906,-0.0703,0,0.6906,0.7227,-0.0282,0,0.0703,-0.0282,0.9971,0,2.9998,0,0,1],"rest":[1,0,0,0,0,1,0,0,0,0,1,0,2.9998,0,0,1],"parentBoneIndex":20,"length":4.6445
,"animation":{"dataType":3,"framePerSecond":24,"keys":[
{"frame":1,"values":[0.7198,-0.6906,-0.0703,0,0.6906,0.7227,-0.0282,0,0.0703,-0.0282,0.9971,0,2.9998,0,0,1]},
{"frame":25,"values":[0.7198,-0.6906,-0.0703,0,0.6906,0.7227,-0.0282,0,0.0703,-0.0282,0.9971,0,2.9998,0,0,1]}],"loopBehavior":1,"name":"anim","property":"_matrix"}},
{"name":"LeftHandMiddle4","index":22,"matrix":[1,0,0,0,0,1,0,0,0,0,1,0,4.6445,0,0,1],"rest":[1,0,0,0,0,1,0,0,0,0,1,0,4.6445,0,0,1],"parentBoneIndex":21,"length":4.6445
,"animation":{"dataType":3,"framePerSecond":24,"keys":[
{"frame":1,"values":[1,0,0,0,0,1,0,0,0,0,1,0,4.6445,0,0,1]},
