{"producer":{"name":"Blender","version":"2.90.0","exporter_version":"2.80.1","file":"riffle_walkbackwards.babylon"},
"autoClear":true,"clearColor":[0.0509,0.0509,0.0509],"gravity":[0,-9.81,0],
"materials":[{"name":"Material","id":"Material","customType":"BABYLON.PBRMaterial","backFaceCulling":true,"checkReadyOnlyOnce":false,"maxSimultaneousLights":4,"environmentIntensity":1,"albedo":[0.8,0.8,0.8],"reflectivity":[0.5,0.5,0.5],"roughness":0.4,"alpha":1,"transparencyMode":0,"alphaCutOff":0.4,"metallic":0}],
"multiMaterials":[],
"skeletons":[{"name":"Armature","id":0,"dimensionsAtRest":[177.7018,230.6614,27.1405],"bones":[
{"name":"Hips","index":0,"matrix":[0.7827,0.0451,-0.6207,0,-0.0388,0.999,0.0237,0,-0.6211,-0.0055,-0.7837,0,-0.3194,96.77,0.1368,1],"rest":[1,0,0,0,0,1,0,0,0,0,-1,0,0,113.0334,0,1],"parentBoneIndex":-1,"length":12.9876
,"animation":{"dataType":3,"framePerSecond":24,"keys":[
{"frame":1,"values":[0.7827,0.0451,-0.6207,0,-0.0388,0.999,0.0237,0,-0.6211,-0.0055,-0.7837,0,-0.3194,96.77,0.1368,1]},
{"frame":2,"values":[0.8081,0.0487,-0.587,0,-0.0418,0.9988,0.0253,0,-0.5875,-0.0041,-0.8092,0,-0.1023,95.2668,1.8683,1]},
{"frame":3,"values":[0.8346,0.0549,-0.5482,0,-0.0478,0.9985,0.0272,0,-0.5488,-0.0035,-0.8359,0,0.3676,93.7638,3.6806,1]},
{"frame":4,"values":[0.8578,0.0623,-0.5103,0,-0.0554,0.9981,0.0287,0,-0.511,-0.0037,-0.8595,0,0.795,92.5807,3.9837,1]},
{"frame":5,"values":[0.8757,0.063,-0.4787,0,-0.0575,0.998,0.0263,0,-0.4794,-0.0045,-0.8776,0,1.2393,91.6824,4.3487,1]},
{"frame":6,"values":[0.8845,0.0682,-0.4616,0,-0.0633,0.9977,0.0262,0,-0.4623,-0.006,-0.8867,0,1.6468,91.6332,5.1356,1]},
{"frame":7,"values":[0.8865,0.0689,-0.4577,0,-0.0649,0.9976,0.0245,0,-0.4582,-0.008,-0.8888,0,2.2095,92.2915,6.2638,1]},
{"frame":8,"values":[0.8814,0.0691,-0.4673,0,-0.0663,0.9975,0.0223,0,-0.4676,-0.0113,-0.8838,0,2.7208,93.7097,7.3843,1]},
{"frame":9,"values":[0.8698,0.0711,-0.4883,0,-0.0697,0.9973,0.0209,0,-0.4885,-0.0158,-0.8724,0,3.1658,95.7227,7.2854,1]},
{"frame":10,"values":[0.8529,0.075,-0.5167,0,-0.0751,0.997,0.0207,0,-0.5167,-0.0212,-0.8559,0,3.4684,97.4494,6.1926,1]},
{"frame":11,"values":[0.8317,0.0775,-0.5499,0,-0.0796,0.9966,0.0202,0,-0.5496,-0.027,-0.835,0,3.5935,98.2801,4.8438,1]},
{"frame":12,"values":[0.8066,0.0753,-0.5863,0,-0.0803,0.9966,0.0175,0,-0.5856,-0.033,-0.8099,0,3.6335,98.0528,3.8561,1]},
{"frame":13,"values":[0.7788,0.072,-0.6232,0,-0.0805,0.9967,0.0145,0,-0.6221,-0.0388,-0.7819,0,3.4822,97.1302,3.4096,1]},
{"frame":14,"values":[0.7491,0.0658,-0.6591,0,-0.0786,0.9969,0.0102,0,-0.6577,-0.0441,-0.7519,0,3.0935,95.7027,3.2124,1]},
{"frame":15,"values":[0.7197,0.0577,-0.6919,0,-0.0754,0.9971,0.0048,0,-0.6902,-0.0487,-0.722,0,2.6249,94.1326,2.8897,1]},
{"frame":16,"values":[0.6938,0.0526,-0.7183,0,-0.0739,0.9973,0.0016,0,-0.7164,-0.052,-0.6958,0,2.1009,92.7943,2.239,1]},
{"frame":17,"values":[0.6728,0.0552,-0.7378,0,-0.0771,0.997,0.0042,0,-0.7358,-0.054,-0.675,0,1.5,93.0461,2.0313,1]},
{"frame":18,"values":[0.659,0.0532,-0.7502,0,-0.076,0.9971,0.0039,0,-0.7483,-0.0545,-0.6611,0,0.922,94.4838,2.169,1]},
{"frame":19,"values":[0.654,0.0526,-0.7547,0,-0.0747,0.9972,0.0048,0,-0.7528,-0.0532,-0.6561,0,0.3174,96.0957,3.2771,1]},
{"frame":20,"values":[0.6612,0.0549,-0.7482,0,-0.0733,0.9973,0.0083,0,-0.7466,-0.0493,-0.6634,0,-0.2889,97.3972,4.3944,1]},
{"frame":21,"values":[0.6792,0.0572,-0.7318,0,-0.0702,0.9975,0.0128,0,-0.7306,-0.0427,-0.6814,0,-0.7092,98.1152,4.1904,1]},
{"frame":22,"values":[0.7043,0.0539,-0.7079,0,-0.0621,0.998,0.0142,0,-0.7072,-0.0339,-0.7062,0,-0.7419,98.3967,3.0077,1]},
{"frame":23,"values":[0.7324,0.0483,-0.6792,0,-0.0519,0.9985,0.0151,0,-0.6789,-0.0242,-0.7338,0,-0.5973,98.3303,1.6654,1]},
{"frame":24,"values":[0.7597,0.0456,-0.6486,0,-0.044,0.9989,0.0186,0,-0.6488,-0.0144,-0.7609,0,-0.4264,97.8121,0.6529,1]},
{"frame":25,"values":[0.7827,0.0451,-0.6207,0,-0.0388,0.999,0.0237,0,-0.6211,-0.0055,-0.7837,0,-0.3194,96.7705,0.1368,1]}],"loopBehavior":1,"name":"anim","property":"_matrix"}},
{"name":"Spine","index":1,"matrix":[0.9917,0.0055,0.1288,0,-0.0227,0.9909,0.1329,0,-0.1269,-0.1347,0.9827,0,0,7.2445,0.6334,1],"rest":[1,0,0,0,0,1,0,0,0,0,1,0,0,7.2445,0.6334,1],"parentBoneIndex":0,"length":7.4267
,"animation":{"dataType":3,"framePerSecond":24,"keys":[
{"frame":1,"values":[0.9917,0.0055,0.1288,0,-0.0227,0.9909,0.1329,0,-0.1269,-0.1347,0.9827,0,0,7.2445,0.6334,1]},
{"frame":2,"values":[0.9904,-0.0014,0.1381,0,-0.0172,0.9909,0.1332,0,-0.137,-0.1343,0.9814,0,0,7.2445,0.6334,1]},
{"frame":3,"values":[0.9888,-0.016,0.1483,0,-0.0035,0.9915,0.1303,0,-0.1491,-0.1294,0.9803,0,0,7.2445,0.6334,1]},
{"frame":4,"values":[0.987,-0.0337,0.1572,0,0.0139,0.9921,0.125,0,-0.1602,-0.1212,0.9796,0,0,7.2445,0.6334,1]},
{"frame":5,"values":[0.9855,-0.0451,0.1634,0,0.0254,0.9924,0.1206,0,-0.1676,-0.1147,0.9792,0,0,7.2445,0.6334,1]},
{"frame":6,"values":[0.9847,-0.0593,0.1639,0,0.0402,0.9923,0.1174,0,-0.1696,-0.109,0.9795,0,0,7.2445,0.6334,1]},
{"frame":7,"values":[0.9844,-0.0669,0.1628,0,0.0473,0.9915,0.1213,0,-0.1695,-0.1117,0.9792,0,0,7.2445,0.6334,1]},
{"frame":8,"values":[0.9853,-0.0687,0.1562,0,0.0486,0.9904,0.1294,0,-0.1636,-0.1199,0.9792,0,0,7.2445,0.6334,1]},
{"frame":9,"values":[0.9874,-0.0667,0.1438,0,0.0471,0.9896,0.1356,0,-0.1514,-0.1271,0.9803,0,0,7.2445,0.6334,1]},
{"frame":10,"values":[0.9892,-0.0695,0.1292,0,0.052,0.9896,0.1343,0,-0.1372,-0.1261,0.9825,0,0,7.2445,0.6334,1]},
{"frame":11,"values":[0.9908,-0.0743,0.1131,0,0.06,0.9904,0.1244,0,-0.1213,-0.1164,0.9858,0,0,7.2445,0.6334,1]},
{"frame":12,"values":[0.9929,-0.0697,0.0963,0,0.0591,0.9923,0.1092,0,-0.1032,-0.1027,0.9893,0,0,7.2445,0.6334,1]},
{"frame":13,"values":[0.995,-0.0615,0.0787,0,0.0542,0.9942,0.0926,0,-0.0839,-0.0879,0.9926,0,0,7.2445,0.6334,1]},
{"frame":14,"values":[0.9968,-0.0528,0.0597,0,0.0483,0.996,0.0751,0,-0.0635,-0.072,0.9954,0,0,7.2445,0.6334,1]},
{"frame":15,"values":[0.9984,-0.0393,0.0413,0,0.0368,0.9975,0.0609,0,-0.0436,-0.0593,0.9973,0,0,7.2445,0.6334,1]},
{"frame":16,"values":[0.9993,-0.0278,0.0261,0,0.0263,0.9982,0.054,0,-0.0276,-0.0533,0.9982,0,0,7.2445,0.6334,1]},
{"frame":17,"values":[0.9996,-0.025,0.0138,0,0.0242,0.9981,0.0561,0,-0.0152,-0.0558,0.9983,0,0,7.2445,0.6334,1]},
{"frame":18,"values":[0.9998,-0.0186,0.0057,0,0.0182,0.9978,0.0638,0,-0.0069,-0.0636,0.9979,0,0,7.2445,0.6334,1]},
{"frame":19,"values":[0.9998,-0.0178,0.0039,0,0.0175,0.9973,0.0711,0,-0.0051,-0.071,0.9975,0,0,7.2445,0.6334,1]},
{"frame":20,"values":[0.9997,-0.0213,0.0128,0,0.0202,0.9968,0.0771,0,-0.0144,-0.0768,0.9969,0,0,7.2445,0.6334,1]},
{"frame":21,"values":[0.9993,-0.0208,0.0305,0,0.0182,0.9961,0.086,0,-0.0322,-0.0854,0.9958,0,0,7.2445,0.6334,1]},
{"frame":22,"values":[0.9985,-0.0114,0.0538,0,0.0061,0.9951,0.0989,0,-0.0547,-0.0984,0.9936,0,0,7.2445,0.6334,1]},
{"frame":23,"values":[0.9968,-0.0007,0.08,0,-0.0083,0.9936,0.1123,0,-0.0796,-0.1126,0.9904,0,0,7.2445,0.6334,1]},
{"frame":24,"values":[0.9943,0.007,0.1064,0,-0.0204,0.9919,0.1257,0,-0.1046,-0.1272,0.9863,0,0,7.2445,0.6334,1]},
{"frame":25,"values":[0.9917,0.0054,0.1288,0,-0.0226,0.9909,0.1328,0,-0.1269,-0.1346,0.9827,0,0,7.2445,0.6334,1]}],"loopBehavior":1,"name":"anim","property":"_matrix"}},
{"name":"Spine1","index":2,"matrix":[0.9932,0.088,-0.0763,0,-0.0732,0.9812,0.1787,0,0.0906,-0.1719,0.9809,0,0,7.425,0.1598,1],"rest":[1,0,0,0,0,1,0,0,0,0,1,0,0,7.425,0.1598,1],"parentBoneIndex":1,"length":8.6299
,"animation":{"dataType":3,"framePerSecond":24,"keys":[
{"frame":1,"values":[0.9932,0.088,-0.0763,0,-0.0732,0.9812,0.1787,0,0.0906,-0.1719,0.9809,0,0,7.425,0.1598,1]},
{"frame":2,"values":[0.9932,0.0877,-0.0762,0,-0.073,0.9813,0.1781,0,0.0904,-0.1713,0.9811,0,0,7.425,0.1598,1]},
{"frame":3,"values":[0.9931,0.0889,-0.0759,0,-0.0744,0.9815,0.1766,0,0.0902,-0.1697,0.9814,0,0,7.425,0.1598,1]},
{"frame":4,"values":[0.9931,0.0897,-0.0757,0,-0.0753,0.9816,0.1754,0,0.09,-0.1685,0.9816,0,0,7.425,0.1598,1]},
{"frame":5,"values":[0.993,0.0905,-0.076,0,-0.0761,0.9818,0.1737,0,0.0904,-0.1667,0.9819,0,0,7.425,0.1598,1]},
{"frame":6,"values":[0.993,0.0906,-0.0759,0,-0.0764,0.982,0.173,0,0.0902,-0.166,0.982,0,0,7.425,0.1598,1]},
{"frame":7,"values":[0.993,0.0907,-0.0754,0,-0.0765,0.982,0.1727,0,0.0897,-0.1658,0.9821,0,0,7.425,0.1598,1]},
{"frame":8,"values":[0.993,0.0905,-0.0759,0,-0.0762,0.9819,0.1734,0,0.0902,-0.1664,0.9819,0,0,7.425,0.1598,1]},
{"frame":9,"values":[0.9929,0.0907,-0.077,0,-0.0761,0.9817,0.1747,0,0.0914,-0.1676,0.9816,0,0,7.425,0.1598,1]},
{"frame":10,"values":[0.9924,0.0955,-0.0771,0,-0.0805,0.9806,0.1787,0,0.0926,-0.1711,0.9809,0,0,7.425,0.1598,1]},
{"frame":11,"values":[0.9916,0.1041,-0.0763,0,-0.0884,0.9786,0.1858,0,0.094,-0.1775,0.9796,0,0,7.425,0.1598,1]},
{"frame":12,"values":[0.9909,0.111,-0.0757,0,-0.0947,0.9767,0.1925,0,0.0953,-0.1836,0.9784,0,0,7.425,0.1598,1]},
{"frame":13,"values":[0.9904,0.1156,-0.0759,0,-0.0986,0.9751,0.1985,0,0.097,-0.1892,0.9771,0,0,7.425,0.1598,1]},
{"frame":14,"values":[0.9899,0.1188,-0.0769,0,-0.1011,0.9738,0.2038,0,0.0991,-0.194,0.976,0,0,7.425,0.1598,1]},
{"frame":15,"values":[0.99,0.1174,-0.0783,0,-0.0992,0.9737,0.2049,0,0.1003,-0.1951,0.9756,0,0,7.425,0.1598,1]},
{"frame":16,"values":[0.9905,0.1119,-0.0796,0,-0.0939,0.9749,0.2018,0,0.1001,-0.1924,0.9762,0,0,7.425,0.1598,1]},
{"frame":17,"values":[0.9913,0.1027,-0.0823,0,-0.085,0.9772,0.1948,0,0.1004,-0.1861,0.9774,0,0,7.425,0.1598,1]},
{"frame":18,"values":[0.9921,0.0924,-0.0845,0,-0.0755,0.9798,0.1854,0,0.0999,-0.1776,0.979,0,0,7.425,0.1598,1]},
{"frame":19,"values":[0.9925,0.0869,-0.0857,0,-0.0704,0.9813,0.179,0,0.0997,-0.1716,0.9801,0,0,7.425,0.1598,1]},
{"frame":20,"values":[0.9927,0.085,-0.0854,0,-0.0687,0.9816,0.1779,0,0.0989,-0.1708,0.9803,0,0,7.425,0.1598,1]},
{"frame":21,"values":[0.9929,0.0847,-0.0838,0,-0.0688,0.9817,0.1777,0,0.0973,-0.1707,0.9805,0,0,7.425,0.1598,1]},
{"frame":22,"values":[0.9929,0.0862,-0.0816,0,-0.0705,0.9814,0.1783,0,0.0955,-0.1713,0.9806,0,0,7.425,0.1598,1]},
{"frame":23,"values":[0.9929,0.0882,-0.0797,0,-0.0729,0.9812,0.1787,0,0.0939,-0.1717,0.9807,0,0,7.425,0.1598,1]},
{"frame":24,"values":[0.9931,0.0879,-0.0781,0,-0.0728,0.9812,0.1785,0,0.0924,-0.1716,0.9808,0,0,7.425,0.1598,1]},
{"frame":25,"values":[0.9932,0.0881,-0.0762,0,-0.0733,0.9812,0.1788,0,0.0905,-0.172,0.9809,0,0,7.425,0.1598,1]}],"loopBehavior":1,"name":"anim","property":"_matrix"}},
{"name":"Spine2","index":3,"matrix":[0.9918,0.0931,-0.088,0,-0.0774,0.9829,0.1673,0,0.1021,-0.1591,0.982,0,0,8.6226,-0.3542,1],"rest":[1,0,0,0,0,1,0,0,0,0,1,0,0,8.6226,-0.3542,1],"parentBoneIndex":2,"length":20.7438
,"animation":{"dataType":3,"framePerSecond":24,"keys":[
{"frame":1,"values":[0.9918,0.0931,-0.088,0,-0.0774,0.9829,0.1673,0,0.1021,-0.1591,0.982,0,0,8.6226,-0.3542,1]},
{"frame":2,"values":[0.9918,0.0928,-0.088,0,-0.0772,0.983,0.1667,0,0.1019,-0.1585,0.9821,0,0,8.6226,-0.3542,1]},
{"frame":3,"values":[0.9917,0.0938,-0.0881,0,-0.0783,0.9832,0.1651,0,0.1021,-0.1568,0.9823,0,0,8.6226,-0.3542,1]},
{"frame":4,"values":[0.9916,0.0944,-0.0882,0,-0.079,0.9833,0.1639,0,0.1022,-0.1556,0.9825,0,0,8.6226,-0.3542,1]},
{"frame":5,"values":[0.9915,0.0949,-0.0889,0,-0.0796,0.9835,0.1623,0,0.1028,-0.1539,0.9827,0,0,8.6226,-0.3542,1]},
{"frame":6,"values":[0.9915,0.095,-0.0889,0,-0.0798,0.9836,0.1615,0,0.1028,-0.1531,0.9829,0,0,8.6226,-0.3542,1]},
{"frame":7,"values":[0.9915,0.095,-0.0884,0,-0.0798,0.9837,0.1613,0,0.1023,-0.1528,0.9829,0,0,8.6226,-0.3542,1]},
{"frame":8,"values":[0.9915,0.0948,-0.0889,0,-0.0795,0.9836,0.1619,0,0.1028,-0.1534,0.9828,0,0,8.6226,-0.3542,1]},
{"frame":9,"values":[0.9914,0.0952,-0.0899,0,-0.0796,0.9834,0.1632,0,0.1039,-0.1546,0.9825,0,0,8.6226,-0.3542,1]},
{"frame":10,"values":[0.9908,0.1003,-0.0905,0,-0.0842,0.9824,0.1669,0,0.1056,-0.1577,0.9818,0,0,8.6226,-0.3542,1]},
{"frame":11,"values":[0.9899,0.1094,-0.0905,0,-0.0925,0.9805,0.1735,0,0.1077,-0.1633,0.9807,0,0,8.6226,-0.3542,1]},
{"frame":12,"values":[0.989,0.1169,-0.0904,0,-0.0993,0.9787,0.1798,0,0.1095,-0.1688,0.9795,0,0,8.6226,-0.3542,1]},
{"frame":13,"values":[0.9884,0.122,-0.0908,0,-0.1036,0.9772,0.1855,0,0.1114,-0.174,0.9784,0,0,8.6226,-0.3542,1]},
{"frame":14,"values":[0.9878,0.1257,-0.0919,0,-0.1064,0.9759,0.1906,0,0.1136,-0.1785,0.9774,0,0,8.6226,-0.3542,1]},
{"frame":15,"values":[0.9879,0.1244,-0.0928,0,-0.1048,0.9758,0.1918,0,0.1144,-0.1798,0.977,0,0,8.6226,-0.3542,1]},
{"frame":16,"values":[0.9885,0.1187,-0.0932,0,-0.0994,0.9769,0.1891,0,0.1135,-0.1777,0.9775,0,0,8.6226,-0.3542,1]},
{"frame":17,"values":[0.9895,0.1089,-0.0951,0,-0.0902,0.979,0.1828,0,0.113,-0.1723,0.9786,0,0,8.6226,-0.3542,1]},
{"frame":18,"values":[0.9905,0.0979,-0.0963,0,-0.0801,0.9815,0.1741,0,0.1116,-0.1647,0.98,0,0,8.6226,-0.3542,1]},
{"frame":19,"values":[0.991,0.0918,-0.0972,0,-0.0746,0.983,0.168,0,0.111,-0.1592,0.981,0,0,8.6226,-0.3542,1]},
{"frame":20,"values":[0.9913,0.0898,-0.0966,0,-0.0728,0.9832,0.1671,0,0.11,-0.1586,0.9812,0,0,8.6226,-0.3542,1]},
{"frame":21,"values":[0.9914,0.0896,-0.095,0,-0.0729,0.9833,0.1668,0,0.1084,-0.1585,0.9814,0,0,8.6226,-0.3542,1]},
{"frame":22,"values":[0.9915,0.0911,-0.0931,0,-0.0746,0.9831,0.1672,0,0.1067,-0.1588,0.9815,0,0,8.6226,-0.3542,1]},
{"frame":23,"values":[0.9914,0.0933,-0.0914,0,-0.077,0.9829,0.1675,0,0.1055,-0.159,0.9816,0,0,8.6226,-0.3542,1]},
{"frame":24,"values":[0.9916,0.093,-0.0899,0,-0.077,0.9829,0.1672,0,0.1039,-0.1588,0.9818,0,0,8.6226,-0.3542,1]},
{"frame":25,"values":[0.9918,0.0932,-0.088,0,-0.0775,0.9828,0.1674,0,0.102,-0.1592,0.982,0,0,8.6226,-0.3542,1]}],"loopBehavior":1,"name":"anim","property":"_matrix"}},
{"name":"Neck","index":4,"matrix":[0.9999,0.008,-0.0063,0,-0.0084,0.9974,-0.0714,0,0.0057,0.0714,0.9974,0,0,23.6053,-4.5263,1],"rest":[1,0,0,0,0,1,0,0,0,0,1,0,0,23.6053,-4.5263,1],"parentBoneIndex":3,"length":10.3542
,"animation":{"dataType":3,"framePerSecond":24,"keys":[
{"frame":1,"values":[0.9999,0.008,-0.0063,0,-0.0084,0.9974,-0.0714,0,0.0057,0.0714,0.9974,0,0,23.6053,-4.5263,1]},
{"frame":2,"values":[1,0.0084,0.0004,0,-0.0083,0.998,-0.063,0,-0.0009,0.063,0.998,0,0,23.6053,-4.5263,1]},
{"frame":3,"values":[0.9999,0.0086,0.0078,0,-0.0082,0.9985,-0.0545,0,-0.0082,0.0545,0.9985,0,0,23.6053,-4.5263,1]},
{"frame":4,"values":[0.9998,0.0087,0.0153,0,-0.0079,0.9988,-0.0484,0,-0.0157,0.0482,0.9987,0,0,23.6053,-4.5263,1]},
{"frame":5,"values":[0.9997,0.0088,0.0221,0,-0.0077,0.9989,-0.0466,0,-0.0225,0.0464,0.9987,0,0,23.6053,-4.5263,1]},
{"frame":6,"values":[0.9996,0.009,0.0275,0,-0.0076,0.9988,-0.0492,0,-0.0279,0.049,0.9984,0,0,23.6053,-4.5263,1]},
{"frame":7,"values":[0.9995,0.0093,0.0294,0,-0.0077,0.9985,-0.0533,0,-0.0298,0.0531,0.9981,0,0,23.6053,-4.5263,1]},
{"frame":8,"values":[0.9996,0.0094,0.0272,0,-0.0078,0.9983,-0.0581,0,-0.0277,0.0578,0.9979,0,0,23.6053,-4.5263,1]},
{"frame":9,"values":[0.9997,0.0095,0.0238,0,-0.008,0.998,-0.0628,0,-0.0243,0.0625,0.9977,0,0,23.6053,-4.5263,1]},
{"frame":10,"values":[0.9998,0.0094,0.0192,0,-0.0081,0.9977,-0.0669,0,-0.0198,0.0668,0.9976,0,0,23.6053,-4.5263,1]},
{"frame":11,"values":[0.9999,0.0092,0.0138,0,-0.0082,0.9975,-0.0702,0,-0.0144,0.0701,0.9974,0,0,23.6053,-4.5263,1]},
{"frame":12,"values":[0.9999,0.0089,0.0079,0,-0.0083,0.9974,-0.0721,0,-0.0085,0.072,0.9974,0,0,23.6053,-4.5263,1]},
{"frame":13,"values":[1,0.0085,0.0017,0,-0.0083,0.9974,-0.0721,0,-0.0023,0.0721,0.9974,0,0,23.6053,-4.5263,1]},
{"frame":14,"values":[1,0.0081,-0.0046,0,-0.0084,0.9976,-0.0686,0,0.004,0.0686,0.9976,0,0,23.6053,-4.5263,1]},
{"frame":15,"values":[0.9999,0.0079,-0.0106,0,-0.0086,0.998,-0.0628,0,0.01,0.0628,0.998,0,0,23.6053,-4.5263,1]},
{"frame":16,"values":[0.9998,0.0079,-0.016,0,-0.0088,0.9983,-0.0568,0,0.0155,0.0569,0.9983,0,0,23.6053,-4.5263,1]},
{"frame":17,"values":[0.9998,0.0079,-0.0208,0,-0.009,0.9986,-0.0528,0,0.0204,0.0529,0.9984,0,0,23.6053,-4.5263,1]},
{"frame":18,"values":[0.9997,0.0079,-0.0249,0,-0.0092,0.9986,-0.0512,0,0.0244,0.0514,0.9984,0,0,23.6053,-4.5263,1]},
{"frame":19,"values":[0.9996,0.0078,-0.0281,0,-0.0092,0.9986,-0.0524,0,0.0277,0.0526,0.9982,0,0,23.6053,-4.5263,1]},
{"frame":20,"values":[0.9996,0.0076,-0.0273,0,-0.0091,0.9984,-0.0553,0,0.0268,0.0555,0.9981,0,0,23.6053,-4.5263,1]},
{"frame":21,"values":[0.9997,0.0075,-0.0242,0,-0.0089,0.9982,-0.0586,0,0.0237,0.0588,0.998,0,0,23.6053,-4.5263,1]},
{"frame":22,"values":[0.9998,0.0075,-0.0203,0,-0.0088,0.9981,-0.0617,0,0.0198,0.0619,0.9979,0,0,23.6053,-4.5263,1]},
{"frame":23,"values":[0.9998,0.0076,-0.016,0,-0.0086,0.9979,-0.0649,0,0.0154,0.065,0.9978,0,0,23.6053,-4.5263,1]},
{"frame":24,"values":[0.9999,0.0077,-0.0112,0,-0.0085,0.9976,-0.0681,0,0.0107,0.0682,0.9976,0,0,23.6053,-4.5263,1]},
{"frame":25,"values":[0.9999,0.008,-0.0063,0,-0.0084,0.9974,-0.0714,0,0.0057,0.0714,0.9974,0,0,23.6053,-4.5263,1]}],"loopBehavior":1,"name":"anim","property":"_matrix"}},
{"name":"Head","index":5,"matrix":[0.8999,-0.2886,-0.327,0,0.2719,0.9575,-0.0965,0,0.3409,-0.0021,0.9401,0,0,9.9955,2.7017,1],"rest":[1,0,0,0,0,1,0,0,0,0,1,0,0,9.9955,2.7017,1],"parentBoneIndex":4,"length":31.4272
,"animation":{"dataType":3,"framePerSecond":24,"keys":[
{"frame":1,"values":[0.8999,-0.2886,-0.327,0,0.2719,0.9575,-0.0965,0,0.3409,-0.0021,0.9401,0,0,9.9955,2.7017,1]},
{"frame":2,"values":[0.9081,-0.2834,-0.3084,0,0.2665,0.959,-0.0966,0,0.3231,0.0056,0.9463,0,0,9.9955,2.7017,1]},
{"frame":3,"values":[0.9193,-0.2754,-0.2811,0,0.2566,0.9611,-0.1024,0,0.2984,0.022,0.9542,0,0,9.9955,2.7017,1]},
{"frame":4,"values":[0.9298,-0.2631,-0.2574,0,0.2448,0.9643,-0.1012,0,0.2749,0.0311,0.961,0,0,9.9955,2.7017,1]},
{"frame":5,"values":[0.9382,-0.2493,-0.24,0,0.2329,0.9679,-0.0948,0,0.2559,0.033,0.9661,0,0,9.9955,2.7017,1]},
{"frame":6,"values":[0.9437,-0.2374,-0.2303,0,0.2229,0.9709,-0.0872,0,0.2443,0.031,0.9692,0,0,9.9955,2.7017,1]},
{"frame":7,"values":[0.9463,-0.2299,-0.2273,0,0.2154,0.9727,-0.0868,0,0.241,0.0332,0.97,0,0,9.9955,2.7017,1]},
{"frame":8,"values":[0.9457,-0.229,-0.2307,0,0.2128,0.9727,-0.0928,0,0.2456,0.0387,0.9686,0,0,9.9955,2.7017,1]},
{"frame":9,"values":[0.9428,-0.2352,-0.2362,0,0.217,0.971,-0.1007,0,0.253,0.0437,0.9665,0,0,9.9955,2.7017,1]},
{"frame":10,"values":[0.9374,-0.2478,-0.2449,0,0.2274,0.9677,-0.1085,0,0.2639,0.046,0.9635,0,0,9.9955,2.7017,1]},
{"frame":11,"values":[0.9299,-0.2639,-0.2561,0,0.2416,0.9635,-0.1152,0,0.2771,0.0453,0.9598,0,0,9.9955,2.7017,1]},
{"frame":12,"values":[0.9212,-0.2815,-0.2685,0,0.2579,0.9587,-0.1201,0,0.2912,0.0414,0.9558,0,0,9.9955,2.7017,1]},
{"frame":13,"values":[0.9121,-0.2977,-0.2818,0,0.2733,0.954,-0.1231,0,0.3055,0.0353,0.9515,0,0,9.9955,2.7017,1]},
{"frame":14,"values":[0.904,-0.3095,-0.295,0,0.2845,0.9505,-0.1252,0,0.3191,0.0292,0.9473,0,0,9.9955,2.7017,1]},
{"frame":15,"values":[0.8978,-0.315,-0.3078,0,0.2905,0.9489,-0.1236,0,0.331,0.0216,0.9434,0,0,9.9955,2.7017,1]},
{"frame":16,"values":[0.8951,-0.3131,-0.3175,0,0.29,0.9496,-0.1188,0,0.3387,0.0142,0.9408,0,0,9.9955,2.7017,1]},
{"frame":17,"values":[0.8953,-0.304,-0.3257,0,0.2831,0.9526,-0.1111,0,0.3441,0.0073,0.9389,0,0,9.9955,2.7017,1]},
{"frame":18,"values":[0.8967,-0.2915,-0.3329,0,0.2731,0.9566,-0.1021,0,0.3482,0.0006,0.9374,0,0,9.9955,2.7017,1]},
{"frame":19,"values":[0.898,-0.2806,-0.339,0,0.2636,0.9598,-0.0962,0,0.3524,-0.003,0.9358,0,0,9.9955,2.7017,1]},
{"frame":20,"values":[0.8986,-0.2741,-0.3426,0,0.2584,0.9617,-0.0917,0,0.3546,-0.0061,0.935,0,0,9.9955,2.7017,1]},
{"frame":21,"values":[0.8982,-0.274,-0.3437,0,0.2597,0.9617,-0.0878,0,0.3546,-0.0104,0.935,0,0,9.9955,2.7017,1]},
{"frame":22,"values":[0.8972,-0.2784,-0.3427,0,0.2657,0.9603,-0.0845,0,0.3526,-0.0153,0.9356,0,0,9.9955,2.7017,1]},
{"frame":23,"values":[0.8962,-0.2839,-0.341,0,0.2719,0.9587,-0.0835,0,0.3506,-0.0179,0.9363,0,0,9.9955,2.7017,1]},
{"frame":24,"values":[0.8965,-0.2878,-0.3369,0,0.2747,0.9576,-0.0869,0,0.3476,-0.0147,0.9375,0,0,9.9955,2.7017,1]},
{"frame":25,"values":[0.8999,-0.2886,-0.327,0,0.272,0.9575,-0.0965,0,0.3409,-0.0021,0.9401,0,0,9.9955,2.7017,1]}],"loopBehavior":1,"name":"anim","property":"_matrix"}},
{"name":"HeadTop_End","index":6,"matrix":[1,0,0,0,0,1,0,0,0,0,1,0,0,31.2072,3.7118,1],"rest":[1,0,0,0,0,1,0,0,0,0,1,0,0,31.2072,3.7118,1],"parentBoneIndex":5,"length":31.4272
,"animation":{"dataType":3,"framePerSecond":24,"keys":[
{"frame":1,"values":[1,0,0,0,0,1,0,0,0,0,1,0,0,31.2072,3.7118,1]},
{"frame":25,"values":[1,0,0,0,0,1,0,0,0,0,1,0,0,31.2072,3.7118,1]}],"loopBehavior":1,"name":"anim","property":"_matrix"}},
{"name":"LeftShoulder","index":7,"matrix":[0.8947,-0.0829,0.4389,0,0.0948,0.9955,-0.0053,0,-0.4365,0.0463,0.8985,0,6.1723,17.8795,-2.6384,1],"rest":[1,-0.0039,0,0,0.0039,1,0,0,0,0,1,0,6.1723,17.8795,-2.6384,1],"parentBoneIndex":3,"length":6.4566
,"animation":{"dataType":3,"framePerSecond":24,"keys":[
{"frame":1,"values":[0.8947,-0.0829,0.4389,0,0.0948,0.9955,-0.0053,0,-0.4365,0.0463,0.8985,0,6.1723,17.8795,-2.6384,1]},
{"frame":2,"values":[0.8833,-0.0873,0.4606,0,0.0928,0.9956,0.0107,0,-0.4595,0.0334,0.8875,0,6.1723,17.8795,-2.6384,1]},
{"frame":3,"values":[0.8695,-0.0919,0.4853,0,0.0896,0.9956,0.028,0,-0.4858,0.0191,0.8739,0,6.1723,17.8795,-2.6384,1]},
{"frame":4,"values":[0.8556,-0.0956,0.5088,0,0.0858,0.9954,0.0427,0,-0.5105,0.0071,0.8598,0,6.1723,17.8795,-2.6384,1]},
{"frame":5,"values":[0.844,-0.0975,0.5275,0,0.0828,0.9952,0.0515,0,-0.53,0.0002,0.848,0,6.1723,17.8795,-2.6384,1]},
{"frame":6,"values":[0.8379,-0.0968,0.5372,0,0.0824,0.9953,0.0509,0,-0.5396,0.0016,0.8419,0,6.1723,17.8795,-2.6384,1]},
{"frame":7,"values":[0.838,-0.0952,0.5374,0,0.0832,0.9954,0.0466,0,-0.5394,0.0057,0.8421,0,6.1723,17.8795,-2.6384,1]},
{"frame":8,"values":[0.8437,-0.0938,0.5286,0,0.0847,0.9955,0.0414,0,-0.5301,0.0099,0.8479,0,6.1723,17.8795,-2.6384,1]},
{"frame":9,"values":[0.8531,-0.0923,0.5135,0,0.0866,0.9956,0.035,0,-0.5145,0.0146,0.8574,0,6.1723,17.8795,-2.6384,1]},
{"frame":10,"values":[0.8653,-0.0905,0.493,0,0.0885,0.9957,0.0275,0,-0.4934,0.0198,0.8696,0,6.1723,17.8795,-2.6384,1]},
{"frame":11,"values":[0.8791,-0.0885,0.4683,0,0.0901,0.9958,0.019,0,-0.468,0.0255,0.8834,0,6.1723,17.8795,-2.6384,1]},
{"frame":12,"values":[0.8937,-0.0861,0.4403,0,0.0912,0.9958,0.0097,0,-0.4393,0.0314,0.8978,0,6.1723,17.8795,-2.6384,1]},
{"frame":13,"values":[0.908,-0.0835,0.4105,0,0.0916,0.9958,0,0,-0.4088,0.0376,0.9118,0,6.1723,17.8795,-2.6384,1]},
{"frame":14,"values":[0.9213,-0.0809,0.3803,0,0.0915,0.9958,-0.0099,0,-0.3778,0.044,0.9248,0,6.1723,17.8795,-2.6384,1]},
{"frame":15,"values":[0.9331,-0.0784,0.3508,0,0.0911,0.9957,-0.0196,0,-0.3478,0.0502,0.9362,0,6.1723,17.8795,-2.6384,1]},
{"frame":16,"values":[0.943,-0.0765,0.3238,0,0.0906,0.9955,-0.0285,0,-0.3202,0.0562,0.9457,0,6.1723,17.8795,-2.6384,1]},
{"frame":17,"values":[0.9506,-0.0755,0.3009,0,0.0906,0.9952,-0.0363,0,-0.2968,0.0617,0.953,0,6.1723,17.8795,-2.6384,1]},
{"frame":18,"values":[0.9552,-0.0758,0.2863,0,0.0912,0.995,-0.041,0,-0.2817,0.0653,0.9573,0,6.1723,17.8795,-2.6384,1]},
{"frame":19,"values":[0.9567,-0.077,0.2807,0,0.0927,0.9948,-0.043,0,-0.2759,0.0671,0.9588,0,6.1723,17.8795,-2.6384,1]},
{"frame":20,"values":[0.9543,-0.0789,0.2881,0,0.0948,0.9946,-0.0415,0,-0.2833,0.0669,0.9567,0,6.1723,17.8795,-2.6384,1]},
{"frame":21,"values":[0.9476,-0.0808,0.309,0,0.0967,0.9946,-0.0365,0,-0.3044,0.0645,0.9504,0,6.1723,17.8795,-2.6384,1]},
{"frame":22,"values":[0.9369,-0.0823,0.3398,0,0.0979,0.9948,-0.029,0,-0.3356,0.0605,0.9401,0,6.1723,17.8795,-2.6384,1]},
{"frame":23,"values":[0.9234,-0.0832,0.3746,0,0.098,0.995,-0.0206,0,-0.371,0.0557,0.927,0,6.1723,17.8795,-2.6384,1]},
{"frame":24,"values":[0.9087,-0.0833,0.4091,0,0.0967,0.9952,-0.0123,0,-0.4061,0.0507,0.9124,0,6.1723,17.8795,-2.6384,1]},
{"frame":25,"values":[0.8947,-0.0829,0.4389,0,0.0948,0.9955,-0.0053,0,-0.4365,0.0463,0.8985,0,6.1723,17.8795,-2.6384,1]}],"loopBehavior":1,"name":"anim","property":"_matrix"}},
{"name":"LeftArm","index":8,"matrix":[0.5731,-0.6297,0.5245,0,0.8108,0.3428,-0.4744,0,0.119,0.6971,0.707,0,6.0747,-1.0059,-1.9427,1],"rest":[0.9995,0.0084,0.0302,0,-0.0084,1,-0.0001,0,-0.0302,-0.0002,0.9995,0,6.0747,-1.0059,-1.9427,1],"parentBoneIndex":7,"length":27.2639
,"animation":{"dataType":3,"framePerSecond":24,"keys":[
{"frame":1,"values":[0.5731,-0.6297,0.5245,0,0.8108,0.3428,-0.4744,0,0.119,0.6971,0.707,0,6.0747,-1.0059,-1.9427,1]},
{"frame":2,"values":[0.5939,-0.5955,0.5409,0,0.7998,0.3647,-0.4767,0,0.0866,0.7158,0.693,0,6.0747,-1.0059,-1.9427,1]},
{"frame":3,"values":[0.6229,-0.5532,0.5532,0,0.7807,0.3936,-0.4854,0,0.0508,0.7342,0.677,0,6.0747,-1.0059,-1.9427,1]},
{"frame":4,"values":[0.6454,-0.5161,0.5632,0,0.7638,0.424,-0.4866,0,0.0124,0.7442,0.6679,0,6.0747,-1.0059,-1.9427,1]},
{"frame":5,"values":[0.668,-0.4859,0.5636,0,0.744,0.4494,-0.4944,0,-0.0131,0.7496,0.6618,0,6.0747,-1.0059,-1.9427,1]},
{"frame":6,"values":[0.6861,-0.4625,0.5616,0,0.7269,0.4689,-0.5018,0,-0.0313,0.7525,0.6578,0,6.0747,-1.0059,-1.9427,1]},
{"frame":7,"values":[0.6971,-0.4451,0.562,0,0.7157,0.479,-0.5084,0,-0.0429,0.7566,0.6524,0,6.0747,-1.0059,-1.9427,1]},
{"frame":8,"values":[0.6952,-0.4367,0.571,0,0.7167,0.4829,-0.5032,0,-0.0561,0.759,0.6487,0,6.0747,-1.0059,-1.9427,1]},
{"frame":9,"values":[0.6831,-0.4422,0.5813,0,0.7278,0.4793,-0.4906,0,-0.0617,0.7581,0.6492,0,6.0747,-1.0059,-1.9427,1]},
{"frame":10,"values":[0.6645,-0.4526,0.5947,0,0.7446,0.4691,-0.4749,0,-0.064,0.7583,0.6487,0,6.0747,-1.0059,-1.9427,1]},
{"frame":11,"values":[0.6415,-0.4618,0.6126,0,0.7641,0.4556,-0.4567,0,-0.0682,0.761,0.6451,0,6.0747,-1.0059,-1.9427,1]},
{"frame":12,"values":[0.6183,-0.4752,0.626,0,0.7833,0.4381,-0.4411,0,-0.0647,0.763,0.6431,0,6.0747,-1.0059,-1.9427,1]},
{"frame":13,"values":[0.5893,-0.5009,0.6339,0,0.8059,0.4195,-0.4177,0,-0.0567,0.7571,0.6509,0,6.0747,-1.0059,-1.9427,1]},
{"frame":14,"values":[0.5612,-0.5287,0.6368,0,0.8264,0.4008,-0.3955,0,-0.0461,0.7482,0.6618,0,6.0747,-1.0059,-1.9427,1]},
{"frame":15,"values":[0.5387,-0.5553,0.6337,0,0.8419,0.3831,-0.38,0,-0.0317,0.7382,0.6738,0,6.0747,-1.0059,-1.9427,1]},
{"frame":16,"values":[0.5179,-0.58,0.6288,0,0.8552,0.3698,-0.3632,0,-0.0219,0.7258,0.6875,0,6.0747,-1.0059,-1.9427,1]},
{"frame":17,"values":[0.4992,-0.6025,0.6228,0,0.8664,0.3596,-0.3465,0,-0.0152,0.7125,0.7015,0,6.0747,-1.0059,-1.9427,1]},
{"frame":18,"values":[0.4899,-0.619,0.6138,0,0.8717,0.354,-0.3388,0,-0.0076,0.7011,0.7131,0,6.0747,-1.0059,-1.9427,1]},
{"frame":19,"values":[0.4838,-0.6317,0.6057,0,0.8752,0.3498,-0.3342,0,-0.0008,0.6918,0.7221,0,6.0747,-1.0059,-1.9427,1]},
{"frame":20,"values":[0.4896,-0.6365,0.5959,0,0.8718,0.3466,-0.3461,0,0.0138,0.689,0.7246,0,6.0747,-1.0059,-1.9427,1]},
{"frame":21,"values":[0.5089,-0.6353,0.5808,0,0.8599,0.344,-0.3772,0,0.0398,0.6914,0.7214,0,6.0747,-1.0059,-1.9427,1]},
{"frame":22,"values":[0.5256,-0.6352,0.5659,0,0.8484,0.342,-0.4041,0,0.0631,0.6925,0.7186,0,6.0747,-1.0059,-1.9427,1]},
{"frame":23,"values":[0.5413,-0.6358,0.5502,0,0.8364,0.34,-0.4299,0,0.0862,0.6929,0.7159,0,6.0747,-1.0059,-1.9427,1]},
{"frame":24,"values":[0.556,-0.6362,0.5348,0,0.8243,0.3395,-0.4531,0,0.1067,0.6928,0.7132,0,6.0747,-1.0059,-1.9427,1]},
{"frame":25,"values":[0.5732,-0.6298,0.5243,0,0.8107,0.3427,-0.4747,0,0.1193,0.6971,0.707,0,6.0747,-1.0059,-1.9427,1]}],"loopBehavior":1,"name":"anim","property":"_matrix"}},
{"name":"LeftForeArm","index":9,"matrix":[-0.0392,-0.0593,0.9975,0,0.9358,-0.3523,0.0158,0,0.3505,0.934,0.0692,0,27.2512,-0.1236,-0.8243,1],"rest":[0.9995,-0.0045,-0.0302,0,0.0045,1,-0.0001,0,0.0302,-0.0001,0.9995,0,27.2512,-0.1236,-0.8243,1],"parentBoneIndex":8,"length":27.5147
,"animation":{"dataType":3,"framePerSecond":24,"keys":[
{"frame":1,"values":[-0.0392,-0.0593,0.9975,0,0.9358,-0.3523,0.0158,0,0.3505,0.934,0.0692,0,27.2512,-0.1236,-0.8243,1]},
{"frame":2,"values":[-0.0216,-0.0621,0.9978,0,0.9298,-0.3679,-0.0028,0,0.3673,0.9278,0.0657,0,27.2512,-0.1236,-0.8243,1]},
{"frame":3,"values":[-0.0064,-0.0693,0.9976,0,0.9151,-0.4026,-0.0222,0,0.4032,0.9127,0.066,0,27.2512,-0.1236,-0.8243,1]},
{"frame":4,"values":[0.0075,-0.0604,0.9981,0,0.9269,-0.3741,-0.0297,0,0.3752,0.9254,0.0532,0,27.2512,-0.1236,-0.8243,1]},
{"frame":5,"values":[0.0199,-0.064,0.9978,0,0.9194,-0.3909,-0.0434,0,0.3928,0.9182,0.051,0,27.2512,-0.1236,-0.8243,1]},
{"frame":6,"values":[0.0274,-0.0685,0.9973,0,0.9095,-0.4123,-0.0533,0,0.4148,0.9085,0.0511,0,27.2512,-0.1236,-0.8243,1]},
{"frame":7,"values":[0.0265,-0.0735,0.9969,0,0.8982,-0.436,-0.0561,0,0.4388,0.8969,0.0544,0,27.2512,-0.1236,-0.8243,1]},
{"frame":8,"values":[0.0322,-0.0769,0.9965,0,0.9012,-0.429,-0.0622,0,0.4322,0.9,0.0555,0,27.2512,-0.1236,-0.8243,1]},
{"frame":9,"values":[0.0434,-0.0769,0.9961,0,0.8901,-0.4498,-0.0735,0,0.4537,0.8898,0.0489,0,27.2512,-0.1236,-0.8243,1]},
{"frame":10,"values":[0.0587,-0.0749,0.9955,0,0.8957,-0.4364,-0.0856,0,0.4408,0.8966,0.0415,0,27.2512,-0.1236,-0.8243,1]},
{"frame":11,"values":[0.0785,-0.0725,0.9943,0,0.9016,-0.4204,-0.1018,0,0.4254,0.9044,0.0324,0,27.2512,-0.1236,-0.8243,1]},
{"frame":12,"values":[0.1018,-0.0798,0.9916,0,0.8888,-0.4405,-0.1267,0,0.447,0.8942,0.0261,0,27.2512,-0.1236,-0.8243,1]},
{"frame":13,"values":[0.1241,-0.0803,0.989,0,0.89,-0.4318,-0.1467,0,0.4388,0.8984,0.0179,0,27.2512,-0.1236,-0.8243,1]},
{"frame":14,"values":[0.1366,-0.0809,0.9873,0,0.8915,-0.4245,-0.1581,0,0.4319,0.9018,0.0142,0,27.2512,-0.1236,-0.8243,1]},
{"frame":15,"values":[0.1393,-0.0859,0.9865,0,0.8836,-0.4389,-0.163,0,0.447,0.8944,0.0148,0,27.2512,-0.1236,-0.8243,1]},
{"frame":16,"values":[0.1244,-0.0755,0.9894,0,0.903,-0.4046,-0.1444,0,0.4112,0.9114,0.0178,0,27.2512,-0.1236,-0.8243,1]},
{"frame":17,"values":[0.1104,-0.0714,0.9913,0,0.9088,-0.3966,-0.1297,0,0.4024,0.9152,0.0211,0,27.2512,-0.1236,-0.8243,1]},
{"frame":18,"values":[0.0874,-0.0669,0.9939,0,0.9149,-0.3894,-0.1066,0,0.3941,0.9187,0.0271,0,27.2512,-0.1236,-0.8243,1]},
{"frame":19,"values":[0.0652,-0.0579,0.9962,0,0.928,-0.3635,-0.0819,0,0.3668,0.9298,0.03,0,27.2512,-0.1236,-0.8243,1]},
{"frame":20,"values":[0.0389,-0.0532,0.9978,0,0.936,-0.3476,-0.055,0,0.3498,0.9361,0.0363,0,27.2512,-0.1236,-0.8243,1]},
{"frame":21,"values":[0.0171,-0.0636,0.9978,0,0.9218,-0.3855,-0.0404,0,0.3872,0.9205,0.0521,0,27.2512,-0.1236,-0.8243,1]},
{"frame":22,"values":[0.0017,-0.0632,0.998,0,0.9248,-0.3796,-0.0256,0,0.3805,0.923,0.0578,0,27.2512,-0.1236,-0.8243,1]},
{"frame":23,"values":[-0.0114,-0.0615,0.998,0,0.9304,-0.3663,-0.0119,0,0.3663,0.9285,0.0614,0,27.2512,-0.1236,-0.8243,1]},
{"frame":24,"values":[-0.0237,-0.0598,0.9979,0,0.9352,-0.3542,0.001,0,0.3534,0.9333,0.0643,0,27.2512,-0.1236,-0.8243,1]},
{"frame":25,"values":[-0.0393,-0.0594,0.9975,0,0.9356,-0.3526,0.0159,0,0.3508,0.9339,0.0694,0,27.2512,-0.1236,-0.8243,1]}],"loopBehavior":1,"name":"anim","property":"_matrix"}},
{"name":"LeftHand","index":10,"matrix":[0.9749,0.2222,-0.0154,0,-0.1969,0.8276,-0.5256,0,-0.104,0.5155,0.8506,0,27.5147,0,0,1],"rest":[1,0,0,0,0,1,0.0006,0,0,-0.0006,1,0,27.5147,0,0,1],"parentBoneIndex":9,"length":10.1836
,"animation":{"dataType":3,"framePerSecond":24,"keys":[
{"frame":1,"values":[0.9749,0.2222,-0.0154,0,-0.1969,0.8276,-0.5256,0,-0.104,0.5155,0.8506,0,27.5147,0,0,1]},
{"frame":2,"values":[0.9763,0.2164,-0.0065,0,-0.1881,0.8329,-0.5204,0,-0.1072,0.5093,0.8539,0,27.5147,0,0,1]},
{"frame":3,"values":[0.976,0.2175,0.0102,0,-0.1826,0.843,-0.5059,0,-0.1186,0.4919,0.8625,0,27.5147,0,0,1]},
{"frame":4,"values":[0.9747,0.2233,0.0024,0,-0.1864,0.8194,-0.5421,0,-0.123,0.528,0.8403,0,27.5147,0,0,1]},
{"frame":5,"values":[0.9748,0.2231,0.0049,0,-0.1849,0.8196,-0.5422,0,-0.125,0.5277,0.8402,0,27.5147,0,0,1]},
{"frame":6,"values":[0.9737,0.2276,0.0086,0,-0.1873,0.8215,-0.5385,0,-0.1297,0.5228,0.8426,0,27.5147,0,0,1]},
{"frame":7,"values":[0.972,0.2342,0.0177,0,-0.1897,0.8274,-0.5285,0,-0.1384,0.5104,0.8487,0,27.5147,0,0,1]},
{"frame":8,"values":[0.9737,0.2266,0.0224,0,-0.1794,0.8239,-0.5376,0,-0.1403,0.5195,0.8429,0,27.5147,0,0,1]},
{"frame":9,"values":[0.9782,0.2054,0.0289,0,-0.1617,0.8422,-0.5144,0,-0.13,0.4985,0.8571,0,27.5147,0,0,1]},
{"frame":10,"values":[0.9824,0.1845,0.0274,0,-0.1433,0.8407,-0.5222,0,-0.1194,0.5091,0.8524,0,27.5147,0,0,1]},
{"frame":11,"values":[0.9856,0.1664,0.0294,0,-0.1253,0.8364,-0.5336,0,-0.1134,0.5222,0.8452,0,27.5147,0,0,1]},
{"frame":12,"values":[0.9891,0.1418,0.039,0,-0.1017,0.8512,-0.5148,0,-0.1062,0.5053,0.8564,0,27.5147,0,0,1]},
{"frame":13,"values":[0.9929,0.1138,0.0356,0,-0.0792,0.8527,-0.5164,0,-0.0892,0.5099,0.8556,0,27.5147,0,0,1]},
{"frame":14,"values":[0.995,0.0948,0.0308,0,-0.0654,0.8537,-0.5166,0,-0.0753,0.512,0.8557,0,27.5147,0,0,1]},
{"frame":15,"values":[0.9957,0.088,0.0274,0,-0.0628,0.8652,-0.4974,0,-0.0675,0.4936,0.8671,0,27.5147,0,0,1]},
{"frame":16,"values":[0.9941,0.1074,0.0135,0,-0.0847,0.8492,-0.5213,0,-0.0674,0.5171,0.8533,0,27.5147,0,0,1]},
{"frame":17,"values":[0.9925,0.1219,0.0035,0,-0.1027,0.8513,-0.5144,0,-0.0656,0.5103,0.8575,0,27.5147,0,0,1]},
{"frame":18,"values":[0.9892,0.1462,-0.0055,0,-0.1287,0.8514,-0.5086,0,-0.0697,0.5038,0.861,0,27.5147,0,0,1]},
{"frame":19,"values":[0.9856,0.1679,-0.0181,0,-0.1528,0.8409,-0.5192,0,-0.072,0.5145,0.8544,0,27.5147,0,0,1]},
{"frame":20,"values":[0.9813,0.1908,-0.0268,0,-0.1761,0.8317,-0.5265,0,-0.0782,0.5213,0.8498,0,27.5147,0,0,1]},
{"frame":21,"values":[0.9788,0.2041,-0.0171,0,-0.1854,0.8476,-0.4972,0,-0.087,0.4898,0.8675,0,27.5147,0,0,1]},
{"frame":22,"values":[0.978,0.2077,-0.0176,0,-0.188,0.8427,-0.5045,0,-0.09,0.4967,0.8633,0,27.5147,0,0,1]},
{"frame":23,"values":[0.978,0.2075,-0.0195,0,-0.1875,0.8354,-0.5166,0,-0.0909,0.509,0.856,0,27.5147,0,0,1]},
{"frame":24,"values":[0.9782,0.2068,-0.0207,0,-0.1867,0.8305,-0.5248,0,-0.0913,0.5172,0.851,0,27.5147,0,0,1]},
{"frame":25,"values":[0.9749,0.2222,-0.0152,0,-0.1968,0.8277,-0.5255,0,-0.1041,0.5153,0.8507,0,27.5147,0,0,1]}],"loopBehavior":1,"name":"anim","property":"_matrix"}},
{"name":"LeftHandThumb1","index":11,"matrix":[0.9854,-0.0401,-0.1652,0,0.0415,0.9991,0.005,0,0.1649,-0.0118,0.9862,0,4.2092,-0.2988,5.1387,1],"rest":[1,0.0002,0.0002,0,-0.0002,1,-0.0002,0,-0.0002,0.0002,1,0,4.2092,-0.2988,5.1387,1],"parentBoneIndex":10,"length":1.9313
,"animation":{"dataType":3,"framePerSecond":24,"keys":[
{"frame":1,"values":[0.9854,-0.0401,-0.1652,0,0.0415,0.9991,0.005,0,0.1649,-0.0118,0.9862,0,4.2092,-0.2988,5.1387,1]},
{"frame":25,"values":[0.9854,-0.0401,-0.1652,0,0.0415,0.9991,0.005,0,0.1649,-0.0118,0.9862,0,4.2092,-0.2988,5.1387,1]}],"loopBehavior":1,"name":"anim","property":"_matrix"}},
{"name":"LeftHandThumb2","index":12,"matrix":[0.9788,0.0948,-0.1816,0,-0.0826,0.9938,0.0738,0,0.1875,-0.0572,0.9806,0,1.496,-0.8637,0.8637,1],"rest":[0.9982,0.052,0.0284,0,-0.0507,0.9976,-0.0475,0,-0.0308,0.046,0.9985,0,1.496,-0.8637,0.8637,1],"parentBoneIndex":11,"length":2.3416
,"animation":{"dataType":3,"framePerSecond":24,"keys":[
{"frame":1,"values":[0.9788,0.0948,-0.1816,0,-0.0826,0.9938,0.0738,0,0.1875,-0.0572,0.9806,0,1.496,-0.8637,0.8637,1]},
{"frame":25,"values":[0.9788,0.0948,-0.1816,0,-0.0826,0.9938,0.0738,0,0.1875,-0.0572,0.9806,0,1.496,-0.8637,0.8637,1]}],"loopBehavior":1,"name":"anim","property":"_matrix"}},
{"name":"LeftHandThumb3","index":13,"matrix":[0.9661,0.0873,0.2429,0,0.0088,0.9294,-0.3691,0,-0.258,0.3587,0.8971,0,1.7859,-1.1863,0.9415,1],"rest":[0.9982,-0.0507,-0.0308,0,0.052,0.9976,0.046,0,0.0284,-0.0475,0.9985,0,1.7859,-1.1863,0.9415,1],"parentBoneIndex":12,"length":4.3787
,"animation":{"dataType":3,"framePerSecond":24,"keys":[
{"frame":1,"values":[0.9661,0.0873,0.2429,0,0.0088,0.9294,-0.3691,0,-0.258,0.3587,0.8971,0,1.7859,-1.1863,0.9415,1]},
{"frame":25,"values":[0.9661,0.0873,0.2429,0,0.0088,0.9294,-0.3691,0,-0.258,0.3587,0.8971,0,1.7859,-1.1863,0.9415,1]}],"loopBehavior":1,"name":"anim","property":"_matrix"}},
{"name":"LeftHandThumb4","index":14,"matrix":[1,0,0,0,0,1,0,0,0,0,1,0,3.3918,-1.9582,1.9582,1],"rest":[1,0,0,0,0,1,0,0,0,0,1,0,3.3918,-1.9582,1.9582,1],"parentBoneIndex":13,"length":4.3787
,"animation":{"dataType":3,"framePerSecond":24,"keys":[
{"frame":1,"values":[1,0,0,0,0,1,0,0,0,0,1,0,3.3918,-1.9582,1.9582,1]},
{"frame":25,"values":[1,0,0,0,0,1,0,0,0,0,1,0,3.3918,-1.9582,1.9582,1]}],"loopBehavior":1,"name":"anim","property":"_matrix"}},
{"name":"LeftHandIndex1","index":15,"matrix":[0.9347,-0.3535,-0.0375,0,0.3548,0.9208,0.1619,0,-0.0227,-0.1646,0.9861,0,11.0606,-0.132,2.3806,1],"rest":[1,0,0,0,0,1,0,0,0,0,1,0,11.0606,-0.132,2.3806,1],"parentBoneIndex":10,"length":2.4579
,"animation":{"dataType":3,"framePerSecond":24,"keys":[
{"frame":1,"values":[0.9347,-0.3535,-0.0375,0,0.3548,0.9208,0.1619,0,-0.0227,-0.1646,0.9861,0,11.0606,-0.132,2.3806,1]},
{"frame":25,"values":[0.9347,-0.3535,-0.0375,0,0.3548,0.9208,0.1619,0,-0.0227,-0.1646,0.9861,0,11.0606,-0.132,2.3806,1]}],"loopBehavior":1,"name":"anim","property":"_matrix"}},
{"name":"LeftHandIndex2","index":16,"matrix":[0.878,-0.4761,-0.0502,0,0.4761,0.8793,-0.0123,0,0.05,-0.0131,0.9987,0,2.4579,0,0,1],"rest":[1,0,-0.0017,0,0,1,0,0,0.0017,0,1,0,2.4579,0,0,1],"parentBoneIndex":15,"length":3.0022
,"animation":{"dataType":3,"framePerSecond":24,"keys":[
{"frame":1,"values":[0.878,-0.4761,-0.0502,0,0.4761,0.8793,-0.0123,0,0.05,-0.0131,0.9987,0,2.4579,0,0,1]},
{"frame":25,"values":[0.878,-0.4761,-0.0502,0,0.4761,0.8793,-0.0123,0,0.05,-0.0131,0.9987,0,2.4579,0,0,1]}],"loopBehavior":1,"name":"anim","property":"_matrix"}},
{"name":"LeftHandIndex3","index":17,"matrix":[0.8816,-0.4696,-0.0473,0,0.4696,0.8828,-0.0112,0,0.047,-0.0124,0.9988,0,3.0022,0,0.005,1],"rest":[1,0.009,0.0017,0,-0.009,1,0,0,-0.0017,0,1,0,3.0022,0,0.005,1],"parentBoneIndex":16,"length":4.3809
,"animation":{"dataType":3,"framePerSecond":24,"keys":[
{"frame":1,"values":[0.8816,-0.4696,-0.0473,0,0.4696,0.8828,-0.0112,0,0.047,-0.0124,0.9988,0,3.0022,0,0.005,1]},
{"frame":25,"values":[0.8816,-0.4696,-0.0473,0,0.4696,0.8828,-0.0112,0,0.047,-0.0124,0.9988,0,3.0022,0,0.005,1]}],"loopBehavior":1,"name":"anim","property":"_matrix"}},
{"name":"LeftHandIndex4","index":18,"matrix":[1,0,0,0,0,1,0,0,0,0,1,0,4.3807,-0.0396,0,1],"rest":[1,0,0,0,0,1,0,0,0,0,1,0,4.3807,-0.0396,0,1],"parentBoneIndex":17,"length":4.3809
,"animation":{"dataType":3,"framePerSecond":24,"keys":[
{"frame":1,"values":[1,0,0,0,0,1,0,0,0,0,1,0,4.3807,-0.0396,0,1]},
{"frame":25,"values":[1,0,0,0,0,1,0,0,0,0,1,0,4.3807,-0.0396,0,1]}],"loopBehavior":1,"name":"anim","property":"_matrix"}},
{"name":"LeftHandMiddle1","index":19,"matrix":[0.9353,-0.3523,-0.0324,0,0.3524,0.9195,0.1744,0,-0.0316,-0.1745,0.9841,0,11.0246,0,0,1],"rest":[1,0,0,0,0,1,0,0,0,0,1,0,11.0246,0,0,1],"parentBoneIndex":10,"length":3.1154
,"animation":{"dataType":3,"framePerSecond":24,"keys":[
{"frame":1,"values":[0.9353,-0.3523,-0.0324,0,0.3524,0.9195,0.1744,0,-0.0316,-0.1745,0.9841,0,11.0246,0,0,1]},
{"frame":25,"values":[0.9353,-0.3523,-0.0324,0,0.3524,0.9195,0.1744,0,-0.0316,-0.1745,0.9841,0,11.0246,0,0,1]}],"loopBehavior":1,"name":"anim","property":"_matrix"}},
{"name":"LeftHandMiddle2","index":20,"matrix":[0.6955,-0.7148,-0.0728,0,0.7148,0.6986,-0.0307,0,0.0728,-0.0307,0.9969,0,3.1154,0,0,1],"rest":[1,0,0,0,0,1,0,0,0,0,1,0,3.1154,0,0,1],"parentBoneIndex":19,"length":2.9998
,"animation":{"dataType":3,"framePerSecond":24,"keys":[
{"frame":1,"values":[0.6955,-0.7148,-0.0728,0,0.7148,0.6986,-0.0307,0,0.0728,-0.0307,0.9969,0,3.1154,0,0,1]},
{"frame":25,"values":[0.6955,-0.7148,-0.0728,0,0.7148,0.6986,-0.0307,0,0.0728,-0.0307,0.9969,0,3.1154,0,0,1]}],"loopBehavior":1,"name":"anim","property":"_matrix"}},
{"name":"LeftHandMiddle3","index":21,"matrix":[0.7198,-0.6906,-0.0703,0,0.6906,0.7227,-0.0282,0,0.0703,-0.0282,0.9971,0,2.9998,0,0,1],"rest":[1,0,0,0,0,1,0,0,0,0,1,0,2.9998,0,0,1],"parentBoneIndex":20,"length":4.6445
,"animation":{"dataType":3,"framePerSecond":24,"keys":[
{"frame":1,"values":[0.7198,-0.6906,-0.0703,0,0.6906,0.7227,-0.0282,0,0.0703,-0.0282,0.9971,0,2.9998,0,0,1]},
{"frame":25,"values":[0.7198,-0.6906,-0.0703,0,0.6906,0.7227,-0.0282,0,0.0703,-0.0282,0.9971,0,2.9998,0,0,1]}],"loopBehavior":1,"name":"anim","property":"_matrix"}},
{"name":"LeftHandMiddle4","index":22,"matrix":[1,0,0,0,0,1,0,0,0,0,1,0,4.6445,0,0,1],"rest":[1,0,0,0,0,1,0,0,0,0,1,0,4.6445,0,0,1],"parentBoneIndex":21,"length":4.6445
,"animation":{"dataType":3,"framePerSecond":24,"keys":[
{"frame":1,"values":[1,0,0,0,0,1,0,0,0,0,1,0,4.6445,0,0,1]},
