{"producer":{"name":"Blender","version":"2.90.0","exporter_version":"2.80.1","file":"riffle_turnright.babylon"},
"autoClear":true,"clearColor":[0.0509,0.0509,0.0509],"gravity":[0,-9.81,0],
"materials":[{"name":"Material","id":"Material","customType":"BABYLON.PBRMaterial","backFaceCulling":true,"checkReadyOnlyOnce":false,"maxSimultaneousLights":4,"environmentIntensity":1,"albedo":[0.8,0.8,0.8],"reflectivity":[0.5,0.5,0.5],"roughness":0.4,"alpha":1,"transparencyMode":0,"alphaCutOff":0.4,"metallic":0}],
"multiMaterials":[],
"skeletons":[{"name":"Armature","id":0,"dimensionsAtRest":[177.7018,230.6614,27.1405],"bones":[
{"name":"Hips","index":0,"matrix":[0.5756,0.0374,-0.8169,0,0.0676,0.9934,0.0931,0,-0.8149,0.1088,-0.5693,0,-0.0286,105.4416,0.4898,1],"rest":[1,0,0,0,0,1,0,0,0,0,-1,0,0,113.0334,0,1],"parentBoneIndex":-1,"length":12.9876
,"animation":{"dataType":3,"framePerSecond":24,"keys":[
{"frame":1,"values":[0.5756,0.0374,-0.8169,0,0.0676,0.9934,0.0931,0,-0.8149,0.1088,-0.5693,0,-0.0286,105.4416,0.4898,1]},
{"frame":2,"values":[0.5756,0.0374,-0.8169,0,0.0676,0.9934,0.0931,0,-0.8149,0.1088,-0.5693,0,-0.1509,105.643,0.5383,1]},
{"frame":3,"values":[0.5756,0.0374,-0.8169,0,0.0676,0.9934,0.0931,0,-0.8149,0.1088,-0.5693,0,-0.6397,105.4904,0.727,1]},
{"frame":4,"values":[0.5756,0.0374,-0.8169,0,0.0676,0.9934,0.0931,0,-0.8149,0.1088,-0.5693,0,-2.2008,105.1039,1.2633,1]},
{"frame":5,"values":[0.5756,0.0374,-0.8169,0,0.0676,0.9934,0.0931,0,-0.8149,0.1088,-0.5693,0,-5.0767,104.8403,2.5589,1]},
{"frame":6,"values":[0.5756,0.0374,-0.8169,0,0.0676,0.9934,0.0931,0,-0.8149,0.1088,-0.5693,0,-8.4454,104.8645,4.3498,1]},
{"frame":7,"values":[0.5756,0.0374,-0.8169,0,0.0676,0.9934,0.0931,0,-0.8149,0.1088,-0.5693,0,-11.3932,105.2251,6.1852,1]},
{"frame":8,"values":[0.5756,0.0374,-0.8169,0,0.0676,0.9934,0.0931,0,-0.8149,0.1088,-0.5693,0,-13.5508,105.6485,7.8939,1]},
{"frame":9,"values":[0.5756,0.0374,-0.8169,0,0.0676,0.9934,0.0931,0,-0.8149,0.1088,-0.5693,0,-15.1713,105.9071,9.0161,1]},
{"frame":10,"values":[0.5756,0.0374,-0.8169,0,0.0676,0.9934,0.0931,0,-0.8149,0.1088,-0.5693,0,-16.4305,105.9353,9.1423,1]},
{"frame":11,"values":[0.5756,0.0374,-0.8169,0,0.0676,0.9934,0.0931,0,-0.8149,0.1088,-0.5693,0,-17.439,105.7173,8.2352,1]},
{"frame":12,"values":[0.5756,0.0374,-0.8169,0,0.0676,0.9934,0.0931,0,-0.8149,0.1088,-0.5693,0,-17.965,105.2137,6.5757,1]},
{"frame":13,"values":[0.5756,0.0374,-0.8169,0,0.0676,0.9934,0.0931,0,-0.8149,0.1088,-0.5693,0,-18.0841,104.5022,4.6359,1]},
{"frame":14,"values":[0.5756,0.0374,-0.8169,0,0.0676,0.9934,0.0931,0,-0.8149,0.1088,-0.5693,0,-17.8968,103.6899,2.765,1]},
{"frame":15,"values":[0.5756,0.0374,-0.8169,0,0.0676,0.9934,0.0931,0,-0.8149,0.1088,-0.5693,0,-17.5422,103.1206,1.0693,1]},
{"frame":16,"values":[0.5756,0.0374,-0.8169,0,0.0676,0.9934,0.0931,0,-0.8149,0.1088,-0.5693,0,-16.7786,102.9027,-0.3671,1]},
{"frame":17,"values":[0.5756,0.0374,-0.8169,0,0.0676,0.9934,0.0931,0,-0.8149,0.1088,-0.5693,0,-15.7618,103.0056,-1.4674,1]},
{"frame":18,"values":[0.5756,0.0374,-0.8169,0,0.0676,0.9934,0.0931,0,-0.8149,0.1088,-0.5693,0,-14.7428,103.1629,-2.0678,1]},
{"frame":19,"values":[0.5756,0.0374,-0.8169,0,0.0676,0.9934,0.0931,0,-0.8149,0.1088,-0.5693,0,-13.5977,103.2561,-2.1116,1]},
{"frame":20,"values":[0.5756,0.0374,-0.8169,0,0.0676,0.9934,0.0931,0,-0.8149,0.1088,-0.5693,0,-11.7161,103.3721,-1.8319,1]},
{"frame":21,"values":[0.5756,0.0374,-0.8169,0,0.0676,0.9934,0.0931,0,-0.8149,0.1088,-0.5693,0,-8.8437,103.6586,-1.4761,1]},
{"frame":22,"values":[0.5756,0.0374,-0.8169,0,0.0676,0.9934,0.0931,0,-0.8149,0.1088,-0.5693,0,-5.6665,104.1166,-1.0627,1]},
{"frame":23,"values":[0.5756,0.0374,-0.8169,0,0.0676,0.9934,0.0931,0,-0.8149,0.1088,-0.5693,0,-3.0834,104.7103,-0.6293,1]},
{"frame":24,"values":[0.5756,0.0374,-0.8169,0,0.0676,0.9934,0.0931,0,-0.8149,0.1088,-0.5693,0,-0.9291,105.1977,-0.2226,1]},
{"frame":25,"values":[0.5756,0.0374,-0.8169,0,0.0676,0.9934,0.0931,0,-0.8149,0.1088,-0.5693,0,0.4898,105.4415,0.0287,1]}],"loopBehavior":1,"name":"anim","property":"_matrix"}},
{"name":"Spine","index":1,"matrix":[0.9999,0.0064,-0.0081,0,-0.0056,0.9958,0.0919,0,0.0086,-0.0919,0.9957,0,0,7.2445,0.6334,1],"rest":[1,0,0,0,0,1,0,0,0,0,1,0,0,7.2445,0.6334,1],"parentBoneIndex":0,"length":7.4267
,"animation":{"dataType":3,"framePerSecond":24,"keys":[
{"frame":1,"values":[0.9999,0.0064,-0.0081,0,-0.0056,0.9958,0.0919,0,0.0086,-0.0919,0.9957,0,0,7.2445,0.6334,1]},
{"frame":2,"values":[0.9999,0.0068,-0.0089,0,-0.0059,0.9957,0.0926,0,0.0095,-0.0925,0.9957,0,0,7.2445,0.6334,1]},
{"frame":3,"values":[0.9999,0.0054,-0.0098,0,-0.0044,0.9956,0.0932,0,0.0103,-0.0932,0.9956,0,0,7.2445,0.6334,1]},
{"frame":4,"values":[0.9999,0.0051,-0.0107,0,-0.0041,0.9956,0.0935,0,0.0111,-0.0935,0.9956,0,0,7.2445,0.6334,1]},
{"frame":5,"values":[0.9999,0,-0.0116,0,0.0011,0.9956,0.0934,0,0.0116,-0.0934,0.9956,0,0,7.2445,0.6334,1]},
{"frame":6,"values":[0.9999,-0.0062,-0.013,0,0.0073,0.9956,0.0931,0,0.0124,-0.0932,0.9956,0,0,7.2445,0.6334,1]},
{"frame":7,"values":[0.9998,-0.0095,-0.0152,0,0.0109,0.9955,0.094,0,0.0143,-0.0942,0.9955,0,0,7.2445,0.6334,1]},
{"frame":8,"values":[0.9998,-0.0108,-0.0177,0,0.0125,0.9953,0.0955,0,0.0166,-0.0957,0.9953,0,0,7.2445,0.6334,1]},
{"frame":9,"values":[0.9997,-0.0117,-0.0197,0,0.0136,0.9952,0.097,0,0.0185,-0.0973,0.9951,0,0,7.2445,0.6334,1]},
{"frame":10,"values":[0.9997,-0.0123,-0.0213,0,0.0144,0.995,0.0985,0,0.02,-0.0988,0.9949,0,0,7.2445,0.6334,1]},
{"frame":11,"values":[0.9997,-0.012,-0.0219,0,0.0141,0.9949,0.0996,0,0.0206,-0.0999,0.9948,0,0,7.2445,0.6334,1]},
{"frame":12,"values":[0.9997,-0.0105,-0.0213,0,0.0126,0.9949,0.1005,0,0.0201,-0.1007,0.9947,0,0,7.2445,0.6334,1]},
{"frame":13,"values":[0.9998,-0.0084,-0.0188,0,0.0103,0.9949,0.1008,0,0.0179,-0.1009,0.9947,0,0,7.2445,0.6334,1]},
{"frame":14,"values":[1,-0.0073,-0.0057,0,0.0079,0.9948,0.1014,0,0.0049,-0.1014,0.9948,0,0,7.2445,0.6334,1]},
{"frame":15,"values":[0.9999,-0.0035,0.0148,0,0.0019,0.9948,0.1021,0,-0.015,-0.1021,0.9947,0,0,7.2445,0.6334,1]},
{"frame":16,"values":[0.9994,0.003,0.035,0,-0.0066,0.9948,0.1016,0,-0.0345,-0.1018,0.9942,0,0,7.2445,0.6334,1]},
{"frame":17,"values":[0.9989,0.0109,0.0463,0,-0.0155,0.9948,0.1002,0,-0.045,-0.1008,0.9939,0,0,7.2445,0.6334,1]},
{"frame":18,"values":[0.9988,0.0165,0.0468,0,-0.0211,0.9949,0.0985,0,-0.045,-0.0994,0.994,0,0,7.2445,0.6334,1]},
{"frame":19,"values":[0.9988,0.0193,0.046,0,-0.0236,0.9951,0.096,0,-0.0439,-0.097,0.9943,0,0,7.2445,0.6334,1]},
{"frame":20,"values":[0.9988,0.0199,0.0443,0,-0.024,0.9953,0.0934,0,-0.0423,-0.0943,0.9946,0,0,7.2445,0.6334,1]},
{"frame":21,"values":[0.999,0.0186,0.0417,0,-0.0224,0.9956,0.0911,0,-0.0398,-0.0919,0.995,0,0,7.2445,0.6334,1]},
{"frame":22,"values":[0.9992,0.014,0.0375,0,-0.0174,0.9958,0.0897,0,-0.0361,-0.0903,0.9953,0,0,7.2445,0.6334,1]},
{"frame":23,"values":[0.9995,0.0092,0.0318,0,-0.012,0.9959,0.0893,0,-0.0308,-0.0896,0.9955,0,0,7.2445,0.6334,1]},
{"frame":24,"values":[0.9999,0.0067,0.0132,0,-0.0079,0.9959,0.0905,0,-0.0125,-0.0906,0.9958,0,0,7.2445,0.6334,1]},
{"frame":25,"values":[0.9999,0.0064,-0.0081,0,-0.0056,0.9958,0.0919,0,0.0086,-0.0919,0.9957,0,0,7.2445,0.6334,1]}],"loopBehavior":1,"name":"anim","property":"_matrix"}},
{"name":"Spine1","index":2,"matrix":[0.9998,0.0069,-0.019,0,-0.0052,0.9963,0.0854,0,0.0196,-0.0853,0.9962,0,0,7.425,0.1598,1],"rest":[1,0,0,0,0,1,0,0,0,0,1,0,0,7.425,0.1598,1],"parentBoneIndex":1,"length":8.6299
,"animation":{"dataType":3,"framePerSecond":24,"keys":[
{"frame":1,"values":[0.9998,0.0069,-0.019,0,-0.0052,0.9963,0.0854,0,0.0196,-0.0853,0.9962,0,0,7.425,0.1598,1]},
{"frame":2,"values":[0.9998,0.0068,-0.0201,0,-0.005,0.9963,0.0855,0,0.0206,-0.0854,0.9961,0,0,7.425,0.1598,1]},
{"frame":3,"values":[0.9998,0.0063,-0.0193,0,-0.0047,0.9963,0.0853,0,0.0198,-0.0852,0.9962,0,0,7.425,0.1598,1]},
{"frame":4,"values":[0.9998,0.0052,-0.0168,0,-0.0037,0.9964,0.0849,0,0.0171,-0.0849,0.9962,0,0,7.425,0.1598,1]},
{"frame":5,"values":[0.9999,0.0035,-0.0129,0,-0.0024,0.9964,0.0843,0,0.0131,-0.0842,0.9964,0,0,7.425,0.1598,1]},
{"frame":6,"values":[1,0.0019,-0.0091,0,-0.0012,0.9965,0.0836,0,0.0092,-0.0836,0.9965,0,0,7.425,0.1598,1]},
{"frame":7,"values":[1,0.001,-0.0071,0,-0.0004,0.9965,0.0832,0,0.0071,-0.0832,0.9965,0,0,7.425,0.1598,1]},
{"frame":8,"values":[1,0.0005,-0.0058,0,0,0.9965,0.083,0,0.0058,-0.083,0.9965,0,0,7.425,0.1598,1]},
{"frame":9,"values":[1,0.0002,-0.0043,0,0.0001,0.9966,0.0829,0,0.0043,-0.0829,0.9965,0,0,7.425,0.1598,1]},
{"frame":10,"values":[1,0.0001,-0.0029,0,0.0002,0.9966,0.0828,0,0.0029,-0.0828,0.9966,0,0,7.425,0.1598,1]},
{"frame":11,"values":[1,0,-0.0014,0,0.0001,0.9966,0.0828,0,0.0014,-0.0828,0.9966,0,0,7.425,0.1598,1]},
{"frame":12,"values":[1,0.0001,-0.001,0,0,0.9966,0.0827,0,0.001,-0.0827,0.9966,0,0,7.425,0.1598,1]},
{"frame":13,"values":[1,-0.0001,0.0001,0,0,0.9966,0.0827,0,-0.0001,-0.0827,0.9966,0,0,7.425,0.1598,1]},
{"frame":14,"values":[0.9998,-0.0016,0.0192,0,0,0.9966,0.0819,0,-0.0192,-0.0818,0.9965,0,0,7.425,0.1598,1]},
{"frame":15,"values":[0.9985,-0.0044,0.0545,0,0,0.9968,0.0802,0,-0.0547,-0.0801,0.9953,0,0,7.425,0.1598,1]},
{"frame":16,"values":[0.9958,-0.0067,0.0911,0,-0.0005,0.9969,0.0782,0,-0.0914,-0.0779,0.9928,0,0,7.425,0.1598,1]},
{"frame":17,"values":[0.9937,-0.0074,0.1115,0,-0.0012,0.997,0.077,0,-0.1117,-0.0767,0.9908,0,0,7.425,0.1598,1]},
{"frame":18,"values":[0.9942,-0.0062,0.107,0,-0.0022,0.997,0.0775,0,-0.1071,-0.0773,0.9912,0,0,7.425,0.1598,1]},
{"frame":19,"values":[0.9961,-0.0037,0.0877,0,-0.0032,0.9969,0.0788,0,-0.0877,-0.0788,0.993,0,0,7.425,0.1598,1]},
{"frame":20,"values":[0.9982,-0.0007,0.0602,0,-0.0042,0.9967,0.0806,0,-0.06,-0.0807,0.9949,0,0,7.425,0.1598,1]},
{"frame":21,"values":[0.9995,0.0025,0.0302,0,-0.0049,0.9966,0.0825,0,-0.0299,-0.0826,0.9961,0,0,7.425,0.1598,1]},
{"frame":22,"values":[1,0.0051,0.0039,0,-0.0054,0.9965,0.084,0,-0.0035,-0.084,0.9965,0,0,7.425,0.1598,1]},
{"frame":23,"values":[0.9999,0.0066,-0.013,0,-0.0055,0.9964,0.085,0,0.0135,-0.085,0.9963,0,0,7.425,0.1598,1]},
{"frame":24,"values":[0.9998,0.0069,-0.0179,0,-0.0053,0.9963,0.0853,0,0.0184,-0.0852,0.9962,0,0,7.425,0.1598,1]},
{"frame":25,"values":[0.9998,0.0069,-0.019,0,-0.0052,0.9963,0.0854,0,0.0196,-0.0853,0.9962,0,0,7.425,0.1598,1]}],"loopBehavior":1,"name":"anim","property":"_matrix"}},
{"name":"Spine2","index":3,"matrix":[0.9998,0.0032,-0.0178,0,-0.0006,0.9892,0.1469,0,0.0181,-0.1468,0.989,0,0,8.6226,-0.3542,1],"rest":[1,0,0,0,0,1,0,0,0,0,1,0,0,8.6226,-0.3542,1],"parentBoneIndex":2,"length":20.7438
,"animation":{"dataType":3,"framePerSecond":24,"keys":[
{"frame":1,"values":[0.9998,0.0032,-0.0178,0,-0.0006,0.9892,0.1469,0,0.0181,-0.1468,0.989,0,0,8.6226,-0.3542,1]},
{"frame":2,"values":[0.9997,0.0016,-0.023,0,0.0017,0.9894,0.1452,0,0.023,-0.1452,0.9891,0,0,8.6226,-0.3542,1]},
{"frame":3,"values":[0.999,-0.0002,-0.0448,0,0.0066,0.9898,0.1422,0,0.0443,-0.1423,0.9888,0,0,8.6226,-0.3542,1]},
{"frame":4,"values":[0.9942,0.0002,-0.1073,0,0.015,0.99,0.1404,0,0.1063,-0.1412,0.9843,0,0,8.6226,-0.3542,1]},
{"frame":5,"values":[0.9783,0.0029,-0.207,0,0.0269,0.9896,0.1411,0,0.2052,-0.1436,0.9681,0,0,8.6226,-0.3542,1]},
{"frame":6,"values":[0.9531,0.0069,-0.3027,0,0.0383,0.9889,0.1433,0,0.3003,-0.1482,0.9423,0,0,8.6226,-0.3542,1]},
{"frame":7,"values":[0.9338,0.0098,-0.3577,0,0.0452,0.9884,0.1449,0,0.355,-0.1515,0.9225,0,0,8.6226,-0.3542,1]},
{"frame":8,"values":[0.9207,0.0124,-0.39,0,0.0489,0.9879,0.1469,0,0.3871,-0.1543,0.909,0,0,8.6226,-0.3542,1]},
{"frame":9,"values":[0.9106,0.0148,-0.4129,0,0.0514,0.9875,0.1487,0,0.41,-0.1567,0.8985,0,0,8.6226,-0.3542,1]},
{"frame":10,"values":[0.9035,0.0166,-0.4283,0,0.053,0.9872,0.1501,0,0.4253,-0.1583,0.8911,0,0,8.6226,-0.3542,1]},
{"frame":11,"values":[0.8989,0.0187,-0.4377,0,0.0534,0.987,0.1519,0,0.4349,-0.1599,0.8862,0,0,8.6226,-0.3542,1]},
{"frame":12,"values":[0.8965,0.0201,-0.4426,0,0.0533,0.9868,0.1528,0,0.4398,-0.1606,0.8836,0,0,8.6226,-0.3542,1]},
{"frame":13,"values":[0.8964,0.0202,-0.4427,0,0.0533,0.9868,0.1529,0,0.44,-0.1607,0.8835,0,0,8.6226,-0.3542,1]},
{"frame":14,"values":[0.9048,0.0206,-0.4253,0,0.0493,0.987,0.1527,0,0.4229,-0.1591,0.8921,0,0,8.6226,-0.3542,1]},
{"frame":15,"values":[0.9223,0.0205,-0.3858,0,0.0416,0.9875,0.1521,0,0.3841,-0.1564,0.9099,0,0,8.6226,-0.3542,1]},
{"frame":16,"values":[0.9439,0.0192,-0.3297,0,0.0328,0.9879,0.1514,0,0.3286,-0.1537,0.9319,0,0,8.6226,-0.3542,1]},
{"frame":17,"values":[0.9646,0.0149,-0.2635,0,0.0259,0.9882,0.1507,0,0.2626,-0.1522,0.9528,0,0,8.6226,-0.3542,1]},
{"frame":18,"values":[0.9805,0.0084,-0.1964,0,0.0216,0.9884,0.1501,0,0.1954,-0.1514,0.969,0,0,8.6226,-0.3542,1]},
{"frame":19,"values":[0.9905,0.0045,-0.1376,0,0.0163,0.9887,0.1493,0,0.1367,-0.1501,0.9792,0,0,8.6226,-0.3542,1]},
{"frame":20,"values":[0.996,0.0027,-0.0891,0,0.0106,0.9889,0.1484,0,0.0885,-0.1487,0.9849,0,0,8.6226,-0.3542,1]},
{"frame":21,"values":[0.9986,0.0024,-0.0521,0,0.0053,0.989,0.1476,0,0.0519,-0.1476,0.9877,0,0,8.6226,-0.3542,1]},
{"frame":22,"values":[0.9996,0.0028,-0.0278,0,0.0013,0.9891,0.1469,0,0.0279,-0.1469,0.9888,0,0,8.6226,-0.3542,1]},
{"frame":23,"values":[0.9999,0.0033,-0.0165,0,-0.0008,0.9892,0.1467,0,0.0168,-0.1467,0.989,0,0,8.6226,-0.3542,1]},
{"frame":24,"values":[0.9999,0.0033,-0.0166,0,-0.0008,0.9892,0.1468,0,0.0169,-0.1467,0.989,0,0,8.6226,-0.3542,1]},
{"frame":25,"values":[0.9998,0.0032,-0.0178,0,-0.0006,0.9892,0.1469,0,0.0181,-0.1468,0.989,0,0,8.6226,-0.3542,1]}],"loopBehavior":1,"name":"anim","property":"_matrix"}},
{"name":"Neck","index":4,"matrix":[0.9953,0.0011,-0.0972,0,0.0032,0.999,0.0439,0,0.0971,-0.044,0.9943,0,0,23.6053,-4.5263,1],"rest":[1,0,0,0,0,1,0,0,0,0,1,0,0,23.6053,-4.5263,1],"parentBoneIndex":3,"length":10.3542
,"animation":{"dataType":3,"framePerSecond":24,"keys":[
{"frame":1,"values":[0.9953,0.0011,-0.0972,0,0.0032,0.999,0.0439,0,0.0971,-0.044,0.9943,0,0,23.6053,-4.5263,1]},
{"frame":2,"values":[0.9952,0.0011,-0.0979,0,0.0032,0.999,0.0444,0,0.0978,-0.0445,0.9942,0,0,23.6053,-4.5263,1]},
{"frame":3,"values":[0.9951,0.0017,-0.0992,0,0.0027,0.999,0.0452,0,0.0992,-0.0452,0.994,0,0,23.6053,-4.5263,1]},
{"frame":4,"values":[0.9969,0.0032,-0.0781,0,0.0001,0.9991,0.0422,0,0.0781,-0.0421,0.9961,0,0,23.6053,-4.5263,1]},
{"frame":5,"values":[0.9989,0.0055,-0.0456,0,-0.0038,0.9993,0.0377,0,0.0458,-0.0375,0.9982,0,0,23.6053,-4.5263,1]},
{"frame":6,"values":[0.9999,0.0086,-0.0119,0,-0.0082,0.9994,0.0335,0,0.0121,-0.0334,0.9994,0,0,23.6053,-4.5263,1]},
{"frame":7,"values":[0.9998,0.0117,0.0134,0,-0.0121,0.9995,0.0308,0,-0.013,-0.031,0.9994,0,0,23.6053,-4.5263,1]},
{"frame":8,"values":[0.9995,0.0143,0.0276,0,-0.0152,0.9994,0.0299,0,-0.0272,-0.0303,0.9992,0,0,23.6053,-4.5263,1]},
{"frame":9,"values":[0.9992,0.0169,0.0371,0,-0.018,0.9994,0.0297,0,-0.0366,-0.0303,0.9989,0,0,23.6053,-4.5263,1]},
{"frame":10,"values":[0.9989,0.0193,0.0425,0,-0.0206,0.9993,0.03,0,-0.0419,-0.0308,0.9986,0,0,23.6053,-4.5263,1]},
{"frame":11,"values":[0.9988,0.0213,0.0442,0,-0.0227,0.9993,0.0308,0,-0.0435,-0.0317,0.9985,0,0,23.6053,-4.5263,1]},
{"frame":12,"values":[0.9988,0.0228,0.0428,0,-0.0241,0.9992,0.0319,0,-0.042,-0.0329,0.9986,0,0,23.6053,-4.5263,1]},
{"frame":13,"values":[0.999,0.0236,0.0384,0,-0.0249,0.9991,0.0334,0,-0.0376,-0.0343,0.9987,0,0,23.6053,-4.5263,1]},
{"frame":14,"values":[0.9993,0.0235,0.029,0,-0.0246,0.9991,0.0357,0,-0.0281,-0.0364,0.9989,0,0,23.6053,-4.5263,1]},
{"frame":15,"values":[0.9997,0.0227,0.012,0,-0.0231,0.999,0.0394,0,-0.0111,-0.0397,0.9992,0,0,23.6053,-4.5263,1]},
{"frame":16,"values":[0.9997,0.0216,-0.0074,0,-0.0212,0.9988,0.0431,0,0.0083,-0.043,0.999,0,0,23.6053,-4.5263,1]},
{"frame":17,"values":[0.9995,0.0204,-0.0238,0,-0.0193,0.9988,0.0453,0,0.0247,-0.0448,0.9987,0,0,23.6053,-4.5263,1]},
{"frame":18,"values":[0.9993,0.019,-0.0333,0,-0.0175,0.9988,0.0451,0,0.0341,-0.0445,0.9984,0,0,23.6053,-4.5263,1]},
{"frame":19,"values":[0.9991,0.0173,-0.0381,0,-0.0157,0.9989,0.0441,0,0.0389,-0.0434,0.9983,0,0,23.6053,-4.5263,1]},
{"frame":20,"values":[0.999,0.0153,-0.0416,0,-0.0135,0.999,0.0428,0,0.0422,-0.0422,0.9982,0,0,23.6053,-4.5263,1]},
{"frame":21,"values":[0.9988,0.013,-0.0469,0,-0.011,0.9991,0.0419,0,0.0474,-0.0413,0.998,0,0,23.6053,-4.5263,1]},
{"frame":22,"values":[0.9983,0.01,-0.058,0,-0.0075,0.9991,0.0418,0,0.0583,-0.0413,0.9974,0,0,23.6053,-4.5263,1]},
{"frame":23,"values":[0.9972,0.0059,-0.0747,0,-0.0027,0.9991,0.0425,0,0.0749,-0.0422,0.9963,0,0,23.6053,-4.5263,1]},
{"frame":24,"values":[0.996,0.0026,-0.0895,0,0.0013,0.9991,0.0434,0,0.0895,-0.0433,0.995,0,0,23.6053,-4.5263,1]},
{"frame":25,"values":[0.9953,0.0011,-0.0972,0,0.0032,0.999,0.044,0,0.0971,-0.0441,0.9943,0,0,23.6053,-4.5263,1]}],"loopBehavior":1,"name":"anim","property":"_matrix"}},
{"name":"Head","index":5,"matrix":[0.7901,-0.1028,-0.6042,0,0.1018,0.9942,-0.0361,0,0.6044,-0.033,0.796,0,0,9.9955,2.7017,1],"rest":[1,0,0,0,0,1,0,0,0,0,1,0,0,9.9955,2.7017,1],"parentBoneIndex":4,"length":31.4272
,"animation":{"dataType":3,"framePerSecond":24,"keys":[
{"frame":1,"values":[0.7901,-0.1028,-0.6042,0,0.1018,0.9942,-0.0361,0,0.6044,-0.033,0.796,0,0,9.9955,2.7017,1]},
{"frame":2,"values":[0.7887,-0.1002,-0.6066,0,0.0998,0.9944,-0.0345,0,0.6067,-0.0333,0.7943,0,0,9.9955,2.7017,1]},
{"frame":3,"values":[0.7847,-0.0955,-0.6125,0,0.096,0.9949,-0.0321,0,0.6124,-0.0336,0.7898,0,0,9.9955,2.7017,1]},
{"frame":4,"values":[0.8383,-0.1034,-0.5353,0,0.0929,0.9946,-0.0466,0,0.5372,-0.0106,0.8434,0,0,9.9955,2.7017,1]},
{"frame":5,"values":[0.9067,-0.1123,-0.4065,0,0.0921,0.9934,-0.0689,0,0.4116,0.025,0.911,0,0,9.9955,2.7017,1]},
{"frame":6,"values":[0.9571,-0.1142,-0.2664,0,0.093,0.9915,-0.0906,0,0.2745,0.0619,0.9596,0,0,9.9955,2.7017,1]},
{"frame":7,"values":[0.9801,-0.1097,-0.1654,0,0.093,0.9901,-0.1055,0,0.1753,0.088,0.9806,0,0,9.9955,2.7017,1]},
{"frame":8,"values":[0.9873,-0.1032,-0.1209,0,0.0896,0.9896,-0.1129,0,0.1313,0.1007,0.9862,0,0,9.9955,2.7017,1]},
{"frame":9,"values":[0.9898,-0.0962,-0.1047,0,0.0838,0.9895,-0.1174,0,0.1149,0.1075,0.9876,0,0,9.9955,2.7017,1]},
{"frame":10,"values":[0.9898,-0.0898,-0.1106,0,0.0764,0.9899,-0.1195,0,0.1202,0.1098,0.9867,0,0,9.9955,2.7017,1]},
{"frame":11,"values":[0.9873,-0.0841,-0.1349,0,0.0681,0.9905,-0.1192,0,0.1436,0.1085,0.9837,0,0,9.9955,2.7017,1]},
{"frame":12,"values":[0.9818,-0.0794,-0.1723,0,0.0597,0.9914,-0.1168,0,0.1801,0.1044,0.9781,0,0,9.9955,2.7017,1]},
{"frame":13,"values":[0.9728,-0.0758,-0.2189,0,0.0521,0.9923,-0.1122,0,0.2258,0.0978,0.9693,0,0,9.9955,2.7017,1]},
{"frame":14,"values":[0.9551,-0.0729,-0.2871,0,0.0448,0.9936,-0.1032,0,0.2928,0.0858,0.9523,0,0,9.9955,2.7017,1]},
{"frame":15,"values":[0.9184,-0.0683,-0.3898,0,0.037,0.9955,-0.0873,0,0.394,0.0658,0.9168,0,0,9.9955,2.7017,1]},
{"frame":16,"values":[0.8693,-0.0613,-0.4905,0,0.031,0.9971,-0.0697,0,0.4934,0.0454,0.8686,0,0,9.9955,2.7017,1]},
{"frame":17,"values":[0.8288,-0.0554,-0.5569,0,0.0287,0.998,-0.0566,0,0.5589,0.0309,0.8287,0,0,9.9955,2.7017,1]},
{"frame":18,"values":[0.8114,-0.0549,-0.5819,0,0.0304,0.9982,-0.0518,0,0.5837,0.0244,0.8116,0,0,9.9955,2.7017,1]},
{"frame":19,"values":[0.8009,-0.0585,-0.596,0,0.0346,0.9981,-0.0514,0,0.5978,0.0205,0.8014,0,0,9.9955,2.7017,1]},
{"frame":20,"values":[0.794,-0.0644,-0.6045,0,0.0409,0.9978,-0.0525,0,0.6065,0.0169,0.7949,0,0,9.9955,2.7017,1]},
{"frame":21,"values":[0.7894,-0.0709,-0.6098,0,0.049,0.9974,-0.0525,0,0.6119,0.0115,0.7908,0,0,9.9955,2.7017,1]},
{"frame":22,"values":[0.7849,-0.0777,-0.6148,0,0.0598,0.997,-0.0497,0,0.6168,0.0023,0.7871,0,0,9.9955,2.7017,1]},
{"frame":23,"values":[0.7802,-0.0866,-0.6195,0,0.0743,0.9962,-0.0457,0,0.6211,-0.0104,0.7836,0,0,9.9955,2.7017,1]},
{"frame":24,"values":[0.7835,-0.0962,-0.6138,0,0.0906,0.9951,-0.0402,0,0.6147,-0.0241,0.7884,0,0,9.9955,2.7017,1]},
{"frame":25,"values":[0.7901,-0.1028,-0.6042,0,0.1018,0.9942,-0.0361,0,0.6044,-0.033,0.796,0,0,9.9955,2.7017,1]}],"loopBehavior":1,"name":"anim","property":"_matrix"}},
{"name":"HeadTop_End","index":6,"matrix":[1,0,0,0,0,1,0,0,0,0,1,0,0,31.2072,3.7118,1],"rest":[1,0,0,0,0,1,0,0,0,0,1,0,0,31.2072,3.7118,1],"parentBoneIndex":5,"length":31.4272
,"animation":{"dataType":3,"framePerSecond":24,"keys":[
{"frame":1,"values":[1,0,0,0,0,1,0,0,0,0,1,0,0,31.2072,3.7118,1]},
{"frame":25,"values":[1,0,0,0,0,1,0,0,0,0,1,0,0,31.2072,3.7118,1]}],"loopBehavior":1,"name":"anim","property":"_matrix"}},
{"name":"LeftShoulder","index":7,"matrix":[0.9084,-0.1087,0.4036,0,0.0392,0.9835,0.1766,0,-0.4162,-0.1446,0.8977,0,6.1723,17.8795,-2.6384,1],"rest":[1,-0.0039,0,0,0.0039,1,0,0,0,0,1,0,6.1723,17.8795,-2.6384,1],"parentBoneIndex":3,"length":6.4566
,"animation":{"dataType":3,"framePerSecond":24,"keys":[
{"frame":1,"values":[0.9084,-0.1087,0.4036,0,0.0392,0.9835,0.1766,0,-0.4162,-0.1446,0.8977,0,6.1723,17.8795,-2.6384,1]},
{"frame":2,"values":[0.907,-0.1183,0.4041,0,0.049,0.9828,0.1779,0,-0.4182,-0.1416,0.8972,0,6.1723,17.8795,-2.6384,1]},
{"frame":3,"values":[0.9068,-0.1199,0.4042,0,0.0506,0.9827,0.1781,0,-0.4186,-0.1411,0.8972,0,6.1723,17.8795,-2.6384,1]},
{"frame":24,"values":[0.9075,-0.1153,0.404,0,0.0459,0.9831,0.1775,0,-0.4176,-0.1425,0.8974,0,6.1723,17.8795,-2.6384,1]},
{"frame":25,"values":[0.9084,-0.1087,0.4036,0,0.0392,0.9835,0.1766,0,-0.4162,-0.1446,0.8977,0,6.1723,17.8795,-2.6384,1]}],"loopBehavior":1,"name":"anim","property":"_matrix"}},
{"name":"LeftArm","index":8,"matrix":[0.4966,-0.7965,0.3448,0,0.8587,0.393,-0.3288,0,0.1264,0.4594,0.8792,0,6.0747,-1.0059,-1.9427,1],"rest":[0.9995,0.0084,0.0302,0,-0.0084,1,-0.0001,0,-0.0302,-0.0002,0.9995,0,6.0747,-1.0059,-1.9427,1],"parentBoneIndex":7,"length":27.264
,"animation":{"dataType":3,"framePerSecond":24,"keys":[
{"frame":1,"values":[0.4966,-0.7965,0.3448,0,0.8587,0.393,-0.3288,0,0.1264,0.4594,0.8792,0,6.0747,-1.0059,-1.9427,1]},
{"frame":2,"values":[0.4924,-0.7937,0.3572,0,0.8634,0.3938,-0.3154,0,0.1096,0.4637,0.8792,0,6.0747,-1.0059,-1.9427,1]},
{"frame":3,"values":[0.4803,-0.7942,0.3723,0,0.8725,0.3893,-0.2953,0,0.0896,0.4667,0.8799,0,6.0747,-1.0059,-1.9427,1]},
{"frame":4,"values":[0.4643,-0.7954,0.3895,0,0.8818,0.3741,-0.2872,0,0.0827,0.4769,0.8751,0,6.0747,-1.0059,-1.9427,1]},
{"frame":5,"values":[0.4519,-0.7954,0.4038,0,0.8878,0.3566,-0.2911,0,0.0875,0.49,0.8673,0,6.0747,-1.0059,-1.9427,1]},
{"frame":6,"values":[0.4464,-0.7961,0.4086,0,0.8892,0.3437,-0.3018,0,0.0998,0.4981,0.8613,0,6.0747,-1.0059,-1.9427,1]},
{"frame":7,"values":[0.4493,-0.7983,0.401,0,0.8855,0.3383,-0.3186,0,0.1187,0.4982,0.8589,0,6.0747,-1.0059,-1.9427,1]},
{"frame":8,"values":[0.4613,-0.8012,0.3811,0,0.8743,0.3373,-0.3492,0,0.1512,0.4943,0.856,0,6.0747,-1.0059,-1.9427,1]},
{"frame":9,"values":[0.479,-0.8003,0.3606,0,0.8574,0.3386,-0.3875,0,0.1881,0.4948,0.8484,0,6.0747,-1.0059,-1.9427,1]},
{"frame":10,"values":[0.4985,-0.7934,0.3492,0,0.8399,0.3423,-0.4213,0,0.2147,0.5033,0.837,0,6.0747,-1.0059,-1.9427,1]},
{"frame":11,"values":[0.5193,-0.7781,0.3535,0,0.825,0.3486,-0.4448,0,0.2228,0.5226,0.823,0,6.0747,-1.0059,-1.9427,1]},
{"frame":12,"values":[0.5306,-0.7678,0.359,0,0.8178,0.3525,-0.4548,0,0.2227,0.5349,0.815,0,6.0747,-1.0059,-1.9427,1]},
{"frame":13,"values":[0.5323,-0.7634,0.3659,0,0.819,0.355,-0.4508,0,0.2142,0.5397,0.8142,0,6.0747,-1.0059,-1.9427,1]},
{"frame":14,"values":[0.5314,-0.759,0.3764,0,0.8244,0.3609,-0.4361,0,0.1952,0.542,0.8174,0,6.0747,-1.0059,-1.9427,1]},
{"frame":15,"values":[0.5299,-0.7566,0.3831,0,0.8301,0.3704,-0.4167,0,0.1733,0.5389,0.8244,0,6.0747,-1.0059,-1.9427,1]},
{"frame":16,"values":[0.5307,-0.7525,0.39,0,0.8329,0.3779,-0.4044,0,0.157,0.5394,0.8273,0,6.0747,-1.0059,-1.9427,1]},
{"frame":17,"values":[0.5326,-0.7515,0.3892,0,0.8333,0.3854,-0.3963,0,0.1478,0.5354,0.8315,0,6.0747,-1.0059,-1.9427,1]},
{"frame":18,"values":[0.5343,-0.7511,0.3878,0,0.8339,0.3931,-0.3874,0,0.1386,0.5304,0.8364,0,6.0747,-1.0059,-1.9427,1]},
{"frame":19,"values":[0.5346,-0.7517,0.3862,0,0.8349,0.3991,-0.379,0,0.1308,0.525,0.841,0,6.0747,-1.0059,-1.9427,1]},
{"frame":20,"values":[0.5339,-0.7544,0.3819,0,0.8361,0.4036,-0.3716,0,0.1262,0.5177,0.8462,0,6.0747,-1.0059,-1.9427,1]},
{"frame":21,"values":[0.5315,-0.7605,0.373,0,0.8372,0.4046,-0.3681,0,0.129,0.5079,0.8517,0,6.0747,-1.0059,-1.9427,1]},
{"frame":22,"values":[0.526,-0.768,0.3654,0,0.84,0.4018,-0.3647,0,0.1333,0.4988,0.8564,0,6.0747,-1.0059,-1.9427,1]},
{"frame":23,"values":[0.5187,-0.7755,0.3599,0,0.8444,0.3987,-0.3579,0,0.1341,0.4896,0.8616,0,6.0747,-1.0059,-1.9427,1]},
{"frame":24,"values":[0.507,-0.7866,0.3524,0,0.8521,0.3957,-0.3427,0,0.1301,0.474,0.8708,0,6.0747,-1.0059,-1.9427,1]},
{"frame":25,"values":[0.4966,-0.7966,0.3448,0,0.8587,0.393,-0.3288,0,0.1264,0.4594,0.8792,0,6.0747,-1.0059,-1.9427,1]}],"loopBehavior":1,"name":"anim","property":"_matrix"}},
{"name":"LeftForeArm","index":9,"matrix":[0.0957,0.0064,0.9954,0,0.9684,-0.2321,-0.0916,0,0.2305,0.9727,-0.0284,0,27.2512,-0.1236,-0.8243,1],"rest":[0.9995,-0.0045,-0.0302,0,0.0045,1,-0.0001,0,0.0302,-0.0001,0.9995,0,27.2512,-0.1236,-0.8243,1],"parentBoneIndex":8,"length":27.5147
,"animation":{"dataType":3,"framePerSecond":24,"keys":[
{"frame":1,"values":[0.0957,0.0064,0.9954,0,0.9684,-0.2321,-0.0916,0,0.2305,0.9727,-0.0284,0,27.2512,-0.1236,-0.8243,1]},
{"frame":2,"values":[0.1118,0.0247,0.9934,0,0.9696,-0.2219,-0.1036,0,0.2179,0.9748,-0.0487,0,27.2512,-0.1236,-0.8243,1]},
{"frame":3,"values":[0.1232,0.0551,0.9908,0,0.9712,-0.2117,-0.109,0,0.2037,0.9758,-0.0796,0,27.2512,-0.1236,-0.8243,1]},
{"frame":4,"values":[0.132,0.0892,0.9872,0,0.9731,-0.2013,-0.1119,0,0.1887,0.9755,-0.1134,0,27.2512,-0.1236,-0.8243,1]},
{"frame":5,"values":[0.1333,0.1276,0.9828,0,0.9758,-0.1901,-0.1077,0,0.1731,0.9734,-0.1499,0,27.2512,-0.1236,-0.8243,1]},
{"frame":6,"values":[0.1245,0.159,0.9794,0,0.9788,-0.1814,-0.0949,0,0.1626,0.9705,-0.1782,0,27.2512,-0.1236,-0.8243,1]},
{"frame":7,"values":[0.1053,0.1663,0.9804,0,0.9809,-0.1795,-0.0749,0,0.1635,0.9696,-0.1821,0,27.2512,-0.1236,-0.8243,1]},
{"frame":8,"values":[0.0773,0.1493,0.9858,0,0.9816,-0.1843,-0.0491,0,0.1743,0.9715,-0.1608,0,27.2512,-0.1236,-0.8243,1]},
{"frame":9,"values":[0.0588,0.117,0.9914,0,0.9805,-0.1935,-0.0354,0,0.1877,0.9741,-0.1261,0,27.2512,-0.1236,-0.8243,1]},
{"frame":10,"values":[0.0588,0.0779,0.9952,0,0.9779,-0.2049,-0.0417,0,0.2007,0.9757,-0.0882,0,27.2512,-0.1236,-0.8243,1]},
{"frame":11,"values":[0.0765,0.0408,0.9962,0,0.9741,-0.2162,-0.0659,0,0.2127,0.9755,-0.0563,0,27.2512,-0.1236,-0.8243,1]},
{"frame":12,"values":[0.0894,0.0142,0.9959,0,0.9708,-0.2246,-0.0839,0,0.2225,0.9744,-0.0338,0,27.2512,-0.1236,-0.8243,1]},
{"frame":13,"values":[0.0983,0.0065,0.9951,0,0.9693,-0.227,-0.0942,0,0.2253,0.9739,-0.0286,0,27.2512,-0.1236,-0.8243,1]},
{"frame":14,"values":[0.1082,0.0064,0.9941,0,0.9683,-0.227,-0.104,0,0.225,0.9739,-0.0308,0,27.2512,-0.1236,-0.8243,1]},
{"frame":15,"values":[0.1151,0.0064,0.9933,0,0.9676,-0.227,-0.1106,0,0.2248,0.9739,-0.0323,0,27.2512,-0.1236,-0.8243,1]},
{"frame":16,"values":[0.1301,0.0063,0.9915,0,0.9658,-0.227,-0.1253,0,0.2243,0.9739,-0.0356,0,27.2512,-0.1236,-0.8243,1]},
{"frame":17,"values":[0.1397,0.0063,0.9902,0,0.9646,-0.227,-0.1346,0,0.2239,0.9739,-0.0377,0,27.2512,-0.1236,-0.8243,1]},
{"frame":18,"values":[0.1481,0.0062,0.989,0,0.9634,-0.227,-0.1428,0,0.2236,0.9739,-0.0396,0,27.2512,-0.1236,-0.8243,1]},
{"frame":19,"values":[0.1556,0.0062,0.9878,0,0.9623,-0.227,-0.1502,0,0.2233,0.9739,-0.0413,0,27.2512,-0.1236,-0.8243,1]},
{"frame":20,"values":[0.1591,0.0062,0.9872,0,0.9617,-0.227,-0.1536,0,0.2231,0.9739,-0.042,0,27.2512,-0.1236,-0.8243,1]},
{"frame":21,"values":[0.156,0.0062,0.9877,0,0.9622,-0.227,-0.1506,0,0.2233,0.9739,-0.0414,0,27.2512,-0.1236,-0.8243,1]},
{"frame":22,"values":[0.1497,0.0062,0.9887,0,0.9631,-0.227,-0.1444,0,0.2235,0.9739,-0.04,0,27.2512,-0.1236,-0.8243,1]},
{"frame":23,"values":[0.1405,0.0063,0.9901,0,0.9644,-0.227,-0.1354,0,0.2239,0.9739,-0.0379,0,27.2512,-0.1236,-0.8243,1]},
{"frame":24,"values":[0.1186,0.0063,0.9929,0,0.9667,-0.2293,-0.1141,0,0.2269,0.9733,-0.0333,0,27.2512,-0.1236,-0.8243,1]},
{"frame":25,"values":[0.0957,0.0064,0.9954,0,0.9684,-0.2321,-0.0916,0,0.2305,0.9727,-0.0284,0,27.2512,-0.1236,-0.8243,1]}],"loopBehavior":1,"name":"anim","property":"_matrix"}},
{"name":"LeftHand","index":10,"matrix":[0.9852,-0.0355,0.1679,0,0.1085,0.8867,-0.4495,0,-0.1329,0.461,0.8774,0,27.5147,0,0,1],"rest":[1,0,0,0,0,1,0.0006,0,0,-0.0006,1,0,27.5147,0,0,1],"parentBoneIndex":9,"length":10.1836
,"animation":{"dataType":3,"framePerSecond":24,"keys":[
{"frame":1,"values":[0.9852,-0.0355,0.1679,0,0.1085,0.8867,-0.4495,0,-0.1329,0.461,0.8774,0,27.5147,0,0,1]},
{"frame":2,"values":[0.9867,-0.0386,0.1577,0,0.1062,0.8884,-0.4465,0,-0.1229,0.4573,0.8808,0,27.5147,0,0,1]},
{"frame":3,"values":[0.9884,-0.0363,0.1476,0,0.0989,0.8908,-0.4435,0,-0.1154,0.4529,0.8841,0,27.5147,0,0,1]},
{"frame":4,"values":[0.9917,-0.0337,0.124,0,0.085,0.8957,-0.4364,0,-0.0963,0.4433,0.8912,0,27.5147,0,0,1]},
{"frame":5,"values":[0.9956,-0.0314,0.0885,0,0.0666,0.9003,-0.4302,0,-0.0662,0.4342,0.8984,0,27.5147,0,0,1]},
{"frame":6,"values":[0.9981,-0.0269,0.0551,0,0.048,0.9023,-0.4285,0,-0.0382,0.4303,0.9019,0,27.5147,0,0,1]},
{"frame":7,"values":[0.9989,-0.0234,0.0395,0,0.0381,0.9023,-0.4295,0,-0.0256,0.4306,0.9022,0,27.5147,0,0,1]},
{"frame":8,"values":[0.9991,-0.0191,0.0375,0,0.0335,0.9006,-0.4334,0,-0.0255,0.4342,0.9004,0,27.5147,0,0,1]},
{"frame":9,"values":[0.999,-0.0175,0.0407,0,0.0336,0.8977,-0.4394,0,-0.0289,0.4403,0.8974,0,27.5147,0,0,1]},
{"frame":10,"values":[0.9986,-0.0196,0.0489,0,0.0394,0.8938,-0.4467,0,-0.035,0.4481,0.8933,0,27.5147,0,0,1]},
{"frame":11,"values":[0.9977,-0.0212,0.0647,0,0.0483,0.8902,-0.453,0,-0.048,0.4551,0.8892,0,27.5147,0,0,1]},
{"frame":12,"values":[0.9965,-0.0216,0.0812,0,0.0563,0.8886,-0.4552,0,-0.0623,0.4582,0.8867,0,27.5147,0,0,1]},
{"frame":13,"values":[0.9955,-0.0215,0.092,0,0.0612,0.8887,-0.4545,0,-0.0719,0.4581,0.886,0,27.5147,0,0,1]},
{"frame":14,"values":[0.9943,-0.021,0.1044,0,0.0663,0.8893,-0.4525,0,-0.0833,0.4569,0.8856,0,27.5147,0,0,1]},
{"frame":15,"values":[0.9926,-0.0228,0.1194,0,0.0746,0.8896,-0.4507,0,-0.0959,0.4563,0.8847,0,27.5147,0,0,1]},
{"frame":16,"values":[0.9915,-0.0276,0.127,0,0.0825,0.8886,-0.4512,0,-0.1004,0.4578,0.8834,0,27.5147,0,0,1]},
{"frame":17,"values":[0.991,-0.033,0.1294,0,0.0889,0.8863,-0.4546,0,-0.0997,0.462,0.8813,0,27.5147,0,0,1]},
{"frame":18,"values":[0.9905,-0.0381,0.1325,0,0.0953,0.8834,-0.4589,0,-0.0995,0.4671,0.8786,0,27.5147,0,0,1]},
{"frame":19,"values":[0.9898,-0.0425,0.1362,0,0.1015,0.8806,-0.4629,0,-0.1003,0.4719,0.8759,0,27.5147,0,0,1]},
{"frame":20,"values":[0.9892,-0.0463,0.1393,0,0.1069,0.8779,-0.4668,0,-0.1007,0.4766,0.8733,0,27.5147,0,0,1]},
{"frame":21,"values":[0.9892,-0.0493,0.1382,0,0.1093,0.8762,-0.4694,0,-0.098,0.4794,0.8721,0,27.5147,0,0,1]},
{"frame":22,"values":[0.9893,-0.0505,0.1366,0,0.1094,0.877,-0.4679,0,-0.0961,0.4778,0.8732,0,27.5147,0,0,1]},
{"frame":23,"values":[0.989,-0.0495,0.139,0,0.1092,0.8795,-0.4633,0,-0.0994,0.4734,0.8752,0,27.5147,0,0,1]},
{"frame":24,"values":[0.9873,-0.043,0.1528,0,0.109,0.8835,-0.4556,0,-0.1154,0.4665,0.877,0,27.5147,0,0,1]},
{"frame":25,"values":[0.9852,-0.0355,0.1679,0,0.1085,0.8867,-0.4495,0,-0.1329,0.461,0.8774,0,27.5147,0,0,1]}],"loopBehavior":1,"name":"anim","property":"_matrix"}},
{"name":"LeftHandThumb1","index":11,"matrix":[0.9854,-0.0401,-0.1652,0,0.0415,0.9991,0.005,0,0.1649,-0.0118,0.9862,0,4.2092,-0.2988,5.1387,1],"rest":[1,0.0002,0.0002,0,-0.0002,1,-0.0002,0,-0.0002,0.0002,1,0,4.2092,-0.2988,5.1387,1],"parentBoneIndex":10,"length":1.9313
,"animation":{"dataType":3,"framePerSecond":24,"keys":[
{"frame":1,"values":[0.9854,-0.0401,-0.1652,0,0.0415,0.9991,0.005,0,0.1649,-0.0118,0.9862,0,4.2092,-0.2988,5.1387,1]},
{"frame":25,"values":[0.9854,-0.0401,-0.1652,0,0.0415,0.9991,0.005,0,0.1649,-0.0118,0.9862,0,4.2092,-0.2988,5.1387,1]}],"loopBehavior":1,"name":"anim","property":"_matrix"}},
{"name":"LeftHandThumb2","index":12,"matrix":[0.9788,0.0948,-0.1816,0,-0.0826,0.9938,0.0738,0,0.1875,-0.0572,0.9806,0,1.496,-0.8637,0.8637,1],"rest":[0.9982,0.052,0.0284,0,-0.0507,0.9976,-0.0475,0,-0.0308,0.046,0.9985,0,1.496,-0.8637,0.8637,1],"parentBoneIndex":11,"length":2.3416
,"animation":{"dataType":3,"framePerSecond":24,"keys":[
{"frame":1,"values":[0.9788,0.0948,-0.1816,0,-0.0826,0.9938,0.0738,0,0.1875,-0.0572,0.9806,0,1.496,-0.8637,0.8637,1]},
{"frame":25,"values":[0.9788,0.0948,-0.1816,0,-0.0826,0.9938,0.0738,0,0.1875,-0.0572,0.9806,0,1.496,-0.8637,0.8637,1]}],"loopBehavior":1,"name":"anim","property":"_matrix"}},
{"name":"LeftHandThumb3","index":13,"matrix":[0.9661,0.0873,0.2429,0,0.0088,0.9294,-0.3691,0,-0.258,0.3587,0.8971,0,1.7859,-1.1863,0.9415,1],"rest":[0.9982,-0.0507,-0.0308,0,0.052,0.9976,0.046,0,0.0284,-0.0475,0.9985,0,1.7859,-1.1863,0.9415,1],"parentBoneIndex":12,"length":4.3787
,"animation":{"dataType":3,"framePerSecond":24,"keys":[
{"frame":1,"values":[0.9661,0.0873,0.2429,0,0.0088,0.9294,-0.3691,0,-0.258,0.3587,0.8971,0,1.7859,-1.1863,0.9415,1]},
{"frame":25,"values":[0.9661,0.0873,0.2429,0,0.0088,0.9294,-0.3691,0,-0.258,0.3587,0.8971,0,1.7859,-1.1863,0.9415,1]}],"loopBehavior":1,"name":"anim","property":"_matrix"}},
{"name":"LeftHandThumb4","index":14,"matrix":[1,0,0,0,0,1,0,0,0,0,1,0,3.3918,-1.9582,1.9582,1],"rest":[1,0,0,0,0,1,0,0,0,0,1,0,3.3918,-1.9582,1.9582,1],"parentBoneIndex":13,"length":4.3787
,"animation":{"dataType":3,"framePerSecond":24,"keys":[
{"frame":1,"values":[1,0,0,0,0,1,0,0,0,0,1,0,3.3918,-1.9582,1.9582,1]},
{"frame":25,"values":[1,0,0,0,0,1,0,0,0,0,1,0,3.3918,-1.9582,1.9582,1]}],"loopBehavior":1,"name":"anim","property":"_matrix"}},
{"name":"LeftHandIndex1","index":15,"matrix":[0.9347,-0.3535,-0.0375,0,0.3548,0.9208,0.1619,0,-0.0227,-0.1646,0.9861,0,11.0606,-0.132,2.3806,1],"rest":[1,0,0,0,0,1,0,0,0,0,1,0,11.0606,-0.132,2.3806,1],"parentBoneIndex":10,"length":2.4579
,"animation":{"dataType":3,"framePerSecond":24,"keys":[
{"frame":1,"values":[0.9347,-0.3535,-0.0375,0,0.3548,0.9208,0.1619,0,-0.0227,-0.1646,0.9861,0,11.0606,-0.132,2.3806,1]},
{"frame":25,"values":[0.9347,-0.3535,-0.0375,0,0.3548,0.9208,0.1619,0,-0.0227,-0.1646,0.9861,0,11.0606,-0.132,2.3806,1]}],"loopBehavior":1,"name":"anim","property":"_matrix"}},
{"name":"LeftHandIndex2","index":16,"matrix":[0.878,-0.4761,-0.0502,0,0.4761,0.8793,-0.0123,0,0.05,-0.0131,0.9987,0,2.4579,0,0,1],"rest":[1,0,-0.0017,0,0,1,0,0,0.0017,0,1,0,2.4579,0,0,1],"parentBoneIndex":15,"length":3.0022
,"animation":{"dataType":3,"framePerSecond":24,"keys":[
{"frame":1,"values":[0.878,-0.4761,-0.0502,0,0.4761,0.8793,-0.0123,0,0.05,-0.0131,0.9987,0,2.4579,0,0,1]},
{"frame":25,"values":[0.878,-0.4761,-0.0502,0,0.4761,0.8793,-0.0123,0,0.05,-0.0131,0.9987,0,2.4579,0,0,1]}],"loopBehavior":1,"name":"anim","property":"_matrix"}},
{"name":"LeftHandIndex3","index":17,"matrix":[0.8816,-0.4696,-0.0473,0,0.4696,0.8828,-0.0112,0,0.047,-0.0124,0.9988,0,3.0022,0,0.005,1],"rest":[1,0.009,0.0017,0,-0.009,1,0,0,-0.0017,0,1,0,3.0022,0,0.005,1],"parentBoneIndex":16,"length":4.3809
,"animation":{"dataType":3,"framePerSecond":24,"keys":[
{"frame":1,"values":[0.8816,-0.4696,-0.0473,0,0.4696,0.8828,-0.0112,0,0.047,-0.0124,0.9988,0,3.0022,0,0.005,1]},
{"frame":25,"values":[0.8816,-0.4696,-0.0473,0,0.4696,0.8828,-0.0112,0,0.047,-0.0124,0.9988,0,3.0022,0,0.005,1]}],"loopBehavior":1,"name":"anim","property":"_matrix"}},
{"name":"LeftHandIndex4","index":18,"matrix":[1,0,0,0,0,1,0,0,0,0,1,0,4.3807,-0.0396,0,1],"rest":[1,0,0,0,0,1,0,0,0,0,1,0,4.3807,-0.0396,0,1],"parentBoneIndex":17,"length":4.3809
,"animation":{"dataType":3,"framePerSecond":24,"keys":[
{"frame":1,"values":[1,0,0,0,0,1,0,0,0,0,1,0,4.3807,-0.0396,0,1]},
{"frame":25,"values":[1,0,0,0,0,1,0,0,0,0,1,0,4.3807,-0.0396,0,1]}],"loopBehavior":1,"name":"anim","property":"_matrix"}},
{"name":"LeftHandMiddle1","index":19,"matrix":[0.9353,-0.3523,-0.0324,0,0.3524,0.9195,0.1744,0,-0.0316,-0.1745,0.9841,0,11.0246,0,0,1],"rest":[1,0,0,0,0,1,0,0,0,0,1,0,11.0246,0,0,1],"parentBoneIndex":10,"length":3.1154
,"animation":{"dataType":3,"framePerSecond":24,"keys":[
{"frame":1,"values":[0.9353,-0.3523,-0.0324,0,0.3524,0.9195,0.1744,0,-0.0316,-0.1745,0.9841,0,11.0246,0,0,1]},
{"frame":25,"values":[0.9353,-0.3523,-0.0324,0,0.3524,0.9195,0.1744,0,-0.0316,-0.1745,0.9841,0,11.0246,0,0,1]}],"loopBehavior":1,"name":"anim","property":"_matrix"}},
{"name":"LeftHandMiddle2","index":20,"matrix":[0.6955,-0.7148,-0.0728,0,0.7148,0.6986,-0.0307,0,0.0728,-0.0307,0.9969,0,3.1154,0,0,1],"rest":[1,0,0,0,0,1,0,0,0,0,1,0,3.1154,0,0,1],"parentBoneIndex":19,"length":2.9998
,"animation":{"dataType":3,"framePerSecond":24,"keys":[
{"frame":1,"values":[0.6955,-0.7148,-0.0728,0,0.7148,0.6986,-0.0307,0,0.0728,-0.0307,0.9969,0,3.1154,0,0,1]},
{"frame":25,"values":[0.6955,-0.7148,-0.0728,0,0.7148,0.6986,-0.0307,0,0.0728,-0.0307,0.9969,0,3.1154,0,0,1]}],"loopBehavior":1,"name":"anim","property":"_matrix"}},
{"name":"LeftHandMiddle3","index":21,"matrix":[0.7198,-0.6906,-0.0703,0,0.6906,0.7227,-0.0282,0,0.0703,-0.0282,0.9971,0,2.9998,0,0,1],"rest":[1,0,0,0,0,1,0,0,0,0,1,0,2.9998,0,0,1],"parentBoneIndex":20,"length":4.6445
,"animation":{"dataType":3,"framePerSecond":24,"keys":[
{"frame":1,"values":[0.7198,-0.6906,-0.0703,0,0.6906,0.7227,-0.0282,0,0.0703,-0.0282,0.9971,0,2.9998,0,0,1]},
{"frame":25,"values":[0.7198,-0.6906,-0.0703,0,0.6906,0.7227,-0.0282,0,0.0703,-0.0282,0.9971,0,2.9998,0,0,1]}],"loopBehavior":1,"name":"anim","property":"_matrix"}},
{"name":"LeftHandMiddle4","index":22,"matrix":[1,0,0,0,0,1,0,0,0,0,1,0,4.6445,0,0,1],"rest":[1,0,0,0,0,1,0,0,0,0,1,0,4.6445,0,0,1],"parentBoneIndex":21,"length":4.6445
,"animation":{"dataType":3,"framePerSecond":24,"keys":[
{"frame":1,"values":[1,0,0,0,0,1,0,0,0,0,1,0,4.6445,0,0,1]},
{"frame":25,"values":[1,0,0,0,0,1,0,0,0,0,1,0,4.6445,0,0,1]}],"loopBehavior":1,"name":"anim","property":"_matrix"}},
{"name":"LeftHandRing1","index":23,"matrix":[0.9513,-0.3081,-0.0053,0,0.3081,0.9511,0.0212,0,-0.0015,-0.0219,0.9998,0,10.691,-0.1194,-2.8235,1],"rest":[1,0,0,0,0,1,0,0,0,0,1,0,10.691,-0.1194,-2.8235,1],"parentBoneIndex":10,"length":2.981
,"animation":{"dataType":3,"framePerSecond":24,"keys":[
{"frame":1,"values":[0.9513,-0.3081,-0.0053,0,0.3081,0.9511,0.0212,0,-0.0015,-0.0219,0.9998,0,10.691,-0.1194,-2.8235,1]},
{"frame":25,"values":[0.9513,-0.3081,-0.0053,0,0.3081,0.9511,0.0212,0,-0.0015,-0.0219,0.9998,0,10.691,-0.1194,-2.8235,1]}],"loopBehavior":1,"name":"anim","property":"_matrix"}},
{"name":"LeftHandRing2","index":24,"matrix":[0.3573,-0.9292,-0.0946,0,0.9292,0.3639,-0.0648,0,0.0946,-0.0648,0.9934,0,2.981,0,0,1],"rest":[1,0,0,0,0,1,0,0,0,0,1,0,2.981,0,0,1],"parentBoneIndex":23,"length":2.6834
,"animation":{"dataType":3,"framePerSecond":24,"keys":[
{"frame":1,"values":[0.3573,-0.9292,-0.0946,0,0.9292,0.3639,-0.0648,0,0.0946,-0.0648,0.9934,0,2.981,0,0,1]},
{"frame":25,"values":[0.3573,-0.9292,-0.0946,0,0.9292,0.3639,-0.0648,0,0.0946,-0.0648,0.9934,0,2.981,0,0,1]}],"loopBehavior":1,"name":"anim","property":"_matrix"}},
{"name":"LeftHandRing3","index":25,"matrix":[0.8168,-0.5401,-0.2026,0,0.5487,0.8358,-0.016,0,0.178,-0.0981,0.9791,0,2.6834,0,0,1],"rest":[0.9999,-0.0011,-0.0133,0,0.0011,1,0,0,0.0133,0,0.9999,0,2.6834,0,0,1],"parentBoneIndex":24,"length":4.0139
,"animation":{"dataType":3,"framePerSecond":24,"keys":[
{"frame":1,"values":[0.8168,-0.5401,-0.2026,0,0.5487,0.8358,-0.016,0,0.178,-0.0981,0.9791,0,2.6834,0,0,1]},
{"frame":25,"values":[0.8168,-0.5401,-0.2026,0,0.5487,0.8358,-0.016,0,0.178,-0.0981,0.9791,0,2.6834,0,0,1]}],"loopBehavior":1,"name":"anim","property":"_matrix"}},
{"name":"LeftHandRing4","index":26,"matrix":[1,0,0,0,0,1,0,0,0,0,1,0,4.0135,0.0046,0.0533,1],"rest":[1,0,0,0,0,1,0,0,0,0,1,0,4.0135,0.0046,0.0533,1],"parentBoneIndex":25,"length":4.0139
,"animation":{"dataType":3,"framePerSecond":24,"keys":[
{"frame":1,"values":[1,0,0,0,0,1,0,0,0,0,1,0,4.0135,0.0046,0.0533,1]},
{"frame":25,"values":[1,0,0,0,0,1,0,0,0,0,1,0,4.0135,0.0046,0.0533,1]}],"loopBehavior":1,"name":"anim","property":"_matrix"}},
{"name":"LeftHandPinky1","index":27,"matrix":[0.9932,-0.1159,-0.0119,0,0.1131,0.9836,-0.1404,0,0.028,0.1381,0.99,0,9.3643,-0.0783,-5.5212,1],"rest":[1,0,0,0,0,1,0,0,0,0,1,0,9.3643,-0.0783,-5.5212,1],"parentBoneIndex":10,"length":2.543
