{"producer":{"name":"Blender","version":"2.90.0","exporter_version":"2.80.1","file":"run.babylon"},
"autoClear":true,"clearColor":[0.0509,0.0509,0.0509],"gravity":[0,-9.81,0],
"materials":[{"name":"Material","id":"Material","customType":"BABYLON.PBRMaterial","backFaceCulling":true,"checkReadyOnlyOnce":false,"maxSimultaneousLights":4,"environmentIntensity":1,"albedo":[0.8,0.8,0.8],"reflectivity":[0.5,0.5,0.5],"roughness":0.4,"alpha":1,"transparencyMode":0,"alphaCutOff":0.4,"metallic":0}],
"multiMaterials":[],
"skeletons":[{"name":"Armature","id":0,"dimensionsAtRest":[177.7018,230.6614,27.1405],"bones":[
{"name":"Hips","index":0,"matrix":[0.9871,-0.1511,-0.0525,0,0.1403,0.9753,-0.1705,0,-0.077,-0.161,-0.984,0,1.6414,101.8573,-0.8869,1],"rest":[1,0,0,0,0,1,0,0,0,0,-1,0,0,113.0334,0,1],"parentBoneIndex":-1,"length":12.9876
,"animation":{"dataType":3,"framePerSecond":24,"keys":[
{"frame":1,"values":[0.9871,-0.1511,-0.0525,0,0.1403,0.9753,-0.1705,0,-0.077,-0.161,-0.984,0,1.6414,101.8573,-0.8869,1]},
{"frame":2,"values":[0.9887,-0.1162,-0.0944,0,0.0929,0.9706,-0.2219,0,-0.1174,-0.2106,-0.9705,0,1.3367,104.4418,-1.2619,1]},
{"frame":3,"values":[0.9902,-0.0622,-0.1254,0,0.028,0.9657,-0.2582,0,-0.1371,-0.2522,-0.9579,0,1.1619,106.5166,-2.0193,1]},
{"frame":4,"values":[0.9948,-0.0121,-0.1009,0,-0.0179,0.9566,-0.2909,0,-0.1001,-0.2913,-0.9514,0,1.103,107.8874,-2.919,1]},
{"frame":5,"values":[0.9992,0.0019,-0.0406,0,-0.0136,0.9566,-0.291,0,-0.0383,-0.2913,-0.9559,0,0.8737,108.6382,-2.7815,1]},
{"frame":6,"values":[0.9997,-0.0133,0.0188,0,0.0174,0.9715,-0.2365,0,0.0151,-0.2367,-0.9715,0,0.6934,107.4585,-1.4306,1]},
{"frame":7,"values":[0.9969,-0.0039,0.0784,0,0.0178,0.984,-0.1772,0,0.0764,-0.1781,-0.981,0,0.7988,104.2323,-0.247,1]},
{"frame":8,"values":[0.9887,0.045,0.1431,0,-0.0212,0.9863,-0.1637,0,0.1485,-0.1589,-0.9761,0,1.2372,100.7582,0.1326,1]},
{"frame":9,"values":[0.982,0.082,0.1701,0,-0.0501,0.9817,-0.1839,0,0.1821,-0.172,-0.9681,0,1.796,99.5881,0.0278,1]},
{"frame":10,"values":[0.9876,0.0583,0.1457,0,-0.0287,0.9798,-0.1978,0,0.1543,-0.1911,-0.9694,0,2.3826,101.0912,-0.2469,1]},
{"frame":11,"values":[0.9946,-0.0134,0.103,0,0.0336,0.9797,-0.1978,0,0.0982,-0.2002,-0.9748,0,2.734,105.0866,-0.7787,1]},
{"frame":12,"values":[0.9953,-0.0826,0.0511,0,0.0916,0.9731,-0.2116,0,0.0322,-0.2153,-0.976,0,2.8098,108.8225,-1.6958,1]},
{"frame":13,"values":[0.9933,-0.1156,-0.006,0,0.1113,0.9684,-0.2234,0,-0.0316,-0.2212,-0.9747,0,2.7661,109.4494,-1.9933,1]},
{"frame":14,"values":[0.9933,-0.1089,-0.039,0,0.0997,0.9769,-0.1889,0,-0.0587,-0.1838,-0.9812,0,2.7334,107.3022,-1.1999,1]},
{"frame":15,"values":[0.9936,-0.1036,-0.0458,0,0.0969,0.9867,-0.1308,0,-0.0587,-0.1256,-0.9903,0,2.3393,104.4433,-0.359,1]},
{"frame":16,"values":[0.9889,-0.1368,-0.0576,0,0.1298,0.9852,-0.1122,0,-0.0721,-0.1035,-0.992,0,1.702,101.7065,-0.0161,1]},
{"frame":17,"values":[0.9843,-0.1627,-0.0691,0,0.1524,0.9791,-0.1351,0,-0.0896,-0.1224,-0.9884,0,1.3392,100.4613,-0.6063,1]},
{"frame":18,"values":[0.9871,-0.1511,-0.0525,0,0.1403,0.9753,-0.1705,0,-0.077,-0.161,-0.984,0,1.6414,101.8573,-0.8869,1]}],"loopBehavior":1,"name":"anim","property":"_matrix"}},
{"name":"Spine","index":1,"matrix":[0.9943,0.0891,-0.0585,0,-0.0867,0.9953,0.0436,0,0.0621,-0.0383,0.9973,0,0,7.2445,0.6334,1],"rest":[1,0,0,0,0,1,0,0,0,0,1,0,0,7.2445,0.6334,1],"parentBoneIndex":0,"length":7.4267
,"animation":{"dataType":3,"framePerSecond":24,"keys":[
{"frame":1,"values":[0.9943,0.0891,-0.0585,0,-0.0867,0.9953,0.0436,0,0.0621,-0.0383,0.9973,0,0,7.2445,0.6334,1]},
{"frame":2,"values":[0.9949,0.0619,-0.0795,0,-0.0608,0.998,0.0157,0,0.0803,-0.0107,0.9967,0,0,7.2445,0.6334,1]},
{"frame":3,"values":[0.9935,0.0277,-0.1106,0,-0.028,0.9996,-0.0011,0,0.1105,0.0042,0.9939,0,0,7.2445,0.6334,1]},
{"frame":4,"values":[0.991,0.0053,-0.1337,0,-0.0069,0.9999,-0.0112,0,0.1337,0.012,0.991,0,0,7.2445,0.6334,1]},
{"frame":5,"values":[0.9905,0.0065,-0.1372,0,-0.0073,1,-0.0051,0,0.1372,0.006,0.9905,0,0,7.2445,0.6334,1]},
{"frame":6,"values":[0.9928,0.0219,-0.1177,0,-0.0194,0.9996,0.0222,0,0.1182,-0.0198,0.9928,0,0,7.2445,0.6334,1]},
{"frame":7,"values":[0.996,0.0292,-0.0846,0,-0.0254,0.9986,0.0462,0,0.0858,-0.0439,0.9953,0,0,7.2445,0.6334,1]},
{"frame":8,"values":[0.9979,0.0229,-0.0599,0,-0.0203,0.9988,0.0443,0,0.0608,-0.043,0.9972,0,0,7.2445,0.6334,1]},
{"frame":9,"values":[0.9982,0.0165,-0.0573,0,-0.0153,0.9996,0.0218,0,0.0577,-0.0209,0.9981,0,0,7.2445,0.6334,1]},
{"frame":10,"values":[0.9977,0.034,-0.0586,0,-0.0339,0.9994,0.0035,0,0.0587,-0.0015,0.9983,0,0,7.2445,0.6334,1]},
{"frame":11,"values":[0.9963,0.0736,-0.0448,0,-0.0735,0.9973,0.0059,0,0.0451,-0.0026,0.999,0,0,7.2445,0.6334,1]},
{"frame":12,"values":[0.9944,0.1021,-0.0285,0,-0.1017,0.9947,0.0156,0,0.0299,-0.0126,0.9995,0,0,7.2445,0.6334,1]},
{"frame":13,"values":[0.9936,0.1103,-0.0225,0,-0.1096,0.9936,0.0284,0,0.0255,-0.0257,0.9993,0,0,7.2445,0.6334,1]},
{"frame":14,"values":[0.9939,0.1077,-0.023,0,-0.1063,0.9928,0.0552,0,0.0288,-0.0524,0.9982,0,0,7.2445,0.6334,1]},
{"frame":15,"values":[0.9944,0.0992,-0.0364,0,-0.0958,0.9917,0.0854,0,0.0445,-0.0815,0.9957,0,0,7.2445,0.6334,1]},
{"frame":16,"values":[0.9937,0.0953,-0.0581,0,-0.0897,0.9917,0.0926,0,0.0665,-0.0868,0.994,0,0,7.2445,0.6334,1]},
{"frame":17,"values":[0.9935,0.0914,-0.0674,0,-0.0864,0.9935,0.0738,0,0.0737,-0.0675,0.995,0,0,7.2445,0.6334,1]},
{"frame":18,"values":[0.9943,0.0891,-0.0585,0,-0.0867,0.9953,0.0436,0,0.0621,-0.0383,0.9973,0,0,7.2445,0.6334,1]}],"loopBehavior":1,"name":"anim","property":"_matrix"}},
{"name":"Spine1","index":2,"matrix":[0.9996,0.023,0.0135,0,-0.0247,0.9894,0.1429,0,-0.0101,-0.1432,0.9896,0,0,7.425,0.1598,1],"rest":[1,0,0,0,0,1,0,0,0,0,1,0,0,7.425,0.1598,1],"parentBoneIndex":1,"length":8.6299
,"animation":{"dataType":3,"framePerSecond":24,"keys":[
{"frame":1,"values":[0.9996,0.023,0.0135,0,-0.0247,0.9894,0.1429,0,-0.0101,-0.1432,0.9896,0,0,7.425,0.1598,1]},
{"frame":2,"values":[0.9991,-0.0169,-0.0397,0,0.021,0.9941,0.1062,0,0.0376,-0.1069,0.9936,0,0,7.425,0.1598,1]},
{"frame":3,"values":[0.9927,-0.0663,-0.1011,0,0.0738,0.9946,0.0724,0,0.0957,-0.0794,0.9922,0,0,7.425,0.1598,1]},
{"frame":4,"values":[0.985,-0.1037,-0.138,0,0.1108,0.9929,0.0444,0,0.1324,-0.059,0.9894,0,0,7.425,0.1598,1]},
{"frame":5,"values":[0.9838,-0.1055,-0.1449,0,0.1127,0.9927,0.0427,0,0.1394,-0.0584,0.9885,0,0,7.425,0.1598,1]},
{"frame":6,"values":[0.9887,-0.0781,-0.1281,0,0.0881,0.9933,0.075,0,0.1214,-0.0854,0.9889,0,0,7.425,0.1598,1]},
{"frame":7,"values":[0.9938,-0.0659,-0.0896,0,0.0758,0.9908,0.1119,0,0.0814,-0.118,0.9897,0,0,7.425,0.1598,1]},
{"frame":8,"values":[0.9954,-0.0835,-0.0467,0,0.0889,0.9877,0.1287,0,0.0354,-0.1323,0.9906,0,0,7.425,0.1598,1]},
{"frame":9,"values":[0.9954,-0.0934,-0.0208,0,0.0953,0.9876,0.1251,0,0.0088,-0.1265,0.9919,0,0,7.425,0.1598,1]},
{"frame":10,"values":[0.9978,-0.0659,0.0036,0,0.065,0.9912,0.1153,0,-0.0111,-0.1148,0.9933,0,0,7.425,0.1598,1]},
{"frame":11,"values":[0.9989,-0.0129,0.0452,0,0.0076,0.9933,0.1152,0,-0.0463,-0.1147,0.9923,0,0,7.425,0.1598,1]},
{"frame":12,"values":[0.9958,0.0319,0.086,0,-0.0417,0.9925,0.115,0,-0.0816,-0.1181,0.9896,0,0,7.425,0.1598,1]},
{"frame":13,"values":[0.9934,0.046,0.1048,0,-0.0582,0.9915,0.1166,0,-0.0986,-0.1219,0.9876,0,0,7.425,0.1598,1]},
{"frame":14,"values":[0.9942,0.0287,0.1041,0,-0.0432,0.9893,0.1393,0,-0.0989,-0.143,0.9848,0,0,7.425,0.1598,1]},
{"frame":15,"values":[0.9965,0.012,0.0825,0,-0.0261,0.9848,0.1715,0,-0.0791,-0.1731,0.9817,0,0,7.425,0.1598,1]},
{"frame":16,"values":[0.9987,0.0206,0.0464,0,-0.0288,0.9827,0.1828,0,-0.0418,-0.1839,0.982,0,0,7.425,0.1598,1]},
{"frame":17,"values":[0.9993,0.0308,0.0217,0,-0.0341,0.9847,0.171,0,-0.0161,-0.1716,0.985,0,0,7.425,0.1598,1]},
{"frame":18,"values":[0.9996,0.023,0.0135,0,-0.0247,0.9894,0.1429,0,-0.0101,-0.1432,0.9896,0,0,7.425,0.1598,1]}],"loopBehavior":1,"name":"anim","property":"_matrix"}},
{"name":"Spine2","index":3,"matrix":[0.9947,0.1001,0.022,0,-0.1017,0.9908,0.0894,0,-0.0128,-0.0911,0.9958,0,0,8.6226,-0.3542,1],"rest":[1,0,0,0,0,1,0,0,0,0,1,0,0,8.6226,-0.3542,1],"parentBoneIndex":2,"length":20.7438
,"animation":{"dataType":3,"framePerSecond":24,"keys":[
{"frame":1,"values":[0.9947,0.1001,0.022,0,-0.1017,0.9908,0.0894,0,-0.0128,-0.0911,0.9958,0,0,8.6226,-0.3542,1]},
{"frame":2,"values":[0.9975,0.0622,-0.033,0,-0.0603,0.9967,0.0545,0,0.0362,-0.0524,0.998,0,0,8.6226,-0.3542,1]},
{"frame":3,"values":[0.9953,0.0136,-0.0957,0,-0.0113,0.9996,0.0243,0,0.096,-0.0231,0.9951,0,0,8.6226,-0.3542,1]},
{"frame":4,"values":[0.9906,-0.024,-0.1343,0,0.024,0.9997,-0.0011,0,0.1343,-0.0022,0.9909,0,0,8.6226,-0.3542,1]},
{"frame":5,"values":[0.9895,-0.0256,-0.142,0,0.0255,0.9997,-0.0023,0,0.142,-0.0013,0.9899,0,0,8.6226,-0.3542,1]},
{"frame":6,"values":[0.9923,0.0028,-0.1242,0,0.0006,0.9996,0.0281,0,0.1242,-0.0279,0.9919,0,0,8.6226,-0.3542,1]},
{"frame":7,"values":[0.9963,0.015,-0.0843,0,-0.0097,0.998,0.0624,0,0.0851,-0.0614,0.9945,0,0,8.6226,-0.3542,1]},
{"frame":8,"values":[0.9992,-0.0041,-0.0407,0,0.0073,0.997,0.0768,0,0.0403,-0.0771,0.9962,0,0,8.6226,-0.3542,1]},
{"frame":9,"values":[0.9998,-0.0151,-0.0141,0,0.016,0.9973,0.0719,0,0.013,-0.0721,0.9973,0,0,8.6226,-0.3542,1]},
{"frame":10,"values":[0.9999,0.012,0.0101,0,-0.0126,0.998,0.0612,0,-0.0093,-0.0613,0.9981,0,0,8.6226,-0.3542,1]},
{"frame":11,"values":[0.9966,0.0643,0.0511,0,-0.0673,0.9959,0.0606,0,-0.047,-0.0638,0.9969,0,0,8.6226,-0.3542,1]},
{"frame":12,"values":[0.9899,0.1078,0.0923,0,-0.1136,0.9917,0.0603,0,-0.0851,-0.0702,0.9939,0,0,8.6226,-0.3542,1]},
{"frame":13,"values":[0.9863,0.1207,0.112,0,-0.1282,0.9898,0.0618,0,-0.1034,-0.0753,0.9918,0,0,8.6226,-0.3542,1]},
{"frame":14,"values":[0.9884,0.102,0.1126,0,-0.1118,0.9902,0.084,0,-0.1029,-0.0956,0.9901,0,0,8.6226,-0.3542,1]},
{"frame":15,"values":[0.9921,0.0845,0.0925,0,-0.095,0.9887,0.1163,0,-0.0816,-0.1241,0.9889,0,0,8.6226,-0.3542,1]},
{"frame":16,"values":[0.9939,0.0947,0.0573,0,-0.1014,0.9865,0.1285,0,-0.0443,-0.1335,0.9901,0,0,8.6226,-0.3542,1]},
{"frame":17,"values":[0.9938,0.1068,0.0321,0,-0.1098,0.987,0.1173,0,-0.0192,-0.1201,0.9926,0,0,8.6226,-0.3542,1]},
{"frame":18,"values":[0.9947,0.1001,0.022,0,-0.1017,0.9908,0.0894,0,-0.0128,-0.0911,0.9958,0,0,8.6226,-0.3542,1]}],"loopBehavior":1,"name":"anim","property":"_matrix"}},
{"name":"Neck","index":4,"matrix":[0.9974,-0.0717,-0.0111,0,0.0685,0.9811,-0.1811,0,0.0239,0.1798,0.9834,0,0,23.6053,-4.5263,1],"rest":[1,0,0,0,0,1,0,0,0,0,1,0,0,23.6053,-4.5263,1],"parentBoneIndex":3,"length":10.3542
,"animation":{"dataType":3,"framePerSecond":24,"keys":[
{"frame":1,"values":[0.9974,-0.0717,-0.0111,0,0.0685,0.9811,-0.1811,0,0.0239,0.1798,0.9834,0,0,23.6053,-4.5263,1]},
{"frame":2,"values":[0.9987,-0.0502,0.0045,0,0.0504,0.9962,-0.071,0,-0.0009,0.0712,0.9975,0,0,23.6053,-4.5263,1]},
{"frame":3,"values":[0.9993,-0.026,0.0279,0,0.0267,0.9993,-0.0245,0,-0.0273,0.0253,0.9993,0,0,23.6053,-4.5263,1]},
{"frame":4,"values":[0.9987,-0.0168,0.0483,0,0.0175,0.9998,-0.013,0,-0.048,0.0139,0.9987,0,0,23.6053,-4.5263,1]},
{"frame":5,"values":[0.9981,-0.026,0.0558,0,0.0266,0.9996,-0.0096,0,-0.0556,0.0111,0.9984,0,0,23.6053,-4.5263,1]},
{"frame":6,"values":[0.9982,-0.0314,0.0507,0,0.0374,0.992,-0.1202,0,-0.0465,0.1219,0.9915,0,0,23.6053,-4.5263,1]},
{"frame":7,"values":[0.999,-0.0165,0.0416,0,0.0213,0.9927,-0.119,0,-0.0394,0.1198,0.992,0,0,23.6053,-4.5263,1]},
{"frame":8,"values":[0.9991,0.0221,0.0372,0,-0.0179,0.9938,-0.1094,0,-0.0394,0.1087,0.9933,0,0,23.6053,-4.5263,1]},
{"frame":9,"values":[0.9992,0.0235,0.0315,0,-0.022,0.9986,-0.0473,0,-0.0325,0.0466,0.9984,0,0,23.6053,-4.5263,1]},
{"frame":10,"values":[0.9997,-0.0162,0.0187,0,0.0158,0.9997,0.019,0,-0.019,-0.0187,0.9996,0,0,23.6053,-4.5263,1]},
{"frame":11,"values":[0.999,-0.0452,0.001,0,0.0451,0.9975,0.055,0,-0.0035,-0.0549,0.9985,0,0,23.6053,-4.5263,1]},
{"frame":12,"values":[0.9997,-0.0222,-0.0111,0,0.0228,0.9977,0.0639,0,0.0096,-0.0641,0.9979,0,0,23.6053,-4.5263,1]},
{"frame":13,"values":[0.9989,-0.0354,-0.0305,0,0.0357,0.9993,0.0102,0,0.0302,-0.0112,0.9995,0,0,23.6053,-4.5263,1]},
{"frame":14,"values":[0.9971,-0.0626,-0.0431,0,0.0577,0.9927,-0.1061,0,0.0494,0.1033,0.9934,0,0,23.6053,-4.5263,1]},
{"frame":15,"values":[0.9975,-0.0626,-0.034,0,0.0548,0.9792,-0.1952,0,0.0455,0.1928,0.9802,0,0,23.6053,-4.5263,1]},
{"frame":16,"values":[0.9977,-0.0625,-0.025,0,0.0545,0.9684,-0.2433,0,0.0394,0.2414,0.9696,0,0,23.6053,-4.5263,1]},
{"frame":17,"values":[0.9972,-0.0731,-0.0142,0,0.0673,0.9663,-0.2484,0,0.0319,0.2467,0.9686,0,0,23.6053,-4.5263,1]},
{"frame":18,"values":[0.9974,-0.0717,-0.0111,0,0.0685,0.9811,-0.1811,0,0.0239,0.1798,0.9834,0,0,23.6053,-4.5263,1]}],"loopBehavior":1,"name":"anim","property":"_matrix"}},
{"name":"Head","index":5,"matrix":[0.9978,0.0092,-0.0651,0,-0.0317,0.935,-0.3533,0,0.0576,0.3546,0.9332,0,0,9.9955,2.7017,1],"rest":[1,0,0,0,0,1,0,0,0,0,1,0,0,9.9955,2.7017,1],"parentBoneIndex":4,"length":31.4272
,"animation":{"dataType":3,"framePerSecond":24,"keys":[
{"frame":1,"values":[0.9978,0.0092,-0.0651,0,-0.0317,0.935,-0.3533,0,0.0576,0.3546,0.9332,0,0,9.9955,2.7017,1]},
{"frame":2,"values":[0.9995,0.033,-0.0003,0,-0.03,0.9043,-0.4259,0,-0.0138,0.4257,0.9047,0,0,9.9955,2.7017,1]},
{"frame":3,"values":[0.9913,0.0792,0.1051,0,-0.0265,0.9025,-0.4298,0,-0.1289,0.4233,0.8968,0,0,9.9955,2.7017,1]},
{"frame":4,"values":[0.9706,0.1094,0.2146,0,-0.0109,0.9101,-0.4143,0,-0.2406,0.3997,0.8845,0,0,9.9955,2.7017,1]},
{"frame":5,"values":[0.9554,0.1115,0.2734,0,0.0153,0.906,-0.4229,0,-0.2949,0.4083,0.8639,0,0,9.9955,2.7017,1]},
{"frame":6,"values":[0.9607,0.0655,0.2696,0,0.0366,0.9334,-0.3571,0,-0.275,0.3529,0.8943,0,0,9.9955,2.7017,1]},
{"frame":7,"values":[0.9752,0.0473,0.2163,0,0.0415,0.9207,-0.3881,0,-0.2175,0.3875,0.8959,0,0,9.9955,2.7017,1]},
{"frame":8,"values":[0.9843,0.021,0.1755,0,0.0503,0.9185,-0.3923,0,-0.1694,0.3949,0.903,0,0,9.9955,2.7017,1]},
{"frame":9,"values":[0.9867,0.0214,0.1612,0,0.0478,0.9092,-0.4135,0,-0.1554,0.4157,0.8961,0,0,9.9955,2.7017,1]},
{"frame":10,"values":[0.9924,0.0119,0.1221,0,0.0439,0.8948,-0.4442,0,-0.1145,0.4462,0.8876,0,0,9.9955,2.7017,1]},
{"frame":11,"values":[0.9978,-0.0611,0.0265,0,0.0663,0.8725,-0.484,0,0.0064,0.4847,0.8747,0,0,9.9955,2.7017,1]},
{"frame":12,"values":[0.982,-0.1667,-0.0886,0,0.0965,0.8468,-0.5231,0,0.1622,0.5052,0.8476,0,0,9.9955,2.7017,1]},
{"frame":13,"values":[0.9719,-0.1658,-0.167,0,0.0613,0.8634,-0.5009,0,0.2272,0.4766,0.8493,0,0,9.9955,2.7017,1]},
{"frame":14,"values":[0.9786,-0.0949,-0.1828,0,0.0084,0.9051,-0.425,0,0.2058,0.4144,0.8865,0,0,9.9955,2.7017,1]},
{"frame":15,"values":[0.9883,-0.0402,-0.1471,0,-0.0181,0.927,-0.3746,0,0.1515,0.3728,0.9155,0,0,9.9955,2.7017,1]},
{"frame":16,"values":[0.9953,-0.007,-0.0969,0,-0.0274,0.9367,-0.3491,0,0.0933,0.3501,0.9321,0,0,9.9955,2.7017,1]},
{"frame":17,"values":[0.9971,0.0138,-0.0744,0,-0.0383,0.9398,-0.3395,0,0.0652,0.3413,0.9377,0,0,9.9955,2.7017,1]},
{"frame":18,"values":[0.9978,0.0092,-0.0651,0,-0.0317,0.935,-0.3533,0,0.0576,0.3546,0.9332,0,0,9.9955,2.7017,1]}],"loopBehavior":1,"name":"anim","property":"_matrix"}},
{"name":"HeadTop_End","index":6,"matrix":[1,0,0,0,0,1,0,0,0,0,1,0,0,31.2072,3.7118,1],"rest":[1,0,0,0,0,1,0,0,0,0,1,0,0,31.2072,3.7118,1],"parentBoneIndex":5,"length":31.4272
,"animation":{"dataType":3,"framePerSecond":24,"keys":[
{"frame":1,"values":[1,0,0,0,0,1,0,0,0,0,1,0,0,31.2072,3.7118,1]},
{"frame":18,"values":[1,0,0,0,0,1,0,0,0,0,1,0,0,31.2072,3.7118,1]}],"loopBehavior":1,"name":"anim","property":"_matrix"}},
{"name":"LeftShoulder","index":7,"matrix":[0.9568,-0.2331,0.1737,0,0.235,0.972,0.0101,0,-0.1712,0.0312,0.9847,0,6.1723,17.8795,-2.6384,1],"rest":[1,-0.0039,0,0,0.0039,1,0,0,0,0,1,0,6.1723,17.8795,-2.6384,1],"parentBoneIndex":3,"length":6.4566
,"animation":{"dataType":3,"framePerSecond":24,"keys":[
{"frame":1,"values":[0.9568,-0.2331,0.1737,0,0.235,0.972,0.0101,0,-0.1712,0.0312,0.9847,0,6.1723,17.8795,-2.6384,1]},
{"frame":2,"values":[0.9798,-0.1683,0.1076,0,0.1709,0.9852,-0.0154,0,-0.1034,0.0335,0.9941,0,6.1723,17.8795,-2.6384,1]},
{"frame":3,"values":[0.9878,-0.1248,0.0929,0,0.1275,0.9916,-0.023,0,-0.0893,0.0345,0.9954,0,6.1723,17.8795,-2.6384,1]},
{"frame":4,"values":[0.9845,-0.1383,0.1075,0,0.1411,0.9898,-0.0185,0,-0.1038,0.0333,0.994,0,6.1723,17.8795,-2.6384,1]},
{"frame":5,"values":[0.9821,-0.1609,0.0985,0,0.1632,0.9865,-0.0158,0,-0.0946,0.0315,0.995,0,6.1723,17.8795,-2.6384,1]},
{"frame":6,"values":[0.9788,-0.1684,0.1166,0,0.1709,0.9852,-0.0113,0,-0.1129,0.0309,0.9931,0,6.1723,17.8795,-2.6384,1]},
{"frame":7,"values":[0.9639,-0.2361,0.1227,0,0.2378,0.9713,0.0011,0,-0.1195,0.0281,0.9924,0,6.1723,17.8795,-2.6384,1]},
{"frame":8,"values":[0.9429,-0.3036,0.1372,0,0.3044,0.9524,0.016,0,-0.1355,0.0266,0.9904,0,6.1723,17.8795,-2.6384,1]},
{"frame":9,"values":[0.9089,-0.3692,0.194,0,0.3681,0.9288,0.0431,0,-0.1961,0.0323,0.9801,0,6.1723,17.8795,-2.6384,1]},
{"frame":10,"values":[0.8509,-0.4452,0.2789,0,0.4395,0.8941,0.0864,0,-0.2879,0.0491,0.9564,0,6.1723,17.8795,-2.6384,1]},
{"frame":11,"values":[0.8568,-0.4236,0.2941,0,0.418,0.9045,0.0851,0,-0.302,0.05,0.952,0,6.1723,17.8795,-2.6384,1]},
{"frame":12,"values":[0.8864,-0.3659,0.2835,0,0.3624,0.9296,0.0667,0,-0.288,0.0437,0.9566,0,6.1723,17.8795,-2.6384,1]},
{"frame":13,"values":[0.9135,-0.3217,0.2491,0,0.3202,0.9461,0.0477,0,-0.251,0.0362,0.9673,0,6.1723,17.8795,-2.6384,1]},
{"frame":14,"values":[0.9058,-0.3427,0.249,0,0.3406,0.9387,0.0529,0,-0.2519,0.0369,0.9671,0,6.1723,17.8795,-2.6384,1]},
{"frame":15,"values":[0.9001,-0.3457,0.2653,0,0.3431,0.9375,0.0577,0,-0.2686,0.0391,0.9624,0,6.1723,17.8795,-2.6384,1]},
{"frame":16,"values":[0.9153,-0.2949,0.2744,0,0.2932,0.9548,0.0478,0,-0.2761,0.0367,0.9604,0,6.1723,17.8795,-2.6384,1]},
{"frame":17,"values":[0.932,-0.2826,0.2271,0,0.2818,0.9588,0.0365,0,-0.2281,0.03,0.9732,0,6.1723,17.8795,-2.6384,1]},
{"frame":18,"values":[0.9568,-0.2331,0.1737,0,0.235,0.972,0.0101,0,-0.1712,0.0312,0.9847,0,6.1723,17.8795,-2.6384,1]}],"loopBehavior":1,"name":"anim","property":"_matrix"}},
{"name":"LeftArm","index":8,"matrix":[0.4644,-0.7419,-0.4837,0,0.8559,0.5163,0.0299,0,0.2276,-0.4278,0.8747,0,6.0747,-1.0059,-1.9427,1],"rest":[0.9995,0.0084,0.0302,0,-0.0084,1,-0.0001,0,-0.0302,-0.0002,0.9995,0,6.0747,-1.0059,-1.9427,1],"parentBoneIndex":7,"length":27.264
,"animation":{"dataType":3,"framePerSecond":24,"keys":[
{"frame":1,"values":[0.4644,-0.7419,-0.4837,0,0.8559,0.5163,0.0299,0,0.2276,-0.4278,0.8747,0,6.0747,-1.0059,-1.9427,1]},
{"frame":2,"values":[0.5239,-0.6691,-0.5272,0,0.8366,0.5207,0.1705,0,0.1604,-0.5303,0.8325,0,6.0747,-1.0059,-1.9427,1]},
{"frame":3,"values":[0.6132,-0.5231,-0.5918,0,0.7665,0.5752,0.2857,0,0.191,-0.6289,0.7537,0,6.0747,-1.0059,-1.9427,1]},
{"frame":4,"values":[0.6888,-0.3723,-0.6221,0,0.6666,0.6627,0.3414,0,0.2851,-0.6498,0.7046,0,6.0747,-1.0059,-1.9427,1]},
{"frame":5,"values":[0.7323,-0.3662,-0.5741,0,0.6147,0.7183,0.3259,0,0.293,-0.5916,0.7511,0,6.0747,-1.0059,-1.9427,1]},
{"frame":6,"values":[0.713,-0.4733,-0.5173,0,0.6507,0.7215,0.2369,0,0.2611,-0.5055,0.8224,0,6.0747,-1.0059,-1.9427,1]},
{"frame":7,"values":[0.7451,-0.5447,-0.3848,0,0.6377,0.7509,0.1717,0,0.1954,-0.3733,0.9069,0,6.0747,-1.0059,-1.9427,1]},
{"frame":8,"values":[0.7918,-0.5895,-0.1601,0,0.6089,0.7825,0.1303,0,0.0485,-0.2007,0.9785,0,6.0747,-1.0059,-1.9427,1]},
{"frame":9,"values":[0.7953,-0.6015,0.0757,0,0.5965,0.7987,0.0799,0,-0.1085,-0.0184,0.9939,0,6.0747,-1.0059,-1.9427,1]},
{"frame":10,"values":[0.7822,-0.5807,0.2257,0,0.5979,0.8015,-0.0102,0,-0.175,0.1429,0.9741,0,6.0747,-1.0059,-1.9427,1]},
{"frame":11,"values":[0.7243,-0.6136,0.3145,0,0.6618,0.7466,-0.0673,0,-0.1935,0.2569,0.9469,0,6.0747,-1.0059,-1.9427,1]},
{"frame":12,"values":[0.7115,-0.6351,0.3006,0,0.6857,0.7211,-0.0993,0,-0.1537,0.2768,0.9486,0,6.0747,-1.0059,-1.9427,1]},
{"frame":13,"values":[0.7159,-0.6233,0.3147,0,0.6854,0.7134,-0.146,0,-0.1335,0.3202,0.9379,0,6.0747,-1.0059,-1.9427,1]},
{"frame":14,"values":[0.7674,-0.5381,0.3487,0,0.6268,0.7442,-0.231,0,-0.1352,0.3958,0.9083,0,6.0747,-1.0059,-1.9427,1]},
{"frame":15,"values":[0.7711,-0.5578,0.3069,0,0.6287,0.7431,-0.2293,0,-0.1002,0.3698,0.9237,0,6.0747,-1.0059,-1.9427,1]},
{"frame":16,"values":[0.6748,-0.7334,0.0829,0,0.7374,0.6655,-0.1155,0,0.0295,0.1391,0.9898,0,6.0747,-1.0059,-1.9427,1]},
{"frame":17,"values":[0.5624,-0.793,-0.2341,0,0.815,0.5795,-0.0053,0,0.1399,-0.1878,0.9722,0,6.0747,-1.0059,-1.9427,1]},
{"frame":18,"values":[0.4644,-0.7419,-0.4837,0,0.8559,0.5163,0.0299,0,0.2276,-0.4278,0.8747,0,6.0747,-1.0059,-1.9427,1]}],"loopBehavior":1,"name":"anim","property":"_matrix"}},
{"name":"LeftForeArm","index":9,"matrix":[0.1531,0.0776,0.9852,0,0.0801,0.9927,-0.0907,0,-0.985,0.0928,0.1457,0,27.2512,-0.1236,-0.8243,1],"rest":[0.9995,-0.0045,-0.0302,0,0.0045,1,-0.0001,0,0.0302,-0.0001,0.9995,0,27.2512,-0.1236,-0.8243,1],"parentBoneIndex":8,"length":27.5147
,"animation":{"dataType":3,"framePerSecond":24,"keys":[
{"frame":1,"values":[0.1531,0.0776,0.9852,0,0.0801,0.9927,-0.0907,0,-0.985,0.0928,0.1457,0,27.2512,-0.1236,-0.8243,1]},
{"frame":2,"values":[0.1997,0.0732,0.9771,0,0.076,0.993,-0.0899,0,-0.9769,0.0922,0.1928,0,27.2512,-0.1236,-0.8243,1]},
{"frame":3,"values":[0.092,0.0834,0.9923,0,0.0856,0.9921,-0.0913,0,-0.9921,0.0933,0.0842,0,27.2512,-0.1236,-0.8243,1]},
{"frame":4,"values":[-0.0851,0.1,0.9913,0,0.1014,0.9907,-0.0912,0,-0.9912,0.0927,-0.0945,0,27.2512,-0.1236,-0.8243,1]},
{"frame":5,"values":[-0.1491,0.106,0.9831,0,0.1071,0.9901,-0.0905,0,-0.983,0.0918,-0.1589,0,27.2512,-0.1236,-0.8243,1]},
{"frame":6,"values":[-0.1672,0.1076,0.98,0,0.1087,0.99,-0.0902,0,-0.9799,0.0914,-0.1773,0,27.2512,-0.1236,-0.8243,1]},
{"frame":7,"values":[-0.1229,0.1035,0.987,0,0.1047,0.9903,-0.0908,0,-0.9869,0.0922,-0.1325,0,27.2512,-0.1236,-0.8243,1]},
{"frame":8,"values":[0.0316,0.089,0.9955,0,0.091,0.9916,-0.0916,0,-0.9954,0.0934,0.0233,0,27.2512,-0.1236,-0.8243,1]},
{"frame":9,"values":[0.1983,0.0734,0.9774,0,0.0761,0.993,-0.09,0,-0.9772,0.0922,0.1913,0,27.2512,-0.1236,-0.8243,1]},
{"frame":10,"values":[0.2771,0.0659,0.9586,0,0.069,0.9937,-0.0883,0,-0.9584,0.0906,0.2708,0,27.2512,-0.1236,-0.8243,1]},
{"frame":11,"values":[0.2639,0.0672,0.9622,0,0.0702,0.9936,-0.0886,0,-0.962,0.091,0.2575,0,27.2512,-0.1236,-0.8243,1]},
{"frame":12,"values":[0.1032,0.0823,0.9912,0,0.0846,0.9922,-0.0912,0,-0.9911,0.0932,0.0955,0,27.2512,-0.1236,-0.8243,1]},
{"frame":13,"values":[-0.041,0.0958,0.9946,0,0.0974,0.991,-0.0915,0,-0.9944,0.0932,-0.0499,0,27.2512,-0.1236,-0.8243,1]},
{"frame":14,"values":[-0.1053,0.1019,0.9892,0,0.1032,0.9905,-0.091,0,-0.9891,0.0925,-0.1148,0,27.2512,-0.1236,-0.8243,1]},
{"frame":15,"values":[-0.1769,0.1086,0.9782,0,0.1096,0.9899,-0.09,0,-0.9781,0.0912,-0.1871,0,27.2512,-0.1236,-0.8243,1]},
{"frame":16,"values":[-0.2402,0.1144,0.964,0,0.1152,0.9894,-0.0888,0,-0.9639,0.0897,-0.2508,0,27.2512,-0.1236,-0.8243,1]},
{"frame":17,"values":[-0.1344,0.1046,0.9854,0,0.1058,0.9902,-0.0907,0,-0.9853,0.092,-0.1442,0,27.2512,-0.1236,-0.8243,1]},
{"frame":18,"values":[0.1531,0.0776,0.9852,0,0.0801,0.9927,-0.0907,0,-0.985,0.0928,0.1457,0,27.2512,-0.1236,-0.8243,1]}],"loopBehavior":1,"name":"anim","property":"_matrix"}},
{"name":"LeftHand","index":10,"matrix":[0.9784,-0.1529,0.1391,0,0.1197,0.9677,0.2216,0,-0.1685,-0.2002,0.9652,0,27.5147,0,0,1],"rest":[1,0,0,0,0,1,0.0006,0,0,-0.0006,1,0,27.5147,0,0,1],"parentBoneIndex":9,"length":10.1836
,"animation":{"dataType":3,"framePerSecond":24,"keys":[
{"frame":1,"values":[0.9784,-0.1529,0.1391,0,0.1197,0.9677,0.2216,0,-0.1685,-0.2002,0.9652,0,27.5147,0,0,1]},
{"frame":2,"values":[0.9899,-0.0895,0.1101,0,0.0892,0.996,0.0074,0,-0.1103,0.0025,0.9939,0,27.5147,0,0,1]},
{"frame":3,"values":[0.9965,-0.0828,-0.0147,0,0.0781,0.9754,-0.2061,0,0.0314,0.2042,0.9784,0,27.5147,0,0,1]},
{"frame":4,"values":[0.9871,-0.0442,-0.1537,0,-0.0107,0.9407,-0.3392,0,0.1596,0.3364,0.9281,0,27.5147,0,0,1]},
{"frame":5,"values":[0.9688,0.0453,-0.2436,0,-0.1355,0.9201,-0.3676,0,0.2075,0.3892,0.8975,0,27.5147,0,0,1]},
{"frame":6,"values":[0.9465,0.1432,-0.2891,0,-0.2412,0.9092,-0.3394,0,0.2142,0.391,0.8951,0,27.5147,0,0,1]},
{"frame":7,"values":[0.9491,0.1774,-0.2603,0,-0.2486,0.9292,-0.2733,0,0.1934,0.3241,0.926,0,27.5147,0,0,1]},
{"frame":8,"values":[0.9781,0.1608,-0.1324,0,-0.1793,0.9734,-0.1427,0,0.1059,0.1633,0.9809,0,27.5147,0,0,1]},
{"frame":9,"values":[0.992,0.1163,-0.0486,0,-0.1162,0.9932,0.0047,0,0.0489,0.001,0.9988,0,27.5147,0,0,1]},
{"frame":10,"values":[0.99,0.1,-0.0992,0,-0.0923,0.9926,0.0796,0,0.1064,-0.0696,0.9919,0,27.5147,0,0,1]},
{"frame":11,"values":[0.9886,0.1368,-0.0624,0,-0.1334,0.9895,0.056,0,0.0694,-0.0471,0.9965,0,27.5147,0,0,1]},
{"frame":12,"values":[0.9692,0.2163,0.118,0,-0.2162,0.9762,-0.0136,0,-0.1181,-0.0123,0.9929,0,27.5147,0,0,1]},
{"frame":13,"values":[0.9298,0.2264,0.2903,0,-0.2132,0.974,-0.0768,0,-0.3001,0.0095,0.9539,0,27.5147,0,0,1]},
{"frame":14,"values":[0.9251,0.1911,0.328,0,-0.1164,0.9652,-0.2342,0,-0.3613,0.1785,0.9152,0,27.5147,0,0,1]},
{"frame":15,"values":[0.9232,0.1558,0.3513,0,-0.0393,0.9477,-0.3168,0,-0.3823,0.2787,0.881,0,27.5147,0,0,1]},
{"frame":16,"values":[0.9247,-0.0181,0.3802,0,0.0851,0.9834,-0.1602,0,-0.371,0.1805,0.9109,0,27.5147,0,0,1]},
{"frame":17,"values":[0.959,-0.1832,0.2164,0,0.1719,0.9826,0.0702,0,-0.2255,-0.0301,0.9738,0,27.5147,0,0,1]},
{"frame":18,"values":[0.9784,-0.1529,0.1391,0,0.1197,0.9677,0.2216,0,-0.1685,-0.2002,0.9652,0,27.5147,0,0,1]}],"loopBehavior":1,"name":"anim","property":"_matrix"}},
{"name":"LeftHandThumb1","index":11,"matrix":[0.9835,0.1602,0.0838,0,-0.1748,0.9609,0.2148,0,-0.0461,-0.2259,0.9731,0,4.2092,-0.2988,5.1387,1],"rest":[1,0.0002,0.0002,0,-0.0002,1,-0.0002,0,-0.0002,0.0002,1,0,4.2092,-0.2988,5.1387,1],"parentBoneIndex":10,"length":1.9313
,"animation":{"dataType":3,"framePerSecond":24,"keys":[
{"frame":1,"values":[0.9835,0.1602,0.0838,0,-0.1748,0.9609,0.2148,0,-0.0461,-0.2259,0.9731,0,4.2092,-0.2988,5.1387,1]},
{"frame":10,"values":[0.9835,0.1601,0.0839,0,-0.1748,0.9609,0.2148,0,-0.0462,-0.2259,0.9731,0,4.2092,-0.2988,5.1387,1]},
{"frame":11,"values":[0.9835,0.1591,0.0857,0,-0.1741,0.9612,0.2137,0,-0.0484,-0.2251,0.9731,0,4.2092,-0.2988,5.1387,1]},
{"frame":12,"values":[0.9836,0.1571,0.0891,0,-0.1728,0.9619,0.2117,0,-0.0525,-0.2236,0.9733,0,4.2092,-0.2988,5.1387,1]},
{"frame":13,"values":[0.9836,0.1551,0.0925,0,-0.1716,0.9626,0.2098,0,-0.0565,-0.2222,0.9734,0,4.2092,-0.2988,5.1387,1]},
{"frame":14,"values":[0.9836,0.1543,0.0939,0,-0.171,0.9629,0.209,0,-0.0582,-0.2216,0.9734,0,4.2092,-0.2988,5.1387,1]},
{"frame":15,"values":[0.9836,0.1553,0.0922,0,-0.1717,0.9625,0.2099,0,-0.0561,-0.2223,0.9734,0,4.2092,-0.2988,5.1387,1]},
{"frame":16,"values":[0.9836,0.1573,0.0888,0,-0.173,0.9619,0.2119,0,-0.0521,-0.2238,0.9732,0,4.2092,-0.2988,5.1387,1]},
{"frame":17,"values":[0.9835,0.1593,0.0854,0,-0.1742,0.9612,0.2139,0,-0.048,-0.2252,0.9731,0,4.2092,-0.2988,5.1387,1]},
{"frame":18,"values":[0.9835,0.1602,0.0838,0,-0.1748,0.9609,0.2148,0,-0.0461,-0.2259,0.9731,0,4.2092,-0.2988,5.1387,1]}],"loopBehavior":1,"name":"anim","property":"_matrix"}},
{"name":"LeftHandThumb2","index":12,"matrix":[0.9522,0.1712,-0.2529,0,-0.1555,0.9845,0.0809,0,0.2628,-0.0377,0.9641,0,1.496,-0.8637,0.8637,1],"rest":[0.9982,0.052,0.0284,0,-0.0507,0.9976,-0.0475,0,-0.0308,0.046,0.9985,0,1.496,-0.8637,0.8637,1],"parentBoneIndex":11,"length":2.3416
,"animation":{"dataType":3,"framePerSecond":24,"keys":[
{"frame":1,"values":[0.9522,0.1712,-0.2529,0,-0.1555,0.9845,0.0809,0,0.2628,-0.0377,0.9641,0,1.496,-0.8637,0.8637,1]},
{"frame":2,"values":[0.952,0.2538,-0.171,0,-0.2489,0.9672,0.0498,0,0.1781,-0.0049,0.984,0,1.496,-0.8637,0.8637,1]},
{"frame":3,"values":[0.9384,0.3289,-0.1062,0,-0.3298,0.944,0.0092,0,0.1033,0.0264,0.9943,0,1.496,-0.8637,0.8637,1]},
{"frame":4,"values":[0.9207,0.3844,-0.0671,0,-0.3874,0.921,-0.0399,0,0.0464,0.0627,0.997,0,1.496,-0.8637,0.8637,1]},
{"frame":5,"values":[0.9095,0.4122,-0.0536,0,-0.4155,0.9054,-0.0877,0,0.0124,0.102,0.9947,0,1.496,-0.8637,0.8637,1]},
{"frame":6,"values":[0.9151,0.3969,-0.071,0,-0.4027,0.9082,-0.1142,0,0.0192,0.1331,0.9909,0,1.496,-0.8637,0.8637,1]},
{"frame":7,"values":[0.9456,0.2891,-0.1492,0,-0.3051,0.9472,-0.0985,0,0.1129,0.1386,0.9839,0,1.496,-0.8637,0.8637,1]},
{"frame":8,"values":[0.957,0.2094,-0.2005,0,-0.2302,0.9693,-0.0861,0,0.1763,0.1286,0.9759,0,1.496,-0.8637,0.8637,1]},
{"frame":9,"values":[0.9601,0.1508,-0.2354,0,-0.172,0.9824,-0.0724,0,0.2204,0.11,0.9692,0,1.496,-0.8637,0.8637,1]},
{"frame":10,"values":[0.9594,0.1227,-0.2539,0,-0.141,0.9885,-0.0549,0,0.2442,0.0885,0.9657,0,1.496,-0.8637,0.8637,1]},
{"frame":11,"values":[0.9581,0.1138,-0.2628,0,-0.1273,0.9912,-0.0351,0,0.2565,0.0671,0.9642,0,1.496,-0.8637,0.8637,1]},
{"frame":12,"values":[0.9563,0.14,-0.2566,0,-0.148,0.9889,-0.0121,0,0.2521,0.0495,0.9664,0,1.496,-0.8637,0.8637,1]},
{"frame":13,"values":[0.9566,0.0675,-0.2834,0,-0.071,0.9975,-0.002,0,0.2826,0.022,0.959,0,1.496,-0.8637,0.8637,1]},
{"frame":14,"values":[0.9536,0.0087,-0.3009,0,-0.0073,1,0.0058,0,0.3009,-0.0034,0.9536,0,1.496,-0.8637,0.8637,1]},
{"frame":15,"values":[0.9574,0.1172,-0.2641,0,-0.1122,0.9931,0.0338,0,0.2662,-0.0027,0.9639,0,1.496,-0.8637,0.8637,1]},
{"frame":16,"values":[0.9573,0.1212,-0.2623,0,-0.1129,0.9925,0.0467,0,0.266,-0.0151,0.9639,0,1.496,-0.8637,0.8637,1]},
{"frame":17,"values":[0.9555,0.1518,-0.2528,0,-0.1403,0.9881,0.0633,0,0.2594,-0.025,0.9654,0,1.496,-0.8637,0.8637,1]},
{"frame":18,"values":[0.9522,0.1712,-0.2529,0,-0.1555,0.9845,0.0809,0,0.2628,-0.0377,0.9641,0,1.496,-0.8637,0.8637,1]}],"loopBehavior":1,"name":"anim","property":"_matrix"}},
{"name":"LeftHandThumb3","index":13,"matrix":[0.9888,-0.1167,0.0929,0,0.1161,0.9932,0.0119,0,-0.0936,-0.001,0.9956,0,1.7859,-1.1863,0.9415,1],"rest":[0.9982,-0.0507,-0.0308,0,0.052,0.9976,0.046,0,0.0284,-0.0475,0.9985,0,1.7859,-1.1863,0.9415,1],"parentBoneIndex":12,"length":4.3787
,"animation":{"dataType":3,"framePerSecond":24,"keys":[
{"frame":1,"values":[0.9888,-0.1167,0.0929,0,0.1161,0.9932,0.0119,0,-0.0936,-0.001,0.9956,0,1.7859,-1.1863,0.9415,1]},
{"frame":2,"values":[0.9811,-0.0942,0.1689,0,0.0863,0.9948,0.0535,0,-0.1731,-0.0379,0.9842,0,1.7859,-1.1863,0.9415,1]},
{"frame":3,"values":[0.9698,-0.1052,0.22,0,0.0853,0.9915,0.098,0,-0.2285,-0.0763,0.9706,0,1.7859,-1.1863,0.9415,1]},
{"frame":4,"values":[0.9619,-0.1313,0.2399,0,0.0994,0.9851,0.1406,0,-0.2547,-0.1114,0.9606,0,1.7859,-1.1863,0.9415,1]},
{"frame":5,"values":[0.9621,-0.1504,0.2273,0,0.1169,0.9811,0.1543,0,-0.2462,-0.1219,0.9615,0,1.7859,-1.1863,0.9415,1]},
{"frame":6,"values":[0.9686,-0.1621,0.1886,0,0.1318,0.9777,0.1634,0,-0.2109,-0.1334,0.9684,0,1.7859,-1.1863,0.9415,1]},
{"frame":7,"values":[0.9804,-0.1384,0.1399,0,0.1125,0.9774,0.1788,0,-0.1615,-0.1596,0.9739,0,1.7859,-1.1863,0.9415,1]},
{"frame":8,"values":[0.9884,-0.0909,0.1214,0,0.0686,0.9818,0.1768,0,-0.1353,-0.1665,0.9767,0,1.7859,-1.1863,0.9415,1]},
{"frame":9,"values":[0.9958,-0.0611,0.0676,0,0.0498,0.9863,0.1573,0,-0.0763,-0.1532,0.9852,0,1.7859,-1.1863,0.9415,1]},
{"frame":10,"values":[0.9985,-0.0254,0.0495,0,0.0181,0.9896,0.1425,0,-0.0526,-0.1414,0.9886,0,1.7859,-1.1863,0.9415,1]},
{"frame":11,"values":[0.998,0.0433,0.0451,0,-0.0489,0.9904,0.1296,0,-0.039,-0.1316,0.9905,0,1.7859,-1.1863,0.9415,1]},
{"frame":12,"values":[0.9983,0.0379,0.0444,0,-0.0431,0.9916,0.1221,0,-0.0394,-0.1238,0.9915,0,1.7859,-1.1863,0.9415,1]},
{"frame":13,"values":[0.9991,0.0331,0.0247,0,-0.0356,0.9934,0.1089,0,-0.0209,-0.1097,0.9937,0,1.7859,-1.1863,0.9415,1]},
{"frame":14,"values":[0.9976,0.0685,-0.003,0,-0.068,0.9937,0.0886,0,0.0091,-0.0882,0.9961,0,1.7859,-1.1863,0.9415,1]},
{"frame":15,"values":[0.988,-0.0962,0.1206,0,0.0866,0.9928,0.0827,0,-0.1277,-0.0712,0.9893,0,1.7859,-1.1863,0.9415,1]},
{"frame":16,"values":[0.9826,-0.111,0.1487,0,0.1031,0.9929,0.0602,0,-0.1543,-0.0438,0.9871,0,1.7859,-1.1863,0.9415,1]},
{"frame":17,"values":[0.9819,-0.121,0.1457,0,0.117,0.9925,0.0361,0,-0.149,-0.0184,0.9887,0,1.7859,-1.1863,0.9415,1]},
{"frame":18,"values":[0.9888,-0.1167,0.0929,0,0.1161,0.9932,0.0119,0,-0.0936,-0.001,0.9956,0,1.7859,-1.1863,0.9415,1]}],"loopBehavior":1,"name":"anim","property":"_matrix"}},
{"name":"LeftHandThumb4","index":14,"matrix":[1,0,0,0,0,1,0,0,0,0,1,0,3.3918,-1.9582,1.9582,1],"rest":[1,0,0,0,0,1,0,0,0,0,1,0,3.3918,-1.9582,1.9582,1],"parentBoneIndex":13,"length":4.3787
,"animation":{"dataType":3,"framePerSecond":24,"keys":[
{"frame":1,"values":[1,0,0,0,0,1,0,0,0,0,1,0,3.3918,-1.9582,1.9582,1]},
{"frame":18,"values":[1,0,0,0,0,1,0,0,0,0,1,0,3.3918,-1.9582,1.9582,1]}],"loopBehavior":1,"name":"anim","property":"_matrix"}},
{"name":"LeftHandIndex1","index":15,"matrix":[0.0703,-0.9908,-0.1158,0,0.9787,0.091,-0.1842,0,0.193,-0.1004,0.976,0,11.0606,-0.132,2.3806,1],"rest":[1,0,0,0,0,1,0,0,0,0,1,0,11.0606,-0.132,2.3806,1],"parentBoneIndex":10,"length":2.4579
,"animation":{"dataType":3,"framePerSecond":24,"keys":[
{"frame":1,"values":[0.0703,-0.9908,-0.1158,0,0.9787,0.091,-0.1842,0,0.193,-0.1004,0.976,0,11.0606,-0.132,2.3806,1]},
{"frame":2,"values":[0.3227,-0.9384,-0.1238,0,0.9282,0.3393,-0.1523,0,0.1849,-0.0658,0.9805,0,11.0606,-0.132,2.3806,1]},
{"frame":3,"values":[0.5198,-0.8455,-0.1221,0,0.8376,0.5325,-0.1216,0,0.1678,-0.0391,0.985,0,11.0606,-0.132,2.3806,1]},
{"frame":4,"values":[0.6513,-0.7499,-0.116,0,0.7442,0.6611,-0.0951,0,0.148,-0.0244,0.9887,0,11.0606,-0.132,2.3806,1]},
{"frame":5,"values":[0.723,-0.6819,-0.1108,0,0.678,0.7311,-0.0761,0,0.1329,-0.0201,0.9909,0,11.0606,-0.132,2.3806,1]},
{"frame":6,"values":[0.7237,-0.6812,-0.1108,0,0.6778,0.7318,-0.0715,0,0.1298,-0.0233,0.9913,0,11.0606,-0.132,2.3806,1]},
{"frame":7,"values":[0.6375,-0.7596,-0.1289,0,0.7544,0.6494,-0.096,0,0.1566,-0.036,0.987,0,11.0606,-0.132,2.3806,1]},
{"frame":8,"values":[0.6066,-0.7827,-0.1395,0,0.7764,0.6209,-0.1077,0,0.171,-0.043,0.9843,0,11.0606,-0.132,2.3806,1]},
{"frame":9,"values":[0.4518,-0.8806,-0.1431,0,0.8726,0.4696,-0.1342,0,0.1853,-0.0642,0.9806,0,11.0606,-0.132,2.3806,1]},
{"frame":10,"values":[0.3852,-0.9126,-0.1372,0,0.9038,0.4031,-0.1435,0,0.1862,-0.0687,0.9801,0,11.0606,-0.132,2.3806,1]},
{"frame":11,"values":[0.3386,-0.9348,-0.1076,0,0.9283,0.3506,-0.1242,0,0.1539,-0.0578,0.9864,0,11.0606,-0.132,2.3806,1]},
{"frame":12,"values":[0.2404,-0.9686,-0.0635,0,0.9642,0.2458,-0.0992,0,0.1116,-0.0374,0.993,0,11.0606,-0.132,2.3806,1]},
{"frame":13,"values":[0.1073,-0.9935,-0.0385,0,0.989,0.1107,-0.0984,0,0.102,-0.0275,0.9944,0,11.0606,-0.132,2.3806,1]},
{"frame":14,"values":[0.0735,-0.9957,-0.0556,0,0.9897,0.0797,-0.1191,0,0.123,-0.0462,0.9913,0,11.0606,-0.132,2.3806,1]},
{"frame":15,"values":[-0.0644,-0.9889,-0.134,0,0.9812,-0.0382,-0.1892,0,0.182,-0.1436,0.9727,0,11.0606,-0.132,2.3806,1]},
{"frame":16,"values":[-0.0457,-0.9872,-0.1526,0,0.9815,-0.016,-0.1906,0,0.1857,-0.1585,0.9697,0,11.0606,-0.132,2.3806,1]},
{"frame":17,"values":[0.0518,-0.9888,-0.1398,0,0.98,0.0772,-0.1832,0,0.192,-0.1275,0.9731,0,11.0606,-0.132,2.3806,1]},
{"frame":18,"values":[0.0703,-0.9908,-0.1158,0,0.9787,0.091,-0.1842,0,0.193,-0.1004,0.976,0,11.0606,-0.132,2.3806,1]}],"loopBehavior":1,"name":"anim","property":"_matrix"}},
{"name":"LeftHandIndex2","index":16,"matrix":[0.371,-0.9233,-0.0998,0,0.9225,0.3787,-0.075,0,0.1071,-0.0642,0.9922,0,2.4579,0,0,1],"rest":[1,0,-0.0017,0,0,1,0,0,0.0017,0,1,0,2.4579,0,0,1],"parentBoneIndex":15,"length":3.0022
,"animation":{"dataType":3,"framePerSecond":24,"keys":[
{"frame":1,"values":[0.371,-0.9233,-0.0998,0,0.9225,0.3787,-0.075,0,0.1071,-0.0642,0.9922,0,2.4579,0,0,1]},
{"frame":2,"values":[0.5127,-0.8533,-0.0947,0,0.8527,0.519,-0.0599,0,0.1003,-0.05,0.9937,0,2.4579,0,0,1]},
{"frame":3,"values":[0.6016,-0.7937,-0.0899,0,0.7932,0.6069,-0.0502,0,0.0945,-0.0411,0.9947,0,2.4579,0,0,1]},
{"frame":4,"values":[0.6476,-0.757,-0.0869,0,0.7566,0.6524,-0.0452,0,0.0909,-0.0365,0.9952,0,2.4579,0,0,1]},
{"frame":5,"values":[0.6623,-0.7443,-0.0858,0,0.7438,0.667,-0.0435,0,0.0896,-0.035,0.9954,0,2.4579,0,0,1]},
{"frame":6,"values":[0.643,-0.7609,-0.0872,0,0.7604,0.6478,-0.0457,0,0.0912,-0.037,0.9951,0,2.4579,0,0,1]},
{"frame":7,"values":[0.6038,-0.7921,-0.0898,0,0.7915,0.6091,-0.05,0,0.0943,-0.0409,0.9947,0,2.4579,0,0,1]},
{"frame":8,"values":[0.5883,-0.8036,-0.0908,0,0.803,0.5937,-0.0517,0,0.0954,-0.0425,0.9945,0,2.4579,0,0,1]},
{"frame":9,"values":[0.5377,-0.8379,-0.0935,0,0.8373,0.5437,-0.0572,0,0.0988,-0.0475,0.994,0,2.4579,0,0,1]},
{"frame":10,"values":[0.515,-0.8519,-0.0946,0,0.8513,0.5213,-0.0597,0,0.1002,-0.0498,0.9937,0,2.4579,0,0,1]},
{"frame":11,"values":[0.4804,-0.8718,-0.0961,0,0.8711,0.487,-0.0634,0,0.1021,-0.0533,0.9933,0,2.4579,0,0,1]},
{"frame":12,"values":[0.466,-0.8795,-0.0967,0,0.8788,0.4728,-0.0649,0,0.1028,-0.0547,0.9932,0,2.4579,0,0,1]},
{"frame":13,"values":[0.4861,-0.8686,-0.0959,0,0.868,0.4927,-0.0628,0,0.1018,-0.0527,0.9934,0,2.4579,0,0,1]},
{"frame":14,"values":[0.5172,-0.8506,-0.0945,0,0.85,0.5234,-0.0594,0,0.1,-0.0496,0.9937,0,2.4579,0,0,1]},
{"frame":15,"values":[0.5421,-0.8351,-0.0933,0,0.8345,0.5481,-0.0567,0,0.0985,-0.0471,0.994,0,2.4579,0,0,1]},
{"frame":16,"values":[0.5287,-0.8436,-0.094,0,0.843,0.5348,-0.0582,0,0.0993,-0.0484,0.9939,0,2.4579,0,0,1]},
{"frame":17,"values":[0.4578,-0.8838,-0.097,0,0.883,0.4646,-0.0658,0,0.1033,-0.0556,0.9931,0,2.4579,0,0,1]},
{"frame":18,"values":[0.371,-0.9233,-0.0998,0,0.9225,0.3787,-0.075,0,0.1071,-0.0642,0.9922,0,2.4579,0,0,1]}],"loopBehavior":1,"name":"anim","property":"_matrix"}},
{"name":"LeftHandIndex3","index":17,"matrix":[0.58,-0.8109,-0.0777,0,0.8109,0.5838,-0.0408,0,0.0785,-0.0393,0.9961,0,3.0022,0,0.005,1],"rest":[1,0.009,0.0017,0,-0.009,1,0,0,-0.0017,0,1,0,3.0022,0,0.005,1],"parentBoneIndex":16,"length":4.3809
,"animation":{"dataType":3,"framePerSecond":24,"keys":[
{"frame":1,"values":[0.58,-0.8109,-0.0777,0,0.8109,0.5838,-0.0408,0,0.0785,-0.0393,0.9961,0,3.0022,0,0.005,1]},
{"frame":2,"values":[0.7011,-0.7099,-0.0673,0,0.7098,0.7038,-0.0289,0,0.0679,-0.0275,0.9973,0,3.0022,0,0.005,1]},
{"frame":3,"values":[0.7733,-0.6312,-0.0593,0,0.6312,0.7753,-0.0219,0,0.0598,-0.0205,0.998,0,3.0022,0,0.005,1]},
{"frame":4,"values":[0.8093,-0.5849,-0.0546,0,0.5848,0.811,-0.0184,0,0.055,-0.0171,0.9983,0,3.0022,0,0.005,1]},
{"frame":5,"values":[0.8206,-0.569,-0.053,0,0.569,0.8222,-0.0173,0,0.0534,-0.016,0.9984,0,3.0022,0,0.005,1]},
{"frame":6,"values":[0.8057,-0.5897,-0.0551,0,0.5897,0.8074,-0.0187,0,0.0555,-0.0174,0.9983,0,3.0022,0,0.005,1]},
{"frame":7,"values":[0.775,-0.6292,-0.0591,0,0.6291,0.777,-0.0217,0,0.0596,-0.0204,0.998,0,3.0022,0,0.005,1]},
{"frame":8,"values":[0.7626,-0.644,-0.0606,0,0.6439,0.7648,-0.0229,0,0.0611,-0.0215,0.9979,0,3.0022,0,0.005,1]},
{"frame":9,"values":[0.7217,-0.6891,-0.0652,0,0.689,0.7242,-0.0269,0,0.0658,-0.0255,0.9975,0,3.0022,0,0.005,1]},
{"frame":10,"values":[0.703,-0.708,-0.0671,0,0.708,0.7057,-0.0288,0,0.0677,-0.0273,0.9973,0,3.0022,0,0.005,1]},
{"frame":11,"values":[0.6739,-0.7355,-0.07,0,0.7354,0.6769,-0.0316,0,0.0706,-0.0301,0.997,0,3.0022,0,0.005,1]},
{"frame":12,"values":[0.6616,-0.7465,-0.0711,0,0.7464,0.6647,-0.0328,0,0.0717,-0.0313,0.9969,0,3.0022,0,0.005,1]},
{"frame":13,"values":[0.6785,-0.7313,-0.0695,0,0.7313,0.6814,-0.0312,0,0.0702,-0.0297,0.9971,0,3.0022,0,0.005,1]},
{"frame":14,"values":[0.7044,-0.7066,-0.067,0,0.7066,0.7071,-0.0286,0,0.0676,-0.0272,0.9973,0,3.0022,0,0.005,1]},
{"frame":15,"values":[0.727,-0.6836,-0.0647,0,0.6836,0.7294,-0.0264,0,0.0652,-0.025,0.9976,0,3.0022,0,0.005,1]},
{"frame":16,"values":[0.7174,-0.6936,-0.0657,0,0.6935,0.7199,-0.0273,0,0.0662,-0.0259,0.9975,0,3.0022,0,0.005,1]},
{"frame":17,"values":[0.6565,-0.7509,-0.0715,0,0.7509,0.6596,-0.0333,0,0.0722,-0.0318,0.9969,0,3.0022,0,0.005,1]},
{"frame":18,"values":[0.58,-0.8109,-0.0777,0,0.8109,0.5838,-0.0408,0,0.0785,-0.0393,0.9961,0,3.0022,0,0.005,1]}],"loopBehavior":1,"name":"anim","property":"_matrix"}},
{"name":"LeftHandIndex4","index":18,"matrix":[1,0,0,0,0,1,0,0,0,0,1,0,4.3807,-0.0396,0,1],"rest":[1,0,0,0,0,1,0,0,0,0,1,0,4.3807,-0.0396,0,1],"parentBoneIndex":17,"length":4.3809
,"animation":{"dataType":3,"framePerSecond":24,"keys":[
{"frame":1,"values":[1,0,0,0,0,1,0,0,0,0,1,0,4.3807,-0.0396,0,1]},
