{"producer":{"name":"Blender","version":"2.90.0","exporter_version":"2.80.1","file":"runstrafeleft.babylon"},
"autoClear":true,"clearColor":[0.0509,0.0509,0.0509],"gravity":[0,-9.81,0],
"materials":[{"name":"Material","id":"Material","customType":"BABYLON.PBRMaterial","backFaceCulling":true,"checkReadyOnlyOnce":false,"maxSimultaneousLights":4,"environmentIntensity":1,"albedo":[0.8,0.8,0.8],"reflectivity":[0.5,0.5,0.5],"roughness":0.4,"alpha":1,"transparencyMode":0,"alphaCutOff":0.4,"metallic":0}],
"multiMaterials":[],
"skeletons":[{"name":"Armature","id":0,"dimensionsAtRest":[177.7018,230.6614,27.1405],"bones":[
{"name":"Hips","index":0,"matrix":[0.4844,-0.0814,0.871,0,0.1202,0.9924,0.0259,0,0.8665,-0.0922,-0.4905,0,-0.5564,97.3767,4.9538,1],"rest":[1,0,0,0,0,1,0,0,0,0,-1,0,0,113.0334,0,1],"parentBoneIndex":-1,"length":12.9876
,"animation":{"dataType":3,"framePerSecond":24,"keys":[
{"frame":1,"values":[0.4844,-0.0814,0.871,0,0.1202,0.9924,0.0259,0,0.8665,-0.0922,-0.4905,0,-0.5564,97.3767,4.9538,1]},
{"frame":2,"values":[0.5048,-0.0305,0.8627,0,0.0996,0.9948,-0.0232,0,0.8575,-0.0977,-0.5052,0,-1.6605,98.5896,4.6733,1]},
{"frame":3,"values":[0.4969,0.0202,0.8676,0,0.0762,0.9949,-0.0668,0,0.8645,-0.0993,-0.4928,0,-1.1763,101.6769,3.8906,1]},
{"frame":4,"values":[0.4578,0.0369,0.8883,0,0.0799,0.9934,-0.0825,0,0.8854,-0.1088,-0.4518,0,-0.3703,104.8118,3.3631,1]},
{"frame":5,"values":[0.4062,0.024,0.9135,0,0.0983,0.9927,-0.0698,0,0.9085,-0.1182,-0.4009,0,-0.4417,105.8812,3.546,1]},
{"frame":6,"values":[0.3683,0.0085,0.9297,0,0.0904,0.9949,-0.0449,0,0.9253,-0.1006,-0.3657,0,-1.3251,104.302,4.2113,1]},
{"frame":7,"values":[0.3419,0.0027,0.9397,0,0.066,0.9975,-0.0269,0,0.9374,-0.0712,-0.3409,0,-2.8372,101.4598,5.0099,1]},
{"frame":8,"values":[0.3087,-0.0062,0.9511,0,0.0541,0.9985,-0.0111,0,0.9496,-0.0549,-0.3086,0,-4.5385,99.1694,5.5428,1]},
{"frame":9,"values":[0.2582,-0.028,0.9657,0,0.0579,0.9982,0.0134,0,0.9644,-0.0524,-0.2593,0,-5.1233,98.5688,5.5836,1]},
{"frame":10,"values":[0.2056,-0.0463,0.9775,0,0.0589,0.9977,0.0349,0,0.9769,-0.0504,-0.2079,0,-4.0069,99.8472,5.2012,1]},
{"frame":11,"values":[0.1837,-0.0411,0.9821,0,0.0535,0.9981,0.0318,0,0.9815,-0.0467,-0.1855,0,-1.4136,102.175,4.5581,1]},
{"frame":12,"values":[0.2141,-0.0195,0.9766,0,0.0568,0.9984,0.0074,0,0.9752,-0.0539,-0.2148,0,1.113,104.3459,3.9463,1]},
{"frame":13,"values":[0.2747,-0.0073,0.9615,0,0.0699,0.9975,-0.0124,0,0.959,-0.0706,-0.2746,0,2.4882,104.9641,3.6753,1]},
{"frame":14,"values":[0.3392,-0.0198,0.9405,0,0.0802,0.9967,-0.008,0,0.9373,-0.0782,-0.3397,0,3.0773,103.4286,3.7787,1]},
{"frame":15,"values":[0.3967,-0.0549,0.9163,0,0.092,0.9956,0.0198,0,0.9133,-0.0765,-0.4,0,2.4977,100.608,4.102,1]},
{"frame":16,"values":[0.4457,-0.0871,0.8909,0,0.1118,0.9929,0.0412,0,0.8882,-0.0812,-0.4523,0,0.9183,98.1881,4.5153,1]},
{"frame":17,"values":[0.4844,-0.0814,0.871,0,0.1202,0.9924,0.0259,0,0.8665,-0.0922,-0.4905,0,-0.5564,97.3767,4.9538,1]}],"loopBehavior":1,"name":"anim","property":"_matrix"}},
{"name":"Spine","index":1,"matrix":[0.9846,0.1239,0.1235,0,-0.1393,0.9823,0.1249,0,-0.1059,-0.1402,0.9844,0,0,7.2445,0.6334,1],"rest":[1,0,0,0,0,1,0,0,0,0,1,0,0,7.2445,0.6334,1],"parentBoneIndex":0,"length":7.4267
,"animation":{"dataType":3,"framePerSecond":24,"keys":[
{"frame":1,"values":[0.9846,0.1239,0.1235,0,-0.1393,0.9823,0.1249,0,-0.1059,-0.1402,0.9844,0,0,7.2445,0.6334,1]},
{"frame":2,"values":[0.9957,0.0751,0.0543,0,-0.0814,0.9888,0.1252,0,-0.0443,-0.1291,0.9906,0,0,7.2445,0.6334,1]},
{"frame":3,"values":[0.9995,0.0224,-0.0216,0,-0.0199,0.9936,0.1115,0,0.024,-0.111,0.9935,0,0,7.2445,0.6334,1]},
{"frame":4,"values":[0.9978,0.0001,-0.0665,0,0.0059,0.9959,0.0897,0,0.0662,-0.0899,0.9937,0,0,7.2445,0.6334,1]},
{"frame":5,"values":[0.9984,0.0012,-0.0573,0,0.0037,0.9963,0.0856,0,0.0572,-0.0856,0.9947,0,0,7.2445,0.6334,1]},
{"frame":6,"values":[0.9998,-0.0051,-0.0199,0,0.0072,0.9942,0.1076,0,0.0192,-0.1078,0.994,0,0,7.2445,0.6334,1]},
{"frame":7,"values":[0.9994,-0.0262,0.0245,0,0.0225,0.9899,0.1401,0,-0.028,-0.1395,0.9898,0,0,7.2445,0.6334,1]},
{"frame":8,"values":[0.9971,-0.0325,0.0682,0,0.0208,0.9859,0.1659,0,-0.0727,-0.164,0.9838,0,0,7.2445,0.6334,1]},
{"frame":9,"values":[0.9933,-0.0087,0.1151,0,-0.0111,0.9852,0.171,0,-0.1149,-0.1711,0.9785,0,0,7.2445,0.6334,1]},
{"frame":10,"values":[0.9839,0.023,0.1772,0,-0.0497,0.9878,0.1476,0,-0.1717,-0.1541,0.973,0,0,7.2445,0.6334,1]},
{"frame":11,"values":[0.9699,0.04,0.2403,0,-0.0673,0.992,0.1065,0,-0.2341,-0.1195,0.9648,0,0,7.2445,0.6334,1]},
{"frame":12,"values":[0.9612,0.0445,0.2721,0,-0.0641,0.9959,0.0638,0,-0.2682,-0.0788,0.9601,0,0,7.2445,0.6334,1]},
{"frame":13,"values":[0.9608,0.0542,0.2718,0,-0.0665,0.9971,0.036,0,-0.2691,-0.0527,0.9617,0,0,7.2445,0.6334,1]},
{"frame":14,"values":[0.9655,0.08,0.2479,0,-0.0927,0.9949,0.04,0,-0.2434,-0.0616,0.968,0,0,7.2445,0.6334,1]},
{"frame":15,"values":[0.9698,0.1159,0.2145,0,-0.1341,0.9883,0.0722,0,-0.2036,-0.0987,0.9741,0,0,7.2445,0.6334,1]},
{"frame":16,"values":[0.9732,0.1453,0.1782,0,-0.1663,0.98,0.1091,0,-0.1588,-0.1359,0.9779,0,0,7.2445,0.6334,1]},
{"frame":17,"values":[0.9846,0.1239,0.1235,0,-0.1393,0.9823,0.1249,0,-0.1059,-0.1402,0.9844,0,0,7.2445,0.6334,1]}],"loopBehavior":1,"name":"anim","property":"_matrix"}},
{"name":"Spine1","index":2,"matrix":[0.9992,0.0241,0.0334,0,-0.0254,0.9989,0.0399,0,-0.0324,-0.0408,0.9986,0,0,7.425,0.1598,1],"rest":[1,0,0,0,0,1,0,0,0,0,1,0,0,7.425,0.1598,1],"parentBoneIndex":1,"length":8.6299
,"animation":{"dataType":3,"framePerSecond":24,"keys":[
{"frame":1,"values":[0.9992,0.0241,0.0334,0,-0.0254,0.9989,0.0399,0,-0.0324,-0.0408,0.9986,0,0,7.425,0.1598,1]},
{"frame":2,"values":[0.9998,0.0103,0.0155,0,-0.0109,0.9991,0.0398,0,-0.0151,-0.0399,0.9991,0,0,7.425,0.1598,1]},
{"frame":3,"values":[1,-0.0033,-0.0047,0,0.0035,0.9993,0.036,0,0.0045,-0.036,0.9993,0,0,7.425,0.1598,1]},
{"frame":4,"values":[0.9998,-0.0063,-0.017,0,0.0068,0.9996,0.0282,0,0.0168,-0.0283,0.9995,0,0,7.425,0.1598,1]},
{"frame":5,"values":[0.9999,-0.0018,-0.0143,0,0.0022,0.9997,0.0246,0,0.0142,-0.0246,0.9996,0,0,7.425,0.1598,1]},
{"frame":6,"values":[1,-0.001,-0.0033,0,0.0011,0.9995,0.0304,0,0.0033,-0.0304,0.9995,0,0,7.425,0.1598,1]},
{"frame":7,"values":[0.9999,-0.006,0.0095,0,0.0057,0.9991,0.0412,0,-0.0097,-0.0412,0.9991,0,0,7.425,0.1598,1]},
{"frame":8,"values":[0.9997,-0.0076,0.0213,0,0.0065,0.9987,0.0503,0,-0.0216,-0.0502,0.9985,0,0,7.425,0.1598,1]},
{"frame":9,"values":[0.9995,-0.0009,0.033,0,-0.0009,0.9986,0.0524,0,-0.033,-0.0524,0.9981,0,0,7.425,0.1598,1]},
{"frame":10,"values":[0.9988,0.0073,0.0491,0,-0.0095,0.9989,0.0451,0,-0.0487,-0.0455,0.9978,0,0,7.425,0.1598,1]},
{"frame":11,"values":[0.9977,0.0113,0.0664,0,-0.0134,0.9994,0.0311,0,-0.066,-0.032,0.9973,0,0,7.425,0.1598,1]},
{"frame":12,"values":[0.9971,0.0107,0.0756,0,-0.0119,0.9998,0.0156,0,-0.0754,-0.0164,0.997,0,0,7.425,0.1598,1]},
{"frame":13,"values":[0.9971,0.0108,0.0752,0,-0.0113,0.9999,0.006,0,-0.0752,-0.0069,0.9971,0,0,7.425,0.1598,1]},
{"frame":14,"values":[0.9976,0.0172,0.0677,0,-0.0178,0.9998,0.0089,0,-0.0675,-0.0101,0.9977,0,0,7.425,0.1598,1]},
{"frame":15,"values":[0.998,0.0258,0.0578,0,-0.0271,0.9994,0.0217,0,-0.0572,-0.0232,0.9981,0,0,7.425,0.1598,1]},
{"frame":16,"values":[0.9984,0.0318,0.0477,0,-0.0335,0.9988,0.0354,0,-0.0465,-0.0369,0.9982,0,0,7.425,0.1598,1]},
{"frame":17,"values":[0.9992,0.0241,0.0334,0,-0.0254,0.9989,0.0399,0,-0.0324,-0.0408,0.9986,0,0,7.425,0.1598,1]}],"loopBehavior":1,"name":"anim","property":"_matrix"}},
{"name":"Spine2","index":3,"matrix":[0.9991,0.0238,0.0341,0,-0.0252,0.9989,0.0395,0,-0.0331,-0.0403,0.9986,0,0,8.6226,-0.3542,1],"rest":[1,0,0,0,0,1,0,0,0,0,1,0,0,8.6226,-0.3542,1],"parentBoneIndex":2,"length":20.7438
,"animation":{"dataType":3,"framePerSecond":24,"keys":[
{"frame":1,"values":[0.9991,0.0238,0.0341,0,-0.0252,0.9989,0.0395,0,-0.0331,-0.0403,0.9986,0,0,8.6226,-0.3542,1]},
{"frame":2,"values":[0.9998,0.0101,0.0161,0,-0.0107,0.9992,0.0396,0,-0.0156,-0.0397,0.9991,0,0,8.6226,-0.3542,1]},
{"frame":3,"values":[1,-0.0033,-0.0043,0,0.0034,0.9993,0.036,0,0.0042,-0.036,0.9993,0,0,8.6226,-0.3542,1]},
{"frame":4,"values":[0.9998,-0.0062,-0.0168,0,0.0067,0.9996,0.0284,0,0.0166,-0.0285,0.9995,0,0,8.6226,-0.3542,1]},
{"frame":5,"values":[0.9999,-0.0018,-0.0141,0,0.0021,0.9997,0.0247,0,0.014,-0.0247,0.9996,0,0,8.6226,-0.3542,1]},
{"frame":6,"values":[1,-0.001,-0.0031,0,0.0011,0.9995,0.0304,0,0.0031,-0.0304,0.9995,0,0,8.6226,-0.3542,1]},
{"frame":7,"values":[0.9999,-0.0061,0.0098,0,0.0057,0.9991,0.0411,0,-0.0101,-0.0411,0.9991,0,0,8.6226,-0.3542,1]},
{"frame":8,"values":[0.9997,-0.0077,0.0218,0,0.0066,0.9987,0.0501,0,-0.0222,-0.0499,0.9985,0,0,8.6226,-0.3542,1]},
{"frame":9,"values":[0.9994,-0.0012,0.0337,0,-0.0006,0.9986,0.052,0,-0.0337,-0.0519,0.9981,0,0,8.6226,-0.3542,1]},
{"frame":10,"values":[0.9987,0.007,0.0498,0,-0.0092,0.999,0.0444,0,-0.0494,-0.0448,0.9978,0,0,8.6226,-0.3542,1]},
{"frame":11,"values":[0.9977,0.0114,0.0668,0,-0.0134,0.9995,0.0302,0,-0.0664,-0.031,0.9973,0,0,8.6226,-0.3542,1]},
{"frame":12,"values":[0.9971,0.0113,0.0758,0,-0.0124,0.9998,0.0145,0,-0.0756,-0.0154,0.997,0,0,8.6226,-0.3542,1]},
{"frame":13,"values":[0.9971,0.0117,0.0752,0,-0.0121,0.9999,0.005,0,-0.0752,-0.0059,0.9972,0,0,8.6226,-0.3542,1]},
{"frame":14,"values":[0.9975,0.0179,0.0677,0,-0.0185,0.9998,0.008,0,-0.0676,-0.0092,0.9977,0,0,8.6226,-0.3542,1]},
{"frame":15,"values":[0.998,0.0261,0.0581,0,-0.0273,0.9994,0.021,0,-0.0575,-0.0226,0.9981,0,0,8.6226,-0.3542,1]},
{"frame":16,"values":[0.9983,0.0316,0.0484,0,-0.0333,0.9988,0.0347,0,-0.0472,-0.0363,0.9982,0,0,8.6226,-0.3542,1]},
{"frame":17,"values":[0.9991,0.0238,0.0341,0,-0.0252,0.9989,0.0395,0,-0.0331,-0.0403,0.9986,0,0,8.6226,-0.3542,1]}],"loopBehavior":1,"name":"anim","property":"_matrix"}},
{"name":"Neck","index":4,"matrix":[0.9975,0.0446,0.0547,0,-0.0426,0.9984,-0.0374,0,-0.0563,0.035,0.9978,0,0,23.6053,-4.5263,1],"rest":[1,0,0,0,0,1,0,0,0,0,1,0,0,23.6053,-4.5263,1],"parentBoneIndex":3,"length":10.3542
,"animation":{"dataType":3,"framePerSecond":24,"keys":[
{"frame":1,"values":[0.9975,0.0446,0.0547,0,-0.0426,0.9984,-0.0374,0,-0.0563,0.035,0.9978,0,0,23.6053,-4.5263,1]},
{"frame":2,"values":[0.9975,0.0327,0.0622,0,-0.0309,0.9991,-0.0301,0,-0.0631,0.0281,0.9976,0,0,23.6053,-4.5263,1]},
{"frame":3,"values":[0.9967,0.0255,0.0775,0,-0.0228,0.9991,-0.0365,0,-0.0784,0.0346,0.9963,0,0,23.6053,-4.5263,1]},
{"frame":4,"values":[0.9951,0.0273,0.0945,0,-0.0214,0.9978,-0.0632,0,-0.0961,0.0609,0.9935,0,0,23.6053,-4.5263,1]},
{"frame":5,"values":[0.9939,0.0384,0.1033,0,-0.0303,0.9964,-0.0786,0,-0.106,0.075,0.9915,0,0,23.6053,-4.5263,1]},
{"frame":6,"values":[0.9932,0.0492,0.1056,0,-0.0425,0.997,-0.0646,0,-0.1085,0.0597,0.9923,0,0,23.6053,-4.5263,1]},
{"frame":7,"values":[0.9935,0.0455,0.1043,0,-0.0414,0.9983,-0.0408,0,-0.106,0.0363,0.9937,0,0,23.6053,-4.5263,1]},
{"frame":8,"values":[0.9941,0.0332,0.1028,0,-0.0303,0.9991,-0.0304,0,-0.1037,0.0271,0.9942,0,0,23.6053,-4.5263,1]},
{"frame":9,"values":[0.9942,0.0284,0.1039,0,-0.0256,0.9993,-0.028,0,-0.1046,0.0252,0.9942,0,0,23.6053,-4.5263,1]},
{"frame":10,"values":[0.994,0.0334,0.1037,0,-0.0311,0.9993,-0.0229,0,-0.1044,0.0196,0.9943,0,0,23.6053,-4.5263,1]},
{"frame":11,"values":[0.9941,0.0437,0.099,0,-0.0418,0.9989,-0.0212,0,-0.0999,0.0169,0.9949,0,0,23.6053,-4.5263,1]},
{"frame":12,"values":[0.9944,0.0542,0.0904,0,-0.0517,0.9982,-0.0293,0,-0.0918,0.0244,0.9955,0,0,23.6053,-4.5263,1]},
{"frame":13,"values":[0.9951,0.0571,0.0805,0,-0.0541,0.9978,-0.0391,0,-0.0826,0.0345,0.996,0,0,23.6053,-4.5263,1]},
{"frame":14,"values":[0.996,0.0533,0.0718,0,-0.0502,0.9978,-0.0441,0,-0.074,0.0404,0.9964,0,0,23.6053,-4.5263,1]},
{"frame":15,"values":[0.9965,0.0542,0.0639,0,-0.0511,0.9975,-0.0478,0,-0.0663,0.0444,0.9968,0,0,23.6053,-4.5263,1]},
{"frame":16,"values":[0.9969,0.0556,0.0554,0,-0.0529,0.9974,-0.0482,0,-0.058,0.0451,0.9973,0,0,23.6053,-4.5263,1]},
{"frame":17,"values":[0.9975,0.0446,0.0547,0,-0.0426,0.9984,-0.0374,0,-0.0563,0.035,0.9978,0,0,23.6053,-4.5263,1]}],"loopBehavior":1,"name":"anim","property":"_matrix"}},
{"name":"Head","index":5,"matrix":[0.975,-0.0444,0.2177,0,0.0968,0.9669,-0.2363,0,-0.2,0.2514,0.947,0,0,9.9955,2.7017,1],"rest":[1,0,0,0,0,1,0,0,0,0,1,0,0,9.9955,2.7017,1],"parentBoneIndex":4,"length":31.4272
,"animation":{"dataType":3,"framePerSecond":24,"keys":[
{"frame":1,"values":[0.975,-0.0444,0.2177,0,0.0968,0.9669,-0.2363,0,-0.2,0.2514,0.947,0,0,9.9955,2.7017,1]},
{"frame":2,"values":[0.9638,-0.0152,0.2661,0,0.0768,0.9719,-0.2227,0,-0.2553,0.2351,0.9379,0,0,9.9955,2.7017,1]},
{"frame":3,"values":[0.9379,0.0061,0.3468,0,0.0664,0.9782,-0.1967,0,-0.3405,0.2075,0.9171,0,0,9.9955,2.7017,1]},
{"frame":4,"values":[0.9047,0.0153,0.4257,0,0.0645,0.9829,-0.1723,0,-0.4211,0.1833,0.8883,0,0,9.9955,2.7017,1]},
{"frame":5,"values":[0.889,0.0195,0.4575,0,0.0634,0.9842,-0.165,0,-0.4535,0.1757,0.8738,0,0,9.9955,2.7017,1]},
{"frame":6,"values":[0.8886,0.0283,0.4578,0,0.0566,0.9837,-0.1706,0,-0.4551,0.1775,0.8726,0,0,9.9955,2.7017,1]},
{"frame":7,"values":[0.8911,0.0367,0.4523,0,0.054,0.9811,-0.1859,0,-0.4506,0.1901,0.8723,0,0,9.9955,2.7017,1]},
{"frame":8,"values":[0.8896,0.0385,0.4552,0,0.0668,0.9748,-0.213,0,-0.4519,0.2199,0.8645,0,0,9.9955,2.7017,1]},
{"frame":9,"values":[0.8856,0.0311,0.4634,0,0.0836,0.9708,-0.2249,0,-0.4569,0.238,0.8571,0,0,9.9955,2.7017,1]},
{"frame":10,"values":[0.8896,0.0131,0.4566,0,0.0919,0.974,-0.2069,0,-0.4475,0.226,0.8653,0,0,9.9955,2.7017,1]},
{"frame":11,"values":[0.9058,-0.0123,0.4236,0,0.0951,0.98,-0.1748,0,-0.413,0.1986,0.8888,0,0,9.9955,2.7017,1]},
{"frame":12,"values":[0.9277,-0.0364,0.3715,0,0.0948,0.9856,-0.1401,0,-0.361,0.1652,0.9178,0,0,9.9955,2.7017,1]},
{"frame":13,"values":[0.9457,-0.0488,0.3214,0,0.0929,0.988,-0.1232,0,-0.3115,0.1464,0.9389,0,0,9.9955,2.7017,1]},
{"frame":14,"values":[0.9571,-0.0656,0.2824,0,0.1083,0.9844,-0.1384,0,-0.2689,0.163,0.9493,0,0,9.9955,2.7017,1]},
{"frame":15,"values":[0.9656,-0.0912,0.2436,0,0.1362,0.9751,-0.1752,0,-0.2215,0.2024,0.9539,0,0,9.9955,2.7017,1]},
{"frame":16,"values":[0.9749,-0.0789,0.2083,0,0.1262,0.9663,-0.2245,0,-0.1835,0.2451,0.952,0,0,9.9955,2.7017,1]},
{"frame":17,"values":[0.975,-0.0444,0.2177,0,0.0968,0.9669,-0.2363,0,-0.2,0.2514,0.947,0,0,9.9955,2.7017,1]}],"loopBehavior":1,"name":"anim","property":"_matrix"}},
{"name":"HeadTop_End","index":6,"matrix":[1,0,0,0,0,1,0,0,0,0,1,0,0,31.2072,3.7118,1],"rest":[1,0,0,0,0,1,0,0,0,0,1,0,0,31.2072,3.7118,1],"parentBoneIndex":5,"length":31.4272
,"animation":{"dataType":3,"framePerSecond":24,"keys":[
{"frame":1,"values":[1,0,0,0,0,1,0,0,0,0,1,0,0,31.2072,3.7118,1]},
{"frame":17,"values":[1,0,0,0,0,1,0,0,0,0,1,0,0,31.2072,3.7118,1]}],"loopBehavior":1,"name":"anim","property":"_matrix"}},
{"name":"LeftShoulder","index":7,"matrix":[0.9987,-0.0514,0.0043,0,0.0514,0.9986,-0.0128,0,-0.0037,0.013,0.9999,0,6.1723,17.8795,-2.6384,1],"rest":[1,-0.0039,0,0,0.0039,1,0,0,0,0,1,0,6.1723,17.8795,-2.6384,1],"parentBoneIndex":3,"length":6.4566
,"animation":{"dataType":3,"framePerSecond":24,"keys":[
{"frame":1,"values":[0.9987,-0.0514,0.0043,0,0.0514,0.9986,-0.0128,0,-0.0037,0.013,0.9999,0,6.1723,17.8795,-2.6384,1]},
{"frame":2,"values":[0.9976,-0.0685,0.0126,0,0.0686,0.9976,-0.0082,0,-0.012,0.009,0.9999,0,6.1723,17.8795,-2.6384,1]},
{"frame":3,"values":[0.9956,-0.075,0.0558,0,0.0753,0.9972,-0.0035,0,-0.0554,0.0077,0.9984,0,6.1723,17.8795,-2.6384,1]},
{"frame":4,"values":[0.9868,-0.0912,0.1342,0,0.091,0.9958,0.0075,0,-0.1343,0.0048,0.9909,0,6.1723,17.8795,-2.6384,1]},
{"frame":5,"values":[0.9726,-0.1333,0.1906,0,0.1308,0.9911,0.0257,0,-0.1923,0,0.9813,0,6.1723,17.8795,-2.6384,1]},
{"frame":6,"values":[0.9677,-0.1628,0.1924,0,0.159,0.9866,0.0355,0,-0.1956,-0.0038,0.9807,0,6.1723,17.8795,-2.6384,1]},
{"frame":7,"values":[0.9737,-0.1674,0.1543,0,0.1643,0.9859,0.0328,0,-0.1576,-0.0066,0.9875,0,6.1723,17.8795,-2.6384,1]},
{"frame":8,"values":[0.9788,-0.1582,0.1304,0,0.156,0.9874,0.0269,0,-0.133,-0.006,0.9911,0,6.1723,17.8795,-2.6384,1]},
{"frame":9,"values":[0.9784,-0.1401,0.1519,0,0.1381,0.9901,0.0235,0,-0.1537,-0.002,0.9881,0,6.1723,17.8795,-2.6384,1]},
{"frame":10,"values":[0.9771,-0.1058,0.1848,0,0.1047,0.9944,0.0156,0,-0.1855,0.0041,0.9826,0,6.1723,17.8795,-2.6384,1]},
{"frame":11,"values":[0.9771,-0.0804,0.197,0,0.0803,0.9967,0.0083,0,-0.1971,0.0077,0.9804,0,6.1723,17.8795,-2.6384,1]},
{"frame":12,"values":[0.9779,-0.0909,0.1883,0,0.0904,0.9958,0.0113,0,-0.1885,0.006,0.9821,0,6.1723,17.8795,-2.6384,1]},
{"frame":13,"values":[0.9801,-0.1055,0.1684,0,0.1046,0.9944,0.0143,0,-0.1689,0.0036,0.9856,0,6.1723,17.8795,-2.6384,1]},
{"frame":14,"values":[0.9843,-0.1053,0.1418,0,0.1047,0.9944,0.0117,0,-0.1423,0.0033,0.9898,0,6.1723,17.8795,-2.6384,1]},
{"frame":15,"values":[0.9925,-0.0794,0.0928,0,0.0796,0.9968,0.0012,0,-0.0926,0.0062,0.9957,0,6.1723,17.8795,-2.6384,1]},
{"frame":16,"values":[0.9987,-0.0418,0.0292,0,0.0422,0.999,-0.0132,0,-0.0286,0.0144,0.9995,0,6.1723,17.8795,-2.6384,1]},
{"frame":17,"values":[0.9987,-0.0514,0.0043,0,0.0514,0.9986,-0.0128,0,-0.0037,0.013,0.9999,0,6.1723,17.8795,-2.6384,1]}],"loopBehavior":1,"name":"anim","property":"_matrix"}},
{"name":"LeftArm","index":8,"matrix":[0.552,-0.8261,0.1135,0,0.5722,0.4743,0.6691,0,-0.6065,-0.3044,0.7345,0,6.0747,-1.0059,-1.9427,1],"rest":[0.9995,0.0084,0.0302,0,-0.0084,1,-0.0001,0,-0.0302,-0.0002,0.9995,0,6.0747,-1.0059,-1.9427,1],"parentBoneIndex":7,"length":27.264
,"animation":{"dataType":3,"framePerSecond":24,"keys":[
{"frame":1,"values":[0.552,-0.8261,0.1135,0,0.5722,0.4743,0.6691,0,-0.6065,-0.3044,0.7345,0,6.0747,-1.0059,-1.9427,1]},
{"frame":2,"values":[0.5845,-0.8106,-0.0366,0,0.6118,0.4106,0.6761,0,-0.533,-0.4175,0.7359,0,6.0747,-1.0059,-1.9427,1]},
{"frame":3,"values":[0.6318,-0.7437,-0.2186,0,0.6518,0.357,0.6691,0,-0.4196,-0.5653,0.7102,0,6.0747,-1.0059,-1.9427,1]},
{"frame":4,"values":[0.6555,-0.6484,-0.3872,0,0.6953,0.3179,0.6446,0,-0.2948,-0.6918,0.6592,0,6.0747,-1.0059,-1.9427,1]},
{"frame":5,"values":[0.6521,-0.5976,-0.4665,0,0.7243,0.3093,0.6162,0,-0.2239,-0.7397,0.6346,0,6.0747,-1.0059,-1.9427,1]},
{"frame":6,"values":[0.6576,-0.6197,-0.4285,0,0.7212,0.3532,0.5959,0,-0.2179,-0.7009,0.6791,0,6.0747,-1.0059,-1.9427,1]},
{"frame":7,"values":[0.6605,-0.6987,-0.2751,0,0.6971,0.4344,0.5703,0,-0.2789,-0.5685,0.774,0,6.0747,-1.0059,-1.9427,1]},
{"frame":8,"values":[0.6361,-0.7713,-0.022,0,0.6538,0.5237,0.5461,0,-0.4097,-0.3618,0.8374,0,6.0747,-1.0059,-1.9427,1]},
{"frame":9,"values":[0.5906,-0.776,0.2213,0,0.5587,0.5911,0.5817,0,-0.5823,-0.2199,0.7827,0,6.0747,-1.0059,-1.9427,1]},
{"frame":10,"values":[0.5664,-0.7536,0.3337,0,0.4115,0.6094,0.6777,0,-0.7141,-0.2465,0.6553,0,6.0747,-1.0059,-1.9427,1]},
{"frame":11,"values":[0.6022,-0.7152,0.3548,0,0.3221,0.6243,0.7117,0,-0.7305,-0.3144,0.6063,0,6.0747,-1.0059,-1.9427,1]},
{"frame":12,"values":[0.6722,-0.6458,0.362,0,0.3588,0.7118,0.6038,0,-0.6476,-0.276,0.7102,0,6.0747,-1.0059,-1.9427,1]},
{"frame":13,"values":[0.722,-0.596,0.3514,0,0.4338,0.7857,0.4411,0,-0.539,-0.166,0.8258,0,6.0747,-1.0059,-1.9427,1]},
{"frame":14,"values":[0.7239,-0.6068,0.3283,0,0.4652,0.7807,0.4172,0,-0.5095,-0.1493,0.8474,0,6.0747,-1.0059,-1.9427,1]},
{"frame":15,"values":[0.665,-0.6888,0.2888,0,0.4849,0.6922,0.5345,0,-0.5681,-0.2154,0.7943,0,6.0747,-1.0059,-1.9427,1]},
{"frame":16,"values":[0.5678,-0.792,0.2243,0,0.5265,0.5588,0.6407,0,-0.6328,-0.2457,0.7343,0,6.0747,-1.0059,-1.9427,1]},
{"frame":17,"values":[0.552,-0.8261,0.1135,0,0.5722,0.4743,0.6691,0,-0.6065,-0.3044,0.7345,0,6.0747,-1.0059,-1.9427,1]}],"loopBehavior":1,"name":"anim","property":"_matrix"}},
{"name":"LeftForeArm","index":9,"matrix":[0.3566,0.0584,0.9324,0,0.0619,0.9944,-0.086,0,-0.9322,0.0884,0.351,0,27.2512,-0.1236,-0.8243,1],"rest":[0.9995,-0.0045,-0.0302,0,0.0045,1,-0.0001,0,0.0302,-0.0001,0.9995,0,27.2512,-0.1236,-0.8243,1],"parentBoneIndex":8,"length":27.5147
,"animation":{"dataType":3,"framePerSecond":24,"keys":[
{"frame":1,"values":[0.3566,0.0584,0.9324,0,0.0619,0.9944,-0.086,0,-0.9322,0.0884,0.351,0,27.2512,-0.1236,-0.8243,1]},
{"frame":2,"values":[0.5977,0.0354,0.8009,0,0.0404,0.9964,-0.0742,0,-0.8007,0.0767,0.5941,0,27.2512,-0.1236,-0.8243,1]},
{"frame":3,"values":[0.6985,0.0257,0.7152,0,0.0314,0.9973,-0.0666,0,-0.7149,0.069,0.6958,0,27.2512,-0.1236,-0.8243,1]},
{"frame":4,"values":[0.7104,0.0246,0.7033,0,0.0304,0.9974,-0.0655,0,-0.7031,0.0679,0.7078,0,27.2512,-0.1236,-0.8243,1]},
{"frame":5,"values":[0.7056,0.025,0.7081,0,0.0308,0.9973,-0.066,0,-0.7079,0.0683,0.703,0,27.2512,-0.1236,-0.8243,1]},
{"frame":6,"values":[0.6758,0.0279,0.7366,0,0.0335,0.9971,-0.0685,0,-0.7363,0.0709,0.6729,0,27.2512,-0.1236,-0.8243,1]},
{"frame":7,"values":[0.6469,0.0307,0.762,0,0.036,0.9968,-0.0708,0,-0.7618,0.0732,0.6437,0,27.2512,-0.1236,-0.8243,1]},
{"frame":8,"values":[0.628,0.0325,0.7775,0,0.0377,0.9967,-0.0721,0,-0.7773,0.0746,0.6247,0,27.2512,-0.1236,-0.8243,1]},
{"frame":9,"values":[0.565,0.0385,0.8242,0,0.0433,0.9961,-0.0763,0,-0.8239,0.0788,0.5612,0,27.2512,-0.1236,-0.8243,1]},
{"frame":10,"values":[0.3456,0.0594,0.9365,0,0.0629,0.9943,-0.0863,0,-0.9363,0.0888,0.3398,0,27.2512,-0.1236,-0.8243,1]},
{"frame":11,"values":[-0.03,0.0948,0.995,0,0.0965,0.9911,-0.0915,0,-0.9949,0.0932,-0.0389,0,27.2512,-0.1236,-0.8243,1]},
{"frame":12,"values":[-0.3561,0.1252,0.926,0,0.1256,0.9884,-0.0854,0,-0.926,0.0859,-0.3677,0,27.2512,-0.1236,-0.8243,1]},
{"frame":13,"values":[-0.4816,0.1368,0.8657,0,0.1368,0.9874,-0.08,0,-0.8657,0.0799,-0.4942,0,27.2512,-0.1236,-0.8243,1]},
{"frame":14,"values":[-0.4618,0.135,0.8767,0,0.135,0.9875,-0.081,0,-0.8767,0.081,-0.4743,0,27.2512,-0.1236,-0.8243,1]},
{"frame":15,"values":[-0.3562,0.1252,0.926,0,0.1256,0.9884,-0.0854,0,-0.9259,0.0859,-0.3678,0,27.2512,-0.1236,-0.8243,1]},
{"frame":16,"values":[-0.0298,0.0948,0.9951,0,0.0964,0.9911,-0.0915,0,-0.9949,0.0932,-0.0386,0,27.2512,-0.1236,-0.8243,1]},
{"frame":17,"values":[0.3566,0.0584,0.9324,0,0.0619,0.9944,-0.086,0,-0.9322,0.0884,0.351,0,27.2512,-0.1236,-0.8243,1]}],"loopBehavior":1,"name":"anim","property":"_matrix"}},
{"name":"LeftHand","index":10,"matrix":[0.6449,0.7576,-0.1009,0,-0.7624,0.647,-0.0151,0,0.0538,0.0867,0.9948,0,27.5147,0,0,1],"rest":[1,0,0,0,0,1,0.0006,0,0,-0.0006,1,0,27.5147,0,0,1],"parentBoneIndex":9,"length":10.1836
,"animation":{"dataType":3,"framePerSecond":24,"keys":[
{"frame":1,"values":[0.6449,0.7576,-0.1009,0,-0.7624,0.647,-0.0151,0,0.0538,0.0867,0.9948,0,27.5147,0,0,1]},
{"frame":2,"values":[0.6221,0.7782,0.086,0,-0.7714,0.628,-0.1022,0,-0.1336,-0.0028,0.991,0,27.5147,0,0,1]},
{"frame":3,"values":[0.6261,0.7521,0.2058,0,-0.7383,0.6567,-0.1541,0,-0.251,-0.0554,0.9664,0,27.5147,0,0,1]},
{"frame":4,"values":[0.6708,0.7102,0.2139,0,-0.6821,0.7039,-0.1981,0,-0.2913,-0.013,0.9566,0,27.5147,0,0,1]},
{"frame":5,"values":[0.7106,0.6954,0.1065,0,-0.661,0.7118,-0.2374,0,-0.2409,0.0983,0.9656,0,27.5147,0,0,1]},
{"frame":6,"values":[0.7106,0.7036,-0.0024,0,-0.6833,0.6893,-0.2409,0,-0.1678,0.1728,0.9705,0,27.5147,0,0,1]},
{"frame":7,"values":[0.6588,0.7522,0.0113,0,-0.7362,0.6477,-0.1963,0,-0.155,0.121,0.9805,0,27.5147,0,0,1]},
{"frame":8,"values":[0.5221,0.8405,0.1447,0,-0.8276,0.5403,-0.1522,0,-0.2061,-0.0403,0.9777,0,27.5147,0,0,1]},
{"frame":9,"values":[0.3317,0.9109,0.2454,0,-0.9178,0.3718,-0.1392,0,-0.218,-0.1791,0.9594,0,27.5147,0,0,1]},
{"frame":10,"values":[0.2108,0.9463,0.2451,0,-0.973,0.2273,-0.0406,0,-0.0942,-0.2299,0.9686,0,27.5147,0,0,1]},
{"frame":11,"values":[0.2399,0.9421,0.2341,0,-0.9631,0.2007,0.1792,0,0.1219,-0.2685,0.9555,0,27.5147,0,0,1]},
{"frame":12,"values":[0.4717,0.8593,0.1976,0,-0.861,0.4004,0.3137,0,0.1904,-0.3181,0.9287,0,27.5147,0,0,1]},
{"frame":13,"values":[0.7659,0.6407,0.0535,0,-0.6332,0.7372,0.2356,0,0.1115,-0.2143,0.9704,0,27.5147,0,0,1]},
{"frame":14,"values":[0.8544,0.4761,-0.2079,0,-0.4595,0.8793,0.1253,0,0.2425,-0.0115,0.9701,0,27.5147,0,0,1]},
{"frame":15,"values":[0.7465,0.5258,-0.4077,0,-0.5168,0.8442,0.1426,0,0.4192,0.1043,0.9019,0,27.5147,0,0,1]},
{"frame":16,"values":[0.6694,0.6679,-0.3253,0,-0.6764,0.7291,0.105,0,0.3073,0.1497,0.9398,0,27.5147,0,0,1]},
{"frame":17,"values":[0.6449,0.7576,-0.1009,0,-0.7624,0.647,-0.0151,0,0.0538,0.0867,0.9948,0,27.5147,0,0,1]}],"loopBehavior":1,"name":"anim","property":"_matrix"}},
{"name":"LeftHandThumb1","index":11,"matrix":[0.9893,0.1286,-0.069,0,-0.1398,0.971,-0.1941,0,0.0421,0.2017,0.9786,0,4.2092,-0.2988,5.1387,1],"rest":[1,0.0002,0.0002,0,-0.0002,1,-0.0002,0,-0.0002,0.0002,1,0,4.2092,-0.2988,5.1387,1],"parentBoneIndex":10,"length":1.9313
,"animation":{"dataType":3,"framePerSecond":24,"keys":[
{"frame":1,"values":[0.9893,0.1286,-0.069,0,-0.1398,0.971,-0.1941,0,0.0421,0.2017,0.9786,0,4.2092,-0.2988,5.1387,1]},
{"frame":2,"values":[0.9858,0.1352,-0.0997,0,-0.1505,0.9745,-0.1663,0,0.0747,0.1789,0.981,0,4.2092,-0.2988,5.1387,1]},
{"frame":3,"values":[0.9809,0.1634,-0.1059,0,-0.1789,0.971,-0.1584,0,0.0769,0.1743,0.9817,0,4.2092,-0.2988,5.1387,1]},
{"frame":4,"values":[0.9769,0.1922,-0.0937,0,-0.2057,0.9643,-0.1668,0,0.0583,0.1822,0.9815,0,4.2092,-0.2988,5.1387,1]},
{"frame":5,"values":[0.9759,0.1988,-0.0898,0,-0.2117,0.9625,-0.1697,0,0.0527,0.1846,0.9814,0,4.2092,-0.2988,5.1387,1]},
{"frame":6,"values":[0.9793,0.1779,-0.0965,0,-0.1921,0.9673,-0.1655,0,0.0639,0.1806,0.9815,0,4.2092,-0.2988,5.1387,1]},
{"frame":7,"values":[0.9839,0.1431,-0.107,0,-0.159,0.9744,-0.1591,0,0.0815,0.1736,0.9814,0,4.2092,-0.2988,5.1387,1]},
{"frame":8,"values":[0.9869,0.1228,-0.105,0,-0.1388,0.9769,-0.1627,0,0.0826,0.1752,0.9811,0,4.2092,-0.2988,5.1387,1]},
{"frame":9,"values":[0.9874,0.1368,-0.0791,0,-0.1494,0.9714,-0.1844,0,0.0516,0.1939,0.9797,0,4.2092,-0.2988,5.1387,1]},
{"frame":10,"values":[0.9815,0.1873,-0.0396,0,-0.1915,0.9577,-0.2149,0,-0.0024,0.2185,0.9758,0,4.2092,-0.2988,5.1387,1]},
{"frame":11,"values":[0.9674,0.2529,-0.0119,0,-0.2486,0.9399,-0.2341,0,-0.048,0.2295,0.9721,0,4.2092,-0.2988,5.1387,1]},
{"frame":12,"values":[0.9501,0.312,-0.0036,0,-0.3039,0.9227,-0.2373,0,-0.0707,0.2265,0.9714,0,4.2092,-0.2988,5.1387,1]},
{"frame":13,"values":[0.9372,0.3486,0.0047,0,-0.3372,0.9098,-0.2421,0,-0.0887,0.2253,0.9702,0,4.2092,-0.2988,5.1387,1]},
{"frame":14,"values":[0.9419,0.3352,0.0221,0,-0.3185,0.9121,-0.2581,0,-0.1067,0.2361,0.9659,0,4.2092,-0.2988,5.1387,1]},
{"frame":15,"values":[0.9648,0.2617,0.0244,0,-0.2462,0.9323,-0.2651,0,-0.0921,0.2498,0.9639,0,4.2092,-0.2988,5.1387,1]},
{"frame":16,"values":[0.9864,0.1636,-0.018,0,-0.1632,0.958,-0.2358,0,-0.0213,0.2355,0.9716,0,4.2092,-0.2988,5.1387,1]},
{"frame":17,"values":[0.9893,0.1286,-0.069,0,-0.1398,0.971,-0.1941,0,0.0421,0.2017,0.9786,0,4.2092,-0.2988,5.1387,1]}],"loopBehavior":1,"name":"anim","property":"_matrix"}},
{"name":"LeftHandThumb2","index":12,"matrix":[0.9918,0.0724,-0.105,0,-0.0695,0.9971,0.0303,0,0.1069,-0.0228,0.994,0,1.496,-0.8637,0.8637,1],"rest":[0.9982,0.052,0.0284,0,-0.0507,0.9976,-0.0475,0,-0.0308,0.046,0.9985,0,1.496,-0.8637,0.8637,1],"parentBoneIndex":11,"length":2.3416
,"animation":{"dataType":3,"framePerSecond":24,"keys":[
{"frame":1,"values":[0.9918,0.0724,-0.105,0,-0.0695,0.9971,0.0303,0,0.1069,-0.0228,0.994,0,1.496,-0.8637,0.8637,1]},
{"frame":17,"values":[0.9918,0.0724,-0.105,0,-0.0695,0.9971,0.0303,0,0.1069,-0.0228,0.994,0,1.496,-0.8637,0.8637,1]}],"loopBehavior":1,"name":"anim","property":"_matrix"}},
{"name":"LeftHandThumb3","index":13,"matrix":[0.9986,-0.0083,0.0531,0,0.0093,0.9998,-0.0176,0,-0.0529,0.018,0.9984,0,1.7859,-1.1863,0.9415,1],"rest":[0.9982,-0.0507,-0.0308,0,0.052,0.9976,0.046,0,0.0284,-0.0475,0.9985,0,1.7859,-1.1863,0.9415,1],"parentBoneIndex":12,"length":4.3787
,"animation":{"dataType":3,"framePerSecond":24,"keys":[
{"frame":1,"values":[0.9986,-0.0083,0.0531,0,0.0093,0.9998,-0.0176,0,-0.0529,0.018,0.9984,0,1.7859,-1.1863,0.9415,1]},
{"frame":2,"values":[0.9989,-0.0084,0.0453,0,0.0091,0.9999,-0.0137,0,-0.0452,0.0141,0.9989,0,1.7859,-1.1863,0.9415,1]},
{"frame":3,"values":[0.9996,-0.0085,0.0259,0,0.0086,1,-0.0039,0,-0.0259,0.0041,0.9997,0,1.7859,-1.1863,0.9415,1]},
{"frame":4,"values":[1,-0.0081,0.0008,0,0.0081,0.9999,0.0089,0,-0.0009,-0.0088,1,0,1.7859,-1.1863,0.9415,1]},
{"frame":5,"values":[0.9999,-0.0078,-0.0094,0,0.008,0.9999,0.0141,0,0.0093,-0.0142,0.9999,0,1.7859,-1.1863,0.9415,1]},
{"frame":6,"values":[1,-0.0082,0.0027,0,0.0082,0.9999,0.0079,0,-0.0028,-0.0078,1,0,1.7859,-1.1863,0.9415,1]},
{"frame":7,"values":[0.9995,-0.0085,0.029,0,0.0087,0.9999,-0.0054,0,-0.0289,0.0057,0.9996,0,1.7859,-1.1863,0.9415,1]},
{"frame":8,"values":[0.9986,-0.0083,0.0528,0,0.0093,0.9998,-0.0174,0,-0.0527,0.0179,0.9985,0,1.7859,-1.1863,0.9415,1]},
{"frame":9,"values":[0.998,-0.0081,0.0629,0,0.0096,0.9997,-0.0225,0,-0.0627,0.023,0.9978,0,1.7859,-1.1863,0.9415,1]},
{"frame":10,"values":[0.9982,-0.0082,0.0599,0,0.0095,0.9997,-0.021,0,-0.0597,0.0215,0.998,0,1.7859,-1.1863,0.9415,1]},
{"frame":11,"values":[0.9986,-0.0083,0.0531,0,0.0093,0.9998,-0.0176,0,-0.053,0.0181,0.9984,0,1.7859,-1.1863,0.9415,1]},
{"frame":12,"values":[0.9988,-0.0084,0.0477,0,0.0091,0.9998,-0.0149,0,-0.0476,0.0153,0.9987,0,1.7859,-1.1863,0.9415,1]},
{"frame":13,"values":[0.999,-0.0084,0.0449,0,0.0091,0.9999,-0.0135,0,-0.0448,0.0139,0.9989,0,1.7859,-1.1863,0.9415,1]},
{"frame":14,"values":[0.999,-0.0084,0.0448,0,0.0091,0.9999,-0.0134,0,-0.0446,0.0138,0.9989,0,1.7859,-1.1863,0.9415,1]},
{"frame":15,"values":[0.9989,-0.0084,0.0462,0,0.0091,0.9999,-0.0141,0,-0.0461,0.0145,0.9988,0,1.7859,-1.1863,0.9415,1]},
{"frame":16,"values":[0.9987,-0.0084,0.0511,0,0.0092,0.9998,-0.0166,0,-0.051,0.017,0.9986,0,1.7859,-1.1863,0.9415,1]},
{"frame":17,"values":[0.9986,-0.0083,0.0531,0,0.0093,0.9998,-0.0176,0,-0.0529,0.018,0.9984,0,1.7859,-1.1863,0.9415,1]}],"loopBehavior":1,"name":"anim","property":"_matrix"}},
{"name":"LeftHandThumb4","index":14,"matrix":[1,0,0,0,0,1,0,0,0,0,1,0,3.3918,-1.9582,1.9582,1],"rest":[1,0,0,0,0,1,0,0,0,0,1,0,3.3918,-1.9582,1.9582,1],"parentBoneIndex":13,"length":4.3787
,"animation":{"dataType":3,"framePerSecond":24,"keys":[
{"frame":1,"values":[1,0,0,0,0,1,0,0,0,0,1,0,3.3918,-1.9582,1.9582,1]},
{"frame":17,"values":[1,0,0,0,0,1,0,0,0,0,1,0,3.3918,-1.9582,1.9582,1]}],"loopBehavior":1,"name":"anim","property":"_matrix"}},
{"name":"LeftHandIndex1","index":15,"matrix":[0.8343,-0.5458,-0.0771,0,0.5462,0.8375,-0.0185,0,0.0747,-0.0267,0.9968,0,11.0606,-0.132,2.3806,1],"rest":[1,0,0,0,0,1,0,0,0,0,1,0,11.0606,-0.132,2.3806,1],"parentBoneIndex":10,"length":2.4579
,"animation":{"dataType":3,"framePerSecond":24,"keys":[
{"frame":1,"values":[0.8343,-0.5458,-0.0771,0,0.5462,0.8375,-0.0185,0,0.0747,-0.0267,0.9968,0,11.0606,-0.132,2.3806,1]},
{"frame":2,"values":[0.7819,-0.6122,-0.1177,0,0.6144,0.7887,-0.0213,0,0.1059,-0.0557,0.9928,0,11.0606,-0.132,2.3806,1]},
{"frame":3,"values":[0.7374,-0.6629,-0.1296,0,0.6658,0.7457,-0.026,0,0.1138,-0.0671,0.9912,0,11.0606,-0.132,2.3806,1]},
{"frame":4,"values":[0.7227,-0.6811,-0.1172,0,0.6831,0.7298,-0.0292,0,0.1054,-0.0589,0.9927,0,11.0606,-0.132,2.3806,1]},
{"frame":5,"values":[0.7322,-0.6722,-0.1098,0,0.6736,0.7385,-0.0288,0,0.1004,-0.0529,0.9935,0,11.0606,-0.132,2.3806,1]},
{"frame":6,"values":[0.7581,-0.6424,-0.1126,0,0.6441,0.7645,-0.0251,0,0.1022,-0.0535,0.9933,0,11.0606,-0.132,2.3806,1]},
{"frame":7,"values":[0.7967,-0.5931,-0.1161,0,0.5952,0.8033,-0.0195,0,0.1048,-0.0535,0.993,0,11.0606,-0.132,2.3806,1]},
{"frame":8,"values":[0.8431,-0.5283,-0.1,0,0.5297,0.8481,-0.0149,0,0.0927,-0.0404,0.9949,0,11.0606,-0.132,2.3806,1]},
{"frame":9,"values":[0.8818,-0.4683,-0.0561,0,0.4683,0.8835,-0.014,0,0.0561,-0.0139,0.9983,0,11.0606,-0.132,2.3806,1]},
{"frame":10,"values":[0.8944,-0.4472,-0.002,0,0.4471,0.8943,-0.0171,0,0.0094,0.0144,0.9999,0,11.0606,-0.132,2.3806,1]},
{"frame":11,"values":[0.8774,-0.4786,0.0328,0,0.4794,0.8773,-0.0222,0,-0.0182,0.0352,0.9992,0,11.0606,-0.132,2.3806,1]},
{"frame":12,"values":[0.8489,-0.5264,0.0478,0,0.5279,0.8489,-0.0273,0,-0.0262,0.0484,0.9985,0,11.0606,-0.132,2.3806,1]},
{"frame":13,"values":[0.8459,-0.5289,0.0691,0,0.5317,0.8465,-0.0291,0,-0.0431,0.0614,0.9972,0,11.0606,-0.132,2.3806,1]},
{"frame":14,"values":[0.8735,-0.4782,0.0912,0,0.4822,0.8757,-0.0268,0,-0.067,0.0674,0.9955,0,11.0606,-0.132,2.3806,1]},
{"frame":15,"values":[0.8946,-0.4412,0.0711,0,0.4437,0.8959,-0.0226,0,-0.0538,0.0518,0.9972,0,11.0606,-0.132,2.3806,1]},
{"frame":16,"values":[0.8808,-0.4735,-0.0076,0,0.4733,0.8807,-0.0184,0,0.0154,0.0126,0.9998,0,11.0606,-0.132,2.3806,1]},
{"frame":17,"values":[0.8343,-0.5458,-0.0771,0,0.5462,0.8375,-0.0185,0,0.0747,-0.0267,0.9968,0,11.0606,-0.132,2.3806,1]}],"loopBehavior":1,"name":"anim","property":"_matrix"}},
{"name":"LeftHandIndex2","index":16,"matrix":[0.6668,-0.7398,-0.0905,0,0.7398,0.6716,-0.0394,0,0.0899,-0.0407,0.9951,0,2.4579,0,0,1],"rest":[1,0,-0.0017,0,0,1,0,0,0.0017,0,1,0,2.4579,0,0,1],"parentBoneIndex":15,"length":3.0022
,"animation":{"dataType":3,"framePerSecond":24,"keys":[
{"frame":1,"values":[0.6668,-0.7398,-0.0905,0,0.7398,0.6716,-0.0394,0,0.0899,-0.0407,0.9951,0,2.4579,0,0,1]},
{"frame":2,"values":[0.6497,-0.7546,-0.0923,0,0.7547,0.6548,-0.0414,0,0.0917,-0.0427,0.9949,0,2.4579,0,0,1]},
{"frame":3,"values":[0.6499,-0.7544,-0.0922,0,0.7544,0.6551,-0.0414,0,0.0917,-0.0427,0.9949,0,2.4579,0,0,1]},
{"frame":4,"values":[0.6686,-0.7381,-0.0903,0,0.7382,0.6735,-0.0392,0,0.0897,-0.0404,0.9951,0,2.4579,0,0,1]},
{"frame":5,"values":[0.6833,-0.7247,-0.0887,0,0.7248,0.688,-0.0375,0,0.0882,-0.0387,0.9954,0,2.4579,0,0,1]},
{"frame":6,"values":[0.6899,-0.7185,-0.0879,0,0.7186,0.6945,-0.0367,0,0.0874,-0.0379,0.9955,0,2.4579,0,0,1]},
{"frame":7,"values":[0.6913,-0.7172,-0.0878,0,0.7173,0.6958,-0.0365,0,0.0873,-0.0377,0.9955,0,2.4579,0,0,1]},
{"frame":8,"values":[0.6903,-0.7181,-0.0879,0,0.7182,0.6949,-0.0366,0,0.0874,-0.0378,0.9955,0,2.4579,0,0,1]},
{"frame":9,"values":[0.6896,-0.7188,-0.088,0,0.7189,0.6941,-0.0367,0,0.0875,-0.0379,0.9954,0,2.4579,0,0,1]},
{"frame":10,"values":[0.6899,-0.7186,-0.0879,0,0.7186,0.6944,-0.0367,0,0.0874,-0.0379,0.9955,0,2.4579,0,0,1]},
{"frame":11,"values":[0.6896,-0.7188,-0.088,0,0.7189,0.6941,-0.0367,0,0.0875,-0.0379,0.9954,0,2.4579,0,0,1]},
{"frame":12,"values":[0.6867,-0.7215,-0.0883,0,0.7216,0.6913,-0.0371,0,0.0878,-0.0383,0.9954,0,2.4579,0,0,1]},
{"frame":13,"values":[0.684,-0.7241,-0.0886,0,0.7242,0.6886,-0.0374,0,0.0881,-0.0386,0.9954,0,2.4579,0,0,1]},
{"frame":14,"values":[0.6883,-0.72,-0.0881,0,0.7201,0.6929,-0.0369,0,0.0876,-0.0381,0.9954,0,2.4579,0,0,1]},
{"frame":15,"values":[0.6976,-0.7112,-0.087,0,0.7112,0.7021,-0.0358,0,0.0865,-0.037,0.9956,0,2.4579,0,0,1]},
{"frame":16,"values":[0.6913,-0.7173,-0.0878,0,0.7173,0.6958,-0.0365,0,0.0873,-0.0377,0.9955,0,2.4579,0,0,1]},
{"frame":17,"values":[0.6668,-0.7398,-0.0905,0,0.7398,0.6716,-0.0394,0,0.0899,-0.0407,0.9951,0,2.4579,0,0,1]}],"loopBehavior":1,"name":"anim","property":"_matrix"}},
{"name":"LeftHandIndex3","index":17,"matrix":[0.9478,-0.3168,-0.0375,0,0.3168,0.9485,-0.0057,0,0.0374,-0.0065,0.9993,0,3.0022,0,0.005,1],"rest":[1,0.009,0.0017,0,-0.009,1,0,0,-0.0017,0,1,0,3.0022,0,0.005,1],"parentBoneIndex":16,"length":4.3809
,"animation":{"dataType":3,"framePerSecond":24,"keys":[
{"frame":1,"values":[0.9478,-0.3168,-0.0375,0,0.3168,0.9485,-0.0057,0,0.0374,-0.0065,0.9993,0,3.0022,0,0.005,1]},
{"frame":2,"values":[0.9578,-0.2853,-0.0337,0,0.2853,0.9584,-0.0045,0,0.0336,-0.0053,0.9994,0,3.0022,0,0.005,1]},
{"frame":3,"values":[0.9713,-0.2363,-0.0278,0,0.2363,0.9717,-0.003,0,0.0278,-0.0037,0.9996,0,3.0022,0,0.005,1]},
{"frame":4,"values":[0.9816,-0.1894,-0.0222,0,0.1894,0.9819,-0.0019,0,0.0221,-0.0024,0.9998,0,3.0022,0,0.005,1]},
{"frame":5,"values":[0.9846,-0.1735,-0.0203,0,0.1735,0.9848,-0.0015,0,0.0202,-0.002,0.9998,0,3.0022,0,0.005,1]},
{"frame":6,"values":[0.98,-0.1974,-0.0232,0,0.1974,0.9803,-0.002,0,0.0231,-0.0026,0.9997,0,3.0022,0,0.005,1]},
{"frame":7,"values":[0.9678,-0.2501,-0.0295,0,0.2501,0.9682,-0.0034,0,0.0294,-0.0041,0.9996,0,3.0022,0,0.005,1]},
{"frame":8,"values":[0.9528,-0.3016,-0.0357,0,0.3016,0.9534,-0.0051,0,0.0356,-0.0059,0.9993,0,3.0022,0,0.005,1]},
{"frame":9,"values":[0.946,-0.3219,-0.0382,0,0.3219,0.9467,-0.0059,0,0.038,-0.0067,0.9993,0,3.0022,0,0.005,1]},
{"frame":10,"values":[0.9505,-0.3086,-0.0365,0,0.3086,0.9512,-0.0053,0,0.0364,-0.0062,0.9993,0,3.0022,0,0.005,1]},
{"frame":11,"values":[0.9568,-0.2887,-0.0341,0,0.2887,0.9574,-0.0046,0,0.034,-0.0054,0.9994,0,3.0022,0,0.005,1]},
{"frame":12,"values":[0.9586,-0.2827,-0.0334,0,0.2827,0.9592,-0.0044,0,0.0333,-0.0052,0.9994,0,3.0022,0,0.005,1]},
{"frame":13,"values":[0.9567,-0.2891,-0.0342,0,0.2891,0.9573,-0.0046,0,0.0341,-0.0054,0.9994,0,3.0022,0,0.005,1]},
{"frame":14,"values":[0.9532,-0.3001,-0.0355,0,0.3001,0.9539,-0.005,0,0.0354,-0.0059,0.9994,0,3.0022,0,0.005,1]},
{"frame":15,"values":[0.9494,-0.312,-0.037,0,0.312,0.9501,-0.0055,0,0.0368,-0.0063,0.9993,0,3.0022,0,0.005,1]},
{"frame":16,"values":[0.9447,-0.3256,-0.0386,0,0.3256,0.9455,-0.006,0,0.0385,-0.0069,0.9992,0,3.0022,0,0.005,1]},
{"frame":17,"values":[0.9478,-0.3168,-0.0375,0,0.3168,0.9485,-0.0057,0,0.0374,-0.0065,0.9993,0,3.0022,0,0.005,1]}],"loopBehavior":1,"name":"anim","property":"_matrix"}},
{"name":"LeftHandIndex4","index":18,"matrix":[1,0,0,0,0,1,0,0,0,0,1,0,4.3807,-0.0396,0,1],"rest":[1,0,0,0,0,1,0,0,0,0,1,0,4.3807,-0.0396,0,1],"parentBoneIndex":17,"length":4.3809
,"animation":{"dataType":3,"framePerSecond":24,"keys":[
{"frame":1,"values":[1,0,0,0,0,1,0,0,0,0,1,0,4.3807,-0.0396,0,1]},
{"frame":17,"values":[1,0,0,0,0,1,0,0,0,0,1,0,4.3807,-0.0396,0,1]}],"loopBehavior":1,"name":"anim","property":"_matrix"}},
{"name":"LeftHandMiddle1","index":19,"matrix":[0.6849,-0.7177,-0.1261,0,0.7201,0.693,-0.0332,0,0.1112,-0.0681,0.9915,0,11.0246,0,0,1],"rest":[1,0,0,0,0,1,0,0,0,0,1,0,11.0246,0,0,1],"parentBoneIndex":10,"length":3.1154
,"animation":{"dataType":3,"framePerSecond":24,"keys":[
{"frame":1,"values":[0.6849,-0.7177,-0.1261,0,0.7201,0.693,-0.0332,0,0.1112,-0.0681,0.9915,0,11.0246,0,0,1]},
{"frame":2,"values":[0.6092,-0.7774,-0.1567,0,0.7826,0.6213,-0.0396,0,0.1281,-0.0985,0.9869,0,11.0246,0,0,1]},
{"frame":3,"values":[0.5248,-0.8357,-0.1615,0,0.8415,0.538,-0.0498,0,0.1285,-0.1098,0.9856,0,11.0246,0,0,1]},
{"frame":4,"values":[0.4585,-0.8753,-0.1535,0,0.88,0.4713,-0.059,0,0.124,-0.108,0.9864,0,11.0246,0,0,1]},
{"frame":5,"values":[0.4261,-0.8912,-0.1554,0,0.8961,0.4394,-0.0629,0,0.1243,-0.1125,0.9858,0,11.0246,0,0,1]},
{"frame":6,"values":[0.4357,-0.8845,-0.167,0,0.8909,0.4503,-0.0604,0,0.1286,-0.1225,0.9841,0,11.0246,0,0,1]},
{"frame":7,"values":[0.4789,-0.8592,-0.1802,0,0.8674,0.4947,-0.0535,0,0.1351,-0.1307,0.9822,0,11.0246,0,0,1]},
{"frame":8,"values":[0.5318,-0.8293,-0.1716,0,0.8363,0.5461,-0.0478,0,0.1333,-0.1181,0.984,0,11.0246,0,0,1]},
{"frame":9,"values":[0.575,-0.8079,-0.1289,0,0.8102,0.5842,-0.047,0,0.1133,-0.0774,0.9905,0,11.0246,0,0,1]},
{"frame":10,"values":[0.6017,-0.7955,-0.0709,0,0.7944,0.6053,-0.0495,0,0.0823,-0.0265,0.9963,0,11.0246,0,0,1]},
{"frame":11,"values":[0.6054,-0.7953,-0.032,0,0.7936,0.6062,-0.0527,0,0.0613,0.0065,0.9981,0,11.0246,0,0,1]},
{"frame":12,"values":[0.5951,-0.8035,-0.0168,0,0.8018,0.595,-0.0553,0,0.0545,0.0194,0.9983,0,11.0246,0,0,1]},
{"frame":13,"values":[0.6145,-0.7889,0.0005,0,0.7878,0.6135,-0.0543,0,0.0426,0.0337,0.9985,0,11.0246,0,0,1]},
{"frame":14,"values":[0.6814,-0.7317,0.02,0,0.7316,0.6801,-0.0473,0,0.021,0.0468,0.9987,0,11.0246,0,0,1]},
{"frame":15,"values":[0.7384,-0.6743,0.0046,0,0.674,0.7377,-0.0387,0,0.0227,0.0316,0.9992,0,11.0246,0,0,1]},
{"frame":16,"values":[0.7386,-0.6709,-0.0664,0,0.6704,0.7413,-0.0322,0,0.0708,-0.0207,0.9973,0,11.0246,0,0,1]},
{"frame":17,"values":[0.6849,-0.7177,-0.1261,0,0.7201,0.693,-0.0332,0,0.1112,-0.0681,0.9915,0,11.0246,0,0,1]}],"loopBehavior":1,"name":"anim","property":"_matrix"}},
{"name":"LeftHandMiddle2","index":20,"matrix":[0.6721,-0.7351,-0.0883,0,0.7351,0.6768,-0.0388,0,0.0883,-0.0388,0.9953,0,3.1154,0,0,1],"rest":[1,0,0,0,0,1,0,0,0,0,1,0,3.1154,0,0,1],"parentBoneIndex":19,"length":2.9998
,"animation":{"dataType":3,"framePerSecond":24,"keys":[
{"frame":1,"values":[0.6721,-0.7351,-0.0883,0,0.7351,0.6768,-0.0388,0,0.0883,-0.0388,0.9953,0,3.1154,0,0,1]},
