{"producer":{"name":"Blender","version":"2.90.0","exporter_version":"2.80.1","file":"sit.babylon"},
"autoClear":true,"clearColor":[0.0509,0.0509,0.0509],"gravity":[0,-9.81,0],
"materials":[{"name":"Material","id":"Material","customType":"BABYLON.PBRMaterial","backFaceCulling":true,"checkReadyOnlyOnce":false,"maxSimultaneousLights":4,"environmentIntensity":1,"albedo":[0.8,0.8,0.8],"reflectivity":[0.5,0.5,0.5],"roughness":0.4,"alpha":1,"transparencyMode":0,"alphaCutOff":0.4,"metallic":0}],
"multiMaterials":[],
"skeletons":[{"name":"Armature","id":0,"dimensionsAtRest":[177.7018,230.6614,27.1405],"bones":[
{"name":"Hips","index":0,"matrix":[0.9999,0.0167,0.003,0,-0.0167,0.9999,-0.0026,0,0.0031,-0.0025,-1,0,-0.0222,68.6481,-5.2028,1],"rest":[1,0,0,0,0,1,0,0,0,0,-1,0,0,113.0334,0,1],"parentBoneIndex":-1,"length":12.9876
,"animation":{"dataType":3,"framePerSecond":24,"keys":[
{"frame":1,"values":[0.9999,0.0167,0.003,0,-0.0167,0.9999,-0.0026,0,0.0031,-0.0025,-1,0,-0.0222,68.6481,-5.2028,1]},
{"frame":2,"values":[0.9999,0.0168,0.003,0,-0.0168,0.9999,-0.0022,0,0.0031,-0.0022,-1,0,-0.0256,68.6473,-5.1957,1]},
{"frame":3,"values":[0.9998,0.0171,0.003,0,-0.0171,0.9999,-0.0021,0,0.0031,-0.002,-1,0,-0.0301,68.6516,-5.1891,1]},
{"frame":4,"values":[0.9998,0.0173,0.0031,0,-0.0173,0.9998,-0.002,0,0.0031,-0.002,-1,0,-0.0333,68.6564,-5.1886,1]},
{"frame":5,"values":[0.9998,0.0176,0.0032,0,-0.0175,0.9998,-0.0018,0,0.0032,-0.0018,-1,0,-0.0354,68.6585,-5.1926,1]},
{"frame":6,"values":[0.9998,0.0177,0.0033,0,-0.0177,0.9998,-0.0015,0,0.0033,-0.0014,-1,0,-0.0361,68.66,-5.1932,1]},
{"frame":7,"values":[0.9998,0.0178,0.0034,0,-0.0178,0.9998,-0.0013,0,0.0034,-0.0012,-1,0,-0.0361,68.662,-5.1894,1]},
{"frame":8,"values":[0.9998,0.018,0.0035,0,-0.018,0.9998,-0.0013,0,0.0035,-0.0012,-1,0,-0.0389,68.6629,-5.1859,1]},
{"frame":9,"values":[0.9998,0.0182,0.0035,0,-0.0182,0.9998,-0.0013,0,0.0035,-0.0013,-1,0,-0.043,68.6631,-5.182,1]},
{"frame":10,"values":[0.9998,0.0182,0.0034,0,-0.0182,0.9998,-0.0013,0,0.0035,-0.0012,-1,0,-0.0453,68.6632,-5.1781,1]},
{"frame":11,"values":[0.9998,0.0182,0.0033,0,-0.0182,0.9998,-0.0012,0,0.0033,-0.0011,-1,0,-0.0461,68.6642,-5.1779,1]},
{"frame":12,"values":[0.9998,0.0182,0.0031,0,-0.0182,0.9998,-0.0012,0,0.0032,-0.0012,-1,0,-0.0454,68.6659,-5.182,1]},
{"frame":13,"values":[0.9998,0.0181,0.0031,0,-0.0181,0.9998,-0.0014,0,0.0031,-0.0013,-1,0,-0.0427,68.6675,-5.1872,1]},
{"frame":14,"values":[0.9998,0.018,0.0032,0,-0.018,0.9998,-0.0016,0,0.0033,-0.0015,-1,0,-0.0391,68.6679,-5.1903,1]},
{"frame":15,"values":[0.9998,0.0179,0.0034,0,-0.0179,0.9998,-0.0017,0,0.0034,-0.0017,-1,0,-0.0364,68.6662,-5.1917,1]},
{"frame":16,"values":[0.9998,0.0178,0.0034,0,-0.0178,0.9998,-0.0018,0,0.0035,-0.0018,-1,0,-0.0327,68.664,-5.1932,1]},
{"frame":17,"values":[0.9998,0.0178,0.0034,0,-0.0178,0.9998,-0.0019,0,0.0035,-0.0018,-1,0,-0.029,68.6651,-5.1945,1]},
{"frame":18,"values":[0.9998,0.0177,0.0034,0,-0.0177,0.9998,-0.0018,0,0.0034,-0.0018,-1,0,-0.0283,68.6681,-5.1958,1]},
{"frame":19,"values":[0.9998,0.0176,0.0034,0,-0.0176,0.9998,-0.0018,0,0.0034,-0.0017,-1,0,-0.0292,68.6689,-5.1986,1]},
{"frame":20,"values":[0.9998,0.0176,0.0034,0,-0.0176,0.9998,-0.0019,0,0.0034,-0.0018,-1,0,-0.0285,68.668,-5.1995,1]},
{"frame":21,"values":[0.9998,0.0175,0.0034,0,-0.0175,0.9998,-0.0019,0,0.0034,-0.0019,-1,0,-0.0255,68.6684,-5.1964,1]},
{"frame":22,"values":[0.9998,0.0175,0.0034,0,-0.0175,0.9998,-0.0019,0,0.0034,-0.0018,-1,0,-0.0237,68.6699,-5.1947,1]},
{"frame":23,"values":[0.9998,0.0174,0.0034,0,-0.0174,0.9998,-0.0018,0,0.0035,-0.0017,-1,0,-0.0245,68.6703,-5.1963,1]},
{"frame":24,"values":[0.9998,0.0174,0.0035,0,-0.0174,0.9998,-0.0016,0,0.0036,-0.0016,-1,0,-0.0244,68.6689,-5.1967,1]},
{"frame":25,"values":[0.9998,0.0174,0.0036,0,-0.0174,0.9998,-0.0015,0,0.0037,-0.0014,-1,0,-0.0236,68.6672,-5.1936,1]},
{"frame":26,"values":[0.9998,0.0175,0.0037,0,-0.0175,0.9998,-0.0013,0,0.0037,-0.0012,-1,0,-0.0241,68.6671,-5.1873,1]},
{"frame":27,"values":[0.9998,0.0176,0.0037,0,-0.0175,0.9998,-0.0012,0,0.0037,-0.0011,-1,0,-0.0253,68.6672,-5.1811,1]},
{"frame":28,"values":[0.9998,0.0176,0.0035,0,-0.0176,0.9998,-0.0011,0,0.0035,-0.001,-1,0,-0.0266,68.6657,-5.179,1]},
{"frame":29,"values":[0.9998,0.0176,0.0034,0,-0.0176,0.9998,-0.0009,0,0.0034,-0.0008,-1,0,-0.0295,68.6638,-5.1807,1]},
{"frame":30,"values":[0.9998,0.0176,0.0034,0,-0.0176,0.9998,-0.0008,0,0.0034,-0.0007,-1,0,-0.0309,68.6637,-5.182,1]},
{"frame":31,"values":[0.9998,0.0177,0.0033,0,-0.0177,0.9998,-0.0009,0,0.0033,-0.0008,-1,0,-0.0292,68.6646,-5.1816,1]},
{"frame":32,"values":[0.9998,0.018,0.003,0,-0.018,0.9998,-0.0011,0,0.0031,-0.0011,-1,0,-0.0305,68.6645,-5.1829,1]},
{"frame":33,"values":[0.9998,0.0181,0.003,0,-0.0181,0.9998,-0.0013,0,0.003,-0.0012,-1,0,-0.0344,68.6627,-5.1857,1]},
{"frame":34,"values":[0.9998,0.0181,0.0031,0,-0.0181,0.9998,-0.0012,0,0.0032,-0.0011,-1,0,-0.035,68.6609,-5.1874,1]},
{"frame":35,"values":[0.9998,0.018,0.0032,0,-0.018,0.9998,-0.0012,0,0.0032,-0.0012,-1,0,-0.0347,68.6614,-5.1885,1]},
{"frame":36,"values":[0.9998,0.0181,0.0031,0,-0.0181,0.9998,-0.0014,0,0.0032,-0.0013,-1,0,-0.0359,68.6633,-5.1898,1]},
{"frame":37,"values":[0.9998,0.0182,0.003,0,-0.0182,0.9998,-0.0016,0,0.003,-0.0015,-1,0,-0.037,68.6639,-5.1925,1]},
{"frame":38,"values":[0.9998,0.0182,0.0029,0,-0.0182,0.9998,-0.0017,0,0.0029,-0.0017,-1,0,-0.0372,68.6631,-5.1958,1]},
{"frame":39,"values":[0.9998,0.0181,0.0028,0,-0.0181,0.9998,-0.0018,0,0.0029,-0.0018,-1,0,-0.0365,68.6639,-5.1975,1]},
{"frame":40,"values":[0.9998,0.0181,0.0028,0,-0.0181,0.9998,-0.0019,0,0.0028,-0.0019,-1,0,-0.036,68.6646,-5.1996,1]},
{"frame":41,"values":[0.9998,0.0181,0.0027,0,-0.0181,0.9998,-0.0019,0,0.0028,-0.0019,-1,0,-0.0364,68.6635,-5.2035,1]},
{"frame":42,"values":[0.9998,0.018,0.0028,0,-0.018,0.9998,-0.0019,0,0.0028,-0.0019,-1,0,-0.037,68.6614,-5.2068,1]},
{"frame":43,"values":[0.9998,0.0179,0.0029,0,-0.0179,0.9998,-0.0021,0,0.0029,-0.002,-1,0,-0.0378,68.6602,-5.2067,1]},
{"frame":44,"values":[0.9998,0.0179,0.0029,0,-0.0179,0.9998,-0.0022,0,0.003,-0.0021,-1,0,-0.0381,68.6609,-5.2027,1]},
{"frame":45,"values":[0.9998,0.018,0.0029,0,-0.018,0.9998,-0.002,0,0.003,-0.002,-1,0,-0.0369,68.6621,-5.1978,1]},
{"frame":46,"values":[0.9998,0.018,0.0029,0,-0.018,0.9998,-0.0018,0,0.0029,-0.0018,-1,0,-0.0349,68.6624,-5.1951,1]},
{"frame":47,"values":[0.9998,0.0179,0.0027,0,-0.0179,0.9998,-0.0017,0,0.0028,-0.0017,-1,0,-0.0329,68.6623,-5.1954,1]},
{"frame":48,"values":[0.9998,0.0177,0.0028,0,-0.0177,0.9998,-0.0016,0,0.0028,-0.0016,-1,0,-0.0303,68.663,-5.1965,1]},
{"frame":49,"values":[0.9998,0.0175,0.0031,0,-0.0175,0.9998,-0.0016,0,0.0031,-0.0015,-1,0,-0.0274,68.6638,-5.1964,1]},
{"frame":50,"values":[0.9998,0.0174,0.0033,0,-0.0174,0.9998,-0.0015,0,0.0033,-0.0015,-1,0,-0.0275,68.6634,-5.1953,1]},
{"frame":51,"values":[0.9998,0.0172,0.0033,0,-0.0172,0.9999,-0.0015,0,0.0033,-0.0014,-1,0,-0.03,68.6629,-5.195,1]},
{"frame":52,"values":[0.9999,0.017,0.0033,0,-0.017,0.9999,-0.0014,0,0.0034,-0.0014,-1,0,-0.0295,68.6622,-5.1952,1]},
{"frame":53,"values":[0.9999,0.0168,0.0035,0,-0.0167,0.9999,-0.0014,0,0.0035,-0.0013,-1,0,-0.0239,68.6609,-5.1936,1]},
{"frame":54,"values":[0.9999,0.0165,0.0035,0,-0.0165,0.9999,-0.0014,0,0.0036,-0.0014,-1,0,-0.0155,68.6601,-5.1913,1]},
{"frame":55,"values":[0.9999,0.0164,0.0034,0,-0.0164,0.9999,-0.0016,0,0.0035,-0.0015,-1,0,-0.0075,68.6595,-5.1911,1]},
{"frame":56,"values":[0.9999,0.0163,0.0034,0,-0.0163,0.9999,-0.0016,0,0.0034,-0.0016,-1,0,-0.002,68.659,-5.192,1]},
{"frame":57,"values":[0.9999,0.0161,0.0035,0,-0.0161,0.9999,-0.0017,0,0.0035,-0.0016,-1,0,0.0021,68.6595,-5.1918,1]},
{"frame":58,"values":[0.9999,0.0159,0.0035,0,-0.0159,0.9999,-0.0018,0,0.0035,-0.0018,-1,0,0.0052,68.6609,-5.1924,1]},
{"frame":59,"values":[0.9999,0.0157,0.0035,0,-0.0157,0.9999,-0.0021,0,0.0035,-0.002,-1,0,0.0066,68.6614,-5.1973,1]},
{"frame":60,"values":[0.9999,0.0155,0.0035,0,-0.0155,0.9999,-0.0022,0,0.0036,-0.0022,-1,0,0.0065,68.6605,-5.2067,1]},
{"frame":61,"values":[0.9999,0.0155,0.0036,0,-0.0155,0.9999,-0.0024,0,0.0036,-0.0023,-1,0,0.0047,68.6596,-5.217,1]},
{"frame":62,"values":[0.9999,0.0157,0.0035,0,-0.0157,0.9999,-0.0027,0,0.0035,-0.0026,-1,0,0.0006,68.6594,-5.2229,1]},
{"frame":63,"values":[0.9999,0.0159,0.0033,0,-0.0159,0.9999,-0.0029,0,0.0034,-0.0028,-1,0,-0.0039,68.6585,-5.2208,1]},
{"frame":64,"values":[0.9999,0.0158,0.0034,0,-0.0158,0.9999,-0.0028,0,0.0034,-0.0027,-1,0,-0.005,68.6561,-5.2137,1]},
{"frame":65,"values":[0.9999,0.0157,0.0034,0,-0.0157,0.9999,-0.0025,0,0.0035,-0.0024,-1,0,-0.0051,68.6537,-5.2083,1]},
{"frame":66,"values":[0.9999,0.0158,0.0033,0,-0.0158,0.9999,-0.0022,0,0.0034,-0.0022,-1,0,-0.0067,68.6525,-5.2055,1]},
{"frame":67,"values":[0.9999,0.016,0.0032,0,-0.016,0.9999,-0.0022,0,0.0032,-0.0021,-1,0,-0.0079,68.6518,-5.2027,1]},
{"frame":68,"values":[0.9999,0.0162,0.0032,0,-0.0162,0.9999,-0.0023,0,0.0032,-0.0022,-1,0,-0.0101,68.6511,-5.1999,1]},
{"frame":69,"values":[0.9999,0.0163,0.0032,0,-0.0163,0.9999,-0.0023,0,0.0032,-0.0023,-1,0,-0.0131,68.65,-5.1985,1]},
{"frame":70,"values":[0.9999,0.0164,0.0032,0,-0.0164,0.9999,-0.0023,0,0.0032,-0.0022,-1,0,-0.0151,68.6489,-5.1989,1]},
{"frame":71,"values":[0.9999,0.0166,0.0031,0,-0.0166,0.9999,-0.0024,0,0.0032,-0.0023,-1,0,-0.0177,68.6481,-5.2012,1]},
{"frame":72,"values":[0.9999,0.0167,0.003,0,-0.0167,0.9999,-0.0026,0,0.0031,-0.0025,-1,0,-0.0218,68.6488,-5.2025,1]}],"loopBehavior":1,"name":"anim","property":"_matrix"}},
{"name":"Spine","index":1,"matrix":[0.9996,-0.0267,-0.0052,0,0.0272,0.9831,0.181,0,0.0003,-0.181,0.9835,0,0,7.2445,0.6334,1],"rest":[1,0,0,0,0,1,0,0,0,0,1,0,0,7.2445,0.6334,1],"parentBoneIndex":0,"length":7.4267
,"animation":{"dataType":3,"framePerSecond":24,"keys":[
{"frame":1,"values":[0.9996,-0.0267,-0.0052,0,0.0272,0.9831,0.181,0,0.0003,-0.181,0.9835,0,0,7.2445,0.6334,1]},
{"frame":2,"values":[0.9996,-0.0267,-0.0052,0,0.0272,0.983,0.1814,0,0.0003,-0.1814,0.9834,0,0,7.2445,0.6334,1]},
{"frame":3,"values":[0.9996,-0.0267,-0.0051,0,0.0272,0.983,0.1815,0,0.0002,-0.1816,0.9834,0,0,7.2445,0.6334,1]},
{"frame":4,"values":[0.9996,-0.0267,-0.0052,0,0.0272,0.983,0.1815,0,0.0003,-0.1816,0.9834,0,0,7.2445,0.6334,1]},
{"frame":5,"values":[0.9996,-0.0266,-0.0053,0,0.0271,0.983,0.1816,0,0.0004,-0.1817,0.9834,0,0,7.2445,0.6334,1]},
{"frame":6,"values":[0.9996,-0.0264,-0.0053,0,0.0269,0.9829,0.1819,0,0.0005,-0.182,0.9833,0,0,7.2445,0.6334,1]},
{"frame":7,"values":[0.9996,-0.0263,-0.0054,0,0.0268,0.9829,0.1822,0,0.0005,-0.1823,0.9832,0,0,7.2445,0.6334,1]},
{"frame":8,"values":[0.9996,-0.0263,-0.0054,0,0.0268,0.9829,0.1824,0,0.0006,-0.1824,0.9832,0,0,7.2445,0.6334,1]},
{"frame":9,"values":[0.9996,-0.0263,-0.0056,0,0.0268,0.9828,0.1825,0,0.0007,-0.1826,0.9832,0,0,7.2445,0.6334,1]},
{"frame":10,"values":[0.9996,-0.0261,-0.0057,0,0.0267,0.9828,0.1828,0,0.0008,-0.1829,0.9831,0,0,7.2445,0.6334,1]},
{"frame":11,"values":[0.9996,-0.0261,-0.0056,0,0.0267,0.9828,0.183,0,0.0008,-0.1831,0.9831,0,0,7.2445,0.6334,1]},
{"frame":12,"values":[0.9996,-0.0262,-0.0055,0,0.0267,0.9827,0.1831,0,0.0006,-0.1832,0.9831,0,0,7.2445,0.6334,1]},
{"frame":13,"values":[0.9996,-0.0263,-0.0055,0,0.0269,0.9827,0.1831,0,0.0006,-0.1832,0.9831,0,0,7.2445,0.6334,1]},
{"frame":14,"values":[0.9996,-0.0264,-0.0055,0,0.027,0.9827,0.1832,0,0.0006,-0.1833,0.9831,0,0,7.2445,0.6334,1]},
{"frame":15,"values":[0.9996,-0.0266,-0.0055,0,0.0272,0.9827,0.1834,0,0.0005,-0.1835,0.983,0,0,7.2445,0.6334,1]},
{"frame":16,"values":[0.9996,-0.0267,-0.0055,0,0.0273,0.9826,0.1835,0,0.0005,-0.1836,0.983,0,0,7.2445,0.6334,1]},
{"frame":17,"values":[0.9996,-0.0267,-0.0055,0,0.0273,0.9826,0.1836,0,0.0005,-0.1837,0.983,0,0,7.2445,0.6334,1]},
{"frame":18,"values":[0.9996,-0.0267,-0.0055,0,0.0273,0.9826,0.1838,0,0.0005,-0.1838,0.983,0,0,7.2445,0.6334,1]},
{"frame":19,"values":[0.9996,-0.0266,-0.0055,0,0.0272,0.9826,0.1838,0,0.0005,-0.1839,0.983,0,0,7.2445,0.6334,1]},
{"frame":20,"values":[0.9996,-0.0265,-0.0055,0,0.0271,0.9826,0.1838,0,0.0005,-0.1839,0.983,0,0,7.2445,0.6334,1]},
{"frame":21,"values":[0.9996,-0.0266,-0.0055,0,0.0272,0.9826,0.1839,0,0.0005,-0.1839,0.9829,0,0,7.2445,0.6334,1]},
{"frame":22,"values":[0.9996,-0.0268,-0.0056,0,0.0274,0.9826,0.1839,0,0.0006,-0.1839,0.9829,0,0,7.2445,0.6334,1]},
{"frame":23,"values":[0.9996,-0.0268,-0.0056,0,0.0274,0.9826,0.1838,0,0.0006,-0.1839,0.9829,0,0,7.2445,0.6334,1]},
{"frame":24,"values":[0.9996,-0.0267,-0.0057,0,0.0273,0.9826,0.1837,0,0.0007,-0.1838,0.983,0,0,7.2445,0.6334,1]},
{"frame":25,"values":[0.9996,-0.0265,-0.0058,0,0.0272,0.9826,0.1836,0,0.0009,-0.1837,0.983,0,0,7.2445,0.6334,1]},
{"frame":26,"values":[0.9996,-0.0264,-0.0059,0,0.027,0.9826,0.1835,0,0.001,-0.1836,0.983,0,0,7.2445,0.6334,1]},
{"frame":27,"values":[0.9996,-0.0263,-0.0058,0,0.0269,0.9826,0.1835,0,0.0009,-0.1836,0.983,0,0,7.2445,0.6334,1]},
{"frame":28,"values":[0.9996,-0.0262,-0.0057,0,0.0268,0.9827,0.1835,0,0.0008,-0.1836,0.983,0,0,7.2445,0.6334,1]},
{"frame":29,"values":[0.9996,-0.0262,-0.0056,0,0.0268,0.9827,0.1835,0,0.0007,-0.1835,0.983,0,0,7.2445,0.6334,1]},
{"frame":30,"values":[0.9996,-0.0264,-0.0057,0,0.027,0.9827,0.1834,0,0.0007,-0.1834,0.983,0,0,7.2445,0.6334,1]},
{"frame":31,"values":[0.9996,-0.0265,-0.0055,0,0.0271,0.9827,0.1833,0,0.0006,-0.1834,0.983,0,0,7.2445,0.6334,1]},
{"frame":32,"values":[0.9996,-0.0264,-0.0051,0,0.0269,0.9827,0.1833,0,0.0002,-0.1834,0.983,0,0,7.2445,0.6334,1]},
{"frame":33,"values":[0.9996,-0.0263,-0.0048,0,0.0267,0.9827,0.1834,0,-0.0001,-0.1834,0.983,0,0,7.2445,0.6334,1]},
{"frame":34,"values":[0.9996,-0.0263,-0.0049,0,0.0268,0.9827,0.1833,0,0,-0.1834,0.983,0,0,7.2445,0.6334,1]},
{"frame":35,"values":[0.9996,-0.0263,-0.005,0,0.0268,0.9827,0.1832,0,0.0001,-0.1833,0.9831,0,0,7.2445,0.6334,1]},
{"frame":36,"values":[0.9996,-0.0263,-0.005,0,0.0267,0.9827,0.1832,0,0.0001,-0.1833,0.9831,0,0,7.2445,0.6334,1]},
{"frame":37,"values":[0.9996,-0.0261,-0.0049,0,0.0266,0.9827,0.1832,0,0,-0.1832,0.9831,0,0,7.2445,0.6334,1]},
{"frame":38,"values":[0.9996,-0.0261,-0.0048,0,0.0265,0.9827,0.1833,0,-0.0001,-0.1834,0.983,0,0,7.2445,0.6334,1]},
{"frame":39,"values":[0.9996,-0.0262,-0.0049,0,0.0266,0.9827,0.1834,0,0,-0.1835,0.983,0,0,7.2445,0.6334,1]},
{"frame":40,"values":[0.9996,-0.0262,-0.0048,0,0.0267,0.9827,0.1835,0,-0.0001,-0.1835,0.983,0,0,7.2445,0.6334,1]},
{"frame":41,"values":[0.9996,-0.0262,-0.0047,0,0.0266,0.9827,0.1834,0,-0.0002,-0.1835,0.983,0,0,7.2445,0.6334,1]},
{"frame":42,"values":[0.9996,-0.0262,-0.0049,0,0.0266,0.9827,0.1833,0,0,-0.1834,0.983,0,0,7.2445,0.6334,1]},
{"frame":43,"values":[0.9996,-0.0263,-0.005,0,0.0268,0.9827,0.1833,0,0.0001,-0.1833,0.9831,0,0,7.2445,0.6334,1]},
{"frame":45,"values":[0.9996,-0.0263,-0.0048,0,0.0267,0.9827,0.1832,0,-0.0001,-0.1833,0.9831,0,0,7.2445,0.6334,1]},
{"frame":46,"values":[0.9996,-0.0262,-0.0047,0,0.0266,0.9827,0.1831,0,-0.0002,-0.1832,0.9831,0,0,7.2445,0.6334,1]},
{"frame":47,"values":[0.9996,-0.0262,-0.0046,0,0.0266,0.9828,0.183,0,-0.0003,-0.183,0.9831,0,0,7.2445,0.6334,1]},
{"frame":48,"values":[0.9996,-0.0265,-0.0049,0,0.0269,0.9828,0.1828,0,0,-0.1829,0.9831,0,0,7.2445,0.6334,1]},
{"frame":49,"values":[0.9996,-0.0267,-0.0053,0,0.0272,0.9828,0.1826,0,0.0003,-0.1827,0.9832,0,0,7.2445,0.6334,1]},
{"frame":50,"values":[0.9996,-0.0268,-0.0055,0,0.0274,0.9828,0.1825,0,0.0005,-0.1826,0.9832,0,0,7.2445,0.6334,1]},
{"frame":51,"values":[0.9996,-0.0271,-0.0057,0,0.0277,0.9828,0.1825,0,0.0007,-0.1826,0.9832,0,0,7.2445,0.6334,1]},
{"frame":52,"values":[0.9996,-0.0273,-0.0058,0,0.0279,0.9828,0.1825,0,0.0007,-0.1825,0.9832,0,0,7.2445,0.6334,1]},
{"frame":53,"values":[0.9996,-0.0275,-0.0058,0,0.0281,0.9828,0.1824,0,0.0007,-0.1824,0.9832,0,0,7.2445,0.6334,1]},
{"frame":54,"values":[0.9996,-0.0276,-0.0058,0,0.0281,0.9829,0.1822,0,0.0006,-0.1823,0.9832,0,0,7.2445,0.6334,1]},
{"frame":55,"values":[0.9996,-0.0276,-0.0057,0,0.0282,0.9829,0.1821,0,0.0006,-0.1822,0.9833,0,0,7.2445,0.6334,1]},
{"frame":56,"values":[0.9996,-0.0276,-0.0057,0,0.0282,0.9829,0.1822,0,0.0005,-0.1823,0.9832,0,0,7.2445,0.6334,1]},
{"frame":57,"values":[0.9996,-0.0276,-0.0058,0,0.0282,0.9828,0.1824,0,0.0007,-0.1825,0.9832,0,0,7.2445,0.6334,1]},
{"frame":58,"values":[0.9996,-0.0275,-0.006,0,0.0282,0.9828,0.1826,0,0.0009,-0.1826,0.9832,0,0,7.2445,0.6334,1]},
{"frame":59,"values":[0.9996,-0.0275,-0.0061,0,0.0282,0.9828,0.1826,0,0.001,-0.1827,0.9832,0,0,7.2445,0.6334,1]},
{"frame":60,"values":[0.9996,-0.0276,-0.0061,0,0.0282,0.9828,0.1825,0,0.001,-0.1826,0.9832,0,0,7.2445,0.6334,1]},
{"frame":61,"values":[0.9996,-0.0277,-0.006,0,0.0283,0.9828,0.1824,0,0.0008,-0.1825,0.9832,0,0,7.2445,0.6334,1]},
{"frame":62,"values":[0.9996,-0.0277,-0.0056,0,0.0283,0.9828,0.1824,0,0.0005,-0.1825,0.9832,0,0,7.2445,0.6334,1]},
{"frame":63,"values":[0.9996,-0.0277,-0.0054,0,0.0282,0.9828,0.1824,0,0.0002,-0.1825,0.9832,0,0,7.2445,0.6334,1]},
{"frame":64,"values":[0.9996,-0.0277,-0.0055,0,0.0282,0.9829,0.1821,0,0.0004,-0.1822,0.9833,0,0,7.2445,0.6334,1]},
{"frame":65,"values":[0.9996,-0.0277,-0.0058,0,0.0283,0.9829,0.1818,0,0.0007,-0.1819,0.9833,0,0,7.2445,0.6334,1]},
{"frame":66,"values":[0.9996,-0.0276,-0.0058,0,0.0282,0.983,0.1817,0,0.0007,-0.1817,0.9833,0,0,7.2445,0.6334,1]},
{"frame":67,"values":[0.9996,-0.0274,-0.0058,0,0.028,0.983,0.1815,0,0.0007,-0.1816,0.9834,0,0,7.2445,0.6334,1]},
{"frame":68,"values":[0.9996,-0.0273,-0.0057,0,0.0278,0.983,0.1813,0,0.0007,-0.1814,0.9834,0,0,7.2445,0.6334,1]},
{"frame":69,"values":[0.9996,-0.0272,-0.0055,0,0.0277,0.9831,0.1812,0,0.0005,-0.1813,0.9834,0,0,7.2445,0.6334,1]},
{"frame":70,"values":[0.9996,-0.0272,-0.0054,0,0.0277,0.9831,0.181,0,0.0003,-0.1811,0.9835,0,0,7.2445,0.6334,1]},
{"frame":71,"values":[0.9996,-0.0271,-0.0053,0,0.0276,0.9831,0.1809,0,0.0003,-0.181,0.9835,0,0,7.2445,0.6334,1]},
{"frame":72,"values":[0.9996,-0.0268,-0.005,0,0.0273,0.9831,0.181,0,0.0001,-0.181,0.9835,0,0,7.2445,0.6334,1]}],"loopBehavior":1,"name":"anim","property":"_matrix"}},
{"name":"Spine1","index":2,"matrix":[1,-0.0062,-0.0037,0,0.0062,1,-0.0035,0,0.0037,0.0035,1,0,0,7.425,0.1598,1],"rest":[1,0,0,0,0,1,0,0,0,0,1,0,0,7.425,0.1598,1],"parentBoneIndex":1,"length":8.6299
,"animation":{"dataType":3,"framePerSecond":24,"keys":[
{"frame":1,"values":[1,-0.0062,-0.0037,0,0.0062,1,-0.0035,0,0.0037,0.0035,1,0,0,7.425,0.1598,1]},
{"frame":72,"values":[1,-0.0062,-0.0037,0,0.0062,1,-0.0035,0,0.0037,0.0035,1,0,0,7.425,0.1598,1]}],"loopBehavior":1,"name":"anim","property":"_matrix"}},
{"name":"Spine2","index":3,"matrix":[1,-0.0053,-0.0043,0,0.0053,1,-0.0035,0,0.0043,0.0035,1,0,0,8.6226,-0.3542,1],"rest":[1,0,0,0,0,1,0,0,0,0,1,0,0,8.6226,-0.3542,1],"parentBoneIndex":2,"length":20.7438
,"animation":{"dataType":3,"framePerSecond":24,"keys":[
{"frame":1,"values":[1,-0.0053,-0.0043,0,0.0053,1,-0.0035,0,0.0043,0.0035,1,0,0,8.6226,-0.3542,1]},
{"frame":72,"values":[1,-0.0053,-0.0043,0,0.0053,1,-0.0035,0,0.0043,0.0035,1,0,0,8.6226,-0.3542,1]}],"loopBehavior":1,"name":"anim","property":"_matrix"}},
{"name":"Neck","index":4,"matrix":[0.9997,0.0086,0.0225,0,-0.0082,0.9998,-0.0177,0,-0.0226,0.0175,0.9996,0,0,23.6053,-4.5263,1],"rest":[1,0,0,0,0,1,0,0,0,0,1,0,0,23.6053,-4.5263,1],"parentBoneIndex":3,"length":10.3542
,"animation":{"dataType":3,"framePerSecond":24,"keys":[
{"frame":1,"values":[0.9997,0.0086,0.0225,0,-0.0082,0.9998,-0.0177,0,-0.0226,0.0175,0.9996,0,0,23.6053,-4.5263,1]},
{"frame":2,"values":[0.9997,0.0088,0.0225,0,-0.0084,0.9998,-0.0172,0,-0.0226,0.017,0.9996,0,0,23.6053,-4.5263,1]},
{"frame":3,"values":[0.9997,0.009,0.0225,0,-0.0087,0.9998,-0.0169,0,-0.0226,0.0167,0.9996,0,0,23.6053,-4.5263,1]},
{"frame":4,"values":[0.9997,0.0093,0.0225,0,-0.0089,0.9998,-0.0168,0,-0.0226,0.0166,0.9996,0,0,23.6053,-4.5263,1]},
{"frame":5,"values":[0.9997,0.0093,0.0224,0,-0.0089,0.9998,-0.0167,0,-0.0226,0.0165,0.9996,0,0,23.6053,-4.5263,1]},
{"frame":6,"values":[0.9997,0.0092,0.0224,0,-0.0088,0.9998,-0.0166,0,-0.0226,0.0164,0.9996,0,0,23.6053,-4.5263,1]},
{"frame":7,"values":[0.9997,0.0092,0.0225,0,-0.0089,0.9998,-0.0165,0,-0.0227,0.0163,0.9996,0,0,23.6053,-4.5263,1]},
{"frame":8,"values":[0.9997,0.0094,0.0226,0,-0.009,0.9998,-0.0163,0,-0.0227,0.0161,0.9996,0,0,23.6053,-4.5263,1]},
{"frame":9,"values":[0.9997,0.0095,0.0226,0,-0.0091,0.9998,-0.0159,0,-0.0228,0.0157,0.9996,0,0,23.6053,-4.5263,1]},
{"frame":10,"values":[0.9997,0.0097,0.0227,0,-0.0093,0.9998,-0.0157,0,-0.0228,0.0155,0.9996,0,0,23.6053,-4.5263,1]},
{"frame":11,"values":[0.9997,0.0096,0.0227,0,-0.0092,0.9998,-0.0156,0,-0.0228,0.0154,0.9996,0,0,23.6053,-4.5263,1]},
{"frame":12,"values":[0.9997,0.0095,0.0227,0,-0.0091,0.9998,-0.0155,0,-0.0228,0.0153,0.9996,0,0,23.6053,-4.5263,1]},
{"frame":13,"values":[0.9997,0.0095,0.0227,0,-0.0091,0.9998,-0.0154,0,-0.0229,0.0152,0.9996,0,0,23.6053,-4.5263,1]},
{"frame":14,"values":[0.9997,0.0096,0.0228,0,-0.0093,0.9998,-0.0155,0,-0.0229,0.0152,0.9996,0,0,23.6053,-4.5263,1]},
{"frame":15,"values":[0.9997,0.0096,0.0228,0,-0.0093,0.9998,-0.0155,0,-0.0229,0.0153,0.9996,0,0,23.6053,-4.5263,1]},
{"frame":16,"values":[0.9997,0.0095,0.0228,0,-0.0092,0.9998,-0.0155,0,-0.0229,0.0152,0.9996,0,0,23.6053,-4.5263,1]},
{"frame":17,"values":[0.9997,0.0094,0.0228,0,-0.009,0.9998,-0.0154,0,-0.0229,0.0152,0.9996,0,0,23.6053,-4.5263,1]},
{"frame":18,"values":[0.9997,0.0093,0.0228,0,-0.009,0.9998,-0.0153,0,-0.0229,0.0151,0.9996,0,0,23.6053,-4.5263,1]},
{"frame":19,"values":[0.9997,0.0092,0.0228,0,-0.0089,0.9998,-0.0152,0,-0.0229,0.0149,0.9996,0,0,23.6053,-4.5263,1]},
{"frame":20,"values":[0.9997,0.0092,0.0227,0,-0.0089,0.9998,-0.0149,0,-0.0229,0.0147,0.9996,0,0,23.6053,-4.5263,1]},
{"frame":21,"values":[0.9997,0.0093,0.0227,0,-0.009,0.9999,-0.0147,0,-0.0229,0.0145,0.9996,0,0,23.6053,-4.5263,1]},
{"frame":22,"values":[0.9997,0.0093,0.0227,0,-0.009,0.9999,-0.0145,0,-0.0229,0.0143,0.9996,0,0,23.6053,-4.5263,1]},
{"frame":23,"values":[0.9997,0.0091,0.0228,0,-0.0088,0.9999,-0.0143,0,-0.0229,0.0141,0.9996,0,0,23.6053,-4.5263,1]},
{"frame":24,"values":[0.9997,0.0091,0.0229,0,-0.0087,0.9999,-0.0143,0,-0.023,0.0141,0.9996,0,0,23.6053,-4.5263,1]},
{"frame":25,"values":[0.9997,0.0093,0.0229,0,-0.0089,0.9999,-0.0141,0,-0.023,0.0139,0.9996,0,0,23.6053,-4.5263,1]},
{"frame":26,"values":[0.9997,0.0093,0.0227,0,-0.009,0.9999,-0.0139,0,-0.0229,0.0137,0.9996,0,0,23.6053,-4.5263,1]},
{"frame":27,"values":[0.9997,0.0091,0.0225,0,-0.0088,0.9999,-0.014,0,-0.0227,0.0138,0.9996,0,0,23.6053,-4.5263,1]},
{"frame":28,"values":[0.9997,0.0091,0.0224,0,-0.0088,0.9999,-0.0139,0,-0.0225,0.0137,0.9997,0,0,23.6053,-4.5263,1]},
{"frame":29,"values":[0.9997,0.0092,0.0223,0,-0.0089,0.9999,-0.0137,0,-0.0224,0.0135,0.9997,0,0,23.6053,-4.5263,1]},
{"frame":30,"values":[0.9997,0.0096,0.0223,0,-0.0093,0.9999,-0.0137,0,-0.0224,0.0135,0.9997,0,0,23.6053,-4.5263,1]},
{"frame":31,"values":[0.9997,0.0097,0.0221,0,-0.0094,0.9999,-0.014,0,-0.0223,0.0138,0.9997,0,0,23.6053,-4.5263,1]},
{"frame":32,"values":[0.9997,0.0091,0.0219,0,-0.0088,0.9999,-0.0145,0,-0.0221,0.0143,0.9997,0,0,23.6053,-4.5263,1]},
{"frame":33,"values":[0.9997,0.0088,0.0218,0,-0.0084,0.9999,-0.0146,0,-0.0219,0.0144,0.9997,0,0,23.6053,-4.5263,1]},
{"frame":34,"values":[0.9997,0.0091,0.0218,0,-0.0088,0.9999,-0.0142,0,-0.022,0.014,0.9997,0,0,23.6053,-4.5263,1]},
{"frame":35,"values":[0.9997,0.0094,0.0218,0,-0.0091,0.9999,-0.014,0,-0.022,0.0138,0.9997,0,0,23.6053,-4.5263,1]},
{"frame":36,"values":[0.9997,0.0092,0.0218,0,-0.0089,0.9999,-0.0139,0,-0.0219,0.0137,0.9997,0,0,23.6053,-4.5263,1]},
{"frame":37,"values":[0.9997,0.0089,0.0218,0,-0.0086,0.9999,-0.0138,0,-0.0219,0.0136,0.9997,0,0,23.6053,-4.5263,1]},
{"frame":38,"values":[0.9997,0.0089,0.0219,0,-0.0086,0.9999,-0.014,0,-0.0221,0.0138,0.9997,0,0,23.6053,-4.5263,1]},
{"frame":39,"values":[0.9997,0.0093,0.0223,0,-0.009,0.9999,-0.0141,0,-0.0224,0.0139,0.9997,0,0,23.6053,-4.5263,1]},
{"frame":40,"values":[0.9997,0.0092,0.0225,0,-0.0088,0.9999,-0.0141,0,-0.0226,0.0139,0.9996,0,0,23.6053,-4.5263,1]},
{"frame":41,"values":[0.9997,0.0087,0.0225,0,-0.0083,0.9999,-0.014,0,-0.0226,0.0138,0.9996,0,0,23.6053,-4.5263,1]},
{"frame":42,"values":[0.9997,0.0086,0.0225,0,-0.0083,0.9999,-0.0138,0,-0.0226,0.0136,0.9997,0,0,23.6053,-4.5263,1]},
{"frame":43,"values":[0.9997,0.0089,0.0224,0,-0.0086,0.9999,-0.0136,0,-0.0225,0.0135,0.9997,0,0,23.6053,-4.5263,1]},
{"frame":44,"values":[0.9997,0.0088,0.0223,0,-0.0085,0.9999,-0.0137,0,-0.0224,0.0135,0.9997,0,0,23.6053,-4.5263,1]},
{"frame":45,"values":[0.9997,0.0083,0.0223,0,-0.008,0.9999,-0.0138,0,-0.0224,0.0136,0.9997,0,0,23.6053,-4.5263,1]},
{"frame":46,"values":[0.9997,0.008,0.0223,0,-0.0077,0.9999,-0.0136,0,-0.0224,0.0135,0.9997,0,0,23.6053,-4.5263,1]},
{"frame":47,"values":[0.9997,0.0081,0.0223,0,-0.0078,0.9999,-0.0135,0,-0.0224,0.0133,0.9997,0,0,23.6053,-4.5263,1]},
{"frame":48,"values":[0.9997,0.0086,0.0223,0,-0.0083,0.9999,-0.0132,0,-0.0225,0.0131,0.9997,0,0,23.6053,-4.5263,1]},
{"frame":49,"values":[0.9997,0.0087,0.0224,0,-0.0084,0.9999,-0.0129,0,-0.0225,0.0127,0.9997,0,0,23.6053,-4.5263,1]},
{"frame":50,"values":[0.9997,0.0084,0.0224,0,-0.0081,0.9999,-0.0128,0,-0.0225,0.0126,0.9997,0,0,23.6053,-4.5263,1]},
{"frame":51,"values":[0.9997,0.0082,0.0224,0,-0.0079,0.9999,-0.0129,0,-0.0225,0.0127,0.9997,0,0,23.6053,-4.5263,1]},
{"frame":52,"values":[0.9997,0.008,0.0224,0,-0.0077,0.9999,-0.0131,0,-0.0225,0.0129,0.9997,0,0,23.6053,-4.5263,1]},
{"frame":53,"values":[0.9997,0.0077,0.0223,0,-0.0074,0.9999,-0.0132,0,-0.0224,0.0131,0.9997,0,0,23.6053,-4.5263,1]},
{"frame":54,"values":[0.9997,0.0076,0.0223,0,-0.0073,0.9999,-0.0134,0,-0.0224,0.0132,0.9997,0,0,23.6053,-4.5263,1]},
{"frame":55,"values":[0.9997,0.0076,0.0223,0,-0.0073,0.9999,-0.0136,0,-0.0224,0.0135,0.9997,0,0,23.6053,-4.5263,1]},
{"frame":56,"values":[0.9997,0.0075,0.0223,0,-0.0072,0.9999,-0.014,0,-0.0224,0.0138,0.9997,0,0,23.6053,-4.5263,1]},
{"frame":57,"values":[0.9997,0.0075,0.0223,0,-0.0072,0.9999,-0.0146,0,-0.0224,0.0145,0.9996,0,0,23.6053,-4.5263,1]},
{"frame":58,"values":[0.9997,0.0075,0.0222,0,-0.0072,0.9999,-0.0154,0,-0.0224,0.0152,0.9996,0,0,23.6053,-4.5263,1]},
{"frame":59,"values":[0.9997,0.0073,0.0222,0,-0.007,0.9998,-0.0162,0,-0.0223,0.0161,0.9996,0,0,23.6053,-4.5263,1]},
{"frame":60,"values":[0.9997,0.007,0.0221,0,-0.0067,0.9998,-0.0171,0,-0.0222,0.0169,0.9996,0,0,23.6053,-4.5263,1]},
{"frame":61,"values":[0.9997,0.0068,0.022,0,-0.0065,0.9998,-0.0181,0,-0.0221,0.018,0.9996,0,0,23.6053,-4.5263,1]},
{"frame":62,"values":[0.9997,0.0064,0.0217,0,-0.0059,0.9998,-0.0194,0,-0.0218,0.0193,0.9996,0,0,23.6053,-4.5263,1]},
{"frame":63,"values":[0.9998,0.0059,0.0214,0,-0.0055,0.9998,-0.0205,0,-0.0215,0.0203,0.9996,0,0,23.6053,-4.5263,1]},
{"frame":64,"values":[0.9998,0.0063,0.0214,0,-0.0058,0.9998,-0.0204,0,-0.0215,0.0203,0.9996,0,0,23.6053,-4.5263,1]},
{"frame":65,"values":[0.9997,0.0069,0.0216,0,-0.0065,0.9998,-0.0199,0,-0.0217,0.0197,0.9996,0,0,23.6053,-4.5263,1]},
{"frame":66,"values":[0.9997,0.0071,0.0217,0,-0.0067,0.9998,-0.0196,0,-0.0219,0.0195,0.9996,0,0,23.6053,-4.5263,1]},
{"frame":67,"values":[0.9997,0.0072,0.0217,0,-0.0067,0.9998,-0.0195,0,-0.0219,0.0193,0.9996,0,0,23.6053,-4.5263,1]},
{"frame":68,"values":[0.9997,0.0073,0.0217,0,-0.0069,0.9998,-0.0192,0,-0.0219,0.019,0.9996,0,0,23.6053,-4.5263,1]},
{"frame":69,"values":[0.9997,0.0077,0.0218,0,-0.0073,0.9998,-0.0188,0,-0.0219,0.0187,0.9996,0,0,23.6053,-4.5263,1]},
{"frame":70,"values":[0.9997,0.0082,0.0219,0,-0.0078,0.9998,-0.0182,0,-0.0221,0.018,0.9996,0,0,23.6053,-4.5263,1]},
{"frame":71,"values":[0.9997,0.0085,0.0221,0,-0.0082,0.9998,-0.0177,0,-0.0223,0.0175,0.9996,0,0,23.6053,-4.5263,1]},
{"frame":72,"values":[0.9997,0.0086,0.0221,0,-0.0082,0.9998,-0.0177,0,-0.0223,0.0175,0.9996,0,0,23.6053,-4.5263,1]}],"loopBehavior":1,"name":"anim","property":"_matrix"}},
{"name":"Head","index":5,"matrix":[0.9928,-0.08,0.0888,0,0.0925,0.9848,-0.1468,0,-0.0757,0.154,0.9852,0,0,9.9955,2.7017,1],"rest":[1,0,0,0,0,1,0,0,0,0,1,0,0,9.9955,2.7017,1],"parentBoneIndex":4,"length":31.4272
,"animation":{"dataType":3,"framePerSecond":24,"keys":[
{"frame":1,"values":[0.9928,-0.08,0.0888,0,0.0925,0.9848,-0.1468,0,-0.0757,0.154,0.9852,0,0,9.9955,2.7017,1]},
{"frame":2,"values":[0.9928,-0.0801,0.0886,0,0.0925,0.9849,-0.1466,0,-0.0755,0.1538,0.9852,0,0,9.9955,2.7017,1]},
{"frame":3,"values":[0.9929,-0.0795,0.0884,0,0.0919,0.9849,-0.1468,0,-0.0754,0.1539,0.9852,0,0,9.9955,2.7017,1]},
{"frame":4,"values":[0.9929,-0.0789,0.0887,0,0.0914,0.9849,-0.1468,0,-0.0758,0.1538,0.9852,0,0,9.9955,2.7017,1]},
{"frame":5,"values":[0.9929,-0.0786,0.0893,0,0.0911,0.985,-0.1466,0,-0.0764,0.1537,0.9851,0,0,9.9955,2.7017,1]},
{"frame":6,"values":[0.9929,-0.0783,0.0899,0,0.0909,0.985,-0.1467,0,-0.077,0.1538,0.9851,0,0,9.9955,2.7017,1]},
{"frame":7,"values":[0.9929,-0.0781,0.0901,0,0.0908,0.985,-0.1468,0,-0.0772,0.1539,0.9851,0,0,9.9955,2.7017,1]},
{"frame":8,"values":[0.9929,-0.0779,0.09,0,0.0906,0.985,-0.1468,0,-0.0772,0.1539,0.9851,0,0,9.9955,2.7017,1]},
{"frame":9,"values":[0.9929,-0.0779,0.0899,0,0.0906,0.985,-0.1469,0,-0.0771,0.154,0.9851,0,0,9.9955,2.7017,1]},
{"frame":10,"values":[0.9929,-0.0781,0.0899,0,0.0907,0.985,-0.1467,0,-0.0771,0.1538,0.9851,0,0,9.9955,2.7017,1]},
{"frame":11,"values":[0.9929,-0.0783,0.09,0,0.0909,0.9851,-0.1459,0,-0.0772,0.153,0.9852,0,0,9.9955,2.7017,1]},
{"frame":12,"values":[0.9928,-0.0784,0.0901,0,0.0909,0.9853,-0.1449,0,-0.0774,0.152,0.9853,0,0,9.9955,2.7017,1]},
{"frame":13,"values":[0.9928,-0.0783,0.0902,0,0.0908,0.9854,-0.1442,0,-0.0776,0.1514,0.9854,0,0,9.9955,2.7017,1]},
{"frame":14,"values":[0.9928,-0.0783,0.0903,0,0.0908,0.9854,-0.144,0,-0.0777,0.1512,0.9854,0,0,9.9955,2.7017,1]},
{"frame":15,"values":[0.9928,-0.0785,0.0903,0,0.091,0.9854,-0.144,0,-0.0777,0.1512,0.9854,0,0,9.9955,2.7017,1]},
{"frame":16,"values":[0.9928,-0.0787,0.0904,0,0.0912,0.9853,-0.1442,0,-0.0777,0.1514,0.9854,0,0,9.9955,2.7017,1]},
{"frame":17,"values":[0.9928,-0.0788,0.0904,0,0.0913,0.9853,-0.1441,0,-0.0777,0.1514,0.9854,0,0,9.9955,2.7017,1]},
{"frame":18,"values":[0.9928,-0.0792,0.0904,0,0.0917,0.9854,-0.1436,0,-0.0777,0.1509,0.9855,0,0,9.9955,2.7017,1]},
{"frame":19,"values":[0.9927,-0.0796,0.0903,0,0.092,0.9854,-0.1431,0,-0.0776,0.1504,0.9856,0,0,9.9955,2.7017,1]},
{"frame":20,"values":[0.9928,-0.0795,0.0901,0,0.0919,0.9855,-0.1429,0,-0.0774,0.1501,0.9856,0,0,9.9955,2.7017,1]},
{"frame":21,"values":[0.9928,-0.0791,0.09,0,0.0915,0.9856,-0.1425,0,-0.0775,0.1497,0.9857,0,0,9.9955,2.7017,1]},
{"frame":22,"values":[0.9928,-0.079,0.0902,0,0.0913,0.9857,-0.1417,0,-0.0777,0.1489,0.9858,0,0,9.9955,2.7017,1]},
{"frame":23,"values":[0.9927,-0.0792,0.0904,0,0.0915,0.9858,-0.1408,0,-0.078,0.1481,0.9859,0,0,9.9955,2.7017,1]},
{"frame":24,"values":[0.9927,-0.0795,0.0902,0,0.0917,0.9859,-0.1401,0,-0.0778,0.1473,0.986,0,0,9.9955,2.7017,1]},
{"frame":25,"values":[0.9928,-0.0797,0.0895,0,0.0917,0.986,-0.1395,0,-0.0772,0.1467,0.9862,0,0,9.9955,2.7017,1]},
{"frame":26,"values":[0.9929,-0.0796,0.0889,0,0.0915,0.986,-0.1391,0,-0.0766,0.1463,0.9863,0,0,9.9955,2.7017,1]},
{"frame":27,"values":[0.9929,-0.0796,0.0886,0,0.0914,0.9861,-0.1389,0,-0.0763,0.146,0.9863,0,0,9.9955,2.7017,1]},
{"frame":28,"values":[0.9929,-0.0796,0.0886,0,0.0914,0.9861,-0.1387,0,-0.0763,0.1458,0.9864,0,0,9.9955,2.7017,1]},
{"frame":29,"values":[0.9929,-0.0795,0.0885,0,0.0913,0.9862,-0.1384,0,-0.0763,0.1455,0.9864,0,0,9.9955,2.7017,1]},
{"frame":30,"values":[0.9929,-0.0791,0.0884,0,0.0909,0.9862,-0.1381,0,-0.0762,0.1452,0.9865,0,0,9.9955,2.7017,1]},
{"frame":31,"values":[0.993,-0.0789,0.0882,0,0.0906,0.9863,-0.1379,0,-0.0761,0.1449,0.9865,0,0,9.9955,2.7017,1]},
{"frame":32,"values":[0.993,-0.0789,0.0878,0,0.0906,0.9863,-0.1378,0,-0.0758,0.1448,0.9866,0,0,9.9955,2.7017,1]},
{"frame":33,"values":[0.993,-0.0791,0.0875,0,0.0907,0.9863,-0.1376,0,-0.0755,0.1446,0.9866,0,0,9.9955,2.7017,1]},
{"frame":34,"values":[0.993,-0.0792,0.0874,0,0.0908,0.9864,-0.1372,0,-0.0753,0.1442,0.9867,0,0,9.9955,2.7017,1]},
{"frame":35,"values":[0.993,-0.0792,0.0873,0,0.0907,0.9865,-0.1367,0,-0.0753,0.1436,0.9868,0,0,9.9955,2.7017,1]},
{"frame":36,"values":[0.993,-0.0793,0.0874,0,0.0907,0.9865,-0.1362,0,-0.0754,0.1432,0.9868,0,0,9.9955,2.7017,1]},
{"frame":37,"values":[0.993,-0.0793,0.0875,0,0.0908,0.9866,-0.1358,0,-0.0755,0.1428,0.9869,0,0,9.9955,2.7017,1]},
{"frame":38,"values":[0.993,-0.0791,0.0875,0,0.0906,0.9866,-0.1356,0,-0.0756,0.1426,0.9869,0,0,9.9955,2.7017,1]},
{"frame":39,"values":[0.993,-0.0788,0.0879,0,0.0902,0.9867,-0.1353,0,-0.076,0.1423,0.9869,0,0,9.9955,2.7017,1]},
{"frame":40,"values":[0.993,-0.0786,0.0884,0,0.0901,0.9867,-0.135,0,-0.0766,0.142,0.9869,0,0,9.9955,2.7017,1]},
{"frame":41,"values":[0.9929,-0.0787,0.0888,0,0.0902,0.9868,-0.1347,0,-0.077,0.1417,0.9869,0,0,9.9955,2.7017,1]},
{"frame":42,"values":[0.9929,-0.0788,0.0887,0,0.0904,0.9868,-0.1347,0,-0.0769,0.1417,0.9869,0,0,9.9955,2.7017,1]},
{"frame":43,"values":[0.993,-0.079,0.0882,0,0.0904,0.9867,-0.1348,0,-0.0764,0.1418,0.9869,0,0,9.9955,2.7017,1]},
{"frame":44,"values":[0.993,-0.0792,0.0879,0,0.0907,0.9867,-0.1349,0,-0.076,0.1419,0.987,0,0,9.9955,2.7017,1]},
{"frame":45,"values":[0.993,-0.0795,0.0879,0,0.091,0.9866,-0.1354,0,-0.0759,0.1424,0.9869,0,0,9.9955,2.7017,1]},
{"frame":46,"values":[0.9929,-0.0797,0.0879,0,0.0912,0.9865,-0.1363,0,-0.0758,0.1433,0.9868,0,0,9.9955,2.7017,1]},
{"frame":47,"values":[0.993,-0.0796,0.0878,0,0.0913,0.9862,-0.1378,0,-0.0756,0.1449,0.9866,0,0,9.9955,2.7017,1]},
{"frame":48,"values":[0.993,-0.0792,0.0879,0,0.091,0.986,-0.1398,0,-0.0756,0.1469,0.9863,0,0,9.9955,2.7017,1]},
{"frame":49,"values":[0.993,-0.0785,0.0883,0,0.0905,0.9857,-0.1422,0,-0.0759,0.1492,0.9859,0,0,9.9955,2.7017,1]},
{"frame":50,"values":[0.993,-0.0781,0.0886,0,0.0904,0.9853,-0.145,0,-0.076,0.152,0.9854,0,0,9.9955,2.7017,1]},
{"frame":51,"values":[0.993,-0.0783,0.0886,0,0.0909,0.9848,-0.1481,0,-0.0757,0.1551,0.985,0,0,9.9955,2.7017,1]},
{"frame":52,"values":[0.993,-0.0787,0.0884,0,0.0914,0.9844,-0.1504,0,-0.0752,0.1574,0.9847,0,0,9.9955,2.7017,1]},
{"frame":53,"values":[0.993,-0.0792,0.0882,0,0.0919,0.9842,-0.1515,0,-0.0748,0.1585,0.9845,0,0,9.9955,2.7017,1]},
{"frame":54,"values":[0.9929,-0.0795,0.0881,0,0.0923,0.9841,-0.1516,0,-0.0746,0.1586,0.9845,0,0,9.9955,2.7017,1]},
{"frame":55,"values":[0.9929,-0.08,0.088,0,0.0926,0.9842,-0.1512,0,-0.0745,0.1582,0.9846,0,0,9.9955,2.7017,1]},
{"frame":56,"values":[0.9929,-0.0801,0.088,0,0.0928,0.9842,-0.1507,0,-0.0746,0.1578,0.9847,0,0,9.9955,2.7017,1]},
{"frame":57,"values":[0.9929,-0.0798,0.0882,0,0.0925,0.9843,-0.1505,0,-0.0748,0.1576,0.9847,0,0,9.9955,2.7017,1]},
{"frame":58,"values":[0.9929,-0.0793,0.0886,0,0.092,0.9843,-0.1507,0,-0.0752,0.1578,0.9846,0,0,9.9955,2.7017,1]},
{"frame":59,"values":[0.9929,-0.0791,0.0891,0,0.0919,0.9842,-0.151,0,-0.0758,0.1581,0.9845,0,0,9.9955,2.7017,1]},
{"frame":60,"values":[0.9928,-0.0794,0.0894,0,0.0923,0.9842,-0.1514,0,-0.076,0.1586,0.9844,0,0,9.9955,2.7017,1]},
{"frame":61,"values":[0.9928,-0.08,0.089,0,0.0929,0.984,-0.1519,0,-0.0755,0.1591,0.9844,0,0,9.9955,2.7017,1]},
{"frame":62,"values":[0.9928,-0.0807,0.0882,0,0.0935,0.9839,-0.1525,0,-0.0745,0.1597,0.9844,0,0,9.9955,2.7017,1]},
{"frame":63,"values":[0.9928,-0.0812,0.0876,0,0.0939,0.9837,-0.1532,0,-0.0737,0.1603,0.9843,0,0,9.9955,2.7017,1]},
{"frame":64,"values":[0.9928,-0.0814,0.0876,0,0.0942,0.9836,-0.1538,0,-0.0736,0.1609,0.9842,0,0,9.9955,2.7017,1]},
{"frame":65,"values":[0.9928,-0.0816,0.0877,0,0.0945,0.9836,-0.1538,0,-0.0738,0.161,0.9842,0,0,9.9955,2.7017,1]},
{"frame":66,"values":[0.9928,-0.0816,0.0878,0,0.0944,0.9837,-0.153,0,-0.0739,0.1602,0.9843,0,0,9.9955,2.7017,1]},
{"frame":67,"values":[0.9928,-0.0813,0.0878,0,0.094,0.9839,-0.1519,0,-0.074,0.1591,0.9845,0,0,9.9955,2.7017,1]},
{"frame":68,"values":[0.9928,-0.0812,0.0879,0,0.0938,0.9841,-0.1508,0,-0.0743,0.158,0.9846,0,0,9.9955,2.7017,1]},
{"frame":69,"values":[0.9928,-0.0811,0.088,0,0.0937,0.9843,-0.1497,0,-0.0745,0.1568,0.9848,0,0,9.9955,2.7017,1]},
{"frame":70,"values":[0.9928,-0.0808,0.0881,0,0.0933,0.9845,-0.1484,0,-0.0748,0.1556,0.985,0,0,9.9955,2.7017,1]},
{"frame":71,"values":[0.9928,-0.0804,0.0883,0,0.0928,0.9847,-0.1475,0,-0.0751,0.1546,0.9851,0,0,9.9955,2.7017,1]},
{"frame":72,"values":[0.9929,-0.08,0.0884,0,0.0924,0.9848,-0.1469,0,-0.0753,0.154,0.9852,0,0,9.9955,2.7017,1]}],"loopBehavior":1,"name":"anim","property":"_matrix"}},
{"name":"HeadTop_End","index":6,"matrix":[1,0,0,0,0,1,0,0,0,0,1,0,0,31.2072,3.7118,1],"rest":[1,0,0,0,0,1,0,0,0,0,1,0,0,31.2072,3.7118,1],"parentBoneIndex":5,"length":31.4272
,"animation":{"dataType":3,"framePerSecond":24,"keys":[
{"frame":1,"values":[1,0,0,0,0,1,0,0,0,0,1,0,0,31.2072,3.7118,1]},
{"frame":72,"values":[1,0,0,0,0,1,0,0,0,0,1,0,0,31.2072,3.7118,1]}],"loopBehavior":1,"name":"anim","property":"_matrix"}},
{"name":"LeftShoulder","index":7,"matrix":[0.9616,-0.0842,0.2612,0,0.0776,0.9964,0.0354,0,-0.2632,-0.0137,0.9646,0,6.1723,17.8795,-2.6384,1],"rest":[1,-0.0039,0,0,0.0039,1,0,0,0,0,1,0,6.1723,17.8795,-2.6384,1],"parentBoneIndex":3,"length":6.4566
,"animation":{"dataType":3,"framePerSecond":24,"keys":[
{"frame":1,"values":[0.9616,-0.0842,0.2612,0,0.0776,0.9964,0.0354,0,-0.2632,-0.0137,0.9646,0,6.1723,17.8795,-2.6384,1]},
{"frame":2,"values":[0.9613,-0.0837,0.2625,0,0.0771,0.9964,0.0353,0,-0.2645,-0.0137,0.9643,0,6.1723,17.8795,-2.6384,1]},
{"frame":3,"values":[0.9612,-0.0838,0.2628,0,0.0772,0.9964,0.0354,0,-0.2648,-0.0138,0.9642,0,6.1723,17.8795,-2.6384,1]},
{"frame":4,"values":[0.9611,-0.084,0.263,0,0.0774,0.9964,0.0355,0,-0.265,-0.0138,0.9642,0,6.1723,17.8795,-2.6384,1]},
{"frame":5,"values":[0.9609,-0.0838,0.264,0,0.0772,0.9964,0.0356,0,-0.266,-0.0138,0.9639,0,6.1723,17.8795,-2.6384,1]},
{"frame":6,"values":[0.9606,-0.0838,0.2649,0,0.0771,0.9964,0.0357,0,-0.2669,-0.0138,0.9636,0,6.1723,17.8795,-2.6384,1]},
{"frame":7,"values":[0.9607,-0.0842,0.2646,0,0.0775,0.9964,0.0358,0,-0.2666,-0.0139,0.9637,0,6.1723,17.8795,-2.6384,1]},
{"frame":8,"values":[0.9608,-0.0846,0.2641,0,0.0779,0.9963,0.0358,0,-0.2662,-0.0138,0.9638,0,6.1723,17.8795,-2.6384,1]},
{"frame":9,"values":[0.9606,-0.0845,0.2647,0,0.0777,0.9963,0.0358,0,-0.2667,-0.0139,0.9637,0,6.1723,17.8795,-2.6384,1]},
{"frame":10,"values":[0.9604,-0.0843,0.2655,0,0.0776,0.9963,0.0359,0,-0.2675,-0.0139,0.9634,0,6.1723,17.8795,-2.6384,1]},
{"frame":11,"values":[0.9604,-0.0849,0.2654,0,0.0781,0.9963,0.036,0,-0.2675,-0.0138,0.9635,0,6.1723,17.8795,-2.6384,1]},
{"frame":12,"values":[0.9604,-0.0854,0.265,0,0.0786,0.9963,0.0361,0,-0.2671,-0.0138,0.9636,0,6.1723,17.8795,-2.6384,1]},
{"frame":13,"values":[0.9604,-0.0853,0.2651,0,0.0785,0.9963,0.036,0,-0.2672,-0.0138,0.9635,0,6.1723,17.8795,-2.6384,1]},
{"frame":14,"values":[0.9604,-0.0848,0.2653,0,0.0781,0.9963,0.036,0,-0.2674,-0.0138,0.9635,0,6.1723,17.8795,-2.6384,1]},
{"frame":15,"values":[0.9604,-0.0845,0.2654,0,0.0778,0.9963,0.0359,0,-0.2675,-0.0139,0.9635,0,6.1723,17.8795,-2.6384,1]},
{"frame":16,"values":[0.9604,-0.0844,0.2656,0,0.0777,0.9963,0.0359,0,-0.2677,-0.0139,0.9634,0,6.1723,17.8795,-2.6384,1]},
{"frame":17,"values":[0.9604,-0.0847,0.2656,0,0.0779,0.9963,0.0359,0,-0.2677,-0.0138,0.9634,0,6.1723,17.8795,-2.6384,1]},
{"frame":18,"values":[0.9603,-0.0851,0.2656,0,0.0783,0.9963,0.036,0,-0.2676,-0.0138,0.9634,0,6.1723,17.8795,-2.6384,1]},
{"frame":19,"values":[0.9602,-0.0851,0.2659,0,0.0783,0.9963,0.0361,0,-0.268,-0.0138,0.9633,0,6.1723,17.8795,-2.6384,1]},
{"frame":20,"values":[0.9602,-0.0848,0.2663,0,0.078,0.9963,0.036,0,-0.2683,-0.0138,0.9632,0,6.1723,17.8795,-2.6384,1]},
{"frame":21,"values":[0.9601,-0.0846,0.2664,0,0.0778,0.9963,0.036,0,-0.2685,-0.0139,0.9632,0,6.1723,17.8795,-2.6384,1]},
{"frame":22,"values":[0.9601,-0.0846,0.2667,0,0.0778,0.9963,0.0361,0,-0.2688,-0.0139,0.9631,0,6.1723,17.8795,-2.6384,1]},
{"frame":23,"values":[0.96,-0.0853,0.2665,0,0.0785,0.9963,0.0362,0,-0.2686,-0.0138,0.9631,0,6.1723,17.8795,-2.6384,1]},
{"frame":24,"values":[0.9601,-0.0863,0.2659,0,0.0795,0.9962,0.0364,0,-0.268,-0.0138,0.9633,0,6.1723,17.8795,-2.6384,1]},
{"frame":25,"values":[0.9602,-0.0866,0.2655,0,0.0798,0.9961,0.0365,0,-0.2677,-0.0138,0.9634,0,6.1723,17.8795,-2.6384,1]},
{"frame":26,"values":[0.9603,-0.0867,0.265,0,0.0799,0.9961,0.0364,0,-0.2671,-0.0138,0.9636,0,6.1723,17.8795,-2.6384,1]},
