{"producer":{"name":"Blender","version":"2.90.0","exporter_version":"2.80.1","file":"sleep.babylon"},
"autoClear":true,"clearColor":[0.0509,0.0509,0.0509],"gravity":[0,-9.81,0],
"materials":[{"name":"Material","id":"Material","customType":"BABYLON.PBRMaterial","backFaceCulling":true,"checkReadyOnlyOnce":false,"maxSimultaneousLights":4,"environmentIntensity":1,"albedo":[0.8,0.8,0.8],"reflectivity":[0.5,0.5,0.5],"roughness":0.4,"alpha":1,"transparencyMode":0,"alphaCutOff":0.4,"metallic":0}],
"multiMaterials":[],
"skeletons":[{"name":"Armature","id":0,"dimensionsAtRest":[177.7018,230.6614,27.1405],"bones":[
{"name":"Hips","index":0,"matrix":[0.9999,-0.006,0.0153,0,-0.0153,0.0063,0.9999,0,0.0061,1,-0.0062,0,0.0459,12.7855,4.1176,1],"rest":[1,0,0,0,0,1,0,0,0,0,-1,0,0,113.0334,0,1],"parentBoneIndex":-1,"length":12.9876
,"animation":{"dataType":3,"framePerSecond":24,"keys":[
{"frame":1,"values":[0.9999,-0.006,0.0153,0,-0.0153,0.0063,0.9999,0,0.0061,1,-0.0062,0,0.0459,12.7855,4.1176,1]},
{"frame":2,"values":[0.9999,-0.0059,0.0153,0,-0.0153,0.0063,0.9999,0,0.006,1,-0.0062,0,0.046,12.7854,4.1176,1]},
{"frame":3,"values":[0.9999,-0.0059,0.0153,0,-0.0153,0.0066,0.9999,0,0.006,1,-0.0065,0,0.0463,12.7854,4.1176,1]},
{"frame":4,"values":[0.9999,-0.0059,0.0153,0,-0.0153,0.0071,0.9999,0,0.006,1,-0.007,0,0.0465,12.7854,4.1176,1]},
{"frame":5,"values":[0.9999,-0.0059,0.0153,0,-0.0152,0.0078,0.9999,0,0.0061,1,-0.0077,0,0.0469,12.7854,4.1176,1]},
{"frame":6,"values":[0.9999,-0.0059,0.0153,0,-0.0152,0.0085,0.9998,0,0.0061,0.9999,-0.0085,0,0.047,12.7854,4.1176,1]},
{"frame":7,"values":[0.9999,-0.006,0.0153,0,-0.0152,0.0095,0.9998,0,0.0061,0.9999,-0.0094,0,0.0472,12.7854,4.1176,1]},
{"frame":8,"values":[0.9999,-0.006,0.0153,0,-0.0152,0.0105,0.9998,0,0.0061,0.9999,-0.0104,0,0.0474,12.7854,4.1176,1]},
{"frame":9,"values":[0.9999,-0.006,0.0153,0,-0.0152,0.0116,0.9998,0,0.0062,0.9999,-0.0115,0,0.0476,12.7854,4.1176,1]},
{"frame":10,"values":[0.9999,-0.006,0.0153,0,-0.0152,0.0127,0.9998,0,0.0062,0.9999,-0.0126,0,0.0478,12.7854,4.1176,1]},
{"frame":11,"values":[0.9999,-0.006,0.0153,0,-0.0152,0.0139,0.9998,0,0.0062,0.9999,-0.0138,0,0.048,12.7854,4.1176,1]},
{"frame":12,"values":[0.9999,-0.006,0.0153,0,-0.0152,0.0152,0.9998,0,0.0063,0.9999,-0.0151,0,0.0479,12.7854,4.1176,1]},
{"frame":13,"values":[0.9999,-0.006,0.0153,0,-0.0152,0.0164,0.9997,0,0.0063,0.9998,-0.0163,0,0.0479,12.7854,4.1176,1]},
{"frame":14,"values":[0.9999,-0.0061,0.0153,0,-0.0152,0.0177,0.9997,0,0.0063,0.9998,-0.0176,0,0.0479,12.7854,4.1176,1]},
{"frame":15,"values":[0.9999,-0.0061,0.0154,0,-0.0152,0.0189,0.9997,0,0.0064,0.9998,-0.0188,0,0.0479,12.7854,4.1176,1]},
{"frame":16,"values":[0.9999,-0.0061,0.0154,0,-0.0153,0.0201,0.9997,0,0.0064,0.9998,-0.02,0,0.0477,12.7854,4.1176,1]},
{"frame":17,"values":[0.9999,-0.0061,0.0154,0,-0.0153,0.0212,0.9997,0,0.0064,0.9998,-0.0211,0,0.0476,12.7854,4.1176,1]},
{"frame":18,"values":[0.9999,-0.0061,0.0154,0,-0.0153,0.0222,0.9996,0,0.0065,0.9997,-0.0221,0,0.0472,12.7854,4.1176,1]},
{"frame":19,"values":[0.9999,-0.0061,0.0155,0,-0.0153,0.0232,0.9996,0,0.0065,0.9997,-0.0231,0,0.0468,12.7854,4.1176,1]},
{"frame":20,"values":[0.9999,-0.0061,0.0155,0,-0.0153,0.0241,0.9996,0,0.0065,0.9997,-0.024,0,0.0465,12.7854,4.1176,1]},
{"frame":21,"values":[0.9999,-0.0061,0.0155,0,-0.0154,0.0248,0.9996,0,0.0065,0.9997,-0.0247,0,0.046,12.7854,4.1176,1]},
{"frame":22,"values":[0.9999,-0.0061,0.0155,0,-0.0154,0.0254,0.9996,0,0.0065,0.9997,-0.0253,0,0.0457,12.7854,4.1176,1]},
{"frame":23,"values":[0.9999,-0.0061,0.0156,0,-0.0154,0.0258,0.9995,0,0.0065,0.9996,-0.0257,0,0.0454,12.7854,4.1176,1]},
{"frame":24,"values":[0.9999,-0.0061,0.0156,0,-0.0154,0.026,0.9995,0,0.0065,0.9996,-0.0259,0,0.0452,12.7854,4.1176,1]},
{"frame":25,"values":[0.9999,-0.0061,0.0156,0,-0.0154,0.0261,0.9995,0,0.0065,0.9996,-0.026,0,0.0448,12.7854,4.1176,1]},
{"frame":26,"values":[0.9999,-0.0061,0.0156,0,-0.0155,0.026,0.9995,0,0.0065,0.9996,-0.0259,0,0.0447,12.7854,4.1176,1]},
{"frame":27,"values":[0.9999,-0.0061,0.0156,0,-0.0155,0.0257,0.9995,0,0.0065,0.9997,-0.0256,0,0.0445,12.7854,4.1176,1]},
{"frame":28,"values":[0.9999,-0.0061,0.0156,0,-0.0155,0.0253,0.9996,0,0.0065,0.9997,-0.0252,0,0.0441,12.7854,4.1176,1]},
{"frame":29,"values":[0.9999,-0.0061,0.0157,0,-0.0155,0.0248,0.9996,0,0.0065,0.9997,-0.0247,0,0.0439,12.7854,4.1176,1]},
{"frame":30,"values":[0.9999,-0.0061,0.0157,0,-0.0155,0.0241,0.9996,0,0.0065,0.9997,-0.024,0,0.0435,12.7854,4.1176,1]},
{"frame":31,"values":[0.9999,-0.0061,0.0157,0,-0.0155,0.0234,0.9996,0,0.0065,0.9997,-0.0233,0,0.0434,12.7854,4.1176,1]},
{"frame":32,"values":[0.9999,-0.0061,0.0157,0,-0.0155,0.0225,0.9996,0,0.0064,0.9997,-0.0224,0,0.0433,12.7854,4.1176,1]},
{"frame":33,"values":[0.9999,-0.0061,0.0157,0,-0.0155,0.0216,0.9996,0,0.0064,0.9997,-0.0215,0,0.0431,12.7854,4.1176,1]},
{"frame":34,"values":[0.9999,-0.0061,0.0156,0,-0.0155,0.0206,0.9997,0,0.0064,0.9998,-0.0206,0,0.0431,12.7854,4.1176,1]},
{"frame":35,"values":[0.9999,-0.0061,0.0156,0,-0.0155,0.0196,0.9997,0,0.0064,0.9998,-0.0195,0,0.0431,12.7854,4.1176,1]},
{"frame":36,"values":[0.9999,-0.006,0.0156,0,-0.0155,0.0186,0.9997,0,0.0063,0.9998,-0.0185,0,0.0431,12.7854,4.1176,1]},
{"frame":37,"values":[0.9999,-0.006,0.0156,0,-0.0155,0.0175,0.9997,0,0.0063,0.9998,-0.0174,0,0.0434,12.7854,4.1176,1]},
{"frame":38,"values":[0.9999,-0.006,0.0156,0,-0.0155,0.0164,0.9997,0,0.0063,0.9998,-0.0163,0,0.0436,12.7854,4.1176,1]},
{"frame":39,"values":[0.9999,-0.006,0.0156,0,-0.0155,0.0153,0.9998,0,0.0063,0.9999,-0.0152,0,0.0438,12.7854,4.1176,1]},
{"frame":40,"values":[0.9999,-0.006,0.0155,0,-0.0154,0.0142,0.9998,0,0.0062,0.9999,-0.0141,0,0.044,12.7854,4.1176,1]},
{"frame":41,"values":[0.9999,-0.006,0.0155,0,-0.0154,0.0131,0.9998,0,0.0062,0.9999,-0.013,0,0.0442,12.7854,4.1176,1]},
{"frame":42,"values":[0.9999,-0.006,0.0155,0,-0.0154,0.0121,0.9998,0,0.0062,0.9999,-0.012,0,0.0444,12.7854,4.1176,1]},
{"frame":43,"values":[0.9999,-0.006,0.0154,0,-0.0154,0.0111,0.9998,0,0.0061,0.9999,-0.011,0,0.0447,12.7854,4.1176,1]},
{"frame":44,"values":[0.9999,-0.006,0.0154,0,-0.0154,0.0102,0.9998,0,0.0061,0.9999,-0.0101,0,0.045,12.7854,4.1176,1]},
{"frame":45,"values":[0.9999,-0.006,0.0154,0,-0.0153,0.0093,0.9998,0,0.0061,0.9999,-0.0092,0,0.0453,12.7854,4.1176,1]},
{"frame":46,"values":[0.9999,-0.0059,0.0154,0,-0.0153,0.0085,0.9998,0,0.0061,0.9999,-0.0084,0,0.0457,12.7854,4.1176,1]},
{"frame":47,"values":[0.9999,-0.0059,0.0154,0,-0.0153,0.0078,0.9999,0,0.0061,1,-0.0077,0,0.046,12.7854,4.1176,1]},
{"frame":48,"values":[0.9999,-0.0059,0.0153,0,-0.0153,0.0073,0.9999,0,0.006,1,-0.0072,0,0.0462,12.7854,4.1176,1]},
{"frame":49,"values":[0.9999,-0.0059,0.0153,0,-0.0153,0.0068,0.9999,0,0.006,1,-0.0067,0,0.0463,12.7854,4.1176,1]},
{"frame":50,"values":[0.9999,-0.0059,0.0153,0,-0.0153,0.0064,0.9999,0,0.006,1,-0.0064,0,0.0463,12.7854,4.1176,1]},
{"frame":51,"values":[0.9999,-0.0059,0.0153,0,-0.0153,0.0062,0.9999,0,0.006,1,-0.0062,0,0.0463,12.7854,4.1176,1]},
{"frame":52,"values":[0.9999,-0.006,0.0153,0,-0.0153,0.0062,0.9999,0,0.0061,1,-0.0061,0,0.0462,12.7854,4.1176,1]}],"loopBehavior":1,"name":"anim","property":"_matrix"}},
{"name":"Spine","index":1,"matrix":[0.9997,0.0133,0.0208,0,-0.0137,0.9997,0.0182,0,-0.0206,-0.0185,0.9996,0,0,7.2445,0.6334,1],"rest":[1,0,0,0,0,1,0,0,0,0,1,0,0,7.2445,0.6334,1],"parentBoneIndex":0,"length":7.4267
,"animation":{"dataType":3,"framePerSecond":24,"keys":[
{"frame":1,"values":[0.9997,0.0133,0.0208,0,-0.0137,0.9997,0.0182,0,-0.0206,-0.0185,0.9996,0,0,7.2445,0.6334,1]},
{"frame":2,"values":[0.9997,0.0133,0.0208,0,-0.0137,0.9997,0.0182,0,-0.0206,-0.0184,0.9996,0,0,7.2445,0.6334,1]},
{"frame":3,"values":[0.9997,0.0133,0.0208,0,-0.0137,0.9997,0.0179,0,-0.0206,-0.0181,0.9996,0,0,7.2445,0.6334,1]},
{"frame":4,"values":[0.9997,0.0134,0.0208,0,-0.0137,0.9998,0.0174,0,-0.0206,-0.0177,0.9996,0,0,7.2445,0.6334,1]},
{"frame":5,"values":[0.9997,0.0134,0.0208,0,-0.0137,0.9998,0.0167,0,-0.0206,-0.017,0.9996,0,0,7.2445,0.6334,1]},
{"frame":6,"values":[0.9997,0.0134,0.0208,0,-0.0137,0.9998,0.0159,0,-0.0206,-0.0162,0.9997,0,0,7.2445,0.6334,1]},
{"frame":7,"values":[0.9997,0.0133,0.0208,0,-0.0137,0.9998,0.015,0,-0.0206,-0.0153,0.9997,0,0,7.2445,0.6334,1]},
{"frame":8,"values":[0.9997,0.0133,0.0208,0,-0.0136,0.9998,0.014,0,-0.0206,-0.0143,0.9997,0,0,7.2445,0.6334,1]},
{"frame":9,"values":[0.9997,0.0133,0.0208,0,-0.0136,0.9998,0.0129,0,-0.0207,-0.0132,0.9997,0,0,7.2445,0.6334,1]},
{"frame":10,"values":[0.9997,0.0132,0.0209,0,-0.0135,0.9998,0.0117,0,-0.0207,-0.012,0.9997,0,0,7.2445,0.6334,1]},
{"frame":11,"values":[0.9997,0.0132,0.0209,0,-0.0134,0.9999,0.0105,0,-0.0208,-0.0108,0.9997,0,0,7.2445,0.6334,1]},
{"frame":12,"values":[0.9997,0.0132,0.0209,0,-0.0134,0.9999,0.0093,0,-0.0208,-0.0095,0.9997,0,0,7.2445,0.6334,1]},
{"frame":13,"values":[0.9997,0.0131,0.021,0,-0.0133,0.9999,0.008,0,-0.0209,-0.0083,0.9997,0,0,7.2445,0.6334,1]},
{"frame":14,"values":[0.9997,0.0131,0.021,0,-0.0132,0.9999,0.0068,0,-0.0209,-0.007,0.9998,0,0,7.2445,0.6334,1]},
{"frame":15,"values":[0.9997,0.013,0.021,0,-0.0131,0.9999,0.0055,0,-0.021,-0.0058,0.9998,0,0,7.2445,0.6334,1]},
{"frame":16,"values":[0.9997,0.0129,0.021,0,-0.013,0.9999,0.0044,0,-0.021,-0.0046,0.9998,0,0,7.2445,0.6334,1]},
{"frame":17,"values":[0.9997,0.0129,0.021,0,-0.013,0.9999,0.0033,0,-0.021,-0.0035,0.9998,0,0,7.2445,0.6334,1]},
{"frame":18,"values":[0.9997,0.0129,0.0211,0,-0.0129,0.9999,0.0023,0,-0.021,-0.0025,0.9998,0,0,7.2445,0.6334,1]},
{"frame":19,"values":[0.9997,0.0129,0.0211,0,-0.0129,0.9999,0.0014,0,-0.021,-0.0016,0.9998,0,0,7.2445,0.6334,1]},
{"frame":20,"values":[0.9997,0.0128,0.0211,0,-0.0128,0.9999,0.0006,0,-0.0211,-0.0009,0.9998,0,0,7.2445,0.6334,1]},
{"frame":21,"values":[0.9997,0.0128,0.0211,0,-0.0128,0.9999,0,0,-0.0211,-0.0002,0.9998,0,0,7.2445,0.6334,1]},
{"frame":22,"values":[0.9997,0.0128,0.0211,0,-0.0128,0.9999,-0.0005,0,-0.0211,0.0002,0.9998,0,0,7.2445,0.6334,1]},
{"frame":23,"values":[0.9997,0.0128,0.0211,0,-0.0128,0.9999,-0.0008,0,-0.0211,0.0005,0.9998,0,0,7.2445,0.6334,1]},
{"frame":24,"values":[0.9997,0.0128,0.0211,0,-0.0128,0.9999,-0.0008,0,-0.0211,0.0006,0.9998,0,0,7.2445,0.6334,1]},
{"frame":25,"values":[0.9997,0.0127,0.0211,0,-0.0127,0.9999,-0.0008,0,-0.0211,0.0005,0.9998,0,0,7.2445,0.6334,1]},
{"frame":26,"values":[0.9997,0.0127,0.0211,0,-0.0127,0.9999,-0.0005,0,-0.0211,0.0003,0.9998,0,0,7.2445,0.6334,1]},
{"frame":27,"values":[0.9997,0.0127,0.0211,0,-0.0127,0.9999,-0.0002,0,-0.0211,-0.0001,0.9998,0,0,7.2445,0.6334,1]},
{"frame":28,"values":[0.9997,0.0127,0.0211,0,-0.0127,0.9999,0.0003,0,-0.0211,-0.0006,0.9998,0,0,7.2445,0.6334,1]},
{"frame":29,"values":[0.9997,0.0127,0.0211,0,-0.0127,0.9999,0.0009,0,-0.0211,-0.0012,0.9998,0,0,7.2445,0.6334,1]},
{"frame":30,"values":[0.9997,0.0127,0.0211,0,-0.0127,0.9999,0.0015,0,-0.0211,-0.0018,0.9998,0,0,7.2445,0.6334,1]},
{"frame":31,"values":[0.9997,0.0127,0.0211,0,-0.0127,0.9999,0.0023,0,-0.0211,-0.0026,0.9998,0,0,7.2445,0.6334,1]},
{"frame":32,"values":[0.9997,0.0127,0.0211,0,-0.0128,0.9999,0.0031,0,-0.021,-0.0034,0.9998,0,0,7.2445,0.6334,1]},
{"frame":33,"values":[0.9997,0.0127,0.0211,0,-0.0128,0.9999,0.004,0,-0.021,-0.0043,0.9998,0,0,7.2445,0.6334,1]},
{"frame":34,"values":[0.9997,0.0128,0.021,0,-0.0129,0.9999,0.0049,0,-0.021,-0.0052,0.9998,0,0,7.2445,0.6334,1]},
{"frame":35,"values":[0.9997,0.0128,0.021,0,-0.0129,0.9999,0.0059,0,-0.0209,-0.0062,0.9998,0,0,7.2445,0.6334,1]},
{"frame":36,"values":[0.9997,0.0128,0.021,0,-0.013,0.9999,0.0069,0,-0.0209,-0.0072,0.9998,0,0,7.2445,0.6334,1]},
{"frame":37,"values":[0.9997,0.0129,0.021,0,-0.0131,0.9999,0.0079,0,-0.0209,-0.0082,0.9997,0,0,7.2445,0.6334,1]},
{"frame":38,"values":[0.9997,0.0129,0.0209,0,-0.0131,0.9999,0.0089,0,-0.0208,-0.0092,0.9997,0,0,7.2445,0.6334,1]},
{"frame":39,"values":[0.9997,0.013,0.0209,0,-0.0132,0.9999,0.01,0,-0.0208,-0.0102,0.9997,0,0,7.2445,0.6334,1]},
{"frame":40,"values":[0.9997,0.013,0.0209,0,-0.0133,0.9999,0.011,0,-0.0207,-0.0112,0.9997,0,0,7.2445,0.6334,1]},
{"frame":41,"values":[0.9997,0.0131,0.0209,0,-0.0133,0.9998,0.012,0,-0.0207,-0.0122,0.9997,0,0,7.2445,0.6334,1]},
{"frame":42,"values":[0.9997,0.0131,0.0209,0,-0.0134,0.9998,0.0129,0,-0.0207,-0.0132,0.9997,0,0,7.2445,0.6334,1]},
{"frame":43,"values":[0.9997,0.0132,0.0209,0,-0.0135,0.9998,0.0138,0,-0.0207,-0.0141,0.9997,0,0,7.2445,0.6334,1]},
{"frame":44,"values":[0.9997,0.0132,0.0209,0,-0.0135,0.9998,0.0146,0,-0.0207,-0.0149,0.9997,0,0,7.2445,0.6334,1]},
{"frame":45,"values":[0.9997,0.0132,0.0209,0,-0.0136,0.9998,0.0154,0,-0.0207,-0.0157,0.9997,0,0,7.2445,0.6334,1]},
{"frame":46,"values":[0.9997,0.0133,0.0209,0,-0.0136,0.9998,0.0161,0,-0.0207,-0.0164,0.9997,0,0,7.2445,0.6334,1]},
{"frame":47,"values":[0.9997,0.0132,0.0209,0,-0.0136,0.9998,0.0168,0,-0.0207,-0.017,0.9996,0,0,7.2445,0.6334,1]},
{"frame":48,"values":[0.9997,0.0132,0.0209,0,-0.0136,0.9998,0.0173,0,-0.0207,-0.0176,0.9996,0,0,7.2445,0.6334,1]},
{"frame":49,"values":[0.9997,0.0132,0.0209,0,-0.0136,0.9998,0.0177,0,-0.0207,-0.018,0.9996,0,0,7.2445,0.6334,1]},
{"frame":50,"values":[0.9997,0.0132,0.0209,0,-0.0136,0.9997,0.018,0,-0.0207,-0.0183,0.9996,0,0,7.2445,0.6334,1]},
{"frame":51,"values":[0.9997,0.0132,0.0209,0,-0.0136,0.9997,0.0182,0,-0.0207,-0.0185,0.9996,0,0,7.2445,0.6334,1]},
{"frame":52,"values":[0.9997,0.0132,0.0209,0,-0.0136,0.9997,0.0182,0,-0.0207,-0.0185,0.9996,0,0,7.2445,0.6334,1]}],"loopBehavior":1,"name":"anim","property":"_matrix"}},
{"name":"Spine1","index":2,"matrix":[0.9991,0.0043,0.0423,0,-0.0041,1,-0.0057,0,-0.0423,0.0055,0.9991,0,0,7.425,0.1598,1],"rest":[1,0,0,0,0,1,0,0,0,0,1,0,0,7.425,0.1598,1],"parentBoneIndex":1,"length":8.6299
,"animation":{"dataType":3,"framePerSecond":24,"keys":[
{"frame":1,"values":[0.9991,0.0043,0.0423,0,-0.0041,1,-0.0057,0,-0.0423,0.0055,0.9991,0,0,7.425,0.1598,1]},
{"frame":2,"values":[0.9991,0.0043,0.0423,0,-0.004,1,-0.0055,0,-0.0423,0.0053,0.9991,0,0,7.425,0.1598,1]},
{"frame":3,"values":[0.9991,0.0043,0.0423,0,-0.0041,1,-0.0049,0,-0.0423,0.0048,0.9991,0,0,7.425,0.1598,1]},
{"frame":4,"values":[0.9991,0.0043,0.0423,0,-0.0041,1,-0.004,0,-0.0423,0.0038,0.9991,0,0,7.425,0.1598,1]},
{"frame":5,"values":[0.9991,0.0043,0.0423,0,-0.0042,1,-0.0028,0,-0.0423,0.0026,0.9991,0,0,7.425,0.1598,1]},
{"frame":6,"values":[0.9991,0.0043,0.0423,0,-0.0042,1,-0.0014,0,-0.0423,0.0012,0.9991,0,0,7.425,0.1598,1]},
{"frame":7,"values":[0.9991,0.0043,0.0423,0,-0.0043,1,0.0003,0,-0.0423,-0.0005,0.9991,0,0,7.425,0.1598,1]},
{"frame":8,"values":[0.9991,0.0043,0.0423,0,-0.0044,1,0.0022,0,-0.0423,-0.0024,0.9991,0,0,7.425,0.1598,1]},
{"frame":9,"values":[0.9991,0.0044,0.0423,0,-0.0046,1,0.0042,0,-0.0423,-0.0044,0.9991,0,0,7.425,0.1598,1]},
{"frame":10,"values":[0.9991,0.0044,0.0423,0,-0.0047,1,0.0064,0,-0.0423,-0.0066,0.9991,0,0,7.425,0.1598,1]},
{"frame":11,"values":[0.9991,0.0044,0.0423,0,-0.0048,1,0.0087,0,-0.0423,-0.0089,0.9991,0,0,7.425,0.1598,1]},
{"frame":12,"values":[0.9991,0.0045,0.0423,0,-0.0049,0.9999,0.011,0,-0.0423,-0.0112,0.999,0,0,7.425,0.1598,1]},
{"frame":13,"values":[0.9991,0.0045,0.0423,0,-0.0051,0.9999,0.0134,0,-0.0423,-0.0136,0.999,0,0,7.425,0.1598,1]},
{"frame":14,"values":[0.9991,0.0045,0.0424,0,-0.0052,0.9999,0.0158,0,-0.0423,-0.016,0.999,0,0,7.425,0.1598,1]},
{"frame":15,"values":[0.9991,0.0046,0.0424,0,-0.0054,0.9998,0.0182,0,-0.0423,-0.0184,0.9989,0,0,7.425,0.1598,1]},
{"frame":16,"values":[0.9991,0.0046,0.0424,0,-0.0055,0.9998,0.0205,0,-0.0423,-0.0208,0.9989,0,0,7.425,0.1598,1]},
{"frame":17,"values":[0.9991,0.0047,0.0424,0,-0.0056,0.9997,0.0228,0,-0.0423,-0.0231,0.9988,0,0,7.425,0.1598,1]},
{"frame":18,"values":[0.9991,0.0047,0.0424,0,-0.0058,0.9997,0.025,0,-0.0423,-0.0252,0.9988,0,0,7.425,0.1598,1]},
{"frame":19,"values":[0.9991,0.0047,0.0424,0,-0.0059,0.9996,0.0269,0,-0.0422,-0.0271,0.9987,0,0,7.425,0.1598,1]},
{"frame":20,"values":[0.9991,0.0048,0.0424,0,-0.006,0.9996,0.0287,0,-0.0422,-0.0289,0.9987,0,0,7.425,0.1598,1]},
{"frame":21,"values":[0.9991,0.0048,0.0424,0,-0.0061,0.9995,0.0302,0,-0.0422,-0.0305,0.9986,0,0,7.425,0.1598,1]},
{"frame":22,"values":[0.9991,0.0048,0.0424,0,-0.0062,0.9995,0.0316,0,-0.0422,-0.0318,0.9986,0,0,7.425,0.1598,1]},
{"frame":23,"values":[0.9991,0.0048,0.0424,0,-0.0062,0.9995,0.0326,0,-0.0422,-0.0328,0.9986,0,0,7.425,0.1598,1]},
{"frame":24,"values":[0.9991,0.0048,0.0424,0,-0.0062,0.9994,0.0333,0,-0.0422,-0.0335,0.9985,0,0,7.425,0.1598,1]},
{"frame":25,"values":[0.9991,0.0048,0.0424,0,-0.0062,0.9994,0.0337,0,-0.0422,-0.0339,0.9985,0,0,7.425,0.1598,1]},
{"frame":26,"values":[0.9991,0.0048,0.0424,0,-0.0063,0.9994,0.0337,0,-0.0422,-0.034,0.9985,0,0,7.425,0.1598,1]},
{"frame":27,"values":[0.9991,0.0048,0.0424,0,-0.0063,0.9994,0.0335,0,-0.0422,-0.0337,0.9985,0,0,7.425,0.1598,1]},
{"frame":28,"values":[0.9991,0.0049,0.0424,0,-0.0063,0.9994,0.0329,0,-0.0422,-0.0332,0.9986,0,0,7.425,0.1598,1]},
{"frame":29,"values":[0.9991,0.0049,0.0424,0,-0.0062,0.9995,0.0321,0,-0.0422,-0.0323,0.9986,0,0,7.425,0.1598,1]},
{"frame":30,"values":[0.9991,0.0049,0.0424,0,-0.0062,0.9995,0.031,0,-0.0422,-0.0312,0.9986,0,0,7.425,0.1598,1]},
{"frame":31,"values":[0.9991,0.0049,0.0423,0,-0.0062,0.9995,0.0297,0,-0.0422,-0.0299,0.9987,0,0,7.425,0.1598,1]},
{"frame":32,"values":[0.9991,0.005,0.0423,0,-0.0061,0.9996,0.0282,0,-0.0422,-0.0284,0.9987,0,0,7.425,0.1598,1]},
{"frame":33,"values":[0.9991,0.0049,0.0423,0,-0.006,0.9996,0.0265,0,-0.0422,-0.0267,0.9988,0,0,7.425,0.1598,1]},
{"frame":34,"values":[0.9991,0.0049,0.0423,0,-0.0059,0.9997,0.0246,0,-0.0422,-0.0248,0.9988,0,0,7.425,0.1598,1]},
{"frame":35,"values":[0.9991,0.0049,0.0423,0,-0.0058,0.9997,0.0226,0,-0.0422,-0.0229,0.9988,0,0,7.425,0.1598,1]},
{"frame":36,"values":[0.9991,0.0048,0.0423,0,-0.0057,0.9998,0.0205,0,-0.0422,-0.0208,0.9989,0,0,7.425,0.1598,1]},
{"frame":37,"values":[0.9991,0.0048,0.0423,0,-0.0056,0.9998,0.0184,0,-0.0422,-0.0186,0.9989,0,0,7.425,0.1598,1]},
{"frame":38,"values":[0.9991,0.0047,0.0422,0,-0.0054,0.9999,0.0162,0,-0.0422,-0.0164,0.999,0,0,7.425,0.1598,1]},
{"frame":39,"values":[0.9991,0.0047,0.0422,0,-0.0053,0.9999,0.0139,0,-0.0422,-0.0141,0.999,0,0,7.425,0.1598,1]},
{"frame":40,"values":[0.9991,0.0047,0.0422,0,-0.0051,0.9999,0.0117,0,-0.0422,-0.0119,0.999,0,0,7.425,0.1598,1]},
{"frame":41,"values":[0.9991,0.0046,0.0422,0,-0.005,0.9999,0.0095,0,-0.0422,-0.0097,0.9991,0,0,7.425,0.1598,1]},
{"frame":42,"values":[0.9991,0.0046,0.0422,0,-0.0049,1,0.0073,0,-0.0422,-0.0075,0.9991,0,0,7.425,0.1598,1]},
{"frame":43,"values":[0.9991,0.0045,0.0422,0,-0.0047,1,0.0052,0,-0.0422,-0.0054,0.9991,0,0,7.425,0.1598,1]},
{"frame":44,"values":[0.9991,0.0045,0.0422,0,-0.0046,1,0.0032,0,-0.0422,-0.0034,0.9991,0,0,7.425,0.1598,1]},
{"frame":45,"values":[0.9991,0.0044,0.0422,0,-0.0045,1,0.0014,0,-0.0422,-0.0016,0.9991,0,0,7.425,0.1598,1]},
{"frame":46,"values":[0.9991,0.0044,0.0422,0,-0.0044,1,-0.0003,0,-0.0422,0.0001,0.9991,0,0,7.425,0.1598,1]},
{"frame":47,"values":[0.9991,0.0043,0.0422,0,-0.0043,1,-0.0018,0,-0.0422,0.0016,0.9991,0,0,7.425,0.1598,1]},
{"frame":48,"values":[0.9991,0.0043,0.0421,0,-0.0042,1,-0.0031,0,-0.0422,0.003,0.9991,0,0,7.425,0.1598,1]},
{"frame":49,"values":[0.9991,0.0044,0.0421,0,-0.0042,1,-0.0042,0,-0.0422,0.004,0.9991,0,0,7.425,0.1598,1]},
{"frame":50,"values":[0.9991,0.0044,0.0421,0,-0.0042,1,-0.005,0,-0.0422,0.0048,0.9991,0,0,7.425,0.1598,1]},
{"frame":51,"values":[0.9991,0.0044,0.0421,0,-0.0042,1,-0.0055,0,-0.0422,0.0053,0.9991,0,0,7.425,0.1598,1]},
{"frame":52,"values":[0.9991,0.0045,0.0421,0,-0.0042,1,-0.0057,0,-0.0422,0.0055,0.9991,0,0,7.425,0.1598,1]}],"loopBehavior":1,"name":"anim","property":"_matrix"}},
{"name":"Spine2","index":3,"matrix":[0.9991,0.0058,0.0422,0,-0.0056,1,-0.0053,0,-0.0422,0.0051,0.9991,0,0,8.6226,-0.3542,1],"rest":[1,0,0,0,0,1,0,0,0,0,1,0,0,8.6226,-0.3542,1],"parentBoneIndex":2,"length":20.7438
,"animation":{"dataType":3,"framePerSecond":24,"keys":[
{"frame":1,"values":[0.9991,0.0058,0.0422,0,-0.0056,1,-0.0053,0,-0.0422,0.0051,0.9991,0,0,8.6226,-0.3542,1]},
{"frame":2,"values":[0.9991,0.0059,0.0422,0,-0.0056,1,-0.0054,0,-0.0422,0.0051,0.9991,0,0,8.6226,-0.3542,1]},
{"frame":3,"values":[0.9991,0.0059,0.0422,0,-0.0056,1,-0.0053,0,-0.0422,0.0051,0.9991,0,0,8.6226,-0.3542,1]},
{"frame":4,"values":[0.9991,0.0059,0.0422,0,-0.0056,1,-0.0051,0,-0.0422,0.0049,0.9991,0,0,8.6226,-0.3542,1]},
{"frame":5,"values":[0.9991,0.0058,0.0422,0,-0.0056,1,-0.0049,0,-0.0422,0.0046,0.9991,0,0,8.6226,-0.3542,1]},
{"frame":6,"values":[0.9991,0.0057,0.0422,0,-0.0055,1,-0.0046,0,-0.0422,0.0043,0.9991,0,0,8.6226,-0.3542,1]},
{"frame":7,"values":[0.9991,0.0056,0.0422,0,-0.0055,1,-0.0042,0,-0.0422,0.004,0.9991,0,0,8.6226,-0.3542,1]},
{"frame":8,"values":[0.9991,0.0055,0.0422,0,-0.0054,1,-0.0038,0,-0.0422,0.0036,0.9991,0,0,8.6226,-0.3542,1]},
{"frame":9,"values":[0.9991,0.0054,0.0422,0,-0.0052,1,-0.0034,0,-0.0422,0.0032,0.9991,0,0,8.6226,-0.3542,1]},
{"frame":10,"values":[0.9991,0.0053,0.0422,0,-0.0051,1,-0.003,0,-0.0422,0.0028,0.9991,0,0,8.6226,-0.3542,1]},
{"frame":11,"values":[0.9991,0.0051,0.0422,0,-0.005,1,-0.0026,0,-0.0422,0.0024,0.9991,0,0,8.6226,-0.3542,1]},
{"frame":12,"values":[0.9991,0.005,0.0422,0,-0.0049,1,-0.0022,0,-0.0422,0.002,0.9991,0,0,8.6226,-0.3542,1]},
{"frame":13,"values":[0.9991,0.0048,0.0422,0,-0.0047,1,-0.0017,0,-0.0422,0.0015,0.9991,0,0,8.6226,-0.3542,1]},
{"frame":14,"values":[0.9991,0.0047,0.0422,0,-0.0046,1,-0.0013,0,-0.0422,0.0011,0.9991,0,0,8.6226,-0.3542,1]},
{"frame":15,"values":[0.9991,0.0045,0.0422,0,-0.0045,1,-0.0009,0,-0.0422,0.0007,0.9991,0,0,8.6226,-0.3542,1]},
{"frame":16,"values":[0.9991,0.0044,0.0422,0,-0.0043,1,-0.0005,0,-0.0422,0.0003,0.9991,0,0,8.6226,-0.3542,1]},
{"frame":17,"values":[0.9991,0.0042,0.0422,0,-0.0042,1,-0.0001,0,-0.0422,-0.0001,0.9991,0,0,8.6226,-0.3542,1]},
{"frame":18,"values":[0.9991,0.0041,0.0422,0,-0.0041,1,0.0002,0,-0.0422,-0.0004,0.9991,0,0,8.6226,-0.3542,1]},
{"frame":19,"values":[0.9991,0.004,0.0422,0,-0.004,1,0.0004,0,-0.0422,-0.0006,0.9991,0,0,8.6226,-0.3542,1]},
{"frame":20,"values":[0.9991,0.0038,0.0422,0,-0.0039,1,0.0006,0,-0.0422,-0.0008,0.9991,0,0,8.6226,-0.3542,1]},
{"frame":21,"values":[0.9991,0.0037,0.0422,0,-0.0038,1,0.0007,0,-0.0422,-0.0008,0.9991,0,0,8.6226,-0.3542,1]},
{"frame":22,"values":[0.9991,0.0037,0.0422,0,-0.0037,1,0.0007,0,-0.0422,-0.0008,0.9991,0,0,8.6226,-0.3542,1]},
{"frame":23,"values":[0.9991,0.0036,0.0422,0,-0.0037,1,0.0007,0,-0.0422,-0.0008,0.9991,0,0,8.6226,-0.3542,1]},
{"frame":24,"values":[0.9991,0.0036,0.0422,0,-0.0036,1,0.0006,0,-0.0422,-0.0008,0.9991,0,0,8.6226,-0.3542,1]},
{"frame":25,"values":[0.9991,0.0036,0.0422,0,-0.0036,1,0.0004,0,-0.0422,-0.0006,0.9991,0,0,8.6226,-0.3542,1]},
{"frame":26,"values":[0.9991,0.0036,0.0422,0,-0.0036,1,0.0002,0,-0.0422,-0.0003,0.9991,0,0,8.6226,-0.3542,1]},
{"frame":27,"values":[0.9991,0.0036,0.0422,0,-0.0036,1,-0.0001,0,-0.0422,0,0.9991,0,0,8.6226,-0.3542,1]},
{"frame":28,"values":[0.9991,0.0036,0.0422,0,-0.0036,1,-0.0004,0,-0.0422,0.0002,0.9991,0,0,8.6226,-0.3542,1]},
{"frame":29,"values":[0.9991,0.0036,0.0422,0,-0.0036,1,-0.0007,0,-0.0422,0.0005,0.9991,0,0,8.6226,-0.3542,1]},
{"frame":30,"values":[0.9991,0.0037,0.0422,0,-0.0036,1,-0.001,0,-0.0422,0.0008,0.9991,0,0,8.6226,-0.3542,1]},
{"frame":31,"values":[0.9991,0.0037,0.0422,0,-0.0036,1,-0.0013,0,-0.0422,0.0011,0.9991,0,0,8.6226,-0.3542,1]},
{"frame":32,"values":[0.9991,0.0038,0.0422,0,-0.0037,1,-0.0016,0,-0.0422,0.0014,0.9991,0,0,8.6226,-0.3542,1]},
{"frame":33,"values":[0.9991,0.0039,0.0422,0,-0.0038,1,-0.0019,0,-0.0422,0.0017,0.9991,0,0,8.6226,-0.3542,1]},
{"frame":34,"values":[0.9991,0.004,0.0422,0,-0.0039,1,-0.0021,0,-0.0422,0.002,0.9991,0,0,8.6226,-0.3542,1]},
{"frame":35,"values":[0.9991,0.0041,0.0422,0,-0.004,1,-0.0024,0,-0.0422,0.0022,0.9991,0,0,8.6226,-0.3542,1]},
{"frame":36,"values":[0.9991,0.0043,0.0422,0,-0.0042,1,-0.0027,0,-0.0422,0.0025,0.9991,0,0,8.6226,-0.3542,1]},
{"frame":37,"values":[0.9991,0.0044,0.0422,0,-0.0043,1,-0.003,0,-0.0422,0.0028,0.9991,0,0,8.6226,-0.3542,1]},
{"frame":38,"values":[0.9991,0.0046,0.0422,0,-0.0044,1,-0.0032,0,-0.0422,0.003,0.9991,0,0,8.6226,-0.3542,1]},
{"frame":39,"values":[0.9991,0.0047,0.0422,0,-0.0046,1,-0.0035,0,-0.0422,0.0033,0.9991,0,0,8.6226,-0.3542,1]},
{"frame":40,"values":[0.9991,0.0049,0.0422,0,-0.0047,1,-0.0037,0,-0.0422,0.0035,0.9991,0,0,8.6226,-0.3542,1]},
{"frame":41,"values":[0.9991,0.005,0.0422,0,-0.0049,1,-0.0039,0,-0.0422,0.0037,0.9991,0,0,8.6226,-0.3542,1]},
{"frame":42,"values":[0.9991,0.0052,0.0422,0,-0.005,1,-0.0042,0,-0.0422,0.004,0.9991,0,0,8.6226,-0.3542,1]},
{"frame":43,"values":[0.9991,0.0053,0.0422,0,-0.0051,1,-0.0044,0,-0.0422,0.0042,0.9991,0,0,8.6226,-0.3542,1]},
{"frame":44,"values":[0.9991,0.0054,0.0422,0,-0.0052,1,-0.0046,0,-0.0422,0.0044,0.9991,0,0,8.6226,-0.3542,1]},
{"frame":45,"values":[0.9991,0.0055,0.0422,0,-0.0053,1,-0.0048,0,-0.0422,0.0045,0.9991,0,0,8.6226,-0.3542,1]},
{"frame":46,"values":[0.9991,0.0057,0.0422,0,-0.0054,1,-0.0049,0,-0.0422,0.0047,0.9991,0,0,8.6226,-0.3542,1]},
{"frame":47,"values":[0.9991,0.0057,0.0422,0,-0.0055,1,-0.0051,0,-0.0422,0.0049,0.9991,0,0,8.6226,-0.3542,1]},
{"frame":48,"values":[0.9991,0.0058,0.0422,0,-0.0055,1,-0.0052,0,-0.0422,0.005,0.9991,0,0,8.6226,-0.3542,1]},
{"frame":49,"values":[0.9991,0.0058,0.0422,0,-0.0055,1,-0.0053,0,-0.0422,0.0051,0.9991,0,0,8.6226,-0.3542,1]},
{"frame":50,"values":[0.9991,0.0058,0.0422,0,-0.0055,1,-0.0054,0,-0.0422,0.0051,0.9991,0,0,8.6226,-0.3542,1]},
{"frame":51,"values":[0.9991,0.0057,0.0422,0,-0.0055,1,-0.0054,0,-0.0422,0.0051,0.9991,0,0,8.6226,-0.3542,1]},
{"frame":52,"values":[0.9991,0.0057,0.0422,0,-0.0055,1,-0.0053,0,-0.0422,0.0051,0.9991,0,0,8.6226,-0.3542,1]}],"loopBehavior":1,"name":"anim","property":"_matrix"}},
{"name":"Neck","index":4,"matrix":[0.9995,-0.0313,0.0038,0,0.0315,0.9843,-0.1737,0,0.0017,0.1738,0.9848,0,0,23.6053,-4.5263,1],"rest":[1,0,0,0,0,1,0,0,0,0,1,0,0,23.6053,-4.5263,1],"parentBoneIndex":3,"length":10.3542
,"animation":{"dataType":3,"framePerSecond":24,"keys":[
{"frame":1,"values":[0.9995,-0.0313,0.0038,0,0.0315,0.9843,-0.1737,0,0.0017,0.1738,0.9848,0,0,23.6053,-4.5263,1]},
{"frame":2,"values":[0.9995,-0.0314,0.0036,0,0.0315,0.9842,-0.1742,0,0.0019,0.1742,0.9847,0,0,23.6053,-4.5263,1]},
{"frame":3,"values":[0.9995,-0.0313,0.0034,0,0.0314,0.9839,-0.1757,0,0.0022,0.1757,0.9844,0,0,23.6053,-4.5263,1]},
{"frame":4,"values":[0.9995,-0.0311,0.0034,0,0.0312,0.9834,-0.1786,0,0.0022,0.1786,0.9839,0,0,23.6053,-4.5263,1]},
{"frame":5,"values":[0.9995,-0.0309,0.0034,0,0.031,0.9828,-0.1821,0,0.0023,0.1822,0.9833,0,0,23.6053,-4.5263,1]},
{"frame":6,"values":[0.9995,-0.0307,0.0034,0,0.0308,0.9819,-0.1866,0,0.0024,0.1866,0.9824,0,0,23.6053,-4.5263,1]},
{"frame":7,"values":[0.9995,-0.0304,0.0035,0,0.0305,0.981,-0.1917,0,0.0024,0.1917,0.9814,0,0,23.6053,-4.5263,1]},
{"frame":8,"values":[0.9995,-0.0301,0.0033,0,0.0302,0.9799,-0.1973,0,0.0027,0.1973,0.9803,0,0,23.6053,-4.5263,1]},
{"frame":9,"values":[0.9995,-0.0298,0.0035,0,0.0299,0.9786,-0.2034,0,0.0027,0.2034,0.9791,0,0,23.6053,-4.5263,1]},
{"frame":10,"values":[0.9996,-0.0296,0.0034,0,0.0297,0.9772,-0.21,0,0.0029,0.21,0.9777,0,0,23.6053,-4.5263,1]},
{"frame":11,"values":[0.9996,-0.0294,0.0034,0,0.0294,0.9757,-0.2172,0,0.003,0.2172,0.9761,0,0,23.6053,-4.5263,1]},
{"frame":12,"values":[0.9996,-0.0291,0.0034,0,0.0291,0.974,-0.2248,0,0.0032,0.2248,0.9744,0,0,23.6053,-4.5263,1]},
{"frame":13,"values":[0.9996,-0.0288,0.0034,0,0.0288,0.9721,-0.2329,0,0.0034,0.2329,0.9725,0,0,23.6053,-4.5263,1]},
{"frame":14,"values":[0.9996,-0.0285,0.0036,0,0.0285,0.9701,-0.241,0,0.0034,0.241,0.9705,0,0,23.6053,-4.5263,1]},
{"frame":15,"values":[0.9996,-0.0283,0.0036,0,0.0283,0.968,-0.2493,0,0.0036,0.2493,0.9684,0,0,23.6053,-4.5263,1]},
{"frame":16,"values":[0.9996,-0.0279,0.0036,0,0.0279,0.9659,-0.2575,0,0.0037,0.2575,0.9663,0,0,23.6053,-4.5263,1]},
{"frame":17,"values":[0.9996,-0.0277,0.0037,0,0.0277,0.9637,-0.2654,0,0.0038,0.2654,0.9641,0,0,23.6053,-4.5263,1]},
{"frame":18,"values":[0.9996,-0.0275,0.0035,0,0.0274,0.9616,-0.2729,0,0.0041,0.2729,0.962,0,0,23.6053,-4.5263,1]},
{"frame":19,"values":[0.9996,-0.0274,0.0034,0,0.0272,0.9596,-0.2799,0,0.0044,0.2799,0.96,0,0,23.6053,-4.5263,1]},
{"frame":20,"values":[0.9996,-0.0271,0.0035,0,0.027,0.9578,-0.2862,0,0.0044,0.2862,0.9582,0,0,23.6053,-4.5263,1]},
{"frame":21,"values":[0.9996,-0.027,0.0037,0,0.0269,0.9561,-0.2919,0,0.0044,0.2919,0.9564,0,0,23.6053,-4.5263,1]},
{"frame":22,"values":[0.9996,-0.027,0.0036,0,0.0269,0.9546,-0.2967,0,0.0046,0.2966,0.955,0,0,23.6053,-4.5263,1]},
{"frame":23,"values":[0.9996,-0.0271,0.0036,0,0.027,0.9534,-0.3005,0,0.0047,0.3004,0.9538,0,0,23.6053,-4.5263,1]},
{"frame":24,"values":[0.9996,-0.0272,0.0036,0,0.027,0.9526,-0.3031,0,0.0049,0.3031,0.953,0,0,23.6053,-4.5263,1]},
{"frame":25,"values":[0.9996,-0.0273,0.0034,0,0.027,0.9522,-0.3044,0,0.0051,0.3043,0.9525,0,0,23.6053,-4.5263,1]},
{"frame":26,"values":[0.9996,-0.0274,0.0035,0,0.0272,0.9522,-0.3042,0,0.005,0.3042,0.9526,0,0,23.6053,-4.5263,1]},
{"frame":27,"values":[0.9996,-0.0277,0.0036,0,0.0275,0.9526,-0.303,0,0.005,0.303,0.953,0,0,23.6053,-4.5263,1]},
{"frame":28,"values":[0.9996,-0.028,0.0037,0,0.0278,0.9533,-0.3008,0,0.0049,0.3008,0.9537,0,0,23.6053,-4.5263,1]},
{"frame":29,"values":[0.9996,-0.0283,0.0037,0,0.0281,0.9543,-0.2976,0,0.0049,0.2976,0.9547,0,0,23.6053,-4.5263,1]},
{"frame":30,"values":[0.9996,-0.0285,0.0037,0,0.0283,0.9555,-0.2936,0,0.0049,0.2935,0.9559,0,0,23.6053,-4.5263,1]},
{"frame":31,"values":[0.9996,-0.0288,0.0037,0,0.0286,0.957,-0.2887,0,0.0048,0.2887,0.9574,0,0,23.6053,-4.5263,1]},
{"frame":32,"values":[0.9996,-0.029,0.0037,0,0.0289,0.9586,-0.2834,0,0.0047,0.2834,0.959,0,0,23.6053,-4.5263,1]},
{"frame":33,"values":[0.9996,-0.0293,0.0038,0,0.0292,0.9603,-0.2775,0,0.0044,0.2775,0.9607,0,0,23.6053,-4.5263,1]},
{"frame":34,"values":[0.9996,-0.0294,0.004,0,0.0294,0.9621,-0.271,0,0.0042,0.271,0.9626,0,0,23.6053,-4.5263,1]},
{"frame":35,"values":[0.9996,-0.0296,0.0039,0,0.0296,0.964,-0.2641,0,0.0041,0.2641,0.9645,0,0,23.6053,-4.5263,1]},
{"frame":36,"values":[0.9995,-0.0299,0.0038,0,0.0298,0.966,-0.257,0,0.004,0.257,0.9664,0,0,23.6053,-4.5263,1]},
{"frame":37,"values":[0.9995,-0.0301,0.0038,0,0.0301,0.9678,-0.2498,0,0.0039,0.2498,0.9683,0,0,23.6053,-4.5263,1]},
{"frame":38,"values":[0.9995,-0.0303,0.0037,0,0.0303,0.9697,-0.2424,0,0.0037,0.2424,0.9702,0,0,23.6053,-4.5263,1]},
{"frame":39,"values":[0.9995,-0.0304,0.0038,0,0.0305,0.9715,-0.2349,0,0.0034,0.2349,0.972,0,0,23.6053,-4.5263,1]},
{"frame":40,"values":[0.9995,-0.0306,0.0038,0,0.0307,0.9733,-0.2276,0,0.0032,0.2276,0.9738,0,0,23.6053,-4.5263,1]},
{"frame":41,"values":[0.9995,-0.0306,0.004,0,0.0307,0.9749,-0.2203,0,0.0029,0.2203,0.9754,0,0,23.6053,-4.5263,1]},
{"frame":42,"values":[0.9995,-0.0307,0.0038,0,0.0308,0.9765,-0.2135,0,0.0028,0.2135,0.9769,0,0,23.6053,-4.5263,1]},
{"frame":43,"values":[0.9995,-0.0308,0.0039,0,0.031,0.9779,-0.2068,0,0.0026,0.2068,0.9784,0,0,23.6053,-4.5263,1]},
{"frame":44,"values":[0.9995,-0.0309,0.0038,0,0.031,0.9792,-0.2006,0,0.0025,0.2006,0.9797,0,0,23.6053,-4.5263,1]},
{"frame":45,"values":[0.9995,-0.031,0.0039,0,0.0312,0.9804,-0.1948,0,0.0022,0.1948,0.9808,0,0,23.6053,-4.5263,1]},
{"frame":46,"values":[0.9995,-0.0311,0.004,0,0.0313,0.9814,-0.1895,0,0.0019,0.1895,0.9819,0,0,23.6053,-4.5263,1]},
{"frame":47,"values":[0.9995,-0.0312,0.004,0,0.0314,0.9823,-0.1849,0,0.0018,0.1849,0.9828,0,0,23.6053,-4.5263,1]},
{"frame":48,"values":[0.9995,-0.0313,0.0041,0,0.0315,0.983,-0.1808,0,0.0016,0.1808,0.9835,0,0,23.6053,-4.5263,1]},
{"frame":49,"values":[0.9995,-0.0313,0.0042,0,0.0316,0.9836,-0.1775,0,0.0014,0.1776,0.9841,0,0,23.6053,-4.5263,1]},
{"frame":50,"values":[0.9995,-0.0313,0.0042,0,0.0316,0.9841,-0.175,0,0.0014,0.1751,0.9846,0,0,23.6053,-4.5263,1]},
{"frame":51,"values":[0.9995,-0.0313,0.004,0,0.0316,0.9844,-0.1734,0,0.0015,0.1734,0.9849,0,0,23.6053,-4.5263,1]},
{"frame":52,"values":[0.9995,-0.0314,0.004,0,0.0316,0.9845,-0.1726,0,0.0015,0.1727,0.985,0,0,23.6053,-4.5263,1]}],"loopBehavior":1,"name":"anim","property":"_matrix"}},
{"name":"Head","index":5,"matrix":[0.9989,0.0203,0.0414,0,-0.0263,0.9883,0.1501,0,-0.0378,-0.151,0.9878,0,0,9.9955,2.7017,1],"rest":[1,0,0,0,0,1,0,0,0,0,1,0,0,9.9955,2.7017,1],"parentBoneIndex":4,"length":31.4272
,"animation":{"dataType":3,"framePerSecond":24,"keys":[
{"frame":1,"values":[0.9989,0.0203,0.0414,0,-0.0263,0.9883,0.1501,0,-0.0378,-0.151,0.9878,0,0,9.9955,2.7017,1]},
{"frame":2,"values":[0.9989,0.0203,0.0416,0,-0.0264,0.9883,0.1501,0,-0.038,-0.151,0.9878,0,0,9.9955,2.7017,1]},
{"frame":3,"values":[0.9989,0.0203,0.0418,0,-0.0264,0.9883,0.1503,0,-0.0382,-0.1513,0.9878,0,0,9.9955,2.7017,1]},
{"frame":4,"values":[0.9989,0.0202,0.0417,0,-0.0263,0.9882,0.1512,0,-0.0382,-0.1521,0.9876,0,0,9.9955,2.7017,1]},
{"frame":5,"values":[0.9989,0.0207,0.0418,0,-0.0268,0.988,0.152,0,-0.0381,-0.153,0.9875,0,0,9.9955,2.7017,1]},
{"frame":6,"values":[0.9989,0.0209,0.0419,0,-0.0271,0.9878,0.1533,0,-0.0382,-0.1542,0.9873,0,0,9.9955,2.7017,1]},
{"frame":7,"values":[0.9989,0.0209,0.0421,0,-0.0272,0.9876,0.1546,0,-0.0383,-0.1556,0.9871,0,0,9.9955,2.7017,1]},
{"frame":8,"values":[0.9989,0.0212,0.042,0,-0.0275,0.9874,0.1561,0,-0.0382,-0.157,0.9869,0,0,9.9955,2.7017,1]},
{"frame":9,"values":[0.9989,0.0214,0.0419,0,-0.0278,0.9871,0.1577,0,-0.038,-0.1587,0.9866,0,0,9.9955,2.7017,1]},
{"frame":10,"values":[0.9989,0.0219,0.042,0,-0.0283,0.9868,0.1595,0,-0.038,-0.1605,0.9863,0,0,9.9955,2.7017,1]},
{"frame":11,"values":[0.9989,0.0222,0.0421,0,-0.0287,0.9864,0.1616,0,-0.0379,-0.1626,0.986,0,0,9.9955,2.7017,1]},
{"frame":12,"values":[0.9989,0.0226,0.0422,0,-0.0292,0.986,0.164,0,-0.0379,-0.1651,0.9856,0,0,9.9955,2.7017,1]},
{"frame":13,"values":[0.9988,0.0229,0.0425,0,-0.0296,0.9856,0.1667,0,-0.038,-0.1678,0.9851,0,0,9.9955,2.7017,1]},
{"frame":14,"values":[0.9988,0.0232,0.0423,0,-0.0301,0.9851,0.1696,0,-0.0378,-0.1707,0.9846,0,0,9.9955,2.7017,1]},
{"frame":15,"values":[0.9988,0.0236,0.0424,0,-0.0306,0.9845,0.1726,0,-0.0377,-0.1737,0.9841,0,0,9.9955,2.7017,1]},
{"frame":16,"values":[0.9988,0.0239,0.0424,0,-0.031,0.984,0.1756,0,-0.0376,-0.1767,0.9835,0,0,9.9955,2.7017,1]},
{"frame":17,"values":[0.9988,0.0243,0.0425,0,-0.0316,0.9834,0.1785,0,-0.0374,-0.1797,0.983,0,0,9.9955,2.7017,1]},
{"frame":18,"values":[0.9988,0.0247,0.0429,0,-0.0321,0.9829,0.1813,0,-0.0377,-0.1824,0.9825,0,0,9.9955,2.7017,1]},
{"frame":19,"values":[0.9988,0.025,0.0433,0,-0.0325,0.9824,0.1839,0,-0.0379,-0.185,0.982,0,0,9.9955,2.7017,1]},
{"frame":20,"values":[0.9987,0.0253,0.0435,0,-0.0329,0.982,0.1862,0,-0.038,-0.1874,0.9816,0,0,9.9955,2.7017,1]},
{"frame":21,"values":[0.9987,0.0257,0.0433,0,-0.0334,0.9816,0.1882,0,-0.0376,-0.1894,0.9812,0,0,9.9955,2.7017,1]},
{"frame":22,"values":[0.9987,0.026,0.0433,0,-0.0338,0.9812,0.1899,0,-0.0375,-0.1911,0.9809,0,0,9.9955,2.7017,1]},
{"frame":23,"values":[0.9987,0.0262,0.0433,0,-0.034,0.981,0.1911,0,-0.0374,-0.1924,0.9806,0,0,9.9955,2.7017,1]},
{"frame":24,"values":[0.9987,0.0264,0.0435,0,-0.0343,0.9808,0.1919,0,-0.0376,-0.1931,0.9805,0,0,9.9955,2.7017,1]},
{"frame":25,"values":[0.9987,0.0267,0.0438,0,-0.0346,0.9808,0.1919,0,-0.0378,-0.1931,0.9804,0,0,9.9955,2.7017,1]},
{"frame":26,"values":[0.9987,0.0271,0.0438,0,-0.035,0.9809,0.1912,0,-0.0377,-0.1925,0.9806,0,0,9.9955,2.7017,1]},
{"frame":27,"values":[0.9987,0.0276,0.0437,0,-0.0354,0.9811,0.1902,0,-0.0377,-0.1915,0.9808,0,0,9.9955,2.7017,1]},
{"frame":28,"values":[0.9987,0.0278,0.0437,0,-0.0356,0.9814,0.1889,0,-0.0377,-0.1902,0.981,0,0,9.9955,2.7017,1]},
{"frame":29,"values":[0.9987,0.0279,0.0436,0,-0.0357,0.9817,0.1872,0,-0.0376,-0.1885,0.9814,0,0,9.9955,2.7017,1]},
{"frame":30,"values":[0.9987,0.0279,0.0436,0,-0.0356,0.982,0.1853,0,-0.0376,-0.1866,0.9817,0,0,9.9955,2.7017,1]},
{"frame":31,"values":[0.9987,0.0279,0.0436,0,-0.0355,0.9824,0.1833,0,-0.0377,-0.1846,0.9821,0,0,9.9955,2.7017,1]},
{"frame":32,"values":[0.9987,0.0278,0.0433,0,-0.0352,0.9828,0.1812,0,-0.0375,-0.1825,0.9825,0,0,9.9955,2.7017,1]},
{"frame":33,"values":[0.9987,0.0276,0.0431,0,-0.0348,0.9832,0.179,0,-0.0374,-0.1803,0.9829,0,0,9.9955,2.7017,1]},
{"frame":34,"values":[0.9987,0.0273,0.0428,0,-0.0345,0.9837,0.1767,0,-0.0373,-0.1779,0.9833,0,0,9.9955,2.7017,1]},
{"frame":35,"values":[0.9987,0.0268,0.0427,0,-0.0339,0.9841,0.1742,0,-0.0374,-0.1754,0.9838,0,0,9.9955,2.7017,1]},
{"frame":36,"values":[0.9987,0.0264,0.0425,0,-0.0333,0.9846,0.1718,0,-0.0373,-0.173,0.9842,0,0,9.9955,2.7017,1]},
{"frame":37,"values":[0.9988,0.0259,0.0426,0,-0.0328,0.985,0.1695,0,-0.0375,-0.1707,0.9846,0,0,9.9955,2.7017,1]},
{"frame":38,"values":[0.9988,0.0256,0.0424,0,-0.0324,0.9854,0.1672,0,-0.0375,-0.1684,0.985,0,0,9.9955,2.7017,1]},
{"frame":39,"values":[0.9988,0.0252,0.0421,0,-0.0318,0.9858,0.165,0,-0.0373,-0.1661,0.9854,0,0,9.9955,2.7017,1]},
{"frame":40,"values":[0.9988,0.0246,0.042,0,-0.0312,0.9862,0.1628,0,-0.0374,-0.1639,0.9858,0,0,9.9955,2.7017,1]},
{"frame":41,"values":[0.9988,0.0243,0.0419,0,-0.0307,0.9865,0.1607,0,-0.0374,-0.1618,0.9861,0,0,9.9955,2.7017,1]},
{"frame":42,"values":[0.9988,0.0236,0.0418,0,-0.03,0.9868,0.159,0,-0.0375,-0.16,0.9864,0,0,9.9955,2.7017,1]},
{"frame":43,"values":[0.9989,0.023,0.0417,0,-0.0293,0.9871,0.1572,0,-0.0375,-0.1582,0.9867,0,0,9.9955,2.7017,1]},
{"frame":44,"values":[0.9989,0.0225,0.0419,0,-0.0288,0.9874,0.1557,0,-0.0378,-0.1567,0.9869,0,0,9.9955,2.7017,1]},
{"frame":45,"values":[0.9989,0.0221,0.0415,0,-0.0283,0.9876,0.1543,0,-0.0376,-0.1553,0.9872,0,0,9.9955,2.7017,1]},
{"frame":46,"values":[0.9989,0.0218,0.0413,0,-0.0279,0.9878,0.153,0,-0.0374,-0.154,0.9874,0,0,9.9955,2.7017,1]},
{"frame":47,"values":[0.9989,0.0213,0.0411,0,-0.0274,0.988,0.152,0,-0.0374,-0.1529,0.9875,0,0,9.9955,2.7017,1]},
{"frame":48,"values":[0.9989,0.021,0.041,0,-0.027,0.9882,0.151,0,-0.0373,-0.1519,0.9877,0,0,9.9955,2.7017,1]},
{"frame":49,"values":[0.9989,0.0208,0.0411,0,-0.0267,0.9883,0.1503,0,-0.0375,-0.1512,0.9878,0,0,9.9955,2.7017,1]},
{"frame":50,"values":[0.9989,0.0206,0.041,0,-0.0266,0.9884,0.1497,0,-0.0375,-0.1506,0.9879,0,0,9.9955,2.7017,1]},
{"frame":51,"values":[0.9989,0.0207,0.0409,0,-0.0266,0.9884,0.1492,0,-0.0373,-0.1502,0.988,0,0,9.9955,2.7017,1]},
{"frame":52,"values":[0.9989,0.0208,0.0409,0,-0.0267,0.9885,0.149,0,-0.0374,-0.1499,0.988,0,0,9.9955,2.7017,1]}],"loopBehavior":1,"name":"anim","property":"_matrix"}},
{"name":"HeadTop_End","index":6,"matrix":[1,0,0,0,0,1,0,0,0,0,1,0,0,31.2072,3.7118,1],"rest":[1,0,0,0,0,1,0,0,0,0,1,0,0,31.2072,3.7118,1],"parentBoneIndex":5,"length":31.4272
,"animation":{"dataType":3,"framePerSecond":24,"keys":[
{"frame":1,"values":[1,0,0,0,0,1,0,0,0,0,1,0,0,31.2072,3.7118,1]},
{"frame":52,"values":[1,0,0,0,0,1,0,0,0,0,1,0,0,31.2072,3.7118,1]}],"loopBehavior":1,"name":"anim","property":"_matrix"}},
{"name":"LeftShoulder","index":7,"matrix":[0.9983,-0.058,0.0015,0,0.058,0.9983,0.0075,0,-0.002,-0.0074,1,0,6.1723,17.8795,-2.6384,1],"rest":[1,-0.0039,0,0,0.0039,1,0,0,0,0,1,0,6.1723,17.8795,-2.6384,1],"parentBoneIndex":3,"length":6.4566
,"animation":{"dataType":3,"framePerSecond":24,"keys":[
{"frame":1,"values":[0.9983,-0.058,0.0015,0,0.058,0.9983,0.0075,0,-0.002,-0.0074,1,0,6.1723,17.8795,-2.6384,1]},
{"frame":2,"values":[0.9983,-0.0581,0.0014,0,0.0581,0.9983,0.0075,0,-0.0019,-0.0074,1,0,6.1723,17.8795,-2.6384,1]},
{"frame":3,"values":[0.9983,-0.0586,0.0006,0,0.0586,0.9983,0.0075,0,-0.001,-0.0074,1,0,6.1723,17.8795,-2.6384,1]},
{"frame":4,"values":[0.9982,-0.0593,-0.0012,0,0.0593,0.9982,0.0075,0,0.0008,-0.0076,1,0,6.1723,17.8795,-2.6384,1]},
{"frame":5,"values":[0.9982,-0.0602,-0.004,0,0.0602,0.9982,0.0077,0,0.0036,-0.0079,1,0,6.1723,17.8795,-2.6384,1]},
{"frame":6,"values":[0.9981,-0.0613,-0.0078,0,0.0614,0.9981,0.0079,0,0.0073,-0.0084,0.9999,0,6.1723,17.8795,-2.6384,1]},
{"frame":7,"values":[0.998,-0.0626,-0.0126,0,0.0627,0.998,0.0082,0,0.0121,-0.009,0.9999,0,6.1723,17.8795,-2.6384,1]},
{"frame":8,"values":[0.9978,-0.064,-0.0184,0,0.0642,0.9979,0.0085,0,0.0178,-0.0097,0.9998,0,6.1723,17.8795,-2.6384,1]},
{"frame":9,"values":[0.9975,-0.0656,-0.0249,0,0.0659,0.9978,0.0088,0,0.0243,-0.0105,0.9997,0,6.1723,17.8795,-2.6384,1]},
{"frame":10,"values":[0.9972,-0.0673,-0.032,0,0.0676,0.9977,0.0092,0,0.0313,-0.0113,0.9994,0,6.1723,17.8795,-2.6384,1]},
