{"producer":{"name":"Blender","version":"2.90.0","exporter_version":"2.80.1","file":"strafeleft.babylon"},
"autoClear":true,"clearColor":[0.0509,0.0509,0.0509],"gravity":[0,-9.81,0],
"materials":[{"name":"Material","id":"Material","customType":"BABYLON.PBRMaterial","backFaceCulling":true,"checkReadyOnlyOnce":false,"maxSimultaneousLights":4,"environmentIntensity":1,"albedo":[0.8,0.8,0.8],"reflectivity":[0.5,0.5,0.5],"roughness":0.4,"alpha":1,"transparencyMode":0,"alphaCutOff":0.4,"metallic":0}],
"multiMaterials":[],
"skeletons":[{"name":"Armature","id":0,"dimensionsAtRest":[177.7018,230.6614,27.1405],"bones":[
{"name":"Hips","index":0,"matrix":[0.4036,-0.039,0.9141,0,0.1344,0.9908,-0.0171,0,0.905,-0.1297,-0.4051,0,1.014,108.6327,-0.2724,1],"rest":[1,0,0,0,0,1,0,0,0,0,-1,0,0,113.0334,0,1],"parentBoneIndex":-1,"length":12.9876
,"animation":{"dataType":3,"framePerSecond":24,"keys":[
{"frame":1,"values":[0.4036,-0.039,0.9141,0,0.1344,0.9908,-0.0171,0,0.905,-0.1297,-0.4051,0,1.014,108.6327,-0.2724,1]},
{"frame":2,"values":[0.4061,-0.0141,0.9137,0,0.1277,0.9909,-0.0414,0,0.9049,-0.1335,-0.4042,0,0.1257,109.5656,-1.0498,1]},
{"frame":3,"values":[0.415,-0.0152,0.9097,0,0.1327,0.9902,-0.0439,0,0.9001,-0.1389,-0.4129,0,-0.5215,109.5971,-1.4634,1]},
{"frame":4,"values":[0.4339,-0.0409,0.9,0,0.1468,0.9888,-0.0258,0,0.8889,-0.1433,-0.435,0,-0.7032,108.5742,-1.5323,1]},
{"frame":5,"values":[0.4654,-0.0811,0.8814,0,0.1589,0.9873,0.007,0,0.8707,-0.1368,-0.4724,0,-0.1727,106.3011,-1.4207,1]},
{"frame":6,"values":[0.485,-0.0933,0.8696,0,0.1587,0.9872,0.0174,0,0.86,-0.1295,-0.4935,0,-0.4157,104.0399,-1.5011,1]},
{"frame":7,"values":[0.4907,-0.0656,0.8689,0,0.1385,0.9904,-0.0034,0,0.8603,-0.122,-0.495,0,-0.9751,101.7675,-1.678,1]},
{"frame":8,"values":[0.4872,-0.039,0.8724,0,0.1127,0.9935,-0.0185,0,0.866,-0.1073,-0.4884,0,-0.022,101.3667,-1.3541,1]},
{"frame":9,"values":[0.4862,-0.011,0.8738,0,0.1023,0.9938,-0.0444,0,0.8678,-0.111,-0.4843,0,0.4248,100.3928,-0.9818,1]},
{"frame":10,"values":[0.4885,0.0163,0.8724,0,0.0867,0.994,-0.0671,0,0.8683,-0.1084,-0.4841,0,0.6254,100.8188,-0.6564,1]},
{"frame":11,"values":[0.4918,0.0352,0.87,0,0.0705,0.9943,-0.0801,0,0.8679,-0.1007,-0.4865,0,0.6266,102.4299,-0.4105,1]},
{"frame":12,"values":[0.4659,0.0355,0.8841,0,0.0669,0.9949,-0.0752,0,0.8823,-0.0942,-0.4611,0,0.5255,104.8151,-0.3026,1]},
{"frame":13,"values":[0.4381,0.0315,0.8984,0,0.0635,0.9958,-0.0659,0,0.8967,-0.0859,-0.4342,0,0.5043,107.1751,-0.3985,1]},
{"frame":14,"values":[0.4138,0.0165,0.9102,0,0.0679,0.9965,-0.0489,0,0.9078,-0.082,-0.4112,0,0.4828,108.8268,-0.521,1]},
{"frame":15,"values":[0.3761,0.0001,0.9266,0,0.0826,0.996,-0.0337,0,0.9229,-0.0892,-0.3746,0,0.5683,109.2055,-0.8182,1]},
{"frame":16,"values":[0.3265,0.0026,0.9452,0,0.0944,0.9949,-0.0353,0,0.9405,-0.1008,-0.3246,0,0.7356,108.4415,-1.3394,1]},
{"frame":17,"values":[0.2417,0.0215,0.9701,0,0.0955,0.9944,-0.0459,0,0.9656,-0.1038,-0.2383,0,1.1532,106.4051,-1.8188,1]},
{"frame":18,"values":[0.1475,0.0507,0.9878,0,0.093,0.9935,-0.0649,0,0.9847,-0.1014,-0.1418,0,1.7887,103.6345,-2.1464,1]},
{"frame":19,"values":[0.0971,0.0612,0.9934,0,0.0958,0.9929,-0.0705,0,0.9906,-0.1021,-0.0906,0,1.9485,101.2771,-2.036,1]},
{"frame":20,"values":[0.1082,0.031,0.9936,0,0.1042,0.9937,-0.0423,0,0.9887,-0.1081,-0.1043,0,2.3511,99.9366,-1.5995,1]},
{"frame":21,"values":[0.1614,-0.0212,0.9867,0,0.1151,0.9934,0.0025,0,0.9802,-0.1131,-0.1628,0,2.822,99.9138,-1.0582,1]},
{"frame":22,"values":[0.229,-0.0699,0.9709,0,0.1268,0.9911,0.0415,0,0.9651,-0.1137,-0.2358,0,3.1238,100.9309,-0.5104,1]},
{"frame":23,"values":[0.2931,-0.0938,0.9515,0,0.1343,0.9893,0.0561,0,0.9466,-0.1113,-0.3026,0,2.8296,102.695,-0.4562,1]},
{"frame":24,"values":[0.3398,-0.0964,0.9355,0,0.1378,0.9891,0.0519,0,0.9303,-0.1112,-0.3494,0,2.1328,104.6082,-0.2751,1]},
{"frame":25,"values":[0.3821,-0.0675,0.9216,0,0.134,0.9908,0.017,0,0.9143,-0.117,-0.3877,0,1.6206,106.7628,-0.176,1]},
{"frame":26,"values":[0.4036,-0.039,0.9141,0,0.1344,0.9908,-0.0171,0,0.905,-0.1297,-0.4051,0,1.014,108.6327,-0.2724,1]}],"loopBehavior":1,"name":"anim","property":"_matrix"}},
{"name":"Spine","index":1,"matrix":[0.9906,0.0259,0.1344,0,-0.0398,0.994,0.1017,0,-0.1309,-0.1061,0.9857,0,0,7.2445,0.6334,1],"rest":[1,0,0,0,0,1,0,0,0,0,1,0,0,7.2445,0.6334,1],"parentBoneIndex":0,"length":7.4267
,"animation":{"dataType":3,"framePerSecond":24,"keys":[
{"frame":1,"values":[0.9906,0.0259,0.1344,0,-0.0398,0.994,0.1017,0,-0.1309,-0.1061,0.9857,0,0,7.2445,0.6334,1]},
{"frame":2,"values":[0.9924,-0.0059,0.1228,0,-0.0067,0.9948,0.1021,0,-0.1228,-0.1021,0.9872,0,0,7.2445,0.6334,1]},
{"frame":3,"values":[0.9945,-0.0078,0.1044,0,-0.0028,0.9949,0.1011,0,-0.1047,-0.1008,0.9894,0,0,7.2445,0.6334,1]},
{"frame":4,"values":[0.997,0.0177,0.0752,0,-0.0249,0.995,0.0962,0,-0.0731,-0.0978,0.9925,0,0,7.2445,0.6334,1]},
{"frame":5,"values":[0.9978,0.0524,0.0401,0,-0.056,0.9941,0.0931,0,-0.035,-0.0951,0.9949,0,0,7.2445,0.6334,1]},
{"frame":6,"values":[0.9985,0.0489,0.0237,0,-0.051,0.994,0.0968,0,-0.0189,-0.0978,0.995,0,0,7.2445,0.6334,1]},
{"frame":7,"values":[0.9998,0.0066,0.0202,0,-0.0086,0.9947,0.1029,0,-0.0194,-0.103,0.9945,0,0,7.2445,0.6334,1]},
{"frame":8,"values":[0.9994,-0.01,0.0323,0,0.0068,0.995,0.0997,0,-0.0332,-0.0994,0.9945,0,0,7.2445,0.6334,1]},
{"frame":9,"values":[0.9986,-0.0347,0.0407,0,0.0308,0.9952,0.0925,0,-0.0437,-0.0911,0.9949,0,0,7.2445,0.6334,1]},
{"frame":10,"values":[0.9974,-0.0563,0.0453,0,0.0518,0.994,0.0963,0,-0.0504,-0.0937,0.9943,0,0,7.2445,0.6334,1]},
{"frame":11,"values":[0.9962,-0.0662,0.0566,0,0.0602,0.9931,0.1007,0,-0.0629,-0.0969,0.9933,0,0,7.2445,0.6334,1]},
{"frame":12,"values":[0.9951,-0.0532,0.0839,0,0.0446,0.9938,0.1021,0,-0.0888,-0.0979,0.9912,0,0,7.2445,0.6334,1]},
{"frame":13,"values":[0.9938,-0.0382,0.1048,0,0.0273,0.9943,0.1027,0,-0.1081,-0.0992,0.9892,0,0,7.2445,0.6334,1]},
{"frame":14,"values":[0.9925,-0.0163,0.1213,0,0.0038,0.9947,0.1026,0,-0.1224,-0.1014,0.9873,0,0,7.2445,0.6334,1]},
{"frame":15,"values":[0.9886,0.0048,0.1502,0,-0.0197,0.995,0.0983,0,-0.149,-0.1002,0.9838,0,0,7.2445,0.6334,1]},
{"frame":16,"values":[0.9813,0.0062,0.1923,0,-0.0239,0.9956,0.0902,0,-0.1909,-0.0931,0.9772,0,0,7.2445,0.6334,1]},
{"frame":17,"values":[0.9648,0.0008,0.2629,0,-0.0233,0.9963,0.0824,0,-0.2619,-0.0856,0.9613,0,0,7.2445,0.6334,1]},
{"frame":18,"values":[0.9429,-0.0094,0.3329,0,-0.0174,0.9968,0.0775,0,-0.3326,-0.0788,0.9398,0,0,7.2445,0.6334,1]},
{"frame":19,"values":[0.9291,-0.009,0.3697,0,-0.0227,0.9964,0.0811,0,-0.3691,-0.0838,0.9256,0,0,7.2445,0.6334,1]},
{"frame":20,"values":[0.9309,0.0247,0.3643,0,-0.0552,0.9958,0.0736,0,-0.361,-0.0886,0.9284,0,0,7.2445,0.6334,1]},
{"frame":21,"values":[0.9378,0.0723,0.3397,0,-0.1024,0.9922,0.0716,0,-0.3319,-0.1019,0.9378,0,0,7.2445,0.6334,1]},
{"frame":22,"values":[0.9459,0.1121,0.3044,0,-0.1411,0.9872,0.0749,0,-0.2921,-0.1138,0.9496,0,0,7.2445,0.6334,1]},
{"frame":23,"values":[0.9636,0.114,0.2417,0,-0.1386,0.9865,0.087,0,-0.2285,-0.1173,0.9664,0,0,7.2445,0.6334,1]},
{"frame":24,"values":[0.9759,0.1031,0.1924,0,-0.1233,0.9877,0.0964,0,-0.1801,-0.1178,0.9766,0,0,7.2445,0.6334,1]},
{"frame":25,"values":[0.9856,0.0657,0.1557,0,-0.0821,0.9915,0.1012,0,-0.1478,-0.1125,0.9826,0,0,7.2445,0.6334,1]},
{"frame":26,"values":[0.9906,0.0259,0.1344,0,-0.0398,0.994,0.1017,0,-0.1309,-0.1061,0.9857,0,0,7.2445,0.6334,1]}],"loopBehavior":1,"name":"anim","property":"_matrix"}},
{"name":"Spine1","index":2,"matrix":[0.9957,0.0193,0.0902,0,-0.0259,0.997,0.0728,0,-0.0885,-0.0749,0.9933,0,0,7.425,0.1598,1],"rest":[1,0,0,0,0,1,0,0,0,0,1,0,0,7.425,0.1598,1],"parentBoneIndex":1,"length":8.6299
,"animation":{"dataType":3,"framePerSecond":24,"keys":[
{"frame":1,"values":[0.9957,0.0193,0.0902,0,-0.0259,0.997,0.0728,0,-0.0885,-0.0749,0.9933,0,0,7.425,0.1598,1]},
{"frame":2,"values":[0.9965,0.009,0.0833,0,-0.0151,0.9972,0.0734,0,-0.0824,-0.0744,0.9938,0,0,7.425,0.1598,1]},
{"frame":3,"values":[0.9969,0.0043,0.079,0,-0.0101,0.9973,0.0729,0,-0.0785,-0.0734,0.9942,0,0,7.425,0.1598,1]},
{"frame":4,"values":[0.9973,0.0089,0.0723,0,-0.0138,0.9976,0.0685,0,-0.0716,-0.0693,0.995,0,0,7.425,0.1598,1]},
{"frame":5,"values":[0.9979,0.0185,0.0625,0,-0.0225,0.9977,0.0638,0,-0.0612,-0.0651,0.996,0,0,7.425,0.1598,1]},
{"frame":6,"values":[0.9983,0.02,0.0554,0,-0.0236,0.9975,0.0661,0,-0.0539,-0.0673,0.9963,0,0,7.425,0.1598,1]},
{"frame":7,"values":[0.9985,0.0082,0.0535,0,-0.0121,0.9974,0.0717,0,-0.0528,-0.0723,0.996,0,0,7.425,0.1598,1]},
{"frame":8,"values":[0.9985,-0.0002,0.0555,0,-0.0038,0.9974,0.0715,0,-0.0554,-0.0716,0.9959,0,0,7.425,0.1598,1]},
{"frame":9,"values":[0.9981,-0.0081,0.0604,0,0.004,0.9976,0.0685,0,-0.0609,-0.0681,0.9958,0,0,7.425,0.1598,1]},
{"frame":10,"values":[0.998,-0.0211,0.0595,0,0.0168,0.9973,0.0716,0,-0.0609,-0.0704,0.9957,0,0,7.425,0.1598,1]},
{"frame":11,"values":[0.9979,-0.026,0.0599,0,0.0215,0.997,0.0737,0,-0.0617,-0.0723,0.9955,0,0,7.425,0.1598,1]},
{"frame":12,"values":[0.9973,-0.0187,0.0714,0,0.0134,0.9972,0.0734,0,-0.0726,-0.0722,0.9947,0,0,7.425,0.1598,1]},
{"frame":13,"values":[0.9969,-0.012,0.0781,0,0.0063,0.9973,0.073,0,-0.0788,-0.0723,0.9943,0,0,7.425,0.1598,1]},
{"frame":14,"values":[0.9967,-0.0027,0.0814,0,-0.0033,0.9973,0.0731,0,-0.0814,-0.0731,0.994,0,0,7.425,0.1598,1]},
{"frame":15,"values":[0.996,0.008,0.0889,0,-0.0143,0.9974,0.0703,0,-0.0881,-0.0713,0.9936,0,0,7.425,0.1598,1]},
{"frame":16,"values":[0.995,0.0117,0.0991,0,-0.0181,0.9978,0.064,0,-0.0982,-0.0655,0.993,0,0,7.425,0.1598,1]},
{"frame":17,"values":[0.9938,0.0082,0.1106,0,-0.0146,0.9982,0.0579,0,-0.11,-0.0592,0.9922,0,0,7.425,0.1598,1]},
{"frame":18,"values":[0.9925,0.0042,0.1219,0,-0.0109,0.9985,0.0538,0,-0.1215,-0.0547,0.9911,0,0,7.425,0.1598,1]},
{"frame":19,"values":[0.9919,0.006,0.127,0,-0.0133,0.9983,0.057,0,-0.1264,-0.0582,0.9903,0,0,7.425,0.1598,1]},
{"frame":20,"values":[0.9917,0.0173,0.1273,0,-0.0247,0.9981,0.0569,0,-0.1261,-0.0596,0.9902,0,0,7.425,0.1598,1]},
{"frame":21,"values":[0.9921,0.0317,0.1216,0,-0.0389,0.9976,0.0576,0,-0.1195,-0.0619,0.9909,0,0,7.425,0.1598,1]},
{"frame":22,"values":[0.992,0.0424,0.1186,0,-0.0501,0.9967,0.0631,0,-0.1155,-0.0686,0.9909,0,0,7.425,0.1598,1]},
{"frame":23,"values":[0.9912,0.0458,0.1241,0,-0.0544,0.9963,0.0668,0,-0.1206,-0.073,0.99,0,0,7.425,0.1598,1]},
{"frame":24,"values":[0.9921,0.0414,0.1184,0,-0.0498,0.9963,0.0694,0,-0.1151,-0.0748,0.9905,0,0,7.425,0.1598,1]},
{"frame":25,"values":[0.9941,0.0308,0.1038,0,-0.0384,0.9967,0.0719,0,-0.1012,-0.0754,0.992,0,0,7.425,0.1598,1]},
{"frame":26,"values":[0.9957,0.0193,0.0902,0,-0.0259,0.997,0.0728,0,-0.0885,-0.0749,0.9933,0,0,7.425,0.1598,1]}],"loopBehavior":1,"name":"anim","property":"_matrix"}},
{"name":"Spine2","index":3,"matrix":[0.9957,0.019,0.0907,0,-0.0256,0.997,0.0724,0,-0.089,-0.0744,0.9932,0,0,8.6226,-0.3542,1],"rest":[1,0,0,0,0,1,0,0,0,0,1,0,0,8.6226,-0.3542,1],"parentBoneIndex":2,"length":20.7438
,"animation":{"dataType":3,"framePerSecond":24,"keys":[
{"frame":1,"values":[0.9957,0.019,0.0907,0,-0.0256,0.997,0.0724,0,-0.089,-0.0744,0.9932,0,0,8.6226,-0.3542,1]},
{"frame":2,"values":[0.9964,0.0086,0.0839,0,-0.0147,0.9972,0.0729,0,-0.083,-0.0739,0.9938,0,0,8.6226,-0.3542,1]},
{"frame":3,"values":[0.9968,0.0038,0.0794,0,-0.0096,0.9973,0.0725,0,-0.079,-0.0731,0.9942,0,0,8.6226,-0.3542,1]},
{"frame":4,"values":[0.9973,0.0085,0.0723,0,-0.0135,0.9976,0.0685,0,-0.0716,-0.0693,0.995,0,0,8.6226,-0.3542,1]},
{"frame":5,"values":[0.9979,0.0184,0.062,0,-0.0224,0.9977,0.0642,0,-0.0607,-0.0654,0.996,0,0,8.6226,-0.3542,1]},
{"frame":6,"values":[0.9983,0.0199,0.055,0,-0.0235,0.9975,0.0664,0,-0.0535,-0.0675,0.9963,0,0,8.6226,-0.3542,1]},
{"frame":7,"values":[0.9985,0.008,0.0536,0,-0.0119,0.9974,0.0716,0,-0.0529,-0.0722,0.996,0,0,8.6226,-0.3542,1]},
{"frame":8,"values":[0.9985,-0.0005,0.0556,0,-0.0035,0.9974,0.0715,0,-0.0555,-0.0715,0.9959,0,0,8.6226,-0.3542,1]},
{"frame":9,"values":[0.9981,-0.0087,0.0609,0,0.0046,0.9977,0.0681,0,-0.0613,-0.0677,0.9958,0,0,8.6226,-0.3542,1]},
{"frame":10,"values":[0.998,-0.0217,0.0601,0,0.0174,0.9973,0.071,0,-0.0615,-0.0698,0.9957,0,0,8.6226,-0.3542,1]},
{"frame":11,"values":[0.9978,-0.0265,0.0604,0,0.022,0.9971,0.0732,0,-0.0621,-0.0717,0.9955,0,0,8.6226,-0.3542,1]},
{"frame":12,"values":[0.9972,-0.0191,0.0717,0,0.0139,0.9972,0.073,0,-0.0729,-0.0718,0.9948,0,0,8.6226,-0.3542,1]},
{"frame":13,"values":[0.9968,-0.0123,0.0784,0,0.0066,0.9973,0.0727,0,-0.0791,-0.0719,0.9943,0,0,8.6226,-0.3542,1]},
{"frame":14,"values":[0.9966,-0.003,0.0818,0,-0.0029,0.9974,0.0727,0,-0.0818,-0.0727,0.994,0,0,8.6226,-0.3542,1]},
{"frame":15,"values":[0.996,0.0078,0.0895,0,-0.0141,0.9975,0.0696,0,-0.0887,-0.0706,0.9936,0,0,8.6226,-0.3542,1]},
{"frame":16,"values":[0.9949,0.0118,0.0999,0,-0.0182,0.9979,0.0629,0,-0.0989,-0.0644,0.993,0,0,8.6226,-0.3542,1]},
{"frame":17,"values":[0.9937,0.0089,0.1114,0,-0.0153,0.9983,0.0565,0,-0.1107,-0.0579,0.9922,0,0,8.6226,-0.3542,1]},
{"frame":18,"values":[0.9924,0.0056,0.1226,0,-0.0121,0.9986,0.0523,0,-0.1221,-0.0534,0.9911,0,0,8.6226,-0.3542,1]},
{"frame":19,"values":[0.9918,0.007,0.1277,0,-0.0142,0.9984,0.0554,0,-0.1271,-0.0567,0.9903,0,0,8.6226,-0.3542,1]},
{"frame":20,"values":[0.9916,0.0179,0.1279,0,-0.0251,0.9981,0.0554,0,-0.1267,-0.0581,0.9902,0,0,8.6226,-0.3542,1]},
{"frame":21,"values":[0.992,0.0314,0.1223,0,-0.0385,0.9977,0.0561,0,-0.1203,-0.0603,0.9909,0,0,8.6226,-0.3542,1]},
{"frame":22,"values":[0.992,0.0417,0.1193,0,-0.0494,0.9969,0.0619,0,-0.1163,-0.0673,0.9909,0,0,8.6226,-0.3542,1]},
{"frame":23,"values":[0.9912,0.0452,0.1247,0,-0.0537,0.9964,0.0656,0,-0.1213,-0.0717,0.99,0,0,8.6226,-0.3542,1]},
{"frame":24,"values":[0.9921,0.0411,0.1188,0,-0.0495,0.9964,0.0686,0,-0.1156,-0.0739,0.9905,0,0,8.6226,-0.3542,1]},
{"frame":25,"values":[0.9941,0.0307,0.1041,0,-0.0382,0.9967,0.0713,0,-0.1016,-0.0749,0.992,0,0,8.6226,-0.3542,1]},
{"frame":26,"values":[0.9957,0.019,0.0907,0,-0.0256,0.997,0.0724,0,-0.089,-0.0744,0.9932,0,0,8.6226,-0.3542,1]}],"loopBehavior":1,"name":"anim","property":"_matrix"}},
{"name":"Neck","index":4,"matrix":[0.9945,-0.0147,0.1038,0,0.0056,0.9962,0.0874,0,-0.1047,-0.0863,0.9907,0,0,23.6053,-4.5263,1],"rest":[1,0,0,0,0,1,0,0,0,0,1,0,0,23.6053,-4.5263,1],"parentBoneIndex":3,"length":10.3542
,"animation":{"dataType":3,"framePerSecond":24,"keys":[
{"frame":1,"values":[0.9945,-0.0147,0.1038,0,0.0056,0.9962,0.0874,0,-0.1047,-0.0863,0.9907,0,0,23.6053,-4.5263,1]},
{"frame":2,"values":[0.9944,-0.0158,0.1045,0,0.007,0.9965,0.0836,0,-0.1054,-0.0824,0.991,0,0,23.6053,-4.5263,1]},
{"frame":3,"values":[0.9943,-0.0191,0.1049,0,0.011,0.9969,0.0777,0,-0.1061,-0.0761,0.9914,0,0,23.6053,-4.5263,1]},
{"frame":4,"values":[0.9941,-0.0228,0.1064,0,0.0154,0.9974,0.0701,0,-0.1077,-0.068,0.9919,0,0,23.6053,-4.5263,1]},
{"frame":5,"values":[0.9939,-0.0264,0.1075,0,0.0193,0.9975,0.0673,0,-0.109,-0.0648,0.9919,0,0,23.6053,-4.5263,1]},
{"frame":6,"values":[0.9938,-0.0261,0.1077,0,0.0191,0.9977,0.0656,0,-0.1091,-0.0632,0.992,0,0,23.6053,-4.5263,1]},
{"frame":7,"values":[0.9939,-0.0223,0.1082,0,0.0151,0.9976,0.0672,0,-0.1094,-0.0651,0.9919,0,0,23.6053,-4.5263,1]},
{"frame":8,"values":[0.994,-0.0219,0.1067,0,0.0143,0.9973,0.0714,0,-0.108,-0.0694,0.9917,0,0,23.6053,-4.5263,1]},
{"frame":9,"values":[0.9942,-0.0223,0.105,0,0.0149,0.9974,0.07,0,-0.1063,-0.0681,0.992,0,0,23.6053,-4.5263,1]},
{"frame":10,"values":[0.9943,-0.0202,0.1045,0,0.0132,0.9977,0.0667,0,-0.1056,-0.0649,0.9923,0,0,23.6053,-4.5263,1]},
{"frame":11,"values":[0.9946,-0.0246,0.101,0,0.018,0.9976,0.0663,0,-0.1024,-0.0641,0.9927,0,0,23.6053,-4.5263,1]},
{"frame":12,"values":[0.9948,-0.0329,0.0967,0,0.0262,0.9972,0.0698,0,-0.0987,-0.0669,0.9929,0,0,23.6053,-4.5263,1]},
{"frame":13,"values":[0.9947,-0.0384,0.0951,0,0.031,0.9964,0.0783,0,-0.0977,-0.0749,0.9924,0,0,23.6053,-4.5263,1]},
{"frame":14,"values":[0.9947,-0.0408,0.0946,0,0.0327,0.9958,0.085,0,-0.0976,-0.0814,0.9919,0,0,23.6053,-4.5263,1]},
{"frame":15,"values":[0.9947,-0.0403,0.0945,0,0.0321,0.9957,0.0865,0,-0.0975,-0.0831,0.9918,0,0,23.6053,-4.5263,1]},
{"frame":16,"values":[0.9949,-0.0342,0.0952,0,0.0261,0.996,0.0852,0,-0.0977,-0.0823,0.9918,0,0,23.6053,-4.5263,1]},
{"frame":17,"values":[0.9948,-0.031,0.0966,0,0.0233,0.9965,0.0801,0,-0.0988,-0.0774,0.9921,0,0,23.6053,-4.5263,1]},
{"frame":18,"values":[0.9946,-0.0307,0.099,0,0.0235,0.997,0.0732,0,-0.1009,-0.0705,0.9924,0,0,23.6053,-4.5263,1]},
{"frame":19,"values":[0.9945,-0.028,0.1013,0,0.0212,0.9975,0.0677,0,-0.1029,-0.0652,0.9926,0,0,23.6053,-4.5263,1]},
{"frame":20,"values":[0.9945,-0.0298,0.1007,0,0.023,0.9975,0.0674,0,-0.1025,-0.0647,0.9926,0,0,23.6053,-4.5263,1]},
{"frame":21,"values":[0.9947,-0.0304,0.0981,0,0.0237,0.9974,0.0685,0,-0.1,-0.0658,0.9928,0,0,23.6053,-4.5263,1]},
{"frame":22,"values":[0.995,-0.0302,0.0952,0,0.0235,0.9972,0.0712,0,-0.0971,-0.0686,0.9929,0,0,23.6053,-4.5263,1]},
{"frame":23,"values":[0.995,-0.0186,0.0978,0,0.011,0.9969,0.0774,0,-0.099,-0.0759,0.9922,0,0,23.6053,-4.5263,1]},
{"frame":24,"values":[0.9948,-0.0165,0.1003,0,0.0087,0.9969,0.0776,0,-0.1012,-0.0763,0.9919,0,0,23.6053,-4.5263,1]},
{"frame":25,"values":[0.9947,-0.0168,0.1015,0,0.0085,0.9966,0.0824,0,-0.1026,-0.0811,0.9914,0,0,23.6053,-4.5263,1]},
{"frame":26,"values":[0.9945,-0.0147,0.1038,0,0.0056,0.9962,0.0874,0,-0.1047,-0.0863,0.9907,0,0,23.6053,-4.5263,1]}],"loopBehavior":1,"name":"anim","property":"_matrix"}},
{"name":"Head","index":5,"matrix":[0.8113,0.1647,0.561,0,-0.0844,0.9824,-0.1664,0,-0.5786,0.0877,0.8109,0,0,9.9955,2.7017,1],"rest":[1,0,0,0,0,1,0,0,0,0,1,0,0,9.9955,2.7017,1],"parentBoneIndex":4,"length":31.4272
,"animation":{"dataType":3,"framePerSecond":24,"keys":[
{"frame":1,"values":[0.8113,0.1647,0.561,0,-0.0844,0.9824,-0.1664,0,-0.5786,0.0877,0.8109,0,0,9.9955,2.7017,1]},
{"frame":2,"values":[0.8081,0.1705,0.5639,0,-0.0912,0.9819,-0.1661,0,-0.582,0.0827,0.809,0,0,9.9955,2.7017,1]},
{"frame":3,"values":[0.8035,0.1821,0.5667,0,-0.0966,0.9793,-0.1776,0,-0.5874,0.088,0.8045,0,0,9.9955,2.7017,1]},
{"frame":4,"values":[0.7994,0.1887,0.5704,0,-0.0944,0.9771,-0.191,0,-0.5933,0.0988,0.7989,0,0,9.9955,2.7017,1]},
{"frame":5,"values":[0.7969,0.1959,0.5714,0,-0.0905,0.974,-0.2078,0,-0.5973,0.1139,0.7939,0,0,9.9955,2.7017,1]},
{"frame":6,"values":[0.7941,0.2145,0.5686,0,-0.1005,0.9691,-0.2253,0,-0.5994,0.1218,0.7911,0,0,9.9955,2.7017,1]},
{"frame":7,"values":[0.7892,0.2296,0.5696,0,-0.1164,0.9666,-0.2284,0,-0.6031,0.114,0.7895,0,0,9.9955,2.7017,1]},
{"frame":8,"values":[0.7881,0.2273,0.5721,0,-0.1314,0.97,-0.2044,0,-0.6014,0.0859,0.7943,0,0,9.9955,2.7017,1]},
{"frame":9,"values":[0.7857,0.2349,0.5723,0,-0.1483,0.9696,-0.1944,0,-0.6006,0.0679,0.7967,0,0,9.9955,2.7017,1]},
{"frame":10,"values":[0.7802,0.2608,0.5686,0,-0.1639,0.9624,-0.2165,0,-0.6036,0.0757,0.7936,0,0,9.9955,2.7017,1]},
{"frame":11,"values":[0.7914,0.2507,0.5575,0,-0.1533,0.9643,-0.2161,0,-0.5917,0.0856,0.8016,0,0,9.9955,2.7017,1]},
{"frame":12,"values":[0.8055,0.219,0.5506,0,-0.1308,0.972,-0.1953,0,-0.578,0.0853,0.8116,0,0,9.9955,2.7017,1]},
{"frame":13,"values":[0.8089,0.197,0.5539,0,-0.1177,0.9774,-0.1757,0,-0.576,0.0769,0.8138,0,0,9.9955,2.7017,1]},
{"frame":14,"values":[0.8102,0.1816,0.5573,0,-0.1078,0.9808,-0.1628,0,-0.5761,0.0718,0.8142,0,0,9.9955,2.7017,1]},
{"frame":15,"values":[0.8123,0.1722,0.5572,0,-0.1006,0.9825,-0.157,0,-0.5745,0.0714,0.8154,0,0,9.9955,2.7017,1]},
{"frame":16,"values":[0.8115,0.1778,0.5566,0,-0.1057,0.9815,-0.1594,0,-0.5747,0.0705,0.8153,0,0,9.9955,2.7017,1]},
{"frame":17,"values":[0.8045,0.192,0.5621,0,-0.1191,0.9792,-0.1639,0,-0.5819,0.0649,0.8107,0,0,9.9955,2.7017,1]},
{"frame":18,"values":[0.795,0.2008,0.5725,0,-0.124,0.9775,-0.1706,0,-0.5938,0.0646,0.802,0,0,9.9955,2.7017,1]},
{"frame":19,"values":[0.7908,0.2073,0.576,0,-0.1164,0.9747,-0.191,0,-0.601,0.084,0.7948,0,0,9.9955,2.7017,1]},
{"frame":20,"values":[0.7969,0.2004,0.5699,0,-0.0954,0.9733,-0.209,0,-0.5965,0.1122,0.7947,0,0,9.9955,2.7017,1]},
{"frame":21,"values":[0.813,0.1756,0.5552,0,-0.0713,0.9763,-0.2045,0,-0.5779,0.1266,0.8062,0,0,9.9955,2.7017,1]},
{"frame":22,"values":[0.8266,0.1616,0.5391,0,-0.058,0.9772,-0.204,0,-0.5598,0.1374,0.8172,0,0,9.9955,2.7017,1]},
{"frame":23,"values":[0.8252,0.164,0.5405,0,-0.0614,0.9773,-0.2028,0,-0.5615,0.1341,0.8165,0,0,9.9955,2.7017,1]},
{"frame":24,"values":[0.8185,0.1664,0.5499,0,-0.0738,0.9797,-0.1865,0,-0.5697,0.112,0.8142,0,0,9.9955,2.7017,1]},
{"frame":25,"values":[0.8159,0.1633,0.5547,0,-0.0793,0.9818,-0.1723,0,-0.5728,0.0966,0.814,0,0,9.9955,2.7017,1]},
{"frame":26,"values":[0.8113,0.1647,0.561,0,-0.0844,0.9824,-0.1664,0,-0.5786,0.0877,0.8109,0,0,9.9955,2.7017,1]}],"loopBehavior":1,"name":"anim","property":"_matrix"}},
{"name":"HeadTop_End","index":6,"matrix":[1,0,0,0,0,1,0,0,0,0,1,0,0,31.2072,3.7118,1],"rest":[1,0,0,0,0,1,0,0,0,0,1,0,0,31.2072,3.7118,1],"parentBoneIndex":5,"length":31.4272
,"animation":{"dataType":3,"framePerSecond":24,"keys":[
{"frame":1,"values":[1,0,0,0,0,1,0,0,0,0,1,0,0,31.2072,3.7118,1]},
{"frame":26,"values":[1,0,0,0,0,1,0,0,0,0,1,0,0,31.2072,3.7118,1]}],"loopBehavior":1,"name":"anim","property":"_matrix"}},
{"name":"LeftShoulder","index":7,"matrix":[0.9784,-0.154,0.1382,0,0.151,0.988,0.0318,0,-0.1414,-0.0102,0.9899,0,6.1723,17.8795,-2.6384,1],"rest":[1,-0.0039,0,0,0.0039,1,0,0,0,0,1,0,6.1723,17.8795,-2.6384,1],"parentBoneIndex":3,"length":6.4566
,"animation":{"dataType":3,"framePerSecond":24,"keys":[
{"frame":1,"values":[0.9784,-0.154,0.1382,0,0.151,0.988,0.0318,0,-0.1414,-0.0102,0.9899,0,6.1723,17.8795,-2.6384,1]},
{"frame":2,"values":[0.9795,-0.1568,0.1265,0,0.1538,0.9875,0.0332,0,-0.1302,-0.0131,0.9914,0,6.1723,17.8795,-2.6384,1]},
{"frame":3,"values":[0.9808,-0.1581,0.1139,0,0.1551,0.9873,0.0353,0,-0.118,-0.0169,0.9929,0,6.1723,17.8795,-2.6384,1]},
{"frame":4,"values":[0.9822,-0.1587,0.1003,0,0.1557,0.9871,0.0377,0,-0.105,-0.0214,0.9942,0,6.1723,17.8795,-2.6384,1]},
{"frame":5,"values":[0.9837,-0.1582,0.0859,0,0.1552,0.9871,0.0397,0,-0.0911,-0.0257,0.9955,0,6.1723,17.8795,-2.6384,1]},
{"frame":6,"values":[0.9853,-0.1553,0.0716,0,0.1527,0.9874,0.0405,0,-0.077,-0.029,0.9966,0,6.1723,17.8795,-2.6384,1]},
{"frame":7,"values":[0.9863,-0.1536,0.0597,0,0.1514,0.9877,0.0403,0,-0.0651,-0.0307,0.9974,0,6.1723,17.8795,-2.6384,1]},
{"frame":8,"values":[0.9864,-0.1559,0.0526,0,0.1539,0.9873,0.039,0,-0.058,-0.0304,0.9979,0,6.1723,17.8795,-2.6384,1]},
{"frame":9,"values":[0.9858,-0.1592,0.0533,0,0.1574,0.9869,0.0359,0,-0.0583,-0.027,0.9979,0,6.1723,17.8795,-2.6384,1]},
{"frame":10,"values":[0.985,-0.161,0.0625,0,0.1594,0.9868,0.0297,0,-0.0664,-0.0193,0.9976,0,6.1723,17.8795,-2.6384,1]},
{"frame":11,"values":[0.9839,-0.1623,0.0752,0,0.1613,0.9867,0.0195,0,-0.0774,-0.0071,0.997,0,6.1723,17.8795,-2.6384,1]},
{"frame":12,"values":[0.9828,-0.1619,0.0892,0,0.162,0.9868,0.0062,0,-0.089,0.0084,0.996,0,6.1723,17.8795,-2.6384,1]},
{"frame":13,"values":[0.9819,-0.1579,0.1044,0,0.1597,0.9871,-0.0088,0,-0.1017,0.0253,0.9945,0,6.1723,17.8795,-2.6384,1]},
{"frame":14,"values":[0.9813,-0.1522,0.118,0,0.1561,0.9875,-0.0241,0,-0.1129,0.042,0.9927,0,6.1723,17.8795,-2.6384,1]},
{"frame":15,"values":[0.9807,-0.1463,0.1293,0,0.1524,0.9876,-0.0381,0,-0.1221,0.0571,0.9909,0,6.1723,17.8795,-2.6384,1]},
{"frame":16,"values":[0.9796,-0.1412,0.143,0,0.1494,0.9876,-0.0485,0,-0.1344,0.0689,0.9885,0,6.1723,17.8795,-2.6384,1]},
{"frame":17,"values":[0.977,-0.1396,0.1611,0,0.1498,0.9873,-0.0531,0,-0.1516,0.076,0.9855,0,6.1723,17.8795,-2.6384,1]},
{"frame":18,"values":[0.974,-0.1426,0.1763,0,0.1538,0.9867,-0.0519,0,-0.1666,0.0777,0.983,0,6.1723,17.8795,-2.6384,1]},
{"frame":19,"values":[0.9724,-0.1474,0.1809,0,0.1582,0.9863,-0.0469,0,-0.1715,0.0742,0.9824,0,6.1723,17.8795,-2.6384,1]},
{"frame":20,"values":[0.9725,-0.1529,0.1755,0,0.1621,0.986,-0.0395,0,-0.167,0.0669,0.9837,0,6.1723,17.8795,-2.6384,1]},
{"frame":21,"values":[0.9734,-0.1576,0.1663,0,0.1647,0.9859,-0.0297,0,-0.1592,0.0563,0.9856,0,6.1723,17.8795,-2.6384,1]},
{"frame":22,"values":[0.9742,-0.1588,0.1601,0,0.1637,0.9863,-0.0177,0,-0.1551,0.0435,0.9869,0,6.1723,17.8795,-2.6384,1]},
{"frame":23,"values":[0.9748,-0.1577,0.1577,0,0.1603,0.9871,-0.0042,0,-0.155,0.0293,0.9875,0,6.1723,17.8795,-2.6384,1]},
{"frame":24,"values":[0.9755,-0.1574,0.1538,0,0.1578,0.9874,0.0095,0,-0.1534,0.015,0.9881,0,6.1723,17.8795,-2.6384,1]},
{"frame":25,"values":[0.9766,-0.1569,0.1468,0,0.1554,0.9876,0.0216,0,-0.1484,0.0017,0.9889,0,6.1723,17.8795,-2.6384,1]},
{"frame":26,"values":[0.9784,-0.154,0.1382,0,0.151,0.988,0.0318,0,-0.1414,-0.0102,0.9899,0,6.1723,17.8795,-2.6384,1]}],"loopBehavior":1,"name":"anim","property":"_matrix"}},
{"name":"LeftArm","index":8,"matrix":[0.4837,-0.7317,0.4802,0,0.5697,0.6797,0.462,0,-0.6645,0.0501,0.7456,0,6.0747,-1.0059,-1.9427,1],"rest":[0.9995,0.0084,0.0302,0,-0.0084,1,-0.0001,0,-0.0302,-0.0002,0.9995,0,6.0747,-1.0059,-1.9427,1],"parentBoneIndex":7,"length":27.264
,"animation":{"dataType":3,"framePerSecond":24,"keys":[
{"frame":1,"values":[0.4837,-0.7317,0.4802,0,0.5697,0.6797,0.462,0,-0.6645,0.0501,0.7456,0,6.0747,-1.0059,-1.9427,1]},
{"frame":2,"values":[0.5437,-0.7358,0.4037,0,0.5783,0.677,0.4551,0,-0.6082,-0.014,0.7937,0,6.0747,-1.0059,-1.9427,1]},
{"frame":3,"values":[0.5849,-0.7478,0.3141,0,0.5998,0.6594,0.4532,0,-0.546,-0.0767,0.8342,0,6.0747,-1.0059,-1.9427,1]},
{"frame":4,"values":[0.6042,-0.765,0.223,0,0.6324,0.6307,0.4498,0,-0.4847,-0.1308,0.8649,0,6.0747,-1.0059,-1.9427,1]},
{"frame":5,"values":[0.5982,-0.7868,0.1516,0,0.6734,0.5962,0.4371,0,-0.4343,-0.1594,0.8866,0,6.0747,-1.0059,-1.9427,1]},
{"frame":6,"values":[0.5677,-0.815,0.116,0,0.7188,0.5594,0.4127,0,-0.4013,-0.1509,0.9034,0,6.0747,-1.0059,-1.9427,1]},
{"frame":7,"values":[0.5268,-0.8436,0.1045,0,0.7623,0.5232,0.3811,0,-0.3761,-0.1211,0.9186,0,6.0747,-1.0059,-1.9427,1]},
{"frame":8,"values":[0.4906,-0.8658,0.099,0,0.7971,0.4917,0.3504,0,-0.352,-0.093,0.9314,0,6.0747,-1.0059,-1.9427,1]},
{"frame":9,"values":[0.4643,-0.88,0.1003,0,0.8164,0.4691,0.3368,0,-0.3435,-0.0745,0.9362,0,6.0747,-1.0059,-1.9427,1]},
{"frame":10,"values":[0.473,-0.8728,0.1204,0,0.7996,0.4827,0.3573,0,-0.37,-0.0727,0.9262,0,6.0747,-1.0059,-1.9427,1]},
{"frame":11,"values":[0.5046,-0.8481,0.1614,0,0.7515,0.5235,0.4015,0,-0.425,-0.0813,0.9015,0,6.0747,-1.0059,-1.9427,1]},
{"frame":12,"values":[0.5246,-0.8227,0.2189,0,0.7028,0.5637,0.434,0,-0.4805,-0.0738,0.8739,0,6.0747,-1.0059,-1.9427,1]},
{"frame":13,"values":[0.522,-0.8044,0.2836,0,0.679,0.5932,0.4325,0,-0.5162,-0.0332,0.8558,0,6.0747,-1.0059,-1.9427,1]},
{"frame":14,"values":[0.5154,-0.7862,0.341,0,0.6712,0.6177,0.4099,0,-0.5329,0.0176,0.846,0,6.0747,-1.0059,-1.9427,1]},
{"frame":15,"values":[0.5209,-0.7642,0.3804,0,0.6566,0.6435,0.3935,0,-0.5454,0.0448,0.837,0,6.0747,-1.0059,-1.9427,1]},
{"frame":16,"values":[0.5375,-0.7387,0.4068,0,0.6222,0.673,0.4,0,-0.5692,0.0381,0.8213,0,6.0747,-1.0059,-1.9427,1]},
{"frame":17,"values":[0.5532,-0.7076,0.4396,0,0.5619,0.7065,0.4302,0,-0.615,0.009,0.7885,0,6.0747,-1.0059,-1.9427,1]},
{"frame":18,"values":[0.5506,-0.6752,0.4908,0,0.4883,0.7374,0.4667,0,-0.677,-0.0173,0.7358,0,6.0747,-1.0059,-1.9427,1]},
{"frame":19,"values":[0.5194,-0.6593,0.5437,0,0.4444,0.7518,0.4871,0,-0.7299,-0.0114,0.6835,0,6.0747,-1.0059,-1.9427,1]},
{"frame":20,"values":[0.4676,-0.673,0.573,0,0.4633,0.7387,0.4895,0,-0.7528,0.0366,0.6573,0,6.0747,-1.0059,-1.9427,1]},
{"frame":21,"values":[0.4119,-0.707,0.5748,0,0.523,0.7,0.4863,0,-0.7462,0.1003,0.6581,0,6.0747,-1.0059,-1.9427,1]},
{"frame":22,"values":[0.3785,-0.7326,0.5657,0,0.5678,0.6665,0.4831,0,-0.731,0.1383,0.6682,0,6.0747,-1.0059,-1.9427,1]},
{"frame":23,"values":[0.3843,-0.7374,0.5554,0,0.5779,0.6614,0.4782,0,-0.72,0.1372,0.6803,0,6.0747,-1.0059,-1.9427,1]},
{"frame":24,"values":[0.4114,-0.7331,0.5416,0,0.5731,0.6701,0.4717,0,-0.7087,0.1163,0.6959,0,6.0747,-1.0059,-1.9427,1]},
{"frame":25,"values":[0.4449,-0.7311,0.5172,0,0.5702,0.6766,0.4659,0,-0.6906,0.0877,0.7179,0,6.0747,-1.0059,-1.9427,1]},
{"frame":26,"values":[0.4837,-0.7317,0.4802,0,0.5697,0.6797,0.462,0,-0.6645,0.0501,0.7456,0,6.0747,-1.0059,-1.9427,1]}],"loopBehavior":1,"name":"anim","property":"_matrix"}},
{"name":"LeftForeArm","index":9,"matrix":[0.9712,-0.0011,0.2384,0,0.0071,0.9997,-0.024,0,-0.2383,0.025,0.9709,0,27.2512,-0.1236,-0.8243,1],"rest":[0.9995,-0.0045,-0.0302,0,0.0045,1,-0.0001,0,0.0302,-0.0001,0.9995,0,27.2512,-0.1236,-0.8243,1],"parentBoneIndex":8,"length":27.5147
,"animation":{"dataType":3,"framePerSecond":24,"keys":[
{"frame":1,"values":[0.9712,-0.0011,0.2384,0,0.0071,0.9997,-0.024,0,-0.2383,0.025,0.9709,0,27.2512,-0.1236,-0.8243,1]},
{"frame":2,"values":[0.9651,-0.0005,0.262,0,0.0076,0.9996,-0.0261,0,-0.2619,0.0272,0.9647,0,27.2512,-0.1236,-0.8243,1]},
{"frame":3,"values":[0.9502,0.001,0.3117,0,0.0089,0.9995,-0.0306,0,-0.3116,0.0318,0.9497,0,27.2512,-0.1236,-0.8243,1]},
{"frame":4,"values":[0.9324,0.0028,0.3614,0,0.0105,0.9993,-0.035,0,-0.3613,0.0365,0.9317,0,27.2512,-0.1236,-0.8243,1]},
{"frame":5,"values":[0.9288,0.0032,0.3706,0,0.0109,0.9993,-0.0358,0,-0.3704,0.0373,0.9281,0,27.2512,-0.1236,-0.8243,1]},
{"frame":6,"values":[0.9476,0.0013,0.3195,0,0.0092,0.9995,-0.0313,0,-0.3194,0.0326,0.9471,0,27.2512,-0.1236,-0.8243,1]},
{"frame":7,"values":[0.9721,-0.0012,0.2344,0,0.007,0.9997,-0.0237,0,-0.2343,0.0247,0.9718,0,27.2512,-0.1236,-0.8243,1]},
{"frame":8,"values":[0.9878,-0.0029,0.1554,0,0.0056,0.9998,-0.0166,0,-0.1553,0.0173,0.9877,0,27.2512,-0.1236,-0.8243,1]},
{"frame":9,"values":[0.9944,-0.0037,0.1056,0,0.005,0.9999,-0.0122,0,-0.1056,0.0127,0.9943,0,27.2512,-0.1236,-0.8243,1]},
{"frame":10,"values":[0.9961,-0.0039,0.0884,0,0.0048,0.9999,-0.0107,0,-0.0883,0.011,0.996,0,27.2512,-0.1236,-0.8243,1]},
{"frame":11,"values":[0.9957,-0.0038,0.0929,0,0.0049,0.9999,-0.0111,0,-0.0929,0.0115,0.9956,0,27.2512,-0.1236,-0.8243,1]},
{"frame":12,"values":[0.994,-0.0036,0.1092,0,0.005,0.9999,-0.0125,0,-0.1091,0.013,0.9939,0,27.2512,-0.1236,-0.8243,1]},
{"frame":13,"values":[0.9909,-0.0033,0.1347,0,0.0053,0.9999,-0.0148,0,-0.1346,0.0154,0.9908,0,27.2512,-0.1236,-0.8243,1]},
{"frame":14,"values":[0.9849,-0.0026,0.1732,0,0.0058,0.9998,-0.0182,0,-0.1732,0.019,0.9847,0,27.2512,-0.1236,-0.8243,1]},
{"frame":15,"values":[0.9744,-0.0015,0.2247,0,0.0068,0.9997,-0.0228,0,-0.2246,0.0238,0.9742,0,27.2512,-0.1236,-0.8243,1]},
{"frame":16,"values":[0.9599,0,0.2803,0,0.0081,0.9996,-0.0278,0,-0.2802,0.0289,0.9595,0,27.2512,-0.1236,-0.8243,1]},
{"frame":17,"values":[0.9446,0.0016,0.3281,0,0.0094,0.9994,-0.032,0,-0.328,0.0334,0.9441,0,27.2512,-0.1236,-0.8243,1]},
{"frame":18,"values":[0.9339,0.0027,0.3575,0,0.0104,0.9993,-0.0347,0,-0.3573,0.0361,0.9333,0,27.2512,-0.1236,-0.8243,1]},
{"frame":19,"values":[0.9322,0.0029,0.3619,0,0.0106,0.9993,-0.0351,0,-0.3618,0.0365,0.9315,0,27.2512,-0.1236,-0.8243,1]},
{"frame":20,"values":[0.9388,0.0022,0.3446,0,0.01,0.9994,-0.0335,0,-0.3444,0.0349,0.9382,0,27.2512,-0.1236,-0.8243,1]},
{"frame":21,"values":[0.9499,0.0011,0.3127,0,0.009,0.9995,-0.0307,0,-0.3125,0.0319,0.9494,0,27.2512,-0.1236,-0.8243,1]},
{"frame":22,"values":[0.9616,-0.0001,0.2745,0,0.0079,0.9996,-0.0273,0,-0.2744,0.0284,0.9612,0,27.2512,-0.1236,-0.8243,1]},
{"frame":23,"values":[0.9715,-0.0012,0.2369,0,0.007,0.9997,-0.0239,0,-0.2368,0.0249,0.9712,0,27.2512,-0.1236,-0.8243,1]},
{"frame":24,"values":[0.9775,-0.0018,0.211,0,0.0065,0.9997,-0.0216,0,-0.2109,0.0225,0.9773,0,27.2512,-0.1236,-0.8243,1]},
{"frame":25,"values":[0.9774,-0.0018,0.2115,0,0.0065,0.9997,-0.0216,0,-0.2114,0.0225,0.9771,0,27.2512,-0.1236,-0.8243,1]},
{"frame":26,"values":[0.9712,-0.0011,0.2384,0,0.0071,0.9997,-0.024,0,-0.2383,0.025,0.9709,0,27.2512,-0.1236,-0.8243,1]}],"loopBehavior":1,"name":"anim","property":"_matrix"}},
{"name":"LeftHand","index":10,"matrix":[0.9968,0.0764,0.0225,0,-0.0765,0.9971,0.0023,0,-0.0222,-0.0041,0.9997,0,27.5147,0,0,1],"rest":[1,0,0,0,0,1,0.0006,0,0,-0.0006,1,0,27.5147,0,0,1],"parentBoneIndex":9,"length":10.1836
,"animation":{"dataType":3,"framePerSecond":24,"keys":[
{"frame":1,"values":[0.9968,0.0764,0.0225,0,-0.0765,0.9971,0.0023,0,-0.0222,-0.0041,0.9997,0,27.5147,0,0,1]},
{"frame":2,"values":[0.9956,0.0743,0.0563,0,-0.0723,0.9967,-0.0361,0,-0.0588,0.0319,0.9978,0,27.5147,0,0,1]},
{"frame":3,"values":[0.9952,0.07,0.0682,0,-0.065,0.9952,-0.0736,0,-0.073,0.0688,0.995,0,27.5147,0,0,1]},
{"frame":4,"values":[0.996,0.0646,0.0616,0,-0.059,0.9943,-0.0891,0,-0.067,0.0851,0.9941,0,27.5147,0,0,1]},
{"frame":5,"values":[0.9965,0.0576,0.0602,0,-0.0529,0.9956,-0.077,0,-0.0644,0.0736,0.9952,0,27.5147,0,0,1]},
{"frame":6,"values":[0.9968,0.0498,0.062,0,-0.0465,0.9975,-0.0523,0,-0.0644,0.0492,0.9967,0,27.5147,0,0,1]},
{"frame":7,"values":[0.9979,0.0482,0.0436,0,-0.0467,0.9984,-0.0331,0,-0.0451,0.031,0.9985,0,27.5147,0,0,1]},
{"frame":8,"values":[0.9981,0.0605,0.0096,0,-0.0602,0.9979,-0.0241,0,-0.0111,0.0235,0.9997,0,27.5147,0,0,1]},
{"frame":9,"values":[0.9963,0.0849,-0.0137,0,-0.0852,0.996,-0.0261,0,0.0115,0.0272,0.9996,0,27.5147,0,0,1]},
{"frame":10,"values":[0.9924,0.1206,-0.0247,0,-0.1215,0.9918,-0.0391,0,0.0198,0.0419,0.9989,0,27.5147,0,0,1]},
{"frame":11,"values":[0.9836,0.1765,-0.0373,0,-0.1779,0.9833,-0.0379,0,0.03,0.0439,0.9986,0,27.5147,0,0,1]},
{"frame":12,"values":[0.966,0.2539,-0.0486,0,-0.2536,0.9672,0.0113,0,0.0499,0.0014,0.9988,0,27.5147,0,0,1]},
{"frame":13,"values":[0.9447,0.325,-0.0441,0,-0.3207,0.9436,0.0828,0,0.0685,-0.0641,0.9956,0,27.5147,0,0,1]},
{"frame":14,"values":[0.9307,0.3649,-0.0252,0,-0.3603,0.9266,0.1077,0,0.0626,-0.0912,0.9939,0,27.5147,0,0,1]},
{"frame":15,"values":[0.9235,0.3834,-0.0122,0,-0.3817,0.9215,0.0717,0,0.0387,-0.0616,0.9973,0,27.5147,0,0,1]},
{"frame":16,"values":[0.9153,0.4024,-0.0151,0,-0.402,0.9153,0.0247,0,0.0238,-0.0165,0.9996,0,27.5147,0,0,1]},
{"frame":17,"values":[0.9065,0.4218,-0.0188,0,-0.422,0.9066,-0.0031,0,0.0157,0.0108,0.9998,0,27.5147,0,0,1]},
{"frame":18,"values":[0.9046,0.4264,0.0012,0,-0.4262,0.9043,-0.0256,0,-0.012,0.0226,0.9997,0,27.5147,0,0,1]},
{"frame":19,"values":[0.9121,0.4063,0.0549,0,-0.4034,0.9132,-0.0576,0,-0.0735,0.0304,0.9968,0,27.5147,0,0,1]},
{"frame":20,"values":[0.9235,0.3652,0.1177,0,-0.3556,0.9298,-0.0945,0,-0.1439,0.0454,0.9885,0,27.5147,0,0,1]},
{"frame":21,"values":[0.9395,0.311,0.1433,0,-0.2945,0.9474,-0.1251,0,-0.1747,0.0753,0.9817,0,27.5147,0,0,1]},
{"frame":22,"values":[0.9616,0.2509,0.1114,0,-0.2344,0.9616,-0.1432,0,-0.1431,0.1116,0.9834,0,27.5147,0,0,1]},
{"frame":23,"values":[0.9804,0.1893,0.054,0,-0.1804,0.9739,-0.1379,0,-0.0787,0.1255,0.989,0,27.5147,0,0,1]},
{"frame":24,"values":[0.9908,0.1336,0.022,0,-0.1309,0.9868,-0.0958,0,-0.0345,0.092,0.9952,0,27.5147,0,0,1]},
{"frame":25,"values":[0.9953,0.0941,0.0212,0,-0.0934,0.9952,-0.0303,0,-0.0239,0.0282,0.9993,0,27.5147,0,0,1]},
{"frame":26,"values":[0.9968,0.0764,0.0225,0,-0.0765,0.9971,0.0023,0,-0.0222,-0.0041,0.9997,0,27.5147,0,0,1]}],"loopBehavior":1,"name":"anim","property":"_matrix"}},
{"name":"LeftHandThumb1","index":11,"matrix":[1,0.0017,-0.008,0,-0.0015,0.9997,0.0254,0,0.0081,-0.0254,0.9996,0,4.2092,-0.2988,5.1387,1],"rest":[1,0.0002,0.0002,0,-0.0002,1,-0.0002,0,-0.0002,0.0002,1,0,4.2092,-0.2988,5.1387,1],"parentBoneIndex":10,"length":1.9313
,"animation":{"dataType":3,"framePerSecond":24,"keys":[
{"frame":1,"values":[1,0.0017,-0.008,0,-0.0015,0.9997,0.0254,0,0.0081,-0.0254,0.9996,0,4.2092,-0.2988,5.1387,1]},
{"frame":26,"values":[1,0.0017,-0.008,0,-0.0015,0.9997,0.0254,0,0.0081,-0.0254,0.9996,0,4.2092,-0.2988,5.1387,1]}],"loopBehavior":1,"name":"anim","property":"_matrix"}},
{"name":"LeftHandThumb2","index":12,"matrix":[0.9376,0.3475,0.0086,0,-0.3412,0.9153,0.214,0,0.0665,-0.2036,0.9768,0,1.496,-0.8637,0.8637,1],"rest":[0.9982,0.052,0.0284,0,-0.0507,0.9976,-0.0475,0,-0.0308,0.046,0.9985,0,1.496,-0.8637,0.8637,1],"parentBoneIndex":11,"length":2.3416
,"animation":{"dataType":3,"framePerSecond":24,"keys":[
{"frame":1,"values":[0.9376,0.3475,0.0086,0,-0.3412,0.9153,0.214,0,0.0665,-0.2036,0.9768,0,1.496,-0.8637,0.8637,1]},
{"frame":2,"values":[0.9338,0.3578,0.0076,0,-0.3535,0.9187,0.176,0,0.056,-0.167,0.9844,0,1.496,-0.8637,0.8637,1]},
{"frame":3,"values":[0.9342,0.3565,0.0156,0,-0.3536,0.919,0.1746,0,0.0479,-0.1686,0.9845,0,1.496,-0.8637,0.8637,1]},
{"frame":4,"values":[0.938,0.3452,0.0326,0,-0.3447,0.9184,0.1943,0,0.0372,-0.1935,0.9804,0,1.496,-0.8637,0.8637,1]},
{"frame":5,"values":[0.9426,0.3307,0.047,0,-0.3329,0.9183,0.2143,0,0.0277,-0.2176,0.9756,0,1.496,-0.8637,0.8637,1]},
{"frame":6,"values":[0.9454,0.3232,0.0421,0,-0.3241,0.9189,0.2249,0,0.034,-0.2262,0.9735,0,1.496,-0.8637,0.8637,1]},
{"frame":7,"values":[0.9456,0.3246,0.0233,0,-0.321,0.9187,0.2301,0,0.0532,-0.2251,0.9729,0,1.496,-0.8637,0.8637,1]},
{"frame":8,"values":[0.9448,0.3272,0.0151,0,-0.3216,0.9179,0.2323,0,0.0622,-0.2243,0.9725,0,1.496,-0.8637,0.8637,1]},
{"frame":9,"values":[0.9446,0.3273,0.0224,0,-0.3235,0.9177,0.2307,0,0.0549,-0.2252,0.9728,0,1.496,-0.8637,0.8637,1]},
{"frame":10,"values":[0.9449,0.326,0.0296,0,-0.3239,0.9181,0.2284,0,0.0473,-0.2255,0.9731,0,1.496,-0.8637,0.8637,1]},
{"frame":11,"values":[0.9456,0.3243,0.0265,0,-0.3215,0.9189,0.2286,0,0.0498,-0.2247,0.9732,0,1.496,-0.8637,0.8637,1]},
{"frame":12,"values":[0.9452,0.3261,0.0171,0,-0.321,0.9182,0.232,0,0.0599,-0.2248,0.9726,0,1.496,-0.8637,0.8637,1]},
{"frame":13,"values":[0.9418,0.3362,0.0072,0,-0.3283,0.9146,0.236,0,0.0727,-0.2246,0.9717,0,1.496,-0.8637,0.8637,1]},
{"frame":14,"values":[0.9357,0.3527,-0.0041,0,-0.3426,0.9117,0.227,0,0.0838,-0.211,0.9739,0,1.496,-0.8637,0.8637,1]},
{"frame":15,"values":[0.9311,0.3644,-0.0144,0,-0.3542,0.9131,0.202,0,0.0868,-0.1829,0.9793,0,1.496,-0.8637,0.8637,1]},
{"frame":16,"values":[0.9298,0.3674,-0.0198,0,-0.3593,0.9182,0.1669,0,0.0795,-0.1481,0.9858,0,1.496,-0.8637,0.8637,1]},
{"frame":17,"values":[0.9297,0.3679,-0.0172,0,-0.3633,0.9238,0.1206,0,0.0603,-0.1058,0.9926,0,1.496,-0.8637,0.8637,1]},
{"frame":18,"values":[0.9319,0.3627,0.0029,0,-0.3613,0.9275,0.0955,0,0.0319,-0.0901,0.9954,0,1.496,-0.8637,0.8637,1]},
{"frame":19,"values":[0.9386,0.3441,0.0252,0,-0.3442,0.9289,0.1364,0,0.0235,-0.1367,0.9903,0,1.496,-0.8637,0.8637,1]},
{"frame":20,"values":[0.9418,0.3361,-0.0039,0,-0.3277,0.9207,0.2122,0,0.0749,-0.1985,0.9772,0,1.496,-0.8637,0.8637,1]},
{"frame":21,"values":[0.9309,0.3564,-0.08,0,-0.3261,0.9096,0.2575,0,0.1645,-0.2136,0.963,0,1.496,-0.8637,0.8637,1]},
{"frame":22,"values":[0.9248,0.3651,-0.1066,0,-0.3291,0.9086,0.2572,0,0.1908,-0.2028,0.9604,0,1.496,-0.8637,0.8637,1]},
{"frame":23,"values":[0.9364,0.3487,-0.0385,0,-0.3314,0.9152,0.2295,0,0.1153,-0.2022,0.9725,0,1.496,-0.8637,0.8637,1]},
{"frame":24,"values":[0.9414,0.3359,0.0293,0,-0.3344,0.919,0.2086,0,0.0431,-0.2062,0.9776,0,1.496,-0.8637,0.8637,1]},
{"frame":25,"values":[0.9399,0.3402,0.0304,0,-0.3388,0.9176,0.208,0,0.0429,-0.2058,0.9777,0,1.496,-0.8637,0.8637,1]},
{"frame":26,"values":[0.9376,0.3475,0.0086,0,-0.3412,0.9153,0.214,0,0.0665,-0.2036,0.9768,0,1.496,-0.8637,0.8637,1]}],"loopBehavior":1,"name":"anim","property":"_matrix"}},
{"name":"LeftHandThumb3","index":13,"matrix":[0.9263,0.3106,0.2131,0,-0.3149,0.949,-0.0142,0,-0.2066,-0.0539,0.9769,0,1.7859,-1.1863,0.9415,1],"rest":[0.9982,-0.0507,-0.0308,0,0.052,0.9976,0.046,0,0.0284,-0.0475,0.9985,0,1.7859,-1.1863,0.9415,1],"parentBoneIndex":12,"length":4.3787
,"animation":{"dataType":3,"framePerSecond":24,"keys":[
{"frame":1,"values":[0.9263,0.3106,0.2131,0,-0.3149,0.949,-0.0142,0,-0.2066,-0.0539,0.9769,0,1.7859,-1.1863,0.9415,1]},
{"frame":2,"values":[0.9301,0.3088,0.1991,0,-0.3137,0.9495,-0.0073,0,-0.1912,-0.0557,0.98,0,1.7859,-1.1863,0.9415,1]},
{"frame":3,"values":[0.9303,0.3084,0.1987,0,-0.3133,0.9496,-0.0071,0,-0.1909,-0.0556,0.98,0,1.7859,-1.1863,0.9415,1]},
{"frame":4,"values":[0.929,0.3078,0.2053,0,-0.3125,0.9499,-0.0103,0,-0.1982,-0.0546,0.9786,0,1.7859,-1.1863,0.9415,1]},
{"frame":5,"values":[0.9255,0.3081,0.2205,0,-0.312,0.9499,-0.0176,0,-0.2149,-0.0525,0.9752,0,1.7859,-1.1863,0.9415,1]},
{"frame":6,"values":[0.916,0.3132,0.2509,0,-0.3154,0.9484,-0.0324,0,-0.2481,-0.0495,0.9675,0,1.7859,-1.1863,0.9415,1]},
{"frame":7,"values":[0.9044,0.3213,0.2809,0,-0.3215,0.9458,-0.0469,0,-0.2807,-0.0479,0.9586,0,1.7859,-1.1863,0.9415,1]},
