{"producer":{"name":"Blender","version":"2.90.0","exporter_version":"2.80.1","file":"straferight.babylon"},
"autoClear":true,"clearColor":[0.0509,0.0509,0.0509],"gravity":[0,-9.81,0],
"materials":[{"name":"Material","id":"Material","customType":"BABYLON.PBRMaterial","backFaceCulling":true,"checkReadyOnlyOnce":false,"maxSimultaneousLights":4,"environmentIntensity":1,"albedo":[0.8,0.8,0.8],"reflectivity":[0.5,0.5,0.5],"roughness":0.4,"alpha":1,"transparencyMode":0,"alphaCutOff":0.4,"metallic":0}],
"multiMaterials":[],
"skeletons":[{"name":"Armature","id":0,"dimensionsAtRest":[177.7018,230.6614,27.1405],"bones":[
{"name":"Hips","index":0,"matrix":[0.4039,-0.0082,-0.9147,0,-0.072,0.9966,-0.0407,0,-0.9119,-0.0823,-0.402,0,-0.5755,109.0263,-0.8094,1],"rest":[1,0,0,0,0,1,0,0,0,0,-1,0,0,113.0334,0,1],"parentBoneIndex":-1,"length":12.9876
,"animation":{"dataType":3,"framePerSecond":24,"keys":[
{"frame":1,"values":[0.4039,-0.0082,-0.9147,0,-0.072,0.9966,-0.0407,0,-0.9119,-0.0823,-0.402,0,-0.5755,109.0263,-0.8094,1]},
{"frame":2,"values":[0.3622,0.0027,-0.9321,0,-0.0876,0.9957,-0.0312,0,-0.928,-0.093,-0.3609,0,-0.6943,109.0284,-1.1992,1]},
{"frame":3,"values":[0.3046,-0.0047,-0.9525,0,-0.0963,0.9947,-0.0357,0,-0.9476,-0.1026,-0.3025,0,-0.8473,107.962,-1.7202,1]},
{"frame":4,"values":[0.2114,-0.0289,-0.977,0,-0.0951,0.9942,-0.0499,0,-0.9728,-0.1034,-0.2074,0,-1.446,105.4578,-2.1822,1]},
{"frame":5,"values":[0.1238,-0.0573,-0.9907,0,-0.093,0.9933,-0.0691,0,-0.9879,-0.1006,-0.1176,0,-1.9482,102.8214,-2.4128,1]},
{"frame":6,"values":[0.0926,-0.059,-0.994,0,-0.0975,0.9929,-0.068,0,-0.9909,-0.1032,-0.0862,0,-2.1917,100.4458,-2.2016,1]},
{"frame":7,"values":[0.12,-0.0175,-0.9926,0,-0.1068,0.9938,-0.0305,0,-0.987,-0.1097,-0.1174,0,-2.561,99.7599,-1.741,1]},
{"frame":8,"values":[0.1743,0.0203,-0.9845,0,-0.1143,0.9934,0.0002,0,-0.978,-0.1125,-0.1755,0,-3.3421,99.1892,-1.3031,1]},
{"frame":9,"values":[0.2443,0.0649,-0.9675,0,-0.1252,0.9915,0.0349,0,-0.9616,-0.1126,-0.2503,0,-3.3179,100.5753,-0.8713,1]},
{"frame":10,"values":[0.3047,0.0915,-0.948,0,-0.1338,0.9896,0.0525,0,-0.943,-0.1109,-0.3138,0,-2.705,102.4927,-0.7323,1]},
{"frame":11,"values":[0.3512,0.0885,-0.9321,0,-0.1366,0.9897,0.0425,0,-0.9263,-0.1124,-0.3597,0,-1.9823,104.7117,-0.4609,1]},
{"frame":12,"values":[0.3896,0.0649,-0.9187,0,-0.1362,0.9906,0.0122,0,-0.9109,-0.1204,-0.3947,0,-1.4856,107.0697,-0.3375,1]},
{"frame":13,"values":[0.4032,0.0426,-0.9141,0,-0.1365,0.9905,-0.014,0,-0.9049,-0.1304,-0.4052,0,-0.8511,108.9842,-0.6109,1]},
{"frame":14,"values":[0.4084,0.0291,-0.9123,0,-0.1352,0.9904,-0.029,0,-0.9027,-0.1352,-0.4084,0,-0.1122,109.9752,-1.2531,1]},
{"frame":15,"values":[0.4192,0.037,-0.9071,0,-0.143,0.9894,-0.0258,0,-0.8965,-0.1405,-0.4201,0,0.351,109.8316,-1.571,1]},
{"frame":16,"values":[0.4424,0.0608,-0.8947,0,-0.1545,0.9879,-0.0093,0,-0.8834,-0.1424,-0.4465,0,0.3647,108.172,-1.6509,1]},
{"frame":17,"values":[0.4741,0.0889,-0.876,0,-0.1599,0.987,0.0136,0,-0.8658,-0.1337,-0.4821,0,0.0338,105.5269,-1.669,1]},
{"frame":18,"values":[0.4859,0.0972,-0.8686,0,-0.1592,0.987,0.0214,0,-0.8594,-0.1279,-0.495,0,0.3437,103.55,-1.6856,1]},
{"frame":19,"values":[0.4852,0.0727,-0.8714,0,-0.1365,0.9906,0.0067,0,-0.8637,-0.1157,-0.4906,0,0.2307,101.9575,-1.6764,1]},
{"frame":20,"values":[0.4879,0.0296,-0.8724,0,-0.1073,0.9939,-0.0262,0,-0.8663,-0.1064,-0.4881,0,-0.2483,101.0599,-1.4806,1]},
{"frame":21,"values":[0.4857,0.0079,-0.8741,0,-0.1012,0.9937,-0.0472,0,-0.8683,-0.1114,-0.4834,0,-0.7098,100.2363,-1.0682,1]},
{"frame":22,"values":[0.4916,-0.0199,-0.8706,0,-0.082,0.9942,-0.069,0,-0.8669,-0.1053,-0.4871,0,-0.8652,101.117,-0.7669,1]},
{"frame":23,"values":[0.4864,-0.0314,-0.8732,0,-0.0711,0.9946,-0.0754,0,-0.8708,-0.0987,-0.4815,0,-0.7632,102.9844,-0.5493,1]},
{"frame":24,"values":[0.4559,-0.031,-0.8895,0,-0.0673,0.9953,-0.0692,0,-0.8875,-0.0914,-0.4517,0,-0.6535,105.4767,-0.5261,1]},
{"frame":25,"values":[0.4313,-0.0255,-0.9019,0,-0.0648,0.9961,-0.0591,0,-0.8999,-0.084,-0.4279,0,-0.5992,107.7111,-0.6564,1]},
{"frame":26,"values":[0.4039,-0.0082,-0.9147,0,-0.072,0.9966,-0.0407,0,-0.9119,-0.0823,-0.402,0,-0.5756,109.0264,-0.8094,1]}],"loopBehavior":1,"name":"anim","property":"_matrix"}},
{"name":"Spine","index":1,"matrix":[0.9917,0.0062,-0.1281,0,0.007,0.9948,0.102,0,0.1281,-0.102,0.9865,0,0,7.2445,0.6334,1],"rest":[1,0,0,0,0,1,0,0,0,0,1,0,0,7.2445,0.6334,1],"parentBoneIndex":0,"length":7.4267
,"animation":{"dataType":3,"framePerSecond":24,"keys":[
{"frame":1,"values":[0.9917,0.0062,-0.1281,0,0.007,0.9948,0.102,0,0.1281,-0.102,0.9865,0,0,7.2445,0.6334,1]},
{"frame":2,"values":[0.9868,-0.0087,-0.1618,0,0.0245,0.9951,0.096,0,0.1601,-0.0987,0.9822,0,0,7.2445,0.6334,1]},
{"frame":3,"values":[0.9774,-0.0066,-0.2112,0,0.0259,0.9957,0.0889,0,0.2097,-0.0924,0.9734,0,0,7.2445,0.6334,1]},
{"frame":4,"values":[0.9582,0.0004,-0.2862,0,0.0234,0.9965,0.0798,0,0.2852,-0.0832,0.9549,0,0,7.2445,0.6334,1]},
{"frame":5,"values":[0.9367,0.0115,-0.35,0,0.0171,0.9968,0.0783,0,0.3498,-0.0793,0.9335,0,0,7.2445,0.6334,1]},
{"frame":6,"values":[0.9273,0.0046,-0.3742,0,0.0267,0.9966,0.0784,0,0.3733,-0.0827,0.924,0,0,7.2445,0.6334,1]},
{"frame":7,"values":[0.9328,-0.0369,-0.3586,0,0.0671,0.9951,0.072,0,0.3542,-0.0912,0.9307,0,0,7.2445,0.6334,1]},
{"frame":8,"values":[0.9377,-0.0704,-0.3402,0,0.0987,0.9929,0.0665,0,0.333,-0.0959,0.938,0,0,7.2445,0.6334,1]},
{"frame":9,"values":[0.9504,-0.1007,-0.2943,0,0.1281,0.9889,0.0751,0,0.2835,-0.109,0.9528,0,0,7.2445,0.6334,1]},
{"frame":10,"values":[0.9676,-0.106,-0.2291,0,0.1292,0.9877,0.0885,0,0.2169,-0.1152,0.9694,0,0,7.2445,0.6334,1]},
{"frame":11,"values":[0.9787,-0.0928,-0.1831,0,0.1121,0.9888,0.0982,0,0.172,-0.1166,0.9782,0,0,7.2445,0.6334,1]},
{"frame":12,"values":[0.9871,-0.0609,-0.1482,0,0.0765,0.9919,0.1018,0,0.1408,-0.1118,0.9837,0,0,7.2445,0.6334,1]},
{"frame":13,"values":[0.9911,-0.0296,-0.1301,0,0.0431,0.9938,0.1023,0,0.1263,-0.107,0.9862,0,0,7.2445,0.6334,1]},
{"frame":14,"values":[0.9933,-0.0108,-0.1153,0,0.0226,0.9945,0.1019,0,0.1136,-0.1039,0.9881,0,0,7.2445,0.6334,1]},
{"frame":15,"values":[0.9954,-0.0172,-0.0945,0,0.0266,0.9947,0.0995,0,0.0922,-0.1016,0.9905,0,0,7.2445,0.6334,1]},
{"frame":16,"values":[0.9972,-0.0389,-0.0631,0,0.0448,0.9946,0.0941,0,0.0591,-0.0967,0.9936,0,0,7.2445,0.6334,1]},
{"frame":17,"values":[0.9979,-0.056,-0.0324,0,0.0588,0.9939,0.0938,0,0.0269,-0.0955,0.9951,0,0,7.2445,0.6334,1]},
{"frame":18,"values":[0.9985,-0.0506,-0.0222,0,0.0526,0.9939,0.0972,0,0.0172,-0.0982,0.995,0,0,7.2445,0.6334,1]},
{"frame":19,"values":[0.9994,-0.0225,-0.0259,0,0.025,0.9946,0.1006,0,0.0235,-0.1012,0.9946,0,0,7.2445,0.6334,1]},
{"frame":20,"values":[0.9992,0.0171,-0.035,0,-0.0136,0.9952,0.0968,0,0.0365,-0.0962,0.9947,0,0,7.2445,0.6334,1]},
{"frame":21,"values":[0.9985,0.0349,-0.0418,0,-0.031,0.9953,0.0917,0,0.0448,-0.0902,0.9949,0,0,7.2445,0.6334,1]},
{"frame":22,"values":[0.9974,0.056,-0.0461,0,-0.0513,0.9939,0.0975,0,0.0513,-0.0949,0.9942,0,0,7.2445,0.6334,1]},
{"frame":23,"values":[0.9963,0.0574,-0.0637,0,-0.0508,0.9936,0.1006,0,0.0691,-0.097,0.9929,0,0,7.2445,0.6334,1]},
{"frame":24,"values":[0.9948,0.0439,-0.0916,0,-0.0345,0.9942,0.102,0,0.0956,-0.0983,0.9906,0,0,7.2445,0.6334,1]},
{"frame":25,"values":[0.9936,0.0292,-0.1093,0,-0.018,0.9945,0.1027,0,0.1117,-0.1001,0.9887,0,0,7.2445,0.6334,1]},
{"frame":26,"values":[0.9917,0.0062,-0.1281,0,0.007,0.9948,0.102,0,0.1281,-0.102,0.9865,0,0,7.2445,0.6334,1]}],"loopBehavior":1,"name":"anim","property":"_matrix"}},
{"name":"Spine1","index":2,"matrix":[0.9965,-0.001,-0.0831,0,0.0071,0.9973,0.0728,0,0.0828,-0.0731,0.9939,0,0,7.425,0.1598,1],"rest":[1,0,0,0,0,1,0,0,0,0,1,0,0,7.425,0.1598,1],"parentBoneIndex":1,"length":8.6299
,"animation":{"dataType":3,"framePerSecond":24,"keys":[
{"frame":1,"values":[0.9965,-0.001,-0.0831,0,0.0071,0.9973,0.0728,0,0.0828,-0.0731,0.9939,0,0,7.425,0.1598,1]},
{"frame":2,"values":[0.9957,-0.0102,-0.0919,0,0.0166,0.9975,0.0686,0,0.0909,-0.0698,0.9934,0,0,7.425,0.1598,1]},
{"frame":3,"values":[0.9947,-0.0111,-0.1025,0,0.0175,0.9979,0.0625,0,0.1016,-0.0639,0.9928,0,0,7.425,0.1598,1]},
{"frame":4,"values":[0.9934,-0.0068,-0.1143,0,0.0133,0.9983,0.0563,0,0.1138,-0.0574,0.9918,0,0,7.425,0.1598,1]},
{"frame":5,"values":[0.9922,-0.0039,-0.1242,0,0.0106,0.9985,0.0538,0,0.1238,-0.0547,0.9908,0,0,7.425,0.1598,1]},
{"frame":6,"values":[0.9918,-0.0087,-0.1274,0,0.0161,0.9983,0.0567,0,0.1267,-0.0583,0.9902,0,0,7.425,0.1598,1]},
{"frame":7,"values":[0.9918,-0.0216,-0.1263,0,0.0289,0.998,0.0562,0,0.1249,-0.0594,0.9904,0,0,7.425,0.1598,1]},
{"frame":8,"values":[0.9922,-0.0357,-0.1195,0,0.0426,0.9975,0.0555,0,0.1172,-0.0601,0.9913,0,0,7.425,0.1598,1]},
{"frame":9,"values":[0.9918,-0.0436,-0.1203,0,0.0514,0.9967,0.0626,0,0.1172,-0.0683,0.9908,0,0,7.425,0.1598,1]},
{"frame":10,"values":[0.9912,-0.0451,-0.124,0,0.0537,0.9963,0.0665,0,0.1206,-0.0726,0.99,0,0,7.425,0.1598,1]},
{"frame":11,"values":[0.9927,-0.0381,-0.1141,0,0.0464,0.9964,0.0704,0,0.111,-0.0752,0.991,0,0,7.425,0.1598,1]},
{"frame":12,"values":[0.9947,-0.028,-0.0993,0,0.0353,0.9967,0.0725,0,0.097,-0.0757,0.9924,0,0,7.425,0.1598,1]},
{"frame":13,"values":[0.996,-0.017,-0.0878,0,0.0235,0.997,0.0735,0,0.0863,-0.0753,0.9934,0,0,7.425,0.1598,1]},
{"frame":14,"values":[0.9966,-0.0088,-0.0816,0,0.0148,0.9972,0.0736,0,0.0808,-0.0746,0.9939,0,0,7.425,0.1598,1]},
{"frame":15,"values":[0.997,-0.0067,-0.0774,0,0.0123,0.9973,0.0719,0,0.0767,-0.0726,0.9944,0,0,7.425,0.1598,1]},
{"frame":16,"values":[0.9975,-0.013,-0.0693,0,0.0176,0.9976,0.0662,0,0.0683,-0.0673,0.9954,0,0,7.425,0.1598,1]},
{"frame":17,"values":[0.998,-0.0202,-0.0598,0,0.024,0.9977,0.0639,0,0.0584,-0.0652,0.9962,0,0,7.425,0.1598,1]},
{"frame":18,"values":[0.9983,-0.0196,-0.0541,0,0.0232,0.9975,0.0666,0,0.0527,-0.0678,0.9963,0,0,7.425,0.1598,1]},
{"frame":19,"values":[0.9985,-0.0088,-0.0534,0,0.0126,0.9974,0.0705,0,0.0527,-0.0711,0.9961,0,0,7.425,0.1598,1]},
{"frame":20,"values":[0.9984,0.0022,-0.0569,0,0.0018,0.9975,0.0702,0,0.0569,-0.0702,0.9959,0,0,7.425,0.1598,1]},
{"frame":21,"values":[0.9981,0.0106,-0.0609,0,-0.0065,0.9977,0.0681,0,0.0615,-0.0676,0.9958,0,0,7.425,0.1598,1]},
{"frame":22,"values":[0.998,0.0238,-0.0583,0,-0.0195,0.9972,0.0722,0,0.0599,-0.0709,0.9957,0,0,7.425,0.1598,1]},
{"frame":23,"values":[0.9977,0.0234,-0.0629,0,-0.0187,0.9971,0.0732,0,0.0644,-0.0719,0.9953,0,0,7.425,0.1598,1]},
{"frame":24,"values":[0.9971,0.016,-0.0746,0,-0.0105,0.9973,0.073,0,0.0755,-0.072,0.9945,0,0,7.425,0.1598,1]},
{"frame":25,"values":[0.9968,0.0093,-0.0789,0,-0.0035,0.9973,0.073,0,0.0794,-0.0725,0.9942,0,0,7.425,0.1598,1]},
{"frame":26,"values":[0.9965,-0.001,-0.0831,0,0.0071,0.9973,0.0728,0,0.0828,-0.0731,0.9939,0,0,7.425,0.1598,1]}],"loopBehavior":1,"name":"anim","property":"_matrix"}},
{"name":"Spine2","index":3,"matrix":[0.9965,-0.0007,-0.0835,0,0.0067,0.9974,0.0723,0,0.0833,-0.0726,0.9939,0,0,8.6226,-0.3542,1],"rest":[1,0,0,0,0,1,0,0,0,0,1,0,0,8.6226,-0.3542,1],"parentBoneIndex":2,"length":20.7438
,"animation":{"dataType":3,"framePerSecond":24,"keys":[
{"frame":1,"values":[0.9965,-0.0007,-0.0835,0,0.0067,0.9974,0.0723,0,0.0833,-0.0726,0.9939,0,0,8.6226,-0.3542,1]},
{"frame":2,"values":[0.9957,-0.0101,-0.0925,0,0.0164,0.9976,0.0678,0,0.0916,-0.069,0.9934,0,0,8.6226,-0.3542,1]},
{"frame":3,"values":[0.9946,-0.0113,-0.1033,0,0.0177,0.998,0.0612,0,0.1024,-0.0627,0.9928,0,0,8.6226,-0.3542,1]},
{"frame":4,"values":[0.9933,-0.0078,-0.1151,0,0.0142,0.9984,0.0549,0,0.1145,-0.0562,0.9918,0,0,8.6226,-0.3542,1]},
{"frame":5,"values":[0.9921,-0.0053,-0.125,0,0.0119,0.9986,0.0523,0,0.1245,-0.0533,0.9908,0,0,8.6226,-0.3542,1]},
{"frame":6,"values":[0.9917,-0.0097,-0.1281,0,0.0169,0.9983,0.0551,0,0.1274,-0.0569,0.9902,0,0,8.6226,-0.3542,1]},
{"frame":7,"values":[0.9917,-0.0219,-0.1269,0,0.0291,0.9981,0.0546,0,0.1255,-0.0578,0.9904,0,0,8.6226,-0.3542,1]},
{"frame":8,"values":[0.9921,-0.0357,-0.1201,0,0.0425,0.9976,0.054,0,0.1179,-0.0587,0.9913,0,0,8.6226,-0.3542,1]},
{"frame":9,"values":[0.9917,-0.0432,-0.1209,0,0.0509,0.9968,0.0613,0,0.1179,-0.0669,0.9908,0,0,8.6226,-0.3542,1]},
{"frame":10,"values":[0.9912,-0.0448,-0.1246,0,0.0532,0.9964,0.0653,0,0.1212,-0.0714,0.9901,0,0,8.6226,-0.3542,1]},
{"frame":11,"values":[0.9927,-0.0379,-0.1145,0,0.0461,0.9965,0.0696,0,0.1114,-0.0744,0.991,0,0,8.6226,-0.3542,1]},
{"frame":12,"values":[0.9946,-0.0277,-0.0997,0,0.035,0.9968,0.0721,0,0.0974,-0.0752,0.9924,0,0,8.6226,-0.3542,1]},
{"frame":13,"values":[0.996,-0.0167,-0.0882,0,0.0232,0.997,0.0732,0,0.0867,-0.075,0.9934,0,0,8.6226,-0.3542,1]},
{"frame":14,"values":[0.9966,-0.0083,-0.082,0,0.0143,0.9972,0.0733,0,0.0812,-0.0743,0.9939,0,0,8.6226,-0.3542,1]},
{"frame":15,"values":[0.997,-0.0063,-0.0775,0,0.0118,0.9974,0.0718,0,0.0769,-0.0725,0.9944,0,0,8.6226,-0.3542,1]},
{"frame":16,"values":[0.9975,-0.0127,-0.0691,0,0.0174,0.9976,0.0665,0,0.0681,-0.0675,0.9954,0,0,8.6226,-0.3542,1]},
{"frame":17,"values":[0.998,-0.0201,-0.0593,0,0.0239,0.9976,0.0643,0,0.0579,-0.0656,0.9962,0,0,8.6226,-0.3542,1]},
{"frame":18,"values":[0.9984,-0.0195,-0.0537,0,0.0231,0.9975,0.0669,0,0.0523,-0.068,0.9963,0,0,8.6226,-0.3542,1]},
{"frame":19,"values":[0.9985,-0.0086,-0.0533,0,0.0124,0.9974,0.0706,0,0.0526,-0.0712,0.9961,0,0,8.6226,-0.3542,1]},
{"frame":20,"values":[0.9984,0.0026,-0.0571,0,0.0014,0.9975,0.07,0,0.0571,-0.07,0.9959,0,0,8.6226,-0.3542,1]},
{"frame":21,"values":[0.9981,0.0112,-0.0614,0,-0.007,0.9977,0.0677,0,0.062,-0.0671,0.9958,0,0,8.6226,-0.3542,1]},
{"frame":22,"values":[0.998,0.0243,-0.0588,0,-0.0201,0.9972,0.0717,0,0.0604,-0.0704,0.9957,0,0,8.6226,-0.3542,1]},
{"frame":23,"values":[0.9977,0.0238,-0.0632,0,-0.0192,0.9972,0.0728,0,0.0648,-0.0714,0.9953,0,0,8.6226,-0.3542,1]},
{"frame":24,"values":[0.9971,0.0164,-0.0748,0,-0.0109,0.9973,0.0726,0,0.0758,-0.0716,0.9945,0,0,8.6226,-0.3542,1]},
{"frame":25,"values":[0.9968,0.0096,-0.0792,0,-0.0039,0.9973,0.0727,0,0.0797,-0.0721,0.9942,0,0,8.6226,-0.3542,1]},
{"frame":26,"values":[0.9965,-0.0007,-0.0835,0,0.0067,0.9974,0.0723,0,0.0833,-0.0726,0.9939,0,0,8.6226,-0.3542,1]}],"loopBehavior":1,"name":"anim","property":"_matrix"}},
{"name":"Neck","index":4,"matrix":[0.9947,0.0411,-0.0945,0,-0.033,0.9957,0.086,0,0.0976,-0.0824,0.9918,0,0,23.6053,-4.5263,1],"rest":[1,0,0,0,0,1,0,0,0,0,1,0,0,23.6053,-4.5263,1],"parentBoneIndex":3,"length":10.3542
,"animation":{"dataType":3,"framePerSecond":24,"keys":[
{"frame":1,"values":[0.9947,0.0411,-0.0945,0,-0.033,0.9957,0.086,0,0.0976,-0.0824,0.9918,0,0,23.6053,-4.5263,1]},
{"frame":2,"values":[0.9948,0.039,-0.0946,0,-0.0308,0.9958,0.0864,0,0.0975,-0.083,0.9918,0,0,23.6053,-4.5263,1]},
{"frame":3,"values":[0.9949,0.0318,-0.0957,0,-0.0238,0.9962,0.0838,0,0.098,-0.0811,0.9919,0,0,23.6053,-4.5263,1]},
{"frame":4,"values":[0.9948,0.0312,-0.0972,0,-0.0236,0.9967,0.0782,0,0.0993,-0.0755,0.9922,0,0,23.6053,-4.5263,1]},
{"frame":5,"values":[0.9945,0.03,-0.0999,0,-0.023,0.9972,0.0707,0,0.1017,-0.068,0.9925,0,0,23.6053,-4.5263,1]},
{"frame":6,"values":[0.9944,0.0284,-0.1014,0,-0.0216,0.9975,0.0672,0,0.1031,-0.0646,0.9926,0,0,23.6053,-4.5263,1]},
{"frame":7,"values":[0.9945,0.0294,-0.1002,0,-0.0226,0.9974,0.0679,0,0.1019,-0.0653,0.9926,0,0,23.6053,-4.5263,1]},
{"frame":8,"values":[0.9948,0.0313,-0.097,0,-0.0247,0.9973,0.0689,0,0.0989,-0.0661,0.9929,0,0,23.6053,-4.5263,1]},
{"frame":9,"values":[0.9951,0.0266,-0.0956,0,-0.0196,0.9971,0.0733,0,0.0972,-0.0711,0.9927,0,0,23.6053,-4.5263,1]},
{"frame":10,"values":[0.995,0.0171,-0.0988,0,-0.0094,0.9969,0.0777,0,0.0998,-0.0764,0.9921,0,0,23.6053,-4.5263,1]},
{"frame":11,"values":[0.9948,0.0166,-0.1006,0,-0.0087,0.9969,0.0784,0,0.1016,-0.0771,0.9918,0,0,23.6053,-4.5263,1]},
{"frame":12,"values":[0.9946,0.0166,-0.1021,0,-0.0079,0.9964,0.0844,0,0.1031,-0.0832,0.9912,0,0,23.6053,-4.5263,1]},
{"frame":13,"values":[0.9945,0.0147,-0.104,0,-0.0057,0.9963,0.0863,0,0.1049,-0.0852,0.9908,0,0,23.6053,-4.5263,1]},
{"frame":14,"values":[0.9944,0.0166,-0.1046,0,-0.008,0.9966,0.0822,0,0.1056,-0.0809,0.9911,0,0,23.6053,-4.5263,1]},
{"frame":15,"values":[0.9942,0.0203,-0.1052,0,-0.0124,0.9971,0.0752,0,0.1064,-0.0735,0.9916,0,0,23.6053,-4.5263,1]},
{"frame":16,"values":[0.994,0.0241,-0.1069,0,-0.0168,0.9975,0.0687,0,0.1083,-0.0665,0.9919,0,0,23.6053,-4.5263,1]},
{"frame":17,"values":[0.9938,0.0268,-0.1076,0,-0.0197,0.9976,0.0668,0,0.1091,-0.0643,0.992,0,0,23.6053,-4.5263,1]},
{"frame":18,"values":[0.9939,0.0251,-0.1078,0,-0.0181,0.9977,0.0655,0,0.1092,-0.0631,0.992,0,0,23.6053,-4.5263,1]},
{"frame":19,"values":[0.9939,0.0217,-0.108,0,-0.0143,0.9975,0.0687,0,0.1092,-0.0667,0.9918,0,0,23.6053,-4.5263,1]},
{"frame":20,"values":[0.9941,0.0224,-0.106,0,-0.0148,0.9973,0.0718,0,0.1073,-0.0698,0.9918,0,0,23.6053,-4.5263,1]},
{"frame":21,"values":[0.9942,0.0215,-0.105,0,-0.0143,0.9975,0.0688,0,0.1062,-0.0669,0.9921,0,0,23.6053,-4.5263,1]},
{"frame":22,"values":[0.9944,0.0205,-0.1039,0,-0.0137,0.9977,0.0662,0,0.105,-0.0645,0.9924,0,0,23.6053,-4.5263,1]},
{"frame":23,"values":[0.9947,0.0272,-0.0995,0,-0.0206,0.9976,0.0668,0,0.1011,-0.0644,0.9928,0,0,23.6053,-4.5263,1]},
{"frame":24,"values":[0.9948,0.0351,-0.0958,0,-0.0282,0.997,0.072,0,0.0981,-0.0689,0.9928,0,0,23.6053,-4.5263,1]},
{"frame":25,"values":[0.9947,0.0394,-0.0949,0,-0.0317,0.9962,0.0808,0,0.0977,-0.0774,0.9922,0,0,23.6053,-4.5263,1]},
{"frame":26,"values":[0.9947,0.0411,-0.0945,0,-0.033,0.9957,0.086,0,0.0976,-0.0824,0.9918,0,0,23.6053,-4.5263,1]}],"loopBehavior":1,"name":"anim","property":"_matrix"}},
{"name":"Head","index":5,"matrix":[0.8108,-0.1775,-0.5577,0,0.1049,0.9815,-0.16,0,0.5758,0.0712,0.8145,0,0,9.9955,2.7017,1],"rest":[1,0,0,0,0,1,0,0,0,0,1,0,0,9.9955,2.7017,1],"parentBoneIndex":4,"length":31.4272
,"animation":{"dataType":3,"framePerSecond":24,"keys":[
{"frame":1,"values":[0.8108,-0.1775,-0.5577,0,0.1049,0.9815,-0.16,0,0.5758,0.0712,0.8145,0,0,9.9955,2.7017,1]},
{"frame":2,"values":[0.8126,-0.1722,-0.5568,0,0.1006,0.9825,-0.1569,0,0.5741,0.0715,0.8157,0,0,9.9955,2.7017,1]},
{"frame":3,"values":[0.8102,-0.1825,-0.5571,0,0.1099,0.9807,-0.1614,0,0.5758,0.0695,0.8146,0,0,9.9955,2.7017,1]},
{"frame":4,"values":[0.8015,-0.1951,-0.5653,0,0.1218,0.9787,-0.1651,0,0.5855,0.0634,0.8082,0,0,9.9955,2.7017,1]},
{"frame":5,"values":[0.7926,-0.2029,-0.5749,0,0.1232,0.9768,-0.175,0,0.5971,0.0679,0.7993,0,0,9.9955,2.7017,1]},
{"frame":6,"values":[0.7914,-0.2075,-0.575,0,0.1111,0.9738,-0.1984,0,0.6011,0.0932,0.7938,0,0,9.9955,2.7017,1]},
{"frame":7,"values":[0.8012,-0.1937,-0.5662,0,0.0877,0.9739,-0.2092,0,0.592,0.1179,0.7973,0,0,9.9955,2.7017,1]},
{"frame":8,"values":[0.8181,-0.1691,-0.5497,0,0.0655,0.977,-0.203,0,0.5713,0.1301,0.8104,0,0,9.9955,2.7017,1]},
{"frame":9,"values":[0.8278,-0.1619,-0.5372,0,0.0576,0.977,-0.2055,0,0.5581,0.1392,0.818,0,0,9.9955,2.7017,1]},
{"frame":10,"values":[0.8229,-0.165,-0.5438,0,0.0648,0.9779,-0.1987,0,0.5645,0.1283,0.8154,0,0,9.9955,2.7017,1]},
{"frame":11,"values":[0.8176,-0.1658,-0.5514,0,0.0765,0.9804,-0.1813,0,0.5706,0.106,0.8143,0,0,9.9955,2.7017,1]},
{"frame":12,"values":[0.8148,-0.1627,-0.5565,0,0.0802,0.9822,-0.1698,0,0.5742,0.0937,0.8133,0,0,9.9955,2.7017,1]},
{"frame":13,"values":[0.8106,-0.1656,-0.5617,0,0.0865,0.9825,-0.1649,0,0.5792,0.085,0.8107,0,0,9.9955,2.7017,1]},
{"frame":14,"values":[0.8067,-0.1738,-0.5648,0,0.0932,0.9812,-0.1688,0,0.5836,0.0835,0.8078,0,0,9.9955,2.7017,1]},
{"frame":15,"values":[0.8022,-0.1847,-0.5678,0,0.0968,0.9786,-0.1816,0,0.5892,0.0907,0.8029,0,0,9.9955,2.7017,1]},
{"frame":16,"values":[0.7984,-0.1897,-0.5714,0,0.0922,0.9764,-0.1954,0,0.595,0.1034,0.7971,0,0,9.9955,2.7017,1]},
{"frame":17,"values":[0.7962,-0.2012,-0.5705,0,0.0926,0.9725,-0.2138,0,0.5979,0.1174,0.793,0,0,9.9955,2.7017,1]},
{"frame":18,"values":[0.7928,-0.2203,-0.5683,0,0.105,0.9678,-0.2288,0,0.6004,0.1217,0.7904,0,0,9.9955,2.7017,1]},
{"frame":19,"values":[0.7882,-0.2302,-0.5707,0,0.121,0.9673,-0.223,0,0.6034,0.1067,0.7903,0,0,9.9955,2.7017,1]},
{"frame":20,"values":[0.7883,-0.2262,-0.5722,0,0.136,0.971,-0.1966,0,0.6001,0.0772,0.7962,0,0,9.9955,2.7017,1]},
{"frame":21,"values":[0.7833,-0.2436,-0.5719,0,0.1544,0.9674,-0.2005,0,0.6021,0.0688,0.7954,0,0,9.9955,2.7017,1]},
{"frame":22,"values":[0.7813,-0.2633,-0.5658,0,0.1643,0.9614,-0.2205,0,0.6021,0.0793,0.7945,0,0,9.9955,2.7017,1]},
{"frame":23,"values":[0.7967,-0.2409,-0.5543,0,0.1459,0.9667,-0.2104,0,0.5865,0.0868,0.8053,0,0,9.9955,2.7017,1]},
{"frame":24,"values":[0.8075,-0.2108,-0.5509,0,0.1257,0.974,-0.1886,0,0.5763,0.0831,0.813,0,0,9.9955,2.7017,1]},
{"frame":25,"values":[0.8092,-0.1919,-0.5553,0,0.1147,0.9786,-0.1711,0,0.5762,0.0748,0.8139,0,0,9.9955,2.7017,1]},
{"frame":26,"values":[0.8108,-0.1775,-0.5577,0,0.1049,0.9815,-0.16,0,0.5758,0.0712,0.8145,0,0,9.9955,2.7017,1]}],"loopBehavior":1,"name":"anim","property":"_matrix"}},
{"name":"HeadTop_End","index":6,"matrix":[1,0,0,0,0,1,0,0,0,0,1,0,0,31.2072,3.7118,1],"rest":[1,0,0,0,0,1,0,0,0,0,1,0,0,31.2072,3.7118,1],"parentBoneIndex":5,"length":31.4272
,"animation":{"dataType":3,"framePerSecond":24,"keys":[
{"frame":1,"values":[1,0,0,0,0,1,0,0,0,0,1,0,0,31.2072,3.7118,1]},
{"frame":26,"values":[1,0,0,0,0,1,0,0,0,0,1,0,0,31.2072,3.7118,1]}],"loopBehavior":1,"name":"anim","property":"_matrix"}},
{"name":"LeftShoulder","index":7,"matrix":[0.9925,-0.1159,-0.0381,0,0.1166,0.993,0.0182,0,0.0357,-0.0225,0.9991,0,6.1723,17.8795,-2.6384,1],"rest":[1,-0.0039,0,0,0.0039,1,0,0,0,0,1,0,6.1723,17.8795,-2.6384,1],"parentBoneIndex":3,"length":6.4566
,"animation":{"dataType":3,"framePerSecond":24,"keys":[
{"frame":1,"values":[0.9925,-0.1159,-0.0381,0,0.1166,0.993,0.0182,0,0.0357,-0.0225,0.9991,0,6.1723,17.8795,-2.6384,1]},
{"frame":2,"values":[0.9912,-0.1135,-0.0684,0,0.1152,0.9931,0.022,0,0.0654,-0.0297,0.9974,0,6.1723,17.8795,-2.6384,1]},
{"frame":3,"values":[0.9889,-0.1134,-0.0965,0,0.1162,0.9929,0.0246,0,0.0931,-0.0355,0.995,0,6.1723,17.8795,-2.6384,1]},
{"frame":4,"values":[0.9865,-0.1137,-0.1181,0,0.1175,0.9928,0.0254,0,0.1143,-0.039,0.9927,0,6.1723,17.8795,-2.6384,1]},
{"frame":5,"values":[0.9853,-0.113,-0.1283,0,0.1172,0.9928,0.0249,0,0.1245,-0.0396,0.9914,0,6.1723,17.8795,-2.6384,1]},
{"frame":6,"values":[0.9848,-0.1175,-0.1277,0,0.1215,0.9923,0.0236,0,0.1239,-0.0388,0.9915,0,6.1723,17.8795,-2.6384,1]},
{"frame":7,"values":[0.9849,-0.1269,-0.1176,0,0.1304,0.9912,0.0221,0,0.1138,-0.0371,0.9928,0,6.1723,17.8795,-2.6384,1]},
{"frame":8,"values":[0.9864,-0.1316,-0.098,0,0.1343,0.9907,0.0205,0,0.0944,-0.0334,0.995,0,6.1723,17.8795,-2.6384,1]},
{"frame":9,"values":[0.9872,-0.1381,-0.0794,0,0.1399,0.99,0.018,0,0.0762,-0.0289,0.9967,0,6.1723,17.8795,-2.6384,1]},
{"frame":10,"values":[0.9863,-0.1513,-0.0658,0,0.1525,0.9882,0.0146,0,0.0628,-0.0244,0.9977,0,6.1723,17.8795,-2.6384,1]},
{"frame":11,"values":[0.9866,-0.1553,-0.0505,0,0.1561,0.9877,0.0112,0,0.0482,-0.0189,0.9987,0,6.1723,17.8795,-2.6384,1]},
{"frame":12,"values":[0.9874,-0.1543,-0.0353,0,0.1547,0.9879,0.0081,0,0.0336,-0.0135,0.9993,0,6.1723,17.8795,-2.6384,1]},
{"frame":13,"values":[0.9878,-0.1545,-0.0219,0,0.1546,0.988,0.006,0,0.0207,-0.0093,0.9997,0,6.1723,17.8795,-2.6384,1]},
{"frame":14,"values":[0.9885,-0.1513,-0.0072,0,0.1513,0.9885,0.0041,0,0.0065,-0.0052,1,0,6.1723,17.8795,-2.6384,1]},
{"frame":15,"values":[0.9889,-0.148,0.0106,0,0.148,0.989,0.0021,0,-0.0108,-0.0005,0.9999,0,6.1723,17.8795,-2.6384,1]},
{"frame":16,"values":[0.9888,-0.1456,0.0324,0,0.1456,0.9893,0.0005,0,-0.0322,0.0042,0.9995,0,6.1723,17.8795,-2.6384,1]},
{"frame":17,"values":[0.987,-0.149,0.0595,0,0.1492,0.9888,0.0002,0,-0.0589,0.0087,0.9982,0,6.1723,17.8795,-2.6384,1]},
{"frame":18,"values":[0.9853,-0.1511,0.0791,0,0.1516,0.9884,-0.0005,0,-0.0781,0.0125,0.9969,0,6.1723,17.8795,-2.6384,1]},
{"frame":19,"values":[0.9846,-0.1505,0.0887,0,0.1513,0.9885,-0.0016,0,-0.0874,0.015,0.9961,0,6.1723,17.8795,-2.6384,1]},
{"frame":20,"values":[0.985,-0.1465,0.0914,0,0.1473,0.9891,-0.0021,0,-0.0901,0.0155,0.9958,0,6.1723,17.8795,-2.6384,1]},
{"frame":21,"values":[0.9857,-0.1421,0.0903,0,0.1427,0.9898,-0.0008,0,-0.0892,0.0137,0.9959,0,6.1723,17.8795,-2.6384,1]},
{"frame":22,"values":[0.9873,-0.1366,0.0808,0,0.1369,0.9906,0.002,0,-0.0803,0.0091,0.9967,0,6.1723,17.8795,-2.6384,1]},
{"frame":23,"values":[0.9894,-0.1324,0.0589,0,0.1323,0.9912,0.0056,0,-0.0591,0.0023,0.9982,0,6.1723,17.8795,-2.6384,1]},
{"frame":24,"values":[0.9915,-0.1274,0.0275,0,0.1272,0.9918,0.0094,0,-0.0285,-0.0058,0.9996,0,6.1723,17.8795,-2.6384,1]},
{"frame":25,"values":[0.9927,-0.1202,-0.0059,0,0.1203,0.9926,0.0137,0,0.0042,-0.0143,0.9999,0,6.1723,17.8795,-2.6384,1]},
{"frame":26,"values":[0.9925,-0.1159,-0.0381,0,0.1166,0.993,0.0182,0,0.0357,-0.0225,0.9991,0,6.1723,17.8795,-2.6384,1]}],"loopBehavior":1,"name":"anim","property":"_matrix"}},
{"name":"LeftArm","index":8,"matrix":[0.4154,-0.8836,0.2158,0,0.8391,0.4639,0.2841,0,-0.3512,0.0631,0.9342,0,6.0747,-1.0059,-1.9427,1],"rest":[0.9995,0.0084,0.0302,0,-0.0084,1,-0.0001,0,-0.0302,-0.0002,0.9995,0,6.0747,-1.0059,-1.9427,1],"parentBoneIndex":7,"length":27.2639
,"animation":{"dataType":3,"framePerSecond":24,"keys":[
{"frame":1,"values":[0.4154,-0.8836,0.2158,0,0.8391,0.4639,0.2841,0,-0.3512,0.0631,0.9342,0,6.0747,-1.0059,-1.9427,1]},
{"frame":2,"values":[0.4418,-0.8817,0.1657,0,0.8325,0.4718,0.2905,0,-0.3343,0.0096,0.9424,0,6.0747,-1.0059,-1.9427,1]},
{"frame":3,"values":[0.4644,-0.8809,0.0917,0,0.8334,0.4697,0.2914,0,-0.2997,-0.0589,0.9522,0,6.0747,-1.0059,-1.9427,1]},
{"frame":4,"values":[0.4712,-0.8819,0.015,0,0.8456,0.4566,0.2767,0,-0.2508,-0.1177,0.9608,0,6.0747,-1.0059,-1.9427,1]},
{"frame":5,"values":[0.4678,-0.8837,-0.0164,0,0.8564,0.4486,0.2555,0,-0.2184,-0.1336,0.9667,0,6.0747,-1.0059,-1.9427,1]},
{"frame":6,"values":[0.4778,-0.8784,-0.0036,0,0.8516,0.4622,0.2474,0,-0.2156,-0.1213,0.9689,0,6.0747,-1.0059,-1.9427,1]},
{"frame":7,"values":[0.5053,-0.8628,0.013,0,0.8327,0.4915,0.2549,0,-0.2263,-0.1179,0.9669,0,6.0747,-1.0059,-1.9427,1]},
{"frame":8,"values":[0.5311,-0.8467,0.0334,0,0.8122,0.5199,0.2646,0,-0.2414,-0.1134,0.9638,0,6.0747,-1.0059,-1.9427,1]},
{"frame":9,"values":[0.5402,-0.8387,0.0689,0,0.8001,0.5373,0.2668,0,-0.2608,-0.089,0.9613,0,6.0747,-1.0059,-1.9427,1]},
{"frame":10,"values":[0.5318,-0.8402,0.1062,0,0.8004,0.5396,0.2611,0,-0.2767,-0.0538,0.9594,0,6.0747,-1.0059,-1.9427,1]},
{"frame":11,"values":[0.5121,-0.8482,0.1351,0,0.8091,0.5292,0.2557,0,-0.2884,-0.0216,0.9573,0,6.0747,-1.0059,-1.9427,1]},
{"frame":12,"values":[0.4912,-0.8557,0.1626,0,0.8149,0.5174,0.2613,0,-0.3077,0.0041,0.9515,0,6.0747,-1.0059,-1.9427,1]},
{"frame":13,"values":[0.474,-0.8597,0.1907,0,0.814,0.5103,0.2774,0,-0.3358,0.0237,0.9416,0,6.0747,-1.0059,-1.9427,1]},
{"frame":14,"values":[0.4579,-0.8626,0.2151,0,0.8156,0.5039,0.2844,0,-0.3537,0.0452,0.9343,0,6.0747,-1.0059,-1.9427,1]},
{"frame":15,"values":[0.4587,-0.856,0.2385,0,0.8107,0.513,0.2821,0,-0.3638,0.0639,0.9293,0,6.0747,-1.0059,-1.9427,1]},
{"frame":16,"values":[0.4777,-0.8399,0.2577,0,0.7993,0.5372,0.2694,0,-0.3647,0.0773,0.9279,0,6.0747,-1.0059,-1.9427,1]},
{"frame":17,"values":[0.4955,-0.8239,0.275,0,0.7909,0.5588,0.2493,0,-0.3591,0.094,0.9286,0,6.0747,-1.0059,-1.9427,1]},
{"frame":18,"values":[0.4923,-0.8198,0.2925,0,0.7966,0.5598,0.228,0,-0.3507,0.1208,0.9287,0,6.0747,-1.0059,-1.9427,1]},
{"frame":19,"values":[0.4718,-0.8261,0.3081,0,0.8105,0.544,0.2172,0,-0.347,0.1473,0.9262,0,6.0747,-1.0059,-1.9427,1]},
{"frame":20,"values":[0.4487,-0.8353,0.3176,0,0.8234,0.5246,0.2166,0,-0.3475,0.1643,0.9232,0,6.0747,-1.0059,-1.9427,1]},
{"frame":21,"values":[0.4223,-0.8475,0.3215,0,0.8374,0.5006,0.2197,0,-0.3471,0.1764,0.9211,0,6.0747,-1.0059,-1.9427,1]},
{"frame":22,"values":[0.3916,-0.8612,0.3238,0,0.8488,0.474,0.2341,0,-0.3551,0.1832,0.9167,0,6.0747,-1.0059,-1.9427,1]},
{"frame":23,"values":[0.3736,-0.8713,0.3182,0,0.85,0.4589,0.2587,0,-0.3715,0.1738,0.912,0,6.0747,-1.0059,-1.9427,1]},
{"frame":24,"values":[0.3764,-0.8783,0.2949,0,0.8464,0.4554,0.2759,0,-0.3766,0.1457,0.9148,0,6.0747,-1.0059,-1.9427,1]},
{"frame":25,"values":[0.3928,-0.8831,0.2566,0,0.8439,0.457,0.2809,0,-0.3653,0.1062,0.9248,0,6.0747,-1.0059,-1.9427,1]},
{"frame":26,"values":[0.4154,-0.8836,0.2158,0,0.8391,0.4639,0.2841,0,-0.3512,0.0631,0.9342,0,6.0747,-1.0059,-1.9427,1]}],"loopBehavior":1,"name":"anim","property":"_matrix"}},
{"name":"LeftForeArm","index":9,"matrix":[0.8882,0.0079,0.4594,0,0.0151,0.9988,-0.0463,0,-0.4592,0.0481,0.887,0,27.2512,-0.1236,-0.8243,1],"rest":[0.9995,-0.0045,-0.0302,0,0.0045,1,-0.0001,0,0.0302,-0.0001,0.9995,0,27.2512,-0.1236,-0.8243,1],"parentBoneIndex":8,"length":27.5147
,"animation":{"dataType":3,"framePerSecond":24,"keys":[
{"frame":1,"values":[0.8882,0.0079,0.4594,0,0.0151,0.9988,-0.0463,0,-0.4592,0.0481,0.887,0,27.2512,-0.1236,-0.8243,1]},
{"frame":2,"values":[0.9156,0.005,0.4021,0,0.0125,0.9991,-0.0409,0,-0.4019,0.0425,0.9147,0,27.2512,-0.1236,-0.8243,1]},
{"frame":3,"values":[0.9274,0.0038,0.3741,0,0.0114,0.9992,-0.0383,0,-0.374,0.0398,0.9266,0,27.2512,-0.1236,-0.8243,1]},
{"frame":4,"values":[0.9362,0.0028,0.3514,0,0.0105,0.9993,-0.0361,0,-0.3512,0.0375,0.9355,0,27.2512,-0.1236,-0.8243,1]},
{"frame":5,"values":[0.9614,0.0001,0.2753,0,0.0082,0.9995,-0.0289,0,-0.2751,0.0301,0.9609,0,27.2512,-0.1236,-0.8243,1]},
{"frame":6,"values":[0.9854,-0.0026,0.1703,0,0.0059,0.9998,-0.019,0,-0.1703,0.0198,0.9852,0,27.2512,-0.1236,-0.8243,1]},
{"frame":7,"values":[0.9947,-0.0037,0.1032,0,0.005,0.9999,-0.0127,0,-0.1031,0.0131,0.9946,0,27.2512,-0.1236,-0.8243,1]},
{"frame":8,"values":[0.9971,-0.004,0.0757,0,0.0048,0.9999,-0.0101,0,-0.0757,0.0104,0.9971,0,27.2512,-0.1236,-0.8243,1]},
{"frame":9,"values":[0.9977,-0.0041,0.0683,0,0.0047,0.9999,-0.0094,0,-0.0682,0.0097,0.9976,0,27.2512,-0.1236,-0.8243,1]},
{"frame":10,"values":[0.9969,-0.004,0.0788,0,0.0048,0.9999,-0.0104,0,-0.0788,0.0107,0.9968,0,27.2512,-0.1236,-0.8243,1]},
{"frame":11,"values":[0.9947,-0.0037,0.1027,0,0.005,0.9999,-0.0126,0,-0.1026,0.0131,0.9946,0,27.2512,-0.1236,-0.8243,1]},
{"frame":12,"values":[0.991,-0.0032,0.134,0,0.0053,0.9999,-0.0156,0,-0.134,0.0162,0.9909,0,27.2512,-0.1236,-0.8243,1]},
{"frame":13,"values":[0.9849,-0.0025,0.1728,0,0.0059,0.9998,-0.0193,0,-0.1727,0.02,0.9848,0,27.2512,-0.1236,-0.8243,1]},
{"frame":14,"values":[0.9747,-0.0013,0.2234,0,0.0069,0.9997,-0.024,0,-0.2233,0.025,0.9744,0,27.2512,-0.1236,-0.8243,1]},
{"frame":15,"values":[0.9612,0.0002,0.276,0,0.0082,0.9995,-0.029,0,-0.2759,0.0301,0.9607,0,27.2512,-0.1236,-0.8243,1]},
{"frame":16,"values":[0.9453,0.0019,0.3262,0,0.0097,0.9994,-0.0338,0,-0.3261,0.0351,0.9447,0,27.2512,-0.1236,-0.8243,1]},
{"frame":17,"values":[0.9297,0.0035,0.3684,0,0.0112,0.9992,-0.0377,0,-0.3682,0.0392,0.9289,0,27.2512,-0.1236,-0.8243,1]},
{"frame":18,"values":[0.9156,0.005,0.402,0,0.0125,0.9991,-0.0409,0,-0.4019,0.0425,0.9147,0,27.2512,-0.1236,-0.8243,1]},
{"frame":19,"values":[0.9002,0.0067,0.4354,0,0.0139,0.9989,-0.0441,0,-0.4352,0.0457,0.8992,0,27.2512,-0.1236,-0.8243,1]},
{"frame":20,"values":[0.8804,0.0087,0.4742,0,0.0158,0.9987,-0.0477,0,-0.474,0.0495,0.8791,0,27.2512,-0.1236,-0.8243,1]},
{"frame":21,"values":[0.8604,0.0108,0.5095,0,0.0177,0.9985,-0.0511,0,-0.5093,0.053,0.859,0,27.2512,-0.1236,-0.8243,1]},
{"frame":22,"values":[0.847,0.0122,0.5315,0,0.019,0.9984,-0.0532,0,-0.5313,0.0551,0.8454,0,27.2512,-0.1236,-0.8243,1]},
{"frame":23,"values":[0.8412,0.0128,0.5405,0,0.0195,0.9983,-0.054,0,-0.5403,0.056,0.8396,0,27.2512,-0.1236,-0.8243,1]},
{"frame":24,"values":[0.8433,0.0126,0.5372,0,0.0193,0.9984,-0.0537,0,-0.537,0.0557,0.8417,0,27.2512,-0.1236,-0.8243,1]},
{"frame":25,"values":[0.8592,0.0109,0.5115,0,0.0178,0.9985,-0.0513,0,-0.5113,0.0532,0.8578,0,27.2512,-0.1236,-0.8243,1]},
{"frame":26,"values":[0.8882,0.0079,0.4594,0,0.0151,0.9988,-0.0463,0,-0.4592,0.0481,0.887,0,27.2512,-0.1236,-0.8243,1]}],"loopBehavior":1,"name":"anim","property":"_matrix"}},
{"name":"LeftHand","index":10,"matrix":[0.9606,0.0833,0.2653,0,-0.1018,0.9932,0.0566,0,-0.2588,-0.0814,0.9625,0,27.5147,0,0,1],"rest":[1,0,0,0,0,1,0.0006,0,0,-0.0006,1,0,27.5147,0,0,1],"parentBoneIndex":9,"length":10.1836
,"animation":{"dataType":3,"framePerSecond":24,"keys":[
{"frame":1,"values":[0.9606,0.0833,0.2653,0,-0.1018,0.9932,0.0566,0,-0.2588,-0.0814,0.9625,0,27.5147,0,0,1]},
{"frame":2,"values":[0.9817,0.0675,0.1782,0,-0.0805,0.9945,0.0665,0,-0.1727,-0.0796,0.9817,0,27.5147,0,0,1]},
{"frame":3,"values":[0.9949,0.0495,0.0878,0,-0.0581,0.9934,0.0986,0,-0.0823,-0.1032,0.9913,0,27.5147,0,0,1]},
{"frame":4,"values":[0.9992,0.0384,0.0079,0,-0.0391,0.9922,0.1186,0,-0.0033,-0.1188,0.9929,0,27.5147,0,0,1]},
{"frame":5,"values":[0.999,0.0379,-0.0219,0,-0.0352,0.993,0.1124,0,0.026,-0.1116,0.9934,0,27.5147,0,0,1]},
{"frame":6,"values":[0.9986,0.0506,-0.0153,0,-0.0488,0.994,0.0983,0,0.0201,-0.0974,0.995,0,27.5147,0,0,1]},
{"frame":7,"values":[0.9968,0.0767,-0.0212,0,-0.0743,0.9922,0.1003,0,0.0287,-0.0984,0.9947,0,27.5147,0,0,1]},
{"frame":8,"values":[0.9938,0.1057,-0.0357,0,-0.1011,0.9885,0.1126,0,0.0472,-0.1083,0.993,0,27.5147,0,0,1]},
{"frame":9,"values":[0.9935,0.1121,-0.0189,0,-0.1093,0.9878,0.111,0,0.0311,-0.1083,0.9936,0,27.5147,0,0,1]},
{"frame":10,"values":[0.9963,0.0779,0.0357,0,-0.0809,0.9925,0.0921,0,-0.0283,-0.0946,0.9951,0,27.5147,0,0,1]},
{"frame":11,"values":[0.9959,0.0196,0.0883,0,-0.0262,0.9969,0.0744,0,-0.0866,-0.0764,0.9933,0,27.5147,0,0,1]},
{"frame":12,"values":[0.9924,-0.032,0.1189,0,0.0238,0.9973,0.0699,0,-0.1208,-0.0665,0.9904,0,27.5147,0,0,1]},
{"frame":13,"values":[0.9883,-0.0557,0.1419,0,0.046,0.9964,0.0705,0,-0.1453,-0.0632,0.9874,0,27.5147,0,0,1]},
{"frame":14,"values":[0.9855,-0.0642,0.1568,0,0.0522,0.9955,0.0793,0,-0.1612,-0.0699,0.9844,0,27.5147,0,0,1]},
{"frame":15,"values":[0.9834,-0.069,0.1678,0,0.0535,0.994,0.0953,0,-0.1734,-0.0847,0.9812,0,27.5147,0,0,1]},
{"frame":16,"values":[0.9823,-0.0672,0.175,0,0.0497,0.9935,0.1027,0,-0.1808,-0.0922,0.9792,0,27.5147,0,0,1]},
{"frame":17,"values":[0.9816,-0.0561,0.1823,0,0.0391,0.9947,0.0954,0,-0.1867,-0.0865,0.9786,0,27.5147,0,0,1]},
{"frame":18,"values":[0.9801,-0.0356,0.1953,0,0.0195,0.9963,0.0836,0,-0.1976,-0.0781,0.9772,0,27.5147,0,0,1]},
{"frame":19,"values":[0.9762,-0.0091,0.2167,0,-0.0105,0.996,0.0889,0,-0.2166,-0.089,0.9722,0,27.5147,0,0,1]},
{"frame":20,"values":[0.9683,0.0196,0.2489,0,-0.0487,0.9926,0.1113,0,-0.2448,-0.1199,0.9621,0,27.5147,0,0,1]},
{"frame":21,"values":[0.9504,0.0504,0.307,0,-0.0881,0.99,0.1102,0,-0.2984,-0.1318,0.9453,0,27.5147,0,0,1]},
{"frame":22,"values":[0.9155,0.0794,0.3944,0,-0.1221,0.9889,0.0844,0,-0.3834,-0.1254,0.915,0,27.5147,0,0,1]},
{"frame":23,"values":[0.8829,0.0954,0.4597,0,-0.1501,0.9851,0.0839,0,-0.4448,-0.1431,0.8841,0,27.5147,0,0,1]},
{"frame":24,"values":[0.8889,0.0973,0.4476,0,-0.1561,0.983,0.0963,0,-0.4306,-0.1555,0.889,0,27.5147,0,0,1]},
{"frame":25,"values":[0.9269,0.0926,0.3638,0,-0.1301,0.9883,0.0799,0,-0.3522,-0.1214,0.928,0,27.5147,0,0,1]},
{"frame":26,"values":[0.9606,0.0833,0.2653,0,-0.1018,0.9932,0.0566,0,-0.2588,-0.0814,0.9625,0,27.5147,0,0,1]}],"loopBehavior":1,"name":"anim","property":"_matrix"}},
{"name":"LeftHandThumb1","index":11,"matrix":[0.9034,0.1628,0.3967,0,-0.347,0.8213,0.453,0,-0.252,-0.5468,0.7984,0,4.2092,-0.2988,5.1387,1],"rest":[1,0.0002,0.0002,0,-0.0002,1,-0.0002,0,-0.0002,0.0002,1,0,4.2092,-0.2988,5.1387,1],"parentBoneIndex":10,"length":1.9313
,"animation":{"dataType":3,"framePerSecond":24,"keys":[
{"frame":1,"values":[0.9034,0.1628,0.3967,0,-0.347,0.8213,0.453,0,-0.252,-0.5468,0.7984,0,4.2092,-0.2988,5.1387,1]},
{"frame":22,"values":[0.9034,0.1628,0.3967,0,-0.3469,0.8213,0.453,0,-0.252,-0.5468,0.7984,0,4.2092,-0.2988,5.1387,1]},
{"frame":23,"values":[0.9034,0.1628,0.3967,0,-0.347,0.8213,0.453,0,-0.252,-0.5468,0.7984,0,4.2092,-0.2988,5.1387,1]},
{"frame":24,"values":[0.9034,0.1628,0.3967,0,-0.3469,0.8213,0.453,0,-0.252,-0.5468,0.7984,0,4.2092,-0.2988,5.1387,1]},
{"frame":25,"values":[0.9034,0.1628,0.3967,0,-0.347,0.8213,0.453,0,-0.252,-0.5468,0.7984,0,4.2092,-0.2988,5.1387,1]},
{"frame":26,"values":[0.9034,0.1628,0.3967,0,-0.347,0.8213,0.453,0,-0.252,-0.5468,0.7984,0,4.2092,-0.2988,5.1387,1]}],"loopBehavior":1,"name":"anim","property":"_matrix"}},
{"name":"LeftHandThumb2","index":12,"matrix":[0.9369,0.0306,-0.3483,0,0.0184,0.9905,0.1366,0,0.3491,-0.1344,0.9274,0,1.496,-0.8637,0.8637,1],"rest":[0.9982,0.052,0.0284,0,-0.0507,0.9976,-0.0475,0,-0.0308,0.046,0.9985,0,1.496,-0.8637,0.8637,1],"parentBoneIndex":11,"length":2.3416
,"animation":{"dataType":3,"framePerSecond":24,"keys":[
{"frame":1,"values":[0.9369,0.0306,-0.3483,0,0.0184,0.9905,0.1366,0,0.3491,-0.1344,0.9274,0,1.496,-0.8637,0.8637,1]},
{"frame":2,"values":[0.9363,0.0261,-0.3503,0,0.0287,0.9882,0.1504,0,0.3501,-0.1509,0.9245,0,1.496,-0.8637,0.8637,1]},
{"frame":3,"values":[0.9378,0.0177,-0.3467,0,0.0432,0.985,0.1672,0,0.3444,-0.1717,0.923,0,1.496,-0.8637,0.8637,1]},
{"frame":4,"values":[0.9456,0.0103,-0.3252,0,0.0498,0.9831,0.1759,0,0.3215,-0.1826,0.9291,0,1.496,-0.8637,0.8637,1]},
{"frame":5,"values":[0.9534,0.0051,-0.3016,0,0.0519,0.9822,0.1807,0,0.2971,-0.1879,0.9362,0,1.496,-0.8637,0.8637,1]},
{"frame":6,"values":[0.9518,0.0011,-0.3066,0,0.0596,0.9802,0.1888,0,0.3007,-0.198,0.9329,0,1.496,-0.8637,0.8637,1]},
{"frame":7,"values":[0.9488,-0.0019,-0.3159,0,0.0671,0.9784,0.1957,0,0.3087,-0.2069,0.9284,0,1.496,-0.8637,0.8637,1]},
{"frame":8,"values":[0.9611,-0.0059,-0.2763,0,0.0629,0.9782,0.1979,0,0.2691,-0.2076,0.9405,0,1.496,-0.8637,0.8637,1]},
{"frame":9,"values":[0.9731,-0.0104,-0.2303,0,0.0572,0.9787,0.1973,0,0.2233,-0.2052,0.9529,0,1.496,-0.8637,0.8637,1]},
{"frame":10,"values":[0.9702,-0.0097,-0.2422,0,0.0578,0.9796,0.1924,0,0.2354,-0.2006,0.951,0,1.496,-0.8637,0.8637,1]},
{"frame":11,"values":[0.9608,-0.0023,-0.2773,0,0.0543,0.9822,0.18,0,0.2719,-0.188,0.9438,0,1.496,-0.8637,0.8637,1]},
{"frame":12,"values":[0.9556,0.0085,-0.2945,0,0.0405,0.9863,0.1599,0,0.2918,-0.1647,0.9422,0,1.496,-0.8637,0.8637,1]},
{"frame":13,"values":[0.9524,0.0171,-0.3045,0,0.0284,0.9891,0.1443,0,0.3037,-0.1461,0.9415,0,1.496,-0.8637,0.8637,1]},
{"frame":14,"values":[0.9502,0.0156,-0.3113,0,0.0329,0.9881,0.1499,0,0.3099,-0.1527,0.9384,0,1.496,-0.8637,0.8637,1]},
{"frame":15,"values":[0.9536,0.0064,-0.3011,0,0.0463,0.9848,0.1676,0,0.2976,-0.1738,0.9387,0,1.496,-0.8637,0.8637,1]},
{"frame":16,"values":[0.9578,-0.0086,-0.2873,0,0.0664,0.9791,0.1922,0,0.2796,-0.2032,0.9383,0,1.496,-0.8637,0.8637,1]},
{"frame":17,"values":[0.9606,-0.0196,-0.2771,0,0.0796,0.9751,0.207,0,0.2661,-0.2209,0.9383,0,1.496,-0.8637,0.8637,1]},
{"frame":18,"values":[0.9667,-0.0191,-0.2553,0,0.0722,0.977,0.2005,0,0.2456,-0.2122,0.9458,0,1.496,-0.8637,0.8637,1]},
{"frame":19,"values":[0.9719,-0.0094,-0.2351,0,0.0532,0.9821,0.1809,0,0.2291,-0.1883,0.955,0,1.496,-0.8637,0.8637,1]},
{"frame":20,"values":[0.9698,0.0001,-0.2437,0,0.0412,0.9855,0.1645,0,0.2402,-0.1696,0.9558,0,1.496,-0.8637,0.8637,1]},
{"frame":21,"values":[0.969,0.007,-0.2469,0,0.0332,0.9868,0.1584,0,0.2448,-0.1617,0.956,0,1.496,-0.8637,0.8637,1]},
{"frame":22,"values":[0.9728,0.0146,-0.231,0,0.0222,0.9875,0.1561,0,0.2304,-0.157,0.9603,0,1.496,-0.8637,0.8637,1]},
{"frame":23,"values":[0.967,0.0221,-0.2538,0,0.016,0.989,0.147,0,0.2543,-0.1463,0.956,0,1.496,-0.8637,0.8637,1]},
{"frame":24,"values":[0.9508,0.0265,-0.3087,0,0.0168,0.9904,0.1369,0,0.3094,-0.1354,0.9413,0,1.496,-0.8637,0.8637,1]},
{"frame":25,"values":[0.9395,0.0294,-0.3412,0,0.0173,0.991,0.1331,0,0.3421,-0.131,0.9305,0,1.496,-0.8637,0.8637,1]},
{"frame":26,"values":[0.9369,0.0306,-0.3483,0,0.0184,0.9905,0.1366,0,0.3491,-0.1344,0.9274,0,1.496,-0.8637,0.8637,1]}],"loopBehavior":1,"name":"anim","property":"_matrix"}},
{"name":"LeftHandThumb3","index":13,"matrix":[0.9749,0.1308,-0.1801,0,-0.1655,0.967,-0.1937,0,0.1488,0.2186,0.9644,0,1.7859,-1.1863,0.9415,1],"rest":[0.9982,-0.0507,-0.0308,0,0.052,0.9976,0.046,0,0.0284,-0.0475,0.9985,0,1.7859,-1.1863,0.9415,1],"parentBoneIndex":12,"length":4.3787
,"animation":{"dataType":3,"framePerSecond":24,"keys":[
{"frame":1,"values":[0.9749,0.1308,-0.1801,0,-0.1655,0.967,-0.1937,0,0.1488,0.2186,0.9644,0,1.7859,-1.1863,0.9415,1]},
{"frame":2,"values":[0.9751,0.131,-0.1791,0,-0.1656,0.9669,-0.1942,0,0.1477,0.219,0.9645,0,1.7859,-1.1863,0.9415,1]},
