{"producer":{"name":"Blender","version":"2.90.0","exporter_version":"2.80.1","file":"turnright.babylon"},
"autoClear":true,"clearColor":[0.0509,0.0509,0.0509],"gravity":[0,-9.81,0],
"materials":[{"name":"Material","id":"Material","customType":"BABYLON.PBRMaterial","backFaceCulling":true,"checkReadyOnlyOnce":false,"maxSimultaneousLights":4,"environmentIntensity":1,"albedo":[0.8,0.8,0.8],"reflectivity":[0.5,0.5,0.5],"roughness":0.4,"alpha":1,"transparencyMode":0,"alphaCutOff":0.4,"metallic":0}],
"multiMaterials":[],
"skeletons":[{"name":"Armature","id":0,"dimensionsAtRest":[177.7018,230.6614,27.1405],"bones":[
{"name":"Hips","index":0,"matrix":[0.9923,-0.0578,0.1097,0,0.0501,0.9962,0.0712,0,0.1134,0.0652,-0.9914,0,0.7959,111.8902,0.323,1],"rest":[1,0,0,0,0,1,0,0,0,0,-1,0,0,113.0334,0,1],"parentBoneIndex":-1,"length":12.9876
,"animation":{"dataType":3,"framePerSecond":24,"keys":[
{"frame":1,"values":[0.9923,-0.0578,0.1097,0,0.0501,0.9962,0.0712,0,0.1134,0.0652,-0.9914,0,0.7959,111.8902,0.323,1]},
{"frame":2,"values":[0.9923,-0.0578,0.1097,0,0.0501,0.9962,0.0712,0,0.1134,0.0652,-0.9914,0,1.7723,111.4278,0.8825,1]},
{"frame":3,"values":[0.9923,-0.0578,0.1097,0,0.0501,0.9962,0.0712,0,0.1134,0.0652,-0.9914,0,3.9503,110.7096,1.8555,1]},
{"frame":4,"values":[0.9923,-0.0578,0.1097,0,0.0501,0.9962,0.0712,0,0.1134,0.0652,-0.9914,0,6.6682,110.5473,2.6712,1]},
{"frame":5,"values":[0.9923,-0.0578,0.1097,0,0.0501,0.9962,0.0712,0,0.1134,0.0652,-0.9914,0,9.0349,110.6567,3.4092,1]},
{"frame":6,"values":[0.9923,-0.0578,0.1097,0,0.0501,0.9962,0.0712,0,0.1134,0.0652,-0.9914,0,10.7931,110.5267,3.9416,1]},
{"frame":7,"values":[0.9923,-0.0578,0.1097,0,0.0501,0.9962,0.0712,0,0.1134,0.0652,-0.9914,0,12.0726,110.2291,4.388,1]},
{"frame":8,"values":[0.9923,-0.0578,0.1097,0,0.0501,0.9962,0.0712,0,0.1134,0.0652,-0.9914,0,12.9015,109.9691,4.8459,1]},
{"frame":9,"values":[0.9923,-0.0578,0.1097,0,0.0501,0.9962,0.0712,0,0.1134,0.0652,-0.9914,0,13.2975,109.9063,5.5178,1]},
{"frame":10,"values":[0.9923,-0.0578,0.1097,0,0.0501,0.9962,0.0712,0,0.1134,0.0652,-0.9914,0,13.0852,110.0374,6.4509,1]},
{"frame":11,"values":[0.9923,-0.0578,0.1097,0,0.0501,0.9962,0.0712,0,0.1134,0.0652,-0.9914,0,12.6013,109.9956,7.5178,1]},
{"frame":12,"values":[0.9923,-0.0578,0.1097,0,0.0501,0.9962,0.0712,0,0.1134,0.0652,-0.9914,0,12.1741,109.8,8.5355,1]},
{"frame":13,"values":[0.9923,-0.0578,0.1097,0,0.0501,0.9962,0.0712,0,0.1134,0.0652,-0.9914,0,11.6655,109.9003,9.3864,1]},
{"frame":14,"values":[0.9923,-0.0578,0.1097,0,0.0501,0.9962,0.0712,0,0.1134,0.0652,-0.9914,0,11.1394,110.3612,9.7305,1]},
{"frame":15,"values":[0.9923,-0.0578,0.1097,0,0.0501,0.9962,0.0712,0,0.1134,0.0652,-0.9914,0,10.5365,110.8476,9.4119,1]},
{"frame":16,"values":[0.9923,-0.0578,0.1097,0,0.0501,0.9962,0.0712,0,0.1134,0.0652,-0.9914,0,9.6364,111.3513,8.6412,1]},
{"frame":17,"values":[0.9923,-0.0578,0.1097,0,0.0501,0.9962,0.0712,0,0.1134,0.0652,-0.9914,0,8.4165,111.6233,7.4885,1]},
{"frame":18,"values":[0.9923,-0.0578,0.1097,0,0.0501,0.9962,0.0712,0,0.1134,0.0652,-0.9914,0,6.8011,111.6814,6.1334,1]},
{"frame":19,"values":[0.9923,-0.0578,0.1097,0,0.0501,0.9962,0.0712,0,0.1134,0.0652,-0.9914,0,4.9531,111.3513,4.6179,1]},
{"frame":20,"values":[0.9923,-0.0578,0.1097,0,0.0501,0.9962,0.0712,0,0.1134,0.0652,-0.9914,0,3.2725,111.0979,3.0966,1]},
{"frame":21,"values":[0.9923,-0.0578,0.1097,0,0.0501,0.9962,0.0712,0,0.1134,0.0652,-0.9914,0,1.8685,111.3782,1.6673,1]},
{"frame":22,"values":[0.9923,-0.0578,0.1097,0,0.0501,0.9962,0.0712,0,0.1134,0.0652,-0.9914,0,0.7392,111.691,0.08,1]},
{"frame":23,"values":[0.9923,-0.0578,0.1097,0,0.0501,0.9962,0.0712,0,0.1134,0.0652,-0.9914,0,0.1418,111.8874,-0.8463,1]}],"loopBehavior":1,"name":"anim","property":"_matrix"}},
{"name":"Spine","index":1,"matrix":[0.9986,0.0474,-0.0241,0,-0.046,0.9972,0.0587,0,0.0269,-0.0575,0.998,0,0,7.2445,0.6334,1],"rest":[1,0,0,0,0,1,0,0,0,0,1,0,0,7.2445,0.6334,1],"parentBoneIndex":0,"length":7.4267
,"animation":{"dataType":3,"framePerSecond":24,"keys":[
{"frame":1,"values":[0.9986,0.0474,-0.0241,0,-0.046,0.9972,0.0587,0,0.0269,-0.0575,0.998,0,0,7.2445,0.6334,1]},
{"frame":2,"values":[0.9989,0.0419,-0.0196,0,-0.0406,0.9973,0.0611,0,0.0221,-0.0602,0.9979,0,0,7.2445,0.6334,1]},
{"frame":3,"values":[0.9993,0.0352,-0.016,0,-0.0341,0.9974,0.0638,0,0.0182,-0.0632,0.9978,0,0,7.2445,0.6334,1]},
{"frame":4,"values":[0.9991,0.0411,-0.0119,0,-0.0402,0.997,0.0662,0,0.0145,-0.0656,0.9977,0,0,7.2445,0.6334,1]},
{"frame":5,"values":[0.9986,0.0524,-0.0067,0,-0.0519,0.9964,0.0668,0,0.0102,-0.0663,0.9977,0,0,7.2445,0.6334,1]},
{"frame":6,"values":[0.9984,0.056,-0.0009,0,-0.0558,0.9964,0.0644,0,0.0045,-0.0642,0.9979,0,0,7.2445,0.6334,1]},
{"frame":7,"values":[0.9985,0.0546,0.0024,0,-0.0547,0.9967,0.06,0,0.0009,-0.06,0.9982,0,0,7.2445,0.6334,1]},
{"frame":8,"values":[0.9986,0.0535,0.0033,0,-0.0536,0.997,0.056,0,-0.0003,-0.0561,0.9984,0,0,7.2445,0.6334,1]},
{"frame":9,"values":[0.9985,0.0544,0.0074,0,-0.0547,0.9971,0.0529,0,-0.0045,-0.0532,0.9986,0,0,7.2445,0.6334,1]},
{"frame":10,"values":[0.9985,0.0535,0.0137,0,-0.0541,0.9973,0.0492,0,-0.011,-0.0499,0.9987,0,0,7.2445,0.6334,1]},
{"frame":11,"values":[0.9985,0.0536,0.0146,0,-0.0542,0.9974,0.048,0,-0.012,-0.0487,0.9987,0,0,7.2445,0.6334,1]},
{"frame":12,"values":[0.9986,0.0524,0.0089,0,-0.0528,0.9973,0.0509,0,-0.0062,-0.0513,0.9987,0,0,7.2445,0.6334,1]},
{"frame":13,"values":[0.9992,0.0409,0.0005,0,-0.0409,0.9976,0.0556,0,0.0018,-0.0556,0.9985,0,0,7.2445,0.6334,1]},
{"frame":14,"values":[0.9995,0.029,-0.0078,0,-0.0285,0.9979,0.0586,0,0.0094,-0.0584,0.9983,0,0,7.2445,0.6334,1]},
{"frame":15,"values":[0.9995,0.0276,-0.0126,0,-0.0268,0.9976,0.0631,0,0.0143,-0.0627,0.9979,0,0,7.2445,0.6334,1]},
{"frame":16,"values":[0.9995,0.0271,-0.0163,0,-0.026,0.9974,0.0675,0,0.0181,-0.0671,0.9976,0,0,7.2445,0.6334,1]},
{"frame":17,"values":[0.9993,0.0314,-0.0185,0,-0.0301,0.997,0.0707,0,0.0206,-0.0701,0.9973,0,0,7.2445,0.6334,1]},
{"frame":18,"values":[0.999,0.0408,-0.0163,0,-0.0395,0.9965,0.0736,0,0.0192,-0.0729,0.9972,0,0,7.2445,0.6334,1]},
{"frame":19,"values":[0.9985,0.0542,-0.0119,0,-0.0531,0.9959,0.0738,0,0.0158,-0.073,0.9972,0,0,7.2445,0.6334,1]},
{"frame":20,"values":[0.9979,0.0631,-0.0105,0,-0.0622,0.9955,0.0712,0,0.0149,-0.0704,0.9974,0,0,7.2445,0.6334,1]},
{"frame":21,"values":[0.998,0.0619,-0.0145,0,-0.0608,0.9958,0.0683,0,0.0186,-0.0673,0.9976,0,0,7.2445,0.6334,1]},
{"frame":22,"values":[0.9984,0.0536,-0.0206,0,-0.0522,0.9967,0.0626,0,0.0238,-0.0615,0.9978,0,0,7.2445,0.6334,1]},
{"frame":23,"values":[0.9986,0.0474,-0.0241,0,-0.0459,0.9972,0.0587,0,0.0269,-0.0575,0.998,0,0,7.2445,0.6334,1]}],"loopBehavior":1,"name":"anim","property":"_matrix"}},
{"name":"Spine1","index":2,"matrix":[0.9996,0.0272,-0.0054,0,-0.0271,0.9994,0.0203,0,0.0059,-0.0201,0.9998,0,0,7.425,0.1598,1],"rest":[1,0,0,0,0,1,0,0,0,0,1,0,0,7.425,0.1598,1],"parentBoneIndex":1,"length":8.6299
,"animation":{"dataType":3,"framePerSecond":24,"keys":[
{"frame":1,"values":[0.9996,0.0272,-0.0054,0,-0.0271,0.9994,0.0203,0,0.0059,-0.0201,0.9998,0,0,7.425,0.1598,1]},
{"frame":2,"values":[0.9996,0.0267,-0.0021,0,-0.0266,0.9994,0.0223,0,0.0027,-0.0223,0.9997,0,0,7.425,0.1598,1]},
{"frame":3,"values":[0.9997,0.0231,0.0006,0,-0.0231,0.9994,0.0245,0,0,-0.0245,0.9997,0,0,7.425,0.1598,1]},
{"frame":4,"values":[0.9998,0.018,0.0045,0,-0.0181,0.9995,0.0268,0,-0.004,-0.0269,0.9996,0,0,7.425,0.1598,1]},
{"frame":5,"values":[0.9999,0.0121,0.0094,0,-0.0123,0.9995,0.0278,0,-0.0091,-0.0279,0.9996,0,0,7.425,0.1598,1]},
{"frame":6,"values":[0.9999,0.0046,0.0147,0,-0.005,0.9996,0.0261,0,-0.0145,-0.0261,0.9996,0,0,7.425,0.1598,1]},
{"frame":7,"values":[0.9998,-0.0042,0.018,0,0.0038,0.9997,0.0225,0,-0.0181,-0.0225,0.9996,0,0,7.425,0.1598,1]},
{"frame":8,"values":[0.9997,-0.0131,0.0196,0,0.0127,0.9997,0.0192,0,-0.0198,-0.019,0.9996,0,0,7.425,0.1598,1]},
{"frame":9,"values":[0.9995,-0.022,0.0237,0,0.0216,0.9996,0.0165,0,-0.0241,-0.016,0.9996,0,0,7.425,0.1598,1]},
{"frame":10,"values":[0.9991,-0.0311,0.0294,0,0.0307,0.9994,0.0137,0,-0.0298,-0.0128,0.9995,0,0,7.425,0.1598,1]},
{"frame":11,"values":[0.9988,-0.0376,0.0307,0,0.0372,0.9992,0.0126,0,-0.0311,-0.0114,0.9995,0,0,7.425,0.1598,1]},
{"frame":12,"values":[0.9987,-0.0448,0.0262,0,0.0444,0.9989,0.0147,0,-0.0268,-0.0135,0.9995,0,0,7.425,0.1598,1]},
{"frame":13,"values":[0.9983,-0.0543,0.0196,0,0.054,0.9984,0.0184,0,-0.0206,-0.0173,0.9996,0,0,7.425,0.1598,1]},
{"frame":14,"values":[0.9981,-0.0609,0.0128,0,0.0607,0.9979,0.0208,0,-0.014,-0.0199,0.9997,0,0,7.425,0.1598,1]},
{"frame":15,"values":[0.998,-0.0618,0.0094,0,0.0616,0.9978,0.0243,0,-0.0109,-0.0236,0.9997,0,0,7.425,0.1598,1]},
{"frame":16,"values":[0.9981,-0.0605,0.0063,0,0.0604,0.9978,0.0277,0,-0.008,-0.0273,0.9996,0,0,7.425,0.1598,1]},
{"frame":17,"values":[0.9985,-0.0552,0.0003,0,0.0552,0.998,0.0298,0,-0.0019,-0.0298,0.9996,0,0,7.425,0.1598,1]},
{"frame":18,"values":[0.9989,-0.0464,0.001,0,0.0463,0.9984,0.0312,0,-0.0024,-0.0311,0.9995,0,0,7.425,0.1598,1]},
{"frame":19,"values":[0.9994,-0.0354,0.0055,0,0.0352,0.9989,0.0303,0,-0.0066,-0.0301,0.9995,0,0,7.425,0.1598,1]},
{"frame":20,"values":[0.9998,-0.022,0.0021,0,0.0219,0.9994,0.0277,0,-0.0027,-0.0276,0.9996,0,0,7.425,0.1598,1]},
{"frame":21,"values":[1,-0.0005,-0.0083,0,0.0007,0.9997,0.0261,0,0.0082,-0.0261,0.9996,0,0,7.425,0.1598,1]},
{"frame":22,"values":[0.9998,0.018,-0.008,0,-0.0178,0.9996,0.0227,0,0.0084,-0.0226,0.9997,0,0,7.425,0.1598,1]},
{"frame":23,"values":[0.9996,0.0272,-0.0054,0,-0.0271,0.9994,0.0203,0,0.0059,-0.0201,0.9998,0,0,7.425,0.1598,1]}],"loopBehavior":1,"name":"anim","property":"_matrix"}},
{"name":"Spine2","index":3,"matrix":[0.9996,0.0273,-0.0058,0,-0.0272,0.9994,0.0198,0,0.0063,-0.0197,0.9998,0,0,8.6226,-0.3542,1],"rest":[1,0,0,0,0,1,0,0,0,0,1,0,0,8.6226,-0.3542,1],"parentBoneIndex":2,"length":20.7438
,"animation":{"dataType":3,"framePerSecond":24,"keys":[
{"frame":1,"values":[0.9996,0.0273,-0.0058,0,-0.0272,0.9994,0.0198,0,0.0063,-0.0197,0.9998,0,0,8.6226,-0.3542,1]},
{"frame":2,"values":[0.9996,0.028,-0.0024,0,-0.0279,0.9994,0.0218,0,0.003,-0.0217,0.9998,0,0,8.6226,-0.3542,1]},
{"frame":3,"values":[0.9996,0.0277,0.0001,0,-0.0277,0.9993,0.0239,0,0.0005,-0.0239,0.9997,0,0,8.6226,-0.3542,1]},
{"frame":4,"values":[0.9996,0.0276,0.0037,0,-0.0277,0.9993,0.0261,0,-0.0029,-0.0262,0.9997,0,0,8.6226,-0.3542,1]},
{"frame":5,"values":[0.9996,0.0282,0.0081,0,-0.0284,0.9992,0.0269,0,-0.0073,-0.0272,0.9996,0,0,8.6226,-0.3542,1]},
{"frame":6,"values":[0.9995,0.0281,0.0127,0,-0.0284,0.9993,0.025,0,-0.012,-0.0254,0.9996,0,0,8.6226,-0.3542,1]},
{"frame":7,"values":[0.9995,0.0274,0.0152,0,-0.0277,0.9994,0.0213,0,-0.0146,-0.0217,0.9997,0,0,8.6226,-0.3542,1]},
{"frame":8,"values":[0.9995,0.0269,0.016,0,-0.0272,0.9995,0.0177,0,-0.0155,-0.0181,0.9997,0,0,8.6226,-0.3542,1]},
{"frame":9,"values":[0.9995,0.0262,0.0193,0,-0.0264,0.9995,0.0147,0,-0.0189,-0.0152,0.9997,0,0,8.6226,-0.3542,1]},
{"frame":10,"values":[0.9994,0.0246,0.0241,0,-0.0249,0.9996,0.0114,0,-0.0238,-0.0119,0.9996,0,0,8.6226,-0.3542,1]},
{"frame":11,"values":[0.9994,0.0248,0.0246,0,-0.0251,0.9996,0.01,0,-0.0243,-0.0106,0.9996,0,0,8.6226,-0.3542,1]},
{"frame":12,"values":[0.9995,0.0231,0.0197,0,-0.0233,0.9997,0.0122,0,-0.0194,-0.0127,0.9997,0,0,8.6226,-0.3542,1]},
{"frame":13,"values":[0.9998,0.0172,0.0129,0,-0.0174,0.9997,0.0163,0,-0.0126,-0.0165,0.9998,0,0,8.6226,-0.3542,1]},
{"frame":14,"values":[0.9999,0.0122,0.006,0,-0.0123,0.9997,0.0192,0,-0.0058,-0.0192,0.9998,0,0,8.6226,-0.3542,1]},
{"frame":15,"values":[0.9999,0.0101,0.0029,0,-0.0101,0.9997,0.0229,0,-0.0027,-0.023,0.9997,0,0,8.6226,-0.3542,1]},
{"frame":16,"values":[1,0.0059,0.0008,0,-0.0059,0.9996,0.0266,0,-0.0006,-0.0266,0.9996,0,0,8.6226,-0.3542,1]},
{"frame":17,"values":[1,0.002,-0.004,0,-0.0019,0.9996,0.0292,0,0.0041,-0.0292,0.9996,0,0,8.6226,-0.3542,1]},
{"frame":18,"values":[1,-0.0006,-0.0022,0,0.0006,0.9995,0.0312,0,0.0022,-0.0312,0.9995,0,0,8.6226,-0.3542,1]},
{"frame":19,"values":[1,-0.0018,0.003,0,0.0017,0.9995,0.0306,0,-0.003,-0.0306,0.9995,0,0,8.6226,-0.3542,1]},
{"frame":20,"values":[1,-0.0003,0.0003,0,0.0003,0.9996,0.0281,0,-0.0003,-0.0281,0.9996,0,0,8.6226,-0.3542,1]},
{"frame":21,"values":[0.9999,0.0105,-0.0093,0,-0.0102,0.9996,0.0262,0,0.0096,-0.0261,0.9996,0,0,8.6226,-0.3542,1]},
{"frame":22,"values":[0.9997,0.0216,-0.0086,0,-0.0214,0.9995,0.0225,0,0.0091,-0.0223,0.9997,0,0,8.6226,-0.3542,1]},
{"frame":23,"values":[0.9996,0.0273,-0.0058,0,-0.0272,0.9994,0.0198,0,0.0063,-0.0197,0.9998,0,0,8.6226,-0.3542,1]}],"loopBehavior":1,"name":"anim","property":"_matrix"}},
{"name":"Neck","index":4,"matrix":[1,0.0078,0.0021,0,-0.0079,0.9952,0.098,0,-0.0014,-0.098,0.9952,0,0,23.6053,-4.5263,1],"rest":[1,0,0,0,0,1,0,0,0,0,1,0,0,23.6053,-4.5263,1],"parentBoneIndex":3,"length":10.3542
,"animation":{"dataType":3,"framePerSecond":24,"keys":[
{"frame":1,"values":[1,0.0078,0.0021,0,-0.0079,0.9952,0.098,0,-0.0014,-0.098,0.9952,0,0,23.6053,-4.5263,1]},
{"frame":2,"values":[0.9997,0.0145,0.0195,0,-0.0163,0.9952,0.0961,0,-0.018,-0.0964,0.9952,0,0,23.6053,-4.5263,1]},
{"frame":3,"values":[0.9983,0.0246,0.0521,0,-0.0298,0.9944,0.1016,0,-0.0493,-0.103,0.9935,0,0,23.6053,-4.5263,1]},
{"frame":4,"values":[0.9952,0.0339,0.0915,0,-0.0441,0.9927,0.1123,0,-0.087,-0.1158,0.9895,0,0,23.6053,-4.5263,1]},
{"frame":5,"values":[0.991,0.0389,0.1283,0,-0.0548,0.9909,0.1232,0,-0.1223,-0.1291,0.9841,0,0,23.6053,-4.5263,1]},
{"frame":6,"values":[0.9875,0.0399,0.1527,0,-0.0603,0.9895,0.131,0,-0.1459,-0.1386,0.9795,0,0,23.6053,-4.5263,1]},
{"frame":7,"values":[0.9858,0.0397,0.1634,0,-0.0621,0.989,0.1344,0,-0.1563,-0.1427,0.9774,0,0,23.6053,-4.5263,1]},
{"frame":8,"values":[0.9851,0.0401,0.1673,0,-0.0631,0.9888,0.1349,0,-0.16,-0.1435,0.9766,0,0,23.6053,-4.5263,1]},
{"frame":9,"values":[0.9855,0.0405,0.165,0,-0.0633,0.9888,0.1353,0,-0.1577,-0.1438,0.977,0,0,23.6053,-4.5263,1]},
{"frame":10,"values":[0.9864,0.0405,0.1595,0,-0.0627,0.9886,0.1368,0,-0.1521,-0.1449,0.9777,0,0,23.6053,-4.5263,1]},
{"frame":11,"values":[0.9876,0.0401,0.152,0,-0.0611,0.9888,0.1361,0,-0.1448,-0.1437,0.979,0,0,23.6053,-4.5263,1]},
{"frame":12,"values":[0.9893,0.0361,0.1417,0,-0.0551,0.9897,0.1325,0,-0.1355,-0.1388,0.981,0,0,23.6053,-4.5263,1]},
{"frame":13,"values":[0.9913,0.0305,0.1282,0,-0.0472,0.9904,0.1296,0,-0.1231,-0.1345,0.9832,0,0,23.6053,-4.5263,1]},
{"frame":14,"values":[0.9933,0.0283,0.1122,0,-0.0426,0.9909,0.1276,0,-0.1076,-0.1315,0.9855,0,0,23.6053,-4.5263,1]},
{"frame":15,"values":[0.9952,0.0247,0.0945,0,-0.0363,0.9917,0.1232,0,-0.0906,-0.126,0.9879,0,0,23.6053,-4.5263,1]},
{"frame":16,"values":[0.9969,0.0179,0.0764,0,-0.0267,0.9928,0.1167,0,-0.0737,-0.1184,0.9902,0,0,23.6053,-4.5263,1]},
{"frame":17,"values":[0.9982,0.0106,0.0589,0,-0.017,0.9939,0.1093,0,-0.0573,-0.1101,0.9923,0,0,23.6053,-4.5263,1]},
{"frame":18,"values":[0.9991,0.004,0.0429,0,-0.0084,0.9947,0.1028,0,-0.0423,-0.103,0.9938,0,0,23.6053,-4.5263,1]},
{"frame":19,"values":[0.9996,-0.0006,0.0291,0,-0.0023,0.995,0.0995,0,-0.029,-0.0995,0.9946,0,0,23.6053,-4.5263,1]},
{"frame":20,"values":[0.9998,-0.0027,0.0178,0,0.001,0.9952,0.0982,0,-0.018,-0.0981,0.995,0,0,23.6053,-4.5263,1]},
{"frame":21,"values":[1,-0.0015,0.0098,0,0.0005,0.9951,0.0988,0,-0.0099,-0.0988,0.9951,0,0,23.6053,-4.5263,1]},
{"frame":22,"values":[1,0.004,0.0047,0,-0.0044,0.9951,0.0986,0,-0.0043,-0.0986,0.9951,0,0,23.6053,-4.5263,1]},
{"frame":23,"values":[1,0.0078,0.0021,0,-0.0079,0.9952,0.098,0,-0.0014,-0.098,0.9952,0,0,23.6053,-4.5263,1]}],"loopBehavior":1,"name":"anim","property":"_matrix"}},
{"name":"Head","index":5,"matrix":[0.9997,-0.0046,-0.0236,0,0.0014,0.9913,-0.1317,0,0.024,0.1316,0.991,0,0,9.9955,2.7017,1],"rest":[1,0,0,0,0,1,0,0,0,0,1,0,0,9.9955,2.7017,1],"parentBoneIndex":4,"length":31.4272
,"animation":{"dataType":3,"framePerSecond":24,"keys":[
{"frame":1,"values":[0.9997,-0.0046,-0.0236,0,0.0014,0.9913,-0.1317,0,0.024,0.1316,0.991,0,0,9.9955,2.7017,1]},
{"frame":2,"values":[0.9996,0.0151,0.0256,0,-0.0115,0.9904,-0.1378,0,-0.0274,0.1375,0.9901,0,0,9.9955,2.7017,1]},
{"frame":3,"values":[0.9937,0.0455,0.1024,0,-0.0317,0.9907,-0.1326,0,-0.1075,0.1285,0.9859,0,0,9.9955,2.7017,1]},
{"frame":4,"values":[0.9785,0.075,0.192,0,-0.0535,0.992,-0.1147,0,-0.1991,0.102,0.9747,0,0,9.9955,2.7017,1]},
{"frame":5,"values":[0.9555,0.0953,0.2792,0,-0.0741,0.9936,-0.0854,0,-0.2855,0.0609,0.9564,0,0,9.9955,2.7017,1]},
{"frame":6,"values":[0.9324,0.1074,0.3451,0,-0.0923,0.9939,-0.0598,0,-0.3494,0.0239,0.9367,0,0,9.9955,2.7017,1]},
{"frame":7,"values":[0.9155,0.118,0.3846,0,-0.1082,0.993,-0.0471,0,-0.3874,0.0015,0.9219,0,0,9.9955,2.7017,1]},
{"frame":8,"values":[0.9047,0.1295,0.406,0,-0.1228,0.9915,-0.0425,0,-0.408,-0.0114,0.9129,0,0,9.9955,2.7017,1]},
{"frame":9,"values":[0.9016,0.1384,0.4099,0,-0.133,0.9902,-0.0419,0,-0.4117,-0.0167,0.9112,0,0,9.9955,2.7017,1]},
{"frame":10,"values":[0.9018,0.144,0.4074,0,-0.1393,0.9894,-0.0412,0,-0.409,-0.0197,0.9123,0,0,9.9955,2.7017,1]},
{"frame":11,"values":[0.9031,0.1466,0.4037,0,-0.1424,0.989,-0.0406,0,-0.4052,-0.0209,0.914,0,0,9.9955,2.7017,1]},
{"frame":12,"values":[0.9048,0.1494,0.3987,0,-0.1446,0.9886,-0.0423,0,-0.4005,-0.0194,0.9161,0,0,9.9955,2.7017,1]},
{"frame":13,"values":[0.9091,0.1565,0.386,0,-0.1487,0.9876,-0.0502,0,-0.3891,-0.0117,0.9211,0,0,9.9955,2.7017,1]},
{"frame":14,"values":[0.9202,0.1613,0.3567,0,-0.1499,0.9869,-0.0598,0,-0.3617,0.0015,0.9323,0,0,9.9955,2.7017,1]},
{"frame":15,"values":[0.9372,0.1491,0.3152,0,-0.136,0.9887,-0.0632,0,-0.3211,0.0164,0.9469,0,0,9.9955,2.7017,1]},
{"frame":16,"values":[0.9545,0.1263,0.2703,0,-0.1129,0.9915,-0.0647,0,-0.2762,0.0312,0.9606,0,0,9.9955,2.7017,1]},
{"frame":17,"values":[0.9693,0.1033,0.2233,0,-0.0885,0.9932,-0.0755,0,-0.2296,0.0534,0.9718,0,0,9.9955,2.7017,1]},
{"frame":18,"values":[0.9812,0.0798,0.176,0,-0.0643,0.9937,-0.0918,0,-0.1822,0.0787,0.9801,0,0,9.9955,2.7017,1]},
{"frame":19,"values":[0.9899,0.0573,0.1293,0,-0.0439,0.9936,-0.1041,0,-0.1345,0.0974,0.9861,0,0,9.9955,2.7017,1]},
{"frame":20,"values":[0.9958,0.0375,0.0836,0,-0.028,0.9933,-0.112,0,-0.0872,0.1092,0.9902,0,0,9.9955,2.7017,1]},
{"frame":21,"values":[0.9989,0.0225,0.04,0,-0.0177,0.993,-0.1172,0,-0.0424,0.1164,0.9923,0,0,9.9955,2.7017,1]},
{"frame":22,"values":[1,0.006,-0.0007,0,-0.0061,0.9921,-0.1257,0,-0.0001,0.1257,0.9921,0,0,9.9955,2.7017,1]},
{"frame":23,"values":[0.9997,-0.0046,-0.0236,0,0.0014,0.9913,-0.1317,0,0.024,0.1316,0.991,0,0,9.9955,2.7017,1]}],"loopBehavior":1,"name":"anim","property":"_matrix"}},
{"name":"HeadTop_End","index":6,"matrix":[1,0,0,0,0,1,0,0,0,0,1,0,0,31.2072,3.7118,1],"rest":[1,0,0,0,0,1,0,0,0,0,1,0,0,31.2072,3.7118,1],"parentBoneIndex":5,"length":31.4272
,"animation":{"dataType":3,"framePerSecond":24,"keys":[
{"frame":1,"values":[1,0,0,0,0,1,0,0,0,0,1,0,0,31.2072,3.7118,1]},
{"frame":23,"values":[1,0,0,0,0,1,0,0,0,0,1,0,0,31.2072,3.7118,1]}],"loopBehavior":1,"name":"anim","property":"_matrix"}},
{"name":"LeftShoulder","index":7,"matrix":[0.9393,-0.1804,0.2919,0,0.167,0.9834,0.0704,0,-0.2997,-0.0174,0.9539,0,6.1723,17.8795,-2.6384,1],"rest":[1,-0.0039,0,0,0.0039,1,0,0,0,0,1,0,6.1723,17.8795,-2.6384,1],"parentBoneIndex":3,"length":6.4566
,"animation":{"dataType":3,"framePerSecond":24,"keys":[
{"frame":1,"values":[0.9393,-0.1804,0.2919,0,0.167,0.9834,0.0704,0,-0.2997,-0.0174,0.9539,0,6.1723,17.8795,-2.6384,1]},
{"frame":2,"values":[0.9398,-0.1754,0.2932,0,0.1618,0.9843,0.0704,0,-0.301,-0.0187,0.9534,0,6.1723,17.8795,-2.6384,1]},
{"frame":3,"values":[0.9406,-0.1709,0.2934,0,0.1571,0.9851,0.0701,0,-0.301,-0.0199,0.9534,0,6.1723,17.8795,-2.6384,1]},
{"frame":4,"values":[0.9415,-0.1683,0.292,0,0.1545,0.9855,0.0697,0,-0.2995,-0.0205,0.9539,0,6.1723,17.8795,-2.6384,1]},
{"frame":5,"values":[0.9421,-0.1679,0.2904,0,0.1542,0.9856,0.0695,0,-0.2979,-0.0206,0.9544,0,6.1723,17.8795,-2.6384,1]},
{"frame":6,"values":[0.9422,-0.1689,0.2893,0,0.1554,0.9854,0.0694,0,-0.2968,-0.0204,0.9547,0,6.1723,17.8795,-2.6384,1]},
{"frame":7,"values":[0.9426,-0.1705,0.2872,0,0.1572,0.9851,0.0691,0,-0.2947,-0.02,0.9554,0,6.1723,17.8795,-2.6384,1]},
{"frame":8,"values":[0.9436,-0.1725,0.2827,0,0.1596,0.9848,0.0685,0,-0.2902,-0.0195,0.9568,0,6.1723,17.8795,-2.6384,1]},
{"frame":9,"values":[0.9448,-0.1739,0.2778,0,0.1614,0.9846,0.0677,0,-0.2852,-0.0191,0.9583,0,6.1723,17.8795,-2.6384,1]},
{"frame":10,"values":[0.9442,-0.1738,0.2796,0,0.1615,0.9846,0.0667,0,-0.2869,-0.0178,0.9578,0,6.1723,17.8795,-2.6384,1]},
{"frame":11,"values":[0.941,-0.1737,0.2905,0,0.1614,0.9847,0.0658,0,-0.2975,-0.015,0.9546,0,6.1723,17.8795,-2.6384,1]},
{"frame":12,"values":[0.936,-0.1757,0.3051,0,0.1635,0.9844,0.0655,0,-0.3119,-0.0114,0.9501,0,6.1723,17.8795,-2.6384,1]},
{"frame":13,"values":[0.9325,-0.1785,0.3141,0,0.1664,0.9839,0.0653,0,-0.3207,-0.0087,0.9472,0,6.1723,17.8795,-2.6384,1]},
{"frame":14,"values":[0.9335,-0.1799,0.3103,0,0.1679,0.9836,0.0654,0,-0.317,-0.009,0.9484,0,6.1723,17.8795,-2.6384,1]},
{"frame":15,"values":[0.9372,-0.1818,0.2977,0,0.1697,0.9833,0.0662,0,-0.3048,-0.0115,0.9524,0,6.1723,17.8795,-2.6384,1]},
{"frame":16,"values":[0.9408,-0.1866,0.2828,0,0.1743,0.9823,0.0683,0,-0.2906,-0.015,0.9567,0,6.1723,17.8795,-2.6384,1]},
{"frame":17,"values":[0.9399,-0.1929,0.2816,0,0.1806,0.9811,0.0693,0,-0.2897,-0.0143,0.957,0,6.1723,17.8795,-2.6384,1]},
{"frame":18,"values":[0.9364,-0.2055,0.2845,0,0.1932,0.9786,0.0707,0,-0.293,-0.0112,0.9561,0,6.1723,17.8795,-2.6384,1]},
{"frame":19,"values":[0.9332,-0.2189,0.2849,0,0.2068,0.9757,0.0722,0,-0.2938,-0.0085,0.9558,0,6.1723,17.8795,-2.6384,1]},
{"frame":20,"values":[0.9328,-0.2245,0.2818,0,0.2124,0.9744,0.0733,0,-0.291,-0.0086,0.9567,0,6.1723,17.8795,-2.6384,1]},
{"frame":21,"values":[0.9231,-0.2314,0.307,0,0.22,0.9728,0.072,0,-0.3153,0.0011,0.949,0,6.1723,17.8795,-2.6384,1]},
{"frame":22,"values":[0.9126,-0.2423,0.3293,0,0.231,0.9702,0.0736,0,-0.3373,0.0089,0.9413,0,6.1723,17.8795,-2.6384,1]},
{"frame":23,"values":[0.9076,-0.2489,0.338,0,0.2375,0.9685,0.0755,0,-0.3461,0.0118,0.9381,0,6.1723,17.8795,-2.6384,1]}],"loopBehavior":1,"name":"anim","property":"_matrix"}},
{"name":"LeftArm","index":8,"matrix":[0.4648,-0.8717,0.1556,0,0.8097,0.4895,0.3236,0,-0.3582,-0.0244,0.9333,0,6.0747,-1.0059,-1.9427,1],"rest":[0.9995,0.0084,0.0302,0,-0.0084,1,-0.0001,0,-0.0302,-0.0002,0.9995,0,6.0747,-1.0059,-1.9427,1],"parentBoneIndex":7,"length":27.264
,"animation":{"dataType":3,"framePerSecond":24,"keys":[
{"frame":1,"values":[0.4648,-0.8717,0.1556,0,0.8097,0.4895,0.3236,0,-0.3582,-0.0244,0.9333,0,6.0747,-1.0059,-1.9427,1]},
{"frame":2,"values":[0.4739,-0.8685,0.1454,0,0.8042,0.4941,0.3304,0,-0.3588,-0.0397,0.9326,0,6.0747,-1.0059,-1.9427,1]},
{"frame":3,"values":[0.4884,-0.863,0.1295,0,0.7995,0.502,0.3298,0,-0.3496,-0.0575,0.9351,0,6.0747,-1.0059,-1.9427,1]},
{"frame":4,"values":[0.5064,-0.8552,0.1104,0,0.7947,0.5126,0.3251,0,-0.3346,-0.0769,0.9392,0,6.0747,-1.0059,-1.9427,1]},
{"frame":5,"values":[0.5256,-0.8458,0.0916,0,0.7877,0.5245,0.3231,0,-0.3213,-0.0977,0.9419,0,6.0747,-1.0059,-1.9427,1]},
{"frame":6,"values":[0.5436,-0.836,0.0752,0,0.7798,0.5362,0.3231,0,-0.3104,-0.117,0.9434,0,6.0747,-1.0059,-1.9427,1]},
{"frame":7,"values":[0.5593,-0.8267,0.0609,0,0.7732,0.5467,0.3214,0,-0.299,-0.1326,0.945,0,6.0747,-1.0059,-1.9427,1]},
{"frame":8,"values":[0.5734,-0.818,0.0451,0,0.7678,0.5558,0.3186,0,-0.2857,-0.1481,0.9468,0,6.0747,-1.0059,-1.9427,1]},
{"frame":9,"values":[0.5872,-0.809,0.0263,0,0.7626,0.5639,0.317,0,-0.2713,-0.1661,0.948,0,6.0747,-1.0059,-1.9427,1]},
{"frame":10,"values":[0.602,-0.7985,0.0086,0,0.7575,0.5744,0.3102,0,-0.2526,-0.1802,0.9506,0,6.0747,-1.0059,-1.9427,1]},
{"frame":11,"values":[0.6173,-0.7868,-0.0014,0,0.7529,0.5902,0.2914,0,-0.2284,-0.1809,0.9566,0,6.0747,-1.0059,-1.9427,1]},
{"frame":12,"values":[0.6346,-0.7728,-0.0061,0,0.7454,0.6099,0.269,0,-0.2041,-0.1752,0.9631,0,6.0747,-1.0059,-1.9427,1]},
{"frame":13,"values":[0.6531,-0.7572,-0.0095,0,0.734,0.6298,0.2542,0,-0.1865,-0.173,0.9671,0,6.0747,-1.0059,-1.9427,1]},
{"frame":14,"values":[0.6641,-0.7477,-0.0067,0,0.7265,0.6431,0.2423,0,-0.1768,-0.1658,0.9702,0,6.0747,-1.0059,-1.9427,1]},
{"frame":15,"values":[0.6632,-0.7483,0.0104,0,0.7261,0.6467,0.2336,0,-0.1815,-0.1474,0.9723,0,6.0747,-1.0059,-1.9427,1]},
{"frame":16,"values":[0.6553,-0.7542,0.0417,0,0.7262,0.6442,0.24,0,-0.2079,-0.127,0.9699,0,6.0747,-1.0059,-1.9427,1]},
{"frame":17,"values":[0.6416,-0.7638,0.0708,0,0.7285,0.6357,0.2553,0,-0.24,-0.1122,0.9643,0,6.0747,-1.0059,-1.9427,1]},
{"frame":18,"values":[0.6264,-0.7748,0.0849,0,0.7393,0.6251,0.2503,0,-0.247,-0.0941,0.9644,0,6.0747,-1.0059,-1.9427,1]},
{"frame":19,"values":[0.607,-0.789,0.0948,0,0.7572,0.6105,0.2323,0,-0.2412,-0.0692,0.968,0,6.0747,-1.0059,-1.9427,1]},
{"frame":20,"values":[0.5798,-0.807,0.112,0,0.7748,0.5886,0.2306,0,-0.252,-0.047,0.9666,0,6.0747,-1.0059,-1.9427,1]},
{"frame":21,"values":[0.5502,-0.8271,0.1146,0,0.7916,0.5604,0.2435,0,-0.2657,-0.0432,0.9631,0,6.0747,-1.0059,-1.9427,1]},
{"frame":22,"values":[0.5366,-0.8365,0.1115,0,0.7944,0.5452,0.2677,0,-0.2847,-0.0551,0.957,0,6.0747,-1.0059,-1.9427,1]},
{"frame":23,"values":[0.5321,-0.8395,0.1104,0,0.7925,0.5397,0.2841,0,-0.2981,-0.0636,0.9524,0,6.0747,-1.0059,-1.9427,1]}],"loopBehavior":1,"name":"anim","property":"_matrix"}},
{"name":"LeftForeArm","index":9,"matrix":[1,-0.0045,-0.0054,0,0.0044,1,-0.0055,0,0.0054,0.0055,1,0,27.2512,-0.1236,-0.8243,1],"rest":[0.9995,-0.0045,-0.0302,0,0.0045,1,-0.0001,0,0.0302,-0.0001,0.9995,0,27.2512,-0.1236,-0.8243,1],"parentBoneIndex":8,"length":27.5147
,"animation":{"dataType":3,"framePerSecond":24,"keys":[
{"frame":1,"values":[1,-0.0045,-0.0054,0,0.0044,1,-0.0055,0,0.0054,0.0055,1,0,27.2512,-0.1236,-0.8243,1]},
{"frame":2,"values":[1,-0.0044,0.0016,0,0.0044,1,-0.007,0,-0.0015,0.007,1,0,27.2512,-0.1236,-0.8243,1]},
{"frame":3,"values":[0.9999,-0.0043,0.0123,0,0.0045,0.9999,-0.0093,0,-0.0122,0.0094,0.9999,0,27.2512,-0.1236,-0.8243,1]},
{"frame":4,"values":[0.9997,-0.0042,0.0247,0,0.0045,0.9999,-0.012,0,-0.0246,0.0122,0.9996,0,27.2512,-0.1236,-0.8243,1]},
{"frame":5,"values":[0.9993,-0.004,0.037,0,0.0046,0.9999,-0.0147,0,-0.0369,0.0149,0.9992,0,27.2512,-0.1236,-0.8243,1]},
{"frame":6,"values":[0.9988,-0.0038,0.049,0,0.0047,0.9998,-0.0174,0,-0.049,0.0176,0.9986,0,27.2512,-0.1236,-0.8243,1]},
{"frame":7,"values":[0.9979,-0.0035,0.0651,0,0.0049,0.9998,-0.0209,0,-0.065,0.0211,0.9977,0,27.2512,-0.1236,-0.8243,1]},
{"frame":8,"values":[0.9962,-0.003,0.0876,0,0.0053,0.9997,-0.0258,0,-0.0875,0.0261,0.9958,0,27.2512,-0.1236,-0.8243,1]},
{"frame":9,"values":[0.9939,-0.0024,0.1099,0,0.0058,0.9995,-0.0306,0,-0.1098,0.0311,0.9935,0,27.2512,-0.1236,-0.8243,1]},
{"frame":10,"values":[0.9925,-0.002,0.1223,0,0.0061,0.9994,-0.0333,0,-0.1221,0.0338,0.9919,0,27.2512,-0.1236,-0.8243,1]},
{"frame":11,"values":[0.9923,-0.0019,0.1242,0,0.0061,0.9994,-0.0337,0,-0.124,0.0342,0.9917,0,27.2512,-0.1236,-0.8243,1]},
{"frame":12,"values":[0.992,-0.0018,0.1265,0,0.0062,0.9994,-0.0342,0,-0.1263,0.0347,0.9914,0,27.2512,-0.1236,-0.8243,1]},
{"frame":13,"values":[0.9912,-0.0016,0.1321,0,0.0063,0.9994,-0.0355,0,-0.132,0.036,0.9906,0,27.2512,-0.1236,-0.8243,1]},
{"frame":14,"values":[0.9916,-0.0017,0.1293,0,0.0063,0.9994,-0.0348,0,-0.1291,0.0354,0.991,0,27.2512,-0.1236,-0.8243,1]},
{"frame":15,"values":[0.9936,-0.0023,0.1125,0,0.0058,0.9995,-0.0312,0,-0.1124,0.0316,0.9932,0,27.2512,-0.1236,-0.8243,1]},
{"frame":16,"values":[0.9956,-0.0028,0.0942,0,0.0054,0.9996,-0.0272,0,-0.0941,0.0276,0.9952,0,27.2512,-0.1236,-0.8243,1]},
{"frame":17,"values":[0.9965,-0.0031,0.083,0,0.0052,0.9997,-0.0247,0,-0.0828,0.0251,0.9962,0,27.2512,-0.1236,-0.8243,1]},
{"frame":18,"values":[0.9974,-0.0034,0.0722,0,0.005,0.9997,-0.0224,0,-0.0721,0.0227,0.9971,0,27.2512,-0.1236,-0.8243,1]},
{"frame":19,"values":[0.9985,-0.0037,0.0549,0,0.0048,0.9998,-0.0186,0,-0.0548,0.0189,0.9983,0,27.2512,-0.1236,-0.8243,1]},
{"frame":20,"values":[0.9994,-0.0041,0.0354,0,0.0046,0.9999,-0.0144,0,-0.0354,0.0145,0.9993,0,27.2512,-0.1236,-0.8243,1]},
{"frame":21,"values":[0.9998,-0.0043,0.0192,0,0.0045,0.9999,-0.0108,0,-0.0191,0.0109,0.9998,0,27.2512,-0.1236,-0.8243,1]},
{"frame":22,"values":[1,-0.0044,0.0037,0,0.0044,1,-0.0075,0,-0.0037,0.0075,1,0,27.2512,-0.1236,-0.8243,1]},
{"frame":23,"values":[1,-0.0045,-0.0054,0,0.0044,1,-0.0055,0,0.0054,0.0055,1,0,27.2512,-0.1236,-0.8243,1]}],"loopBehavior":1,"name":"anim","property":"_matrix"}},
{"name":"LeftHand","index":10,"matrix":[0.9947,-0.1008,-0.0186,0,0.0747,0.8376,-0.5412,0,0.0702,0.5369,0.8407,0,27.5147,0,0,1],"rest":[1,0,0,0,0,1,0.0006,0,0,-0.0006,1,0,27.5147,0,0,1],"parentBoneIndex":9,"length":10.1836
,"animation":{"dataType":3,"framePerSecond":24,"keys":[
{"frame":1,"values":[0.9947,-0.1008,-0.0186,0,0.0747,0.8376,-0.5412,0,0.0702,0.5369,0.8407,0,27.5147,0,0,1]},
{"frame":2,"values":[0.9947,-0.0999,-0.0234,0,0.0709,0.8339,-0.5473,0,0.0741,0.5428,0.8366,0,27.5147,0,0,1]},
{"frame":3,"values":[0.9946,-0.0974,-0.0355,0,0.0615,0.8303,-0.5539,0,0.0835,0.5487,0.8318,0,27.5147,0,0,1]},
{"frame":4,"values":[0.9938,-0.0949,-0.057,0,0.0468,0.8267,-0.5607,0,0.1004,0.5546,0.826,0,27.5147,0,0,1]},
{"frame":5,"values":[0.9921,-0.0913,-0.0857,0,0.0272,0.8253,-0.564,0,0.1222,0.5573,0.8213,0,27.5147,0,0,1]},
{"frame":6,"values":[0.9897,-0.0826,-0.1169,0,0.0034,0.83,-0.5578,0,0.1431,0.5516,0.8217,0,27.5147,0,0,1]},
{"frame":7,"values":[0.9875,-0.0685,-0.1421,0,-0.0194,0.8411,-0.5405,0,0.1565,0.5365,0.8293,0,27.5147,0,0,1]},
{"frame":8,"values":[0.9866,-0.0509,-0.1553,0,-0.0372,0.8552,-0.517,0,0.1591,0.5158,0.8418,0,27.5147,0,0,1]},
{"frame":9,"values":[0.9863,-0.0306,-0.1622,0,-0.0539,0.869,-0.4919,0,0.156,0.4939,0.8554,0,27.5147,0,0,1]},
{"frame":10,"values":[0.9846,-0.0124,-0.1744,0,-0.0708,0.8837,-0.4627,0,0.1599,0.4679,0.8692,0,27.5147,0,0,1]},
{"frame":11,"values":[0.9813,-0.0022,-0.1924,0,-0.0822,0.8992,-0.4298,0,0.174,0.4376,0.8822,0,27.5147,0,0,1]},
{"frame":12,"values":[0.9782,0.0036,-0.2078,0,-0.0901,0.9084,-0.4083,0,0.1873,0.4181,0.8889,0,27.5147,0,0,1]},
{"frame":13,"values":[0.9759,0.0127,-0.2178,0,-0.103,0.9068,-0.4088,0,0.1923,0.4214,0.8863,0,27.5147,0,0,1]},
{"frame":14,"values":[0.9742,0.018,-0.2248,0,-0.1131,0.9013,-0.4181,0,0.1951,0.4327,0.8802,0,27.5147,0,0,1]},
{"frame":15,"values":[0.9745,0.003,-0.2244,0,-0.1016,0.8975,-0.4292,0,0.2001,0.441,0.8749,0,27.5147,0,0,1]},
{"frame":16,"values":[0.9779,-0.0245,-0.2074,0,-0.0718,0.8931,-0.4441,0,0.1961,0.4492,0.8716,0,27.5147,0,0,1]},
{"frame":17,"values":[0.984,-0.0443,-0.1724,0,-0.0406,0.8873,-0.4594,0,0.1733,0.4591,0.8713,0,27.5147,0,0,1]},
{"frame":18,"values":[0.9898,-0.0573,-0.1303,0,-0.0111,0.8816,-0.4719,0,0.1419,0.4685,0.872,0,27.5147,0,0,1]},
{"frame":19,"values":[0.9933,-0.0748,-0.0885,0,0.023,0.8756,-0.4824,0,0.1135,0.4772,0.8715,0,27.5147,0,0,1]},
{"frame":20,"values":[0.9946,-0.091,-0.0499,0,0.0549,0.8689,-0.4919,0,0.0881,0.4865,0.8692,0,27.5147,0,0,1]},
{"frame":21,"values":[0.9949,-0.0983,-0.0227,0,0.0735,0.8601,-0.5048,0,0.0692,0.5005,0.863,0,27.5147,0,0,1]},
{"frame":22,"values":[0.9948,-0.1002,-0.0177,0,0.0759,0.8465,-0.5269,0,0.0678,0.5228,0.8498,0,27.5147,0,0,1]},
{"frame":23,"values":[0.9947,-0.1008,-0.0186,0,0.0747,0.8376,-0.5412,0,0.0702,0.5369,0.8407,0,27.5147,0,0,1]}],"loopBehavior":1,"name":"anim","property":"_matrix"}},
{"name":"LeftHandThumb1","index":11,"matrix":[0.9969,0.0781,-0.0134,0,-0.0779,0.9968,0.0174,0,0.0147,-0.0163,0.9998,0,4.2092,-0.2988,5.1387,1],"rest":[1,0.0002,0.0002,0,-0.0002,1,-0.0002,0,-0.0002,0.0002,1,0,4.2092,-0.2988,5.1387,1],"parentBoneIndex":10,"length":1.9313
,"animation":{"dataType":3,"framePerSecond":24,"keys":[
{"frame":1,"values":[0.9969,0.0781,-0.0134,0,-0.0779,0.9968,0.0174,0,0.0147,-0.0163,0.9998,0,4.2092,-0.2988,5.1387,1]},
{"frame":23,"values":[0.9969,0.0781,-0.0134,0,-0.0779,0.9968,0.0174,0,0.0147,-0.0163,0.9998,0,4.2092,-0.2988,5.1387,1]}],"loopBehavior":1,"name":"anim","property":"_matrix"}},
{"name":"LeftHandThumb2","index":12,"matrix":[0.877,0.4075,-0.2545,0,-0.3175,0.8891,0.3296,0,0.3606,-0.2082,0.9092,0,1.496,-0.8637,0.8637,1],"rest":[0.9982,0.052,0.0284,0,-0.0507,0.9976,-0.0475,0,-0.0308,0.046,0.9985,0,1.496,-0.8637,0.8637,1],"parentBoneIndex":11,"length":2.3416
,"animation":{"dataType":3,"framePerSecond":24,"keys":[
{"frame":1,"values":[0.877,0.4075,-0.2545,0,-0.3175,0.8891,0.3296,0,0.3606,-0.2082,0.9092,0,1.496,-0.8637,0.8637,1]},
{"frame":2,"values":[0.8774,0.4072,-0.2536,0,-0.3177,0.8894,0.3288,0,0.3595,-0.2079,0.9097,0,1.496,-0.8637,0.8637,1]},
{"frame":3,"values":[0.8769,0.4068,-0.2559,0,-0.316,0.8892,0.3308,0,0.3622,-0.2092,0.9083,0,1.496,-0.8637,0.8637,1]},
{"frame":4,"values":[0.8769,0.4065,-0.2565,0,-0.3151,0.8891,0.3321,0,0.3631,-0.2104,0.9077,0,1.496,-0.8637,0.8637,1]},
{"frame":5,"values":[0.8765,0.4064,-0.2582,0,-0.314,0.889,0.3333,0,0.3649,-0.211,0.9068,0,1.496,-0.8637,0.8637,1]},
{"frame":6,"values":[0.877,0.406,-0.2568,0,-0.3144,0.8893,0.3322,0,0.3632,-0.2106,0.9076,0,1.496,-0.8637,0.8637,1]},
{"frame":7,"values":[0.8785,0.4051,-0.2534,0,-0.3156,0.8901,0.3287,0,0.3587,-0.2088,0.9098,0,1.496,-0.8637,0.8637,1]},
{"frame":8,"values":[0.8805,0.4044,-0.2474,0,-0.3184,0.8911,0.3234,0,0.3512,-0.206,0.9134,0,1.496,-0.8637,0.8637,1]},
{"frame":9,"values":[0.8837,0.403,-0.238,0,-0.3198,0.8913,0.3215,0,0.3417,-0.2079,0.9165,0,1.496,-0.8637,0.8637,1]},
{"frame":10,"values":[0.8821,0.403,-0.2438,0,-0.3157,0.89,0.3291,0,0.3496,-0.2133,0.9123,0,1.496,-0.8637,0.8637,1]},
{"frame":11,"values":[0.8827,0.4036,-0.2408,0,-0.3174,0.8898,0.3279,0,0.3467,-0.213,0.9135,0,1.496,-0.8637,0.8637,1]},
{"frame":12,"values":[0.8901,0.3972,-0.2233,0,-0.3138,0.8897,0.3318,0,0.3305,-0.2252,0.9165,0,1.496,-0.8637,0.8637,1]},
{"frame":13,"values":[0.8906,0.3959,-0.2236,0,-0.3125,0.8902,0.3316,0,0.3303,-0.2255,0.9165,0,1.496,-0.8637,0.8637,1]},
{"frame":14,"values":[0.8861,0.3996,-0.2348,0,-0.3118,0.8888,0.336,0,0.343,-0.2245,0.9121,0,1.496,-0.8637,0.8637,1]},
{"frame":15,"values":[0.8848,0.4022,-0.2355,0,-0.3154,0.8887,0.3328,0,0.3431,-0.2202,0.9131,0,1.496,-0.8637,0.8637,1]},
{"frame":16,"values":[0.8859,0.4013,-0.2326,0,-0.3149,0.8885,0.3337,0,0.3406,-0.2224,0.9135,0,1.496,-0.8637,0.8637,1]},
{"frame":17,"values":[0.8847,0.4014,-0.2369,0,-0.3128,0.8881,0.3368,0,0.3455,-0.2239,0.9113,0,1.496,-0.8637,0.8637,1]},
{"frame":18,"values":[0.8844,0.4016,-0.2376,0,-0.3126,0.8879,0.3374,0,0.3465,-0.2242,0.9109,0,1.496,-0.8637,0.8637,1]},
{"frame":19,"values":[0.8841,0.4013,-0.2395,0,-0.3108,0.8876,0.34,0,0.349,-0.2262,0.9094,0,1.496,-0.8637,0.8637,1]},
{"frame":20,"values":[0.885,0.4003,-0.2379,0,-0.3103,0.8879,0.3396,0,0.3472,-0.2267,0.91,0,1.496,-0.8637,0.8637,1]},
{"frame":21,"values":[0.8871,0.3985,-0.2328,0,-0.3109,0.8888,0.3367,0,0.3411,-0.2263,0.9124,0,1.496,-0.8637,0.8637,1]},
{"frame":22,"values":[0.8816,0.4034,-0.2449,0,-0.3143,0.889,0.3329,0,0.352,-0.2165,0.9106,0,1.496,-0.8637,0.8637,1]},
{"frame":23,"values":[0.877,0.4075,-0.2545,0,-0.3175,0.8891,0.3296,0,0.3606,-0.2082,0.9092,0,1.496,-0.8637,0.8637,1]}],"loopBehavior":1,"name":"anim","property":"_matrix"}},
{"name":"LeftHandThumb3","index":13,"matrix":[0.985,0.0972,-0.1425,0,-0.1198,0.9799,-0.1598,0,0.1241,0.1745,0.9768,0,1.7859,-1.1863,0.9415,1],"rest":[0.9982,-0.0507,-0.0308,0,0.052,0.9976,0.046,0,0.0284,-0.0475,0.9985,0,1.7859,-1.1863,0.9415,1],"parentBoneIndex":12,"length":4.3787
,"animation":{"dataType":3,"framePerSecond":24,"keys":[
{"frame":1,"values":[0.985,0.0972,-0.1425,0,-0.1198,0.9799,-0.1598,0,0.1241,0.1745,0.9768,0,1.7859,-1.1863,0.9415,1]},
{"frame":2,"values":[0.985,0.0973,-0.1427,0,-0.1199,0.9799,-0.1597,0,0.1243,0.1744,0.9768,0,1.7859,-1.1863,0.9415,1]},
{"frame":3,"values":[0.985,0.0972,-0.1425,0,-0.1198,0.9798,-0.1598,0,0.1241,0.1745,0.9768,0,1.7859,-1.1863,0.9415,1]},
{"frame":4,"values":[0.985,0.0972,-0.1423,0,-0.1198,0.9798,-0.1599,0,0.1239,0.1746,0.9768,0,1.7859,-1.1863,0.9415,1]},
{"frame":5,"values":[0.985,0.0972,-0.1424,0,-0.1198,0.9798,-0.1599,0,0.1239,0.1746,0.9768,0,1.7859,-1.1863,0.9415,1]},
{"frame":6,"values":[0.9851,0.0972,-0.1422,0,-0.1198,0.9798,-0.16,0,0.1238,0.1747,0.9768,0,1.7859,-1.1863,0.9415,1]},
{"frame":7,"values":[0.985,0.0972,-0.1423,0,-0.1198,0.9798,-0.16,0,0.1238,0.1746,0.9768,0,1.7859,-1.1863,0.9415,1]},
{"frame":8,"values":[0.985,0.0972,-0.1423,0,-0.1198,0.9798,-0.1599,0,0.1239,0.1746,0.9768,0,1.7859,-1.1863,0.9415,1]},
{"frame":9,"values":[0.9851,0.0972,-0.142,0,-0.1197,0.9798,-0.1602,0,0.1236,0.1748,0.9768,0,1.7859,-1.1863,0.9415,1]},
{"frame":10,"values":[0.9851,0.0972,-0.1421,0,-0.1198,0.9798,-0.1601,0,0.1237,0.1747,0.9768,0,1.7859,-1.1863,0.9415,1]},
{"frame":11,"values":[0.985,0.0972,-0.1422,0,-0.1198,0.9798,-0.16,0,0.1238,0.1746,0.9768,0,1.7859,-1.1863,0.9415,1]},
{"frame":12,"values":[0.9852,0.0976,-0.1409,0,-0.12,0.9797,-0.1607,0,0.1224,0.1753,0.9769,0,1.7859,-1.1863,0.9415,1]},
{"frame":13,"values":[0.9852,0.0981,-0.1404,0,-0.1202,0.9799,-0.1594,0,0.1219,0.1739,0.9772,0,1.7859,-1.1863,0.9415,1]},
{"frame":14,"values":[0.9851,0.0974,-0.1417,0,-0.1199,0.9798,-0.1603,0,0.1232,0.1749,0.9768,0,1.7859,-1.1863,0.9415,1]},
{"frame":15,"values":[0.9851,0.0973,-0.1421,0,-0.1199,0.9798,-0.1601,0,0.1237,0.1747,0.9768,0,1.7859,-1.1863,0.9415,1]},
{"frame":16,"values":[0.9851,0.0973,-0.1419,0,-0.1198,0.9798,-0.1602,0,0.1235,0.1748,0.9768,0,1.7859,-1.1863,0.9415,1]},
{"frame":17,"values":[0.9851,0.0973,-0.1419,0,-0.1198,0.9798,-0.1603,0,0.1234,0.1749,0.9768,0,1.7859,-1.1863,0.9415,1]},
{"frame":18,"values":[0.9851,0.0973,-0.1419,0,-0.1199,0.9798,-0.1602,0,0.1234,0.1749,0.9768,0,1.7859,-1.1863,0.9415,1]},
{"frame":19,"values":[0.9851,0.0974,-0.1416,0,-0.1199,0.9797,-0.1604,0,0.1232,0.175,0.9768,0,1.7859,-1.1863,0.9415,1]},
{"frame":20,"values":[0.9852,0.0976,-0.1411,0,-0.12,0.9798,-0.1602,0,0.1226,0.1747,0.9769,0,1.7859,-1.1863,0.9415,1]},
{"frame":21,"values":[0.9852,0.0979,-0.1407,0,-0.1201,0.9798,-0.1598,0,0.1223,0.1743,0.9771,0,1.7859,-1.1863,0.9415,1]},
{"frame":22,"values":[0.9851,0.0974,-0.1415,0,-0.1198,0.9799,-0.1594,0,0.1231,0.174,0.977,0,1.7859,-1.1863,0.9415,1]},
{"frame":23,"values":[0.9851,0.0973,-0.142,0,-0.1197,0.98,-0.159,0,0.1237,0.1736,0.977,0,1.7859,-1.1863,0.9415,1]}],"loopBehavior":1,"name":"anim","property":"_matrix"}},
{"name":"LeftHandThumb4","index":14,"matrix":[1,0,0,0,0,1,0,0,0,0,1,0,3.3918,-1.9582,1.9582,1],"rest":[1,0,0,0,0,1,0,0,0,0,1,0,3.3918,-1.9582,1.9582,1],"parentBoneIndex":13,"length":4.3787
,"animation":{"dataType":3,"framePerSecond":24,"keys":[
{"frame":1,"values":[1,0,0,0,0,1,0,0,0,0,1,0,3.3918,-1.9582,1.9582,1]},
{"frame":23,"values":[1,0,0,0,0,1,0,0,0,0,1,0,3.3918,-1.9582,1.9582,1]}],"loopBehavior":1,"name":"anim","property":"_matrix"}},
{"name":"LeftHandIndex1","index":15,"matrix":[0.9912,-0.1316,0.0168,0,0.1318,0.9912,-0.0127,0,-0.015,0.0148,0.9998,0,11.0606,-0.132,2.3806,1],"rest":[1,0,0,0,0,1,0,0,0,0,1,0,11.0606,-0.132,2.3806,1],"parentBoneIndex":10,"length":2.4579
,"animation":{"dataType":3,"framePerSecond":24,"keys":[
{"frame":1,"values":[0.9912,-0.1316,0.0168,0,0.1318,0.9912,-0.0127,0,-0.015,0.0148,0.9998,0,11.0606,-0.132,2.3806,1]},
{"frame":2,"values":[0.991,-0.1324,0.0173,0,0.1326,0.9911,-0.0132,0,-0.0154,0.0154,0.9998,0,11.0606,-0.132,2.3806,1]},
{"frame":3,"values":[0.9908,-0.1345,0.0169,0,0.1347,0.9908,-0.0133,0,-0.015,0.0155,0.9998,0,11.0606,-0.132,2.3806,1]},
{"frame":4,"values":[0.9905,-0.1368,0.0167,0,0.137,0.9905,-0.0134,0,-0.0147,0.0155,0.9998,0,11.0606,-0.132,2.3806,1]},
{"frame":5,"values":[0.9904,-0.137,0.0167,0,0.1372,0.9905,-0.0133,0,-0.0147,0.0155,0.9998,0,11.0606,-0.132,2.3806,1]},
{"frame":6,"values":[0.9902,-0.1385,0.0169,0,0.1387,0.9902,-0.0137,0,-0.0149,0.0159,0.9998,0,11.0606,-0.132,2.3806,1]},
{"frame":7,"values":[0.9897,-0.1423,0.0173,0,0.1425,0.9897,-0.0146,0,-0.0151,0.0169,0.9997,0,11.0606,-0.132,2.3806,1]},
{"frame":8,"values":[0.9896,-0.1426,0.0177,0,0.1429,0.9896,-0.015,0,-0.0154,0.0174,0.9997,0,11.0606,-0.132,2.3806,1]},
{"frame":9,"values":[0.9896,-0.1431,0.017,0,0.1433,0.9896,-0.0145,0,-0.0148,0.0167,0.9998,0,11.0606,-0.132,2.3806,1]},
{"frame":10,"values":[0.9894,-0.1441,0.0158,0,0.1444,0.9894,-0.0135,0,-0.0137,0.0157,0.9998,0,11.0606,-0.132,2.3806,1]},
