{"producer":{"name":"Blender","version":"2.90.0","exporter_version":"2.80.1","file":"turnleft.babylon"},
"autoClear":true,"clearColor":[0.0509,0.0509,0.0509],"gravity":[0,-9.81,0],
"materials":[{"name":"Material","id":"Material","customType":"BABYLON.PBRMaterial","backFaceCulling":true,"checkReadyOnlyOnce":false,"maxSimultaneousLights":4,"environmentIntensity":1,"albedo":[0.8,0.8,0.8],"reflectivity":[0.5,0.5,0.5],"roughness":0.4,"alpha":1,"transparencyMode":0,"alphaCutOff":0.4,"metallic":0}],
"multiMaterials":[],
"skeletons":[{"name":"Armature","id":0,"dimensionsAtRest":[177.7018,230.6614,27.1405],"bones":[
{"name":"Hips","index":0,"matrix":[0.9912,-0.0728,-0.1105,0,0.0794,0.9952,0.0568,0,-0.1059,0.065,-0.9922,0,1.1116,111.0422,0.0691,1],"rest":[1,0,0,0,0,1,0,0,0,0,-1,0,0,113.0334,0,1],"parentBoneIndex":-1,"length":12.9876
,"animation":{"dataType":3,"framePerSecond":24,"keys":[
{"frame":1,"values":[0.9912,-0.0728,-0.1105,0,0.0794,0.9952,0.0568,0,-0.1059,0.065,-0.9922,0,1.1116,111.0422,0.0691,1]},
{"frame":2,"values":[0.9912,-0.0728,-0.1105,0,0.0794,0.9952,0.0568,0,-0.1059,0.065,-0.9922,0,0.7777,110.952,0.9997,1]},
{"frame":3,"values":[0.9912,-0.0728,-0.1105,0,0.0794,0.9952,0.0568,0,-0.1059,0.065,-0.9922,0,0.1327,111.0142,2.1308,1]},
{"frame":4,"values":[0.9912,-0.0728,-0.1105,0,0.0794,0.9952,0.0568,0,-0.1059,0.065,-0.9922,0,-0.7818,111.2278,3.4895,1]},
{"frame":5,"values":[0.9912,-0.0728,-0.1105,0,0.0794,0.9952,0.0568,0,-0.1059,0.065,-0.9922,0,-1.8811,111.5247,4.8918,1]},
{"frame":6,"values":[0.9912,-0.0728,-0.1105,0,0.0794,0.9952,0.0568,0,-0.1059,0.065,-0.9922,0,-2.9115,111.5629,6.238,1]},
{"frame":7,"values":[0.9912,-0.0728,-0.1105,0,0.0794,0.9952,0.0568,0,-0.1059,0.065,-0.9922,0,-3.8904,111.54,7.5219,1]},
{"frame":8,"values":[0.9912,-0.0728,-0.1105,0,0.0794,0.9952,0.0568,0,-0.1059,0.065,-0.9922,0,-4.6868,111.478,8.7384,1]},
{"frame":9,"values":[0.9912,-0.0728,-0.1105,0,0.0794,0.9952,0.0568,0,-0.1059,0.065,-0.9922,0,-5.0788,111.3437,9.8813,1]},
{"frame":10,"values":[0.9912,-0.0728,-0.1105,0,0.0794,0.9952,0.0568,0,-0.1059,0.065,-0.9922,0,-4.9006,111.1534,11.0118,1]},
{"frame":11,"values":[0.9912,-0.0728,-0.1105,0,0.0794,0.9952,0.0568,0,-0.1059,0.065,-0.9922,0,-4.6037,110.7853,12.0579,1]},
{"frame":12,"values":[0.9912,-0.0728,-0.1105,0,0.0794,0.9952,0.0568,0,-0.1059,0.065,-0.9922,0,-4.6988,110.3788,12.7773,1]},
{"frame":13,"values":[0.9912,-0.0728,-0.1105,0,0.0794,0.9952,0.0568,0,-0.1059,0.065,-0.9922,0,-4.7994,110.2964,13.229,1]},
{"frame":14,"values":[0.9912,-0.0728,-0.1105,0,0.0794,0.9952,0.0568,0,-0.1059,0.065,-0.9922,0,-4.9024,110.5749,12.8789,1]},
{"frame":15,"values":[0.9912,-0.0728,-0.1105,0,0.0794,0.9952,0.0568,0,-0.1059,0.065,-0.9922,0,-4.9111,110.8562,11.7752,1]},
{"frame":16,"values":[0.9912,-0.0728,-0.1105,0,0.0794,0.9952,0.0568,0,-0.1059,0.065,-0.9922,0,-4.6885,111.1665,10.3641,1]},
{"frame":17,"values":[0.9912,-0.0728,-0.1105,0,0.0794,0.9952,0.0568,0,-0.1059,0.065,-0.9922,0,-4.0933,111.395,8.6416,1]},
{"frame":18,"values":[0.9912,-0.0728,-0.1105,0,0.0794,0.9952,0.0568,0,-0.1059,0.065,-0.9922,0,-2.8888,111.2961,6.4435,1]},
{"frame":19,"values":[0.9912,-0.0728,-0.1105,0,0.0794,0.9952,0.0568,0,-0.1059,0.065,-0.9922,0,-1.7175,111.1539,4.4685,1]},
{"frame":20,"values":[0.9912,-0.0728,-0.1105,0,0.0794,0.9952,0.0568,0,-0.1059,0.065,-0.9922,0,-0.8476,111.1511,2.9053,1]},
{"frame":21,"values":[0.9912,-0.0728,-0.1105,0,0.0794,0.9952,0.0568,0,-0.1059,0.065,-0.9922,0,-0.3388,111.104,1.8608,1]},
{"frame":22,"values":[0.9912,-0.0728,-0.1105,0,0.0794,0.9952,0.0568,0,-0.1059,0.065,-0.9922,0,-0.1085,111.0623,1.2532,1]},
{"frame":23,"values":[0.9912,-0.0728,-0.1105,0,0.0794,0.9952,0.0568,0,-0.1059,0.065,-0.9922,0,-0.0694,111.0422,1.1115,1]}],"loopBehavior":1,"name":"anim","property":"_matrix"}},
{"name":"Spine","index":1,"matrix":[0.9975,0.0665,-0.024,0,-0.065,0.9961,0.0589,0,0.0278,-0.0572,0.998,0,0,7.2445,0.6334,1],"rest":[1,0,0,0,0,1,0,0,0,0,1,0,0,7.2445,0.6334,1],"parentBoneIndex":0,"length":7.4267
,"animation":{"dataType":3,"framePerSecond":24,"keys":[
{"frame":1,"values":[0.9975,0.0665,-0.024,0,-0.065,0.9961,0.0589,0,0.0278,-0.0572,0.998,0,0,7.2445,0.6334,1]},
{"frame":2,"values":[0.9973,0.0674,-0.0291,0,-0.0656,0.996,0.0611,0,0.0331,-0.059,0.9977,0,0,7.2445,0.6334,1]},
{"frame":3,"values":[0.9974,0.0645,-0.033,0,-0.0623,0.996,0.0643,0,0.037,-0.0621,0.9974,0,0,7.2445,0.6334,1]},
{"frame":4,"values":[0.9977,0.0562,-0.0368,0,-0.0536,0.9962,0.068,0,0.0405,-0.0659,0.997,0,0,7.2445,0.6334,1]},
{"frame":5,"values":[0.9981,0.0458,-0.0419,0,-0.0427,0.9966,0.0707,0,0.045,-0.0688,0.9966,0,0,7.2445,0.6334,1]},
{"frame":6,"values":[0.9983,0.0352,-0.0473,0,-0.0318,0.997,0.0706,0,0.0497,-0.069,0.9964,0,0,7.2445,0.6334,1]},
{"frame":7,"values":[0.9984,0.0264,-0.0509,0,-0.0229,0.9974,0.0685,0,0.0526,-0.0672,0.9964,0,0,7.2445,0.6334,1]},
{"frame":8,"values":[0.9984,0.0201,-0.0536,0,-0.0165,0.9977,0.0661,0,0.0548,-0.0651,0.9964,0,0,7.2445,0.6334,1]},
{"frame":9,"values":[0.998,0.0221,-0.0586,0,-0.0184,0.9978,0.0636,0,0.0599,-0.0624,0.9963,0,0,7.2445,0.6334,1]},
{"frame":10,"values":[0.9974,0.0319,-0.0646,0,-0.028,0.9978,0.0606,0,0.0664,-0.0587,0.9961,0,0,7.2445,0.6334,1]},
{"frame":11,"values":[0.9971,0.0388,-0.0659,0,-0.0349,0.9977,0.0585,0,0.068,-0.056,0.9961,0,0,7.2445,0.6334,1]},
{"frame":12,"values":[0.9975,0.0344,-0.0611,0,-0.0308,0.9978,0.0588,0,0.063,-0.0568,0.9964,0,0,7.2445,0.6334,1]},
{"frame":13,"values":[0.9979,0.0365,-0.0527,0,-0.0333,0.9976,0.0603,0,0.0548,-0.0584,0.9968,0,0,7.2445,0.6334,1]},
{"frame":14,"values":[0.998,0.0434,-0.0453,0,-0.0406,0.9973,0.0616,0,0.0479,-0.0596,0.9971,0,0,7.2445,0.6334,1]},
{"frame":15,"values":[0.9981,0.0455,-0.0413,0,-0.0428,0.997,0.0651,0,0.0442,-0.0632,0.997,0,0,7.2445,0.6334,1]},
{"frame":16,"values":[0.9984,0.0426,-0.0377,0,-0.0398,0.9967,0.071,0,0.0406,-0.0694,0.9968,0,0,7.2445,0.6334,1]},
{"frame":17,"values":[0.9989,0.035,-0.0309,0,-0.0326,0.9967,0.0741,0,0.0334,-0.073,0.9968,0,0,7.2445,0.6334,1]},
{"frame":18,"values":[0.9994,0.0276,-0.0224,0,-0.0259,0.9971,0.0721,0,0.0244,-0.0714,0.9971,0,0,7.2445,0.6334,1]},
{"frame":19,"values":[0.9996,0.0218,-0.0162,0,-0.0206,0.9975,0.0681,0,0.0177,-0.0677,0.9975,0,0,7.2445,0.6334,1]},
{"frame":20,"values":[0.9995,0.0267,-0.0141,0,-0.0257,0.9976,0.0646,0,0.0158,-0.0642,0.9978,0,0,7.2445,0.6334,1]},
{"frame":21,"values":[0.999,0.0408,-0.0162,0,-0.0397,0.9973,0.0618,0,0.0187,-0.0611,0.998,0,0,7.2445,0.6334,1]},
{"frame":22,"values":[0.9982,0.0563,-0.0207,0,-0.055,0.9967,0.0599,0,0.024,-0.0586,0.998,0,0,7.2445,0.6334,1]},
{"frame":23,"values":[0.9975,0.0664,-0.024,0,-0.0649,0.9962,0.0589,0,0.0278,-0.0572,0.998,0,0,7.2445,0.6334,1]}],"loopBehavior":1,"name":"anim","property":"_matrix"}},
{"name":"Spine1","index":2,"matrix":[0.9995,0.0296,-0.0056,0,-0.0295,0.9994,0.0204,0,0.0062,-0.0202,0.9998,0,0,7.425,0.1598,1],"rest":[1,0,0,0,0,1,0,0,0,0,1,0,0,7.425,0.1598,1],"parentBoneIndex":1,"length":8.6299
,"animation":{"dataType":3,"framePerSecond":24,"keys":[
{"frame":1,"values":[0.9995,0.0296,-0.0056,0,-0.0295,0.9994,0.0204,0,0.0062,-0.0202,0.9998,0,0,7.425,0.1598,1]},
{"frame":2,"values":[0.9995,0.0303,-0.0088,0,-0.0301,0.9993,0.0226,0,0.0095,-0.0223,0.9997,0,0,7.425,0.1598,1]},
{"frame":3,"values":[0.9994,0.0336,-0.0114,0,-0.0333,0.9991,0.0255,0,0.0123,-0.0251,0.9996,0,0,7.425,0.1598,1]},
{"frame":4,"values":[0.9991,0.0391,-0.0149,0,-0.0386,0.9988,0.0292,0,0.016,-0.0286,0.9995,0,0,7.425,0.1598,1]},
{"frame":5,"values":[0.9988,0.0456,-0.0197,0,-0.0449,0.9985,0.0323,0,0.0211,-0.0314,0.9993,0,0,7.425,0.1598,1]},
{"frame":6,"values":[0.9983,0.053,-0.0246,0,-0.0522,0.9981,0.0332,0,0.0264,-0.0318,0.9991,0,0,7.425,0.1598,1]},
{"frame":7,"values":[0.9977,0.0614,-0.0279,0,-0.0605,0.9976,0.0322,0,0.0298,-0.0304,0.9991,0,0,7.425,0.1598,1]},
{"frame":8,"values":[0.997,0.0706,-0.0304,0,-0.0697,0.9971,0.0308,0,0.0325,-0.0286,0.9991,0,0,7.425,0.1598,1]},
{"frame":9,"values":[0.9962,0.0797,-0.0355,0,-0.0787,0.9965,0.029,0,0.0377,-0.0261,0.9989,0,0,7.425,0.1598,1]},
{"frame":10,"values":[0.9954,0.0858,-0.0422,0,-0.0848,0.9961,0.0255,0,0.0442,-0.0218,0.9988,0,0,7.425,0.1598,1]},
{"frame":11,"values":[0.9952,0.087,-0.0454,0,-0.086,0.9961,0.0218,0,0.0471,-0.0178,0.9987,0,0,7.425,0.1598,1]},
{"frame":12,"values":[0.9952,0.0877,-0.0428,0,-0.0868,0.996,0.0205,0,0.0444,-0.0167,0.9989,0,0,7.425,0.1598,1]},
{"frame":13,"values":[0.9953,0.0901,-0.0365,0,-0.0894,0.9958,0.0207,0,0.0383,-0.0173,0.9991,0,0,7.425,0.1598,1]},
{"frame":14,"values":[0.9955,0.0899,-0.0313,0,-0.0893,0.9958,0.0206,0,0.033,-0.0177,0.9993,0,0,7.425,0.1598,1]},
{"frame":15,"values":[0.9959,0.0849,-0.0313,0,-0.0843,0.9962,0.0227,0,0.0331,-0.0199,0.9993,0,0,7.425,0.1598,1]},
{"frame":16,"values":[0.9964,0.0783,-0.0323,0,-0.0774,0.9966,0.0269,0,0.0343,-0.0243,0.9991,0,0,7.425,0.1598,1]},
{"frame":17,"values":[0.9973,0.0699,-0.0242,0,-0.0692,0.9972,0.0277,0,0.0261,-0.0259,0.9993,0,0,7.425,0.1598,1]},
{"frame":18,"values":[0.9982,0.059,-0.0107,0,-0.0587,0.998,0.0244,0,0.0121,-0.0237,0.9996,0,0,7.425,0.1598,1]},
{"frame":19,"values":[0.9988,0.0489,-0.0028,0,-0.0488,0.9986,0.0221,0,0.0038,-0.022,0.9998,0,0,7.425,0.1598,1]},
{"frame":20,"values":[0.9991,0.0423,-0.0004,0,-0.0423,0.9989,0.0218,0,0.0013,-0.0218,0.9998,0,0,7.425,0.1598,1]},
{"frame":21,"values":[0.9993,0.0374,-0.0007,0,-0.0374,0.9991,0.0215,0,0.0015,-0.0214,0.9998,0,0,7.425,0.1598,1]},
{"frame":22,"values":[0.9995,0.0327,-0.0032,0,-0.0327,0.9993,0.0207,0,0.0039,-0.0206,0.9998,0,0,7.425,0.1598,1]},
{"frame":23,"values":[0.9995,0.0296,-0.0057,0,-0.0295,0.9994,0.0204,0,0.0063,-0.0202,0.9998,0,0,7.425,0.1598,1]}],"loopBehavior":1,"name":"anim","property":"_matrix"}},
{"name":"Spine2","index":3,"matrix":[0.9995,0.0297,-0.0061,0,-0.0296,0.9994,0.0199,0,0.0067,-0.0198,0.9998,0,0,8.6226,-0.3542,1],"rest":[1,0,0,0,0,1,0,0,0,0,1,0,0,8.6226,-0.3542,1],"parentBoneIndex":2,"length":20.7438
,"animation":{"dataType":3,"framePerSecond":24,"keys":[
{"frame":1,"values":[0.9995,0.0297,-0.0061,0,-0.0296,0.9994,0.0199,0,0.0067,-0.0198,0.9998,0,0,8.6226,-0.3542,1]},
{"frame":2,"values":[0.9995,0.029,-0.0093,0,-0.0288,0.9993,0.022,0,0.0099,-0.0217,0.9997,0,0,8.6226,-0.3542,1]},
{"frame":3,"values":[0.9995,0.0292,-0.0118,0,-0.0289,0.9993,0.0248,0,0.0125,-0.0245,0.9996,0,0,8.6226,-0.3542,1]},
{"frame":4,"values":[0.9995,0.0296,-0.0148,0,-0.0292,0.9992,0.0285,0,0.0157,-0.028,0.9995,0,0,8.6226,-0.3542,1]},
{"frame":5,"values":[0.9994,0.0297,-0.0191,0,-0.0291,0.9991,0.0314,0,0.02,-0.0308,0.9993,0,0,8.6226,-0.3542,1]},
{"frame":6,"values":[0.9993,0.0298,-0.0234,0,-0.0291,0.9991,0.0319,0,0.0243,-0.0312,0.9992,0,0,8.6226,-0.3542,1]},
{"frame":7,"values":[0.9992,0.0302,-0.0258,0,-0.0294,0.9991,0.0307,0,0.0267,-0.0299,0.9992,0,0,8.6226,-0.3542,1]},
{"frame":8,"values":[0.9991,0.0311,-0.0275,0,-0.0303,0.9991,0.0291,0,0.0284,-0.0282,0.9992,0,0,8.6226,-0.3542,1]},
{"frame":9,"values":[0.999,0.0321,-0.0317,0,-0.0313,0.9992,0.0269,0,0.0326,-0.0258,0.9991,0,0,8.6226,-0.3542,1]},
{"frame":10,"values":[0.9988,0.0307,-0.0375,0,-0.0299,0.9993,0.0229,0,0.0382,-0.0217,0.999,0,0,8.6226,-0.3542,1]},
{"frame":11,"values":[0.9989,0.0253,-0.0398,0,-0.0245,0.9995,0.0189,0,0.0402,-0.0179,0.999,0,0,8.6226,-0.3542,1]},
{"frame":12,"values":[0.9991,0.0205,-0.0368,0,-0.0198,0.9996,0.0178,0,0.0371,-0.017,0.9992,0,0,8.6226,-0.3542,1]},
{"frame":13,"values":[0.9994,0.0187,-0.0303,0,-0.0182,0.9997,0.0185,0,0.0306,-0.0179,0.9994,0,0,8.6226,-0.3542,1]},
{"frame":14,"values":[0.9996,0.0166,-0.0247,0,-0.0161,0.9997,0.019,0,0.025,-0.0186,0.9995,0,0,8.6226,-0.3542,1]},
{"frame":15,"values":[0.9996,0.0147,-0.0247,0,-0.0142,0.9997,0.0217,0,0.025,-0.0214,0.9995,0,0,8.6226,-0.3542,1]},
{"frame":16,"values":[0.9995,0.0171,-0.0265,0,-0.0163,0.9995,0.0265,0,0.0269,-0.026,0.9993,0,0,8.6226,-0.3542,1]},
{"frame":17,"values":[0.9996,0.0214,-0.0196,0,-0.0209,0.9994,0.0276,0,0.0202,-0.0272,0.9994,0,0,8.6226,-0.3542,1]},
{"frame":18,"values":[0.9997,0.0244,-0.0074,0,-0.0243,0.9994,0.0244,0,0.008,-0.0242,0.9997,0,0,8.6226,-0.3542,1]},
{"frame":19,"values":[0.9996,0.028,-0.001,0,-0.028,0.9994,0.022,0,0.0016,-0.022,0.9998,0,0,8.6226,-0.3542,1]},
{"frame":20,"values":[0.9995,0.0324,-0.0001,0,-0.0324,0.9992,0.0215,0,0.0008,-0.0215,0.9998,0,0,8.6226,-0.3542,1]},
{"frame":21,"values":[0.9994,0.0341,-0.0012,0,-0.034,0.9992,0.021,0,0.0019,-0.021,0.9998,0,0,8.6226,-0.3542,1]},
{"frame":22,"values":[0.9995,0.0319,-0.0037,0,-0.0319,0.9993,0.0203,0,0.0044,-0.0201,0.9998,0,0,8.6226,-0.3542,1]},
{"frame":23,"values":[0.9995,0.0297,-0.0061,0,-0.0296,0.9994,0.0199,0,0.0067,-0.0198,0.9998,0,0,8.6226,-0.3542,1]}],"loopBehavior":1,"name":"anim","property":"_matrix"}},
{"name":"Neck","index":4,"matrix":[1,0.0078,0.0021,0,-0.0079,0.9952,0.098,0,-0.0014,-0.098,0.9952,0,0,23.6053,-4.5263,1],"rest":[1,0,0,0,0,1,0,0,0,0,1,0,0,23.6053,-4.5263,1],"parentBoneIndex":3,"length":10.3542
,"animation":{"dataType":3,"framePerSecond":24,"keys":[
{"frame":1,"values":[1,0.0078,0.0021,0,-0.0079,0.9952,0.098,0,-0.0014,-0.098,0.9952,0,0,23.6053,-4.5263,1]},
{"frame":2,"values":[0.9999,0.0009,-0.0158,0,0.0007,0.9953,0.0967,0,0.0158,-0.0967,0.9952,0,0,23.6053,-4.5263,1]},
{"frame":3,"values":[0.9988,-0.0091,-0.0474,0,0.0139,0.9946,0.1024,0,0.0462,-0.1029,0.9936,0,0,23.6053,-4.5263,1]},
{"frame":4,"values":[0.996,-0.0184,-0.0871,0,0.0283,0.9931,0.1136,0,0.0844,-0.1156,0.9897,0,0,23.6053,-4.5263,1]},
{"frame":5,"values":[0.9921,-0.0235,-0.1235,0,0.0391,0.9914,0.1252,0,0.1195,-0.1291,0.9844,0,0,23.6053,-4.5263,1]},
{"frame":6,"values":[0.9887,-0.0246,-0.1476,0,0.0446,0.9901,0.1334,0,0.1429,-0.1385,0.98,0,0,23.6053,-4.5263,1]},
{"frame":7,"values":[0.987,-0.0245,-0.159,0,0.0466,0.9895,0.1369,0,0.154,-0.1425,0.9777,0,0,23.6053,-4.5263,1]},
{"frame":8,"values":[0.9865,-0.0247,-0.1622,0,0.0474,0.9894,0.1375,0,0.1571,-0.1433,0.9771,0,0,23.6053,-4.5263,1]},
{"frame":9,"values":[0.9868,-0.0253,-0.1602,0,0.0477,0.9893,0.1381,0,0.155,-0.1439,0.9774,0,0,23.6053,-4.5263,1]},
{"frame":10,"values":[0.9876,-0.0258,-0.1548,0,0.0477,0.9891,0.1392,0,0.1496,-0.1448,0.9781,0,0,23.6053,-4.5263,1]},
{"frame":11,"values":[0.9888,-0.0249,-0.1472,0,0.0455,0.9894,0.1382,0,0.1422,-0.1433,0.9794,0,0,23.6053,-4.5263,1]},
{"frame":12,"values":[0.9903,-0.0212,-0.1371,0,0.0399,0.9901,0.1349,0,0.1329,-0.139,0.9813,0,0,23.6053,-4.5263,1]},
{"frame":13,"values":[0.9922,-0.0168,-0.1239,0,0.0332,0.9907,0.1317,0,0.1205,-0.1348,0.9835,0,0,23.6053,-4.5263,1]},
{"frame":14,"values":[0.9941,-0.014,-0.108,0,0.028,0.9912,0.1291,0,0.1053,-0.1313,0.9857,0,0,23.6053,-4.5263,1]},
{"frame":15,"values":[0.9959,-0.0112,-0.0901,0,0.0224,0.992,0.1246,0,0.088,-0.1261,0.9881,0,0,23.6053,-4.5263,1]},
{"frame":16,"values":[0.9975,-0.0061,-0.0707,0,0.0144,0.9929,0.1177,0,0.0695,-0.1184,0.9905,0,0,23.6053,-4.5263,1]},
{"frame":17,"values":[0.9987,0.0004,-0.0507,0,0.0052,0.9939,0.11,0,0.0505,-0.1101,0.9926,0,0,23.6053,-4.5263,1]},
{"frame":18,"values":[0.9995,0.0062,-0.0318,0,-0.0029,0.9946,0.1033,0,0.0322,-0.1032,0.9941,0,0,23.6053,-4.5263,1]},
{"frame":19,"values":[0.9998,0.0092,-0.0164,0,-0.0075,0.995,0.0993,0,0.0172,-0.0992,0.9949,0,0,23.6053,-4.5263,1]},
{"frame":20,"values":[0.9999,0.0092,-0.0065,0,-0.0085,0.9951,0.0981,0,0.0074,-0.0981,0.9952,0,0,23.6053,-4.5263,1]},
{"frame":21,"values":[1,0.0083,-0.0012,0,-0.0081,0.9951,0.0981,0,0.002,-0.098,0.9952,0,0,23.6053,-4.5263,1]},
{"frame":22,"values":[1,0.0079,0.0012,0,-0.0079,0.9952,0.098,0,-0.0004,-0.098,0.9952,0,0,23.6053,-4.5263,1]},
{"frame":23,"values":[1,0.0078,0.0021,0,-0.0079,0.9952,0.098,0,-0.0014,-0.098,0.9952,0,0,23.6053,-4.5263,1]}],"loopBehavior":1,"name":"anim","property":"_matrix"}},
{"name":"Head","index":5,"matrix":[0.9997,-0.0046,-0.0236,0,0.0014,0.9913,-0.1317,0,0.024,0.1316,0.991,0,0,9.9955,2.7017,1],"rest":[1,0,0,0,0,1,0,0,0,0,1,0,0,9.9955,2.7017,1],"parentBoneIndex":4,"length":31.4272
,"animation":{"dataType":3,"framePerSecond":24,"keys":[
{"frame":1,"values":[0.9997,-0.0046,-0.0236,0,0.0014,0.9913,-0.1317,0,0.024,0.1316,0.991,0,0,9.9955,2.7017,1]},
{"frame":2,"values":[0.997,-0.0252,-0.0738,0,0.0148,0.9903,-0.1384,0,0.0765,0.1369,0.9876,0,0,9.9955,2.7017,1]},
{"frame":3,"values":[0.9874,-0.0543,-0.1484,0,0.0342,0.9903,-0.1344,0,0.1543,0.1276,0.9798,0,0,9.9955,2.7017,1]},
{"frame":4,"values":[0.9676,-0.0825,-0.2386,0,0.0559,0.9916,-0.1165,0,0.2462,0.0994,0.9641,0,0,9.9955,2.7017,1]},
{"frame":5,"values":[0.9404,-0.1011,-0.3246,0,0.076,0.9931,-0.0891,0,0.3314,0.0591,0.9416,0,0,9.9955,2.7017,1]},
{"frame":6,"values":[0.9142,-0.1115,-0.3896,0,0.0937,0.9935,-0.0645,0,0.3943,0.0224,0.9187,0,0,9.9955,2.7017,1]},
{"frame":7,"values":[0.8948,-0.1209,-0.4297,0,0.1095,0.9927,-0.0513,0,0.4328,-0.0012,0.9015,0,0,9.9955,2.7017,1]},
{"frame":8,"values":[0.8836,-0.1316,-0.4493,0,0.1234,0.9912,-0.0475,0,0.4516,-0.0135,0.8921,0,0,9.9955,2.7017,1]},
{"frame":9,"values":[0.8798,-0.1407,-0.454,0,0.134,0.9899,-0.047,0,0.456,-0.0195,0.8898,0,0,9.9955,2.7017,1]},
{"frame":10,"values":[0.8803,-0.1459,-0.4515,0,0.1403,0.989,-0.0461,0,0.4532,-0.0227,0.8911,0,0,9.9955,2.7017,1]},
{"frame":11,"values":[0.8817,-0.1483,-0.448,0,0.1432,0.9887,-0.0453,0,0.4496,-0.0242,0.8929,0,0,9.9955,2.7017,1]},
{"frame":12,"values":[0.8833,-0.1522,-0.4434,0,0.1463,0.9881,-0.0478,0,0.4454,-0.0227,0.8951,0,0,9.9955,2.7017,1]},
{"frame":13,"values":[0.8883,-0.1602,-0.4303,0,0.1511,0.987,-0.0554,0,0.4336,-0.0158,0.901,0,0,9.9955,2.7017,1]},
{"frame":14,"values":[0.9005,-0.1644,-0.4026,0,0.1516,0.9864,-0.0636,0,0.4076,-0.0038,0.9131,0,0,9.9955,2.7017,1]},
{"frame":15,"values":[0.9205,-0.1546,-0.3588,0,0.1387,0.9879,-0.0699,0,0.3653,0.0146,0.9308,0,0,9.9955,2.7017,1]},
{"frame":16,"values":[0.9436,-0.1322,-0.3036,0,0.1137,0.9904,-0.078,0,0.311,0.0391,0.9496,0,0,9.9955,2.7017,1]},
{"frame":17,"values":[0.9646,-0.1038,-0.2425,0,0.0842,0.9924,-0.0897,0,0.2499,0.0661,0.966,0,0,9.9955,2.7017,1]},
{"frame":18,"values":[0.9808,-0.0741,-0.1804,0,0.0561,0.9931,-0.1027,0,0.1868,0.0906,0.9782,0,0,9.9955,2.7017,1]},
{"frame":19,"values":[0.9913,-0.0475,-0.1226,0,0.0335,0.9929,-0.1142,0,0.1272,0.1091,0.9859,0,0,9.9955,2.7017,1]},
{"frame":20,"values":[0.9967,-0.0281,-0.0764,0,0.0186,0.9923,-0.1224,0,0.0793,0.1206,0.9895,0,0,9.9955,2.7017,1]},
{"frame":21,"values":[0.9988,-0.0157,-0.0461,0,0.0097,0.9918,-0.1273,0,0.0477,0.1267,0.9908,0,0,9.9955,2.7017,1]},
{"frame":22,"values":[0.9995,-0.0083,-0.0303,0,0.0043,0.9915,-0.1302,0,0.0311,0.13,0.991,0,0,9.9955,2.7017,1]},
{"frame":23,"values":[0.9997,-0.0045,-0.0236,0,0.0014,0.9913,-0.1316,0,0.024,0.1315,0.991,0,0,9.9955,2.7017,1]}],"loopBehavior":1,"name":"anim","property":"_matrix"}},
{"name":"HeadTop_End","index":6,"matrix":[1,0,0,0,0,1,0,0,0,0,1,0,0,31.2072,3.7118,1],"rest":[1,0,0,0,0,1,0,0,0,0,1,0,0,31.2072,3.7118,1],"parentBoneIndex":5,"length":31.4272
,"animation":{"dataType":3,"framePerSecond":24,"keys":[
{"frame":1,"values":[1,0,0,0,0,1,0,0,0,0,1,0,0,31.2072,3.7118,1]},
{"frame":23,"values":[1,0,0,0,0,1,0,0,0,0,1,0,0,31.2072,3.7118,1]}],"loopBehavior":1,"name":"anim","property":"_matrix"}},
{"name":"LeftShoulder","index":7,"matrix":[0.9393,-0.1805,0.2919,0,0.167,0.9834,0.0705,0,-0.2997,-0.0175,0.9539,0,6.1723,17.8795,-2.6384,1],"rest":[1,-0.0039,0,0,0.0039,1,0,0,0,0,1,0,6.1723,17.8795,-2.6384,1],"parentBoneIndex":3,"length":6.4566
,"animation":{"dataType":3,"framePerSecond":24,"keys":[
{"frame":1,"values":[0.9393,-0.1805,0.2919,0,0.167,0.9834,0.0705,0,-0.2997,-0.0175,0.9539,0,6.1723,17.8795,-2.6384,1]},
{"frame":2,"values":[0.9374,-0.1861,0.2943,0,0.1726,0.9824,0.0714,0,-0.3024,-0.0161,0.953,0,6.1723,17.8795,-2.6384,1]},
{"frame":3,"values":[0.9347,-0.1953,0.2971,0,0.1817,0.9806,0.0728,0,-0.3056,-0.0141,0.9521,0,6.1723,17.8795,-2.6384,1]},
{"frame":4,"values":[0.9323,-0.2052,0.298,0,0.1917,0.9787,0.0741,0,-0.3068,-0.0119,0.9517,0,6.1723,17.8795,-2.6384,1]},
{"frame":5,"values":[0.9308,-0.2141,0.2964,0,0.2008,0.9768,0.0749,0,-0.3056,-0.0102,0.9521,0,6.1723,17.8795,-2.6384,1]},
{"frame":6,"values":[0.9295,-0.2235,0.2936,0,0.2104,0.9747,0.0757,0,-0.303,-0.0086,0.9529,0,6.1723,17.8795,-2.6384,1]},
{"frame":7,"values":[0.9276,-0.234,0.2911,0,0.2212,0.9722,0.0766,0,-0.3009,-0.0067,0.9536,0,6.1723,17.8795,-2.6384,1]},
{"frame":8,"values":[0.9254,-0.2445,0.2895,0,0.2318,0.9696,0.0777,0,-0.2998,-0.0048,0.954,0,6.1723,17.8795,-2.6384,1]},
{"frame":9,"values":[0.9243,-0.2561,0.283,0,0.2433,0.9666,0.0802,0,-0.2941,-0.0052,0.9558,0,6.1723,17.8795,-2.6384,1]},
{"frame":10,"values":[0.9261,-0.2708,0.2625,0,0.2575,0.9626,0.0846,0,-0.2756,-0.0107,0.9612,0,6.1723,17.8795,-2.6384,1]},
{"frame":11,"values":[0.931,-0.2855,0.2276,0,0.2718,0.9581,0.0899,0,-0.2437,-0.0218,0.9696,0,6.1723,17.8795,-2.6384,1]},
{"frame":12,"values":[0.9364,-0.2958,0.1889,0,0.2824,0.9546,0.0945,0,-0.2083,-0.0351,0.9774,0,6.1723,17.8795,-2.6384,1]},
{"frame":13,"values":[0.9398,-0.3039,0.156,0,0.2912,0.9515,0.0992,0,-0.1786,-0.0478,0.9828,0,6.1723,17.8795,-2.6384,1]},
{"frame":14,"values":[0.9405,-0.3146,0.128,0,0.3025,0.9473,0.1058,0,-0.1546,-0.0607,0.9861,0,6.1723,17.8795,-2.6384,1]},
{"frame":15,"values":[0.9393,-0.3274,0.1023,0,0.3159,0.9419,0.1138,0,-0.1336,-0.0746,0.9882,0,6.1723,17.8795,-2.6384,1]},
{"frame":16,"values":[0.9379,-0.3365,0.0839,0,0.3257,0.9378,0.1202,0,-0.1192,-0.0854,0.9892,0,6.1723,17.8795,-2.6384,1]},
{"frame":17,"values":[0.9409,-0.3281,0.0844,0,0.3171,0.9406,0.1215,0,-0.1193,-0.0876,0.989,0,6.1723,17.8795,-2.6384,1]},
{"frame":18,"values":[0.9493,-0.2957,0.1067,0,0.2834,0.9519,0.1166,0,-0.136,-0.0804,0.9874,0,6.1723,17.8795,-2.6384,1]},
{"frame":19,"values":[0.9554,-0.258,0.1435,0,0.2441,0.9638,0.1077,0,-0.1661,-0.0679,0.9838,0,6.1723,17.8795,-2.6384,1]},
{"frame":20,"values":[0.9547,-0.2297,0.1894,0,0.2146,0.9719,0.0968,0,-0.2063,-0.0517,0.9771,0,6.1723,17.8795,-2.6384,1]},
{"frame":21,"values":[0.9491,-0.2065,0.2379,0,0.1915,0.9778,0.0848,0,-0.2501,-0.0349,0.9676,0,6.1723,17.8795,-2.6384,1]},
{"frame":22,"values":[0.9428,-0.1887,0.275,0,0.1745,0.9818,0.0751,0,-0.2841,-0.0228,0.9585,0,6.1723,17.8795,-2.6384,1]},
{"frame":23,"values":[0.9393,-0.1805,0.2919,0,0.167,0.9834,0.0705,0,-0.2997,-0.0175,0.9539,0,6.1723,17.8795,-2.6384,1]}],"loopBehavior":1,"name":"anim","property":"_matrix"}},
{"name":"LeftArm","index":8,"matrix":[0.4648,-0.8717,0.1556,0,0.8097,0.4895,0.3236,0,-0.3582,-0.0244,0.9333,0,6.0747,-1.0059,-1.9427,1],"rest":[0.9995,0.0084,0.0302,0,-0.0084,1,-0.0001,0,-0.0302,-0.0002,0.9995,0,6.0747,-1.0059,-1.9427,1],"parentBoneIndex":7,"length":27.2639
,"animation":{"dataType":3,"framePerSecond":24,"keys":[
{"frame":1,"values":[0.4648,-0.8717,0.1556,0,0.8097,0.4895,0.3236,0,-0.3582,-0.0244,0.9333,0,6.0747,-1.0059,-1.9427,1]},
{"frame":2,"values":[0.4791,-0.8578,0.1859,0,0.8017,0.5139,0.3051,0,-0.3573,0.0028,0.934,0,6.0747,-1.0059,-1.9427,1]},
{"frame":3,"values":[0.5009,-0.8357,0.225,0,0.787,0.548,0.2834,0,-0.3601,0.0351,0.9322,0,6.0747,-1.0059,-1.9427,1]},
{"frame":4,"values":[0.5284,-0.8087,0.2586,0,0.7692,0.5849,0.2573,0,-0.3594,0.0629,0.9311,0,6.0747,-1.0059,-1.9427,1]},
{"frame":5,"values":[0.5593,-0.7838,0.2699,0,0.7533,0.6164,0.2292,0,-0.346,0.0751,0.9352,0,6.0747,-1.0059,-1.9427,1]},
{"frame":6,"values":[0.5928,-0.7642,0.254,0,0.7387,0.6416,0.2065,0,-0.3208,0.0653,0.9449,0,6.0747,-1.0059,-1.9427,1]},
{"frame":7,"values":[0.6265,-0.7475,0.2209,0,0.7221,0.6633,0.1966,0,-0.2934,0.0363,0.9553,0,6.0747,-1.0059,-1.9427,1]},
{"frame":8,"values":[0.6554,-0.7338,0.1789,0,0.7059,0.6794,0.2004,0,-0.2685,-0.0051,0.9633,0,6.0747,-1.0059,-1.9427,1]},
{"frame":9,"values":[0.6726,-0.7277,0.134,0,0.697,0.6839,0.2155,0,-0.2485,-0.0515,0.9673,0,6.0747,-1.0059,-1.9427,1]},
{"frame":10,"values":[0.6751,-0.7319,0.0927,0,0.6983,0.6745,0.2395,0,-0.2378,-0.097,0.9665,0,6.0747,-1.0059,-1.9427,1]},
{"frame":11,"values":[0.6657,-0.7434,0.0641,0,0.7055,0.655,0.2706,0,-0.2431,-0.1349,0.9606,0,6.0747,-1.0059,-1.9427,1]},
{"frame":12,"values":[0.65,-0.7582,0.0519,0,0.7119,0.6314,0.3076,0,-0.266,-0.1629,0.9501,0,6.0747,-1.0059,-1.9427,1]},
{"frame":13,"values":[0.6329,-0.7724,0.0541,0,0.7139,0.6091,0.3455,0,-0.2998,-0.18,0.9369,0,6.0747,-1.0059,-1.9427,1]},
{"frame":14,"values":[0.6197,-0.7823,0.0627,0,0.7124,0.5943,0.3732,0,-0.3292,-0.1866,0.9256,0,6.0747,-1.0059,-1.9427,1]},
{"frame":15,"values":[0.6128,-0.7865,0.0767,0,0.7077,0.5894,0.3894,0,-0.3515,-0.1844,0.9179,0,6.0747,-1.0059,-1.9427,1]},
{"frame":16,"values":[0.6081,-0.7879,0.0971,0,0.6995,0.5897,0.4037,0,-0.3754,-0.1775,0.9097,0,6.0747,-1.0059,-1.9427,1]},
{"frame":17,"values":[0.5951,-0.7948,0.1189,0,0.6986,0.5847,0.4124,0,-0.3973,-0.1623,0.9032,0,6.0747,-1.0059,-1.9427,1]},
{"frame":18,"values":[0.5694,-0.8115,0.1314,0,0.7162,0.5681,0.4054,0,-0.4036,-0.1367,0.9047,0,6.0747,-1.0059,-1.9427,1]},
{"frame":19,"values":[0.5391,-0.8313,0.1355,0,0.7431,0.5452,0.3881,0,-0.3965,-0.1086,0.9116,0,6.0747,-1.0059,-1.9427,1]},
{"frame":20,"values":[0.5113,-0.8484,0.1369,0,0.7681,0.5226,0.3699,0,-0.3854,-0.084,0.9189,0,6.0747,-1.0059,-1.9427,1]},
{"frame":21,"values":[0.4874,-0.8613,0.1435,0,0.7882,0.5048,0.3522,0,-0.3758,-0.0585,0.9249,0,6.0747,-1.0059,-1.9427,1]},
{"frame":22,"values":[0.4716,-0.8686,0.1525,0,0.8021,0.4943,0.335,0,-0.3664,-0.0357,0.9298,0,6.0747,-1.0059,-1.9427,1]},
{"frame":23,"values":[0.4648,-0.8717,0.1556,0,0.8097,0.4895,0.3236,0,-0.3582,-0.0244,0.9333,0,6.0747,-1.0059,-1.9427,1]}],"loopBehavior":1,"name":"anim","property":"_matrix"}},
{"name":"LeftForeArm","index":9,"matrix":[1,-0.0045,-0.0054,0,0.0044,1,-0.0055,0,0.0054,0.0055,1,0,27.2512,-0.1236,-0.8243,1],"rest":[0.9995,-0.0045,-0.0302,0,0.0045,1,-0.0001,0,0.0302,-0.0001,0.9995,0,27.2512,-0.1236,-0.8243,1],"parentBoneIndex":8,"length":27.5147
,"animation":{"dataType":3,"framePerSecond":24,"keys":[
{"frame":1,"values":[1,-0.0045,-0.0054,0,0.0044,1,-0.0055,0,0.0054,0.0055,1,0,27.2512,-0.1236,-0.8243,1]},
{"frame":2,"values":[0.9999,-0.0044,0.01,0,0.0044,1,-0.0088,0,-0.01,0.0089,0.9999,0,27.2512,-0.1236,-0.8243,1]},
{"frame":3,"values":[0.9998,-0.0043,0.019,0,0.0045,0.9999,-0.0108,0,-0.0189,0.0109,0.9998,0,27.2512,-0.1236,-0.8243,1]},
{"frame":4,"values":[0.9993,-0.004,0.0363,0,0.0046,0.9999,-0.0146,0,-0.0363,0.0147,0.9992,0,27.2512,-0.1236,-0.8243,1]},
{"frame":5,"values":[0.997,-0.0033,0.0769,0,0.0051,0.9997,-0.0234,0,-0.0768,0.0238,0.9968,0,27.2512,-0.1236,-0.8243,1]},
{"frame":6,"values":[0.9901,-0.0013,0.1403,0,0.0066,0.9993,-0.0372,0,-0.1401,0.0378,0.9894,0,27.2512,-0.1236,-0.8243,1]},
{"frame":7,"values":[0.9776,0.002,0.2106,0,0.0093,0.9986,-0.0526,0,-0.2104,0.0534,0.9762,0,27.2512,-0.1236,-0.8243,1]},
{"frame":8,"values":[0.9609,0.0061,0.2769,0,0.013,0.9977,-0.067,0,-0.2767,0.068,0.9585,0,27.2512,-0.1236,-0.8243,1]},
{"frame":9,"values":[0.9451,0.0099,0.3265,0,0.0164,0.9968,-0.0778,0,-0.3262,0.0789,0.942,0,27.2512,-0.1236,-0.8243,1]},
{"frame":10,"values":[0.9356,0.0122,0.3528,0,0.0185,0.9963,-0.0836,0,-0.3525,0.0847,0.932,0,27.2512,-0.1236,-0.8243,1]},
{"frame":11,"values":[0.9331,0.0128,0.3593,0,0.019,0.9962,-0.085,0,-0.359,0.0861,0.9294,0,27.2512,-0.1236,-0.8243,1]},
{"frame":12,"values":[0.9331,0.0128,0.3593,0,0.019,0.9962,-0.085,0,-0.359,0.0861,0.9293,0,27.2512,-0.1236,-0.8243,1]},
{"frame":13,"values":[0.9355,0.0123,0.3532,0,0.0185,0.9963,-0.0837,0,-0.3529,0.0848,0.9318,0,27.2512,-0.1236,-0.8243,1]},
{"frame":14,"values":[0.9414,0.0109,0.3372,0,0.0172,0.9966,-0.0802,0,-0.337,0.0813,0.938,0,27.2512,-0.1236,-0.8243,1]},
{"frame":15,"values":[0.95,0.0088,0.3122,0,0.0153,0.9971,-0.0747,0,-0.3119,0.0758,0.9471,0,27.2512,-0.1236,-0.8243,1]},
{"frame":16,"values":[0.96,0.0063,0.2801,0,0.0132,0.9976,-0.0677,0,-0.2798,0.0687,0.9576,0,27.2512,-0.1236,-0.8243,1]},
{"frame":17,"values":[0.9708,0.0037,0.2399,0,0.0108,0.9982,-0.059,0,-0.2397,0.0598,0.969,0,27.2512,-0.1236,-0.8243,1]},
{"frame":18,"values":[0.9827,0.0006,0.185,0,0.0082,0.9989,-0.047,0,-0.1848,0.0477,0.9816,0,27.2512,-0.1236,-0.8243,1]},
{"frame":19,"values":[0.992,-0.0018,0.1264,0,0.0062,0.9994,-0.0342,0,-0.1262,0.0347,0.9914,0,27.2512,-0.1236,-0.8243,1]},
{"frame":20,"values":[0.9969,-0.0032,0.0786,0,0.0051,0.9997,-0.0238,0,-0.0785,0.0241,0.9966,0,27.2512,-0.1236,-0.8243,1]},
{"frame":21,"values":[0.9993,-0.004,0.0384,0,0.0046,0.9999,-0.015,0,-0.0383,0.0152,0.9991,0,27.2512,-0.1236,-0.8243,1]},
{"frame":22,"values":[1,-0.0044,0.0074,0,0.0044,1,-0.0083,0,-0.0073,0.0083,0.9999,0,27.2512,-0.1236,-0.8243,1]},
{"frame":23,"values":[1,-0.0045,-0.0054,0,0.0044,1,-0.0055,0,0.0054,0.0055,1,0,27.2512,-0.1236,-0.8243,1]}],"loopBehavior":1,"name":"anim","property":"_matrix"}},
{"name":"LeftHand","index":10,"matrix":[0.9947,-0.1008,-0.0186,0,0.0747,0.8376,-0.5412,0,0.0702,0.5369,0.8407,0,27.5147,0,0,1],"rest":[1,0,0,0,0,1,0.0006,0,0,-0.0006,1,0,27.5147,0,0,1],"parentBoneIndex":9,"length":10.1836
,"animation":{"dataType":3,"framePerSecond":24,"keys":[
{"frame":1,"values":[0.9947,-0.1008,-0.0186,0,0.0747,0.8376,-0.5412,0,0.0702,0.5369,0.8407,0,27.5147,0,0,1]},
{"frame":2,"values":[0.998,-0.0625,-0.0087,0,0.0481,0.8429,-0.5359,0,0.0408,0.5344,0.8443,0,27.5147,0,0,1]},
{"frame":3,"values":[0.9998,-0.0128,-0.0138,0,0.0043,0.8685,-0.4957,0,0.0184,0.4955,0.8684,0,27.5147,0,0,1]},
{"frame":4,"values":[0.9987,0.0452,-0.0225,0,-0.0505,0.8967,-0.4398,0,0.0003,0.4404,0.8978,0,27.5147,0,0,1]},
{"frame":5,"values":[0.9944,0.1026,-0.0237,0,-0.1036,0.9124,-0.396,0,-0.019,0.3962,0.918,0,27.5147,0,0,1]},
{"frame":6,"values":[0.9879,0.1535,-0.0211,0,-0.1503,0.9154,-0.3734,0,-0.038,0.372,0.9274,0,27.5147,0,0,1]},
{"frame":7,"values":[0.9807,0.1942,-0.0222,0,-0.1888,0.9115,-0.3655,0,-0.0507,0.3626,0.9306,0,27.5147,0,0,1]},
{"frame":8,"values":[0.9766,0.2138,-0.0247,0,-0.2077,0.9062,-0.3684,0,-0.0564,0.3649,0.9293,0,27.5147,0,0,1]},
{"frame":9,"values":[0.9755,0.2182,-0.0268,0,-0.2122,0.903,-0.3735,0,-0.0573,0.37,0.9272,0,27.5147,0,0,1]},
{"frame":10,"values":[0.975,0.2198,-0.0311,0,-0.2149,0.8998,-0.3798,0,-0.0555,0.377,0.9246,0,27.5147,0,0,1]},
{"frame":11,"values":[0.9761,0.2137,-0.0397,0,-0.2119,0.895,-0.3925,0,-0.0483,0.3916,0.9189,0,27.5147,0,0,1]},
{"frame":12,"values":[0.9789,0.2,-0.041,0,-0.1988,0.8884,-0.4139,0,-0.0463,0.4133,0.9094,0,27.5147,0,0,1]},
{"frame":13,"values":[0.9793,0.1999,-0.0311,0,-0.1928,0.8755,-0.4431,0,-0.0614,0.4399,0.8959,0,27.5147,0,0,1]},
{"frame":14,"values":[0.9743,0.2242,-0.0233,0,-0.2076,0.8526,-0.4795,0,-0.0877,0.472,0.8772,0,27.5147,0,0,1]},
{"frame":15,"values":[0.9678,0.2506,-0.0237,0,-0.226,0.8235,-0.5204,0,-0.1109,0.509,0.8536,0,27.5147,0,0,1]},
{"frame":16,"values":[0.9669,0.2539,-0.0257,0,-0.2243,0.7972,-0.5605,0,-0.1218,0.5477,0.8278,0,27.5147,0,0,1]},
{"frame":17,"values":[0.9719,0.2333,-0.0323,0,-0.2063,0.7772,-0.5945,0,-0.1137,0.5844,0.8034,0,27.5147,0,0,1]},
{"frame":18,"values":[0.9812,0.1866,-0.0497,0,-0.1774,0.7697,-0.6132,0,-0.0762,0.6105,0.7883,0,27.5147,0,0,1]},
{"frame":19,"values":[0.9918,0.1129,-0.0598,0,-0.1259,0.7828,-0.6094,0,-0.022,0.6119,0.7906,0,27.5147,0,0,1]},
{"frame":20,"values":[0.9985,0.0266,-0.0489,0,-0.0503,0.8083,-0.5866,0,0.0239,0.5881,0.8084,0,27.5147,0,0,1]},
{"frame":21,"values":[0.9984,-0.0476,-0.0304,0,0.0224,0.8276,-0.5608,0,0.0519,0.5593,0.8274,0,27.5147,0,0,1]},
{"frame":22,"values":[0.9958,-0.0896,-0.0204,0,0.064,0.8357,-0.5454,0,0.0659,0.5418,0.8379,0,27.5147,0,0,1]},
{"frame":23,"values":[0.9947,-0.1008,-0.0186,0,0.0747,0.8376,-0.5412,0,0.0702,0.5369,0.8407,0,27.5147,0,0,1]}],"loopBehavior":1,"name":"anim","property":"_matrix"}},
{"name":"LeftHandThumb1","index":11,"matrix":[0.9969,0.0781,-0.0134,0,-0.0779,0.9968,0.0174,0,0.0147,-0.0163,0.9998,0,4.2092,-0.2988,5.1387,1],"rest":[1,0.0002,0.0002,0,-0.0002,1,-0.0002,0,-0.0002,0.0002,1,0,4.2092,-0.2988,5.1387,1],"parentBoneIndex":10,"length":1.9313
,"animation":{"dataType":3,"framePerSecond":24,"keys":[
{"frame":1,"values":[0.9969,0.0781,-0.0134,0,-0.0779,0.9968,0.0174,0,0.0147,-0.0163,0.9998,0,4.2092,-0.2988,5.1387,1]},
{"frame":23,"values":[0.9969,0.0781,-0.0134,0,-0.0779,0.9968,0.0174,0,0.0147,-0.0163,0.9998,0,4.2092,-0.2988,5.1387,1]}],"loopBehavior":1,"name":"anim","property":"_matrix"}},
{"name":"LeftHandThumb2","index":12,"matrix":[0.877,0.4075,-0.2546,0,-0.3175,0.8891,0.3297,0,0.3607,-0.2083,0.9091,0,1.496,-0.8637,0.8637,1],"rest":[0.9982,0.052,0.0284,0,-0.0507,0.9976,-0.0475,0,-0.0308,0.046,0.9985,0,1.496,-0.8637,0.8637,1],"parentBoneIndex":11,"length":2.3416
,"animation":{"dataType":3,"framePerSecond":24,"keys":[
{"frame":1,"values":[0.877,0.4075,-0.2546,0,-0.3175,0.8891,0.3297,0,0.3607,-0.2083,0.9091,0,1.496,-0.8637,0.8637,1]},
{"frame":2,"values":[0.8768,0.4071,-0.256,0,-0.3178,0.8901,0.3268,0,0.3609,-0.2052,0.9098,0,1.496,-0.8637,0.8637,1]},
{"frame":3,"values":[0.8767,0.4084,-0.2542,0,-0.3168,0.8878,0.3339,0,0.362,-0.2122,0.9077,0,1.496,-0.8637,0.8637,1]},
{"frame":4,"values":[0.8757,0.4118,-0.2521,0,-0.3149,0.8829,0.3482,0,0.366,-0.2256,0.9029,0,1.496,-0.8637,0.8637,1]},
{"frame":5,"values":[0.8751,0.4135,-0.2515,0,-0.3141,0.8806,0.3549,0,0.3682,-0.2315,0.9004,0,1.496,-0.8637,0.8637,1]},
{"frame":6,"values":[0.8763,0.4125,-0.2488,0,-0.3144,0.8811,0.3534,0,0.365,-0.2315,0.9018,0,1.496,-0.8637,0.8637,1]},
{"frame":7,"values":[0.8784,0.4108,-0.2444,0,-0.3149,0.882,0.3506,0,0.3596,-0.231,0.9041,0,1.496,-0.8637,0.8637,1]},
{"frame":8,"values":[0.8801,0.4093,-0.2406,0,-0.3151,0.8826,0.3489,0,0.3551,-0.2312,0.9058,0,1.496,-0.8637,0.8637,1]},
{"frame":9,"values":[0.8823,0.4071,-0.2361,0,-0.315,0.8836,0.3465,0,0.3497,-0.2314,0.9078,0,1.496,-0.8637,0.8637,1]},
{"frame":10,"values":[0.8872,0.4027,-0.2254,0,-0.3155,0.8857,0.3407,0,0.3368,-0.2311,0.9128,0,1.496,-0.8637,0.8637,1]},
{"frame":11,"values":[0.8953,0.3956,-0.2048,0,-0.3175,0.8892,0.3295,0,0.3124,-0.23,0.9217,0,1.496,-0.8637,0.8637,1]},
{"frame":12,"values":[0.9013,0.3901,-0.1883,0,-0.3188,0.8917,0.3213,0,0.2933,-0.2295,0.9281,0,1.496,-0.8637,0.8637,1]},
{"frame":13,"values":[0.8992,0.3918,-0.1946,0,-0.3179,0.8908,0.3246,0,0.3006,-0.23,0.9256,0,1.496,-0.8637,0.8637,1]},
{"frame":14,"values":[0.8934,0.3966,-0.2113,0,-0.3163,0.889,0.3312,0,0.3192,-0.2291,0.9196,0,1.496,-0.8637,0.8637,1]},
{"frame":15,"values":[0.8924,0.395,-0.2181,0,-0.3167,0.8927,0.3207,0,0.3214,-0.2171,0.9217,0,1.496,-0.8637,0.8637,1]},
{"frame":16,"values":[0.8953,0.3902,-0.215,0,-0.3181,0.8977,0.3048,0,0.312,-0.2045,0.9278,0,1.496,-0.8637,0.8637,1]},
{"frame":17,"values":[0.8943,0.3905,-0.2186,0,-0.3187,0.8987,0.3013,0,0.3141,-0.1998,0.9281,0,1.496,-0.8637,0.8637,1]},
{"frame":18,"values":[0.8899,0.3941,-0.2299,0,-0.3188,0.8976,0.3045,0,0.3264,-0.1976,0.9244,0,1.496,-0.8637,0.8637,1]},
{"frame":19,"values":[0.8869,0.3961,-0.2375,0,-0.3191,0.8973,0.3049,0,0.3339,-0.1946,0.9223,0,1.496,-0.8637,0.8637,1]},
{"frame":20,"values":[0.8856,0.3974,-0.2404,0,-0.3192,0.8968,0.3064,0,0.3374,-0.1946,0.921,0,1.496,-0.8637,0.8637,1]},
{"frame":21,"values":[0.883,0.4006,-0.2448,0,-0.3189,0.8944,0.3136,0,0.3445,-0.1988,0.9175,0,1.496,-0.8637,0.8637,1]},
{"frame":22,"values":[0.8793,0.4048,-0.2508,0,-0.3181,0.8912,0.3233,0,0.3544,-0.2046,0.9125,0,1.496,-0.8637,0.8637,1]},
{"frame":23,"values":[0.877,0.4075,-0.2545,0,-0.3175,0.8891,0.3296,0,0.3606,-0.2082,0.9092,0,1.496,-0.8637,0.8637,1]}],"loopBehavior":1,"name":"anim","property":"_matrix"}},
{"name":"LeftHandThumb3","index":13,"matrix":[0.985,0.0969,-0.1426,0,-0.1195,0.9799,-0.1597,0,0.1242,0.1744,0.9768,0,1.7859,-1.1863,0.9415,1],"rest":[0.9982,-0.0507,-0.0308,0,0.052,0.9976,0.046,0,0.0284,-0.0475,0.9985,0,1.7859,-1.1863,0.9415,1],"parentBoneIndex":12,"length":4.3787
,"animation":{"dataType":3,"framePerSecond":24,"keys":[
{"frame":1,"values":[0.985,0.0969,-0.1426,0,-0.1195,0.9799,-0.1597,0,0.1242,0.1744,0.9768,0,1.7859,-1.1863,0.9415,1]},
{"frame":2,"values":[0.9848,0.097,-0.1442,0,-0.1198,0.9799,-0.1595,0,0.1259,0.1743,0.9766,0,1.7859,-1.1863,0.9415,1]},
{"frame":3,"values":[0.9853,0.0976,-0.1405,0,-0.1199,0.9797,-0.1607,0,0.122,0.1752,0.9769,0,1.7859,-1.1863,0.9415,1]},
{"frame":4,"values":[0.9865,0.1004,-0.1297,0,-0.1208,0.9796,-0.1607,0,0.1109,0.1742,0.9785,0,1.7859,-1.1863,0.9415,1]},
{"frame":5,"values":[0.9874,0.1039,-0.119,0,-0.1221,0.9799,-0.1575,0,0.1003,0.1701,0.9803,0,1.7859,-1.1863,0.9415,1]},
{"frame":6,"values":[0.988,0.1063,-0.1125,0,-0.1229,0.9806,-0.1529,0,0.094,0.1649,0.9818,0,1.7859,-1.1863,0.9415,1]},
{"frame":7,"values":[0.9883,0.1079,-0.1076,0,-0.1233,0.9812,-0.1488,0,0.0895,0.1603,0.983,0,1.7859,-1.1863,0.9415,1]},
{"frame":8,"values":[0.9885,0.108,-0.1055,0,-0.123,0.9815,-0.147,0,0.0877,0.1583,0.9835,0,1.7859,-1.1863,0.9415,1]},
{"frame":9,"values":[0.9884,0.1061,-0.1091,0,-0.1218,0.9814,-0.1487,0,0.0913,0.1602,0.9829,0,1.7859,-1.1863,0.9415,1]},
{"frame":10,"values":[0.9878,0.1019,-0.1179,0,-0.1195,0.9809,-0.1532,0,0.1,0.1654,0.9811,0,1.7859,-1.1863,0.9415,1]},
{"frame":11,"values":[0.9871,0.0965,-0.1277,0,-0.1163,0.9807,-0.1574,0,0.11,0.1702,0.9792,0,1.7859,-1.1863,0.9415,1]},
{"frame":12,"values":[0.9869,0.0934,-0.1317,0,-0.114,0.9808,-0.1584,0,0.1144,0.1713,0.9786,0,1.7859,-1.1863,0.9415,1]},
{"frame":13,"values":[0.9871,0.0943,-0.1295,0,-0.1144,0.9808,-0.1577,0,0.1121,0.1705,0.979,0,1.7859,-1.1863,0.9415,1]},
{"frame":14,"values":[0.9868,0.0954,-0.1311,0,-0.1159,0.9805,-0.1588,0,0.1134,0.1718,0.9786,0,1.7859,-1.1863,0.9415,1]},
{"frame":15,"values":[0.9856,0.0936,-0.1408,0,-0.1159,0.9804,-0.1595,0,0.1232,0.1735,0.9771,0,1.7859,-1.1863,0.9415,1]},
{"frame":16,"values":[0.9846,0.0917,-0.1486,0,-0.1151,0.9807,-0.1579,0,0.1313,0.1726,0.9762,0,1.7859,-1.1863,0.9415,1]},
{"frame":17,"values":[0.9844,0.0919,-0.15,0,-0.1155,0.9809,-0.1567,0,0.1327,0.1716,0.9762,0,1.7859,-1.1863,0.9415,1]},
{"frame":18,"values":[0.9843,0.0931,-0.15,0,-0.1166,0.9808,-0.1566,0,0.1325,0.1716,0.9762,0,1.7859,-1.1863,0.9415,1]},
{"frame":19,"values":[0.9841,0.0938,-0.1509,0,-0.1175,0.9807,-0.1564,0,0.1333,0.1716,0.9761,0,1.7859,-1.1863,0.9415,1]},
{"frame":20,"values":[0.9841,0.0942,-0.1506,0,-0.1178,0.9806,-0.1565,0,0.133,0.1718,0.9761,0,1.7859,-1.1863,0.9415,1]},
{"frame":21,"values":[0.9844,0.0951,-0.1481,0,-0.1184,0.9804,-0.1575,0,0.1302,0.1726,0.9763,0,1.7859,-1.1863,0.9415,1]},
{"frame":22,"values":[0.9848,0.0963,-0.1447,0,-0.1192,0.9801,-0.1589,0,0.1265,0.1737,0.9766,0,1.7859,-1.1863,0.9415,1]},
{"frame":23,"values":[0.985,0.0971,-0.1426,0,-0.1198,0.9799,-0.1598,0,0.1242,0.1744,0.9768,0,1.7859,-1.1863,0.9415,1]}],"loopBehavior":1,"name":"anim","property":"_matrix"}},
{"name":"LeftHandThumb4","index":14,"matrix":[1,0,0,0,0,1,0,0,0,0,1,0,3.3918,-1.9582,1.9582,1],"rest":[1,0,0,0,0,1,0,0,0,0,1,0,3.3918,-1.9582,1.9582,1],"parentBoneIndex":13,"length":4.3787
,"animation":{"dataType":3,"framePerSecond":24,"keys":[
{"frame":1,"values":[1,0,0,0,0,1,0,0,0,0,1,0,3.3918,-1.9582,1.9582,1]},
{"frame":23,"values":[1,0,0,0,0,1,0,0,0,0,1,0,3.3918,-1.9582,1.9582,1]}],"loopBehavior":1,"name":"anim","property":"_matrix"}},
{"name":"LeftHandIndex1","index":15,"matrix":[0.9912,-0.1316,0.0168,0,0.1318,0.9912,-0.0129,0,-0.015,0.015,0.9998,0,11.0606,-0.132,2.3806,1],"rest":[1,0,0,0,0,1,0,0,0,0,1,0,11.0606,-0.132,2.3806,1],"parentBoneIndex":10,"length":2.4579
,"animation":{"dataType":3,"framePerSecond":24,"keys":[
{"frame":1,"values":[0.9912,-0.1316,0.0168,0,0.1318,0.9912,-0.0129,0,-0.015,0.015,0.9998,0,11.0606,-0.132,2.3806,1]},
{"frame":2,"values":[0.9909,-0.1333,0.017,0,0.1335,0.991,-0.013,0,-0.0151,0.0151,0.9998,0,11.0606,-0.132,2.3806,1]},
{"frame":3,"values":[0.9904,-0.1376,0.0157,0,0.1378,0.9904,-0.0126,0,-0.0138,0.0146,0.9998,0,11.0606,-0.132,2.3806,1]},
{"frame":4,"values":[0.9891,-0.1466,0.013,0,0.1468,0.9891,-0.0117,0,-0.0111,0.0135,0.9998,0,11.0606,-0.132,2.3806,1]},
{"frame":5,"values":[0.988,-0.1543,0.0108,0,0.1544,0.9879,-0.0111,0,-0.0089,0.0126,0.9999,0,11.0606,-0.132,2.3806,1]},
{"frame":6,"values":[0.9874,-0.1579,0.0096,0,0.158,0.9874,-0.0107,0,-0.0078,0.0121,0.9999,0,11.0606,-0.132,2.3806,1]},
{"frame":7,"values":[0.9871,-0.1599,0.0089,0,0.16,0.9871,-0.0104,0,-0.0071,0.0117,0.9999,0,11.0606,-0.132,2.3806,1]},
{"frame":8,"values":[0.9872,-0.1593,0.0086,0,0.1594,0.9872,-0.0101,0,-0.0069,0.0114,0.9999,0,11.0606,-0.132,2.3806,1]},
{"frame":9,"values":[0.9878,-0.1552,0.0094,0,0.1553,0.9878,-0.0102,0,-0.0077,0.0115,0.9999,0,11.0606,-0.132,2.3806,1]},
{"frame":10,"values":[0.9887,-0.1495,0.0118,0,0.1496,0.9887,-0.0112,0,-0.01,0.0128,0.9999,0,11.0606,-0.132,2.3806,1]},
