{"producer":{"name":"Blender","version":"2.90.0","exporter_version":"2.80.1","file":"walkbackwards.babylon"},
"autoClear":true,"clearColor":[0.0509,0.0509,0.0509],"gravity":[0,-9.81,0],
"materials":[{"name":"Material","id":"Material","customType":"BABYLON.PBRMaterial","backFaceCulling":true,"checkReadyOnlyOnce":false,"maxSimultaneousLights":4,"environmentIntensity":1,"albedo":[0.8,0.8,0.8],"reflectivity":[0.5,0.5,0.5],"roughness":0.4,"alpha":1,"transparencyMode":0,"alphaCutOff":0.4,"metallic":0}],
"multiMaterials":[],
"skeletons":[{"name":"Armature","id":0,"dimensionsAtRest":[177.7018,230.6614,27.1405],"bones":[
{"name":"Hips","index":0,"matrix":[0.9991,-0.011,-0.0403,0,0.0087,0.9983,-0.0569,0,-0.0408,-0.0565,-0.9976,0,0.259,108.6574,-1.3989,1],"rest":[1,0,0,0,0,1,0,0,0,0,-1,0,0,113.0334,0,1],"parentBoneIndex":-1,"length":12.9876
,"animation":{"dataType":3,"framePerSecond":24,"keys":[
{"frame":1,"values":[0.9991,-0.011,-0.0403,0,0.0087,0.9983,-0.0569,0,-0.0408,-0.0565,-0.9976,0,0.259,108.6574,-1.3989,1]},
{"frame":2,"values":[0.9979,-0.0061,-0.0648,0,0.0025,0.9985,-0.0553,0,-0.065,-0.055,-0.9964,0,0.3623,107.9831,-2.0079,1]},
{"frame":3,"values":[0.9957,-0.0028,-0.0921,0,-0.0014,0.9989,-0.0461,0,-0.0921,-0.0461,-0.9947,0,0.6743,106.7196,-2.5893,1]},
{"frame":4,"values":[0.9932,-0.0012,-0.1163,0,-0.0028,0.9994,-0.0344,0,-0.1162,-0.0345,-0.9926,0,1.2101,105.2022,-3.0441,1]},
{"frame":5,"values":[0.9914,-0.0003,-0.1308,0,-0.0041,0.9994,-0.0335,0,-0.1308,-0.0337,-0.9908,0,1.8158,104.0629,-3.1955,1]},
{"frame":6,"values":[0.991,0.0021,-0.1341,0,-0.0089,0.9987,-0.0499,0,-0.1338,-0.0507,-0.9897,0,2.3169,103.9422,-2.8605,1]},
{"frame":7,"values":[0.9909,0.0142,-0.1336,0,-0.0238,0.9973,-0.0701,0,-0.1323,-0.0727,-0.9885,0,2.6526,104.5751,-2.029,1]},
{"frame":8,"values":[0.9893,0.0347,-0.1419,0,-0.0458,0.9961,-0.0757,0,-0.1388,-0.0814,-0.987,0,2.8983,105.327,-1.1261,1]},
{"frame":9,"values":[0.9856,0.0573,-0.1591,0,-0.0682,0.9956,-0.0637,0,-0.1547,-0.0736,-0.9852,0,3.1021,105.997,-0.8649,1]},
{"frame":10,"values":[0.9834,0.0712,-0.1667,0,-0.0802,0.9956,-0.0477,0,-0.1626,-0.0603,-0.9849,0,3.2587,106.8254,-1.0206,1]},
{"frame":11,"values":[0.9863,0.0755,-0.1469,0,-0.0822,0.9958,-0.0398,0,-0.1433,-0.0513,-0.9884,0,3.2955,107.4827,-1.3408,1]},
{"frame":12,"values":[0.9918,0.0729,-0.1054,0,-0.0773,0.9962,-0.0389,0,-0.1022,-0.0467,-0.9937,0,3.2258,107.6479,-1.7018,1]},
{"frame":13,"values":[0.9955,0.0696,-0.065,0,-0.0721,0.9967,-0.0375,0,-0.0622,-0.042,-0.9972,0,3.0833,107.2042,-2.082,1]},
{"frame":14,"values":[0.9968,0.0693,-0.0407,0,-0.0706,0.997,-0.0327,0,-0.0384,-0.0355,-0.9986,0,2.8529,106.1953,-2.4194,1]},
{"frame":15,"values":[0.997,0.0703,-0.0325,0,-0.0713,0.997,-0.0298,0,-0.0303,-0.032,-0.999,0,2.4807,104.9066,-2.6307,1]},
{"frame":16,"values":[0.9973,0.0656,-0.0339,0,-0.0669,0.997,-0.0378,0,-0.0313,-0.0399,-0.9987,0,1.9855,103.8453,-2.5826,1]},
{"frame":17,"values":[0.998,0.0493,-0.0391,0,-0.0516,0.9969,-0.0592,0,-0.0361,-0.0611,-0.9975,0,1.4421,103.3733,-2.1387,1]},
{"frame":18,"values":[0.9988,0.0254,-0.0425,0,-0.0288,0.9963,-0.0816,0,-0.0403,-0.0827,-0.9958,0,0.9248,103.4762,-1.2579,1]},
{"frame":19,"values":[0.9993,-0.0006,-0.0361,0,-0.0026,0.9959,-0.0899,0,-0.036,-0.0899,-0.9953,0,0.557,103.9198,-0.2173,1]},
{"frame":20,"values":[0.9995,-0.0253,-0.0166,0,0.0238,0.9961,-0.0846,0,-0.0187,-0.0842,-0.9963,0,0.3914,104.5345,0.4402,1]},
{"frame":21,"values":[0.9992,-0.0406,0.0064,0,0.041,0.9963,-0.0757,0,0.0033,-0.0759,-0.9971,0,0.313,105.3834,0.5414,1]},
{"frame":22,"values":[0.9991,-0.0402,0.0138,0,0.0411,0.9968,-0.069,0,0.011,-0.0695,-0.9975,0,0.241,106.5141,0.2094,1]},
{"frame":23,"values":[0.9996,-0.0274,-0.0048,0,0.0271,0.9976,-0.0632,0,-0.0065,-0.0631,-0.998,0,0.2057,107.7245,-0.4613,1]},
{"frame":24,"values":[0.9991,-0.011,-0.0403,0,0.0087,0.9983,-0.0569,0,-0.0408,-0.0565,-0.9976,0,0.259,108.6574,-1.3989,1]}],"loopBehavior":1,"name":"anim","property":"_matrix"}},
{"name":"Spine","index":1,"matrix":[0.9996,-0.0094,-0.027,0,0.0106,0.9989,0.0456,0,0.0265,-0.0459,0.9986,0,0,7.2445,0.6334,1],"rest":[1,0,0,0,0,1,0,0,0,0,1,0,0,7.2445,0.6334,1],"parentBoneIndex":0,"length":7.4267
,"animation":{"dataType":3,"framePerSecond":24,"keys":[
{"frame":1,"values":[0.9996,-0.0094,-0.027,0,0.0106,0.9989,0.0456,0,0.0265,-0.0459,0.9986,0,0,7.2445,0.6334,1]},
{"frame":2,"values":[0.9998,-0.0152,-0.0154,0,0.0158,0.999,0.0415,0,0.0147,-0.0417,0.999,0,0,7.2445,0.6334,1]},
{"frame":3,"values":[0.9999,-0.0162,-0.0042,0,0.0163,0.9991,0.0399,0,0.0035,-0.04,0.9992,0,0,7.2445,0.6334,1]},
{"frame":4,"values":[0.9999,-0.012,0.0062,0,0.0118,0.9992,0.0394,0,-0.0066,-0.0393,0.9992,0,0,7.2445,0.6334,1]},
{"frame":5,"values":[0.9998,-0.0076,0.0156,0,0.007,0.9993,0.0362,0,-0.0158,-0.0361,0.9992,0,0,7.2445,0.6334,1]},
{"frame":6,"values":[0.9997,-0.0088,0.0225,0,0.0081,0.9995,0.0319,0,-0.0228,-0.0317,0.9992,0,0,7.2445,0.6334,1]},
{"frame":7,"values":[0.9994,-0.0225,0.0256,0,0.0216,0.9992,0.0331,0,-0.0263,-0.0325,0.9991,0,0,7.2445,0.6334,1]},
{"frame":8,"values":[0.9988,-0.0433,0.0225,0,0.0424,0.9982,0.0413,0,-0.0242,-0.0403,0.9989,0,0,7.2445,0.6334,1]},
{"frame":9,"values":[0.9979,-0.0622,0.0169,0,0.0613,0.9969,0.0487,0,-0.0199,-0.0476,0.9987,0,0,7.2445,0.6334,1]},
{"frame":10,"values":[0.9975,-0.0692,0.0152,0,0.0684,0.9965,0.0479,0,-0.0185,-0.0467,0.9987,0,0,7.2445,0.6334,1]},
{"frame":11,"values":[0.9975,-0.0675,0.0184,0,0.0667,0.9969,0.0405,0,-0.0211,-0.0392,0.999,0,0,7.2445,0.6334,1]},
{"frame":12,"values":[0.9979,-0.0617,0.0197,0,0.0611,0.9976,0.0324,0,-0.0217,-0.0311,0.9993,0,0,7.2445,0.6334,1]},
{"frame":13,"values":[0.9982,-0.0576,0.014,0,0.0572,0.998,0.0271,0,-0.0155,-0.0263,0.9995,0,0,7.2445,0.6334,1]},
{"frame":14,"values":[0.9983,-0.0584,0.0019,0,0.0584,0.998,0.0246,0,-0.0034,-0.0244,0.9997,0,0,7.2445,0.6334,1]},
{"frame":15,"values":[0.998,-0.0618,-0.0123,0,0.0621,0.9978,0.0223,0,0.0109,-0.0231,0.9997,0,0,7.2445,0.6334,1]},
{"frame":16,"values":[0.9979,-0.0596,-0.0251,0,0.06,0.998,0.0181,0,0.024,-0.0195,0.9995,0,0,7.2445,0.6334,1]},
{"frame":17,"values":[0.9983,-0.0471,-0.0336,0,0.0477,0.9988,0.0148,0,0.0329,-0.0163,0.9993,0,0,7.2445,0.6334,1]},
{"frame":18,"values":[0.9989,-0.0288,-0.0359,0,0.0296,0.9994,0.0198,0,0.0354,-0.0209,0.9992,0,0,7.2445,0.6334,1]},
{"frame":19,"values":[0.9995,-0.0067,-0.0316,0,0.0078,0.9994,0.0347,0,0.0314,-0.0349,0.9989,0,0,7.2445,0.6334,1]},
{"frame":20,"values":[0.9996,0.0177,-0.0239,0,-0.0164,0.9986,0.0505,0,0.0247,-0.0501,0.9984,0,0,7.2445,0.6334,1]},
{"frame":21,"values":[0.9993,0.0326,-0.0189,0,-0.0315,0.9978,0.0585,0,0.0207,-0.0579,0.9981,0,0,7.2445,0.6334,1]},
{"frame":22,"values":[0.9994,0.0294,-0.0203,0,-0.0282,0.9979,0.0585,0,0.022,-0.0579,0.9981,0,0,7.2445,0.6334,1]},
{"frame":23,"values":[0.9996,0.0119,-0.0251,0,-0.0105,0.9985,0.0533,0,0.0257,-0.053,0.9983,0,0,7.2445,0.6334,1]},
{"frame":24,"values":[0.9996,-0.0094,-0.027,0,0.0106,0.9989,0.0456,0,0.0265,-0.0459,0.9986,0,0,7.2445,0.6334,1]}],"loopBehavior":1,"name":"anim","property":"_matrix"}},
{"name":"Spine1","index":2,"matrix":[0.9999,-0.0059,-0.0147,0,0.0064,0.9993,0.038,0,0.0145,-0.0381,0.9992,0,0,7.425,0.1598,1],"rest":[1,0,0,0,0,1,0,0,0,0,1,0,0,7.425,0.1598,1],"parentBoneIndex":1,"length":8.6299
,"animation":{"dataType":3,"framePerSecond":24,"keys":[
{"frame":1,"values":[0.9999,-0.0059,-0.0147,0,0.0064,0.9993,0.038,0,0.0145,-0.0381,0.9992,0,0,7.425,0.1598,1]},
{"frame":2,"values":[0.9999,-0.0057,-0.0098,0,0.006,0.9994,0.0342,0,0.0096,-0.0343,0.9994,0,0,7.425,0.1598,1]},
{"frame":3,"values":[1,-0.0043,-0.0049,0,0.0044,0.9995,0.0318,0,0.0048,-0.0318,0.9995,0,0,7.425,0.1598,1]},
{"frame":4,"values":[1,-0.0023,-0.0004,0,0.0023,0.9995,0.0302,0,0.0003,-0.0302,0.9995,0,0,7.425,0.1598,1]},
{"frame":5,"values":[1,-0.0007,0.0044,0,0.0006,0.9996,0.0275,0,-0.0044,-0.0275,0.9996,0,0,7.425,0.1598,1]},
{"frame":6,"values":[1,-0.0015,0.0087,0,0.0013,0.9997,0.0249,0,-0.0088,-0.0249,0.9997,0,0,7.425,0.1598,1]},
{"frame":7,"values":[0.9999,-0.0065,0.0104,0,0.0063,0.9996,0.0261,0,-0.0105,-0.0261,0.9996,0,0,7.425,0.1598,1]},
{"frame":8,"values":[0.9999,-0.0128,0.0073,0,0.0126,0.9994,0.0309,0,-0.0077,-0.0308,0.9995,0,0,7.425,0.1598,1]},
{"frame":9,"values":[0.9999,-0.0145,0.0023,0,0.0144,0.9993,0.0345,0,-0.0028,-0.0344,0.9994,0,0,7.425,0.1598,1]},
{"frame":10,"values":[0.9999,-0.011,0.0007,0,0.011,0.9994,0.034,0,-0.001,-0.034,0.9994,0,0,7.425,0.1598,1]},
{"frame":11,"values":[1,-0.0074,0.0038,0,0.0073,0.9995,0.0313,0,-0.004,-0.0313,0.9995,0,0,7.425,0.1598,1]},
{"frame":12,"values":[0.9999,-0.007,0.0073,0,0.0068,0.9996,0.0282,0,-0.0075,-0.0282,0.9996,0,0,7.425,0.1598,1]},
{"frame":13,"values":[0.9999,-0.0088,0.0067,0,0.0087,0.9996,0.0255,0,-0.007,-0.0254,0.9997,0,0,7.425,0.1598,1]},
{"frame":14,"values":[0.9999,-0.0111,0.0024,0,0.011,0.9997,0.0236,0,-0.0026,-0.0235,0.9997,0,0,7.425,0.1598,1]},
{"frame":15,"values":[0.9999,-0.0134,-0.0033,0,0.0135,0.9997,0.022,0,0.003,-0.022,0.9998,0,0,7.425,0.1598,1]},
{"frame":16,"values":[0.9998,-0.0149,-0.0095,0,0.0151,0.9997,0.019,0,0.0092,-0.0191,0.9998,0,0,7.425,0.1598,1]},
{"frame":17,"values":[0.9998,-0.0134,-0.016,0,0.0136,0.9998,0.0159,0,0.0158,-0.0161,0.9997,0,0,7.425,0.1598,1]},
{"frame":18,"values":[0.9998,-0.0077,-0.0197,0,0.008,0.9998,0.0177,0,0.0196,-0.0179,0.9996,0,0,7.425,0.1598,1]},
{"frame":19,"values":[0.9999,0.0005,-0.0167,0,-0.0001,0.9997,0.0263,0,0.0167,-0.0263,0.9995,0,0,7.425,0.1598,1]},
{"frame":20,"values":[0.9999,0.0072,-0.0093,0,-0.0069,0.9993,0.0354,0,0.0095,-0.0354,0.9993,0,0,7.425,0.1598,1]},
{"frame":21,"values":[0.9999,0.0091,-0.0046,0,-0.0089,0.9992,0.0396,0,0.005,-0.0395,0.9992,0,0,7.425,0.1598,1]},
{"frame":22,"values":[1,0.0062,-0.0065,0,-0.0059,0.9992,0.0402,0,0.0068,-0.0402,0.9992,0,0,7.425,0.1598,1]},
{"frame":23,"values":[0.9999,0.0002,-0.0116,0,0.0003,0.9992,0.0398,0,0.0116,-0.0398,0.9991,0,0,7.425,0.1598,1]},
{"frame":24,"values":[0.9999,-0.0059,-0.0147,0,0.0064,0.9993,0.038,0,0.0145,-0.0381,0.9992,0,0,7.425,0.1598,1]}],"loopBehavior":1,"name":"anim","property":"_matrix"}},
{"name":"Spine2","index":3,"matrix":[0.9999,-0.0054,-0.014,0,0.006,0.9992,0.0383,0,0.0138,-0.0384,0.9992,0,0,8.6226,-0.3542,1],"rest":[1,0,0,0,0,1,0,0,0,0,1,0,0,8.6226,-0.3542,1],"parentBoneIndex":2,"length":20.7438
,"animation":{"dataType":3,"framePerSecond":24,"keys":[
{"frame":1,"values":[0.9999,-0.0054,-0.014,0,0.006,0.9992,0.0383,0,0.0138,-0.0384,0.9992,0,0,8.6226,-0.3542,1]},
{"frame":2,"values":[0.9999,-0.0054,-0.0091,0,0.0057,0.9994,0.0344,0,0.0089,-0.0345,0.9994,0,0,8.6226,-0.3542,1]},
{"frame":3,"values":[1,-0.0041,-0.0042,0,0.0042,0.9995,0.0319,0,0.0041,-0.0319,0.9995,0,0,8.6226,-0.3542,1]},
{"frame":4,"values":[1,-0.0022,0.0003,0,0.0022,0.9995,0.0302,0,-0.0003,-0.0302,0.9995,0,0,8.6226,-0.3542,1]},
{"frame":5,"values":[1,-0.0007,0.0049,0,0.0006,0.9996,0.0274,0,-0.0049,-0.0274,0.9996,0,0,8.6226,-0.3542,1]},
{"frame":6,"values":[1,-0.0016,0.0092,0,0.0014,0.9997,0.0248,0,-0.0092,-0.0248,0.9996,0,0,8.6226,-0.3542,1]},
{"frame":7,"values":[0.9999,-0.0066,0.0107,0,0.0063,0.9996,0.026,0,-0.0109,-0.0259,0.9996,0,0,8.6226,-0.3542,1]},
{"frame":8,"values":[0.9999,-0.0129,0.0076,0,0.0127,0.9994,0.0308,0,-0.008,-0.0307,0.9995,0,0,8.6226,-0.3542,1]},
{"frame":9,"values":[0.9999,-0.0145,0.0026,0,0.0144,0.9993,0.0345,0,-0.0031,-0.0344,0.9994,0,0,8.6226,-0.3542,1]},
{"frame":10,"values":[0.9999,-0.011,0.001,0,0.0109,0.9994,0.034,0,-0.0013,-0.034,0.9994,0,0,8.6226,-0.3542,1]},
{"frame":11,"values":[1,-0.0075,0.0041,0,0.0073,0.9995,0.0313,0,-0.0044,-0.0312,0.9995,0,0,8.6226,-0.3542,1]},
{"frame":12,"values":[0.9999,-0.0071,0.0076,0,0.0069,0.9996,0.0282,0,-0.0078,-0.0281,0.9996,0,0,8.6226,-0.3542,1]},
{"frame":13,"values":[0.9999,-0.0089,0.0069,0,0.0087,0.9996,0.0255,0,-0.0072,-0.0254,0.9997,0,0,8.6226,-0.3542,1]},
{"frame":14,"values":[0.9999,-0.0111,0.0025,0,0.0111,0.9997,0.0235,0,-0.0027,-0.0235,0.9997,0,0,8.6226,-0.3542,1]},
{"frame":15,"values":[0.9999,-0.0133,-0.0033,0,0.0134,0.9997,0.022,0,0.003,-0.022,0.9998,0,0,8.6226,-0.3542,1]},
{"frame":16,"values":[0.9998,-0.0148,-0.0095,0,0.0149,0.9997,0.0191,0,0.0092,-0.0192,0.9998,0,0,8.6226,-0.3542,1]},
{"frame":17,"values":[0.9998,-0.0132,-0.0161,0,0.0135,0.9998,0.0159,0,0.0158,-0.0162,0.9997,0,0,8.6226,-0.3542,1]},
{"frame":18,"values":[0.9998,-0.0075,-0.0197,0,0.0079,0.9998,0.0178,0,0.0196,-0.018,0.9996,0,0,8.6226,-0.3542,1]},
{"frame":19,"values":[0.9999,0.0007,-0.0166,0,-0.0002,0.9997,0.0264,0,0.0166,-0.0264,0.9995,0,0,8.6226,-0.3542,1]},
{"frame":20,"values":[0.9999,0.0073,-0.009,0,-0.007,0.9993,0.0355,0,0.0093,-0.0354,0.9993,0,0,8.6226,-0.3542,1]},
{"frame":21,"values":[0.9999,0.0092,-0.0044,0,-0.009,0.9992,0.0396,0,0.0047,-0.0395,0.9992,0,0,8.6226,-0.3542,1]},
{"frame":22,"values":[1,0.0063,-0.0061,0,-0.006,0.9992,0.0403,0,0.0064,-0.0402,0.9992,0,0,8.6226,-0.3542,1]},
{"frame":23,"values":[0.9999,0.0004,-0.011,0,0,0.9992,0.04,0,0.011,-0.04,0.9991,0,0,8.6226,-0.3542,1]},
{"frame":24,"values":[0.9999,-0.0054,-0.014,0,0.006,0.9992,0.0383,0,0.0138,-0.0384,0.9992,0,0,8.6226,-0.3542,1]}],"loopBehavior":1,"name":"anim","property":"_matrix"}},
{"name":"Neck","index":4,"matrix":[1,0.0008,0.0057,0,-0.0006,0.9995,-0.0313,0,-0.0057,0.0313,0.9995,0,0,23.6053,-4.5263,1],"rest":[1,0,0,0,0,1,0,0,0,0,1,0,0,23.6053,-4.5263,1],"parentBoneIndex":3,"length":10.3542
,"animation":{"dataType":3,"framePerSecond":24,"keys":[
{"frame":1,"values":[1,0.0008,0.0057,0,-0.0006,0.9995,-0.0313,0,-0.0057,0.0313,0.9995,0,0,23.6053,-4.5263,1]},
{"frame":2,"values":[1,0.0005,0.0016,0,-0.0004,0.9995,-0.0307,0,-0.0016,0.0307,0.9995,0,0,23.6053,-4.5263,1]},
{"frame":3,"values":[1,-0.0011,-0.0031,0,0.001,0.9996,-0.0272,0,0.0031,0.0272,0.9996,0,0,23.6053,-4.5263,1]},
{"frame":4,"values":[1,-0.0029,-0.0071,0,0.0027,0.9998,-0.0213,0,0.0072,0.0213,0.9997,0,0,23.6053,-4.5263,1]},
{"frame":5,"values":[0.9999,-0.0034,-0.0097,0,0.0033,0.9999,-0.017,0,0.0097,0.0169,0.9998,0,0,23.6053,-4.5263,1]},
{"frame":6,"values":[0.9999,-0.0019,-0.0109,0,0.0017,0.9998,-0.0177,0,0.0109,0.0177,0.9998,0,0,23.6053,-4.5263,1]},
{"frame":7,"values":[0.9999,0.0015,-0.0111,0,-0.0018,0.9998,-0.0222,0,0.011,0.0222,0.9997,0,0,23.6053,-4.5263,1]},
{"frame":8,"values":[0.9999,0.004,-0.0105,0,-0.0042,0.9997,-0.0256,0,0.0104,0.0257,0.9996,0,0,23.6053,-4.5263,1]},
{"frame":9,"values":[0.9999,0.0021,-0.0101,0,-0.0024,0.9997,-0.0243,0,0.0101,0.0243,0.9997,0,0,23.6053,-4.5263,1]},
{"frame":10,"values":[0.9999,-0.003,-0.0105,0,0.0028,0.9998,-0.019,0,0.0106,0.0189,0.9998,0,0,23.6053,-4.5263,1]},
{"frame":11,"values":[0.9999,-0.007,-0.0105,0,0.0069,0.9999,-0.0143,0,0.0106,0.0142,0.9998,0,0,23.6053,-4.5263,1]},
{"frame":12,"values":[0.9999,-0.0075,-0.0087,0,0.0074,0.9999,-0.0135,0,0.0088,0.0134,0.9999,0,0,23.6053,-4.5263,1]},
{"frame":13,"values":[1,-0.0056,-0.0052,0,0.0055,0.9999,-0.0157,0,0.0053,0.0156,0.9999,0,0,23.6053,-4.5263,1]},
{"frame":14,"values":[1,-0.0033,-0.0016,0,0.0032,0.9998,-0.018,0,0.0017,0.018,0.9998,0,0,23.6053,-4.5263,1]},
{"frame":15,"values":[1,-0.0018,0.0012,0,0.0019,0.9998,-0.0193,0,-0.0011,0.0193,0.9998,0,0,23.6053,-4.5263,1]},
{"frame":16,"values":[1,-0.0025,0.003,0,0.0026,0.9998,-0.0214,0,-0.003,0.0214,0.9998,0,0,23.6053,-4.5263,1]},
{"frame":17,"values":[1,-0.0053,0.0042,0,0.0054,0.9996,-0.0263,0,-0.0041,0.0263,0.9996,0,0,23.6053,-4.5263,1]},
{"frame":18,"values":[1,-0.009,0.0043,0,0.0091,0.9994,-0.0327,0,-0.004,0.0327,0.9995,0,0,23.6053,-4.5263,1]},
{"frame":19,"values":[0.9999,-0.0125,0.0029,0,0.0126,0.9992,-0.0371,0,-0.0025,0.0371,0.9993,0,0,23.6053,-4.5263,1]},
{"frame":20,"values":[0.9999,-0.0146,0.0017,0,0.0146,0.9992,-0.0382,0,-0.0011,0.0383,0.9993,0,0,23.6053,-4.5263,1]},
{"frame":21,"values":[0.9999,-0.0136,0.0026,0,0.0137,0.9992,-0.0376,0,-0.0021,0.0376,0.9993,0,0,23.6053,-4.5263,1]},
{"frame":22,"values":[0.9999,-0.0096,0.0051,0,0.0097,0.9993,-0.0364,0,-0.0047,0.0364,0.9993,0,0,23.6053,-4.5263,1]},
{"frame":23,"values":[1,-0.004,0.0065,0,0.0042,0.9994,-0.0343,0,-0.0064,0.0343,0.9994,0,0,23.6053,-4.5263,1]},
{"frame":24,"values":[1,0.0008,0.0057,0,-0.0006,0.9995,-0.0313,0,-0.0057,0.0313,0.9995,0,0,23.6053,-4.5263,1]}],"loopBehavior":1,"name":"anim","property":"_matrix"}},
{"name":"Head","index":5,"matrix":[0.9953,0.0642,0.0729,0,-0.0541,0.9897,-0.1327,0,-0.0807,0.1281,0.9885,0,0,9.9955,2.7017,1],"rest":[1,0,0,0,0,1,0,0,0,0,1,0,0,9.9955,2.7017,1],"parentBoneIndex":4,"length":31.4272
,"animation":{"dataType":3,"framePerSecond":24,"keys":[
{"frame":1,"values":[0.9953,0.0642,0.0729,0,-0.0541,0.9897,-0.1327,0,-0.0807,0.1281,0.9885,0,0,9.9955,2.7017,1]},
{"frame":2,"values":[0.9977,0.0574,0.0358,0,-0.052,0.9893,-0.1367,0,-0.0432,0.1345,0.99,0,0,9.9955,2.7017,1]},
{"frame":3,"values":[0.9989,0.0462,-0.0053,0,-0.0464,0.9891,-0.1394,0,-0.0012,0.1395,0.9902,0,0,9.9955,2.7017,1]},
{"frame":4,"values":[0.9986,0.033,-0.0409,0,-0.0383,0.9899,-0.1366,0,0.036,0.138,0.9898,0,0,9.9955,2.7017,1]},
{"frame":5,"values":[0.9976,0.0249,-0.0646,0,-0.0332,0.9909,-0.1306,0,0.0608,0.1325,0.9893,0,0,9.9955,2.7017,1]},
{"frame":6,"values":[0.9966,0.0291,-0.0767,0,-0.0395,0.9898,-0.1371,0,0.0719,0.1397,0.9876,0,0,9.9955,2.7017,1]},
{"frame":7,"values":[0.9956,0.0436,-0.0828,0,-0.0568,0.9848,-0.1642,0,0.0743,0.1682,0.9829,0,0,9.9955,2.7017,1]},
{"frame":8,"values":[0.9948,0.0551,-0.0858,0,-0.0705,0.9794,-0.1892,0,0.0736,0.1942,0.9782,0,0,9.9955,2.7017,1]},
{"frame":9,"values":[0.9949,0.0529,-0.086,0,-0.0676,0.9818,-0.1777,0,0.0751,0.1826,0.9803,0,0,9.9955,2.7017,1]},
{"frame":10,"values":[0.9957,0.0446,-0.0814,0,-0.0549,0.9901,-0.1295,0,0.0748,0.1334,0.9882,0,0,9.9955,2.7017,1]},
{"frame":11,"values":[0.9969,0.0432,-0.0656,0,-0.0486,0.9954,-0.0825,0,0.0618,0.0855,0.9944,0,0,9.9955,2.7017,1]},
{"frame":12,"values":[0.9981,0.0493,-0.0369,0,-0.0516,0.9967,-0.063,0,0.0337,0.0648,0.9973,0,0,9.9955,2.7017,1]},
{"frame":13,"values":[0.9984,0.0568,-0.004,0,-0.0569,0.9962,-0.0665,0,0.0002,0.0666,0.9978,0,0,9.9955,2.7017,1]},
{"frame":14,"values":[0.9977,0.0642,0.0232,0,-0.0622,0.9948,-0.0806,0,-0.0283,0.0789,0.9965,0,0,9.9955,2.7017,1]},
{"frame":15,"values":[0.9965,0.0729,0.0412,0,-0.0686,0.9928,-0.0985,0,-0.0481,0.0954,0.9943,0,0,9.9955,2.7017,1]},
{"frame":16,"values":[0.9954,0.0804,0.053,0,-0.0736,0.9902,-0.1188,0,-0.062,0.1143,0.9915,0,0,9.9955,2.7017,1]},
{"frame":17,"values":[0.9949,0.0813,0.0597,0,-0.0717,0.9864,-0.1476,0,-0.0709,0.1425,0.9872,0,0,9.9955,2.7017,1]},
{"frame":18,"values":[0.9956,0.074,0.0573,0,-0.0619,0.9799,-0.1897,0,-0.0702,0.1853,0.9802,0,0,9.9955,2.7017,1]},
{"frame":19,"values":[0.997,0.0609,0.0473,0,-0.0483,0.9716,-0.2317,0,-0.0601,0.2288,0.9716,0,0,9.9955,2.7017,1]},
{"frame":20,"values":[0.9978,0.0487,0.044,0,-0.0361,0.967,-0.2522,0,-0.0548,0.2501,0.9667,0,0,9.9955,2.7017,1]},
{"frame":21,"values":[0.9973,0.0446,0.0585,0,-0.0292,0.9699,-0.2418,0,-0.0675,0.2394,0.9686,0,0,9.9955,2.7017,1]},
{"frame":22,"values":[0.9956,0.0486,0.08,0,-0.0308,0.9772,-0.2102,0,-0.0884,0.2069,0.9744,0,0,9.9955,2.7017,1]},
{"frame":23,"values":[0.9946,0.0568,0.0873,0,-0.0412,0.9845,-0.1704,0,-0.0956,0.1659,0.9815,0,0,9.9955,2.7017,1]},
{"frame":24,"values":[0.9953,0.0642,0.0729,0,-0.0541,0.9897,-0.1327,0,-0.0807,0.1281,0.9885,0,0,9.9955,2.7017,1]}],"loopBehavior":1,"name":"anim","property":"_matrix"}},
{"name":"HeadTop_End","index":6,"matrix":[1,0,0,0,0,1,0,0,0,0,1,0,0,31.2072,3.7118,1],"rest":[1,0,0,0,0,1,0,0,0,0,1,0,0,31.2072,3.7118,1],"parentBoneIndex":5,"length":31.4272
,"animation":{"dataType":3,"framePerSecond":24,"keys":[
{"frame":1,"values":[1,0,0,0,0,1,0,0,0,0,1,0,0,31.2072,3.7118,1]},
{"frame":24,"values":[1,0,0,0,0,1,0,0,0,0,1,0,0,31.2072,3.7118,1]}],"loopBehavior":1,"name":"anim","property":"_matrix"}},
{"name":"LeftShoulder","index":7,"matrix":[0.9863,-0.1631,0.0265,0,0.1627,0.9866,0.0149,0,-0.0285,-0.0104,0.9995,0,6.1723,17.8795,-2.6384,1],"rest":[1,-0.0039,0,0,0.0039,1,0,0,0,0,1,0,6.1723,17.8795,-2.6384,1],"parentBoneIndex":3,"length":6.4566
,"animation":{"dataType":3,"framePerSecond":24,"keys":[
{"frame":1,"values":[0.9863,-0.1631,0.0265,0,0.1627,0.9866,0.0149,0,-0.0285,-0.0104,0.9995,0,6.1723,17.8795,-2.6384,1]},
{"frame":2,"values":[0.9872,-0.1574,0.0271,0,0.1571,0.9875,0.0148,0,-0.0291,-0.0103,0.9995,0,6.1723,17.8795,-2.6384,1]},
{"frame":3,"values":[0.9875,-0.1546,0.0294,0,0.1542,0.9879,0.015,0,-0.0314,-0.0103,0.9995,0,6.1723,17.8795,-2.6384,1]},
{"frame":4,"values":[0.9874,-0.1552,0.0324,0,0.1547,0.9878,0.0155,0,-0.0344,-0.0103,0.9994,0,6.1723,17.8795,-2.6384,1]},
{"frame":5,"values":[0.9869,-0.1581,0.0333,0,0.1576,0.9874,0.0158,0,-0.0354,-0.0103,0.9993,0,6.1723,17.8795,-2.6384,1]},
{"frame":6,"values":[0.9864,-0.1611,0.0324,0,0.1606,0.9869,0.0158,0,-0.0345,-0.0104,0.9994,0,6.1723,17.8795,-2.6384,1]},
{"frame":7,"values":[0.9863,-0.1615,0.0336,0,0.1611,0.9868,0.016,0,-0.0357,-0.0104,0.9993,0,6.1723,17.8795,-2.6384,1]},
{"frame":8,"values":[0.9863,-0.1606,0.0372,0,0.16,0.987,0.0165,0,-0.0394,-0.0103,0.9992,0,6.1723,17.8795,-2.6384,1]},
{"frame":9,"values":[0.9861,-0.1619,0.0371,0,0.1614,0.9867,0.0166,0,-0.0393,-0.0104,0.9992,0,6.1723,17.8795,-2.6384,1]},
{"frame":10,"values":[0.9857,-0.1657,0.0312,0,0.1653,0.9861,0.0158,0,-0.0334,-0.0104,0.9994,0,6.1723,17.8795,-2.6384,1]},
{"frame":11,"values":[0.9855,-0.1678,0.0269,0,0.1675,0.9858,0.0152,0,-0.029,-0.0105,0.9995,0,6.1723,17.8795,-2.6384,1]},
{"frame":12,"values":[0.9856,-0.1663,0.0296,0,0.1659,0.986,0.0156,0,-0.0318,-0.0104,0.9994,0,6.1723,17.8795,-2.6384,1]},
{"frame":13,"values":[0.9861,-0.1627,0.034,0,0.1623,0.9866,0.0161,0,-0.0362,-0.0104,0.9993,0,6.1723,17.8795,-2.6384,1]},
{"frame":14,"values":[0.9868,-0.1587,0.0325,0,0.1583,0.9873,0.0157,0,-0.0345,-0.0103,0.9993,0,6.1723,17.8795,-2.6384,1]},
{"frame":15,"values":[0.9874,-0.1563,0.025,0,0.156,0.9877,0.0144,0,-0.0269,-0.0103,0.9996,0,6.1723,17.8795,-2.6384,1]},
{"frame":16,"values":[0.9873,-0.158,0.0168,0,0.1578,0.9874,0.0132,0,-0.0187,-0.0104,0.9998,0,6.1723,17.8795,-2.6384,1]},
{"frame":17,"values":[0.9865,-0.1635,0.0112,0,0.1633,0.9865,0.0125,0,-0.0131,-0.0105,0.9999,0,6.1723,17.8795,-2.6384,1]},
{"frame":18,"values":[0.9855,-0.1697,0.0079,0,0.1696,0.9854,0.0122,0,-0.0099,-0.0107,0.9999,0,6.1723,17.8795,-2.6384,1]},
{"frame":19,"values":[0.9846,-0.1745,0.0083,0,0.1744,0.9846,0.0124,0,-0.0104,-0.0108,0.9999,0,6.1723,17.8795,-2.6384,1]},
{"frame":20,"values":[0.9841,-0.1769,0.0142,0,0.1768,0.9842,0.0135,0,-0.0163,-0.0107,0.9998,0,6.1723,17.8795,-2.6384,1]},
{"frame":21,"values":[0.9842,-0.1757,0.0233,0,0.1753,0.9844,0.0149,0,-0.0256,-0.0106,0.9996,0,6.1723,17.8795,-2.6384,1]},
{"frame":22,"values":[0.9847,-0.1718,0.0294,0,0.1714,0.9851,0.0158,0,-0.0317,-0.0105,0.9994,0,6.1723,17.8795,-2.6384,1]},
{"frame":23,"values":[0.9855,-0.1674,0.0294,0,0.167,0.9858,0.0156,0,-0.0316,-0.0105,0.9994,0,6.1723,17.8795,-2.6384,1]},
{"frame":24,"values":[0.9863,-0.1631,0.0265,0,0.1627,0.9866,0.0149,0,-0.0285,-0.0104,0.9995,0,6.1723,17.8795,-2.6384,1]}],"loopBehavior":1,"name":"anim","property":"_matrix"}},
{"name":"LeftArm","index":8,"matrix":[0.37,-0.9277,-0.049,0,0.8605,0.3223,0.3946,0,-0.3503,-0.1882,0.9175,0,6.0747,-1.0059,-1.9427,1],"rest":[0.9995,0.0084,0.0302,0,-0.0084,1,-0.0001,0,-0.0302,-0.0002,0.9995,0,6.0747,-1.0059,-1.9427,1],"parentBoneIndex":7,"length":27.264
,"animation":{"dataType":3,"framePerSecond":24,"keys":[
{"frame":1,"values":[0.37,-0.9277,-0.049,0,0.8605,0.3223,0.3946,0,-0.3503,-0.1882,0.9175,0,6.0747,-1.0059,-1.9427,1]},
{"frame":2,"values":[0.3517,-0.9249,-0.1442,0,0.8719,0.2675,0.4102,0,-0.3408,-0.27,0.9005,0,6.0747,-1.0059,-1.9427,1]},
{"frame":3,"values":[0.3263,-0.92,-0.2172,0,0.8809,0.2126,0.4228,0,-0.3428,-0.3293,0.8798,0,6.0747,-1.0059,-1.9427,1]},
{"frame":4,"values":[0.3085,-0.9194,-0.244,0,0.8844,0.1828,0.4295,0,-0.3503,-0.3483,0.8695,0,6.0747,-1.0059,-1.9427,1]},
{"frame":5,"values":[0.3091,-0.9258,-0.2177,0,0.8805,0.1921,0.4334,0,-0.3594,-0.3257,0.8745,0,6.0747,-1.0059,-1.9427,1]},
{"frame":6,"values":[0.3298,-0.9328,-0.1451,0,0.8662,0.2379,0.4394,0,-0.3753,-0.2706,0.8865,0,6.0747,-1.0059,-1.9427,1]},
{"frame":7,"values":[0.3629,-0.9305,-0.0494,0,0.841,0.3042,0.4475,0,-0.4013,-0.204,0.8929,0,6.0747,-1.0059,-1.9427,1]},
{"frame":8,"values":[0.4029,-0.9136,0.0548,0,0.8048,0.3821,0.4542,0,-0.4359,-0.1389,0.8892,0,6.0747,-1.0059,-1.9427,1]},
{"frame":9,"values":[0.4401,-0.8837,0.1592,0,0.7616,0.4613,0.4552,0,-0.4757,-0.0791,0.8761,0,6.0747,-1.0059,-1.9427,1]},
{"frame":10,"values":[0.4676,-0.8475,0.2513,0,0.7182,0.53,0.4508,0,-0.5152,-0.0304,0.8565,0,6.0747,-1.0059,-1.9427,1]},
{"frame":11,"values":[0.4854,-0.8118,0.3246,0,0.6793,0.5839,0.4445,0,-0.5504,0.0048,0.8349,0,6.0747,-1.0059,-1.9427,1]},
{"frame":12,"values":[0.495,-0.7808,0.3812,0,0.6466,0.6241,0.4387,0,-0.5804,0.0293,0.8138,0,6.0747,-1.0059,-1.9427,1]},
{"frame":13,"values":[0.4976,-0.7569,0.4238,0,0.6236,0.6517,0.4318,0,-0.603,0.0495,0.7962,0,6.0747,-1.0059,-1.9427,1]},
{"frame":14,"values":[0.4964,-0.7431,0.4487,0,0.6166,0.6657,0.4204,0,-0.6111,0.068,0.7886,0,6.0747,-1.0059,-1.9427,1]},
{"frame":15,"values":[0.4968,-0.7431,0.4483,0,0.6276,0.6644,0.4058,0,-0.5994,0.0798,0.7965,0,6.0747,-1.0059,-1.9427,1]},
{"frame":16,"values":[0.4992,-0.7564,0.4227,0,0.6519,0.6492,0.3919,0,-0.5708,0.0799,0.8172,0,6.0747,-1.0059,-1.9427,1]},
{"frame":17,"values":[0.4972,-0.7797,0.3806,0,0.6866,0.6218,0.3768,0,-0.5305,0.0739,0.8445,0,6.0747,-1.0059,-1.9427,1]},
{"frame":18,"values":[0.4849,-0.8101,0.3296,0,0.7322,0.5821,0.3536,0,-0.4783,0.0699,0.8754,0,6.0747,-1.0059,-1.9427,1]},
{"frame":19,"values":[0.4631,-0.8436,0.2718,0,0.7816,0.5333,0.3236,0,-0.4179,0.0626,0.9063,0,6.0747,-1.0059,-1.9427,1]},
{"frame":20,"values":[0.4378,-0.8729,0.2155,0,0.819,0.486,0.3049,0,-0.3709,0.043,0.9277,0,6.0747,-1.0059,-1.9427,1]},
{"frame":21,"values":[0.4137,-0.8945,0.1697,0,0.8363,0.447,0.3174,0,-0.3597,0.0106,0.933,0,6.0747,-1.0059,-1.9427,1]},
{"frame":22,"values":[0.3942,-0.9106,0.1243,0,0.8405,0.4119,0.352,0,-0.3718,-0.0342,0.9277,0,6.0747,-1.0059,-1.9427,1]},
{"frame":23,"values":[0.3829,-0.9222,0.0551,0,0.8449,0.3736,0.3829,0,-0.3736,-0.1001,0.9222,0,6.0747,-1.0059,-1.9427,1]},
{"frame":24,"values":[0.37,-0.9277,-0.049,0,0.8605,0.3223,0.3946,0,-0.3503,-0.1882,0.9175,0,6.0747,-1.0059,-1.9427,1]}],"loopBehavior":1,"name":"anim","property":"_matrix"}},
{"name":"LeftForeArm","index":9,"matrix":[0.9995,-0.0045,-0.0302,0,0.0045,1,-0.0001,0,0.0302,-0.0001,0.9995,0,27.2512,-0.1236,-0.8243,1],"rest":[0.9995,-0.0045,-0.0302,0,0.0045,1,-0.0001,0,0.0302,-0.0001,0.9995,0,27.2512,-0.1236,-0.8243,1],"parentBoneIndex":8,"length":27.5147
,"animation":{"dataType":3,"framePerSecond":24,"keys":[
{"frame":1,"values":[0.9995,-0.0045,-0.0302,0,0.0045,1,-0.0001,0,0.0302,-0.0001,0.9995,0,27.2512,-0.1236,-0.8243,1]},
{"frame":2,"values":[0.9996,-0.0045,-0.0279,0,0.0045,1,-0.0003,0,0.0279,0.0002,0.9996,0,27.2512,-0.1236,-0.8243,1]},
{"frame":3,"values":[0.9997,-0.0045,-0.0236,0,0.0045,1,-0.0007,0,0.0236,0.0006,0.9997,0,27.2512,-0.1236,-0.8243,1]},
{"frame":4,"values":[0.9997,-0.0045,-0.025,0,0.0045,1,-0.0006,0,0.025,0.0004,0.9997,0,27.2512,-0.1236,-0.8243,1]},
{"frame":5,"values":[0.9996,-0.0045,-0.0292,0,0.0045,1,-0.0002,0,0.0292,0,0.9996,0,27.2512,-0.1236,-0.8243,1]},
{"frame":6,"values":[0.9995,-0.0045,-0.0302,0,0.0045,1,-0.0001,0,0.0302,-0.0001,0.9995,0,27.2512,-0.1236,-0.8243,1]},
{"frame":7,"values":[0.9995,-0.0045,-0.0298,0,0.0045,1,-0.0001,0,0.0298,0,0.9996,0,27.2512,-0.1236,-0.8243,1]},
{"frame":8,"values":[0.9999,-0.0045,-0.0095,0,0.0045,1,-0.002,0,0.0095,0.002,1,0,27.2512,-0.1236,-0.8243,1]},
{"frame":9,"values":[0.9994,-0.0043,0.0343,0,0.0045,1,-0.0062,0,-0.0343,0.0063,0.9994,0,27.2512,-0.1236,-0.8243,1]},
{"frame":10,"values":[0.996,-0.0038,0.0896,0,0.0049,0.9999,-0.0114,0,-0.0896,0.0118,0.9959,0,27.2512,-0.1236,-0.8243,1]},
{"frame":11,"values":[0.9866,-0.0027,0.1632,0,0.0058,0.9998,-0.0184,0,-0.1632,0.0191,0.9864,0,27.2512,-0.1236,-0.8243,1]},
{"frame":12,"values":[0.9647,-0.0002,0.2633,0,0.0078,0.9996,-0.0278,0,-0.2632,0.0289,0.9643,0,27.2512,-0.1236,-0.8243,1]},
{"frame":13,"values":[0.926,0.0039,0.3775,0,0.0115,0.9992,-0.0386,0,-0.3773,0.0401,0.9252,0,27.2512,-0.1236,-0.8243,1]},
{"frame":14,"values":[0.8701,0.0098,0.4928,0,0.0168,0.9986,-0.0495,0,-0.4926,0.0513,0.8687,0,27.2512,-0.1236,-0.8243,1]},
{"frame":15,"values":[0.7964,0.0174,0.6046,0,0.0238,0.9979,-0.0601,0,-0.6044,0.0622,0.7943,0,27.2512,-0.1236,-0.8243,1]},
{"frame":16,"values":[0.7132,0.0259,0.7005,0,0.0316,0.9971,-0.0691,0,-0.7003,0.0715,0.7103,0,27.2512,-0.1236,-0.8243,1]},
{"frame":17,"values":[0.6515,0.0322,0.7579,0,0.0375,0.9965,-0.0746,0,-0.7577,0.077,0.648,0,27.2512,-0.1236,-0.8243,1]},
{"frame":18,"values":[0.6471,0.0327,0.7617,0,0.0379,0.9965,-0.0749,0,-0.7615,0.0773,0.6436,0,27.2512,-0.1236,-0.8243,1]},
{"frame":19,"values":[0.7102,0.0263,0.7035,0,0.0319,0.9971,-0.0694,0,-0.7033,0.0717,0.7073,0,27.2512,-0.1236,-0.8243,1]},
{"frame":20,"values":[0.8127,0.0158,0.5825,0,0.0222,0.9981,-0.058,0,-0.5823,0.0601,0.8107,0,27.2512,-0.1236,-0.8243,1]},
{"frame":21,"values":[0.9185,0.0047,0.3955,0,0.0122,0.9991,-0.0403,0,-0.3953,0.0419,0.9176,0,27.2512,-0.1236,-0.8243,1]},
{"frame":22,"values":[0.9847,-0.0025,0.1741,0,0.0059,0.9998,-0.0194,0,-0.1741,0.0201,0.9845,0,27.2512,-0.1236,-0.8243,1]},
{"frame":23,"values":[0.9999,-0.0044,0.0119,0,0.0045,1,-0.004,0,-0.0118,0.0041,0.9999,0,27.2512,-0.1236,-0.8243,1]},
{"frame":24,"values":[0.9995,-0.0045,-0.0302,0,0.0045,1,-0.0001,0,0.0302,-0.0001,0.9995,0,27.2512,-0.1236,-0.8243,1]}],"loopBehavior":1,"name":"anim","property":"_matrix"}},
{"name":"LeftHand","index":10,"matrix":[0.9744,0.1816,0.1326,0,-0.1099,0.899,-0.4238,0,-0.1962,0.3984,0.896,0,27.5147,0,0,1],"rest":[1,0,0,0,0,1,0.0006,0,0,-0.0006,1,0,27.5147,0,0,1],"parentBoneIndex":9,"length":10.1836
,"animation":{"dataType":3,"framePerSecond":24,"keys":[
{"frame":1,"values":[0.9744,0.1816,0.1326,0,-0.1099,0.899,-0.4238,0,-0.1962,0.3984,0.896,0,27.5147,0,0,1]},
{"frame":2,"values":[0.9641,0.2072,0.166,0,-0.1213,0.9,-0.4188,0,-0.2362,0.3836,0.8928,0,27.5147,0,0,1]},
{"frame":3,"values":[0.9558,0.2221,0.1926,0,-0.1174,0.889,-0.4425,0,-0.2695,0.4004,0.8758,0,27.5147,0,0,1]},
{"frame":4,"values":[0.9623,0.1908,0.1939,0,-0.0802,0.8801,-0.468,0,-0.26,0.4349,0.8622,0,27.5147,0,0,1]},
{"frame":5,"values":[0.9757,0.1413,0.1673,0,-0.0423,0.8712,-0.4892,0,-0.2149,0.4702,0.856,0,27.5147,0,0,1]},
{"frame":6,"values":[0.981,0.1359,0.1386,0,-0.0432,0.8489,-0.5268,0,-0.1892,0.5108,0.8386,0,27.5147,0,0,1]},
{"frame":7,"values":[0.9727,0.1882,0.1361,0,-0.0757,0.8107,-0.5805,0,-0.2196,0.5543,0.8028,0,27.5147,0,0,1]},
{"frame":8,"values":[0.955,0.2561,0.1497,0,-0.1118,0.7782,-0.618,0,-0.2748,0.5735,0.7718,0,27.5147,0,0,1]},
{"frame":9,"values":[0.94,0.3004,0.1614,0,-0.1418,0.7747,-0.6163,0,-0.3102,0.5564,0.7708,0,27.5147,0,0,1]},
{"frame":10,"values":[0.9293,0.3255,0.1746,0,-0.1705,0.7972,-0.5791,0,-0.3277,0.5084,0.7964,0,27.5147,0,0,1]},
{"frame":11,"values":[0.9145,0.359,0.1868,0,-0.2122,0.8185,-0.5339,0,-0.3446,0.4486,0.8246,0,27.5147,0,0,1]},
{"frame":12,"values":[0.8912,0.4101,0.1937,0,-0.2643,0.8167,-0.5131,0,-0.3686,0.4061,0.8362,0,27.5147,0,0,1]},
{"frame":13,"values":[0.8636,0.4614,0.2034,0,-0.3013,0.7955,-0.5257,0,-0.4043,0.3927,0.826,0,27.5147,0,0,1]},
{"frame":14,"values":[0.8384,0.4985,0.2205,0,-0.3163,0.7743,-0.5481,0,-0.4439,0.3898,0.8068,0,27.5147,0,0,1]},
{"frame":15,"values":[0.8168,0.5249,0.2394,0,-0.3294,0.765,-0.5534,0,-0.4736,0.3732,0.7977,0,27.5147,0,0,1]},
{"frame":16,"values":[0.7982,0.5454,0.2557,0,-0.3487,0.7645,-0.5422,0,-0.4912,0.3437,0.8004,0,27.5147,0,0,1]},
{"frame":17,"values":[0.7862,0.5551,0.2716,0,-0.3573,0.7669,-0.5331,0,-0.5042,0.3221,0.8013,0,27.5147,0,0,1]},
{"frame":18,"values":[0.7847,0.5482,0.2892,0,-0.3436,0.7731,-0.5332,0,-0.5159,0.319,0.7951,0,27.5147,0,0,1]},
{"frame":19,"values":[0.7942,0.5292,0.2986,0,-0.3211,0.7827,-0.5332,0,-0.5159,0.3276,0.7915,0,27.5147,0,0,1]},
{"frame":20,"values":[0.8126,0.5074,0.2866,0,-0.3056,0.7897,-0.5319,0,-0.4962,0.3447,0.7968,0,27.5147,0,0,1]},
{"frame":21,"values":[0.844,0.4699,0.2585,0,-0.2796,0.7969,-0.5356,0,-0.4576,0.3798,0.8039,0,27.5147,0,0,1]},
{"frame":22,"values":[0.8899,0.3928,0.2319,0,-0.2218,0.8168,-0.5325,0,-0.3985,0.4225,0.814,0,27.5147,0,0,1]},
{"frame":23,"values":[0.9388,0.2826,0.1967,0,-0.1532,0.8544,-0.4965,0,-0.3084,0.436,0.8455,0,27.5147,0,0,1]},
{"frame":24,"values":[0.9744,0.1816,0.1326,0,-0.1099,0.899,-0.4238,0,-0.1962,0.3984,0.896,0,27.5147,0,0,1]}],"loopBehavior":1,"name":"anim","property":"_matrix"}},
{"name":"LeftHandThumb1","index":11,"matrix":[0.986,0.1633,0.0335,0,-0.1658,0.9814,0.0968,0,-0.017,-0.101,0.9947,0,4.2092,-0.2988,5.1387,1],"rest":[1,0.0002,0.0002,0,-0.0002,1,-0.0002,0,-0.0002,0.0002,1,0,4.2092,-0.2988,5.1387,1],"parentBoneIndex":10,"length":1.9313
,"animation":{"dataType":3,"framePerSecond":24,"keys":[
{"frame":1,"values":[0.986,0.1633,0.0335,0,-0.1658,0.9814,0.0968,0,-0.017,-0.101,0.9947,0,4.2092,-0.2988,5.1387,1]},
{"frame":24,"values":[0.986,0.1633,0.0335,0,-0.1658,0.9814,0.0968,0,-0.017,-0.101,0.9947,0,4.2092,-0.2988,5.1387,1]}],"loopBehavior":1,"name":"anim","property":"_matrix"}},
{"name":"LeftHandThumb2","index":12,"matrix":[0.901,0.1416,-0.41,0,-0.112,0.9891,0.0956,0,0.4191,-0.0402,0.9071,0,1.496,-0.8637,0.8637,1],"rest":[0.9982,0.052,0.0284,0,-0.0507,0.9976,-0.0475,0,-0.0308,0.046,0.9985,0,1.496,-0.8637,0.8637,1],"parentBoneIndex":11,"length":2.3416
,"animation":{"dataType":3,"framePerSecond":24,"keys":[
{"frame":1,"values":[0.901,0.1416,-0.41,0,-0.112,0.9891,0.0956,0,0.4191,-0.0402,0.9071,0,1.496,-0.8637,0.8637,1]},
{"frame":24,"values":[0.901,0.1416,-0.41,0,-0.112,0.9891,0.0956,0,0.4191,-0.0402,0.9071,0,1.496,-0.8637,0.8637,1]}],"loopBehavior":1,"name":"anim","property":"_matrix"}},
{"name":"LeftHandThumb3","index":13,"matrix":[0.9587,-0.0088,-0.2843,0,0.0528,0.9877,0.1474,0,0.2795,-0.1563,0.9473,0,1.7859,-1.1863,0.9415,1],"rest":[0.9982,-0.0507,-0.0308,0,0.052,0.9976,0.046,0,0.0284,-0.0475,0.9985,0,1.7859,-1.1863,0.9415,1],"parentBoneIndex":12,"length":4.3787
,"animation":{"dataType":3,"framePerSecond":24,"keys":[
{"frame":1,"values":[0.9587,-0.0088,-0.2843,0,0.0528,0.9877,0.1474,0,0.2795,-0.1563,0.9473,0,1.7859,-1.1863,0.9415,1]},
{"frame":24,"values":[0.9587,-0.0088,-0.2843,0,0.0528,0.9877,0.1474,0,0.2795,-0.1563,0.9473,0,1.7859,-1.1863,0.9415,1]}],"loopBehavior":1,"name":"anim","property":"_matrix"}},
{"name":"LeftHandThumb4","index":14,"matrix":[1,0,0,0,0,1,0,0,0,0,1,0,3.3918,-1.9582,1.9582,1],"rest":[1,0,0,0,0,1,0,0,0,0,1,0,3.3918,-1.9582,1.9582,1],"parentBoneIndex":13,"length":4.3787
,"animation":{"dataType":3,"framePerSecond":24,"keys":[
{"frame":1,"values":[1,0,0,0,0,1,0,0,0,0,1,0,3.3918,-1.9582,1.9582,1]},
{"frame":24,"values":[1,0,0,0,0,1,0,0,0,0,1,0,3.3918,-1.9582,1.9582,1]}],"loopBehavior":1,"name":"anim","property":"_matrix"}},
{"name":"LeftHandIndex1","index":15,"matrix":[0.9416,-0.3368,-0.0041,0,0.3363,0.9409,-0.0408,0,0.0177,0.037,0.9992,0,11.0606,-0.132,2.3806,1],"rest":[1,0,0,0,0,1,0,0,0,0,1,0,11.0606,-0.132,2.3806,1],"parentBoneIndex":10,"length":2.4579
,"animation":{"dataType":3,"framePerSecond":24,"keys":[
{"frame":1,"values":[0.9416,-0.3368,-0.0041,0,0.3363,0.9409,-0.0408,0,0.0177,0.037,0.9992,0,11.0606,-0.132,2.3806,1]},
{"frame":24,"values":[0.9416,-0.3368,-0.0041,0,0.3363,0.9409,-0.0408,0,0.0177,0.037,0.9992,0,11.0606,-0.132,2.3806,1]}],"loopBehavior":1,"name":"anim","property":"_matrix"}},
{"name":"LeftHandIndex2","index":16,"matrix":[0.9319,-0.3592,-0.0507,0,0.3591,0.9332,-0.0114,0,0.0514,-0.0076,0.9986,0,2.4579,0,0,1],"rest":[1,0,-0.0017,0,0,1,0,0,0.0017,0,1,0,2.4579,0,0,1],"parentBoneIndex":15,"length":3.0022
,"animation":{"dataType":3,"framePerSecond":24,"keys":[
{"frame":1,"values":[0.9319,-0.3592,-0.0507,0,0.3591,0.9332,-0.0114,0,0.0514,-0.0076,0.9986,0,2.4579,0,0,1]},
{"frame":24,"values":[0.9319,-0.3592,-0.0507,0,0.3591,0.9332,-0.0114,0,0.0514,-0.0076,0.9986,0,2.4579,0,0,1]}],"loopBehavior":1,"name":"anim","property":"_matrix"}},
{"name":"LeftHandIndex3","index":17,"matrix":[0.9968,0.0786,0.0123,0,-0.0786,0.9969,-0.0008,0,-0.0124,-0.0002,0.9999,0,3.0022,0,0.005,1],"rest":[1,0.009,0.0017,0,-0.009,1,0,0,-0.0017,0,1,0,3.0022,0,0.005,1],"parentBoneIndex":16,"length":4.3809
,"animation":{"dataType":3,"framePerSecond":24,"keys":[
{"frame":1,"values":[0.9968,0.0786,0.0123,0,-0.0786,0.9969,-0.0008,0,-0.0124,-0.0002,0.9999,0,3.0022,0,0.005,1]},
{"frame":24,"values":[0.9968,0.0786,0.0123,0,-0.0786,0.9969,-0.0008,0,-0.0124,-0.0002,0.9999,0,3.0022,0,0.005,1]}],"loopBehavior":1,"name":"anim","property":"_matrix"}},
{"name":"LeftHandIndex4","index":18,"matrix":[1,0,0,0,0,1,0,0,0,0,1,0,4.3807,-0.0396,0,1],"rest":[1,0,0,0,0,1,0,0,0,0,1,0,4.3807,-0.0396,0,1],"parentBoneIndex":17,"length":4.3809
,"animation":{"dataType":3,"framePerSecond":24,"keys":[
{"frame":1,"values":[1,0,0,0,0,1,0,0,0,0,1,0,4.3807,-0.0396,0,1]},
{"frame":24,"values":[1,0,0,0,0,1,0,0,0,0,1,0,4.3807,-0.0396,0,1]}],"loopBehavior":1,"name":"anim","property":"_matrix"}},
{"name":"LeftHandMiddle1","index":19,"matrix":[0.8944,-0.4321,-0.1152,0,0.4295,0.9018,-0.0474,0,0.1244,-0.0071,0.9922,0,11.0246,0,0,1],"rest":[1,0,0,0,0,1,0,0,0,0,1,0,11.0246,0,0,1],"parentBoneIndex":10,"length":3.1154
,"animation":{"dataType":3,"framePerSecond":24,"keys":[
{"frame":1,"values":[0.8944,-0.4321,-0.1152,0,0.4295,0.9018,-0.0474,0,0.1244,-0.0071,0.9922,0,11.0246,0,0,1]},
{"frame":24,"values":[0.8944,-0.4321,-0.1152,0,0.4295,0.9018,-0.0474,0,0.1244,-0.0071,0.9922,0,11.0246,0,0,1]}],"loopBehavior":1,"name":"anim","property":"_matrix"}},
{"name":"LeftHandMiddle2","index":20,"matrix":[0.9247,-0.3773,-0.0509,0,0.3771,0.9261,-0.0129,0,0.052,-0.0072,0.9986,0,3.1154,0,0,1],"rest":[1,0,0,0,0,1,0,0,0,0,1,0,3.1154,0,0,1],"parentBoneIndex":19,"length":2.9998
,"animation":{"dataType":3,"framePerSecond":24,"keys":[
{"frame":1,"values":[0.9247,-0.3773,-0.0509,0,0.3771,0.9261,-0.0129,0,0.052,-0.0072,0.9986,0,3.1154,0,0,1]},
{"frame":24,"values":[0.9247,-0.3773,-0.0509,0,0.3771,0.9261,-0.0129,0,0.052,-0.0072,0.9986,0,3.1154,0,0,1]}],"loopBehavior":1,"name":"anim","property":"_matrix"}},
{"name":"LeftHandMiddle3","index":21,"matrix":[0.9986,0.0525,0.0004,0,-0.0525,0.9986,0,0,-0.0004,-0.0001,1,0,2.9998,0,0,1],"rest":[1,0,0,0,0,1,0,0,0,0,1,0,2.9998,0,0,1],"parentBoneIndex":20,"length":4.6445
,"animation":{"dataType":3,"framePerSecond":24,"keys":[
{"frame":1,"values":[0.9986,0.0525,0.0004,0,-0.0525,0.9986,0,0,-0.0004,-0.0001,1,0,2.9998,0,0,1]},
{"frame":24,"values":[0.9986,0.0525,0.0004,0,-0.0525,0.9986,0,0,-0.0004,-0.0001,1,0,2.9998,0,0,1]}],"loopBehavior":1,"name":"anim","property":"_matrix"}},
{"name":"LeftHandMiddle4","index":22,"matrix":[1,0,0,0,0,1,0,0,0,0,1,0,4.6445,0,0,1],"rest":[1,0,0,0,0,1,0,0,0,0,1,0,4.6445,0,0,1],"parentBoneIndex":21,"length":4.6445
,"animation":{"dataType":3,"framePerSecond":24,"keys":[
{"frame":1,"values":[1,0,0,0,0,1,0,0,0,0,1,0,4.6445,0,0,1]},
{"frame":24,"values":[1,0,0,0,0,1,0,0,0,0,1,0,4.6445,0,0,1]}],"loopBehavior":1,"name":"anim","property":"_matrix"}},
{"name":"LeftHandRing1","index":23,"matrix":[0.8256,-0.5361,-0.1762,0,0.5344,0.843,-0.0611,0,0.1813,-0.0438,0.9825,0,10.691,-0.1194,-2.8235,1],"rest":[1,0,0,0,0,1,0,0,0,0,1,0,10.691,-0.1194,-2.8235,1],"parentBoneIndex":10,"length":2.981
,"animation":{"dataType":3,"framePerSecond":24,"keys":[
{"frame":1,"values":[0.8256,-0.5361,-0.1762,0,0.5344,0.843,-0.0611,0,0.1813,-0.0438,0.9825,0,10.691,-0.1194,-2.8235,1]},
{"frame":24,"values":[0.8256,-0.5361,-0.1762,0,0.5344,0.843,-0.0611,0,0.1813,-0.0438,0.9825,0,10.691,-0.1194,-2.8235,1]}],"loopBehavior":1,"name":"anim","property":"_matrix"}},
{"name":"LeftHandRing2","index":24,"matrix":[0.9481,-0.3157,-0.0374,0,0.3158,0.9488,-0.0038,0,0.0367,-0.0082,0.9993,0,2.981,0,0,1],"rest":[1,0,0,0,0,1,0,0,0,0,1,0,2.981,0,0,1],"parentBoneIndex":23,"length":2.6834
,"animation":{"dataType":3,"framePerSecond":24,"keys":[
{"frame":1,"values":[0.9481,-0.3157,-0.0374,0,0.3158,0.9488,-0.0038,0,0.0367,-0.0082,0.9993,0,2.981,0,0,1]},
{"frame":24,"values":[0.9481,-0.3157,-0.0374,0,0.3158,0.9488,-0.0038,0,0.0367,-0.0082,0.9993,0,2.981,0,0,1]}],"loopBehavior":1,"name":"anim","property":"_matrix"}},
