{"producer":{"name":"Blender","version":"2.90.0","exporter_version":"2.80.1","file":"walk.babylon"},
"autoClear":true,"clearColor":[0.0509,0.0509,0.0509],"gravity":[0,-9.81,0],
"materials":[{"name":"Material","id":"Material","customType":"BABYLON.PBRMaterial","backFaceCulling":true,"checkReadyOnlyOnce":false,"maxSimultaneousLights":4,"environmentIntensity":1,"albedo":[0.8,0.8,0.8],"reflectivity":[0.5,0.5,0.5],"roughness":0.4,"alpha":1,"transparencyMode":0,"alphaCutOff":0.4,"metallic":0}],
"multiMaterials":[],
"skeletons":[{"name":"Armature","id":0,"dimensionsAtRest":[177.7018,230.6614,27.1405],"bones":[
{"name":"Hips","index":0,"matrix":[0.9816,-0.0783,0.1743,0,0.0763,0.9969,0.0184,0,0.1752,0.0047,-0.9845,0,1.0526,110.2431,0.4695,1],"rest":[1,0,0,0,0,1,0,0,0,0,-1,0,0,113.0334,0,1],"parentBoneIndex":-1,"length":12.9876
,"animation":{"dataType":3,"framePerSecond":24,"keys":[
{"frame":1,"values":[0.9816,-0.0783,0.1743,0,0.0763,0.9969,0.0184,0,0.1752,0.0047,-0.9845,0,1.0526,110.2431,0.4695,1]},
{"frame":2,"values":[0.989,-0.0545,0.1377,0,0.0557,0.9984,-0.0051,0,0.1372,-0.0127,-0.9905,0,1.2888,110.4711,0.4453,1]},
{"frame":3,"values":[0.9964,-0.0263,0.0802,0,0.0287,0.9992,-0.0286,0,0.0794,-0.0308,-0.9964,0,1.5609,109.9275,0.2706,1]},
{"frame":4,"values":[0.9998,-0.0019,0.0198,0,0.0027,0.999,-0.0436,0,0.0197,-0.0436,-0.9989,0,1.8607,109.0336,-0.08,1]},
{"frame":5,"values":[0.9995,0.0018,-0.0311,0,-0.0032,0.9991,-0.0427,0,-0.0309,-0.0428,-0.9986,0,2.2145,107.8754,-0.6951,1]},
{"frame":6,"values":[0.9976,-0.0009,-0.0688,0,-0.0019,0.9991,-0.0414,0,-0.0688,-0.0414,-0.9968,0,2.7509,106.1228,-1.5651,1]},
{"frame":7,"values":[0.9966,0.015,-0.0812,0,-0.0183,0.9991,-0.0392,0,-0.0805,-0.0405,-0.9959,0,3.1586,105.3634,-1.8367,1]},
{"frame":8,"values":[0.9961,0.0395,-0.0783,0,-0.0413,0.9989,-0.0212,0,-0.0774,-0.0244,-0.9967,0,3.5056,105.8921,-2.5203,1]},
{"frame":9,"values":[0.9952,0.0646,-0.0733,0,-0.0653,0.9978,-0.0072,0,-0.0726,-0.012,-0.9973,0,4.056,106.5311,-3.1731,1]},
{"frame":10,"values":[0.9946,0.088,-0.0553,0,-0.0879,0.9961,0.0028,0,-0.0554,-0.0021,-0.9985,0,4.655,107.6602,-3.4424,1]},
{"frame":11,"values":[0.9927,0.1091,-0.0507,0,-0.1089,0.994,0.0074,0,-0.0512,0.0019,-0.9987,0,4.9572,108.6915,-2.782,1]},
{"frame":12,"values":[0.9924,0.109,-0.0577,0,-0.1087,0.994,0.0083,0,-0.0582,0.002,-0.9983,0,5.0001,109.8602,-2.1007,1]},
{"frame":13,"values":[0.9941,0.099,-0.0449,0,-0.0992,0.9951,-0.0023,0,-0.0445,-0.0067,-0.999,0,4.8118,110.3268,-1.6754,1]},
{"frame":14,"values":[0.9973,0.0735,-0.0081,0,-0.0737,0.9972,-0.016,0,-0.0069,-0.0166,-0.9998,0,4.5379,110.4881,-1.5955,1]},
{"frame":15,"values":[0.9984,0.0434,0.0351,0,-0.0427,0.9989,-0.0216,0,0.036,-0.0201,-0.9991,0,4.1626,110.1791,-1.7797,1]},
{"frame":16,"values":[0.9966,0.0302,0.0767,0,-0.0291,0.9995,-0.0152,0,0.0771,-0.0129,-0.9969,0,3.7095,108.9397,-2.1777,1]},
{"frame":17,"values":[0.9922,0.0282,0.1211,0,-0.027,0.9996,-0.0118,0,0.1214,-0.0084,-0.9926,0,3.2249,106.6713,-2.4621,1]},
{"frame":18,"values":[0.9887,0.0179,0.1491,0,-0.0175,0.9998,-0.0042,0,0.1491,-0.0015,-0.9888,0,2.8294,105.4592,-2.4163,1]},
{"frame":19,"values":[0.9884,0.0005,0.1518,0,-0.0015,1,0.0066,0,0.1518,0.0067,-0.9884,0,2.4018,105.6756,-2.632,1]},
{"frame":20,"values":[0.988,-0.0209,0.1532,0,0.0188,0.9997,0.0153,0,0.1535,0.0122,-0.9881,0,1.8652,106.2018,-3.0154,1]},
{"frame":21,"values":[0.9885,-0.0414,0.1456,0,0.0396,0.9991,0.0153,0,0.1461,0.0093,-0.9892,0,1.3182,106.833,-3.0969,1]},
{"frame":22,"values":[0.987,-0.0684,0.1453,0,0.0672,0.9977,0.0132,0,0.1458,0.0032,-0.9893,0,1.0349,107.8803,-2.1395,1]},
{"frame":23,"values":[0.9824,-0.085,0.1662,0,0.0837,0.9964,0.0146,0,0.1668,0.0004,-0.986,0,0.9513,109.3463,-0.7267,1]},
{"frame":24,"values":[0.9816,-0.0783,0.1743,0,0.0763,0.9969,0.0184,0,0.1752,0.0047,-0.9845,0,1.0526,110.2431,0.4695,1]}],"loopBehavior":1,"name":"anim","property":"_matrix"}},
{"name":"Spine","index":1,"matrix":[0.9983,0.0559,0.016,0,-0.0566,0.9974,0.0448,0,-0.0135,-0.0456,0.9989,0,0,7.2445,0.6334,1],"rest":[1,0,0,0,0,1,0,0,0,0,1,0,0,7.2445,0.6334,1],"parentBoneIndex":0,"length":7.4267
,"animation":{"dataType":3,"framePerSecond":24,"keys":[
{"frame":1,"values":[0.9983,0.0559,0.016,0,-0.0566,0.9974,0.0448,0,-0.0135,-0.0456,0.9989,0,0,7.2445,0.6334,1]},
{"frame":2,"values":[0.999,0.0442,0.0037,0,-0.0443,0.9984,0.0361,0,-0.0021,-0.0363,0.9993,0,0,7.2445,0.6334,1]},
{"frame":3,"values":[0.9995,0.0311,-0.0086,0,-0.0309,0.9991,0.0287,0,0.0095,-0.0284,0.9995,0,0,7.2445,0.6334,1]},
{"frame":4,"values":[0.9995,0.025,-0.0179,0,-0.0247,0.9995,0.0205,0,0.0184,-0.0201,0.9996,0,0,7.2445,0.6334,1]},
{"frame":5,"values":[0.9988,0.0385,-0.0302,0,-0.0381,0.9992,0.0144,0,0.0307,-0.0132,0.9994,0,0,7.2445,0.6334,1]},
{"frame":6,"values":[0.9976,0.054,-0.0434,0,-0.0539,0.9985,0.0016,0,0.0434,0.0008,0.9991,0,0,7.2445,0.6334,1]},
{"frame":7,"values":[0.9986,0.0363,-0.0388,0,-0.0361,0.9993,0.0049,0,0.0389,-0.0035,0.9992,0,0,7.2445,0.6334,1]},
{"frame":8,"values":[0.9995,0.0085,-0.0298,0,-0.0081,0.9999,0.0145,0,0.0299,-0.0143,0.9995,0,0,7.2445,0.6334,1]},
{"frame":9,"values":[0.9997,-0.0054,-0.0238,0,0.0061,0.9996,0.0291,0,0.0237,-0.0293,0.9993,0,0,7.2445,0.6334,1]},
{"frame":10,"values":[0.9998,-0.012,-0.0136,0,0.0127,0.9988,0.0477,0,0.013,-0.0479,0.9988,0,0,7.2445,0.6334,1]},
{"frame":11,"values":[0.9998,-0.0183,-0.0099,0,0.0189,0.998,0.0605,0,0.0088,-0.0607,0.9981,0,0,7.2445,0.6334,1]},
{"frame":12,"values":[0.9999,-0.0145,-0.0068,0,0.015,0.9974,0.0704,0,0.0057,-0.0705,0.9975,0,0,7.2445,0.6334,1]},
{"frame":13,"values":[0.9999,-0.0113,0.0029,0,0.0111,0.9977,0.0668,0,-0.0036,-0.0668,0.9978,0,0,7.2445,0.6334,1]},
{"frame":14,"values":[0.9999,0.0013,0.0142,0,-0.0021,0.9986,0.0537,0,-0.0141,-0.0537,0.9985,0,0,7.2445,0.6334,1]},
{"frame":15,"values":[0.9996,0.0123,0.0241,0,-0.0132,0.9991,0.041,0,-0.0236,-0.0413,0.9989,0,0,7.2445,0.6334,1]},
{"frame":16,"values":[0.9993,0.0016,0.0364,0,-0.0027,0.9995,0.0316,0,-0.0363,-0.0317,0.9988,0,0,7.2445,0.6334,1]},
{"frame":17,"values":[0.9986,-0.0165,0.0512,0,0.0154,0.9996,0.0232,0,-0.0515,-0.0224,0.9984,0,0,7.2445,0.6334,1]},
{"frame":18,"values":[0.9986,-0.0098,0.0523,0,0.0084,0.9996,0.0276,0,-0.0525,-0.0271,0.9982,0,0,7.2445,0.6334,1]},
{"frame":19,"values":[0.9989,0.0126,0.0449,0,-0.0139,0.9995,0.0283,0,-0.0445,-0.0289,0.9986,0,0,7.2445,0.6334,1]},
{"frame":20,"values":[0.9988,0.0272,0.0404,0,-0.0284,0.9991,0.0308,0,-0.0396,-0.032,0.9987,0,0,7.2445,0.6334,1]},
{"frame":21,"values":[0.9987,0.0406,0.0323,0,-0.0417,0.9986,0.0333,0,-0.0309,-0.0346,0.9989,0,0,7.2445,0.6334,1]},
{"frame":22,"values":[0.9982,0.0535,0.0263,0,-0.0544,0.998,0.0329,0,-0.0245,-0.0342,0.9991,0,0,7.2445,0.6334,1]},
{"frame":23,"values":[0.998,0.0583,0.0233,0,-0.0591,0.9976,0.0361,0,-0.0211,-0.0374,0.9991,0,0,7.2445,0.6334,1]},
{"frame":24,"values":[0.9983,0.0559,0.016,0,-0.0566,0.9974,0.0448,0,-0.0135,-0.0456,0.9989,0,0,7.2445,0.6334,1]}],"loopBehavior":1,"name":"anim","property":"_matrix"}},
{"name":"Spine1","index":2,"matrix":[0.9991,0.0136,0.0402,0,-0.0148,0.9995,0.0283,0,-0.0398,-0.0289,0.9988,0,0,7.425,0.1598,1],"rest":[1,0,0,0,0,1,0,0,0,0,1,0,0,7.425,0.1598,1],"parentBoneIndex":1,"length":8.6299
,"animation":{"dataType":3,"framePerSecond":24,"keys":[
{"frame":1,"values":[0.9991,0.0136,0.0402,0,-0.0148,0.9995,0.0283,0,-0.0398,-0.0289,0.9988,0,0,7.425,0.1598,1]},
{"frame":2,"values":[0.9999,0.0035,0.0162,0,-0.0039,0.9997,0.0225,0,-0.0162,-0.0226,0.9996,0,0,7.425,0.1598,1]},
{"frame":3,"values":[1,-0.005,-0.008,0,0.0051,0.9998,0.0188,0,0.0079,-0.0189,0.9998,0,0,7.425,0.1598,1]},
{"frame":4,"values":[0.9996,-0.0146,-0.025,0,0.0151,0.9997,0.0213,0,0.0247,-0.0217,0.9995,0,0,7.425,0.1598,1]},
{"frame":5,"values":[0.9991,-0.023,-0.036,0,0.0241,0.9992,0.0304,0,0.0353,-0.0312,0.9989,0,0,7.425,0.1598,1]},
{"frame":6,"values":[0.9986,-0.0294,-0.0438,0,0.031,0.9988,0.0381,0,0.0427,-0.0394,0.9983,0,0,7.425,0.1598,1]},
{"frame":7,"values":[0.9985,-0.0269,-0.0484,0,0.0286,0.9991,0.0328,0,0.0475,-0.0341,0.9983,0,0,7.425,0.1598,1]},
{"frame":8,"values":[0.9986,-0.0233,-0.0485,0,0.0246,0.9994,0.0255,0,0.0479,-0.0266,0.9985,0,0,7.425,0.1598,1]},
{"frame":9,"values":[0.9988,-0.0273,-0.0417,0,0.028,0.9994,0.0179,0,0.0412,-0.019,0.999,0,0,7.425,0.1598,1]},
{"frame":10,"values":[0.9991,-0.0317,-0.0292,0,0.0322,0.9993,0.0184,0,0.0286,-0.0193,0.9994,0,0,7.425,0.1598,1]},
{"frame":11,"values":[0.9991,-0.0358,-0.0211,0,0.0363,0.9991,0.0234,0,0.0203,-0.0241,0.9995,0,0,7.425,0.1598,1]},
{"frame":12,"values":[0.9994,-0.0333,-0.0122,0,0.0336,0.9991,0.0251,0,0.0114,-0.0255,0.9996,0,0,7.425,0.1598,1]},
{"frame":13,"values":[0.9996,-0.0261,0.0072,0,0.026,0.9994,0.0239,0,-0.0079,-0.0237,0.9997,0,0,7.425,0.1598,1]},
{"frame":14,"values":[0.9994,-0.018,0.0306,0,0.0173,0.9995,0.0261,0,-0.031,-0.0256,0.9992,0,0,7.425,0.1598,1]},
{"frame":15,"values":[0.9987,-0.0095,0.0505,0,0.0077,0.9994,0.0341,0,-0.0508,-0.0336,0.9981,0,0,7.425,0.1598,1]},
{"frame":16,"values":[0.998,0.0028,0.0635,0,-0.0059,0.9988,0.0481,0,-0.0633,-0.0483,0.9968,0,0,7.425,0.1598,1]},
{"frame":17,"values":[0.9971,0.0128,0.0755,0,-0.0172,0.9982,0.0573,0,-0.0746,-0.0584,0.9955,0,0,7.425,0.1598,1]},
{"frame":18,"values":[0.9965,0.0123,0.0831,0,-0.0167,0.9985,0.0525,0,-0.0824,-0.0537,0.9952,0,0,7.425,0.1598,1]},
{"frame":19,"values":[0.9963,0.0049,0.0852,0,-0.0087,0.999,0.044,0,-0.0849,-0.0445,0.9954,0,0,7.425,0.1598,1]},
{"frame":20,"values":[0.9966,0.0069,0.0821,0,-0.0097,0.9994,0.034,0,-0.0819,-0.0346,0.996,0,0,7.425,0.1598,1]},
{"frame":21,"values":[0.9971,0.01,0.0753,0,-0.0121,0.9996,0.0268,0,-0.075,-0.0276,0.9968,0,0,7.425,0.1598,1]},
{"frame":22,"values":[0.9976,0.0192,0.066,0,-0.0211,0.9994,0.0272,0,-0.0655,-0.0285,0.9974,0,0,7.425,0.1598,1]},
{"frame":23,"values":[0.9981,0.025,0.0562,0,-0.0267,0.9992,0.0292,0,-0.0554,-0.0306,0.998,0,0,7.425,0.1598,1]},
{"frame":24,"values":[0.9991,0.0136,0.0402,0,-0.0148,0.9995,0.0283,0,-0.0398,-0.0289,0.9988,0,0,7.425,0.1598,1]}],"loopBehavior":1,"name":"anim","property":"_matrix"}},
{"name":"Spine2","index":3,"matrix":[0.9992,0.0064,0.0396,0,-0.0044,0.9987,-0.0512,0,-0.0399,0.051,0.9979,0,0,8.6226,-0.3542,1],"rest":[1,0,0,0,0,1,0,0,0,0,1,0,0,8.6226,-0.3542,1],"parentBoneIndex":2,"length":20.7438
,"animation":{"dataType":3,"framePerSecond":24,"keys":[
{"frame":1,"values":[0.9992,0.0064,0.0396,0,-0.0044,0.9987,-0.0512,0,-0.0399,0.051,0.9979,0,0,8.6226,-0.3542,1]},
{"frame":2,"values":[0.9999,-0.0049,0.0163,0,0.0059,0.9984,-0.0563,0,-0.016,0.0564,0.9983,0,0,8.6226,-0.3542,1]},
{"frame":3,"values":[0.9999,-0.0145,-0.0074,0,0.014,0.9981,-0.0595,0,0.0082,0.0594,0.9982,0,0,8.6226,-0.3542,1]},
{"frame":4,"values":[0.9994,-0.0246,-0.0242,0,0.0232,0.9981,-0.0567,0,0.0256,0.0561,0.9981,0,0,8.6226,-0.3542,1]},
{"frame":5,"values":[0.9988,-0.0331,-0.0355,0,0.0314,0.9984,-0.0472,0,0.037,0.046,0.9983,0,0,8.6226,-0.3542,1]},
{"frame":6,"values":[0.9983,-0.0391,-0.0438,0,0.0374,0.9985,-0.0391,0,0.0453,0.0374,0.9983,0,0,8.6226,-0.3542,1]},
{"frame":7,"values":[0.9982,-0.0368,-0.0481,0,0.0347,0.9984,-0.0444,0,0.0497,0.0427,0.9979,0,0,8.6226,-0.3542,1]},
{"frame":8,"values":[0.9983,-0.0335,-0.0475,0,0.031,0.9982,-0.0523,0,0.0492,0.0507,0.9975,0,0,8.6226,-0.3542,1]},
{"frame":9,"values":[0.9985,-0.0377,-0.0399,0,0.0353,0.9976,-0.0602,0,0.0421,0.0587,0.9974,0,0,8.6226,-0.3542,1]},
{"frame":10,"values":[0.9988,-0.0419,-0.0265,0,0.0403,0.9974,-0.0599,0,0.0289,0.0588,0.9979,0,0,8.6226,-0.3542,1]},
{"frame":11,"values":[0.9988,-0.0458,-0.018,0,0.0447,0.9975,-0.0549,0,0.0204,0.054,0.9983,0,0,8.6226,-0.3542,1]},
{"frame":12,"values":[0.999,-0.0428,-0.0093,0,0.0423,0.9977,-0.0531,0,0.0115,0.0527,0.9985,0,0,8.6226,-0.3542,1]},
{"frame":13,"values":[0.9994,-0.0345,0.0096,0,0.035,0.9979,-0.0545,0,-0.0077,0.0548,0.9985,0,0,8.6226,-0.3542,1]},
{"frame":14,"values":[0.9992,-0.0254,0.032,0,0.0271,0.9982,-0.0526,0,-0.0306,0.0534,0.9981,0,0,8.6226,-0.3542,1]},
{"frame":15,"values":[0.9985,-0.0164,0.0514,0,0.0188,0.9988,-0.045,0,-0.0506,0.0459,0.9977,0,0,8.6226,-0.3542,1]},
{"frame":16,"values":[0.9979,-0.0044,0.0643,0,0.0064,0.9995,-0.0306,0,-0.0641,0.0309,0.9975,0,0,8.6226,-0.3542,1]},
{"frame":17,"values":[0.9971,0.0051,0.0761,0,-0.0035,0.9998,-0.0206,0,-0.0762,0.0202,0.9969,0,0,8.6226,-0.3542,1]},
{"frame":18,"values":[0.9965,0.005,0.0837,0,-0.0029,0.9997,-0.0253,0,-0.0838,0.025,0.9962,0,0,8.6226,-0.3542,1]},
{"frame":19,"values":[0.9963,-0.002,0.0857,0,0.005,0.9994,-0.0347,0,-0.0856,0.035,0.9957,0,0,8.6226,-0.3542,1]},
{"frame":20,"values":[0.9966,0.0004,0.0823,0,0.0034,0.999,-0.0453,0,-0.0823,0.0455,0.9956,0,0,8.6226,-0.3542,1]},
{"frame":21,"values":[0.9972,0.0037,0.0748,0,0.0003,0.9986,-0.0536,0,-0.0749,0.0535,0.9958,0,0,8.6226,-0.3542,1]},
{"frame":22,"values":[0.9978,0.0126,0.065,0,-0.0091,0.9985,-0.0534,0,-0.0656,0.0527,0.9965,0,0,8.6226,-0.3542,1]},
{"frame":23,"values":[0.9983,0.0181,0.0552,0,-0.0153,0.9986,-0.0508,0,-0.0561,0.0499,0.9972,0,0,8.6226,-0.3542,1]},
{"frame":24,"values":[0.9992,0.0064,0.0396,0,-0.0044,0.9987,-0.0512,0,-0.0399,0.051,0.9979,0,0,8.6226,-0.3542,1]}],"loopBehavior":1,"name":"anim","property":"_matrix"}},
{"name":"Neck","index":4,"matrix":[0.9997,-0.016,0.0211,0,0.0172,0.9981,-0.0584,0,-0.0201,0.0587,0.9981,0,0,23.6053,-4.5263,1],"rest":[1,0,0,0,0,1,0,0,0,0,1,0,0,23.6053,-4.5263,1],"parentBoneIndex":3,"length":10.3542
,"animation":{"dataType":3,"framePerSecond":24,"keys":[
{"frame":1,"values":[0.9997,-0.016,0.0211,0,0.0172,0.9981,-0.0584,0,-0.0201,0.0587,0.9981,0,0,23.6053,-4.5263,1]},
{"frame":2,"values":[0.9996,-0.0129,0.0236,0,0.0141,0.9986,-0.0511,0,-0.0229,0.0514,0.9984,0,0,23.6053,-4.5263,1]},
{"frame":3,"values":[0.9995,-0.0207,0.0218,0,0.0219,0.9982,-0.0564,0,-0.0206,0.0569,0.9982,0,0,23.6053,-4.5263,1]},
{"frame":4,"values":[0.9993,-0.0352,0.016,0,0.0363,0.997,-0.069,0,-0.0136,0.0695,0.9975,0,0,23.6053,-4.5263,1]},
{"frame":5,"values":[0.9987,-0.0492,0.0112,0,0.0499,0.9953,-0.0836,0,-0.007,0.084,0.9964,0,0,23.6053,-4.5263,1]},
{"frame":6,"values":[0.9986,-0.052,0.0099,0,0.0526,0.9945,-0.0901,0,-0.0052,0.0905,0.9959,0,0,23.6053,-4.5263,1]},
{"frame":7,"values":[0.9988,-0.049,0.0095,0,0.0497,0.995,-0.0871,0,-0.0052,0.0875,0.9962,0,0,23.6053,-4.5263,1]},
{"frame":8,"values":[0.9991,-0.0413,0.0105,0,0.0421,0.996,-0.0789,0,-0.0072,0.0793,0.9968,0,0,23.6053,-4.5263,1]},
{"frame":9,"values":[0.9992,-0.0398,0.0103,0,0.0405,0.9961,-0.0781,0,-0.0072,0.0785,0.9969,0,0,23.6053,-4.5263,1]},
{"frame":10,"values":[0.9988,-0.048,0.0076,0,0.0485,0.9952,-0.0849,0,-0.0035,0.0852,0.9964,0,0,23.6053,-4.5263,1]},
{"frame":11,"values":[0.9984,-0.0572,0.0049,0,0.0574,0.9943,-0.09,0,0.0003,0.0901,0.9959,0,0,23.6053,-4.5263,1]},
{"frame":12,"values":[0.9981,-0.061,-0.0003,0,0.0608,0.9945,-0.0848,0,0.0055,0.0847,0.9964,0,0,23.6053,-4.5263,1]},
{"frame":13,"values":[0.9982,-0.0589,-0.006,0,0.0583,0.9957,-0.0726,0,0.0102,0.0722,0.9973,0,0,23.6053,-4.5263,1]},
{"frame":14,"values":[0.9986,-0.0528,-0.008,0,0.0522,0.9965,-0.0647,0,0.0114,0.0642,0.9979,0,0,23.6053,-4.5263,1]},
{"frame":15,"values":[0.9992,-0.0404,-0.0047,0,0.0399,0.9968,-0.0692,0,0.0075,0.069,0.9976,0,0,23.6053,-4.5263,1]},
{"frame":16,"values":[0.9994,-0.0342,-0.0009,0,0.034,0.9959,-0.0844,0,0.0038,0.0843,0.9964,0,0,23.6053,-4.5263,1]},
{"frame":17,"values":[0.9996,-0.0296,0.0022,0,0.0297,0.9948,-0.0973,0,0.0007,0.0974,0.9952,0,0,23.6053,-4.5263,1]},
{"frame":18,"values":[0.9996,-0.0296,0.0038,0,0.0299,0.9952,-0.0934,0,-0.001,0.0935,0.9956,0,0,23.6053,-4.5263,1]},
{"frame":19,"values":[0.9995,-0.0316,0.0029,0,0.0317,0.9963,-0.0804,0,-0.0003,0.0804,0.9968,0,0,23.6053,-4.5263,1]},
{"frame":20,"values":[0.9993,-0.0372,0.0019,0,0.0373,0.9963,-0.0777,0,0.001,0.0777,0.997,0,0,23.6053,-4.5263,1]},
{"frame":21,"values":[0.9993,-0.0375,0.0027,0,0.0376,0.9965,-0.0753,0,0.0002,0.0753,0.9972,0,0,23.6053,-4.5263,1]},
{"frame":22,"values":[0.9994,-0.035,0.0054,0,0.0353,0.9966,-0.0747,0,-0.0027,0.0748,0.9972,0,0,23.6053,-4.5263,1]},
{"frame":23,"values":[0.9995,-0.031,0.0117,0,0.0318,0.9969,-0.0715,0,-0.0094,0.0718,0.9974,0,0,23.6053,-4.5263,1]},
{"frame":24,"values":[0.9997,-0.016,0.0211,0,0.0172,0.9981,-0.0584,0,-0.0201,0.0587,0.9981,0,0,23.6053,-4.5263,1]}],"loopBehavior":1,"name":"anim","property":"_matrix"}},
{"name":"Head","index":5,"matrix":[0.9977,0.007,0.0668,0,-0.0054,0.9997,-0.0239,0,-0.067,0.0235,0.9975,0,0,9.9955,2.7017,1],"rest":[1,0,0,0,0,1,0,0,0,0,1,0,0,9.9955,2.7017,1],"parentBoneIndex":4,"length":31.4272
,"animation":{"dataType":3,"framePerSecond":24,"keys":[
{"frame":1,"values":[0.9977,0.007,0.0668,0,-0.0054,0.9997,-0.0239,0,-0.067,0.0235,0.9975,0,0,9.9955,2.7017,1]},
{"frame":2,"values":[0.997,0.0165,0.0762,0,-0.0161,0.9999,-0.0052,0,-0.0763,0.004,0.9971,0,0,9.9955,2.7017,1]},
{"frame":3,"values":[0.9969,0.0151,0.0768,0,-0.0153,0.9999,0.0021,0,-0.0767,-0.0033,0.997,0,0,9.9955,2.7017,1]},
{"frame":4,"values":[0.9978,0.0086,0.0652,0,-0.0087,1,0.001,0,-0.0652,-0.0015,0.9979,0,0,9.9955,2.7017,1]},
{"frame":5,"values":[0.9985,0.0011,0.0554,0,-0.0006,1,-0.0088,0,-0.0554,0.0087,0.9984,0,0,9.9955,2.7017,1]},
{"frame":6,"values":[0.9987,-0.011,0.0501,0,0.0119,0.9997,-0.0192,0,-0.0499,0.0198,0.9986,0,0,9.9955,2.7017,1]},
{"frame":7,"values":[0.9988,-0.0234,0.0439,0,0.0238,0.9997,-0.0091,0,-0.0437,0.0101,0.999,0,0,9.9955,2.7017,1]},
{"frame":8,"values":[0.9989,-0.024,0.0402,0,0.0237,0.9997,0.0082,0,-0.0404,-0.0073,0.9992,0,0,9.9955,2.7017,1]},
{"frame":9,"values":[0.9991,-0.017,0.0381,0,0.0165,0.9998,0.0132,0,-0.0383,-0.0125,0.9992,0,0,9.9955,2.7017,1]},
{"frame":10,"values":[0.9993,-0.0083,0.0353,0,0.0085,1,-0.0052,0,-0.0352,0.0055,0.9994,0,0,9.9955,2.7017,1]},
{"frame":11,"values":[0.9995,-0.0029,0.0328,0,0.0037,0.9997,-0.0235,0,-0.0327,0.0236,0.9992,0,0,9.9955,2.7017,1]},
{"frame":12,"values":[0.9998,-0.0127,0.0137,0,0.0131,0.9994,-0.0321,0,-0.0133,0.0323,0.9994,0,0,9.9955,2.7017,1]},
{"frame":13,"values":[0.9996,-0.0232,-0.0133,0,0.0228,0.9992,-0.0317,0,0.014,0.0314,0.9994,0,0,9.9955,2.7017,1]},
{"frame":14,"values":[0.9993,-0.024,-0.0289,0,0.0233,0.9994,-0.0252,0,0.0295,0.0245,0.9993,0,0,9.9955,2.7017,1]},
{"frame":15,"values":[0.9993,-0.0208,-0.0308,0,0.02,0.9995,-0.0255,0,0.0313,0.0249,0.9992,0,0,9.9955,2.7017,1]},
{"frame":16,"values":[0.9996,-0.0155,-0.0234,0,0.0146,0.9992,-0.0365,0,0.024,0.0362,0.9991,0,0,9.9955,2.7017,1]},
{"frame":17,"values":[0.9998,-0.0116,-0.0165,0,0.0109,0.999,-0.0431,0,0.017,0.0429,0.9989,0,0,9.9955,2.7017,1]},
{"frame":18,"values":[1,-0.0053,-0.0078,0,0.005,0.9993,-0.0358,0,0.008,0.0358,0.9993,0,0,9.9955,2.7017,1]},
{"frame":19,"values":[1,-0.0019,-0.0069,0,0.0018,0.9998,-0.0186,0,0.007,0.0186,0.9998,0,0,9.9955,2.7017,1]},
{"frame":20,"values":[1,-0.0054,-0.0048,0,0.0055,1,0.0011,0,0.0048,-0.0011,1,0,0,9.9955,2.7017,1]},
{"frame":21,"values":[0.9998,-0.019,-0.0018,0,0.019,0.9998,-0.0044,0,0.0019,0.0044,1,0,0,9.9955,2.7017,1]},
{"frame":22,"values":[0.9997,-0.0245,0.0081,0,0.0246,0.9996,-0.0163,0,-0.0077,0.0165,0.9998,0,0,9.9955,2.7017,1]},
{"frame":23,"values":[0.9993,-0.0115,0.036,0,0.0123,0.9997,-0.0217,0,-0.0357,0.0221,0.9991,0,0,9.9955,2.7017,1]},
{"frame":24,"values":[0.9977,0.007,0.0668,0,-0.0054,0.9997,-0.0239,0,-0.067,0.0235,0.9975,0,0,9.9955,2.7017,1]}],"loopBehavior":1,"name":"anim","property":"_matrix"}},
{"name":"HeadTop_End","index":6,"matrix":[1,0,0,0,0,1,0,0,0,0,1,0,0,31.2072,3.7118,1],"rest":[1,0,0,0,0,1,0,0,0,0,1,0,0,31.2072,3.7118,1],"parentBoneIndex":5,"length":31.4272
,"animation":{"dataType":3,"framePerSecond":24,"keys":[
{"frame":1,"values":[1,0,0,0,0,1,0,0,0,0,1,0,0,31.2072,3.7118,1]},
{"frame":24,"values":[1,0,0,0,0,1,0,0,0,0,1,0,0,31.2072,3.7118,1]}],"loopBehavior":1,"name":"anim","property":"_matrix"}},
{"name":"LeftShoulder","index":7,"matrix":[0.9318,0.0176,0.3627,0,-0.0651,0.9908,0.119,0,-0.3572,-0.1345,0.9243,0,6.1723,17.8795,-2.6384,1],"rest":[1,-0.0039,0,0,0.0039,1,0,0,0,0,1,0,6.1723,17.8795,-2.6384,1],"parentBoneIndex":3,"length":6.4566
,"animation":{"dataType":3,"framePerSecond":24,"keys":[
{"frame":1,"values":[0.9318,0.0176,0.3627,0,-0.0651,0.9908,0.119,0,-0.3572,-0.1345,0.9243,0,6.1723,17.8795,-2.6384,1]},
{"frame":2,"values":[0.9331,-0.0016,0.3596,0,-0.0451,0.9916,0.1212,0,-0.3567,-0.1293,0.9252,0,6.1723,17.8795,-2.6384,1]},
{"frame":3,"values":[0.9476,-0.0397,0.317,0,-0.0006,0.992,0.1262,0,-0.3194,-0.1198,0.94,0,6.1723,17.8795,-2.6384,1]},
{"frame":4,"values":[0.9667,-0.0768,0.2443,0,0.0462,0.9906,0.1289,0,-0.2519,-0.1133,0.9611,0,6.1723,17.8795,-2.6384,1]},
{"frame":5,"values":[0.9775,-0.0972,0.1874,0,0.0737,0.989,0.1283,0,-0.1979,-0.1116,0.9739,0,6.1723,17.8795,-2.6384,1]},
{"frame":6,"values":[0.982,-0.0989,0.1608,0,0.0787,0.9887,0.1274,0,-0.1716,-0.1125,0.9787,0,6.1723,17.8795,-2.6384,1]},
{"frame":7,"values":[0.9845,-0.0993,0.1444,0,0.0812,0.9886,0.1268,0,-0.1553,-0.1131,0.9814,0,6.1723,17.8795,-2.6384,1]},
{"frame":8,"values":[0.9838,-0.0997,0.149,0,0.0809,0.9886,0.1269,0,-0.1599,-0.1128,0.9807,0,6.1723,17.8795,-2.6384,1]},
{"frame":9,"values":[0.9809,-0.126,0.1482,0,0.1076,0.9861,0.1266,0,-0.1621,-0.1082,0.9808,0,6.1723,17.8795,-2.6384,1]},
{"frame":10,"values":[0.9756,-0.1566,0.1541,0,0.1376,0.9823,0.1268,0,-0.1712,-0.1025,0.9799,0,6.1723,17.8795,-2.6384,1]},
{"frame":11,"values":[0.9724,-0.1549,0.1744,0,0.1336,0.9827,0.128,0,-0.1912,-0.1012,0.9763,0,6.1723,17.8795,-2.6384,1]},
{"frame":12,"values":[0.9662,-0.1528,0.2077,0,0.1276,0.9833,0.1299,0,-0.2241,-0.099,0.9695,0,6.1723,17.8795,-2.6384,1]},
{"frame":13,"values":[0.9617,-0.1405,0.2352,0,0.1119,0.9851,0.131,0,-0.2501,-0.0996,0.9631,0,6.1723,17.8795,-2.6384,1]},
{"frame":14,"values":[0.9517,-0.104,0.289,0,0.0684,0.989,0.1309,0,-0.2995,-0.1048,0.9483,0,6.1723,17.8795,-2.6384,1]},
{"frame":15,"values":[0.9376,-0.0537,0.3436,0,0.0102,0.9918,0.1271,0,-0.3476,-0.1156,0.9305,0,6.1723,17.8795,-2.6384,1]},
{"frame":16,"values":[0.9142,0.008,0.4052,0,-0.0609,0.9911,0.1179,0,-0.4007,-0.1325,0.9066,0,6.1723,17.8795,-2.6384,1]},
{"frame":17,"values":[0.8967,0.0427,0.4405,0,-0.1014,0.9887,0.1106,0,-0.4308,-0.1438,0.8909,0,6.1723,17.8795,-2.6384,1]},
{"frame":18,"values":[0.8937,0.0387,0.4471,0,-0.0982,0.989,0.1107,0,-0.4379,-0.1428,0.8876,0,6.1723,17.8795,-2.6384,1]},
{"frame":19,"values":[0.9064,0.0288,0.4214,0,-0.0846,0.9899,0.1141,0,-0.4138,-0.1391,0.8997,0,6.1723,17.8795,-2.6384,1]},
{"frame":20,"values":[0.9143,0.0263,0.4043,0,-0.0796,0.9901,0.1156,0,-0.3972,-0.1379,0.9073,0,6.1723,17.8795,-2.6384,1]},
{"frame":21,"values":[0.9217,0.0266,0.3871,0,-0.0775,0.9901,0.1166,0,-0.3802,-0.1375,0.9146,0,6.1723,17.8795,-2.6384,1]},
{"frame":22,"values":[0.9281,0.0213,0.3717,0,-0.07,0.9905,0.1182,0,-0.3657,-0.1357,0.9208,0,6.1723,17.8795,-2.6384,1]},
{"frame":23,"values":[0.9329,0.0113,0.3601,0,-0.0582,0.9911,0.1199,0,-0.3555,-0.1328,0.9252,0,6.1723,17.8795,-2.6384,1]},
{"frame":24,"values":[0.9318,0.0176,0.3627,0,-0.0651,0.9908,0.119,0,-0.3572,-0.1345,0.9243,0,6.1723,17.8795,-2.6384,1]}],"loopBehavior":1,"name":"anim","property":"_matrix"}},
{"name":"LeftArm","index":8,"matrix":[0.3073,-0.9514,-0.0218,0,0.9491,0.3081,-0.0653,0,0.0688,-0.0007,0.9976,0,6.0747,-1.0059,-1.9427,1],"rest":[0.9995,0.0084,0.0302,0,-0.0084,1,-0.0001,0,-0.0302,-0.0002,0.9995,0,6.0747,-1.0059,-1.9427,1],"parentBoneIndex":7,"length":27.264
,"animation":{"dataType":3,"framePerSecond":24,"keys":[
{"frame":1,"values":[0.3073,-0.9514,-0.0218,0,0.9491,0.3081,-0.0653,0,0.0688,-0.0007,0.9976,0,6.0747,-1.0059,-1.9427,1]},
{"frame":2,"values":[0.2718,-0.957,-0.1015,0,0.9508,0.2834,-0.1254,0,0.1487,-0.0624,0.9869,0,6.0747,-1.0059,-1.9427,1]},
{"frame":3,"values":[0.2663,-0.943,-0.1994,0,0.9329,0.3042,-0.193,0,0.2426,-0.1346,0.9607,0,6.0747,-1.0059,-1.9427,1]},
{"frame":4,"values":[0.2761,-0.9207,-0.2759,0,0.9136,0.3406,-0.222,0,0.2984,-0.1908,0.9352,0,6.0747,-1.0059,-1.9427,1]},
{"frame":5,"values":[0.291,-0.9042,-0.3128,0,0.9102,0.3623,-0.2006,0,0.2947,-0.2263,0.9284,0,6.0747,-1.0059,-1.9427,1]},
{"frame":6,"values":[0.2714,-0.8848,-0.3788,0,0.911,0.3631,-0.1954,0,0.3104,-0.2921,0.9046,0,6.0747,-1.0059,-1.9427,1]},
{"frame":7,"values":[0.2332,-0.8679,-0.4386,0,0.899,0.3643,-0.2429,0,0.3706,-0.3377,0.8652,0,6.0747,-1.0059,-1.9427,1]},
{"frame":8,"values":[0.2039,-0.8629,-0.4624,0,0.8762,0.3715,-0.3071,0,0.4368,-0.3425,0.8318,0,6.0747,-1.0059,-1.9427,1]},
{"frame":9,"values":[0.2258,-0.8517,-0.4728,0,0.871,0.3939,-0.2937,0,0.4364,-0.3455,0.8308,0,6.0747,-1.0059,-1.9427,1]},
{"frame":10,"values":[0.2872,-0.8607,-0.4204,0,0.8851,0.4062,-0.227,0,0.3662,-0.3069,0.8785,0,6.0747,-1.0059,-1.9427,1]},
{"frame":11,"values":[0.3367,-0.8857,-0.3197,0,0.907,0.3963,-0.1426,0,0.253,-0.2419,0.9367,0,6.0747,-1.0059,-1.9427,1]},
{"frame":12,"values":[0.3812,-0.9017,-0.2038,0,0.9145,0.4002,-0.0601,0,0.1357,-0.1635,0.9772,0,6.0747,-1.0059,-1.9427,1]},
{"frame":13,"values":[0.4195,-0.9006,-0.114,0,0.9072,0.4203,0.018,0,0.0317,-0.1109,0.9933,0,6.0747,-1.0059,-1.9427,1]},
{"frame":14,"values":[0.4459,-0.8936,-0.0509,0,0.8946,0.4431,0.0579,0,-0.0292,-0.0713,0.997,0,6.0747,-1.0059,-1.9427,1]},
{"frame":15,"values":[0.4731,-0.881,-0.0012,0,0.8793,0.4721,0.0635,0,-0.0554,-0.0311,0.998,0,6.0747,-1.0059,-1.9427,1]},
{"frame":16,"values":[0.484,-0.8749,0.0137,0,0.8744,0.4842,0.0313,0,-0.034,-0.0032,0.9994,0,6.0747,-1.0059,-1.9427,1]},
{"frame":17,"values":[0.5116,-0.859,-0.0188,0,0.8586,0.512,-0.0272,0,0.033,-0.0022,0.9995,0,6.0747,-1.0059,-1.9427,1]},
{"frame":18,"values":[0.546,-0.8362,-0.051,0,0.8336,0.5483,-0.0661,0,0.0832,-0.0065,0.9965,0,6.0747,-1.0059,-1.9427,1]},
{"frame":19,"values":[0.5512,-0.8315,-0.07,0,0.8268,0.5555,-0.088,0,0.1121,-0.0094,0.9937,0,6.0747,-1.0059,-1.9427,1]},
{"frame":20,"values":[0.5086,-0.8543,-0.1074,0,0.8459,0.519,-0.1227,0,0.1605,-0.0284,0.9866,0,6.0747,-1.0059,-1.9427,1]},
{"frame":21,"values":[0.4533,-0.8808,-0.1368,0,0.8747,0.4691,-0.1217,0,0.1713,-0.0645,0.9831,0,6.0747,-1.0059,-1.9427,1]},
{"frame":22,"values":[0.3983,-0.9081,-0.1291,0,0.9058,0.4117,-0.1008,0,0.1447,-0.0768,0.9865,0,6.0747,-1.0059,-1.9427,1]},
{"frame":23,"values":[0.355,-0.9317,-0.0766,0,0.9305,0.3601,-0.0668,0,0.0898,-0.0475,0.9948,0,6.0747,-1.0059,-1.9427,1]},
{"frame":24,"values":[0.3073,-0.9514,-0.0218,0,0.9491,0.3081,-0.0653,0,0.0688,-0.0007,0.9976,0,6.0747,-1.0059,-1.9427,1]}],"loopBehavior":1,"name":"anim","property":"_matrix"}},
{"name":"LeftForeArm","index":9,"matrix":[0.8251,0.0145,0.5648,0,0.021,0.9982,-0.0563,0,-0.5646,0.0583,0.8233,0,27.2512,-0.1236,-0.8243,1],"rest":[0.9995,-0.0045,-0.0302,0,0.0045,1,-0.0001,0,0.0302,-0.0001,0.9995,0,27.2512,-0.1236,-0.8243,1],"parentBoneIndex":8,"length":27.5147
,"animation":{"dataType":3,"framePerSecond":24,"keys":[
{"frame":1,"values":[0.8251,0.0145,0.5648,0,0.021,0.9982,-0.0563,0,-0.5646,0.0583,0.8233,0,27.2512,-0.1236,-0.8243,1]},
{"frame":2,"values":[0.8609,0.0108,0.5087,0,0.0177,0.9985,-0.051,0,-0.5085,0.0529,0.8594,0,27.2512,-0.1236,-0.8243,1]},
{"frame":3,"values":[0.8641,0.0104,0.5031,0,0.0173,0.9986,-0.0505,0,-0.5029,0.0524,0.8627,0,27.2512,-0.1236,-0.8243,1]},
{"frame":4,"values":[0.8752,0.0093,0.4837,0,0.0163,0.9987,-0.0486,0,-0.4835,0.0505,0.8739,0,27.2512,-0.1236,-0.8243,1]},
{"frame":5,"values":[0.9127,0.0053,0.4087,0,0.0128,0.9991,-0.0416,0,-0.4085,0.0431,0.9117,0,27.2512,-0.1236,-0.8243,1]},
{"frame":6,"values":[0.9177,0.0048,0.3972,0,0.0123,0.9991,-0.0405,0,-0.397,0.042,0.9169,0,27.2512,-0.1236,-0.8243,1]},
{"frame":7,"values":[0.9156,0.005,0.4021,0,0.0125,0.9991,-0.0409,0,-0.4019,0.0425,0.9147,0,27.2512,-0.1236,-0.8243,1]},
{"frame":8,"values":[0.9221,0.0043,0.387,0,0.0119,0.9991,-0.0395,0,-0.3868,0.041,0.9213,0,27.2512,-0.1236,-0.8243,1]},
{"frame":9,"values":[0.9045,0.0062,0.4264,0,0.0135,0.999,-0.0432,0,-0.4262,0.0449,0.9035,0,27.2512,-0.1236,-0.8243,1]},
{"frame":10,"values":[0.8973,0.007,0.4413,0,0.0142,0.9989,-0.0446,0,-0.4411,0.0463,0.8963,0,27.2512,-0.1236,-0.8243,1]},
{"frame":11,"values":[0.8993,0.0067,0.4373,0,0.014,0.9989,-0.0443,0,-0.4371,0.0459,0.8982,0,27.2512,-0.1236,-0.8243,1]},
{"frame":12,"values":[0.9095,0.0057,0.4157,0,0.0131,0.999,-0.0422,0,-0.4156,0.0438,0.9085,0,27.2512,-0.1236,-0.8243,1]},
{"frame":13,"values":[0.8988,0.0068,0.4383,0,0.0141,0.9989,-0.0444,0,-0.4382,0.046,0.8977,0,27.2512,-0.1236,-0.8243,1]},
{"frame":14,"values":[0.873,0.0095,0.4877,0,0.0165,0.9987,-0.049,0,-0.4875,0.0508,0.8717,0,27.2512,-0.1236,-0.8243,1]},
{"frame":15,"values":[0.8341,0.0135,0.5514,0,0.0202,0.9983,-0.055,0,-0.5512,0.057,0.8324,0,27.2512,-0.1236,-0.8243,1]},
{"frame":16,"values":[0.76,0.0212,0.6496,0,0.0272,0.9976,-0.0643,0,-0.6494,0.0666,0.7575,0,27.2512,-0.1236,-0.8243,1]},
{"frame":17,"values":[0.637,0.0337,0.7701,0,0.0388,0.9964,-0.0757,0,-0.7699,0.0781,0.6334,0,27.2512,-0.1236,-0.8243,1]},
{"frame":18,"values":[0.5397,0.0435,0.8407,0,0.048,0.9954,-0.0824,0,-0.8405,0.0848,0.5351,0,27.2512,-0.1236,-0.8243,1]},
{"frame":19,"values":[0.4913,0.0484,0.8697,0,0.0526,0.995,-0.0851,0,-0.8694,0.0876,0.4862,0,27.2512,-0.1236,-0.8243,1]},
{"frame":20,"values":[0.4483,0.0527,0.8923,0,0.0567,0.9946,-0.0873,0,-0.8921,0.0897,0.4428,0,27.2512,-0.1236,-0.8243,1]},
{"frame":21,"values":[0.4385,0.0537,0.8971,0,0.0576,0.9945,-0.0877,0,-0.8969,0.0901,0.433,0,27.2512,-0.1236,-0.8243,1]},
{"frame":22,"values":[0.5045,0.0471,0.8621,0,0.0514,0.9951,-0.0844,0,-0.8619,0.0869,0.4997,0,27.2512,-0.1236,-0.8243,1]},
{"frame":23,"values":[0.6593,0.0314,0.7512,0,0.0367,0.9966,-0.0739,0,-0.751,0.0763,0.6559,0,27.2512,-0.1236,-0.8243,1]},
{"frame":24,"values":[0.8251,0.0145,0.5648,0,0.021,0.9982,-0.0563,0,-0.5646,0.0583,0.8233,0,27.2512,-0.1236,-0.8243,1]}],"loopBehavior":1,"name":"anim","property":"_matrix"}},
{"name":"LeftHand","index":10,"matrix":[0.9213,-0.0284,0.3879,0,-0.0894,0.9552,0.2822,0,-0.3785,-0.2946,0.8774,0,27.5147,0,0,1],"rest":[1,0,0,0,0,1,0.0006,0,0,-0.0006,1,0,27.5147,0,0,1],"parentBoneIndex":9,"length":10.1836
,"animation":{"dataType":3,"framePerSecond":24,"keys":[
{"frame":1,"values":[0.9213,-0.0284,0.3879,0,-0.0894,0.9552,0.2822,0,-0.3785,-0.2946,0.8774,0,27.5147,0,0,1]},
{"frame":2,"values":[0.9508,-0.2229,0.2152,0,0.1075,0.8889,0.4454,0,-0.2905,-0.4003,0.8691,0,27.5147,0,0,1]},
{"frame":3,"values":[0.9157,-0.4012,-0.0247,0,0.3247,0.7019,0.6339,0,-0.237,-0.5885,0.773,0,27.5147,0,0,1]},
{"frame":4,"values":[0.8602,-0.4733,-0.1898,0,0.4424,0.5076,0.7393,0,-0.2535,-0.72,0.6461,0,27.5147,0,0,1]},
{"frame":5,"values":[0.8418,-0.5178,-0.1526,0,0.427,0.4659,0.775,0,-0.3302,-0.7175,0.6133,0,27.5147,0,0,1]},
{"frame":6,"values":[0.8677,-0.4954,-0.0404,0,0.3736,0.5963,0.7105,0,-0.3279,-0.6316,0.7025,0,27.5147,0,0,1]},
{"frame":7,"values":[0.8953,-0.4455,-0.0046,0,0.3453,0.6874,0.639,0,-0.2815,-0.5737,0.7692,0,27.5147,0,0,1]},
{"frame":8,"values":[0.9185,-0.394,-0.0349,0,0.3344,0.7263,0.6006,0,-0.2112,-0.5633,0.7988,0,27.5147,0,0,1]},
{"frame":9,"values":[0.9238,-0.3699,-0.099,0,0.355,0.7306,0.5832,0,-0.1434,-0.5739,0.8063,0,27.5147,0,0,1]},
{"frame":10,"values":[0.931,-0.3507,-0.1018,0,0.337,0.7177,0.6094,0,-0.1407,-0.6016,0.7863,0,27.5147,0,0,1]},
{"frame":11,"values":[0.955,-0.2932,-0.0442,0,0.2537,0.7306,0.6339,0,-0.1536,-0.6166,0.7721,0,27.5147,0,0,1]},
{"frame":12,"values":[0.9766,-0.2105,0.0445,0,0.1346,0.7593,0.6367,0,-0.1678,-0.6158,0.7698,0,27.5147,0,0,1]},
{"frame":13,"values":[0.9866,-0.0936,0.1337,0,-0.005,0.8016,0.5979,0,-0.1631,-0.5905,0.7904,0,27.5147,0,0,1]},
{"frame":14,"values":[0.9785,-0.0249,0.205,0,-0.0905,0.8405,0.5342,0,-0.1855,-0.5412,0.8202,0,27.5147,0,0,1]},
{"frame":15,"values":[0.9636,-0.0045,0.2671,0,-0.1154,0.8948,0.4314,0,-0.241,-0.4465,0.8617,0,27.5147,0,0,1]},
{"frame":16,"values":[0.963,0.0752,0.2589,0,-0.1642,0.9252,0.3422,0,-0.2138,-0.372,0.9033,0,27.5147,0,0,1]},
{"frame":17,"values":[0.9653,0.0805,0.2485,0,-0.1523,0.9464,0.2848,0,-0.2122,-0.3128,0.9258,0,27.5147,0,0,1]},
{"frame":18,"values":[0.958,0.1272,0.257,0,-0.1955,0.9453,0.2612,0,-0.2097,-0.3005,0.9305,0,27.5147,0,0,1]},
{"frame":19,"values":[0.9447,0.1249,0.3032,0,-0.2084,0.9425,0.2611,0,-0.2532,-0.3098,0.9165,0,27.5147,0,0,1]},
{"frame":20,"values":[0.934,0.0884,0.3463,0,-0.1805,0.953,0.2434,0,-0.3085,-0.2898,0.906,0,27.5147,0,0,1]},
{"frame":21,"values":[0.9246,0.1006,0.3675,0,-0.1814,0.9644,0.1923,0,-0.3351,-0.2444,0.9099,0,27.5147,0,0,1]},
{"frame":22,"values":[0.9191,0.0966,0.382,0,-0.173,0.9699,0.1712,0,-0.3539,-0.2234,0.9082,0,27.5147,0,0,1]},
{"frame":23,"values":[0.9141,0.0462,0.4027,0,-0.1352,0.9713,0.1955,0,-0.3822,-0.2331,0.8942,0,27.5147,0,0,1]},
{"frame":24,"values":[0.9213,-0.0284,0.3879,0,-0.0894,0.9552,0.2822,0,-0.3785,-0.2946,0.8774,0,27.5147,0,0,1]}],"loopBehavior":1,"name":"anim","property":"_matrix"}},
{"name":"LeftHandThumb1","index":11,"matrix":[0.929,0.358,0.0937,0,-0.3545,0.7885,0.5026,0,0.1061,-0.5001,0.8594,0,4.2092,-0.2988,5.1387,1],"rest":[1,0.0002,0.0002,0,-0.0002,1,-0.0002,0,-0.0002,0.0002,1,0,4.2092,-0.2988,5.1387,1],"parentBoneIndex":10,"length":1.9313
,"animation":{"dataType":3,"framePerSecond":24,"keys":[
{"frame":1,"values":[0.929,0.358,0.0937,0,-0.3545,0.7885,0.5026,0,0.1061,-0.5001,0.8594,0,4.2092,-0.2988,5.1387,1]},
{"frame":2,"values":[0.8973,0.4297,0.1005,0,-0.4207,0.7642,0.4888,0,0.1332,-0.4809,0.8666,0,4.2092,-0.2988,5.1387,1]},
{"frame":3,"values":[0.8591,0.5004,0.1075,0,-0.4863,0.7325,0.4763,0,0.1596,-0.4615,0.8727,0,4.2092,-0.2988,5.1387,1]},
{"frame":4,"values":[0.826,0.5512,0.1177,0,-0.5362,0.7041,0.4655,0,0.1738,-0.4476,0.8772,0,4.2092,-0.2988,5.1387,1]},
{"frame":5,"values":[0.8084,0.5734,0.1333,0,-0.564,0.6895,0.4545,0,0.1687,-0.4425,0.8807,0,4.2092,-0.2988,5.1387,1]},
{"frame":6,"values":[0.8039,0.5745,0.154,0,-0.5761,0.6877,0.4418,0,0.1479,-0.4439,0.8838,0,4.2092,-0.2988,5.1387,1]},
{"frame":7,"values":[0.8064,0.5651,0.1743,0,-0.5786,0.693,0.4302,0,0.1223,-0.4477,0.8858,0,4.2092,-0.2988,5.1387,1]},
{"frame":8,"values":[0.8109,0.5541,0.1883,0,-0.5762,0.6995,0.4227,0,0.1025,-0.4513,0.8865,0,4.2092,-0.2988,5.1387,1]},
{"frame":9,"values":[0.8146,0.5466,0.194,0,-0.5725,0.7041,0.4202,0,0.0931,-0.4533,0.8865,0,4.2092,-0.2988,5.1387,1]},
{"frame":10,"values":[0.8195,0.5384,0.1964,0,-0.5665,0.709,0.42,0,0.0869,-0.4554,0.886,0,4.2092,-0.2988,5.1387,1]},
{"frame":11,"values":[0.8255,0.529,0.1965,0,-0.5583,0.7146,0.4215,0,0.0826,-0.4577,0.8853,0,4.2092,-0.2988,5.1387,1]},
{"frame":12,"values":[0.8326,0.5187,0.1945,0,-0.5481,0.7206,0.4247,0,0.0801,-0.4602,0.8842,0,4.2092,-0.2988,5.1387,1]},
{"frame":13,"values":[0.8404,0.5073,0.1906,0,-0.5362,0.7269,0.4291,0,0.0791,-0.4629,0.8829,0,4.2092,-0.2988,5.1387,1]},
{"frame":14,"values":[0.8488,0.4952,0.1851,0,-0.5226,0.7334,0.4347,0,0.0795,-0.4657,0.8814,0,4.2092,-0.2988,5.1387,1]},
{"frame":15,"values":[0.8577,0.4824,0.1781,0,-0.5078,0.74,0.4411,0,0.081,-0.4687,0.8796,0,4.2092,-0.2988,5.1387,1]},
{"frame":16,"values":[0.8667,0.469,0.1698,0,-0.4918,0.7465,0.4481,0,0.0834,-0.4719,0.8777,0,4.2092,-0.2988,5.1387,1]},
{"frame":17,"values":[0.8758,0.4552,0.1606,0,-0.4749,0.753,0.4555,0,0.0864,-0.4752,0.8756,0,4.2092,-0.2988,5.1387,1]},
{"frame":18,"values":[0.8847,0.4411,0.1507,0,-0.4574,0.7591,0.4631,0,0.0899,-0.4787,0.8734,0,4.2092,-0.2988,5.1387,1]},
{"frame":19,"values":[0.8934,0.4269,0.1404,0,-0.4395,0.765,0.4707,0,0.0935,-0.4822,0.871,0,4.2092,-0.2988,5.1387,1]},
{"frame":20,"values":[0.9016,0.4126,0.1299,0,-0.4215,0.7705,0.4781,0,0.0971,-0.4858,0.8687,0,4.2092,-0.2988,5.1387,1]},
{"frame":21,"values":[0.9093,0.3985,0.1197,0,-0.4038,0.7757,0.4851,0,0.1004,-0.4894,0.8662,0,4.2092,-0.2988,5.1387,1]},
{"frame":22,"values":[0.9165,0.3846,0.11,0,-0.3864,0.7804,0.4916,0,0.1032,-0.4931,0.8639,0,4.2092,-0.2988,5.1387,1]},
{"frame":23,"values":[0.9231,0.371,0.1012,0,-0.3699,0.7847,0.4974,0,0.1051,-0.4966,0.8616,0,4.2092,-0.2988,5.1387,1]},
{"frame":24,"values":[0.929,0.358,0.0937,0,-0.3545,0.7885,0.5026,0,0.1061,-0.5001,0.8594,0,4.2092,-0.2988,5.1387,1]}],"loopBehavior":1,"name":"anim","property":"_matrix"}},
{"name":"LeftHandThumb2","index":12,"matrix":[0.9431,-0.2007,-0.2652,0,0.1379,0.9616,-0.2372,0,0.3026,0.1871,0.9346,0,1.496,-0.8637,0.8637,1],"rest":[0.9982,0.052,0.0284,0,-0.0507,0.9976,-0.0475,0,-0.0308,0.046,0.9985,0,1.496,-0.8637,0.8637,1],"parentBoneIndex":11,"length":2.3416
,"animation":{"dataType":3,"framePerSecond":24,"keys":[
{"frame":1,"values":[0.9431,-0.2007,-0.2652,0,0.1379,0.9616,-0.2372,0,0.3026,0.1871,0.9346,0,1.496,-0.8637,0.8637,1]},
{"frame":2,"values":[0.9672,-0.1994,-0.1576,0,0.1803,0.9753,-0.1274,0,0.1791,0.0948,0.9793,0,1.496,-0.8637,0.8637,1]},
{"frame":3,"values":[0.9619,-0.1831,-0.203,0,0.1933,0.9806,0.0315,0,0.1933,-0.0695,0.9787,0,1.496,-0.8637,0.8637,1]},
{"frame":4,"values":[0.934,-0.1644,-0.3171,0,0.1431,0.9857,-0.0895,0,0.3273,0.0383,0.9442,0,1.496,-0.8637,0.8637,1]},
{"frame":5,"values":[0.9094,-0.1647,-0.3818,0,0.1156,0.9821,-0.1484,0,0.3994,0.0909,0.9122,0,1.496,-0.8637,0.8637,1]},
{"frame":6,"values":[0.9016,-0.1634,-0.4004,0,0.123,0.9845,-0.1247,0,0.4146,0.0631,0.9078,0,1.496,-0.8637,0.8637,1]},
{"frame":7,"values":[0.9047,-0.1638,-0.3932,0,0.1549,0.9864,-0.0546,0,0.3968,-0.0115,0.9178,0,1.496,-0.8637,0.8637,1]},
{"frame":8,"values":[0.8973,-0.1714,-0.4068,0,0.1633,0.9851,-0.0549,0,0.4101,-0.0171,0.9119,0,1.496,-0.8637,0.8637,1]},
{"frame":9,"values":[0.8887,-0.184,-0.4199,0,0.1697,0.9829,-0.0714,0,0.4259,-0.0078,0.9048,0,1.496,-0.8637,0.8637,1]},
{"frame":10,"values":[0.8773,-0.2111,-0.431,0,0.1865,0.9774,-0.0991,0,0.4422,0.0065,0.8969,0,1.496,-0.8637,0.8637,1]},
{"frame":11,"values":[0.8673,-0.2303,-0.4413,0,0.187,0.9723,-0.1399,0,0.4613,0.0388,0.8864,0,1.496,-0.8637,0.8637,1]},
{"frame":12,"values":[0.8645,-0.2401,-0.4415,0,0.1848,0.9688,-0.165,0,0.4674,0.061,0.8819,0,1.496,-0.8637,0.8637,1]},
{"frame":13,"values":[0.8696,-0.2405,-0.4311,0,0.1834,0.9682,-0.1702,0,0.4583,0.0689,0.8861,0,1.496,-0.8637,0.8637,1]},
{"frame":14,"values":[0.8774,-0.2359,-0.4179,0,0.1769,0.9685,-0.1753,0,0.4461,0.0799,0.8914,0,1.496,-0.8637,0.8637,1]},
{"frame":15,"values":[0.8843,-0.2363,-0.4027,0,0.1753,0.9674,-0.1828,0,0.4328,0.091,0.8969,0,1.496,-0.8637,0.8637,1]},
{"frame":16,"values":[0.8929,-0.232,-0.3858,0,0.1694,0.9671,-0.1897,0,0.4171,0.1041,0.9029,0,1.496,-0.8637,0.8637,1]},
{"frame":17,"values":[0.9046,-0.2167,-0.3672,0,0.1531,0.9689,-0.1946,0,0.3979,0.1198,0.9096,0,1.496,-0.8637,0.8637,1]},
{"frame":18,"values":[0.9047,-0.2423,-0.3503,0,0.1767,0.9618,-0.209,0,0.3876,0.1272,0.913,0,1.496,-0.8637,0.8637,1]},
{"frame":19,"values":[0.8858,-0.3223,-0.3338,0,0.2521,0.9382,-0.237,0,0.3895,0.1258,0.9124,0,1.496,-0.8637,0.8637,1]},
{"frame":20,"values":[0.8948,-0.3144,-0.3169,0,0.244,0.939,-0.2425,0,0.3738,0.1397,0.9169,0,1.496,-0.8637,0.8637,1]},
{"frame":21,"values":[0.9167,-0.2634,-0.3006,0,0.1957,0.9516,-0.237,0,0.3485,0.1584,0.9238,0,1.496,-0.8637,0.8637,1]},
{"frame":22,"values":[0.9244,-0.2516,-0.2866,0,0.1848,0.9529,-0.2403,0,0.3336,0.1692,0.9274,0,1.496,-0.8637,0.8637,1]},
{"frame":23,"values":[0.9332,-0.2314,-0.2749,0,0.1663,0.9563,-0.2405,0,0.3185,0.1788,0.9309,0,1.496,-0.8637,0.8637,1]},
{"frame":24,"values":[0.9431,-0.2007,-0.2651,0,0.138,0.9616,-0.2371,0,0.3026,0.187,0.9346,0,1.496,-0.8637,0.8637,1]}],"loopBehavior":1,"name":"anim","property":"_matrix"}},
{"name":"LeftHandThumb3","index":13,"matrix":[0.9815,-0.0655,0.1801,0,0.0337,0.9842,0.1739,0,-0.1886,-0.1646,0.9682,0,1.7859,-1.1863,0.9415,1],"rest":[0.9982,-0.0507,-0.0308,0,0.052,0.9976,0.046,0,0.0284,-0.0475,0.9985,0,1.7859,-1.1863,0.9415,1],"parentBoneIndex":12,"length":4.3787
,"animation":{"dataType":3,"framePerSecond":24,"keys":[
{"frame":1,"values":[0.9815,-0.0655,0.1801,0,0.0337,0.9842,0.1739,0,-0.1886,-0.1646,0.9682,0,1.7859,-1.1863,0.9415,1]},
{"frame":2,"values":[0.938,-0.0676,0.34,0,0.0238,0.991,0.1315,0,-0.3458,-0.1153,0.9312,0,1.7859,-1.1863,0.9415,1]},
{"frame":3,"values":[0.904,-0.072,0.4215,0,0.027,0.9934,0.1118,0,-0.4267,-0.0897,0.8999,0,1.7859,-1.1863,0.9415,1]},
{"frame":4,"values":[0.9127,-0.0498,0.4057,0,0.0023,0.9932,0.1168,0,-0.4087,-0.1057,0.9065,0,1.7859,-1.1863,0.9415,1]},
{"frame":5,"values":[0.9221,-0.0397,0.3849,0,-0.0084,0.9925,0.1223,0,-0.3869,-0.116,0.9148,0,1.7859,-1.1863,0.9415,1]},
{"frame":6,"values":[0.9276,-0.0526,0.3699,0,0.0064,0.9921,0.1251,0,-0.3736,-0.1137,0.9206,0,1.7859,-1.1863,0.9415,1]},
