{"producer":{"name":"Blender","version":"2.90.0","exporter_version":"2.80.1","file":"jump.babylon"},
"autoClear":true,"clearColor":[0.0509,0.0509,0.0509],"gravity":[0,-9.81,0],
"materials":[{"name":"Material","id":"Material","customType":"BABYLON.PBRMaterial","backFaceCulling":true,"checkReadyOnlyOnce":false,"maxSimultaneousLights":4,"environmentIntensity":1,"albedo":[0.8,0.8,0.8],"reflectivity":[0.5,0.5,0.5],"roughness":0.4,"alpha":1,"transparencyMode":0,"alphaCutOff":0.4,"metallic":0}],
"multiMaterials":[],
"skeletons":[{"name":"Armature","id":0,"dimensionsAtRest":[188.1767,188.0947,21.7491],"bones":[
{"name":"Hips","index":0,"matrix":[0.994,-0.0543,-0.0947,0,0.0601,0.9964,0.0599,0,-0.0911,0.0652,-0.9937,0,0.0252,95.5784,-0.0119,1],"rest":[1,0,0,0,0,1,0,0,0,0,-1,0,0,96.3764,0,1],"parentBoneIndex":-1,"length":9.9032
,"animation":{"dataType":3,"framePerSecond":24,"keys":[
{"frame":1,"values":[0.994,-0.0543,-0.0947,0,0.0601,0.9964,0.0599,0,-0.0911,0.0652,-0.9937,0,0.0252,95.5784,-0.0119,1]},
{"frame":2,"values":[0.9926,-0.0529,-0.1094,0,0.0583,0.9972,0.0468,0,-0.1067,0.0528,-0.9929,0,0.2931,95.5848,0.1021,1]},
{"frame":3,"values":[0.9903,-0.0511,-0.1293,0,0.0553,0.998,0.0297,0,-0.1275,0.0365,-0.9912,0,0.7074,95.6356,0.2694,1]},
{"frame":4,"values":[0.9866,-0.0489,-0.1559,0,0.0504,0.9987,0.0053,0,-0.1554,0.0131,-0.9878,0,1.2648,95.6695,0.5514,1]},
{"frame":5,"values":[0.9805,-0.0471,-0.1909,0,0.0421,0.9987,-0.0297,0,-0.1921,-0.0211,-0.9812,0,1.9731,95.5746,1.0569,1]},
{"frame":6,"values":[0.9704,-0.0454,-0.2371,0,0.0271,0.9964,-0.0798,0,-0.2399,-0.071,-0.9682,0,2.88,95.1444,1.901,1]},
{"frame":7,"values":[0.9559,-0.0451,-0.2904,0,0.0035,0.9899,-0.1421,0,-0.2938,-0.1348,-0.9463,0,3.9637,94.0788,3.1222,1]},
{"frame":8,"values":[0.9384,-0.0514,-0.3417,0,-0.0241,0.9767,-0.2131,0,-0.3448,-0.2082,-0.9153,0,5.075,92.0988,4.6834,1]},
{"frame":9,"values":[0.922,-0.0698,-0.3808,0,-0.047,0.9562,-0.289,0,-0.3843,-0.2844,-0.8783,0,6.0776,89.0664,6.4888,1]},
{"frame":10,"values":[0.9121,-0.0982,-0.398,0,-0.0608,0.9278,-0.3682,0,-0.4054,-0.36,-0.8403,0,6.9775,85.1218,8.2983,1]},
{"frame":11,"values":[0.9114,-0.124,-0.3923,0,-0.0694,0.8935,-0.4437,0,-0.4056,-0.4316,-0.8058,0,7.8469,80.8024,9.7898,1]},
{"frame":12,"values":[0.9189,-0.1356,-0.3706,0,-0.076,0.8606,-0.5035,0,-0.3872,-0.4908,-0.7805,0,8.6816,76.7411,10.7688,1]},
{"frame":13,"values":[0.9269,-0.1349,-0.3503,0,-0.081,0.8393,-0.5375,0,-0.3665,-0.5266,-0.767,0,9.3802,73.4617,11.0872,1]},
{"frame":14,"values":[0.9286,-0.1244,-0.3497,0,-0.087,0.8429,-0.5309,0,-0.3608,-0.5234,-0.7719,0,9.8949,71.8626,10.6483,1]},
{"frame":15,"values":[0.9199,-0.1011,-0.3789,0,-0.1011,0.8724,-0.4782,0,-0.3789,-0.4782,-0.7923,0,10.3969,72.5838,9.5601,1]},
{"frame":16,"values":[0.8979,-0.0553,-0.4368,0,-0.1292,0.9153,-0.3814,0,-0.4209,-0.3989,-0.8147,0,10.8578,75.1723,7.7755,1]},
{"frame":17,"values":[0.8748,0.0113,-0.4843,0,-0.1571,0.9523,-0.2615,0,-0.4583,-0.3048,-0.8349,0,10.9073,79.3627,5.52,1]},
{"frame":18,"values":[0.8817,0.0686,-0.4667,0,-0.1561,0.9761,-0.1513,0,-0.4452,-0.2063,-0.8714,0,10.0764,85.4623,3.5905,1]},
{"frame":19,"values":[0.929,0.0893,-0.3592,0,-0.1247,0.9892,-0.0766,0,-0.3485,-0.116,-0.9301,0,8.2911,93.2628,2.4059,1]},
{"frame":20,"values":[0.9821,0.0881,-0.1664,0,-0.0975,0.994,-0.0489,0,-0.1611,-0.0642,-0.9848,0,5.8365,101.2854,1.9259,1]},
{"frame":21,"values":[0.9951,0.0914,0.0381,0,-0.0883,0.9932,-0.0759,0,0.0448,-0.0722,-0.9964,0,3.7557,107.6292,2.5727,1]},
{"frame":22,"values":[0.9873,0.0506,0.1507,0,-0.0303,0.9905,-0.1344,0,0.1561,-0.1281,-0.9794,0,3.1548,113.7525,4.6078,1]},
{"frame":23,"values":[0.9853,0.009,0.1709,0,0.0239,0.9816,-0.1896,0,0.1694,-0.1909,-0.9669,0,3.3573,117.4982,6.8873,1]},
{"frame":24,"values":[0.9878,-0.0241,0.1536,0,0.0603,0.97,-0.2357,0,0.1433,-0.2421,-0.9596,0,3.6066,119.8824,8.4436,1]},
{"frame":25,"values":[0.9895,-0.043,0.1381,0,0.0803,0.9575,-0.2769,0,0.1203,-0.2851,-0.9509,0,3.7172,121.9918,9.7374,1]},
{"frame":26,"values":[0.9915,-0.0567,0.1168,0,0.0896,0.9499,-0.2994,0,0.094,-0.3074,-0.9469,0,3.867,122.8242,10.2887,1]},
{"frame":27,"values":[0.9939,-0.076,0.0805,0,0.0963,0.9526,-0.2885,0,0.0548,-0.2945,-0.9541,0,4.2362,121.3999,9.5546,1]},
{"frame":28,"values":[0.9949,-0.0948,0.0334,0,0.1002,0.9623,-0.2529,0,0.0082,-0.255,-0.9669,0,4.9054,118.4176,8.0407,1]},
{"frame":29,"values":[0.9941,-0.1085,-0.007,0,0.1045,0.9711,-0.2147,0,-0.0301,-0.2127,-0.9766,0,6.014,114.9761,6.1341,1]},
{"frame":30,"values":[0.9927,-0.1182,-0.024,0,0.1125,0.9792,-0.1691,0,-0.0435,-0.1651,-0.9853,0,7.2563,110.4998,3.0455,1]},
{"frame":31,"values":[0.992,-0.1258,-0.0023,0,0.1249,0.9865,-0.106,0,-0.0156,-0.1049,-0.9944,0,7.7447,103.8497,-0.8395,1]},
{"frame":32,"values":[0.9878,-0.1333,0.0802,0,0.1378,0.989,-0.0539,0,0.0721,-0.0643,-0.9953,0,6.6529,96.1344,-3.4269,1]},
{"frame":33,"values":[0.9669,-0.1516,0.2054,0,0.164,0.9854,-0.045,0,0.1956,-0.0772,-0.9776,0,4.1191,88.8937,-3.6692,1]},
{"frame":34,"values":[0.9377,-0.1717,0.3019,0,0.202,0.9767,-0.072,0,0.2825,-0.1285,-0.9506,0,1.8861,83.2369,-2.4125,1]},
{"frame":35,"values":[0.9327,-0.1679,0.3192,0,0.2118,0.9713,-0.108,0,0.2919,-0.1683,-0.9415,0,0.8353,80.8825,-0.5669,1]},
{"frame":36,"values":[0.9431,-0.1506,0.2963,0,0.1955,0.9723,-0.128,0,0.2688,-0.1787,-0.9465,0,0.2644,81.244,1.2006,1]},
{"frame":37,"values":[0.9453,-0.1398,0.2948,0,0.1852,0.9737,-0.1324,0,0.2685,-0.1797,-0.9464,0,-0.2251,83.2199,2.5138,1]},
{"frame":38,"values":[0.9464,-0.133,0.2943,0,0.1798,0.974,-0.1377,0,0.2684,-0.1833,-0.9457,0,-0.4202,85.9493,3.5205,1]},
{"frame":39,"values":[0.9604,-0.1234,0.2498,0,0.163,0.976,-0.1444,0,0.226,-0.1794,-0.9575,0,-0.1076,88.8113,4.1907,1]},
{"frame":40,"values":[0.9775,-0.1126,0.1782,0,0.1374,0.9814,-0.1339,0,0.1598,-0.1554,-0.9748,0,0.3895,91.2042,4.312,1]},
{"frame":41,"values":[0.9858,-0.1041,0.1315,0,0.1184,0.9874,-0.1053,0,0.1189,-0.1194,-0.9857,0,0.624,92.6918,4.0608,1]},
{"frame":42,"values":[0.9886,-0.0989,0.1134,0,0.1076,0.9915,-0.0731,0,0.1052,-0.0844,-0.9909,0,0.6548,93.3888,3.8067,1]},
{"frame":43,"values":[0.9915,-0.0949,0.0895,0,0.0992,0.994,-0.0451,0,0.0847,-0.0536,-0.995,0,0.747,93.7367,3.5814,1]},
{"frame":44,"values":[0.9949,-0.0892,0.0477,0,0.0903,0.9957,-0.0208,0,0.0456,-0.025,-0.9986,0,0.8676,94.006,3.269,1]},
{"frame":45,"values":[0.9966,-0.0822,0.006,0,0.0822,0.9966,0.0013,0,0.0061,0.0008,-1,0,0.8969,94.2292,2.8835,1]},
{"frame":46,"values":[0.9968,-0.0764,-0.0232,0,0.0769,0.9968,0.0198,0,-0.0217,0.0215,-0.9995,0,0.8785,94.4705,2.4896,1]},
{"frame":47,"values":[0.9964,-0.0717,-0.0458,0,0.0732,0.9967,0.0338,0,-0.0433,0.037,-0.9984,0,0.8569,94.8109,2.0651,1]},
{"frame":48,"values":[0.9956,-0.0664,-0.0668,0,0.0693,0.9967,0.0428,0,-0.0637,0.0472,-0.9969,0,0.8087,95.1797,1.5989,1]},
{"frame":49,"values":[0.9946,-0.0608,-0.0839,0,0.065,0.9967,0.0485,0,-0.0807,0.0537,-0.9953,0,0.7367,95.4342,1.1592,1]},
{"frame":50,"values":[0.9939,-0.0567,-0.0944,0,0.0618,0.9967,0.0525,0,-0.0911,0.058,-0.9941,0,0.6462,95.5379,0.7976,1]},
{"frame":51,"values":[0.9935,-0.0547,-0.0994,0,0.0604,0.9966,0.0556,0,-0.096,0.0612,-0.9935,0,0.4989,95.5596,0.4969,1]},
{"frame":52,"values":[0.9936,-0.0543,-0.099,0,0.0602,0.9965,0.0578,0,-0.0955,0.0634,-0.9934,0,0.2788,95.5645,0.2291,1]},
{"frame":53,"values":[0.994,-0.0543,-0.0947,0,0.0601,0.9964,0.0599,0,-0.0911,0.0652,-0.9937,0,0.0252,95.5784,-0.0119,1]}],"loopBehavior":1,"name":"anim","property":"_matrix"}},
{"name":"Spine","index":1,"matrix":[0.9987,0.0439,-0.0242,0,-0.0425,0.9974,0.0587,0,0.0268,-0.0576,0.998,0,0,9.2263,1.5771,1],"rest":[1,0,0,0,0,1,0,0,0,0,1,0,0,9.2263,1.5771,1],"parentBoneIndex":0,"length":16.2548
,"animation":{"dataType":3,"framePerSecond":24,"keys":[
{"frame":1,"values":[0.9987,0.0439,-0.0242,0,-0.0425,0.9974,0.0587,0,0.0268,-0.0576,0.998,0,0,9.2263,1.5771,1]},
{"frame":2,"values":[0.9985,0.0457,-0.0285,0,-0.0439,0.9972,0.0605,0,0.0312,-0.0592,0.9978,0,0,9.2263,1.5771,1]},
{"frame":3,"values":[0.9984,0.0478,-0.0299,0,-0.0458,0.9969,0.0641,0,0.0328,-0.0626,0.9975,0,0,9.2263,1.5771,1]},
{"frame":4,"values":[0.9984,0.0493,-0.0275,0,-0.0473,0.9965,0.0688,0,0.0308,-0.0674,0.9973,0,0,9.2263,1.5771,1]},
{"frame":5,"values":[0.9985,0.0487,-0.0232,0,-0.0469,0.9962,0.0734,0,0.0267,-0.0722,0.997,0,0,9.2263,1.5771,1]},
{"frame":6,"values":[0.9989,0.0428,-0.0184,0,-0.0412,0.9961,0.0782,0,0.0217,-0.0774,0.9968,0,0,9.2263,1.5771,1]},
{"frame":7,"values":[0.9995,0.0301,-0.0113,0,-0.029,0.9959,0.0861,0,0.0138,-0.0857,0.9962,0,0,9.2263,1.5771,1]},
{"frame":8,"values":[0.9999,0.0138,0.004,0,-0.0142,0.9947,0.1015,0,-0.0026,-0.1016,0.9948,0,0,9.2263,1.5771,1]},
{"frame":9,"values":[0.9996,0.002,0.0294,0,-0.0057,0.9921,0.1251,0,-0.0289,-0.1252,0.9917,0,0,9.2263,1.5771,1]},
{"frame":10,"values":[0.9982,0.0006,0.0593,0,-0.0096,0.9884,0.1515,0,-0.0585,-0.1518,0.9867,0,0,9.2263,1.5771,1]},
{"frame":11,"values":[0.9967,0.0073,0.0809,0,-0.0212,0.9849,0.1721,0,-0.0784,-0.1732,0.9818,0,0,9.2263,1.5771,1]},
{"frame":12,"values":[0.9961,0.0165,0.0868,0,-0.0322,0.9827,0.1823,0,-0.0823,-0.1844,0.9794,0,0,9.2263,1.5771,1]},
{"frame":13,"values":[0.9961,0.0241,0.0848,0,-0.0395,0.9818,0.1856,0,-0.0788,-0.1882,0.979,0,0,9.2263,1.5771,1]},
{"frame":14,"values":[0.996,0.0321,0.0833,0,-0.047,0.9819,0.1835,0,-0.0759,-0.1867,0.9795,0,0,9.2263,1.5771,1]},
{"frame":15,"values":[0.996,0.0411,0.0793,0,-0.0545,0.9831,0.1751,0,-0.0707,-0.1787,0.9814,0,0,9.2263,1.5771,1]},
{"frame":16,"values":[0.9974,0.0437,0.0578,0,-0.0524,0.9859,0.159,0,-0.05,-0.1616,0.9856,0,0,9.2263,1.5771,1]},
{"frame":17,"values":[0.9993,0.0352,0.0123,0,-0.0366,0.9896,0.1389,0,-0.0073,-0.1392,0.9902,0,0,9.2263,1.5771,1]},
{"frame":18,"values":[0.999,0.0196,-0.041,0,-0.0146,0.9927,0.1196,0,0.043,-0.1189,0.992,0,0,9.2263,1.5771,1]},
{"frame":19,"values":[0.9978,-0.0079,-0.0658,0,0.0149,0.9943,0.1056,0,0.0646,-0.1064,0.9922,0,0,9.2263,1.5771,1]},
{"frame":20,"values":[0.9974,-0.0601,-0.0394,0,0.0639,0.9926,0.1034,0,0.0329,-0.1056,0.9939,0,0,9.2263,1.5771,1]},
{"frame":21,"values":[0.9934,-0.1136,0.0123,0,0.1113,0.9862,0.1229,0,-0.0261,-0.1207,0.9923,0,0,9.2263,1.5771,1]},
{"frame":22,"values":[0.9914,-0.1209,0.0494,0,0.1113,0.98,0.1649,0,-0.0683,-0.158,0.9851,0,0,9.2263,1.5771,1]},
{"frame":23,"values":[0.9935,-0.0928,0.0655,0,0.0769,0.9741,0.2125,0,-0.0835,-0.2061,0.975,0,0,9.2263,1.5771,1]},
{"frame":24,"values":[0.9958,-0.0624,0.0671,0,0.0442,0.9686,0.2445,0,-0.0802,-0.2405,0.9673,0,0,9.2263,1.5771,1]},
{"frame":25,"values":[0.9979,-0.0402,0.0507,0,0.0263,0.9678,0.2504,0,-0.0592,-0.2485,0.9668,0,0,9.2263,1.5771,1]},
{"frame":26,"values":[0.9997,-0.0199,0.0127,0,0.0163,0.9712,0.2377,0,-0.0171,-0.2374,0.9712,0,0,9.2263,1.5771,1]},
{"frame":27,"values":[0.9995,0.0026,-0.0312,0,0.0045,0.9746,0.224,0,0.031,-0.2241,0.9741,0,0,9.2263,1.5771,1]},
{"frame":28,"values":[0.9976,0.0288,-0.0622,0,-0.015,0.9772,0.2119,0,0.0669,-0.2105,0.9753,0,0,9.2263,1.5771,1]},
{"frame":29,"values":[0.9951,0.0603,-0.0779,0,-0.0443,0.9802,0.193,0,0.088,-0.1886,0.9781,0,0,9.2263,1.5771,1]},
{"frame":30,"values":[0.9922,0.0889,-0.0877,0,-0.0735,0.9835,0.1656,0,0.101,-0.1579,0.9823,0,0,9.2263,1.5771,1]},
{"frame":31,"values":[0.9911,0.0933,-0.0955,0,-0.0795,0.9871,0.139,0,0.1072,-0.1302,0.9857,0,0,9.2263,1.5771,1]},
{"frame":32,"values":[0.9935,0.0688,-0.0904,0,-0.0574,0.9908,0.1223,0,0.098,-0.1164,0.9884,0,0,9.2263,1.5771,1]},
{"frame":33,"values":[0.9963,0.0431,-0.0744,0,-0.0341,0.9923,0.1187,0,0.0789,-0.1158,0.9901,0,0,9.2263,1.5771,1]},
{"frame":34,"values":[0.9969,0.0336,-0.0712,0,-0.0245,0.9919,0.1248,0,0.0748,-0.1226,0.9896,0,0,9.2263,1.5771,1]},
{"frame":35,"values":[0.9957,0.0285,-0.0878,0,-0.0169,0.9912,0.131,0,0.0908,-0.129,0.9875,0,0,9.2263,1.5771,1]},
{"frame":36,"values":[0.9947,0.0239,-0.0997,0,-0.0106,0.9912,0.132,0,0.102,-0.1302,0.9862,0,0,9.2263,1.5771,1]},
{"frame":37,"values":[0.9956,0.0277,-0.0891,0,-0.0162,0.9917,0.1278,0,0.0919,-0.1258,0.9878,0,0,9.2263,1.5771,1]},
{"frame":38,"values":[0.9967,0.0363,-0.0732,0,-0.0274,0.9925,0.1188,0,0.077,-0.1164,0.9902,0,0,9.2263,1.5771,1]},
{"frame":39,"values":[0.9965,0.0383,-0.0746,0,-0.0302,0.9938,0.107,0,0.0782,-0.1044,0.9915,0,0,9.2263,1.5771,1]},
{"frame":40,"values":[0.9958,0.034,-0.0855,0,-0.0259,0.9952,0.0944,0,0.0883,-0.0917,0.9919,0,0,9.2263,1.5771,1]},
{"frame":41,"values":[0.9959,0.0309,-0.0847,0,-0.0239,0.9963,0.0821,0,0.087,-0.0797,0.993,0,0,9.2263,1.5771,1]},
{"frame":42,"values":[0.997,0.0321,-0.0708,0,-0.0269,0.997,0.0723,0,0.0729,-0.0702,0.9949,0,0,9.2263,1.5771,1]},
{"frame":43,"values":[0.9976,0.0363,-0.0595,0,-0.0323,0.9972,0.0676,0,0.0617,-0.0655,0.9959,0,0,9.2263,1.5771,1]},
{"frame":44,"values":[0.9975,0.0416,-0.0572,0,-0.0376,0.9969,0.0687,0,0.0599,-0.0664,0.996,0,0,9.2263,1.5771,1]},
{"frame":45,"values":[0.9974,0.0455,-0.0562,0,-0.0414,0.9965,0.0722,0,0.0593,-0.0697,0.9958,0,0,9.2263,1.5771,1]},
{"frame":46,"values":[0.9976,0.0472,-0.0508,0,-0.0434,0.9963,0.0743,0,0.0541,-0.0719,0.9959,0,0,9.2263,1.5771,1]},
{"frame":47,"values":[0.9979,0.0477,-0.0442,0,-0.0443,0.9963,0.0736,0,0.0475,-0.0715,0.9963,0,0,9.2263,1.5771,1]},
{"frame":48,"values":[0.9981,0.0472,-0.0402,0,-0.0443,0.9966,0.0697,0,0.0434,-0.0677,0.9968,0,0,9.2263,1.5771,1]},
{"frame":49,"values":[0.9982,0.0462,-0.0382,0,-0.0437,0.997,0.0646,0,0.041,-0.0628,0.9972,0,0,9.2263,1.5771,1]},
{"frame":50,"values":[0.9983,0.0457,-0.0358,0,-0.0434,0.9972,0.0614,0,0.0385,-0.0598,0.9975,0,0,9.2263,1.5771,1]},
{"frame":51,"values":[0.9984,0.0457,-0.0323,0,-0.0436,0.9972,0.0606,0,0.035,-0.0591,0.9976,0,0,9.2263,1.5771,1]},
{"frame":52,"values":[0.9986,0.0452,-0.0282,0,-0.0435,0.9972,0.0603,0,0.0308,-0.059,0.9978,0,0,9.2263,1.5771,1]},
{"frame":53,"values":[0.9987,0.0439,-0.0242,0,-0.0425,0.9974,0.0587,0,0.0268,-0.0576,0.998,0,0,9.2263,1.5771,1]}],"loopBehavior":1,"name":"anim","property":"_matrix"}},
{"name":"Spine1","index":2,"matrix":[0.9996,0.0272,-0.0054,0,-0.0271,0.9994,0.0203,0,0.0059,-0.0201,0.9998,0,0,16.254,-0.1656,1],"rest":[1,0,0,0,0,1,0,0,0,0,1,0,0,16.254,-0.1656,1],"parentBoneIndex":1,"length":13.7007
,"animation":{"dataType":3,"framePerSecond":24,"keys":[
{"frame":1,"values":[0.9996,0.0272,-0.0054,0,-0.0271,0.9994,0.0203,0,0.0059,-0.0201,0.9998,0,0,16.254,-0.1656,1]},
{"frame":2,"values":[0.9996,0.0277,-0.0066,0,-0.0276,0.9994,0.021,0,0.0072,-0.0208,0.9998,0,0,16.254,-0.1656,1]},
{"frame":3,"values":[0.9996,0.0284,-0.0067,0,-0.0282,0.9994,0.0224,0,0.0073,-0.0222,0.9997,0,0,16.254,-0.1656,1]},
{"frame":4,"values":[0.9996,0.029,-0.0051,0,-0.0289,0.9993,0.0243,0,0.0058,-0.0241,0.9997,0,0,16.254,-0.1656,1]},
{"frame":5,"values":[0.9996,0.0292,-0.0028,0,-0.0292,0.9992,0.0265,0,0.0035,-0.0264,0.9996,0,0,16.254,-0.1656,1]},
{"frame":6,"values":[0.9996,0.0281,0,0,-0.0281,0.9992,0.0291,0,0.0008,-0.0291,0.9996,0,0,16.254,-0.1656,1]},
{"frame":7,"values":[0.9997,0.0252,0.0035,0,-0.0253,0.9991,0.033,0,-0.0026,-0.0331,0.9994,0,0,16.254,-0.1656,1]},
{"frame":8,"values":[0.9997,0.0212,0.0095,0,-0.0216,0.999,0.0396,0,-0.0086,-0.0398,0.9992,0,0,16.254,-0.1656,1]},
{"frame":9,"values":[0.9997,0.0182,0.0181,0,-0.0191,0.9986,0.0487,0,-0.0172,-0.049,0.9986,0,0,16.254,-0.1656,1]},
{"frame":10,"values":[0.9995,0.0172,0.0249,0,-0.0186,0.9981,0.0586,0,-0.0239,-0.059,0.998,0,0,16.254,-0.1656,1]},
{"frame":11,"values":[0.9996,0.0172,0.0237,0,-0.0187,0.9976,0.0664,0,-0.0225,-0.0669,0.9975,0,0,16.254,-0.1656,1]},
{"frame":12,"values":[0.9997,0.0167,0.015,0,-0.0178,0.9973,0.0709,0,-0.0138,-0.0712,0.9974,0,0,16.254,-0.1656,1]},
{"frame":13,"values":[0.9998,0.016,0.0088,0,-0.0166,0.9972,0.0727,0,-0.0076,-0.0728,0.9973,0,0,16.254,-0.1656,1]},
{"frame":14,"values":[0.9998,0.0179,0.0098,0,-0.0186,0.9973,0.0714,0,-0.0085,-0.0715,0.9974,0,0,16.254,-0.1656,1]},
{"frame":15,"values":[0.9996,0.0239,0.0151,0,-0.0248,0.9975,0.0668,0,-0.0135,-0.0671,0.9977,0,0,16.254,-0.1656,1]},
{"frame":16,"values":[0.9994,0.0304,0.018,0,-0.0314,0.9977,0.0605,0,-0.0161,-0.0611,0.998,0,0,16.254,-0.1656,1]},
{"frame":17,"values":[0.9994,0.032,0.0096,0,-0.0325,0.998,0.0547,0,-0.0078,-0.055,0.9985,0,0,16.254,-0.1656,1]},
{"frame":18,"values":[0.9996,0.028,-0.0077,0,-0.0276,0.9984,0.0484,0,0.0091,-0.0482,0.9988,0,0,16.254,-0.1656,1]},
{"frame":19,"values":[0.9997,0.0199,-0.0168,0,-0.0192,0.999,0.0406,0,0.0175,-0.0402,0.999,0,0,16.254,-0.1656,1]},
{"frame":20,"values":[0.9999,0.0064,-0.0082,0,-0.0062,0.9994,0.0342,0,0.0084,-0.0342,0.9994,0,0,16.254,-0.1656,1]},
{"frame":21,"values":[1,-0.0075,0.005,0,0.0073,0.9993,0.0357,0,-0.0052,-0.0356,0.9994,0,0,16.254,-0.1656,1]},
{"frame":22,"values":[0.9999,-0.0144,0.0067,0,0.0141,0.9987,0.0487,0,-0.0074,-0.0486,0.9988,0,0,16.254,-0.1656,1]},
{"frame":23,"values":[0.9999,-0.0148,-0.0009,0,0.0148,0.9976,0.0675,0,-0.0001,-0.0675,0.9977,0,0,16.254,-0.1656,1]},
{"frame":24,"values":[0.9999,-0.0126,-0.0063,0,0.0131,0.9965,0.0829,0,0.0053,-0.0829,0.9965,0,0,16.254,-0.1656,1]},
{"frame":25,"values":[0.9999,-0.0086,-0.0085,0,0.0094,0.996,0.0894,0,0.0077,-0.0895,0.996,0,0,16.254,-0.1656,1]},
{"frame":26,"values":[0.9999,-0.0002,-0.0146,0,0.0015,0.9961,0.0883,0,0.0145,-0.0883,0.996,0,0,16.254,-0.1656,1]},
{"frame":27,"values":[0.9996,0.0115,-0.025,0,-0.0093,0.9963,0.0851,0,0.0259,-0.0849,0.9961,0,0,16.254,-0.1656,1]},
{"frame":28,"values":[0.9992,0.0231,-0.0337,0,-0.0203,0.9965,0.0806,0,0.0355,-0.0798,0.9962,0,0,16.254,-0.1656,1]},
{"frame":29,"values":[0.9987,0.032,-0.039,0,-0.0291,0.997,0.0714,0,0.0411,-0.0702,0.9967,0,0,16.254,-0.1656,1]},
{"frame":30,"values":[0.9984,0.0357,-0.0436,0,-0.0332,0.9978,0.0576,0,0.0456,-0.0561,0.9974,0,0,16.254,-0.1656,1]},
{"frame":31,"values":[0.9982,0.0339,-0.0486,0,-0.0316,0.9984,0.0465,0,0.0501,-0.0449,0.9977,0,0,16.254,-0.1656,1]},
{"frame":32,"values":[0.9984,0.0282,-0.0496,0,-0.026,0.9987,0.0441,0,0.0508,-0.0427,0.9978,0,0,16.254,-0.1656,1]},
{"frame":33,"values":[0.9987,0.0232,-0.0452,0,-0.021,0.9987,0.0472,0,0.0463,-0.0462,0.9979,0,0,16.254,-0.1656,1]},
{"frame":34,"values":[0.9989,0.0207,-0.0417,0,-0.0186,0.9986,0.0499,0,0.0427,-0.0491,0.9979,0,0,16.254,-0.1656,1]},
{"frame":35,"values":[0.9989,0.0186,-0.043,0,-0.0165,0.9986,0.0503,0,0.0439,-0.0495,0.9978,0,0,16.254,-0.1656,1]},
{"frame":36,"values":[0.999,0.0173,-0.0414,0,-0.0152,0.9987,0.0496,0,0.0422,-0.0489,0.9979,0,0,16.254,-0.1656,1]},
{"frame":37,"values":[0.9993,0.019,-0.0308,0,-0.0175,0.9987,0.0477,0,0.0316,-0.0471,0.9984,0,0,16.254,-0.1656,1]},
{"frame":38,"values":[0.9996,0.0224,-0.0187,0,-0.0215,0.9988,0.0432,0,0.0197,-0.0428,0.9989,0,0,16.254,-0.1656,1]},
{"frame":39,"values":[0.9996,0.0241,-0.0153,0,-0.0235,0.999,0.0376,0,0.0162,-0.0372,0.9992,0,0,16.254,-0.1656,1]},
{"frame":40,"values":[0.9995,0.024,-0.0184,0,-0.0234,0.9992,0.0323,0,0.0192,-0.0319,0.9993,0,0,16.254,-0.1656,1]},
{"frame":41,"values":[0.9995,0.0237,-0.019,0,-0.0231,0.9993,0.0279,0,0.0197,-0.0274,0.9994,0,0,16.254,-0.1656,1]},
{"frame":42,"values":[0.9996,0.0241,-0.0156,0,-0.0237,0.9994,0.0244,0,0.0162,-0.0241,0.9996,0,0,16.254,-0.1656,1]},
{"frame":43,"values":[0.9996,0.0253,-0.0128,0,-0.025,0.9994,0.0226,0,0.0134,-0.0222,0.9997,0,0,16.254,-0.1656,1]},
{"frame":44,"values":[0.9996,0.0267,-0.0128,0,-0.0264,0.9994,0.0226,0,0.0134,-0.0222,0.9997,0,0,16.254,-0.1656,1]},
{"frame":45,"values":[0.9995,0.0277,-0.0132,0,-0.0273,0.9994,0.0234,0,0.0138,-0.0231,0.9996,0,0,16.254,-0.1656,1]},
{"frame":46,"values":[0.9995,0.0281,-0.0121,0,-0.0278,0.9993,0.0241,0,0.0128,-0.0237,0.9996,0,0,16.254,-0.1656,1]},
{"frame":47,"values":[0.9995,0.0282,-0.0106,0,-0.028,0.9993,0.024,0,0.0113,-0.0237,0.9997,0,0,16.254,-0.1656,1]},
{"frame":48,"values":[0.9996,0.0281,-0.0099,0,-0.0278,0.9993,0.023,0,0.0105,-0.0227,0.9997,0,0,16.254,-0.1656,1]},
{"frame":49,"values":[0.9996,0.0278,-0.0096,0,-0.0275,0.9994,0.0217,0,0.0102,-0.0215,0.9997,0,0,16.254,-0.1656,1]},
{"frame":50,"values":[0.9996,0.0276,-0.0091,0,-0.0274,0.9994,0.021,0,0.0097,-0.0207,0.9997,0,0,16.254,-0.1656,1]},
{"frame":51,"values":[0.9996,0.0277,-0.0081,0,-0.0275,0.9994,0.0208,0,0.0087,-0.0206,0.9997,0,0,16.254,-0.1656,1]},
{"frame":52,"values":[0.9996,0.0276,-0.0068,0,-0.0275,0.9994,0.0208,0,0.0073,-0.0206,0.9998,0,0,16.254,-0.1656,1]},
{"frame":53,"values":[0.9996,0.0272,-0.0054,0,-0.0271,0.9994,0.0203,0,0.0059,-0.0201,0.9998,0,0,16.254,-0.1656,1]}],"loopBehavior":1,"name":"anim","property":"_matrix"}},
{"name":"Spine2","index":3,"matrix":[0.9996,0.0273,-0.0058,0,-0.0272,0.9994,0.0198,0,0.0063,-0.0197,0.9998,0,0,13.6396,-1.2923,1],"rest":[1,0,0,0,0,1,0,0,0,0,1,0,0,13.6396,-1.2923,1],"parentBoneIndex":2,"length":13.1719
,"animation":{"dataType":3,"framePerSecond":24,"keys":[
{"frame":1,"values":[0.9996,0.0273,-0.0058,0,-0.0272,0.9994,0.0198,0,0.0063,-0.0197,0.9998,0,0,13.6396,-1.2923,1]},
{"frame":2,"values":[0.9996,0.0278,-0.007,0,-0.0276,0.9994,0.0205,0,0.0076,-0.0203,0.9998,0,0,13.6396,-1.2923,1]},
{"frame":3,"values":[0.9996,0.0284,-0.0071,0,-0.0283,0.9994,0.0219,0,0.0077,-0.0217,0.9997,0,0,13.6396,-1.2923,1]},
{"frame":4,"values":[0.9996,0.0291,-0.0055,0,-0.029,0.9993,0.0239,0,0.0062,-0.0237,0.9997,0,0,13.6396,-1.2923,1]},
{"frame":5,"values":[0.9996,0.0294,-0.0031,0,-0.0293,0.9992,0.026,0,0.0039,-0.0259,0.9997,0,0,13.6396,-1.2923,1]},
{"frame":6,"values":[0.9996,0.0283,-0.0004,0,-0.0283,0.9992,0.0286,0,0.0012,-0.0286,0.9996,0,0,13.6396,-1.2923,1]},
{"frame":7,"values":[0.9997,0.0254,0.0031,0,-0.0255,0.9991,0.0326,0,-0.0023,-0.0326,0.9995,0,0,13.6396,-1.2923,1]},
{"frame":8,"values":[0.9997,0.0216,0.0092,0,-0.0219,0.999,0.0392,0,-0.0083,-0.0393,0.9992,0,0,13.6396,-1.2923,1]},
{"frame":9,"values":[0.9997,0.0186,0.0179,0,-0.0194,0.9986,0.0483,0,-0.017,-0.0486,0.9987,0,0,13.6396,-1.2923,1]},
{"frame":10,"values":[0.9995,0.0173,0.0249,0,-0.0187,0.9981,0.058,0,-0.0238,-0.0585,0.998,0,0,13.6396,-1.2923,1]},
{"frame":11,"values":[0.9996,0.0167,0.0239,0,-0.0183,0.9977,0.0658,0,-0.0228,-0.0662,0.9975,0,0,13.6396,-1.2923,1]},
{"frame":12,"values":[0.9998,0.0154,0.0157,0,-0.0165,0.9974,0.0703,0,-0.0146,-0.0705,0.9974,0,0,13.6396,-1.2923,1]},
{"frame":13,"values":[0.9999,0.0143,0.0097,0,-0.0149,0.9973,0.072,0,-0.0087,-0.0722,0.9974,0,0,13.6396,-1.2923,1]},
{"frame":14,"values":[0.9998,0.0164,0.0109,0,-0.0171,0.9973,0.0707,0,-0.0097,-0.0709,0.9974,0,0,13.6396,-1.2923,1]},
{"frame":15,"values":[0.9996,0.0229,0.0159,0,-0.0239,0.9975,0.0662,0,-0.0144,-0.0666,0.9977,0,0,13.6396,-1.2923,1]},
{"frame":16,"values":[0.9994,0.0302,0.0182,0,-0.0312,0.9977,0.06,0,-0.0163,-0.0606,0.998,0,0,13.6396,-1.2923,1]},
{"frame":17,"values":[0.9994,0.0324,0.0092,0,-0.0329,0.998,0.0542,0,-0.0075,-0.0545,0.9985,0,0,13.6396,-1.2923,1]},
{"frame":18,"values":[0.9996,0.0285,-0.0085,0,-0.0281,0.9985,0.0478,0,0.0098,-0.0475,0.9988,0,0,13.6396,-1.2923,1]},
{"frame":19,"values":[0.9996,0.0202,-0.0177,0,-0.0195,0.999,0.0399,0,0.0185,-0.0395,0.999,0,0,13.6396,-1.2923,1]},
{"frame":20,"values":[0.9999,0.0068,-0.0088,0,-0.0065,0.9994,0.0337,0,0.009,-0.0336,0.9994,0,0,13.6396,-1.2923,1]},
{"frame":21,"values":[1,-0.0071,0.005,0,0.007,0.9994,0.0353,0,-0.0052,-0.0353,0.9994,0,0,13.6396,-1.2923,1]},
{"frame":22,"values":[0.9999,-0.0145,0.0071,0,0.0141,0.9987,0.0482,0,-0.0077,-0.0481,0.9988,0,0,13.6396,-1.2923,1]},
{"frame":23,"values":[0.9999,-0.0159,-0.0005,0,0.0159,0.9976,0.0667,0,-0.0006,-0.0667,0.9978,0,0,13.6396,-1.2923,1]},
{"frame":24,"values":[0.9999,-0.0146,-0.006,0,0.0151,0.9965,0.0818,0,0.0048,-0.0818,0.9966,0,0,13.6396,-1.2923,1]},
{"frame":25,"values":[0.9999,-0.0109,-0.0083,0,0.0116,0.996,0.0883,0,0.0073,-0.0884,0.9961,0,0,13.6396,-1.2923,1]},
{"frame":26,"values":[0.9999,-0.0026,-0.0145,0,0.0038,0.9962,0.0875,0,0.0143,-0.0876,0.9961,0,0,13.6396,-1.2923,1]},
{"frame":27,"values":[0.9996,0.0091,-0.0251,0,-0.0069,0.9964,0.0847,0,0.0257,-0.0844,0.9961,0,0,13.6396,-1.2923,1]},
{"frame":28,"values":[0.9992,0.0208,-0.034,0,-0.018,0.9966,0.0804,0,0.0356,-0.0797,0.9962,0,0,13.6396,-1.2923,1]},
{"frame":29,"values":[0.9988,0.0297,-0.0397,0,-0.0268,0.9971,0.0713,0,0.0417,-0.0701,0.9967,0,0,13.6396,-1.2923,1]},
{"frame":30,"values":[0.9984,0.0336,-0.0446,0,-0.031,0.9979,0.0574,0,0.0464,-0.0559,0.9974,0,0,13.6396,-1.2923,1]},
{"frame":31,"values":[0.9983,0.032,-0.0494,0,-0.0297,0.9985,0.0463,0,0.0508,-0.0447,0.9977,0,0,13.6396,-1.2923,1]},
{"frame":32,"values":[0.9984,0.0267,-0.0498,0,-0.0245,0.9987,0.0441,0,0.051,-0.0428,0.9978,0,0,13.6396,-1.2923,1]},
{"frame":33,"values":[0.9987,0.0221,-0.0451,0,-0.02,0.9987,0.0473,0,0.0461,-0.0463,0.9979,0,0,13.6396,-1.2923,1]},
{"frame":34,"values":[0.9989,0.0199,-0.0419,0,-0.0178,0.9986,0.0497,0,0.0428,-0.0489,0.9979,0,0,13.6396,-1.2923,1]},
{"frame":35,"values":[0.9989,0.018,-0.0436,0,-0.0159,0.9986,0.0497,0,0.0444,-0.0489,0.9978,0,0,13.6396,-1.2923,1]},
{"frame":36,"values":[0.999,0.017,-0.042,0,-0.0149,0.9987,0.0489,0,0.0428,-0.0482,0.9979,0,0,13.6396,-1.2923,1]},
{"frame":37,"values":[0.9993,0.019,-0.0313,0,-0.0175,0.9987,0.0471,0,0.0322,-0.0465,0.9984,0,0,13.6396,-1.2923,1]},
{"frame":38,"values":[0.9996,0.0227,-0.0193,0,-0.0219,0.9989,0.0426,0,0.0203,-0.0422,0.9989,0,0,13.6396,-1.2923,1]},
{"frame":39,"values":[0.9996,0.0246,-0.016,0,-0.024,0.999,0.0369,0,0.0169,-0.0365,0.9992,0,0,13.6396,-1.2923,1]},
{"frame":40,"values":[0.9995,0.0243,-0.0191,0,-0.0237,0.9992,0.0316,0,0.0198,-0.0311,0.9993,0,0,13.6396,-1.2923,1]},
{"frame":41,"values":[0.9995,0.0239,-0.0197,0,-0.0234,0.9994,0.0272,0,0.0203,-0.0267,0.9994,0,0,13.6396,-1.2923,1]},
{"frame":42,"values":[0.9996,0.0243,-0.0163,0,-0.0239,0.9994,0.0238,0,0.0168,-0.0234,0.9996,0,0,13.6396,-1.2923,1]},
{"frame":43,"values":[0.9996,0.0255,-0.0135,0,-0.0252,0.9994,0.022,0,0.014,-0.0216,0.9997,0,0,13.6396,-1.2923,1]},
{"frame":44,"values":[0.9996,0.0268,-0.0134,0,-0.0265,0.9994,0.022,0,0.014,-0.0216,0.9997,0,0,13.6396,-1.2923,1]},
{"frame":45,"values":[0.9995,0.0277,-0.0137,0,-0.0274,0.9994,0.0229,0,0.0143,-0.0225,0.9996,0,0,13.6396,-1.2923,1]},
{"frame":46,"values":[0.9995,0.0281,-0.0126,0,-0.0278,0.9993,0.0236,0,0.0133,-0.0232,0.9996,0,0,13.6396,-1.2923,1]},
{"frame":47,"values":[0.9995,0.0283,-0.0111,0,-0.028,0.9993,0.0235,0,0.0117,-0.0232,0.9997,0,0,13.6396,-1.2923,1]},
{"frame":48,"values":[0.9996,0.0281,-0.0103,0,-0.0279,0.9994,0.0226,0,0.011,-0.0223,0.9997,0,0,13.6396,-1.2923,1]},
{"frame":49,"values":[0.9996,0.0278,-0.0101,0,-0.0276,0.9994,0.0213,0,0.0106,-0.021,0.9997,0,0,13.6396,-1.2923,1]},
{"frame":50,"values":[0.9996,0.0277,-0.0096,0,-0.0275,0.9994,0.0205,0,0.0101,-0.0203,0.9997,0,0,13.6396,-1.2923,1]},
{"frame":51,"values":[0.9996,0.0277,-0.0085,0,-0.0276,0.9994,0.0204,0,0.0091,-0.0202,0.9998,0,0,13.6396,-1.2923,1]},
{"frame":52,"values":[0.9996,0.0277,-0.0072,0,-0.0275,0.9994,0.0203,0,0.0077,-0.0201,0.9998,0,0,13.6396,-1.2923,1]},
{"frame":53,"values":[0.9996,0.0273,-0.0058,0,-0.0272,0.9994,0.0198,0,0.0063,-0.0197,0.9998,0,0,13.6396,-1.2923,1]}],"loopBehavior":1,"name":"anim","property":"_matrix"}},
{"name":"Neck","index":4,"matrix":[1,0.0078,0.0021,0,-0.0079,0.9952,0.098,0,-0.0014,-0.098,0.9952,0,0,13.8774,-4.3542,1],"rest":[1,0,0,0,0,1,0,0,0,0,1,0,0,13.8774,-4.3542,1],"parentBoneIndex":3,"length":4.4379
,"animation":{"dataType":3,"framePerSecond":24,"keys":[
{"frame":1,"values":[1,0.0078,0.0021,0,-0.0079,0.9952,0.098,0,-0.0014,-0.098,0.9952,0,0,13.8774,-4.3542,1]},
{"frame":2,"values":[1,0.0062,0.0018,0,-0.0063,0.9956,0.0937,0,-0.0012,-0.0937,0.9956,0,0,13.8774,-4.3542,1]},
{"frame":3,"values":[1,0.0063,0.0002,0,-0.0063,0.996,0.0892,0,0.0004,-0.0892,0.996,0,0,13.8774,-4.3542,1]},
{"frame":4,"values":[1,0.0093,-0.003,0,-0.009,0.9964,0.0848,0,0.0037,-0.0848,0.9964,0,0,13.8774,-4.3542,1]},
{"frame":5,"values":[0.9999,0.0148,-0.0076,0,-0.0141,0.9968,0.0788,0,0.0088,-0.0787,0.9969,0,0,13.8774,-4.3542,1]},
{"frame":6,"values":[0.9996,0.0225,-0.0145,0,-0.0215,0.9977,0.0645,0,0.0159,-0.0642,0.9978,0,0,13.8774,-4.3542,1]},
{"frame":7,"values":[0.9992,0.0317,-0.0242,0,-0.0309,0.9989,0.0348,0,0.0253,-0.0341,0.9991,0,0,13.8774,-4.3542,1]},
{"frame":8,"values":[0.9984,0.0414,-0.0376,0,-0.0418,0.9991,-0.0105,0,0.0371,0.012,0.9992,0,0,13.8774,-4.3542,1]},
{"frame":9,"values":[0.9973,0.0494,-0.0534,0,-0.0524,0.997,-0.0567,0,0.0505,0.0594,0.997,0,0,13.8774,-4.3542,1]},
{"frame":10,"values":[0.9962,0.0551,-0.067,0,-0.061,0.9941,-0.0901,0,0.0616,0.0938,0.9937,0,0,13.8774,-4.3542,1]},
{"frame":11,"values":[0.9955,0.0617,-0.0719,0,-0.0697,0.991,-0.1146,0,0.0642,0.1191,0.9908,0,0,13.8774,-4.3542,1]},
{"frame":12,"values":[0.9948,0.0757,-0.0676,0,-0.0848,0.986,-0.1437,0,0.0557,0.1487,0.9873,0,0,13.8774,-4.3542,1]},
{"frame":13,"values":[0.9931,0.0989,-0.0629,0,-0.1087,0.9778,-0.1791,0,0.0438,0.1847,0.9818,0,0,13.8774,-4.3542,1]},
{"frame":14,"values":[0.9909,0.1181,-0.0647,0,-0.1289,0.9711,-0.2008,0,0.0391,0.2073,0.9775,0,0,13.8774,-4.3542,1]},
{"frame":15,"values":[0.9915,0.1105,-0.0692,0,-0.1217,0.9747,-0.1872,0,0.0468,0.1941,0.9799,0,0,13.8774,-4.3542,1]},
{"frame":16,"values":[0.9954,0.0677,-0.0679,0,-0.0761,0.9885,-0.1308,0,0.0582,0.1353,0.9891,0,0,13.8774,-4.3542,1]},
{"frame":17,"values":[0.9985,0.0153,-0.0524,0,-0.0178,0.9987,-0.0479,0,0.0516,0.0488,0.9975,0,0,13.8774,-4.3542,1]},
{"frame":18,"values":[0.9995,-0.0199,-0.0226,0,0.021,0.9987,0.047,0,0.0216,-0.0474,0.9986,0,0,13.8774,-4.3542,1]},
{"frame":19,"values":[0.9994,-0.0337,0.0031,0,0.0329,0.9893,0.1421,0,-0.0078,-0.1419,0.9899,0,0,13.8774,-4.3542,1]},
{"frame":20,"values":[0.9994,-0.0338,0.0086,0,0.031,0.9741,0.2241,0,-0.016,-0.2237,0.9745,0,0,13.8774,-4.3542,1]},
{"frame":21,"values":[0.9994,-0.034,0.0004,0,0.0326,0.9592,0.2808,0,-0.0099,-0.2806,0.9598,0,0,13.8774,-4.3542,1]},
{"frame":22,"values":[0.9992,-0.04,-0.0061,0,0.0399,0.9501,0.3094,0,-0.0066,-0.3094,0.9509,0,0,13.8774,-4.3542,1]},
{"frame":23,"values":[0.999,-0.0447,-0.0048,0,0.0438,0.9449,0.3243,0,-0.0099,-0.3242,0.9459,0,0,13.8774,-4.3542,1]},
{"frame":24,"values":[0.999,-0.0437,-0.0006,0,0.0414,0.9422,0.3326,0,-0.0139,-0.3323,0.9431,0,0,13.8774,-4.3542,1]},
{"frame":25,"values":[0.999,-0.0451,0.0036,0,0.0413,0.9414,0.3347,0,-0.0185,-0.3342,0.9423,0,0,13.8774,-4.3542,1]},
{"frame":26,"values":[0.9984,-0.0553,0.01,0,0.0489,0.9422,0.3314,0,-0.0277,-0.3304,0.9434,0,0,13.8774,-4.3542,1]},
{"frame":27,"values":[0.9976,-0.0676,0.0177,0,0.0581,0.9433,0.3268,0,-0.0388,-0.325,0.9449,0,0,13.8774,-4.3542,1]},
{"frame":28,"values":[0.997,-0.0744,0.0235,0,0.0627,0.9433,0.326,0,-0.0464,-0.3235,0.9451,0,0,13.8774,-4.3542,1]},
{"frame":29,"values":[0.9968,-0.075,0.027,0,0.0618,0.9404,0.3343,0,-0.0504,-0.3316,0.9421,0,0,13.8774,-4.3542,1]},
{"frame":30,"values":[0.9974,-0.0645,0.032,0,0.0494,0.9363,0.3478,0,-0.0524,-0.3453,0.937,0,0,13.8774,-4.3542,1]},
{"frame":31,"values":[0.9984,-0.0379,0.0425,0,0.0211,0.9391,0.3429,0,-0.0529,-0.3415,0.9384,0,0,13.8774,-4.3542,1]},
{"frame":32,"values":[0.9985,-0.0058,0.0551,0,-0.0108,0.9553,0.2955,0,-0.0543,-0.2956,0.9538,0,0,13.8774,-4.3542,1]},
{"frame":33,"values":[0.9979,0.0094,0.0647,0,-0.0234,0.9753,0.2194,0,-0.061,-0.2205,0.9735,0,0,13.8774,-4.3542,1]},
{"frame":34,"values":[0.9973,0.0004,0.0734,0,-0.0116,0.9882,0.1525,0,-0.0725,-0.1529,0.9856,0,0,13.8774,-4.3542,1]},
{"frame":35,"values":[0.9967,-0.017,0.0789,0,0.0077,0.9932,0.1166,0,-0.0804,-0.1156,0.99,0,0,13.8774,-4.3542,1]},
{"frame":36,"values":[0.9968,-0.0298,0.0748,0,0.0219,0.9944,0.1032,0,-0.0775,-0.1012,0.9918,0,0,13.8774,-4.3542,1]},
{"frame":37,"values":[0.9973,-0.0353,0.0639,0,0.0293,0.9953,0.0922,0,-0.0669,-0.0901,0.9937,0,0,13.8774,-4.3542,1]},
{"frame":38,"values":[0.998,-0.0335,0.054,0,0.0291,0.9963,0.081,0,-0.0565,-0.0793,0.9952,0,0,13.8774,-4.3542,1]},
{"frame":39,"values":[0.9985,-0.025,0.0493,0,0.0211,0.9967,0.0788,0,-0.0511,-0.0777,0.9957,0,0,13.8774,-4.3542,1]},
{"frame":40,"values":[0.9988,-0.0118,0.0483,0,0.0074,0.996,0.0895,0,-0.0492,-0.089,0.9948,0,0,13.8774,-4.3542,1]},
{"frame":41,"values":[0.9989,0.0006,0.047,0,-0.0055,0.9946,0.1035,0,-0.0467,-0.1036,0.9935,0,0,13.8774,-4.3542,1]},
{"frame":42,"values":[0.9991,0.0066,0.043,0,-0.0113,0.9938,0.1109,0,-0.042,-0.1113,0.9929,0,0,13.8774,-4.3542,1]},
{"frame":43,"values":[0.9993,0.0055,0.0367,0,-0.0096,0.9938,0.1106,0,-0.0359,-0.1109,0.9932,0,0,13.8774,-4.3542,1]},
{"frame":44,"values":[0.9996,0.0016,0.0299,0,-0.0047,0.9943,0.1068,0,-0.0296,-0.1069,0.9938,0,0,13.8774,-4.3542,1]},
{"frame":45,"values":[0.9997,-0.0004,0.0236,0,-0.002,0.9946,0.1039,0,-0.0235,-0.104,0.9943,0,0,13.8774,-4.3542,1]},
{"frame":46,"values":[0.9998,0.0009,0.018,0,-0.0027,0.9947,0.1032,0,-0.0178,-0.1032,0.9945,0,0,13.8774,-4.3542,1]},
{"frame":47,"values":[0.9999,0.0037,0.0134,0,-0.0051,0.9946,0.1038,0,-0.0129,-0.1038,0.9945,0,0,13.8774,-4.3542,1]},
{"frame":48,"values":[0.9999,0.0066,0.01,0,-0.0076,0.9945,0.1049,0,-0.0092,-0.1049,0.9944,0,0,13.8774,-4.3542,1]},
{"frame":49,"values":[0.9999,0.0084,0.0075,0,-0.0091,0.9944,0.1049,0,-0.0065,-0.105,0.9944,0,0,13.8774,-4.3542,1]},
{"frame":50,"values":[0.9999,0.0086,0.0055,0,-0.0091,0.9946,0.1029,0,-0.0046,-0.1029,0.9947,0,0,13.8774,-4.3542,1]},
{"frame":51,"values":[1,0.0082,0.004,0,-0.0086,0.995,0.0999,0,-0.0031,-0.1,0.995,0,0,13.8774,-4.3542,1]},
{"frame":52,"values":[1,0.0079,0.0029,0,-0.0082,0.9951,0.0981,0,-0.0021,-0.0982,0.9952,0,0,13.8774,-4.3542,1]},
{"frame":53,"values":[1,0.0078,0.0021,0,-0.0079,0.9952,0.098,0,-0.0014,-0.098,0.9952,0,0,13.8774,-4.3542,1]}],"loopBehavior":1,"name":"anim","property":"_matrix"}},
{"name":"Neck1","index":5,"matrix":[1,0,0,0,0,1,0,0,0,0,1,0,0,4.34,0.9269,1],"rest":[1,0,0,0,0,1,0,0,0,0,1,0,0,4.34,0.9269,1],"parentBoneIndex":4,"length":6.2291
,"animation":{"dataType":3,"framePerSecond":24,"keys":[
{"frame":1,"values":[1,0,0,0,0,1,0,0,0,0,1,0,0,4.34,0.9269,1]},
{"frame":53,"values":[1,0,0,0,0,1,0,0,0,0,1,0,0,4.34,0.9269,1]}],"loopBehavior":1,"name":"anim","property":"_matrix"}},
{"name":"Head","index":6,"matrix":[0.9997,-0.0046,-0.0236,0,0.0014,0.9913,-0.1317,0,0.024,0.1316,0.991,0,0,4.0266,0.8585,1],"rest":[1,0,0,0,0,1,0,0,0,0,1,0,0,4.0266,0.8585,1],"parentBoneIndex":5,"length":14.8424
,"animation":{"dataType":3,"framePerSecond":24,"keys":[
{"frame":1,"values":[0.9997,-0.0046,-0.0236,0,0.0014,0.9913,-0.1317,0,0.024,0.1316,0.991,0,0,4.0266,0.8585,1]},
{"frame":2,"values":[0.9996,-0.0121,-0.026,0,0.0082,0.9896,-0.1434,0,0.0275,0.1431,0.9893,0,0,4.0266,0.8585,1]},
{"frame":3,"values":[0.9992,-0.0213,-0.035,0,0.0156,0.9876,-0.1562,0,0.0379,0.1555,0.9871,0,0,4.0266,0.8585,1]},
{"frame":4,"values":[0.9981,-0.0324,-0.0528,0,0.0229,0.985,-0.1712,0,0.0575,0.1697,0.9838,0,0,4.0266,0.8585,1]},
{"frame":5,"values":[0.9959,-0.0442,-0.0787,0,0.0285,0.9814,-0.19,0,0.0857,0.187,0.9786,0,0,4.0266,0.8585,1]},
{"frame":6,"values":[0.992,-0.0541,-0.1141,0,0.0287,0.9765,-0.2136,0,0.1229,0.2086,0.9702,0,0,4.0266,0.8585,1]},
{"frame":7,"values":[0.9855,-0.0612,-0.158,0,0.0212,0.9698,-0.243,0,0.1681,0.2361,0.9571,0,0,4.0266,0.8585,1]},
{"frame":8,"values":[0.9753,-0.0715,-0.2092,0,0.0087,0.958,-0.2867,0,0.2209,0.2778,0.9349,0,0,4.0266,0.8585,1]},
{"frame":9,"values":[0.9604,-0.0972,-0.2611,0,-0.0022,0.9345,-0.3559,0,0.2786,0.3424,0.8973,0,0,4.0266,0.8585,1]},
{"frame":10,"values":[0.9444,-0.1401,-0.2975,0,-0.0118,0.8897,-0.4564,0,0.3287,0.4345,0.8386,0,0,4.0266,0.8585,1]},
{"frame":11,"values":[0.9364,-0.1762,-0.3035,0,-0.0288,0.8233,-0.5668,0,0.3497,0.5395,0.7659,0,0,4.0266,0.8585,1]},
{"frame":12,"values":[0.9423,-0.1779,-0.2835,0,-0.0565,0.7503,-0.6587,0,0.3299,0.6367,0.697,0,0,4.0266,0.8585,1]},
{"frame":13,"values":[0.9521,-0.1558,-0.2632,0,-0.0842,0.6937,-0.7153,0,0.294,0.7032,0.6473,0,0,4.0266,0.8585,1]},
{"frame":14,"values":[0.9541,-0.1465,-0.261,0,-0.0939,0.6816,-0.7257,0,0.2842,0.7169,0.6366,0,0,4.0266,0.8585,1]},
{"frame":15,"values":[0.946,-0.1711,-0.2753,0,-0.0722,0.7167,-0.6937,0,0.316,0.6761,0.6656,0,0,4.0266,0.8585,1]},
{"frame":16,"values":[0.9371,-0.2125,-0.277,0,-0.0085,0.7792,-0.6267,0,0.3491,0.5896,0.7284,0,0,4.0266,0.8585,1]},
{"frame":17,"values":[0.9462,-0.2312,-0.2266,0,0.0778,0.8418,-0.5342,0,0.3142,0.4878,0.8144,0,0,4.0266,0.8585,1]},
{"frame":18,"values":[0.9739,-0.1934,-0.1185,0,0.1285,0.9008,-0.4147,0,0.187,0.3887,0.9022,0,0,4.0266,0.8585,1]},
{"frame":19,"values":[0.9953,-0.097,-0.0016,0,0.0924,0.9529,-0.289,0,0.0296,0.2874,0.9573,0,0,4.0266,0.8585,1]},
{"frame":20,"values":[0.9959,0.0381,0.0816,0,-0.0218,0.9813,-0.1912,0,-0.0873,0.1887,0.9782,0,0,4.0266,0.8585,1]},
{"frame":21,"values":[0.9792,0.1571,0.1287,0,-0.1376,0.9793,-0.1486,0,-0.1493,0.1278,0.9805,0,0,4.0266,0.8585,1]},
{"frame":22,"values":[0.9659,0.2212,0.1343,0,-0.1936,0.962,-0.1924,0,-0.1718,0.1598,0.9721,0,0,4.0266,0.8585,1]},
{"frame":23,"values":[0.9659,0.2356,0.1077,0,-0.1938,0.933,-0.3032,0,-0.1719,0.2719,0.9468,0,0,4.0266,0.8585,1]},
{"frame":24,"values":[0.972,0.2218,0.0777,0,-0.1688,0.8889,-0.4258,0,-0.1635,0.4007,0.9015,0,0,4.0266,0.8585,1]},
{"frame":25,"values":[0.9752,0.2094,0.0717,0,-0.144,0.8466,-0.5124,0,-0.168,0.4894,0.8557,0,0,4.0266,0.8585,1]},
{"frame":26,"values":[0.9744,0.2042,0.0939,0,-0.1199,0.8257,-0.5512,0,-0.1901,0.5258,0.8291,0,0,4.0266,0.8585,1]},
{"frame":27,"values":[0.9738,0.1908,0.1235,0,-0.0921,0.8282,-0.5528,0,-0.2077,0.5269,0.8241,0,0,4.0266,0.8585,1]},
{"frame":28,"values":[0.977,0.1597,0.1416,0,-0.0636,0.8512,-0.521,0,-0.2037,0.5,0.8417,0,0,4.0266,0.8585,1]},
{"frame":29,"values":[0.9814,0.1206,0.1494,0,-0.0387,0.8862,-0.4616,0,-0.1881,0.4472,0.8744,0,0,4.0266,0.8585,1]},
{"frame":30,"values":[0.9826,0.0969,0.1583,0,-0.0308,0.9262,-0.3758,0,-0.183,0.3644,0.9131,0,0,4.0266,0.8585,1]},
{"frame":31,"values":[0.9769,0.1182,0.178,0,-0.0633,0.9558,-0.2872,0,-0.2041,0.2693,0.9412,0,0,4.0266,0.8585,1]},
{"frame":32,"values":[0.9551,0.2002,0.2186,0,-0.1433,0.9574,-0.2506,0,-0.2594,0.208,0.9431,0,0,4.0266,0.8585,1]},
{"frame":33,"values":[0.9153,0.2999,0.269,0,-0.2197,0.9312,-0.2907,0,-0.3377,0.207,0.9182,0,0,4.0266,0.8585,1]},
{"frame":34,"values":[0.881,0.3561,0.3113,0,-0.2385,0.9028,-0.3578,0,-0.4085,0.241,0.8804,0,0,4.0266,0.8585,1]},
{"frame":35,"values":[0.8721,0.3518,0.3402,0,-0.2152,0.9,-0.379,0,-0.4395,0.2573,0.8606,0,0,4.0266,0.8585,1]},
{"frame":36,"values":[0.8844,0.3157,0.3438,0,-0.19,0.9163,-0.3526,0,-0.4263,0.2465,0.8703,0,0,4.0266,0.8585,1]},
{"frame":37,"values":[0.9016,0.2883,0.3224,0,-0.1795,0.9276,-0.3275,0,-0.3935,0.2374,0.8881,0,0,4.0266,0.8585,1]},
{"frame":38,"values":[0.9178,0.2703,0.2909,0,-0.1733,0.9318,-0.3191,0,-0.3573,0.2424,0.902,0,0,4.0266,0.8585,1]},
{"frame":39,"values":[0.9337,0.2424,0.2636,0,-0.1578,0.9392,-0.3049,0,-0.3215,0.2431,0.9152,0,0,4.0266,0.8585,1]},
{"frame":40,"values":[0.9485,0.2042,0.242,0,-0.1357,0.9526,-0.2722,0,-0.2862,0.2253,0.9313,0,0,4.0266,0.8585,1]},
{"frame":41,"values":[0.9597,0.1735,0.221,0,-0.1207,0.9649,-0.2332,0,-0.2537,0.1971,0.947,0,0,4.0266,0.8585,1]},
{"frame":42,"values":[0.9678,0.1557,0.1979,0,-0.1156,0.973,-0.1998,0,-0.2237,0.1705,0.9596,0,0,4.0266,0.8585,1]},
{"frame":43,"values":[0.9754,0.1386,0.1713,0,-0.1085,0.9787,-0.1742,0,-0.1918,0.1513,0.9697,0,0,4.0266,0.8585,1]},
{"frame":44,"values":[0.9835,0.1144,0.1401,0,-0.0919,0.9832,-0.1577,0,-0.1558,0.1422,0.9775,0,0,4.0266,0.8585,1]},
{"frame":45,"values":[0.9906,0.0869,0.1057,0,-0.0705,0.9861,-0.1503,0,-0.1173,0.1414,0.983,0,0,4.0266,0.8585,1]},
{"frame":46,"values":[0.9956,0.061,0.0715,0,-0.0499,0.9877,-0.1481,0,-0.0797,0.1439,0.9864,0,0,4.0266,0.8585,1]},
{"frame":47,"values":[0.9984,0.0388,0.041,0,-0.0325,0.9891,-0.144,0,-0.0462,0.1424,0.9887,0,0,4.0266,0.8585,1]},
{"frame":48,"values":[0.9996,0.0218,0.0168,0,-0.0193,0.9907,-0.1348,0,-0.0196,0.1345,0.9907,0,0,4.0266,0.8585,1]},
{"frame":49,"values":[1,0.0096,-0.001,0,-0.0097,0.992,-0.1255,0,-0.0002,0.1255,0.9921,0,0,4.0266,0.8585,1]},
{"frame":50,"values":[0.9999,0.001,-0.0125,0,-0.0025,0.9925,-0.1222,0,0.0123,0.1223,0.9924,0,0,4.0266,0.8585,1]},
{"frame":51,"values":[0.9998,-0.0048,-0.0195,0,0.0023,0.9921,-0.1253,0,0.0199,0.1252,0.9919,0,0,4.0266,0.8585,1]},
{"frame":52,"values":[0.9997,-0.0065,-0.0229,0,0.0034,0.9915,-0.1299,0,0.0235,0.1298,0.9913,0,0,4.0266,0.8585,1]},
{"frame":53,"values":[0.9997,-0.0046,-0.0236,0,0.0014,0.9913,-0.1317,0,0.024,0.1316,0.991,0,0,4.0266,0.8585,1]}],"loopBehavior":1,"name":"anim","property":"_matrix"}},
