{"producer":{"name":"Blender","version":"2.90.0","exporter_version":"2.80.1","file":"option_fight_punchleft.babylon"},
"autoClear":true,"clearColor":[0.0509,0.0509,0.0509],"gravity":[0,-9.81,0],
"materials":[{"name":"Material","id":"Material","customType":"BABYLON.PBRMaterial","backFaceCulling":true,"checkReadyOnlyOnce":false,"maxSimultaneousLights":4,"environmentIntensity":1,"albedo":[0.8,0.8,0.8],"reflectivity":[0.5,0.5,0.5],"roughness":0.4,"alpha":1,"transparencyMode":0,"alphaCutOff":0.4,"metallic":0}],
"multiMaterials":[],
"skeletons":[{"name":"Armature","id":0,"dimensionsAtRest":[188.1767,188.0947,21.7491],"bones":[
{"name":"Hips","index":0,"matrix":[0.9415,-0.0291,-0.3356,0,0.0003,0.9963,-0.0855,0,-0.3369,-0.0804,-0.9381,0,0.0389,88.7176,0.761,1],"rest":[1,0,0,0,0,1,0,0,0,0,-1,0,0,96.3764,0,1],"parentBoneIndex":-1,"length":9.9032
,"animation":{"dataType":3,"framePerSecond":24,"keys":[
{"frame":1,"values":[0.9415,-0.0291,-0.3356,0,0.0003,0.9963,-0.0855,0,-0.3369,-0.0804,-0.9381,0,0.0389,88.7176,0.761,1]},
{"frame":2,"values":[0.9522,-0.0321,-0.3037,0,0.0025,0.9953,-0.0973,0,-0.3054,-0.0919,-0.9478,0,0.2397,88.7155,0.4534,1]},
{"frame":3,"values":[0.9624,-0.0351,-0.2695,0,0.0058,0.9941,-0.1087,0,-0.2717,-0.103,-0.9568,0,0.3422,88.6943,0.1744,1]},
{"frame":4,"values":[0.9705,-0.0384,-0.2378,0,0.0101,0.9928,-0.1191,0,-0.2407,-0.1132,-0.964,0,0.3719,88.5985,-0.0473,1]},
{"frame":5,"values":[0.9766,-0.0403,-0.2113,0,0.0137,0.9919,-0.126,0,-0.2146,-0.1201,-0.9693,0,0.3025,88.2922,-0.0676,1]},
{"frame":6,"values":[0.9814,-0.0392,-0.1879,0,0.0143,0.9911,-0.1322,0,-0.1914,-0.1271,-0.9732,0,0.2851,87.7538,0.0785,1]},
{"frame":7,"values":[0.9813,-0.0432,-0.1873,0,0.0163,0.9896,-0.1431,0,-0.1916,-0.1373,-0.9718,0,0.2612,87.0432,0.24,1]},
{"frame":8,"values":[0.961,-0.0552,-0.2711,0,0.0136,0.9881,-0.153,0,-0.2763,-0.1433,-0.9503,0,0.4065,86.3838,0.1001,1]},
{"frame":9,"values":[0.8801,-0.0639,-0.4705,0,-0.0071,0.989,-0.1475,0,-0.4748,-0.1332,-0.87,0,0.9523,86.0613,-0.7657,1]},
{"frame":10,"values":[0.6798,-0.0577,-0.7311,0,-0.0426,0.9921,-0.1179,0,-0.7321,-0.1113,-0.672,0,1.7462,86.1635,-2.4837,1]},
{"frame":11,"values":[0.4052,-0.046,-0.9131,0,-0.0645,0.9948,-0.0788,0,-0.912,-0.0908,-0.4001,0,2.3899,86.3582,-4.4665,1]},
{"frame":12,"values":[0.201,-0.0486,-0.9784,0,-0.0568,0.9965,-0.0611,0,-0.9779,-0.0679,-0.1975,0,3.0059,86.0864,-5.8783,1]},
{"frame":13,"values":[0.1194,-0.065,-0.9907,0,-0.039,0.9968,-0.0701,0,-0.9921,-0.0471,-0.1165,0,3.9674,85.6282,-6.2748,1]},
{"frame":14,"values":[0.1238,-0.0876,-0.9884,0,-0.0341,0.9951,-0.0924,0,-0.9917,-0.0452,-0.1202,0,5.3589,85.3798,-5.9544,1]},
{"frame":15,"values":[0.1533,-0.0974,-0.9834,0,-0.0453,0.9934,-0.1055,0,-0.9871,-0.0607,-0.1479,0,6.5943,85.4729,-5.48,1]},
{"frame":16,"values":[0.1794,-0.0901,-0.9796,0,-0.0638,0.9926,-0.103,0,-0.9817,-0.081,-0.1723,0,7.3002,85.6967,-5.2206,1]},
{"frame":17,"values":[0.197,-0.0728,-0.9777,0,-0.0814,0.9926,-0.0904,0,-0.977,-0.0974,-0.1896,0,7.494,86.0277,-5.0408,1]},
{"frame":18,"values":[0.2271,-0.0538,-0.9724,0,-0.0918,0.9928,-0.0764,0,-0.9695,-0.1066,-0.2206,0,7.246,86.5897,-4.6095,1]},
{"frame":19,"values":[0.2934,-0.038,-0.9552,0,-0.0918,0.9935,-0.0677,0,-0.9516,-0.1075,-0.288,0,6.5157,87.3929,-3.7051,1]},
{"frame":20,"values":[0.3965,-0.026,-0.9176,0,-0.0848,0.9943,-0.0648,0,-0.9141,-0.1035,-0.3921,0,5.3563,88.2954,-2.4432,1]},
{"frame":21,"values":[0.5088,-0.0139,-0.8608,0,-0.0791,0.9949,-0.0628,0,-0.8572,-0.1,-0.5051,0,3.9406,89.2249,-1.1291,1]},
{"frame":22,"values":[0.6088,-0.0034,-0.7933,0,-0.0746,0.9953,-0.0615,0,-0.7898,-0.0966,-0.6057,0,2.4616,90.1067,-0.0332,1]},
{"frame":23,"values":[0.6889,-0.0019,-0.7249,0,-0.064,0.9959,-0.0634,0,-0.7221,-0.09,-0.6859,0,1.1712,90.6488,0.6861,1]},
{"frame":24,"values":[0.7493,-0.01,-0.6621,0,-0.045,0.9968,-0.0659,0,-0.6607,-0.0792,-0.7465,0,0.2477,90.6904,1.0763,1]},
{"frame":25,"values":[0.7987,-0.0187,-0.6015,0,-0.0254,0.9976,-0.0647,0,-0.6012,-0.0669,-0.7963,0,-0.3027,90.306,1.2987,1]},
{"frame":26,"values":[0.8462,-0.0211,-0.5324,0,-0.0124,0.9982,-0.0593,0,-0.5327,-0.0568,-0.8444,0,-0.7126,89.8257,1.4881,1]},
{"frame":27,"values":[0.8905,-0.0212,-0.4545,0,-0.004,0.9985,-0.0543,0,-0.4549,-0.0502,-0.8891,0,-1.1278,89.4252,1.6063,1]},
{"frame":28,"values":[0.9195,-0.0231,-0.3923,0,0.0018,0.9985,-0.0546,0,-0.393,-0.0495,-0.9182,0,-1.3235,89.158,1.5589,1]},
{"frame":29,"values":[0.9292,-0.025,-0.3688,0,0.0023,0.9981,-0.0618,0,-0.3696,-0.0566,-0.9275,0,-0.9239,88.9301,1.3457,1]},
{"frame":30,"values":[0.9325,-0.0265,-0.3602,0,-0.0002,0.9973,-0.0736,0,-0.3612,-0.0687,-0.93,0,-0.3009,88.7643,1.0666,1]},
{"frame":31,"values":[0.9415,-0.0291,-0.3356,0,0.0003,0.9963,-0.0855,0,-0.3369,-0.0804,-0.9381,0,0.0389,88.7176,0.761,1]}],"loopBehavior":1,"name":"anim","property":"_matrix"}},
{"name":"Spine","index":1,"matrix":[0.9976,0.0691,0.0083,0,-0.0684,0.9955,-0.0659,0,-0.0128,0.0651,0.9978,0,0,9.2263,1.5771,1],"rest":[1,0,0,0,0,1,0,0,0,0,1,0,0,9.2263,1.5771,1],"parentBoneIndex":0,"length":16.2548
,"animation":{"dataType":3,"framePerSecond":24,"keys":[
{"frame":1,"values":[0.9976,0.0691,0.0083,0,-0.0684,0.9955,-0.0659,0,-0.0128,0.0651,0.9978,0,0,9.2263,1.5771,1]},
{"frame":2,"values":[0.9977,0.0667,0.009,0,-0.0659,0.9956,-0.0665,0,-0.0134,0.0658,0.9977,0,0,9.2263,1.5771,1]},
{"frame":3,"values":[0.9979,0.0648,0.0093,0,-0.0641,0.9956,-0.068,0,-0.0137,0.0673,0.9976,0,0,9.2263,1.5771,1]},
{"frame":4,"values":[0.9979,0.064,0.009,0,-0.0632,0.9955,-0.0708,0,-0.0135,0.0701,0.9974,0,0,9.2263,1.5771,1]},
{"frame":5,"values":[0.9979,0.0646,0.0073,0,-0.0639,0.9951,-0.0755,0,-0.0122,0.0749,0.9971,0,0,9.2263,1.5771,1]},
{"frame":6,"values":[0.9979,0.0646,0.0052,0,-0.064,0.9951,-0.0757,0,-0.0101,0.0752,0.9971,0,0,9.2263,1.5771,1]},
{"frame":7,"values":[0.998,0.0637,-0.0011,0,-0.0637,0.9954,-0.0718,0,-0.0035,0.0717,0.9974,0,0,9.2263,1.5771,1]},
{"frame":8,"values":[0.9978,0.0641,-0.0153,0,-0.065,0.9958,-0.065,0,0.0111,0.0659,0.9978,0,0,9.2263,1.5771,1]},
{"frame":9,"values":[0.9973,0.0645,-0.0344,0,-0.0664,0.9963,-0.0555,0,0.0307,0.0576,0.9979,0,0,9.2263,1.5771,1]},
{"frame":10,"values":[0.997,0.0582,-0.0505,0,-0.0604,0.9972,-0.043,0,0.0478,0.046,0.9978,0,0,9.2263,1.5771,1]},
{"frame":11,"values":[0.9975,0.0402,-0.0573,0,-0.0421,0.9986,-0.0321,0,0.0559,0.0344,0.9978,0,0,9.2263,1.5771,1]},
{"frame":12,"values":[0.9985,0.0165,-0.0518,0,-0.0181,0.9994,-0.0287,0,0.0513,0.0296,0.9982,0,0,9.2263,1.5771,1]},
{"frame":13,"values":[0.9994,-0.0093,-0.0348,0,0.0082,0.9995,-0.0321,0,0.0351,0.0318,0.9989,0,0,9.2263,1.5771,1]},
{"frame":14,"values":[0.9995,-0.0304,-0.0087,0,0.03,0.9989,-0.0363,0,0.0098,0.036,0.9993,0,0,9.2263,1.5771,1]},
{"frame":15,"values":[0.999,-0.0422,0.0177,0,0.0428,0.9984,-0.0373,0,-0.0161,0.0381,0.9991,0,0,9.2263,1.5771,1]},
{"frame":16,"values":[0.9988,-0.0373,0.033,0,0.0385,0.9986,-0.0364,0,-0.0316,0.0376,0.9988,0,0,9.2263,1.5771,1]},
{"frame":17,"values":[0.9992,-0.0225,0.0336,0,0.0237,0.999,-0.0367,0,-0.0327,0.0375,0.9988,0,0,9.2263,1.5771,1]},
{"frame":18,"values":[0.9997,-0.0069,0.0251,0,0.0078,0.9992,-0.0398,0,-0.0248,0.04,0.9989,0,0,9.2263,1.5771,1]},
{"frame":19,"values":[0.9998,0.006,0.0179,0,-0.0052,0.999,-0.0446,0,-0.0182,0.0445,0.9988,0,0,9.2263,1.5771,1]},
{"frame":20,"values":[0.9997,0.0179,0.0151,0,-0.0171,0.9986,-0.0503,0,-0.016,0.05,0.9986,0,0,9.2263,1.5771,1]},
{"frame":21,"values":[0.9995,0.0282,0.0131,0,-0.0274,0.9981,-0.0559,0,-0.0147,0.0555,0.9983,0,0,9.2263,1.5771,1]},
{"frame":22,"values":[0.9993,0.0354,0.0091,0,-0.0348,0.9975,-0.061,0,-0.0112,0.0607,0.9981,0,0,9.2263,1.5771,1]},
{"frame":23,"values":[0.9991,0.0426,0.0037,0,-0.0423,0.997,-0.0651,0,-0.0064,0.0649,0.9979,0,0,9.2263,1.5771,1]},
{"frame":24,"values":[0.9987,0.0519,-0.0008,0,-0.0519,0.9964,-0.0674,0,-0.0027,0.0673,0.9977,0,0,9.2263,1.5771,1]},
{"frame":25,"values":[0.9981,0.062,-0.0024,0,-0.062,0.9958,-0.0675,0,-0.0018,0.0675,0.9977,0,0,9.2263,1.5771,1]},
{"frame":26,"values":[0.9976,0.0693,0,0,-0.0691,0.9954,-0.0664,0,-0.0046,0.0663,0.9978,0,0,9.2263,1.5771,1]},
{"frame":27,"values":[0.9973,0.074,0.0042,0,-0.0735,0.9951,-0.0657,0,-0.0091,0.0653,0.9978,0,0,9.2263,1.5771,1]},
{"frame":28,"values":[0.9971,0.0762,0.0071,0,-0.0756,0.995,-0.0658,0,-0.0121,0.0651,0.9978,0,0,9.2263,1.5771,1]},
{"frame":29,"values":[0.9971,0.0753,0.0077,0,-0.0746,0.995,-0.0656,0,-0.0126,0.0649,0.9978,0,0,9.2263,1.5771,1]},
{"frame":30,"values":[0.9974,0.0721,0.0078,0,-0.0714,0.9953,-0.0655,0,-0.0125,0.0648,0.9978,0,0,9.2263,1.5771,1]},
{"frame":31,"values":[0.9976,0.0691,0.0083,0,-0.0684,0.9955,-0.0659,0,-0.0128,0.0651,0.9978,0,0,9.2263,1.5771,1]}],"loopBehavior":1,"name":"anim","property":"_matrix"}},
{"name":"Spine1","index":2,"matrix":[0.9984,0.0517,0.0221,0,-0.0509,0.998,-0.0385,0,-0.024,0.0373,0.999,0,0,16.254,-0.1656,1],"rest":[1,0,0,0,0,1,0,0,0,0,1,0,0,16.254,-0.1656,1],"parentBoneIndex":1,"length":13.7007
,"animation":{"dataType":3,"framePerSecond":24,"keys":[
{"frame":1,"values":[0.9984,0.0517,0.0221,0,-0.0509,0.998,-0.0385,0,-0.024,0.0373,0.999,0,0,16.254,-0.1656,1]},
{"frame":2,"values":[0.9985,0.0498,0.0232,0,-0.0488,0.998,-0.0404,0,-0.0252,0.0392,0.9989,0,0,16.254,-0.1656,1]},
{"frame":3,"values":[0.9986,0.0475,0.0239,0,-0.0464,0.998,-0.0433,0,-0.0259,0.0421,0.9988,0,0,16.254,-0.1656,1]},
{"frame":4,"values":[0.9987,0.0449,0.0231,0,-0.0438,0.9979,-0.0481,0,-0.0252,0.047,0.9986,0,0,16.254,-0.1656,1]},
{"frame":5,"values":[0.999,0.0406,0.0211,0,-0.0395,0.9979,-0.0521,0,-0.0232,0.0512,0.9984,0,0,16.254,-0.1656,1]},
{"frame":6,"values":[0.9992,0.0351,0.0168,0,-0.0342,0.9982,-0.0489,0,-0.0185,0.0483,0.9987,0,0,16.254,-0.1656,1]},
{"frame":7,"values":[0.9995,0.0314,0.0031,0,-0.0313,0.9987,-0.0411,0,-0.0044,0.041,0.9992,0,0,16.254,-0.1656,1]},
{"frame":8,"values":[0.9992,0.0323,-0.0245,0,-0.0331,0.9989,-0.0334,0,0.0234,0.0342,0.9991,0,0,16.254,-0.1656,1]},
{"frame":9,"values":[0.9977,0.0367,-0.0577,0,-0.0384,0.9989,-0.0274,0,0.0566,0.0296,0.998,0,0,16.254,-0.1656,1]},
{"frame":10,"values":[0.9957,0.0412,-0.0825,0,-0.0431,0.9988,-0.0215,0,0.0815,0.025,0.9964,0,0,16.254,-0.1656,1]},
{"frame":11,"values":[0.9952,0.0389,-0.0893,0,-0.0405,0.9991,-0.0157,0,0.0886,0.0192,0.9959,0,0,16.254,-0.1656,1]},
{"frame":12,"values":[0.9971,0.0251,-0.0721,0,-0.0261,0.9996,-0.0133,0,0.0718,0.0151,0.9973,0,0,16.254,-0.1656,1]},
{"frame":13,"values":[0.9994,0.008,-0.034,0,-0.0085,0.9999,-0.0141,0,0.0339,0.0144,0.9993,0,0,16.254,-0.1656,1]},
{"frame":14,"values":[0.9999,0.0029,0.0156,0,-0.0027,0.9999,-0.0129,0,-0.0157,0.0128,0.9998,0,0,16.254,-0.1656,1]},
{"frame":15,"values":[0.9982,0.0113,0.0589,0,-0.0109,0.9999,-0.0079,0,-0.059,0.0073,0.9982,0,0,16.254,-0.1656,1]},
{"frame":16,"values":[0.9965,0.0226,0.081,0,-0.0223,0.9997,-0.0041,0,-0.0811,0.0023,0.9967,0,0,16.254,-0.1656,1]},
{"frame":17,"values":[0.9963,0.0281,0.0815,0,-0.0278,0.9996,-0.0045,0,-0.0816,0.0022,0.9967,0,0,16.254,-0.1656,1]},
{"frame":18,"values":[0.9972,0.0318,0.0676,0,-0.0313,0.9995,-0.0077,0,-0.0678,0.0056,0.9977,0,0,16.254,-0.1656,1]},
{"frame":19,"values":[0.9978,0.0396,0.0523,0,-0.039,0.9992,-0.0122,0,-0.0527,0.0102,0.9986,0,0,16.254,-0.1656,1]},
{"frame":20,"values":[0.9979,0.0484,0.0426,0,-0.0477,0.9987,-0.0185,0,-0.0434,0.0164,0.9989,0,0,16.254,-0.1656,1]},
{"frame":21,"values":[0.998,0.0529,0.0357,0,-0.0519,0.9983,-0.0262,0,-0.037,0.0243,0.999,0,0,16.254,-0.1656,1]},
{"frame":22,"values":[0.9982,0.0545,0.0267,0,-0.0535,0.998,-0.0342,0,-0.0285,0.0327,0.9991,0,0,16.254,-0.1656,1]},
{"frame":23,"values":[0.9982,0.0573,0.016,0,-0.0566,0.9976,-0.0408,0,-0.0183,0.0398,0.999,0,0,16.254,-0.1656,1]},
{"frame":24,"values":[0.9981,0.0606,0.0082,0,-0.0602,0.9972,-0.0442,0,-0.0108,0.0436,0.999,0,0,16.254,-0.1656,1]},
{"frame":25,"values":[0.9981,0.0611,0.0063,0,-0.0608,0.9972,-0.0439,0,-0.009,0.0434,0.999,0,0,16.254,-0.1656,1]},
{"frame":26,"values":[0.9982,0.0584,0.0112,0,-0.0579,0.9975,-0.0411,0,-0.0136,0.0404,0.9991,0,0,16.254,-0.1656,1]},
{"frame":27,"values":[0.9983,0.0553,0.0183,0,-0.0546,0.9978,-0.0385,0,-0.0204,0.0374,0.9991,0,0,16.254,-0.1656,1]},
{"frame":28,"values":[0.9983,0.0541,0.0223,0,-0.0533,0.9979,-0.0373,0,-0.0243,0.036,0.9991,0,0,16.254,-0.1656,1]},
{"frame":29,"values":[0.9983,0.0541,0.022,0,-0.0533,0.9979,-0.0368,0,-0.024,0.0356,0.9991,0,0,16.254,-0.1656,1]},
{"frame":30,"values":[0.9983,0.0533,0.0213,0,-0.0525,0.9979,-0.0372,0,-0.0233,0.0361,0.9991,0,0,16.254,-0.1656,1]},
{"frame":31,"values":[0.9984,0.0517,0.0221,0,-0.0509,0.998,-0.0385,0,-0.024,0.0373,0.999,0,0,16.254,-0.1656,1]}],"loopBehavior":1,"name":"anim","property":"_matrix"}},
{"name":"Spine2","index":3,"matrix":[0.9985,0.052,0.0192,0,-0.0512,0.9979,-0.0405,0,-0.0212,0.0394,0.999,0,0,13.6396,-1.2923,1],"rest":[1,0,0,0,0,1,0,0,0,0,1,0,0,13.6396,-1.2923,1],"parentBoneIndex":2,"length":13.1719
,"animation":{"dataType":3,"framePerSecond":24,"keys":[
{"frame":1,"values":[0.9985,0.052,0.0192,0,-0.0512,0.9979,-0.0405,0,-0.0212,0.0394,0.999,0,0,13.6396,-1.2923,1]},
{"frame":2,"values":[0.9985,0.05,0.0205,0,-0.0491,0.9979,-0.0422,0,-0.0226,0.0412,0.9989,0,0,13.6396,-1.2923,1]},
{"frame":3,"values":[0.9986,0.0476,0.0214,0,-0.0466,0.9979,-0.0451,0,-0.0235,0.044,0.9988,0,0,13.6396,-1.2923,1]},
{"frame":4,"values":[0.9988,0.0445,0.0208,0,-0.0434,0.9978,-0.0499,0,-0.023,0.049,0.9985,0,0,13.6396,-1.2923,1]},
{"frame":5,"values":[0.999,0.0398,0.019,0,-0.0388,0.9978,-0.0539,0,-0.0211,0.0531,0.9984,0,0,13.6396,-1.2923,1]},
{"frame":6,"values":[0.9993,0.0341,0.0149,0,-0.0333,0.9982,-0.0505,0,-0.0166,0.05,0.9986,0,0,13.6396,-1.2923,1]},
{"frame":7,"values":[0.9996,0.0297,0.0013,0,-0.0297,0.9986,-0.0427,0,-0.0026,0.0427,0.9991,0,0,13.6396,-1.2923,1]},
{"frame":8,"values":[0.9992,0.0288,-0.0262,0,-0.0297,0.9989,-0.0356,0,0.0251,0.0364,0.999,0,0,13.6396,-1.2923,1]},
{"frame":9,"values":[0.9978,0.0311,-0.0593,0,-0.033,0.999,-0.0312,0,0.0582,0.033,0.9978,0,0,13.6396,-1.2923,1]},
{"frame":10,"values":[0.9959,0.0345,-0.0838,0,-0.0369,0.9989,-0.0272,0,0.0828,0.0302,0.9961,0,0,13.6396,-1.2923,1]},
{"frame":11,"values":[0.9954,0.0328,-0.0901,0,-0.035,0.9991,-0.0221,0,0.0893,0.0252,0.9957,0,0,13.6396,-1.2923,1]},
{"frame":12,"values":[0.9972,0.0209,-0.0723,0,-0.0223,0.9996,-0.0182,0,0.0718,0.0198,0.9972,0,0,13.6396,-1.2923,1]},
{"frame":13,"values":[0.9994,0.0061,-0.0336,0,-0.0066,0.9998,-0.0162,0,0.0335,0.0165,0.9993,0,0,13.6396,-1.2923,1]},
{"frame":14,"values":[0.9999,0.0033,0.0159,0,-0.0031,0.9999,-0.0133,0,-0.0159,0.0132,0.9998,0,0,13.6396,-1.2923,1]},
{"frame":15,"values":[0.9982,0.0143,0.0584,0,-0.0139,0.9999,-0.0084,0,-0.0585,0.0076,0.9983,0,0,13.6396,-1.2923,1]},
{"frame":16,"values":[0.9964,0.0274,0.0798,0,-0.0271,0.9996,-0.0052,0,-0.0799,0.003,0.9968,0,0,13.6396,-1.2923,1]},
{"frame":17,"values":[0.9963,0.033,0.0799,0,-0.0327,0.9995,-0.0054,0,-0.08,0.0028,0.9968,0,0,13.6396,-1.2923,1]},
{"frame":18,"values":[0.9972,0.0357,0.0658,0,-0.0352,0.9993,-0.0084,0,-0.066,0.0061,0.9978,0,0,13.6396,-1.2923,1]},
{"frame":19,"values":[0.9978,0.0425,0.0499,0,-0.0419,0.999,-0.0132,0,-0.0504,0.0111,0.9987,0,0,13.6396,-1.2923,1]},
{"frame":20,"values":[0.9979,0.0507,0.0397,0,-0.05,0.9986,-0.0198,0,-0.0406,0.0177,0.999,0,0,13.6396,-1.2923,1]},
{"frame":21,"values":[0.998,0.0545,0.0327,0,-0.0536,0.9982,-0.0276,0,-0.0341,0.0258,0.9991,0,0,13.6396,-1.2923,1]},
{"frame":22,"values":[0.9982,0.0551,0.0238,0,-0.0543,0.9979,-0.0357,0,-0.0257,0.0344,0.9991,0,0,13.6396,-1.2923,1]},
{"frame":23,"values":[0.9983,0.0569,0.013,0,-0.0563,0.9975,-0.0429,0,-0.0154,0.0421,0.999,0,0,13.6396,-1.2923,1]},
{"frame":24,"values":[0.9982,0.0593,0.005,0,-0.059,0.9972,-0.0468,0,-0.0077,0.0465,0.9989,0,0,13.6396,-1.2923,1]},
{"frame":25,"values":[0.9982,0.0597,0.003,0,-0.0595,0.9971,-0.0468,0,-0.0058,0.0466,0.9989,0,0,13.6396,-1.2923,1]},
{"frame":26,"values":[0.9983,0.0575,0.008,0,-0.0571,0.9974,-0.0438,0,-0.0105,0.0433,0.999,0,0,13.6396,-1.2923,1]},
{"frame":27,"values":[0.9984,0.0552,0.0153,0,-0.0545,0.9977,-0.0408,0,-0.0175,0.0399,0.9991,0,0,13.6396,-1.2923,1]},
{"frame":28,"values":[0.9983,0.0544,0.0192,0,-0.0536,0.9978,-0.0394,0,-0.0213,0.0383,0.999,0,0,13.6396,-1.2923,1]},
{"frame":29,"values":[0.9983,0.0544,0.0189,0,-0.0536,0.9978,-0.0389,0,-0.021,0.0379,0.9991,0,0,13.6396,-1.2923,1]},
{"frame":30,"values":[0.9984,0.0535,0.0183,0,-0.0528,0.9978,-0.0394,0,-0.0203,0.0383,0.9991,0,0,13.6396,-1.2923,1]},
{"frame":31,"values":[0.9985,0.052,0.0192,0,-0.0512,0.9979,-0.0405,0,-0.0212,0.0394,0.999,0,0,13.6396,-1.2923,1]}],"loopBehavior":1,"name":"anim","property":"_matrix"}},
{"name":"Neck","index":4,"matrix":[0.9983,-0.0575,-0.0053,0,0.0574,0.9759,0.2104,0,-0.0069,-0.2104,0.9776,0,0,13.8774,-4.3542,1],"rest":[1,0,0,0,0,1,0,0,0,0,1,0,0,13.8774,-4.3542,1],"parentBoneIndex":3,"length":4.4379
,"animation":{"dataType":3,"framePerSecond":24,"keys":[
{"frame":1,"values":[0.9983,-0.0575,-0.0053,0,0.0574,0.9759,0.2104,0,-0.0069,-0.2104,0.9776,0,0,13.8774,-4.3542,1]},
{"frame":2,"values":[0.9984,-0.0561,-0.0008,0,0.055,0.9762,0.2098,0,-0.0109,-0.2095,0.9778,0,0,13.8774,-4.3542,1]},
{"frame":3,"values":[0.9985,-0.0548,0.0036,0,0.0529,0.9763,0.21,0,-0.015,-0.2095,0.9777,0,0,13.8774,-4.3542,1]},
{"frame":4,"values":[0.9985,-0.0536,0.0074,0,0.0508,0.9761,0.2112,0,-0.0185,-0.2105,0.9774,0,0,13.8774,-4.3542,1]},
{"frame":5,"values":[0.9985,-0.0544,0.0114,0,0.0508,0.9765,0.2093,0,-0.0225,-0.2084,0.9778,0,0,13.8774,-4.3542,1]},
{"frame":6,"values":[0.9982,-0.0581,0.0159,0,0.0537,0.9779,0.2019,0,-0.0273,-0.2007,0.9793,0,0,13.8774,-4.3542,1]},
{"frame":7,"values":[0.9978,-0.0626,0.0211,0,0.0573,0.9794,0.1936,0,-0.0328,-0.192,0.9808,0,0,13.8774,-4.3542,1]},
{"frame":8,"values":[0.9975,-0.0675,0.022,0,0.0622,0.98,0.1892,0,-0.0343,-0.1874,0.9817,0,0,13.8774,-4.3542,1]},
{"frame":9,"values":[0.9971,-0.0751,0.0122,0,0.0715,0.9796,0.1877,0,-0.0261,-0.1862,0.9822,0,0,13.8774,-4.3542,1]},
{"frame":10,"values":[0.9965,-0.0829,-0.01,0,0.0833,0.979,0.1861,0,-0.0056,-0.1863,0.9825,0,0,13.8774,-4.3542,1]},
{"frame":11,"values":[0.9959,-0.0822,-0.0364,0,0.0876,0.9786,0.1861,0,0.0203,-0.1885,0.9819,0,0,13.8774,-4.3542,1]},
{"frame":12,"values":[0.9962,-0.0691,-0.0539,0,0.0782,0.9783,0.1919,0,0.0394,-0.1954,0.9799,0,0,13.8774,-4.3542,1]},
{"frame":13,"values":[0.997,-0.0544,-0.0551,0,0.0645,0.9773,0.2018,0,0.0429,-0.2047,0.9779,0,0,13.8774,-4.3542,1]},
{"frame":14,"values":[0.9977,-0.0523,-0.0435,0,0.0603,0.9762,0.2084,0,0.0315,-0.2105,0.9771,0,0,13.8774,-4.3542,1]},
{"frame":15,"values":[0.9975,-0.0623,-0.0322,0,0.0676,0.976,0.2072,0,0.0185,-0.2089,0.9778,0,0,13.8774,-4.3542,1]},
{"frame":16,"values":[0.997,-0.0724,-0.0291,0,0.0768,0.9766,0.2009,0,0.0139,-0.2026,0.9792,0,0,13.8774,-4.3542,1]},
{"frame":17,"values":[0.9967,-0.0747,-0.0306,0,0.0793,0.9772,0.1967,0,0.0152,-0.1985,0.98,0,0,13.8774,-4.3542,1]},
{"frame":18,"values":[0.9969,-0.0725,-0.031,0,0.0772,0.9775,0.1963,0,0.016,-0.1981,0.98,0,0,13.8774,-4.3542,1]},
{"frame":19,"values":[0.997,-0.0715,-0.0298,0,0.0759,0.9777,0.1957,0,0.0152,-0.1973,0.9802,0,0,13.8774,-4.3542,1]},
{"frame":20,"values":[0.997,-0.0713,-0.0295,0,0.0757,0.9782,0.1932,0,0.0151,-0.1948,0.9807,0,0,13.8774,-4.3542,1]},
{"frame":21,"values":[0.9971,-0.0705,-0.03,0,0.075,0.9785,0.1919,0,0.0158,-0.1936,0.981,0,0,13.8774,-4.3542,1]},
{"frame":22,"values":[0.9971,-0.0699,-0.03,0,0.0744,0.978,0.1949,0,0.0157,-0.1966,0.9804,0,0,13.8774,-4.3542,1]},
{"frame":23,"values":[0.9971,-0.0697,-0.0292,0,0.0741,0.9767,0.2012,0,0.0145,-0.2028,0.9791,0,0,13.8774,-4.3542,1]},
{"frame":24,"values":[0.9973,-0.0676,-0.028,0,0.072,0.9755,0.2079,0,0.0133,-0.2094,0.9778,0,0,13.8774,-4.3542,1]},
{"frame":25,"values":[0.9976,-0.0636,-0.0265,0,0.0677,0.9748,0.2124,0,0.0123,-0.2137,0.9768,0,0,13.8774,-4.3542,1]},
{"frame":26,"values":[0.9979,-0.0601,-0.0244,0,0.0639,0.9747,0.2144,0,0.0109,-0.2155,0.9764,0,0,13.8774,-4.3542,1]},
{"frame":27,"values":[0.998,-0.0591,-0.0214,0,0.0623,0.9744,0.216,0,0.0081,-0.2169,0.9762,0,0,13.8774,-4.3542,1]},
{"frame":28,"values":[0.998,-0.0601,-0.0177,0,0.0625,0.9741,0.2174,0,0.0042,-0.2181,0.9759,0,0,13.8774,-4.3542,1]},
{"frame":29,"values":[0.9981,-0.0604,-0.0139,0,0.062,0.9745,0.2158,0,0.0005,-0.2163,0.9763,0,0,13.8774,-4.3542,1]},
{"frame":30,"values":[0.9982,-0.0591,-0.0098,0,0.0598,0.9754,0.2123,0,-0.003,-0.2125,0.9772,0,0,13.8774,-4.3542,1]},
{"frame":31,"values":[0.9983,-0.0575,-0.0053,0,0.0574,0.9759,0.2104,0,-0.0069,-0.2104,0.9776,0,0,13.8774,-4.3542,1]}],"loopBehavior":1,"name":"anim","property":"_matrix"}},
{"name":"Neck1","index":5,"matrix":[1,0,0,0,0,1,0,0,0,0,1,0,0,4.34,0.9269,1],"rest":[1,0,0,0,0,1,0,0,0,0,1,0,0,4.34,0.9269,1],"parentBoneIndex":4,"length":6.2291
,"animation":{"dataType":3,"framePerSecond":24,"keys":[
{"frame":1,"values":[1,0,0,0,0,1,0,0,0,0,1,0,0,4.34,0.9269,1]},
{"frame":31,"values":[1,0,0,0,0,1,0,0,0,0,1,0,0,4.34,0.9269,1]}],"loopBehavior":1,"name":"anim","property":"_matrix"}},
{"name":"Head","index":6,"matrix":[0.9981,-0.054,0.0309,0,0.0563,0.9952,-0.0798,0,-0.0265,0.0814,0.9963,0,0,4.0266,0.8585,1],"rest":[1,0,0,0,0,1,0,0,0,0,1,0,0,4.0266,0.8585,1],"parentBoneIndex":5,"length":14.8424
,"animation":{"dataType":3,"framePerSecond":24,"keys":[
{"frame":1,"values":[0.9981,-0.054,0.0309,0,0.0563,0.9952,-0.0798,0,-0.0265,0.0814,0.9963,0,0,4.0266,0.8585,1]},
{"frame":2,"values":[0.9976,-0.041,0.0566,0,0.0455,0.9957,-0.0811,0,-0.053,0.0835,0.9951,0,0,4.0266,0.8585,1]},
{"frame":3,"values":[0.9962,-0.0258,0.0835,0,0.0328,0.9959,-0.084,0,-0.081,0.0864,0.993,0,0,4.0266,0.8585,1]},
{"frame":4,"values":[0.9937,-0.0082,0.112,0,0.0184,0.9958,-0.0902,0,-0.1108,0.0917,0.9896,0,0,4.0266,0.8585,1]},
{"frame":5,"values":[0.9899,0.0145,0.1412,0,0.0005,0.9944,-0.1056,0,-0.1419,0.1046,0.9843,0,0,4.0266,0.8585,1]},
{"frame":6,"values":[0.9837,0.0416,0.1748,0,-0.0188,0.9913,-0.1301,0,-0.1787,0.1247,0.976,0,0,4.0266,0.8585,1]},
{"frame":7,"values":[0.9755,0.0654,0.21,0,-0.0334,0.9877,-0.1527,0,-0.2174,0.1419,0.9657,0,0,4.0266,0.8585,1]},
{"frame":8,"values":[0.9731,0.0681,0.2201,0,-0.0329,0.9866,-0.1595,0,-0.228,0.148,0.9623,0,0,4.0266,0.8585,1]},
{"frame":9,"values":[0.984,0.0427,0.1731,0,-0.0158,0.988,-0.1539,0,-0.1776,0.1487,0.9728,0,0,4.0266,0.8585,1]},
{"frame":10,"values":[0.9987,-0.0095,0.0509,0,0.0174,0.9874,-0.1575,0,-0.0488,0.1582,0.9862,0,0,4.0266,0.8585,1]},
{"frame":11,"values":[0.9913,-0.0795,-0.1052,0,0.0593,0.9813,-0.1833,0,0.1178,0.1755,0.9774,0,0,4.0266,0.8585,1]},
{"frame":12,"values":[0.9653,-0.1405,-0.2199,0,0.0934,0.9729,-0.2113,0,0.2437,0.1835,0.9523,0,0,4.0266,0.8585,1]},
{"frame":13,"values":[0.9542,-0.1638,-0.2505,0,0.11,0.9703,-0.2156,0,0.2784,0.1781,0.9438,0,0,4.0266,0.8585,1]},
{"frame":14,"values":[0.9656,-0.1623,-0.2032,0,0.1209,0.9719,-0.2018,0,0.2303,0.1703,0.9581,0,0,4.0266,0.8585,1]},
{"frame":15,"values":[0.9751,-0.1707,-0.1415,0,0.1407,0.9696,-0.2001,0,0.1714,0.1752,0.9695,0,0,4.0266,0.8585,1]},
{"frame":16,"values":[0.9748,-0.1886,-0.1193,0,0.1593,0.9625,-0.2196,0,0.1563,0.1951,0.9683,0,0,4.0266,0.8585,1]},
{"frame":17,"values":[0.9722,-0.197,-0.1266,0,0.1631,0.9576,-0.2374,0,0.1679,0.2101,0.9631,0,0,4.0266,0.8585,1]},
{"frame":18,"values":[0.9725,-0.1932,-0.1304,0,0.1593,0.9592,-0.2335,0,0.1702,0.2063,0.9636,0,0,4.0266,0.8585,1]},
{"frame":19,"values":[0.9738,-0.1898,-0.1252,0,0.1599,0.9631,-0.2164,0,0.1616,0.1908,0.9682,0,0,4.0266,0.8585,1]},
{"frame":20,"values":[0.9741,-0.1892,-0.1239,0,0.1621,0.9661,-0.2008,0,0.1577,0.1755,0.9718,0,0,4.0266,0.8585,1]},
{"frame":21,"values":[0.9747,-0.1839,-0.1268,0,0.159,0.9699,-0.1844,0,0.1569,0.1596,0.9746,0,0,4.0266,0.8585,1]},
{"frame":22,"values":[0.9775,-0.1704,-0.1242,0,0.1503,0.9762,-0.1566,0,0.1479,0.1344,0.9798,0,0,4.0266,0.8585,1]},
{"frame":23,"values":[0.9817,-0.1521,-0.1148,0,0.1379,0.9828,-0.123,0,0.1315,0.1049,0.9857,0,0,4.0266,0.8585,1]},
{"frame":24,"values":[0.9855,-0.1334,-0.1044,0,0.1231,0.9874,-0.0993,0,0.1164,0.085,0.9896,0,0,4.0266,0.8585,1]},
{"frame":25,"values":[0.9884,-0.1179,-0.096,0,0.1094,0.99,-0.0889,0,0.1055,0.0774,0.9914,0,0,4.0266,0.8585,1]},
{"frame":26,"values":[0.9908,-0.1053,-0.0846,0,0.0982,0.9916,-0.0841,0,0.0927,0.075,0.9929,0,0,4.0266,0.8585,1]},
{"frame":27,"values":[0.9937,-0.0918,-0.0647,0,0.0867,0.9932,-0.0779,0,0.0714,0.0718,0.9949,0,0,4.0266,0.8585,1]},
{"frame":28,"values":[0.9962,-0.0783,-0.0378,0,0.0754,0.9945,-0.0731,0,0.0433,0.07,0.9966,0,0,4.0266,0.8585,1]},
{"frame":29,"values":[0.9974,-0.0704,-0.0138,0,0.0692,0.9948,-0.0745,0,0.0189,0.0733,0.9971,0,0,4.0266,0.8585,1]},
{"frame":30,"values":[0.9979,-0.0645,0.0071,0,0.0648,0.9948,-0.0785,0,-0.002,0.0788,0.9969,0,0,4.0266,0.8585,1]},
{"frame":31,"values":[0.9981,-0.054,0.0309,0,0.0563,0.9952,-0.0798,0,-0.0265,0.0814,0.9963,0,0,4.0266,0.8585,1]}],"loopBehavior":1,"name":"anim","property":"_matrix"}},
{"name":"L_Ear","index":7,"matrix":[1,0,0,0,0,1,0,0,0,0,1,0,6.8586,8.862,3.3161,1],"rest":[1,0,0,0,0,1,0,0,0,0,1,0,6.8586,8.862,3.3161,1],"parentBoneIndex":6,"length":14.8424
,"animation":{"dataType":3,"framePerSecond":24,"keys":[
{"frame":1,"values":[1,0,0,0,0,1,0,0,0,0,1,0,6.8586,8.862,3.3161,1]},
{"frame":31,"values":[1,0,0,0,0,1,0,0,0,0,1,0,6.8586,8.862,3.3161,1]}],"loopBehavior":1,"name":"anim","property":"_matrix"}},
{"name":"Jaw","index":8,"matrix":[1,0,0,0,0,1,0,0,0,0,1,0,0.0038,6.235,4.4131,1],"rest":[1,0,0,0,0,1,0,0,0,0,1,0,0.0038,6.235,4.4131,1],"parentBoneIndex":6,"length":8.9884
,"animation":{"dataType":3,"framePerSecond":24,"keys":[
{"frame":1,"values":[1,0,0,0,0,1,0,0,0,0,1,0,0.0038,6.235,4.4131,1]},
{"frame":31,"values":[1,0,0,0,0,1,0,0,0,0,1,0,0.0038,6.235,4.4131,1]}],"loopBehavior":1,"name":"anim","property":"_matrix"}},
{"name":"TongueBack","index":9,"matrix":[1,0,0,0,0,1,0,0,0,0,1,0,0,-3.3518,4.6468,1],"rest":[1,0,0,0,0,1,0,0,0,0,1,0,0,-3.3518,4.6468,1],"parentBoneIndex":8,"length":1.6664
,"animation":{"dataType":3,"framePerSecond":24,"keys":[
{"frame":1,"values":[1,0,0,0,0,1,0,0,0,0,1,0,0,-3.3518,4.6468,1]},
{"frame":31,"values":[1,0,0,0,0,1,0,0,0,0,1,0,0,-3.3518,4.6468,1]}],"loopBehavior":1,"name":"anim","property":"_matrix"}},
{"name":"TongueMid","index":10,"matrix":[1,0,0,0,0,1,0,0,0,0,1,0,0,0.0424,1.6659,1],"rest":[1,0,0,0,0,1,0,0,0,0,1,0,0,0.0424,1.6659,1],"parentBoneIndex":9,"length":1.3561
,"animation":{"dataType":3,"framePerSecond":24,"keys":[
{"frame":1,"values":[1,0,0,0,0,1,0,0,0,0,1,0,0,0.0424,1.6659,1]},
{"frame":31,"values":[1,0,0,0,0,1,0,0,0,0,1,0,0,0.0424,1.6659,1]}],"loopBehavior":1,"name":"anim","property":"_matrix"}},
{"name":"TongueTip","index":11,"matrix":[1,0,0,0,0,1,0,0,0,0,1,0,0,-0.4344,1.2847,1],"rest":[1,0,0,0,0,1,0,0,0,0,1,0,0,-0.4344,1.2847,1],"parentBoneIndex":10,"length":1.3561
,"animation":{"dataType":3,"framePerSecond":24,"keys":[
{"frame":1,"values":[1,0,0,0,0,1,0,0,0,0,1,0,0,-0.4344,1.2847,1]},
{"frame":31,"values":[1,0,0,0,0,1,0,0,0,0,1,0,0,-0.4344,1.2847,1]}],"loopBehavior":1,"name":"anim","property":"_matrix"}},
{"name":"Chin","index":12,"matrix":[1,0,0,0,0,1,0,0,0,0,1,0,-0.0038,-6.1605,9.1241,1],"rest":[1,0,0,0,0,1,0,0,0,0,1,0,-0.0038,-6.1605,9.1241,1],"parentBoneIndex":8,"length":8.9884
,"animation":{"dataType":3,"framePerSecond":24,"keys":[
{"frame":1,"values":[1,0,0,0,0,1,0,0,0,0,1,0,-0.0038,-6.1605,9.1241,1]},
{"frame":31,"values":[1,0,0,0,0,1,0,0,0,0,1,0,-0.0038,-6.1605,9.1241,1]}],"loopBehavior":1,"name":"anim","property":"_matrix"}},
{"name":"LowerChin","index":13,"matrix":[1,0,0,0,0,1,0,0,0,0,1,0,-0.0038,-8.2784,6.0042,1],"rest":[1,0,0,0,0,1,0,0,0,0,1,0,-0.0038,-8.2784,6.0042,1],"parentBoneIndex":8,"length":8.9884
,"animation":{"dataType":3,"framePerSecond":24,"keys":[
{"frame":1,"values":[1,0,0,0,0,1,0,0,0,0,1,0,-0.0038,-8.2784,6.0042,1]},
{"frame":31,"values":[1,0,0,0,0,1,0,0,0,0,1,0,-0.0038,-8.2784,6.0042,1]}],"loopBehavior":1,"name":"anim","property":"_matrix"}},
{"name":"L_Temple","index":14,"matrix":[1,0,0,0,0,1,0,0,0,0,1,0,6.7164,11.953,7.4033,1],"rest":[1,0,0,0,0,1,0,0,0,0,1,0,6.7164,11.953,7.4033,1],"parentBoneIndex":6,"length":14.8424
,"animation":{"dataType":3,"framePerSecond":24,"keys":[
{"frame":1,"values":[1,0,0,0,0,1,0,0,0,0,1,0,6.7164,11.953,7.4033,1]},
{"frame":31,"values":[1,0,0,0,0,1,0,0,0,0,1,0,6.7164,11.953,7.4033,1]}],"loopBehavior":1,"name":"anim","property":"_matrix"}},
{"name":"L_IOuterBrow","index":15,"matrix":[1,0,0,0,0,1,0,0,0,0,1,0,5.185,11.3348,12.3701,1],"rest":[1,0,0,0,0,1,0,0,0,0,1,0,5.185,11.3348,12.3701,1],"parentBoneIndex":6,"length":14.8424
,"animation":{"dataType":3,"framePerSecond":24,"keys":[
{"frame":1,"values":[1,0,0,0,0,1,0,0,0,0,1,0,5.185,11.3348,12.3701,1]},
{"frame":31,"values":[1,0,0,0,0,1,0,0,0,0,1,0,5.185,11.3348,12.3701,1]}],"loopBehavior":1,"name":"anim","property":"_matrix"}},
{"name":"L_MidBrow","index":16,"matrix":[1,0,0,0,0,1,0,0,0,0,1,0,3.3668,11.4156,13.6166,1],"rest":[1,0,0,0,0,1,0,0,0,0,1,0,3.3668,11.4156,13.6166,1],"parentBoneIndex":6,"length":14.8424
,"animation":{"dataType":3,"framePerSecond":24,"keys":[
{"frame":1,"values":[1,0,0,0,0,1,0,0,0,0,1,0,3.3668,11.4156,13.6166,1]},
{"frame":31,"values":[1,0,0,0,0,1,0,0,0,0,1,0,3.3668,11.4156,13.6166,1]}],"loopBehavior":1,"name":"anim","property":"_matrix"}},
{"name":"L_InnerBrow","index":17,"matrix":[1,0,0,0,0,1,0,0,0,0,1,0,1.6599,10.7576,14.115,1],"rest":[1,0,0,0,0,1,0,0,0,0,1,0,1.6599,10.7576,14.115,1],"parentBoneIndex":6,"length":14.8424
,"animation":{"dataType":3,"framePerSecond":24,"keys":[
{"frame":1,"values":[1,0,0,0,0,1,0,0,0,0,1,0,1.6599,10.7576,14.115,1]},
{"frame":31,"values":[1,0,0,0,0,1,0,0,0,0,1,0,1.6599,10.7576,14.115,1]}],"loopBehavior":1,"name":"anim","property":"_matrix"}},
{"name":"L_Eye","index":18,"matrix":[1,0,0,0,0,1,0,0,0,0,1,0,3.0989,9.6989,11.4382,1],"rest":[1,0,0,0,0,1,0,0,0,0,1,0,3.0989,9.6989,11.4382,1],"parentBoneIndex":6,"length":14.8424
,"animation":{"dataType":3,"framePerSecond":24,"keys":[
{"frame":1,"values":[1,0,0,0,0,1,0,0,0,0,1,0,3.0989,9.6989,11.4382,1]},
{"frame":31,"values":[1,0,0,0,0,1,0,0,0,0,1,0,3.0989,9.6989,11.4382,1]}],"loopBehavior":1,"name":"anim","property":"_matrix"}},
{"name":"L_EyelidLower","index":19,"matrix":[1,0,0,0,0,1,0,0,0,0,1,0,3.0989,9.6989,11.4382,1],"rest":[1,0,0,0,0,1,0,0,0,0,1,0,3.0989,9.6989,11.4382,1],"parentBoneIndex":6,"length":14.8424
,"animation":{"dataType":3,"framePerSecond":24,"keys":[
{"frame":1,"values":[1,0,0,0,0,1,0,0,0,0,1,0,3.0989,9.6989,11.4382,1]},
{"frame":31,"values":[1,0,0,0,0,1,0,0,0,0,1,0,3.0989,9.6989,11.4382,1]}],"loopBehavior":1,"name":"anim","property":"_matrix"}},
{"name":"L_EyelidUpper","index":20,"matrix":[1,0,0,0,0,1,0,0,0,0,1,0,3.0989,9.6989,11.4382,1],"rest":[1,0,0,0,0,1,0,0,0,0,1,0,3.0989,9.6989,11.4382,1],"parentBoneIndex":6,"length":14.8424
,"animation":{"dataType":3,"framePerSecond":24,"keys":[
{"frame":1,"values":[1,0,0,0,0,1,0,0,0,0,1,0,3.0989,9.6989,11.4382,1]},
{"frame":31,"values":[1,0,0,0,0,1,0,0,0,0,1,0,3.0989,9.6989,11.4382,1]}],"loopBehavior":1,"name":"anim","property":"_matrix"}},
{"name":"L_InnerCheek","index":21,"matrix":[1,0,0,0,0,1,0,0,0,0,1,0,2.1484,7.4937,13.4347,1],"rest":[1,0,0,0,0,1,0,0,0,0,1,0,2.1484,7.4937,13.4347,1],"parentBoneIndex":6,"length":14.8424
,"animation":{"dataType":3,"framePerSecond":24,"keys":[
{"frame":1,"values":[1,0,0,0,0,1,0,0,0,0,1,0,2.1484,7.4937,13.4347,1]},
{"frame":31,"values":[1,0,0,0,0,1,0,0,0,0,1,0,2.1484,7.4937,13.4347,1]}],"loopBehavior":1,"name":"anim","property":"_matrix"}},
{"name":"L_LowerCheek","index":22,"matrix":[1,0,0,0,0,1,0,0,0,0,1,0,4.3527,2.5675,9.9423,1],"rest":[1,0,0,0,0,1,0,0,0,0,1,0,4.3527,2.5675,9.9423,1],"parentBoneIndex":6,"length":14.8424
,"animation":{"dataType":3,"framePerSecond":24,"keys":[
{"frame":1,"values":[1,0,0,0,0,1,0,0,0,0,1,0,4.3527,2.5675,9.9423,1]},
{"frame":31,"values":[1,0,0,0,0,1,0,0,0,0,1,0,4.3527,2.5675,9.9423,1]}],"loopBehavior":1,"name":"anim","property":"_matrix"}},
{"name":"L_LipCorner","index":23,"matrix":[1,0,0,0,0,1,0,0,0,0,1,0,2.9076,2.9095,12.5938,1],"rest":[1,0,0,0,0,1,0,0,0,0,1,0,2.9076,2.9095,12.5938,1],"parentBoneIndex":6,"length":0.9548
,"animation":{"dataType":3,"framePerSecond":24,"keys":[
{"frame":1,"values":[1,0,0,0,0,1,0,0,0,0,1,0,2.9076,2.9095,12.5938,1]},
{"frame":31,"values":[1,0,0,0,0,1,0,0,0,0,1,0,2.9076,2.9095,12.5938,1]}],"loopBehavior":1,"name":"anim","property":"_matrix"}},
{"name":"L_LipCornerLowTweak","index":24,"matrix":[1,0,0,0,0,1,0,0,0,0,1,0,-0.8072,-0.3254,0.4547,1],"rest":[1,0,0,0,0,1,0,0,0,0,1,0,-0.8072,-0.3254,0.4547,1],"parentBoneIndex":23,"length":0.9548
,"animation":{"dataType":3,"framePerSecond":24,"keys":[
{"frame":1,"values":[1,0,0,0,0,1,0,0,0,0,1,0,-0.8072,-0.3254,0.4547,1]},
{"frame":31,"values":[1,0,0,0,0,1,0,0,0,0,1,0,-0.8072,-0.3254,0.4547,1]}],"loopBehavior":1,"name":"anim","property":"_matrix"}},
{"name":"L_LipCornerUpTweak","index":25,"matrix":[1,0,0,0,0,1,0,0,0,0,1,0,-0.7251,0.0237,0.5782,1],"rest":[1,0,0,0,0,1,0,0,0,0,1,0,-0.7251,0.0237,0.5782,1],"parentBoneIndex":23,"length":0.9548
,"animation":{"dataType":3,"framePerSecond":24,"keys":[
{"frame":1,"values":[1,0,0,0,0,1,0,0,0,0,1,0,-0.7251,0.0237,0.5782,1]},
{"frame":31,"values":[1,0,0,0,0,1,0,0,0,0,1,0,-0.7251,0.0237,0.5782,1]}],"loopBehavior":1,"name":"anim","property":"_matrix"}},
{"name":"L_LipLower","index":26,"matrix":[1,0,0,0,0,1,0,0,0,0,1,0,1.2586,2.3762,13.5915,1],"rest":[1,0,0,0,0,1,0,0,0,0,1,0,1.2586,2.3762,13.5915,1],"parentBoneIndex":6,"length":14.8424
,"animation":{"dataType":3,"framePerSecond":24,"keys":[
{"frame":1,"values":[1,0,0,0,0,1,0,0,0,0,1,0,1.2586,2.3762,13.5915,1]},
{"frame":31,"values":[1,0,0,0,0,1,0,0,0,0,1,0,1.2586,2.3762,13.5915,1]}],"loopBehavior":1,"name":"anim","property":"_matrix"}},
{"name":"L_LipUpper","index":27,"matrix":[1,0,0,0,0,1,0,0,0,0,1,0,1.2981,3.1535,13.8987,1],"rest":[1,0,0,0,0,1,0,0,0,0,1,0,1.2981,3.1535,13.8987,1],"parentBoneIndex":6,"length":14.8424
,"animation":{"dataType":3,"framePerSecond":24,"keys":[
{"frame":1,"values":[1,0,0,0,0,1,0,0,0,0,1,0,1.2981,3.1535,13.8987,1]},
{"frame":31,"values":[1,0,0,0,0,1,0,0,0,0,1,0,1.2981,3.1535,13.8987,1]}],"loopBehavior":1,"name":"anim","property":"_matrix"}},
{"name":"LipMidLower","index":28,"matrix":[1,0,0,0,0,1,0,0,0,0,1,0,0,2.4182,14.0113,1],"rest":[1,0,0,0,0,1,0,0,0,0,1,0,0,2.4182,14.0113,1],"parentBoneIndex":6,"length":14.8424
,"animation":{"dataType":3,"framePerSecond":24,"keys":[
{"frame":1,"values":[1,0,0,0,0,1,0,0,0,0,1,0,0,2.4182,14.0113,1]},
{"frame":31,"values":[1,0,0,0,0,1,0,0,0,0,1,0,0,2.4182,14.0113,1]}],"loopBehavior":1,"name":"anim","property":"_matrix"}},
{"name":"LipMidUpper","index":29,"matrix":[1,0,0,0,0,1,0,0,0,0,1,0,0,3.2177,14.3127,1],"rest":[1,0,0,0,0,1,0,0,0,0,1,0,0,3.2177,14.3127,1],"parentBoneIndex":6,"length":14.8424
,"animation":{"dataType":3,"framePerSecond":24,"keys":[
{"frame":1,"values":[1,0,0,0,0,1,0,0,0,0,1,0,0,3.2177,14.3127,1]},
{"frame":31,"values":[1,0,0,0,0,1,0,0,0,0,1,0,0,3.2177,14.3127,1]}],"loopBehavior":1,"name":"anim","property":"_matrix"}},
{"name":"L_CheekFold","index":30,"matrix":[1,0,0,0,0,1,0,0,0,0,1,0,2.8997,4.8397,12.9905,1],"rest":[1,0,0,0,0,1,0,0,0,0,1,0,2.8997,4.8397,12.9905,1],"parentBoneIndex":6,"length":14.8424
,"animation":{"dataType":3,"framePerSecond":24,"keys":[
{"frame":1,"values":[1,0,0,0,0,1,0,0,0,0,1,0,2.8997,4.8397,12.9905,1]},
{"frame":31,"values":[1,0,0,0,0,1,0,0,0,0,1,0,2.8997,4.8397,12.9905,1]}],"loopBehavior":1,"name":"anim","property":"_matrix"}},
{"name":"L_Nostril","index":31,"matrix":[1,0,0,0,0,1,0,0,0,0,1,0,1.2793,5.2449,14.0405,1],"rest":[1,0,0,0,0,1,0,0,0,0,1,0,1.2793,5.2449,14.0405,1],"parentBoneIndex":6,"length":14.8424
,"animation":{"dataType":3,"framePerSecond":24,"keys":[
{"frame":1,"values":[1,0,0,0,0,1,0,0,0,0,1,0,1.2793,5.2449,14.0405,1]},
{"frame":31,"values":[1,0,0,0,0,1,0,0,0,0,1,0,1.2793,5.2449,14.0405,1]}],"loopBehavior":1,"name":"anim","property":"_matrix"}},
{"name":"Scalp","index":32,"matrix":[1,0,0,0,0,1,0,0,0,0,1,0,0.0038,15.512,8.5871,1],"rest":[1,0,0,0,0,1,0,0,0,0,1,0,0.0038,15.512,8.5871,1],"parentBoneIndex":6,"length":14.8424
,"animation":{"dataType":3,"framePerSecond":24,"keys":[
{"frame":1,"values":[1,0,0,0,0,1,0,0,0,0,1,0,0.0038,15.512,8.5871,1]},
{"frame":31,"values":[1,0,0,0,0,1,0,0,0,0,1,0,0.0038,15.512,8.5871,1]}],"loopBehavior":1,"name":"anim","property":"_matrix"}},
{"name":"L_OuterCheek","index":33,"matrix":[1,0,0,0,0,1,0,0,0,0,1,0,4.805,7.1686,11.679,1],"rest":[1,0,0,0,0,1,0,0,0,0,1,0,4.805,7.1686,11.679,1],"parentBoneIndex":6,"length":14.8424
,"animation":{"dataType":3,"framePerSecond":24,"keys":[
{"frame":1,"values":[1,0,0,0,0,1,0,0,0,0,1,0,4.805,7.1686,11.679,1]},
{"frame":31,"values":[1,0,0,0,0,1,0,0,0,0,1,0,4.805,7.1686,11.679,1]}],"loopBehavior":1,"name":"anim","property":"_matrix"}},
{"name":"R_LipLower","index":34,"matrix":[1,0,0,0,0,1,0,0,0,0,1,0,-1.2586,2.3762,13.5915,1],"rest":[1,0,0,0,0,1,0,0,0,0,1,0,-1.2586,2.3762,13.5915,1],"parentBoneIndex":6,"length":14.8424
,"animation":{"dataType":3,"framePerSecond":24,"keys":[
{"frame":1,"values":[1,0,0,0,0,1,0,0,0,0,1,0,-1.2586,2.3762,13.5915,1]},
{"frame":31,"values":[1,0,0,0,0,1,0,0,0,0,1,0,-1.2586,2.3762,13.5915,1]}],"loopBehavior":1,"name":"anim","property":"_matrix"}},
{"name":"RightNostril","index":35,"matrix":[1,0,0,0,0,1,0,0,0,0,1,0,-1.2793,5.2449,14.0405,1],"rest":[1,0,0,0,0,1,0,0,0,0,1,0,-1.2793,5.2449,14.0405,1],"parentBoneIndex":6,"length":14.8424
,"animation":{"dataType":3,"framePerSecond":24,"keys":[
{"frame":1,"values":[1,0,0,0,0,1,0,0,0,0,1,0,-1.2793,5.2449,14.0405,1]},
{"frame":31,"values":[1,0,0,0,0,1,0,0,0,0,1,0,-1.2793,5.2449,14.0405,1]}],"loopBehavior":1,"name":"anim","property":"_matrix"}},
{"name":"R_CheekFold","index":36,"matrix":[1,0,0,0,0,1,0,0,0,0,1,0,-2.8997,4.8397,12.9905,1],"rest":[1,0,0,0,0,1,0,0,0,0,1,0,-2.8997,4.8397,12.9905,1],"parentBoneIndex":6,"length":14.8424
,"animation":{"dataType":3,"framePerSecond":24,"keys":[
{"frame":1,"values":[1,0,0,0,0,1,0,0,0,0,1,0,-2.8997,4.8397,12.9905,1]},
{"frame":31,"values":[1,0,0,0,0,1,0,0,0,0,1,0,-2.8997,4.8397,12.9905,1]}],"loopBehavior":1,"name":"anim","property":"_matrix"}},
{"name":"R_LowerCheek","index":37,"matrix":[1,0,0,0,0,1,0,0,0,0,1,0,-4.3527,2.5675,9.9423,1],"rest":[1,0,0,0,0,1,0,0,0,0,1,0,-4.3527,2.5675,9.9423,1],"parentBoneIndex":6,"length":14.8424
,"animation":{"dataType":3,"framePerSecond":24,"keys":[
{"frame":1,"values":[1,0,0,0,0,1,0,0,0,0,1,0,-4.3527,2.5675,9.9423,1]},
{"frame":31,"values":[1,0,0,0,0,1,0,0,0,0,1,0,-4.3527,2.5675,9.9423,1]}],"loopBehavior":1,"name":"anim","property":"_matrix"}},
{"name":"R_gLipCorner","index":38,"matrix":[1,0,0,0,0,1,0,0,0,0,1,0,-2.9076,2.9095,12.5938,1],"rest":[1,0,0,0,0,1,0,0,0,0,1,0,-2.9076,2.9095,12.5938,1],"parentBoneIndex":6,"length":0.9548
,"animation":{"dataType":3,"framePerSecond":24,"keys":[
{"frame":1,"values":[1,0,0,0,0,1,0,0,0,0,1,0,-2.9076,2.9095,12.5938,1]},
{"frame":31,"values":[1,0,0,0,0,1,0,0,0,0,1,0,-2.9076,2.9095,12.5938,1]}],"loopBehavior":1,"name":"anim","property":"_matrix"}},
{"name":"R_gLipCornerLowTweak","index":39,"matrix":[1,0,0,0,0,1,0,0,0,0,1,0,0.8072,-0.3254,0.4547,1],"rest":[1,0,0,0,0,1,0,0,0,0,1,0,0.8072,-0.3254,0.4547,1],"parentBoneIndex":38,"length":0.9548
,"animation":{"dataType":3,"framePerSecond":24,"keys":[
{"frame":1,"values":[1,0,0,0,0,1,0,0,0,0,1,0,0.8072,-0.3254,0.4547,1]},
{"frame":31,"values":[1,0,0,0,0,1,0,0,0,0,1,0,0.8072,-0.3254,0.4547,1]}],"loopBehavior":1,"name":"anim","property":"_matrix"}},
{"name":"R_gLipCornerUpTweak","index":40,"matrix":[1,0,0,0,0,1,0,0,0,0,1,0,0.7251,0.0237,0.5782,1],"rest":[1,0,0,0,0,1,0,0,0,0,1,0,0.7251,0.0237,0.5782,1],"parentBoneIndex":38,"length":0.9548
,"animation":{"dataType":3,"framePerSecond":24,"keys":[
{"frame":1,"values":[1,0,0,0,0,1,0,0,0,0,1,0,0.7251,0.0237,0.5782,1]},
{"frame":31,"values":[1,0,0,0,0,1,0,0,0,0,1,0,0.7251,0.0237,0.5782,1]}],"loopBehavior":1,"name":"anim","property":"_matrix"}},
{"name":"R_LipUpper","index":41,"matrix":[1,0,0,0,0,1,0,0,0,0,1,0,-1.2981,3.1535,13.8987,1],"rest":[1,0,0,0,0,1,0,0,0,0,1,0,-1.2981,3.1535,13.8987,1],"parentBoneIndex":6,"length":14.8424
,"animation":{"dataType":3,"framePerSecond":24,"keys":[
{"frame":1,"values":[1,0,0,0,0,1,0,0,0,0,1,0,-1.2981,3.1535,13.8987,1]},
{"frame":31,"values":[1,0,0,0,0,1,0,0,0,0,1,0,-1.2981,3.1535,13.8987,1]}],"loopBehavior":1,"name":"anim","property":"_matrix"}},
