{"producer":{"name":"Blender","version":"2.90.0","exporter_version":"2.80.1","file":"option_fight_punchright.babylon"},
"autoClear":true,"clearColor":[0.0509,0.0509,0.0509],"gravity":[0,-9.81,0],
"materials":[{"name":"Material","id":"Material","customType":"BABYLON.PBRMaterial","backFaceCulling":true,"checkReadyOnlyOnce":false,"maxSimultaneousLights":4,"environmentIntensity":1,"albedo":[0.8,0.8,0.8],"reflectivity":[0.5,0.5,0.5],"roughness":0.4,"alpha":1,"transparencyMode":0,"alphaCutOff":0.4,"metallic":0}],
"multiMaterials":[],
"skeletons":[{"name":"Armature","id":0,"dimensionsAtRest":[188.1767,188.0947,21.7491],"bones":[
{"name":"Hips","index":0,"matrix":[0.8705,-0.0535,-0.4893,0,-0.0278,0.9871,-0.1575,0,-0.4914,-0.1507,-0.8578,0,0.2685,88.9472,1.5057,1],"rest":[1,0,0,0,0,1,0,0,0,0,-1,0,0,96.3764,0,1],"parentBoneIndex":-1,"length":9.9032
,"animation":{"dataType":3,"framePerSecond":24,"keys":[
{"frame":1,"values":[0.8705,-0.0535,-0.4893,0,-0.0278,0.9871,-0.1575,0,-0.4914,-0.1507,-0.8578,0,0.2685,88.9472,1.5057,1]},
{"frame":2,"values":[0.839,-0.0589,-0.541,0,-0.0412,0.9844,-0.171,0,-0.5426,-0.1657,-0.8235,0,0.7579,88.4411,1.9906,1]},
{"frame":3,"values":[0.8414,-0.0647,-0.5366,0,-0.0533,0.9781,-0.2014,0,-0.5378,-0.1981,-0.8195,0,1.7528,87.6559,2.3603,1]},
{"frame":4,"values":[0.8752,-0.0636,-0.4795,0,-0.0598,0.9695,-0.2378,0,-0.48,-0.2368,-0.8447,0,2.6217,86.9067,2.7681,1]},
{"frame":5,"values":[0.9336,-0.047,-0.3554,0,-0.0485,0.9657,-0.2551,0,-0.3551,-0.2553,-0.8993,0,2.6669,86.3669,2.7715,1]},
{"frame":6,"values":[0.992,-0.0171,-0.1249,0,-0.0175,0.9625,-0.2707,0,-0.1249,-0.2707,-0.9545,0,1.8344,86.2103,2.0204,1]},
{"frame":7,"values":[0.981,0.0153,0.1933,0,0.0365,0.9644,-0.2619,0,0.1905,-0.264,-0.9455,0,0.5161,86.2238,0.531,1]},
{"frame":8,"values":[0.8519,0.0388,0.5223,0,0.0898,0.9717,-0.2187,0,0.516,-0.2332,-0.8243,0,-0.0918,86.1964,-1.4461,1]},
{"frame":9,"values":[0.6534,0.0488,0.7554,0,0.1162,0.9796,-0.1639,0,0.748,-0.1949,-0.6344,0,0.1633,85.9625,-3.0096,1]},
{"frame":10,"values":[0.5026,0.0495,0.8631,0,0.1031,0.9878,-0.1167,0,0.8584,-0.1477,-0.4913,0,0.4646,85.5488,-4.0199,1]},
{"frame":11,"values":[0.46,0.0573,0.8861,0,0.0681,0.9927,-0.0996,0,0.8853,-0.1061,-0.4527,0,0.7957,85.08,-4.2731,1]},
{"frame":12,"values":[0.4564,0.0655,0.8874,0,0.0543,0.9934,-0.1012,0,0.8881,-0.0944,-0.4498,0,0.5318,84.761,-4.7118,1]},
{"frame":13,"values":[0.4599,0.0626,0.8858,0,0.0621,0.9928,-0.1024,0,0.8858,-0.1021,-0.4527,0,0.0655,84.5582,-5.4071,1]},
{"frame":14,"values":[0.4844,0.0551,0.8731,0,0.0752,0.9917,-0.1044,0,0.8716,-0.1162,-0.4762,0,-0.3834,84.6325,-5.8792,1]},
{"frame":15,"values":[0.5425,0.0446,0.8389,0,0.0884,0.99,-0.1098,0,0.8354,-0.1337,-0.5331,0,-0.3972,85.0777,-5.8584,1]},
{"frame":16,"values":[0.6276,0.0315,0.7779,0,0.093,0.989,-0.1151,0,0.773,-0.1446,-0.6178,0,0.076,85.8159,-5.4524,1]},
{"frame":17,"values":[0.7347,0.0242,0.678,0,0.0845,0.9883,-0.1268,0,0.6731,-0.1505,-0.7241,0,0.4263,86.5847,-4.7788,1]},
{"frame":18,"values":[0.8451,0.0155,0.5343,0,0.0699,0.9878,-0.1391,0,0.53,-0.1549,-0.8337,0,0.5587,87.2626,-3.931,1]},
{"frame":19,"values":[0.9341,0.004,0.3569,0,0.0534,0.9871,-0.1508,0,0.3529,-0.1599,-0.9219,0,0.4592,87.9753,-3.1189,1]},
{"frame":20,"values":[0.9834,-0.0137,0.1807,0,0.0432,0.9862,-0.1601,0,0.176,-0.1653,-0.9704,0,0.5266,88.6268,-2.2825,1]},
{"frame":21,"values":[0.9994,-0.0256,0.0246,0,0.0293,0.986,-0.164,0,0.02,-0.1647,-0.9861,0,0.719,88.8961,-1.4411,1]},
{"frame":22,"values":[0.9918,-0.0347,-0.123,0,0.0141,0.9864,-0.164,0,-0.127,-0.161,-0.9788,0,0.8152,89.0781,-0.6778,1]},
{"frame":23,"values":[0.9642,-0.0422,-0.262,0,-0.0006,0.987,-0.1609,0,-0.2654,-0.1553,-0.9516,0,0.6771,89.3575,-0.004,1]},
{"frame":24,"values":[0.9183,-0.0484,-0.3929,0,-0.0145,0.9877,-0.1557,0,-0.3956,-0.1487,-0.9063,0,0.2911,89.2577,0.8221,1]},
{"frame":25,"values":[0.8705,-0.0535,-0.4893,0,-0.0278,0.9871,-0.1575,0,-0.4914,-0.1507,-0.8578,0,0.2685,88.9472,1.5057,1]}],"loopBehavior":1,"name":"anim","property":"_matrix"}},
{"name":"Spine","index":1,"matrix":[1,0.0054,-0.0008,0,-0.0054,0.9995,0.0307,0,0.001,-0.0307,0.9995,0,0,9.2263,1.5771,1],"rest":[1,0,0,0,0,1,0,0,0,0,1,0,0,9.2263,1.5771,1],"parentBoneIndex":0,"length":16.2548
,"animation":{"dataType":3,"framePerSecond":24,"keys":[
{"frame":1,"values":[1,0.0054,-0.0008,0,-0.0054,0.9995,0.0307,0,0.001,-0.0307,0.9995,0,0,9.2263,1.5771,1]},
{"frame":2,"values":[1,-0.0022,0.0015,0,0.0021,0.9994,0.0343,0,-0.0016,-0.0343,0.9994,0,0,9.2263,1.5771,1]},
{"frame":3,"values":[1,-0.0038,0.0086,0,0.0035,0.9993,0.0375,0,-0.0087,-0.0374,0.9993,0,0,9.2263,1.5771,1]},
{"frame":4,"values":[0.9998,-0.0052,0.0189,0,0.0045,0.9993,0.038,0,-0.0191,-0.0379,0.9991,0,0,9.2263,1.5771,1]},
{"frame":5,"values":[0.9996,-0.0095,0.0273,0,0.0082,0.999,0.045,0,-0.0277,-0.0447,0.9986,0,0,9.2263,1.5771,1]},
{"frame":6,"values":[0.9996,-0.0012,0.0299,0,-0.0001,0.9991,0.0418,0,-0.03,-0.0418,0.9987,0,0,9.2263,1.5771,1]},
{"frame":7,"values":[0.9993,0.0262,0.026,0,-0.0272,0.9989,0.0394,0,-0.0249,-0.0401,0.9989,0,0,9.2263,1.5771,1]},
{"frame":8,"values":[0.9974,0.0693,0.02,0,-0.0699,0.997,0.0328,0,-0.0177,-0.0341,0.9993,0,0,9.2263,1.5771,1]},
{"frame":9,"values":[0.9944,0.1039,0.0168,0,-0.1043,0.9942,0.026,0,-0.014,-0.0276,0.9995,0,0,9.2263,1.5771,1]},
{"frame":10,"values":[0.9932,0.1157,0.015,0,-0.116,0.993,0.0225,0,-0.0123,-0.0241,0.9996,0,0,9.2263,1.5771,1]},
{"frame":11,"values":[0.9938,0.1109,0.0105,0,-0.1111,0.9935,0.023,0,-0.0078,-0.0241,0.9997,0,0,9.2263,1.5771,1]},
{"frame":12,"values":[0.9949,0.1009,0.0028,0,-0.101,0.9946,0.0251,0,-0.0003,-0.0253,0.9997,0,0,9.2263,1.5771,1]},
{"frame":13,"values":[0.9959,0.0901,-0.0055,0,-0.0899,0.9956,0.0272,0,0.0079,-0.0266,0.9996,0,0,9.2263,1.5771,1]},
{"frame":14,"values":[0.9967,0.0799,-0.0115,0,-0.0795,0.9964,0.029,0,0.0138,-0.028,0.9995,0,0,9.2263,1.5771,1]},
{"frame":15,"values":[0.9974,0.0713,-0.0126,0,-0.0709,0.997,0.0303,0,0.0148,-0.0294,0.9995,0,0,9.2263,1.5771,1]},
{"frame":16,"values":[0.998,0.0629,-0.0096,0,-0.0626,0.9976,0.0313,0,0.0116,-0.0306,0.9995,0,0,9.2263,1.5771,1]},
{"frame":17,"values":[0.9986,0.0524,-0.0063,0,-0.0522,0.9981,0.0325,0,0.008,-0.0321,0.9995,0,0,9.2263,1.5771,1]},
{"frame":18,"values":[0.9993,0.0382,-0.0057,0,-0.038,0.9987,0.0336,0,0.007,-0.0333,0.9994,0,0,9.2263,1.5771,1]},
{"frame":19,"values":[0.9997,0.0256,-0.0064,0,-0.0254,0.9991,0.0332,0,0.0073,-0.0331,0.9994,0,0,9.2263,1.5771,1]},
{"frame":20,"values":[0.9997,0.0253,-0.0059,0,-0.0251,0.9992,0.0314,0,0.0067,-0.0312,0.9995,0,0,9.2263,1.5771,1]},
{"frame":21,"values":[0.9996,0.027,-0.0047,0,-0.0269,0.9991,0.0325,0,0.0055,-0.0323,0.9995,0,0,9.2263,1.5771,1]},
{"frame":22,"values":[0.9997,0.0261,-0.0034,0,-0.0259,0.9991,0.034,0,0.0043,-0.0339,0.9994,0,0,9.2263,1.5771,1]},
{"frame":23,"values":[0.9998,0.0218,-0.0024,0,-0.0217,0.9992,0.0332,0,0.0031,-0.0332,0.9994,0,0,9.2263,1.5771,1]},
{"frame":24,"values":[0.9999,0.0119,-0.0019,0,-0.0118,0.9994,0.0322,0,0.0023,-0.0322,0.9995,0,0,9.2263,1.5771,1]},
{"frame":25,"values":[1,0.0054,-0.0008,0,-0.0054,0.9995,0.0307,0,0.001,-0.0307,0.9995,0,0,9.2263,1.5771,1]}],"loopBehavior":1,"name":"anim","property":"_matrix"}},
{"name":"Spine1","index":2,"matrix":[1,0.0045,-0.001,0,-0.0044,0.998,0.0624,0,0.0013,-0.0624,0.9981,0,0,16.254,-0.1656,1],"rest":[1,0,0,0,0,1,0,0,0,0,1,0,0,16.254,-0.1656,1],"parentBoneIndex":1,"length":13.7007
,"animation":{"dataType":3,"framePerSecond":24,"keys":[
{"frame":1,"values":[1,0.0045,-0.001,0,-0.0044,0.998,0.0624,0,0.0013,-0.0624,0.9981,0,0,16.254,-0.1656,1]},
{"frame":2,"values":[1,0.003,0.0021,0,-0.0031,0.9978,0.0665,0,-0.0019,-0.0665,0.9978,0,0,16.254,-0.1656,1]},
{"frame":3,"values":[0.9999,0.0036,0.0134,0,-0.0045,0.9973,0.0727,0,-0.0131,-0.0727,0.9973,0,0,16.254,-0.1656,1]},
{"frame":4,"values":[0.9995,0.0052,0.0319,0,-0.0076,0.9969,0.078,0,-0.0314,-0.0782,0.9964,0,0,16.254,-0.1656,1]},
{"frame":5,"values":[0.9988,0.0069,0.049,0,-0.011,0.9963,0.0854,0,-0.0483,-0.0859,0.9951,0,0,16.254,-0.1656,1]},
{"frame":6,"values":[0.9983,0.013,0.0576,0,-0.0178,0.9964,0.0828,0,-0.0563,-0.0837,0.9949,0,0,16.254,-0.1656,1]},
{"frame":7,"values":[0.9982,0.0242,0.054,0,-0.0284,0.9966,0.0777,0,-0.0519,-0.0791,0.9955,0,0,16.254,-0.1656,1]},
{"frame":8,"values":[0.9983,0.0426,0.0389,0,-0.0453,0.9966,0.0693,0,-0.0359,-0.071,0.9968,0,0,16.254,-0.1656,1]},
{"frame":9,"values":[0.9981,0.059,0.0155,0,-0.0598,0.9962,0.0631,0,-0.0118,-0.0639,0.9979,0,0,16.254,-0.1656,1]},
{"frame":10,"values":[0.9978,0.065,-0.0112,0,-0.0642,0.996,0.0627,0,0.0152,-0.0619,0.998,0,0,16.254,-0.1656,1]},
{"frame":11,"values":[0.9976,0.0601,-0.0348,0,-0.0577,0.9961,0.067,0,0.0387,-0.0648,0.9971,0,0,16.254,-0.1656,1]},
{"frame":12,"values":[0.9975,0.0488,-0.0518,0,-0.0451,0.9965,0.0708,0,0.055,-0.0683,0.9961,0,0,16.254,-0.1656,1]},
{"frame":13,"values":[0.9974,0.0371,-0.0621,0,-0.0326,0.9968,0.0726,0,0.0646,-0.0703,0.9954,0,0,16.254,-0.1656,1]},
{"frame":14,"values":[0.9974,0.0285,-0.0667,0,-0.0236,0.997,0.0735,0,0.0686,-0.0717,0.9951,0,0,16.254,-0.1656,1]},
{"frame":15,"values":[0.9978,0.0224,-0.0628,0,-0.0178,0.9971,0.0735,0,0.0643,-0.0723,0.9953,0,0,16.254,-0.1656,1]},
{"frame":16,"values":[0.9985,0.0178,-0.0511,0,-0.014,0.9973,0.0728,0,0.0522,-0.0719,0.996,0,0,16.254,-0.1656,1]},
{"frame":17,"values":[0.9993,0.0134,-0.0361,0,-0.0108,0.9973,0.0722,0,0.037,-0.0717,0.9967,0,0,16.254,-0.1656,1]},
{"frame":18,"values":[0.9997,0.0081,-0.0241,0,-0.0063,0.9974,0.0713,0,0.0246,-0.0712,0.9972,0,0,16.254,-0.1656,1]},
{"frame":19,"values":[0.9999,0.0027,-0.0163,0,-0.0016,0.9976,0.0686,0,0.0164,-0.0686,0.9975,0,0,16.254,-0.1656,1]},
{"frame":20,"values":[0.9999,0.0037,-0.0119,0,-0.0029,0.9978,0.0659,0,0.0121,-0.0659,0.9978,0,0,16.254,-0.1656,1]},
{"frame":21,"values":[0.9999,0.0069,-0.0086,0,-0.0063,0.9978,0.0654,0,0.009,-0.0654,0.9978,0,0,16.254,-0.1656,1]},
{"frame":22,"values":[0.9999,0.0089,-0.0061,0,-0.0085,0.9978,0.0656,0,0.0067,-0.0655,0.9978,0,0,16.254,-0.1656,1]},
{"frame":23,"values":[1,0.0088,-0.0041,0,-0.0085,0.9979,0.0644,0,0.0047,-0.0644,0.9979,0,0,16.254,-0.1656,1]},
{"frame":24,"values":[1,0.0052,-0.0025,0,-0.005,0.998,0.0631,0,0.0028,-0.0631,0.998,0,0,16.254,-0.1656,1]},
{"frame":25,"values":[1,0.0045,-0.001,0,-0.0044,0.998,0.0624,0,0.0013,-0.0624,0.9981,0,0,16.254,-0.1656,1]}],"loopBehavior":1,"name":"anim","property":"_matrix"}},
{"name":"Spine2","index":3,"matrix":[1,0.0045,-0.001,0,-0.0044,0.998,0.0624,0,0.0013,-0.0624,0.9981,0,0,13.6396,-1.2923,1],"rest":[1,0,0,0,0,1,0,0,0,0,1,0,0,13.6396,-1.2923,1],"parentBoneIndex":2,"length":13.1719
,"animation":{"dataType":3,"framePerSecond":24,"keys":[
{"frame":1,"values":[1,0.0045,-0.001,0,-0.0044,0.998,0.0624,0,0.0013,-0.0624,0.9981,0,0,13.6396,-1.2923,1]},
{"frame":2,"values":[1,0.003,0.0022,0,-0.0031,0.9978,0.0665,0,-0.002,-0.0665,0.9978,0,0,13.6396,-1.2923,1]},
{"frame":3,"values":[0.9999,0.0036,0.0134,0,-0.0045,0.9973,0.0727,0,-0.0131,-0.0727,0.9973,0,0,13.6396,-1.2923,1]},
{"frame":4,"values":[0.9995,0.0052,0.032,0,-0.0077,0.9969,0.078,0,-0.0315,-0.0782,0.9964,0,0,13.6396,-1.2923,1]},
{"frame":5,"values":[0.9988,0.0068,0.0494,0,-0.011,0.9963,0.0852,0,-0.0486,-0.0857,0.9951,0,0,13.6396,-1.2923,1]},
{"frame":6,"values":[0.9982,0.013,0.0578,0,-0.0177,0.9964,0.0828,0,-0.0565,-0.0836,0.9949,0,0,13.6396,-1.2923,1]},
{"frame":7,"values":[0.9983,0.0242,0.0538,0,-0.0283,0.9966,0.0779,0,-0.0517,-0.0792,0.9955,0,0,13.6396,-1.2923,1]},
{"frame":8,"values":[0.9984,0.0427,0.038,0,-0.0453,0.9965,0.0698,0,-0.0349,-0.0714,0.9968,0,0,13.6396,-1.2923,1]},
{"frame":9,"values":[0.9982,0.0591,0.0139,0,-0.0598,0.9962,0.0634,0,-0.0101,-0.0641,0.9979,0,0,13.6396,-1.2923,1]},
{"frame":10,"values":[0.9978,0.0649,-0.0134,0,-0.0639,0.996,0.0625,0,0.0174,-0.0615,0.998,0,0,13.6396,-1.2923,1]},
{"frame":11,"values":[0.9975,0.0596,-0.0373,0,-0.0571,0.9962,0.0661,0,0.0411,-0.0638,0.9971,0,0,13.6396,-1.2923,1]},
{"frame":12,"values":[0.9974,0.0481,-0.054,0,-0.0442,0.9966,0.0697,0,0.0572,-0.0671,0.9961,0,0,13.6396,-1.2923,1]},
{"frame":13,"values":[0.9973,0.0363,-0.0641,0,-0.0317,0.997,0.0713,0,0.0664,-0.0691,0.9954,0,0,13.6396,-1.2923,1]},
{"frame":14,"values":[0.9973,0.0277,-0.0683,0,-0.0227,0.9971,0.0723,0,0.0701,-0.0706,0.995,0,0,13.6396,-1.2923,1]},
{"frame":15,"values":[0.9977,0.0218,-0.0642,0,-0.0171,0.9972,0.0725,0,0.0656,-0.0712,0.9953,0,0,13.6396,-1.2923,1]},
{"frame":16,"values":[0.9985,0.0174,-0.0524,0,-0.0136,0.9973,0.072,0,0.0535,-0.0711,0.996,0,0,13.6396,-1.2923,1]},
{"frame":17,"values":[0.9992,0.0132,-0.0372,0,-0.0105,0.9974,0.0717,0,0.0381,-0.0712,0.9967,0,0,13.6396,-1.2923,1]},
{"frame":18,"values":[0.9997,0.008,-0.0249,0,-0.0062,0.9975,0.0711,0,0.0254,-0.0709,0.9972,0,0,13.6396,-1.2923,1]},
{"frame":19,"values":[0.9999,0.0027,-0.0168,0,-0.0015,0.9976,0.0685,0,0.0169,-0.0685,0.9975,0,0,13.6396,-1.2923,1]},
{"frame":20,"values":[0.9999,0.0037,-0.0125,0,-0.0029,0.9978,0.0658,0,0.0127,-0.0658,0.9978,0,0,13.6396,-1.2923,1]},
{"frame":21,"values":[0.9999,0.0069,-0.0093,0,-0.0063,0.9978,0.0653,0,0.0097,-0.0653,0.9978,0,0,13.6396,-1.2923,1]},
{"frame":22,"values":[0.9999,0.0089,-0.0068,0,-0.0084,0.9978,0.0655,0,0.0073,-0.0654,0.9978,0,0,13.6396,-1.2923,1]},
{"frame":23,"values":[1,0.0088,-0.0047,0,-0.0085,0.9979,0.0644,0,0.0052,-0.0643,0.9979,0,0,13.6396,-1.2923,1]},
{"frame":24,"values":[1,0.0052,-0.0027,0,-0.005,0.998,0.0631,0,0.003,-0.0631,0.998,0,0,13.6396,-1.2923,1]},
{"frame":25,"values":[1,0.0045,-0.001,0,-0.0044,0.998,0.0624,0,0.0013,-0.0624,0.9981,0,0,13.6396,-1.2923,1]}],"loopBehavior":1,"name":"anim","property":"_matrix"}},
{"name":"Neck","index":4,"matrix":[0.9906,-0.1006,-0.0924,0,0.1158,0.9773,0.1772,0,0.0725,-0.1862,0.9798,0,0,13.8774,-4.3542,1],"rest":[1,0,0,0,0,1,0,0,0,0,1,0,0,13.8774,-4.3542,1],"parentBoneIndex":3,"length":4.4379
,"animation":{"dataType":3,"framePerSecond":24,"keys":[
{"frame":1,"values":[0.9906,-0.1006,-0.0924,0,0.1158,0.9773,0.1772,0,0.0725,-0.1862,0.9798,0,0,13.8774,-4.3542,1]},
{"frame":2,"values":[0.9891,-0.1068,-0.1012,0,0.1228,0.9781,0.1679,0,0.081,-0.1785,0.9806,0,0,13.8774,-4.3542,1]},
{"frame":3,"values":[0.9877,-0.1134,-0.1076,0,0.1292,0.9797,0.1536,0,0.088,-0.1656,0.9823,0,0,13.8774,-4.3542,1]},
{"frame":4,"values":[0.9874,-0.1159,-0.1078,0,0.1308,0.9811,0.1426,0,0.0892,-0.1549,0.9839,0,0,13.8774,-4.3542,1]},
{"frame":5,"values":[0.9893,-0.109,-0.0967,0,0.1221,0.9824,0.1414,0,0.0796,-0.1516,0.9852,0,0,13.8774,-4.3542,1]},
{"frame":6,"values":[0.9933,-0.0917,-0.0699,0,0.1014,0.9833,0.1512,0,0.0549,-0.1573,0.986,0,0,13.8774,-4.3542,1]},
{"frame":7,"values":[0.9968,-0.0745,-0.0296,0,0.0783,0.9833,0.1641,0,0.0168,-0.1659,0.986,0,0,13.8774,-4.3542,1]},
{"frame":8,"values":[0.9977,-0.067,0.0137,0,0.0636,0.9831,0.1714,0,-0.025,-0.1701,0.9851,0,0,13.8774,-4.3542,1]},
{"frame":9,"values":[0.9967,-0.0683,0.0439,0,0.0595,0.9824,0.1771,0,-0.0552,-0.1739,0.9832,0,0,13.8774,-4.3542,1]},
{"frame":10,"values":[0.9958,-0.0743,0.0529,0,0.063,0.9799,0.1895,0,-0.066,-0.1854,0.9805,0,0,13.8774,-4.3542,1]},
{"frame":11,"values":[0.9957,-0.0809,0.0455,0,0.07,0.9762,0.2052,0,-0.0611,-0.2012,0.9777,0,0,13.8774,-4.3542,1]},
{"frame":12,"values":[0.9958,-0.0853,0.0319,0,0.0766,0.9738,0.2141,0,-0.0493,-0.2108,0.9763,0,0,13.8774,-4.3542,1]},
{"frame":13,"values":[0.996,-0.087,0.0208,0,0.0806,0.9736,0.2136,0,-0.0388,-0.2111,0.9767,0,0,13.8774,-4.3542,1]},
{"frame":14,"values":[0.9963,-0.0848,0.0155,0,0.0797,0.9745,0.2096,0,-0.0329,-0.2076,0.9777,0,0,13.8774,-4.3542,1]},
{"frame":15,"values":[0.9968,-0.0791,0.0128,0,0.0748,0.9754,0.2074,0,-0.0289,-0.2057,0.9782,0,0,13.8774,-4.3542,1]},
{"frame":16,"values":[0.9971,-0.0759,0.0081,0,0.0726,0.9758,0.2062,0,-0.0236,-0.205,0.9785,0,0,13.8774,-4.3542,1]},
{"frame":17,"values":[0.997,-0.0771,-0.0006,0,0.0756,0.9762,0.2035,0,-0.0151,-0.2029,0.9791,0,0,13.8774,-4.3542,1]},
{"frame":18,"values":[0.9968,-0.0785,-0.0126,0,0.0794,0.9765,0.2001,0,-0.0034,-0.2005,0.9797,0,0,13.8774,-4.3542,1]},
{"frame":19,"values":[0.9965,-0.0787,-0.0265,0,0.0824,0.9767,0.1981,0,0.0103,-0.1996,0.9798,0,0,13.8774,-4.3542,1]},
{"frame":20,"values":[0.996,-0.0809,-0.0388,0,0.087,0.9768,0.1955,0,0.0221,-0.1981,0.9799,0,0,13.8774,-4.3542,1]},
{"frame":21,"values":[0.9952,-0.084,-0.0503,0,0.0921,0.977,0.1925,0,0.0329,-0.1963,0.98,0,0,13.8774,-4.3542,1]},
{"frame":22,"values":[0.9943,-0.0876,-0.0612,0,0.0977,0.977,0.1893,0,0.0432,-0.1942,0.98,0,0,13.8774,-4.3542,1]},
{"frame":23,"values":[0.9932,-0.0916,-0.0719,0,0.1036,0.9771,0.1859,0,0.0532,-0.192,0.9799,0,0,13.8774,-4.3542,1]},
{"frame":24,"values":[0.992,-0.0956,-0.0825,0,0.1094,0.9771,0.1825,0,0.0631,-0.1901,0.9797,0,0,13.8774,-4.3542,1]},
{"frame":25,"values":[0.9906,-0.1006,-0.0924,0,0.1158,0.9773,0.1772,0,0.0725,-0.1862,0.9798,0,0,13.8774,-4.3542,1]}],"loopBehavior":1,"name":"anim","property":"_matrix"}},
{"name":"Neck1","index":5,"matrix":[1,0,0,0,0,1,0,0,0,0,1,0,0,4.34,0.9269,1],"rest":[1,0,0,0,0,1,0,0,0,0,1,0,0,4.34,0.9269,1],"parentBoneIndex":4,"length":6.2291
,"animation":{"dataType":3,"framePerSecond":24,"keys":[
{"frame":1,"values":[1,0,0,0,0,1,0,0,0,0,1,0,0,4.34,0.9269,1]},
{"frame":25,"values":[1,0,0,0,0,1,0,0,0,0,1,0,0,4.34,0.9269,1]}],"loopBehavior":1,"name":"anim","property":"_matrix"}},
{"name":"Head","index":6,"matrix":[0.9263,-0.1111,-0.36,0,0.1341,0.9902,0.0396,0,0.352,-0.0849,0.9321,0,0,4.0266,0.8585,1],"rest":[1,0,0,0,0,1,0,0,0,0,1,0,0,4.0266,0.8585,1],"parentBoneIndex":5,"length":14.8424
,"animation":{"dataType":3,"framePerSecond":24,"keys":[
{"frame":1,"values":[0.9263,-0.1111,-0.36,0,0.1341,0.9902,0.0396,0,0.352,-0.0849,0.9321,0,0,4.0266,0.8585,1]},
{"frame":2,"values":[0.9082,-0.124,-0.3996,0,0.1408,0.99,0.0128,0,0.394,-0.0679,0.9166,0,0,4.0266,0.8585,1]},
{"frame":3,"values":[0.8935,-0.1415,-0.4261,0,0.1412,0.9894,-0.0324,0,0.4262,-0.0312,0.9041,0,0,4.0266,0.8585,1]},
{"frame":4,"values":[0.8892,-0.1633,-0.4273,0,0.1463,0.9866,-0.0726,0,0.4334,0.002,0.9012,0,0,4.0266,0.8585,1]},
{"frame":5,"values":[0.9051,-0.176,-0.3872,0,0.1543,0.9842,-0.0867,0,0.3963,0.0187,0.9179,0,0,4.0266,0.8585,1]},
{"frame":6,"values":[0.9494,-0.1544,-0.2736,0,0.1411,0.9877,-0.0677,0,0.2807,0.0256,0.9595,0,0,4.0266,0.8585,1]},
{"frame":7,"values":[0.994,-0.0859,-0.0676,0,0.0835,0.9958,-0.0376,0,0.0706,0.0317,0.997,0,0,4.0266,0.8585,1]},
{"frame":8,"values":[0.986,0.0045,0.1668,0,0.0001,0.9996,-0.0278,0,-0.1668,0.0274,0.9856,0,0,4.0266,0.8585,1]},
{"frame":9,"values":[0.9453,0.0669,0.3193,0,-0.0626,0.9978,-0.0236,0,-0.3202,0.0023,0.9473,0,0,4.0266,0.8585,1]},
{"frame":10,"values":[0.9268,0.0689,0.3691,0,-0.0804,0.9966,0.0161,0,-0.3668,-0.0446,0.9292,0,0,4.0266,0.8585,1]},
{"frame":11,"values":[0.934,0.0246,0.3564,0,-0.0589,0.9946,0.0855,0,-0.3524,-0.1008,0.9304,0,0,4.0266,0.8585,1]},
{"frame":12,"values":[0.9474,-0.0085,0.32,0,-0.037,0.99,0.1358,0,-0.318,-0.1405,0.9376,0,0,4.0266,0.8585,1]},
{"frame":13,"values":[0.9593,-0.0046,0.2823,0,-0.0375,0.989,0.1433,0,-0.2799,-0.1481,0.9486,0,0,4.0266,0.8585,1]},
{"frame":14,"values":[0.9677,0.0088,0.2521,0,-0.0424,0.9908,0.1282,0,-0.2486,-0.1347,0.9592,0,0,4.0266,0.8585,1]},
{"frame":15,"values":[0.9746,0.0107,0.2237,0,-0.0375,0.9925,0.1161,0,-0.2208,-0.1215,0.9677,0,0,4.0266,0.8585,1]},
{"frame":16,"values":[0.9818,0.0052,0.1899,0,-0.0274,0.9931,0.1141,0,-0.188,-0.1172,0.9752,0,0,4.0266,0.8585,1]},
{"frame":17,"values":[0.9899,-0.0004,0.1418,0,-0.0149,0.9941,0.107,0,-0.141,-0.108,0.9841,0,0,4.0266,0.8585,1]},
{"frame":18,"values":[0.9972,-0.006,0.0745,0,-0.0006,0.9962,0.0876,0,-0.0747,-0.0874,0.9934,0,0,4.0266,0.8585,1]},
{"frame":19,"values":[0.9999,-0.015,-0.006,0,0.0154,0.9975,0.0689,0,0.0049,-0.069,0.9976,0,0,4.0266,0.8585,1]},
{"frame":20,"values":[0.9967,-0.03,-0.075,0,0.0347,0.9975,0.0612,0,0.0729,-0.0636,0.9953,0,0,4.0266,0.8585,1]},
{"frame":21,"values":[0.9893,-0.0467,-0.1384,0,0.055,0.9969,0.0569,0,0.1353,-0.0639,0.9887,0,0,4.0266,0.8585,1]},
{"frame":22,"values":[0.9782,-0.0639,-0.1978,0,0.0761,0.9956,0.0547,0,0.1934,-0.0685,0.9787,0,0,4.0266,0.8585,1]},
{"frame":23,"values":[0.9636,-0.081,-0.2549,0,0.0976,0.9938,0.0533,0,0.249,-0.0762,0.9655,0,0,4.0266,0.8585,1]},
{"frame":24,"values":[0.9454,-0.0973,-0.3109,0,0.119,0.9916,0.0515,0,0.3033,-0.0857,0.949,0,0,4.0266,0.8585,1]},
{"frame":25,"values":[0.9263,-0.1111,-0.36,0,0.1341,0.9902,0.0396,0,0.352,-0.0849,0.9321,0,0,4.0266,0.8585,1]}],"loopBehavior":1,"name":"anim","property":"_matrix"}},
{"name":"L_Ear","index":7,"matrix":[1,0,0,0,0,1,0,0,0,0,1,0,6.8586,8.862,3.3161,1],"rest":[1,0,0,0,0,1,0,0,0,0,1,0,6.8586,8.862,3.3161,1],"parentBoneIndex":6,"length":14.8424
,"animation":{"dataType":3,"framePerSecond":24,"keys":[
{"frame":1,"values":[1,0,0,0,0,1,0,0,0,0,1,0,6.8586,8.862,3.3161,1]},
{"frame":25,"values":[1,0,0,0,0,1,0,0,0,0,1,0,6.8586,8.862,3.3161,1]}],"loopBehavior":1,"name":"anim","property":"_matrix"}},
{"name":"Jaw","index":8,"matrix":[1,0,0,0,0,1,0,0,0,0,1,0,0.0038,6.235,4.4131,1],"rest":[1,0,0,0,0,1,0,0,0,0,1,0,0.0038,6.235,4.4131,1],"parentBoneIndex":6,"length":8.9884
,"animation":{"dataType":3,"framePerSecond":24,"keys":[
{"frame":1,"values":[1,0,0,0,0,1,0,0,0,0,1,0,0.0038,6.235,4.4131,1]},
{"frame":25,"values":[1,0,0,0,0,1,0,0,0,0,1,0,0.0038,6.235,4.4131,1]}],"loopBehavior":1,"name":"anim","property":"_matrix"}},
{"name":"TongueBack","index":9,"matrix":[1,0,0,0,0,1,0,0,0,0,1,0,0,-3.3518,4.6468,1],"rest":[1,0,0,0,0,1,0,0,0,0,1,0,0,-3.3518,4.6468,1],"parentBoneIndex":8,"length":1.6664
,"animation":{"dataType":3,"framePerSecond":24,"keys":[
{"frame":1,"values":[1,0,0,0,0,1,0,0,0,0,1,0,0,-3.3518,4.6468,1]},
{"frame":25,"values":[1,0,0,0,0,1,0,0,0,0,1,0,0,-3.3518,4.6468,1]}],"loopBehavior":1,"name":"anim","property":"_matrix"}},
{"name":"TongueMid","index":10,"matrix":[1,0,0,0,0,1,0,0,0,0,1,0,0,0.0424,1.6659,1],"rest":[1,0,0,0,0,1,0,0,0,0,1,0,0,0.0424,1.6659,1],"parentBoneIndex":9,"length":1.3562
,"animation":{"dataType":3,"framePerSecond":24,"keys":[
{"frame":1,"values":[1,0,0,0,0,1,0,0,0,0,1,0,0,0.0424,1.6659,1]},
{"frame":25,"values":[1,0,0,0,0,1,0,0,0,0,1,0,0,0.0424,1.6659,1]}],"loopBehavior":1,"name":"anim","property":"_matrix"}},
{"name":"TongueTip","index":11,"matrix":[1,0,0,0,0,1,0,0,0,0,1,0,0,-0.4344,1.2847,1],"rest":[1,0,0,0,0,1,0,0,0,0,1,0,0,-0.4344,1.2847,1],"parentBoneIndex":10,"length":1.3562
,"animation":{"dataType":3,"framePerSecond":24,"keys":[
{"frame":1,"values":[1,0,0,0,0,1,0,0,0,0,1,0,0,-0.4344,1.2847,1]},
{"frame":25,"values":[1,0,0,0,0,1,0,0,0,0,1,0,0,-0.4344,1.2847,1]}],"loopBehavior":1,"name":"anim","property":"_matrix"}},
{"name":"Chin","index":12,"matrix":[1,0,0,0,0,1,0,0,0,0,1,0,-0.0038,-6.1605,9.1241,1],"rest":[1,0,0,0,0,1,0,0,0,0,1,0,-0.0038,-6.1605,9.1241,1],"parentBoneIndex":8,"length":8.9884
,"animation":{"dataType":3,"framePerSecond":24,"keys":[
{"frame":1,"values":[1,0,0,0,0,1,0,0,0,0,1,0,-0.0038,-6.1605,9.1241,1]},
{"frame":25,"values":[1,0,0,0,0,1,0,0,0,0,1,0,-0.0038,-6.1605,9.1241,1]}],"loopBehavior":1,"name":"anim","property":"_matrix"}},
{"name":"LowerChin","index":13,"matrix":[1,0,0,0,0,1,0,0,0,0,1,0,-0.0038,-8.2784,6.0042,1],"rest":[1,0,0,0,0,1,0,0,0,0,1,0,-0.0038,-8.2784,6.0042,1],"parentBoneIndex":8,"length":8.9884
,"animation":{"dataType":3,"framePerSecond":24,"keys":[
{"frame":1,"values":[1,0,0,0,0,1,0,0,0,0,1,0,-0.0038,-8.2784,6.0042,1]},
{"frame":25,"values":[1,0,0,0,0,1,0,0,0,0,1,0,-0.0038,-8.2784,6.0042,1]}],"loopBehavior":1,"name":"anim","property":"_matrix"}},
{"name":"L_Temple","index":14,"matrix":[1,0,0,0,0,1,0,0,0,0,1,0,6.7164,11.953,7.4033,1],"rest":[1,0,0,0,0,1,0,0,0,0,1,0,6.7164,11.953,7.4033,1],"parentBoneIndex":6,"length":14.8424
,"animation":{"dataType":3,"framePerSecond":24,"keys":[
{"frame":1,"values":[1,0,0,0,0,1,0,0,0,0,1,0,6.7164,11.953,7.4033,1]},
{"frame":25,"values":[1,0,0,0,0,1,0,0,0,0,1,0,6.7164,11.953,7.4033,1]}],"loopBehavior":1,"name":"anim","property":"_matrix"}},
{"name":"L_IOuterBrow","index":15,"matrix":[1,0,0,0,0,1,0,0,0,0,1,0,5.185,11.3348,12.3701,1],"rest":[1,0,0,0,0,1,0,0,0,0,1,0,5.185,11.3348,12.3701,1],"parentBoneIndex":6,"length":14.8424
,"animation":{"dataType":3,"framePerSecond":24,"keys":[
{"frame":1,"values":[1,0,0,0,0,1,0,0,0,0,1,0,5.185,11.3348,12.3701,1]},
{"frame":25,"values":[1,0,0,0,0,1,0,0,0,0,1,0,5.185,11.3348,12.3701,1]}],"loopBehavior":1,"name":"anim","property":"_matrix"}},
{"name":"L_MidBrow","index":16,"matrix":[1,0,0,0,0,1,0,0,0,0,1,0,3.3668,11.4156,13.6166,1],"rest":[1,0,0,0,0,1,0,0,0,0,1,0,3.3668,11.4156,13.6166,1],"parentBoneIndex":6,"length":14.8424
,"animation":{"dataType":3,"framePerSecond":24,"keys":[
{"frame":1,"values":[1,0,0,0,0,1,0,0,0,0,1,0,3.3668,11.4156,13.6166,1]},
{"frame":25,"values":[1,0,0,0,0,1,0,0,0,0,1,0,3.3668,11.4156,13.6166,1]}],"loopBehavior":1,"name":"anim","property":"_matrix"}},
{"name":"L_InnerBrow","index":17,"matrix":[1,0,0,0,0,1,0,0,0,0,1,0,1.6599,10.7576,14.115,1],"rest":[1,0,0,0,0,1,0,0,0,0,1,0,1.6599,10.7576,14.115,1],"parentBoneIndex":6,"length":14.8424
,"animation":{"dataType":3,"framePerSecond":24,"keys":[
{"frame":1,"values":[1,0,0,0,0,1,0,0,0,0,1,0,1.6599,10.7576,14.115,1]},
{"frame":25,"values":[1,0,0,0,0,1,0,0,0,0,1,0,1.6599,10.7576,14.115,1]}],"loopBehavior":1,"name":"anim","property":"_matrix"}},
{"name":"L_Eye","index":18,"matrix":[1,0,0,0,0,1,0,0,0,0,1,0,3.0989,9.6989,11.4382,1],"rest":[1,0,0,0,0,1,0,0,0,0,1,0,3.0989,9.6989,11.4382,1],"parentBoneIndex":6,"length":14.8424
,"animation":{"dataType":3,"framePerSecond":24,"keys":[
{"frame":1,"values":[1,0,0,0,0,1,0,0,0,0,1,0,3.0989,9.6989,11.4382,1]},
{"frame":25,"values":[1,0,0,0,0,1,0,0,0,0,1,0,3.0989,9.6989,11.4382,1]}],"loopBehavior":1,"name":"anim","property":"_matrix"}},
{"name":"L_EyelidLower","index":19,"matrix":[1,0,0,0,0,1,0,0,0,0,1,0,3.0989,9.6989,11.4382,1],"rest":[1,0,0,0,0,1,0,0,0,0,1,0,3.0989,9.6989,11.4382,1],"parentBoneIndex":6,"length":14.8424
,"animation":{"dataType":3,"framePerSecond":24,"keys":[
{"frame":1,"values":[1,0,0,0,0,1,0,0,0,0,1,0,3.0989,9.6989,11.4382,1]},
{"frame":25,"values":[1,0,0,0,0,1,0,0,0,0,1,0,3.0989,9.6989,11.4382,1]}],"loopBehavior":1,"name":"anim","property":"_matrix"}},
{"name":"L_EyelidUpper","index":20,"matrix":[1,0,0,0,0,1,0,0,0,0,1,0,3.0989,9.6989,11.4382,1],"rest":[1,0,0,0,0,1,0,0,0,0,1,0,3.0989,9.6989,11.4382,1],"parentBoneIndex":6,"length":14.8424
,"animation":{"dataType":3,"framePerSecond":24,"keys":[
{"frame":1,"values":[1,0,0,0,0,1,0,0,0,0,1,0,3.0989,9.6989,11.4382,1]},
{"frame":25,"values":[1,0,0,0,0,1,0,0,0,0,1,0,3.0989,9.6989,11.4382,1]}],"loopBehavior":1,"name":"anim","property":"_matrix"}},
{"name":"L_InnerCheek","index":21,"matrix":[1,0,0,0,0,1,0,0,0,0,1,0,2.1484,7.4937,13.4347,1],"rest":[1,0,0,0,0,1,0,0,0,0,1,0,2.1484,7.4937,13.4347,1],"parentBoneIndex":6,"length":14.8424
,"animation":{"dataType":3,"framePerSecond":24,"keys":[
{"frame":1,"values":[1,0,0,0,0,1,0,0,0,0,1,0,2.1484,7.4937,13.4347,1]},
{"frame":25,"values":[1,0,0,0,0,1,0,0,0,0,1,0,2.1484,7.4937,13.4347,1]}],"loopBehavior":1,"name":"anim","property":"_matrix"}},
{"name":"L_LowerCheek","index":22,"matrix":[1,0,0,0,0,1,0,0,0,0,1,0,4.3527,2.5675,9.9423,1],"rest":[1,0,0,0,0,1,0,0,0,0,1,0,4.3527,2.5675,9.9423,1],"parentBoneIndex":6,"length":14.8424
,"animation":{"dataType":3,"framePerSecond":24,"keys":[
{"frame":1,"values":[1,0,0,0,0,1,0,0,0,0,1,0,4.3527,2.5675,9.9423,1]},
{"frame":25,"values":[1,0,0,0,0,1,0,0,0,0,1,0,4.3527,2.5675,9.9423,1]}],"loopBehavior":1,"name":"anim","property":"_matrix"}},
{"name":"L_LipCorner","index":23,"matrix":[1,0,0,0,0,1,0,0,0,0,1,0,2.9076,2.9095,12.5938,1],"rest":[1,0,0,0,0,1,0,0,0,0,1,0,2.9076,2.9095,12.5938,1],"parentBoneIndex":6,"length":0.9548
,"animation":{"dataType":3,"framePerSecond":24,"keys":[
{"frame":1,"values":[1,0,0,0,0,1,0,0,0,0,1,0,2.9076,2.9095,12.5938,1]},
{"frame":25,"values":[1,0,0,0,0,1,0,0,0,0,1,0,2.9076,2.9095,12.5938,1]}],"loopBehavior":1,"name":"anim","property":"_matrix"}},
{"name":"L_LipCornerLowTweak","index":24,"matrix":[1,0,0,0,0,1,0,0,0,0,1,0,-0.8072,-0.3254,0.4547,1],"rest":[1,0,0,0,0,1,0,0,0,0,1,0,-0.8072,-0.3254,0.4547,1],"parentBoneIndex":23,"length":0.9548
,"animation":{"dataType":3,"framePerSecond":24,"keys":[
{"frame":1,"values":[1,0,0,0,0,1,0,0,0,0,1,0,-0.8072,-0.3254,0.4547,1]},
{"frame":25,"values":[1,0,0,0,0,1,0,0,0,0,1,0,-0.8072,-0.3254,0.4547,1]}],"loopBehavior":1,"name":"anim","property":"_matrix"}},
{"name":"L_LipCornerUpTweak","index":25,"matrix":[1,0,0,0,0,1,0,0,0,0,1,0,-0.7251,0.0237,0.5782,1],"rest":[1,0,0,0,0,1,0,0,0,0,1,0,-0.7251,0.0237,0.5782,1],"parentBoneIndex":23,"length":0.9548
,"animation":{"dataType":3,"framePerSecond":24,"keys":[
{"frame":1,"values":[1,0,0,0,0,1,0,0,0,0,1,0,-0.7251,0.0237,0.5782,1]},
{"frame":25,"values":[1,0,0,0,0,1,0,0,0,0,1,0,-0.7251,0.0237,0.5782,1]}],"loopBehavior":1,"name":"anim","property":"_matrix"}},
{"name":"L_LipLower","index":26,"matrix":[1,0,0,0,0,1,0,0,0,0,1,0,1.2586,2.3762,13.5915,1],"rest":[1,0,0,0,0,1,0,0,0,0,1,0,1.2586,2.3762,13.5915,1],"parentBoneIndex":6,"length":14.8424
,"animation":{"dataType":3,"framePerSecond":24,"keys":[
{"frame":1,"values":[1,0,0,0,0,1,0,0,0,0,1,0,1.2586,2.3762,13.5915,1]},
{"frame":25,"values":[1,0,0,0,0,1,0,0,0,0,1,0,1.2586,2.3762,13.5915,1]}],"loopBehavior":1,"name":"anim","property":"_matrix"}},
{"name":"L_LipUpper","index":27,"matrix":[1,0,0,0,0,1,0,0,0,0,1,0,1.2981,3.1535,13.8987,1],"rest":[1,0,0,0,0,1,0,0,0,0,1,0,1.2981,3.1535,13.8987,1],"parentBoneIndex":6,"length":14.8424
,"animation":{"dataType":3,"framePerSecond":24,"keys":[
{"frame":1,"values":[1,0,0,0,0,1,0,0,0,0,1,0,1.2981,3.1535,13.8987,1]},
{"frame":25,"values":[1,0,0,0,0,1,0,0,0,0,1,0,1.2981,3.1535,13.8987,1]}],"loopBehavior":1,"name":"anim","property":"_matrix"}},
{"name":"LipMidLower","index":28,"matrix":[1,0,0,0,0,1,0,0,0,0,1,0,0,2.4182,14.0113,1],"rest":[1,0,0,0,0,1,0,0,0,0,1,0,0,2.4182,14.0113,1],"parentBoneIndex":6,"length":14.8424
,"animation":{"dataType":3,"framePerSecond":24,"keys":[
{"frame":1,"values":[1,0,0,0,0,1,0,0,0,0,1,0,0,2.4182,14.0113,1]},
{"frame":25,"values":[1,0,0,0,0,1,0,0,0,0,1,0,0,2.4182,14.0113,1]}],"loopBehavior":1,"name":"anim","property":"_matrix"}},
{"name":"LipMidUpper","index":29,"matrix":[1,0,0,0,0,1,0,0,0,0,1,0,0,3.2177,14.3127,1],"rest":[1,0,0,0,0,1,0,0,0,0,1,0,0,3.2177,14.3127,1],"parentBoneIndex":6,"length":14.8424
,"animation":{"dataType":3,"framePerSecond":24,"keys":[
{"frame":1,"values":[1,0,0,0,0,1,0,0,0,0,1,0,0,3.2177,14.3127,1]},
{"frame":25,"values":[1,0,0,0,0,1,0,0,0,0,1,0,0,3.2177,14.3127,1]}],"loopBehavior":1,"name":"anim","property":"_matrix"}},
{"name":"L_CheekFold","index":30,"matrix":[1,0,0,0,0,1,0,0,0,0,1,0,2.8997,4.8397,12.9905,1],"rest":[1,0,0,0,0,1,0,0,0,0,1,0,2.8997,4.8397,12.9905,1],"parentBoneIndex":6,"length":14.8424
,"animation":{"dataType":3,"framePerSecond":24,"keys":[
{"frame":1,"values":[1,0,0,0,0,1,0,0,0,0,1,0,2.8997,4.8397,12.9905,1]},
{"frame":25,"values":[1,0,0,0,0,1,0,0,0,0,1,0,2.8997,4.8397,12.9905,1]}],"loopBehavior":1,"name":"anim","property":"_matrix"}},
{"name":"L_Nostril","index":31,"matrix":[1,0,0,0,0,1,0,0,0,0,1,0,1.2793,5.2449,14.0405,1],"rest":[1,0,0,0,0,1,0,0,0,0,1,0,1.2793,5.2449,14.0405,1],"parentBoneIndex":6,"length":14.8424
,"animation":{"dataType":3,"framePerSecond":24,"keys":[
{"frame":1,"values":[1,0,0,0,0,1,0,0,0,0,1,0,1.2793,5.2449,14.0405,1]},
{"frame":25,"values":[1,0,0,0,0,1,0,0,0,0,1,0,1.2793,5.2449,14.0405,1]}],"loopBehavior":1,"name":"anim","property":"_matrix"}},
{"name":"Scalp","index":32,"matrix":[1,0,0,0,0,1,0,0,0,0,1,0,0.0038,15.512,8.5871,1],"rest":[1,0,0,0,0,1,0,0,0,0,1,0,0.0038,15.512,8.5871,1],"parentBoneIndex":6,"length":14.8424
,"animation":{"dataType":3,"framePerSecond":24,"keys":[
{"frame":1,"values":[1,0,0,0,0,1,0,0,0,0,1,0,0.0038,15.512,8.5871,1]},
{"frame":25,"values":[1,0,0,0,0,1,0,0,0,0,1,0,0.0038,15.512,8.5871,1]}],"loopBehavior":1,"name":"anim","property":"_matrix"}},
{"name":"L_OuterCheek","index":33,"matrix":[1,0,0,0,0,1,0,0,0,0,1,0,4.805,7.1686,11.679,1],"rest":[1,0,0,0,0,1,0,0,0,0,1,0,4.805,7.1686,11.679,1],"parentBoneIndex":6,"length":14.8424
,"animation":{"dataType":3,"framePerSecond":24,"keys":[
{"frame":1,"values":[1,0,0,0,0,1,0,0,0,0,1,0,4.805,7.1686,11.679,1]},
{"frame":25,"values":[1,0,0,0,0,1,0,0,0,0,1,0,4.805,7.1686,11.679,1]}],"loopBehavior":1,"name":"anim","property":"_matrix"}},
{"name":"R_LipLower","index":34,"matrix":[1,0,0,0,0,1,0,0,0,0,1,0,-1.2586,2.3762,13.5915,1],"rest":[1,0,0,0,0,1,0,0,0,0,1,0,-1.2586,2.3762,13.5915,1],"parentBoneIndex":6,"length":14.8424
,"animation":{"dataType":3,"framePerSecond":24,"keys":[
{"frame":1,"values":[1,0,0,0,0,1,0,0,0,0,1,0,-1.2586,2.3762,13.5915,1]},
{"frame":25,"values":[1,0,0,0,0,1,0,0,0,0,1,0,-1.2586,2.3762,13.5915,1]}],"loopBehavior":1,"name":"anim","property":"_matrix"}},
{"name":"RightNostril","index":35,"matrix":[1,0,0,0,0,1,0,0,0,0,1,0,-1.2793,5.2449,14.0405,1],"rest":[1,0,0,0,0,1,0,0,0,0,1,0,-1.2793,5.2449,14.0405,1],"parentBoneIndex":6,"length":14.8424
,"animation":{"dataType":3,"framePerSecond":24,"keys":[
{"frame":1,"values":[1,0,0,0,0,1,0,0,0,0,1,0,-1.2793,5.2449,14.0405,1]},
{"frame":25,"values":[1,0,0,0,0,1,0,0,0,0,1,0,-1.2793,5.2449,14.0405,1]}],"loopBehavior":1,"name":"anim","property":"_matrix"}},
{"name":"R_CheekFold","index":36,"matrix":[1,0,0,0,0,1,0,0,0,0,1,0,-2.8997,4.8397,12.9905,1],"rest":[1,0,0,0,0,1,0,0,0,0,1,0,-2.8997,4.8397,12.9905,1],"parentBoneIndex":6,"length":14.8424
,"animation":{"dataType":3,"framePerSecond":24,"keys":[
{"frame":1,"values":[1,0,0,0,0,1,0,0,0,0,1,0,-2.8997,4.8397,12.9905,1]},
{"frame":25,"values":[1,0,0,0,0,1,0,0,0,0,1,0,-2.8997,4.8397,12.9905,1]}],"loopBehavior":1,"name":"anim","property":"_matrix"}},
{"name":"R_LowerCheek","index":37,"matrix":[1,0,0,0,0,1,0,0,0,0,1,0,-4.3527,2.5675,9.9423,1],"rest":[1,0,0,0,0,1,0,0,0,0,1,0,-4.3527,2.5675,9.9423,1],"parentBoneIndex":6,"length":14.8424
,"animation":{"dataType":3,"framePerSecond":24,"keys":[
{"frame":1,"values":[1,0,0,0,0,1,0,0,0,0,1,0,-4.3527,2.5675,9.9423,1]},
{"frame":25,"values":[1,0,0,0,0,1,0,0,0,0,1,0,-4.3527,2.5675,9.9423,1]}],"loopBehavior":1,"name":"anim","property":"_matrix"}},
{"name":"R_gLipCorner","index":38,"matrix":[1,0,0,0,0,1,0,0,0,0,1,0,-2.9076,2.9095,12.5938,1],"rest":[1,0,0,0,0,1,0,0,0,0,1,0,-2.9076,2.9095,12.5938,1],"parentBoneIndex":6,"length":0.9548
,"animation":{"dataType":3,"framePerSecond":24,"keys":[
{"frame":1,"values":[1,0,0,0,0,1,0,0,0,0,1,0,-2.9076,2.9095,12.5938,1]},
{"frame":25,"values":[1,0,0,0,0,1,0,0,0,0,1,0,-2.9076,2.9095,12.5938,1]}],"loopBehavior":1,"name":"anim","property":"_matrix"}},
{"name":"R_gLipCornerLowTweak","index":39,"matrix":[1,0,0,0,0,1,0,0,0,0,1,0,0.8072,-0.3254,0.4547,1],"rest":[1,0,0,0,0,1,0,0,0,0,1,0,0.8072,-0.3254,0.4547,1],"parentBoneIndex":38,"length":0.9548
,"animation":{"dataType":3,"framePerSecond":24,"keys":[
{"frame":1,"values":[1,0,0,0,0,1,0,0,0,0,1,0,0.8072,-0.3254,0.4547,1]},
{"frame":25,"values":[1,0,0,0,0,1,0,0,0,0,1,0,0.8072,-0.3254,0.4547,1]}],"loopBehavior":1,"name":"anim","property":"_matrix"}},
{"name":"R_gLipCornerUpTweak","index":40,"matrix":[1,0,0,0,0,1,0,0,0,0,1,0,0.7251,0.0237,0.5782,1],"rest":[1,0,0,0,0,1,0,0,0,0,1,0,0.7251,0.0237,0.5782,1],"parentBoneIndex":38,"length":0.9548
,"animation":{"dataType":3,"framePerSecond":24,"keys":[
{"frame":1,"values":[1,0,0,0,0,1,0,0,0,0,1,0,0.7251,0.0237,0.5782,1]},
{"frame":25,"values":[1,0,0,0,0,1,0,0,0,0,1,0,0.7251,0.0237,0.5782,1]}],"loopBehavior":1,"name":"anim","property":"_matrix"}},
{"name":"R_LipUpper","index":41,"matrix":[1,0,0,0,0,1,0,0,0,0,1,0,-1.2981,3.1535,13.8987,1],"rest":[1,0,0,0,0,1,0,0,0,0,1,0,-1.2981,3.1535,13.8987,1],"parentBoneIndex":6,"length":14.8424
,"animation":{"dataType":3,"framePerSecond":24,"keys":[
{"frame":1,"values":[1,0,0,0,0,1,0,0,0,0,1,0,-1.2981,3.1535,13.8987,1]},
{"frame":25,"values":[1,0,0,0,0,1,0,0,0,0,1,0,-1.2981,3.1535,13.8987,1]}],"loopBehavior":1,"name":"anim","property":"_matrix"}},
{"name":"R_OuterCheek","index":42,"matrix":[1,0,0,0,0,1,0,0,0,0,1,0,-4.805,7.1686,11.679,1],"rest":[1,0,0,0,0,1,0,0,0,0,1,0,-4.805,7.1686,11.679,1],"parentBoneIndex":6,"length":14.8424
,"animation":{"dataType":3,"framePerSecond":24,"keys":[
{"frame":1,"values":[1,0,0,0,0,1,0,0,0,0,1,0,-4.805,7.1686,11.679,1]},
{"frame":25,"values":[1,0,0,0,0,1,0,0,0,0,1,0,-4.805,7.1686,11.679,1]}],"loopBehavior":1,"name":"anim","property":"_matrix"}},
{"name":"MidBrows","index":43,"matrix":[1,0,0,0,0,1,0,0,0,0,1,0,0,10.8004,14.2738,1],"rest":[1,0,0,0,0,1,0,0,0,0,1,0,0,10.8004,14.2738,1],"parentBoneIndex":6,"length":14.8424
,"animation":{"dataType":3,"framePerSecond":24,"keys":[
{"frame":1,"values":[1,0,0,0,0,1,0,0,0,0,1,0,0,10.8004,14.2738,1]},
{"frame":25,"values":[1,0,0,0,0,1,0,0,0,0,1,0,0,10.8004,14.2738,1]}],"loopBehavior":1,"name":"anim","property":"_matrix"}},
{"name":"R_InnerBrow","index":44,"matrix":[1,0,0,0,0,1,0,0,0,0,1,0,-1.6599,10.7576,14.115,1],"rest":[1,0,0,0,0,1,0,0,0,0,1,0,-1.6599,10.7576,14.115,1],"parentBoneIndex":6,"length":14.8424
,"animation":{"dataType":3,"framePerSecond":24,"keys":[
{"frame":1,"values":[1,0,0,0,0,1,0,0,0,0,1,0,-1.6599,10.7576,14.115,1]},
{"frame":25,"values":[1,0,0,0,0,1,0,0,0,0,1,0,-1.6599,10.7576,14.115,1]}],"loopBehavior":1,"name":"anim","property":"_matrix"}},
{"name":"R_MidBrow","index":45,"matrix":[1,0,0,0,0,1,0,0,0,0,1,0,-3.3668,11.4156,13.6166,1],"rest":[1,0,0,0,0,1,0,0,0,0,1,0,-3.3668,11.4156,13.6166,1],"parentBoneIndex":6,"length":14.8424
,"animation":{"dataType":3,"framePerSecond":24,"keys":[
{"frame":1,"values":[1,0,0,0,0,1,0,0,0,0,1,0,-3.3668,11.4156,13.6166,1]},
{"frame":25,"values":[1,0,0,0,0,1,0,0,0,0,1,0,-3.3668,11.4156,13.6166,1]}],"loopBehavior":1,"name":"anim","property":"_matrix"}},
{"name":"R_IOuterBrow","index":46,"matrix":[1,0,0,0,0,1,0,0,0,0,1,0,-5.185,11.3348,12.3701,1],"rest":[1,0,0,0,0,1,0,0,0,0,1,0,-5.185,11.3348,12.3701,1],"parentBoneIndex":6,"length":14.8424
,"animation":{"dataType":3,"framePerSecond":24,"keys":[
{"frame":1,"values":[1,0,0,0,0,1,0,0,0,0,1,0,-5.185,11.3348,12.3701,1]},
{"frame":25,"values":[1,0,0,0,0,1,0,0,0,0,1,0,-5.185,11.3348,12.3701,1]}],"loopBehavior":1,"name":"anim","property":"_matrix"}},
{"name":"R_Eye","index":47,"matrix":[1,0,0,0,0,1,0,0,0,0,1,0,-3.0989,9.6989,11.4382,1],"rest":[1,0,0,0,0,1,0,0,0,0,1,0,-3.0989,9.6989,11.4382,1],"parentBoneIndex":6,"length":14.8424
,"animation":{"dataType":3,"framePerSecond":24,"keys":[
{"frame":1,"values":[1,0,0,0,0,1,0,0,0,0,1,0,-3.0989,9.6989,11.4382,1]},
{"frame":25,"values":[1,0,0,0,0,1,0,0,0,0,1,0,-3.0989,9.6989,11.4382,1]}],"loopBehavior":1,"name":"anim","property":"_matrix"}},
{"name":"R_EyelidLower","index":48,"matrix":[1,0,0,0,0,1,0,0,0,0,1,0,-3.0989,9.6989,11.4382,1],"rest":[1,0,0,0,0,1,0,0,0,0,1,0,-3.0989,9.6989,11.4382,1],"parentBoneIndex":6,"length":14.8424
,"animation":{"dataType":3,"framePerSecond":24,"keys":[
{"frame":1,"values":[1,0,0,0,0,1,0,0,0,0,1,0,-3.0989,9.6989,11.4382,1]},
{"frame":25,"values":[1,0,0,0,0,1,0,0,0,0,1,0,-3.0989,9.6989,11.4382,1]}],"loopBehavior":1,"name":"anim","property":"_matrix"}},
{"name":"R_EyelidUpper","index":49,"matrix":[1,0,0,0,0,1,0,0,0,0,1,0,-3.0989,9.6989,11.4382,1],"rest":[1,0,0,0,0,1,0,0,0,0,1,0,-3.0989,9.6989,11.4382,1],"parentBoneIndex":6,"length":14.8424
,"animation":{"dataType":3,"framePerSecond":24,"keys":[
{"frame":1,"values":[1,0,0,0,0,1,0,0,0,0,1,0,-3.0989,9.6989,11.4382,1]},
{"frame":25,"values":[1,0,0,0,0,1,0,0,0,0,1,0,-3.0989,9.6989,11.4382,1]}],"loopBehavior":1,"name":"anim","property":"_matrix"}},
{"name":"R_Temple","index":50,"matrix":[1,0,0,0,0,1,0,0,0,0,1,0,-6.7164,11.953,7.4033,1],"rest":[1,0,0,0,0,1,0,0,0,0,1,0,-6.7164,11.953,7.4033,1],"parentBoneIndex":6,"length":14.8424
,"animation":{"dataType":3,"framePerSecond":24,"keys":[
{"frame":1,"values":[1,0,0,0,0,1,0,0,0,0,1,0,-6.7164,11.953,7.4033,1]},
{"frame":25,"values":[1,0,0,0,0,1,0,0,0,0,1,0,-6.7164,11.953,7.4033,1]}],"loopBehavior":1,"name":"anim","property":"_matrix"}},
{"name":"R_Ear","index":51,"matrix":[1,0,0,0,0,1,0,0,0,0,1,0,-6.8586,8.862,3.3161,1],"rest":[1,0,0,0,0,1,0,0,0,0,1,0,-6.8586,8.862,3.3161,1],"parentBoneIndex":6,"length":14.8424
,"animation":{"dataType":3,"framePerSecond":24,"keys":[
{"frame":1,"values":[1,0,0,0,0,1,0,0,0,0,1,0,-6.8586,8.862,3.3161,1]},
