{"producer":{"name":"Blender","version":"2.90.0","exporter_version":"2.80.1","file":"option_fight_smash.babylon"},
"autoClear":true,"clearColor":[0.0509,0.0509,0.0509],"gravity":[0,-9.81,0],
"materials":[{"name":"Material","id":"Material","customType":"BABYLON.PBRMaterial","backFaceCulling":true,"checkReadyOnlyOnce":false,"maxSimultaneousLights":4,"environmentIntensity":1,"albedo":[0.8,0.8,0.8],"reflectivity":[0.5,0.5,0.5],"roughness":0.4,"alpha":1,"transparencyMode":0,"alphaCutOff":0.4,"metallic":0}],
"multiMaterials":[],
"skeletons":[{"name":"Armature","id":0,"dimensionsAtRest":[188.1767,188.0947,21.7491],"bones":[
{"name":"Hips","index":0,"matrix":[0.923,-0.0476,-0.3818,0,-0.0669,0.9573,-0.2812,0,-0.3789,-0.2851,-0.8804,0,0.1076,81.0748,-1.6852,1],"rest":[1,0,0,0,0,1,0,0,0,0,-1,0,0,96.3764,0,1],"parentBoneIndex":-1,"length":9.9032
,"animation":{"dataType":3,"framePerSecond":24,"keys":[
{"frame":1,"values":[0.923,-0.0476,-0.3818,0,-0.0669,0.9573,-0.2812,0,-0.3789,-0.2851,-0.8804,0,0.1076,81.0748,-1.6852,1]},
{"frame":2,"values":[0.9256,-0.0471,-0.3756,0,-0.0649,0.9578,-0.2799,0,-0.3729,-0.2834,-0.8835,0,0.2394,80.9923,-1.847,1]},
{"frame":3,"values":[0.9274,-0.0462,-0.3712,0,-0.0648,0.9575,-0.2811,0,-0.3685,-0.2847,-0.885,0,0.2879,80.9154,-1.9553,1]},
{"frame":4,"values":[0.9295,-0.0455,-0.366,0,-0.0636,0.9577,-0.2806,0,-0.3633,-0.2841,-0.8873,0,0.3133,80.8693,-2.0791,1]},
{"frame":5,"values":[0.931,-0.0438,-0.3625,0,-0.064,0.9578,-0.2802,0,-0.3595,-0.284,-0.8889,0,0.3032,80.8357,-2.209,1]},
{"frame":6,"values":[0.9317,-0.0426,-0.3607,0,-0.0646,0.9579,-0.2799,0,-0.3574,-0.2841,-0.8897,0,0.2817,80.8189,-2.3343,1]},
{"frame":7,"values":[0.931,-0.0408,-0.3627,0,-0.0666,0.9581,-0.2785,0,-0.3589,-0.2835,-0.8893,0,0.2672,80.8067,-2.473,1]},
{"frame":8,"values":[0.9265,-0.0381,-0.3743,0,-0.0719,0.9586,-0.2755,0,-0.3693,-0.2821,-0.8854,0,0.2871,80.788,-2.6676,1]},
{"frame":9,"values":[0.9158,-0.0346,-0.4002,0,-0.0813,0.9597,-0.2689,0,-0.3934,-0.2787,-0.8761,0,0.4311,80.752,-2.9491,1]},
{"frame":10,"values":[0.8957,-0.0284,-0.4437,0,-0.0968,0.9615,-0.2571,0,-0.434,-0.2732,-0.8585,0,0.7358,80.6931,-3.3459,1]},
{"frame":11,"values":[0.8649,-0.0202,-0.5015,0,-0.1164,0.9639,-0.2396,0,-0.4882,-0.2656,-0.8313,0,1.1943,80.5694,-3.847,1]},
{"frame":12,"values":[0.8209,-0.0123,-0.571,0,-0.1384,0.9657,-0.2197,0,-0.5541,-0.2594,-0.791,0,1.7077,80.3144,-4.3955,1]},
{"frame":13,"values":[0.7664,-0.0065,-0.6424,0,-0.1607,0.9662,-0.2015,0,-0.622,-0.2576,-0.7394,0,2.1734,79.9237,-4.94,1]},
{"frame":14,"values":[0.7099,-0.0046,-0.7043,0,-0.1818,0.9649,-0.1896,0,-0.6804,-0.2626,-0.6842,0,2.5135,79.4496,-5.4242,1]},
{"frame":15,"values":[0.6581,-0.0078,-0.7529,0,-0.2012,0.9618,-0.1859,0,-0.7256,-0.2738,-0.6313,0,2.6324,78.9569,-5.8087,1]},
{"frame":16,"values":[0.6242,-0.0133,-0.7812,0,-0.2142,0.9587,-0.1874,0,-0.7514,-0.2843,-0.5955,0,2.5435,78.5848,-6.1175,1]},
{"frame":17,"values":[0.6122,-0.018,-0.7905,0,-0.2186,0.9569,-0.1911,0,-0.7599,-0.2898,-0.5819,0,2.2851,78.4387,-6.3963,1]},
{"frame":18,"values":[0.6245,-0.0251,-0.7806,0,-0.2072,0.9584,-0.1966,0,-0.7531,-0.2845,-0.5933,0,1.7792,78.6039,-6.5928,1]},
{"frame":19,"values":[0.6686,-0.0335,-0.7429,0,-0.1767,0.9632,-0.2025,0,-0.7223,-0.2666,-0.6381,0,0.8965,79.2724,-6.7313,1]},
{"frame":20,"values":[0.7547,-0.0445,-0.6546,0,-0.1239,0.9701,-0.2088,0,-0.6443,-0.2386,-0.7266,0,-0.5128,80.4548,-6.8134,1]},
{"frame":21,"values":[0.8671,-0.0585,-0.4946,0,-0.0491,0.9782,-0.2018,0,-0.4957,-0.1993,-0.8453,0,-2.4273,82.1412,-7.0612,1]},
{"frame":22,"values":[0.9638,-0.0822,-0.2535,0,0.0387,0.9844,-0.1718,0,-0.2637,-0.1558,-0.9519,0,-4.5432,84.1283,-7.712,1]},
{"frame":23,"values":[0.9933,-0.1142,0.0152,0,0.1152,0.9864,-0.1172,0,0.0016,-0.1182,-0.993,0,-6.3733,85.3977,-8.7993,1]},
{"frame":24,"values":[0.966,-0.1341,0.2212,0,0.1506,0.9868,-0.0594,0,0.2104,-0.0907,-0.9734,0,-7.3996,85.3316,-9.8692,1]},
{"frame":25,"values":[0.9103,-0.1309,0.3927,0,0.1518,0.9882,-0.0225,0,0.3851,-0.0801,-0.9194,0,-7.6293,84.1877,-11.2109,1]},
{"frame":26,"values":[0.826,-0.1023,0.5543,0,0.1402,0.9898,-0.0264,0,0.5459,-0.0995,-0.8319,0,-7.9225,82.7721,-12.7939,1]},
{"frame":27,"values":[0.71,-0.0679,0.701,0,0.1427,0.9886,-0.0488,0,0.6896,-0.1347,-0.7115,0,-8.4805,80.6216,-14.3853,1]},
{"frame":28,"values":[0.6005,-0.0432,0.7984,0,0.162,0.9844,-0.0686,0,0.783,-0.1706,-0.5981,0,-8.8549,78.6822,-15.5355,1]},
{"frame":29,"values":[0.5379,-0.0234,0.8427,0,0.1819,0.9793,-0.0889,0,0.8232,-0.2011,-0.531,0,-9.3116,77.3024,-16.2094,1]},
{"frame":30,"values":[0.5318,-0.0231,0.8466,0,0.1971,0.9756,-0.0972,0,0.8236,-0.2185,-0.5234,0,-9.4989,76.8593,-16.5429,1]},
{"frame":31,"values":[0.5731,-0.0359,0.8187,0,0.1993,0.9752,-0.0968,0,0.7949,-0.2186,-0.5661,0,-9.0162,77.2459,-16.451,1]},
{"frame":32,"values":[0.6437,-0.0534,0.7634,0,0.1939,0.9764,-0.0952,0,0.7403,-0.2093,-0.6389,0,-8.1036,78.2143,-15.9079,1]},
{"frame":33,"values":[0.7268,-0.0704,0.6832,0,0.1856,0.9779,-0.0966,0,0.6613,-0.197,-0.7238,0,-6.8763,79.5494,-15.0131,1]},
{"frame":34,"values":[0.8143,-0.0838,0.5744,0,0.1729,0.9796,-0.1021,0,0.5541,-0.1824,-0.8122,0,-5.4747,80.8633,-13.8979,1]},
{"frame":35,"values":[0.8908,-0.0935,0.4448,0,0.1564,0.9819,-0.1067,0,0.4267,-0.1646,-0.8893,0,-3.9458,81.9435,-12.7133,1]},
{"frame":36,"values":[0.9472,-0.1008,0.3044,0,0.1418,0.9832,-0.1154,0,0.2876,-0.1524,-0.9455,0,-2.6273,82.7801,-11.4928,1]},
{"frame":37,"values":[0.9804,-0.1019,0.1685,0,0.1232,0.9849,-0.1213,0,0.1536,-0.1397,-0.9782,0,-1.5415,83.2331,-10.1838,1]},
{"frame":38,"values":[0.9939,-0.1002,0.0453,0,0.1053,0.986,-0.1292,0,0.0317,-0.1331,-0.9906,0,-0.7643,83.3486,-8.9583,1]},
{"frame":39,"values":[0.9925,-0.095,-0.0771,0,0.0832,0.9861,-0.1437,0,-0.0897,-0.1362,-0.9866,0,-0.0836,83.1533,-7.8056,1]},
{"frame":40,"values":[0.9761,-0.0793,-0.2026,0,0.0451,0.9847,-0.1683,0,-0.2128,-0.1551,-0.9647,0,0.6368,82.7249,-6.7913,1]},
{"frame":41,"values":[0.9437,-0.0617,-0.325,0,-0.0013,0.9818,-0.1901,0,-0.3308,-0.1798,-0.9264,0,1.2516,82.0292,-5.9454,1]},
{"frame":42,"values":[0.9011,-0.0528,-0.4304,0,-0.0417,0.9774,-0.2073,0,-0.4316,-0.2047,-0.8785,0,1.6973,81.0633,-5.1543,1]},
{"frame":43,"values":[0.8581,-0.0477,-0.5113,0,-0.0768,0.9726,-0.2196,0,-0.5078,-0.2277,-0.8308,0,1.9701,79.8918,-4.3769,1]},
{"frame":44,"values":[0.8226,-0.0453,-0.5668,0,-0.1039,0.968,-0.2282,0,-0.559,-0.2466,-0.7916,0,2.0302,78.8234,-3.7092,1]},
{"frame":45,"values":[0.7972,-0.0463,-0.602,0,-0.1257,0.9625,-0.2404,0,-0.5905,-0.2673,-0.7615,0,1.985,77.9945,-3.0928,1]},
{"frame":46,"values":[0.7863,-0.0451,-0.6163,0,-0.1423,0.9573,-0.2517,0,-0.6013,-0.2856,-0.7463,0,1.8733,77.5325,-2.5469,1]},
{"frame":47,"values":[0.7849,-0.0405,-0.6183,0,-0.1541,0.9538,-0.2581,0,-0.6002,-0.2978,-0.7423,0,1.7005,77.3521,-2.0161,1]},
{"frame":48,"values":[0.7895,-0.0349,-0.6127,0,-0.1602,0.952,-0.2607,0,-0.5924,-0.304,-0.7461,0,1.4931,77.3245,-1.457,1]},
{"frame":49,"values":[0.8007,-0.0321,-0.5982,0,-0.1603,0.9507,-0.2655,0,-0.5772,-0.3084,-0.7561,0,1.2043,77.4477,-0.9827,1]},
{"frame":50,"values":[0.8177,-0.0289,-0.575,0,-0.1572,0.9496,-0.2714,0,-0.5538,-0.3123,-0.7719,0,0.953,77.6288,-0.5632,1]},
{"frame":51,"values":[0.8341,-0.0256,-0.5511,0,-0.1534,0.9488,-0.2763,0,-0.5299,-0.3149,-0.7874,0,0.77,77.8126,-0.1884,1]},
{"frame":52,"values":[0.847,-0.0237,-0.531,0,-0.1484,0.9487,-0.2792,0,-0.5104,-0.3153,-0.8001,0,0.637,77.9757,0.147,1]},
{"frame":53,"values":[0.8588,-0.0229,-0.5118,0,-0.1421,0.9492,-0.2808,0,-0.4922,-0.3139,-0.8119,0,0.4764,78.0791,0.4266,1]},
{"frame":54,"values":[0.8709,-0.0216,-0.4909,0,-0.1353,0.9499,-0.2818,0,-0.4724,-0.3119,-0.8244,0,0.3054,78.1447,0.637,1]},
{"frame":55,"values":[0.8832,-0.0204,-0.4685,0,-0.1275,0.951,-0.2816,0,-0.4513,-0.3085,-0.8374,0,0.1469,78.1753,0.803,1]},
{"frame":56,"values":[0.8942,-0.0204,-0.4471,0,-0.1187,0.9524,-0.2807,0,-0.4316,-0.3041,-0.8493,0,-0.0059,78.2127,0.9131,1]},
{"frame":57,"values":[0.903,-0.0207,-0.4291,0,-0.1108,0.9538,-0.2792,0,-0.4151,-0.2996,-0.859,0,-0.1278,78.3001,0.9664,1]},
{"frame":58,"values":[0.9099,-0.0218,-0.4143,0,-0.1031,0.9554,-0.2767,0,-0.4019,-0.2945,-0.8671,0,-0.2178,78.451,0.9629,1]},
{"frame":59,"values":[0.9148,-0.0236,-0.4033,0,-0.0966,0.9565,-0.2752,0,-0.3922,-0.2907,-0.8727,0,-0.2825,78.7059,0.8855,1]},
{"frame":60,"values":[0.9184,-0.0255,-0.3948,0,-0.0908,0.9577,-0.2731,0,-0.385,-0.2867,-0.8772,0,-0.3226,79.0335,0.7802,1]},
{"frame":61,"values":[0.9206,-0.0275,-0.3895,0,-0.086,0.9588,-0.2709,0,-0.3808,-0.2829,-0.8803,0,-0.3351,79.4071,0.63,1]},
{"frame":62,"values":[0.9217,-0.0294,-0.3867,0,-0.082,0.9598,-0.2685,0,-0.3791,-0.2792,-0.8822,0,-0.3103,79.7755,0.4457,1]},
{"frame":63,"values":[0.9219,-0.0308,-0.3862,0,-0.0795,0.9606,-0.2664,0,-0.3792,-0.2763,-0.8831,0,-0.2639,80.093,0.2302,1]},
{"frame":64,"values":[0.9212,-0.0329,-0.3876,0,-0.0773,0.961,-0.2654,0,-0.3812,-0.2745,-0.8828,0,-0.1946,80.3548,0.0104,1]},
{"frame":65,"values":[0.9203,-0.0346,-0.3896,0,-0.0759,0.9614,-0.2645,0,-0.3838,-0.2729,-0.8822,0,-0.1168,80.5564,-0.223,1]},
{"frame":66,"values":[0.9197,-0.036,-0.3909,0,-0.0747,0.9615,-0.2643,0,-0.3854,-0.2723,-0.8817,0,-0.0485,80.715,-0.4554,1]},
{"frame":67,"values":[0.9198,-0.0376,-0.3906,0,-0.0734,0.9614,-0.2653,0,-0.3855,-0.2727,-0.8815,0,0.0047,80.8433,-0.6706,1]},
{"frame":68,"values":[0.9203,-0.039,-0.3892,0,-0.0724,0.9609,-0.2674,0,-0.3844,-0.2743,-0.8815,0,0.0432,80.9419,-0.8676,1]},
{"frame":69,"values":[0.921,-0.0405,-0.3874,0,-0.0715,0.9601,-0.2702,0,-0.3829,-0.2765,-0.8814,0,0.0918,81.035,-1.0597,1]},
{"frame":70,"values":[0.9216,-0.0423,-0.3858,0,-0.0705,0.9592,-0.2737,0,-0.3816,-0.2794,-0.8811,0,0.0953,81.0681,-1.2444,1]},
{"frame":71,"values":[0.9224,-0.0446,-0.3837,0,-0.0689,0.9584,-0.277,0,-0.3801,-0.2819,-0.881,0,0.1161,81.1017,-1.4169,1]},
{"frame":72,"values":[0.9227,-0.0463,-0.3827,0,-0.0678,0.9578,-0.2794,0,-0.3795,-0.2838,-0.8806,0,0.1167,81.0972,-1.5573,1]},
{"frame":73,"values":[0.923,-0.0476,-0.3818,0,-0.0669,0.9573,-0.2812,0,-0.3789,-0.2851,-0.8804,0,0.1076,81.0748,-1.6852,1]}],"loopBehavior":1,"name":"anim","property":"_matrix"}},
{"name":"Spine","index":1,"matrix":[0.9991,-0.0425,-0.0042,0,0.0426,0.9838,0.174,0,-0.0033,-0.174,0.9847,0,0,9.2263,1.5771,1],"rest":[1,0,0,0,0,1,0,0,0,0,1,0,0,9.2263,1.5771,1],"parentBoneIndex":0,"length":16.2548
,"animation":{"dataType":3,"framePerSecond":24,"keys":[
{"frame":1,"values":[0.9991,-0.0425,-0.0042,0,0.0426,0.9838,0.174,0,-0.0033,-0.174,0.9847,0,0,9.2263,1.5771,1]},
{"frame":2,"values":[0.999,-0.0434,-0.0063,0,0.0439,0.9832,0.177,0,-0.0015,-0.1771,0.9842,0,0,9.2263,1.5771,1]},
{"frame":3,"values":[0.999,-0.0448,-0.0088,0,0.0457,0.9831,0.177,0,0.0007,-0.1772,0.9842,0,0,9.2263,1.5771,1]},
{"frame":4,"values":[0.999,-0.0446,-0.0096,0,0.0456,0.983,0.178,0,0.0015,-0.1783,0.984,0,0,9.2263,1.5771,1]},
{"frame":5,"values":[0.9989,-0.045,-0.011,0,0.0462,0.983,0.1778,0,0.0028,-0.1781,0.984,0,0,9.2263,1.5771,1]},
{"frame":6,"values":[0.999,-0.0438,-0.0119,0,0.0452,0.9832,0.1766,0,0.004,-0.177,0.9842,0,0,9.2263,1.5771,1]},
{"frame":7,"values":[0.9991,-0.0414,-0.0131,0,0.043,0.9837,0.1747,0,0.0056,-0.1751,0.9845,0,0,9.2263,1.5771,1]},
{"frame":8,"values":[0.9992,-0.0381,-0.0153,0,0.0402,0.9845,0.1709,0,0.0085,-0.1714,0.9852,0,0,9.2263,1.5771,1]},
{"frame":9,"values":[0.9993,-0.0326,-0.0169,0,0.035,0.9854,0.1669,0,0.0112,-0.1674,0.9858,0,0,9.2263,1.5771,1]},
{"frame":10,"values":[0.9996,-0.0262,-0.0138,0,0.0281,0.986,0.1641,0,0.0093,-0.1645,0.9863,0,0,9.2263,1.5771,1]},
{"frame":11,"values":[0.9998,-0.0177,0.0016,0,0.0172,0.9861,0.1651,0,-0.0045,-0.165,0.9863,0,0,9.2263,1.5771,1]},
{"frame":12,"values":[0.9995,-0.0078,0.0321,0,0.0023,0.9859,0.1672,0,-0.0329,-0.167,0.9854,0,0,9.2263,1.5771,1]},
{"frame":13,"values":[0.9972,0.0034,0.0748,0,-0.016,0.9855,0.1687,0,-0.0732,-0.1694,0.9828,0,0,9.2263,1.5771,1]},
{"frame":14,"values":[0.9913,0.0107,0.1309,0,-0.033,0.985,0.1693,0,-0.1271,-0.1721,0.9768,0,0,9.2263,1.5771,1]},
{"frame":15,"values":[0.9806,0.012,0.1954,0,-0.0451,0.9851,0.1659,0,-0.1905,-0.1715,0.9666,0,0,9.2263,1.5771,1]},
{"frame":16,"values":[0.9662,0.0106,0.2575,0,-0.0533,0.9858,0.1591,0,-0.2521,-0.1675,0.9531,0,0,9.2263,1.5771,1]},
{"frame":17,"values":[0.9533,0.0005,0.3019,0,-0.0482,0.9874,0.1505,0,-0.2981,-0.158,0.9414,0,0,9.2263,1.5771,1]},
{"frame":18,"values":[0.9442,-0.0174,0.3289,0,-0.0316,0.9892,0.1431,0,-0.3278,-0.1455,0.9335,0,0,9.2263,1.5771,1]},
{"frame":19,"values":[0.9397,-0.0406,0.3396,0,-0.0077,0.9902,0.1397,0,-0.3419,-0.1339,0.9301,0,0,9.2263,1.5771,1]},
{"frame":20,"values":[0.9411,-0.0661,0.3317,0,0.0211,0.9903,0.1375,0,-0.3376,-0.1224,0.9333,0,0,9.2263,1.5771,1]},
{"frame":21,"values":[0.9499,-0.09,0.2994,0,0.0509,0.9894,0.136,0,-0.3084,-0.1139,0.9444,0,0,9.2263,1.5771,1]},
{"frame":22,"values":[0.9669,-0.1099,0.2302,0,0.0807,0.9878,0.1329,0,-0.242,-0.1099,0.964,0,0,9.2263,1.5771,1]},
{"frame":23,"values":[0.9853,-0.1184,0.1228,0,0.1032,0.987,0.1235,0,-0.1358,-0.109,0.9847,0,0,9.2263,1.5771,1]},
{"frame":24,"values":[0.9932,-0.1125,-0.0297,0,0.1152,0.9866,0.1156,0,0.0163,-0.1182,0.9929,0,0,9.2263,1.5771,1]},
{"frame":25,"values":[0.9767,-0.0726,-0.2018,0,0.0976,0.9883,0.1169,0,0.191,-0.1338,0.9724,0,0,9.2263,1.5771,1]},
{"frame":26,"values":[0.9395,-0.0346,-0.3409,0,0.0804,0.9894,0.1213,0,0.3331,-0.1414,0.9322,0,0,9.2263,1.5771,1]},
{"frame":27,"values":[0.9091,-0.0277,-0.4157,0,0.0859,0.9888,0.122,0,0.4077,-0.1466,0.9013,0,0,9.2263,1.5771,1]},
{"frame":28,"values":[0.8941,-0.0196,-0.4475,0,0.0867,0.9877,0.1301,0,0.4394,-0.1551,0.8848,0,0,9.2263,1.5771,1]},
{"frame":29,"values":[0.8891,-0.0273,-0.4568,0,0.1025,0.9847,0.1407,0,0.446,-0.1719,0.8784,0,0,9.2263,1.5771,1]},
{"frame":30,"values":[0.8948,-0.0369,-0.4449,0,0.1143,0.9823,0.1483,0,0.4316,-0.1835,0.8832,0,0,9.2263,1.5771,1]},
{"frame":31,"values":[0.9007,-0.0442,-0.4322,0,0.1197,0.9816,0.1491,0,0.4176,-0.186,0.8894,0,0,9.2263,1.5771,1]},
{"frame":32,"values":[0.9078,-0.0494,-0.4164,0,0.1193,0.9824,0.1436,0,0.402,-0.18,0.8978,0,0,9.2263,1.5771,1]},
{"frame":33,"values":[0.9175,-0.0523,-0.3943,0,0.1145,0.9841,0.1359,0,0.3809,-0.1699,0.9089,0,0,9.2263,1.5771,1]},
{"frame":34,"values":[0.9304,-0.0543,-0.3625,0,0.1084,0.9855,0.1306,0,0.3501,-0.1608,0.9228,0,0,9.2263,1.5771,1]},
{"frame":35,"values":[0.9457,-0.0541,-0.3204,0,0.1004,0.9864,0.1299,0,0.3091,-0.1551,0.9383,0,0,9.2263,1.5771,1]},
{"frame":36,"values":[0.9628,-0.0509,-0.2655,0,0.0878,0.9878,0.1289,0,0.2557,-0.1474,0.9555,0,0,9.2263,1.5771,1]},
{"frame":37,"values":[0.9792,-0.0446,-0.1978,0,0.0727,0.9879,0.1373,0,0.1893,-0.1488,0.9706,0,0,9.2263,1.5771,1]},
{"frame":38,"values":[0.9922,-0.0369,-0.1194,0,0.055,0.987,0.1513,0,0.1123,-0.1567,0.9812,0,0,9.2263,1.5771,1]},
{"frame":39,"values":[0.9988,-0.032,-0.0366,0,0.0376,0.986,0.1623,0,0.0309,-0.1635,0.9861,0,0,9.2263,1.5771,1]},
{"frame":40,"values":[0.9985,-0.0351,0.0409,0,0.0279,0.9858,0.1656,0,-0.0461,-0.1642,0.9853,0,0,9.2263,1.5771,1]},
{"frame":41,"values":[0.9938,-0.04,0.1034,0,0.0222,0.9856,0.1678,0,-0.1086,-0.1645,0.9804,0,0,9.2263,1.5771,1]},
{"frame":42,"values":[0.9887,-0.0452,0.1429,0,0.019,0.9835,0.1799,0,-0.1487,-0.1752,0.9732,0,0,9.2263,1.5771,1]},
{"frame":43,"values":[0.9852,-0.0512,0.1635,0,0.0185,0.9805,0.1957,0,-0.1703,-0.1898,0.967,0,0,9.2263,1.5771,1]},
{"frame":44,"values":[0.9837,-0.0555,0.1711,0,0.0188,0.9778,0.2087,0,-0.1789,-0.2021,0.9629,0,0,9.2263,1.5771,1]},
{"frame":45,"values":[0.9845,-0.0561,0.1663,0,0.0194,0.9765,0.2145,0,-0.1745,-0.208,0.9625,0,0,9.2263,1.5771,1]},
{"frame":46,"values":[0.9866,-0.0538,0.1541,0,0.0193,0.9759,0.2173,0,-0.1621,-0.2114,0.9639,0,0,9.2263,1.5771,1]},
{"frame":47,"values":[0.9896,-0.0518,0.1341,0,0.0215,0.9756,0.2185,0,-0.1422,-0.2133,0.9666,0,0,9.2263,1.5771,1]},
{"frame":48,"values":[0.9921,-0.0523,0.1145,0,0.0262,0.9755,0.2182,0,-0.1231,-0.2135,0.9692,0,0,9.2263,1.5771,1]},
{"frame":49,"values":[0.9938,-0.0503,0.0987,0,0.0279,0.9759,0.2166,0,-0.1072,-0.2126,0.9712,0,0,9.2263,1.5771,1]},
{"frame":50,"values":[0.9955,-0.0435,0.0844,0,0.0244,0.9762,0.2154,0,-0.0918,-0.2124,0.9729,0,0,9.2263,1.5771,1]},
{"frame":51,"values":[0.9969,-0.0366,0.07,0,0.0208,0.9765,0.2143,0,-0.0762,-0.2122,0.9742,0,0,9.2263,1.5771,1]},
{"frame":52,"values":[0.9977,-0.0334,0.0584,0,0.0203,0.9769,0.2126,0,-0.0642,-0.2109,0.9754,0,0,9.2263,1.5771,1]},
{"frame":53,"values":[0.9984,-0.0324,0.0471,0,0.0218,0.9776,0.2094,0,-0.0528,-0.208,0.9767,0,0,9.2263,1.5771,1]},
{"frame":54,"values":[0.9989,-0.0301,0.0368,0,0.0218,0.9783,0.2062,0,-0.0422,-0.2051,0.9778,0,0,9.2263,1.5771,1]},
{"frame":55,"values":[0.9992,-0.0285,0.0271,0,0.0224,0.9788,0.2034,0,-0.0324,-0.2026,0.9787,0,0,9.2263,1.5771,1]},
{"frame":56,"values":[0.9995,-0.0277,0.0168,0,0.0238,0.9794,0.2004,0,-0.022,-0.1999,0.9796,0,0,9.2263,1.5771,1]},
{"frame":57,"values":[0.9996,-0.0273,0.0066,0,0.0254,0.9799,0.1979,0,-0.0119,-0.1977,0.9802,0,0,9.2263,1.5771,1]},
{"frame":58,"values":[0.9996,-0.0272,-0.002,0,0.0271,0.9804,0.1953,0,-0.0034,-0.1953,0.9807,0,0,9.2263,1.5771,1]},
{"frame":59,"values":[0.9996,-0.027,-0.0092,0,0.0283,0.9809,0.1924,0,0.0039,-0.1926,0.9813,0,0,9.2263,1.5771,1]},
{"frame":60,"values":[0.9995,-0.0271,-0.0136,0,0.0291,0.9815,0.189,0,0.0082,-0.1893,0.9819,0,0,9.2263,1.5771,1]},
{"frame":61,"values":[0.9995,-0.0279,-0.0154,0,0.0302,0.9822,0.1856,0,0.0099,-0.186,0.9825,0,0,9.2263,1.5771,1]},
{"frame":62,"values":[0.9995,-0.0293,-0.0155,0,0.0316,0.9826,0.1832,0,0.0099,-0.1836,0.9829,0,0,9.2263,1.5771,1]},
{"frame":63,"values":[0.9994,-0.0315,-0.014,0,0.0335,0.9829,0.1809,0,0.0081,-0.1813,0.9834,0,0,9.2263,1.5771,1]},
{"frame":64,"values":[0.9994,-0.0333,-0.0117,0,0.0349,0.9833,0.1788,0,0.0055,-0.179,0.9838,0,0,9.2263,1.5771,1]},
{"frame":65,"values":[0.9993,-0.0351,-0.0083,0,0.0361,0.9835,0.1772,0,0.002,-0.1774,0.9841,0,0,9.2263,1.5771,1]},
{"frame":66,"values":[0.9993,-0.0368,-0.0052,0,0.0372,0.9836,0.1764,0,-0.0014,-0.1765,0.9843,0,0,9.2263,1.5771,1]},
{"frame":67,"values":[0.9993,-0.0382,-0.0028,0,0.038,0.9836,0.1761,0,-0.004,-0.1761,0.9844,0,0,9.2263,1.5771,1]},
{"frame":68,"values":[0.9992,-0.0389,-0.0016,0,0.0385,0.9836,0.176,0,-0.0053,-0.1759,0.9844,0,0,9.2263,1.5771,1]},
{"frame":69,"values":[0.9992,-0.0394,-0.0008,0,0.039,0.9837,0.1758,0,-0.0062,-0.1757,0.9844,0,0,9.2263,1.5771,1]},
{"frame":70,"values":[0.9992,-0.0404,-0.0008,0,0.0399,0.9838,0.175,0,-0.0063,-0.1749,0.9846,0,0,9.2263,1.5771,1]},
{"frame":71,"values":[0.9991,-0.0415,-0.0027,0,0.0413,0.9838,0.1743,0,-0.0046,-0.1742,0.9847,0,0,9.2263,1.5771,1]},
{"frame":72,"values":[0.9991,-0.042,-0.0035,0,0.042,0.9838,0.1743,0,-0.0039,-0.1742,0.9847,0,0,9.2263,1.5771,1]},
{"frame":73,"values":[0.9991,-0.0425,-0.0042,0,0.0426,0.9838,0.174,0,-0.0033,-0.174,0.9847,0,0,9.2263,1.5771,1]}],"loopBehavior":1,"name":"anim","property":"_matrix"}},
{"name":"Spine1","index":2,"matrix":[1,-0.0027,-0.0024,0,0.0027,0.9999,0.0134,0,0.0024,-0.0134,0.9999,0,0,16.254,-0.1656,1],"rest":[1,0,0,0,0,1,0,0,0,0,1,0,0,16.254,-0.1656,1],"parentBoneIndex":1,"length":13.7007
,"animation":{"dataType":3,"framePerSecond":24,"keys":[
{"frame":1,"values":[1,-0.0027,-0.0024,0,0.0027,0.9999,0.0134,0,0.0024,-0.0134,0.9999,0,0,16.254,-0.1656,1]},
{"frame":2,"values":[1,-0.0023,-0.0028,0,0.0024,0.9999,0.0139,0,0.0027,-0.0139,0.9999,0,0,16.254,-0.1656,1]},
{"frame":3,"values":[1,-0.0025,-0.0032,0,0.0025,0.9999,0.0139,0,0.0031,-0.0139,0.9999,0,0,16.254,-0.1656,1]},
{"frame":4,"values":[1,-0.0022,-0.0033,0,0.0022,0.9999,0.0142,0,0.0032,-0.0142,0.9999,0,0,16.254,-0.1656,1]},
{"frame":5,"values":[1,-0.002,-0.0035,0,0.002,0.9999,0.0141,0,0.0034,-0.0141,0.9999,0,0,16.254,-0.1656,1]},
{"frame":6,"values":[1,-0.0015,-0.0037,0,0.0015,0.9999,0.0139,0,0.0036,-0.0139,0.9999,0,0,16.254,-0.1656,1]},
{"frame":7,"values":[1,-0.0009,-0.0038,0,0.001,0.9999,0.0136,0,0.0038,-0.0136,0.9999,0,0,16.254,-0.1656,1]},
{"frame":8,"values":[1,-0.0005,-0.0042,0,0.0006,0.9999,0.0131,0,0.0041,-0.0131,0.9999,0,0,16.254,-0.1656,1]},
{"frame":9,"values":[1,0.0001,-0.0044,0,0,0.9999,0.0126,0,0.0044,-0.0126,0.9999,0,0,16.254,-0.1656,1]},
{"frame":10,"values":[1,-0.0002,-0.0038,0,0.0002,0.9999,0.0125,0,0.0038,-0.0125,0.9999,0,0,16.254,-0.1656,1]},
{"frame":11,"values":[1,-0.0017,-0.0013,0,0.0017,0.9999,0.0128,0,0.0012,-0.0128,0.9999,0,0,16.254,-0.1656,1]},
{"frame":12,"values":[1,-0.0053,0.0038,0,0.0052,0.9999,0.0131,0,-0.0038,-0.013,0.9999,0,0,16.254,-0.1656,1]},
{"frame":13,"values":[0.9999,-0.0111,0.0108,0,0.011,0.9999,0.0126,0,-0.0109,-0.0125,0.9999,0,0,16.254,-0.1656,1]},
{"frame":14,"values":[0.9996,-0.0178,0.0199,0,0.0176,0.9998,0.0101,0,-0.02,-0.0098,0.9998,0,0,16.254,-0.1656,1]},
{"frame":15,"values":[0.9992,-0.0245,0.0303,0,0.0244,0.9997,0.0056,0,-0.0304,-0.0049,0.9995,0,0,16.254,-0.1656,1]},
{"frame":16,"values":[0.9987,-0.0305,0.0404,0,0.0306,0.9995,0.0004,0,-0.0404,0.0008,0.9992,0,0,16.254,-0.1656,1]},
{"frame":17,"values":[0.9983,-0.0342,0.0478,0,0.0344,0.9994,-0.0037,0,-0.0476,0.0053,0.9989,0,0,16.254,-0.1656,1]},
{"frame":18,"values":[0.998,-0.0365,0.0523,0,0.0368,0.9993,-0.0054,0,-0.0521,0.0074,0.9986,0,0,16.254,-0.1656,1]},
{"frame":19,"values":[0.9978,-0.0374,0.0543,0,0.0376,0.9993,-0.0042,0,-0.0541,0.0062,0.9985,0,0,16.254,-0.1656,1]},
{"frame":20,"values":[0.9979,-0.0358,0.0532,0,0.0359,0.9994,0.0004,0,-0.0531,0.0015,0.9986,0,0,16.254,-0.1656,1]},
{"frame":21,"values":[0.9983,-0.032,0.0481,0,0.0317,0.9995,0.0082,0,-0.0483,-0.0067,0.9988,0,0,16.254,-0.1656,1]},
{"frame":22,"values":[0.9991,-0.0214,0.0365,0,0.0208,0.9996,0.0169,0,-0.0368,-0.0161,0.9992,0,0,16.254,-0.1656,1]},
{"frame":23,"values":[0.9998,-0.005,0.0185,0,0.0045,0.9997,0.0235,0,-0.0187,-0.0234,0.9996,0,0,16.254,-0.1656,1]},
{"frame":24,"values":[0.9998,0.0187,-0.0067,0,-0.0185,0.9996,0.0213,0,0.0071,-0.0212,0.9998,0,0,16.254,-0.1656,1]},
{"frame":25,"values":[0.9987,0.0379,-0.035,0,-0.0376,0.9993,0.0088,0,0.0353,-0.0075,0.9993,0,0,16.254,-0.1656,1]},
{"frame":26,"values":[0.9977,0.0358,-0.0575,0,-0.0363,0.9993,-0.0086,0,0.0572,0.0106,0.9983,0,0,16.254,-0.1656,1]},
{"frame":27,"values":[0.9971,0.0306,-0.0694,0,-0.032,0.9993,-0.0192,0,0.0688,0.0214,0.9974,0,0,16.254,-0.1656,1]},
{"frame":28,"values":[0.9969,0.0278,-0.0741,0,-0.0298,0.9992,-0.0249,0,0.0734,0.027,0.9969,0,0,16.254,-0.1656,1]},
{"frame":29,"values":[0.9968,0.0247,-0.0754,0,-0.0268,0.9993,-0.0266,0,0.0747,0.0286,0.9968,0,0,16.254,-0.1656,1]},
{"frame":30,"values":[0.997,0.0235,-0.0733,0,-0.0255,0.9993,-0.0258,0,0.0727,0.0276,0.997,0,0,16.254,-0.1656,1]},
{"frame":31,"values":[0.9972,0.0235,-0.0712,0,-0.0253,0.9994,-0.025,0,0.0706,0.0268,0.9971,0,0,16.254,-0.1656,1]},
{"frame":32,"values":[0.9973,0.0248,-0.0688,0,-0.0265,0.9994,-0.0234,0,0.0682,0.0252,0.9974,0,0,16.254,-0.1656,1]},
{"frame":33,"values":[0.9975,0.0266,-0.0654,0,-0.028,0.9994,-0.0212,0,0.0648,0.023,0.9976,0,0,16.254,-0.1656,1]},
{"frame":34,"values":[0.9978,0.0278,-0.0603,0,-0.0289,0.9994,-0.0173,0,0.0598,0.019,0.998,0,0,16.254,-0.1656,1]},
{"frame":35,"values":[0.9982,0.0285,-0.0536,0,-0.0292,0.9995,-0.0117,0,0.0533,0.0132,0.9985,0,0,16.254,-0.1656,1]},
{"frame":36,"values":[0.9986,0.0266,-0.0447,0,-0.0269,0.9996,-0.0051,0,0.0446,0.0063,0.999,0,0,16.254,-0.1656,1]},
{"frame":37,"values":[0.9992,0.022,-0.0336,0,-0.0219,0.9998,0.0042,0,0.0337,-0.0034,0.9994,0,0,16.254,-0.1656,1]},
{"frame":38,"values":[0.9997,0.0146,-0.0207,0,-0.0143,0.9998,0.014,0,0.0209,-0.0137,0.9997,0,0,16.254,-0.1656,1]},
{"frame":39,"values":[0.9999,0.0073,-0.0073,0,-0.0072,0.9998,0.021,0,0.0074,-0.0209,0.9998,0,0,16.254,-0.1656,1]},
{"frame":40,"values":[1,-0.001,0.0052,0,0.0009,0.9998,0.0221,0,-0.0052,-0.0221,0.9997,0,0,16.254,-0.1656,1]},
{"frame":41,"values":[0.9998,-0.0096,0.0154,0,0.0093,0.9997,0.0214,0,-0.0156,-0.0212,0.9997,0,0,16.254,-0.1656,1]},
{"frame":42,"values":[0.9997,-0.0149,0.0218,0,0.0144,0.9997,0.0196,0,-0.0221,-0.0193,0.9996,0,0,16.254,-0.1656,1]},
{"frame":43,"values":[0.9995,-0.0182,0.0251,0,0.0178,0.9997,0.0177,0,-0.0254,-0.0173,0.9995,0,0,16.254,-0.1656,1]},
{"frame":44,"values":[0.9995,-0.0194,0.0262,0,0.0189,0.9997,0.0167,0,-0.0265,-0.0162,0.9995,0,0,16.254,-0.1656,1]},
{"frame":45,"values":[0.9995,-0.0181,0.0252,0,0.0177,0.9997,0.0157,0,-0.0255,-0.0153,0.9996,0,0,16.254,-0.1656,1]},
{"frame":46,"values":[0.9996,-0.016,0.0231,0,0.0156,0.9998,0.0153,0,-0.0233,-0.0149,0.9996,0,0,16.254,-0.1656,1]},
{"frame":47,"values":[0.9997,-0.0145,0.0199,0,0.0142,0.9998,0.0163,0,-0.0201,-0.016,0.9997,0,0,16.254,-0.1656,1]},
{"frame":48,"values":[0.9998,-0.0139,0.0167,0,0.0136,0.9998,0.0177,0,-0.0169,-0.0174,0.9997,0,0,16.254,-0.1656,1]},
{"frame":49,"values":[0.9998,-0.0124,0.0141,0,0.0121,0.9998,0.0187,0,-0.0143,-0.0186,0.9997,0,0,16.254,-0.1656,1]},
{"frame":50,"values":[0.9999,-0.0102,0.0119,0,0.0099,0.9998,0.0195,0,-0.0121,-0.0194,0.9997,0,0,16.254,-0.1656,1]},
{"frame":51,"values":[0.9999,-0.0082,0.0096,0,0.008,0.9998,0.0203,0,-0.0098,-0.0202,0.9997,0,0,16.254,-0.1656,1]},
{"frame":52,"values":[0.9999,-0.0066,0.0078,0,0.0064,0.9998,0.0212,0,-0.0079,-0.0211,0.9997,0,0,16.254,-0.1656,1]},
{"frame":53,"values":[1,-0.0051,0.0059,0,0.005,0.9998,0.0214,0,-0.006,-0.0214,0.9998,0,0,16.254,-0.1656,1]},
{"frame":54,"values":[1,-0.0043,0.0043,0,0.0042,0.9998,0.021,0,-0.0044,-0.021,0.9998,0,0,16.254,-0.1656,1]},
{"frame":55,"values":[1,-0.0031,0.0027,0,0.003,0.9998,0.0205,0,-0.0028,-0.0205,0.9998,0,0,16.254,-0.1656,1]},
{"frame":56,"values":[1,-0.0017,0.001,0,0.0017,0.9998,0.0201,0,-0.0011,-0.0201,0.9998,0,0,16.254,-0.1656,1]},
{"frame":57,"values":[1,-0.0006,-0.0006,0,0.0006,0.9998,0.0194,0,0.0006,-0.0194,0.9998,0,0,16.254,-0.1656,1]},
{"frame":58,"values":[1,0.0003,-0.002,0,-0.0003,0.9998,0.0189,0,0.002,-0.0189,0.9998,0,0,16.254,-0.1656,1]},
{"frame":59,"values":[1,0.0008,-0.0031,0,-0.0007,0.9998,0.0177,0,0.0031,-0.0177,0.9998,0,0,16.254,-0.1656,1]},
{"frame":60,"values":[1,0.0011,-0.0038,0,-0.001,0.9999,0.0168,0,0.0038,-0.0168,0.9999,0,0,16.254,-0.1656,1]},
{"frame":61,"values":[1,0.0011,-0.0041,0,-0.001,0.9999,0.016,0,0.0041,-0.016,0.9999,0,0,16.254,-0.1656,1]},
{"frame":62,"values":[1,0.001,-0.0041,0,-0.0009,0.9999,0.0154,0,0.0041,-0.0154,0.9999,0,0,16.254,-0.1656,1]},
{"frame":63,"values":[1,0.0006,-0.0039,0,-0.0005,0.9999,0.0148,0,0.0039,-0.0148,0.9999,0,0,16.254,-0.1656,1]},
{"frame":64,"values":[1,0.0003,-0.0035,0,-0.0003,0.9999,0.0144,0,0.0035,-0.0144,0.9999,0,0,16.254,-0.1656,1]},
{"frame":65,"values":[1,-0.0001,-0.003,0,0.0002,0.9999,0.0142,0,0.003,-0.0142,0.9999,0,0,16.254,-0.1656,1]},
{"frame":66,"values":[1,-0.0007,-0.0025,0,0.0007,0.9999,0.014,0,0.0025,-0.014,0.9999,0,0,16.254,-0.1656,1]},
{"frame":67,"values":[1,-0.0011,-0.0021,0,0.0011,0.9999,0.014,0,0.0021,-0.014,0.9999,0,0,16.254,-0.1656,1]},
{"frame":68,"values":[1,-0.0016,-0.002,0,0.0017,0.9999,0.0139,0,0.002,-0.0139,0.9999,0,0,16.254,-0.1656,1]},
{"frame":69,"values":[1,-0.002,-0.0018,0,0.002,0.9999,0.0139,0,0.0018,-0.0139,0.9999,0,0,16.254,-0.1656,1]},
{"frame":70,"values":[1,-0.0025,-0.0019,0,0.0025,0.9999,0.0137,0,0.0018,-0.0137,0.9999,0,0,16.254,-0.1656,1]},
{"frame":71,"values":[1,-0.0023,-0.0022,0,0.0024,0.9999,0.0137,0,0.0022,-0.0137,0.9999,0,0,16.254,-0.1656,1]},
{"frame":72,"values":[1,-0.0026,-0.0023,0,0.0026,0.9999,0.0136,0,0.0023,-0.0136,0.9999,0,0,16.254,-0.1656,1]},
{"frame":73,"values":[1,-0.0027,-0.0024,0,0.0027,0.9999,0.0134,0,0.0024,-0.0134,0.9999,0,0,16.254,-0.1656,1]}],"loopBehavior":1,"name":"anim","property":"_matrix"}},
{"name":"Spine2","index":3,"matrix":[1,-0.0027,-0.0025,0,0.0028,0.9999,0.0134,0,0.0025,-0.0134,0.9999,0,0,13.6396,-1.2923,1],"rest":[1,0,0,0,0,1,0,0,0,0,1,0,0,13.6396,-1.2923,1],"parentBoneIndex":2,"length":13.1719
,"animation":{"dataType":3,"framePerSecond":24,"keys":[
{"frame":1,"values":[1,-0.0027,-0.0025,0,0.0028,0.9999,0.0134,0,0.0025,-0.0134,0.9999,0,0,13.6396,-1.2923,1]},
{"frame":2,"values":[1,-0.0024,-0.0029,0,0.0024,0.9999,0.0139,0,0.0028,-0.0139,0.9999,0,0,13.6396,-1.2923,1]},
{"frame":3,"values":[1,-0.0025,-0.0033,0,0.0026,0.9999,0.0139,0,0.0032,-0.0139,0.9999,0,0,13.6396,-1.2923,1]},
{"frame":4,"values":[1,-0.0022,-0.0034,0,0.0022,0.9999,0.0142,0,0.0034,-0.0142,0.9999,0,0,13.6396,-1.2923,1]},
{"frame":5,"values":[1,-0.002,-0.0036,0,0.0021,0.9999,0.0141,0,0.0036,-0.0141,0.9999,0,0,13.6396,-1.2923,1]},
{"frame":6,"values":[1,-0.0015,-0.0038,0,0.0016,0.9999,0.0139,0,0.0038,-0.0139,0.9999,0,0,13.6396,-1.2923,1]},
{"frame":7,"values":[1,-0.001,-0.004,0,0.0011,0.9999,0.0136,0,0.004,-0.0136,0.9999,0,0,13.6396,-1.2923,1]},
{"frame":8,"values":[1,-0.0006,-0.0043,0,0.0007,0.9999,0.0131,0,0.0043,-0.0131,0.9999,0,0,13.6396,-1.2923,1]},
{"frame":9,"values":[1,0,-0.0046,0,0.0001,0.9999,0.0126,0,0.0046,-0.0126,0.9999,0,0,13.6396,-1.2923,1]},
{"frame":10,"values":[1,-0.0002,-0.004,0,0.0003,0.9999,0.0125,0,0.004,-0.0125,0.9999,0,0,13.6396,-1.2923,1]},
{"frame":11,"values":[1,-0.0017,-0.0013,0,0.0017,0.9999,0.0128,0,0.0013,-0.0128,0.9999,0,0,13.6396,-1.2923,1]},
{"frame":12,"values":[1,-0.0052,0.0039,0,0.0052,0.9999,0.013,0,-0.004,-0.0129,0.9999,0,0,13.6396,-1.2923,1]},
{"frame":13,"values":[0.9999,-0.0109,0.0113,0,0.0107,0.9999,0.0123,0,-0.0114,-0.0121,0.9999,0,0,13.6396,-1.2923,1]},
{"frame":14,"values":[0.9996,-0.0173,0.0208,0,0.0171,0.9998,0.0094,0,-0.021,-0.0091,0.9997,0,0,13.6396,-1.2923,1]},
{"frame":15,"values":[0.9992,-0.0236,0.0316,0,0.0235,0.9997,0.0044,0,-0.0317,-0.0037,0.9995,0,0,13.6396,-1.2923,1]},
{"frame":16,"values":[0.9987,-0.029,0.0421,0,0.0291,0.9996,-0.0014,0,-0.042,0.0026,0.9991,0,0,13.6396,-1.2923,1]},
{"frame":17,"values":[0.9983,-0.0322,0.0495,0,0.0325,0.9995,-0.0059,0,-0.0493,0.0075,0.9988,0,0,13.6396,-1.2923,1]},
{"frame":18,"values":[0.998,-0.0343,0.054,0,0.0347,0.9994,-0.0078,0,-0.0537,0.0097,0.9985,0,0,13.6396,-1.2923,1]},
{"frame":19,"values":[0.9978,-0.0352,0.0559,0,0.0356,0.9993,-0.0065,0,-0.0557,0.0084,0.9984,0,0,13.6396,-1.2923,1]},
{"frame":20,"values":[0.9979,-0.0341,0.0546,0,0.0343,0.9994,-0.0015,0,-0.0545,0.0034,0.9985,0,0,13.6396,-1.2923,1]},
{"frame":21,"values":[0.9983,-0.031,0.0492,0,0.0307,0.9995,0.0069,0,-0.0493,-0.0054,0.9988,0,0,13.6396,-1.2923,1]},
{"frame":22,"values":[0.9991,-0.0211,0.0369,0,0.0205,0.9997,0.0164,0,-0.0373,-0.0156,0.9992,0,0,13.6396,-1.2923,1]},
{"frame":23,"values":[0.9998,-0.005,0.0181,0,0.0046,0.9997,0.0234,0,-0.0182,-0.0234,0.9996,0,0,13.6396,-1.2923,1]},
{"frame":24,"values":[0.9998,0.0186,-0.008,0,-0.0184,0.9996,0.0209,0,0.0084,-0.0208,0.9997,0,0,13.6396,-1.2923,1]},
{"frame":25,"values":[0.9986,0.0372,-0.0367,0,-0.037,0.9993,0.0069,0,0.0369,-0.0055,0.9993,0,0,13.6396,-1.2923,1]},
{"frame":26,"values":[0.9977,0.0337,-0.0591,0,-0.0345,0.9993,-0.0115,0,0.0586,0.0135,0.9982,0,0,13.6396,-1.2923,1]},
{"frame":27,"values":[0.9971,0.0273,-0.0707,0,-0.029,0.9993,-0.0226,0,0.0701,0.0246,0.9972,0,0,13.6396,-1.2923,1]},
{"frame":28,"values":[0.9969,0.0238,-0.0754,0,-0.026,0.9993,-0.0284,0,0.0747,0.0303,0.9967,0,0,13.6396,-1.2923,1]},
{"frame":29,"values":[0.9969,0.0203,-0.0766,0,-0.0227,0.9993,-0.0302,0,0.076,0.0318,0.9966,0,0,13.6396,-1.2923,1]},
{"frame":30,"values":[0.997,0.0192,-0.0745,0,-0.0215,0.9993,-0.0292,0,0.0739,0.0307,0.9968,0,0,13.6396,-1.2923,1]},
{"frame":31,"values":[0.9972,0.0194,-0.0724,0,-0.0215,0.9994,-0.0284,0,0.0718,0.0298,0.997,0,0,13.6396,-1.2923,1]},
{"frame":32,"values":[0.9973,0.021,-0.0699,0,-0.0229,0.9994,-0.0266,0,0.0693,0.0282,0.9972,0,0,13.6396,-1.2923,1]},
{"frame":33,"values":[0.9975,0.0233,-0.0665,0,-0.0249,0.9994,-0.0243,0,0.0659,0.0259,0.9975,0,0,13.6396,-1.2923,1]},
{"frame":34,"values":[0.9978,0.025,-0.0615,0,-0.0263,0.9995,-0.0201,0,0.061,0.0217,0.9979,0,0,13.6396,-1.2923,1]},
{"frame":35,"values":[0.9981,0.0264,-0.0549,0,-0.0272,0.9995,-0.0142,0,0.0545,0.0156,0.9984,0,0,13.6396,-1.2923,1]},
{"frame":36,"values":[0.9986,0.0252,-0.0459,0,-0.0255,0.9996,-0.007,0,0.0458,0.0081,0.9989,0,0,13.6396,-1.2923,1]},
{"frame":37,"values":[0.9992,0.0212,-0.0347,0,-0.0211,0.9998,0.003,0,0.0348,-0.0023,0.9994,0,0,13.6396,-1.2923,1]},
{"frame":38,"values":[0.9997,0.0143,-0.0215,0,-0.014,0.9998,0.0134,0,0.0217,-0.0131,0.9997,0,0,13.6396,-1.2923,1]},
{"frame":39,"values":[0.9999,0.0073,-0.0077,0,-0.0071,0.9998,0.0209,0,0.0079,-0.0208,0.9998,0,0,13.6396,-1.2923,1]},
{"frame":40,"values":[1,-0.001,0.0052,0,0.0008,0.9998,0.0221,0,-0.0052,-0.0221,0.9997,0,0,13.6396,-1.2923,1]},
{"frame":41,"values":[0.9998,-0.0095,0.0159,0,0.0092,0.9997,0.0212,0,-0.0161,-0.021,0.9996,0,0,13.6396,-1.2923,1]},
{"frame":42,"values":[0.9996,-0.0146,0.0225,0,0.0141,0.9997,0.0192,0,-0.0228,-0.0189,0.9996,0,0,13.6396,-1.2923,1]},
{"frame":43,"values":[0.9995,-0.0178,0.0261,0,0.0173,0.9997,0.0172,0,-0.0264,-0.0167,0.9995,0,0,13.6396,-1.2923,1]},
{"frame":44,"values":[0.9995,-0.0188,0.0273,0,0.0184,0.9997,0.016,0,-0.0276,-0.0155,0.9995,0,0,13.6396,-1.2923,1]},
{"frame":45,"values":[0.9995,-0.0175,0.0262,0,0.0171,0.9997,0.0151,0,-0.0265,-0.0147,0.9995,0,0,13.6396,-1.2923,1]},
{"frame":46,"values":[0.9996,-0.0154,0.0239,0,0.015,0.9998,0.0147,0,-0.0241,-0.0144,0.9996,0,0,13.6396,-1.2923,1]},
{"frame":47,"values":[0.9997,-0.014,0.0206,0,0.0137,0.9998,0.0158,0,-0.0208,-0.0155,0.9997,0,0,13.6396,-1.2923,1]},
{"frame":48,"values":[0.9998,-0.0135,0.0174,0,0.0132,0.9998,0.0173,0,-0.0176,-0.0171,0.9997,0,0,13.6396,-1.2923,1]},
{"frame":49,"values":[0.9998,-0.012,0.0147,0,0.0118,0.9998,0.0185,0,-0.0149,-0.0183,0.9997,0,0,13.6396,-1.2923,1]},
{"frame":50,"values":[0.9999,-0.0099,0.0123,0,0.0097,0.9998,0.0193,0,-0.0125,-0.0192,0.9997,0,0,13.6396,-1.2923,1]},
{"frame":51,"values":[0.9999,-0.008,0.01,0,0.0078,0.9998,0.0202,0,-0.0101,-0.0201,0.9997,0,0,13.6396,-1.2923,1]},
{"frame":52,"values":[0.9999,-0.0065,0.008,0,0.0063,0.9998,0.0211,0,-0.0082,-0.0211,0.9997,0,0,13.6396,-1.2923,1]},
{"frame":53,"values":[1,-0.005,0.0061,0,0.0049,0.9998,0.0214,0,-0.0062,-0.0213,0.9998,0,0,13.6396,-1.2923,1]},
{"frame":54,"values":[1,-0.0042,0.0044,0,0.0041,0.9998,0.0209,0,-0.0045,-0.0209,0.9998,0,0,13.6396,-1.2923,1]},
{"frame":55,"values":[1,-0.0031,0.0027,0,0.003,0.9998,0.0205,0,-0.0028,-0.0205,0.9998,0,0,13.6396,-1.2923,1]},
{"frame":56,"values":[1,-0.0017,0.001,0,0.0017,0.9998,0.0201,0,-0.001,-0.0201,0.9998,0,0,13.6396,-1.2923,1]},
{"frame":57,"values":[1,-0.0006,-0.0007,0,0.0006,0.9998,0.0194,0,0.0007,-0.0194,0.9998,0,0,13.6396,-1.2923,1]},
{"frame":58,"values":[1,0.0003,-0.0021,0,-0.0002,0.9998,0.0189,0,0.0021,-0.0189,0.9998,0,0,13.6396,-1.2923,1]},
{"frame":59,"values":[1,0.0007,-0.0033,0,-0.0006,0.9998,0.0177,0,0.0033,-0.0177,0.9998,0,0,13.6396,-1.2923,1]},
{"frame":60,"values":[1,0.001,-0.004,0,-0.0009,0.9999,0.0168,0,0.004,-0.0168,0.9999,0,0,13.6396,-1.2923,1]},
{"frame":61,"values":[1,0.001,-0.0043,0,-0.0009,0.9999,0.016,0,0.0043,-0.016,0.9999,0,0,13.6396,-1.2923,1]},
{"frame":62,"values":[1,0.0009,-0.0043,0,-0.0008,0.9999,0.0154,0,0.0044,-0.0154,0.9999,0,0,13.6396,-1.2923,1]},
{"frame":63,"values":[1,0.0005,-0.0041,0,-0.0004,0.9999,0.0148,0,0.0041,-0.0148,0.9999,0,0,13.6396,-1.2923,1]},
{"frame":64,"values":[1,0.0002,-0.0038,0,-0.0002,0.9999,0.0144,0,0.0038,-0.0144,0.9999,0,0,13.6396,-1.2923,1]},
{"frame":65,"values":[1,-0.0002,-0.0032,0,0.0002,0.9999,0.0142,0,0.0032,-0.0142,0.9999,0,0,13.6396,-1.2923,1]},
{"frame":66,"values":[1,-0.0007,-0.0027,0,0.0008,0.9999,0.014,0,0.0027,-0.014,0.9999,0,0,13.6396,-1.2923,1]},
{"frame":67,"values":[1,-0.0011,-0.0023,0,0.0012,0.9999,0.014,0,0.0023,-0.014,0.9999,0,0,13.6396,-1.2923,1]},
{"frame":68,"values":[1,-0.0017,-0.0021,0,0.0017,0.9999,0.0139,0,0.0021,-0.0139,0.9999,0,0,13.6396,-1.2923,1]},
{"frame":69,"values":[1,-0.002,-0.002,0,0.0021,0.9999,0.0139,0,0.0019,-0.0139,0.9999,0,0,13.6396,-1.2923,1]},
{"frame":70,"values":[1,-0.0025,-0.002,0,0.0026,0.9999,0.0137,0,0.0019,-0.0137,0.9999,0,0,13.6396,-1.2923,1]},
{"frame":71,"values":[1,-0.0024,-0.0023,0,0.0024,0.9999,0.0137,0,0.0023,-0.0137,0.9999,0,0,13.6396,-1.2923,1]},
{"frame":72,"values":[1,-0.0026,-0.0024,0,0.0027,0.9999,0.0136,0,0.0023,-0.0136,0.9999,0,0,13.6396,-1.2923,1]},
{"frame":73,"values":[1,-0.0027,-0.0025,0,0.0028,0.9999,0.0134,0,0.0025,-0.0134,0.9999,0,0,13.6396,-1.2923,1]}],"loopBehavior":1,"name":"anim","property":"_matrix"}},
{"name":"Neck","index":4,"matrix":[0.996,0.0735,-0.0502,0,-0.0748,0.9969,-0.0247,0,0.0483,0.0283,0.9984,0,0,13.8774,-4.3542,1],"rest":[1,0,0,0,0,1,0,0,0,0,1,0,0,13.8774,-4.3542,1],"parentBoneIndex":3,"length":4.4379
,"animation":{"dataType":3,"framePerSecond":24,"keys":[
{"frame":1,"values":[0.996,0.0735,-0.0502,0,-0.0748,0.9969,-0.0247,0,0.0483,0.0283,0.9984,0,0,13.8774,-4.3542,1]},
{"frame":2,"values":[0.996,0.0751,-0.0485,0,-0.0764,0.9968,-0.0246,0,0.0465,0.0282,0.9985,0,0,13.8774,-4.3542,1]},
{"frame":3,"values":[0.9959,0.0769,-0.0472,0,-0.0783,0.9966,-0.0275,0,0.0449,0.0311,0.9985,0,0,13.8774,-4.3542,1]},
{"frame":4,"values":[0.9959,0.0778,-0.0462,0,-0.0794,0.9963,-0.0321,0,0.0435,0.0356,0.9984,0,0,13.8774,-4.3542,1]},
{"frame":5,"values":[0.9958,0.079,-0.0457,0,-0.0807,0.996,-0.0379,0,0.0426,0.0414,0.9982,0,0,13.8774,-4.3542,1]},
{"frame":6,"values":[0.9959,0.0787,-0.0453,0,-0.0807,0.9957,-0.0446,0,0.0416,0.048,0.998,0,0,13.8774,-4.3542,1]},
{"frame":7,"values":[0.996,0.0777,-0.0451,0,-0.0799,0.9955,-0.0504,0,0.041,0.0538,0.9977,0,0,13.8774,-4.3542,1]},
{"frame":8,"values":[0.9959,0.0773,-0.0463,0,-0.0799,0.9953,-0.0554,0,0.0418,0.0589,0.9974,0,0,13.8774,-4.3542,1]},
{"frame":9,"values":[0.9957,0.078,-0.0496,0,-0.0809,0.9949,-0.0606,0,0.0446,0.0643,0.9969,0,0,13.8774,-4.3542,1]},
{"frame":10,"values":[0.9949,0.0831,-0.0569,0,-0.087,0.9939,-0.0681,0,0.0509,0.0727,0.9961,0,0,13.8774,-4.3542,1]},
{"frame":11,"values":[0.9934,0.0911,-0.0701,0,-0.0965,0.9923,-0.0773,0,0.0625,0.0836,0.9945,0,0,13.8774,-4.3542,1]},
{"frame":12,"values":[0.9903,0.1069,-0.089,0,-0.1143,0.99,-0.0823,0,0.0793,0.0916,0.9926,0,0,13.8774,-4.3542,1]},
{"frame":13,"values":[0.9858,0.1275,-0.1096,0,-0.1369,0.9871,-0.0826,0,0.0977,0.0964,0.9905,0,0,13.8774,-4.3542,1]},
{"frame":14,"values":[0.9779,0.1629,-0.1308,0,-0.1749,0.9809,-0.0857,0,0.1144,0.1067,0.9877,0,0,13.8774,-4.3542,1]},
{"frame":15,"values":[0.9672,0.2043,-0.151,0,-0.2194,0.9713,-0.0915,0,0.128,0.1216,0.9843,0,0,13.8774,-4.3542,1]},
{"frame":16,"values":[0.9593,0.2293,-0.1647,0,-0.2465,0.9647,-0.0926,0,0.1377,0.1294,0.982,0,0,13.8774,-4.3542,1]},
{"frame":17,"values":[0.9544,0.244,-0.1721,0,-0.2623,0.9605,-0.0929,0,0.1426,0.1338,0.9807,0,0,13.8774,-4.3542,1]},
{"frame":18,"values":[0.9515,0.2512,-0.1776,0,-0.2706,0.958,-0.095,0,0.1463,0.1384,0.9795,0,0,13.8774,-4.3542,1]},
{"frame":19,"values":[0.9509,0.2525,-0.179,0,-0.2743,0.9553,-0.1099,0,0.1432,0.1536,0.9777,0,0,13.8774,-4.3542,1]},
{"frame":20,"values":[0.9543,0.2481,-0.1666,0,-0.2719,0.9521,-0.1396,0,0.124,0.1785,0.9761,0,0,13.8774,-4.3542,1]},
{"frame":21,"values":[0.9651,0.2246,-0.1347,0,-0.246,0.9539,-0.1718,0,0.0899,0.1989,0.9759,0,0,13.8774,-4.3542,1]},
{"frame":22,"values":[0.9813,0.1779,-0.073,0,-0.1878,0.9684,-0.1642,0,0.0415,0.1749,0.9837,0,0,13.8774,-4.3542,1]},
{"frame":23,"values":[0.9919,0.1267,0.0056,0,-0.1257,0.9882,-0.0879,0,-0.0167,0.0865,0.9961,0,0,13.8774,-4.3542,1]},
{"frame":24,"values":[0.9919,0.1,0.0783,0,-0.0998,0.995,-0.0069,0,-0.0786,-0.001,0.9969,0,0,13.8774,-4.3542,1]},
{"frame":25,"values":[0.9894,0.0539,0.1349,0,-0.0586,0.9978,0.0308,0,-0.1329,-0.0384,0.9904,0,0,13.8774,-4.3542,1]},
{"frame":26,"values":[0.9855,0.0259,0.1679,0,-0.0316,0.999,0.0312,0,-0.1669,-0.036,0.9853,0,0,13.8774,-4.3542,1]},
{"frame":27,"values":[0.9831,0.0419,0.1783,0,-0.0499,0.9979,0.0406,0,-0.1763,-0.0489,0.9831,0,0,13.8774,-4.3542,1]},
{"frame":28,"values":[0.9836,0.0158,0.1796,0,-0.0301,0.9966,0.077,0,-0.1777,-0.0811,0.9807,0,0,13.8774,-4.3542,1]},
{"frame":29,"values":[0.9829,0.0001,0.1841,0,-0.0202,0.9941,0.1069,0,-0.183,-0.1088,0.9771,0,0,13.8774,-4.3542,1]},
{"frame":30,"values":[0.9829,-0.0058,0.1842,0,-0.0151,0.9937,0.1114,0,-0.1837,-0.1123,0.9765,0,0,13.8774,-4.3542,1]},
{"frame":31,"values":[0.9833,-0.0068,0.182,0,-0.0133,0.994,0.1086,0,-0.1817,-0.1092,0.9773,0,0,13.8774,-4.3542,1]},
{"frame":32,"values":[0.9841,-0.0036,0.1778,0,-0.0146,0.9948,0.1009,0,-0.1772,-0.1019,0.9789,0,0,13.8774,-4.3542,1]},
{"frame":33,"values":[0.9852,0.0057,0.1712,0,-0.0215,0.9957,0.0905,0,-0.17,-0.0929,0.9811,0,0,13.8774,-4.3542,1]},
