{"producer":{"name":"Blender","version":"2.90.0","exporter_version":"2.80.1","file":"option_shake.babylon"},
"autoClear":true,"clearColor":[0.0509,0.0509,0.0509],"gravity":[0,-9.81,0],
"materials":[{"name":"Material","id":"Material","customType":"BABYLON.PBRMaterial","backFaceCulling":true,"checkReadyOnlyOnce":false,"maxSimultaneousLights":4,"environmentIntensity":1,"albedo":[0.8,0.8,0.8],"reflectivity":[0.5,0.5,0.5],"roughness":0.4,"alpha":1,"transparencyMode":0,"alphaCutOff":0.4,"metallic":0}],
"multiMaterials":[],
"skeletons":[{"name":"Armature","id":0,"dimensionsAtRest":[188.1767,188.0947,21.7491],"bones":[
{"name":"Hips","index":0,"matrix":[1,-0.0063,0.0071,0,0.0066,0.9989,-0.0469,0,0.0068,-0.0469,-0.9989,0,-0.0059,95.0277,0.0234,1],"rest":[1,0,0,0,0,1,0,0,0,0,-1,0,0,96.3764,0,1],"parentBoneIndex":-1,"length":9.9032
,"animation":{"dataType":3,"framePerSecond":24,"keys":[
{"frame":1,"values":[1,-0.0063,0.0071,0,0.0066,0.9989,-0.0469,0,0.0068,-0.0469,-0.9989,0,-0.0059,95.0277,0.0234,1]},
{"frame":2,"values":[0.9998,-0.0062,0.0189,0,0.0071,0.9989,-0.0462,0,0.0186,-0.0463,-0.9988,0,0.014,95.0157,-0.1264,1]},
{"frame":3,"values":[0.9996,-0.005,0.0271,0,0.0062,0.999,-0.0444,0,0.0269,-0.0445,-0.9986,0,0.0314,95.0145,-0.2819,1]},
{"frame":4,"values":[0.9996,-0.0038,0.0283,0,0.0049,0.9991,-0.0414,0,0.0281,-0.0415,-0.9987,0,0.0421,95.022,-0.4118,1]},
{"frame":5,"values":[0.9997,-0.0043,0.0246,0,0.0053,0.9992,-0.0389,0,0.0244,-0.0391,-0.9989,0,0.0332,95.0307,-0.4871,1]},
{"frame":6,"values":[0.9997,-0.0061,0.0231,0,0.007,0.9992,-0.0395,0,0.0229,-0.0397,-0.999,0,-0.0211,95.0408,-0.4868,1]},
{"frame":7,"values":[0.9995,-0.0066,0.0305,0,0.0079,0.9991,-0.0418,0,0.0302,-0.042,-0.9987,0,-0.1378,95.0582,-0.4257,1]},
{"frame":8,"values":[0.9988,-0.0043,0.0491,0,0.0063,0.9991,-0.0416,0,0.0489,-0.0419,-0.9979,0,-0.3024,95.0787,-0.3692,1]},
{"frame":9,"values":[0.9971,0,0.0757,0,0.0029,0.9993,-0.0384,0,0.0756,-0.0385,-0.9964,0,-0.5053,95.0853,-0.3616,1]},
{"frame":10,"values":[0.9944,0.0053,0.106,0,-0.0016,0.9994,-0.0354,0,0.1061,-0.035,-0.9937,0,-0.7675,95.0849,-0.3944,1]},
{"frame":11,"values":[0.9905,0.0116,0.1372,0,-0.0069,0.9994,-0.0347,0,0.1375,-0.0334,-0.9899,0,-1.1106,95.0923,-0.4502,1]},
{"frame":12,"values":[0.9851,0.0188,0.1707,0,-0.0127,0.9992,-0.0367,0,0.1713,-0.034,-0.9846,0,-1.5532,95.094,-0.5184,1]},
{"frame":13,"values":[0.978,0.0253,0.2069,0,-0.017,0.999,-0.0421,0,0.2078,-0.0377,-0.9775,0,-2.09,95.0591,-0.5933,1]},
{"frame":14,"values":[0.9707,0.0288,0.2387,0,-0.0173,0.9986,-0.0498,0,0.2398,-0.0442,-0.9698,0,-2.6425,94.9773,-0.6886,1]},
{"frame":15,"values":[0.9666,0.0281,0.2547,0,-0.0146,0.9984,-0.0551,0,0.2558,-0.0495,-0.9655,0,-3.0781,94.9023,-0.8075,1]},
{"frame":16,"values":[0.9666,0.0254,0.2549,0,-0.0116,0.9984,-0.0554,0,0.2559,-0.0506,-0.9654,0,-3.3453,94.8978,-0.8783,1]},
{"frame":17,"values":[0.9666,0.0247,0.2553,0,-0.0111,0.9984,-0.0547,0,0.2562,-0.0501,-0.9653,0,-3.5273,94.9644,-0.8637,1]},
{"frame":18,"values":[0.9633,0.0274,0.2671,0,-0.0126,0.9983,-0.0571,0,0.2682,-0.0516,-0.962,0,-3.6764,95.0483,-0.8686,1]},
{"frame":19,"values":[0.9588,0.0313,0.2825,0,-0.0145,0.998,-0.0614,0,0.2839,-0.0547,-0.9573,0,-3.7262,95.0718,-0.9482,1]},
{"frame":20,"values":[0.9564,0.0348,0.29,0,-0.0167,0.9978,-0.0646,0,0.2916,-0.057,-0.9548,0,-3.662,95.0278,-1.0151,1]},
{"frame":21,"values":[0.9557,0.0389,0.2916,0,-0.0206,0.9976,-0.0656,0,0.2935,-0.0567,-0.9543,0,-3.5498,94.973,-1.0375,1]},
{"frame":22,"values":[0.9545,0.0435,0.2951,0,-0.0258,0.9976,-0.0637,0,0.2972,-0.0532,-0.9533,0,-3.3953,94.934,-1.0543,1]},
{"frame":23,"values":[0.9514,0.0461,0.3046,0,-0.0295,0.9978,-0.0589,0,0.3067,-0.047,-0.9507,0,-3.2153,94.9132,-1.0277,1]},
{"frame":24,"values":[0.9458,0.0457,0.3214,0,-0.03,0.9981,-0.0537,0,0.3233,-0.0411,-0.9454,0,-3.1213,94.9111,-0.9129,1]},
{"frame":25,"values":[0.9383,0.0435,0.3432,0,-0.0277,0.9983,-0.051,0,0.3448,-0.0384,-0.9379,0,-3.1707,94.9207,-0.7539,1]},
{"frame":26,"values":[0.9322,0.0417,0.3596,0,-0.0247,0.9984,-0.0517,0,0.3611,-0.0393,-0.9317,0,-3.2698,94.9177,-0.5919,1]},
{"frame":27,"values":[0.9316,0.042,0.361,0,-0.0236,0.9982,-0.0551,0,0.3627,-0.0428,-0.9309,0,-3.3383,94.8886,-0.4377,1]},
{"frame":28,"values":[0.9355,0.0449,0.3503,0,-0.0258,0.9979,-0.0588,0,0.3523,-0.046,-0.9348,0,-3.3973,94.843,-0.313,1]},
{"frame":29,"values":[0.9406,0.0478,0.3362,0,-0.0297,0.9978,-0.0589,0,0.3383,-0.0455,-0.9399,0,-3.4406,94.8035,-0.221,1]},
{"frame":30,"values":[0.9442,0.0481,0.3257,0,-0.0319,0.998,-0.055,0,0.3277,-0.0416,-0.9439,0,-3.4637,94.8,-0.136,1]},
{"frame":31,"values":[0.9455,0.0459,0.3223,0,-0.0312,0.9982,-0.0504,0,0.324,-0.0376,-0.9453,0,-3.5505,94.8243,-0.031,1]},
{"frame":32,"values":[0.9448,0.0433,0.3249,0,-0.0292,0.9984,-0.0481,0,0.3265,-0.036,-0.9445,0,-3.702,94.8192,0.1039,1]},
{"frame":33,"values":[0.943,0.0414,0.3302,0,-0.0271,0.9985,-0.0476,0,0.3317,-0.0359,-0.9427,0,-3.8021,94.7592,0.2591,1]},
{"frame":34,"values":[0.9419,0.0409,0.3333,0,-0.0264,0.9985,-0.0478,0,0.3348,-0.0362,-0.9416,0,-3.8473,94.6877,0.4287,1]},
{"frame":35,"values":[0.9425,0.0425,0.3316,0,-0.0282,0.9985,-0.0477,0,0.3331,-0.0356,-0.9422,0,-3.8758,94.6413,0.6225,1]},
{"frame":36,"values":[0.9438,0.0444,0.3276,0,-0.0313,0.9985,-0.0453,0,0.3292,-0.0325,-0.9437,0,-3.8404,94.6283,0.845,1]},
{"frame":37,"values":[0.9441,0.0445,0.3266,0,-0.0329,0.9986,-0.0408,0,0.328,-0.0277,-0.9443,0,-3.7759,94.6483,1.0856,1]},
{"frame":38,"values":[0.9426,0.0429,0.331,0,-0.032,0.9988,-0.0381,0,0.3323,-0.0254,-0.9428,0,-3.7986,94.6739,1.3223,1]},
{"frame":39,"values":[0.941,0.0411,0.3358,0,-0.0296,0.9988,-0.0394,0,0.337,-0.0271,-0.9411,0,-3.8555,94.6698,1.5021,1]},
{"frame":40,"values":[0.9426,0.0394,0.3315,0,-0.0275,0.9988,-0.0406,0,0.3327,-0.0292,-0.9426,0,-3.7835,94.6551,1.5818,1]},
{"frame":41,"values":[0.948,0.0372,0.316,0,-0.0266,0.9989,-0.0379,0,0.3171,-0.0275,-0.948,0,-3.6165,94.6758,1.573,1]},
{"frame":42,"values":[0.9542,0.0351,0.2971,0,-0.0265,0.9991,-0.0329,0,0.298,-0.0235,-0.9543,0,-3.4783,94.7263,1.4821,1]},
{"frame":43,"values":[0.9591,0.0325,0.2813,0,-0.0252,0.9992,-0.0296,0,0.2821,-0.0212,-0.9592,0,-3.3513,94.7788,1.296,1]},
{"frame":44,"values":[0.9633,0.0281,0.267,0,-0.0212,0.9994,-0.0287,0,0.2676,-0.022,-0.9633,0,-3.1909,94.8189,1.0304,1]},
{"frame":45,"values":[0.9685,0.0223,0.2481,0,-0.0155,0.9995,-0.029,0,0.2486,-0.0242,-0.9683,0,-3.0151,94.8468,0.7187,1]},
{"frame":46,"values":[0.9751,0.0169,0.2213,0,-0.0105,0.9995,-0.0301,0,0.2216,-0.027,-0.9748,0,-2.8424,94.8813,0.399,1]},
{"frame":47,"values":[0.9823,0.0128,0.187,0,-0.0069,0.9994,-0.0325,0,0.1873,-0.0307,-0.9818,0,-2.6606,94.9269,0.116,1]},
{"frame":48,"values":[0.9888,0.0098,0.1486,0,-0.0044,0.9993,-0.0362,0,0.1489,-0.0351,-0.9882,0,-2.4449,94.9665,-0.1079,1]},
{"frame":49,"values":[0.9937,0.0069,0.1115,0,-0.0024,0.9992,-0.0408,0,0.1117,-0.0403,-0.9929,0,-2.179,94.9963,-0.2912,1]},
{"frame":50,"values":[0.9967,0.0035,0.0809,0,0.0002,0.9989,-0.0461,0,0.0809,-0.046,-0.9957,0,-1.8707,95.0327,-0.4438,1]},
{"frame":51,"values":[0.9983,0,0.0578,0,0.0029,0.9987,-0.0503,0,0.0577,-0.0504,-0.9971,0,-1.5387,95.0756,-0.5355,1]},
{"frame":52,"values":[0.9992,-0.0027,0.0402,0,0.0048,0.9987,-0.0511,0,0.04,-0.0512,-0.9979,0,-1.2007,95.1005,-0.5532,1]},
{"frame":53,"values":[0.9997,-0.0043,0.0258,0,0.0056,0.9988,-0.0488,0,0.0256,-0.049,-0.9985,0,-0.8685,95.1031,-0.5204,1]},
{"frame":54,"values":[0.9999,-0.0051,0.015,0,0.0058,0.9989,-0.0465,0,0.0148,-0.0466,-0.9988,0,-0.5634,95.0931,-0.4627,1]},
{"frame":55,"values":[1,-0.0055,0.0079,0,0.0058,0.9989,-0.0464,0,0.0076,-0.0464,-0.9989,0,-0.313,95.0754,-0.3975,1]},
{"frame":56,"values":[1,-0.0058,0.004,0,0.006,0.9988,-0.0479,0,0.0037,-0.0479,-0.9988,0,-0.1318,95.0515,-0.3229,1]},
{"frame":57,"values":[1,-0.0062,0.0029,0,0.0063,0.9988,-0.0486,0,0.0026,-0.0486,-0.9988,0,-0.0241,95.0353,-0.2268,1]},
{"frame":58,"values":[1,-0.0063,0.0044,0,0.0065,0.9988,-0.0478,0,0.0041,-0.0478,-0.9988,0,0.0141,95.0283,-0.1065,1]},
{"frame":59,"values":[1,-0.0063,0.0071,0,0.0066,0.9989,-0.0469,0,0.0068,-0.0469,-0.9989,0,-0.0059,95.0277,0.0234,1]}],"loopBehavior":1,"name":"anim","property":"_matrix"}},
{"name":"Spine","index":1,"matrix":[1,0.0061,0.006,0,-0.006,0.9997,-0.0217,0,-0.0061,0.0217,0.9997,0,0,9.2263,1.5771,1],"rest":[1,0,0,0,0,1,0,0,0,0,1,0,0,9.2263,1.5771,1],"parentBoneIndex":0,"length":16.2548
,"animation":{"dataType":3,"framePerSecond":24,"keys":[
{"frame":1,"values":[1,0.0061,0.006,0,-0.006,0.9997,-0.0217,0,-0.0061,0.0217,0.9997,0,0,9.2263,1.5771,1]},
{"frame":2,"values":[1,0.0072,0.0055,0,-0.007,0.9997,-0.0215,0,-0.0056,0.0214,0.9998,0,0,9.2263,1.5771,1]},
{"frame":3,"values":[1,0.0079,0.0037,0,-0.0079,0.9998,-0.0204,0,-0.0039,0.0203,0.9998,0,0,9.2263,1.5771,1]},
{"frame":4,"values":[1,0.0085,0.0002,0,-0.0085,0.9998,-0.0181,0,-0.0003,0.0181,0.9998,0,0,9.2263,1.5771,1]},
{"frame":5,"values":[1,0.009,-0.0043,0,-0.0091,0.9998,-0.0154,0,0.0042,0.0154,0.9999,0,0,9.2263,1.5771,1]},
{"frame":6,"values":[0.9999,0.0096,-0.0081,0,-0.0097,0.9999,-0.0132,0,0.008,0.0133,0.9999,0,0,9.2263,1.5771,1]},
{"frame":7,"values":[0.9999,0.0111,-0.0102,0,-0.0112,0.9999,-0.0113,0,0.0101,0.0114,0.9999,0,0,9.2263,1.5771,1]},
{"frame":8,"values":[0.9998,0.014,-0.0109,0,-0.0141,0.9999,-0.0086,0,0.0108,0.0088,0.9999,0,0,9.2263,1.5771,1]},
{"frame":9,"values":[0.9998,0.018,-0.0112,0,-0.018,0.9998,-0.0052,0,0.0111,0.0054,0.9999,0,0,9.2263,1.5771,1]},
{"frame":10,"values":[0.9997,0.0223,-0.0112,0,-0.0223,0.9997,-0.0024,0,0.0112,0.0026,0.9999,0,0,9.2263,1.5771,1]},
{"frame":11,"values":[0.9996,0.0264,-0.0107,0,-0.0264,0.9997,-0.0005,0,0.0107,0.0008,0.9999,0,0,9.2263,1.5771,1]},
{"frame":12,"values":[0.9995,0.03,-0.0094,0,-0.03,0.9995,0.0014,0,0.0094,-0.0011,1,0,0,9.2263,1.5771,1]},
{"frame":13,"values":[0.9994,0.0332,-0.0076,0,-0.0331,0.9994,0.0036,0,0.0077,-0.0034,1,0,0,9.2263,1.5771,1]},
{"frame":14,"values":[0.9993,0.0362,-0.0055,0,-0.0362,0.9993,0.0052,0,0.0057,-0.005,1,0,0,9.2263,1.5771,1]},
{"frame":15,"values":[0.9992,0.0388,-0.0036,0,-0.0387,0.9992,0.0053,0,0.0038,-0.0052,1,0,0,9.2263,1.5771,1]},
{"frame":16,"values":[0.9992,0.0401,-0.0033,0,-0.0401,0.9992,0.0045,0,0.0035,-0.0044,1,0,0,9.2263,1.5771,1]},
{"frame":17,"values":[0.9992,0.0408,-0.0045,0,-0.0408,0.9992,0.004,0,0.0047,-0.0038,1,0,0,9.2263,1.5771,1]},
{"frame":18,"values":[0.9991,0.0427,-0.0048,0,-0.0426,0.9991,0.0045,0,0.005,-0.0043,1,0,0,9.2263,1.5771,1]},
{"frame":19,"values":[0.9989,0.046,-0.0026,0,-0.046,0.9989,0.0059,0,0.0029,-0.0058,1,0,0,9.2263,1.5771,1]},
{"frame":20,"values":[0.9988,0.0491,-0.0002,0,-0.0491,0.9988,0.0077,0,0.0006,-0.0077,1,0,0,9.2263,1.5771,1]},
{"frame":21,"values":[0.9987,0.0509,0.0002,0,-0.0509,0.9987,0.0089,0,0.0002,-0.0089,1,0,0,9.2263,1.5771,1]},
{"frame":22,"values":[0.9986,0.0521,-0.0004,0,-0.0521,0.9986,0.0088,0,0.0008,-0.0087,1,0,0,9.2263,1.5771,1]},
{"frame":23,"values":[0.9986,0.0524,-0.0006,0,-0.0524,0.9986,0.0077,0,0.001,-0.0077,1,0,0,9.2263,1.5771,1]},
{"frame":24,"values":[0.9986,0.052,-0.0004,0,-0.052,0.9986,0.007,0,0.0008,-0.007,1,0,0,9.2263,1.5771,1]},
{"frame":25,"values":[0.9986,0.0524,0.0005,0,-0.0524,0.9986,0.0073,0,-0.0001,-0.0073,1,0,0,9.2263,1.5771,1]},
{"frame":26,"values":[0.9985,0.0542,0.0022,0,-0.0542,0.9985,0.0083,0,-0.0018,-0.0084,1,0,0,9.2263,1.5771,1]},
{"frame":27,"values":[0.9984,0.0559,0.0038,0,-0.0559,0.9984,0.0095,0,-0.0033,-0.0097,0.9999,0,0,9.2263,1.5771,1]},
{"frame":28,"values":[0.9984,0.0567,0.0046,0,-0.0567,0.9983,0.0104,0,-0.004,-0.0106,0.9999,0,0,9.2263,1.5771,1]},
{"frame":29,"values":[0.9984,0.0566,0.0049,0,-0.0567,0.9983,0.0107,0,-0.0043,-0.011,0.9999,0,0,9.2263,1.5771,1]},
{"frame":30,"values":[0.9984,0.056,0.0049,0,-0.0561,0.9984,0.0104,0,-0.0043,-0.0107,0.9999,0,0,9.2263,1.5771,1]},
{"frame":31,"values":[0.9984,0.0556,0.0043,0,-0.0556,0.9984,0.0098,0,-0.0037,-0.01,0.9999,0,0,9.2263,1.5771,1]},
{"frame":32,"values":[0.9984,0.0563,0.0037,0,-0.0563,0.9984,0.0094,0,-0.0032,-0.0096,0.9999,0,0,9.2263,1.5771,1]},
{"frame":33,"values":[0.9983,0.0577,0.0041,0,-0.0578,0.9983,0.0098,0,-0.0036,-0.01,0.9999,0,0,9.2263,1.5771,1]},
{"frame":34,"values":[0.9983,0.0588,0.0053,0,-0.0589,0.9982,0.0104,0,-0.0047,-0.0107,0.9999,0,0,9.2263,1.5771,1]},
{"frame":35,"values":[0.9982,0.0596,0.006,0,-0.0597,0.9982,0.0108,0,-0.0053,-0.0111,0.9999,0,0,9.2263,1.5771,1]},
{"frame":36,"values":[0.9982,0.0598,0.0057,0,-0.0599,0.9981,0.0107,0,-0.0051,-0.011,0.9999,0,0,9.2263,1.5771,1]},
{"frame":37,"values":[0.9983,0.0587,0.0046,0,-0.0588,0.9982,0.0102,0,-0.004,-0.0105,0.9999,0,0,9.2263,1.5771,1]},
{"frame":38,"values":[0.9983,0.0574,0.0033,0,-0.0574,0.9983,0.0098,0,-0.0027,-0.0099,0.9999,0,0,9.2263,1.5771,1]},
{"frame":39,"values":[0.9984,0.0572,0.0027,0,-0.0572,0.9983,0.0098,0,-0.0022,-0.01,0.9999,0,0,9.2263,1.5771,1]},
{"frame":40,"values":[0.9984,0.0568,0.0032,0,-0.0568,0.9983,0.0103,0,-0.0026,-0.0105,0.9999,0,0,9.2263,1.5771,1]},
{"frame":41,"values":[0.9985,0.0541,0.0034,0,-0.0541,0.9985,0.0107,0,-0.0028,-0.0109,0.9999,0,0,9.2263,1.5771,1]},
{"frame":42,"values":[0.9988,0.0496,0.003,0,-0.0496,0.9987,0.0101,0,-0.0025,-0.0102,0.9999,0,0,9.2263,1.5771,1]},
{"frame":43,"values":[0.999,0.0447,0.0033,0,-0.0447,0.999,0.0083,0,-0.0029,-0.0084,1,0,0,9.2263,1.5771,1]},
{"frame":44,"values":[0.9992,0.0397,0.0046,0,-0.0397,0.9992,0.0062,0,-0.0043,-0.0064,1,0,0,9.2263,1.5771,1]},
{"frame":45,"values":[0.9994,0.0348,0.0062,0,-0.0348,0.9994,0.0045,0,-0.006,-0.0047,1,0,0,9.2263,1.5771,1]},
{"frame":46,"values":[0.9995,0.0304,0.0072,0,-0.0304,0.9995,0.0028,0,-0.0071,-0.003,1,0,0,9.2263,1.5771,1]},
{"frame":47,"values":[0.9996,0.0268,0.0072,0,-0.0268,0.9996,0.0003,0,-0.0072,-0.0005,1,0,0,9.2263,1.5771,1]},
{"frame":48,"values":[0.9997,0.0242,0.0059,0,-0.0241,0.9997,-0.0035,0,-0.006,0.0034,1,0,0,9.2263,1.5771,1]},
{"frame":49,"values":[0.9997,0.0225,0.0035,0,-0.0224,0.9997,-0.0081,0,-0.0036,0.0081,1,0,0,9.2263,1.5771,1]},
{"frame":50,"values":[0.9998,0.0214,0.0008,0,-0.0214,0.9997,-0.0125,0,-0.001,0.0125,0.9999,0,0,9.2263,1.5771,1]},
{"frame":51,"values":[0.9998,0.0203,-0.0011,0,-0.0203,0.9997,-0.0156,0,0.0008,0.0156,0.9999,0,0,9.2263,1.5771,1]},
{"frame":52,"values":[0.9998,0.0186,-0.0017,0,-0.0186,0.9997,-0.017,0,0.0014,0.0171,0.9999,0,0,9.2263,1.5771,1]},
{"frame":53,"values":[0.9999,0.0165,-0.0016,0,-0.0165,0.9997,-0.0176,0,0.0013,0.0177,0.9998,0,0,9.2263,1.5771,1]},
{"frame":54,"values":[0.9999,0.014,-0.0009,0,-0.014,0.9997,-0.0183,0,0.0006,0.0183,0.9998,0,0,9.2263,1.5771,1]},
{"frame":55,"values":[0.9999,0.0111,0.0004,0,-0.0111,0.9998,-0.0193,0,-0.0006,0.0193,0.9998,0,0,9.2263,1.5771,1]},
{"frame":56,"values":[1,0.0085,0.0021,0,-0.0084,0.9998,-0.0205,0,-0.0023,0.0204,0.9998,0,0,9.2263,1.5771,1]},
{"frame":57,"values":[1,0.0067,0.0038,0,-0.0066,0.9998,-0.0213,0,-0.004,0.0213,0.9998,0,0,9.2263,1.5771,1]},
{"frame":58,"values":[1,0.0061,0.0051,0,-0.006,0.9997,-0.0216,0,-0.0052,0.0216,0.9998,0,0,9.2263,1.5771,1]},
{"frame":59,"values":[1,0.0061,0.006,0,-0.006,0.9997,-0.0217,0,-0.0061,0.0217,0.9997,0,0,9.2263,1.5771,1]}],"loopBehavior":1,"name":"anim","property":"_matrix"}},
{"name":"Spine1","index":2,"matrix":[0.9998,0.0139,0.012,0,-0.0134,0.999,-0.0435,0,-0.0126,0.0433,0.999,0,0,16.254,-0.1656,1],"rest":[1,0,0,0,0,1,0,0,0,0,1,0,0,16.254,-0.1656,1],"parentBoneIndex":1,"length":13.7007
,"animation":{"dataType":3,"framePerSecond":24,"keys":[
{"frame":1,"values":[0.9998,0.0139,0.012,0,-0.0134,0.999,-0.0435,0,-0.0126,0.0433,0.999,0,0,16.254,-0.1656,1]},
{"frame":2,"values":[0.9998,0.0147,0.0107,0,-0.0142,0.999,-0.043,0,-0.0113,0.0428,0.999,0,0,16.254,-0.1656,1]},
{"frame":3,"values":[0.9999,0.0148,0.007,0,-0.0145,0.9991,-0.0407,0,-0.0076,0.0406,0.9991,0,0,16.254,-0.1656,1]},
{"frame":4,"values":[0.9999,0.0146,-0.0003,0,-0.0146,0.9992,-0.0362,0,-0.0003,0.0362,0.9993,0,0,16.254,-0.1656,1]},
{"frame":5,"values":[0.9998,0.0148,-0.0093,0,-0.0151,0.9994,-0.0307,0,0.0088,0.0308,0.9995,0,0,16.254,-0.1656,1]},
{"frame":6,"values":[0.9997,0.0155,-0.0169,0,-0.0159,0.9995,-0.0262,0,0.0165,0.0265,0.9995,0,0,16.254,-0.1656,1]},
{"frame":7,"values":[0.9996,0.0163,-0.0214,0,-0.0168,0.9996,-0.0224,0,0.021,0.0228,0.9995,0,0,16.254,-0.1656,1]},
{"frame":8,"values":[0.9996,0.0175,-0.0234,0,-0.0179,0.9997,-0.0171,0,0.0231,0.0175,0.9996,0,0,16.254,-0.1656,1]},
{"frame":9,"values":[0.9995,0.0194,-0.0248,0,-0.0197,0.9998,-0.0102,0,0.0246,0.0107,0.9996,0,0,16.254,-0.1656,1]},
{"frame":10,"values":[0.9994,0.0218,-0.0259,0,-0.0219,0.9998,-0.0045,0,0.0258,0.005,0.9997,0,0,16.254,-0.1656,1]},
{"frame":11,"values":[0.9994,0.0229,-0.0259,0,-0.023,0.9997,-0.0006,0,0.0259,0.0012,0.9997,0,0,16.254,-0.1656,1]},
{"frame":12,"values":[0.9995,0.0218,-0.0245,0,-0.0217,0.9998,0.0033,0,0.0246,-0.0027,0.9997,0,0,16.254,-0.1656,1]},
{"frame":13,"values":[0.9996,0.019,-0.022,0,-0.0189,0.9998,0.0078,0,0.0222,-0.0074,0.9997,0,0,16.254,-0.1656,1]},
{"frame":14,"values":[0.9997,0.0172,-0.0185,0,-0.017,0.9998,0.0111,0,0.0187,-0.0107,0.9998,0,0,16.254,-0.1656,1]},
{"frame":15,"values":[0.9997,0.0176,-0.0151,0,-0.0174,0.9998,0.0113,0,0.0153,-0.0111,0.9998,0,0,16.254,-0.1656,1]},
{"frame":16,"values":[0.9997,0.0184,-0.0146,0,-0.0182,0.9998,0.0098,0,0.0148,-0.0095,0.9998,0,0,16.254,-0.1656,1]},
{"frame":17,"values":[0.9997,0.0183,-0.0172,0,-0.0182,0.9998,0.0088,0,0.0174,-0.0085,0.9998,0,0,16.254,-0.1656,1]},
{"frame":18,"values":[0.9997,0.019,-0.0179,0,-0.0188,0.9998,0.0098,0,0.018,-0.0095,0.9998,0,0,16.254,-0.1656,1]},
{"frame":19,"values":[0.9997,0.0216,-0.0137,0,-0.0215,0.9997,0.0128,0,0.0139,-0.0125,0.9998,0,0,16.254,-0.1656,1]},
{"frame":20,"values":[0.9997,0.0246,-0.009,0,-0.0245,0.9996,0.0165,0,0.0094,-0.0163,0.9998,0,0,16.254,-0.1656,1]},
{"frame":21,"values":[0.9996,0.0265,-0.0084,0,-0.0264,0.9995,0.019,0,0.0089,-0.0187,0.9998,0,0,16.254,-0.1656,1]},
{"frame":22,"values":[0.9996,0.0277,-0.0099,0,-0.0275,0.9994,0.0188,0,0.0105,-0.0185,0.9998,0,0,16.254,-0.1656,1]},
{"frame":23,"values":[0.9996,0.0279,-0.0108,0,-0.0278,0.9995,0.0167,0,0.0113,-0.0164,0.9998,0,0,16.254,-0.1656,1]},
{"frame":24,"values":[0.9996,0.0271,-0.0106,0,-0.027,0.9995,0.0153,0,0.011,-0.015,0.9998,0,0,16.254,-0.1656,1]},
{"frame":25,"values":[0.9996,0.0268,-0.0087,0,-0.0267,0.9995,0.0159,0,0.0091,-0.0157,0.9998,0,0,16.254,-0.1656,1]},
{"frame":26,"values":[0.9996,0.0284,-0.0051,0,-0.0283,0.9994,0.018,0,0.0056,-0.0179,0.9998,0,0,16.254,-0.1656,1]},
{"frame":27,"values":[0.9995,0.0304,-0.0016,0,-0.0304,0.9993,0.0204,0,0.0022,-0.0204,0.9998,0,0,16.254,-0.1656,1]},
{"frame":28,"values":[0.9995,0.031,0,0,-0.0309,0.9993,0.0223,0,0.0006,-0.0223,0.9998,0,0,16.254,-0.1656,1]},
{"frame":29,"values":[0.9995,0.0304,0.0003,0,-0.0304,0.9993,0.0229,0,0.0004,-0.0229,0.9997,0,0,16.254,-0.1656,1]},
{"frame":30,"values":[0.9996,0.0296,0,0,-0.0296,0.9993,0.0222,0,0.0007,-0.0222,0.9998,0,0,16.254,-0.1656,1]},
{"frame":31,"values":[0.9996,0.0291,-0.0014,0,-0.0291,0.9994,0.0209,0,0.002,-0.0208,0.9998,0,0,16.254,-0.1656,1]},
{"frame":32,"values":[0.9996,0.0296,-0.0027,0,-0.0295,0.9994,0.0202,0,0.0033,-0.0201,0.9998,0,0,16.254,-0.1656,1]},
{"frame":33,"values":[0.9995,0.0309,-0.0018,0,-0.0309,0.9993,0.021,0,0.0025,-0.0209,0.9998,0,0,16.254,-0.1656,1]},
{"frame":34,"values":[0.9995,0.0316,0.0005,0,-0.0316,0.9993,0.0223,0,0.0002,-0.0223,0.9998,0,0,16.254,-0.1656,1]},
{"frame":35,"values":[0.9995,0.0315,0.0017,0,-0.0315,0.9992,0.0231,0,-0.001,-0.0232,0.9997,0,0,16.254,-0.1656,1]},
{"frame":36,"values":[0.9995,0.0313,0.0009,0,-0.0313,0.9992,0.0229,0,-0.0002,-0.0229,0.9997,0,0,16.254,-0.1656,1]},
{"frame":37,"values":[0.9995,0.0304,-0.0013,0,-0.0304,0.9993,0.0219,0,0.002,-0.0218,0.9998,0,0,16.254,-0.1656,1]},
{"frame":38,"values":[0.9996,0.0293,-0.0039,0,-0.0292,0.9994,0.021,0,0.0045,-0.0208,0.9998,0,0,16.254,-0.1656,1]},
{"frame":39,"values":[0.9996,0.0296,-0.0046,0,-0.0295,0.9993,0.0211,0,0.0052,-0.0209,0.9998,0,0,16.254,-0.1656,1]},
{"frame":40,"values":[0.9995,0.0308,-0.0033,0,-0.0307,0.9993,0.0221,0,0.004,-0.022,0.9998,0,0,16.254,-0.1656,1]},
{"frame":41,"values":[0.9996,0.0296,-0.0027,0,-0.0296,0.9993,0.0227,0,0.0034,-0.0227,0.9997,0,0,16.254,-0.1656,1]},
{"frame":42,"values":[0.9997,0.0251,-0.0035,0,-0.025,0.9995,0.0213,0,0.004,-0.0212,0.9998,0,0,16.254,-0.1656,1]},
{"frame":43,"values":[0.9998,0.0193,-0.003,0,-0.0193,0.9997,0.0174,0,0.0033,-0.0173,0.9998,0,0,16.254,-0.1656,1]},
{"frame":44,"values":[0.9999,0.0145,0.0001,0,-0.0145,0.9998,0.013,0,0.0001,-0.013,0.9999,0,0,16.254,-0.1656,1]},
{"frame":45,"values":[0.9999,0.0109,0.0039,0,-0.011,0.9999,0.0095,0,-0.0038,-0.0095,0.9999,0,0,16.254,-0.1656,1]},
{"frame":46,"values":[0.9999,0.0081,0.0066,0,-0.0081,0.9999,0.0059,0,-0.0066,-0.0059,1,0,0,16.254,-0.1656,1]},
{"frame":47,"values":[1,0.0063,0.0074,0,-0.0063,1,0.0006,0,-0.0074,-0.0007,1,0,0,16.254,-0.1656,1]},
{"frame":48,"values":[1,0.0062,0.0054,0,-0.0061,1,-0.007,0,-0.0055,0.007,1,0,0,16.254,-0.1656,1]},
{"frame":49,"values":[1,0.0081,0.0013,0,-0.008,0.9998,-0.0164,0,-0.0014,0.0163,0.9999,0,0,16.254,-0.1656,1]},
{"frame":50,"values":[0.9999,0.0115,-0.0032,0,-0.0115,0.9996,-0.0252,0,0.003,0.0252,0.9997,0,0,16.254,-0.1656,1]},
{"frame":51,"values":[0.9999,0.0146,-0.0061,0,-0.0148,0.9994,-0.0312,0,0.0056,0.0313,0.9995,0,0,16.254,-0.1656,1]},
{"frame":52,"values":[0.9998,0.0163,-0.0066,0,-0.0165,0.9993,-0.0341,0,0.006,0.0342,0.9994,0,0,16.254,-0.1656,1]},
{"frame":53,"values":[0.9998,0.0169,-0.0056,0,-0.0171,0.9992,-0.0353,0,0.005,0.0354,0.9994,0,0,16.254,-0.1656,1]},
{"frame":54,"values":[0.9998,0.017,-0.0035,0,-0.0171,0.9992,-0.0365,0,0.0029,0.0366,0.9993,0,0,16.254,-0.1656,1]},
{"frame":55,"values":[0.9999,0.0165,-0.0003,0,-0.0165,0.9991,-0.0385,0,-0.0004,0.0385,0.9993,0,0,16.254,-0.1656,1]},
{"frame":56,"values":[0.9999,0.0155,0.0038,0,-0.0153,0.999,-0.0409,0,-0.0044,0.0408,0.9992,0,0,16.254,-0.1656,1]},
{"frame":57,"values":[0.9999,0.0143,0.0075,0,-0.014,0.999,-0.0426,0,-0.0081,0.0425,0.9991,0,0,16.254,-0.1656,1]},
{"frame":58,"values":[0.9999,0.0138,0.0101,0,-0.0133,0.999,-0.0432,0,-0.0107,0.0431,0.999,0,0,16.254,-0.1656,1]},
{"frame":59,"values":[0.9998,0.0139,0.012,0,-0.0134,0.999,-0.0435,0,-0.0126,0.0433,0.999,0,0,16.254,-0.1656,1]}],"loopBehavior":1,"name":"anim","property":"_matrix"}},
{"name":"Spine2","index":3,"matrix":[0.9998,0.0139,0.012,0,-0.0134,0.999,-0.0435,0,-0.0126,0.0433,0.999,0,0,13.6396,-1.2923,1],"rest":[1,0,0,0,0,1,0,0,0,0,1,0,0,13.6396,-1.2923,1],"parentBoneIndex":2,"length":13.1719
,"animation":{"dataType":3,"framePerSecond":24,"keys":[
{"frame":1,"values":[0.9998,0.0139,0.012,0,-0.0134,0.999,-0.0435,0,-0.0126,0.0433,0.999,0,0,13.6396,-1.2923,1]},
{"frame":2,"values":[0.9998,0.0147,0.0107,0,-0.0142,0.999,-0.043,0,-0.0113,0.0428,0.999,0,0,13.6396,-1.2923,1]},
{"frame":3,"values":[0.9999,0.0148,0.007,0,-0.0145,0.9991,-0.0407,0,-0.0076,0.0406,0.9991,0,0,13.6396,-1.2923,1]},
{"frame":4,"values":[0.9999,0.0146,-0.0003,0,-0.0146,0.9992,-0.0362,0,-0.0002,0.0362,0.9993,0,0,13.6396,-1.2923,1]},
{"frame":5,"values":[0.9998,0.0148,-0.0093,0,-0.0151,0.9994,-0.0307,0,0.0088,0.0309,0.9995,0,0,13.6396,-1.2923,1]},
{"frame":6,"values":[0.9997,0.0155,-0.0169,0,-0.0159,0.9995,-0.0262,0,0.0165,0.0265,0.9995,0,0,13.6396,-1.2923,1]},
{"frame":7,"values":[0.9996,0.0163,-0.0214,0,-0.0168,0.9996,-0.0224,0,0.021,0.0228,0.9995,0,0,13.6396,-1.2923,1]},
{"frame":8,"values":[0.9996,0.0175,-0.0235,0,-0.0179,0.9997,-0.0171,0,0.0232,0.0175,0.9996,0,0,13.6396,-1.2923,1]},
{"frame":9,"values":[0.9995,0.0194,-0.0249,0,-0.0197,0.9998,-0.0103,0,0.0247,0.0108,0.9996,0,0,13.6396,-1.2923,1]},
{"frame":10,"values":[0.9994,0.0217,-0.0261,0,-0.0219,0.9998,-0.0046,0,0.026,0.0051,0.9996,0,0,13.6396,-1.2923,1]},
{"frame":11,"values":[0.9994,0.0229,-0.0261,0,-0.0229,0.9997,-0.0007,0,0.0261,0.0013,0.9997,0,0,13.6396,-1.2923,1]},
{"frame":12,"values":[0.9995,0.0217,-0.0248,0,-0.0217,0.9998,0.0031,0,0.0249,-0.0025,0.9997,0,0,13.6396,-1.2923,1]},
{"frame":13,"values":[0.9996,0.019,-0.0224,0,-0.0188,0.9998,0.0076,0,0.0226,-0.0072,0.9997,0,0,13.6396,-1.2923,1]},
{"frame":14,"values":[0.9997,0.0172,-0.019,0,-0.017,0.9998,0.0108,0,0.0192,-0.0105,0.9998,0,0,13.6396,-1.2923,1]},
{"frame":15,"values":[0.9997,0.0175,-0.0156,0,-0.0173,0.9998,0.0111,0,0.0158,-0.0108,0.9998,0,0,13.6396,-1.2923,1]},
{"frame":16,"values":[0.9997,0.0183,-0.0152,0,-0.0182,0.9998,0.0096,0,0.0153,-0.0093,0.9998,0,0,13.6396,-1.2923,1]},
{"frame":17,"values":[0.9997,0.0183,-0.0178,0,-0.0181,0.9998,0.0086,0,0.0179,-0.0082,0.9998,0,0,13.6396,-1.2923,1]},
{"frame":18,"values":[0.9997,0.0189,-0.0184,0,-0.0187,0.9998,0.0096,0,0.0186,-0.0092,0.9998,0,0,13.6396,-1.2923,1]},
{"frame":19,"values":[0.9997,0.0215,-0.0143,0,-0.0214,0.9997,0.0125,0,0.0146,-0.0122,0.9998,0,0,13.6396,-1.2923,1]},
{"frame":20,"values":[0.9997,0.0246,-0.0097,0,-0.0244,0.9996,0.0163,0,0.0101,-0.016,0.9998,0,0,13.6396,-1.2923,1]},
{"frame":21,"values":[0.9996,0.0264,-0.0091,0,-0.0263,0.9995,0.0187,0,0.0096,-0.0185,0.9998,0,0,13.6396,-1.2923,1]},
{"frame":22,"values":[0.9996,0.0276,-0.0107,0,-0.0274,0.9995,0.0185,0,0.0112,-0.0182,0.9998,0,0,13.6396,-1.2923,1]},
{"frame":23,"values":[0.9995,0.0278,-0.0116,0,-0.0277,0.9995,0.0165,0,0.012,-0.0162,0.9998,0,0,13.6396,-1.2923,1]},
{"frame":24,"values":[0.9996,0.027,-0.0113,0,-0.0269,0.9995,0.015,0,0.0117,-0.0147,0.9998,0,0,13.6396,-1.2923,1]},
{"frame":25,"values":[0.9996,0.0267,-0.0094,0,-0.0266,0.9995,0.0157,0,0.0098,-0.0154,0.9998,0,0,13.6396,-1.2923,1]},
{"frame":26,"values":[0.9996,0.0283,-0.0059,0,-0.0282,0.9994,0.0178,0,0.0064,-0.0176,0.9998,0,0,13.6396,-1.2923,1]},
{"frame":27,"values":[0.9995,0.0303,-0.0024,0,-0.0303,0.9993,0.0202,0,0.003,-0.0201,0.9998,0,0,13.6396,-1.2923,1]},
{"frame":28,"values":[0.9995,0.0309,-0.0007,0,-0.0308,0.9993,0.0221,0,0.0014,-0.022,0.9998,0,0,13.6396,-1.2923,1]},
{"frame":29,"values":[0.9995,0.0303,-0.0005,0,-0.0303,0.9993,0.0227,0,0.0012,-0.0227,0.9997,0,0,13.6396,-1.2923,1]},
{"frame":30,"values":[0.9996,0.0295,-0.0008,0,-0.0295,0.9993,0.022,0,0.0015,-0.022,0.9998,0,0,13.6396,-1.2923,1]},
{"frame":31,"values":[0.9996,0.029,-0.0021,0,-0.029,0.9994,0.0207,0,0.0027,-0.0206,0.9998,0,0,13.6396,-1.2923,1]},
{"frame":32,"values":[0.9996,0.0295,-0.0034,0,-0.0294,0.9994,0.02,0,0.004,-0.0199,0.9998,0,0,13.6396,-1.2923,1]},
{"frame":33,"values":[0.9995,0.0308,-0.0026,0,-0.0308,0.9993,0.0208,0,0.0033,-0.0207,0.9998,0,0,13.6396,-1.2923,1]},
{"frame":34,"values":[0.9995,0.0315,-0.0003,0,-0.0315,0.9993,0.0221,0,0.001,-0.0221,0.9998,0,0,13.6396,-1.2923,1]},
{"frame":35,"values":[0.9995,0.0314,0.0009,0,-0.0314,0.9992,0.0229,0,-0.0002,-0.0229,0.9997,0,0,13.6396,-1.2923,1]},
{"frame":36,"values":[0.9995,0.0312,0.0001,0,-0.0312,0.9993,0.0227,0,0.0006,-0.0227,0.9997,0,0,13.6396,-1.2923,1]},
{"frame":37,"values":[0.9995,0.0303,-0.0022,0,-0.0303,0.9993,0.0216,0,0.0028,-0.0216,0.9998,0,0,13.6396,-1.2923,1]},
{"frame":38,"values":[0.9996,0.0292,-0.0047,0,-0.0291,0.9994,0.0207,0,0.0053,-0.0206,0.9998,0,0,13.6396,-1.2923,1]},
{"frame":39,"values":[0.9996,0.0295,-0.0053,0,-0.0294,0.9994,0.0208,0,0.006,-0.0207,0.9998,0,0,13.6396,-1.2923,1]},
{"frame":40,"values":[0.9995,0.0307,-0.0041,0,-0.0306,0.9993,0.0219,0,0.0047,-0.0218,0.9998,0,0,13.6396,-1.2923,1]},
{"frame":41,"values":[0.9996,0.0296,-0.0034,0,-0.0295,0.9993,0.0226,0,0.0041,-0.0224,0.9997,0,0,13.6396,-1.2923,1]},
{"frame":42,"values":[0.9997,0.025,-0.0042,0,-0.0249,0.9995,0.0211,0,0.0047,-0.021,0.9998,0,0,13.6396,-1.2923,1]},
{"frame":43,"values":[0.9998,0.0193,-0.0036,0,-0.0192,0.9997,0.0172,0,0.004,-0.0171,0.9998,0,0,13.6396,-1.2923,1]},
{"frame":44,"values":[0.9999,0.0145,-0.0005,0,-0.0145,0.9998,0.0129,0,0.0007,-0.0129,0.9999,0,0,13.6396,-1.2923,1]},
{"frame":45,"values":[0.9999,0.0109,0.0034,0,-0.0109,0.9999,0.0094,0,-0.0033,-0.0094,1,0,0,13.6396,-1.2923,1]},
{"frame":46,"values":[0.9999,0.0081,0.0062,0,-0.0081,1,0.0058,0,-0.0061,-0.0058,1,0,0,13.6396,-1.2923,1]},
{"frame":47,"values":[1,0.0063,0.007,0,-0.0063,1,0.0005,0,-0.007,-0.0006,1,0,0,13.6396,-1.2923,1]},
{"frame":48,"values":[1,0.0061,0.0051,0,-0.0061,1,-0.0071,0,-0.0052,0.0071,1,0,0,13.6396,-1.2923,1]},
{"frame":49,"values":[1,0.008,0.001,0,-0.008,0.9998,-0.0164,0,-0.0011,0.0164,0.9999,0,0,13.6396,-1.2923,1]},
{"frame":50,"values":[0.9999,0.0114,-0.0034,0,-0.0115,0.9996,-0.0252,0,0.0032,0.0253,0.9997,0,0,13.6396,-1.2923,1]},
{"frame":51,"values":[0.9999,0.0146,-0.0062,0,-0.0148,0.9994,-0.0313,0,0.0058,0.0314,0.9995,0,0,13.6396,-1.2923,1]},
{"frame":52,"values":[0.9998,0.0163,-0.0067,0,-0.0165,0.9993,-0.0341,0,0.0062,0.0343,0.9994,0,0,13.6396,-1.2923,1]},
{"frame":53,"values":[0.9998,0.0169,-0.0057,0,-0.0171,0.9992,-0.0353,0,0.0051,0.0354,0.9994,0,0,13.6396,-1.2923,1]},
{"frame":54,"values":[0.9998,0.017,-0.0035,0,-0.0171,0.9992,-0.0365,0,0.0029,0.0366,0.9993,0,0,13.6396,-1.2923,1]},
{"frame":55,"values":[0.9999,0.0165,-0.0003,0,-0.0165,0.9991,-0.0385,0,-0.0003,0.0385,0.9993,0,0,13.6396,-1.2923,1]},
{"frame":56,"values":[0.9999,0.0155,0.0037,0,-0.0153,0.999,-0.0409,0,-0.0044,0.0408,0.9992,0,0,13.6396,-1.2923,1]},
{"frame":57,"values":[0.9999,0.0143,0.0075,0,-0.014,0.999,-0.0426,0,-0.0081,0.0425,0.9991,0,0,13.6396,-1.2923,1]},
{"frame":58,"values":[0.9999,0.0138,0.0101,0,-0.0133,0.999,-0.0432,0,-0.0107,0.0431,0.999,0,0,13.6396,-1.2923,1]},
{"frame":59,"values":[0.9998,0.0139,0.012,0,-0.0134,0.999,-0.0435,0,-0.0126,0.0433,0.999,0,0,13.6396,-1.2923,1]}],"loopBehavior":1,"name":"anim","property":"_matrix"}},
{"name":"Neck","index":4,"matrix":[0.9999,0.0118,0.0036,0,-0.0119,0.999,0.0424,0,-0.0031,-0.0425,0.9991,0,0,13.8774,-4.3542,1],"rest":[1,0,0,0,0,1,0,0,0,0,1,0,0,13.8774,-4.3542,1],"parentBoneIndex":3,"length":4.4379
,"animation":{"dataType":3,"framePerSecond":24,"keys":[
{"frame":1,"values":[0.9999,0.0118,0.0036,0,-0.0119,0.999,0.0424,0,-0.0031,-0.0425,0.9991,0,0,13.8774,-4.3542,1]},
{"frame":2,"values":[0.9999,0.0118,0.0053,0,-0.012,0.9991,0.0408,0,-0.0048,-0.0409,0.9992,0,0,13.8774,-4.3542,1]},
{"frame":3,"values":[0.9999,0.0123,0.0079,0,-0.0126,0.9992,0.0388,0,-0.0075,-0.0389,0.9992,0,0,13.8774,-4.3542,1]},
{"frame":4,"values":[0.9998,0.0148,0.0118,0,-0.0153,0.9991,0.0383,0,-0.0112,-0.0385,0.9992,0,0,13.8774,-4.3542,1]},
{"frame":5,"values":[0.9997,0.0208,0.0158,0,-0.0214,0.9989,0.0416,0,-0.015,-0.0419,0.999,0,0,13.8774,-4.3542,1]},
{"frame":6,"values":[0.9994,0.0301,0.0189,0,-0.031,0.9983,0.0494,0,-0.0173,-0.05,0.9986,0,0,13.8774,-4.3542,1]},
{"frame":7,"values":[0.999,0.0401,0.021,0,-0.0413,0.9974,0.0593,0,-0.0186,-0.0601,0.998,0,0,13.8774,-4.3542,1]},
{"frame":8,"values":[0.9986,0.0483,0.0237,0,-0.0498,0.9964,0.068,0,-0.0203,-0.069,0.9974,0,0,13.8774,-4.3542,1]},
{"frame":9,"values":[0.9982,0.0538,0.028,0,-0.0558,0.9957,0.0746,0,-0.0239,-0.0761,0.9968,0,0,13.8774,-4.3542,1]},
{"frame":10,"values":[0.9978,0.0573,0.0339,0,-0.0599,0.9949,0.0817,0,-0.029,-0.0836,0.9961,0,0,13.8774,-4.3542,1]},
{"frame":11,"values":[0.9974,0.0604,0.0405,0,-0.0639,0.9937,0.0918,0,-0.0347,-0.0942,0.995,0,0,13.8774,-4.3542,1]},
{"frame":12,"values":[0.9967,0.0652,0.0477,0,-0.0699,0.9922,0.1034,0,-0.0406,-0.1064,0.9935,0,0,13.8774,-4.3542,1]},
{"frame":13,"values":[0.9958,0.0729,0.0558,0,-0.0788,0.9905,0.1127,0,-0.047,-0.1166,0.9921,0,0,13.8774,-4.3542,1]},
{"frame":14,"values":[0.9946,0.0819,0.0632,0,-0.0891,0.9888,0.1201,0,-0.0526,-0.125,0.9908,0,0,13.8774,-4.3542,1]},
{"frame":15,"values":[0.9936,0.0901,0.0677,0,-0.0983,0.9866,0.1302,0,-0.055,-0.136,0.9892,0,0,13.8774,-4.3542,1]},
{"frame":16,"values":[0.9929,0.0972,0.0693,0,-0.1063,0.984,0.143,0,-0.0543,-0.1493,0.9873,0,0,13.8774,-4.3542,1]},
{"frame":17,"values":[0.9921,0.103,0.071,0,-0.1128,0.9819,0.1519,0,-0.0541,-0.1587,0.9858,0,0,13.8774,-4.3542,1]},
{"frame":18,"values":[0.9917,0.1049,0.0738,0,-0.1152,0.9815,0.1531,0,-0.0564,-0.1604,0.9854,0,0,13.8774,-4.3542,1]},
{"frame":19,"values":[0.9918,0.1026,0.0758,0,-0.1131,0.9821,0.1505,0,-0.059,-0.1579,0.9857,0,0,13.8774,-4.3542,1]},
{"frame":20,"values":[0.9921,0.0999,0.0756,0,-0.1103,0.9827,0.1486,0,-0.0594,-0.1558,0.986,0,0,13.8774,-4.3542,1]},
{"frame":21,"values":[0.9924,0.0982,0.0745,0,-0.1085,0.9828,0.1494,0,-0.0586,-0.1563,0.986,0,0,13.8774,-4.3542,1]},
{"frame":22,"values":[0.9926,0.0962,0.0741,0,-0.1067,0.9822,0.1544,0,-0.0579,-0.1611,0.9852,0,0,13.8774,-4.3542,1]},
{"frame":23,"values":[0.9927,0.0949,0.0746,0,-0.106,0.981,0.1624,0,-0.0578,-0.1691,0.9839,0,0,13.8774,-4.3542,1]},
{"frame":24,"values":[0.9925,0.0959,0.0763,0,-0.1076,0.9799,0.168,0,-0.0587,-0.1749,0.9828,0,0,13.8774,-4.3542,1]},
{"frame":25,"values":[0.9921,0.0972,0.0789,0,-0.1093,0.9797,0.1678,0,-0.061,-0.1751,0.9827,0,0,13.8774,-4.3542,1]},
{"frame":26,"values":[0.9921,0.0964,0.0806,0,-0.1086,0.9803,0.1647,0,-0.0631,-0.1721,0.983,0,0,13.8774,-4.3542,1]},
{"frame":27,"values":[0.9923,0.0943,0.0804,0,-0.1064,0.981,0.1623,0,-0.0635,-0.1696,0.9835,0,0,13.8774,-4.3542,1]},
{"frame":28,"values":[0.9925,0.0927,0.0791,0,-0.1045,0.9813,0.1618,0,-0.0626,-0.1689,0.9836,0,0,13.8774,-4.3542,1]},
{"frame":29,"values":[0.9927,0.0916,0.078,0,-0.1035,0.981,0.1643,0,-0.0615,-0.1712,0.9833,0,0,13.8774,-4.3542,1]},
{"frame":30,"values":[0.9928,0.0918,0.0774,0,-0.1038,0.9801,0.1692,0,-0.0603,-0.176,0.9825,0,0,13.8774,-4.3542,1]},
{"frame":31,"values":[0.9926,0.0932,0.0779,0,-0.1056,0.9792,0.1732,0,-0.0601,-0.1802,0.9818,0,0,13.8774,-4.3542,1]},
{"frame":32,"values":[0.9924,0.0939,0.0792,0,-0.1065,0.9791,0.1734,0,-0.0612,-0.1806,0.9817,0,0,13.8774,-4.3542,1]},
{"frame":33,"values":[0.9925,0.0928,0.08,0,-0.1053,0.9797,0.1705,0,-0.0626,-0.1777,0.9821,0,0,13.8774,-4.3542,1]},
{"frame":34,"values":[0.9926,0.0913,0.0798,0,-0.1037,0.9805,0.1672,0,-0.063,-0.1742,0.9827,0,0,13.8774,-4.3542,1]},
{"frame":35,"values":[0.9927,0.0904,0.0793,0,-0.1025,0.9808,0.1658,0,-0.0628,-0.1727,0.983,0,0,13.8774,-4.3542,1]},
{"frame":36,"values":[0.9928,0.0905,0.079,0,-0.1027,0.9804,0.168,0,-0.0622,-0.1749,0.9826,0,0,13.8774,-4.3542,1]},
{"frame":37,"values":[0.9925,0.0928,0.079,0,-0.1053,0.9794,0.172,0,-0.0615,-0.1791,0.9819,0,0,13.8774,-4.3542,1]},
{"frame":38,"values":[0.9922,0.0954,0.0798,0,-0.1081,0.9789,0.1733,0,-0.0616,-0.1805,0.9816,0,0,13.8774,-4.3542,1]},
{"frame":39,"values":[0.9922,0.0952,0.0807,0,-0.1079,0.9793,0.1711,0,-0.0627,-0.1784,0.982,0,0,13.8774,-4.3542,1]},
{"frame":40,"values":[0.9924,0.0935,0.0799,0,-0.106,0.9796,0.1709,0,-0.0623,-0.178,0.9821,0,0,13.8774,-4.3542,1]},
{"frame":41,"values":[0.9928,0.0921,0.0769,0,-0.1044,0.979,0.1752,0,-0.0591,-0.1819,0.9815,0,0,13.8774,-4.3542,1]},
{"frame":42,"values":[0.9934,0.0889,0.0726,0,-0.1007,0.9786,0.1794,0,-0.0551,-0.1855,0.9811,0,0,13.8774,-4.3542,1]},
{"frame":43,"values":[0.9943,0.0816,0.0679,0,-0.0926,0.9796,0.1781,0,-0.052,-0.1834,0.9817,0,0,13.8774,-4.3542,1]},
{"frame":44,"values":[0.9954,0.0729,0.0623,0,-0.0826,0.9818,0.1712,0,-0.0487,-0.1755,0.9833,0,0,13.8774,-4.3542,1]},
{"frame":45,"values":[0.9963,0.0656,0.0554,0,-0.0738,0.9841,0.1615,0,-0.0439,-0.165,0.9853,0,0,13.8774,-4.3542,1]},
{"frame":46,"values":[0.9971,0.0592,0.0474,0,-0.0657,0.9864,0.1509,0,-0.0378,-0.1536,0.9874,0,0,13.8774,-4.3542,1]},
{"frame":47,"values":[0.9979,0.0515,0.0393,0,-0.0564,0.9887,0.139,0,-0.0317,-0.1409,0.9895,0,0,13.8774,-4.3542,1]},
{"frame":48,"values":[0.9986,0.0416,0.0322,0,-0.0453,0.991,0.1257,0,-0.0267,-0.127,0.9915,0,0,13.8774,-4.3542,1]},
{"frame":49,"values":[0.9992,0.0307,0.0273,0,-0.0336,0.9932,0.1117,0,-0.0236,-0.1126,0.9934,0,0,13.8774,-4.3542,1]},
{"frame":50,"values":[0.9995,0.0208,0.0244,0,-0.0231,0.995,0.0969,0,-0.0223,-0.0975,0.995,0,0,13.8774,-4.3542,1]},
{"frame":51,"values":[0.9997,0.0136,0.0221,0,-0.0154,0.9966,0.081,0,-0.0209,-0.0813,0.9965,0,0,13.8774,-4.3542,1]},
{"frame":52,"values":[0.9998,0.0094,0.0189,0,-0.0106,0.9978,0.0662,0,-0.0183,-0.0664,0.9976,0,0,13.8774,-4.3542,1]},
{"frame":53,"values":[0.9999,0.0074,0.0154,0,-0.0083,0.9984,0.056,0,-0.0149,-0.0561,0.9983,0,0,13.8774,-4.3542,1]},
{"frame":54,"values":[0.9999,0.0071,0.0121,0,-0.0077,0.9987,0.0513,0,-0.0118,-0.0514,0.9986,0,0,13.8774,-4.3542,1]},
{"frame":55,"values":[0.9999,0.0081,0.0097,0,-0.0085,0.9987,0.0497,0,-0.0093,-0.0498,0.9987,0,0,13.8774,-4.3542,1]},
{"frame":56,"values":[0.9999,0.01,0.0078,0,-0.0103,0.9988,0.0489,0,-0.0073,-0.0489,0.9988,0,0,13.8774,-4.3542,1]},
{"frame":57,"values":[0.9999,0.0118,0.0062,0,-0.0121,0.9988,0.0475,0,-0.0057,-0.0476,0.9989,0,0,13.8774,-4.3542,1]},
{"frame":58,"values":[0.9999,0.0125,0.0048,0,-0.0127,0.9989,0.0452,0,-0.0043,-0.0452,0.999,0,0,13.8774,-4.3542,1]},
{"frame":59,"values":[0.9999,0.0118,0.0036,0,-0.0119,0.999,0.0424,0,-0.0031,-0.0425,0.9991,0,0,13.8774,-4.3542,1]}],"loopBehavior":1,"name":"anim","property":"_matrix"}},
{"name":"Neck1","index":5,"matrix":[1,0,0,0,0,1,0,0,0,0,1,0,0,4.34,0.9269,1],"rest":[1,0,0,0,0,1,0,0,0,0,1,0,0,4.34,0.9269,1],"parentBoneIndex":4,"length":6.2291
,"animation":{"dataType":3,"framePerSecond":24,"keys":[
{"frame":1,"values":[1,0,0,0,0,1,0,0,0,0,1,0,0,4.34,0.9269,1]},
{"frame":59,"values":[1,0,0,0,0,1,0,0,0,0,1,0,0,4.34,0.9269,1]}],"loopBehavior":1,"name":"anim","property":"_matrix"}},
{"name":"Head","index":6,"matrix":[0.9997,-0.0176,0.0188,0,0.0167,0.9986,0.0504,0,-0.0197,-0.0501,0.9986,0,0,4.0266,0.8585,1],"rest":[1,0,0,0,0,1,0,0,0,0,1,0,0,4.0266,0.8585,1],"parentBoneIndex":5,"length":14.8424
,"animation":{"dataType":3,"framePerSecond":24,"keys":[
{"frame":1,"values":[0.9997,-0.0176,0.0188,0,0.0167,0.9986,0.0504,0,-0.0197,-0.0501,0.9986,0,0,4.0266,0.8585,1]},
{"frame":2,"values":[0.9995,-0.0175,0.0271,0,0.0162,0.9986,0.0497,0,-0.0279,-0.0493,0.9984,0,0,4.0266,0.8585,1]},
{"frame":3,"values":[0.999,-0.0197,0.0389,0,0.018,0.9989,0.0443,0,-0.0398,-0.0436,0.9983,0,0,4.0266,0.8585,1]},
{"frame":4,"values":[0.9984,-0.0227,0.0528,0,0.0213,0.9994,0.0261,0,-0.0533,-0.0249,0.9983,0,0,4.0266,0.8585,1]},
{"frame":5,"values":[0.9978,-0.0229,0.0624,0,0.0233,0.9997,-0.0058,0,-0.0622,0.0073,0.998,0,0,4.0266,0.8585,1]},
{"frame":6,"values":[0.9978,-0.0199,0.0626,0,0.0227,0.9987,-0.0448,0,-0.0616,0.0461,0.997,0,0,4.0266,0.8585,1]},
{"frame":7,"values":[0.9982,-0.018,0.0572,0,0.0226,0.9964,-0.0821,0,-0.0555,0.0833,0.995,0,0,4.0266,0.8585,1]},
{"frame":8,"values":[0.9982,-0.0212,0.0562,0,0.0275,0.9931,-0.1142,0,-0.0534,0.1156,0.9919,0,0,4.0266,0.8585,1]},
{"frame":9,"values":[0.9973,-0.0306,0.066,0,0.0395,0.9895,-0.1391,0,-0.0611,0.1413,0.9881,0,0,4.0266,0.8585,1]},
{"frame":10,"values":[0.9954,-0.0445,0.0849,0,0.0573,0.9862,-0.155,0,-0.0768,0.1592,0.9843,0,0,4.0266,0.8585,1]},
{"frame":11,"values":[0.9926,-0.0585,0.1068,0,0.0759,0.983,-0.1674,0,-0.0952,0.1743,0.9801,0,0,4.0266,0.8585,1]},
{"frame":12,"values":[0.9892,-0.0674,0.1299,0,0.0911,0.9783,-0.1862,0,-0.1145,0.196,0.9739,0,0,4.0266,0.8585,1]},
{"frame":13,"values":[0.9855,-0.0694,0.1547,0,0.1017,0.9719,-0.2123,0,-0.1356,0.225,0.9649,0,0,4.0266,0.8585,1]},
{"frame":14,"values":[0.9821,-0.0679,0.1757,0,0.1085,0.9664,-0.2332,0,-0.154,0.2481,0.9564,0,0,4.0266,0.8585,1]},
{"frame":15,"values":[0.9809,-0.0676,0.1824,0,0.1107,0.9649,-0.2379,0,-0.16,0.2536,0.954,0,0,4.0266,0.8585,1]},
{"frame":16,"values":[0.9822,-0.068,0.1753,0,0.1084,0.9666,-0.2323,0,-0.1537,0.2472,0.9567,0,0,4.0266,0.8585,1]},
{"frame":17,"values":[0.9828,-0.0683,0.1714,0,0.1073,0.9673,-0.2298,0,-0.1501,0.2442,0.958,0,0,4.0266,0.8585,1]},
{"frame":18,"values":[0.9808,-0.0737,0.1804,0,0.1155,0.9654,-0.2337,0,-0.1569,0.2501,0.9554,0,0,4.0266,0.8585,1]},
{"frame":19,"values":[0.9779,-0.0842,0.1916,0,0.1298,0.9622,-0.2393,0,-0.1642,0.2589,0.9519,0,0,4.0266,0.8585,1]},
{"frame":20,"values":[0.9768,-0.0909,0.194,0,0.1379,0.9598,-0.2447,0,-0.1639,0.2657,0.95,0,0,4.0266,0.8585,1]},
{"frame":21,"values":[0.9774,-0.0896,0.1915,0,0.1364,0.9592,-0.2476,0,-0.1615,0.2681,0.9497,0,0,4.0266,0.8585,1]},
{"frame":22,"values":[0.9778,-0.0856,0.1911,0,0.1315,0.9613,-0.242,0,-0.163,0.2618,0.9513,0,0,4.0266,0.8585,1]},
{"frame":23,"values":[0.9778,-0.0803,0.1933,0,0.1244,0.9656,-0.2282,0,-0.1684,0.2472,0.9542,0,0,4.0266,0.8585,1]},
{"frame":24,"values":[0.9773,-0.0731,0.199,0,0.1166,0.9694,-0.2162,0,-0.1771,0.2345,0.9558,0,0,4.0266,0.8585,1]},
{"frame":25,"values":[0.9753,-0.0705,0.2095,0,0.1157,0.9704,-0.212,0,-0.1884,0.231,0.9546,0,0,4.0266,0.8585,1]},
{"frame":26,"values":[0.9729,-0.0748,0.2188,0,0.1222,0.9696,-0.2121,0,-0.1963,0.2331,0.9524,0,0,4.0266,0.8585,1]},
