{"producer":{"name":"Blender","version":"2.90.0","exporter_version":"2.80.1","file":"option_fight_kickleft.babylon"},
"autoClear":true,"clearColor":[0.0509,0.0509,0.0509],"gravity":[0,-9.81,0],
"materials":[{"name":"Material","id":"Material","customType":"BABYLON.PBRMaterial","backFaceCulling":true,"checkReadyOnlyOnce":false,"maxSimultaneousLights":4,"environmentIntensity":1,"albedo":[0.8,0.8,0.8],"reflectivity":[0.5,0.5,0.5],"roughness":0.4,"alpha":1,"transparencyMode":0,"alphaCutOff":0.4,"metallic":0}],
"multiMaterials":[],
"skeletons":[{"name":"Armature","id":0,"dimensionsAtRest":[188.1767,188.0947,21.7491],"bones":[
{"name":"Hips","index":0,"matrix":[0.5837,-0.0464,-0.8106,0,0.099,0.995,0.0143,0,-0.8059,0.0886,-0.5854,0,-1.7826,91.9818,-0.4437,1],"rest":[1,0,0,0,0,1,0,0,0,0,-1,0,0,96.3764,0,1],"parentBoneIndex":-1,"length":9.9032
,"animation":{"dataType":3,"framePerSecond":24,"keys":[
{"frame":1,"values":[0.5837,-0.0464,-0.8106,0,0.099,0.995,0.0143,0,-0.8059,0.0886,-0.5854,0,-1.7826,91.9818,-0.4437,1]},
{"frame":2,"values":[0.5783,-0.0452,-0.8146,0,0.1007,0.9948,0.0163,0,-0.8096,0.0915,-0.5798,0,-1.8208,91.996,-0.5539,1]},
{"frame":3,"values":[0.5743,-0.043,-0.8175,0,0.1008,0.9947,0.0185,0,-0.8124,0.0931,-0.5756,0,-1.8117,92.011,-0.6794,1]},
{"frame":4,"values":[0.5699,-0.0397,-0.8207,0,0.1,0.9948,0.0213,0,-0.8156,0.0942,-0.5709,0,-1.7809,92.0348,-0.8259,1]},
{"frame":5,"values":[0.5631,-0.0353,-0.8256,0,0.0993,0.9947,0.0252,0,-0.8204,0.0961,-0.5637,0,-1.761,92.0788,-1.0009,1]},
{"frame":6,"values":[0.5543,-0.0292,-0.8318,0,0.0985,0.9947,0.0308,0,-0.8265,0.099,-0.5542,0,-1.7524,92.1328,-1.1992,1]},
{"frame":7,"values":[0.544,-0.0206,-0.8388,0,0.0975,0.9945,0.0388,0,-0.8334,0.1029,-0.543,0,-1.7725,92.1485,-1.3995,1]},
{"frame":8,"values":[0.5313,-0.0074,-0.8472,0,0.0973,0.9939,0.0524,0,-0.8416,0.1102,-0.5287,0,-1.8813,92.0681,-1.5741,1]},
{"frame":9,"values":[0.5165,0.0126,-0.8562,0,0.0989,0.9923,0.0743,0,-0.8505,0.123,-0.5113,0,-2.124,91.8665,-1.665,1]},
{"frame":10,"values":[0.5029,0.0386,-0.8635,0,0.104,0.989,0.1048,0,-0.8581,0.1424,-0.4934,0,-2.501,91.5423,-1.5864,1]},
{"frame":11,"values":[0.4948,0.0616,-0.8668,0,0.1166,0.9838,0.1365,0,-0.8611,0.1686,-0.4796,0,-3.0325,91.1215,-1.2385,1]},
{"frame":12,"values":[0.4971,0.0694,-0.8649,0,0.1371,0.978,0.1573,0,-0.8568,0.1967,-0.4767,0,-3.7465,90.7037,-0.4907,1]},
{"frame":13,"values":[0.5116,0.0591,-0.8572,0,0.155,0.9749,0.1598,0,-0.8451,0.2146,-0.4896,0,-4.5089,90.3953,0.7525,1]},
{"frame":14,"values":[0.5337,0.0374,-0.8448,0,0.1581,0.977,0.1432,0,-0.8307,0.21,-0.5155,0,-5.0409,90.2201,2.5173,1]},
{"frame":15,"values":[0.5601,0.0146,-0.8283,0,0.1429,0.9831,0.114,0,-0.816,0.1823,-0.5486,0,-5.1786,90.2134,4.7956,1]},
{"frame":16,"values":[0.5941,0.0063,-0.8044,0,0.1119,0.9896,0.0904,0,-0.7966,0.1437,-0.5872,0,-4.9236,90.5039,7.437,1]},
{"frame":17,"values":[0.6315,0.0194,-0.7751,0,0.0729,0.9938,0.0843,0,-0.7719,0.1097,-0.6262,0,-4.2231,90.7793,9.8384,1]},
{"frame":18,"values":[0.6591,0.0602,-0.7496,0,0.0292,0.994,0.1056,0,-0.7515,0.0915,-0.6534,0,-3.2538,91.5388,11.897,1]},
{"frame":19,"values":[0.6737,0.1147,-0.73,0,-0.0121,0.9895,0.1444,0,-0.7389,0.0884,-0.668,0,-2.2564,92.5805,13.4689,1]},
{"frame":20,"values":[0.6889,0.1661,-0.7056,0,-0.0456,0.9814,0.1865,0,-0.7234,0.0963,-0.6837,0,-1.4187,93.4979,14.5703,1]},
{"frame":21,"values":[0.7114,0.2095,-0.6709,0,-0.0629,0.9697,0.2361,0,-0.7,0.1257,-0.703,0,-0.83,94.198,15.3845,1]},
{"frame":22,"values":[0.7296,0.2509,-0.6361,0,-0.0638,0.9512,0.302,0,-0.6809,0.1798,-0.71,0,-0.4609,94.7805,15.9858,1]},
{"frame":23,"values":[0.7365,0.2974,-0.6075,0,-0.0585,0.9228,0.3808,0,-0.6739,0.2449,-0.697,0,-0.1933,95.4321,16.7466,1]},
{"frame":24,"values":[0.737,0.3398,-0.5843,0,-0.0462,0.8877,0.458,0,-0.6743,0.3105,-0.67,0,0.1367,95.7176,17.886,1]},
{"frame":25,"values":[0.7335,0.3623,-0.5751,0,-0.0131,0.8534,0.521,0,-0.6796,0.3746,-0.6307,0,0.3391,94.9964,18.6129,1]},
{"frame":26,"values":[0.7263,0.365,-0.5824,0,0.0364,0.8257,0.5629,0,-0.6864,0.43,-0.5865,0,0.126,93.3749,18.8088,1]},
{"frame":27,"values":[0.7154,0.3515,-0.6038,0,0.088,0.8121,0.5769,0,-0.6931,0.4659,-0.5501,0,-0.537,91.2379,19.3522,1]},
{"frame":28,"values":[0.6987,0.3308,-0.6343,0,0.1296,0.8135,0.5669,0,-0.7036,0.4783,-0.5256,0,-1.4955,89.2998,20.3361,1]},
{"frame":29,"values":[0.6667,0.3196,-0.6733,0,0.1555,0.8238,0.5451,0,-0.7289,0.4681,-0.4996,0,-2.5403,88.6042,20.2467,1]},
{"frame":30,"values":[0.6204,0.326,-0.7133,0,0.1724,0.8306,0.5296,0,-0.7651,0.4515,-0.459,0,-3.5993,89.4159,18.2349,1]},
{"frame":31,"values":[0.5884,0.342,-0.7327,0,0.1839,0.8258,0.5332,0,-0.7874,0.4485,-0.423,0,-4.6968,90.9528,15.2594,1]},
{"frame":32,"values":[0.605,0.3503,-0.715,0,0.1842,0.812,0.5538,0,-0.7746,0.4668,-0.4267,0,-5.7245,92.1988,12.068,1]},
{"frame":33,"values":[0.6563,0.3295,-0.6787,0,0.176,0.8079,0.5624,0,-0.7337,0.4886,-0.4723,0,-6.3641,92.5331,8.373,1]},
{"frame":34,"values":[0.6901,0.2797,-0.6675,0,0.1709,0.8332,0.5259,0,-0.7032,0.477,-0.5272,0,-6.4428,92.0437,5.3198,1]},
{"frame":35,"values":[0.6953,0.218,-0.6849,0,0.1739,0.8736,0.4546,0,-0.6974,0.4352,-0.5695,0,-6.1914,91.1134,3.3141,1]},
{"frame":36,"values":[0.7043,0.1568,-0.6924,0,0.1861,0.9004,0.3932,0,-0.6851,0.4057,-0.605,0,-6.0167,90.1675,1.6487,1]},
{"frame":37,"values":[0.7204,0.1073,-0.6852,0,0.2031,0.912,0.3564,0,-0.6631,0.3959,-0.6352,0,-5.9482,89.5863,-0.1116,1]},
{"frame":38,"values":[0.72,0.0768,-0.6897,0,0.2118,0.9221,0.3238,0,-0.6608,0.3792,-0.6477,0,-5.8124,89.7427,-1.6514,1]},
{"frame":39,"values":[0.7048,0.0566,-0.7071,0,0.2034,0.9388,0.2779,0,-0.6796,0.3397,-0.6502,0,-5.3492,89.9454,-2.9286,1]},
{"frame":40,"values":[0.6921,0.0474,-0.7203,0,0.1754,0.9569,0.2315,0,-0.7002,0.2866,-0.6539,0,-4.517,90.1006,-4.0915,1]},
{"frame":41,"values":[0.6806,0.0498,-0.731,0,0.1457,0.9686,0.2016,0,-0.718,0.2437,-0.6519,0,-3.5252,90.121,-5.0329,1]},
{"frame":42,"values":[0.6594,0.0544,-0.7499,0,0.1319,0.9735,0.1866,0,-0.7402,0.222,-0.6347,0,-2.6947,90.0837,-5.7388,1]},
{"frame":43,"values":[0.6335,0.0527,-0.7719,0,0.1302,0.9762,0.1734,0,-0.7627,0.2104,-0.6116,0,-2.2019,90.1387,-6.2323,1]},
{"frame":44,"values":[0.6143,0.045,-0.7878,0,0.1286,0.9793,0.1562,0,-0.7786,0.1972,-0.5958,0,-1.9405,90.2912,-6.5095,1]},
{"frame":45,"values":[0.6014,0.0348,-0.7982,0,0.1243,0.9828,0.1365,0,-0.7892,0.1813,-0.5868,0,-1.7602,90.4875,-6.5164,1]},
{"frame":46,"values":[0.5919,0.023,-0.8057,0,0.1195,0.986,0.116,0,-0.7971,0.165,-0.5809,0,-1.6377,90.7108,-6.0967,1]},
{"frame":47,"values":[0.5853,0.0099,-0.8108,0,0.115,0.9888,0.0951,0,-0.8026,0.1489,-0.5776,0,-1.583,90.9561,-5.335,1]},
{"frame":48,"values":[0.5818,-0.0037,-0.8133,0,0.1106,0.9911,0.0746,0,-0.8058,0.1334,-0.577,0,-1.581,91.2074,-4.3534,1]},
{"frame":49,"values":[0.5806,-0.0168,-0.814,0,0.1066,0.9927,0.0556,0,-0.8072,0.1191,-0.5782,0,-1.6116,91.4467,-3.275,1]},
{"frame":50,"values":[0.5809,-0.0284,-0.8135,0,0.1033,0.9939,0.0391,0,-0.8074,0.1068,-0.5803,0,-1.6627,91.6599,-2.223,1]},
{"frame":51,"values":[0.582,-0.0379,-0.8123,0,0.1009,0.9946,0.026,0,-0.8069,0.0971,-0.5827,0,-1.7187,91.8299,-1.3187,1]},
{"frame":52,"values":[0.5831,-0.0438,-0.8112,0,0.0995,0.9949,0.0178,0,-0.8063,0.0911,-0.5845,0,-1.7624,91.9383,-0.6861,1]},
{"frame":53,"values":[0.5837,-0.0464,-0.8106,0,0.099,0.995,0.0143,0,-0.8059,0.0886,-0.5854,0,-1.7826,91.9818,-0.4437,1]}],"loopBehavior":1,"name":"anim","property":"_matrix"}},
{"name":"Spine","index":1,"matrix":[0.9968,0.0767,-0.0236,0,-0.0757,0.9963,0.0402,0,0.0266,-0.0383,0.9989,0,0,9.2263,1.5771,1],"rest":[1,0,0,0,0,1,0,0,0,0,1,0,0,9.2263,1.5771,1],"parentBoneIndex":0,"length":16.2548
,"animation":{"dataType":3,"framePerSecond":24,"keys":[
{"frame":1,"values":[0.9968,0.0767,-0.0236,0,-0.0757,0.9963,0.0402,0,0.0266,-0.0383,0.9989,0,0,9.2263,1.5771,1]},
{"frame":2,"values":[0.9968,0.0759,-0.0242,0,-0.0749,0.9963,0.041,0,0.0272,-0.0391,0.9989,0,0,9.2263,1.5771,1]},
{"frame":3,"values":[0.9969,0.075,-0.0245,0,-0.0739,0.9964,0.0416,0,0.0275,-0.0396,0.9988,0,0,9.2263,1.5771,1]},
{"frame":4,"values":[0.997,0.0735,-0.0247,0,-0.0725,0.9965,0.0419,0,0.0277,-0.04,0.9988,0,0,9.2263,1.5771,1]},
{"frame":5,"values":[0.9971,0.0715,-0.0251,0,-0.0704,0.9966,0.0421,0,0.028,-0.0403,0.9988,0,0,9.2263,1.5771,1]},
{"frame":6,"values":[0.9973,0.0692,-0.0255,0,-0.0681,0.9968,0.0423,0,0.0284,-0.0404,0.9988,0,0,9.2263,1.5771,1]},
{"frame":7,"values":[0.9974,0.0673,-0.0258,0,-0.0662,0.9969,0.0424,0,0.0285,-0.0406,0.9988,0,0,9.2263,1.5771,1]},
{"frame":8,"values":[0.9976,0.0649,-0.0255,0,-0.0638,0.9971,0.0427,0,0.0282,-0.041,0.9988,0,0,9.2263,1.5771,1]},
{"frame":9,"values":[0.9979,0.0603,-0.0249,0,-0.0592,0.9973,0.0435,0,0.0274,-0.042,0.9987,0,0,9.2263,1.5771,1]},
{"frame":10,"values":[0.9983,0.0531,-0.024,0,-0.0519,0.9976,0.0453,0,0.0263,-0.044,0.9987,0,0,9.2263,1.5771,1]},
{"frame":11,"values":[0.9987,0.0464,-0.0225,0,-0.0453,0.9978,0.0482,0,0.0246,-0.0471,0.9986,0,0,9.2263,1.5771,1]},
{"frame":12,"values":[0.9987,0.0464,-0.0195,0,-0.0454,0.9977,0.0511,0,0.0218,-0.0501,0.9985,0,0,9.2263,1.5771,1]},
{"frame":13,"values":[0.9983,0.0565,-0.0149,0,-0.0556,0.9971,0.0513,0,0.0178,-0.0504,0.9986,0,0,9.2263,1.5771,1]},
{"frame":14,"values":[0.9972,0.0737,-0.0108,0,-0.0731,0.9963,0.0463,0,0.0141,-0.0453,0.9989,0,0,9.2263,1.5771,1]},
{"frame":15,"values":[0.9959,0.0895,-0.01,0,-0.0891,0.9953,0.0368,0,0.0133,-0.0358,0.9993,0,0,9.2263,1.5771,1]},
{"frame":16,"values":[0.9954,0.0954,-0.0134,0,-0.095,0.9951,0.0276,0,0.016,-0.0262,0.9995,0,0,9.2263,1.5771,1]},
{"frame":17,"values":[0.9955,0.0923,-0.0193,0,-0.0919,0.9955,0.0243,0,0.0214,-0.0224,0.9995,0,0,9.2263,1.5771,1]},
{"frame":18,"values":[0.9971,0.0721,-0.0257,0,-0.0714,0.997,0.0291,0,0.0277,-0.0272,0.9992,0,0,9.2263,1.5771,1]},
{"frame":19,"values":[0.9986,0.0431,-0.0296,0,-0.0419,0.9983,0.0401,0,0.0313,-0.0388,0.9988,0,0,9.2263,1.5771,1]},
{"frame":20,"values":[0.9994,0.0177,-0.0302,0,-0.016,0.9984,0.0545,0,0.0311,-0.054,0.9981,0,0,9.2263,1.5771,1]},
{"frame":21,"values":[0.9996,-0.0017,-0.0264,0,0.0036,0.9973,0.0731,0,0.0262,-0.0732,0.997,0,0,9.2263,1.5771,1]},
{"frame":22,"values":[0.9996,-0.0208,-0.0184,0,0.0225,0.995,0.0977,0,0.0163,-0.0981,0.995,0,0,9.2263,1.5771,1]},
{"frame":23,"values":[0.9989,-0.0465,-0.0056,0,0.0469,0.9908,0.1267,0,-0.0004,-0.1268,0.9919,0,0,9.2263,1.5771,1]},
{"frame":24,"values":[0.9972,-0.0741,0.0129,0,0.0712,0.9857,0.1529,0,-0.0241,-0.1515,0.9882,0,0,9.2263,1.5771,1]},
{"frame":25,"values":[0.9954,-0.0904,0.0325,0,0.0836,0.982,0.1694,0,-0.0473,-0.1659,0.985,0,0,9.2263,1.5771,1]},
{"frame":26,"values":[0.9946,-0.0929,0.0474,0,0.0831,0.9806,0.1774,0,-0.0629,-0.1725,0.983,0,0,9.2263,1.5771,1]},
{"frame":27,"values":[0.9951,-0.0836,0.0525,0,0.0729,0.9809,0.1802,0,-0.0666,-0.1755,0.9822,0,0,9.2263,1.5771,1]},
{"frame":28,"values":[0.9969,-0.0655,0.043,0,0.0569,0.9824,0.1777,0,-0.0539,-0.1747,0.9831,0,0,9.2263,1.5771,1]},
{"frame":29,"values":[0.999,-0.0438,0.0121,0,0.0412,0.9853,0.1659,0,-0.0192,-0.1652,0.9861,0,0,9.2263,1.5771,1]},
{"frame":30,"values":[0.9992,-0.0298,-0.027,0,0.0335,0.9887,0.1458,0,0.0224,-0.1466,0.9889,0,0,9.2263,1.5771,1]},
{"frame":31,"values":[0.9983,-0.0261,-0.0526,0,0.0324,0.9919,0.1228,0,0.049,-0.1243,0.991,0,0,9.2263,1.5771,1]},
{"frame":32,"values":[0.9983,-0.0201,-0.0546,0,0.0256,0.9945,0.1017,0,0.0523,-0.1029,0.9933,0,0,9.2263,1.5771,1]},
{"frame":33,"values":[0.9991,0.0007,-0.0417,0,0.0027,0.9966,0.0826,0,0.0416,-0.0826,0.9957,0,0,9.2263,1.5771,1]},
{"frame":34,"values":[0.9991,0.0324,-0.0273,0,-0.0306,0.9974,0.0658,0,0.0294,-0.0649,0.9975,0,0,9.2263,1.5771,1]},
{"frame":35,"values":[0.998,0.0609,-0.0155,0,-0.06,0.9968,0.0536,0,0.0187,-0.0526,0.9984,0,0,9.2263,1.5771,1]},
{"frame":36,"values":[0.9971,0.0759,-0.0054,0,-0.0755,0.996,0.048,0,0.0091,-0.0475,0.9988,0,0,9.2263,1.5771,1]},
{"frame":37,"values":[0.9969,0.0785,0.0003,0,-0.0785,0.9957,0.0486,0,0.0035,-0.0484,0.9988,0,0,9.2263,1.5771,1]},
{"frame":38,"values":[0.9976,0.069,-0.0032,0,-0.0687,0.9963,0.0512,0,0.0067,-0.0509,0.9987,0,0,9.2263,1.5771,1]},
{"frame":39,"values":[0.9985,0.0543,-0.0116,0,-0.0537,0.9972,0.0515,0,0.0144,-0.0508,0.9986,0,0,9.2263,1.5771,1]},
{"frame":40,"values":[0.9992,0.0357,-0.0191,0,-0.0347,0.9981,0.05,0,0.0208,-0.0493,0.9986,0,0,9.2263,1.5771,1]},
{"frame":41,"values":[0.9995,0.0187,-0.0243,0,-0.0175,0.9986,0.0508,0,0.0252,-0.0504,0.9984,0,0,9.2263,1.5771,1]},
{"frame":42,"values":[0.9995,0.0094,-0.0289,0,-0.0078,0.9985,0.0545,0,0.0294,-0.0543,0.9981,0,0,9.2263,1.5771,1]},
{"frame":43,"values":[0.9994,0.0079,-0.0331,0,-0.006,0.9983,0.0576,0,0.0335,-0.0574,0.9978,0,0,9.2263,1.5771,1]},
{"frame":44,"values":[0.9993,0.0114,-0.0352,0,-0.0093,0.9983,0.058,0,0.0358,-0.0577,0.9977,0,0,9.2263,1.5771,1]},
{"frame":45,"values":[0.9992,0.0174,-0.0354,0,-0.0154,0.9983,0.0568,0,0.0364,-0.0562,0.9978,0,0,9.2263,1.5771,1]},
{"frame":46,"values":[0.9991,0.0253,-0.0346,0,-0.0233,0.9982,0.0551,0,0.0359,-0.0542,0.9979,0,0,9.2263,1.5771,1]},
{"frame":47,"values":[0.9989,0.0344,-0.0331,0,-0.0326,0.9981,0.0529,0,0.0349,-0.0518,0.998,0,0,9.2263,1.5771,1]},
{"frame":48,"values":[0.9985,0.0442,-0.0312,0,-0.0426,0.9978,0.0502,0,0.0334,-0.0488,0.9982,0,0,9.2263,1.5771,1]},
{"frame":49,"values":[0.9981,0.0539,-0.0291,0,-0.0525,0.9975,0.0474,0,0.0316,-0.0458,0.9985,0,0,9.2263,1.5771,1]},
{"frame":50,"values":[0.9977,0.0628,-0.027,0,-0.0616,0.9971,0.0446,0,0.0297,-0.0429,0.9986,0,0,9.2263,1.5771,1]},
{"frame":51,"values":[0.9972,0.07,-0.0253,0,-0.0689,0.9967,0.0424,0,0.0281,-0.0405,0.9988,0,0,9.2263,1.5771,1]},
{"frame":52,"values":[0.9969,0.0746,-0.0241,0,-0.0736,0.9964,0.0409,0,0.0271,-0.039,0.9989,0,0,9.2263,1.5771,1]},
{"frame":53,"values":[0.9968,0.0767,-0.0236,0,-0.0757,0.9963,0.0402,0,0.0266,-0.0383,0.9989,0,0,9.2263,1.5771,1]}],"loopBehavior":1,"name":"anim","property":"_matrix"}},
{"name":"Spine1","index":2,"matrix":[0.9973,0.0367,-0.0639,0,-0.0312,0.9959,0.0849,0,0.0668,-0.0826,0.9943,0,0,16.254,-0.1656,1],"rest":[1,0,0,0,0,1,0,0,0,0,1,0,0,16.254,-0.1656,1],"parentBoneIndex":1,"length":13.7007
,"animation":{"dataType":3,"framePerSecond":24,"keys":[
{"frame":1,"values":[0.9973,0.0367,-0.0639,0,-0.0312,0.9959,0.0849,0,0.0668,-0.0826,0.9943,0,0,16.254,-0.1656,1]},
{"frame":2,"values":[0.9972,0.037,-0.0654,0,-0.0313,0.9958,0.0864,0,0.0683,-0.0842,0.9941,0,0,16.254,-0.1656,1]},
{"frame":3,"values":[0.9971,0.037,-0.0661,0,-0.0311,0.9957,0.0875,0,0.0691,-0.0852,0.994,0,0,16.254,-0.1656,1]},
{"frame":4,"values":[0.9971,0.0365,-0.0665,0,-0.0306,0.9957,0.088,0,0.0695,-0.0857,0.9939,0,0,16.254,-0.1656,1]},
{"frame":5,"values":[0.9971,0.0359,-0.0673,0,-0.0299,0.9956,0.0883,0,0.0701,-0.086,0.9938,0,0,16.254,-0.1656,1]},
{"frame":6,"values":[0.997,0.0357,-0.0682,0,-0.0296,0.9956,0.0884,0,0.0711,-0.0861,0.9937,0,0,16.254,-0.1656,1]},
{"frame":7,"values":[0.997,0.0362,-0.0689,0,-0.03,0.9956,0.0884,0,0.0718,-0.0861,0.9937,0,0,16.254,-0.1656,1]},
{"frame":8,"values":[0.997,0.0362,-0.069,0,-0.03,0.9956,0.0889,0,0.072,-0.0866,0.9936,0,0,16.254,-0.1656,1]},
{"frame":9,"values":[0.9971,0.0337,-0.0686,0,-0.0274,0.9955,0.0905,0,0.0713,-0.0884,0.9935,0,0,16.254,-0.1656,1]},
{"frame":10,"values":[0.9973,0.0281,-0.0675,0,-0.0217,0.9953,0.094,0,0.0698,-0.0923,0.9933,0,0,16.254,-0.1656,1]},
{"frame":11,"values":[0.9976,0.022,-0.0657,0,-0.0154,0.9949,0.0995,0,0.0676,-0.0982,0.9929,0,0,16.254,-0.1656,1]},
{"frame":12,"values":[0.9978,0.0191,-0.0631,0,-0.0124,0.9944,0.1053,0,0.0648,-0.1043,0.9924,0,0,16.254,-0.1656,1]},
{"frame":13,"values":[0.998,0.021,-0.0599,0,-0.0145,0.9942,0.1067,0,0.0618,-0.1056,0.9925,0,0,16.254,-0.1656,1]},
{"frame":14,"values":[0.998,0.0258,-0.057,0,-0.0201,0.9949,0.0987,0,0.0592,-0.0973,0.9935,0,0,16.254,-0.1656,1]},
{"frame":15,"values":[0.998,0.0301,-0.0548,0,-0.0256,0.9963,0.0814,0,0.0571,-0.0799,0.9952,0,0,16.254,-0.1656,1]},
{"frame":16,"values":[0.9981,0.0307,-0.0538,0,-0.0273,0.9976,0.063,0,0.0556,-0.0614,0.9966,0,0,16.254,-0.1656,1]},
{"frame":17,"values":[0.9982,0.025,-0.0551,0,-0.022,0.9983,0.0544,0,0.0563,-0.0531,0.997,0,0,16.254,-0.1656,1]},
{"frame":18,"values":[0.9981,0.0134,-0.0599,0,-0.0097,0.9981,0.0604,0,0.0606,-0.0597,0.9964,0,0,16.254,-0.1656,1]},
{"frame":19,"values":[0.9978,-0.0011,-0.067,0,0.0063,0.9969,0.0779,0,0.0667,-0.0782,0.9947,0,0,16.254,-0.1656,1]},
{"frame":20,"values":[0.9973,-0.0154,-0.0716,0,0.0226,0.9945,0.1022,0,0.0696,-0.1035,0.9922,0,0,16.254,-0.1656,1]},
{"frame":21,"values":[0.9971,-0.0294,-0.0708,0,0.0387,0.9903,0.1334,0,0.0662,-0.1358,0.9885,0,0,16.254,-0.1656,1]},
{"frame":22,"values":[0.9966,-0.0464,-0.0677,0,0.0575,0.9832,0.173,0,0.0585,-0.1763,0.9826,0,0,16.254,-0.1656,1]},
{"frame":23,"values":[0.9954,-0.0678,-0.0677,0,0.0811,0.9725,0.2181,0,0.0511,-0.2226,0.9736,0,0,16.254,-0.1656,1]},
{"frame":24,"values":[0.9932,-0.0901,-0.0734,0,0.1064,0.9593,0.2617,0,0.0468,-0.2677,0.9624,0,0,16.254,-0.1656,1]},
{"frame":25,"values":[0.9907,-0.1077,-0.0835,0,0.128,0.9462,0.2971,0,0.047,-0.305,0.9512,0,0,16.254,-0.1656,1]},
{"frame":26,"values":[0.9884,-0.1177,-0.0959,0,0.1427,0.9362,0.3213,0,0.0519,-0.3313,0.9421,0,0,16.254,-0.1656,1]},
{"frame":27,"values":[0.9868,-0.1185,-0.1102,0,0.1489,0.9316,0.3316,0,0.0634,-0.3436,0.937,0,0,16.254,-0.1656,1]},
{"frame":28,"values":[0.9859,-0.1103,-0.1261,0,0.1463,0.9336,0.3272,0,0.0816,-0.341,0.9365,0,0,16.254,-0.1656,1]},
{"frame":29,"values":[0.9853,-0.0953,-0.1418,0,0.1352,0.9423,0.3063,0,0.1044,-0.321,0.9413,0,0,16.254,-0.1656,1]},
{"frame":30,"values":[0.9847,-0.0811,-0.1542,0,0.1214,0.9542,0.2736,0,0.1249,-0.2881,0.9494,0,0,16.254,-0.1656,1]},
{"frame":31,"values":[0.9846,-0.0753,-0.1578,0,0.1118,0.9651,0.237,0,0.1344,-0.251,0.9586,0,0,16.254,-0.1656,1]},
{"frame":32,"values":[0.9861,-0.0747,-0.1487,0,0.1043,0.9737,0.2026,0,0.1297,-0.2153,0.9679,0,0,16.254,-0.1656,1]},
{"frame":33,"values":[0.9895,-0.0667,-0.1285,0,0.088,0.9818,0.1683,0,0.1149,-0.1778,0.9773,0,0,16.254,-0.1656,1]},
{"frame":34,"values":[0.9932,-0.0466,-0.1064,0,0.0608,0.9891,0.1342,0,0.099,-0.1398,0.9852,0,0,16.254,-0.1656,1]},
{"frame":35,"values":[0.9958,-0.0221,-0.0887,0,0.0318,0.9935,0.1094,0,0.0857,-0.1118,0.99,0,0,16.254,-0.1656,1]},
{"frame":36,"values":[0.9972,-0.0036,-0.0747,0,0.0113,0.9947,0.1026,0,0.074,-0.1031,0.9919,0,0,16.254,-0.1656,1]},
{"frame":37,"values":[0.9978,0.0068,-0.0654,0,0.0004,0.994,0.1097,0,0.0657,-0.1095,0.9918,0,0,16.254,-0.1656,1]},
{"frame":38,"values":[0.9979,0.0125,-0.0638,0,-0.005,0.9932,0.1162,0,0.0648,-0.1157,0.9912,0,0,16.254,-0.1656,1]},
{"frame":39,"values":[0.9976,0.014,-0.0683,0,-0.0061,0.9935,0.1136,0,0.0694,-0.1129,0.9912,0,0,16.254,-0.1656,1]},
{"frame":40,"values":[0.9972,0.0102,-0.0735,0,-0.0022,0.9942,0.1076,0,0.0742,-0.1071,0.9915,0,0,16.254,-0.1656,1]},
{"frame":41,"values":[0.9969,0.0032,-0.0786,0,0.0053,0.9942,0.1075,0,0.0785,-0.1076,0.9911,0,0,16.254,-0.1656,1]},
{"frame":42,"values":[0.9963,-0.0023,-0.0854,0,0.012,0.9935,0.1136,0,0.0846,-0.1142,0.9898,0,0,16.254,-0.1656,1]},
{"frame":43,"values":[0.9958,-0.0033,-0.0918,0,0.0142,0.9928,0.1186,0,0.0907,-0.1194,0.9887,0,0,16.254,-0.1656,1]},
{"frame":44,"values":[0.9955,-0.0008,-0.0943,0,0.012,0.9928,0.1188,0,0.0935,-0.1194,0.9884,0,0,16.254,-0.1656,1]},
{"frame":45,"values":[0.9957,0.003,-0.0931,0,0.0079,0.9932,0.1163,0,0.0928,-0.1165,0.9888,0,0,16.254,-0.1656,1]},
{"frame":46,"values":[0.9959,0.0075,-0.0902,0,0.0027,0.9936,0.1128,0,0.0904,-0.1126,0.9895,0,0,16.254,-0.1656,1]},
{"frame":47,"values":[0.9962,0.0127,-0.0863,0,-0.0032,0.9941,0.1085,0,0.0872,-0.1078,0.9903,0,0,16.254,-0.1656,1]},
{"frame":48,"values":[0.9965,0.0182,-0.0816,0,-0.0097,0.9946,0.1034,0,0.083,-0.1023,0.9913,0,0,16.254,-0.1656,1]},
{"frame":49,"values":[0.9968,0.0237,-0.0765,0,-0.0161,0.995,0.0981,0,0.0785,-0.0965,0.9922,0,0,16.254,-0.1656,1]},
{"frame":50,"values":[0.997,0.0287,-0.0717,0,-0.022,0.9954,0.093,0,0.074,-0.0912,0.9931,0,0,16.254,-0.1656,1]},
{"frame":51,"values":[0.9972,0.0329,-0.0677,0,-0.0268,0.9957,0.0888,0,0.0703,-0.0868,0.9937,0,0,16.254,-0.1656,1]},
{"frame":52,"values":[0.9972,0.0355,-0.0651,0,-0.0298,0.9958,0.0861,0,0.0679,-0.0839,0.9942,0,0,16.254,-0.1656,1]},
{"frame":53,"values":[0.9973,0.0367,-0.0639,0,-0.0312,0.9959,0.0849,0,0.0668,-0.0826,0.9943,0,0,16.254,-0.1656,1]}],"loopBehavior":1,"name":"anim","property":"_matrix"}},
{"name":"Spine2","index":3,"matrix":[0.9972,0.0364,-0.0654,0,-0.0308,0.996,0.0839,0,0.0682,-0.0816,0.9943,0,0,13.6396,-1.2923,1],"rest":[1,0,0,0,0,1,0,0,0,0,1,0,0,13.6396,-1.2923,1],"parentBoneIndex":2,"length":13.1719
,"animation":{"dataType":3,"framePerSecond":24,"keys":[
{"frame":1,"values":[0.9972,0.0364,-0.0654,0,-0.0308,0.996,0.0839,0,0.0682,-0.0816,0.9943,0,0,13.6396,-1.2923,1]},
{"frame":2,"values":[0.9971,0.0367,-0.0668,0,-0.0309,0.9959,0.0854,0,0.0697,-0.0831,0.9941,0,0,13.6396,-1.2923,1]},
{"frame":3,"values":[0.997,0.0367,-0.0676,0,-0.0308,0.9958,0.0865,0,0.0705,-0.0841,0.994,0,0,13.6396,-1.2923,1]},
{"frame":4,"values":[0.997,0.0362,-0.068,0,-0.0302,0.9957,0.087,0,0.0708,-0.0847,0.9939,0,0,13.6396,-1.2923,1]},
{"frame":5,"values":[0.997,0.0356,-0.0687,0,-0.0295,0.9957,0.0873,0,0.0715,-0.085,0.9938,0,0,13.6396,-1.2923,1]},
{"frame":6,"values":[0.9969,0.0354,-0.0696,0,-0.0293,0.9957,0.0874,0,0.0724,-0.0851,0.9937,0,0,13.6396,-1.2923,1]},
{"frame":7,"values":[0.9969,0.0359,-0.0702,0,-0.0297,0.9957,0.0875,0,0.0731,-0.0851,0.9937,0,0,13.6396,-1.2923,1]},
{"frame":8,"values":[0.9969,0.0359,-0.0703,0,-0.0297,0.9957,0.088,0,0.0731,-0.0857,0.9936,0,0,13.6396,-1.2923,1]},
{"frame":9,"values":[0.997,0.0334,-0.0697,0,-0.0271,0.9956,0.0897,0,0.0724,-0.0876,0.9935,0,0,13.6396,-1.2923,1]},
{"frame":10,"values":[0.9973,0.0279,-0.0686,0,-0.0214,0.9954,0.0932,0,0.0709,-0.0915,0.9933,0,0,13.6396,-1.2923,1]},
{"frame":11,"values":[0.9975,0.0218,-0.0668,0,-0.0151,0.995,0.0988,0,0.0686,-0.0976,0.9929,0,0,13.6396,-1.2923,1]},
{"frame":12,"values":[0.9978,0.0189,-0.0642,0,-0.0121,0.9944,0.1047,0,0.0659,-0.1036,0.9924,0,0,13.6396,-1.2923,1]},
{"frame":13,"values":[0.9979,0.0207,-0.0613,0,-0.0141,0.9943,0.106,0,0.0632,-0.1049,0.9925,0,0,13.6396,-1.2923,1]},
{"frame":14,"values":[0.998,0.0255,-0.0587,0,-0.0197,0.995,0.0977,0,0.0609,-0.0964,0.9935,0,0,13.6396,-1.2923,1]},
{"frame":15,"values":[0.9979,0.0298,-0.0567,0,-0.0252,0.9965,0.0803,0,0.0589,-0.0787,0.9952,0,0,13.6396,-1.2923,1]},
{"frame":16,"values":[0.998,0.0303,-0.0555,0,-0.0269,0.9977,0.0618,0,0.0572,-0.0602,0.9965,0,0,13.6396,-1.2923,1]},
{"frame":17,"values":[0.9981,0.0246,-0.0562,0,-0.0216,0.9983,0.0534,0,0.0574,-0.0521,0.997,0,0,13.6396,-1.2923,1]},
{"frame":18,"values":[0.9981,0.0132,-0.0606,0,-0.0096,0.9982,0.0598,0,0.0612,-0.0591,0.9964,0,0,13.6396,-1.2923,1]},
{"frame":19,"values":[0.9977,-0.001,-0.0672,0,0.0063,0.997,0.0777,0,0.067,-0.078,0.9947,0,0,13.6396,-1.2923,1]},
{"frame":20,"values":[0.9973,-0.015,-0.0715,0,0.0222,0.9945,0.1023,0,0.0696,-0.1036,0.9922,0,0,13.6396,-1.2923,1]},
{"frame":21,"values":[0.9971,-0.0287,-0.0703,0,0.0379,0.9903,0.1338,0,0.0658,-0.1361,0.9885,0,0,13.6396,-1.2923,1]},
{"frame":22,"values":[0.9967,-0.0454,-0.067,0,0.0564,0.9832,0.1736,0,0.058,-0.1768,0.9825,0,0,13.6396,-1.2923,1]},
{"frame":23,"values":[0.9955,-0.0665,-0.0669,0,0.0797,0.9725,0.2189,0,0.0505,-0.2232,0.9735,0,0,13.6396,-1.2923,1]},
{"frame":24,"values":[0.9934,-0.0884,-0.0725,0,0.1045,0.9592,0.2626,0,0.0463,-0.2685,0.9622,0,0,13.6396,-1.2923,1]},
{"frame":25,"values":[0.991,-0.1054,-0.0822,0,0.1254,0.9462,0.2983,0,0.0464,-0.306,0.9509,0,0,13.6396,-1.2923,1]},
{"frame":26,"values":[0.9889,-0.1148,-0.0939,0,0.1393,0.936,0.3231,0,0.0508,-0.3327,0.9417,0,0,13.6396,-1.2923,1]},
{"frame":27,"values":[0.9875,-0.1151,-0.1074,0,0.1448,0.9314,0.334,0,0.0616,-0.3454,0.9364,0,0,13.6396,-1.2923,1]},
{"frame":28,"values":[0.9866,-0.1069,-0.1232,0,0.1423,0.9333,0.3297,0,0.0797,-0.3428,0.936,0,0,13.6396,-1.2923,1]},
{"frame":29,"values":[0.9858,-0.0928,-0.1399,0,0.1324,0.9421,0.3081,0,0.1032,-0.3222,0.941,0,0,13.6396,-1.2923,1]},
{"frame":30,"values":[0.9849,-0.08,-0.1538,0,0.1203,0.9541,0.2742,0,0.1248,-0.2885,0.9493,0,0,13.6396,-1.2923,1]},
{"frame":31,"values":[0.9845,-0.0753,-0.1584,0,0.1119,0.9651,0.2367,0,0.135,-0.2508,0.9586,0,0,13.6396,-1.2923,1]},
{"frame":32,"values":[0.9859,-0.0753,-0.1495,0,0.105,0.9738,0.2019,0,0.1304,-0.2147,0.9679,0,0,13.6396,-1.2923,1]},
{"frame":33,"values":[0.9893,-0.0676,-0.1295,0,0.089,0.9819,0.1671,0,0.1158,-0.1768,0.9774,0,0,13.6396,-1.2923,1]},
{"frame":34,"values":[0.993,-0.0478,-0.1078,0,0.062,0.9892,0.1326,0,0.1003,-0.1384,0.9853,0,0,13.6396,-1.2923,1]},
{"frame":35,"values":[0.9956,-0.0232,-0.0904,0,0.033,0.9936,0.1079,0,0.0873,-0.1104,0.9901,0,0,13.6396,-1.2923,1]},
{"frame":36,"values":[0.9971,-0.0045,-0.0765,0,0.0123,0.9948,0.1013,0,0.0757,-0.1019,0.9919,0,0,13.6396,-1.2923,1]},
{"frame":37,"values":[0.9977,0.0062,-0.0673,0,0.0012,0.9941,0.1086,0,0.0676,-0.1084,0.9918,0,0,13.6396,-1.2923,1]},
{"frame":38,"values":[0.9978,0.0119,-0.0658,0,-0.0042,0.9933,0.1152,0,0.0667,-0.1147,0.9912,0,0,13.6396,-1.2923,1]},
{"frame":39,"values":[0.9975,0.0134,-0.0699,0,-0.0054,0.9936,0.1128,0,0.0709,-0.1121,0.9912,0,0,13.6396,-1.2923,1]},
{"frame":40,"values":[0.9972,0.0097,-0.0745,0,-0.0017,0.9943,0.1069,0,0.0751,-0.1065,0.9915,0,0,13.6396,-1.2923,1]},
{"frame":41,"values":[0.9969,0.0027,-0.0791,0,0.0058,0.9942,0.1071,0,0.079,-0.1073,0.9911,0,0,13.6396,-1.2923,1]},
{"frame":42,"values":[0.9963,-0.0027,-0.0858,0,0.0124,0.9935,0.1133,0,0.0849,-0.114,0.9898,0,0,13.6396,-1.2923,1]},
{"frame":43,"values":[0.9957,-0.0036,-0.0921,0,0.0145,0.9929,0.1183,0,0.091,-0.1191,0.9887,0,0,13.6396,-1.2923,1]},
{"frame":44,"values":[0.9955,-0.0011,-0.0947,0,0.0123,0.9929,0.1185,0,0.0939,-0.1191,0.9884,0,0,13.6396,-1.2923,1]},
{"frame":45,"values":[0.9956,0.0027,-0.0936,0,0.0082,0.9932,0.1159,0,0.0933,-0.1161,0.9888,0,0,13.6396,-1.2923,1]},
{"frame":46,"values":[0.9958,0.0072,-0.0908,0,0.003,0.9937,0.1123,0,0.091,-0.1121,0.9895,0,0,13.6396,-1.2923,1]},
{"frame":47,"values":[0.9961,0.0124,-0.0871,0,-0.0029,0.9942,0.108,0,0.0879,-0.1073,0.9903,0,0,13.6396,-1.2923,1]},
{"frame":48,"values":[0.9964,0.0179,-0.0825,0,-0.0094,0.9947,0.1028,0,0.0839,-0.1016,0.9913,0,0,13.6396,-1.2923,1]},
{"frame":49,"values":[0.9967,0.0234,-0.0776,0,-0.0158,0.9951,0.0973,0,0.0795,-0.0958,0.9922,0,0,13.6396,-1.2923,1]},
{"frame":50,"values":[0.9969,0.0285,-0.0729,0,-0.0217,0.9955,0.0922,0,0.0752,-0.0903,0.9931,0,0,13.6396,-1.2923,1]},
{"frame":51,"values":[0.9971,0.0326,-0.0691,0,-0.0264,0.9958,0.0879,0,0.0716,-0.0858,0.9937,0,0,13.6396,-1.2923,1]},
{"frame":52,"values":[0.9972,0.0352,-0.0666,0,-0.0295,0.9959,0.0851,0,0.0693,-0.0829,0.9941,0,0,13.6396,-1.2923,1]},
{"frame":53,"values":[0.9972,0.0364,-0.0654,0,-0.0308,0.996,0.0839,0,0.0682,-0.0816,0.9943,0,0,13.6396,-1.2923,1]}],"loopBehavior":1,"name":"anim","property":"_matrix"}},
{"name":"Neck","index":4,"matrix":[0.9986,0.0151,-0.0498,0,-0.016,0.9997,-0.0183,0,0.0495,0.019,0.9986,0,0,13.8774,-4.3542,1],"rest":[1,0,0,0,0,1,0,0,0,0,1,0,0,13.8774,-4.3542,1],"parentBoneIndex":3,"length":4.4379
,"animation":{"dataType":3,"framePerSecond":24,"keys":[
{"frame":1,"values":[0.9986,0.0151,-0.0498,0,-0.016,0.9997,-0.0183,0,0.0495,0.019,0.9986,0,0,13.8774,-4.3542,1]},
{"frame":2,"values":[0.9986,0.0154,-0.0499,0,-0.0163,0.9997,-0.019,0,0.0496,0.0198,0.9986,0,0,13.8774,-4.3542,1]},
{"frame":3,"values":[0.9986,0.0161,-0.0501,0,-0.0171,0.9997,-0.0199,0,0.0498,0.0207,0.9985,0,0,13.8774,-4.3542,1]},
{"frame":4,"values":[0.9986,0.0172,-0.0503,0,-0.0183,0.9996,-0.0204,0,0.0499,0.0213,0.9985,0,0,13.8774,-4.3542,1]},
{"frame":5,"values":[0.9986,0.0182,-0.0505,0,-0.0193,0.9996,-0.02,0,0.0502,0.0209,0.9985,0,0,13.8774,-4.3542,1]},
{"frame":6,"values":[0.9985,0.0175,-0.0513,0,-0.0185,0.9997,-0.0184,0,0.051,0.0193,0.9985,0,0,13.8774,-4.3542,1]},
{"frame":7,"values":[0.9985,0.0137,-0.0534,0,-0.0145,0.9998,-0.0153,0,0.0532,0.0161,0.9985,0,0,13.8774,-4.3542,1]},
{"frame":8,"values":[0.9983,0.0067,-0.0573,0,-0.0073,0.9999,-0.0097,0,0.0572,0.0101,0.9983,0,0,13.8774,-4.3542,1]},
{"frame":9,"values":[0.998,-0.0015,-0.0628,0,0.0015,1,-0.0007,0,0.0628,0.0006,0.998,0,0,13.8774,-4.3542,1]},
{"frame":10,"values":[0.9976,-0.0095,-0.0689,0,0.0102,0.9999,0.0107,0,0.0688,-0.0114,0.9976,0,0,13.8774,-4.3542,1]},
{"frame":11,"values":[0.9971,-0.0165,-0.074,0,0.0182,0.9996,0.0222,0,0.0736,-0.0235,0.997,0,0,13.8774,-4.3542,1]},
{"frame":12,"values":[0.9968,-0.0224,-0.0774,0,0.0249,0.9992,0.0317,0,0.0766,-0.0336,0.9965,0,0,13.8774,-4.3542,1]},
{"frame":13,"values":[0.9964,-0.0278,-0.08,0,0.031,0.9987,0.0394,0,0.0788,-0.0418,0.996,0,0,13.8774,-4.3542,1]},
{"frame":14,"values":[0.9959,-0.0344,-0.0836,0,0.0383,0.9982,0.0461,0,0.0818,-0.0492,0.9954,0,0,13.8774,-4.3542,1]},
{"frame":15,"values":[0.9952,-0.0432,-0.088,0,0.0479,0.9975,0.0517,0,0.0856,-0.0557,0.9948,0,0,13.8774,-4.3542,1]},
{"frame":16,"values":[0.9944,-0.0532,-0.0917,0,0.0584,0.9968,0.0549,0,0.0885,-0.06,0.9943,0,0,13.8774,-4.3542,1]},
{"frame":17,"values":[0.9936,-0.0632,-0.0939,0,0.0684,0.9962,0.0535,0,0.0902,-0.0596,0.9941,0,0,13.8774,-4.3542,1]},
{"frame":18,"values":[0.9927,-0.0734,-0.0955,0,0.078,0.9959,0.0454,0,0.0918,-0.0525,0.9944,0,0,13.8774,-4.3542,1]},
{"frame":19,"values":[0.9919,-0.0829,-0.0966,0,0.0862,0.9958,0.0305,0,0.0937,-0.0386,0.9949,0,0,13.8774,-4.3542,1]},
{"frame":20,"values":[0.9914,-0.0884,-0.0966,0,0.0899,0.9959,0.0113,0,0.0953,-0.0199,0.9953,0,0,13.8774,-4.3542,1]},
{"frame":21,"values":[0.9916,-0.0869,-0.0958,0,0.0864,0.9962,-0.0101,0,0.0963,0.0017,0.9954,0,0,13.8774,-4.3542,1]},
{"frame":22,"values":[0.9924,-0.0788,-0.095,0,0.076,0.9966,-0.0321,0,0.0972,0.0246,0.995,0,0,13.8774,-4.3542,1]},
{"frame":23,"values":[0.9932,-0.0669,-0.095,0,0.0621,0.9967,-0.0524,0,0.0982,0.0462,0.9941,0,0,13.8774,-4.3542,1]},
{"frame":24,"values":[0.9938,-0.0563,-0.0954,0,0.0501,0.9965,-0.0662,0,0.0988,0.061,0.9932,0,0,13.8774,-4.3542,1]},
{"frame":25,"values":[0.9941,-0.0501,-0.0959,0,0.0437,0.9967,-0.0681,0,0.099,0.0635,0.9931,0,0,13.8774,-4.3542,1]},
{"frame":26,"values":[0.9943,-0.0464,-0.0962,0,0.041,0.9975,-0.057,0,0.0987,0.0528,0.9937,0,0,13.8774,-4.3542,1]},
{"frame":27,"values":[0.9945,-0.0432,-0.0958,0,0.0399,0.9985,-0.0363,0,0.0972,0.0323,0.9947,0,0,13.8774,-4.3542,1]},
{"frame":28,"values":[0.9946,-0.042,-0.0946,0,0.0409,0.9991,-0.0137,0,0.0951,0.0098,0.9954,0,0,13.8774,-4.3542,1]},
{"frame":29,"values":[0.9946,-0.0447,-0.0937,0,0.0455,0.9989,0.0064,0,0.0933,-0.0107,0.9956,0,0,13.8774,-4.3542,1]},
{"frame":30,"values":[0.9945,-0.0478,-0.0932,0,0.0504,0.9984,0.0266,0,0.0918,-0.0312,0.9953,0,0,13.8774,-4.3542,1]},
{"frame":31,"values":[0.9947,-0.0458,-0.0917,0,0.0504,0.9975,0.0493,0,0.0892,-0.0536,0.9946,0,0,13.8774,-4.3542,1]},
{"frame":32,"values":[0.9953,-0.0402,-0.0884,0,0.0464,0.9965,0.07,0,0.0853,-0.0738,0.9936,0,0,13.8774,-4.3542,1]},
{"frame":33,"values":[0.9957,-0.0366,-0.0853,0,0.0435,0.9958,0.0811,0,0.082,-0.0844,0.9931,0,0,13.8774,-4.3542,1]},
{"frame":34,"values":[0.9957,-0.0363,-0.0847,0,0.0431,0.9959,0.0798,0,0.0814,-0.0831,0.9932,0,0,13.8774,-4.3542,1]},
{"frame":35,"values":[0.9957,-0.0346,-0.086,0,0.0404,0.9969,0.0672,0,0.0834,-0.0704,0.994,0,0,13.8774,-4.3542,1]},
{"frame":36,"values":[0.9959,-0.0286,-0.0864,0,0.0329,0.9983,0.048,0,0.0848,-0.0507,0.9951,0,0,13.8774,-4.3542,1]},
{"frame":37,"values":[0.9963,-0.0204,-0.0839,0,0.0228,0.9993,0.0286,0,0.0833,-0.0304,0.9961,0,0,13.8774,-4.3542,1]},
{"frame":38,"values":[0.9968,-0.0117,-0.0792,0,0.0128,0.9998,0.0135,0,0.0791,-0.0144,0.9968,0,0,13.8774,-4.3542,1]},
{"frame":39,"values":[0.9972,-0.0024,-0.0745,0,0.0025,1,0.0014,0,0.0745,-0.0016,0.9972,0,0,13.8774,-4.3542,1]},
{"frame":40,"values":[0.9974,0.0057,-0.0714,0,-0.0065,0.9999,-0.0117,0,0.0714,0.0121,0.9974,0,0,13.8774,-4.3542,1]},
{"frame":41,"values":[0.9975,0.0093,-0.0702,0,-0.0112,0.9996,-0.0258,0,0.0699,0.0265,0.9972,0,0,13.8774,-4.3542,1]},
{"frame":42,"values":[0.9975,0.0086,-0.0697,0,-0.0112,0.9993,-0.0363,0,0.0693,0.037,0.9969,0,0,13.8774,-4.3542,1]},
{"frame":43,"values":[0.9976,0.0071,-0.0688,0,-0.0099,0.9991,-0.0405,0,0.0684,0.041,0.9968,0,0,13.8774,-4.3542,1]},
{"frame":44,"values":[0.9977,0.007,-0.0671,0,-0.0097,0.9991,-0.0404,0,0.0668,0.0409,0.9969,0,0,13.8774,-4.3542,1]},
{"frame":45,"values":[0.9979,0.0077,-0.065,0,-0.0102,0.9992,-0.039,0,0.0646,0.0396,0.9971,0,0,13.8774,-4.3542,1]},
{"frame":46,"values":[0.998,0.0086,-0.0626,0,-0.0109,0.9993,-0.037,0,0.0622,0.0376,0.9974,0,0,13.8774,-4.3542,1]},
{"frame":47,"values":[0.9981,0.0096,-0.0601,0,-0.0117,0.9993,-0.0341,0,0.0597,0.0348,0.9976,0,0,13.8774,-4.3542,1]},
{"frame":48,"values":[0.9983,0.0108,-0.0576,0,-0.0126,0.9995,-0.0307,0,0.0572,0.0313,0.9979,0,0,13.8774,-4.3542,1]},
{"frame":49,"values":[0.9984,0.0121,-0.0552,0,-0.0136,0.9995,-0.0271,0,0.0548,0.0278,0.9981,0,0,13.8774,-4.3542,1]},
{"frame":50,"values":[0.9985,0.0133,-0.053,0,-0.0145,0.9996,-0.0237,0,0.0527,0.0244,0.9983,0,0,13.8774,-4.3542,1]},
{"frame":51,"values":[0.9986,0.0142,-0.0513,0,-0.0153,0.9997,-0.0209,0,0.051,0.0217,0.9985,0,0,13.8774,-4.3542,1]},
{"frame":52,"values":[0.9986,0.0148,-0.0503,0,-0.0158,0.9997,-0.0191,0,0.05,0.0199,0.9986,0,0,13.8774,-4.3542,1]},
{"frame":53,"values":[0.9986,0.0151,-0.0498,0,-0.016,0.9997,-0.0183,0,0.0495,0.019,0.9986,0,0,13.8774,-4.3542,1]}],"loopBehavior":1,"name":"anim","property":"_matrix"}},
{"name":"Neck1","index":5,"matrix":[1,0,0,0,0,1,0,0,0,0,1,0,0,4.34,0.9269,1],"rest":[1,0,0,0,0,1,0,0,0,0,1,0,0,4.34,0.9269,1],"parentBoneIndex":4,"length":6.2291
,"animation":{"dataType":3,"framePerSecond":24,"keys":[
{"frame":1,"values":[1,0,0,0,0,1,0,0,0,0,1,0,0,4.34,0.9269,1]},
{"frame":53,"values":[1,0,0,0,0,1,0,0,0,0,1,0,0,4.34,0.9269,1]}],"loopBehavior":1,"name":"anim","property":"_matrix"}},
{"name":"Head","index":6,"matrix":[0.9322,-0.1938,-0.3057,0,0.2128,0.9766,0.0297,0,0.2928,-0.0928,0.9517,0,0,4.0266,0.8585,1],"rest":[1,0,0,0,0,1,0,0,0,0,1,0,0,4.0266,0.8585,1],"parentBoneIndex":5,"length":14.8424
,"animation":{"dataType":3,"framePerSecond":24,"keys":[
{"frame":1,"values":[0.9322,-0.1938,-0.3057,0,0.2128,0.9766,0.0297,0,0.2928,-0.0928,0.9517,0,0,4.0266,0.8585,1]},
{"frame":2,"values":[0.932,-0.1934,-0.3066,0,0.2127,0.9766,0.0306,0,0.2935,-0.0938,0.9514,0,0,4.0266,0.8585,1]},
{"frame":3,"values":[0.9316,-0.1928,-0.3082,0,0.2129,0.9765,0.0328,0,0.2946,-0.0961,0.9508,0,0,4.0266,0.8585,1]},
{"frame":4,"values":[0.9309,-0.1923,-0.3106,0,0.2135,0.9763,0.0355,0,0.2964,-0.0993,0.9499,0,0,4.0266,0.8585,1]},
{"frame":5,"values":[0.9299,-0.1921,-0.3136,0,0.2144,0.976,0.0381,0,0.2987,-0.1026,0.9488,0,0,4.0266,0.8585,1]},
{"frame":6,"values":[0.9287,-0.1919,-0.3174,0,0.2159,0.9755,0.0419,0,0.3015,-0.1075,0.9474,0,0,4.0266,0.8585,1]},
{"frame":7,"values":[0.9265,-0.1915,-0.3239,0,0.2187,0.9745,0.0495,0,0.3061,-0.1167,0.9448,0,0,4.0266,0.8585,1]},
{"frame":8,"values":[0.9221,-0.1912,-0.3365,0,0.2243,0.9725,0.062,0,0.3154,-0.1327,0.9396,0,0,4.0266,0.8585,1]},
{"frame":9,"values":[0.9147,-0.1914,-0.356,0,0.2331,0.9693,0.0777,0,0.3302,-0.1541,0.9312,0,0,4.0266,0.8585,1]},
{"frame":10,"values":[0.9054,-0.1919,-0.3787,0,0.2441,0.9651,0.0945,0,0.3474,-0.178,0.9207,0,0,4.0266,0.8585,1]},
{"frame":11,"values":[0.897,-0.1926,-0.3978,0,0.2557,0.9603,0.1118,0,0.3604,-0.202,0.9107,0,0,4.0266,0.8585,1]},
{"frame":12,"values":[0.8916,-0.1929,-0.4097,0,0.2664,0.9551,0.1299,0,0.3663,-0.2249,0.9029,0,0,4.0266,0.8585,1]},
{"frame":13,"values":[0.8883,-0.1912,-0.4176,0,0.274,0.9503,0.1476,0,0.3687,-0.2455,0.8965,0,0,4.0266,0.8585,1]},
{"frame":14,"values":[0.8856,-0.1865,-0.4254,0,0.2769,0.9473,0.1612,0,0.3729,-0.2606,0.8905,0,0,4.0266,0.8585,1]},
{"frame":15,"values":[0.8831,-0.1823,-0.4324,0,0.2764,0.9467,0.1654,0,0.3792,-0.2656,0.8864,0,0,4.0266,0.8585,1]},
{"frame":16,"values":[0.8808,-0.1856,-0.4356,0,0.2768,0.9483,0.1555,0,0.3842,-0.2575,0.8866,0,0,4.0266,0.8585,1]},
{"frame":17,"values":[0.8782,-0.2,-0.4344,0,0.2816,0.9504,0.1319,0,0.3865,-0.2381,0.891,0,0,4.0266,0.8585,1]},
{"frame":18,"values":[0.8755,-0.2208,-0.4298,0,0.2901,0.9515,0.1021,0,0.3864,-0.2141,0.8971,0,0,4.0266,0.8585,1]},
{"frame":19,"values":[0.874,-0.2396,-0.4227,0,0.2976,0.9517,0.0757,0,0.3842,-0.192,0.9031,0,0,4.0266,0.8585,1]},
{"frame":20,"values":[0.8746,-0.251,-0.4149,0,0.3,0.9523,0.0565,0,0.3809,-0.1739,0.9081,0,0,4.0266,0.8585,1]},
{"frame":21,"values":[0.8758,-0.2537,-0.4107,0,0.2959,0.9543,0.0415,0,0.3814,-0.1579,0.9108,0,0,4.0266,0.8585,1]},
{"frame":22,"values":[0.8757,-0.2499,-0.4132,0,0.2851,0.9582,0.0246,0,0.3897,-0.1393,0.9103,0,0,4.0266,0.8585,1]},
{"frame":23,"values":[0.8744,-0.2419,-0.4207,0,0.2677,0.9635,0.0023,0,0.4048,-0.1146,0.9072,0,0,4.0266,0.8585,1]},
{"frame":24,"values":[0.873,-0.2331,-0.4285,0,0.2484,0.9684,-0.0207,0,0.4198,-0.0884,0.9033,0,0,4.0266,0.8585,1]},
{"frame":25,"values":[0.8716,-0.2258,-0.4351,0,0.2351,0.9714,-0.0332,0,0.4301,-0.0733,0.8998,0,0,4.0266,0.8585,1]},
{"frame":26,"values":[0.8705,-0.2184,-0.4411,0,0.2293,0.9729,-0.0293,0,0.4356,-0.0756,0.897,0,0,4.0266,0.8585,1]},
{"frame":27,"values":[0.872,-0.205,-0.4445,0,0.2238,0.9746,-0.0103,0,0.4353,-0.0905,0.8957,0,0,4.0266,0.8585,1]},
{"frame":28,"values":[0.8788,-0.1805,-0.4418,0,0.2117,0.9771,0.022,0,0.4277,-0.1129,0.8969,0,0,4.0266,0.8585,1]},
{"frame":29,"values":[0.8901,-0.1447,-0.4321,0,0.1959,0.9777,0.0762,0,0.4114,-0.1524,0.8986,0,0,4.0266,0.8585,1]},
{"frame":30,"values":[0.9017,-0.1076,-0.4188,0,0.185,0.9714,0.1487,0,0.3908,-0.2116,0.8958,0,0,4.0266,0.8585,1]},
{"frame":31,"values":[0.9096,-0.081,-0.4074,0,0.1827,0.9589,0.2172,0,0.3731,-0.272,0.887,0,0,4.0266,0.8585,1]},
{"frame":32,"values":[0.9128,-0.0701,-0.4024,0,0.1865,0.948,0.2579,0,0.3634,-0.3104,0.8784,0,0,4.0266,0.8585,1]},
{"frame":33,"values":[0.9112,-0.0738,-0.4052,0,0.1938,0.945,0.2636,0,0.3635,-0.3187,0.8754,0,0,4.0266,0.8585,1]},
{"frame":34,"values":[0.9065,-0.0851,-0.4135,0,0.1999,0.9493,0.2428,0,0.3719,-0.3028,0.8775,0,0,4.0266,0.8585,1]},
{"frame":35,"values":[0.9018,-0.0963,-0.4214,0,0.1973,0.9591,0.2031,0,0.3846,-0.2663,0.8839,0,0,4.0266,0.8585,1]},
{"frame":36,"values":[0.9009,-0.1036,-0.4215,0,0.1842,0.9706,0.1552,0,0.393,-0.2174,0.8935,0,0,4.0266,0.8585,1]},
{"frame":37,"values":[0.9048,-0.1081,-0.412,0,0.167,0.9798,0.1097,0,0.3918,-0.168,0.9046,0,0,4.0266,0.8585,1]},
{"frame":38,"values":[0.9103,-0.1124,-0.3984,0,0.153,0.9856,0.0715,0,0.3846,-0.126,0.9144,0,0,4.0266,0.8585,1]},
{"frame":39,"values":[0.9145,-0.1172,-0.3874,0,0.1429,0.989,0.0383,0,0.3786,-0.0903,0.9211,0,0,4.0266,0.8585,1]},
{"frame":40,"values":[0.9169,-0.1217,-0.3801,0,0.1337,0.991,0.0051,0,0.3761,-0.0555,0.9249,0,0,4.0266,0.8585,1]},
{"frame":41,"values":[0.9187,-0.1273,-0.374,0,0.1259,0.9916,-0.0283,0,0.3745,-0.0211,0.927,0,0,4.0266,0.8585,1]},
{"frame":42,"values":[0.9203,-0.1346,-0.3673,0,0.123,0.9909,-0.0549,0,0.3714,0.0053,0.9285,0,0,4.0266,0.8585,1]},
{"frame":43,"values":[0.9219,-0.1424,-0.3603,0,0.1264,0.9897,-0.0676,0,0.3662,0.0168,0.9304,0,0,4.0266,0.8585,1]},
{"frame":44,"values":[0.9236,-0.1495,-0.3531,0,0.1342,0.9886,-0.0676,0,0.3592,0.0151,0.9332,0,0,4.0266,0.8585,1]},
{"frame":45,"values":[0.9254,-0.1562,-0.3453,0,0.1439,0.9877,-0.0612,0,0.3506,0.0069,0.9365,0,0,4.0266,0.8585,1]},
{"frame":46,"values":[0.9272,-0.1629,-0.3373,0,0.1547,0.9866,-0.0514,0,0.3411,-0.0045,0.94,0,0,4.0266,0.8585,1]},
{"frame":47,"values":[0.9288,-0.1695,-0.3296,0,0.1662,0.9853,-0.0386,0,0.3313,-0.0189,0.9433,0,0,4.0266,0.8585,1]},
{"frame":48,"values":[0.93,-0.1758,-0.3228,0,0.1778,0.9838,-0.0236,0,0.3217,-0.0354,0.9462,0,0,4.0266,0.8585,1]},
{"frame":49,"values":[0.931,-0.1815,-0.3168,0,0.1887,0.982,-0.0081,0,0.3126,-0.0522,0.9484,0,0,4.0266,0.8585,1]},
{"frame":50,"values":[0.9316,-0.1865,-0.312,0,0.1983,0.9801,0.0064,0,0.3046,-0.0679,0.95,0,0,4.0266,0.8585,1]},
{"frame":51,"values":[0.932,-0.1904,-0.3085,0,0.206,0.9784,0.0184,0,0.2984,-0.0807,0.951,0,0,4.0266,0.8585,1]},
{"frame":52,"values":[0.9321,-0.1928,-0.3065,0,0.2107,0.9772,0.0262,0,0.2945,-0.089,0.9515,0,0,4.0266,0.8585,1]},
{"frame":53,"values":[0.9322,-0.1938,-0.3057,0,0.2128,0.9766,0.0297,0,0.2928,-0.0928,0.9517,0,0,4.0266,0.8585,1]}],"loopBehavior":1,"name":"anim","property":"_matrix"}},
