{"producer":{"name":"Blender","version":"2.90.0","exporter_version":"2.80.1","file":"option_dance_house.babylon"},
"autoClear":true,"clearColor":[0.0509,0.0509,0.0509],"gravity":[0,-9.81,0],
"materials":[{"name":"Material","id":"Material","customType":"BABYLON.PBRMaterial","backFaceCulling":true,"checkReadyOnlyOnce":false,"maxSimultaneousLights":4,"environmentIntensity":1,"albedo":[0.8,0.8,0.8],"reflectivity":[0.5,0.5,0.5],"roughness":0.4,"alpha":1,"transparencyMode":0,"alphaCutOff":0.4,"metallic":0}],
"multiMaterials":[],
"skeletons":[{"name":"Armature","id":0,"dimensionsAtRest":[188.1767,188.0947,21.7491],"bones":[
{"name":"Hips","index":0,"matrix":[0.8716,0.1049,-0.4788,0,-0.0945,0.9945,0.0458,0,-0.481,-0.0053,-0.8767,0,-0.1977,70.5506,-0.3942,1],"rest":[1,0,0,0,0,1,0,0,0,0,-1,0,0,96.3764,0,1],"parentBoneIndex":-1,"length":9.9032
,"animation":{"dataType":3,"framePerSecond":24,"keys":[
{"frame":1,"values":[0.8716,0.1049,-0.4788,0,-0.0945,0.9945,0.0458,0,-0.481,-0.0053,-0.8767,0,-0.1977,70.5506,-0.3942,1]},
{"frame":2,"values":[0.871,0.0917,-0.4826,0,-0.0843,0.9958,0.037,0,-0.484,-0.0084,-0.875,0,1.1218,70.0311,0.3863,1]},
{"frame":3,"values":[0.8827,0.0872,-0.4619,0,-0.0919,0.9957,0.0123,0,-0.461,-0.0316,-0.8869,0,0.2022,74.3466,0.1101,1]},
{"frame":4,"values":[0.9051,0.0923,-0.4151,0,-0.105,0.9944,-0.0078,0,-0.412,-0.0506,-0.9098,0,-1.6692,79.3352,-0.2562,1]},
{"frame":5,"values":[0.9259,0.1154,-0.3596,0,-0.1175,0.9929,0.0161,0,-0.3589,-0.0273,-0.933,0,-3.3965,80.5612,-0.1914,1]},
{"frame":6,"values":[0.9396,0.1504,-0.3075,0,-0.1306,0.9879,0.0841,0,-0.3164,0.0389,-0.9478,0,-5.3461,80.7101,0.0965,1]},
{"frame":7,"values":[0.9457,0.1795,-0.271,0,-0.1496,0.9805,0.1275,0,-0.2886,0.08,-0.9541,0,-7.5959,84.1896,-0.062,1]},
{"frame":8,"values":[0.9445,0.2024,-0.2588,0,-0.1794,0.9776,0.1099,0,-0.2752,0.0574,-0.9597,0,-10.079,90.653,-0.5891,1]},
{"frame":9,"values":[0.947,0.2054,-0.2471,0,-0.1892,0.978,0.0879,0,-0.2597,0.0365,-0.965,0,-12.8987,94.9144,-1.0227,1]},
{"frame":10,"values":[0.9591,0.1883,-0.2115,0,-0.1669,0.9792,0.115,0,-0.2288,0.075,-0.9706,0,-15.7896,93.385,-1.4623,1]},
{"frame":11,"values":[0.9712,0.1684,-0.1687,0,-0.1418,0.9771,0.1589,0,-0.1915,0.1304,-0.9728,0,-18.4465,88.365,-2.0325,1]},
{"frame":12,"values":[0.9779,0.1544,-0.1411,0,-0.1293,0.9765,0.1723,0,-0.1644,0.1502,-0.9749,0,-21.8089,84.2596,-2.5732,1]},
{"frame":13,"values":[0.9815,0.1406,-0.1298,0,-0.1219,0.9823,0.1423,0,-0.1476,0.1238,-0.9813,0,-26.3816,83.8192,-2.5265,1]},
{"frame":14,"values":[0.9857,0.1203,-0.1183,0,-0.1096,0.9896,0.0928,0,-0.1282,0.0785,-0.9886,0,-31.1699,85.5515,-1.8446,1]},
{"frame":15,"values":[0.9909,0.1026,-0.0871,0,-0.0965,0.9927,0.072,0,-0.0938,0.0629,-0.9936,0,-35.1325,84.9372,-1.3962,1]},
{"frame":16,"values":[0.9963,0.0824,-0.0227,0,-0.0802,0.9933,0.0834,0,-0.0294,0.0813,-0.9963,0,-38.7038,82.6023,-1.3347,1]},
{"frame":17,"values":[0.9929,0.0608,0.1026,0,-0.0691,0.9945,0.0791,0,0.0973,0.0856,-0.9916,0,-42.6036,81.9708,-1.3794,1]},
{"frame":18,"values":[0.9563,0.006,0.2922,0,-0.0276,0.9972,0.07,0,0.291,0.075,-0.9538,0,-47.3937,82.7575,-1.5161,1]},
{"frame":19,"values":[0.8881,-0.0613,0.4555,0,0.0112,0.9937,0.1119,0,0.4595,0.0943,-0.8832,0,-52.1858,80.6775,-1.5608,1]},
{"frame":20,"values":[0.8467,-0.0959,0.5233,0,0.021,0.9889,0.1472,0,0.5316,0.1136,-0.8393,0,-56.2632,74.7222,-1.0528,1]},
{"frame":21,"values":[0.8303,-0.1057,0.5473,0,0.044,0.9912,0.1247,0,0.5556,0.0795,-0.8276,0,-59.0626,68.6899,-0.4327,1]},
{"frame":22,"values":[0.82,-0.0979,0.564,0,0.0695,0.995,0.0716,0,0.5682,0.0196,-0.8227,0,-59.6505,67.1281,0.168,1]},
{"frame":23,"values":[0.843,-0.0858,0.531,0,0.0862,0.996,0.0242,0,0.531,-0.0254,-0.847,0,-57.9699,71.4184,1.2379,1]},
{"frame":24,"values":[0.9061,-0.0868,0.4141,0,0.092,0.9957,0.0073,0,0.4129,-0.0315,-0.9102,0,-55.4689,78.2597,2.9364,1]},
{"frame":25,"values":[0.9545,-0.1195,0.2733,0,0.1118,0.9928,0.0437,0,0.2765,0.0111,-0.9609,0,-52.808,84.2532,4.1798,1]},
{"frame":26,"values":[0.9662,-0.1695,0.194,0,0.1562,0.9843,0.0818,0,0.2049,0.0487,-0.9776,0,-50.3045,89.6506,4.8551,1]},
{"frame":27,"values":[0.9674,-0.1911,0.1664,0,0.1799,0.9804,0.0801,0,0.1785,0.0475,-0.9828,0,-47.4904,96.0281,4.5551,1]},
{"frame":28,"values":[0.9736,-0.1857,0.133,0,0.1749,0.9806,0.0886,0,0.1469,0.063,-0.9871,0,-44.2989,100.6732,3.1353,1]},
{"frame":29,"values":[0.982,-0.1656,0.0908,0,0.1533,0.9798,0.1285,0,0.1102,0.1123,-0.9875,0,-41.4898,99.481,1.2564,1]},
{"frame":30,"values":[0.9864,-0.1494,0.0681,0,0.1377,0.9787,0.1525,0,0.0895,0.1411,-0.9859,0,-39.0128,94.1016,-0.3569,1]},
{"frame":31,"values":[0.9889,-0.1347,0.0624,0,0.124,0.9806,0.1515,0,0.0816,0.1421,-0.9865,0,-36.2285,88.7912,-1.0461,1]},
{"frame":32,"values":[0.9927,-0.1031,0.0629,0,0.0933,0.9855,0.1418,0,0.0766,0.1349,-0.9879,0,-32.5813,85.7865,-0.9991,1]},
{"frame":33,"values":[0.9962,-0.0502,0.0706,0,0.0414,0.9918,0.1212,0,0.0761,0.1178,-0.9901,0,-28.3841,85.1813,-0.7818,1]},
{"frame":34,"values":[0.9962,-0.0228,0.0846,0,0.0139,0.9944,0.1052,0,0.0865,0.1036,-0.9908,0,-25.0299,83.0746,-0.5254,1]},
{"frame":35,"values":[0.9947,-0.0252,0.0999,0,0.0143,0.9941,0.1079,0,0.102,0.1059,-0.9891,0,-22.3602,80.3344,0.0058,1]},
{"frame":36,"values":[0.9973,-0.0101,0.0728,0,0.0032,0.9955,0.0947,0,0.0734,0.0942,-0.9928,0,-19.4166,80.6364,0.6606,1]},
{"frame":37,"values":[0.997,0.0574,-0.0518,0,-0.0549,0.9973,0.0491,0,-0.0545,0.0461,-0.9975,0,-15.5217,83.6328,1.1514,1]},
{"frame":38,"values":[0.9629,0.1339,-0.2342,0,-0.1358,0.9907,0.0079,0,-0.2331,-0.0242,-0.9721,0,-11.049,84.7747,1.918,1]},
{"frame":39,"values":[0.9108,0.1776,-0.3728,0,-0.2035,0.9786,-0.0312,0,-0.3593,-0.1043,-0.9274,0,-6.8043,81.6283,3.2395,1]},
{"frame":40,"values":[0.8722,0.1909,-0.4504,0,-0.2474,0.9664,-0.0693,0,-0.422,-0.1719,-0.8901,0,-3.2724,76.4383,4.5411,1]},
{"frame":41,"values":[0.8542,0.2012,-0.4794,0,-0.2733,0.9582,-0.0849,0,-0.4423,-0.2035,-0.8735,0,-0.8707,73.3592,5.3754,1]},
{"frame":42,"values":[0.8635,0.224,-0.4519,0,-0.292,0.9526,-0.0858,0,-0.4112,-0.206,-0.8879,0,0.0314,75.3717,5.7811,1]},
{"frame":43,"values":[0.8865,0.2401,-0.3955,0,-0.2975,0.9505,-0.0898,0,-0.3544,-0.1973,-0.9141,0,-0.7294,79.8577,5.8794,1]},
{"frame":44,"values":[0.9133,0.2205,-0.3423,0,-0.2585,0.9635,-0.069,0,-0.3146,-0.1515,-0.937,0,-2.7306,82.3786,5.9459,1]},
{"frame":45,"values":[0.9418,0.1824,-0.2824,0,-0.1907,0.9816,-0.0019,0,-0.2769,-0.0557,-0.9593,0,-5.334,83.5535,5.9991,1]},
{"frame":46,"values":[0.9562,0.1776,-0.2325,0,-0.1716,0.9841,0.0459,0,-0.2369,0.004,-0.9715,0,-8.0915,86.3151,5.4067,1]},
{"frame":47,"values":[0.9541,0.1999,-0.2229,0,-0.1972,0.9798,0.0348,0,-0.2254,-0.0107,-0.9742,0,-11.0821,92.1096,4.0447,1]},
{"frame":48,"values":[0.9542,0.2001,-0.2224,0,-0.2023,0.9792,0.0128,0,-0.2203,-0.0327,-0.9749,0,-14.1148,97.5805,2.477,1]},
{"frame":49,"values":[0.964,0.1839,-0.192,0,-0.185,0.9827,0.0123,0,-0.1909,-0.0237,-0.9813,0,-16.954,98.121,0.9004,1]},
{"frame":50,"values":[0.9749,0.1659,-0.1482,0,-0.163,0.9861,0.0317,0,-0.1514,0.0068,-0.9885,0,-19.6667,94.1387,-0.6835,1]},
{"frame":51,"values":[0.9809,0.1472,-0.1271,0,-0.1412,0.9885,0.0551,0,-0.1337,0.0361,-0.9904,0,-22.9525,89.3353,-2.3657,1]},
{"frame":52,"values":[0.9828,0.1193,-0.1407,0,-0.1129,0.9922,0.0521,0,-0.1459,0.0354,-0.9887,0,-27.0956,86.9324,-3.9936,1]},
{"frame":53,"values":[0.9815,0.1012,-0.1626,0,-0.0972,0.9947,0.0328,0,-0.1651,0.0164,-0.9861,0,-31.1264,86.4999,-5.4232,1]},
{"frame":54,"values":[0.9799,0.1201,-0.1593,0,-0.1131,0.9922,0.0526,0,-0.1643,0.0335,-0.9858,0,-34.6257,84.7491,-6.916,1]},
{"frame":55,"values":[0.9875,0.1149,-0.1083,0,-0.1061,0.9908,0.0838,0,-0.1169,0.0712,-0.9906,0,-38.3302,83.1267,-8.3188,1]},
{"frame":56,"values":[0.9978,0.0638,0.018,0,-0.065,0.9954,0.0701,0,0.0134,0.0711,-0.9974,0,-42.7274,84.0497,-9.724,1]},
{"frame":57,"values":[0.971,0.0278,0.2373,0,-0.0357,0.9989,0.0288,0,0.2362,0.0364,-0.971,0,-47.6829,87.515,-11.5516,1]},
{"frame":58,"values":[0.8652,0.027,0.5007,0,-0.0195,0.9996,-0.02,0,0.501,-0.0075,-0.8654,0,-52.5061,90.4039,-13.6181,1]},
{"frame":59,"values":[0.6848,0.0054,0.7287,0,0.0266,0.9991,-0.0324,0,0.7283,-0.0415,-0.684,0,-57.2398,89.6553,-15.8688,1]},
{"frame":60,"values":[0.4943,-0.0419,0.8683,0,0.0481,0.9986,0.0208,0,0.868,-0.0315,-0.4956,0,-61.3528,84.8184,-17.9325,1]},
{"frame":61,"values":[0.399,-0.0554,0.9153,0,0.012,0.9984,0.0552,0,0.9169,0.0111,-0.399,0,-64.4396,79.3772,-18.7358,1]},
{"frame":62,"values":[0.4375,-0.0279,0.8988,0,-0.0136,0.9992,0.0377,0,0.8991,0.0287,-0.4367,0,-66.5269,78.2197,-17.6823,1]},
{"frame":63,"values":[0.5465,-0.006,0.8375,0,0.0063,1,0.0031,0,0.8375,-0.0036,-0.5465,0,-67.3759,81.551,-15.1348,1]},
{"frame":64,"values":[0.6826,0.0019,0.7308,0,0.0458,0.9979,-0.0453,0,0.7293,-0.0644,-0.6811,0,-66.9565,85.1841,-12.1147,1]},
{"frame":65,"values":[0.8282,-0.0077,0.5605,0,0.0568,0.9959,-0.0702,0,0.5576,-0.0899,-0.8252,0,-65.7869,86.681,-9.5206,1]},
{"frame":66,"values":[0.9382,-0.0574,0.3412,0,0.0691,0.9974,-0.0222,0,0.339,-0.0444,-0.9397,0,-64.6775,87.0494,-7.9078,1]},
{"frame":67,"values":[0.9867,-0.1172,0.1129,0,0.1136,0.9928,0.0378,0,0.1165,0.0245,-0.9929,0,-63.6455,88.3501,-7.7092,1]},
{"frame":68,"values":[0.9839,-0.1479,-0.1001,0,0.1538,0.9866,0.0541,0,-0.0908,0.0687,-0.9935,0,-62.6257,90.6813,-8.7632,1]},
{"frame":69,"values":[0.9449,-0.1549,-0.2885,0,0.1762,0.9831,0.0493,0,-0.2759,0.0974,-0.9562,0,-62.2656,91.9584,-10.3069,1]},
{"frame":70,"values":[0.8919,-0.1473,-0.4276,0,0.1944,0.9785,0.0685,0,-0.4084,0.1443,-0.9014,0,-62.6118,90.8978,-11.6161,1]},
{"frame":71,"values":[0.8556,-0.1223,-0.503,0,0.2034,0.973,0.1095,0,-0.476,0.196,-0.8574,0,-62.5668,87.7159,-11.953,1]},
{"frame":72,"values":[0.8482,-0.0939,-0.5213,0,0.1914,0.972,0.1364,0,-0.4939,0.2154,-0.8424,0,-61.3464,84.0202,-10.8025,1]},
{"frame":73,"values":[0.876,-0.0635,-0.4781,0,0.1498,0.9781,0.1444,0,-0.4585,0.1981,-0.8663,0,-59.3686,81.4078,-8.4738,1]},
{"frame":74,"values":[0.9311,-0.0334,-0.3632,0,0.087,0.9874,0.1323,0,-0.3542,0.1547,-0.9223,0,-57.352,80.4896,-5.3533,1]},
{"frame":75,"values":[0.9792,0.0092,-0.2029,0,0.0123,0.9945,0.1043,0,-0.2027,0.1046,-0.9736,0,-55.6877,80.6258,-1.8343,1]},
{"frame":76,"values":[0.9966,0.0753,-0.0341,0,-0.0724,0.9942,0.0793,0,-0.0398,0.0765,-0.9963,0,-54.8076,81.0016,1.0433,1]},
{"frame":77,"values":[0.9792,0.1182,0.165,0,-0.1312,0.9889,0.0702,0,0.1549,0.0904,-0.9838,0,-55.3574,81.7213,2.1423,1]},
{"frame":78,"values":[0.8967,0.1166,0.427,0,-0.1668,0.9826,0.0821,0,0.41,0.1449,-0.9005,0,-57.0862,82.5959,0.862,1]},
{"frame":79,"values":[0.7101,0.0966,0.6975,0,-0.2156,0.9728,0.0848,0,0.6703,0.2106,-0.7116,0,-58.7937,82.6837,-2.004,1]},
{"frame":80,"values":[0.457,0.0499,0.888,0,-0.2476,0.9661,0.0731,0,0.8543,0.2533,-0.4539,0,-59.7854,81.364,-5.0561,1]},
{"frame":81,"values":[0.2257,-0.0164,0.9741,0,-0.2447,0.9669,0.073,0,0.943,0.2548,-0.2142,0,-60.1235,78.9751,-7.0699,1]},
{"frame":82,"values":[0.0785,-0.0623,0.995,0,-0.2276,0.9706,0.0788,0,0.9706,0.2327,-0.062,0,-60.5338,76.3023,-7.2802,1]},
{"frame":83,"values":[0.0396,-0.0741,0.9965,0,-0.2209,0.9719,0.081,0,0.9745,0.2233,-0.0221,0,-61.4799,74.6939,-5.8382,1]},
{"frame":84,"values":[0.1061,-0.0697,0.9919,0,-0.2052,0.9745,0.0904,0,0.973,0.2131,-0.0891,0,-62.5594,74.5256,-3.0839,1]},
{"frame":85,"values":[0.2614,-0.0424,0.9643,0,-0.1515,0.9848,0.0844,0,0.9533,0.1682,-0.251,0,-63.2012,75.4384,0.8622,1]},
{"frame":86,"values":[0.4949,-0.0047,0.8689,0,-0.0997,0.9931,0.0622,0,0.8632,0.1174,-0.491,0,-62.4306,77.2665,5.1536,1]},
{"frame":87,"values":[0.7521,-0.0001,0.6591,0,-0.0705,0.9942,0.0807,0,0.6553,0.1072,-0.7477,0,-59.6334,79.9924,8.173,1]},
{"frame":88,"values":[0.9384,-0.0111,0.3453,0,-0.0327,0.9921,0.1207,0,0.3439,0.1246,-0.9307,0,-55.8172,83.1311,8.8793,1]},
{"frame":89,"values":[1,-0.0038,0.0049,0,0.0031,0.9903,0.1391,0,0.0054,0.139,-0.9903,0,-52.4761,85.3612,7.5076,1]},
{"frame":90,"values":[0.9532,0.0187,-0.3018,0,0.0279,0.9884,0.1494,0,-0.3011,0.1509,-0.9416,0,-50.393,85.5026,5.4165,1]},
{"frame":91,"values":[0.8286,0.0481,-0.5577,0,0.0456,0.9872,0.1529,0,-0.5579,0.1522,-0.8158,0,-49.4323,83.4089,4.2736,1]},
{"frame":92,"values":[0.6914,0.0741,-0.7187,0,0.0498,0.9875,0.1497,0,-0.7208,0.1393,-0.6791,0,-49.0706,80.356,4.7927,1]},
{"frame":93,"values":[0.6427,0.0779,-0.7622,0,0.0567,0.9873,0.1487,0,-0.764,0.1388,-0.6301,0,-49.1161,78.2977,7.0259,1]},
{"frame":94,"values":[0.704,0.058,-0.7078,0,0.0645,0.9873,0.1451,0,-0.7073,0.1479,-0.6913,0,-49.6309,78.1556,10.7925,1]},
{"frame":95,"values":[0.8285,0.0335,-0.559,0,0.0541,0.9887,0.1395,0,-0.5573,0.1458,-0.8174,0,-50.899,79.1502,15.1195,1]},
{"frame":96,"values":[0.9473,0.0149,-0.3201,0,0.032,0.9895,0.1408,0,-0.3188,0.1436,-0.9369,0,-53.2205,80.2151,18.494,1]},
{"frame":97,"values":[0.9977,-0.0067,-0.0674,0,0.0165,0.9894,0.1446,0,-0.0657,0.1454,-0.9872,0,-56.2696,81.3027,19.9801,1]},
{"frame":98,"values":[0.9911,-0.0395,0.1274,0,0.0202,0.9885,0.1498,0,0.1319,0.1459,-0.9805,0,-59.3222,82.3382,19.3868,1]},
{"frame":99,"values":[0.9534,-0.0708,0.2932,0,0.019,0.9843,0.1757,0,0.3011,0.1619,-0.9398,0,-61.7579,83.0548,17.3263,1]},
{"frame":100,"values":[0.8862,-0.0825,0.4559,0,-0.0128,0.9793,0.2022,0,0.4631,0.185,-0.8668,0,-63.2011,82.9938,15.0164,1]},
{"frame":101,"values":[0.8122,-0.0718,0.5789,0,-0.0496,0.9803,0.1911,0,0.5813,0.1839,-0.7927,0,-63.4833,82.1534,13.4337,1]},
{"frame":102,"values":[0.7824,-0.0534,0.6204,0,-0.0652,0.9838,0.1669,0,0.6193,0.171,-0.7663,0,-62.7026,81.6308,13.0552,1]},
{"frame":103,"values":[0.8108,-0.0323,0.5844,0,-0.0664,0.987,0.1467,0,0.5815,0.1577,-0.7981,0,-61.2286,82.1181,14.0978,1]},
{"frame":104,"values":[0.864,-0.0082,0.5034,0,-0.0612,0.9907,0.1212,0,0.4997,0.1356,-0.8555,0,-59.6499,82.9472,16.49,1]},
{"frame":105,"values":[0.9202,0.0288,0.3904,0,-0.0766,0.9913,0.1074,0,0.3839,0.1287,-0.9144,0,-58.1648,82.7003,19.5808,1]},
{"frame":106,"values":[0.9674,0.0498,0.2482,0,-0.0885,0.9851,0.1473,0,0.2371,0.1644,-0.9575,0,-56.6191,80.7119,21.8227,1]},
{"frame":107,"values":[0.9901,0.0276,0.1375,0,-0.0571,0.9748,0.2156,0,0.1281,0.2213,-0.9668,0,-55.2349,79.438,22.32,1]},
{"frame":108,"values":[0.995,-0.0209,0.0972,0,-0.0032,0.9705,0.241,0,0.0994,0.2401,-0.9656,0,-54.3356,81.8619,21.6364,1]},
{"frame":109,"values":[0.9938,-0.0657,0.0895,0,0.0468,0.9789,0.199,0,0.1007,0.1936,-0.9759,0,-53.8929,86.9669,20.1711,1]},
{"frame":110,"values":[0.9918,-0.0845,0.0956,0,0.0704,0.9873,0.1424,0,0.1064,0.1345,-0.9852,0,-53.6382,89.6092,17.7313,1]},
{"frame":111,"values":[0.9889,-0.0806,0.1251,0,0.0648,0.99,0.1255,0,0.134,0.1159,-0.9842,0,-53.7434,89.2875,15.0814,1]},
{"frame":112,"values":[0.9857,-0.0749,0.1507,0,0.0542,0.9891,0.137,0,0.1593,0.1268,-0.979,0,-54.4217,89.273,13.0659,1]},
{"frame":113,"values":[0.9849,-0.0695,0.1583,0,0.0464,0.9883,0.1454,0,0.1666,0.1358,-0.9766,0,-55.1779,89.5792,11.5501,1]},
{"frame":114,"values":[0.9804,-0.0617,0.1874,0,0.0349,0.9891,0.1432,0,0.1942,0.1338,-0.9718,0,-55.9653,89.7568,10.3296,1]},
{"frame":115,"values":[0.9676,-0.0591,0.2454,0,0.0271,0.9909,0.1317,0,0.251,0.1207,-0.9604,0,-56.9859,89.8757,9.3377,1]},
{"frame":116,"values":[0.9586,-0.0644,0.2772,0,0.0351,0.9934,0.1093,0,0.2824,0.095,-0.9546,0,-57.6258,90.2009,8.2195,1]},
{"frame":117,"values":[0.9681,-0.0663,0.2415,0,0.0492,0.9959,0.0765,0,0.2456,0.0622,-0.9674,0,-57.2655,91.1471,6.7601,1]},
{"frame":118,"values":[0.9807,-0.0598,0.1862,0,0.0533,0.9978,0.0394,0,0.1881,0.0287,-0.9817,0,-56.4252,92.3159,5.3902,1]},
{"frame":119,"values":[0.9832,-0.0513,0.175,0,0.0497,0.9987,0.0134,0,0.1755,0.0045,-0.9845,0,-55.885,92.886,4.6562,1]},
{"frame":120,"values":[0.9824,-0.041,0.1822,0,0.0398,0.9992,0.0103,0,0.1824,0.0028,-0.9832,0,-55.4911,92.6234,4.5916,1]},
{"frame":121,"values":[0.986,-0.0273,0.1647,0,0.0251,0.9996,0.0157,0,0.1651,0.0114,-0.9862,0,-54.8344,92.1436,4.6292,1]},
{"frame":122,"values":[0.9906,-0.016,0.1356,0,0.0156,0.9999,0.0037,0,0.1357,0.0016,-0.9908,0,-54.1841,92.0506,4.4003,1]},
{"frame":123,"values":[0.9934,-0.0169,0.1134,0,0.018,0.9998,-0.0084,0,0.1133,-0.0104,-0.9935,0,-53.9135,91.8459,4.4139,1]},
{"frame":124,"values":[0.9937,-0.0264,0.1088,0,0.0251,0.9996,0.0132,0,0.1091,0.0104,-0.994,0,-53.9463,90.2647,5.3444,1]},
{"frame":125,"values":[0.9891,-0.0231,0.1457,0,0.0167,0.9989,0.0446,0,0.1465,0.0417,-0.9883,0,-54.1633,87.4673,6.7852,1]},
{"frame":126,"values":[0.9764,0.008,0.2159,0,-0.0167,0.9991,0.0386,0,0.2154,0.0413,-0.9757,0,-54.5287,85.5686,7.7045,1]},
{"frame":127,"values":[0.9566,0.0479,0.2873,0,-0.0539,0.9985,0.0129,0,0.2863,0.0278,-0.9577,0,-55.0534,84.8672,7.9804,1]},
{"frame":128,"values":[0.9291,0.0711,0.363,0,-0.0783,0.9969,0.0051,0,0.3615,0.0331,-0.9318,0,-55.893,82.6859,8.3558,1]},
{"frame":129,"values":[0.8945,0.0893,0.4381,0,-0.1038,0.9945,0.0093,0,0.4349,0.0538,-0.8989,0,-57.1695,77.8672,9.1461,1]},
{"frame":130,"values":[0.8556,0.1134,0.505,0,-0.1304,0.9915,-0.0015,0,0.5009,0.0646,-0.8631,0,-58.8619,73.0413,9.7154,1]},
{"frame":131,"values":[0.8073,0.1286,0.576,0,-0.1306,0.9907,-0.0381,0,0.5755,0.0445,-0.8166,0,-60.7304,71.6447,9.04,1]},
{"frame":132,"values":[0.758,0.131,0.639,0,-0.1093,0.9913,-0.0736,0,0.6431,0.014,-0.7657,0,-62.2591,74.2846,7.0393,1]},
{"frame":133,"values":[0.7145,0.1303,0.6874,0,-0.108,0.9913,-0.0757,0,0.6913,0.0202,-0.7223,0,-63.2262,77.9858,4.6552,1]},
{"frame":134,"values":[0.6618,0.1288,0.7385,0,-0.1371,0.9893,-0.0497,0,0.737,0.0683,-0.6724,0,-63.9812,80.0239,2.5402,1]},
{"frame":135,"values":[0.6108,0.1176,0.783,0,-0.1633,0.9864,-0.0208,0,0.7747,0.1152,-0.6217,0,-64.6004,80.8489,0.5011,1]},
{"frame":136,"values":[0.5795,0.1179,0.8064,0,-0.168,0.9855,-0.0234,0,0.7975,0.1219,-0.5909,0,-64.5182,82.7111,-1.7771,1]},
{"frame":137,"values":[0.5608,0.1359,0.8168,0,-0.1492,0.9869,-0.0618,0,0.8144,0.0872,-0.5737,0,-63.3911,85.6526,-4.3061,1]},
{"frame":138,"values":[0.5533,0.1199,0.8243,0,-0.1027,0.9919,-0.0753,0,0.8266,0.043,-0.5611,0,-61.6159,87.7166,-7.0637,1]},
{"frame":139,"values":[0.5524,0.072,0.8305,0,-0.0548,0.9972,-0.05,0,0.8318,0.0179,-0.5548,0,-59.7303,88.5397,-9.7082,1]},
{"frame":140,"values":[0.5434,0.0554,0.8377,0,-0.0403,0.9984,-0.0399,0,0.8385,0.0121,-0.5447,0,-58.0653,88.8499,-11.8138,1]},
{"frame":141,"values":[0.5302,0.0675,0.8452,0,-0.038,0.9977,-0.0558,0,0.847,0.0025,-0.5315,0,-56.6572,88.7212,-13.407,1]},
{"frame":142,"values":[0.5352,0.0725,0.8416,0,-0.0259,0.9973,-0.0694,0,0.8443,-0.0153,-0.5356,0,-55.3588,88.4219,-14.6386,1]},
{"frame":143,"values":[0.5573,0.0742,0.827,0,-0.023,0.997,-0.074,0,0.83,-0.0222,-0.5574,0,-54.0435,88.3031,-15.6065,1]},
{"frame":144,"values":[0.5851,0.081,0.8069,0,-0.0316,0.9965,-0.0772,0,0.8104,-0.0197,-0.5856,0,-52.6256,88.0963,-16.3649,1]},
{"frame":145,"values":[0.6013,0.0968,0.7931,0,-0.0583,0.9953,-0.0773,0,0.7969,-0.0003,-0.6041,0,-51.5209,86.3757,-16.9688,1]},
{"frame":146,"values":[0.5679,0.0962,0.8174,0,-0.1041,0.9936,-0.0447,0,0.8165,0.0597,-0.5743,0,-51.1754,83.2971,-17.763,1]},
{"frame":147,"values":[0.4863,0.0789,0.8702,0,-0.1574,0.9875,-0.0017,0,0.8595,0.1361,-0.4926,0,-51.1526,79.6589,-18.9001,1]},
{"frame":148,"values":[0.4019,0.0613,0.9136,0,-0.2039,0.9787,0.024,0,0.8927,0.1959,-0.4058,0,-50.1562,76.0487,-21.2074,1]},
{"frame":149,"values":[0.3321,0.0437,0.9422,0,-0.2456,0.9685,0.0417,0,0.9107,0.2452,-0.3323,0,-47.8998,72.7807,-24.5678,1]},
{"frame":150,"values":[0.2762,0.0235,0.9608,0,-0.2759,0.9596,0.0558,0,0.9206,0.2805,-0.2715,0,-45.7459,71.1198,-27.746,1]},
{"frame":151,"values":[0.2428,0.0106,0.97,0,-0.2675,0.9619,0.0564,0,0.9325,0.2732,-0.2363,0,-44.8332,71.1637,-29.9379,1]},
{"frame":152,"values":[0.209,0.0101,0.9779,0,-0.2243,0.9738,0.0378,0,0.9519,0.2272,-0.2058,0,-44.9442,72.5004,-31.274,1]},
{"frame":153,"values":[0.1557,0.0169,0.9877,0,-0.1831,0.983,0.0121,0,0.9707,0.1827,-0.1562,0,-45.5489,74.9034,-32.3873,1]},
{"frame":154,"values":[0.1322,0.0283,0.9908,0,-0.1513,0.9885,-0.008,0,0.9796,0.1488,-0.1349,0,-46.4355,77.3291,-33.3738,1]},
{"frame":155,"values":[0.1637,0.0431,0.9856,0,-0.1077,0.9939,-0.0255,0,0.9806,0.102,-0.1673,0,-47.7729,78.6034,-34.186,1]},
{"frame":156,"values":[0.1776,0.0523,0.9827,0,-0.0511,0.9977,-0.0439,0,0.9828,0.0424,-0.1799,0,-49.6506,79.7522,-35.6794,1]},
{"frame":157,"values":[0.1313,0.0516,0.99,0,0.0076,0.9986,-0.0531,0,0.9913,-0.0145,-0.1307,0,-51.53,82.643,-38.5177,1]},
{"frame":158,"values":[0.0677,0.0413,0.9969,0,0.0676,0.9967,-0.0459,0,0.9954,-0.0705,-0.0647,0,-53.0056,86.9614,-41.9501,1]},
{"frame":159,"values":[0.0163,0.0329,0.9993,0,0.1314,0.9907,-0.0348,0,0.9912,-0.1318,-0.0118,0,-54.0344,90.4676,-44.9604,1]},
{"frame":160,"values":[-0.0252,0.0393,0.9989,0,0.1714,0.9846,-0.0344,0,0.9849,-0.1704,0.0315,0,-54.8052,91.8701,-47.3706,1]},
{"frame":161,"values":[-0.0531,0.0564,0.997,0,0.1504,0.9875,-0.0478,0,0.9872,-0.1474,0.0609,0,-55.7999,91.4713,-49.3203,1]},
{"frame":162,"values":[-0.061,0.0689,0.9958,0,0.0938,0.9936,-0.063,0,0.9937,-0.0896,0.0671,0,-57.4209,89.6714,-50.6554,1]},
{"frame":163,"values":[-0.0697,0.0827,0.9941,0,0.057,0.9953,-0.0788,0,0.9959,-0.0512,0.0741,0,-59.4975,86.6593,-51.0127,1]},
{"frame":164,"values":[-0.0808,0.1064,0.991,0,0.0423,0.9938,-0.1033,0,0.9958,-0.0336,0.0847,0,-61.3485,83.034,-50.226,1]},
{"frame":165,"values":[-0.043,0.119,0.992,0,0.0212,0.9928,-0.1182,0,0.9988,-0.016,0.0452,0,-62.1292,79.2682,-48.411,1]},
{"frame":166,"values":[0.0542,0.1184,0.9915,0,-0.0168,0.9929,-0.1177,0,0.9984,0.0103,-0.0558,0,-61.3574,75.7495,-45.9335,1]},
{"frame":167,"values":[0.172,0.122,0.9775,0,-0.0607,0.9917,-0.113,0,0.9832,0.0399,-0.178,0,-59.0944,73.2241,-43.4712,1]},
{"frame":168,"values":[0.2991,0.1281,0.9456,0,-0.0971,0.9899,-0.1033,0,0.9493,0.0609,-0.3085,0,-55.7448,72.2925,-41.7403,1]},
{"frame":169,"values":[0.4427,0.1408,0.8856,0,-0.1217,0.9879,-0.0963,0,0.8884,0.0652,-0.4544,0,-52.0221,72.9153,-41.0026,1]},
{"frame":170,"values":[0.6027,0.1712,0.7793,0,-0.1403,0.9842,-0.1078,0,0.7855,0.0444,-0.6173,0,-48.5538,74.4375,-41.1035,1]},
{"frame":171,"values":[0.7602,0.203,0.6172,0,-0.16,0.9792,-0.1251,0,0.6297,0.0037,-0.7768,0,-45.7924,76.0087,-42.0036,1]},
{"frame":172,"values":[0.8829,0.2089,0.4206,0,-0.1761,0.9775,-0.1158,0,0.4354,-0.0281,-0.8998,0,-44.3991,77.3111,-43.8301,1]},
{"frame":173,"values":[0.9549,0.1946,0.2243,0,-0.1823,0.9804,-0.0748,0,0.2345,-0.0305,-0.9716,0,-44.5366,78.5449,-46.2218,1]},
{"frame":174,"values":[0.9821,0.1829,0.0444,0,-0.1819,0.983,-0.0252,0,0.0482,-0.0167,-0.9987,0,-45.3933,79.6931,-48.6219,1]},
{"frame":175,"values":[0.982,0.1765,-0.0674,0,-0.1766,0.9843,0.0047,0,-0.0672,-0.0073,-0.9977,0,-46.642,81.1189,-50.6333,1]},
{"frame":176,"values":[0.9844,0.1741,-0.0247,0,-0.1742,0.9847,-0.0007,0,-0.0242,-0.005,-0.9997,0,-48.6088,83.2661,-51.9253,1]},
{"frame":177,"values":[0.9683,0.1736,0.1797,0,-0.1729,0.9847,-0.0194,0,0.1804,0.0123,-0.9835,0,-51.2115,84.9516,-52.7349,1]},
{"frame":178,"values":[0.8777,0.1719,0.4473,0,-0.1835,0.9829,-0.0176,0,0.4426,0.0666,-0.8942,0,-54.0168,85.5993,-53.8434,1]},
{"frame":179,"values":[0.7265,0.1661,0.6668,0,-0.2058,0.9784,-0.0195,0,0.6556,0.123,-0.745,0,-56.5383,86.2303,-55.3895,1]},
{"frame":180,"values":[0.5885,0.1506,0.7943,0,-0.1928,0.9803,-0.0431,0,0.7852,0.1278,-0.6059,0,-58.8406,87.1363,-57.1488,1]},
{"frame":181,"values":[0.4759,0.1289,0.87,0,-0.1499,0.9866,-0.0642,0,0.8667,0.0998,-0.4888,0,-61.5601,88.2347,-59.1554,1]},
{"frame":182,"values":[0.3332,0.0983,0.9377,0,-0.106,0.9922,-0.0663,0,0.9369,0.0773,-0.341,0,-64.3828,89.2996,-61.2158,1]},
{"frame":183,"values":[0.1852,0.0547,0.9812,0,-0.0544,0.9975,-0.0453,0,0.9812,0.045,-0.1877,0,-66.2504,89.6764,-62.9351,1]},
{"frame":184,"values":[0.1002,0.0292,0.9945,0,-0.0078,0.9996,-0.0286,0,0.9949,0.0049,-0.1003,0,-67.0462,89.416,-63.9906,1]},
{"frame":185,"values":[0.0818,0.0254,0.9963,0,0.0153,0.9995,-0.0267,0,0.9965,-0.0174,-0.0814,0,-67.5448,89.0665,-64.4849,1]},
{"frame":186,"values":[0.1092,0.008,0.994,0,0.0163,0.9998,-0.0099,0,0.9939,-0.0173,-0.109,0,-68.0794,88.6556,-64.6791,1]},
{"frame":187,"values":[0.1681,-0.0134,0.9857,0,0.002,0.9999,0.0132,0,0.9858,0.0002,-0.1681,0,-68.6309,88.0713,-64.5456,1]},
{"frame":188,"values":[0.2107,-0.0066,0.9775,0,-0.0258,0.9996,0.0123,0,0.9772,0.0278,-0.2105,0,-69.2078,87.4055,-64.1285,1]},
{"frame":189,"values":[0.1981,0.0192,0.98,0,-0.0639,0.9979,-0.0066,0,0.9781,0.0613,-0.1989,0,-69.7724,86.7048,-63.5874,1]},
{"frame":190,"values":[0.1748,0.0238,0.9843,0,-0.0991,0.9951,-0.0065,0,0.9796,0.0964,-0.1763,0,-70.1144,86.3804,-62.7815,1]},
{"frame":191,"values":[0.2135,0.0098,0.9769,0,-0.1157,0.9932,0.0154,0,0.9701,0.1163,-0.2131,0,-69.8264,86.8462,-61.4857,1]},
{"frame":192,"values":[0.3637,0.0035,0.9315,0,-0.099,0.9945,0.0349,0,0.9262,0.1049,-0.3621,0,-68.6655,87.5592,-59.6207,1]},
{"frame":193,"values":[0.6338,0.0046,0.7734,0,-0.0596,0.9973,0.0429,0,0.7712,0.0733,-0.6324,0,-66.6102,88.0331,-57.4651,1]},
{"frame":194,"values":[0.8941,0.0039,0.4479,0,-0.0312,0.9981,0.0536,0,0.4469,0.0619,-0.8925,0,-63.9526,88.2005,-55.9098,1]},
{"frame":195,"values":[0.9972,0.0177,0.073,0,-0.0239,0.996,0.0858,0,0.0711,0.0873,-0.9936,0,-61.6429,88.2207,-55.7272,1]},
{"frame":196,"values":[0.9758,0.0472,-0.2133,0,-0.0215,0.9924,0.1212,0,-0.2174,0.1137,-0.9694,0,-60.4539,88.4356,-56.7847,1]},
{"frame":197,"values":[0.9107,0.0599,-0.4087,0,-0.0117,0.9928,0.1193,0,-0.4128,0.1038,-0.9049,0,-60.4165,88.8098,-58.0959,1]},
{"frame":198,"values":[0.8313,0.0458,-0.554,0,0.0072,0.9956,0.093,0,-0.5558,0.0813,-0.8273,0,-61.1965,89.2116,-58.823,1]},
{"frame":199,"values":[0.7474,0.0354,-0.6635,0,0.0244,0.9964,0.0806,0,-0.664,0.0764,-0.7438,0,-62.5145,89.4854,-59.2647,1]},
{"frame":200,"values":[0.6845,0.0358,-0.7282,0,0.0201,0.9975,0.068,0,-0.7288,0.0612,-0.682,0,-63.9744,89.7807,-59.585,1]},
{"frame":201,"values":[0.6624,0.0424,-0.748,0,-0.018,0.999,0.0407,0,-0.7489,0.0135,-0.6625,0,-64.9594,89.8435,-59.2302,1]},
{"frame":202,"values":[0.6614,0.0542,-0.7481,0,-0.0617,0.9979,0.0177,0,-0.7475,-0.0344,-0.6634,0,-65.0112,89.2767,-58.2465,1]},
{"frame":203,"values":[0.6676,0.065,-0.7417,0,-0.0864,0.9962,0.0096,0,-0.7395,-0.0577,-0.6707,0,-64.3623,89.025,-57.2347,1]},
{"frame":204,"values":[0.6947,0.0781,-0.7151,0,-0.1,0.9949,0.0115,0,-0.7123,-0.0635,-0.6989,0,-63.9582,89.8935,-56.1838,1]},
{"frame":205,"values":[0.7598,0.0876,-0.6443,0,-0.1051,0.9944,0.0112,0,-0.6416,-0.0592,-0.7647,0,-64.5163,90.927,-54.8493,1]},
{"frame":206,"values":[0.8623,0.0965,-0.497,0,-0.1068,0.9943,0.0078,0,-0.4949,-0.0464,-0.8677,0,-66.2835,91.7011,-53.5499,1]},
{"frame":207,"values":[0.9594,0.1237,-0.2536,0,-0.1263,0.992,0.0062,0,-0.2524,-0.0261,-0.9673,0,-68.9753,92.4561,-52.6554,1]},
{"frame":208,"values":[0.9871,0.1458,0.0667,0,-0.1452,0.9893,-0.0141,0,0.0681,-0.0043,-0.9977,0,-72.1572,93.0379,-52.1216,1]},
{"frame":209,"values":[0.9123,0.1304,0.3882,0,-0.1255,0.9914,-0.0379,0,0.3898,0.0141,-0.9208,0,-75.5497,93.3195,-51.887,1]},
{"frame":210,"values":[0.7692,0.1055,0.6302,0,-0.1,0.994,-0.0443,0,0.6311,0.029,-0.7752,0,-78.7082,93.4367,-51.6542,1]},
{"frame":211,"values":[0.6278,0.0992,0.772,0,-0.0878,0.9945,-0.0564,0,0.7734,0.0324,-0.6331,0,-81.7033,93.279,-51.0257,1]},
{"frame":212,"values":[0.5626,0.0932,0.8215,0,-0.0644,0.9955,-0.0688,0,0.8242,0.0142,-0.5661,0,-84.6731,93.2186,-49.9105,1]},
{"frame":213,"values":[0.5565,0.0575,0.8288,0,-0.0114,0.998,-0.0616,0,0.8307,-0.0248,-0.5561,0,-87.5977,93.6301,-48.6946,1]},
{"frame":214,"values":[0.5015,0.0087,0.8651,0,0.05,0.998,-0.039,0,0.8637,-0.0628,-0.5,0,-90.4422,94.5252,-48.1307,1]},
{"frame":215,"values":[0.3905,-0.0005,0.9206,0,0.0766,0.9965,-0.0319,0,0.9174,-0.083,-0.3892,0,-92.7242,95.6257,-48.1173,1]},
{"frame":216,"values":[0.2993,0.0214,0.9539,0,0.0905,0.9946,-0.0507,0,0.9499,-0.1015,-0.2958,0,-94.1511,95.472,-47.7674,1]},
{"frame":217,"values":[0.2617,0.0288,0.9647,0,0.1193,0.9909,-0.0619,0,0.9577,-0.1313,-0.2559,0,-95.3208,93.1362,-46.8355,1]},
{"frame":218,"values":[0.2493,0.0338,0.9678,0,0.1513,0.9858,-0.0734,0,0.9565,-0.1648,-0.2407,0,-96.9711,90.0157,-45.7492,1]},
{"frame":219,"values":[0.2266,0.0454,0.9729,0,0.1886,0.978,-0.0896,0,0.9556,-0.2038,-0.213,0,-99.0495,87.4334,-44.9999,1]},
{"frame":220,"values":[0.2051,0.0345,0.9781,0,0.2241,0.9712,-0.0812,0,0.9528,-0.2358,-0.1914,0,-100.9445,84.4445,-44.5553,1]},
{"frame":221,"values":[0.2058,0.009,0.9786,0,0.2358,0.97,-0.0585,0,0.9498,-0.2428,-0.1975,0,-102.653,81.1692,-43.9074,1]},
{"frame":222,"values":[0.1974,0.0074,0.9803,0,0.2292,0.9719,-0.0535,0,0.9531,-0.2353,-0.1902,0,-104.3548,80.0944,-42.9551,1]},
{"frame":223,"values":[0.1443,0.0314,0.989,0,0.1963,0.9787,-0.0597,0,0.9699,-0.2027,-0.135,0,-105.4997,80.8486,-42.1573,1]},
{"frame":224,"values":[0.0587,0.0482,0.9971,0,0.119,0.9914,-0.0549,0,0.9912,-0.1218,-0.0524,0,-106.2651,80.3993,-41.7481,1]},
{"frame":225,"values":[-0.0167,0.0519,0.9985,0,0.0036,0.9986,-0.0519,0,0.9999,-0.0028,0.0169,0,-106.5912,78.9935,-41.8249,1]},
{"frame":226,"values":[-0.0717,0.0503,0.9962,0,-0.1043,0.9929,-0.0577,0,0.992,0.1081,0.066,0,-105.5054,78.6796,-42.0367,1]},
{"frame":227,"values":[-0.1175,0.0357,0.9924,0,-0.1652,0.9847,-0.055,0,0.9792,0.1704,0.1098,0,-104.1751,80.9607,-42.2761,1]},
{"frame":228,"values":[-0.1401,0.0166,0.99,0,-0.1981,0.9792,-0.0444,0,0.9701,0.2023,0.1339,0,-102.5224,83.5185,-42.7143,1]},
{"frame":229,"values":[-0.1221,0.0069,0.9925,0,-0.2311,0.9723,-0.0352,0,0.9652,0.2336,0.1172,0,-99.0616,83.7927,-42.8707,1]},
{"frame":230,"values":[-0.083,0.0063,0.9965,0,-0.2448,0.9692,-0.0265,0,0.966,0.2462,0.0789,0,-95.1037,83.6187,-42.732,1]},
{"frame":231,"values":[-0.0416,-0.0027,0.9991,0,-0.2297,0.9732,-0.007,0,0.9724,0.2298,0.0411,0,-92.4164,83.8721,-42.6174,1]},
{"frame":232,"values":[0.0039,-0.0036,1,0,-0.1982,0.9801,0.0043,0,0.9801,0.1983,-0.0031,0,-90.756,83.7857,-42.259,1]},
{"frame":233,"values":[0.051,0.0092,0.9987,0,-0.1552,0.9879,-0.0011,0,0.9866,0.155,-0.0518,0,-89.4572,83.6702,-41.7698,1]},
{"frame":234,"values":[0.0872,0.0154,0.9961,0,-0.1093,0.994,-0.0058,0,0.9902,0.1084,-0.0884,0,-88.5201,83.3265,-41.3979,1]},
{"frame":235,"values":[0.1065,0.016,0.9942,0,-0.0698,0.9975,-0.0086,0,0.9919,0.0685,-0.1074,0,-88.3795,82.1905,-41.065,1]},
{"frame":236,"values":[0.101,0.0238,0.9946,0,-0.0244,0.9995,-0.0214,0,0.9946,0.0221,-0.1016,0,-89.0413,80.4545,-40.7103,1]},
{"frame":237,"values":[0.065,0.0509,0.9966,0,0.0464,0.9975,-0.054,0,0.9968,-0.0497,-0.0625,0,-90.0021,78.8041,-40.5345,1]},
{"frame":238,"values":[0.0162,0.0881,0.996,0,0.1305,0.9874,-0.0895,0,0.9913,-0.1315,-0.0045,0,-90.7905,77.926,-40.6859,1]},
{"frame":239,"values":[-0.029,0.1112,0.9934,0,0.1916,0.976,-0.1036,0,0.981,-0.1873,0.0496,0,-91.1635,77.4853,-41.0188,1]},
{"frame":240,"values":[-0.0666,0.1172,0.9909,0,0.2196,0.9705,-0.1,0,0.9733,-0.2109,0.0903,0,-90.8952,76.7791,-41.4531,1]},
{"frame":241,"values":[-0.0945,0.1135,0.989,0,0.2282,0.9695,-0.0894,0,0.969,-0.2173,0.1176,0,-89.636,76.2651,-41.9398,1]},
{"frame":242,"values":[-0.1177,0.1055,0.9874,0,0.2301,0.9702,-0.0762,0,0.966,-0.2182,0.1385,0,-87.0453,77.2352,-42.2258,1]},
{"frame":243,"values":[-0.1328,0.1084,0.9852,0,0.2411,0.9677,-0.0739,0,0.9614,-0.2277,0.1546,0,-83.37,79.993,-42.3165,1]},
{"frame":244,"values":[-0.1343,0.1161,0.9841,0,0.2446,0.9663,-0.0806,0,0.9603,-0.2299,0.1582,0,-79.7268,82.4732,-42.6812,1]},
{"frame":245,"values":[-0.1455,0.1063,0.9836,0,0.1914,0.9785,-0.0774,0,0.9707,-0.177,0.1627,0,-76.8907,82.5682,-43.501,1]},
{"frame":246,"values":[-0.1551,0.0919,0.9836,0,0.09,0.9928,-0.0785,0,0.9838,-0.0764,0.1623,0,-74.1207,81.1639,-44.298,1]},
{"frame":247,"values":[-0.1407,0.1015,0.9848,0,-0.003,0.9947,-0.1029,0,0.9901,0.0175,0.1396,0,-70.4988,81.8003,-44.6013,1]},
{"frame":248,"values":[-0.1391,0.103,0.9849,0,-0.0662,0.9914,-0.113,0,0.9881,0.0809,0.1311,0,-66.9906,84.5598,-44.8623,1]},
{"frame":249,"values":[-0.1423,0.0586,0.9881,0,-0.11,0.9911,-0.0746,0,0.9837,0.1193,0.1346,0,-63.4362,85.7925,-45.1468,1]},
{"frame":250,"values":[-0.1143,0.0107,0.9934,0,-0.1373,0.9902,-0.0265,0,0.9839,0.1394,0.1117,0,-60.1016,85.7142,-45.1647,1]},
{"frame":251,"values":[-0.0911,0.0026,0.9958,0,-0.1377,0.9904,-0.0151,0,0.9863,0.1385,0.0899,0,-58.0141,85.9481,-45.0146,1]},
{"frame":252,"values":[-0.1075,0.0191,0.994,0,-0.1056,0.9939,-0.0305,0,0.9886,0.1083,0.1049,0,-57.4584,85.7933,-44.8697,1]},
{"frame":253,"values":[-0.1426,0.0307,0.9893,0,-0.0538,0.9978,-0.0387,0,0.9883,0.0588,0.1406,0,-58.1271,85.1948,-44.8126,1]},
{"frame":254,"values":[-0.1571,0.0299,0.9871,0,-0.0111,0.9994,-0.032,0,0.9875,0.016,0.1566,0,-58.7935,84.3504,-44.7492,1]},
{"frame":255,"values":[-0.1414,0.0169,0.9898,0,0.0196,0.9997,-0.0143,0,0.9898,-0.0174,0.1417,0,-58.6716,83.1218,-44.4628,1]},
{"frame":256,"values":[-0.1236,-0.0034,0.9923,0,0.045,0.9989,0.009,0,0.9913,-0.0458,0.1233,0,-58.3558,82.2585,-43.9997,1]},
{"frame":257,"values":[-0.1121,-0.0082,0.9937,0,0.0694,0.9975,0.0161,0,0.9913,-0.0707,0.1113,0,-57.6393,82.3725,-43.5495,1]},
{"frame":258,"values":[-0.0981,0.0107,0.9951,0,0.0972,0.9953,-0.0011,0,0.9904,-0.0966,0.0987,0,-56.0752,83.1816,-42.9153,1]},
{"frame":259,"values":[-0.0795,0.0264,0.9965,0,0.1265,0.9918,-0.0162,0,0.9888,-0.1247,0.0822,0,-54.389,83.584,-41.9355,1]},
{"frame":260,"values":[-0.0604,0.0245,0.9979,0,0.1585,0.9872,-0.0147,0,0.9855,-0.1573,0.0635,0,-53.2254,82.3465,-40.9977,1]},
{"frame":261,"values":[-0.0566,0.0164,0.9983,0,0.185,0.9827,-0.0057,0,0.9811,-0.1843,0.0587,0,-52.5507,80.4939,-40.57,1]},
{"frame":262,"values":[-0.0688,0.0092,0.9976,0,0.2007,0.9796,0.0048,0,0.9772,-0.2005,0.0693,0,-52.2112,80.2489,-40.5481,1]},
{"frame":263,"values":[-0.0894,0.0052,0.996,0,0.2078,0.9781,0.0135,0,0.9741,-0.2082,0.0885,0,-52.3287,81.593,-40.5327,1]},
{"frame":264,"values":[-0.1103,0.0125,0.9938,0,0.1817,0.9833,0.0078,0,0.9771,-0.1815,0.1107,0,-52.8659,82.6772,-40.3173,1]},
{"frame":265,"values":[-0.1109,0.0228,0.9936,0,0.1081,0.9941,-0.0108,0,0.9879,-0.1062,0.1127,0,-53.1283,82.6718,-39.9208,1]},
{"frame":266,"values":[-0.0595,0.0175,0.9981,0,0.0287,0.9995,-0.0158,0,0.9978,-0.0277,0.06,0,-52.5163,81.5264,-39.2616,1]},
{"frame":267,"values":[0.0318,0.0229,0.9992,0,-0.0169,0.9996,-0.0224,0,0.9994,0.0162,-0.0322,0,-50.7035,81.3552,-38.3369,1]},
{"frame":268,"values":[0.0765,0.0556,0.9955,0,-0.0351,0.998,-0.053,0,0.9965,0.0309,-0.0783,0,-48.0565,83.9179,-37.6242,1]},
{"frame":269,"values":[0.053,0.0717,0.996,0,-0.0254,0.9972,-0.0704,0,0.9983,0.0215,-0.0547,0,-44.6257,86.6869,-37.5025,1]},
{"frame":270,"values":[0.0357,0.0534,0.9979,0,-0.0061,0.9986,-0.0532,0,0.9993,0.0042,-0.036,0,-40.3392,87.2388,-37.5527,1]},
{"frame":271,"values":[0.045,0.0476,0.9979,0,-0.006,0.9989,-0.0473,0,0.999,0.0038,-0.0452,0,-35.6316,87.1189,-37.1545,1]},
{"frame":272,"values":[0.0453,0.0692,0.9966,0,-0.018,0.9975,-0.0685,0,0.9988,0.0148,-0.0465,0,-30.8802,87.4483,-36.3897,1]},
{"frame":273,"values":[0.037,0.0692,0.9969,0,-0.0296,0.9972,-0.0682,0,0.9989,0.027,-0.0389,0,-26.4649,88.1165,-35.443,1]},
{"frame":274,"values":[0.0342,0.0492,0.9982,0,-0.0553,0.9974,-0.0472,0,0.9979,0.0536,-0.0368,0,-22.9591,88.5754,-34.428,1]},
{"frame":275,"values":[0.0211,0.0421,0.9989,0,-0.11,0.9931,-0.0396,0,0.9937,0.109,-0.0256,0,-20.2884,88.0997,-33.4394,1]},
{"frame":276,"values":[0.0092,0.0465,0.9989,0,-0.1803,0.9826,-0.0441,0,0.9836,0.1796,-0.0174,0,-18.6526,85.9465,-32.385,1]},
{"frame":277,"values":[0.0172,0.0431,0.9989,0,-0.2348,0.9713,-0.0379,0,0.9719,0.2339,-0.0268,0,-17.9532,82.5572,-31.4446,1]},
{"frame":278,"values":[0.0149,0.0154,0.9998,0,-0.2652,0.9641,-0.0109,0,0.9641,0.265,-0.0185,0,-17.7365,80.3378,-31.1368,1]},
{"frame":279,"values":[0.0059,-0.0432,0.999,0,-0.2828,0.9582,0.0431,0,0.9592,0.2828,0.0066,0,-17.9099,80.6623,-31.4787,1]},
{"frame":280,"values":[0.0296,-0.1055,0.994,0,-0.2911,0.9504,0.1096,0,0.9562,0.2926,0.0026,0,-18.3965,82.5803,-31.9084,1]},
{"frame":281,"values":[0.0854,-0.1427,0.9861,0,-0.2821,0.9457,0.1613,0,0.9556,0.2919,-0.0405,0,-18.7993,84.9151,-31.7647,1]},
{"frame":282,"values":[0.1645,-0.1626,0.9729,0,-0.2487,0.9476,0.2005,0,0.9545,0.2749,-0.1155,0,-18.5076,86.8702,-30.6751,1]},
{"frame":283,"values":[0.2797,-0.18,0.9431,0,-0.1907,0.9523,0.2383,0,0.941,0.2465,-0.232,0,-17.5179,88.2218,-28.7904,1]},
{"frame":284,"values":[0.421,-0.2039,0.8838,0,-0.1099,0.9558,0.2729,0,0.9004,0.212,-0.3799,0,-16.4379,89.4051,-26.6672,1]},
{"frame":285,"values":[0.549,-0.2436,0.7995,0,-0.0179,0.9529,0.3026,0,0.8356,0.1804,-0.5188,0,-15.6096,90.5871,-24.4406,1]},
{"frame":286,"values":[0.6508,-0.2876,0.7027,0,0.0694,0.9441,0.3221,0,0.7561,0.1609,-0.6344,0,-14.8386,91.6515,-22.1414,1]},
{"frame":287,"values":[0.7412,-0.3164,0.5921,0,0.1507,0.9379,0.3125,0,0.6541,0.1424,-0.7429,0,-13.6679,92.4078,-20.3595,1]},
{"frame":288,"values":[0.8193,-0.3291,0.4695,0,0.2189,0.9364,0.2744,0,0.53,0.122,-0.8392,0,-12.2661,92.9303,-19.2968,1]},
{"frame":289,"values":[0.879,-0.3329,0.3413,0,0.2662,0.9366,0.2279,0,0.3956,0.1094,-0.9119,0,-11.0107,93.4268,-18.4944,1]},
{"frame":290,"values":[0.9221,-0.3266,0.2075,0,0.2923,0.9394,0.1792,0,0.2534,0.1046,-0.9617,0,-9.8678,93.9241,-17.9647,1]},
{"frame":291,"values":[0.9498,-0.3056,0.0666,0,0.2948,0.9458,0.1359,0,0.1045,0.1095,-0.9885,0,-8.6579,94.3776,-17.9213,1]},
{"frame":292,"values":[0.9576,-0.2728,-0.0927,0,0.2821,0.9531,0.1096,0,-0.0584,0.1311,-0.9896,0,-7.0664,94.9014,-18.3793,1]},
{"frame":293,"values":[0.9328,-0.2363,-0.2721,0,0.2704,0.9581,0.0948,0,-0.2383,0.162,-0.9576,0,-5.1789,95.2053,-19.5082,1]},
{"frame":294,"values":[0.8755,-0.2003,-0.4398,0,0.2598,0.9625,0.0788,0,-0.4075,0.1832,-0.8946,0,-3.8014,94.2923,-21.202,1]},
{"frame":295,"values":[0.8048,-0.159,-0.5718,0,0.2352,0.97,0.0612,0,-0.5449,0.1838,-0.8181,0,-3.2436,92.7057,-23.0983,1]},
{"frame":296,"values":[0.7283,-0.1151,-0.6755,0,0.1925,0.9805,0.0405,0,-0.6576,0.1596,-0.7362,0,-3.2151,91.7351,-25.0995,1]},
{"frame":297,"values":[0.6509,-0.084,-0.7545,0,0.1443,0.9894,0.0143,0,-0.7453,0.1181,-0.6561,0,-3.5793,91.5396,-26.9891,1]},
{"frame":298,"values":[0.5963,-0.0599,-0.8005,0,0.0956,0.9954,-0.0033,0,-0.7971,0.0746,-0.5993,0,-4.0454,91.6065,-28.4416,1]},
{"frame":299,"values":[0.58,-0.0248,-0.8143,0,0.0381,0.9993,-0.0033,0,-0.8137,0.0291,-0.5805,0,-4.1372,90.9777,-29.4228,1]},
{"frame":300,"values":[0.5792,0.0241,-0.8148,0,-0.0203,0.9997,0.0152,0,-0.8149,-0.0078,-0.5795,0,-3.8029,89.0025,-30.0177,1]},
{"frame":301,"values":[0.556,0.0831,-0.827,0,-0.0567,0.9965,0.0621,0,-0.8292,-0.0124,-0.5588,0,-3.5687,85.6169,-30.5332,1]},
{"frame":302,"values":[0.5224,0.1307,-0.8426,0,-0.0693,0.9914,0.1109,0,-0.8499,-0.0005,-0.527,0,-3.935,82.1522,-30.988,1]},
{"frame":303,"values":[0.5384,0.155,-0.8283,0,-0.0913,0.9879,0.1255,0,-0.8377,-0.0081,-0.546,0,-5.2172,80.8247,-31.0551,1]},
{"frame":304,"values":[0.6244,0.168,-0.7629,0,-0.1342,0.9851,0.1071,0,-0.7695,-0.0355,-0.6376,0,-7.6183,82.2406,-30.3244,1]},
{"frame":305,"values":[0.7295,0.1742,-0.6615,0,-0.1604,0.9836,0.0822,0,-0.6649,-0.0462,-0.7455,0,-10.5441,84.5624,-28.7125,1]},
{"frame":306,"values":[0.8043,0.1705,-0.5692,0,-0.155,0.985,0.076,0,-0.5736,-0.0271,-0.8187,0,-13.2951,85.3524,-26.7544,1]},
{"frame":307,"values":[0.8515,0.1638,-0.4981,0,-0.1453,0.9865,0.0761,0,-0.5038,-0.0076,-0.8638,0,-16.242,84.6955,-25.0029,1]},
{"frame":308,"values":[0.9018,0.1552,-0.4034,0,-0.1393,0.9879,0.0685,0,-0.4091,0.0056,-0.9125,0,-19.7882,84.7932,-23.6709,1]},
{"frame":309,"values":[0.953,0.1474,-0.2646,0,-0.1342,0.9887,0.0676,0,-0.2716,0.0289,-0.962,0,-23.7516,86.708,-23.1432,1]},
{"frame":310,"values":[0.9789,0.1541,-0.1344,0,-0.1483,0.9876,0.0524,0,-0.1408,0.0314,-0.9895,0,-27.9716,89.3141,-23.9728,1]},
{"frame":311,"values":[0.9864,0.1564,-0.0496,0,-0.1565,0.9877,0.0024,0,-0.0493,-0.0054,-0.9988,0,-32.5269,91.2454,-25.9771,1]},
{"frame":312,"values":[0.9923,0.1227,0.0191,0,-0.1223,0.9923,-0.0218,0,0.0216,-0.0193,-0.9996,0,-37.1577,91.451,-28.2153,1]},
{"frame":313,"values":[0.9903,0.0821,0.1123,0,-0.0844,0.9963,0.016,0,0.1105,0.0253,-0.9935,0,-41.1882,89.0634,-30.0594,1]},
{"frame":314,"values":[0.971,0.0689,0.2289,0,-0.0826,0.9953,0.0508,0,0.2243,0.0682,-0.9721,0,-44.2728,85.0082,-31.2846,1]},
{"frame":315,"values":[0.9405,0.0596,0.3346,0,-0.0792,0.9958,0.0451,0,0.3305,0.0689,-0.9413,0,-47.065,82.1581,-31.3582,1]},
