{"producer":{"name":"Blender","version":"2.90.0","exporter_version":"2.80.1","file":"option_fight_blockright.babylon"},
"autoClear":true,"clearColor":[0.0509,0.0509,0.0509],"gravity":[0,-9.81,0],
"materials":[{"name":"Material","id":"Material","customType":"BABYLON.PBRMaterial","backFaceCulling":true,"checkReadyOnlyOnce":false,"maxSimultaneousLights":4,"environmentIntensity":1,"albedo":[0.8,0.8,0.8],"reflectivity":[0.5,0.5,0.5],"roughness":0.4,"alpha":1,"transparencyMode":0,"alphaCutOff":0.4,"metallic":0}],
"multiMaterials":[],
"skeletons":[{"name":"Armature","id":0,"dimensionsAtRest":[188.1767,188.0947,21.7491],"bones":[
{"name":"Hips","index":0,"matrix":[0.9945,0.026,-0.1019,0,0.0013,0.9658,0.2592,0,-0.1051,0.2579,-0.9604,0,-0.1846,91.3652,-2.5156,1],"rest":[1,0,0,0,0,1,0,0,0,0,-1,0,0,96.3764,0,1],"parentBoneIndex":-1,"length":9.9032
,"animation":{"dataType":3,"framePerSecond":24,"keys":[
{"frame":1,"values":[0.9945,0.026,-0.1019,0,0.0013,0.9658,0.2592,0,-0.1051,0.2579,-0.9604,0,-0.1846,91.3652,-2.5156,1]},
{"frame":2,"values":[0.9965,0.0207,-0.0805,0,0.0005,0.967,0.2547,0,-0.0831,0.2539,-0.9637,0,0.1128,91.4354,-2.4396,1]},
{"frame":3,"values":[0.9996,0.0193,-0.0221,0,-0.013,0.9663,0.2571,0,-0.0263,0.2567,-0.9661,0,0.6809,91.7025,-2.4558,1]},
{"frame":4,"values":[0.9962,0.0157,0.0852,0,-0.0373,0.9655,0.2579,0,0.0782,0.2601,-0.9624,0,1.5783,92.2045,-2.5693,1]},
{"frame":5,"values":[0.977,0.014,0.2128,0,-0.0679,0.9663,0.2484,0,0.2021,0.2571,-0.945,0,2.6866,92.7403,-2.5547,1]},
{"frame":6,"values":[0.9465,0.0185,0.3223,0,-0.0987,0.9671,0.2344,0,0.3074,0.2536,-0.9172,0,3.7895,92.9523,-2.1071,1]},
{"frame":7,"values":[0.9179,0.0189,0.3964,0,-0.1182,0.9666,0.2275,0,0.3788,0.2557,-0.8895,0,4.7041,92.6627,-1.44,1]},
{"frame":8,"values":[0.9011,0.0144,0.4334,0,-0.1248,0.9657,0.2275,0,0.4152,0.2591,-0.872,0,5.3589,92.1574,-1.1411,1]},
{"frame":9,"values":[0.8943,0.0138,0.4472,0,-0.1281,0.9656,0.2264,0,0.4287,0.2597,-0.8653,0,5.7901,91.8375,-1.1862,1]},
{"frame":10,"values":[0.8857,0.0164,0.4639,0,-0.1332,0.9663,0.2201,0,0.4447,0.2568,-0.8581,0,6.1003,91.7056,-1.1684,1]},
{"frame":11,"values":[0.8661,0.0145,0.4996,0,-0.1373,0.968,0.21,0,0.4806,0.2505,-0.8404,0,6.4001,91.5252,-1.0181,1]},
{"frame":12,"values":[0.8406,0.0049,0.5417,0,-0.1359,0.9699,0.2021,0,0.5244,0.2435,-0.8159,0,6.6318,91.1913,-0.7983,1]},
{"frame":13,"values":[0.8225,-0.0069,0.5687,0,-0.13,0.9712,0.1999,0,0.5536,0.2383,-0.7979,0,6.6956,90.822,-0.5805,1]},
{"frame":14,"values":[0.8161,-0.0147,0.5778,0,-0.1247,0.9716,0.2009,0,0.5643,0.236,-0.7911,0,6.6424,90.577,-0.4838,1]},
{"frame":15,"values":[0.8189,-0.0177,0.5737,0,-0.1218,0.9714,0.2038,0,0.5609,0.2368,-0.7933,0,6.5422,90.5063,-0.5085,1]},
{"frame":16,"values":[0.8275,-0.018,0.5611,0,-0.1198,0.9708,0.2078,0,0.5485,0.2392,-0.8012,0,6.3861,90.5482,-0.5333,1]},
{"frame":17,"values":[0.8382,-0.0163,0.5451,0,-0.1183,0.9703,0.2109,0,0.5323,0.2413,-0.8114,0,6.1817,90.6181,-0.497,1]},
{"frame":18,"values":[0.8503,-0.0119,0.5262,0,-0.118,0.97,0.2125,0,0.5129,0.2428,-0.8234,0,5.9624,90.6968,-0.4449,1]},
{"frame":19,"values":[0.8673,-0.004,0.4978,0,-0.1188,0.9694,0.2148,0,0.4834,0.2454,-0.8403,0,5.735,90.8211,-0.448,1]},
{"frame":20,"values":[0.888,0.0029,0.4598,0,-0.1167,0.9687,0.2192,0,0.4448,0.2483,-0.8605,0,5.4823,90.9929,-0.5182,1]},
{"frame":21,"values":[0.9093,0.0055,0.4162,0,-0.1088,0.9683,0.2248,0,0.4018,0.2497,-0.881,0,5.147,91.1999,-0.6289,1]},
{"frame":22,"values":[0.9304,0.0067,0.3666,0,-0.097,0.9687,0.2285,0,0.3536,0.2482,-0.9019,0,4.6851,91.4213,-0.7585,1]},
{"frame":23,"values":[0.9493,0.0061,0.3143,0,-0.082,0.97,0.2289,0,0.3035,0.2431,-0.9213,0,4.1616,91.5515,-0.9052,1]},
{"frame":24,"values":[0.963,0.001,0.2694,0,-0.0649,0.9713,0.2287,0,0.2614,0.2377,-0.9355,0,3.6527,91.487,-1.0886,1]},
{"frame":25,"values":[0.9734,-0.0035,0.229,0,-0.0508,0.9716,0.2311,0,0.2233,0.2366,-0.9456,0,3.09,91.2873,-1.2392,1]},
{"frame":26,"values":[0.9848,-0.001,0.1738,0,-0.0407,0.9708,0.2366,0,0.1689,0.2401,-0.9559,0,2.3694,91.1291,-1.3025,1]},
{"frame":27,"values":[0.9956,0.007,0.0936,0,-0.0298,0.9693,0.244,0,0.089,0.2457,-0.9653,0,1.5329,91.1227,-1.4975,1]},
{"frame":28,"values":[0.9999,0.0166,-0.0035,0,-0.0152,0.9677,0.2518,0,-0.0076,0.2517,-0.9678,0,0.6735,91.2358,-1.9667,1]},
{"frame":29,"values":[0.9945,0.026,-0.1019,0,0.0013,0.9658,0.2592,0,-0.1051,0.2579,-0.9604,0,-0.1846,91.3652,-2.5156,1]}],"loopBehavior":1,"name":"anim","property":"_matrix"}},
{"name":"Spine","index":1,"matrix":[0.9996,-0.0223,-0.0144,0,0.0228,0.9992,0.0333,0,0.0136,-0.0336,0.9993,0,0,9.2263,1.5771,1],"rest":[1,0,0,0,0,1,0,0,0,0,1,0,0,9.2263,1.5771,1],"parentBoneIndex":0,"length":16.2548
,"animation":{"dataType":3,"framePerSecond":24,"keys":[
{"frame":1,"values":[0.9996,-0.0223,-0.0144,0,0.0228,0.9992,0.0333,0,0.0136,-0.0336,0.9993,0,0,9.2263,1.5771,1]},
{"frame":2,"values":[0.9997,-0.0205,-0.0143,0,0.0209,0.9992,0.0343,0,0.0136,-0.0346,0.9993,0,0,9.2263,1.5771,1]},
{"frame":3,"values":[0.9997,-0.0191,-0.0122,0,0.0196,0.9991,0.0372,0,0.0115,-0.0374,0.9992,0,0,9.2263,1.5771,1]},
{"frame":4,"values":[0.9997,-0.0218,-0.011,0,0.0223,0.999,0.0391,0,0.0101,-0.0394,0.9992,0,0,9.2263,1.5771,1]},
{"frame":5,"values":[0.9993,-0.0347,-0.0167,0,0.0352,0.9988,0.0338,0,0.0155,-0.0344,0.9993,0,0,9.2263,1.5771,1]},
{"frame":6,"values":[0.9983,-0.0504,-0.0282,0,0.0509,0.9985,0.0184,0,0.0273,-0.0199,0.9994,0,0,9.2263,1.5771,1]},
{"frame":7,"values":[0.9981,-0.0477,-0.0398,0,0.0479,0.9989,0.0024,0,0.0396,-0.0043,0.9992,0,0,9.2263,1.5771,1]},
{"frame":8,"values":[0.9983,-0.0227,-0.0533,0,0.0225,0.9997,-0.003,0,0.0534,0.0018,0.9986,0,0,9.2263,1.5771,1]},
{"frame":9,"values":[0.9973,-0.0003,-0.0729,0,0.0003,1,0.0006,0,0.0729,-0.0006,0.9973,0,0,9.2263,1.5771,1]},
{"frame":10,"values":[0.9957,0.0015,-0.0928,0,-0.0012,1,0.0039,0,0.0928,-0.0038,0.9957,0,0,9.2263,1.5771,1]},
{"frame":11,"values":[0.9947,-0.0063,-0.1022,0,0.0068,1,0.0047,0,0.1021,-0.0054,0.9948,0,0,9.2263,1.5771,1]},
{"frame":12,"values":[0.9949,-0.0064,-0.1007,0,0.0071,1,0.0064,0,0.1007,-0.0071,0.9949,0,0,9.2263,1.5771,1]},
{"frame":13,"values":[0.9953,0.0015,-0.0964,0,-0.0005,1,0.0097,0,0.0964,-0.0096,0.9953,0,0,9.2263,1.5771,1]},
{"frame":14,"values":[0.9955,0.0074,-0.095,0,-0.0062,0.9999,0.0123,0,0.0951,-0.0117,0.9954,0,0,9.2263,1.5771,1]},
{"frame":15,"values":[0.9954,0.0074,-0.096,0,-0.0061,0.9999,0.0135,0,0.0961,-0.0128,0.9953,0,0,9.2263,1.5771,1]},
{"frame":16,"values":[0.9953,0.0055,-0.0965,0,-0.0041,0.9999,0.0141,0,0.0965,-0.0136,0.9952,0,0,9.2263,1.5771,1]},
{"frame":17,"values":[0.9954,0.0047,-0.0954,0,-0.0033,0.9999,0.0147,0,0.0954,-0.0143,0.9953,0,0,9.2263,1.5771,1]},
{"frame":18,"values":[0.9956,0.0038,-0.0939,0,-0.0024,0.9999,0.0155,0,0.0939,-0.0152,0.9955,0,0,9.2263,1.5771,1]},
{"frame":19,"values":[0.9957,0.0016,-0.0923,0,-0.0001,0.9999,0.0165,0,0.0923,-0.0165,0.9956,0,0,9.2263,1.5771,1]},
{"frame":20,"values":[0.9961,-0.0006,-0.0884,0,0.0022,0.9999,0.017,0,0.0884,-0.0171,0.9959,0,0,9.2263,1.5771,1]},
{"frame":21,"values":[0.9967,-0.0018,-0.0806,0,0.0032,0.9999,0.0167,0,0.0806,-0.0169,0.9966,0,0,9.2263,1.5771,1]},
{"frame":22,"values":[0.9974,-0.0038,-0.0713,0,0.0051,0.9998,0.0175,0,0.0712,-0.0179,0.9973,0,0,9.2263,1.5771,1]},
{"frame":23,"values":[0.998,-0.0077,-0.0623,0,0.0091,0.9997,0.0213,0,0.0621,-0.0218,0.9978,0,0,9.2263,1.5771,1]},
{"frame":24,"values":[0.9986,-0.0113,-0.0519,0,0.0127,0.9996,0.0269,0,0.0516,-0.0276,0.9983,0,0,9.2263,1.5771,1]},
{"frame":25,"values":[0.9991,-0.0124,-0.0396,0,0.0137,0.9994,0.0324,0,0.0392,-0.0329,0.9987,0,0,9.2263,1.5771,1]},
{"frame":26,"values":[0.9995,-0.0122,-0.029,0,0.0133,0.9992,0.0366,0,0.0286,-0.037,0.9989,0,0,9.2263,1.5771,1]},
{"frame":27,"values":[0.9996,-0.0139,-0.0226,0,0.0147,0.9992,0.038,0,0.0221,-0.0383,0.999,0,0,9.2263,1.5771,1]},
{"frame":28,"values":[0.9997,-0.0179,-0.0186,0,0.0186,0.9992,0.0361,0,0.0179,-0.0364,0.9992,0,0,9.2263,1.5771,1]},
{"frame":29,"values":[0.9996,-0.0223,-0.0144,0,0.0228,0.9992,0.0333,0,0.0136,-0.0336,0.9993,0,0,9.2263,1.5771,1]}],"loopBehavior":1,"name":"anim","property":"_matrix"}},
{"name":"Spine1","index":2,"matrix":[0.9999,0.0036,-0.013,0,-0.0027,0.9977,0.0682,0,0.0132,-0.0681,0.9976,0,0,16.254,-0.1656,1],"rest":[1,0,0,0,0,1,0,0,0,0,1,0,0,16.254,-0.1656,1],"parentBoneIndex":1,"length":13.7007
,"animation":{"dataType":3,"framePerSecond":24,"keys":[
{"frame":1,"values":[0.9999,0.0036,-0.013,0,-0.0027,0.9977,0.0682,0,0.0132,-0.0681,0.9976,0,0,16.254,-0.1656,1]},
{"frame":2,"values":[0.9999,0.0075,-0.0122,0,-0.0066,0.9975,0.0703,0,0.0127,-0.0703,0.9974,0,0,16.254,-0.1656,1]},
{"frame":3,"values":[0.9999,0.0093,-0.0079,0,-0.0087,0.9972,0.0746,0,0.0086,-0.0745,0.9972,0,0,16.254,-0.1656,1]},
{"frame":4,"values":[1,0.0081,-0.0031,0,-0.0078,0.997,0.0772,0,0.0037,-0.0771,0.997,0,0,16.254,-0.1656,1]},
{"frame":5,"values":[1,0.0023,-0.0019,0,-0.0021,0.9974,0.0715,0,0.002,-0.0715,0.9974,0,0,16.254,-0.1656,1]},
{"frame":6,"values":[1,-0.0048,-0.0071,0,0.0052,0.9985,0.0538,0,0.0068,-0.0538,0.9985,0,0,16.254,-0.1656,1]},
{"frame":7,"values":[0.9997,-0.0019,-0.0257,0,0.0027,0.9995,0.0314,0,0.0256,-0.0314,0.9992,0,0,16.254,-0.1656,1]},
{"frame":8,"values":[0.9977,0.0137,-0.0666,0,-0.0126,0.9998,0.0173,0,0.0669,-0.0164,0.9976,0,0,16.254,-0.1656,1]},
{"frame":9,"values":[0.9924,0.0265,-0.1201,0,-0.0249,0.9996,0.0148,0,0.1205,-0.0117,0.9926,0,0,16.254,-0.1656,1]},
{"frame":10,"values":[0.9866,0.0249,-0.161,0,-0.0226,0.9996,0.0165,0,0.1614,-0.0126,0.9868,0,0,16.254,-0.1656,1]},
{"frame":11,"values":[0.9846,0.0171,-0.1742,0,-0.0142,0.9997,0.0179,0,0.1745,-0.0152,0.9845,0,0,16.254,-0.1656,1]},
{"frame":12,"values":[0.9855,0.0156,-0.169,0,-0.0122,0.9997,0.0212,0,0.1693,-0.0188,0.9854,0,0,16.254,-0.1656,1]},
{"frame":13,"values":[0.9865,0.0197,-0.1623,0,-0.0156,0.9995,0.0265,0,0.1627,-0.0236,0.9864,0,0,16.254,-0.1656,1]},
{"frame":14,"values":[0.9867,0.0222,-0.1613,0,-0.0174,0.9994,0.0309,0,0.1619,-0.0277,0.9864,0,0,16.254,-0.1656,1]},
{"frame":15,"values":[0.9863,0.0224,-0.1635,0,-0.0173,0.9993,0.0329,0,0.1641,-0.0296,0.986,0,0,16.254,-0.1656,1]},
{"frame":16,"values":[0.9861,0.023,-0.1646,0,-0.0176,0.9993,0.034,0,0.1652,-0.0306,0.9858,0,0,16.254,-0.1656,1]},
{"frame":17,"values":[0.9863,0.0232,-0.1634,0,-0.0177,0.9992,0.0353,0,0.1641,-0.032,0.9859,0,0,16.254,-0.1656,1]},
{"frame":18,"values":[0.9866,0.0214,-0.1617,0,-0.0156,0.9992,0.0372,0,0.1624,-0.0342,0.9861,0,0,16.254,-0.1656,1]},
{"frame":19,"values":[0.9871,0.0187,-0.1592,0,-0.0125,0.9991,0.0395,0,0.1598,-0.037,0.9865,0,0,16.254,-0.1656,1]},
{"frame":20,"values":[0.9883,0.017,-0.1517,0,-0.0109,0.9991,0.0413,0,0.1523,-0.0392,0.9876,0,0,16.254,-0.1656,1]},
{"frame":21,"values":[0.9905,0.0167,-0.1367,0,-0.011,0.999,0.0425,0,0.1373,-0.0406,0.9897,0,0,16.254,-0.1656,1]},
{"frame":22,"values":[0.9928,0.0175,-0.1188,0,-0.0122,0.9989,0.0449,0,0.1194,-0.0431,0.9919,0,0,16.254,-0.1656,1]},
{"frame":23,"values":[0.9946,0.0196,-0.1018,0,-0.0145,0.9986,0.0499,0,0.1026,-0.0482,0.9936,0,0,16.254,-0.1656,1]},
{"frame":24,"values":[0.9963,0.0221,-0.0829,0,-0.0175,0.9982,0.0565,0,0.084,-0.0549,0.995,0,0,16.254,-0.1656,1]},
{"frame":25,"values":[0.9979,0.0232,-0.0607,0,-0.0193,0.9978,0.0639,0,0.0621,-0.0626,0.9961,0,0,16.254,-0.1656,1]},
{"frame":26,"values":[0.9989,0.0219,-0.0412,0,-0.0189,0.9973,0.0714,0,0.0427,-0.0706,0.9966,0,0,16.254,-0.1656,1]},
{"frame":27,"values":[0.9994,0.0179,-0.0289,0,-0.0157,0.9971,0.0748,0,0.0302,-0.0743,0.9968,0,0,16.254,-0.1656,1]},
{"frame":28,"values":[0.9997,0.0111,-0.021,0,-0.0096,0.9973,0.0723,0,0.0218,-0.0721,0.9972,0,0,16.254,-0.1656,1]},
{"frame":29,"values":[0.9999,0.0036,-0.013,0,-0.0027,0.9977,0.0682,0,0.0132,-0.0681,0.9976,0,0,16.254,-0.1656,1]}],"loopBehavior":1,"name":"anim","property":"_matrix"}},
{"name":"Spine2","index":3,"matrix":[0.9999,0.0036,-0.0131,0,-0.0027,0.9977,0.0681,0,0.0134,-0.0681,0.9976,0,0,13.6396,-1.2923,1],"rest":[1,0,0,0,0,1,0,0,0,0,1,0,0,13.6396,-1.2923,1],"parentBoneIndex":2,"length":13.1719
,"animation":{"dataType":3,"framePerSecond":24,"keys":[
{"frame":1,"values":[0.9999,0.0036,-0.0131,0,-0.0027,0.9977,0.0681,0,0.0134,-0.0681,0.9976,0,0,13.6396,-1.2923,1]},
{"frame":2,"values":[0.9999,0.0076,-0.0123,0,-0.0067,0.9975,0.0703,0,0.0128,-0.0702,0.9974,0,0,13.6396,-1.2923,1]},
{"frame":3,"values":[0.9999,0.0094,-0.0081,0,-0.0088,0.9972,0.0745,0,0.0088,-0.0745,0.9972,0,0,13.6396,-1.2923,1]},
{"frame":4,"values":[1,0.0082,-0.0032,0,-0.0079,0.997,0.0771,0,0.0038,-0.077,0.997,0,0,13.6396,-1.2923,1]},
{"frame":5,"values":[1,0.0026,-0.0017,0,-0.0025,0.9974,0.0715,0,0.0019,-0.0715,0.9974,0,0,13.6396,-1.2923,1]},
{"frame":6,"values":[1,-0.004,-0.0067,0,0.0044,0.9985,0.0539,0,0.0065,-0.0539,0.9985,0,0,13.6396,-1.2923,1]},
{"frame":7,"values":[0.9997,-0.0013,-0.0256,0,0.0021,0.9995,0.0312,0,0.0255,-0.0313,0.9992,0,0,13.6396,-1.2923,1]},
{"frame":8,"values":[0.9977,0.0124,-0.0672,0,-0.0114,0.9998,0.0163,0,0.0674,-0.0155,0.9976,0,0,13.6396,-1.2923,1]},
{"frame":9,"values":[0.9924,0.0232,-0.1211,0,-0.0218,0.9997,0.0128,0,0.1214,-0.0101,0.9926,0,0,13.6396,-1.2923,1]},
{"frame":10,"values":[0.9866,0.021,-0.1618,0,-0.019,0.9997,0.0139,0,0.1621,-0.0107,0.9867,0,0,13.6396,-1.2923,1]},
{"frame":11,"values":[0.9845,0.0139,-0.1748,0,-0.0114,0.9998,0.0153,0,0.175,-0.0131,0.9845,0,0,13.6396,-1.2923,1]},
{"frame":12,"values":[0.9854,0.0131,-0.1696,0,-0.0101,0.9998,0.0184,0,0.1698,-0.0165,0.9853,0,0,13.6396,-1.2923,1]},
{"frame":13,"values":[0.9865,0.0175,-0.163,0,-0.0139,0.9996,0.0235,0,0.1634,-0.0209,0.9863,0,0,13.6396,-1.2923,1]},
{"frame":14,"values":[0.9866,0.0201,-0.1622,0,-0.0159,0.9995,0.0276,0,0.1626,-0.0247,0.9864,0,0,13.6396,-1.2923,1]},
{"frame":15,"values":[0.9862,0.0204,-0.1644,0,-0.0158,0.9994,0.0296,0,0.1649,-0.0266,0.986,0,0,13.6396,-1.2923,1]},
{"frame":16,"values":[0.986,0.0211,-0.1655,0,-0.0162,0.9994,0.0306,0,0.166,-0.0275,0.9857,0,0,13.6396,-1.2923,1]},
{"frame":17,"values":[0.9862,0.0213,-0.1644,0,-0.0162,0.9994,0.032,0,0.165,-0.0289,0.9859,0,0,13.6396,-1.2923,1]},
{"frame":18,"values":[0.9865,0.0196,-0.1627,0,-0.0142,0.9993,0.034,0,0.1632,-0.0313,0.9861,0,0,13.6396,-1.2923,1]},
{"frame":19,"values":[0.987,0.017,-0.1601,0,-0.0113,0.9993,0.0366,0,0.1606,-0.0343,0.9864,0,0,13.6396,-1.2923,1]},
{"frame":20,"values":[0.9882,0.0155,-0.1526,0,-0.0097,0.9992,0.0386,0,0.1531,-0.0367,0.9875,0,0,13.6396,-1.2923,1]},
{"frame":21,"values":[0.9904,0.0154,-0.1377,0,-0.01,0.9992,0.0399,0,0.1382,-0.0381,0.9897,0,0,13.6396,-1.2923,1]},
{"frame":22,"values":[0.9927,0.0165,-0.1198,0,-0.0115,0.999,0.0424,0,0.1204,-0.0408,0.9919,0,0,13.6396,-1.2923,1]},
{"frame":23,"values":[0.9945,0.0192,-0.1029,0,-0.0143,0.9988,0.0478,0,0.1037,-0.0461,0.9935,0,0,13.6396,-1.2923,1]},
{"frame":24,"values":[0.9962,0.0221,-0.0839,0,-0.0176,0.9983,0.055,0,0.085,-0.0533,0.995,0,0,13.6396,-1.2923,1]},
{"frame":25,"values":[0.9978,0.0233,-0.0615,0,-0.0194,0.9978,0.0631,0,0.0628,-0.0618,0.9961,0,0,13.6396,-1.2923,1]},
{"frame":26,"values":[0.9989,0.022,-0.0419,0,-0.019,0.9973,0.071,0,0.0433,-0.0701,0.9966,0,0,13.6396,-1.2923,1]},
{"frame":27,"values":[0.9994,0.018,-0.0295,0,-0.0158,0.9971,0.0746,0,0.0307,-0.0741,0.9968,0,0,13.6396,-1.2923,1]},
{"frame":28,"values":[0.9997,0.0112,-0.0214,0,-0.0096,0.9973,0.0721,0,0.0221,-0.0719,0.9972,0,0,13.6396,-1.2923,1]},
{"frame":29,"values":[0.9999,0.0036,-0.0131,0,-0.0027,0.9977,0.0681,0,0.0134,-0.0681,0.9976,0,0,13.6396,-1.2923,1]}],"loopBehavior":1,"name":"anim","property":"_matrix"}},
{"name":"Neck","index":4,"matrix":[0.9991,0.0152,-0.0387,0,-0.0081,0.9841,0.1772,0,0.0408,-0.1768,0.9834,0,0,13.8774,-4.3542,1],"rest":[1,0,0,0,0,1,0,0,0,0,1,0,0,13.8774,-4.3542,1],"parentBoneIndex":3,"length":4.4379
,"animation":{"dataType":3,"framePerSecond":24,"keys":[
{"frame":1,"values":[0.9991,0.0152,-0.0387,0,-0.0081,0.9841,0.1772,0,0.0408,-0.1768,0.9834,0,0,13.8774,-4.3542,1]},
{"frame":2,"values":[0.9992,0.0165,-0.0351,0,-0.0102,0.9853,0.1705,0,0.0374,-0.17,0.9847,0,0,13.8774,-4.3542,1]},
{"frame":3,"values":[0.9994,0.018,-0.0291,0,-0.0129,0.9858,0.1671,0,0.0317,-0.1667,0.9855,0,0,13.8774,-4.3542,1]},
{"frame":4,"values":[0.9995,0.0252,-0.0166,0,-0.0221,0.9861,0.1648,0,0.0205,-0.1644,0.9862,0,0,13.8774,-4.3542,1]},
{"frame":5,"values":[0.9992,0.0401,0.0056,0,-0.0405,0.986,0.1615,0,0.001,-0.1616,0.9869,0,0,13.8774,-4.3542,1]},
{"frame":6,"values":[0.998,0.0526,0.0347,0,-0.0576,0.985,0.1625,0,-0.0257,-0.1641,0.9861,0,0,13.8774,-4.3542,1]},
{"frame":7,"values":[0.9971,0.047,0.0599,0,-0.0567,0.9832,0.1734,0,-0.0507,-0.1763,0.983,0,0,13.8774,-4.3542,1]},
{"frame":8,"values":[0.9969,0.0263,0.0746,0,-0.0399,0.9813,0.1882,0,-0.0683,-0.1906,0.9793,0,0,13.8774,-4.3542,1]},
{"frame":9,"values":[0.996,0.0138,0.0888,0,-0.0309,0.9805,0.1941,0,-0.0844,-0.1961,0.977,0,0,13.8774,-4.3542,1]},
{"frame":10,"values":[0.9934,0.0228,0.1124,0,-0.0438,0.981,0.1888,0,-0.106,-0.1924,0.9756,0,0,13.8774,-4.3542,1]},
{"frame":11,"values":[0.9897,0.0421,0.1369,0,-0.0666,0.9816,0.1792,0,-0.1268,-0.1865,0.9742,0,0,13.8774,-4.3542,1]},
{"frame":12,"values":[0.9874,0.0535,0.1492,0,-0.079,0.9822,0.1706,0,-0.1374,-0.1802,0.974,0,0,13.8774,-4.3542,1]},
{"frame":13,"values":[0.9873,0.053,0.1497,0,-0.0777,0.9834,0.1642,0,-0.1385,-0.1737,0.975,0,0,13.8774,-4.3542,1]},
{"frame":14,"values":[0.9878,0.0496,0.1477,0,-0.0736,0.9841,0.1614,0,-0.1374,-0.1703,0.9758,0,0,13.8774,-4.3542,1]},
{"frame":15,"values":[0.9879,0.0489,0.147,0,-0.073,0.9839,0.1632,0,-0.1367,-0.172,0.9756,0,0,13.8774,-4.3542,1]},
{"frame":16,"values":[0.988,0.0496,0.1463,0,-0.074,0.9833,0.1666,0,-0.1356,-0.1754,0.9751,0,0,13.8774,-4.3542,1]},
{"frame":17,"values":[0.9883,0.0493,0.1443,0,-0.0736,0.9829,0.1687,0,-0.1335,-0.1773,0.9751,0,0,13.8774,-4.3542,1]},
{"frame":18,"values":[0.9889,0.0473,0.141,0,-0.0711,0.983,0.1691,0,-0.1306,-0.1773,0.9755,0,0,13.8774,-4.3542,1]},
{"frame":19,"values":[0.9898,0.0441,0.1356,0,-0.067,0.9833,0.1691,0,-0.1258,-0.1765,0.9762,0,0,13.8774,-4.3542,1]},
{"frame":20,"values":[0.9911,0.0411,0.127,0,-0.0625,0.9835,0.1696,0,-0.1179,-0.1761,0.9773,0,0,13.8774,-4.3542,1]},
{"frame":21,"values":[0.9926,0.0394,0.1148,0,-0.0587,0.9836,0.1703,0,-0.1063,-0.1758,0.9787,0,0,13.8774,-4.3542,1]},
{"frame":22,"values":[0.9942,0.0396,0.1001,0,-0.0564,0.9838,0.1703,0,-0.0918,-0.1749,0.9803,0,0,13.8774,-4.3542,1]},
{"frame":23,"values":[0.9957,0.0406,0.0838,0,-0.0544,0.984,0.1697,0,-0.0755,-0.1735,0.9819,0,0,13.8774,-4.3542,1]},
{"frame":24,"values":[0.9971,0.0386,0.0654,0,-0.0493,0.9841,0.1704,0,-0.0577,-0.1731,0.9832,0,0,13.8774,-4.3542,1]},
{"frame":25,"values":[0.9985,0.0317,0.045,0,-0.0391,0.9841,0.173,0,-0.0388,-0.1745,0.9839,0,0,13.8774,-4.3542,1]},
{"frame":26,"values":[0.9994,0.0236,0.0241,0,-0.0275,0.9841,0.1754,0,-0.0196,-0.176,0.9842,0,0,13.8774,-4.3542,1]},
{"frame":27,"values":[0.9998,0.0186,0.0035,0,-0.0189,0.9841,0.1764,0,-0.0001,-0.1764,0.9843,0,0,13.8774,-4.3542,1]},
{"frame":28,"values":[0.9997,0.0167,-0.0175,0,-0.0134,0.9842,0.1767,0,0.0201,-0.1765,0.9841,0,0,13.8774,-4.3542,1]},
{"frame":29,"values":[0.9991,0.0152,-0.0387,0,-0.0081,0.9841,0.1772,0,0.0408,-0.1768,0.9834,0,0,13.8774,-4.3542,1]}],"loopBehavior":1,"name":"anim","property":"_matrix"}},
{"name":"Neck1","index":5,"matrix":[1,0,0,0,0,1,0,0,0,0,1,0,0,4.34,0.9269,1],"rest":[1,0,0,0,0,1,0,0,0,0,1,0,0,4.34,0.9269,1],"parentBoneIndex":4,"length":6.2291
,"animation":{"dataType":3,"framePerSecond":24,"keys":[
{"frame":1,"values":[1,0,0,0,0,1,0,0,0,0,1,0,0,4.34,0.9269,1]},
{"frame":29,"values":[1,0,0,0,0,1,0,0,0,0,1,0,0,4.34,0.9269,1]}],"loopBehavior":1,"name":"anim","property":"_matrix"}},
{"name":"Head","index":6,"matrix":[0.9518,-0.1816,-0.2471,0,0.0985,0.9442,-0.3144,0,0.2904,0.2749,0.9166,0,0,4.0266,0.8585,1],"rest":[1,0,0,0,0,1,0,0,0,0,1,0,0,4.0266,0.8585,1],"parentBoneIndex":5,"length":14.8424
,"animation":{"dataType":3,"framePerSecond":24,"keys":[
{"frame":1,"values":[0.9518,-0.1816,-0.2471,0,0.0985,0.9442,-0.3144,0,0.2904,0.2749,0.9166,0,0,4.0266,0.8585,1]},
{"frame":2,"values":[0.9538,-0.1918,-0.2314,0,0.1099,0.9392,-0.3254,0,0.2798,0.2849,0.9168,0,0,4.0266,0.8585,1]},
{"frame":3,"values":[0.9572,-0.2027,-0.2066,0,0.1273,0.936,-0.3282,0,0.2599,0.2879,0.9217,0,0,4.0266,0.8585,1]},
{"frame":4,"values":[0.9649,-0.2093,-0.1588,0,0.1495,0.9345,-0.3232,0,0.216,0.2881,0.9329,0,0,4.0266,0.8585,1]},
{"frame":5,"values":[0.9754,-0.2071,-0.075,0,0.1741,0.9337,-0.3129,0,0.1349,0.2922,0.9468,0,0,4.0266,0.8585,1]},
{"frame":6,"values":[0.9806,-0.1911,0.0446,0,0.1958,0.9363,-0.2915,0,0.014,0.2946,0.9555,0,0,4.0266,0.8585,1]},
{"frame":7,"values":[0.9715,-0.161,0.1741,0,0.2017,0.947,-0.2501,0,-0.1246,0.2781,0.9524,0,0,4.0266,0.8585,1]},
{"frame":8,"values":[0.949,-0.1266,0.2888,0,0.1863,0.964,-0.1899,0,-0.2543,0.234,0.9384,0,0,4.0266,0.8585,1]},
{"frame":9,"values":[0.9163,-0.1045,0.3866,0,0.1658,0.9777,-0.1289,0,-0.3645,0.1823,0.9132,0,0,4.0266,0.8585,1]},
{"frame":10,"values":[0.8765,-0.0994,0.4711,0,0.159,0.9833,-0.0883,0,-0.4544,0.1523,0.8777,0,0,4.0266,0.8585,1]},
{"frame":11,"values":[0.8392,-0.1027,0.534,0,0.1673,0.9831,-0.0738,0,-0.5174,0.1513,0.8423,0,0,4.0266,0.8585,1]},
{"frame":12,"values":[0.816,-0.1049,0.5685,0,0.1802,0.9806,-0.0777,0,-0.5493,0.1658,0.819,0,0,4.0266,0.8585,1]},
{"frame":13,"values":[0.8085,-0.1039,0.5792,0,0.1897,0.9778,-0.0893,0,-0.5571,0.1821,0.8103,0,0,4.0266,0.8585,1]},
{"frame":14,"values":[0.8087,-0.1022,0.5793,0,0.193,0.9764,-0.0972,0,-0.5557,0.1904,0.8093,0,0,4.0266,0.8585,1]},
{"frame":15,"values":[0.8111,-0.1005,0.5762,0,0.1907,0.9767,-0.0981,0,-0.553,0.1894,0.8114,0,0,4.0266,0.8585,1]},
{"frame":16,"values":[0.8144,-0.0982,0.5719,0,0.1862,0.9777,-0.0972,0,-0.5496,0.1856,0.8145,0,0,4.0266,0.8585,1]},
{"frame":17,"values":[0.8191,-0.0947,0.5658,0,0.1806,0.9787,-0.0978,0,-0.5444,0.1823,0.8188,0,0,4.0266,0.8585,1]},
{"frame":18,"values":[0.8261,-0.0911,0.5561,0,0.174,0.9799,-0.0979,0,-0.536,0.1776,0.8253,0,0,4.0266,0.8585,1]},
{"frame":19,"values":[0.8382,-0.0904,0.5378,0,0.1688,0.9807,-0.0983,0,-0.5185,0.1732,0.8373,0,0,4.0266,0.8585,1]},
{"frame":20,"values":[0.8584,-0.0933,0.5045,0,0.1675,0.9804,-0.1037,0,-0.4849,0.1735,0.8572,0,0,4.0266,0.8585,1]},
{"frame":21,"values":[0.8862,-0.0955,0.4533,0,0.1659,0.979,-0.1181,0,-0.4325,0.1798,0.8835,0,0,4.0266,0.8585,1]},
{"frame":22,"values":[0.9169,-0.0932,0.3881,0,0.1595,0.9769,-0.1423,0,-0.3658,0.1924,0.9106,0,0,4.0266,0.8585,1]},
{"frame":23,"values":[0.9455,-0.0928,0.3121,0,0.1532,0.9726,-0.175,0,-0.2873,0.2133,0.9338,0,0,4.0266,0.8585,1]},
{"frame":24,"values":[0.9683,-0.1062,0.2259,0,0.1549,0.9653,-0.2104,0,-0.1957,0.2387,0.9512,0,0,4.0266,0.8585,1]},
{"frame":25,"values":[0.9822,-0.1329,0.1326,0,0.162,0.9569,-0.2409,0,-0.0949,0.2581,0.9614,0,0,4.0266,0.8585,1]},
{"frame":26,"values":[0.9866,-0.1583,0.0389,0,0.1629,0.9508,-0.2636,0,0.0047,0.2664,0.9639,0,0,4.0266,0.8585,1]},
{"frame":27,"values":[0.9835,-0.1724,-0.0545,0,0.1504,0.9474,-0.2825,0,0.1003,0.2697,0.9577,0,0,4.0266,0.8585,1]},
{"frame":28,"values":[0.9725,-0.1777,-0.1507,0,0.1263,0.9455,-0.3,0,0.1958,0.2727,0.942,0,0,4.0266,0.8585,1]},
{"frame":29,"values":[0.9518,-0.1816,-0.2471,0,0.0985,0.9442,-0.3144,0,0.2904,0.2749,0.9166,0,0,4.0266,0.8585,1]}],"loopBehavior":1,"name":"anim","property":"_matrix"}},
{"name":"L_Ear","index":7,"matrix":[1,0,0,0,0,1,0,0,0,0,1,0,6.8586,8.862,3.3161,1],"rest":[1,0,0,0,0,1,0,0,0,0,1,0,6.8586,8.862,3.3161,1],"parentBoneIndex":6,"length":14.8424
,"animation":{"dataType":3,"framePerSecond":24,"keys":[
{"frame":1,"values":[1,0,0,0,0,1,0,0,0,0,1,0,6.8586,8.862,3.3161,1]},
{"frame":29,"values":[1,0,0,0,0,1,0,0,0,0,1,0,6.8586,8.862,3.3161,1]}],"loopBehavior":1,"name":"anim","property":"_matrix"}},
{"name":"Jaw","index":8,"matrix":[1,0,0,0,0,1,0,0,0,0,1,0,0.0038,6.235,4.4131,1],"rest":[1,0,0,0,0,1,0,0,0,0,1,0,0.0038,6.235,4.4131,1],"parentBoneIndex":6,"length":8.9884
,"animation":{"dataType":3,"framePerSecond":24,"keys":[
{"frame":1,"values":[1,0,0,0,0,1,0,0,0,0,1,0,0.0038,6.235,4.4131,1]},
{"frame":29,"values":[1,0,0,0,0,1,0,0,0,0,1,0,0.0038,6.235,4.4131,1]}],"loopBehavior":1,"name":"anim","property":"_matrix"}},
{"name":"TongueBack","index":9,"matrix":[1,0,0,0,0,1,0,0,0,0,1,0,0,-3.3518,4.6468,1],"rest":[1,0,0,0,0,1,0,0,0,0,1,0,0,-3.3518,4.6468,1],"parentBoneIndex":8,"length":1.6664
,"animation":{"dataType":3,"framePerSecond":24,"keys":[
{"frame":1,"values":[1,0,0,0,0,1,0,0,0,0,1,0,0,-3.3518,4.6468,1]},
{"frame":29,"values":[1,0,0,0,0,1,0,0,0,0,1,0,0,-3.3518,4.6468,1]}],"loopBehavior":1,"name":"anim","property":"_matrix"}},
{"name":"TongueMid","index":10,"matrix":[1,0,0,0,0,1,0,0,0,0,1,0,0,0.0424,1.6659,1],"rest":[1,0,0,0,0,1,0,0,0,0,1,0,0,0.0424,1.6659,1],"parentBoneIndex":9,"length":1.3562
,"animation":{"dataType":3,"framePerSecond":24,"keys":[
{"frame":1,"values":[1,0,0,0,0,1,0,0,0,0,1,0,0,0.0424,1.6659,1]},
{"frame":29,"values":[1,0,0,0,0,1,0,0,0,0,1,0,0,0.0424,1.6659,1]}],"loopBehavior":1,"name":"anim","property":"_matrix"}},
{"name":"TongueTip","index":11,"matrix":[1,0,0,0,0,1,0,0,0,0,1,0,0,-0.4344,1.2847,1],"rest":[1,0,0,0,0,1,0,0,0,0,1,0,0,-0.4344,1.2847,1],"parentBoneIndex":10,"length":1.3562
,"animation":{"dataType":3,"framePerSecond":24,"keys":[
{"frame":1,"values":[1,0,0,0,0,1,0,0,0,0,1,0,0,-0.4344,1.2847,1]},
{"frame":29,"values":[1,0,0,0,0,1,0,0,0,0,1,0,0,-0.4344,1.2847,1]}],"loopBehavior":1,"name":"anim","property":"_matrix"}},
{"name":"Chin","index":12,"matrix":[1,0,0,0,0,1,0,0,0,0,1,0,-0.0038,-6.1605,9.1241,1],"rest":[1,0,0,0,0,1,0,0,0,0,1,0,-0.0038,-6.1605,9.1241,1],"parentBoneIndex":8,"length":8.9884
,"animation":{"dataType":3,"framePerSecond":24,"keys":[
{"frame":1,"values":[1,0,0,0,0,1,0,0,0,0,1,0,-0.0038,-6.1605,9.1241,1]},
{"frame":29,"values":[1,0,0,0,0,1,0,0,0,0,1,0,-0.0038,-6.1605,9.1241,1]}],"loopBehavior":1,"name":"anim","property":"_matrix"}},
{"name":"LowerChin","index":13,"matrix":[1,0,0,0,0,1,0,0,0,0,1,0,-0.0038,-8.2784,6.0042,1],"rest":[1,0,0,0,0,1,0,0,0,0,1,0,-0.0038,-8.2784,6.0042,1],"parentBoneIndex":8,"length":8.9884
,"animation":{"dataType":3,"framePerSecond":24,"keys":[
{"frame":1,"values":[1,0,0,0,0,1,0,0,0,0,1,0,-0.0038,-8.2784,6.0042,1]},
{"frame":29,"values":[1,0,0,0,0,1,0,0,0,0,1,0,-0.0038,-8.2784,6.0042,1]}],"loopBehavior":1,"name":"anim","property":"_matrix"}},
{"name":"L_Temple","index":14,"matrix":[1,0,0,0,0,1,0,0,0,0,1,0,6.7164,11.953,7.4033,1],"rest":[1,0,0,0,0,1,0,0,0,0,1,0,6.7164,11.953,7.4033,1],"parentBoneIndex":6,"length":14.8424
,"animation":{"dataType":3,"framePerSecond":24,"keys":[
{"frame":1,"values":[1,0,0,0,0,1,0,0,0,0,1,0,6.7164,11.953,7.4033,1]},
{"frame":29,"values":[1,0,0,0,0,1,0,0,0,0,1,0,6.7164,11.953,7.4033,1]}],"loopBehavior":1,"name":"anim","property":"_matrix"}},
{"name":"L_IOuterBrow","index":15,"matrix":[1,0,0,0,0,1,0,0,0,0,1,0,5.185,11.3348,12.3701,1],"rest":[1,0,0,0,0,1,0,0,0,0,1,0,5.185,11.3348,12.3701,1],"parentBoneIndex":6,"length":14.8424
,"animation":{"dataType":3,"framePerSecond":24,"keys":[
{"frame":1,"values":[1,0,0,0,0,1,0,0,0,0,1,0,5.185,11.3348,12.3701,1]},
{"frame":29,"values":[1,0,0,0,0,1,0,0,0,0,1,0,5.185,11.3348,12.3701,1]}],"loopBehavior":1,"name":"anim","property":"_matrix"}},
{"name":"L_MidBrow","index":16,"matrix":[1,0,0,0,0,1,0,0,0,0,1,0,3.3668,11.4156,13.6166,1],"rest":[1,0,0,0,0,1,0,0,0,0,1,0,3.3668,11.4156,13.6166,1],"parentBoneIndex":6,"length":14.8424
,"animation":{"dataType":3,"framePerSecond":24,"keys":[
{"frame":1,"values":[1,0,0,0,0,1,0,0,0,0,1,0,3.3668,11.4156,13.6166,1]},
{"frame":29,"values":[1,0,0,0,0,1,0,0,0,0,1,0,3.3668,11.4156,13.6166,1]}],"loopBehavior":1,"name":"anim","property":"_matrix"}},
{"name":"L_InnerBrow","index":17,"matrix":[1,0,0,0,0,1,0,0,0,0,1,0,1.6599,10.7576,14.115,1],"rest":[1,0,0,0,0,1,0,0,0,0,1,0,1.6599,10.7576,14.115,1],"parentBoneIndex":6,"length":14.8424
,"animation":{"dataType":3,"framePerSecond":24,"keys":[
{"frame":1,"values":[1,0,0,0,0,1,0,0,0,0,1,0,1.6599,10.7576,14.115,1]},
{"frame":29,"values":[1,0,0,0,0,1,0,0,0,0,1,0,1.6599,10.7576,14.115,1]}],"loopBehavior":1,"name":"anim","property":"_matrix"}},
{"name":"L_Eye","index":18,"matrix":[1,0,0,0,0,1,0,0,0,0,1,0,3.0989,9.6989,11.4382,1],"rest":[1,0,0,0,0,1,0,0,0,0,1,0,3.0989,9.6989,11.4382,1],"parentBoneIndex":6,"length":14.8424
,"animation":{"dataType":3,"framePerSecond":24,"keys":[
{"frame":1,"values":[1,0,0,0,0,1,0,0,0,0,1,0,3.0989,9.6989,11.4382,1]},
{"frame":29,"values":[1,0,0,0,0,1,0,0,0,0,1,0,3.0989,9.6989,11.4382,1]}],"loopBehavior":1,"name":"anim","property":"_matrix"}},
{"name":"L_EyelidLower","index":19,"matrix":[1,0,0,0,0,1,0,0,0,0,1,0,3.0989,9.6989,11.4382,1],"rest":[1,0,0,0,0,1,0,0,0,0,1,0,3.0989,9.6989,11.4382,1],"parentBoneIndex":6,"length":14.8424
,"animation":{"dataType":3,"framePerSecond":24,"keys":[
{"frame":1,"values":[1,0,0,0,0,1,0,0,0,0,1,0,3.0989,9.6989,11.4382,1]},
{"frame":29,"values":[1,0,0,0,0,1,0,0,0,0,1,0,3.0989,9.6989,11.4382,1]}],"loopBehavior":1,"name":"anim","property":"_matrix"}},
{"name":"L_EyelidUpper","index":20,"matrix":[1,0,0,0,0,1,0,0,0,0,1,0,3.0989,9.6989,11.4382,1],"rest":[1,0,0,0,0,1,0,0,0,0,1,0,3.0989,9.6989,11.4382,1],"parentBoneIndex":6,"length":14.8424
,"animation":{"dataType":3,"framePerSecond":24,"keys":[
{"frame":1,"values":[1,0,0,0,0,1,0,0,0,0,1,0,3.0989,9.6989,11.4382,1]},
{"frame":29,"values":[1,0,0,0,0,1,0,0,0,0,1,0,3.0989,9.6989,11.4382,1]}],"loopBehavior":1,"name":"anim","property":"_matrix"}},
{"name":"L_InnerCheek","index":21,"matrix":[1,0,0,0,0,1,0,0,0,0,1,0,2.1484,7.4937,13.4347,1],"rest":[1,0,0,0,0,1,0,0,0,0,1,0,2.1484,7.4937,13.4347,1],"parentBoneIndex":6,"length":14.8424
,"animation":{"dataType":3,"framePerSecond":24,"keys":[
{"frame":1,"values":[1,0,0,0,0,1,0,0,0,0,1,0,2.1484,7.4937,13.4347,1]},
{"frame":29,"values":[1,0,0,0,0,1,0,0,0,0,1,0,2.1484,7.4937,13.4347,1]}],"loopBehavior":1,"name":"anim","property":"_matrix"}},
{"name":"L_LowerCheek","index":22,"matrix":[1,0,0,0,0,1,0,0,0,0,1,0,4.3527,2.5675,9.9423,1],"rest":[1,0,0,0,0,1,0,0,0,0,1,0,4.3527,2.5675,9.9423,1],"parentBoneIndex":6,"length":14.8424
,"animation":{"dataType":3,"framePerSecond":24,"keys":[
{"frame":1,"values":[1,0,0,0,0,1,0,0,0,0,1,0,4.3527,2.5675,9.9423,1]},
{"frame":29,"values":[1,0,0,0,0,1,0,0,0,0,1,0,4.3527,2.5675,9.9423,1]}],"loopBehavior":1,"name":"anim","property":"_matrix"}},
{"name":"L_LipCorner","index":23,"matrix":[1,0,0,0,0,1,0,0,0,0,1,0,2.9076,2.9095,12.5938,1],"rest":[1,0,0,0,0,1,0,0,0,0,1,0,2.9076,2.9095,12.5938,1],"parentBoneIndex":6,"length":0.9548
,"animation":{"dataType":3,"framePerSecond":24,"keys":[
{"frame":1,"values":[1,0,0,0,0,1,0,0,0,0,1,0,2.9076,2.9095,12.5938,1]},
{"frame":29,"values":[1,0,0,0,0,1,0,0,0,0,1,0,2.9076,2.9095,12.5938,1]}],"loopBehavior":1,"name":"anim","property":"_matrix"}},
{"name":"L_LipCornerLowTweak","index":24,"matrix":[1,0,0,0,0,1,0,0,0,0,1,0,-0.8072,-0.3254,0.4547,1],"rest":[1,0,0,0,0,1,0,0,0,0,1,0,-0.8072,-0.3254,0.4547,1],"parentBoneIndex":23,"length":0.9548
,"animation":{"dataType":3,"framePerSecond":24,"keys":[
{"frame":1,"values":[1,0,0,0,0,1,0,0,0,0,1,0,-0.8072,-0.3254,0.4547,1]},
{"frame":29,"values":[1,0,0,0,0,1,0,0,0,0,1,0,-0.8072,-0.3254,0.4547,1]}],"loopBehavior":1,"name":"anim","property":"_matrix"}},
{"name":"L_LipCornerUpTweak","index":25,"matrix":[1,0,0,0,0,1,0,0,0,0,1,0,-0.7251,0.0237,0.5782,1],"rest":[1,0,0,0,0,1,0,0,0,0,1,0,-0.7251,0.0237,0.5782,1],"parentBoneIndex":23,"length":0.9548
,"animation":{"dataType":3,"framePerSecond":24,"keys":[
{"frame":1,"values":[1,0,0,0,0,1,0,0,0,0,1,0,-0.7251,0.0237,0.5782,1]},
{"frame":29,"values":[1,0,0,0,0,1,0,0,0,0,1,0,-0.7251,0.0237,0.5782,1]}],"loopBehavior":1,"name":"anim","property":"_matrix"}},
{"name":"L_LipLower","index":26,"matrix":[1,0,0,0,0,1,0,0,0,0,1,0,1.2586,2.3762,13.5915,1],"rest":[1,0,0,0,0,1,0,0,0,0,1,0,1.2586,2.3762,13.5915,1],"parentBoneIndex":6,"length":14.8424
,"animation":{"dataType":3,"framePerSecond":24,"keys":[
{"frame":1,"values":[1,0,0,0,0,1,0,0,0,0,1,0,1.2586,2.3762,13.5915,1]},
{"frame":29,"values":[1,0,0,0,0,1,0,0,0,0,1,0,1.2586,2.3762,13.5915,1]}],"loopBehavior":1,"name":"anim","property":"_matrix"}},
{"name":"L_LipUpper","index":27,"matrix":[1,0,0,0,0,1,0,0,0,0,1,0,1.2981,3.1535,13.8987,1],"rest":[1,0,0,0,0,1,0,0,0,0,1,0,1.2981,3.1535,13.8987,1],"parentBoneIndex":6,"length":14.8424
,"animation":{"dataType":3,"framePerSecond":24,"keys":[
{"frame":1,"values":[1,0,0,0,0,1,0,0,0,0,1,0,1.2981,3.1535,13.8987,1]},
{"frame":29,"values":[1,0,0,0,0,1,0,0,0,0,1,0,1.2981,3.1535,13.8987,1]}],"loopBehavior":1,"name":"anim","property":"_matrix"}},
{"name":"LipMidLower","index":28,"matrix":[1,0,0,0,0,1,0,0,0,0,1,0,0,2.4182,14.0113,1],"rest":[1,0,0,0,0,1,0,0,0,0,1,0,0,2.4182,14.0113,1],"parentBoneIndex":6,"length":14.8424
,"animation":{"dataType":3,"framePerSecond":24,"keys":[
{"frame":1,"values":[1,0,0,0,0,1,0,0,0,0,1,0,0,2.4182,14.0113,1]},
{"frame":29,"values":[1,0,0,0,0,1,0,0,0,0,1,0,0,2.4182,14.0113,1]}],"loopBehavior":1,"name":"anim","property":"_matrix"}},
{"name":"LipMidUpper","index":29,"matrix":[1,0,0,0,0,1,0,0,0,0,1,0,0,3.2177,14.3127,1],"rest":[1,0,0,0,0,1,0,0,0,0,1,0,0,3.2177,14.3127,1],"parentBoneIndex":6,"length":14.8424
,"animation":{"dataType":3,"framePerSecond":24,"keys":[
{"frame":1,"values":[1,0,0,0,0,1,0,0,0,0,1,0,0,3.2177,14.3127,1]},
{"frame":29,"values":[1,0,0,0,0,1,0,0,0,0,1,0,0,3.2177,14.3127,1]}],"loopBehavior":1,"name":"anim","property":"_matrix"}},
{"name":"L_CheekFold","index":30,"matrix":[1,0,0,0,0,1,0,0,0,0,1,0,2.8997,4.8397,12.9905,1],"rest":[1,0,0,0,0,1,0,0,0,0,1,0,2.8997,4.8397,12.9905,1],"parentBoneIndex":6,"length":14.8424
,"animation":{"dataType":3,"framePerSecond":24,"keys":[
{"frame":1,"values":[1,0,0,0,0,1,0,0,0,0,1,0,2.8997,4.8397,12.9905,1]},
{"frame":29,"values":[1,0,0,0,0,1,0,0,0,0,1,0,2.8997,4.8397,12.9905,1]}],"loopBehavior":1,"name":"anim","property":"_matrix"}},
{"name":"L_Nostril","index":31,"matrix":[1,0,0,0,0,1,0,0,0,0,1,0,1.2793,5.2449,14.0405,1],"rest":[1,0,0,0,0,1,0,0,0,0,1,0,1.2793,5.2449,14.0405,1],"parentBoneIndex":6,"length":14.8424
,"animation":{"dataType":3,"framePerSecond":24,"keys":[
{"frame":1,"values":[1,0,0,0,0,1,0,0,0,0,1,0,1.2793,5.2449,14.0405,1]},
{"frame":29,"values":[1,0,0,0,0,1,0,0,0,0,1,0,1.2793,5.2449,14.0405,1]}],"loopBehavior":1,"name":"anim","property":"_matrix"}},
{"name":"Scalp","index":32,"matrix":[1,0,0,0,0,1,0,0,0,0,1,0,0.0038,15.512,8.5871,1],"rest":[1,0,0,0,0,1,0,0,0,0,1,0,0.0038,15.512,8.5871,1],"parentBoneIndex":6,"length":14.8424
,"animation":{"dataType":3,"framePerSecond":24,"keys":[
{"frame":1,"values":[1,0,0,0,0,1,0,0,0,0,1,0,0.0038,15.512,8.5871,1]},
{"frame":29,"values":[1,0,0,0,0,1,0,0,0,0,1,0,0.0038,15.512,8.5871,1]}],"loopBehavior":1,"name":"anim","property":"_matrix"}},
{"name":"L_OuterCheek","index":33,"matrix":[1,0,0,0,0,1,0,0,0,0,1,0,4.805,7.1686,11.679,1],"rest":[1,0,0,0,0,1,0,0,0,0,1,0,4.805,7.1686,11.679,1],"parentBoneIndex":6,"length":14.8424
,"animation":{"dataType":3,"framePerSecond":24,"keys":[
{"frame":1,"values":[1,0,0,0,0,1,0,0,0,0,1,0,4.805,7.1686,11.679,1]},
{"frame":29,"values":[1,0,0,0,0,1,0,0,0,0,1,0,4.805,7.1686,11.679,1]}],"loopBehavior":1,"name":"anim","property":"_matrix"}},
{"name":"R_LipLower","index":34,"matrix":[1,0,0,0,0,1,0,0,0,0,1,0,-1.2586,2.3762,13.5915,1],"rest":[1,0,0,0,0,1,0,0,0,0,1,0,-1.2586,2.3762,13.5915,1],"parentBoneIndex":6,"length":14.8424
,"animation":{"dataType":3,"framePerSecond":24,"keys":[
{"frame":1,"values":[1,0,0,0,0,1,0,0,0,0,1,0,-1.2586,2.3762,13.5915,1]},
{"frame":29,"values":[1,0,0,0,0,1,0,0,0,0,1,0,-1.2586,2.3762,13.5915,1]}],"loopBehavior":1,"name":"anim","property":"_matrix"}},
{"name":"RightNostril","index":35,"matrix":[1,0,0,0,0,1,0,0,0,0,1,0,-1.2793,5.2449,14.0405,1],"rest":[1,0,0,0,0,1,0,0,0,0,1,0,-1.2793,5.2449,14.0405,1],"parentBoneIndex":6,"length":14.8424
,"animation":{"dataType":3,"framePerSecond":24,"keys":[
{"frame":1,"values":[1,0,0,0,0,1,0,0,0,0,1,0,-1.2793,5.2449,14.0405,1]},
{"frame":29,"values":[1,0,0,0,0,1,0,0,0,0,1,0,-1.2793,5.2449,14.0405,1]}],"loopBehavior":1,"name":"anim","property":"_matrix"}},
{"name":"R_CheekFold","index":36,"matrix":[1,0,0,0,0,1,0,0,0,0,1,0,-2.8997,4.8397,12.9905,1],"rest":[1,0,0,0,0,1,0,0,0,0,1,0,-2.8997,4.8397,12.9905,1],"parentBoneIndex":6,"length":14.8424
,"animation":{"dataType":3,"framePerSecond":24,"keys":[
{"frame":1,"values":[1,0,0,0,0,1,0,0,0,0,1,0,-2.8997,4.8397,12.9905,1]},
{"frame":29,"values":[1,0,0,0,0,1,0,0,0,0,1,0,-2.8997,4.8397,12.9905,1]}],"loopBehavior":1,"name":"anim","property":"_matrix"}},
{"name":"R_LowerCheek","index":37,"matrix":[1,0,0,0,0,1,0,0,0,0,1,0,-4.3527,2.5675,9.9423,1],"rest":[1,0,0,0,0,1,0,0,0,0,1,0,-4.3527,2.5675,9.9423,1],"parentBoneIndex":6,"length":14.8424
,"animation":{"dataType":3,"framePerSecond":24,"keys":[
{"frame":1,"values":[1,0,0,0,0,1,0,0,0,0,1,0,-4.3527,2.5675,9.9423,1]},
{"frame":29,"values":[1,0,0,0,0,1,0,0,0,0,1,0,-4.3527,2.5675,9.9423,1]}],"loopBehavior":1,"name":"anim","property":"_matrix"}},
{"name":"R_gLipCorner","index":38,"matrix":[1,0,0,0,0,1,0,0,0,0,1,0,-2.9076,2.9095,12.5938,1],"rest":[1,0,0,0,0,1,0,0,0,0,1,0,-2.9076,2.9095,12.5938,1],"parentBoneIndex":6,"length":0.9548
,"animation":{"dataType":3,"framePerSecond":24,"keys":[
{"frame":1,"values":[1,0,0,0,0,1,0,0,0,0,1,0,-2.9076,2.9095,12.5938,1]},
{"frame":29,"values":[1,0,0,0,0,1,0,0,0,0,1,0,-2.9076,2.9095,12.5938,1]}],"loopBehavior":1,"name":"anim","property":"_matrix"}},
{"name":"R_gLipCornerLowTweak","index":39,"matrix":[1,0,0,0,0,1,0,0,0,0,1,0,0.8072,-0.3254,0.4547,1],"rest":[1,0,0,0,0,1,0,0,0,0,1,0,0.8072,-0.3254,0.4547,1],"parentBoneIndex":38,"length":0.9548
,"animation":{"dataType":3,"framePerSecond":24,"keys":[
{"frame":1,"values":[1,0,0,0,0,1,0,0,0,0,1,0,0.8072,-0.3254,0.4547,1]},
{"frame":29,"values":[1,0,0,0,0,1,0,0,0,0,1,0,0.8072,-0.3254,0.4547,1]}],"loopBehavior":1,"name":"anim","property":"_matrix"}},
{"name":"R_gLipCornerUpTweak","index":40,"matrix":[1,0,0,0,0,1,0,0,0,0,1,0,0.7251,0.0237,0.5782,1],"rest":[1,0,0,0,0,1,0,0,0,0,1,0,0.7251,0.0237,0.5782,1],"parentBoneIndex":38,"length":0.9548
,"animation":{"dataType":3,"framePerSecond":24,"keys":[
{"frame":1,"values":[1,0,0,0,0,1,0,0,0,0,1,0,0.7251,0.0237,0.5782,1]},
{"frame":29,"values":[1,0,0,0,0,1,0,0,0,0,1,0,0.7251,0.0237,0.5782,1]}],"loopBehavior":1,"name":"anim","property":"_matrix"}},
{"name":"R_LipUpper","index":41,"matrix":[1,0,0,0,0,1,0,0,0,0,1,0,-1.2981,3.1535,13.8987,1],"rest":[1,0,0,0,0,1,0,0,0,0,1,0,-1.2981,3.1535,13.8987,1],"parentBoneIndex":6,"length":14.8424
,"animation":{"dataType":3,"framePerSecond":24,"keys":[
{"frame":1,"values":[1,0,0,0,0,1,0,0,0,0,1,0,-1.2981,3.1535,13.8987,1]},
{"frame":29,"values":[1,0,0,0,0,1,0,0,0,0,1,0,-1.2981,3.1535,13.8987,1]}],"loopBehavior":1,"name":"anim","property":"_matrix"}},
{"name":"R_OuterCheek","index":42,"matrix":[1,0,0,0,0,1,0,0,0,0,1,0,-4.805,7.1686,11.679,1],"rest":[1,0,0,0,0,1,0,0,0,0,1,0,-4.805,7.1686,11.679,1],"parentBoneIndex":6,"length":14.8424
,"animation":{"dataType":3,"framePerSecond":24,"keys":[
{"frame":1,"values":[1,0,0,0,0,1,0,0,0,0,1,0,-4.805,7.1686,11.679,1]},
{"frame":29,"values":[1,0,0,0,0,1,0,0,0,0,1,0,-4.805,7.1686,11.679,1]}],"loopBehavior":1,"name":"anim","property":"_matrix"}},
{"name":"MidBrows","index":43,"matrix":[1,0,0,0,0,1,0,0,0,0,1,0,0,10.8004,14.2738,1],"rest":[1,0,0,0,0,1,0,0,0,0,1,0,0,10.8004,14.2738,1],"parentBoneIndex":6,"length":14.8424
,"animation":{"dataType":3,"framePerSecond":24,"keys":[
{"frame":1,"values":[1,0,0,0,0,1,0,0,0,0,1,0,0,10.8004,14.2738,1]},
{"frame":29,"values":[1,0,0,0,0,1,0,0,0,0,1,0,0,10.8004,14.2738,1]}],"loopBehavior":1,"name":"anim","property":"_matrix"}},
{"name":"R_InnerBrow","index":44,"matrix":[1,0,0,0,0,1,0,0,0,0,1,0,-1.6599,10.7576,14.115,1],"rest":[1,0,0,0,0,1,0,0,0,0,1,0,-1.6599,10.7576,14.115,1],"parentBoneIndex":6,"length":14.8424
,"animation":{"dataType":3,"framePerSecond":24,"keys":[
{"frame":1,"values":[1,0,0,0,0,1,0,0,0,0,1,0,-1.6599,10.7576,14.115,1]},
{"frame":29,"values":[1,0,0,0,0,1,0,0,0,0,1,0,-1.6599,10.7576,14.115,1]}],"loopBehavior":1,"name":"anim","property":"_matrix"}},
{"name":"R_MidBrow","index":45,"matrix":[1,0,0,0,0,1,0,0,0,0,1,0,-3.3668,11.4156,13.6166,1],"rest":[1,0,0,0,0,1,0,0,0,0,1,0,-3.3668,11.4156,13.6166,1],"parentBoneIndex":6,"length":14.8424
,"animation":{"dataType":3,"framePerSecond":24,"keys":[
