{"producer":{"name":"Blender","version":"2.90.0","exporter_version":"2.80.1","file":"option_clap.babylon"},
"autoClear":true,"clearColor":[0.0509,0.0509,0.0509],"gravity":[0,-9.81,0],
"materials":[{"name":"Material","id":"Material","customType":"BABYLON.PBRMaterial","backFaceCulling":true,"checkReadyOnlyOnce":false,"maxSimultaneousLights":4,"environmentIntensity":1,"albedo":[0.8,0.8,0.8],"reflectivity":[0.5,0.5,0.5],"roughness":0.4,"alpha":1,"transparencyMode":0,"alphaCutOff":0.4,"metallic":0}],
"multiMaterials":[],
"skeletons":[{"name":"Armature","id":0,"dimensionsAtRest":[188.1767,188.0947,21.7491],"bones":[
{"name":"Hips","index":0,"matrix":[0.9991,0.0068,-0.0409,0,-0.005,0.999,0.0441,0,-0.0411,0.0439,-0.9982,0,-0.0341,93.6209,-0.1645,1],"rest":[1,0,0,0,0,1,0,0,0,0,-1,0,0,96.3764,0,1],"parentBoneIndex":-1,"length":9.9032
,"animation":{"dataType":3,"framePerSecond":24,"keys":[
{"frame":1,"values":[0.9991,0.0068,-0.0409,0,-0.005,0.999,0.0441,0,-0.0411,0.0439,-0.9982,0,-0.0341,93.6209,-0.1645,1]},
{"frame":2,"values":[0.9992,0.0081,-0.0381,0,-0.0064,0.999,0.0439,0,-0.0384,0.0436,-0.9983,0,0.0263,93.621,-0.1369,1]},
{"frame":3,"values":[0.9993,0.0086,-0.037,0,-0.007,0.999,0.0432,0,-0.0374,0.0429,-0.9984,0,0.0519,93.6321,-0.0877,1]},
{"frame":4,"values":[0.9992,0.0084,-0.0391,0,-0.0067,0.9991,0.0421,0,-0.0394,0.0418,-0.9983,0,0.0587,93.6402,-0.0331,1]},
{"frame":5,"values":[0.999,0.0077,-0.0439,0,-0.0059,0.9992,0.0407,0,-0.0441,0.0404,-0.9982,0,0.0508,93.6337,-0.0239,1]},
{"frame":6,"values":[0.9988,0.0072,-0.0487,0,-0.0053,0.9992,0.0388,0,-0.0489,0.0385,-0.9981,0,0.0303,93.6153,-0.0967,1]},
{"frame":7,"values":[0.9987,0.0071,-0.0508,0,-0.0052,0.9993,0.0365,0,-0.051,0.0362,-0.998,0,0.029,93.5984,-0.2029,1]},
{"frame":8,"values":[0.9988,0.0077,-0.049,0,-0.0059,0.9993,0.0375,0,-0.0493,0.0372,-0.9981,0,0.0596,93.6011,-0.2504,1]},
{"frame":9,"values":[0.999,0.009,-0.0436,0,-0.0072,0.9991,0.0422,0,-0.0439,0.0418,-0.9982,0,0.0894,93.6201,-0.2438,1]},
{"frame":10,"values":[0.9993,0.0103,-0.0369,0,-0.0086,0.9989,0.0459,0,-0.0374,0.0456,-0.9983,0,0.0975,93.6398,-0.2413,1]},
{"frame":11,"values":[0.9994,0.0105,-0.0334,0,-0.0089,0.9989,0.0463,0,-0.0338,0.0459,-0.9984,0,0.0917,93.6475,-0.2512,1]},
{"frame":12,"values":[0.9993,0.0097,-0.0348,0,-0.0081,0.9989,0.0454,0,-0.0352,0.0451,-0.9984,0,0.0739,93.6355,-0.2699,1]},
{"frame":13,"values":[0.9992,0.0088,-0.0395,0,-0.007,0.999,0.044,0,-0.0398,0.0437,-0.9983,0,0.0361,93.6142,-0.324,1]},
{"frame":14,"values":[0.999,0.0079,-0.0439,0,-0.006,0.9991,0.0421,0,-0.0442,0.0418,-0.9981,0,-0.0139,93.5982,-0.3767,1]},
{"frame":15,"values":[0.9989,0.0066,-0.046,0,-0.0048,0.9992,0.0388,0,-0.0462,0.0386,-0.9982,0,-0.0422,93.5937,-0.3409,1]},
{"frame":16,"values":[0.999,0.0057,-0.0439,0,-0.0041,0.9993,0.0366,0,-0.0441,0.0364,-0.9984,0,-0.0422,93.5973,-0.2341,1]},
{"frame":17,"values":[0.9992,0.0061,-0.0384,0,-0.0047,0.9993,0.0373,0,-0.0386,0.0371,-0.9986,0,-0.0385,93.6078,-0.168,1]},
{"frame":18,"values":[0.9994,0.0069,-0.034,0,-0.0056,0.9992,0.0384,0,-0.0343,0.0382,-0.9987,0,-0.0404,93.6256,-0.1676,1]},
{"frame":19,"values":[0.9994,0.0074,-0.0331,0,-0.0061,0.9992,0.0385,0,-0.0334,0.0383,-0.9987,0,-0.043,93.6371,-0.1847,1]},
{"frame":20,"values":[0.9994,0.0074,-0.0345,0,-0.0061,0.9992,0.0383,0,-0.0347,0.0381,-0.9987,0,-0.0431,93.6308,-0.1965,1]},
{"frame":21,"values":[0.9993,0.0073,-0.0369,0,-0.0059,0.9993,0.038,0,-0.0371,0.0378,-0.9986,0,-0.0425,93.6142,-0.2145,1]},
{"frame":22,"values":[0.9992,0.0072,-0.0395,0,-0.0057,0.9993,0.0376,0,-0.0397,0.0374,-0.9985,0,-0.0423,93.6008,-0.2402,1]},
{"frame":23,"values":[0.9991,0.0071,-0.0415,0,-0.0055,0.9993,0.0378,0,-0.0417,0.0375,-0.9984,0,-0.0405,93.5963,-0.2598,1]},
{"frame":24,"values":[0.9991,0.007,-0.0424,0,-0.0054,0.9992,0.0386,0,-0.0426,0.0384,-0.9984,0,-0.0389,93.6015,-0.2628,1]},
{"frame":25,"values":[0.9991,0.0069,-0.0424,0,-0.0052,0.9992,0.0399,0,-0.0427,0.0397,-0.9983,0,-0.0387,93.6149,-0.2492,1]},
{"frame":26,"values":[0.9991,0.0069,-0.0421,0,-0.0051,0.9991,0.0413,0,-0.0423,0.0411,-0.9983,0,-0.0395,93.6271,-0.2253,1]},
{"frame":27,"values":[0.9991,0.0068,-0.0416,0,-0.005,0.9991,0.0427,0,-0.0418,0.0425,-0.9982,0,-0.0394,93.6292,-0.1986,1]},
{"frame":28,"values":[0.9991,0.0068,-0.0411,0,-0.005,0.999,0.0437,0,-0.0414,0.0435,-0.9982,0,-0.0362,93.6242,-0.1758,1]},
{"frame":29,"values":[0.9991,0.0068,-0.0409,0,-0.005,0.999,0.0441,0,-0.0411,0.0439,-0.9982,0,-0.0341,93.6209,-0.1645,1]}],"loopBehavior":1,"name":"anim","property":"_matrix"}},
{"name":"Spine","index":1,"matrix":[0.9995,-0.0315,0.0028,0,0.0315,0.9995,-0.0026,0,-0.0027,0.0027,1,0,0,9.2263,1.5771,1],"rest":[1,0,0,0,0,1,0,0,0,0,1,0,0,9.2263,1.5771,1],"parentBoneIndex":0,"length":16.2548
,"animation":{"dataType":3,"framePerSecond":24,"keys":[
{"frame":1,"values":[0.9995,-0.0315,0.0028,0,0.0315,0.9995,-0.0026,0,-0.0027,0.0027,1,0,0,9.2263,1.5771,1]},
{"frame":2,"values":[0.9994,-0.0343,0.0035,0,0.0343,0.9994,-0.0042,0,-0.0034,0.0043,1,0,0,9.2263,1.5771,1]},
{"frame":3,"values":[0.9993,-0.0365,0.0043,0,0.0366,0.9993,-0.006,0,-0.0041,0.0062,1,0,0,9.2263,1.5771,1]},
{"frame":4,"values":[0.9993,-0.0371,0.0044,0,0.0371,0.9993,-0.0074,0,-0.0042,0.0076,1,0,0,9.2263,1.5771,1]},
{"frame":5,"values":[0.9994,-0.0355,0.004,0,0.0355,0.9993,-0.0077,0,-0.0037,0.0078,1,0,0,9.2263,1.5771,1]},
{"frame":6,"values":[0.9995,-0.0329,0.0031,0,0.033,0.9994,-0.0067,0,-0.0029,0.0068,1,0,0,9.2263,1.5771,1]},
{"frame":7,"values":[0.9995,-0.032,0.002,0,0.032,0.9995,-0.0055,0,-0.0018,0.0055,1,0,0,9.2263,1.5771,1]},
{"frame":8,"values":[0.9994,-0.0339,0.0011,0,0.0339,0.9994,-0.0049,0,-0.0009,0.005,1,0,0,9.2263,1.5771,1]},
{"frame":9,"values":[0.9993,-0.0368,0.0008,0,0.0368,0.9993,-0.0052,0,-0.0006,0.0052,1,0,0,9.2263,1.5771,1]},
{"frame":10,"values":[0.9992,-0.0388,0.0015,0,0.0388,0.9992,-0.0067,0,-0.0013,0.0068,1,0,0,9.2263,1.5771,1]},
{"frame":11,"values":[0.9992,-0.0394,0.0028,0,0.0394,0.9992,-0.0088,0,-0.0024,0.0089,1,0,0,9.2263,1.5771,1]},
{"frame":12,"values":[0.9993,-0.0382,0.0035,0,0.0382,0.9992,-0.0094,0,-0.0031,0.0095,1,0,0,9.2263,1.5771,1]},
{"frame":13,"values":[0.9994,-0.0354,0.0028,0,0.0355,0.9993,-0.0082,0,-0.0025,0.0083,1,0,0,9.2263,1.5771,1]},
{"frame":14,"values":[0.9994,-0.0332,0.0011,0,0.0332,0.9994,-0.0074,0,-0.0009,0.0074,1,0,0,9.2263,1.5771,1]},
{"frame":15,"values":[0.9995,-0.0329,0.0004,0,0.0329,0.9994,-0.0084,0,-0.0001,0.0084,1,0,0,9.2263,1.5771,1]},
{"frame":16,"values":[0.9994,-0.0338,0.0015,0,0.0338,0.9994,-0.01,0,-0.0011,0.0101,0.9999,0,0,9.2263,1.5771,1]},
{"frame":17,"values":[0.9994,-0.0347,0.0034,0,0.0348,0.9993,-0.011,0,-0.003,0.0111,0.9999,0,0,9.2263,1.5771,1]},
{"frame":18,"values":[0.9993,-0.036,0.0046,0,0.0361,0.9993,-0.0121,0,-0.0041,0.0123,0.9999,0,0,9.2263,1.5771,1]},
{"frame":19,"values":[0.9993,-0.0372,0.0046,0,0.0372,0.9992,-0.0129,0,-0.0041,0.0131,0.9999,0,0,9.2263,1.5771,1]},
{"frame":20,"values":[0.9993,-0.0364,0.0043,0,0.0365,0.9993,-0.012,0,-0.0038,0.0122,0.9999,0,0,9.2263,1.5771,1]},
{"frame":21,"values":[0.9994,-0.0335,0.0038,0,0.0335,0.9994,-0.0101,0,-0.0035,0.0102,0.9999,0,0,9.2263,1.5771,1]},
{"frame":22,"values":[0.9995,-0.031,0.0034,0,0.031,0.9995,-0.0085,0,-0.0031,0.0086,1,0,0,9.2263,1.5771,1]},
{"frame":23,"values":[0.9995,-0.0312,0.003,0,0.0312,0.9995,-0.0073,0,-0.0027,0.0074,1,0,0,9.2263,1.5771,1]},
{"frame":24,"values":[0.9994,-0.0338,0.0027,0,0.0338,0.9994,-0.0065,0,-0.0025,0.0066,1,0,0,9.2263,1.5771,1]},
{"frame":25,"values":[0.9993,-0.0363,0.0034,0,0.0363,0.9993,-0.0072,0,-0.0032,0.0074,1,0,0,9.2263,1.5771,1]},
{"frame":26,"values":[0.9993,-0.0367,0.0047,0,0.0367,0.9993,-0.0086,0,-0.0044,0.0088,1,0,0,9.2263,1.5771,1]},
{"frame":27,"values":[0.9994,-0.0354,0.005,0,0.0354,0.9993,-0.0079,0,-0.0047,0.008,1,0,0,9.2263,1.5771,1]},
{"frame":28,"values":[0.9994,-0.0332,0.0039,0,0.0332,0.9994,-0.005,0,-0.0037,0.0051,1,0,0,9.2263,1.5771,1]},
{"frame":29,"values":[0.9995,-0.0315,0.0028,0,0.0315,0.9995,-0.0026,0,-0.0027,0.0027,1,0,0,9.2263,1.5771,1]}],"loopBehavior":1,"name":"anim","property":"_matrix"}},
{"name":"Spine1","index":2,"matrix":[0.9998,-0.0084,0.0186,0,0.008,0.9997,0.0212,0,-0.0188,-0.0211,0.9996,0,0,16.254,-0.1656,1],"rest":[1,0,0,0,0,1,0,0,0,0,1,0,0,16.254,-0.1656,1],"parentBoneIndex":1,"length":13.7007
,"animation":{"dataType":3,"framePerSecond":24,"keys":[
{"frame":1,"values":[0.9998,-0.0084,0.0186,0,0.008,0.9997,0.0212,0,-0.0188,-0.0211,0.9996,0,0,16.254,-0.1656,1]},
{"frame":2,"values":[0.9997,-0.0136,0.0206,0,0.0132,0.9997,0.0201,0,-0.0209,-0.0198,0.9996,0,0,16.254,-0.1656,1]},
{"frame":3,"values":[0.9996,-0.0169,0.0227,0,0.0165,0.9997,0.0179,0,-0.023,-0.0175,0.9996,0,0,16.254,-0.1656,1]},
{"frame":4,"values":[0.9996,-0.017,0.0234,0,0.0166,0.9997,0.0159,0,-0.0237,-0.0155,0.9996,0,0,16.254,-0.1656,1]},
{"frame":5,"values":[0.9996,-0.0147,0.0225,0,0.0143,0.9998,0.0148,0,-0.0227,-0.0145,0.9996,0,0,16.254,-0.1656,1]},
{"frame":6,"values":[0.9997,-0.012,0.0199,0,0.0118,0.9998,0.0145,0,-0.02,-0.0143,0.9997,0,0,16.254,-0.1656,1]},
{"frame":7,"values":[0.9998,-0.0118,0.0167,0,0.0115,0.9998,0.0146,0,-0.0168,-0.0144,0.9998,0,0,16.254,-0.1656,1]},
{"frame":8,"values":[0.9998,-0.0143,0.0148,0,0.014,0.9998,0.0157,0,-0.015,-0.0155,0.9998,0,0,16.254,-0.1656,1]},
{"frame":9,"values":[0.9997,-0.018,0.0152,0,0.0177,0.9997,0.0174,0,-0.0155,-0.0171,0.9997,0,0,16.254,-0.1656,1]},
{"frame":10,"values":[0.9996,-0.0212,0.0175,0,0.0209,0.9996,0.0166,0,-0.0178,-0.0163,0.9997,0,0,16.254,-0.1656,1]},
{"frame":11,"values":[0.9995,-0.0228,0.0204,0,0.0225,0.9996,0.0141,0,-0.0207,-0.0136,0.9997,0,0,16.254,-0.1656,1]},
{"frame":12,"values":[0.9995,-0.0223,0.0217,0,0.0221,0.9997,0.013,0,-0.022,-0.0125,0.9997,0,0,16.254,-0.1656,1]},
{"frame":13,"values":[0.9996,-0.0205,0.0197,0,0.0202,0.9997,0.0136,0,-0.02,-0.0132,0.9997,0,0,16.254,-0.1656,1]},
{"frame":14,"values":[0.9997,-0.0185,0.0154,0,0.0183,0.9997,0.0131,0,-0.0157,-0.0128,0.9998,0,0,16.254,-0.1656,1]},
{"frame":15,"values":[0.9998,-0.0166,0.0133,0,0.0165,0.9998,0.0106,0,-0.0135,-0.0104,0.9999,0,0,16.254,-0.1656,1]},
{"frame":16,"values":[0.9998,-0.0153,0.0156,0,0.0152,0.9998,0.0088,0,-0.0157,-0.0085,0.9998,0,0,16.254,-0.1656,1]},
{"frame":17,"values":[0.9997,-0.0154,0.0199,0,0.0152,0.9998,0.0085,0,-0.02,-0.0082,0.9998,0,0,16.254,-0.1656,1]},
{"frame":18,"values":[0.9996,-0.0162,0.023,0,0.016,0.9998,0.0075,0,-0.0231,-0.0071,0.9997,0,0,16.254,-0.1656,1]},
{"frame":19,"values":[0.9996,-0.0169,0.0238,0,0.0168,0.9998,0.0064,0,-0.0239,-0.006,0.9997,0,0,16.254,-0.1656,1]},
{"frame":20,"values":[0.9996,-0.0163,0.0229,0,0.0161,0.9998,0.0071,0,-0.0231,-0.0068,0.9997,0,0,16.254,-0.1656,1]},
{"frame":21,"values":[0.9997,-0.0137,0.0211,0,0.0135,0.9999,0.0083,0,-0.0212,-0.008,0.9997,0,0,16.254,-0.1656,1]},
{"frame":22,"values":[0.9998,-0.01,0.0193,0,0.0098,0.9999,0.0091,0,-0.0194,-0.0089,0.9998,0,0,16.254,-0.1656,1]},
{"frame":23,"values":[0.9998,-0.0084,0.0186,0,0.0082,0.9999,0.0115,0,-0.0187,-0.0113,0.9998,0,0,16.254,-0.1656,1]},
{"frame":24,"values":[0.9998,-0.01,0.019,0,0.0097,0.9998,0.0146,0,-0.0192,-0.0144,0.9997,0,0,16.254,-0.1656,1]},
{"frame":25,"values":[0.9997,-0.0119,0.0213,0,0.0116,0.9998,0.0148,0,-0.0215,-0.0146,0.9997,0,0,16.254,-0.1656,1]},
{"frame":26,"values":[0.9996,-0.012,0.0244,0,0.0117,0.9998,0.0131,0,-0.0245,-0.0128,0.9996,0,0,16.254,-0.1656,1]},
{"frame":27,"values":[0.9996,-0.0109,0.0247,0,0.0105,0.9998,0.014,0,-0.0248,-0.0137,0.9996,0,0,16.254,-0.1656,1]},
{"frame":28,"values":[0.9997,-0.0094,0.0215,0,0.009,0.9998,0.018,0,-0.0217,-0.0178,0.9996,0,0,16.254,-0.1656,1]},
{"frame":29,"values":[0.9998,-0.0084,0.0186,0,0.008,0.9997,0.0212,0,-0.0188,-0.0211,0.9996,0,0,16.254,-0.1656,1]}],"loopBehavior":1,"name":"anim","property":"_matrix"}},
{"name":"Spine2","index":3,"matrix":[0.9998,-0.0074,0.0189,0,0.007,0.9997,0.0213,0,-0.0191,-0.0212,0.9996,0,0,13.6396,-1.2923,1],"rest":[1,0,0,0,0,1,0,0,0,0,1,0,0,13.6396,-1.2923,1],"parentBoneIndex":2,"length":13.1719
,"animation":{"dataType":3,"framePerSecond":24,"keys":[
{"frame":1,"values":[0.9998,-0.0074,0.0189,0,0.007,0.9997,0.0213,0,-0.0191,-0.0212,0.9996,0,0,13.6396,-1.2923,1]},
{"frame":2,"values":[0.9997,-0.0126,0.021,0,0.0122,0.9997,0.0203,0,-0.0212,-0.02,0.9996,0,0,13.6396,-1.2923,1]},
{"frame":3,"values":[0.9996,-0.0158,0.0232,0,0.0154,0.9997,0.0182,0,-0.0235,-0.0178,0.9996,0,0,13.6396,-1.2923,1]},
{"frame":4,"values":[0.9996,-0.016,0.0239,0,0.0156,0.9997,0.0161,0,-0.0241,-0.0158,0.9996,0,0,13.6396,-1.2923,1]},
{"frame":5,"values":[0.9996,-0.0137,0.0229,0,0.0133,0.9998,0.0151,0,-0.0231,-0.0148,0.9996,0,0,13.6396,-1.2923,1]},
{"frame":6,"values":[0.9997,-0.0112,0.0202,0,0.0109,0.9998,0.0147,0,-0.0204,-0.0145,0.9997,0,0,13.6396,-1.2923,1]},
{"frame":7,"values":[0.9998,-0.011,0.017,0,0.0108,0.9998,0.0148,0,-0.0171,-0.0146,0.9997,0,0,13.6396,-1.2923,1]},
{"frame":8,"values":[0.9998,-0.0136,0.0152,0,0.0133,0.9998,0.016,0,-0.0154,-0.0158,0.9998,0,0,13.6396,-1.2923,1]},
{"frame":9,"values":[0.9997,-0.0172,0.0156,0,0.0169,0.9997,0.0177,0,-0.0159,-0.0174,0.9997,0,0,13.6396,-1.2923,1]},
{"frame":10,"values":[0.9996,-0.0203,0.018,0,0.02,0.9997,0.017,0,-0.0183,-0.0167,0.9997,0,0,13.6396,-1.2923,1]},
{"frame":11,"values":[0.9995,-0.0219,0.0209,0,0.0216,0.9997,0.0145,0,-0.0212,-0.0141,0.9997,0,0,13.6396,-1.2923,1]},
{"frame":12,"values":[0.9995,-0.0214,0.0223,0,0.0211,0.9997,0.0135,0,-0.0225,-0.013,0.9997,0,0,13.6396,-1.2923,1]},
{"frame":13,"values":[0.9996,-0.0196,0.0202,0,0.0193,0.9997,0.0141,0,-0.0204,-0.0137,0.9997,0,0,13.6396,-1.2923,1]},
{"frame":14,"values":[0.9997,-0.0177,0.0158,0,0.0175,0.9998,0.0135,0,-0.0161,-0.0132,0.9998,0,0,13.6396,-1.2923,1]},
{"frame":15,"values":[0.9998,-0.016,0.0137,0,0.0159,0.9998,0.011,0,-0.0139,-0.0107,0.9998,0,0,13.6396,-1.2923,1]},
{"frame":16,"values":[0.9998,-0.0147,0.0159,0,0.0146,0.9999,0.0091,0,-0.0161,-0.0089,0.9998,0,0,13.6396,-1.2923,1]},
{"frame":17,"values":[0.9997,-0.0146,0.0203,0,0.0145,0.9999,0.0088,0,-0.0204,-0.0085,0.9998,0,0,13.6396,-1.2923,1]},
{"frame":18,"values":[0.9996,-0.0154,0.0234,0,0.0152,0.9999,0.0077,0,-0.0235,-0.0074,0.9997,0,0,13.6396,-1.2923,1]},
{"frame":19,"values":[0.9996,-0.0161,0.0242,0,0.0159,0.9999,0.0067,0,-0.0243,-0.0064,0.9997,0,0,13.6396,-1.2923,1]},
{"frame":20,"values":[0.9996,-0.0155,0.0233,0,0.0153,0.9999,0.0075,0,-0.0234,-0.0071,0.9997,0,0,13.6396,-1.2923,1]},
{"frame":21,"values":[0.9997,-0.013,0.0214,0,0.0128,0.9999,0.0085,0,-0.0215,-0.0082,0.9997,0,0,13.6396,-1.2923,1]},
{"frame":22,"values":[0.9998,-0.0094,0.0195,0,0.0092,0.9999,0.0093,0,-0.0196,-0.0091,0.9998,0,0,13.6396,-1.2923,1]},
{"frame":23,"values":[0.9998,-0.0077,0.0188,0,0.0074,0.9999,0.0116,0,-0.0189,-0.0115,0.9998,0,0,13.6396,-1.2923,1]},
{"frame":24,"values":[0.9998,-0.0092,0.0193,0,0.0089,0.9999,0.0148,0,-0.0194,-0.0146,0.9997,0,0,13.6396,-1.2923,1]},
{"frame":25,"values":[0.9997,-0.011,0.0217,0,0.0107,0.9998,0.015,0,-0.0218,-0.0148,0.9997,0,0,13.6396,-1.2923,1]},
{"frame":26,"values":[0.9996,-0.011,0.0247,0,0.0107,0.9999,0.0132,0,-0.0249,-0.013,0.9996,0,0,13.6396,-1.2923,1]},
{"frame":27,"values":[0.9996,-0.0099,0.025,0,0.0095,0.9999,0.0141,0,-0.0251,-0.0138,0.9996,0,0,13.6396,-1.2923,1]},
{"frame":28,"values":[0.9997,-0.0084,0.0219,0,0.008,0.9998,0.0181,0,-0.022,-0.0179,0.9996,0,0,13.6396,-1.2923,1]},
{"frame":29,"values":[0.9998,-0.0074,0.0189,0,0.007,0.9997,0.0213,0,-0.0191,-0.0212,0.9996,0,0,13.6396,-1.2923,1]}],"loopBehavior":1,"name":"anim","property":"_matrix"}},
{"name":"Neck","index":4,"matrix":[0.9997,0.0245,-0.0045,0,-0.0249,0.9808,-0.1936,0,-0.0003,0.1936,0.9811,0,0,13.8774,-4.3542,1],"rest":[1,0,0,0,0,1,0,0,0,0,1,0,0,13.8774,-4.3542,1],"parentBoneIndex":3,"length":4.4379
,"animation":{"dataType":3,"framePerSecond":24,"keys":[
{"frame":1,"values":[0.9997,0.0245,-0.0045,0,-0.0249,0.9808,-0.1936,0,-0.0003,0.1936,0.9811,0,0,13.8774,-4.3542,1]},
{"frame":2,"values":[0.9995,0.0315,-0.0025,0,-0.0314,0.9819,-0.187,0,-0.0034,0.1869,0.9824,0,0,13.8774,-4.3542,1]},
{"frame":3,"values":[0.9994,0.0339,-0.0009,0,-0.0335,0.9828,-0.1815,0,-0.0052,0.1814,0.9834,0,0,13.8774,-4.3542,1]},
{"frame":4,"values":[0.9995,0.0325,-0.0003,0,-0.032,0.9833,-0.1789,0,-0.0055,0.1788,0.9839,0,0,13.8774,-4.3542,1]},
{"frame":5,"values":[0.9995,0.03,-0.001,0,-0.0298,0.9834,-0.1788,0,-0.0043,0.1787,0.9839,0,0,13.8774,-4.3542,1]},
{"frame":6,"values":[0.9996,0.0276,-0.0023,0,-0.0276,0.9833,-0.1796,0,-0.0027,0.1796,0.9837,0,0,13.8774,-4.3542,1]},
{"frame":7,"values":[0.9996,0.0265,-0.0027,0,-0.0265,0.983,-0.1815,0,-0.0022,0.1815,0.9834,0,0,13.8774,-4.3542,1]},
{"frame":8,"values":[0.9996,0.0272,-0.0018,0,-0.0271,0.9826,-0.1839,0,-0.0032,0.1839,0.9829,0,0,13.8774,-4.3542,1]},
{"frame":9,"values":[0.9996,0.0294,-0.0004,0,-0.029,0.9828,-0.1823,0,-0.005,0.1822,0.9833,0,0,13.8774,-4.3542,1]},
{"frame":10,"values":[0.9995,0.0329,0.0004,0,-0.0323,0.984,-0.1752,0,-0.0061,0.1751,0.9845,0,0,13.8774,-4.3542,1]},
{"frame":11,"values":[0.9993,0.0366,0,0,-0.036,0.9849,-0.1694,0,-0.0062,0.1693,0.9855,0,0,13.8774,-4.3542,1]},
{"frame":12,"values":[0.9992,0.0388,-0.0008,0,-0.0384,0.985,-0.168,0,-0.0057,0.1679,0.9858,0,0,13.8774,-4.3542,1]},
{"frame":13,"values":[0.9993,0.0386,-0.0009,0,-0.0382,0.985,-0.1685,0,-0.0056,0.1684,0.9857,0,0,13.8774,-4.3542,1]},
{"frame":14,"values":[0.9993,0.0382,0,0,-0.0376,0.9848,-0.1698,0,-0.0065,0.1697,0.9855,0,0,13.8774,-4.3542,1]},
{"frame":15,"values":[0.9992,0.0389,0.0007,0,-0.0382,0.9841,-0.1734,0,-0.0075,0.1732,0.9849,0,0,13.8774,-4.3542,1]},
{"frame":16,"values":[0.9992,0.0392,0.0005,0,-0.0385,0.9838,-0.1752,0,-0.0074,0.175,0.9845,0,0,13.8774,-4.3542,1]},
{"frame":17,"values":[0.9993,0.0376,0.0001,0,-0.037,0.9846,-0.1711,0,-0.0066,0.171,0.9853,0,0,13.8774,-4.3542,1]},
{"frame":18,"values":[0.9993,0.0361,0.0004,0,-0.0355,0.9855,-0.1658,0,-0.0063,0.1656,0.9862,0,0,13.8774,-4.3542,1]},
{"frame":19,"values":[0.9993,0.0376,0.0007,0,-0.037,0.9856,-0.1648,0,-0.0069,0.1647,0.9863,0,0,13.8774,-4.3542,1]},
{"frame":20,"values":[0.9993,0.0384,0,0,-0.0379,0.9852,-0.1673,0,-0.0064,0.1672,0.9859,0,0,13.8774,-4.3542,1]},
{"frame":21,"values":[0.9994,0.034,-0.0017,0,-0.0338,0.985,-0.1692,0,-0.004,0.1692,0.9856,0,0,13.8774,-4.3542,1]},
{"frame":22,"values":[0.9996,0.0273,-0.0035,0,-0.0275,0.985,-0.1706,0,-0.0012,0.1706,0.9853,0,0,13.8774,-4.3542,1]},
{"frame":23,"values":[0.9997,0.0238,-0.0042,0,-0.0242,0.9847,-0.1728,0,0,0.1729,0.9849,0,0,13.8774,-4.3542,1]},
{"frame":24,"values":[0.9997,0.0242,-0.0038,0,-0.0245,0.9849,-0.1716,0,-0.0004,0.1716,0.9852,0,0,13.8774,-4.3542,1]},
{"frame":25,"values":[0.9997,0.0239,-0.0033,0,-0.0241,0.986,-0.1651,0,-0.0007,0.1651,0.9863,0,0,13.8774,-4.3542,1]},
{"frame":26,"values":[0.9998,0.0218,-0.0039,0,-0.0222,0.9867,-0.161,0,0.0003,0.161,0.987,0,0,13.8774,-4.3542,1]},
{"frame":27,"values":[0.9998,0.0213,-0.0046,0,-0.0217,0.9856,-0.1676,0,0.001,0.1676,0.9859,0,0,13.8774,-4.3542,1]},
{"frame":28,"values":[0.9997,0.023,-0.0047,0,-0.0234,0.983,-0.1823,0,0.0004,0.1824,0.9832,0,0,13.8774,-4.3542,1]},
{"frame":29,"values":[0.9997,0.0245,-0.0045,0,-0.0249,0.9808,-0.1936,0,-0.0003,0.1936,0.9811,0,0,13.8774,-4.3542,1]}],"loopBehavior":1,"name":"anim","property":"_matrix"}},
{"name":"Neck1","index":5,"matrix":[1,0,0,0,0,1,0,0,0,0,1,0,0,4.34,0.9269,1],"rest":[1,0,0,0,0,1,0,0,0,0,1,0,0,4.34,0.9269,1],"parentBoneIndex":4,"length":6.2291
,"animation":{"dataType":3,"framePerSecond":24,"keys":[
{"frame":1,"values":[1,0,0,0,0,1,0,0,0,0,1,0,0,4.34,0.9269,1]},
{"frame":29,"values":[1,0,0,0,0,1,0,0,0,0,1,0,0,4.34,0.9269,1]}],"loopBehavior":1,"name":"anim","property":"_matrix"}},
{"name":"Head","index":6,"matrix":[0.9964,0.0735,-0.0426,0,-0.0777,0.9915,-0.1047,0,0.0346,0.1077,0.9936,0,0,4.0266,0.8585,1],"rest":[1,0,0,0,0,1,0,0,0,0,1,0,0,4.0266,0.8585,1],"parentBoneIndex":5,"length":14.8424
,"animation":{"dataType":3,"framePerSecond":24,"keys":[
{"frame":1,"values":[0.9964,0.0735,-0.0426,0,-0.0777,0.9915,-0.1047,0,0.0346,0.1077,0.9936,0,0,4.0266,0.8585,1]},
{"frame":2,"values":[0.9965,0.0741,-0.0376,0,-0.0776,0.9917,-0.1022,0,0.0297,0.1048,0.994,0,0,4.0266,0.8585,1]},
{"frame":3,"values":[0.9967,0.0752,-0.0317,0,-0.0778,0.9925,-0.094,0,0.0244,0.0962,0.9951,0,0,4.0266,0.8585,1]},
{"frame":4,"values":[0.997,0.0718,-0.0276,0,-0.074,0.9933,-0.089,0,0.021,0.0908,0.9956,0,0,4.0266,0.8585,1]},
{"frame":5,"values":[0.9975,0.0638,-0.0292,0,-0.0662,0.9937,-0.0908,0,0.0232,0.0925,0.9954,0,0,4.0266,0.8585,1]},
{"frame":6,"values":[0.9978,0.0581,-0.0335,0,-0.0609,0.9939,-0.0922,0,0.0279,0.094,0.9952,0,0,4.0266,0.8585,1]},
{"frame":7,"values":[0.9976,0.0592,-0.0346,0,-0.0621,0.9941,-0.0884,0,0.0292,0.0903,0.9955,0,0,4.0266,0.8585,1]},
{"frame":8,"values":[0.9975,0.0643,-0.0307,0,-0.0668,0.9939,-0.0877,0,0.0249,0.0895,0.9957,0,0,4.0266,0.8585,1]},
{"frame":9,"values":[0.9974,0.0674,-0.0253,0,-0.0696,0.993,-0.0958,0,0.0187,0.0973,0.9951,0,0,4.0266,0.8585,1]},
{"frame":10,"values":[0.9976,0.0644,-0.0243,0,-0.0666,0.9926,-0.1015,0,0.0176,0.1029,0.9945,0,0,4.0266,0.8585,1]},
{"frame":11,"values":[0.9979,0.0573,-0.0292,0,-0.0599,0.9934,-0.0977,0,0.0234,0.0992,0.9948,0,0,4.0266,0.8585,1]},
{"frame":12,"values":[0.998,0.0527,-0.0351,0,-0.0558,0.9938,-0.0961,0,0.0298,0.0979,0.9948,0,0,4.0266,0.8585,1]},
{"frame":13,"values":[0.9979,0.0533,-0.0355,0,-0.0567,0.9931,-0.1031,0,0.0298,0.1049,0.994,0,0,4.0266,0.8585,1]},
{"frame":14,"values":[0.998,0.0555,-0.0304,0,-0.0585,0.9923,-0.1091,0,0.0241,0.1107,0.9936,0,0,4.0266,0.8585,1]},
{"frame":15,"values":[0.9981,0.0551,-0.0271,0,-0.0578,0.9921,-0.1114,0,0.0207,0.1127,0.9934,0,0,4.0266,0.8585,1]},
{"frame":16,"values":[0.998,0.056,-0.0284,0,-0.059,0.9916,-0.1153,0,0.0217,0.1167,0.9929,0,0,4.0266,0.8585,1]},
{"frame":17,"values":[0.9976,0.0622,-0.0293,0,-0.0652,0.9911,-0.1161,0,0.0218,0.1177,0.9928,0,0,4.0266,0.8585,1]},
{"frame":18,"values":[0.9974,0.0671,-0.0271,0,-0.0697,0.9915,-0.1097,0,0.0195,0.1113,0.9936,0,0,4.0266,0.8585,1]},
{"frame":19,"values":[0.9977,0.0623,-0.0267,0,-0.0647,0.9924,-0.1045,0,0.02,0.106,0.9942,0,0,4.0266,0.8585,1]},
{"frame":20,"values":[0.998,0.0547,-0.0309,0,-0.0576,0.9929,-0.1038,0,0.025,0.1053,0.9941,0,0,4.0266,0.8585,1]},
{"frame":21,"values":[0.9979,0.0541,-0.0358,0,-0.0574,0.9934,-0.0988,0,0.0302,0.1007,0.9945,0,0,4.0266,0.8585,1]},
{"frame":22,"values":[0.9977,0.056,-0.0391,0,-0.0593,0.9943,-0.0885,0,0.0339,0.0906,0.9953,0,0,4.0266,0.8585,1]},
{"frame":23,"values":[0.9975,0.058,-0.04,0,-0.0612,0.9946,-0.0843,0,0.0349,0.0865,0.9956,0,0,4.0266,0.8585,1]},
{"frame":24,"values":[0.9973,0.0635,-0.038,0,-0.0666,0.9939,-0.0876,0,0.0322,0.0899,0.9954,0,0,4.0266,0.8585,1]},
{"frame":25,"values":[0.997,0.0684,-0.0355,0,-0.0712,0.9938,-0.0857,0,0.0295,0.0879,0.9957,0,0,4.0266,0.8585,1]},
{"frame":26,"values":[0.997,0.0684,-0.0364,0,-0.0711,0.9944,-0.0783,0,0.0309,0.0807,0.9963,0,0,4.0266,0.8585,1]},
{"frame":27,"values":[0.9969,0.0678,-0.0399,0,-0.0709,0.9942,-0.0803,0,0.0342,0.0829,0.996,0,0,4.0266,0.8585,1]},
{"frame":28,"values":[0.9966,0.0704,-0.0422,0,-0.0741,0.9928,-0.0937,0,0.0353,0.0965,0.9947,0,0,4.0266,0.8585,1]},
{"frame":29,"values":[0.9964,0.0735,-0.0426,0,-0.0777,0.9915,-0.1047,0,0.0346,0.1077,0.9936,0,0,4.0266,0.8585,1]}],"loopBehavior":1,"name":"anim","property":"_matrix"}},
{"name":"L_Ear","index":7,"matrix":[1,0,0,0,0,1,0,0,0,0,1,0,6.8586,8.862,3.3161,1],"rest":[1,0,0,0,0,1,0,0,0,0,1,0,6.8586,8.862,3.3161,1],"parentBoneIndex":6,"length":14.8424
,"animation":{"dataType":3,"framePerSecond":24,"keys":[
{"frame":1,"values":[1,0,0,0,0,1,0,0,0,0,1,0,6.8586,8.862,3.3161,1]},
{"frame":29,"values":[1,0,0,0,0,1,0,0,0,0,1,0,6.8586,8.862,3.3161,1]}],"loopBehavior":1,"name":"anim","property":"_matrix"}},
{"name":"Jaw","index":8,"matrix":[1,0,0,0,0,1,0,0,0,0,1,0,0.0038,6.235,4.4131,1],"rest":[1,0,0,0,0,1,0,0,0,0,1,0,0.0038,6.235,4.4131,1],"parentBoneIndex":6,"length":8.9884
,"animation":{"dataType":3,"framePerSecond":24,"keys":[
{"frame":1,"values":[1,0,0,0,0,1,0,0,0,0,1,0,0.0038,6.235,4.4131,1]},
{"frame":29,"values":[1,0,0,0,0,1,0,0,0,0,1,0,0.0038,6.235,4.4131,1]}],"loopBehavior":1,"name":"anim","property":"_matrix"}},
{"name":"TongueBack","index":9,"matrix":[1,0,0,0,0,1,0,0,0,0,1,0,0,-3.3518,4.6468,1],"rest":[1,0,0,0,0,1,0,0,0,0,1,0,0,-3.3518,4.6468,1],"parentBoneIndex":8,"length":1.6664
,"animation":{"dataType":3,"framePerSecond":24,"keys":[
{"frame":1,"values":[1,0,0,0,0,1,0,0,0,0,1,0,0,-3.3518,4.6468,1]},
{"frame":29,"values":[1,0,0,0,0,1,0,0,0,0,1,0,0,-3.3518,4.6468,1]}],"loopBehavior":1,"name":"anim","property":"_matrix"}},
{"name":"TongueMid","index":10,"matrix":[1,0,0,0,0,1,0,0,0,0,1,0,0,0.0424,1.6659,1],"rest":[1,0,0,0,0,1,0,0,0,0,1,0,0,0.0424,1.6659,1],"parentBoneIndex":9,"length":1.3562
,"animation":{"dataType":3,"framePerSecond":24,"keys":[
{"frame":1,"values":[1,0,0,0,0,1,0,0,0,0,1,0,0,0.0424,1.6659,1]},
{"frame":29,"values":[1,0,0,0,0,1,0,0,0,0,1,0,0,0.0424,1.6659,1]}],"loopBehavior":1,"name":"anim","property":"_matrix"}},
{"name":"TongueTip","index":11,"matrix":[1,0,0,0,0,1,0,0,0,0,1,0,0,-0.4344,1.2847,1],"rest":[1,0,0,0,0,1,0,0,0,0,1,0,0,-0.4344,1.2847,1],"parentBoneIndex":10,"length":1.3562
,"animation":{"dataType":3,"framePerSecond":24,"keys":[
{"frame":1,"values":[1,0,0,0,0,1,0,0,0,0,1,0,0,-0.4344,1.2847,1]},
{"frame":29,"values":[1,0,0,0,0,1,0,0,0,0,1,0,0,-0.4344,1.2847,1]}],"loopBehavior":1,"name":"anim","property":"_matrix"}},
{"name":"Chin","index":12,"matrix":[1,0,0,0,0,1,0,0,0,0,1,0,-0.0038,-6.1605,9.1241,1],"rest":[1,0,0,0,0,1,0,0,0,0,1,0,-0.0038,-6.1605,9.1241,1],"parentBoneIndex":8,"length":8.9884
,"animation":{"dataType":3,"framePerSecond":24,"keys":[
{"frame":1,"values":[1,0,0,0,0,1,0,0,0,0,1,0,-0.0038,-6.1605,9.1241,1]},
{"frame":29,"values":[1,0,0,0,0,1,0,0,0,0,1,0,-0.0038,-6.1605,9.1241,1]}],"loopBehavior":1,"name":"anim","property":"_matrix"}},
{"name":"LowerChin","index":13,"matrix":[1,0,0,0,0,1,0,0,0,0,1,0,-0.0038,-8.2784,6.0042,1],"rest":[1,0,0,0,0,1,0,0,0,0,1,0,-0.0038,-8.2784,6.0042,1],"parentBoneIndex":8,"length":8.9884
,"animation":{"dataType":3,"framePerSecond":24,"keys":[
{"frame":1,"values":[1,0,0,0,0,1,0,0,0,0,1,0,-0.0038,-8.2784,6.0042,1]},
{"frame":29,"values":[1,0,0,0,0,1,0,0,0,0,1,0,-0.0038,-8.2784,6.0042,1]}],"loopBehavior":1,"name":"anim","property":"_matrix"}},
{"name":"L_Temple","index":14,"matrix":[1,0,0,0,0,1,0,0,0,0,1,0,6.7164,11.953,7.4033,1],"rest":[1,0,0,0,0,1,0,0,0,0,1,0,6.7164,11.953,7.4033,1],"parentBoneIndex":6,"length":14.8424
,"animation":{"dataType":3,"framePerSecond":24,"keys":[
{"frame":1,"values":[1,0,0,0,0,1,0,0,0,0,1,0,6.7164,11.953,7.4033,1]},
{"frame":29,"values":[1,0,0,0,0,1,0,0,0,0,1,0,6.7164,11.953,7.4033,1]}],"loopBehavior":1,"name":"anim","property":"_matrix"}},
{"name":"L_IOuterBrow","index":15,"matrix":[1,0,0,0,0,1,0,0,0,0,1,0,5.185,11.3348,12.3701,1],"rest":[1,0,0,0,0,1,0,0,0,0,1,0,5.185,11.3348,12.3701,1],"parentBoneIndex":6,"length":14.8424
,"animation":{"dataType":3,"framePerSecond":24,"keys":[
{"frame":1,"values":[1,0,0,0,0,1,0,0,0,0,1,0,5.185,11.3348,12.3701,1]},
{"frame":29,"values":[1,0,0,0,0,1,0,0,0,0,1,0,5.185,11.3348,12.3701,1]}],"loopBehavior":1,"name":"anim","property":"_matrix"}},
{"name":"L_MidBrow","index":16,"matrix":[1,0,0,0,0,1,0,0,0,0,1,0,3.3668,11.4156,13.6166,1],"rest":[1,0,0,0,0,1,0,0,0,0,1,0,3.3668,11.4156,13.6166,1],"parentBoneIndex":6,"length":14.8424
,"animation":{"dataType":3,"framePerSecond":24,"keys":[
{"frame":1,"values":[1,0,0,0,0,1,0,0,0,0,1,0,3.3668,11.4156,13.6166,1]},
{"frame":29,"values":[1,0,0,0,0,1,0,0,0,0,1,0,3.3668,11.4156,13.6166,1]}],"loopBehavior":1,"name":"anim","property":"_matrix"}},
{"name":"L_InnerBrow","index":17,"matrix":[1,0,0,0,0,1,0,0,0,0,1,0,1.6599,10.7576,14.115,1],"rest":[1,0,0,0,0,1,0,0,0,0,1,0,1.6599,10.7576,14.115,1],"parentBoneIndex":6,"length":14.8424
,"animation":{"dataType":3,"framePerSecond":24,"keys":[
{"frame":1,"values":[1,0,0,0,0,1,0,0,0,0,1,0,1.6599,10.7576,14.115,1]},
{"frame":29,"values":[1,0,0,0,0,1,0,0,0,0,1,0,1.6599,10.7576,14.115,1]}],"loopBehavior":1,"name":"anim","property":"_matrix"}},
{"name":"L_Eye","index":18,"matrix":[1,0,0,0,0,1,0,0,0,0,1,0,3.0989,9.6989,11.4382,1],"rest":[1,0,0,0,0,1,0,0,0,0,1,0,3.0989,9.6989,11.4382,1],"parentBoneIndex":6,"length":14.8424
,"animation":{"dataType":3,"framePerSecond":24,"keys":[
{"frame":1,"values":[1,0,0,0,0,1,0,0,0,0,1,0,3.0989,9.6989,11.4382,1]},
{"frame":29,"values":[1,0,0,0,0,1,0,0,0,0,1,0,3.0989,9.6989,11.4382,1]}],"loopBehavior":1,"name":"anim","property":"_matrix"}},
{"name":"L_EyelidLower","index":19,"matrix":[1,0,0,0,0,1,0,0,0,0,1,0,3.0989,9.6989,11.4382,1],"rest":[1,0,0,0,0,1,0,0,0,0,1,0,3.0989,9.6989,11.4382,1],"parentBoneIndex":6,"length":14.8424
,"animation":{"dataType":3,"framePerSecond":24,"keys":[
{"frame":1,"values":[1,0,0,0,0,1,0,0,0,0,1,0,3.0989,9.6989,11.4382,1]},
{"frame":29,"values":[1,0,0,0,0,1,0,0,0,0,1,0,3.0989,9.6989,11.4382,1]}],"loopBehavior":1,"name":"anim","property":"_matrix"}},
{"name":"L_EyelidUpper","index":20,"matrix":[1,0,0,0,0,1,0,0,0,0,1,0,3.0989,9.6989,11.4382,1],"rest":[1,0,0,0,0,1,0,0,0,0,1,0,3.0989,9.6989,11.4382,1],"parentBoneIndex":6,"length":14.8424
,"animation":{"dataType":3,"framePerSecond":24,"keys":[
{"frame":1,"values":[1,0,0,0,0,1,0,0,0,0,1,0,3.0989,9.6989,11.4382,1]},
{"frame":29,"values":[1,0,0,0,0,1,0,0,0,0,1,0,3.0989,9.6989,11.4382,1]}],"loopBehavior":1,"name":"anim","property":"_matrix"}},
{"name":"L_InnerCheek","index":21,"matrix":[1,0,0,0,0,1,0,0,0,0,1,0,2.1484,7.4937,13.4347,1],"rest":[1,0,0,0,0,1,0,0,0,0,1,0,2.1484,7.4937,13.4347,1],"parentBoneIndex":6,"length":14.8424
,"animation":{"dataType":3,"framePerSecond":24,"keys":[
{"frame":1,"values":[1,0,0,0,0,1,0,0,0,0,1,0,2.1484,7.4937,13.4347,1]},
{"frame":29,"values":[1,0,0,0,0,1,0,0,0,0,1,0,2.1484,7.4937,13.4347,1]}],"loopBehavior":1,"name":"anim","property":"_matrix"}},
{"name":"L_LowerCheek","index":22,"matrix":[1,0,0,0,0,1,0,0,0,0,1,0,4.3527,2.5675,9.9423,1],"rest":[1,0,0,0,0,1,0,0,0,0,1,0,4.3527,2.5675,9.9423,1],"parentBoneIndex":6,"length":14.8424
,"animation":{"dataType":3,"framePerSecond":24,"keys":[
{"frame":1,"values":[1,0,0,0,0,1,0,0,0,0,1,0,4.3527,2.5675,9.9423,1]},
{"frame":29,"values":[1,0,0,0,0,1,0,0,0,0,1,0,4.3527,2.5675,9.9423,1]}],"loopBehavior":1,"name":"anim","property":"_matrix"}},
{"name":"L_LipCorner","index":23,"matrix":[1,0,0,0,0,1,0,0,0,0,1,0,2.9076,2.9095,12.5938,1],"rest":[1,0,0,0,0,1,0,0,0,0,1,0,2.9076,2.9095,12.5938,1],"parentBoneIndex":6,"length":0.9548
,"animation":{"dataType":3,"framePerSecond":24,"keys":[
{"frame":1,"values":[1,0,0,0,0,1,0,0,0,0,1,0,2.9076,2.9095,12.5938,1]},
{"frame":29,"values":[1,0,0,0,0,1,0,0,0,0,1,0,2.9076,2.9095,12.5938,1]}],"loopBehavior":1,"name":"anim","property":"_matrix"}},
{"name":"L_LipCornerLowTweak","index":24,"matrix":[1,0,0,0,0,1,0,0,0,0,1,0,-0.8072,-0.3254,0.4547,1],"rest":[1,0,0,0,0,1,0,0,0,0,1,0,-0.8072,-0.3254,0.4547,1],"parentBoneIndex":23,"length":0.9548
,"animation":{"dataType":3,"framePerSecond":24,"keys":[
{"frame":1,"values":[1,0,0,0,0,1,0,0,0,0,1,0,-0.8072,-0.3254,0.4547,1]},
{"frame":29,"values":[1,0,0,0,0,1,0,0,0,0,1,0,-0.8072,-0.3254,0.4547,1]}],"loopBehavior":1,"name":"anim","property":"_matrix"}},
{"name":"L_LipCornerUpTweak","index":25,"matrix":[1,0,0,0,0,1,0,0,0,0,1,0,-0.7251,0.0237,0.5782,1],"rest":[1,0,0,0,0,1,0,0,0,0,1,0,-0.7251,0.0237,0.5782,1],"parentBoneIndex":23,"length":0.9548
,"animation":{"dataType":3,"framePerSecond":24,"keys":[
{"frame":1,"values":[1,0,0,0,0,1,0,0,0,0,1,0,-0.7251,0.0237,0.5782,1]},
{"frame":29,"values":[1,0,0,0,0,1,0,0,0,0,1,0,-0.7251,0.0237,0.5782,1]}],"loopBehavior":1,"name":"anim","property":"_matrix"}},
{"name":"L_LipLower","index":26,"matrix":[1,0,0,0,0,1,0,0,0,0,1,0,1.2586,2.3762,13.5915,1],"rest":[1,0,0,0,0,1,0,0,0,0,1,0,1.2586,2.3762,13.5915,1],"parentBoneIndex":6,"length":14.8424
,"animation":{"dataType":3,"framePerSecond":24,"keys":[
{"frame":1,"values":[1,0,0,0,0,1,0,0,0,0,1,0,1.2586,2.3762,13.5915,1]},
{"frame":29,"values":[1,0,0,0,0,1,0,0,0,0,1,0,1.2586,2.3762,13.5915,1]}],"loopBehavior":1,"name":"anim","property":"_matrix"}},
{"name":"L_LipUpper","index":27,"matrix":[1,0,0,0,0,1,0,0,0,0,1,0,1.2981,3.1535,13.8987,1],"rest":[1,0,0,0,0,1,0,0,0,0,1,0,1.2981,3.1535,13.8987,1],"parentBoneIndex":6,"length":14.8424
,"animation":{"dataType":3,"framePerSecond":24,"keys":[
{"frame":1,"values":[1,0,0,0,0,1,0,0,0,0,1,0,1.2981,3.1535,13.8987,1]},
{"frame":29,"values":[1,0,0,0,0,1,0,0,0,0,1,0,1.2981,3.1535,13.8987,1]}],"loopBehavior":1,"name":"anim","property":"_matrix"}},
{"name":"LipMidLower","index":28,"matrix":[1,0,0,0,0,1,0,0,0,0,1,0,0,2.4182,14.0113,1],"rest":[1,0,0,0,0,1,0,0,0,0,1,0,0,2.4182,14.0113,1],"parentBoneIndex":6,"length":14.8424
,"animation":{"dataType":3,"framePerSecond":24,"keys":[
{"frame":1,"values":[1,0,0,0,0,1,0,0,0,0,1,0,0,2.4182,14.0113,1]},
{"frame":29,"values":[1,0,0,0,0,1,0,0,0,0,1,0,0,2.4182,14.0113,1]}],"loopBehavior":1,"name":"anim","property":"_matrix"}},
{"name":"LipMidUpper","index":29,"matrix":[1,0,0,0,0,1,0,0,0,0,1,0,0,3.2177,14.3127,1],"rest":[1,0,0,0,0,1,0,0,0,0,1,0,0,3.2177,14.3127,1],"parentBoneIndex":6,"length":14.8424
,"animation":{"dataType":3,"framePerSecond":24,"keys":[
{"frame":1,"values":[1,0,0,0,0,1,0,0,0,0,1,0,0,3.2177,14.3127,1]},
{"frame":29,"values":[1,0,0,0,0,1,0,0,0,0,1,0,0,3.2177,14.3127,1]}],"loopBehavior":1,"name":"anim","property":"_matrix"}},
{"name":"L_CheekFold","index":30,"matrix":[1,0,0,0,0,1,0,0,0,0,1,0,2.8997,4.8397,12.9905,1],"rest":[1,0,0,0,0,1,0,0,0,0,1,0,2.8997,4.8397,12.9905,1],"parentBoneIndex":6,"length":14.8424
,"animation":{"dataType":3,"framePerSecond":24,"keys":[
{"frame":1,"values":[1,0,0,0,0,1,0,0,0,0,1,0,2.8997,4.8397,12.9905,1]},
{"frame":29,"values":[1,0,0,0,0,1,0,0,0,0,1,0,2.8997,4.8397,12.9905,1]}],"loopBehavior":1,"name":"anim","property":"_matrix"}},
{"name":"L_Nostril","index":31,"matrix":[1,0,0,0,0,1,0,0,0,0,1,0,1.2793,5.2449,14.0405,1],"rest":[1,0,0,0,0,1,0,0,0,0,1,0,1.2793,5.2449,14.0405,1],"parentBoneIndex":6,"length":14.8424
,"animation":{"dataType":3,"framePerSecond":24,"keys":[
{"frame":1,"values":[1,0,0,0,0,1,0,0,0,0,1,0,1.2793,5.2449,14.0405,1]},
{"frame":29,"values":[1,0,0,0,0,1,0,0,0,0,1,0,1.2793,5.2449,14.0405,1]}],"loopBehavior":1,"name":"anim","property":"_matrix"}},
{"name":"Scalp","index":32,"matrix":[1,0,0,0,0,1,0,0,0,0,1,0,0.0038,15.512,8.5871,1],"rest":[1,0,0,0,0,1,0,0,0,0,1,0,0.0038,15.512,8.5871,1],"parentBoneIndex":6,"length":14.8424
,"animation":{"dataType":3,"framePerSecond":24,"keys":[
{"frame":1,"values":[1,0,0,0,0,1,0,0,0,0,1,0,0.0038,15.512,8.5871,1]},
{"frame":29,"values":[1,0,0,0,0,1,0,0,0,0,1,0,0.0038,15.512,8.5871,1]}],"loopBehavior":1,"name":"anim","property":"_matrix"}},
{"name":"L_OuterCheek","index":33,"matrix":[1,0,0,0,0,1,0,0,0,0,1,0,4.805,7.1686,11.679,1],"rest":[1,0,0,0,0,1,0,0,0,0,1,0,4.805,7.1686,11.679,1],"parentBoneIndex":6,"length":14.8424
,"animation":{"dataType":3,"framePerSecond":24,"keys":[
{"frame":1,"values":[1,0,0,0,0,1,0,0,0,0,1,0,4.805,7.1686,11.679,1]},
{"frame":29,"values":[1,0,0,0,0,1,0,0,0,0,1,0,4.805,7.1686,11.679,1]}],"loopBehavior":1,"name":"anim","property":"_matrix"}},
{"name":"R_LipLower","index":34,"matrix":[1,0,0,0,0,1,0,0,0,0,1,0,-1.2586,2.3762,13.5915,1],"rest":[1,0,0,0,0,1,0,0,0,0,1,0,-1.2586,2.3762,13.5915,1],"parentBoneIndex":6,"length":14.8424
,"animation":{"dataType":3,"framePerSecond":24,"keys":[
{"frame":1,"values":[1,0,0,0,0,1,0,0,0,0,1,0,-1.2586,2.3762,13.5915,1]},
{"frame":29,"values":[1,0,0,0,0,1,0,0,0,0,1,0,-1.2586,2.3762,13.5915,1]}],"loopBehavior":1,"name":"anim","property":"_matrix"}},
{"name":"RightNostril","index":35,"matrix":[1,0,0,0,0,1,0,0,0,0,1,0,-1.2793,5.2449,14.0405,1],"rest":[1,0,0,0,0,1,0,0,0,0,1,0,-1.2793,5.2449,14.0405,1],"parentBoneIndex":6,"length":14.8424
,"animation":{"dataType":3,"framePerSecond":24,"keys":[
{"frame":1,"values":[1,0,0,0,0,1,0,0,0,0,1,0,-1.2793,5.2449,14.0405,1]},
{"frame":29,"values":[1,0,0,0,0,1,0,0,0,0,1,0,-1.2793,5.2449,14.0405,1]}],"loopBehavior":1,"name":"anim","property":"_matrix"}},
{"name":"R_CheekFold","index":36,"matrix":[1,0,0,0,0,1,0,0,0,0,1,0,-2.8997,4.8397,12.9905,1],"rest":[1,0,0,0,0,1,0,0,0,0,1,0,-2.8997,4.8397,12.9905,1],"parentBoneIndex":6,"length":14.8424
,"animation":{"dataType":3,"framePerSecond":24,"keys":[
{"frame":1,"values":[1,0,0,0,0,1,0,0,0,0,1,0,-2.8997,4.8397,12.9905,1]},
{"frame":29,"values":[1,0,0,0,0,1,0,0,0,0,1,0,-2.8997,4.8397,12.9905,1]}],"loopBehavior":1,"name":"anim","property":"_matrix"}},
{"name":"R_LowerCheek","index":37,"matrix":[1,0,0,0,0,1,0,0,0,0,1,0,-4.3527,2.5675,9.9423,1],"rest":[1,0,0,0,0,1,0,0,0,0,1,0,-4.3527,2.5675,9.9423,1],"parentBoneIndex":6,"length":14.8424
,"animation":{"dataType":3,"framePerSecond":24,"keys":[
{"frame":1,"values":[1,0,0,0,0,1,0,0,0,0,1,0,-4.3527,2.5675,9.9423,1]},
{"frame":29,"values":[1,0,0,0,0,1,0,0,0,0,1,0,-4.3527,2.5675,9.9423,1]}],"loopBehavior":1,"name":"anim","property":"_matrix"}},
{"name":"R_gLipCorner","index":38,"matrix":[1,0,0,0,0,1,0,0,0,0,1,0,-2.9076,2.9095,12.5938,1],"rest":[1,0,0,0,0,1,0,0,0,0,1,0,-2.9076,2.9095,12.5938,1],"parentBoneIndex":6,"length":0.9548
,"animation":{"dataType":3,"framePerSecond":24,"keys":[
{"frame":1,"values":[1,0,0,0,0,1,0,0,0,0,1,0,-2.9076,2.9095,12.5938,1]},
{"frame":29,"values":[1,0,0,0,0,1,0,0,0,0,1,0,-2.9076,2.9095,12.5938,1]}],"loopBehavior":1,"name":"anim","property":"_matrix"}},
{"name":"R_gLipCornerLowTweak","index":39,"matrix":[1,0,0,0,0,1,0,0,0,0,1,0,0.8072,-0.3254,0.4547,1],"rest":[1,0,0,0,0,1,0,0,0,0,1,0,0.8072,-0.3254,0.4547,1],"parentBoneIndex":38,"length":0.9548
,"animation":{"dataType":3,"framePerSecond":24,"keys":[
{"frame":1,"values":[1,0,0,0,0,1,0,0,0,0,1,0,0.8072,-0.3254,0.4547,1]},
{"frame":29,"values":[1,0,0,0,0,1,0,0,0,0,1,0,0.8072,-0.3254,0.4547,1]}],"loopBehavior":1,"name":"anim","property":"_matrix"}},
{"name":"R_gLipCornerUpTweak","index":40,"matrix":[1,0,0,0,0,1,0,0,0,0,1,0,0.7251,0.0237,0.5782,1],"rest":[1,0,0,0,0,1,0,0,0,0,1,0,0.7251,0.0237,0.5782,1],"parentBoneIndex":38,"length":0.9548
,"animation":{"dataType":3,"framePerSecond":24,"keys":[
{"frame":1,"values":[1,0,0,0,0,1,0,0,0,0,1,0,0.7251,0.0237,0.5782,1]},
{"frame":29,"values":[1,0,0,0,0,1,0,0,0,0,1,0,0.7251,0.0237,0.5782,1]}],"loopBehavior":1,"name":"anim","property":"_matrix"}},
{"name":"R_LipUpper","index":41,"matrix":[1,0,0,0,0,1,0,0,0,0,1,0,-1.2981,3.1535,13.8987,1],"rest":[1,0,0,0,0,1,0,0,0,0,1,0,-1.2981,3.1535,13.8987,1],"parentBoneIndex":6,"length":14.8424
,"animation":{"dataType":3,"framePerSecond":24,"keys":[
{"frame":1,"values":[1,0,0,0,0,1,0,0,0,0,1,0,-1.2981,3.1535,13.8987,1]},
{"frame":29,"values":[1,0,0,0,0,1,0,0,0,0,1,0,-1.2981,3.1535,13.8987,1]}],"loopBehavior":1,"name":"anim","property":"_matrix"}},
{"name":"R_OuterCheek","index":42,"matrix":[1,0,0,0,0,1,0,0,0,0,1,0,-4.805,7.1686,11.679,1],"rest":[1,0,0,0,0,1,0,0,0,0,1,0,-4.805,7.1686,11.679,1],"parentBoneIndex":6,"length":14.8424
,"animation":{"dataType":3,"framePerSecond":24,"keys":[
{"frame":1,"values":[1,0,0,0,0,1,0,0,0,0,1,0,-4.805,7.1686,11.679,1]},
{"frame":29,"values":[1,0,0,0,0,1,0,0,0,0,1,0,-4.805,7.1686,11.679,1]}],"loopBehavior":1,"name":"anim","property":"_matrix"}},
{"name":"MidBrows","index":43,"matrix":[1,0,0,0,0,1,0,0,0,0,1,0,0,10.8004,14.2738,1],"rest":[1,0,0,0,0,1,0,0,0,0,1,0,0,10.8004,14.2738,1],"parentBoneIndex":6,"length":14.8424
,"animation":{"dataType":3,"framePerSecond":24,"keys":[
{"frame":1,"values":[1,0,0,0,0,1,0,0,0,0,1,0,0,10.8004,14.2738,1]},
{"frame":29,"values":[1,0,0,0,0,1,0,0,0,0,1,0,0,10.8004,14.2738,1]}],"loopBehavior":1,"name":"anim","property":"_matrix"}},
{"name":"R_InnerBrow","index":44,"matrix":[1,0,0,0,0,1,0,0,0,0,1,0,-1.6599,10.7576,14.115,1],"rest":[1,0,0,0,0,1,0,0,0,0,1,0,-1.6599,10.7576,14.115,1],"parentBoneIndex":6,"length":14.8424
,"animation":{"dataType":3,"framePerSecond":24,"keys":[
{"frame":1,"values":[1,0,0,0,0,1,0,0,0,0,1,0,-1.6599,10.7576,14.115,1]},
{"frame":29,"values":[1,0,0,0,0,1,0,0,0,0,1,0,-1.6599,10.7576,14.115,1]}],"loopBehavior":1,"name":"anim","property":"_matrix"}},
{"name":"R_MidBrow","index":45,"matrix":[1,0,0,0,0,1,0,0,0,0,1,0,-3.3668,11.4156,13.6166,1],"rest":[1,0,0,0,0,1,0,0,0,0,1,0,-3.3668,11.4156,13.6166,1],"parentBoneIndex":6,"length":14.8424
,"animation":{"dataType":3,"framePerSecond":24,"keys":[
