{"producer":{"name":"Blender","version":"2.90.0","exporter_version":"2.80.1","file":"run_riffle.babylon"},
"autoClear":true,"clearColor":[0.0509,0.0509,0.0509],"gravity":[0,-9.81,0],
"materials":[{"name":"Material","id":"Material","customType":"BABYLON.PBRMaterial","backFaceCulling":true,"checkReadyOnlyOnce":false,"maxSimultaneousLights":4,"environmentIntensity":1,"albedo":[0.8,0.8,0.8],"reflectivity":[0.5,0.5,0.5],"roughness":0.4,"alpha":1,"transparencyMode":0,"alphaCutOff":0.4,"metallic":0}],
"multiMaterials":[],
"skeletons":[{"name":"Armature","id":0,"dimensionsAtRest":[188.1767,188.0947,21.7491],"bones":[
{"name":"Hips","index":0,"matrix":[0.8253,-0.1288,-0.5499,0,0.0981,0.9915,-0.0851,0,-0.5562,-0.0163,-0.8309,0,0.1384,79.3012,-0.0292,1],"rest":[1,0,0,0,0,1,0,0,0,0,-1,0,0,96.3764,0,1],"parentBoneIndex":-1,"length":9.9032
,"animation":{"dataType":3,"framePerSecond":24,"keys":[
{"frame":1,"values":[0.8253,-0.1288,-0.5499,0,0.0981,0.9915,-0.0851,0,-0.5562,-0.0163,-0.8309,0,0.1384,79.3012,-0.0292,1]},
{"frame":2,"values":[0.8578,-0.0843,-0.507,0,0.0858,0.9961,-0.0204,0,-0.5067,0.026,-0.8617,0,-1.5273,81.7413,0.0181,1]},
{"frame":3,"values":[0.8586,-0.1064,-0.5015,0,0.0976,0.9943,-0.0438,0,-0.5033,0.0113,-0.8641,0,-2.4288,85.4951,-0.2045,1]},
{"frame":4,"values":[0.8193,-0.1696,-0.5476,0,0.1518,0.9853,-0.078,0,-0.5528,0.0193,-0.8331,0,-2.125,88.3965,-0.3577,1]},
{"frame":5,"values":[0.7753,-0.216,-0.5935,0,0.1927,0.9758,-0.1034,0,-0.6014,0.0342,-0.7982,0,-0.2524,86.7171,-0.1335,1]},
{"frame":6,"values":[0.747,-0.2185,-0.6279,0,0.2116,0.9735,-0.0871,0,-0.6303,0.0678,-0.7734,0,1.9067,82.3714,-0.2558,1]},
{"frame":7,"values":[0.7282,-0.2051,-0.6539,0,0.219,0.9738,-0.0616,0,-0.6494,0.0984,-0.7541,0,3.9117,79.7674,-0.1835,1]},
{"frame":8,"values":[0.7237,-0.2053,-0.6588,0,0.1942,0.9767,-0.091,0,-0.6622,0.0621,-0.7468,0,5.404,81.62,-0.3005,1]},
{"frame":9,"values":[0.7326,-0.2112,-0.6471,0,0.1428,0.9772,-0.1573,0,-0.6655,-0.0228,-0.746,0,6.0294,85.7324,-0.6627,1]},
{"frame":10,"values":[0.7593,-0.1873,-0.6233,0,0.1004,0.9799,-0.1721,0,-0.643,-0.0681,-0.7628,0,5.4671,88.3761,-0.6543,1]},
{"frame":11,"values":[0.8019,-0.1353,-0.582,0,0.0822,0.9897,-0.1168,0,-0.5918,-0.0458,-0.8048,0,4.0689,86.594,-0.0193,1]},
{"frame":12,"values":[0.8319,-0.0956,-0.5466,0,0.0811,0.9954,-0.0506,0,-0.5489,0.0022,-0.8359,0,2.1753,81.6898,0.1886,1]},
{"frame":13,"values":[0.8253,-0.1288,-0.5499,0,0.0981,0.9915,-0.0851,0,-0.5562,-0.0163,-0.8309,0,0.1384,79.3012,-0.0292,1]}],"loopBehavior":1,"name":"anim","property":"_matrix"}},
{"name":"Spine","index":1,"matrix":[0.9994,0.0152,0.0303,0,-0.0206,0.9819,0.1885,0,-0.0269,-0.189,0.9816,0,0,9.2263,1.5771,1],"rest":[1,0,0,0,0,1,0,0,0,0,1,0,0,9.2263,1.5771,1],"parentBoneIndex":0,"length":16.2548
,"animation":{"dataType":3,"framePerSecond":24,"keys":[
{"frame":1,"values":[0.9994,0.0152,0.0303,0,-0.0206,0.9819,0.1885,0,-0.0269,-0.189,0.9816,0,0,9.2263,1.5771,1]},
{"frame":2,"values":[0.9985,-0.0533,0.0101,0,0.0499,0.9755,0.2142,0,-0.0213,-0.2134,0.9767,0,0,9.2263,1.5771,1]},
{"frame":3,"values":[0.9973,-0.0727,-0.0118,0,0.0735,0.9721,0.223,0,-0.0048,-0.2232,0.9748,0,0,9.2263,1.5771,1]},
{"frame":4,"values":[0.9984,-0.0553,-0.0122,0,0.0566,0.9728,0.2247,0,-0.0006,-0.225,0.9744,0,0,9.2263,1.5771,1]},
{"frame":5,"values":[0.9989,-0.0455,-0.0132,0,0.0473,0.97,0.2386,0,0.002,-0.239,0.971,0,0,9.2263,1.5771,1]},
{"frame":6,"values":[0.9992,-0.0361,-0.0142,0,0.0386,0.9606,0.2752,0,0.0037,-0.2755,0.9613,0,0,9.2263,1.5771,1]},
{"frame":7,"values":[1,-0.0091,0.0012,0,0.0083,0.9513,0.3082,0,-0.0039,-0.3082,0.9513,0,0,9.2263,1.5771,1]},
{"frame":8,"values":[0.9985,0.044,0.0316,0,-0.0513,0.9553,0.2911,0,-0.0174,-0.2923,0.9562,0,0,9.2263,1.5771,1]},
{"frame":9,"values":[0.9941,0.0904,0.0596,0,-0.1016,0.9687,0.2266,0,-0.0373,-0.2314,0.9722,0,0,9.2263,1.5771,1]},
{"frame":10,"values":[0.9929,0.0944,0.0723,0,-0.1059,0.9787,0.176,0,-0.0542,-0.1824,0.9817,0,0,9.2263,1.5771,1]},
{"frame":11,"values":[0.9952,0.0715,0.0663,0,-0.0822,0.9806,0.1779,0,-0.0523,-0.1825,0.9818,0,0,9.2263,1.5771,1]},
{"frame":12,"values":[0.9982,0.0389,0.0451,0,-0.0472,0.9788,0.1994,0,-0.0364,-0.2012,0.9789,0,0,9.2263,1.5771,1]},
{"frame":13,"values":[0.9994,0.0152,0.0303,0,-0.0206,0.9818,0.1886,0,-0.0269,-0.1891,0.9816,0,0,9.2263,1.5771,1]}],"loopBehavior":1,"name":"anim","property":"_matrix"}},
{"name":"Spine1","index":2,"matrix":[0.9934,0.1081,0.0372,0,-0.114,0.9625,0.2462,0,-0.0092,-0.2488,0.9685,0,0,16.254,-0.1656,1],"rest":[1,0,0,0,0,1,0,0,0,0,1,0,0,16.254,-0.1656,1],"parentBoneIndex":1,"length":13.7007
,"animation":{"dataType":3,"framePerSecond":24,"keys":[
{"frame":1,"values":[0.9934,0.1081,0.0372,0,-0.114,0.9625,0.2462,0,-0.0092,-0.2488,0.9685,0,0,16.254,-0.1656,1]},
{"frame":2,"values":[0.9926,0.1183,0.0274,0,-0.1214,0.9626,0.2422,0,0.0023,-0.2438,0.9698,0,0,16.254,-0.1656,1]},
{"frame":3,"values":[0.9929,0.1184,0.0089,0,-0.1169,0.9615,0.2488,0,0.0209,-0.2481,0.9685,0,0,16.254,-0.1656,1]},
{"frame":4,"values":[0.9936,0.1115,0.0172,0,-0.1122,0.9601,0.2562,0,0.0121,-0.2565,0.9665,0,0,16.254,-0.1656,1]},
{"frame":5,"values":[0.9933,0.1122,0.0272,0,-0.1154,0.9589,0.2591,0,0.003,-0.2605,0.9655,0,0,16.254,-0.1656,1]},
{"frame":6,"values":[0.9926,0.116,0.0347,0,-0.121,0.9573,0.2625,0,-0.0028,-0.2648,0.9643,0,0,16.254,-0.1656,1]},
{"frame":7,"values":[0.9925,0.1085,0.057,0,-0.1197,0.9579,0.2611,0,-0.0262,-0.2659,0.9636,0,0,16.254,-0.1656,1]},
{"frame":8,"values":[0.9912,0.099,0.0877,0,-0.1179,0.9619,0.2467,0,-0.0599,-0.2549,0.9651,0,0,16.254,-0.1656,1]},
{"frame":9,"values":[0.9874,0.1051,0.1179,0,-0.1305,0.9634,0.2343,0,-0.089,-0.2468,0.965,0,0,16.254,-0.1656,1]},
{"frame":10,"values":[0.9847,0.1127,0.1331,0,-0.1425,0.9597,0.2423,0,-0.1004,-0.2575,0.961,0,0,16.254,-0.1656,1]},
{"frame":11,"values":[0.9883,0.1037,0.1118,0,-0.1293,0.9586,0.2538,0,-0.0808,-0.2653,0.9608,0,0,16.254,-0.1656,1]},
{"frame":12,"values":[0.9931,0.0969,0.0668,0,-0.1106,0.9621,0.2492,0,-0.0401,-0.2548,0.9662,0,0,16.254,-0.1656,1]},
{"frame":13,"values":[0.9934,0.1081,0.0372,0,-0.114,0.9625,0.2461,0,-0.0092,-0.2487,0.9685,0,0,16.254,-0.1656,1]}],"loopBehavior":1,"name":"anim","property":"_matrix"}},
{"name":"Spine2","index":3,"matrix":[0.9949,0.1004,0.0132,0,-0.1005,0.9631,0.2496,0,0.0123,-0.2496,0.9683,0,0,13.6396,-1.2923,1],"rest":[1,0,0,0,0,1,0,0,0,0,1,0,0,13.6396,-1.2923,1],"parentBoneIndex":2,"length":13.1719
,"animation":{"dataType":3,"framePerSecond":24,"keys":[
{"frame":1,"values":[0.9949,0.1004,0.0132,0,-0.1005,0.9631,0.2496,0,0.0123,-0.2496,0.9683,0,0,13.6396,-1.2923,1]},
{"frame":2,"values":[0.9944,0.1054,-0.0018,0,-0.1016,0.9634,0.2482,0,0.0279,-0.2466,0.9687,0,0,13.6396,-1.2923,1]},
{"frame":3,"values":[0.9938,0.1095,-0.0204,0,-0.1008,0.9623,0.2525,0,0.0473,-0.2488,0.9674,0,0,13.6396,-1.2923,1]},
{"frame":4,"values":[0.9933,0.1149,-0.0085,0,-0.109,0.9608,0.255,0,0.0374,-0.2524,0.9669,0,0,13.6396,-1.2923,1]},
{"frame":5,"values":[0.9919,0.1272,0.0037,0,-0.124,0.9595,0.2529,0,0.0286,-0.2513,0.9675,0,0,13.6396,-1.2923,1]},
{"frame":6,"values":[0.9903,0.1382,0.0123,0,-0.1368,0.9578,0.2529,0,0.0232,-0.2522,0.9674,0,0,13.6396,-1.2923,1]},
{"frame":7,"values":[0.99,0.1357,0.0374,0,-0.1408,0.9581,0.2493,0,-0.002,-0.2521,0.9677,0,0,13.6396,-1.2923,1]},
{"frame":8,"values":[0.9893,0.1278,0.0706,0,-0.141,0.962,0.234,0,-0.038,-0.2414,0.9697,0,0,13.6396,-1.2923,1]},
{"frame":9,"values":[0.9862,0.1315,0.1009,0,-0.1511,0.9635,0.2209,0,-0.0682,-0.2331,0.9701,0,0,13.6396,-1.2923,1]},
{"frame":10,"values":[0.9845,0.1318,0.1154,0,-0.1556,0.9604,0.231,0,-0.0804,-0.2454,0.9661,0,0,13.6396,-1.2923,1]},
{"frame":11,"values":[0.9894,0.1113,0.0933,0,-0.1314,0.9596,0.2487,0,-0.0619,-0.2583,0.9641,0,0,13.6396,-1.2923,1]},
{"frame":12,"values":[0.9946,0.0937,0.0456,0,-0.1022,0.963,0.2495,0,-0.0205,-0.2528,0.9673,0,0,13.6396,-1.2923,1]},
{"frame":13,"values":[0.9949,0.1004,0.0133,0,-0.1005,0.9632,0.2495,0,0.0123,-0.2495,0.9683,0,0,13.6396,-1.2923,1]}],"loopBehavior":1,"name":"anim","property":"_matrix"}},
{"name":"Neck","index":4,"matrix":[0.9957,-0.075,-0.0542,0,0.0558,0.9537,-0.2954,0,0.0739,0.2911,0.9538,0,0,13.8774,-4.3542,1],"rest":[1,0,0,0,0,1,0,0,0,0,1,0,0,13.8774,-4.3542,1],"parentBoneIndex":3,"length":4.4379
,"animation":{"dataType":3,"framePerSecond":24,"keys":[
{"frame":1,"values":[0.9957,-0.075,-0.0542,0,0.0558,0.9537,-0.2954,0,0.0739,0.2911,0.9538,0,0,13.8774,-4.3542,1]},
{"frame":2,"values":[0.9966,-0.0708,-0.0432,0,0.0557,0.9573,-0.2835,0,0.0614,0.2801,0.958,0,0,13.8774,-4.3542,1]},
{"frame":3,"values":[0.9971,-0.0649,-0.0391,0,0.0512,0.9577,-0.2833,0,0.0558,0.2805,0.9582,0,0,13.8774,-4.3542,1]},
{"frame":4,"values":[0.9966,-0.062,-0.0535,0,0.044,0.9567,-0.2879,0,0.069,0.2846,0.9562,0,0,13.8774,-4.3542,1]},
{"frame":5,"values":[0.9959,-0.0603,-0.0676,0,0.0379,0.9548,-0.2949,0,0.0823,0.2911,0.9531,0,0,13.8774,-4.3542,1]},
{"frame":6,"values":[0.9951,-0.065,-0.0743,0,0.0399,0.9535,-0.2988,0,0.0902,0.2943,0.9514,0,0,13.8774,-4.3542,1]},
{"frame":7,"values":[0.9935,-0.0777,-0.0826,0,0.0504,0.9549,-0.2926,0,0.1016,0.2865,0.9527,0,0,13.8774,-4.3542,1]},
{"frame":8,"values":[0.9916,-0.0901,-0.0924,0,0.0599,0.9557,-0.288,0,0.1143,0.2801,0.9531,0,0,13.8774,-4.3542,1]},
{"frame":9,"values":[0.99,-0.0994,-0.1004,0,0.0665,0.9547,-0.2901,0,0.1246,0.2805,0.9517,0,0,13.8774,-4.3542,1]},
{"frame":10,"values":[0.9897,-0.1027,-0.0992,0,0.0692,0.9526,-0.2963,0,0.1249,0.2864,0.9499,0,0,13.8774,-4.3542,1]},
{"frame":11,"values":[0.9921,-0.0948,-0.0825,0,0.0658,0.9511,-0.3019,0,0.1071,0.294,0.9498,0,0,13.8774,-4.3542,1]},
{"frame":12,"values":[0.9948,-0.0828,-0.0598,0,0.0614,0.9526,-0.2979,0,0.0816,0.2927,0.9527,0,0,13.8774,-4.3542,1]},
{"frame":13,"values":[0.9957,-0.075,-0.0542,0,0.0558,0.9537,-0.2954,0,0.0739,0.2911,0.9538,0,0,13.8774,-4.3542,1]}],"loopBehavior":1,"name":"anim","property":"_matrix"}},
{"name":"Neck1","index":5,"matrix":[1,0,0,0,0,1,0,0,0,0,1,0,0,4.34,0.9269,1],"rest":[1,0,0,0,0,1,0,0,0,0,1,0,0,4.34,0.9269,1],"parentBoneIndex":4,"length":6.2291
,"animation":{"dataType":3,"framePerSecond":24,"keys":[
{"frame":1,"values":[1,0,0,0,0,1,0,0,0,0,1,0,0,4.34,0.9269,1]},
{"frame":13,"values":[1,0,0,0,0,1,0,0,0,0,1,0,0,4.34,0.9269,1]}],"loopBehavior":1,"name":"anim","property":"_matrix"}},
{"name":"Head","index":6,"matrix":[0.8833,-0.0921,-0.4596,0,0.0721,0.9955,-0.061,0,0.4631,0.0207,0.886,0,0,4.0266,0.8585,1],"rest":[1,0,0,0,0,1,0,0,0,0,1,0,0,4.0266,0.8585,1],"parentBoneIndex":5,"length":14.8424
,"animation":{"dataType":3,"framePerSecond":24,"keys":[
{"frame":1,"values":[0.8833,-0.0921,-0.4596,0,0.0721,0.9955,-0.061,0,0.4631,0.0207,0.886,0,0,4.0266,0.8585,1]},
{"frame":2,"values":[0.911,-0.0508,-0.4093,0,0.056,0.9984,0.0007,0,0.4086,-0.0235,0.9124,0,0,4.0266,0.8585,1]},
{"frame":3,"values":[0.9199,-0.0214,-0.3916,0,0.0239,0.9997,0.0015,0,0.3915,-0.0107,0.9201,0,0,4.0266,0.8585,1]},
{"frame":4,"values":[0.8882,-0.0151,-0.4593,0,0.0072,0.9998,-0.019,0,0.4595,0.0135,0.8881,0,0,4.0266,0.8585,1]},
{"frame":5,"values":[0.8533,-0.0264,-0.5208,0,-0.0017,0.9986,-0.0535,0,0.5214,0.0465,0.852,0,0,4.0266,0.8585,1]},
{"frame":6,"values":[0.8345,-0.0602,-0.5477,0,0.0225,0.9969,-0.0752,0,0.5505,0.0505,0.8333,0,0,4.0266,0.8585,1]},
{"frame":7,"values":[0.8083,-0.0979,-0.5806,0,0.0897,0.995,-0.0429,0,0.5819,-0.0174,0.8131,0,0,4.0266,0.8585,1]},
{"frame":8,"values":[0.7741,-0.1368,-0.6181,0,0.1535,0.9878,-0.0264,0,0.6142,-0.0744,0.7857,0,0,4.0266,0.8585,1]},
{"frame":9,"values":[0.7421,-0.1793,-0.6459,0,0.2006,0.9788,-0.0413,0,0.6396,-0.0989,0.7623,0,0,4.0266,0.8585,1]},
{"frame":10,"values":[0.7416,-0.2074,-0.638,0,0.2122,0.9747,-0.0701,0,0.6364,-0.0834,0.7668,0,0,4.0266,0.8585,1]},
{"frame":11,"values":[0.7982,-0.1876,-0.5724,0,0.1683,0.9819,-0.0871,0,0.5784,-0.0268,0.8153,0,0,4.0266,0.8585,1]},
{"frame":12,"values":[0.8672,-0.1271,-0.4815,0,0.1107,0.9919,-0.0625,0,0.4855,0.0009,0.8742,0,0,4.0266,0.8585,1]},
{"frame":13,"values":[0.8833,-0.0921,-0.4596,0,0.0721,0.9955,-0.061,0,0.4631,0.0207,0.886,0,0,4.0266,0.8585,1]}],"loopBehavior":1,"name":"anim","property":"_matrix"}},
{"name":"L_Ear","index":7,"matrix":[1,0,0,0,0,1,0,0,0,0,1,0,6.8586,8.862,3.3161,1],"rest":[1,0,0,0,0,1,0,0,0,0,1,0,6.8586,8.862,3.3161,1],"parentBoneIndex":6,"length":14.8424
,"animation":{"dataType":3,"framePerSecond":24,"keys":[
{"frame":1,"values":[1,0,0,0,0,1,0,0,0,0,1,0,6.8586,8.862,3.3161,1]},
{"frame":13,"values":[1,0,0,0,0,1,0,0,0,0,1,0,6.8586,8.862,3.3161,1]}],"loopBehavior":1,"name":"anim","property":"_matrix"}},
{"name":"Jaw","index":8,"matrix":[1,0,0,0,0,1,0,0,0,0,1,0,0.0038,6.235,4.4131,1],"rest":[1,0,0,0,0,1,0,0,0,0,1,0,0.0038,6.235,4.4131,1],"parentBoneIndex":6,"length":8.9884
,"animation":{"dataType":3,"framePerSecond":24,"keys":[
{"frame":1,"values":[1,0,0,0,0,1,0,0,0,0,1,0,0.0038,6.235,4.4131,1]},
{"frame":13,"values":[1,0,0,0,0,1,0,0,0,0,1,0,0.0038,6.235,4.4131,1]}],"loopBehavior":1,"name":"anim","property":"_matrix"}},
{"name":"TongueBack","index":9,"matrix":[1,0,0,0,0,1,0,0,0,0,1,0,0,-3.3518,4.6468,1],"rest":[1,0,0,0,0,1,0,0,0,0,1,0,0,-3.3518,4.6468,1],"parentBoneIndex":8,"length":1.6664
,"animation":{"dataType":3,"framePerSecond":24,"keys":[
{"frame":1,"values":[1,0,0,0,0,1,0,0,0,0,1,0,0,-3.3518,4.6468,1]},
{"frame":13,"values":[1,0,0,0,0,1,0,0,0,0,1,0,0,-3.3518,4.6468,1]}],"loopBehavior":1,"name":"anim","property":"_matrix"}},
{"name":"TongueMid","index":10,"matrix":[1,0,0,0,0,1,0,0,0,0,1,0,0,0.0424,1.6659,1],"rest":[1,0,0,0,0,1,0,0,0,0,1,0,0,0.0424,1.6659,1],"parentBoneIndex":9,"length":1.3561
,"animation":{"dataType":3,"framePerSecond":24,"keys":[
{"frame":1,"values":[1,0,0,0,0,1,0,0,0,0,1,0,0,0.0424,1.6659,1]},
{"frame":13,"values":[1,0,0,0,0,1,0,0,0,0,1,0,0,0.0424,1.6659,1]}],"loopBehavior":1,"name":"anim","property":"_matrix"}},
{"name":"TongueTip","index":11,"matrix":[1,0,0,0,0,1,0,0,0,0,1,0,0,-0.4344,1.2847,1],"rest":[1,0,0,0,0,1,0,0,0,0,1,0,0,-0.4344,1.2847,1],"parentBoneIndex":10,"length":1.3561
,"animation":{"dataType":3,"framePerSecond":24,"keys":[
{"frame":1,"values":[1,0,0,0,0,1,0,0,0,0,1,0,0,-0.4344,1.2847,1]},
{"frame":13,"values":[1,0,0,0,0,1,0,0,0,0,1,0,0,-0.4344,1.2847,1]}],"loopBehavior":1,"name":"anim","property":"_matrix"}},
{"name":"Chin","index":12,"matrix":[1,0,0,0,0,1,0,0,0,0,1,0,-0.0038,-6.1605,9.1241,1],"rest":[1,0,0,0,0,1,0,0,0,0,1,0,-0.0038,-6.1605,9.1241,1],"parentBoneIndex":8,"length":8.9884
,"animation":{"dataType":3,"framePerSecond":24,"keys":[
{"frame":1,"values":[1,0,0,0,0,1,0,0,0,0,1,0,-0.0038,-6.1605,9.1241,1]},
{"frame":13,"values":[1,0,0,0,0,1,0,0,0,0,1,0,-0.0038,-6.1605,9.1241,1]}],"loopBehavior":1,"name":"anim","property":"_matrix"}},
{"name":"LowerChin","index":13,"matrix":[1,0,0,0,0,1,0,0,0,0,1,0,-0.0038,-8.2784,6.0042,1],"rest":[1,0,0,0,0,1,0,0,0,0,1,0,-0.0038,-8.2784,6.0042,1],"parentBoneIndex":8,"length":8.9884
,"animation":{"dataType":3,"framePerSecond":24,"keys":[
{"frame":1,"values":[1,0,0,0,0,1,0,0,0,0,1,0,-0.0038,-8.2784,6.0042,1]},
{"frame":13,"values":[1,0,0,0,0,1,0,0,0,0,1,0,-0.0038,-8.2784,6.0042,1]}],"loopBehavior":1,"name":"anim","property":"_matrix"}},
{"name":"L_Temple","index":14,"matrix":[1,0,0,0,0,1,0,0,0,0,1,0,6.7164,11.953,7.4033,1],"rest":[1,0,0,0,0,1,0,0,0,0,1,0,6.7164,11.953,7.4033,1],"parentBoneIndex":6,"length":14.8424
,"animation":{"dataType":3,"framePerSecond":24,"keys":[
{"frame":1,"values":[1,0,0,0,0,1,0,0,0,0,1,0,6.7164,11.953,7.4033,1]},
{"frame":13,"values":[1,0,0,0,0,1,0,0,0,0,1,0,6.7164,11.953,7.4033,1]}],"loopBehavior":1,"name":"anim","property":"_matrix"}},
{"name":"L_IOuterBrow","index":15,"matrix":[1,0,0,0,0,1,0,0,0,0,1,0,5.185,11.3348,12.3701,1],"rest":[1,0,0,0,0,1,0,0,0,0,1,0,5.185,11.3348,12.3701,1],"parentBoneIndex":6,"length":14.8424
,"animation":{"dataType":3,"framePerSecond":24,"keys":[
{"frame":1,"values":[1,0,0,0,0,1,0,0,0,0,1,0,5.185,11.3348,12.3701,1]},
{"frame":13,"values":[1,0,0,0,0,1,0,0,0,0,1,0,5.185,11.3348,12.3701,1]}],"loopBehavior":1,"name":"anim","property":"_matrix"}},
{"name":"L_MidBrow","index":16,"matrix":[1,0,0,0,0,1,0,0,0,0,1,0,3.3668,11.4156,13.6166,1],"rest":[1,0,0,0,0,1,0,0,0,0,1,0,3.3668,11.4156,13.6166,1],"parentBoneIndex":6,"length":14.8424
,"animation":{"dataType":3,"framePerSecond":24,"keys":[
{"frame":1,"values":[1,0,0,0,0,1,0,0,0,0,1,0,3.3668,11.4156,13.6166,1]},
{"frame":13,"values":[1,0,0,0,0,1,0,0,0,0,1,0,3.3668,11.4156,13.6166,1]}],"loopBehavior":1,"name":"anim","property":"_matrix"}},
{"name":"L_InnerBrow","index":17,"matrix":[1,0,0,0,0,1,0,0,0,0,1,0,1.6599,10.7576,14.115,1],"rest":[1,0,0,0,0,1,0,0,0,0,1,0,1.6599,10.7576,14.115,1],"parentBoneIndex":6,"length":14.8424
,"animation":{"dataType":3,"framePerSecond":24,"keys":[
{"frame":1,"values":[1,0,0,0,0,1,0,0,0,0,1,0,1.6599,10.7576,14.115,1]},
{"frame":13,"values":[1,0,0,0,0,1,0,0,0,0,1,0,1.6599,10.7576,14.115,1]}],"loopBehavior":1,"name":"anim","property":"_matrix"}},
{"name":"L_Eye","index":18,"matrix":[1,0,0,0,0,1,0,0,0,0,1,0,3.0989,9.6989,11.4382,1],"rest":[1,0,0,0,0,1,0,0,0,0,1,0,3.0989,9.6989,11.4382,1],"parentBoneIndex":6,"length":14.8424
,"animation":{"dataType":3,"framePerSecond":24,"keys":[
{"frame":1,"values":[1,0,0,0,0,1,0,0,0,0,1,0,3.0989,9.6989,11.4382,1]},
{"frame":13,"values":[1,0,0,0,0,1,0,0,0,0,1,0,3.0989,9.6989,11.4382,1]}],"loopBehavior":1,"name":"anim","property":"_matrix"}},
{"name":"L_EyelidLower","index":19,"matrix":[1,0,0,0,0,1,0,0,0,0,1,0,3.0989,9.6989,11.4382,1],"rest":[1,0,0,0,0,1,0,0,0,0,1,0,3.0989,9.6989,11.4382,1],"parentBoneIndex":6,"length":14.8424
,"animation":{"dataType":3,"framePerSecond":24,"keys":[
{"frame":1,"values":[1,0,0,0,0,1,0,0,0,0,1,0,3.0989,9.6989,11.4382,1]},
{"frame":13,"values":[1,0,0,0,0,1,0,0,0,0,1,0,3.0989,9.6989,11.4382,1]}],"loopBehavior":1,"name":"anim","property":"_matrix"}},
{"name":"L_EyelidUpper","index":20,"matrix":[1,0,0,0,0,1,0,0,0,0,1,0,3.0989,9.6989,11.4382,1],"rest":[1,0,0,0,0,1,0,0,0,0,1,0,3.0989,9.6989,11.4382,1],"parentBoneIndex":6,"length":14.8424
,"animation":{"dataType":3,"framePerSecond":24,"keys":[
{"frame":1,"values":[1,0,0,0,0,1,0,0,0,0,1,0,3.0989,9.6989,11.4382,1]},
{"frame":13,"values":[1,0,0,0,0,1,0,0,0,0,1,0,3.0989,9.6989,11.4382,1]}],"loopBehavior":1,"name":"anim","property":"_matrix"}},
{"name":"L_InnerCheek","index":21,"matrix":[1,0,0,0,0,1,0,0,0,0,1,0,2.1484,7.4937,13.4347,1],"rest":[1,0,0,0,0,1,0,0,0,0,1,0,2.1484,7.4937,13.4347,1],"parentBoneIndex":6,"length":14.8424
,"animation":{"dataType":3,"framePerSecond":24,"keys":[
{"frame":1,"values":[1,0,0,0,0,1,0,0,0,0,1,0,2.1484,7.4937,13.4347,1]},
{"frame":13,"values":[1,0,0,0,0,1,0,0,0,0,1,0,2.1484,7.4937,13.4347,1]}],"loopBehavior":1,"name":"anim","property":"_matrix"}},
{"name":"L_LowerCheek","index":22,"matrix":[1,0,0,0,0,1,0,0,0,0,1,0,4.3527,2.5675,9.9423,1],"rest":[1,0,0,0,0,1,0,0,0,0,1,0,4.3527,2.5675,9.9423,1],"parentBoneIndex":6,"length":14.8424
,"animation":{"dataType":3,"framePerSecond":24,"keys":[
{"frame":1,"values":[1,0,0,0,0,1,0,0,0,0,1,0,4.3527,2.5675,9.9423,1]},
{"frame":13,"values":[1,0,0,0,0,1,0,0,0,0,1,0,4.3527,2.5675,9.9423,1]}],"loopBehavior":1,"name":"anim","property":"_matrix"}},
{"name":"L_LipCorner","index":23,"matrix":[1,0,0,0,0,1,0,0,0,0,1,0,2.9076,2.9095,12.5938,1],"rest":[1,0,0,0,0,1,0,0,0,0,1,0,2.9076,2.9095,12.5938,1],"parentBoneIndex":6,"length":0.9548
,"animation":{"dataType":3,"framePerSecond":24,"keys":[
{"frame":1,"values":[1,0,0,0,0,1,0,0,0,0,1,0,2.9076,2.9095,12.5938,1]},
{"frame":13,"values":[1,0,0,0,0,1,0,0,0,0,1,0,2.9076,2.9095,12.5938,1]}],"loopBehavior":1,"name":"anim","property":"_matrix"}},
{"name":"L_LipCornerLowTweak","index":24,"matrix":[1,0,0,0,0,1,0,0,0,0,1,0,-0.8072,-0.3254,0.4547,1],"rest":[1,0,0,0,0,1,0,0,0,0,1,0,-0.8072,-0.3254,0.4547,1],"parentBoneIndex":23,"length":0.9548
,"animation":{"dataType":3,"framePerSecond":24,"keys":[
{"frame":1,"values":[1,0,0,0,0,1,0,0,0,0,1,0,-0.8072,-0.3254,0.4547,1]},
{"frame":13,"values":[1,0,0,0,0,1,0,0,0,0,1,0,-0.8072,-0.3254,0.4547,1]}],"loopBehavior":1,"name":"anim","property":"_matrix"}},
{"name":"L_LipCornerUpTweak","index":25,"matrix":[1,0,0,0,0,1,0,0,0,0,1,0,-0.7251,0.0237,0.5782,1],"rest":[1,0,0,0,0,1,0,0,0,0,1,0,-0.7251,0.0237,0.5782,1],"parentBoneIndex":23,"length":0.9548
,"animation":{"dataType":3,"framePerSecond":24,"keys":[
{"frame":1,"values":[1,0,0,0,0,1,0,0,0,0,1,0,-0.7251,0.0237,0.5782,1]},
{"frame":13,"values":[1,0,0,0,0,1,0,0,0,0,1,0,-0.7251,0.0237,0.5782,1]}],"loopBehavior":1,"name":"anim","property":"_matrix"}},
{"name":"L_LipLower","index":26,"matrix":[1,0,0,0,0,1,0,0,0,0,1,0,1.2586,2.3762,13.5915,1],"rest":[1,0,0,0,0,1,0,0,0,0,1,0,1.2586,2.3762,13.5915,1],"parentBoneIndex":6,"length":14.8424
,"animation":{"dataType":3,"framePerSecond":24,"keys":[
{"frame":1,"values":[1,0,0,0,0,1,0,0,0,0,1,0,1.2586,2.3762,13.5915,1]},
{"frame":13,"values":[1,0,0,0,0,1,0,0,0,0,1,0,1.2586,2.3762,13.5915,1]}],"loopBehavior":1,"name":"anim","property":"_matrix"}},
{"name":"L_LipUpper","index":27,"matrix":[1,0,0,0,0,1,0,0,0,0,1,0,1.2981,3.1535,13.8987,1],"rest":[1,0,0,0,0,1,0,0,0,0,1,0,1.2981,3.1535,13.8987,1],"parentBoneIndex":6,"length":14.8424
,"animation":{"dataType":3,"framePerSecond":24,"keys":[
{"frame":1,"values":[1,0,0,0,0,1,0,0,0,0,1,0,1.2981,3.1535,13.8987,1]},
{"frame":13,"values":[1,0,0,0,0,1,0,0,0,0,1,0,1.2981,3.1535,13.8987,1]}],"loopBehavior":1,"name":"anim","property":"_matrix"}},
{"name":"LipMidLower","index":28,"matrix":[1,0,0,0,0,1,0,0,0,0,1,0,0,2.4182,14.0113,1],"rest":[1,0,0,0,0,1,0,0,0,0,1,0,0,2.4182,14.0113,1],"parentBoneIndex":6,"length":14.8424
,"animation":{"dataType":3,"framePerSecond":24,"keys":[
{"frame":1,"values":[1,0,0,0,0,1,0,0,0,0,1,0,0,2.4182,14.0113,1]},
{"frame":13,"values":[1,0,0,0,0,1,0,0,0,0,1,0,0,2.4182,14.0113,1]}],"loopBehavior":1,"name":"anim","property":"_matrix"}},
{"name":"LipMidUpper","index":29,"matrix":[1,0,0,0,0,1,0,0,0,0,1,0,0,3.2177,14.3127,1],"rest":[1,0,0,0,0,1,0,0,0,0,1,0,0,3.2177,14.3127,1],"parentBoneIndex":6,"length":14.8424
,"animation":{"dataType":3,"framePerSecond":24,"keys":[
{"frame":1,"values":[1,0,0,0,0,1,0,0,0,0,1,0,0,3.2177,14.3127,1]},
{"frame":13,"values":[1,0,0,0,0,1,0,0,0,0,1,0,0,3.2177,14.3127,1]}],"loopBehavior":1,"name":"anim","property":"_matrix"}},
{"name":"L_CheekFold","index":30,"matrix":[1,0,0,0,0,1,0,0,0,0,1,0,2.8997,4.8397,12.9905,1],"rest":[1,0,0,0,0,1,0,0,0,0,1,0,2.8997,4.8397,12.9905,1],"parentBoneIndex":6,"length":14.8424
,"animation":{"dataType":3,"framePerSecond":24,"keys":[
{"frame":1,"values":[1,0,0,0,0,1,0,0,0,0,1,0,2.8997,4.8397,12.9905,1]},
{"frame":13,"values":[1,0,0,0,0,1,0,0,0,0,1,0,2.8997,4.8397,12.9905,1]}],"loopBehavior":1,"name":"anim","property":"_matrix"}},
{"name":"L_Nostril","index":31,"matrix":[1,0,0,0,0,1,0,0,0,0,1,0,1.2793,5.2449,14.0405,1],"rest":[1,0,0,0,0,1,0,0,0,0,1,0,1.2793,5.2449,14.0405,1],"parentBoneIndex":6,"length":14.8424
,"animation":{"dataType":3,"framePerSecond":24,"keys":[
{"frame":1,"values":[1,0,0,0,0,1,0,0,0,0,1,0,1.2793,5.2449,14.0405,1]},
{"frame":13,"values":[1,0,0,0,0,1,0,0,0,0,1,0,1.2793,5.2449,14.0405,1]}],"loopBehavior":1,"name":"anim","property":"_matrix"}},
{"name":"Scalp","index":32,"matrix":[1,0,0,0,0,1,0,0,0,0,1,0,0.0038,15.512,8.5871,1],"rest":[1,0,0,0,0,1,0,0,0,0,1,0,0.0038,15.512,8.5871,1],"parentBoneIndex":6,"length":14.8424
,"animation":{"dataType":3,"framePerSecond":24,"keys":[
{"frame":1,"values":[1,0,0,0,0,1,0,0,0,0,1,0,0.0038,15.512,8.5871,1]},
{"frame":13,"values":[1,0,0,0,0,1,0,0,0,0,1,0,0.0038,15.512,8.5871,1]}],"loopBehavior":1,"name":"anim","property":"_matrix"}},
{"name":"L_OuterCheek","index":33,"matrix":[1,0,0,0,0,1,0,0,0,0,1,0,4.805,7.1686,11.679,1],"rest":[1,0,0,0,0,1,0,0,0,0,1,0,4.805,7.1686,11.679,1],"parentBoneIndex":6,"length":14.8424
,"animation":{"dataType":3,"framePerSecond":24,"keys":[
{"frame":1,"values":[1,0,0,0,0,1,0,0,0,0,1,0,4.805,7.1686,11.679,1]},
{"frame":13,"values":[1,0,0,0,0,1,0,0,0,0,1,0,4.805,7.1686,11.679,1]}],"loopBehavior":1,"name":"anim","property":"_matrix"}},
{"name":"R_LipLower","index":34,"matrix":[1,0,0,0,0,1,0,0,0,0,1,0,-1.2586,2.3762,13.5915,1],"rest":[1,0,0,0,0,1,0,0,0,0,1,0,-1.2586,2.3762,13.5915,1],"parentBoneIndex":6,"length":14.8424
,"animation":{"dataType":3,"framePerSecond":24,"keys":[
{"frame":1,"values":[1,0,0,0,0,1,0,0,0,0,1,0,-1.2586,2.3762,13.5915,1]},
{"frame":13,"values":[1,0,0,0,0,1,0,0,0,0,1,0,-1.2586,2.3762,13.5915,1]}],"loopBehavior":1,"name":"anim","property":"_matrix"}},
{"name":"RightNostril","index":35,"matrix":[1,0,0,0,0,1,0,0,0,0,1,0,-1.2793,5.2449,14.0405,1],"rest":[1,0,0,0,0,1,0,0,0,0,1,0,-1.2793,5.2449,14.0405,1],"parentBoneIndex":6,"length":14.8424
,"animation":{"dataType":3,"framePerSecond":24,"keys":[
{"frame":1,"values":[1,0,0,0,0,1,0,0,0,0,1,0,-1.2793,5.2449,14.0405,1]},
{"frame":13,"values":[1,0,0,0,0,1,0,0,0,0,1,0,-1.2793,5.2449,14.0405,1]}],"loopBehavior":1,"name":"anim","property":"_matrix"}},
{"name":"R_CheekFold","index":36,"matrix":[1,0,0,0,0,1,0,0,0,0,1,0,-2.8997,4.8397,12.9905,1],"rest":[1,0,0,0,0,1,0,0,0,0,1,0,-2.8997,4.8397,12.9905,1],"parentBoneIndex":6,"length":14.8424
,"animation":{"dataType":3,"framePerSecond":24,"keys":[
{"frame":1,"values":[1,0,0,0,0,1,0,0,0,0,1,0,-2.8997,4.8397,12.9905,1]},
{"frame":13,"values":[1,0,0,0,0,1,0,0,0,0,1,0,-2.8997,4.8397,12.9905,1]}],"loopBehavior":1,"name":"anim","property":"_matrix"}},
{"name":"R_LowerCheek","index":37,"matrix":[1,0,0,0,0,1,0,0,0,0,1,0,-4.3527,2.5675,9.9423,1],"rest":[1,0,0,0,0,1,0,0,0,0,1,0,-4.3527,2.5675,9.9423,1],"parentBoneIndex":6,"length":14.8424
,"animation":{"dataType":3,"framePerSecond":24,"keys":[
{"frame":1,"values":[1,0,0,0,0,1,0,0,0,0,1,0,-4.3527,2.5675,9.9423,1]},
{"frame":13,"values":[1,0,0,0,0,1,0,0,0,0,1,0,-4.3527,2.5675,9.9423,1]}],"loopBehavior":1,"name":"anim","property":"_matrix"}},
{"name":"R_gLipCorner","index":38,"matrix":[1,0,0,0,0,1,0,0,0,0,1,0,-2.9076,2.9095,12.5938,1],"rest":[1,0,0,0,0,1,0,0,0,0,1,0,-2.9076,2.9095,12.5938,1],"parentBoneIndex":6,"length":0.9548
,"animation":{"dataType":3,"framePerSecond":24,"keys":[
{"frame":1,"values":[1,0,0,0,0,1,0,0,0,0,1,0,-2.9076,2.9095,12.5938,1]},
{"frame":13,"values":[1,0,0,0,0,1,0,0,0,0,1,0,-2.9076,2.9095,12.5938,1]}],"loopBehavior":1,"name":"anim","property":"_matrix"}},
{"name":"R_gLipCornerLowTweak","index":39,"matrix":[1,0,0,0,0,1,0,0,0,0,1,0,0.8072,-0.3254,0.4547,1],"rest":[1,0,0,0,0,1,0,0,0,0,1,0,0.8072,-0.3254,0.4547,1],"parentBoneIndex":38,"length":0.9548
,"animation":{"dataType":3,"framePerSecond":24,"keys":[
{"frame":1,"values":[1,0,0,0,0,1,0,0,0,0,1,0,0.8072,-0.3254,0.4547,1]},
{"frame":13,"values":[1,0,0,0,0,1,0,0,0,0,1,0,0.8072,-0.3254,0.4547,1]}],"loopBehavior":1,"name":"anim","property":"_matrix"}},
{"name":"R_gLipCornerUpTweak","index":40,"matrix":[1,0,0,0,0,1,0,0,0,0,1,0,0.7251,0.0237,0.5782,1],"rest":[1,0,0,0,0,1,0,0,0,0,1,0,0.7251,0.0237,0.5782,1],"parentBoneIndex":38,"length":0.9548
,"animation":{"dataType":3,"framePerSecond":24,"keys":[
{"frame":1,"values":[1,0,0,0,0,1,0,0,0,0,1,0,0.7251,0.0237,0.5782,1]},
{"frame":13,"values":[1,0,0,0,0,1,0,0,0,0,1,0,0.7251,0.0237,0.5782,1]}],"loopBehavior":1,"name":"anim","property":"_matrix"}},
{"name":"R_LipUpper","index":41,"matrix":[1,0,0,0,0,1,0,0,0,0,1,0,-1.2981,3.1535,13.8987,1],"rest":[1,0,0,0,0,1,0,0,0,0,1,0,-1.2981,3.1535,13.8987,1],"parentBoneIndex":6,"length":14.8424
,"animation":{"dataType":3,"framePerSecond":24,"keys":[
{"frame":1,"values":[1,0,0,0,0,1,0,0,0,0,1,0,-1.2981,3.1535,13.8987,1]},
{"frame":13,"values":[1,0,0,0,0,1,0,0,0,0,1,0,-1.2981,3.1535,13.8987,1]}],"loopBehavior":1,"name":"anim","property":"_matrix"}},
{"name":"R_OuterCheek","index":42,"matrix":[1,0,0,0,0,1,0,0,0,0,1,0,-4.805,7.1686,11.679,1],"rest":[1,0,0,0,0,1,0,0,0,0,1,0,-4.805,7.1686,11.679,1],"parentBoneIndex":6,"length":14.8424
,"animation":{"dataType":3,"framePerSecond":24,"keys":[
{"frame":1,"values":[1,0,0,0,0,1,0,0,0,0,1,0,-4.805,7.1686,11.679,1]},
{"frame":13,"values":[1,0,0,0,0,1,0,0,0,0,1,0,-4.805,7.1686,11.679,1]}],"loopBehavior":1,"name":"anim","property":"_matrix"}},
{"name":"MidBrows","index":43,"matrix":[1,0,0,0,0,1,0,0,0,0,1,0,0,10.8004,14.2738,1],"rest":[1,0,0,0,0,1,0,0,0,0,1,0,0,10.8004,14.2738,1],"parentBoneIndex":6,"length":14.8424
,"animation":{"dataType":3,"framePerSecond":24,"keys":[
{"frame":1,"values":[1,0,0,0,0,1,0,0,0,0,1,0,0,10.8004,14.2738,1]},
{"frame":13,"values":[1,0,0,0,0,1,0,0,0,0,1,0,0,10.8004,14.2738,1]}],"loopBehavior":1,"name":"anim","property":"_matrix"}},
{"name":"R_InnerBrow","index":44,"matrix":[1,0,0,0,0,1,0,0,0,0,1,0,-1.6599,10.7576,14.115,1],"rest":[1,0,0,0,0,1,0,0,0,0,1,0,-1.6599,10.7576,14.115,1],"parentBoneIndex":6,"length":14.8424
,"animation":{"dataType":3,"framePerSecond":24,"keys":[
{"frame":1,"values":[1,0,0,0,0,1,0,0,0,0,1,0,-1.6599,10.7576,14.115,1]},
{"frame":13,"values":[1,0,0,0,0,1,0,0,0,0,1,0,-1.6599,10.7576,14.115,1]}],"loopBehavior":1,"name":"anim","property":"_matrix"}},
{"name":"R_MidBrow","index":45,"matrix":[1,0,0,0,0,1,0,0,0,0,1,0,-3.3668,11.4156,13.6166,1],"rest":[1,0,0,0,0,1,0,0,0,0,1,0,-3.3668,11.4156,13.6166,1],"parentBoneIndex":6,"length":14.8424
,"animation":{"dataType":3,"framePerSecond":24,"keys":[
{"frame":1,"values":[1,0,0,0,0,1,0,0,0,0,1,0,-3.3668,11.4156,13.6166,1]},
{"frame":13,"values":[1,0,0,0,0,1,0,0,0,0,1,0,-3.3668,11.4156,13.6166,1]}],"loopBehavior":1,"name":"anim","property":"_matrix"}},
{"name":"R_IOuterBrow","index":46,"matrix":[1,0,0,0,0,1,0,0,0,0,1,0,-5.185,11.3348,12.3701,1],"rest":[1,0,0,0,0,1,0,0,0,0,1,0,-5.185,11.3348,12.3701,1],"parentBoneIndex":6,"length":14.8424
,"animation":{"dataType":3,"framePerSecond":24,"keys":[
{"frame":1,"values":[1,0,0,0,0,1,0,0,0,0,1,0,-5.185,11.3348,12.3701,1]},
{"frame":13,"values":[1,0,0,0,0,1,0,0,0,0,1,0,-5.185,11.3348,12.3701,1]}],"loopBehavior":1,"name":"anim","property":"_matrix"}},
{"name":"R_Eye","index":47,"matrix":[1,0,0,0,0,1,0,0,0,0,1,0,-3.0989,9.6989,11.4382,1],"rest":[1,0,0,0,0,1,0,0,0,0,1,0,-3.0989,9.6989,11.4382,1],"parentBoneIndex":6,"length":14.8424
,"animation":{"dataType":3,"framePerSecond":24,"keys":[
{"frame":1,"values":[1,0,0,0,0,1,0,0,0,0,1,0,-3.0989,9.6989,11.4382,1]},
{"frame":13,"values":[1,0,0,0,0,1,0,0,0,0,1,0,-3.0989,9.6989,11.4382,1]}],"loopBehavior":1,"name":"anim","property":"_matrix"}},
{"name":"R_EyelidLower","index":48,"matrix":[1,0,0,0,0,1,0,0,0,0,1,0,-3.0989,9.6989,11.4382,1],"rest":[1,0,0,0,0,1,0,0,0,0,1,0,-3.0989,9.6989,11.4382,1],"parentBoneIndex":6,"length":14.8424
,"animation":{"dataType":3,"framePerSecond":24,"keys":[
{"frame":1,"values":[1,0,0,0,0,1,0,0,0,0,1,0,-3.0989,9.6989,11.4382,1]},
{"frame":13,"values":[1,0,0,0,0,1,0,0,0,0,1,0,-3.0989,9.6989,11.4382,1]}],"loopBehavior":1,"name":"anim","property":"_matrix"}},
{"name":"R_EyelidUpper","index":49,"matrix":[1,0,0,0,0,1,0,0,0,0,1,0,-3.0989,9.6989,11.4382,1],"rest":[1,0,0,0,0,1,0,0,0,0,1,0,-3.0989,9.6989,11.4382,1],"parentBoneIndex":6,"length":14.8424
,"animation":{"dataType":3,"framePerSecond":24,"keys":[
{"frame":1,"values":[1,0,0,0,0,1,0,0,0,0,1,0,-3.0989,9.6989,11.4382,1]},
{"frame":13,"values":[1,0,0,0,0,1,0,0,0,0,1,0,-3.0989,9.6989,11.4382,1]}],"loopBehavior":1,"name":"anim","property":"_matrix"}},
{"name":"R_Temple","index":50,"matrix":[1,0,0,0,0,1,0,0,0,0,1,0,-6.7164,11.953,7.4033,1],"rest":[1,0,0,0,0,1,0,0,0,0,1,0,-6.7164,11.953,7.4033,1],"parentBoneIndex":6,"length":14.8424
,"animation":{"dataType":3,"framePerSecond":24,"keys":[
{"frame":1,"values":[1,0,0,0,0,1,0,0,0,0,1,0,-6.7164,11.953,7.4033,1]},
{"frame":13,"values":[1,0,0,0,0,1,0,0,0,0,1,0,-6.7164,11.953,7.4033,1]}],"loopBehavior":1,"name":"anim","property":"_matrix"}},
{"name":"R_Ear","index":51,"matrix":[1,0,0,0,0,1,0,0,0,0,1,0,-6.8586,8.862,3.3161,1],"rest":[1,0,0,0,0,1,0,0,0,0,1,0,-6.8586,8.862,3.3161,1],"parentBoneIndex":6,"length":14.8424
,"animation":{"dataType":3,"framePerSecond":24,"keys":[
{"frame":1,"values":[1,0,0,0,0,1,0,0,0,0,1,0,-6.8586,8.862,3.3161,1]},
{"frame":13,"values":[1,0,0,0,0,1,0,0,0,0,1,0,-6.8586,8.862,3.3161,1]}],"loopBehavior":1,"name":"anim","property":"_matrix"}},
{"name":"R_InnerCheek","index":52,"matrix":[1,0,0,0,0,1,0,0,0,0,1,0,-2.1484,7.4937,13.4347,1],"rest":[1,0,0,0,0,1,0,0,0,0,1,0,-2.1484,7.4937,13.4347,1],"parentBoneIndex":6,"length":14.8424
,"animation":{"dataType":3,"framePerSecond":24,"keys":[
{"frame":1,"values":[1,0,0,0,0,1,0,0,0,0,1,0,-2.1484,7.4937,13.4347,1]},
{"frame":13,"values":[1,0,0,0,0,1,0,0,0,0,1,0,-2.1484,7.4937,13.4347,1]}],"loopBehavior":1,"name":"anim","property":"_matrix"}},
{"name":"Throat","index":53,"matrix":[1,0,0,0,0,1,0,0,0,0,1,0,0,-0.6141,8.3185,1],"rest":[1,0,0,0,0,1,0,0,0,0,1,0,0,-0.6141,8.3185,1],"parentBoneIndex":5,"length":6.2291
,"animation":{"dataType":3,"framePerSecond":24,"keys":[
{"frame":1,"values":[1,0,0,0,0,1,0,0,0,0,1,0,0,-0.6141,8.3185,1]},
{"frame":13,"values":[1,0,0,0,0,1,0,0,0,0,1,0,0,-0.6141,8.3185,1]}],"loopBehavior":1,"name":"anim","property":"_matrix"}},
{"name":"LeftShoulder","index":54,"matrix":[0.9731,-0.0181,0.2298,0,-0.009,0.9932,0.1164,0,-0.2303,-0.1153,0.9663,0,6.1442,10.187,-3.7932,1],"rest":[1,0,0,0,0,1,0,0,0,0,1,0,6.1442,10.187,-3.7932,1],"parentBoneIndex":3,"length":12.4986
,"animation":{"dataType":3,"framePerSecond":24,"keys":[
{"frame":1,"values":[0.9731,-0.0181,0.2298,0,-0.009,0.9932,0.1164,0,-0.2303,-0.1153,0.9663,0,6.1442,10.187,-3.7932,1]},
{"frame":2,"values":[0.9158,-0.0125,0.4015,0,-0.0276,0.9952,0.0939,0,-0.4008,-0.0971,0.911,0,6.1442,10.187,-3.7932,1]},
{"frame":3,"values":[0.8991,-0.0108,0.4377,0,-0.031,0.9956,0.0883,0,-0.4367,-0.093,0.8948,0,6.1442,10.187,-3.7932,1]},
{"frame":4,"values":[0.8928,-0.0101,0.4503,0,-0.0319,0.9958,0.0855,0,-0.4492,-0.0907,0.8888,0,6.1442,10.187,-3.7932,1]},
{"frame":5,"values":[0.9186,-0.0084,0.3952,0,-0.02,0.9975,0.0678,0,-0.3948,-0.0702,0.9161,0,6.1442,10.187,-3.7932,1]},
{"frame":6,"values":[0.9515,-0.0055,0.3077,0,-0.007,0.9992,0.0395,0,-0.3076,-0.0398,0.9507,0,6.1442,10.187,-3.7932,1]},
{"frame":7,"values":[0.9757,-0.002,0.2189,0,0,1,0.0095,0,-0.2189,-0.0092,0.9757,0,6.1442,10.187,-3.7932,1]},
{"frame":8,"values":[0.9946,-0.0019,0.1039,0,0.0011,1,0.0073,0,-0.1039,-0.0072,0.9946,0,6.1442,10.187,-3.7932,1]},
{"frame":9,"values":[0.9997,-0.0032,-0.0231,0,0.0037,0.9997,0.0239,0,0.023,-0.024,0.9994,0,6.1442,10.187,-3.7932,1]},
{"frame":10,"values":[0.9959,-0.0053,-0.0905,0,0.0094,0.9989,0.0459,0,0.0902,-0.0466,0.9948,0,6.1442,10.187,-3.7932,1]},
{"frame":11,"values":[0.9999,-0.0067,-0.0084,0,0.007,0.9989,0.0462,0,0.0081,-0.0462,0.9989,0,6.1442,10.187,-3.7932,1]},
{"frame":12,"values":[0.9812,-0.0091,0.1928,0,-0.0019,0.9984,0.0566,0,-0.193,-0.0559,0.9796,0,6.1442,10.187,-3.7932,1]},
{"frame":13,"values":[0.9731,-0.0181,0.2298,0,-0.009,0.9932,0.1164,0,-0.2303,-0.1153,0.9663,0,6.1442,10.187,-3.7932,1]}],"loopBehavior":1,"name":"anim","property":"_matrix"}},
{"name":"LeftArm","index":55,"matrix":[0.6578,-0.2621,0.7061,0,0.7256,0.4721,-0.5006,0,-0.2021,0.8417,0.5007,0,12.3191,-1.113,-1.7935,1],"rest":[1,0,0,0,0,1,0,0,0,0,1,0,12.3191,-1.113,-1.7935,1],"parentBoneIndex":54,"length":27.687
,"animation":{"dataType":3,"framePerSecond":24,"keys":[
{"frame":1,"values":[0.6578,-0.2621,0.7061,0,0.7256,0.4721,-0.5006,0,-0.2021,0.8417,0.5007,0,12.3191,-1.113,-1.7935,1]},
{"frame":2,"values":[0.7384,-0.2542,0.6246,0,0.6556,0.4872,-0.5768,0,-0.1577,0.8355,0.5264,0,12.3191,-1.113,-1.7935,1]},
{"frame":3,"values":[0.7511,-0.2339,0.6173,0,0.6404,0.4852,-0.5953,0,-0.1603,0.8425,0.5143,0,12.3191,-1.113,-1.7935,1]},
{"frame":4,"values":[0.805,-0.3158,0.5023,0,0.5932,0.4475,-0.6692,0,-0.0134,0.8366,0.5476,0,12.3191,-1.113,-1.7935,1]},
{"frame":5,"values":[0.8019,-0.3798,0.4612,0,0.5958,0.4495,-0.6656,0,0.0455,0.8085,0.5867,0,12.3191,-1.113,-1.7935,1]},
{"frame":6,"values":[0.7722,-0.4129,0.483,0,0.635,0.4727,-0.611,0,0.0239,0.7785,0.6272,0,12.3191,-1.113,-1.7935,1]},
{"frame":7,"values":[0.7532,-0.465,0.4651,0,0.657,0.4986,-0.5654,0,0.031,0.7315,0.6811,0,12.3191,-1.113,-1.7935,1]},
{"frame":8,"values":[0.6672,-0.5655,0.4848,0,0.7419,0.4463,-0.5004,0,0.0666,0.6935,0.7173,0,12.3191,-1.113,-1.7935,1]},
{"frame":9,"values":[0.5288,-0.6583,0.5358,0,0.8444,0.3442,-0.4105,0,0.0858,0.6695,0.7378,0,12.3191,-1.113,-1.7935,1]},
{"frame":10,"values":[0.4285,-0.6576,0.6196,0,0.9003,0.2528,-0.3544,0,0.0764,0.7096,0.7004,0,12.3191,-1.113,-1.7935,1]},
{"frame":11,"values":[0.4615,-0.5427,0.7017,0,0.8871,0.2759,-0.3701,0,0.0073,0.7933,0.6088,0,12.3191,-1.113,-1.7935,1]},
{"frame":12,"values":[0.6002,-0.3715,0.7083,0,0.7918,0.4012,-0.4605,0,-0.1131,0.8372,0.535,0,12.3191,-1.113,-1.7935,1]},
{"frame":13,"values":[0.6578,-0.2623,0.706,0,0.7256,0.4721,-0.5007,0,-0.202,0.8416,0.5009,0,12.3191,-1.113,-1.7935,1]}],"loopBehavior":1,"name":"anim","property":"_matrix"}},
{"name":"LeftForeArm","index":56,"matrix":[0.1279,-0.0684,0.9894,0,0.9505,-0.2763,-0.142,0,0.283,0.9586,0.0296,0,27.687,0,0,1],"rest":[1,0,0,0,0,1,0,0,0,0,1,0,27.687,0,0,1],"parentBoneIndex":55,"length":27.8738
,"animation":{"dataType":3,"framePerSecond":24,"keys":[
{"frame":1,"values":[0.1279,-0.0684,0.9894,0,0.9505,-0.2763,-0.142,0,0.283,0.9586,0.0296,0,27.687,0,0,1]},
{"frame":2,"values":[0.1602,-0.0627,0.9851,0,0.9349,-0.3107,-0.1718,0,0.3168,0.9484,0.0089,0,27.687,0,0,1]},
{"frame":3,"values":[0.1131,-0.0663,0.9914,0,0.9453,-0.3,-0.1279,0,0.3058,0.9516,0.0288,0,27.687,0,0,1]},
{"frame":4,"values":[-0.0068,-0.0698,0.9975,0,0.9456,-0.3251,-0.0163,0,0.3254,0.9431,0.0682,0,27.687,0,0,1]},
{"frame":5,"values":[-0.0943,-0.0701,0.9931,0,0.9359,-0.3464,0.0644,0,0.3395,0.9355,0.0983,0,27.687,0,0,1]},
{"frame":6,"values":[-0.1116,-0.0702,0.9913,0,0.9349,-0.3456,0.0808,0,0.3369,0.9358,0.1042,0,27.687,0,0,1]},
{"frame":7,"values":[-0.1344,-0.0648,0.9888,0,0.9218,-0.3743,0.1008,0,0.3636,0.925,0.1101,0,27.687,0,0,1]},
{"frame":8,"values":[-0.1548,-0.0646,0.9858,0,0.9131,-0.3903,0.1178,0,0.3772,0.9184,0.1194,0,27.687,0,0,1]},
{"frame":9,"values":[-0.1318,-0.068,0.9889,0,0.9152,-0.3916,0.0951,0,0.3808,0.9176,0.1138,0,27.687,0,0,1]},
{"frame":10,"values":[-0.0465,-0.0716,0.9963,0,0.9235,-0.3833,0.0155,0,0.3808,0.9208,0.084,0,27.687,0,0,1]},
{"frame":11,"values":[0.0629,-0.0728,0.9954,0,0.9314,-0.3539,-0.0848,0,0.3584,0.9324,0.0455,0,27.687,0,0,1]},
{"frame":12,"values":[0.1717,-0.0702,0.9826,0,0.932,-0.3115,-0.1851,0,0.3191,0.9476,0.012,0,27.687,0,0,1]},
{"frame":13,"values":[0.1278,-0.0684,0.9894,0,0.9505,-0.2763,-0.1419,0,0.283,0.9586,0.0297,0,27.687,0,0,1]}],"loopBehavior":1,"name":"anim","property":"_matrix"}},
{"name":"LeftHand","index":57,"matrix":[0.989,0.0633,0.134,0,0.0466,0.7258,-0.6863,0,-0.1407,0.6849,0.7149,0,27.8738,0,0,1],"rest":[1,0,0,0,0,1,0.0003,0,0,-0.0003,1,0,27.8738,0,0,1],"parentBoneIndex":56,"length":9.2395
,"animation":{"dataType":3,"framePerSecond":24,"keys":[
{"frame":1,"values":[0.989,0.0633,0.134,0,0.0466,0.7258,-0.6863,0,-0.1407,0.6849,0.7149,0,27.8738,0,0,1]},
{"frame":2,"values":[0.9946,0.0688,0.078,0,-0.0013,0.7579,-0.6524,0,-0.104,0.6487,0.7539,0,27.8738,0,0,1]},
{"frame":3,"values":[0.9918,0.1202,0.0432,0,-0.0669,0.7771,-0.6258,0,-0.1088,0.6178,0.7788,0,27.8738,0,0,1]},
{"frame":4,"values":[0.9834,0.1784,0.0342,0,-0.1239,0.7965,-0.5918,0,-0.1328,0.5777,0.8054,0,27.8738,0,0,1]},
{"frame":5,"values":[0.9739,0.2113,0.0833,0,-0.1264,0.8091,-0.5739,0,-0.1887,0.5484,0.8147,0,27.8738,0,0,1]},
{"frame":6,"values":[0.9703,0.1965,0.141,0,-0.0768,0.8031,-0.5908,0,-0.2293,0.5625,0.7944,0,27.8738,0,0,1]},
{"frame":7,"values":[0.9648,0.1736,0.1974,0,-0.0223,0.8022,-0.5966,0,-0.2619,0.5713,0.7779,0,27.8738,0,0,1]},
{"frame":8,"values":[0.9703,0.135,0.2007,0,0.0002,0.8294,-0.5587,0,-0.2419,0.5421,0.8047,0,27.8738,0,0,1]},
{"frame":9,"values":[0.9842,0.0691,0.1632,0,0.0237,0.8613,-0.5076,0,-0.1757,0.5034,0.846,0,27.8738,0,0,1]},
{"frame":10,"values":[0.9949,-0.0014,0.1007,0,0.05,0.8748,-0.4819,0,-0.0874,0.4845,0.8704,0,27.8738,0,0,1]},
{"frame":11,"values":[0.9978,-0.0136,0.0654,0,0.0457,0.8533,-0.5194,0,-0.0487,0.5212,0.852,0,27.8738,0,0,1]},
{"frame":12,"values":[0.997,0.0144,0.0758,0,0.0353,0.7883,-0.6143,0,-0.0686,0.6152,0.7854,0,27.8738,0,0,1]},
{"frame":13,"values":[0.989,0.0633,0.134,0,0.0465,0.7258,-0.6863,0,-0.1407,0.6849,0.7149,0,27.8738,0,0,1]}],"loopBehavior":1,"name":"anim","property":"_matrix"}},
