{"producer":{"name":"Blender","version":"2.90.0","exporter_version":"2.80.1","file":"run.babylon"},
"autoClear":true,"clearColor":[0.0509,0.0509,0.0509],"gravity":[0,-9.81,0],
"materials":[{"name":"Material","id":"Material","customType":"BABYLON.PBRMaterial","backFaceCulling":true,"checkReadyOnlyOnce":false,"maxSimultaneousLights":4,"environmentIntensity":1,"albedo":[0.8,0.8,0.8],"reflectivity":[0.5,0.5,0.5],"roughness":0.4,"alpha":1,"transparencyMode":0,"alphaCutOff":0.4,"metallic":0}],
"multiMaterials":[],
"skeletons":[{"name":"Armature","id":0,"dimensionsAtRest":[188.1767,188.0947,21.7491],"bones":[
{"name":"Hips","index":0,"matrix":[0.9928,-0.0658,-0.1,0,0.0514,0.9889,-0.1396,0,-0.1081,-0.1334,-0.9851,0,0.2699,88.388,-0.5961,1],"rest":[1,0,0,0,0,1,0,0,0,0,-1,0,0,96.3764,0,1],"parentBoneIndex":-1,"length":9.9032
,"animation":{"dataType":3,"framePerSecond":24,"keys":[
{"frame":1,"values":[0.9928,-0.0658,-0.1,0,0.0514,0.9889,-0.1396,0,-0.1081,-0.1334,-0.9851,0,0.2699,88.388,-0.5961,1]},
{"frame":2,"values":[0.9966,-0.0252,-0.0782,0,0.0132,0.9885,-0.1507,0,-0.0811,-0.1491,-0.9855,0,-0.0138,90.2212,-1.8653,1]},
{"frame":3,"values":[0.9981,-0.0174,-0.0589,0,0.0065,0.9835,-0.1808,0,-0.0611,-0.1801,-0.9817,0,-0.3956,92.7248,-0.7724,1]},
{"frame":4,"values":[0.9995,-0.0194,-0.0238,0,0.0155,0.9878,-0.1551,0,-0.0265,-0.1547,-0.9876,0,-0.6972,92.4863,-0.6091,1]},
{"frame":5,"values":[0.998,0.0163,0.0615,0,-0.0091,0.9932,-0.116,0,0.063,-0.1152,-0.9913,0,-0.5872,90.278,0.3066,1]},
{"frame":6,"values":[0.9886,0.0745,0.1306,0,-0.0573,0.9897,-0.1309,0,0.1391,-0.1219,-0.9827,0,-0.2075,88.4626,1.5101,1]},
{"frame":7,"values":[0.9811,0.1344,0.139,0,-0.1084,0.9777,-0.1799,0,0.1601,-0.1614,-0.9738,0,0.3499,86.6801,4.35,1]},
{"frame":8,"values":[0.9851,0.0997,0.1401,0,-0.0692,0.9757,-0.2081,0,0.1574,-0.1953,-0.968,0,0.4351,87.1552,2.5671,1]},
{"frame":9,"values":[0.9878,0.0521,0.1469,0,-0.0197,0.9766,-0.2139,0,0.1546,-0.2084,-0.9657,0,0.8642,88.4158,-1.4757,1]},
{"frame":10,"values":[0.9888,0.039,0.144,0,-0.0069,0.976,-0.2175,0,0.149,-0.2141,-0.9654,0,1.19,91.537,-2.1855,1]},
{"frame":11,"values":[0.9903,0.0407,0.1328,0,-0.0123,0.978,-0.2084,0,0.1383,-0.2048,-0.969,0,1.1328,93.1374,-1.7337,1]},
{"frame":12,"values":[0.9924,0.039,0.1168,0,-0.0179,0.984,-0.1771,0,0.1219,-0.1736,-0.9772,0,1.1583,92.8903,-1.4283,1]},
{"frame":13,"values":[0.9982,0.0307,0.0509,0,-0.0222,0.9868,-0.1603,0,0.0552,-0.1589,-0.9858,0,1.2948,91.1474,-0.4435,1]},
{"frame":14,"values":[0.9985,-0.0139,-0.0529,0,0.005,0.9861,-0.1662,0,-0.0545,-0.1656,-0.9847,0,1.0056,89.6774,-0.8186,1]},
{"frame":15,"values":[0.9927,-0.0661,-0.1011,0,0.0501,0.9869,-0.1532,0,-0.1099,-0.147,-0.983,0,0.5074,88.6438,0.987,1]},
{"frame":16,"values":[0.9928,-0.0658,-0.1,0,0.0514,0.9889,-0.1396,0,-0.1081,-0.1334,-0.9851,0,0.2699,88.388,-0.5961,1]}],"loopBehavior":1,"name":"anim","property":"_matrix"}},
{"name":"Spine","index":1,"matrix":[0.968,0.0693,-0.2413,0,-0.0114,0.9722,0.2337,0,0.2508,-0.2235,0.9419,0,0,9.2263,1.5771,1],"rest":[1,0,0,0,0,1,0,0,0,0,1,0,0,9.2263,1.5771,1],"parentBoneIndex":0,"length":16.2548
,"animation":{"dataType":3,"framePerSecond":24,"keys":[
{"frame":1,"values":[0.968,0.0693,-0.2413,0,-0.0114,0.9722,0.2337,0,0.2508,-0.2235,0.9419,0,0,9.2263,1.5771,1]},
{"frame":2,"values":[0.9608,0.0103,-0.277,0,0.0266,0.9913,0.1289,0,0.2759,-0.1313,0.9522,0,0,9.2263,1.5771,1]},
{"frame":3,"values":[0.9567,0.0007,-0.2911,0,0.014,0.9987,0.0483,0,0.2907,-0.0503,0.9555,0,0,9.2263,1.5771,1]},
{"frame":4,"values":[0.9673,0.0111,-0.2535,0,0.0121,0.9959,0.0898,0,0.2535,-0.0899,0.9631,0,0,9.2263,1.5771,1]},
{"frame":5,"values":[0.9892,-0.0439,-0.1398,0,0.069,0.9812,0.1804,0,0.1292,-0.1881,0.9736,0,0,9.2263,1.5771,1]},
{"frame":6,"values":[0.9918,-0.1278,-0.0104,0,0.1263,0.9604,0.2482,0,-0.0218,-0.2475,0.9686,0,0,9.2263,1.5771,1]},
{"frame":7,"values":[0.9761,-0.1946,0.0963,0,0.1658,0.9544,0.2481,0,-0.1402,-0.2263,0.9639,0,0,9.2263,1.5771,1]},
{"frame":8,"values":[0.9647,-0.1609,0.2084,0,0.1324,0.9806,0.1443,0,-0.2276,-0.1117,0.9673,0,0,9.2263,1.5771,1]},
{"frame":9,"values":[0.953,-0.0781,0.2927,0,0.0777,0.9969,0.013,0,-0.2928,0.0104,0.9561,0,0,9.2263,1.5771,1]},
{"frame":10,"values":[0.9491,-0.0353,0.3129,0,0.0516,0.9977,-0.0439,0,-0.3106,0.0578,0.9488,0,0,9.2263,1.5771,1]},
{"frame":11,"values":[0.9554,-0.0439,0.292,0,0.0537,0.9982,-0.0255,0,-0.2904,0.0401,0.9561,0,0,9.2263,1.5771,1]},
{"frame":12,"values":[0.9709,-0.0511,0.2339,0,0.0424,0.9982,0.0423,0,-0.2356,-0.0311,0.9713,0,0,9.2263,1.5771,1]},
{"frame":13,"values":[0.994,-0.0296,0.1054,0,0.0139,0.9891,0.1469,0,-0.1086,-0.1445,0.9835,0,0,9.2263,1.5771,1]},
{"frame":14,"values":[0.9981,0.0318,-0.0526,0,-0.0182,0.9703,0.2411,0,0.0587,-0.2397,0.9691,0,0,9.2263,1.5771,1]},
{"frame":15,"values":[0.9825,0.0845,-0.1659,0,-0.0364,0.9612,0.2736,0,0.1826,-0.2628,0.9474,0,0,9.2263,1.5771,1]},
{"frame":16,"values":[0.968,0.0693,-0.2413,0,-0.0114,0.9722,0.2337,0,0.2508,-0.2235,0.9419,0,0,9.2263,1.5771,1]}],"loopBehavior":1,"name":"anim","property":"_matrix"}},
{"name":"Spine1","index":2,"matrix":[0.9992,0.0216,-0.0323,0,-0.0235,0.998,-0.0589,0,0.031,0.0596,0.9977,0,0,16.254,-0.1656,1],"rest":[1,0,0,0,0,1,0,0,0,0,1,0,0,16.254,-0.1656,1],"parentBoneIndex":1,"length":13.7007
,"animation":{"dataType":3,"framePerSecond":24,"keys":[
{"frame":1,"values":[0.9992,0.0216,-0.0323,0,-0.0235,0.998,-0.0589,0,0.031,0.0596,0.9977,0,0,16.254,-0.1656,1]},
{"frame":2,"values":[0.9992,0.0175,-0.0361,0,-0.0184,0.9995,-0.0275,0,0.0356,0.0281,0.999,0,0,16.254,-0.1656,1]},
{"frame":3,"values":[0.9993,0.0017,-0.0386,0,-0.0017,1,-0.0016,0,0.0386,0.0017,0.9993,0,0,16.254,-0.1656,1]},
{"frame":4,"values":[0.9994,-0.0011,-0.034,0,0.001,1,-0.002,0,0.034,0.0019,0.9994,0,0,16.254,-0.1656,1]},
{"frame":5,"values":[0.9995,0.0267,-0.0172,0,-0.027,0.9994,-0.0225,0,0.0165,0.0229,0.9996,0,0,16.254,-0.1656,1]},
{"frame":6,"values":[0.9983,0.0591,0.0001,0,-0.059,0.9967,-0.0562,0,-0.0035,0.0561,0.9984,0,0,16.254,-0.1656,1]},
{"frame":7,"values":[0.997,0.0761,0.0145,0,-0.0753,0.996,-0.0474,0,-0.018,0.0461,0.9988,0,0,16.254,-0.1656,1]},
{"frame":8,"values":[0.9968,0.0732,0.0306,0,-0.0733,0.9973,0.0027,0,-0.0304,-0.005,0.9995,0,0,16.254,-0.1656,1]},
{"frame":9,"values":[0.9978,0.0527,0.0413,0,-0.0541,0.998,0.0334,0,-0.0395,-0.0356,0.9986,0,0,16.254,-0.1656,1]},
{"frame":10,"values":[0.998,0.0473,0.0429,0,-0.0492,0.9978,0.0443,0,-0.0407,-0.0463,0.9981,0,0,16.254,-0.1656,1]},
{"frame":11,"values":[0.9974,0.0592,0.0401,0,-0.0609,0.9972,0.043,0,-0.0374,-0.0453,0.9983,0,0,16.254,-0.1656,1]},
{"frame":12,"values":[0.9973,0.066,0.0334,0,-0.0668,0.9974,0.0256,0,-0.0316,-0.0277,0.9991,0,0,16.254,-0.1656,1]},
{"frame":13,"values":[0.9988,0.0458,0.0162,0,-0.0458,0.9989,-0.0044,0,-0.0164,0.0036,0.9999,0,0,16.254,-0.1656,1]},
{"frame":14,"values":[0.9998,0.0215,-0.0054,0,-0.0217,0.9992,-0.035,0,0.0046,0.0351,0.9994,0,0,16.254,-0.1656,1]},
{"frame":15,"values":[0.9996,0.0181,-0.0224,0,-0.0194,0.998,-0.0604,0,0.0213,0.0608,0.9979,0,0,16.254,-0.1656,1]},
{"frame":16,"values":[0.9992,0.0216,-0.0323,0,-0.0235,0.998,-0.0589,0,0.031,0.0596,0.9977,0,0,16.254,-0.1656,1]}],"loopBehavior":1,"name":"anim","property":"_matrix"}},
{"name":"Spine2","index":3,"matrix":[0.9993,0.0194,-0.0323,0,-0.0213,0.9981,-0.0581,0,0.0311,0.0588,0.9978,0,0,13.6396,-1.2923,1],"rest":[1,0,0,0,0,1,0,0,0,0,1,0,0,13.6396,-1.2923,1],"parentBoneIndex":2,"length":13.1719
,"animation":{"dataType":3,"framePerSecond":24,"keys":[
{"frame":1,"values":[0.9993,0.0194,-0.0323,0,-0.0213,0.9981,-0.0581,0,0.0311,0.0588,0.9978,0,0,13.6396,-1.2923,1]},
{"frame":2,"values":[0.9992,0.0154,-0.036,0,-0.0165,0.9995,-0.0283,0,0.0355,0.0289,0.999,0,0,13.6396,-1.2923,1]},
{"frame":3,"values":[0.9993,0.0012,-0.0386,0,-0.0013,1,-0.0024,0,0.0386,0.0025,0.9993,0,0,13.6396,-1.2923,1]},
{"frame":4,"values":[0.9994,-0.0008,-0.0337,0,0.0008,1,-0.001,0,0.0337,0.001,0.9994,0,0,13.6396,-1.2923,1]},
{"frame":5,"values":[0.9995,0.0254,-0.0173,0,-0.0258,0.9994,-0.024,0,0.0167,0.0244,0.9996,0,0,13.6396,-1.2923,1]},
{"frame":6,"values":[0.9983,0.059,0.0001,0,-0.0589,0.9967,-0.0567,0,-0.0035,0.0566,0.9984,0,0,13.6396,-1.2923,1]},
{"frame":7,"values":[0.9969,0.0773,0.0145,0,-0.0766,0.9961,-0.0436,0,-0.0178,0.0424,0.9989,0,0,13.6396,-1.2923,1]},
{"frame":8,"values":[0.997,0.0713,0.0309,0,-0.0721,0.9971,0.0261,0,-0.029,-0.0282,0.9992,0,0,13.6396,-1.2923,1]},
{"frame":9,"values":[0.9979,0.0485,0.0426,0,-0.0522,0.9947,0.0889,0,-0.038,-0.0909,0.9951,0,0,13.6396,-1.2923,1]},
{"frame":10,"values":[0.9982,0.0398,0.0452,0,-0.0448,0.9923,0.1152,0,-0.0403,-0.117,0.9923,0,0,13.6396,-1.2923,1]},
{"frame":11,"values":[0.9977,0.0528,0.0435,0,-0.0573,0.9922,0.111,0,-0.0373,-0.1132,0.9929,0,0,13.6396,-1.2923,1]},
{"frame":12,"values":[0.9975,0.0614,0.0353,0,-0.0639,0.9953,0.0721,0,-0.0307,-0.0742,0.9968,0,0,13.6396,-1.2923,1]},
{"frame":13,"values":[0.9988,0.0459,0.0163,0,-0.0461,0.9989,0.0106,0,-0.0158,-0.0113,0.9998,0,0,13.6396,-1.2923,1]},
{"frame":14,"values":[0.9997,0.0249,-0.0058,0,-0.0251,0.999,-0.037,0,0.0049,0.0371,0.9993,0,0,13.6396,-1.2923,1]},
{"frame":15,"values":[0.9996,0.0184,-0.0228,0,-0.0197,0.998,-0.0607,0,0.0217,0.0611,0.9979,0,0,13.6396,-1.2923,1]},
{"frame":16,"values":[0.9993,0.0194,-0.0323,0,-0.0213,0.9981,-0.0581,0,0.0311,0.0588,0.9978,0,0,13.6396,-1.2923,1]}],"loopBehavior":1,"name":"anim","property":"_matrix"}},
{"name":"Neck","index":4,"matrix":[0.9976,-0.0565,0.0391,0,0.0533,0.9955,0.0787,0,-0.0433,-0.0764,0.9961,0,0,13.8774,-4.3542,1],"rest":[1,0,0,0,0,1,0,0,0,0,1,0,0,13.8774,-4.3542,1],"parentBoneIndex":3,"length":4.4379
,"animation":{"dataType":3,"framePerSecond":24,"keys":[
{"frame":1,"values":[0.9976,-0.0565,0.0391,0,0.0533,0.9955,0.0787,0,-0.0433,-0.0764,0.9961,0,0,13.8774,-4.3542,1]},
{"frame":2,"values":[0.9972,-0.0534,0.0514,0,0.048,0.9936,0.1021,0,-0.0565,-0.0994,0.9934,0,0,13.8774,-4.3542,1]},
{"frame":3,"values":[0.997,-0.0498,0.0599,0,0.0451,0.9959,0.0782,0,-0.0635,-0.0753,0.9951,0,0,13.8774,-4.3542,1]},
{"frame":4,"values":[0.9961,-0.0664,0.0582,0,0.0636,0.9968,0.0493,0,-0.0613,-0.0454,0.9971,0,0,13.8774,-4.3542,1]},
{"frame":5,"values":[0.9946,-0.0927,0.0464,0,0.0905,0.9947,0.0485,0,-0.0507,-0.0441,0.9977,0,0,13.8774,-4.3542,1]},
{"frame":6,"values":[0.9952,-0.0939,0.0284,0,0.0922,0.9942,0.0553,0,-0.0334,-0.0524,0.9981,0,0,13.8774,-4.3542,1]},
{"frame":7,"values":[0.9979,-0.0636,0.0094,0,0.0632,0.9973,0.037,0,-0.0117,-0.0364,0.9993,0,0,13.8774,-4.3542,1]},
{"frame":8,"values":[0.9995,-0.0315,-0.0101,0,0.0316,0.9995,0.0079,0,0.0099,-0.0083,0.9999,0,0,13.8774,-4.3542,1]},
{"frame":9,"values":[0.9995,-0.0208,-0.0245,0,0.0207,0.9998,-0.0056,0,0.0246,0.0051,0.9997,0,0,13.8774,-4.3542,1]},
{"frame":10,"values":[0.9993,-0.0223,-0.0298,0,0.022,0.9997,-0.0106,0,0.03,0.0099,0.9995,0,0,13.8774,-4.3542,1]},
{"frame":11,"values":[0.9994,-0.0204,-0.0276,0,0.0198,0.9996,-0.0203,0,0.028,0.0197,0.9994,0,0,13.8774,-4.3542,1]},
{"frame":12,"values":[0.9996,-0.0188,-0.0199,0,0.0182,0.9994,-0.0308,0,0.0205,0.0304,0.9993,0,0,13.8774,-4.3542,1]},
{"frame":13,"values":[0.9996,-0.0276,-0.0074,0,0.0273,0.9991,-0.0334,0,0.0083,0.0332,0.9994,0,0,13.8774,-4.3542,1]},
{"frame":14,"values":[0.999,-0.0433,0.0081,0,0.0434,0.9989,-0.0202,0,-0.0072,0.0206,0.9998,0,0,13.8774,-4.3542,1]},
{"frame":15,"values":[0.9982,-0.0545,0.0241,0,0.054,0.9983,0.0198,0,-0.0252,-0.0184,0.9995,0,0,13.8774,-4.3542,1]},
{"frame":16,"values":[0.9976,-0.0565,0.0391,0,0.0533,0.9955,0.0787,0,-0.0433,-0.0764,0.9961,0,0,13.8774,-4.3542,1]}],"loopBehavior":1,"name":"anim","property":"_matrix"}},
{"name":"Neck1","index":5,"matrix":[1,0,0,0,0,1,0,0,0,0,1,0,0,4.34,0.9269,1],"rest":[1,0,0,0,0,1,0,0,0,0,1,0,0,4.34,0.9269,1],"parentBoneIndex":4,"length":6.2291
,"animation":{"dataType":3,"framePerSecond":24,"keys":[
{"frame":1,"values":[1,0,0,0,0,1,0,0,0,0,1,0,0,4.34,0.9269,1]},
{"frame":16,"values":[1,0,0,0,0,1,0,0,0,0,1,0,0,4.34,0.9269,1]}],"loopBehavior":1,"name":"anim","property":"_matrix"}},
{"name":"Head","index":6,"matrix":[0.9932,0.0347,0.1108,0,0.0049,0.9411,-0.3382,0,-0.116,0.3365,0.9345,0,0,4.0266,0.8585,1],"rest":[1,0,0,0,0,1,0,0,0,0,1,0,0,4.0266,0.8585,1],"parentBoneIndex":5,"length":14.8424
,"animation":{"dataType":3,"framePerSecond":24,"keys":[
{"frame":1,"values":[0.9932,0.0347,0.1108,0,0.0049,0.9411,-0.3382,0,-0.116,0.3365,0.9345,0,0,4.0266,0.8585,1]},
{"frame":2,"values":[0.9828,0.0489,0.1782,0,0.0066,0.9544,-0.2983,0,-0.1847,0.2944,0.9377,0,0,4.0266,0.8585,1]},
{"frame":3,"values":[0.9754,0.0538,0.2138,0,0.0074,0.9611,-0.2759,0,-0.2204,0.2707,0.9371,0,0,4.0266,0.8585,1]},
{"frame":4,"values":[0.9766,0.0633,0.2055,0,-0.0011,0.9571,-0.2897,0,-0.215,0.2827,0.9348,0,0,4.0266,0.8585,1]},
{"frame":5,"values":[0.984,0.0692,0.164,0,-0.0112,0.9435,-0.3311,0,-0.1776,0.324,0.9292,0,0,4.0266,0.8585,1]},
{"frame":6,"values":[0.9929,0.0631,0.101,0,-0.0203,0.9253,-0.3787,0,-0.1173,0.3739,0.92,0,0,4.0266,0.8585,1]},
{"frame":7,"values":[0.9995,0.0265,0.0167,0,-0.0178,0.9193,-0.3931,0,-0.0258,0.3926,0.9193,0,0,4.0266,0.8585,1]},
{"frame":8,"values":[0.9962,-0.0273,-0.083,0,-0.0042,0.9339,-0.3574,0,0.0872,0.3564,0.9303,0,0,4.0266,0.8585,1]},
{"frame":9,"values":[0.9862,-0.0559,-0.1559,0,0.007,0.9547,-0.2975,0,0.1655,0.2923,0.9419,0,0,4.0266,0.8585,1]},
{"frame":10,"values":[0.9827,-0.0632,-0.174,0,0.015,0.964,-0.2654,0,0.1845,0.2583,0.9483,0,0,4.0266,0.8585,1]},
{"frame":11,"values":[0.9848,-0.0779,-0.1552,0,0.0302,0.9568,-0.2892,0,0.171,0.2801,0.9446,0,0,4.0266,0.8585,1]},
{"frame":12,"values":[0.99,-0.0859,-0.1121,0,0.0451,0.9446,-0.3252,0,0.1338,0.3169,0.939,0,0,4.0266,0.8585,1]},
{"frame":13,"values":[0.9961,-0.0685,-0.0564,0,0.046,0.9423,-0.3315,0,0.0759,0.3276,0.9418,0,0,4.0266,0.8585,1]},
{"frame":14,"values":[0.9992,-0.038,-0.0082,0,0.0331,0.9426,-0.3322,0,0.0204,0.3316,0.9432,0,0,4.0266,0.8585,1]},
{"frame":15,"values":[0.9992,-0.0001,0.0402,0,0.0141,0.9375,-0.3477,0,-0.0376,0.348,0.9368,0,0,4.0266,0.8585,1]},
{"frame":16,"values":[0.9932,0.0347,0.1108,0,0.0049,0.9411,-0.3382,0,-0.116,0.3365,0.9345,0,0,4.0266,0.8585,1]}],"loopBehavior":1,"name":"anim","property":"_matrix"}},
{"name":"L_Ear","index":7,"matrix":[1,0,0,0,0,1,0,0,0,0,1,0,6.8586,8.862,3.3161,1],"rest":[1,0,0,0,0,1,0,0,0,0,1,0,6.8586,8.862,3.3161,1],"parentBoneIndex":6,"length":14.8424
,"animation":{"dataType":3,"framePerSecond":24,"keys":[
{"frame":1,"values":[1,0,0,0,0,1,0,0,0,0,1,0,6.8586,8.862,3.3161,1]},
{"frame":16,"values":[1,0,0,0,0,1,0,0,0,0,1,0,6.8586,8.862,3.3161,1]}],"loopBehavior":1,"name":"anim","property":"_matrix"}},
{"name":"Jaw","index":8,"matrix":[1,0,0,0,0,1,0,0,0,0,1,0,0.0038,6.235,4.4131,1],"rest":[1,0,0,0,0,1,0,0,0,0,1,0,0.0038,6.235,4.4131,1],"parentBoneIndex":6,"length":8.9884
,"animation":{"dataType":3,"framePerSecond":24,"keys":[
{"frame":1,"values":[1,0,0,0,0,1,0,0,0,0,1,0,0.0038,6.235,4.4131,1]},
{"frame":16,"values":[1,0,0,0,0,1,0,0,0,0,1,0,0.0038,6.235,4.4131,1]}],"loopBehavior":1,"name":"anim","property":"_matrix"}},
{"name":"TongueBack","index":9,"matrix":[1,0,0,0,0,1,0,0,0,0,1,0,0,-3.3518,4.6468,1],"rest":[1,0,0,0,0,1,0,0,0,0,1,0,0,-3.3518,4.6468,1],"parentBoneIndex":8,"length":1.6664
,"animation":{"dataType":3,"framePerSecond":24,"keys":[
{"frame":1,"values":[1,0,0,0,0,1,0,0,0,0,1,0,0,-3.3518,4.6468,1]},
{"frame":16,"values":[1,0,0,0,0,1,0,0,0,0,1,0,0,-3.3518,4.6468,1]}],"loopBehavior":1,"name":"anim","property":"_matrix"}},
{"name":"TongueMid","index":10,"matrix":[1,0,0,0,0,1,0,0,0,0,1,0,0,0.0424,1.6659,1],"rest":[1,0,0,0,0,1,0,0,0,0,1,0,0,0.0424,1.6659,1],"parentBoneIndex":9,"length":1.3562
,"animation":{"dataType":3,"framePerSecond":24,"keys":[
{"frame":1,"values":[1,0,0,0,0,1,0,0,0,0,1,0,0,0.0424,1.6659,1]},
{"frame":16,"values":[1,0,0,0,0,1,0,0,0,0,1,0,0,0.0424,1.6659,1]}],"loopBehavior":1,"name":"anim","property":"_matrix"}},
{"name":"TongueTip","index":11,"matrix":[1,0,0,0,0,1,0,0,0,0,1,0,0,-0.4344,1.2847,1],"rest":[1,0,0,0,0,1,0,0,0,0,1,0,0,-0.4344,1.2847,1],"parentBoneIndex":10,"length":1.3562
,"animation":{"dataType":3,"framePerSecond":24,"keys":[
{"frame":1,"values":[1,0,0,0,0,1,0,0,0,0,1,0,0,-0.4344,1.2847,1]},
{"frame":16,"values":[1,0,0,0,0,1,0,0,0,0,1,0,0,-0.4344,1.2847,1]}],"loopBehavior":1,"name":"anim","property":"_matrix"}},
{"name":"Chin","index":12,"matrix":[1,0,0,0,0,1,0,0,0,0,1,0,-0.0038,-6.1605,9.1241,1],"rest":[1,0,0,0,0,1,0,0,0,0,1,0,-0.0038,-6.1605,9.1241,1],"parentBoneIndex":8,"length":8.9884
,"animation":{"dataType":3,"framePerSecond":24,"keys":[
{"frame":1,"values":[1,0,0,0,0,1,0,0,0,0,1,0,-0.0038,-6.1605,9.1241,1]},
{"frame":16,"values":[1,0,0,0,0,1,0,0,0,0,1,0,-0.0038,-6.1605,9.1241,1]}],"loopBehavior":1,"name":"anim","property":"_matrix"}},
{"name":"LowerChin","index":13,"matrix":[1,0,0,0,0,1,0,0,0,0,1,0,-0.0038,-8.2784,6.0042,1],"rest":[1,0,0,0,0,1,0,0,0,0,1,0,-0.0038,-8.2784,6.0042,1],"parentBoneIndex":8,"length":8.9884
,"animation":{"dataType":3,"framePerSecond":24,"keys":[
{"frame":1,"values":[1,0,0,0,0,1,0,0,0,0,1,0,-0.0038,-8.2784,6.0042,1]},
{"frame":16,"values":[1,0,0,0,0,1,0,0,0,0,1,0,-0.0038,-8.2784,6.0042,1]}],"loopBehavior":1,"name":"anim","property":"_matrix"}},
{"name":"L_Temple","index":14,"matrix":[1,0,0,0,0,1,0,0,0,0,1,0,6.7164,11.953,7.4033,1],"rest":[1,0,0,0,0,1,0,0,0,0,1,0,6.7164,11.953,7.4033,1],"parentBoneIndex":6,"length":14.8424
,"animation":{"dataType":3,"framePerSecond":24,"keys":[
{"frame":1,"values":[1,0,0,0,0,1,0,0,0,0,1,0,6.7164,11.953,7.4033,1]},
{"frame":16,"values":[1,0,0,0,0,1,0,0,0,0,1,0,6.7164,11.953,7.4033,1]}],"loopBehavior":1,"name":"anim","property":"_matrix"}},
{"name":"L_IOuterBrow","index":15,"matrix":[1,0,0,0,0,1,0,0,0,0,1,0,5.185,11.3348,12.3701,1],"rest":[1,0,0,0,0,1,0,0,0,0,1,0,5.185,11.3348,12.3701,1],"parentBoneIndex":6,"length":14.8424
,"animation":{"dataType":3,"framePerSecond":24,"keys":[
{"frame":1,"values":[1,0,0,0,0,1,0,0,0,0,1,0,5.185,11.3348,12.3701,1]},
{"frame":16,"values":[1,0,0,0,0,1,0,0,0,0,1,0,5.185,11.3348,12.3701,1]}],"loopBehavior":1,"name":"anim","property":"_matrix"}},
{"name":"L_MidBrow","index":16,"matrix":[1,0,0,0,0,1,0,0,0,0,1,0,3.3668,11.4156,13.6166,1],"rest":[1,0,0,0,0,1,0,0,0,0,1,0,3.3668,11.4156,13.6166,1],"parentBoneIndex":6,"length":14.8424
,"animation":{"dataType":3,"framePerSecond":24,"keys":[
{"frame":1,"values":[1,0,0,0,0,1,0,0,0,0,1,0,3.3668,11.4156,13.6166,1]},
{"frame":16,"values":[1,0,0,0,0,1,0,0,0,0,1,0,3.3668,11.4156,13.6166,1]}],"loopBehavior":1,"name":"anim","property":"_matrix"}},
{"name":"L_InnerBrow","index":17,"matrix":[1,0,0,0,0,1,0,0,0,0,1,0,1.6599,10.7576,14.115,1],"rest":[1,0,0,0,0,1,0,0,0,0,1,0,1.6599,10.7576,14.115,1],"parentBoneIndex":6,"length":14.8424
,"animation":{"dataType":3,"framePerSecond":24,"keys":[
{"frame":1,"values":[1,0,0,0,0,1,0,0,0,0,1,0,1.6599,10.7576,14.115,1]},
{"frame":16,"values":[1,0,0,0,0,1,0,0,0,0,1,0,1.6599,10.7576,14.115,1]}],"loopBehavior":1,"name":"anim","property":"_matrix"}},
{"name":"L_Eye","index":18,"matrix":[1,0,0,0,0,1,0,0,0,0,1,0,3.0989,9.6989,11.4382,1],"rest":[1,0,0,0,0,1,0,0,0,0,1,0,3.0989,9.6989,11.4382,1],"parentBoneIndex":6,"length":14.8424
,"animation":{"dataType":3,"framePerSecond":24,"keys":[
{"frame":1,"values":[1,0,0,0,0,1,0,0,0,0,1,0,3.0989,9.6989,11.4382,1]},
{"frame":16,"values":[1,0,0,0,0,1,0,0,0,0,1,0,3.0989,9.6989,11.4382,1]}],"loopBehavior":1,"name":"anim","property":"_matrix"}},
{"name":"L_EyelidLower","index":19,"matrix":[1,0,0,0,0,1,0,0,0,0,1,0,3.0989,9.6989,11.4382,1],"rest":[1,0,0,0,0,1,0,0,0,0,1,0,3.0989,9.6989,11.4382,1],"parentBoneIndex":6,"length":14.8424
,"animation":{"dataType":3,"framePerSecond":24,"keys":[
{"frame":1,"values":[1,0,0,0,0,1,0,0,0,0,1,0,3.0989,9.6989,11.4382,1]},
{"frame":16,"values":[1,0,0,0,0,1,0,0,0,0,1,0,3.0989,9.6989,11.4382,1]}],"loopBehavior":1,"name":"anim","property":"_matrix"}},
{"name":"L_EyelidUpper","index":20,"matrix":[1,0,0,0,0,1,0,0,0,0,1,0,3.0989,9.6989,11.4382,1],"rest":[1,0,0,0,0,1,0,0,0,0,1,0,3.0989,9.6989,11.4382,1],"parentBoneIndex":6,"length":14.8424
,"animation":{"dataType":3,"framePerSecond":24,"keys":[
{"frame":1,"values":[1,0,0,0,0,1,0,0,0,0,1,0,3.0989,9.6989,11.4382,1]},
{"frame":16,"values":[1,0,0,0,0,1,0,0,0,0,1,0,3.0989,9.6989,11.4382,1]}],"loopBehavior":1,"name":"anim","property":"_matrix"}},
{"name":"L_InnerCheek","index":21,"matrix":[1,0,0,0,0,1,0,0,0,0,1,0,2.1484,7.4937,13.4347,1],"rest":[1,0,0,0,0,1,0,0,0,0,1,0,2.1484,7.4937,13.4347,1],"parentBoneIndex":6,"length":14.8424
,"animation":{"dataType":3,"framePerSecond":24,"keys":[
{"frame":1,"values":[1,0,0,0,0,1,0,0,0,0,1,0,2.1484,7.4937,13.4347,1]},
{"frame":16,"values":[1,0,0,0,0,1,0,0,0,0,1,0,2.1484,7.4937,13.4347,1]}],"loopBehavior":1,"name":"anim","property":"_matrix"}},
{"name":"L_LowerCheek","index":22,"matrix":[1,0,0,0,0,1,0,0,0,0,1,0,4.3527,2.5675,9.9423,1],"rest":[1,0,0,0,0,1,0,0,0,0,1,0,4.3527,2.5675,9.9423,1],"parentBoneIndex":6,"length":14.8424
,"animation":{"dataType":3,"framePerSecond":24,"keys":[
{"frame":1,"values":[1,0,0,0,0,1,0,0,0,0,1,0,4.3527,2.5675,9.9423,1]},
{"frame":16,"values":[1,0,0,0,0,1,0,0,0,0,1,0,4.3527,2.5675,9.9423,1]}],"loopBehavior":1,"name":"anim","property":"_matrix"}},
{"name":"L_LipCorner","index":23,"matrix":[1,0,0,0,0,1,0,0,0,0,1,0,2.9076,2.9095,12.5938,1],"rest":[1,0,0,0,0,1,0,0,0,0,1,0,2.9076,2.9095,12.5938,1],"parentBoneIndex":6,"length":0.9548
,"animation":{"dataType":3,"framePerSecond":24,"keys":[
{"frame":1,"values":[1,0,0,0,0,1,0,0,0,0,1,0,2.9076,2.9095,12.5938,1]},
{"frame":16,"values":[1,0,0,0,0,1,0,0,0,0,1,0,2.9076,2.9095,12.5938,1]}],"loopBehavior":1,"name":"anim","property":"_matrix"}},
{"name":"L_LipCornerLowTweak","index":24,"matrix":[1,0,0,0,0,1,0,0,0,0,1,0,-0.8072,-0.3254,0.4547,1],"rest":[1,0,0,0,0,1,0,0,0,0,1,0,-0.8072,-0.3254,0.4547,1],"parentBoneIndex":23,"length":0.9548
,"animation":{"dataType":3,"framePerSecond":24,"keys":[
{"frame":1,"values":[1,0,0,0,0,1,0,0,0,0,1,0,-0.8072,-0.3254,0.4547,1]},
{"frame":16,"values":[1,0,0,0,0,1,0,0,0,0,1,0,-0.8072,-0.3254,0.4547,1]}],"loopBehavior":1,"name":"anim","property":"_matrix"}},
{"name":"L_LipCornerUpTweak","index":25,"matrix":[1,0,0,0,0,1,0,0,0,0,1,0,-0.7251,0.0237,0.5782,1],"rest":[1,0,0,0,0,1,0,0,0,0,1,0,-0.7251,0.0237,0.5782,1],"parentBoneIndex":23,"length":0.9548
,"animation":{"dataType":3,"framePerSecond":24,"keys":[
{"frame":1,"values":[1,0,0,0,0,1,0,0,0,0,1,0,-0.7251,0.0237,0.5782,1]},
{"frame":16,"values":[1,0,0,0,0,1,0,0,0,0,1,0,-0.7251,0.0237,0.5782,1]}],"loopBehavior":1,"name":"anim","property":"_matrix"}},
{"name":"L_LipLower","index":26,"matrix":[1,0,0,0,0,1,0,0,0,0,1,0,1.2586,2.3762,13.5915,1],"rest":[1,0,0,0,0,1,0,0,0,0,1,0,1.2586,2.3762,13.5915,1],"parentBoneIndex":6,"length":14.8424
,"animation":{"dataType":3,"framePerSecond":24,"keys":[
{"frame":1,"values":[1,0,0,0,0,1,0,0,0,0,1,0,1.2586,2.3762,13.5915,1]},
{"frame":16,"values":[1,0,0,0,0,1,0,0,0,0,1,0,1.2586,2.3762,13.5915,1]}],"loopBehavior":1,"name":"anim","property":"_matrix"}},
{"name":"L_LipUpper","index":27,"matrix":[1,0,0,0,0,1,0,0,0,0,1,0,1.2981,3.1535,13.8987,1],"rest":[1,0,0,0,0,1,0,0,0,0,1,0,1.2981,3.1535,13.8987,1],"parentBoneIndex":6,"length":14.8424
,"animation":{"dataType":3,"framePerSecond":24,"keys":[
{"frame":1,"values":[1,0,0,0,0,1,0,0,0,0,1,0,1.2981,3.1535,13.8987,1]},
{"frame":16,"values":[1,0,0,0,0,1,0,0,0,0,1,0,1.2981,3.1535,13.8987,1]}],"loopBehavior":1,"name":"anim","property":"_matrix"}},
{"name":"LipMidLower","index":28,"matrix":[1,0,0,0,0,1,0,0,0,0,1,0,0,2.4182,14.0113,1],"rest":[1,0,0,0,0,1,0,0,0,0,1,0,0,2.4182,14.0113,1],"parentBoneIndex":6,"length":14.8424
,"animation":{"dataType":3,"framePerSecond":24,"keys":[
{"frame":1,"values":[1,0,0,0,0,1,0,0,0,0,1,0,0,2.4182,14.0113,1]},
{"frame":16,"values":[1,0,0,0,0,1,0,0,0,0,1,0,0,2.4182,14.0113,1]}],"loopBehavior":1,"name":"anim","property":"_matrix"}},
{"name":"LipMidUpper","index":29,"matrix":[1,0,0,0,0,1,0,0,0,0,1,0,0,3.2177,14.3127,1],"rest":[1,0,0,0,0,1,0,0,0,0,1,0,0,3.2177,14.3127,1],"parentBoneIndex":6,"length":14.8424
,"animation":{"dataType":3,"framePerSecond":24,"keys":[
{"frame":1,"values":[1,0,0,0,0,1,0,0,0,0,1,0,0,3.2177,14.3127,1]},
{"frame":16,"values":[1,0,0,0,0,1,0,0,0,0,1,0,0,3.2177,14.3127,1]}],"loopBehavior":1,"name":"anim","property":"_matrix"}},
{"name":"L_CheekFold","index":30,"matrix":[1,0,0,0,0,1,0,0,0,0,1,0,2.8997,4.8397,12.9905,1],"rest":[1,0,0,0,0,1,0,0,0,0,1,0,2.8997,4.8397,12.9905,1],"parentBoneIndex":6,"length":14.8424
,"animation":{"dataType":3,"framePerSecond":24,"keys":[
{"frame":1,"values":[1,0,0,0,0,1,0,0,0,0,1,0,2.8997,4.8397,12.9905,1]},
{"frame":16,"values":[1,0,0,0,0,1,0,0,0,0,1,0,2.8997,4.8397,12.9905,1]}],"loopBehavior":1,"name":"anim","property":"_matrix"}},
{"name":"L_Nostril","index":31,"matrix":[1,0,0,0,0,1,0,0,0,0,1,0,1.2793,5.2449,14.0405,1],"rest":[1,0,0,0,0,1,0,0,0,0,1,0,1.2793,5.2449,14.0405,1],"parentBoneIndex":6,"length":14.8424
,"animation":{"dataType":3,"framePerSecond":24,"keys":[
{"frame":1,"values":[1,0,0,0,0,1,0,0,0,0,1,0,1.2793,5.2449,14.0405,1]},
{"frame":16,"values":[1,0,0,0,0,1,0,0,0,0,1,0,1.2793,5.2449,14.0405,1]}],"loopBehavior":1,"name":"anim","property":"_matrix"}},
{"name":"Scalp","index":32,"matrix":[1,0,0,0,0,1,0,0,0,0,1,0,0.0038,15.512,8.5871,1],"rest":[1,0,0,0,0,1,0,0,0,0,1,0,0.0038,15.512,8.5871,1],"parentBoneIndex":6,"length":14.8424
,"animation":{"dataType":3,"framePerSecond":24,"keys":[
{"frame":1,"values":[1,0,0,0,0,1,0,0,0,0,1,0,0.0038,15.512,8.5871,1]},
{"frame":16,"values":[1,0,0,0,0,1,0,0,0,0,1,0,0.0038,15.512,8.5871,1]}],"loopBehavior":1,"name":"anim","property":"_matrix"}},
{"name":"L_OuterCheek","index":33,"matrix":[1,0,0,0,0,1,0,0,0,0,1,0,4.805,7.1686,11.679,1],"rest":[1,0,0,0,0,1,0,0,0,0,1,0,4.805,7.1686,11.679,1],"parentBoneIndex":6,"length":14.8424
,"animation":{"dataType":3,"framePerSecond":24,"keys":[
{"frame":1,"values":[1,0,0,0,0,1,0,0,0,0,1,0,4.805,7.1686,11.679,1]},
{"frame":16,"values":[1,0,0,0,0,1,0,0,0,0,1,0,4.805,7.1686,11.679,1]}],"loopBehavior":1,"name":"anim","property":"_matrix"}},
{"name":"R_LipLower","index":34,"matrix":[1,0,0,0,0,1,0,0,0,0,1,0,-1.2586,2.3762,13.5915,1],"rest":[1,0,0,0,0,1,0,0,0,0,1,0,-1.2586,2.3762,13.5915,1],"parentBoneIndex":6,"length":14.8424
,"animation":{"dataType":3,"framePerSecond":24,"keys":[
{"frame":1,"values":[1,0,0,0,0,1,0,0,0,0,1,0,-1.2586,2.3762,13.5915,1]},
{"frame":16,"values":[1,0,0,0,0,1,0,0,0,0,1,0,-1.2586,2.3762,13.5915,1]}],"loopBehavior":1,"name":"anim","property":"_matrix"}},
{"name":"RightNostril","index":35,"matrix":[1,0,0,0,0,1,0,0,0,0,1,0,-1.2793,5.2449,14.0405,1],"rest":[1,0,0,0,0,1,0,0,0,0,1,0,-1.2793,5.2449,14.0405,1],"parentBoneIndex":6,"length":14.8424
,"animation":{"dataType":3,"framePerSecond":24,"keys":[
{"frame":1,"values":[1,0,0,0,0,1,0,0,0,0,1,0,-1.2793,5.2449,14.0405,1]},
{"frame":16,"values":[1,0,0,0,0,1,0,0,0,0,1,0,-1.2793,5.2449,14.0405,1]}],"loopBehavior":1,"name":"anim","property":"_matrix"}},
{"name":"R_CheekFold","index":36,"matrix":[1,0,0,0,0,1,0,0,0,0,1,0,-2.8997,4.8397,12.9905,1],"rest":[1,0,0,0,0,1,0,0,0,0,1,0,-2.8997,4.8397,12.9905,1],"parentBoneIndex":6,"length":14.8424
,"animation":{"dataType":3,"framePerSecond":24,"keys":[
{"frame":1,"values":[1,0,0,0,0,1,0,0,0,0,1,0,-2.8997,4.8397,12.9905,1]},
{"frame":16,"values":[1,0,0,0,0,1,0,0,0,0,1,0,-2.8997,4.8397,12.9905,1]}],"loopBehavior":1,"name":"anim","property":"_matrix"}},
{"name":"R_LowerCheek","index":37,"matrix":[1,0,0,0,0,1,0,0,0,0,1,0,-4.3527,2.5675,9.9423,1],"rest":[1,0,0,0,0,1,0,0,0,0,1,0,-4.3527,2.5675,9.9423,1],"parentBoneIndex":6,"length":14.8424
,"animation":{"dataType":3,"framePerSecond":24,"keys":[
{"frame":1,"values":[1,0,0,0,0,1,0,0,0,0,1,0,-4.3527,2.5675,9.9423,1]},
{"frame":16,"values":[1,0,0,0,0,1,0,0,0,0,1,0,-4.3527,2.5675,9.9423,1]}],"loopBehavior":1,"name":"anim","property":"_matrix"}},
{"name":"R_gLipCorner","index":38,"matrix":[1,0,0,0,0,1,0,0,0,0,1,0,-2.9076,2.9095,12.5938,1],"rest":[1,0,0,0,0,1,0,0,0,0,1,0,-2.9076,2.9095,12.5938,1],"parentBoneIndex":6,"length":0.9548
,"animation":{"dataType":3,"framePerSecond":24,"keys":[
{"frame":1,"values":[1,0,0,0,0,1,0,0,0,0,1,0,-2.9076,2.9095,12.5938,1]},
{"frame":16,"values":[1,0,0,0,0,1,0,0,0,0,1,0,-2.9076,2.9095,12.5938,1]}],"loopBehavior":1,"name":"anim","property":"_matrix"}},
{"name":"R_gLipCornerLowTweak","index":39,"matrix":[1,0,0,0,0,1,0,0,0,0,1,0,0.8072,-0.3254,0.4547,1],"rest":[1,0,0,0,0,1,0,0,0,0,1,0,0.8072,-0.3254,0.4547,1],"parentBoneIndex":38,"length":0.9548
,"animation":{"dataType":3,"framePerSecond":24,"keys":[
{"frame":1,"values":[1,0,0,0,0,1,0,0,0,0,1,0,0.8072,-0.3254,0.4547,1]},
{"frame":16,"values":[1,0,0,0,0,1,0,0,0,0,1,0,0.8072,-0.3254,0.4547,1]}],"loopBehavior":1,"name":"anim","property":"_matrix"}},
{"name":"R_gLipCornerUpTweak","index":40,"matrix":[1,0,0,0,0,1,0,0,0,0,1,0,0.7251,0.0237,0.5782,1],"rest":[1,0,0,0,0,1,0,0,0,0,1,0,0.7251,0.0237,0.5782,1],"parentBoneIndex":38,"length":0.9548
,"animation":{"dataType":3,"framePerSecond":24,"keys":[
{"frame":1,"values":[1,0,0,0,0,1,0,0,0,0,1,0,0.7251,0.0237,0.5782,1]},
{"frame":16,"values":[1,0,0,0,0,1,0,0,0,0,1,0,0.7251,0.0237,0.5782,1]}],"loopBehavior":1,"name":"anim","property":"_matrix"}},
{"name":"R_LipUpper","index":41,"matrix":[1,0,0,0,0,1,0,0,0,0,1,0,-1.2981,3.1535,13.8987,1],"rest":[1,0,0,0,0,1,0,0,0,0,1,0,-1.2981,3.1535,13.8987,1],"parentBoneIndex":6,"length":14.8424
,"animation":{"dataType":3,"framePerSecond":24,"keys":[
{"frame":1,"values":[1,0,0,0,0,1,0,0,0,0,1,0,-1.2981,3.1535,13.8987,1]},
{"frame":16,"values":[1,0,0,0,0,1,0,0,0,0,1,0,-1.2981,3.1535,13.8987,1]}],"loopBehavior":1,"name":"anim","property":"_matrix"}},
{"name":"R_OuterCheek","index":42,"matrix":[1,0,0,0,0,1,0,0,0,0,1,0,-4.805,7.1686,11.679,1],"rest":[1,0,0,0,0,1,0,0,0,0,1,0,-4.805,7.1686,11.679,1],"parentBoneIndex":6,"length":14.8424
,"animation":{"dataType":3,"framePerSecond":24,"keys":[
{"frame":1,"values":[1,0,0,0,0,1,0,0,0,0,1,0,-4.805,7.1686,11.679,1]},
{"frame":16,"values":[1,0,0,0,0,1,0,0,0,0,1,0,-4.805,7.1686,11.679,1]}],"loopBehavior":1,"name":"anim","property":"_matrix"}},
{"name":"MidBrows","index":43,"matrix":[1,0,0,0,0,1,0,0,0,0,1,0,0,10.8004,14.2738,1],"rest":[1,0,0,0,0,1,0,0,0,0,1,0,0,10.8004,14.2738,1],"parentBoneIndex":6,"length":14.8424
,"animation":{"dataType":3,"framePerSecond":24,"keys":[
{"frame":1,"values":[1,0,0,0,0,1,0,0,0,0,1,0,0,10.8004,14.2738,1]},
{"frame":16,"values":[1,0,0,0,0,1,0,0,0,0,1,0,0,10.8004,14.2738,1]}],"loopBehavior":1,"name":"anim","property":"_matrix"}},
{"name":"R_InnerBrow","index":44,"matrix":[1,0,0,0,0,1,0,0,0,0,1,0,-1.6599,10.7576,14.115,1],"rest":[1,0,0,0,0,1,0,0,0,0,1,0,-1.6599,10.7576,14.115,1],"parentBoneIndex":6,"length":14.8424
,"animation":{"dataType":3,"framePerSecond":24,"keys":[
{"frame":1,"values":[1,0,0,0,0,1,0,0,0,0,1,0,-1.6599,10.7576,14.115,1]},
{"frame":16,"values":[1,0,0,0,0,1,0,0,0,0,1,0,-1.6599,10.7576,14.115,1]}],"loopBehavior":1,"name":"anim","property":"_matrix"}},
{"name":"R_MidBrow","index":45,"matrix":[1,0,0,0,0,1,0,0,0,0,1,0,-3.3668,11.4156,13.6166,1],"rest":[1,0,0,0,0,1,0,0,0,0,1,0,-3.3668,11.4156,13.6166,1],"parentBoneIndex":6,"length":14.8424
,"animation":{"dataType":3,"framePerSecond":24,"keys":[
{"frame":1,"values":[1,0,0,0,0,1,0,0,0,0,1,0,-3.3668,11.4156,13.6166,1]},
{"frame":16,"values":[1,0,0,0,0,1,0,0,0,0,1,0,-3.3668,11.4156,13.6166,1]}],"loopBehavior":1,"name":"anim","property":"_matrix"}},
{"name":"R_IOuterBrow","index":46,"matrix":[1,0,0,0,0,1,0,0,0,0,1,0,-5.185,11.3348,12.3701,1],"rest":[1,0,0,0,0,1,0,0,0,0,1,0,-5.185,11.3348,12.3701,1],"parentBoneIndex":6,"length":14.8424
,"animation":{"dataType":3,"framePerSecond":24,"keys":[
{"frame":1,"values":[1,0,0,0,0,1,0,0,0,0,1,0,-5.185,11.3348,12.3701,1]},
{"frame":16,"values":[1,0,0,0,0,1,0,0,0,0,1,0,-5.185,11.3348,12.3701,1]}],"loopBehavior":1,"name":"anim","property":"_matrix"}},
{"name":"R_Eye","index":47,"matrix":[1,0,0,0,0,1,0,0,0,0,1,0,-3.0989,9.6989,11.4382,1],"rest":[1,0,0,0,0,1,0,0,0,0,1,0,-3.0989,9.6989,11.4382,1],"parentBoneIndex":6,"length":14.8424
,"animation":{"dataType":3,"framePerSecond":24,"keys":[
{"frame":1,"values":[1,0,0,0,0,1,0,0,0,0,1,0,-3.0989,9.6989,11.4382,1]},
{"frame":16,"values":[1,0,0,0,0,1,0,0,0,0,1,0,-3.0989,9.6989,11.4382,1]}],"loopBehavior":1,"name":"anim","property":"_matrix"}},
{"name":"R_EyelidLower","index":48,"matrix":[1,0,0,0,0,1,0,0,0,0,1,0,-3.0989,9.6989,11.4382,1],"rest":[1,0,0,0,0,1,0,0,0,0,1,0,-3.0989,9.6989,11.4382,1],"parentBoneIndex":6,"length":14.8424
,"animation":{"dataType":3,"framePerSecond":24,"keys":[
{"frame":1,"values":[1,0,0,0,0,1,0,0,0,0,1,0,-3.0989,9.6989,11.4382,1]},
{"frame":16,"values":[1,0,0,0,0,1,0,0,0,0,1,0,-3.0989,9.6989,11.4382,1]}],"loopBehavior":1,"name":"anim","property":"_matrix"}},
{"name":"R_EyelidUpper","index":49,"matrix":[1,0,0,0,0,1,0,0,0,0,1,0,-3.0989,9.6989,11.4382,1],"rest":[1,0,0,0,0,1,0,0,0,0,1,0,-3.0989,9.6989,11.4382,1],"parentBoneIndex":6,"length":14.8424
,"animation":{"dataType":3,"framePerSecond":24,"keys":[
{"frame":1,"values":[1,0,0,0,0,1,0,0,0,0,1,0,-3.0989,9.6989,11.4382,1]},
{"frame":16,"values":[1,0,0,0,0,1,0,0,0,0,1,0,-3.0989,9.6989,11.4382,1]}],"loopBehavior":1,"name":"anim","property":"_matrix"}},
{"name":"R_Temple","index":50,"matrix":[1,0,0,0,0,1,0,0,0,0,1,0,-6.7164,11.953,7.4033,1],"rest":[1,0,0,0,0,1,0,0,0,0,1,0,-6.7164,11.953,7.4033,1],"parentBoneIndex":6,"length":14.8424
,"animation":{"dataType":3,"framePerSecond":24,"keys":[
{"frame":1,"values":[1,0,0,0,0,1,0,0,0,0,1,0,-6.7164,11.953,7.4033,1]},
{"frame":16,"values":[1,0,0,0,0,1,0,0,0,0,1,0,-6.7164,11.953,7.4033,1]}],"loopBehavior":1,"name":"anim","property":"_matrix"}},
{"name":"R_Ear","index":51,"matrix":[1,0,0,0,0,1,0,0,0,0,1,0,-6.8586,8.862,3.3161,1],"rest":[1,0,0,0,0,1,0,0,0,0,1,0,-6.8586,8.862,3.3161,1],"parentBoneIndex":6,"length":14.8424
,"animation":{"dataType":3,"framePerSecond":24,"keys":[
{"frame":1,"values":[1,0,0,0,0,1,0,0,0,0,1,0,-6.8586,8.862,3.3161,1]},
{"frame":16,"values":[1,0,0,0,0,1,0,0,0,0,1,0,-6.8586,8.862,3.3161,1]}],"loopBehavior":1,"name":"anim","property":"_matrix"}},
{"name":"R_InnerCheek","index":52,"matrix":[1,0,0,0,0,1,0,0,0,0,1,0,-2.1484,7.4937,13.4347,1],"rest":[1,0,0,0,0,1,0,0,0,0,1,0,-2.1484,7.4937,13.4347,1],"parentBoneIndex":6,"length":14.8424
,"animation":{"dataType":3,"framePerSecond":24,"keys":[
{"frame":1,"values":[1,0,0,0,0,1,0,0,0,0,1,0,-2.1484,7.4937,13.4347,1]},
{"frame":16,"values":[1,0,0,0,0,1,0,0,0,0,1,0,-2.1484,7.4937,13.4347,1]}],"loopBehavior":1,"name":"anim","property":"_matrix"}},
{"name":"Throat","index":53,"matrix":[1,0,0,0,0,1,0,0,0,0,1,0,0,-0.6141,8.3185,1],"rest":[1,0,0,0,0,1,0,0,0,0,1,0,0,-0.6141,8.3185,1],"parentBoneIndex":5,"length":6.2291
,"animation":{"dataType":3,"framePerSecond":24,"keys":[
{"frame":1,"values":[1,0,0,0,0,1,0,0,0,0,1,0,0,-0.6141,8.3185,1]},
{"frame":16,"values":[1,0,0,0,0,1,0,0,0,0,1,0,0,-0.6141,8.3185,1]}],"loopBehavior":1,"name":"anim","property":"_matrix"}},
{"name":"LeftShoulder","index":54,"matrix":[0.9868,-0.0778,0.1418,0,0.0704,0.9959,0.0562,0,-0.1456,-0.0455,0.9883,0,6.1442,10.187,-3.7932,1],"rest":[1,0,0,0,0,1,0,0,0,0,1,0,6.1442,10.187,-3.7932,1],"parentBoneIndex":3,"length":12.4986
,"animation":{"dataType":3,"framePerSecond":24,"keys":[
{"frame":1,"values":[0.9868,-0.0778,0.1418,0,0.0704,0.9959,0.0562,0,-0.1456,-0.0455,0.9883,0,6.1442,10.187,-3.7932,1]},
{"frame":2,"values":[0.9888,-0.0572,0.1378,0,0.0505,0.9974,0.0513,0,-0.1404,-0.0438,0.9891,0,6.1442,10.187,-3.7932,1]},
{"frame":3,"values":[0.9886,-0.0559,0.1398,0,0.0491,0.9975,0.0516,0,-0.1424,-0.0442,0.9888,0,6.1442,10.187,-3.7932,1]},
{"frame":4,"values":[0.98,-0.1156,0.1621,0,0.1054,0.992,0.07,0,-0.1689,-0.0515,0.9843,0,6.1442,10.187,-3.7932,1]},
{"frame":5,"values":[0.9671,-0.1711,0.1884,0,0.1561,0.9835,0.0918,0,-0.201,-0.0594,0.9778,0,6.1442,10.187,-3.7932,1]},
{"frame":6,"values":[0.9639,-0.1821,0.1942,0,0.1659,0.9814,0.097,0,-0.2083,-0.0613,0.9762,0,6.1442,10.187,-3.7932,1]},
{"frame":7,"values":[0.9802,-0.1373,0.143,0,0.1285,0.9893,0.0686,0,-0.1509,-0.0489,0.9873,0,6.1442,10.187,-3.7932,1]},
{"frame":8,"values":[0.9949,-0.0676,0.0743,0,0.065,0.9972,0.0365,0,-0.0766,-0.0315,0.9966,0,6.1442,10.187,-3.7932,1]},
{"frame":9,"values":[0.9993,-0.0228,0.0282,0,0.0223,0.9995,0.0204,0,-0.0287,-0.0197,0.9994,0,6.1442,10.187,-3.7932,1]},
{"frame":10,"values":[0.9992,-0.0288,0.0289,0,0.0282,0.9994,0.021,0,-0.0295,-0.0202,0.9994,0,6.1442,10.187,-3.7932,1]},
{"frame":11,"values":[0.9969,-0.0492,0.0622,0,0.0473,0.9984,0.0313,0,-0.0637,-0.0282,0.9976,0,6.1442,10.187,-3.7932,1]},
{"frame":12,"values":[0.9922,-0.0778,0.0975,0,0.0738,0.9963,0.0442,0,-0.1006,-0.0367,0.9943,0,6.1442,10.187,-3.7932,1]},
{"frame":13,"values":[0.9869,-0.1005,0.1261,0,0.0941,0.994,0.0561,0,-0.131,-0.0435,0.9904,0,6.1442,10.187,-3.7932,1]},
{"frame":14,"values":[0.98,-0.1236,0.1562,0,0.1138,0.991,0.0701,0,-0.1635,-0.051,0.9852,0,6.1442,10.187,-3.7932,1]},
{"frame":15,"values":[0.9825,-0.107,0.1524,0,0.098,0.993,0.0655,0,-0.1583,-0.0494,0.9861,0,6.1442,10.187,-3.7932,1]},
{"frame":16,"values":[0.9868,-0.0778,0.1418,0,0.0704,0.9959,0.0562,0,-0.1456,-0.0455,0.9883,0,6.1442,10.187,-3.7932,1]}],"loopBehavior":1,"name":"anim","property":"_matrix"}},
{"name":"LeftArm","index":55,"matrix":[0.43,-0.4031,-0.8078,0,0.9005,0.2555,0.3519,0,0.0646,-0.8788,0.4728,0,12.3191,-1.113,-1.7935,1],"rest":[1,0,0,0,0,1,0,0,0,0,1,0,12.3191,-1.113,-1.7935,1],"parentBoneIndex":54,"length":27.687
,"animation":{"dataType":3,"framePerSecond":24,"keys":[
{"frame":1,"values":[0.43,-0.4031,-0.8078,0,0.9005,0.2555,0.3519,0,0.0646,-0.8788,0.4728,0,12.3191,-1.113,-1.7935,1]},
{"frame":2,"values":[0.4253,-0.2621,-0.8663,0,0.8917,0.2853,0.3515,0,0.155,-0.9219,0.3551,0,12.3191,-1.113,-1.7935,1]},
{"frame":3,"values":[0.3879,-0.32,-0.8644,0,0.9007,0.3307,0.2817,0,0.1957,-0.8878,0.4165,0,12.3191,-1.113,-1.7935,1]},
{"frame":4,"values":[0.3583,-0.5136,-0.7796,0,0.91,0.3788,0.1686,0,0.2087,-0.7698,0.6031,0,12.3191,-1.113,-1.7935,1]},
{"frame":5,"values":[0.3725,-0.696,-0.6139,0,0.9132,0.3926,0.1089,0,0.1652,-0.6012,0.7818,0,12.3191,-1.113,-1.7935,1]},
{"frame":6,"values":[0.4523,-0.8338,-0.3164,0,0.891,0.4379,0.1199,0,0.0386,-0.3362,0.941,0,12.3191,-1.113,-1.7935,1]},
{"frame":7,"values":[0.4891,-0.8574,0.16,0,0.8631,0.5023,0.053,0,-0.1258,0.1122,0.9857,0,12.3191,-1.113,-1.7935,1]},
{"frame":8,"values":[0.5008,-0.6829,0.5317,0,0.8439,0.5217,-0.1249,0,-0.1921,0.5113,0.8377,0,12.3191,-1.113,-1.7935,1]},
{"frame":9,"values":[0.568,-0.5147,0.6422,0,0.7882,0.5646,-0.2447,0,-0.2367,0.6452,0.7264,0,12.3191,-1.113,-1.7935,1]},
{"frame":10,"values":[0.602,-0.4944,0.627,0,0.7354,0.6493,-0.1941,0,-0.3111,0.5779,0.7545,0,12.3191,-1.113,-1.7935,1]},
{"frame":11,"values":[0.5725,-0.6815,0.4558,0,0.757,0.6529,0.0255,0,-0.315,0.3305,0.8897,0,12.3191,-1.113,-1.7935,1]},
{"frame":12,"values":[0.4901,-0.8656,0.1029,0,0.8334,0.4999,0.2355,0,-0.2553,-0.0296,0.9664,0,12.3191,-1.113,-1.7935,1]},
{"frame":13,"values":[0.4242,-0.8745,-0.2352,0,0.8923,0.3594,0.2732,0,-0.1544,-0.3258,0.9328,0,12.3191,-1.113,-1.7935,1]},
{"frame":14,"values":[0.3806,-0.7913,-0.4784,0,0.9241,0.3064,0.2284,0,-0.0341,-0.529,0.8479,0,12.3191,-1.113,-1.7935,1]},
{"frame":15,"values":[0.3817,-0.64,-0.6669,0,0.9243,0.2637,0.276,0,-0.0008,-0.7218,0.6921,0,12.3191,-1.113,-1.7935,1]},
{"frame":16,"values":[0.43,-0.4031,-0.8078,0,0.9005,0.2555,0.3519,0,0.0646,-0.8788,0.4728,0,12.3191,-1.113,-1.7935,1]}],"loopBehavior":1,"name":"anim","property":"_matrix"}},
{"name":"LeftForeArm","index":56,"matrix":[0.3024,0,0.9532,0,0,1,0,0,-0.9532,0,0.3024,0,27.687,0,0,1],"rest":[1,0,0,0,0,1,0,0,0,0,1,0,27.687,0,0,1],"parentBoneIndex":55,"length":27.8738
,"animation":{"dataType":3,"framePerSecond":24,"keys":[
{"frame":1,"values":[0.3024,0,0.9532,0,0,1,0,0,-0.9532,0,0.3024,0,27.687,0,0,1]},
{"frame":2,"values":[0.1338,0,0.991,0,0,1,0,0,-0.991,0,0.1338,0,27.687,0,0,1]},
{"frame":3,"values":[0.1789,0,0.9839,0,0,1,0,0,-0.9839,0,0.1789,0,27.687,0,0,1]},
{"frame":4,"values":[0.2377,0,0.9713,0,0,1,0,0,-0.9713,0,0.2377,0,27.687,0,0,1]},
{"frame":5,"values":[0.1291,0,0.9916,0,0,1,0,0,-0.9916,0,0.1291,0,27.687,0,0,1]},
{"frame":6,"values":[-0.1245,0,0.9922,0,0,1,0,0,-0.9922,0,-0.1245,0,27.687,0,0,1]},
