{"producer":{"name":"Blender","version":"2.90.0","exporter_version":"2.80.1","file":"runbackwards.babylon"},
"autoClear":true,"clearColor":[0.0509,0.0509,0.0509],"gravity":[0,-9.81,0],
"materials":[{"name":"Material","id":"Material","customType":"BABYLON.PBRMaterial","backFaceCulling":true,"checkReadyOnlyOnce":false,"maxSimultaneousLights":4,"environmentIntensity":1,"albedo":[0.8,0.8,0.8],"reflectivity":[0.5,0.5,0.5],"roughness":0.4,"alpha":1,"transparencyMode":0,"alphaCutOff":0.4,"metallic":0}],
"multiMaterials":[],
"skeletons":[{"name":"Armature","id":0,"dimensionsAtRest":[188.1767,188.0947,21.7491],"bones":[
{"name":"Hips","index":0,"matrix":[0.9992,0.0093,0.0377,0,-0.0092,1,-0.0021,0,0.0377,-0.0018,-0.9993,0,0.0662,85.8669,-0.0579,1],"rest":[1,0,0,0,0,1,0,0,0,0,-1,0,0,96.3764,0,1],"parentBoneIndex":-1,"length":9.9032
,"animation":{"dataType":3,"framePerSecond":24,"keys":[
{"frame":1,"values":[0.9992,0.0093,0.0377,0,-0.0092,1,-0.0021,0,0.0377,-0.0018,-0.9993,0,0.0662,85.8669,-0.0579,1]},
{"frame":2,"values":[0.9984,-0.0108,0.0557,0,0.0092,0.9995,0.0295,0,0.056,0.0289,-0.998,0,-0.738,85.2274,-2.2201,1]},
{"frame":3,"values":[0.9878,-0.0257,0.1534,0,0.0149,0.9973,0.0713,0,0.1549,0.0681,-0.9856,0,-1.1134,86.0926,-3.9449,1]},
{"frame":4,"values":[0.9818,-0.0344,0.1867,0,0.0237,0.998,0.0594,0,0.1883,0.0539,-0.9806,0,-1.0303,87.5168,-4.1463,1]},
{"frame":5,"values":[0.9891,-0.0365,0.1428,0,0.0359,0.9993,0.0068,0,0.1429,0.0016,-0.9897,0,-0.744,88.8382,-4.6069,1]},
{"frame":6,"values":[0.9933,-0.0501,0.1042,0,0.0546,0.9977,-0.0411,0,0.1019,-0.0465,-0.9937,0,-0.0688,89.3516,-3.1809,1]},
{"frame":7,"values":[0.9946,-0.0651,0.0809,0,0.0688,0.9966,-0.0442,0,0.0777,-0.0496,-0.9957,0,0.9382,88.0749,-1.5988,1]},
{"frame":8,"values":[0.9967,-0.0584,0.0555,0,0.0588,0.9983,-0.0058,0,0.0551,-0.009,-0.9984,0,1.8948,85.2964,-0.7793,1]},
{"frame":9,"values":[0.9995,-0.0266,0.0142,0,0.0263,0.9995,0.0168,0,0.0146,0.0164,-0.9998,0,2.6758,83.5836,-0.8263,1]},
{"frame":10,"values":[0.9997,-0.0135,-0.0224,0,0.0144,0.9991,0.0398,0,-0.0219,0.0401,-0.999,0,3.1271,84.3563,-2.0898,1]},
{"frame":11,"values":[0.9999,-0.0005,-0.0158,0,0.0015,0.9978,0.066,0,-0.0158,0.066,-0.9977,0,2.7789,86.2062,-2.6456,1]},
{"frame":12,"values":[0.9989,0.0126,0.0453,0,-0.0143,0.9992,0.0379,0,0.0448,0.0385,-0.9983,0,1.9608,88.32,-3.2036,1]},
{"frame":13,"values":[0.9941,0.0208,0.1065,0,-0.0183,0.9995,-0.0247,0,0.107,-0.0226,-0.994,0,1.2246,89.7076,-2.0536,1]},
{"frame":14,"values":[0.9914,0.0242,0.1289,0,-0.018,0.9986,-0.0491,0,0.1299,-0.0464,-0.9904,0,0.7217,89.4612,-0.947,1]},
{"frame":15,"values":[0.9959,0.0278,0.0857,0,-0.026,0.9994,-0.0216,0,0.0862,-0.0193,-0.9961,0,0.4661,87.7413,-0.444,1]},
{"frame":16,"values":[0.9992,0.0093,0.0377,0,-0.0092,1,-0.0021,0,0.0377,-0.0018,-0.9993,0,0.0662,85.8669,-0.0579,1]}],"loopBehavior":1,"name":"anim","property":"_matrix"}},
{"name":"Spine","index":1,"matrix":[0.9993,0.017,-0.0339,0,-0.0072,0.9626,0.2709,0,0.0373,-0.2704,0.962,0,0,9.2263,1.5771,1],"rest":[1,0,0,0,0,1,0,0,0,0,1,0,0,9.2263,1.5771,1],"parentBoneIndex":0,"length":16.2548
,"animation":{"dataType":3,"framePerSecond":24,"keys":[
{"frame":1,"values":[0.9993,0.017,-0.0339,0,-0.0072,0.9626,0.2709,0,0.0373,-0.2704,0.962,0,0,9.2263,1.5771,1]},
{"frame":2,"values":[0.9995,0.0168,0.0272,0,-0.0233,0.9652,0.2605,0,-0.0219,-0.261,0.9651,0,0,9.2263,1.5771,1]},
{"frame":3,"values":[0.9912,0.006,0.1324,0,-0.0404,0.9652,0.2585,0,-0.1262,-0.2616,0.9569,0,0,9.2263,1.5771,1]},
{"frame":4,"values":[0.9844,-0.0105,0.1758,0,-0.0297,0.9741,0.2244,0,-0.1736,-0.2261,0.9585,0,0,9.2263,1.5771,1]},
{"frame":5,"values":[0.9912,-0.0212,0.1307,0,0.0004,0.9875,0.1577,0,-0.1325,-0.1562,0.9788,0,0,9.2263,1.5771,1]},
{"frame":6,"values":[0.9971,-0.0179,0.0735,0,0.0064,0.9881,0.1534,0,-0.0754,-0.1525,0.9854,0,0,9.2263,1.5771,1]},
{"frame":7,"values":[0.9985,-0.0084,0.0537,0,-0.0029,0.9784,0.2069,0,-0.0543,-0.2067,0.9769,0,0,9.2263,1.5771,1]},
{"frame":8,"values":[0.999,-0.0226,0.0376,0,0.012,0.9654,0.2607,0,-0.0422,-0.26,0.9647,0,0,9.2263,1.5771,1]},
{"frame":9,"values":[0.9989,-0.0397,-0.0248,0,0.0451,0.9589,0.28,0,0.0127,-0.2809,0.9597,0,0,9.2263,1.5771,1]},
{"frame":10,"values":[0.9935,-0.031,-0.1097,0,0.0605,0.9589,0.2773,0,0.0966,-0.2821,0.9545,0,0,9.2263,1.5771,1]},
{"frame":11,"values":[0.9877,-0.021,-0.1553,0,0.0625,0.9615,0.2676,0,0.1437,-0.274,0.9509,0,0,9.2263,1.5771,1]},
{"frame":12,"values":[0.989,-0.0247,-0.1458,0,0.0558,0.9754,0.2134,0,0.137,-0.2192,0.966,0,0,9.2263,1.5771,1]},
{"frame":13,"values":[0.9938,-0.0171,-0.1097,0,0.0372,0.9823,0.1838,0,0.1046,-0.1868,0.9768,0,0,9.2263,1.5771,1]},
{"frame":14,"values":[0.9961,-0.0035,-0.0879,0,0.0215,0.9786,0.2046,0,0.0853,-0.2057,0.9749,0,0,9.2263,1.5771,1]},
{"frame":15,"values":[0.9976,0.0031,-0.0699,0,0.0138,0.9705,0.2405,0,0.0685,-0.2409,0.9681,0,0,9.2263,1.5771,1]},
{"frame":16,"values":[0.9993,0.017,-0.0339,0,-0.0072,0.9626,0.2709,0,0.0373,-0.2704,0.962,0,0,9.2263,1.5771,1]}],"loopBehavior":1,"name":"anim","property":"_matrix"}},
{"name":"Spine1","index":2,"matrix":[0.9999,0.0084,-0.0087,0,-0.008,0.9989,0.0452,0,0.0091,-0.0451,0.9989,0,0,16.254,-0.1656,1],"rest":[1,0,0,0,0,1,0,0,0,0,1,0,0,16.254,-0.1656,1],"parentBoneIndex":1,"length":13.7007
,"animation":{"dataType":3,"framePerSecond":24,"keys":[
{"frame":1,"values":[0.9999,0.0084,-0.0087,0,-0.008,0.9989,0.0452,0,0.0091,-0.0451,0.9989,0,0,16.254,-0.1656,1]},
{"frame":2,"values":[0.9999,0.011,0.008,0,-0.0114,0.999,0.0435,0,-0.0075,-0.0436,0.999,0,0,16.254,-0.1656,1]},
{"frame":3,"values":[0.9993,0.0072,0.0365,0,-0.0086,0.9992,0.0387,0,-0.0362,-0.039,0.9986,0,0,16.254,-0.1656,1]},
{"frame":4,"values":[0.9988,0.0027,0.0488,0,-0.005,0.9989,0.0474,0,-0.0486,-0.0476,0.9977,0,0,16.254,-0.1656,1]},
{"frame":5,"values":[0.9993,0.0032,0.0367,0,-0.0055,0.9979,0.065,0,-0.0364,-0.0652,0.9972,0,0,16.254,-0.1656,1]},
{"frame":6,"values":[0.9998,0.0052,0.021,0,-0.0064,0.9984,0.0565,0,-0.0207,-0.0566,0.9982,0,0,16.254,-0.1656,1]},
{"frame":7,"values":[0.9999,0.0056,0.0155,0,-0.0063,0.9991,0.0428,0,-0.0152,-0.0429,0.999,0,0,16.254,-0.1656,1]},
{"frame":8,"values":[0.9999,0.0049,0.0114,0,-0.0054,0.999,0.0446,0,-0.0111,-0.0446,0.9989,0,0,16.254,-0.1656,1]},
{"frame":9,"values":[1,0.0029,-0.0052,0,-0.0027,0.9989,0.0475,0,0.0053,-0.0474,0.9989,0,0,16.254,-0.1656,1]},
{"frame":10,"values":[0.9996,0.0028,-0.0286,0,-0.0015,0.9989,0.0472,0,0.0287,-0.0472,0.9985,0,0,16.254,-0.1656,1]},
{"frame":11,"values":[0.9991,0.0051,-0.0412,0,-0.003,0.9988,0.0495,0,0.0414,-0.0493,0.9979,0,0,16.254,-0.1656,1]},
{"frame":12,"values":[0.9992,0.0067,-0.0387,0,-0.0043,0.9981,0.0608,0,0.039,-0.0606,0.9974,0,0,16.254,-0.1656,1]},
{"frame":13,"values":[0.9996,0.0053,-0.0293,0,-0.0037,0.9984,0.0565,0,0.0295,-0.0564,0.998,0,0,16.254,-0.1656,1]},
{"frame":14,"values":[0.9997,0.0072,-0.0233,0,-0.0061,0.9989,0.0465,0,0.0236,-0.0464,0.9986,0,0,16.254,-0.1656,1]},
{"frame":15,"values":[0.9998,0.0079,-0.0182,0,-0.0071,0.9989,0.0465,0,0.0186,-0.0464,0.9988,0,0,16.254,-0.1656,1]},
{"frame":16,"values":[0.9999,0.0084,-0.0087,0,-0.008,0.9989,0.0452,0,0.0091,-0.0451,0.9989,0,0,16.254,-0.1656,1]}],"loopBehavior":1,"name":"anim","property":"_matrix"}},
{"name":"Spine2","index":3,"matrix":[0.9999,0.0082,-0.0083,0,-0.0079,0.9989,0.0453,0,0.0087,-0.0452,0.9989,0,0,13.6396,-1.2923,1],"rest":[1,0,0,0,0,1,0,0,0,0,1,0,0,13.6396,-1.2923,1],"parentBoneIndex":2,"length":13.1719
,"animation":{"dataType":3,"framePerSecond":24,"keys":[
{"frame":1,"values":[0.9999,0.0082,-0.0083,0,-0.0079,0.9989,0.0453,0,0.0087,-0.0452,0.9989,0,0,13.6396,-1.2923,1]},
{"frame":2,"values":[0.9999,0.0114,0.0084,0,-0.0117,0.999,0.0434,0,-0.0079,-0.0435,0.999,0,0,13.6396,-1.2923,1]},
{"frame":3,"values":[0.9993,0.0083,0.0365,0,-0.0097,0.9992,0.0387,0,-0.0362,-0.039,0.9986,0,0,13.6396,-1.2923,1]},
{"frame":4,"values":[0.9988,0.0035,0.0486,0,-0.0058,0.9989,0.0475,0,-0.0484,-0.0478,0.9977,0,0,13.6396,-1.2923,1]},
{"frame":5,"values":[0.9993,0.0032,0.0368,0,-0.0056,0.9979,0.0651,0,-0.0365,-0.0653,0.9972,0,0,13.6396,-1.2923,1]},
{"frame":6,"values":[0.9998,0.0054,0.0212,0,-0.0066,0.9984,0.0565,0,-0.0209,-0.0566,0.9982,0,0,13.6396,-1.2923,1]},
{"frame":7,"values":[0.9999,0.0061,0.0157,0,-0.0068,0.9991,0.0428,0,-0.0154,-0.0429,0.999,0,0,13.6396,-1.2923,1]},
{"frame":8,"values":[0.9999,0.0052,0.0117,0,-0.0058,0.999,0.0446,0,-0.0115,-0.0446,0.9989,0,0,13.6396,-1.2923,1]},
{"frame":9,"values":[1,0.0029,-0.0046,0,-0.0026,0.9989,0.0475,0,0.0048,-0.0475,0.9989,0,0,13.6396,-1.2923,1]},
{"frame":10,"values":[0.9996,0.0021,-0.0279,0,-0.0008,0.9989,0.0473,0,0.028,-0.0473,0.9985,0,0,13.6396,-1.2923,1]},
{"frame":11,"values":[0.9992,0.0042,-0.0404,0,-0.0022,0.9988,0.0497,0,0.0406,-0.0495,0.9979,0,0,13.6396,-1.2923,1]},
{"frame":12,"values":[0.9993,0.0063,-0.038,0,-0.004,0.9981,0.061,0,0.0383,-0.0608,0.9974,0,0,13.6396,-1.2923,1]},
{"frame":13,"values":[0.9996,0.005,-0.0288,0,-0.0033,0.9984,0.0566,0,0.029,-0.0565,0.998,0,0,13.6396,-1.2923,1]},
{"frame":14,"values":[0.9997,0.0067,-0.0227,0,-0.0056,0.9989,0.0467,0,0.023,-0.0465,0.9987,0,0,13.6396,-1.2923,1]},
{"frame":15,"values":[0.9998,0.0075,-0.0177,0,-0.0067,0.9989,0.0466,0,0.018,-0.0465,0.9988,0,0,13.6396,-1.2923,1]},
{"frame":16,"values":[0.9999,0.0082,-0.0083,0,-0.0079,0.9989,0.0453,0,0.0087,-0.0452,0.9989,0,0,13.6396,-1.2923,1]}],"loopBehavior":1,"name":"anim","property":"_matrix"}},
{"name":"Neck","index":4,"matrix":[0.9998,0.0152,0.0134,0,-0.0154,0.9998,0.0149,0,-0.0132,-0.0151,0.9998,0,0,13.8774,-4.3542,1],"rest":[1,0,0,0,0,1,0,0,0,0,1,0,0,13.8774,-4.3542,1],"parentBoneIndex":3,"length":4.4379
,"animation":{"dataType":3,"framePerSecond":24,"keys":[
{"frame":1,"values":[0.9998,0.0152,0.0134,0,-0.0154,0.9998,0.0149,0,-0.0132,-0.0151,0.9998,0,0,13.8774,-4.3542,1]},
{"frame":2,"values":[0.9999,0.0107,0.0042,0,-0.0108,0.9997,0.021,0,-0.004,-0.0211,0.9998,0,0,13.8774,-4.3542,1]},
{"frame":3,"values":[0.9999,0.0107,-0.0041,0,-0.0106,0.9995,0.031,0,0.0045,-0.0309,0.9995,0,0,13.8774,-4.3542,1]},
{"frame":4,"values":[0.9999,0.0121,-0.0079,0,-0.0118,0.9993,0.0344,0,0.0083,-0.0343,0.9994,0,0,13.8774,-4.3542,1]},
{"frame":5,"values":[0.9999,0.0127,-0.0062,0,-0.0125,0.9994,0.0337,0,0.0066,-0.0337,0.9994,0,0,13.8774,-4.3542,1]},
{"frame":6,"values":[0.9999,0.0146,-0.0015,0,-0.0145,0.9994,0.0314,0,0.0019,-0.0314,0.9995,0,0,13.8774,-4.3542,1]},
{"frame":7,"values":[0.9999,0.0171,0.0013,0,-0.0172,0.9995,0.0258,0,-0.0009,-0.0258,0.9997,0,0,13.8774,-4.3542,1]},
{"frame":8,"values":[0.9998,0.0206,0.0025,0,-0.0207,0.9996,0.0181,0,-0.0022,-0.0182,0.9998,0,0,13.8774,-4.3542,1]},
{"frame":9,"values":[0.9997,0.0237,0.0089,0,-0.0239,0.9996,0.0148,0,-0.0085,-0.015,0.9999,0,0,13.8774,-4.3542,1]},
{"frame":10,"values":[0.9995,0.023,0.0196,0,-0.0234,0.9995,0.0218,0,-0.0191,-0.0223,0.9996,0,0,13.8774,-4.3542,1]},
{"frame":11,"values":[0.9995,0.0197,0.0263,0,-0.0205,0.9992,0.033,0,-0.0257,-0.0335,0.9991,0,0,13.8774,-4.3542,1]},
{"frame":12,"values":[0.9994,0.0183,0.0281,0,-0.0193,0.9992,0.0358,0,-0.0274,-0.0363,0.999,0,0,13.8774,-4.3542,1]},
{"frame":13,"values":[0.9994,0.0198,0.0284,0,-0.0206,0.9994,0.0272,0,-0.0279,-0.0278,0.9992,0,0,13.8774,-4.3542,1]},
{"frame":14,"values":[0.9995,0.0178,0.027,0,-0.0183,0.9997,0.0186,0,-0.0266,-0.019,0.9995,0,0,13.8774,-4.3542,1]},
{"frame":15,"values":[0.9996,0.0165,0.0219,0,-0.0169,0.9997,0.0179,0,-0.0216,-0.0183,0.9996,0,0,13.8774,-4.3542,1]},
{"frame":16,"values":[0.9998,0.0152,0.0134,0,-0.0154,0.9998,0.0149,0,-0.0132,-0.0151,0.9998,0,0,13.8774,-4.3542,1]}],"loopBehavior":1,"name":"anim","property":"_matrix"}},
{"name":"Neck1","index":5,"matrix":[1,0,0,0,0,1,0,0,0,0,1,0,0,4.34,0.9269,1],"rest":[1,0,0,0,0,1,0,0,0,0,1,0,0,4.34,0.9269,1],"parentBoneIndex":4,"length":6.2291
,"animation":{"dataType":3,"framePerSecond":24,"keys":[
{"frame":1,"values":[1,0,0,0,0,1,0,0,0,0,1,0,0,4.34,0.9269,1]},
{"frame":16,"values":[1,0,0,0,0,1,0,0,0,0,1,0,0,4.34,0.9269,1]}],"loopBehavior":1,"name":"anim","property":"_matrix"}},
{"name":"Head","index":6,"matrix":[0.9936,-0.0667,0.0913,0,0.0844,0.9749,-0.2058,0,-0.0752,0.2122,0.9743,0,0,4.0266,0.8585,1],"rest":[1,0,0,0,0,1,0,0,0,0,1,0,0,4.0266,0.8585,1],"parentBoneIndex":5,"length":14.8424
,"animation":{"dataType":3,"framePerSecond":24,"keys":[
{"frame":1,"values":[0.9936,-0.0667,0.0913,0,0.0844,0.9749,-0.2058,0,-0.0752,0.2122,0.9743,0,0,4.0266,0.8585,1]},
{"frame":2,"values":[0.997,-0.0722,0.0293,0,0.0763,0.9813,-0.177,0,-0.016,0.1787,0.9838,0,0,4.0266,0.8585,1]},
{"frame":3,"values":[0.9977,-0.0632,-0.0231,0,0.0594,0.9889,-0.1365,0,0.0314,0.1348,0.9904,0,0,4.0266,0.8585,1]},
{"frame":4,"values":[0.9981,-0.041,-0.047,0,0.0355,0.9929,-0.1134,0,0.0513,0.1115,0.9924,0,0,4.0266,0.8585,1]},
{"frame":5,"values":[0.9993,-0.0117,-0.0357,0,0.0068,0.9909,-0.1344,0,0.0369,0.1341,0.9903,0,0,4.0266,0.8585,1]},
{"frame":6,"values":[0.9999,0.0092,-0.0053,0,-0.01,0.9852,-0.1713,0,0.0036,0.1713,0.9852,0,0,4.0266,0.8585,1]},
{"frame":7,"values":[0.9998,0.0156,0.0107,0,-0.0132,0.9805,-0.1962,0,-0.0135,0.196,0.9805,0,0,4.0266,0.8585,1]},
{"frame":8,"values":[0.9997,0.0213,0.0143,0,-0.0178,0.9768,-0.2135,0,-0.0185,0.2132,0.9768,0,0,4.0266,0.8585,1]},
{"frame":9,"values":[0.9983,0.0226,0.0537,0,-0.0099,0.9741,-0.2258,0,-0.0574,0.2248,0.9727,0,0,4.0266,0.8585,1]},
{"frame":10,"values":[0.9917,0.009,0.1283,0,0.0178,0.9783,-0.2064,0,-0.1274,0.207,0.97,0,0,4.0266,0.8585,1]},
{"frame":11,"values":[0.9828,0.0046,0.1847,0,0.0236,0.9884,-0.1499,0,-0.1832,0.1517,0.9713,0,0,4.0266,0.8585,1]},
{"frame":12,"values":[0.9774,0.0049,0.2115,0,0.0236,0.991,-0.1321,0,-0.2102,0.1341,0.9684,0,0,4.0266,0.8585,1]},
{"frame":13,"values":[0.9752,-0.0042,0.2211,0,0.0441,0.9834,-0.1759,0,-0.2167,0.1813,0.9592,0,0,4.0266,0.8585,1]},
{"frame":14,"values":[0.9752,-0.0193,0.2203,0,0.0674,0.9748,-0.2128,0,-0.2107,0.2223,0.9519,0,0,4.0266,0.8585,1]},
{"frame":15,"values":[0.9842,-0.0434,0.1719,0,0.0803,0.9735,-0.2139,0,-0.1581,0.2243,0.9616,0,0,4.0266,0.8585,1]},
{"frame":16,"values":[0.9936,-0.0667,0.0913,0,0.0844,0.9749,-0.2058,0,-0.0752,0.2122,0.9743,0,0,4.0266,0.8585,1]}],"loopBehavior":1,"name":"anim","property":"_matrix"}},
{"name":"L_Ear","index":7,"matrix":[1,0,0,0,0,1,0,0,0,0,1,0,6.8586,8.862,3.3161,1],"rest":[1,0,0,0,0,1,0,0,0,0,1,0,6.8586,8.862,3.3161,1],"parentBoneIndex":6,"length":14.8424
,"animation":{"dataType":3,"framePerSecond":24,"keys":[
{"frame":1,"values":[1,0,0,0,0,1,0,0,0,0,1,0,6.8586,8.862,3.3161,1]},
{"frame":16,"values":[1,0,0,0,0,1,0,0,0,0,1,0,6.8586,8.862,3.3161,1]}],"loopBehavior":1,"name":"anim","property":"_matrix"}},
{"name":"Jaw","index":8,"matrix":[1,0,0,0,0,1,0,0,0,0,1,0,0.0038,6.235,4.4131,1],"rest":[1,0,0,0,0,1,0,0,0,0,1,0,0.0038,6.235,4.4131,1],"parentBoneIndex":6,"length":8.9884
,"animation":{"dataType":3,"framePerSecond":24,"keys":[
{"frame":1,"values":[1,0,0,0,0,1,0,0,0,0,1,0,0.0038,6.235,4.4131,1]},
{"frame":16,"values":[1,0,0,0,0,1,0,0,0,0,1,0,0.0038,6.235,4.4131,1]}],"loopBehavior":1,"name":"anim","property":"_matrix"}},
{"name":"TongueBack","index":9,"matrix":[1,0,0,0,0,1,0,0,0,0,1,0,0,-3.3518,4.6468,1],"rest":[1,0,0,0,0,1,0,0,0,0,1,0,0,-3.3518,4.6468,1],"parentBoneIndex":8,"length":1.6664
,"animation":{"dataType":3,"framePerSecond":24,"keys":[
{"frame":1,"values":[1,0,0,0,0,1,0,0,0,0,1,0,0,-3.3518,4.6468,1]},
{"frame":16,"values":[1,0,0,0,0,1,0,0,0,0,1,0,0,-3.3518,4.6468,1]}],"loopBehavior":1,"name":"anim","property":"_matrix"}},
{"name":"TongueMid","index":10,"matrix":[1,0,0,0,0,1,0,0,0,0,1,0,0,0.0424,1.6659,1],"rest":[1,0,0,0,0,1,0,0,0,0,1,0,0,0.0424,1.6659,1],"parentBoneIndex":9,"length":1.3561
,"animation":{"dataType":3,"framePerSecond":24,"keys":[
{"frame":1,"values":[1,0,0,0,0,1,0,0,0,0,1,0,0,0.0424,1.6659,1]},
{"frame":16,"values":[1,0,0,0,0,1,0,0,0,0,1,0,0,0.0424,1.6659,1]}],"loopBehavior":1,"name":"anim","property":"_matrix"}},
{"name":"TongueTip","index":11,"matrix":[1,0,0,0,0,1,0,0,0,0,1,0,0,-0.4344,1.2847,1],"rest":[1,0,0,0,0,1,0,0,0,0,1,0,0,-0.4344,1.2847,1],"parentBoneIndex":10,"length":1.3561
,"animation":{"dataType":3,"framePerSecond":24,"keys":[
{"frame":1,"values":[1,0,0,0,0,1,0,0,0,0,1,0,0,-0.4344,1.2847,1]},
{"frame":16,"values":[1,0,0,0,0,1,0,0,0,0,1,0,0,-0.4344,1.2847,1]}],"loopBehavior":1,"name":"anim","property":"_matrix"}},
{"name":"Chin","index":12,"matrix":[1,0,0,0,0,1,0,0,0,0,1,0,-0.0038,-6.1605,9.1241,1],"rest":[1,0,0,0,0,1,0,0,0,0,1,0,-0.0038,-6.1605,9.1241,1],"parentBoneIndex":8,"length":8.9884
,"animation":{"dataType":3,"framePerSecond":24,"keys":[
{"frame":1,"values":[1,0,0,0,0,1,0,0,0,0,1,0,-0.0038,-6.1605,9.1241,1]},
{"frame":16,"values":[1,0,0,0,0,1,0,0,0,0,1,0,-0.0038,-6.1605,9.1241,1]}],"loopBehavior":1,"name":"anim","property":"_matrix"}},
{"name":"LowerChin","index":13,"matrix":[1,0,0,0,0,1,0,0,0,0,1,0,-0.0038,-8.2784,6.0042,1],"rest":[1,0,0,0,0,1,0,0,0,0,1,0,-0.0038,-8.2784,6.0042,1],"parentBoneIndex":8,"length":8.9884
,"animation":{"dataType":3,"framePerSecond":24,"keys":[
{"frame":1,"values":[1,0,0,0,0,1,0,0,0,0,1,0,-0.0038,-8.2784,6.0042,1]},
{"frame":16,"values":[1,0,0,0,0,1,0,0,0,0,1,0,-0.0038,-8.2784,6.0042,1]}],"loopBehavior":1,"name":"anim","property":"_matrix"}},
{"name":"L_Temple","index":14,"matrix":[1,0,0,0,0,1,0,0,0,0,1,0,6.7164,11.953,7.4033,1],"rest":[1,0,0,0,0,1,0,0,0,0,1,0,6.7164,11.953,7.4033,1],"parentBoneIndex":6,"length":14.8424
,"animation":{"dataType":3,"framePerSecond":24,"keys":[
{"frame":1,"values":[1,0,0,0,0,1,0,0,0,0,1,0,6.7164,11.953,7.4033,1]},
{"frame":16,"values":[1,0,0,0,0,1,0,0,0,0,1,0,6.7164,11.953,7.4033,1]}],"loopBehavior":1,"name":"anim","property":"_matrix"}},
{"name":"L_IOuterBrow","index":15,"matrix":[1,0,0,0,0,1,0,0,0,0,1,0,5.185,11.3348,12.3701,1],"rest":[1,0,0,0,0,1,0,0,0,0,1,0,5.185,11.3348,12.3701,1],"parentBoneIndex":6,"length":14.8424
,"animation":{"dataType":3,"framePerSecond":24,"keys":[
{"frame":1,"values":[1,0,0,0,0,1,0,0,0,0,1,0,5.185,11.3348,12.3701,1]},
{"frame":16,"values":[1,0,0,0,0,1,0,0,0,0,1,0,5.185,11.3348,12.3701,1]}],"loopBehavior":1,"name":"anim","property":"_matrix"}},
{"name":"L_MidBrow","index":16,"matrix":[1,0,0,0,0,1,0,0,0,0,1,0,3.3668,11.4156,13.6166,1],"rest":[1,0,0,0,0,1,0,0,0,0,1,0,3.3668,11.4156,13.6166,1],"parentBoneIndex":6,"length":14.8424
,"animation":{"dataType":3,"framePerSecond":24,"keys":[
{"frame":1,"values":[1,0,0,0,0,1,0,0,0,0,1,0,3.3668,11.4156,13.6166,1]},
{"frame":16,"values":[1,0,0,0,0,1,0,0,0,0,1,0,3.3668,11.4156,13.6166,1]}],"loopBehavior":1,"name":"anim","property":"_matrix"}},
{"name":"L_InnerBrow","index":17,"matrix":[1,0,0,0,0,1,0,0,0,0,1,0,1.6599,10.7576,14.115,1],"rest":[1,0,0,0,0,1,0,0,0,0,1,0,1.6599,10.7576,14.115,1],"parentBoneIndex":6,"length":14.8424
,"animation":{"dataType":3,"framePerSecond":24,"keys":[
{"frame":1,"values":[1,0,0,0,0,1,0,0,0,0,1,0,1.6599,10.7576,14.115,1]},
{"frame":16,"values":[1,0,0,0,0,1,0,0,0,0,1,0,1.6599,10.7576,14.115,1]}],"loopBehavior":1,"name":"anim","property":"_matrix"}},
{"name":"L_Eye","index":18,"matrix":[1,0,0,0,0,1,0,0,0,0,1,0,3.0989,9.6989,11.4382,1],"rest":[1,0,0,0,0,1,0,0,0,0,1,0,3.0989,9.6989,11.4382,1],"parentBoneIndex":6,"length":14.8424
,"animation":{"dataType":3,"framePerSecond":24,"keys":[
{"frame":1,"values":[1,0,0,0,0,1,0,0,0,0,1,0,3.0989,9.6989,11.4382,1]},
{"frame":16,"values":[1,0,0,0,0,1,0,0,0,0,1,0,3.0989,9.6989,11.4382,1]}],"loopBehavior":1,"name":"anim","property":"_matrix"}},
{"name":"L_EyelidLower","index":19,"matrix":[1,0,0,0,0,1,0,0,0,0,1,0,3.0989,9.6989,11.4382,1],"rest":[1,0,0,0,0,1,0,0,0,0,1,0,3.0989,9.6989,11.4382,1],"parentBoneIndex":6,"length":14.8424
,"animation":{"dataType":3,"framePerSecond":24,"keys":[
{"frame":1,"values":[1,0,0,0,0,1,0,0,0,0,1,0,3.0989,9.6989,11.4382,1]},
{"frame":16,"values":[1,0,0,0,0,1,0,0,0,0,1,0,3.0989,9.6989,11.4382,1]}],"loopBehavior":1,"name":"anim","property":"_matrix"}},
{"name":"L_EyelidUpper","index":20,"matrix":[1,0,0,0,0,1,0,0,0,0,1,0,3.0989,9.6989,11.4382,1],"rest":[1,0,0,0,0,1,0,0,0,0,1,0,3.0989,9.6989,11.4382,1],"parentBoneIndex":6,"length":14.8424
,"animation":{"dataType":3,"framePerSecond":24,"keys":[
{"frame":1,"values":[1,0,0,0,0,1,0,0,0,0,1,0,3.0989,9.6989,11.4382,1]},
{"frame":16,"values":[1,0,0,0,0,1,0,0,0,0,1,0,3.0989,9.6989,11.4382,1]}],"loopBehavior":1,"name":"anim","property":"_matrix"}},
{"name":"L_InnerCheek","index":21,"matrix":[1,0,0,0,0,1,0,0,0,0,1,0,2.1484,7.4937,13.4347,1],"rest":[1,0,0,0,0,1,0,0,0,0,1,0,2.1484,7.4937,13.4347,1],"parentBoneIndex":6,"length":14.8424
,"animation":{"dataType":3,"framePerSecond":24,"keys":[
{"frame":1,"values":[1,0,0,0,0,1,0,0,0,0,1,0,2.1484,7.4937,13.4347,1]},
{"frame":16,"values":[1,0,0,0,0,1,0,0,0,0,1,0,2.1484,7.4937,13.4347,1]}],"loopBehavior":1,"name":"anim","property":"_matrix"}},
{"name":"L_LowerCheek","index":22,"matrix":[1,0,0,0,0,1,0,0,0,0,1,0,4.3527,2.5675,9.9423,1],"rest":[1,0,0,0,0,1,0,0,0,0,1,0,4.3527,2.5675,9.9423,1],"parentBoneIndex":6,"length":14.8424
,"animation":{"dataType":3,"framePerSecond":24,"keys":[
{"frame":1,"values":[1,0,0,0,0,1,0,0,0,0,1,0,4.3527,2.5675,9.9423,1]},
{"frame":16,"values":[1,0,0,0,0,1,0,0,0,0,1,0,4.3527,2.5675,9.9423,1]}],"loopBehavior":1,"name":"anim","property":"_matrix"}},
{"name":"L_LipCorner","index":23,"matrix":[1,0,0,0,0,1,0,0,0,0,1,0,2.9076,2.9095,12.5938,1],"rest":[1,0,0,0,0,1,0,0,0,0,1,0,2.9076,2.9095,12.5938,1],"parentBoneIndex":6,"length":0.9548
,"animation":{"dataType":3,"framePerSecond":24,"keys":[
{"frame":1,"values":[1,0,0,0,0,1,0,0,0,0,1,0,2.9076,2.9095,12.5938,1]},
{"frame":16,"values":[1,0,0,0,0,1,0,0,0,0,1,0,2.9076,2.9095,12.5938,1]}],"loopBehavior":1,"name":"anim","property":"_matrix"}},
{"name":"L_LipCornerLowTweak","index":24,"matrix":[1,0,0,0,0,1,0,0,0,0,1,0,-0.8072,-0.3254,0.4547,1],"rest":[1,0,0,0,0,1,0,0,0,0,1,0,-0.8072,-0.3254,0.4547,1],"parentBoneIndex":23,"length":0.9548
,"animation":{"dataType":3,"framePerSecond":24,"keys":[
{"frame":1,"values":[1,0,0,0,0,1,0,0,0,0,1,0,-0.8072,-0.3254,0.4547,1]},
{"frame":16,"values":[1,0,0,0,0,1,0,0,0,0,1,0,-0.8072,-0.3254,0.4547,1]}],"loopBehavior":1,"name":"anim","property":"_matrix"}},
{"name":"L_LipCornerUpTweak","index":25,"matrix":[1,0,0,0,0,1,0,0,0,0,1,0,-0.7251,0.0237,0.5782,1],"rest":[1,0,0,0,0,1,0,0,0,0,1,0,-0.7251,0.0237,0.5782,1],"parentBoneIndex":23,"length":0.9548
,"animation":{"dataType":3,"framePerSecond":24,"keys":[
{"frame":1,"values":[1,0,0,0,0,1,0,0,0,0,1,0,-0.7251,0.0237,0.5782,1]},
{"frame":16,"values":[1,0,0,0,0,1,0,0,0,0,1,0,-0.7251,0.0237,0.5782,1]}],"loopBehavior":1,"name":"anim","property":"_matrix"}},
{"name":"L_LipLower","index":26,"matrix":[1,0,0,0,0,1,0,0,0,0,1,0,1.2586,2.3762,13.5915,1],"rest":[1,0,0,0,0,1,0,0,0,0,1,0,1.2586,2.3762,13.5915,1],"parentBoneIndex":6,"length":14.8424
,"animation":{"dataType":3,"framePerSecond":24,"keys":[
{"frame":1,"values":[1,0,0,0,0,1,0,0,0,0,1,0,1.2586,2.3762,13.5915,1]},
{"frame":16,"values":[1,0,0,0,0,1,0,0,0,0,1,0,1.2586,2.3762,13.5915,1]}],"loopBehavior":1,"name":"anim","property":"_matrix"}},
{"name":"L_LipUpper","index":27,"matrix":[1,0,0,0,0,1,0,0,0,0,1,0,1.2981,3.1535,13.8987,1],"rest":[1,0,0,0,0,1,0,0,0,0,1,0,1.2981,3.1535,13.8987,1],"parentBoneIndex":6,"length":14.8424
,"animation":{"dataType":3,"framePerSecond":24,"keys":[
{"frame":1,"values":[1,0,0,0,0,1,0,0,0,0,1,0,1.2981,3.1535,13.8987,1]},
{"frame":16,"values":[1,0,0,0,0,1,0,0,0,0,1,0,1.2981,3.1535,13.8987,1]}],"loopBehavior":1,"name":"anim","property":"_matrix"}},
{"name":"LipMidLower","index":28,"matrix":[1,0,0,0,0,1,0,0,0,0,1,0,0,2.4182,14.0113,1],"rest":[1,0,0,0,0,1,0,0,0,0,1,0,0,2.4182,14.0113,1],"parentBoneIndex":6,"length":14.8424
,"animation":{"dataType":3,"framePerSecond":24,"keys":[
{"frame":1,"values":[1,0,0,0,0,1,0,0,0,0,1,0,0,2.4182,14.0113,1]},
{"frame":16,"values":[1,0,0,0,0,1,0,0,0,0,1,0,0,2.4182,14.0113,1]}],"loopBehavior":1,"name":"anim","property":"_matrix"}},
{"name":"LipMidUpper","index":29,"matrix":[1,0,0,0,0,1,0,0,0,0,1,0,0,3.2177,14.3127,1],"rest":[1,0,0,0,0,1,0,0,0,0,1,0,0,3.2177,14.3127,1],"parentBoneIndex":6,"length":14.8424
,"animation":{"dataType":3,"framePerSecond":24,"keys":[
{"frame":1,"values":[1,0,0,0,0,1,0,0,0,0,1,0,0,3.2177,14.3127,1]},
{"frame":16,"values":[1,0,0,0,0,1,0,0,0,0,1,0,0,3.2177,14.3127,1]}],"loopBehavior":1,"name":"anim","property":"_matrix"}},
{"name":"L_CheekFold","index":30,"matrix":[1,0,0,0,0,1,0,0,0,0,1,0,2.8997,4.8397,12.9905,1],"rest":[1,0,0,0,0,1,0,0,0,0,1,0,2.8997,4.8397,12.9905,1],"parentBoneIndex":6,"length":14.8424
,"animation":{"dataType":3,"framePerSecond":24,"keys":[
{"frame":1,"values":[1,0,0,0,0,1,0,0,0,0,1,0,2.8997,4.8397,12.9905,1]},
{"frame":16,"values":[1,0,0,0,0,1,0,0,0,0,1,0,2.8997,4.8397,12.9905,1]}],"loopBehavior":1,"name":"anim","property":"_matrix"}},
{"name":"L_Nostril","index":31,"matrix":[1,0,0,0,0,1,0,0,0,0,1,0,1.2793,5.2449,14.0405,1],"rest":[1,0,0,0,0,1,0,0,0,0,1,0,1.2793,5.2449,14.0405,1],"parentBoneIndex":6,"length":14.8424
,"animation":{"dataType":3,"framePerSecond":24,"keys":[
{"frame":1,"values":[1,0,0,0,0,1,0,0,0,0,1,0,1.2793,5.2449,14.0405,1]},
{"frame":16,"values":[1,0,0,0,0,1,0,0,0,0,1,0,1.2793,5.2449,14.0405,1]}],"loopBehavior":1,"name":"anim","property":"_matrix"}},
{"name":"Scalp","index":32,"matrix":[1,0,0,0,0,1,0,0,0,0,1,0,0.0038,15.512,8.5871,1],"rest":[1,0,0,0,0,1,0,0,0,0,1,0,0.0038,15.512,8.5871,1],"parentBoneIndex":6,"length":14.8424
,"animation":{"dataType":3,"framePerSecond":24,"keys":[
{"frame":1,"values":[1,0,0,0,0,1,0,0,0,0,1,0,0.0038,15.512,8.5871,1]},
{"frame":16,"values":[1,0,0,0,0,1,0,0,0,0,1,0,0.0038,15.512,8.5871,1]}],"loopBehavior":1,"name":"anim","property":"_matrix"}},
{"name":"L_OuterCheek","index":33,"matrix":[1,0,0,0,0,1,0,0,0,0,1,0,4.805,7.1686,11.679,1],"rest":[1,0,0,0,0,1,0,0,0,0,1,0,4.805,7.1686,11.679,1],"parentBoneIndex":6,"length":14.8424
,"animation":{"dataType":3,"framePerSecond":24,"keys":[
{"frame":1,"values":[1,0,0,0,0,1,0,0,0,0,1,0,4.805,7.1686,11.679,1]},
{"frame":16,"values":[1,0,0,0,0,1,0,0,0,0,1,0,4.805,7.1686,11.679,1]}],"loopBehavior":1,"name":"anim","property":"_matrix"}},
{"name":"R_LipLower","index":34,"matrix":[1,0,0,0,0,1,0,0,0,0,1,0,-1.2586,2.3762,13.5915,1],"rest":[1,0,0,0,0,1,0,0,0,0,1,0,-1.2586,2.3762,13.5915,1],"parentBoneIndex":6,"length":14.8424
,"animation":{"dataType":3,"framePerSecond":24,"keys":[
{"frame":1,"values":[1,0,0,0,0,1,0,0,0,0,1,0,-1.2586,2.3762,13.5915,1]},
{"frame":16,"values":[1,0,0,0,0,1,0,0,0,0,1,0,-1.2586,2.3762,13.5915,1]}],"loopBehavior":1,"name":"anim","property":"_matrix"}},
{"name":"RightNostril","index":35,"matrix":[1,0,0,0,0,1,0,0,0,0,1,0,-1.2793,5.2449,14.0405,1],"rest":[1,0,0,0,0,1,0,0,0,0,1,0,-1.2793,5.2449,14.0405,1],"parentBoneIndex":6,"length":14.8424
,"animation":{"dataType":3,"framePerSecond":24,"keys":[
{"frame":1,"values":[1,0,0,0,0,1,0,0,0,0,1,0,-1.2793,5.2449,14.0405,1]},
{"frame":16,"values":[1,0,0,0,0,1,0,0,0,0,1,0,-1.2793,5.2449,14.0405,1]}],"loopBehavior":1,"name":"anim","property":"_matrix"}},
{"name":"R_CheekFold","index":36,"matrix":[1,0,0,0,0,1,0,0,0,0,1,0,-2.8997,4.8397,12.9905,1],"rest":[1,0,0,0,0,1,0,0,0,0,1,0,-2.8997,4.8397,12.9905,1],"parentBoneIndex":6,"length":14.8424
,"animation":{"dataType":3,"framePerSecond":24,"keys":[
{"frame":1,"values":[1,0,0,0,0,1,0,0,0,0,1,0,-2.8997,4.8397,12.9905,1]},
{"frame":16,"values":[1,0,0,0,0,1,0,0,0,0,1,0,-2.8997,4.8397,12.9905,1]}],"loopBehavior":1,"name":"anim","property":"_matrix"}},
{"name":"R_LowerCheek","index":37,"matrix":[1,0,0,0,0,1,0,0,0,0,1,0,-4.3527,2.5675,9.9423,1],"rest":[1,0,0,0,0,1,0,0,0,0,1,0,-4.3527,2.5675,9.9423,1],"parentBoneIndex":6,"length":14.8424
,"animation":{"dataType":3,"framePerSecond":24,"keys":[
{"frame":1,"values":[1,0,0,0,0,1,0,0,0,0,1,0,-4.3527,2.5675,9.9423,1]},
{"frame":16,"values":[1,0,0,0,0,1,0,0,0,0,1,0,-4.3527,2.5675,9.9423,1]}],"loopBehavior":1,"name":"anim","property":"_matrix"}},
{"name":"R_gLipCorner","index":38,"matrix":[1,0,0,0,0,1,0,0,0,0,1,0,-2.9076,2.9095,12.5938,1],"rest":[1,0,0,0,0,1,0,0,0,0,1,0,-2.9076,2.9095,12.5938,1],"parentBoneIndex":6,"length":0.9548
,"animation":{"dataType":3,"framePerSecond":24,"keys":[
{"frame":1,"values":[1,0,0,0,0,1,0,0,0,0,1,0,-2.9076,2.9095,12.5938,1]},
{"frame":16,"values":[1,0,0,0,0,1,0,0,0,0,1,0,-2.9076,2.9095,12.5938,1]}],"loopBehavior":1,"name":"anim","property":"_matrix"}},
{"name":"R_gLipCornerLowTweak","index":39,"matrix":[1,0,0,0,0,1,0,0,0,0,1,0,0.8072,-0.3254,0.4547,1],"rest":[1,0,0,0,0,1,0,0,0,0,1,0,0.8072,-0.3254,0.4547,1],"parentBoneIndex":38,"length":0.9548
,"animation":{"dataType":3,"framePerSecond":24,"keys":[
{"frame":1,"values":[1,0,0,0,0,1,0,0,0,0,1,0,0.8072,-0.3254,0.4547,1]},
{"frame":16,"values":[1,0,0,0,0,1,0,0,0,0,1,0,0.8072,-0.3254,0.4547,1]}],"loopBehavior":1,"name":"anim","property":"_matrix"}},
{"name":"R_gLipCornerUpTweak","index":40,"matrix":[1,0,0,0,0,1,0,0,0,0,1,0,0.7251,0.0237,0.5782,1],"rest":[1,0,0,0,0,1,0,0,0,0,1,0,0.7251,0.0237,0.5782,1],"parentBoneIndex":38,"length":0.9548
,"animation":{"dataType":3,"framePerSecond":24,"keys":[
{"frame":1,"values":[1,0,0,0,0,1,0,0,0,0,1,0,0.7251,0.0237,0.5782,1]},
{"frame":16,"values":[1,0,0,0,0,1,0,0,0,0,1,0,0.7251,0.0237,0.5782,1]}],"loopBehavior":1,"name":"anim","property":"_matrix"}},
{"name":"R_LipUpper","index":41,"matrix":[1,0,0,0,0,1,0,0,0,0,1,0,-1.2981,3.1535,13.8987,1],"rest":[1,0,0,0,0,1,0,0,0,0,1,0,-1.2981,3.1535,13.8987,1],"parentBoneIndex":6,"length":14.8424
,"animation":{"dataType":3,"framePerSecond":24,"keys":[
{"frame":1,"values":[1,0,0,0,0,1,0,0,0,0,1,0,-1.2981,3.1535,13.8987,1]},
{"frame":16,"values":[1,0,0,0,0,1,0,0,0,0,1,0,-1.2981,3.1535,13.8987,1]}],"loopBehavior":1,"name":"anim","property":"_matrix"}},
{"name":"R_OuterCheek","index":42,"matrix":[1,0,0,0,0,1,0,0,0,0,1,0,-4.805,7.1686,11.679,1],"rest":[1,0,0,0,0,1,0,0,0,0,1,0,-4.805,7.1686,11.679,1],"parentBoneIndex":6,"length":14.8424
,"animation":{"dataType":3,"framePerSecond":24,"keys":[
{"frame":1,"values":[1,0,0,0,0,1,0,0,0,0,1,0,-4.805,7.1686,11.679,1]},
{"frame":16,"values":[1,0,0,0,0,1,0,0,0,0,1,0,-4.805,7.1686,11.679,1]}],"loopBehavior":1,"name":"anim","property":"_matrix"}},
{"name":"MidBrows","index":43,"matrix":[1,0,0,0,0,1,0,0,0,0,1,0,0,10.8004,14.2738,1],"rest":[1,0,0,0,0,1,0,0,0,0,1,0,0,10.8004,14.2738,1],"parentBoneIndex":6,"length":14.8424
,"animation":{"dataType":3,"framePerSecond":24,"keys":[
{"frame":1,"values":[1,0,0,0,0,1,0,0,0,0,1,0,0,10.8004,14.2738,1]},
{"frame":16,"values":[1,0,0,0,0,1,0,0,0,0,1,0,0,10.8004,14.2738,1]}],"loopBehavior":1,"name":"anim","property":"_matrix"}},
{"name":"R_InnerBrow","index":44,"matrix":[1,0,0,0,0,1,0,0,0,0,1,0,-1.6599,10.7576,14.115,1],"rest":[1,0,0,0,0,1,0,0,0,0,1,0,-1.6599,10.7576,14.115,1],"parentBoneIndex":6,"length":14.8424
,"animation":{"dataType":3,"framePerSecond":24,"keys":[
{"frame":1,"values":[1,0,0,0,0,1,0,0,0,0,1,0,-1.6599,10.7576,14.115,1]},
{"frame":16,"values":[1,0,0,0,0,1,0,0,0,0,1,0,-1.6599,10.7576,14.115,1]}],"loopBehavior":1,"name":"anim","property":"_matrix"}},
{"name":"R_MidBrow","index":45,"matrix":[1,0,0,0,0,1,0,0,0,0,1,0,-3.3668,11.4156,13.6166,1],"rest":[1,0,0,0,0,1,0,0,0,0,1,0,-3.3668,11.4156,13.6166,1],"parentBoneIndex":6,"length":14.8424
,"animation":{"dataType":3,"framePerSecond":24,"keys":[
{"frame":1,"values":[1,0,0,0,0,1,0,0,0,0,1,0,-3.3668,11.4156,13.6166,1]},
{"frame":16,"values":[1,0,0,0,0,1,0,0,0,0,1,0,-3.3668,11.4156,13.6166,1]}],"loopBehavior":1,"name":"anim","property":"_matrix"}},
{"name":"R_IOuterBrow","index":46,"matrix":[1,0,0,0,0,1,0,0,0,0,1,0,-5.185,11.3348,12.3701,1],"rest":[1,0,0,0,0,1,0,0,0,0,1,0,-5.185,11.3348,12.3701,1],"parentBoneIndex":6,"length":14.8424
,"animation":{"dataType":3,"framePerSecond":24,"keys":[
{"frame":1,"values":[1,0,0,0,0,1,0,0,0,0,1,0,-5.185,11.3348,12.3701,1]},
{"frame":16,"values":[1,0,0,0,0,1,0,0,0,0,1,0,-5.185,11.3348,12.3701,1]}],"loopBehavior":1,"name":"anim","property":"_matrix"}},
{"name":"R_Eye","index":47,"matrix":[1,0,0,0,0,1,0,0,0,0,1,0,-3.0989,9.6989,11.4382,1],"rest":[1,0,0,0,0,1,0,0,0,0,1,0,-3.0989,9.6989,11.4382,1],"parentBoneIndex":6,"length":14.8424
,"animation":{"dataType":3,"framePerSecond":24,"keys":[
{"frame":1,"values":[1,0,0,0,0,1,0,0,0,0,1,0,-3.0989,9.6989,11.4382,1]},
{"frame":16,"values":[1,0,0,0,0,1,0,0,0,0,1,0,-3.0989,9.6989,11.4382,1]}],"loopBehavior":1,"name":"anim","property":"_matrix"}},
{"name":"R_EyelidLower","index":48,"matrix":[1,0,0,0,0,1,0,0,0,0,1,0,-3.0989,9.6989,11.4382,1],"rest":[1,0,0,0,0,1,0,0,0,0,1,0,-3.0989,9.6989,11.4382,1],"parentBoneIndex":6,"length":14.8424
,"animation":{"dataType":3,"framePerSecond":24,"keys":[
{"frame":1,"values":[1,0,0,0,0,1,0,0,0,0,1,0,-3.0989,9.6989,11.4382,1]},
{"frame":16,"values":[1,0,0,0,0,1,0,0,0,0,1,0,-3.0989,9.6989,11.4382,1]}],"loopBehavior":1,"name":"anim","property":"_matrix"}},
{"name":"R_EyelidUpper","index":49,"matrix":[1,0,0,0,0,1,0,0,0,0,1,0,-3.0989,9.6989,11.4382,1],"rest":[1,0,0,0,0,1,0,0,0,0,1,0,-3.0989,9.6989,11.4382,1],"parentBoneIndex":6,"length":14.8424
,"animation":{"dataType":3,"framePerSecond":24,"keys":[
{"frame":1,"values":[1,0,0,0,0,1,0,0,0,0,1,0,-3.0989,9.6989,11.4382,1]},
{"frame":16,"values":[1,0,0,0,0,1,0,0,0,0,1,0,-3.0989,9.6989,11.4382,1]}],"loopBehavior":1,"name":"anim","property":"_matrix"}},
{"name":"R_Temple","index":50,"matrix":[1,0,0,0,0,1,0,0,0,0,1,0,-6.7164,11.953,7.4033,1],"rest":[1,0,0,0,0,1,0,0,0,0,1,0,-6.7164,11.953,7.4033,1],"parentBoneIndex":6,"length":14.8424
,"animation":{"dataType":3,"framePerSecond":24,"keys":[
{"frame":1,"values":[1,0,0,0,0,1,0,0,0,0,1,0,-6.7164,11.953,7.4033,1]},
{"frame":16,"values":[1,0,0,0,0,1,0,0,0,0,1,0,-6.7164,11.953,7.4033,1]}],"loopBehavior":1,"name":"anim","property":"_matrix"}},
{"name":"R_Ear","index":51,"matrix":[1,0,0,0,0,1,0,0,0,0,1,0,-6.8586,8.862,3.3161,1],"rest":[1,0,0,0,0,1,0,0,0,0,1,0,-6.8586,8.862,3.3161,1],"parentBoneIndex":6,"length":14.8424
,"animation":{"dataType":3,"framePerSecond":24,"keys":[
{"frame":1,"values":[1,0,0,0,0,1,0,0,0,0,1,0,-6.8586,8.862,3.3161,1]},
{"frame":16,"values":[1,0,0,0,0,1,0,0,0,0,1,0,-6.8586,8.862,3.3161,1]}],"loopBehavior":1,"name":"anim","property":"_matrix"}},
{"name":"R_InnerCheek","index":52,"matrix":[1,0,0,0,0,1,0,0,0,0,1,0,-2.1484,7.4937,13.4347,1],"rest":[1,0,0,0,0,1,0,0,0,0,1,0,-2.1484,7.4937,13.4347,1],"parentBoneIndex":6,"length":14.8424
,"animation":{"dataType":3,"framePerSecond":24,"keys":[
{"frame":1,"values":[1,0,0,0,0,1,0,0,0,0,1,0,-2.1484,7.4937,13.4347,1]},
{"frame":16,"values":[1,0,0,0,0,1,0,0,0,0,1,0,-2.1484,7.4937,13.4347,1]}],"loopBehavior":1,"name":"anim","property":"_matrix"}},
{"name":"Throat","index":53,"matrix":[1,0,0,0,0,1,0,0,0,0,1,0,0,-0.6141,8.3185,1],"rest":[1,0,0,0,0,1,0,0,0,0,1,0,0,-0.6141,8.3185,1],"parentBoneIndex":5,"length":6.2291
,"animation":{"dataType":3,"framePerSecond":24,"keys":[
{"frame":1,"values":[1,0,0,0,0,1,0,0,0,0,1,0,0,-0.6141,8.3185,1]},
{"frame":16,"values":[1,0,0,0,0,1,0,0,0,0,1,0,0,-0.6141,8.3185,1]}],"loopBehavior":1,"name":"anim","property":"_matrix"}},
{"name":"LeftShoulder","index":54,"matrix":[0.9577,-0.2793,0.0699,0,0.2779,0.9602,0.0301,0,-0.0755,-0.0094,0.9971,0,6.1442,10.187,-3.7932,1],"rest":[1,0,0,0,0,1,0,0,0,0,1,0,6.1442,10.187,-3.7932,1],"parentBoneIndex":3,"length":12.4986
,"animation":{"dataType":3,"framePerSecond":24,"keys":[
{"frame":1,"values":[0.9577,-0.2793,0.0699,0,0.2779,0.9602,0.0301,0,-0.0755,-0.0094,0.9971,0,6.1442,10.187,-3.7932,1]},
{"frame":2,"values":[0.9613,-0.2641,0.0781,0,0.2625,0.9645,0.0308,0,-0.0835,-0.0091,0.9965,0,6.1442,10.187,-3.7932,1]},
{"frame":3,"values":[0.9629,-0.2445,0.1144,0,0.2419,0.9696,0.0368,0,-0.1199,-0.0078,0.9928,0,6.1442,10.187,-3.7932,1]},
{"frame":4,"values":[0.9622,-0.2347,0.1383,0,0.2313,0.972,0.0408,0,-0.144,-0.0072,0.9896,0,6.1442,10.187,-3.7932,1]},
{"frame":5,"values":[0.9583,-0.2537,0.1312,0,0.2505,0.9672,0.0412,0,-0.1373,-0.0066,0.9905,0,6.1442,10.187,-3.7932,1]},
{"frame":6,"values":[0.9498,-0.2843,0.1305,0,0.2809,0.9587,0.0443,0,-0.1378,-0.0054,0.9904,0,6.1442,10.187,-3.7932,1]},
{"frame":7,"values":[0.9469,-0.292,0.1345,0,0.2884,0.9564,0.046,0,-0.142,-0.0048,0.9898,0,6.1442,10.187,-3.7932,1]},
{"frame":8,"values":[0.9537,-0.2714,0.1292,0,0.2682,0.9624,0.0425,0,-0.1359,-0.0059,0.9907,0,6.1442,10.187,-3.7932,1]},
{"frame":9,"values":[0.9563,-0.2662,0.121,0,0.2633,0.9639,0.04,0,-0.1273,-0.0064,0.9918,0,6.1442,10.187,-3.7932,1]},
{"frame":10,"values":[0.9557,-0.2779,0.0965,0,0.2757,0.9606,0.0359,0,-0.1027,-0.0077,0.9947,0,6.1442,10.187,-3.7932,1]},
{"frame":11,"values":[0.9663,-0.2465,0.0738,0,0.2451,0.9691,0.0283,0,-0.0785,-0.0093,0.9969,0,6.1442,10.187,-3.7932,1]},
{"frame":12,"values":[0.9713,-0.2223,0.0841,0,0.2207,0.9749,0.0283,0,-0.0883,-0.0089,0.9961,0,6.1442,10.187,-3.7932,1]},
{"frame":13,"values":[0.961,-0.2606,0.0927,0,0.2586,0.9654,0.0334,0,-0.0982,-0.0081,0.9951,0,6.1442,10.187,-3.7932,1]},
{"frame":14,"values":[0.9445,-0.3159,0.0899,0,0.3137,0.9488,0.0379,0,-0.0973,-0.0076,0.9952,0,6.1442,10.187,-3.7932,1]},
{"frame":15,"values":[0.9467,-0.3117,0.0808,0,0.3098,0.9501,0.0354,0,-0.0878,-0.0085,0.9961,0,6.1442,10.187,-3.7932,1]},
{"frame":16,"values":[0.9577,-0.2793,0.0699,0,0.2779,0.9602,0.0301,0,-0.0755,-0.0094,0.9971,0,6.1442,10.187,-3.7932,1]}],"loopBehavior":1,"name":"anim","property":"_matrix"}},
{"name":"LeftArm","index":55,"matrix":[0.2852,-0.8022,-0.5246,0,0.932,0.3599,-0.0437,0,0.2238,-0.4764,0.8502,0,12.3191,-1.113,-1.7935,1],"rest":[1,0,0,0,0,1,0,0,0,0,1,0,12.3191,-1.113,-1.7935,1],"parentBoneIndex":54,"length":27.687
,"animation":{"dataType":3,"framePerSecond":24,"keys":[
{"frame":1,"values":[0.2852,-0.8022,-0.5246,0,0.932,0.3599,-0.0437,0,0.2238,-0.4764,0.8502,0,12.3191,-1.113,-1.7935,1]},
{"frame":2,"values":[0.3775,-0.8088,-0.4509,0,0.9036,0.4282,-0.0116,0,0.2024,-0.4031,0.8925,0,12.3191,-1.113,-1.7935,1]},
{"frame":3,"values":[0.4973,-0.739,-0.4545,0,0.8287,0.5597,-0.0031,0,0.2567,-0.3751,0.8907,0,12.3191,-1.113,-1.7935,1]},
{"frame":4,"values":[0.6462,-0.6474,-0.4042,0,0.6864,0.7245,-0.063,0,0.3336,-0.2367,0.9125,0,12.3191,-1.113,-1.7935,1]},
{"frame":5,"values":[0.7873,-0.5569,-0.2645,0,0.5351,0.8304,-0.1555,0,0.3063,-0.0191,0.9518,0,12.3191,-1.113,-1.7935,1]},
{"frame":6,"values":[0.8277,-0.5301,-0.184,0,0.5004,0.8457,-0.1853,0,0.2538,0.0613,0.9653,0,12.3191,-1.113,-1.7935,1]},
{"frame":7,"values":[0.7997,-0.563,-0.2085,0,0.5573,0.8253,-0.0908,0,0.2232,-0.0436,0.9738,0,12.3191,-1.113,-1.7935,1]},
{"frame":8,"values":[0.7459,-0.6219,-0.2386,0,0.6527,0.7538,0.0758,0,0.1327,-0.2123,0.9681,0,12.3191,-1.113,-1.7935,1]},
{"frame":9,"values":[0.6638,-0.6818,-0.3075,0,0.7458,0.6343,0.2036,0,0.0562,-0.3645,0.9295,0,12.3191,-1.113,-1.7935,1]},
{"frame":10,"values":[0.5941,-0.66,-0.4598,0,0.8009,0.5385,0.2618,0,0.0749,-0.5238,0.8485,0,12.3191,-1.113,-1.7935,1]},
{"frame":11,"values":[0.5076,-0.5761,-0.6407,0,0.8432,0.4851,0.2318,0,0.1773,-0.6579,0.732,0,12.3191,-1.113,-1.7935,1]},
{"frame":12,"values":[0.384,-0.4788,-0.7895,0,0.8744,0.4632,0.1444,0,0.2965,-0.7458,0.5965,0,12.3191,-1.113,-1.7935,1]},
{"frame":13,"values":[0.3239,-0.4832,-0.8134,0,0.8881,0.4518,0.0852,0,0.3263,-0.7499,0.5754,0,12.3191,-1.113,-1.7935,1]},
{"frame":14,"values":[0.3234,-0.5867,-0.7424,0,0.8994,0.4344,0.0485,0,0.2941,-0.6834,0.6682,0,12.3191,-1.113,-1.7935,1]},
{"frame":15,"values":[0.2886,-0.7145,-0.6373,0,0.9236,0.3831,-0.0112,0,0.2521,-0.5854,0.7705,0,12.3191,-1.113,-1.7935,1]},
{"frame":16,"values":[0.2852,-0.8022,-0.5246,0,0.932,0.3599,-0.0437,0,0.2238,-0.4764,0.8502,0,12.3191,-1.113,-1.7935,1]}],"loopBehavior":1,"name":"anim","property":"_matrix"}},
{"name":"LeftForeArm","index":56,"matrix":[0.5674,0,0.8234,0,0,1,0,0,-0.8234,0,0.5674,0,27.687,0,0,1],"rest":[1,0,0,0,0,1,0,0,0,0,1,0,27.687,0,0,1],"parentBoneIndex":55,"length":27.8738
,"animation":{"dataType":3,"framePerSecond":24,"keys":[
{"frame":1,"values":[0.5674,0,0.8234,0,0,1,0,0,-0.8234,0,0.5674,0,27.687,0,0,1]},
{"frame":2,"values":[0.3393,0,0.9407,0,0,1,0,0,-0.9407,0,0.3393,0,27.687,0,0,1]},
{"frame":3,"values":[-0.0476,0,0.9989,0,0,1,0,0,-0.9989,0,-0.0476,0,27.687,0,0,1]},
{"frame":4,"values":[-0.3732,0,0.9277,0,0,1,0,0,-0.9277,0,-0.3732,0,27.687,0,0,1]},
{"frame":5,"values":[-0.4748,0,0.8801,0,0,1,0,0,-0.8801,0,-0.4748,0,27.687,0,0,1]},
{"frame":6,"values":[-0.3611,0,0.9325,0,0,1,0,0,-0.9325,0,-0.3611,0,27.687,0,0,1]},
