{"producer":{"name":"Blender","version":"2.90.0","exporter_version":"2.80.1","file":"runstrafeleft.babylon"},
"autoClear":true,"clearColor":[0.0509,0.0509,0.0509],"gravity":[0,-9.81,0],
"materials":[{"name":"Material","id":"Material","customType":"BABYLON.PBRMaterial","backFaceCulling":true,"checkReadyOnlyOnce":false,"maxSimultaneousLights":4,"environmentIntensity":1,"albedo":[0.8,0.8,0.8],"reflectivity":[0.5,0.5,0.5],"roughness":0.4,"alpha":1,"transparencyMode":0,"alphaCutOff":0.4,"metallic":0}],
"multiMaterials":[],
"skeletons":[{"name":"Armature","id":0,"dimensionsAtRest":[188.1767,188.0947,21.7491],"bones":[
{"name":"Hips","index":0,"matrix":[0.2811,-0.1134,0.953,0,0.3395,0.9405,0.0118,0,0.8976,-0.3202,-0.3028,0,-0.6791,85.2088,-0.0855,1],"rest":[1,0,0,0,0,1,0,0,0,0,-1,0,0,96.3764,0,1],"parentBoneIndex":-1,"length":9.9032
,"animation":{"dataType":3,"framePerSecond":24,"keys":[
{"frame":1,"values":[0.2811,-0.1134,0.953,0,0.3395,0.9405,0.0118,0,0.8976,-0.3202,-0.3028,0,-0.6791,85.2088,-0.0855,1]},
{"frame":2,"values":[0.281,-0.0971,0.9548,0,0.3335,0.9427,-0.0023,0,0.8999,-0.3191,-0.2973,0,-1.9178,85.15,-0.0288,1]},
{"frame":3,"values":[0.2806,-0.0129,0.9597,0,0.3181,0.9447,-0.0803,0,0.9056,-0.3278,-0.2692,0,-2.572,86.7335,0.5944,1]},
{"frame":4,"values":[0.2533,0.0427,0.9664,0,0.3293,0.9356,-0.1277,0,0.9096,-0.3505,-0.2229,0,-3.7779,87.8475,1.3081,1]},
{"frame":5,"values":[0.2254,0.0208,0.974,0,0.3503,0.9312,-0.101,0,0.9091,-0.364,-0.2026,0,-3.9954,88.6172,1.4348,1]},
{"frame":6,"values":[0.2015,0.0005,0.9795,0,0.3426,0.9368,-0.071,0,0.9176,-0.3499,-0.1886,0,-3.8553,88.1384,1.2562,1]},
{"frame":7,"values":[0.1639,0.0216,0.9862,0,0.3297,0.9411,-0.0754,0,0.9298,-0.3375,-0.1471,0,-3.2367,87.003,1.4745,1]},
{"frame":8,"values":[0.1629,0.0194,0.9865,0,0.3351,0.9393,-0.0738,0,0.928,-0.3425,-0.1465,0,-4.5352,85.7942,1.6484,1]},
{"frame":9,"values":[0.1538,0.0084,0.9881,0,0.3455,0.9364,-0.0618,0,0.9257,-0.3509,-0.1411,0,-5.2113,85.2573,1.6253,1]},
{"frame":10,"values":[0.127,-0.0463,0.9908,0,0.3635,0.9316,-0.0031,0,0.9229,-0.3606,-0.1351,0,-5.3689,86.2833,1.2732,1]},
{"frame":11,"values":[0.1271,-0.1011,0.9867,0,0.3648,0.9298,0.0483,0,0.9224,-0.3538,-0.1551,0,-4.5807,87.6214,1.1735,1]},
{"frame":12,"values":[0.1606,-0.1248,0.9791,0,0.3571,0.9321,0.0602,0,0.9201,-0.34,-0.1943,0,-3.9447,88.4835,1.3309,1]},
{"frame":13,"values":[0.2054,-0.0676,0.9763,0,0.3311,0.9436,-0.0043,0,0.9209,-0.3242,-0.2162,0,-1.3342,88.0859,1.4466,1]},
{"frame":14,"values":[0.2602,-0.049,0.9643,0,0.2962,0.9546,-0.0314,0,0.919,-0.2938,-0.2629,0,0.9718,87.9211,1.3464,1]},
{"frame":15,"values":[0.2674,-0.0709,0.961,0,0.2871,0.9578,-0.0092,0,0.9198,-0.2784,-0.2765,0,0.9422,87.302,0.8862,1]},
{"frame":16,"values":[0.261,-0.1065,0.9595,0,0.3304,0.9437,0.0149,0,0.907,-0.3131,-0.2815,0,-0.7818,85.3062,0.5037,1]},
{"frame":17,"values":[0.2811,-0.1134,0.953,0,0.3395,0.9405,0.0118,0,0.8976,-0.3202,-0.3028,0,-0.6791,85.2088,-0.0855,1]}],"loopBehavior":1,"name":"anim","property":"_matrix"}},
{"name":"Spine","index":1,"matrix":[0.9847,0.1018,0.1416,0,-0.1226,0.9815,0.1468,0,-0.124,-0.1619,0.979,0,0,9.2263,1.5771,1],"rest":[1,0,0,0,0,1,0,0,0,0,1,0,0,9.2263,1.5771,1],"parentBoneIndex":0,"length":16.2548
,"animation":{"dataType":3,"framePerSecond":24,"keys":[
{"frame":1,"values":[0.9847,0.1018,0.1416,0,-0.1226,0.9815,0.1468,0,-0.124,-0.1619,0.979,0,0,9.2263,1.5771,1]},
{"frame":2,"values":[0.9917,0.0758,0.1039,0,-0.0905,0.9852,0.1454,0,-0.0914,-0.1536,0.9839,0,0,9.2263,1.5771,1]},
{"frame":3,"values":[0.9975,0.0091,0.0707,0,-0.0181,0.9916,0.1278,0,-0.069,-0.1287,0.9893,0,0,9.2263,1.5771,1]},
{"frame":4,"values":[0.9987,-0.0345,0.0365,0,0.0301,0.993,0.1138,0,-0.0402,-0.1126,0.9928,0,0,9.2263,1.5771,1]},
{"frame":5,"values":[0.9998,-0.0165,0.0122,0,0.015,0.9933,0.1149,0,-0.0141,-0.1147,0.9933,0,0,9.2263,1.5771,1]},
{"frame":6,"values":[0.9994,0.0167,0.0302,0,-0.0203,0.9922,0.1229,0,-0.0279,-0.1234,0.992,0,0,9.2263,1.5771,1]},
{"frame":7,"values":[0.996,0.0226,0.0868,0,-0.0337,0.9911,0.1292,0,-0.0831,-0.1316,0.9878,0,0,9.2263,1.5771,1]},
{"frame":8,"values":[0.9886,0.0117,0.1501,0,-0.0333,0.9892,0.1424,0,-0.1468,-0.1458,0.9784,0,0,9.2263,1.5771,1]},
{"frame":9,"values":[0.9789,0.0275,0.2025,0,-0.0592,0.9865,0.1524,0,-0.1956,-0.1612,0.9673,0,0,9.2263,1.5771,1]},
{"frame":10,"values":[0.9626,0.092,0.2549,0,-0.1312,0.9813,0.1412,0,-0.2372,-0.1694,0.9566,0,0,9.2263,1.5771,1]},
{"frame":11,"values":[0.938,0.1583,0.3084,0,-0.2039,0.9714,0.1216,0,-0.2804,-0.1769,0.9434,0,0,9.2263,1.5771,1]},
{"frame":12,"values":[0.9235,0.1653,0.3462,0,-0.214,0.971,0.107,0,-0.3184,-0.1729,0.932,0,0,9.2263,1.5771,1]},
{"frame":13,"values":[0.9271,0.1223,0.3544,0,-0.1672,0.9809,0.099,0,-0.3355,-0.151,0.9298,0,0,9.2263,1.5771,1]},
{"frame":14,"values":[0.9437,0.0902,0.3182,0,-0.1291,0.9862,0.1033,0,-0.3045,-0.1386,0.9424,0,0,9.2263,1.5771,1]},
{"frame":15,"values":[0.9635,0.0999,0.2483,0,-0.1322,0.9843,0.1169,0,-0.2328,-0.1454,0.9616,0,0,9.2263,1.5771,1]},
{"frame":16,"values":[0.9779,0.1165,0.1736,0,-0.1403,0.9813,0.1318,0,-0.1549,-0.1533,0.976,0,0,9.2263,1.5771,1]},
{"frame":17,"values":[0.9847,0.1018,0.1416,0,-0.1226,0.9815,0.1468,0,-0.124,-0.1619,0.979,0,0,9.2263,1.5771,1]}],"loopBehavior":1,"name":"anim","property":"_matrix"}},
{"name":"Spine1","index":2,"matrix":[0.9974,0.0396,0.0596,0,-0.0429,0.9975,0.0566,0,-0.0572,-0.059,0.9966,0,0,16.254,-0.1656,1],"rest":[1,0,0,0,0,1,0,0,0,0,1,0,0,16.254,-0.1656,1],"parentBoneIndex":1,"length":13.7007
,"animation":{"dataType":3,"framePerSecond":24,"keys":[
{"frame":1,"values":[0.9974,0.0396,0.0596,0,-0.0429,0.9975,0.0566,0,-0.0572,-0.059,0.9966,0,0,16.254,-0.1656,1]},
{"frame":2,"values":[0.9986,0.032,0.0429,0,-0.0343,0.9978,0.0561,0,-0.041,-0.0575,0.9975,0,0,16.254,-0.1656,1]},
{"frame":3,"values":[0.9995,0.0143,0.0276,0,-0.0158,0.9986,0.0515,0,-0.0269,-0.0519,0.9983,0,0,16.254,-0.1656,1]},
{"frame":4,"values":[0.9999,0.0017,0.0144,0,-0.0024,0.9988,0.0482,0,-0.0143,-0.0483,0.9987,0,0,16.254,-0.1656,1]},
{"frame":5,"values":[1,0.0045,0.0083,0,-0.0049,0.9989,0.0476,0,-0.0081,-0.0476,0.9988,0,0,16.254,-0.1656,1]},
{"frame":6,"values":[0.9998,0.0126,0.0174,0,-0.0134,0.9987,0.0482,0,-0.0167,-0.0484,0.9987,0,0,16.254,-0.1656,1]},
{"frame":7,"values":[0.9992,0.015,0.0378,0,-0.0169,0.9986,0.0506,0,-0.037,-0.0512,0.998,0,0,16.254,-0.1656,1]},
{"frame":8,"values":[0.998,0.0155,0.0608,0,-0.019,0.9982,0.0567,0,-0.0598,-0.0577,0.9965,0,0,16.254,-0.1656,1]},
{"frame":9,"values":[0.9962,0.0235,0.0839,0,-0.0286,0.9977,0.0607,0,-0.0823,-0.0629,0.9946,0,0,16.254,-0.1656,1]},
{"frame":10,"values":[0.9933,0.0405,0.1086,0,-0.0468,0.9973,0.0567,0,-0.106,-0.0614,0.9925,0,0,16.254,-0.1656,1]},
{"frame":11,"values":[0.9901,0.0543,0.1297,0,-0.0614,0.9968,0.0514,0,-0.1264,-0.0589,0.9902,0,0,16.254,-0.1656,1]},
{"frame":12,"values":[0.9887,0.0556,0.1392,0,-0.0627,0.9969,0.0471,0,-0.1362,-0.0553,0.9891,0,0,16.254,-0.1656,1]},
{"frame":13,"values":[0.9892,0.0503,0.1379,0,-0.0565,0.9975,0.0413,0,-0.1355,-0.0486,0.9896,0,0,16.254,-0.1656,1]},
{"frame":14,"values":[0.9908,0.0471,0.1269,0,-0.0526,0.9978,0.0399,0,-0.1248,-0.0462,0.9911,0,0,16.254,-0.1656,1]},
{"frame":15,"values":[0.9934,0.0468,0.1046,0,-0.0518,0.9976,0.0451,0,-0.1022,-0.0502,0.9935,0,0,16.254,-0.1656,1]},
{"frame":16,"values":[0.9962,0.0456,0.0745,0,-0.0495,0.9975,0.0509,0,-0.072,-0.0544,0.9959,0,0,16.254,-0.1656,1]},
{"frame":17,"values":[0.9974,0.0396,0.0596,0,-0.0429,0.9975,0.0566,0,-0.0572,-0.059,0.9966,0,0,16.254,-0.1656,1]}],"loopBehavior":1,"name":"anim","property":"_matrix"}},
{"name":"Spine2","index":3,"matrix":[0.9974,0.0404,0.0593,0,-0.0438,0.9975,0.0562,0,-0.0569,-0.0587,0.9967,0,0,13.6396,-1.2923,1],"rest":[1,0,0,0,0,1,0,0,0,0,1,0,0,13.6396,-1.2923,1],"parentBoneIndex":2,"length":13.1719
,"animation":{"dataType":3,"framePerSecond":24,"keys":[
{"frame":1,"values":[0.9974,0.0404,0.0593,0,-0.0438,0.9975,0.0562,0,-0.0569,-0.0587,0.9967,0,0,13.6396,-1.2923,1]},
{"frame":2,"values":[0.9986,0.0325,0.0428,0,-0.0349,0.9978,0.0558,0,-0.0409,-0.0573,0.9975,0,0,13.6396,-1.2923,1]},
{"frame":3,"values":[0.9995,0.0146,0.0279,0,-0.016,0.9986,0.0512,0,-0.0272,-0.0516,0.9983,0,0,13.6396,-1.2923,1]},
{"frame":4,"values":[0.9999,0.0018,0.0149,0,-0.0025,0.9988,0.0481,0,-0.0148,-0.0481,0.9987,0,0,13.6396,-1.2923,1]},
{"frame":5,"values":[1,0.0046,0.0086,0,-0.005,0.9989,0.0475,0,-0.0084,-0.0475,0.9988,0,0,13.6396,-1.2923,1]},
{"frame":6,"values":[0.9998,0.0128,0.0175,0,-0.0136,0.9988,0.0481,0,-0.0169,-0.0483,0.9987,0,0,13.6396,-1.2923,1]},
{"frame":7,"values":[0.9992,0.0153,0.0378,0,-0.0172,0.9986,0.0504,0,-0.037,-0.051,0.998,0,0,13.6396,-1.2923,1]},
{"frame":8,"values":[0.998,0.0162,0.0607,0,-0.0196,0.9982,0.0565,0,-0.0597,-0.0576,0.9966,0,0,13.6396,-1.2923,1]},
{"frame":9,"values":[0.9962,0.0245,0.0837,0,-0.0297,0.9977,0.0605,0,-0.082,-0.0628,0.9947,0,0,13.6396,-1.2923,1]},
{"frame":10,"values":[0.9932,0.0418,0.1082,0,-0.0481,0.9973,0.0563,0,-0.1056,-0.0611,0.9925,0,0,13.6396,-1.2923,1]},
{"frame":11,"values":[0.99,0.0558,0.1293,0,-0.0628,0.9967,0.0504,0,-0.1261,-0.0581,0.9903,0,0,13.6396,-1.2923,1]},
{"frame":12,"values":[0.9886,0.0574,0.1389,0,-0.0643,0.9969,0.0459,0,-0.1358,-0.0543,0.9892,0,0,13.6396,-1.2923,1]},
{"frame":13,"values":[0.9891,0.0527,0.1373,0,-0.0588,0.9975,0.0404,0,-0.1348,-0.0481,0.9897,0,0,13.6396,-1.2923,1]},
{"frame":14,"values":[0.9908,0.0496,0.1261,0,-0.055,0.9977,0.0395,0,-0.1239,-0.0461,0.9912,0,0,13.6396,-1.2923,1]},
{"frame":15,"values":[0.9934,0.0487,0.1039,0,-0.0536,0.9976,0.0448,0,-0.1015,-0.05,0.9936,0,0,13.6396,-1.2923,1]},
{"frame":16,"values":[0.9962,0.0467,0.0741,0,-0.0505,0.9974,0.0505,0,-0.0715,-0.0541,0.996,0,0,13.6396,-1.2923,1]},
{"frame":17,"values":[0.9974,0.0404,0.0593,0,-0.0438,0.9975,0.0562,0,-0.0569,-0.0587,0.9967,0,0,13.6396,-1.2923,1]}],"loopBehavior":1,"name":"anim","property":"_matrix"}},
{"name":"Neck","index":4,"matrix":[0.9921,-0.0377,0.1199,0,0.0398,0.9991,-0.015,0,-0.1192,0.0197,0.9927,0,0,13.8774,-4.3542,1],"rest":[1,0,0,0,0,1,0,0,0,0,1,0,0,13.8774,-4.3542,1],"parentBoneIndex":3,"length":4.4379
,"animation":{"dataType":3,"framePerSecond":24,"keys":[
{"frame":1,"values":[0.9921,-0.0377,0.1199,0,0.0398,0.9991,-0.015,0,-0.1192,0.0197,0.9927,0,0,13.8774,-4.3542,1]},
{"frame":2,"values":[0.9901,-0.0346,0.1357,0,0.0365,0.9993,-0.0121,0,-0.1352,0.0169,0.9907,0,0,13.8774,-4.3542,1]},
{"frame":3,"values":[0.9877,-0.0222,0.1546,0,0.0242,0.9996,-0.0113,0,-0.1543,0.0149,0.9879,0,0,13.8774,-4.3542,1]},
{"frame":4,"values":[0.9847,-0.0078,0.1738,0,0.0124,0.9996,-0.0251,0,-0.1735,0.0268,0.9845,0,0,13.8774,-4.3542,1]},
{"frame":5,"values":[0.9832,-0.0028,0.1827,0,0.0101,0.9992,-0.0389,0,-0.1824,0.0401,0.9824,0,0,13.8774,-4.3542,1]},
{"frame":6,"values":[0.9848,-0.0071,0.1737,0,0.0133,0.9993,-0.0349,0,-0.1734,0.0367,0.9842,0,0,13.8774,-4.3542,1]},
{"frame":7,"values":[0.9879,-0.0142,0.1544,0,0.0185,0.9995,-0.0265,0,-0.154,0.029,0.9877,0,0,13.8774,-4.3542,1]},
{"frame":8,"values":[0.9906,-0.0197,0.1351,0,0.0244,0.9992,-0.033,0,-0.1344,0.036,0.9903,0,0,13.8774,-4.3542,1]},
{"frame":9,"values":[0.9926,-0.0295,0.1177,0,0.0346,0.9985,-0.0418,0,-0.1163,0.0456,0.9922,0,0,13.8774,-4.3542,1]},
{"frame":10,"values":[0.9942,-0.0495,0.096,0,0.0526,0.9981,-0.031,0,-0.0943,0.0358,0.9949,0,0,13.8774,-4.3542,1]},
{"frame":11,"values":[0.9954,-0.0639,0.0714,0,0.0647,0.9979,-0.0092,0,-0.0706,0.0138,0.9974,0,0,13.8774,-4.3542,1]},
{"frame":12,"values":[0.9964,-0.0651,0.055,0,0.0646,0.9979,0.0109,0,-0.0556,-0.0074,0.9984,0,0,13.8774,-4.3542,1]},
{"frame":13,"values":[0.9964,-0.0682,0.051,0,0.0671,0.9975,0.0235,0,-0.0524,-0.02,0.9984,0,0,13.8774,-4.3542,1]},
{"frame":14,"values":[0.9954,-0.0735,0.0622,0,0.0725,0.9972,0.0185,0,-0.0634,-0.0139,0.9979,0,0,13.8774,-4.3542,1]},
{"frame":15,"values":[0.9941,-0.0612,0.0895,0,0.0615,0.9981,-0.0011,0,-0.0892,0.0066,0.996,0,0,13.8774,-4.3542,1]},
{"frame":16,"values":[0.9924,-0.0364,0.1172,0,0.0386,0.9991,-0.0165,0,-0.1165,0.0209,0.993,0,0,13.8774,-4.3542,1]},
{"frame":17,"values":[0.9921,-0.0377,0.1199,0,0.0398,0.9991,-0.015,0,-0.1192,0.0197,0.9927,0,0,13.8774,-4.3542,1]}],"loopBehavior":1,"name":"anim","property":"_matrix"}},
{"name":"Neck1","index":5,"matrix":[1,0,0,0,0,1,0,0,0,0,1,0,0,4.34,0.9269,1],"rest":[1,0,0,0,0,1,0,0,0,0,1,0,0,4.34,0.9269,1],"parentBoneIndex":4,"length":6.2291
,"animation":{"dataType":3,"framePerSecond":24,"keys":[
{"frame":1,"values":[1,0,0,0,0,1,0,0,0,0,1,0,0,4.34,0.9269,1]},
{"frame":17,"values":[1,0,0,0,0,1,0,0,0,0,1,0,0,4.34,0.9269,1]}],"loopBehavior":1,"name":"anim","property":"_matrix"}},
{"name":"Head","index":6,"matrix":[0.6541,0.4809,0.5839,0,-0.1944,0.8529,-0.4846,0,-0.731,0.2035,0.6513,0,0,4.0266,0.8585,1],"rest":[1,0,0,0,0,1,0,0,0,0,1,0,0,4.0266,0.8585,1],"parentBoneIndex":5,"length":14.8424
,"animation":{"dataType":3,"framePerSecond":24,"keys":[
{"frame":1,"values":[0.6541,0.4809,0.5839,0,-0.1944,0.8529,-0.4846,0,-0.731,0.2035,0.6513,0,0,4.0266,0.8585,1]},
{"frame":2,"values":[0.6203,0.4626,0.6335,0,-0.18,0.87,-0.4591,0,-0.7635,0.1708,0.6229,0,0,4.0266,0.8585,1]},
{"frame":3,"values":[0.5578,0.4593,0.6913,0,-0.1987,0.8826,-0.426,0,-0.8058,0.1002,0.5836,0,0,4.0266,0.8585,1]},
{"frame":4,"values":[0.4994,0.4664,0.7301,0,-0.2004,0.8821,-0.4263,0,-0.8428,0.0666,0.534,0,0,4.0266,0.8585,1]},
{"frame":5,"values":[0.4875,0.4682,0.7369,0,-0.176,0.8794,-0.4423,0,-0.8552,0.0859,0.5111,0,0,4.0266,0.8585,1]},
{"frame":6,"values":[0.5228,0.4603,0.7175,0,-0.1622,0.88,-0.4464,0,-0.8369,0.117,0.5348,0,0,4.0266,0.8585,1]},
{"frame":7,"values":[0.5671,0.4651,0.6797,0,-0.1739,0.8743,-0.4532,0,-0.8051,0.1388,0.5767,0,0,4.0266,0.8585,1]},
{"frame":8,"values":[0.6003,0.4916,0.6308,0,-0.1994,0.8558,-0.4772,0,-0.7745,0.1607,0.6118,0,0,4.0266,0.8585,1]},
{"frame":9,"values":[0.6341,0.4978,0.5917,0,-0.2133,0.8482,-0.4849,0,-0.7432,0.1812,0.644,0,0,4.0266,0.8585,1]},
{"frame":10,"values":[0.6828,0.4654,0.5632,0,-0.2104,0.8635,-0.4584,0,-0.6996,0.1945,0.6875,0,0,4.0266,0.8585,1]},
{"frame":11,"values":[0.7332,0.4324,0.5248,0,-0.2133,0.8791,-0.4263,0,-0.6456,0.2006,0.7368,0,0,4.0266,0.8585,1]},
{"frame":12,"values":[0.7627,0.4182,0.4934,0,-0.2302,0.8884,-0.3972,0,-0.6044,0.1894,0.7739,0,0,4.0266,0.8585,1]},
{"frame":13,"values":[0.7685,0.4057,0.4948,0,-0.2393,0.8994,-0.3658,0,-0.5934,0.1627,0.7883,0,0,4.0266,0.8585,1]},
{"frame":14,"values":[0.7514,0.3931,0.53,0,-0.2242,0.9075,-0.3551,0,-0.6206,0.148,0.7701,0,0,4.0266,0.8585,1]},
{"frame":15,"values":[0.7099,0.4027,0.5777,0,-0.1948,0.9006,-0.3885,0,-0.6768,0.1633,0.7179,0,0,4.0266,0.8585,1]},
{"frame":16,"values":[0.6645,0.4423,0.6023,0,-0.1779,0.8765,-0.4474,0,-0.7258,0.1901,0.6611,0,0,4.0266,0.8585,1]},
{"frame":17,"values":[0.6541,0.4809,0.5839,0,-0.1944,0.8529,-0.4846,0,-0.731,0.2035,0.6513,0,0,4.0266,0.8585,1]}],"loopBehavior":1,"name":"anim","property":"_matrix"}},
{"name":"L_Ear","index":7,"matrix":[1,0,0,0,0,1,0,0,0,0,1,0,6.8586,8.862,3.3161,1],"rest":[1,0,0,0,0,1,0,0,0,0,1,0,6.8586,8.862,3.3161,1],"parentBoneIndex":6,"length":14.8424
,"animation":{"dataType":3,"framePerSecond":24,"keys":[
{"frame":1,"values":[1,0,0,0,0,1,0,0,0,0,1,0,6.8586,8.862,3.3161,1]},
{"frame":17,"values":[1,0,0,0,0,1,0,0,0,0,1,0,6.8586,8.862,3.3161,1]}],"loopBehavior":1,"name":"anim","property":"_matrix"}},
{"name":"Jaw","index":8,"matrix":[1,0,0,0,0,1,0,0,0,0,1,0,0.0038,6.235,4.4131,1],"rest":[1,0,0,0,0,1,0,0,0,0,1,0,0.0038,6.235,4.4131,1],"parentBoneIndex":6,"length":8.9884
,"animation":{"dataType":3,"framePerSecond":24,"keys":[
{"frame":1,"values":[1,0,0,0,0,1,0,0,0,0,1,0,0.0038,6.235,4.4131,1]},
{"frame":17,"values":[1,0,0,0,0,1,0,0,0,0,1,0,0.0038,6.235,4.4131,1]}],"loopBehavior":1,"name":"anim","property":"_matrix"}},
{"name":"TongueBack","index":9,"matrix":[1,0,0,0,0,1,0,0,0,0,1,0,0,-3.3518,4.6468,1],"rest":[1,0,0,0,0,1,0,0,0,0,1,0,0,-3.3518,4.6468,1],"parentBoneIndex":8,"length":1.6664
,"animation":{"dataType":3,"framePerSecond":24,"keys":[
{"frame":1,"values":[1,0,0,0,0,1,0,0,0,0,1,0,0,-3.3518,4.6468,1]},
{"frame":17,"values":[1,0,0,0,0,1,0,0,0,0,1,0,0,-3.3518,4.6468,1]}],"loopBehavior":1,"name":"anim","property":"_matrix"}},
{"name":"TongueMid","index":10,"matrix":[1,0,0,0,0,1,0,0,0,0,1,0,0,0.0424,1.6659,1],"rest":[1,0,0,0,0,1,0,0,0,0,1,0,0,0.0424,1.6659,1],"parentBoneIndex":9,"length":1.3562
,"animation":{"dataType":3,"framePerSecond":24,"keys":[
{"frame":1,"values":[1,0,0,0,0,1,0,0,0,0,1,0,0,0.0424,1.6659,1]},
{"frame":17,"values":[1,0,0,0,0,1,0,0,0,0,1,0,0,0.0424,1.6659,1]}],"loopBehavior":1,"name":"anim","property":"_matrix"}},
{"name":"TongueTip","index":11,"matrix":[1,0,0,0,0,1,0,0,0,0,1,0,0,-0.4344,1.2847,1],"rest":[1,0,0,0,0,1,0,0,0,0,1,0,0,-0.4344,1.2847,1],"parentBoneIndex":10,"length":1.3562
,"animation":{"dataType":3,"framePerSecond":24,"keys":[
{"frame":1,"values":[1,0,0,0,0,1,0,0,0,0,1,0,0,-0.4344,1.2847,1]},
{"frame":17,"values":[1,0,0,0,0,1,0,0,0,0,1,0,0,-0.4344,1.2847,1]}],"loopBehavior":1,"name":"anim","property":"_matrix"}},
{"name":"Chin","index":12,"matrix":[1,0,0,0,0,1,0,0,0,0,1,0,-0.0038,-6.1605,9.1241,1],"rest":[1,0,0,0,0,1,0,0,0,0,1,0,-0.0038,-6.1605,9.1241,1],"parentBoneIndex":8,"length":8.9884
,"animation":{"dataType":3,"framePerSecond":24,"keys":[
{"frame":1,"values":[1,0,0,0,0,1,0,0,0,0,1,0,-0.0038,-6.1605,9.1241,1]},
{"frame":17,"values":[1,0,0,0,0,1,0,0,0,0,1,0,-0.0038,-6.1605,9.1241,1]}],"loopBehavior":1,"name":"anim","property":"_matrix"}},
{"name":"LowerChin","index":13,"matrix":[1,0,0,0,0,1,0,0,0,0,1,0,-0.0038,-8.2784,6.0042,1],"rest":[1,0,0,0,0,1,0,0,0,0,1,0,-0.0038,-8.2784,6.0042,1],"parentBoneIndex":8,"length":8.9884
,"animation":{"dataType":3,"framePerSecond":24,"keys":[
{"frame":1,"values":[1,0,0,0,0,1,0,0,0,0,1,0,-0.0038,-8.2784,6.0042,1]},
{"frame":17,"values":[1,0,0,0,0,1,0,0,0,0,1,0,-0.0038,-8.2784,6.0042,1]}],"loopBehavior":1,"name":"anim","property":"_matrix"}},
{"name":"L_Temple","index":14,"matrix":[1,0,0,0,0,1,0,0,0,0,1,0,6.7164,11.953,7.4033,1],"rest":[1,0,0,0,0,1,0,0,0,0,1,0,6.7164,11.953,7.4033,1],"parentBoneIndex":6,"length":14.8424
,"animation":{"dataType":3,"framePerSecond":24,"keys":[
{"frame":1,"values":[1,0,0,0,0,1,0,0,0,0,1,0,6.7164,11.953,7.4033,1]},
{"frame":11,"values":[1,0,0,0,0,1,0,0,0,0,1,0,6.7164,11.9531,7.4033,1]},
{"frame":12,"values":[1,0,0,0,0,1,0,0,0,0,1,0,6.7164,11.953,7.4033,1]},
{"frame":17,"values":[1,0,0,0,0,1,0,0,0,0,1,0,6.7164,11.953,7.4033,1]}],"loopBehavior":1,"name":"anim","property":"_matrix"}},
{"name":"L_IOuterBrow","index":15,"matrix":[1,0,0,0,0,1,0,0,0,0,1,0,5.185,11.3348,12.3701,1],"rest":[1,0,0,0,0,1,0,0,0,0,1,0,5.185,11.3348,12.3701,1],"parentBoneIndex":6,"length":14.8424
,"animation":{"dataType":3,"framePerSecond":24,"keys":[
{"frame":1,"values":[1,0,0,0,0,1,0,0,0,0,1,0,5.185,11.3348,12.3701,1]},
{"frame":17,"values":[1,0,0,0,0,1,0,0,0,0,1,0,5.185,11.3348,12.3701,1]}],"loopBehavior":1,"name":"anim","property":"_matrix"}},
{"name":"L_MidBrow","index":16,"matrix":[1,0,0,0,0,1,0,0,0,0,1,0,3.3668,11.4156,13.6166,1],"rest":[1,0,0,0,0,1,0,0,0,0,1,0,3.3668,11.4156,13.6166,1],"parentBoneIndex":6,"length":14.8424
,"animation":{"dataType":3,"framePerSecond":24,"keys":[
{"frame":1,"values":[1,0,0,0,0,1,0,0,0,0,1,0,3.3668,11.4156,13.6166,1]},
{"frame":17,"values":[1,0,0,0,0,1,0,0,0,0,1,0,3.3668,11.4156,13.6166,1]}],"loopBehavior":1,"name":"anim","property":"_matrix"}},
{"name":"L_InnerBrow","index":17,"matrix":[1,0,0,0,0,1,0,0,0,0,1,0,1.6599,10.7576,14.115,1],"rest":[1,0,0,0,0,1,0,0,0,0,1,0,1.6599,10.7576,14.115,1],"parentBoneIndex":6,"length":14.8424
,"animation":{"dataType":3,"framePerSecond":24,"keys":[
{"frame":1,"values":[1,0,0,0,0,1,0,0,0,0,1,0,1.6599,10.7576,14.115,1]},
{"frame":17,"values":[1,0,0,0,0,1,0,0,0,0,1,0,1.6599,10.7576,14.115,1]}],"loopBehavior":1,"name":"anim","property":"_matrix"}},
{"name":"L_Eye","index":18,"matrix":[1,0,0,0,0,1,0,0,0,0,1,0,3.0989,9.6989,11.4382,1],"rest":[1,0,0,0,0,1,0,0,0,0,1,0,3.0989,9.6989,11.4382,1],"parentBoneIndex":6,"length":14.8424
,"animation":{"dataType":3,"framePerSecond":24,"keys":[
{"frame":1,"values":[1,0,0,0,0,1,0,0,0,0,1,0,3.0989,9.6989,11.4382,1]},
{"frame":17,"values":[1,0,0,0,0,1,0,0,0,0,1,0,3.0989,9.6989,11.4382,1]}],"loopBehavior":1,"name":"anim","property":"_matrix"}},
{"name":"L_EyelidLower","index":19,"matrix":[1,0,0,0,0,1,0,0,0,0,1,0,3.0989,9.6989,11.4382,1],"rest":[1,0,0,0,0,1,0,0,0,0,1,0,3.0989,9.6989,11.4382,1],"parentBoneIndex":6,"length":14.8424
,"animation":{"dataType":3,"framePerSecond":24,"keys":[
{"frame":1,"values":[1,0,0,0,0,1,0,0,0,0,1,0,3.0989,9.6989,11.4382,1]},
{"frame":17,"values":[1,0,0,0,0,1,0,0,0,0,1,0,3.0989,9.6989,11.4382,1]}],"loopBehavior":1,"name":"anim","property":"_matrix"}},
{"name":"L_EyelidUpper","index":20,"matrix":[1,0,0,0,0,1,0,0,0,0,1,0,3.0989,9.6989,11.4382,1],"rest":[1,0,0,0,0,1,0,0,0,0,1,0,3.0989,9.6989,11.4382,1],"parentBoneIndex":6,"length":14.8424
,"animation":{"dataType":3,"framePerSecond":24,"keys":[
{"frame":1,"values":[1,0,0,0,0,1,0,0,0,0,1,0,3.0989,9.6989,11.4382,1]},
{"frame":17,"values":[1,0,0,0,0,1,0,0,0,0,1,0,3.0989,9.6989,11.4382,1]}],"loopBehavior":1,"name":"anim","property":"_matrix"}},
{"name":"L_InnerCheek","index":21,"matrix":[1,0,0,0,0,1,0,0,0,0,1,0,2.1484,7.4937,13.4347,1],"rest":[1,0,0,0,0,1,0,0,0,0,1,0,2.1484,7.4937,13.4347,1],"parentBoneIndex":6,"length":14.8424
,"animation":{"dataType":3,"framePerSecond":24,"keys":[
{"frame":1,"values":[1,0,0,0,0,1,0,0,0,0,1,0,2.1484,7.4937,13.4347,1]},
{"frame":17,"values":[1,0,0,0,0,1,0,0,0,0,1,0,2.1484,7.4937,13.4347,1]}],"loopBehavior":1,"name":"anim","property":"_matrix"}},
{"name":"L_LowerCheek","index":22,"matrix":[1,0,0,0,0,1,0,0,0,0,1,0,4.3527,2.5675,9.9423,1],"rest":[1,0,0,0,0,1,0,0,0,0,1,0,4.3527,2.5675,9.9423,1],"parentBoneIndex":6,"length":14.8424
,"animation":{"dataType":3,"framePerSecond":24,"keys":[
{"frame":1,"values":[1,0,0,0,0,1,0,0,0,0,1,0,4.3527,2.5675,9.9423,1]},
{"frame":17,"values":[1,0,0,0,0,1,0,0,0,0,1,0,4.3527,2.5675,9.9423,1]}],"loopBehavior":1,"name":"anim","property":"_matrix"}},
{"name":"L_LipCorner","index":23,"matrix":[1,0,0,0,0,1,0,0,0,0,1,0,2.9076,2.9095,12.5938,1],"rest":[1,0,0,0,0,1,0,0,0,0,1,0,2.9076,2.9095,12.5938,1],"parentBoneIndex":6,"length":0.9548
,"animation":{"dataType":3,"framePerSecond":24,"keys":[
{"frame":1,"values":[1,0,0,0,0,1,0,0,0,0,1,0,2.9076,2.9095,12.5938,1]},
{"frame":2,"values":[1,0,0,0,0,1,0,0,0,0,1,0,2.9076,2.9096,12.5938,1]},
{"frame":3,"values":[1,0,0,0,0,1,0,0,0,0,1,0,2.9076,2.9095,12.5938,1]},
{"frame":17,"values":[1,0,0,0,0,1,0,0,0,0,1,0,2.9076,2.9095,12.5938,1]}],"loopBehavior":1,"name":"anim","property":"_matrix"}},
{"name":"L_LipCornerLowTweak","index":24,"matrix":[1,0,0,0,0,1,0,0,0,0,1,0,-0.8072,-0.3254,0.4547,1],"rest":[1,0,0,0,0,1,0,0,0,0,1,0,-0.8072,-0.3254,0.4547,1],"parentBoneIndex":23,"length":0.9548
,"animation":{"dataType":3,"framePerSecond":24,"keys":[
{"frame":1,"values":[1,0,0,0,0,1,0,0,0,0,1,0,-0.8072,-0.3254,0.4547,1]},
{"frame":17,"values":[1,0,0,0,0,1,0,0,0,0,1,0,-0.8072,-0.3254,0.4547,1]}],"loopBehavior":1,"name":"anim","property":"_matrix"}},
{"name":"L_LipCornerUpTweak","index":25,"matrix":[1,0,0,0,0,1,0,0,0,0,1,0,-0.7251,0.0237,0.5782,1],"rest":[1,0,0,0,0,1,0,0,0,0,1,0,-0.7251,0.0237,0.5782,1],"parentBoneIndex":23,"length":0.9548
,"animation":{"dataType":3,"framePerSecond":24,"keys":[
{"frame":1,"values":[1,0,0,0,0,1,0,0,0,0,1,0,-0.7251,0.0237,0.5782,1]},
{"frame":17,"values":[1,0,0,0,0,1,0,0,0,0,1,0,-0.7251,0.0237,0.5782,1]}],"loopBehavior":1,"name":"anim","property":"_matrix"}},
{"name":"L_LipLower","index":26,"matrix":[1,0,0,0,0,1,0,0,0,0,1,0,1.2586,2.3762,13.5915,1],"rest":[1,0,0,0,0,1,0,0,0,0,1,0,1.2586,2.3762,13.5915,1],"parentBoneIndex":6,"length":14.8424
,"animation":{"dataType":3,"framePerSecond":24,"keys":[
{"frame":1,"values":[1,0,0,0,0,1,0,0,0,0,1,0,1.2586,2.3762,13.5915,1]},
{"frame":17,"values":[1,0,0,0,0,1,0,0,0,0,1,0,1.2586,2.3762,13.5915,1]}],"loopBehavior":1,"name":"anim","property":"_matrix"}},
{"name":"L_LipUpper","index":27,"matrix":[1,0,0,0,0,1,0,0,0,0,1,0,1.2981,3.1535,13.8987,1],"rest":[1,0,0,0,0,1,0,0,0,0,1,0,1.2981,3.1535,13.8987,1],"parentBoneIndex":6,"length":14.8424
,"animation":{"dataType":3,"framePerSecond":24,"keys":[
{"frame":1,"values":[1,0,0,0,0,1,0,0,0,0,1,0,1.2981,3.1535,13.8987,1]},
{"frame":17,"values":[1,0,0,0,0,1,0,0,0,0,1,0,1.2981,3.1535,13.8987,1]}],"loopBehavior":1,"name":"anim","property":"_matrix"}},
{"name":"LipMidLower","index":28,"matrix":[1,0,0,0,0,1,0,0,0,0,1,0,0,2.4182,14.0113,1],"rest":[1,0,0,0,0,1,0,0,0,0,1,0,0,2.4182,14.0113,1],"parentBoneIndex":6,"length":14.8424
,"animation":{"dataType":3,"framePerSecond":24,"keys":[
{"frame":1,"values":[1,0,0,0,0,1,0,0,0,0,1,0,0,2.4182,14.0113,1]},
{"frame":17,"values":[1,0,0,0,0,1,0,0,0,0,1,0,0,2.4182,14.0113,1]}],"loopBehavior":1,"name":"anim","property":"_matrix"}},
{"name":"LipMidUpper","index":29,"matrix":[1,0,0,0,0,1,0,0,0,0,1,0,0,3.2177,14.3127,1],"rest":[1,0,0,0,0,1,0,0,0,0,1,0,0,3.2177,14.3127,1],"parentBoneIndex":6,"length":14.8424
,"animation":{"dataType":3,"framePerSecond":24,"keys":[
{"frame":1,"values":[1,0,0,0,0,1,0,0,0,0,1,0,0,3.2177,14.3127,1]},
{"frame":17,"values":[1,0,0,0,0,1,0,0,0,0,1,0,0,3.2177,14.3127,1]}],"loopBehavior":1,"name":"anim","property":"_matrix"}},
{"name":"L_CheekFold","index":30,"matrix":[1,0,0,0,0,1,0,0,0,0,1,0,2.8997,4.8397,12.9905,1],"rest":[1,0,0,0,0,1,0,0,0,0,1,0,2.8997,4.8397,12.9905,1],"parentBoneIndex":6,"length":14.8424
,"animation":{"dataType":3,"framePerSecond":24,"keys":[
{"frame":1,"values":[1,0,0,0,0,1,0,0,0,0,1,0,2.8997,4.8397,12.9905,1]},
{"frame":17,"values":[1,0,0,0,0,1,0,0,0,0,1,0,2.8997,4.8397,12.9905,1]}],"loopBehavior":1,"name":"anim","property":"_matrix"}},
{"name":"L_Nostril","index":31,"matrix":[1,0,0,0,0,1,0,0,0,0,1,0,1.2793,5.2449,14.0405,1],"rest":[1,0,0,0,0,1,0,0,0,0,1,0,1.2793,5.2449,14.0405,1],"parentBoneIndex":6,"length":14.8424
,"animation":{"dataType":3,"framePerSecond":24,"keys":[
{"frame":1,"values":[1,0,0,0,0,1,0,0,0,0,1,0,1.2793,5.2449,14.0405,1]},
{"frame":17,"values":[1,0,0,0,0,1,0,0,0,0,1,0,1.2793,5.2449,14.0405,1]}],"loopBehavior":1,"name":"anim","property":"_matrix"}},
{"name":"Scalp","index":32,"matrix":[1,0,0,0,0,1,0,0,0,0,1,0,0.0038,15.512,8.5871,1],"rest":[1,0,0,0,0,1,0,0,0,0,1,0,0.0038,15.512,8.5871,1],"parentBoneIndex":6,"length":14.8424
,"animation":{"dataType":3,"framePerSecond":24,"keys":[
{"frame":1,"values":[1,0,0,0,0,1,0,0,0,0,1,0,0.0038,15.512,8.5871,1]},
{"frame":17,"values":[1,0,0,0,0,1,0,0,0,0,1,0,0.0038,15.512,8.5871,1]}],"loopBehavior":1,"name":"anim","property":"_matrix"}},
{"name":"L_OuterCheek","index":33,"matrix":[1,0,0,0,0,1,0,0,0,0,1,0,4.805,7.1686,11.679,1],"rest":[1,0,0,0,0,1,0,0,0,0,1,0,4.805,7.1686,11.679,1],"parentBoneIndex":6,"length":14.8424
,"animation":{"dataType":3,"framePerSecond":24,"keys":[
{"frame":1,"values":[1,0,0,0,0,1,0,0,0,0,1,0,4.805,7.1686,11.679,1]},
{"frame":17,"values":[1,0,0,0,0,1,0,0,0,0,1,0,4.805,7.1686,11.679,1]}],"loopBehavior":1,"name":"anim","property":"_matrix"}},
{"name":"R_LipLower","index":34,"matrix":[1,0,0,0,0,1,0,0,0,0,1,0,-1.2586,2.3762,13.5915,1],"rest":[1,0,0,0,0,1,0,0,0,0,1,0,-1.2586,2.3762,13.5915,1],"parentBoneIndex":6,"length":14.8424
,"animation":{"dataType":3,"framePerSecond":24,"keys":[
{"frame":1,"values":[1,0,0,0,0,1,0,0,0,0,1,0,-1.2586,2.3762,13.5915,1]},
{"frame":2,"values":[1,0,0,0,0,1,0,0,0,0,1,0,-1.2586,2.3763,13.5915,1]},
{"frame":3,"values":[1,0,0,0,0,1,0,0,0,0,1,0,-1.2586,2.3762,13.5915,1]},
{"frame":17,"values":[1,0,0,0,0,1,0,0,0,0,1,0,-1.2586,2.3762,13.5915,1]}],"loopBehavior":1,"name":"anim","property":"_matrix"}},
{"name":"RightNostril","index":35,"matrix":[1,0,0,0,0,1,0,0,0,0,1,0,-1.2793,5.2449,14.0405,1],"rest":[1,0,0,0,0,1,0,0,0,0,1,0,-1.2793,5.2449,14.0405,1],"parentBoneIndex":6,"length":14.8424
,"animation":{"dataType":3,"framePerSecond":24,"keys":[
{"frame":1,"values":[1,0,0,0,0,1,0,0,0,0,1,0,-1.2793,5.2449,14.0405,1]},
{"frame":17,"values":[1,0,0,0,0,1,0,0,0,0,1,0,-1.2793,5.2449,14.0405,1]}],"loopBehavior":1,"name":"anim","property":"_matrix"}},
{"name":"R_CheekFold","index":36,"matrix":[1,0,0,0,0,1,0,0,0,0,1,0,-2.8997,4.8397,12.9905,1],"rest":[1,0,0,0,0,1,0,0,0,0,1,0,-2.8997,4.8397,12.9905,1],"parentBoneIndex":6,"length":14.8424
,"animation":{"dataType":3,"framePerSecond":24,"keys":[
{"frame":1,"values":[1,0,0,0,0,1,0,0,0,0,1,0,-2.8997,4.8397,12.9905,1]},
{"frame":17,"values":[1,0,0,0,0,1,0,0,0,0,1,0,-2.8997,4.8397,12.9905,1]}],"loopBehavior":1,"name":"anim","property":"_matrix"}},
{"name":"R_LowerCheek","index":37,"matrix":[1,0,0,0,0,1,0,0,0,0,1,0,-4.3527,2.5675,9.9423,1],"rest":[1,0,0,0,0,1,0,0,0,0,1,0,-4.3527,2.5675,9.9423,1],"parentBoneIndex":6,"length":14.8424
,"animation":{"dataType":3,"framePerSecond":24,"keys":[
{"frame":1,"values":[1,0,0,0,0,1,0,0,0,0,1,0,-4.3527,2.5675,9.9423,1]},
{"frame":17,"values":[1,0,0,0,0,1,0,0,0,0,1,0,-4.3527,2.5675,9.9423,1]}],"loopBehavior":1,"name":"anim","property":"_matrix"}},
{"name":"R_gLipCorner","index":38,"matrix":[1,0,0,0,0,1,0,0,0,0,1,0,-2.9076,2.9095,12.5938,1],"rest":[1,0,0,0,0,1,0,0,0,0,1,0,-2.9076,2.9095,12.5938,1],"parentBoneIndex":6,"length":0.9548
,"animation":{"dataType":3,"framePerSecond":24,"keys":[
{"frame":1,"values":[1,0,0,0,0,1,0,0,0,0,1,0,-2.9076,2.9095,12.5938,1]},
{"frame":17,"values":[1,0,0,0,0,1,0,0,0,0,1,0,-2.9076,2.9095,12.5938,1]}],"loopBehavior":1,"name":"anim","property":"_matrix"}},
{"name":"R_gLipCornerLowTweak","index":39,"matrix":[1,0,0,0,0,1,0,0,0,0,1,0,0.8072,-0.3254,0.4547,1],"rest":[1,0,0,0,0,1,0,0,0,0,1,0,0.8072,-0.3254,0.4547,1],"parentBoneIndex":38,"length":0.9548
,"animation":{"dataType":3,"framePerSecond":24,"keys":[
{"frame":1,"values":[1,0,0,0,0,1,0,0,0,0,1,0,0.8072,-0.3254,0.4547,1]},
{"frame":17,"values":[1,0,0,0,0,1,0,0,0,0,1,0,0.8072,-0.3254,0.4547,1]}],"loopBehavior":1,"name":"anim","property":"_matrix"}},
{"name":"R_gLipCornerUpTweak","index":40,"matrix":[1,0,0,0,0,1,0,0,0,0,1,0,0.7251,0.0237,0.5782,1],"rest":[1,0,0,0,0,1,0,0,0,0,1,0,0.7251,0.0237,0.5782,1],"parentBoneIndex":38,"length":0.9548
,"animation":{"dataType":3,"framePerSecond":24,"keys":[
{"frame":1,"values":[1,0,0,0,0,1,0,0,0,0,1,0,0.7251,0.0237,0.5782,1]},
{"frame":17,"values":[1,0,0,0,0,1,0,0,0,0,1,0,0.7251,0.0237,0.5782,1]}],"loopBehavior":1,"name":"anim","property":"_matrix"}},
{"name":"R_LipUpper","index":41,"matrix":[1,0,0,0,0,1,0,0,0,0,1,0,-1.2981,3.1535,13.8987,1],"rest":[1,0,0,0,0,1,0,0,0,0,1,0,-1.2981,3.1535,13.8987,1],"parentBoneIndex":6,"length":14.8424
,"animation":{"dataType":3,"framePerSecond":24,"keys":[
{"frame":1,"values":[1,0,0,0,0,1,0,0,0,0,1,0,-1.2981,3.1535,13.8987,1]},
{"frame":17,"values":[1,0,0,0,0,1,0,0,0,0,1,0,-1.2981,3.1535,13.8987,1]}],"loopBehavior":1,"name":"anim","property":"_matrix"}},
{"name":"R_OuterCheek","index":42,"matrix":[1,0,0,0,0,1,0,0,0,0,1,0,-4.805,7.1686,11.679,1],"rest":[1,0,0,0,0,1,0,0,0,0,1,0,-4.805,7.1686,11.679,1],"parentBoneIndex":6,"length":14.8424
,"animation":{"dataType":3,"framePerSecond":24,"keys":[
{"frame":1,"values":[1,0,0,0,0,1,0,0,0,0,1,0,-4.805,7.1686,11.679,1]},
{"frame":17,"values":[1,0,0,0,0,1,0,0,0,0,1,0,-4.805,7.1686,11.679,1]}],"loopBehavior":1,"name":"anim","property":"_matrix"}},
{"name":"MidBrows","index":43,"matrix":[1,0,0,0,0,1,0,0,0,0,1,0,0,10.8004,14.2738,1],"rest":[1,0,0,0,0,1,0,0,0,0,1,0,0,10.8004,14.2738,1],"parentBoneIndex":6,"length":14.8424
,"animation":{"dataType":3,"framePerSecond":24,"keys":[
{"frame":1,"values":[1,0,0,0,0,1,0,0,0,0,1,0,0,10.8004,14.2738,1]},
{"frame":17,"values":[1,0,0,0,0,1,0,0,0,0,1,0,0,10.8004,14.2738,1]}],"loopBehavior":1,"name":"anim","property":"_matrix"}},
{"name":"R_InnerBrow","index":44,"matrix":[1,0,0,0,0,1,0,0,0,0,1,0,-1.6599,10.7576,14.115,1],"rest":[1,0,0,0,0,1,0,0,0,0,1,0,-1.6599,10.7576,14.115,1],"parentBoneIndex":6,"length":14.8424
,"animation":{"dataType":3,"framePerSecond":24,"keys":[
{"frame":1,"values":[1,0,0,0,0,1,0,0,0,0,1,0,-1.6599,10.7576,14.115,1]},
{"frame":17,"values":[1,0,0,0,0,1,0,0,0,0,1,0,-1.6599,10.7576,14.115,1]}],"loopBehavior":1,"name":"anim","property":"_matrix"}},
{"name":"R_MidBrow","index":45,"matrix":[1,0,0,0,0,1,0,0,0,0,1,0,-3.3668,11.4156,13.6166,1],"rest":[1,0,0,0,0,1,0,0,0,0,1,0,-3.3668,11.4156,13.6166,1],"parentBoneIndex":6,"length":14.8424
,"animation":{"dataType":3,"framePerSecond":24,"keys":[
{"frame":1,"values":[1,0,0,0,0,1,0,0,0,0,1,0,-3.3668,11.4156,13.6166,1]},
{"frame":17,"values":[1,0,0,0,0,1,0,0,0,0,1,0,-3.3668,11.4156,13.6166,1]}],"loopBehavior":1,"name":"anim","property":"_matrix"}},
{"name":"R_IOuterBrow","index":46,"matrix":[1,0,0,0,0,1,0,0,0,0,1,0,-5.185,11.3348,12.3701,1],"rest":[1,0,0,0,0,1,0,0,0,0,1,0,-5.185,11.3348,12.3701,1],"parentBoneIndex":6,"length":14.8424
,"animation":{"dataType":3,"framePerSecond":24,"keys":[
{"frame":1,"values":[1,0,0,0,0,1,0,0,0,0,1,0,-5.185,11.3348,12.3701,1]},
{"frame":17,"values":[1,0,0,0,0,1,0,0,0,0,1,0,-5.185,11.3348,12.3701,1]}],"loopBehavior":1,"name":"anim","property":"_matrix"}},
{"name":"R_Eye","index":47,"matrix":[1,0,0,0,0,1,0,0,0,0,1,0,-3.0989,9.6989,11.4382,1],"rest":[1,0,0,0,0,1,0,0,0,0,1,0,-3.0989,9.6989,11.4382,1],"parentBoneIndex":6,"length":14.8424
,"animation":{"dataType":3,"framePerSecond":24,"keys":[
{"frame":1,"values":[1,0,0,0,0,1,0,0,0,0,1,0,-3.0989,9.6989,11.4382,1]},
{"frame":17,"values":[1,0,0,0,0,1,0,0,0,0,1,0,-3.0989,9.6989,11.4382,1]}],"loopBehavior":1,"name":"anim","property":"_matrix"}},
{"name":"R_EyelidLower","index":48,"matrix":[1,0,0,0,0,1,0,0,0,0,1,0,-3.0989,9.6989,11.4382,1],"rest":[1,0,0,0,0,1,0,0,0,0,1,0,-3.0989,9.6989,11.4382,1],"parentBoneIndex":6,"length":14.8424
,"animation":{"dataType":3,"framePerSecond":24,"keys":[
{"frame":1,"values":[1,0,0,0,0,1,0,0,0,0,1,0,-3.0989,9.6989,11.4382,1]},
{"frame":17,"values":[1,0,0,0,0,1,0,0,0,0,1,0,-3.0989,9.6989,11.4382,1]}],"loopBehavior":1,"name":"anim","property":"_matrix"}},
{"name":"R_EyelidUpper","index":49,"matrix":[1,0,0,0,0,1,0,0,0,0,1,0,-3.0989,9.6989,11.4382,1],"rest":[1,0,0,0,0,1,0,0,0,0,1,0,-3.0989,9.6989,11.4382,1],"parentBoneIndex":6,"length":14.8424
,"animation":{"dataType":3,"framePerSecond":24,"keys":[
{"frame":1,"values":[1,0,0,0,0,1,0,0,0,0,1,0,-3.0989,9.6989,11.4382,1]},
{"frame":17,"values":[1,0,0,0,0,1,0,0,0,0,1,0,-3.0989,9.6989,11.4382,1]}],"loopBehavior":1,"name":"anim","property":"_matrix"}},
{"name":"R_Temple","index":50,"matrix":[1,0,0,0,0,1,0,0,0,0,1,0,-6.7164,11.953,7.4033,1],"rest":[1,0,0,0,0,1,0,0,0,0,1,0,-6.7164,11.953,7.4033,1],"parentBoneIndex":6,"length":14.8424
,"animation":{"dataType":3,"framePerSecond":24,"keys":[
{"frame":1,"values":[1,0,0,0,0,1,0,0,0,0,1,0,-6.7164,11.953,7.4033,1]},
{"frame":17,"values":[1,0,0,0,0,1,0,0,0,0,1,0,-6.7164,11.953,7.4033,1]}],"loopBehavior":1,"name":"anim","property":"_matrix"}},
{"name":"R_Ear","index":51,"matrix":[1,0,0,0,0,1,0,0,0,0,1,0,-6.8586,8.862,3.3161,1],"rest":[1,0,0,0,0,1,0,0,0,0,1,0,-6.8586,8.862,3.3161,1],"parentBoneIndex":6,"length":14.8424
,"animation":{"dataType":3,"framePerSecond":24,"keys":[
{"frame":1,"values":[1,0,0,0,0,1,0,0,0,0,1,0,-6.8586,8.862,3.3161,1]},
{"frame":17,"values":[1,0,0,0,0,1,0,0,0,0,1,0,-6.8586,8.862,3.3161,1]}],"loopBehavior":1,"name":"anim","property":"_matrix"}},
{"name":"R_InnerCheek","index":52,"matrix":[1,0,0,0,0,1,0,0,0,0,1,0,-2.1484,7.4937,13.4347,1],"rest":[1,0,0,0,0,1,0,0,0,0,1,0,-2.1484,7.4937,13.4347,1],"parentBoneIndex":6,"length":14.8424
,"animation":{"dataType":3,"framePerSecond":24,"keys":[
{"frame":1,"values":[1,0,0,0,0,1,0,0,0,0,1,0,-2.1484,7.4937,13.4347,1]},
{"frame":17,"values":[1,0,0,0,0,1,0,0,0,0,1,0,-2.1484,7.4937,13.4347,1]}],"loopBehavior":1,"name":"anim","property":"_matrix"}},
{"name":"Throat","index":53,"matrix":[1,0,0,0,0,1,0,0,0,0,1,0,0,-0.6141,8.3185,1],"rest":[1,0,0,0,0,1,0,0,0,0,1,0,0,-0.6141,8.3185,1],"parentBoneIndex":5,"length":6.2291
,"animation":{"dataType":3,"framePerSecond":24,"keys":[
{"frame":1,"values":[1,0,0,0,0,1,0,0,0,0,1,0,0,-0.6141,8.3185,1]},
{"frame":17,"values":[1,0,0,0,0,1,0,0,0,0,1,0,0,-0.6141,8.3185,1]}],"loopBehavior":1,"name":"anim","property":"_matrix"}},
{"name":"LeftShoulder","index":54,"matrix":[0.9578,-0.2046,0.2017,0,0.1987,0.9788,0.0496,0,-0.2075,-0.0074,0.9782,0,6.1442,10.187,-3.7932,1],"rest":[1,0,0,0,0,1,0,0,0,0,1,0,6.1442,10.187,-3.7932,1],"parentBoneIndex":3,"length":12.4986
,"animation":{"dataType":3,"framePerSecond":24,"keys":[
{"frame":1,"values":[0.9578,-0.2046,0.2017,0,0.1987,0.9788,0.0496,0,-0.2075,-0.0074,0.9782,0,6.1442,10.187,-3.7932,1]},
{"frame":2,"values":[0.9609,-0.1959,0.1958,0,0.1902,0.9806,0.0473,0,-0.2013,-0.0082,0.9795,0,6.1442,10.187,-3.7932,1]},
{"frame":3,"values":[0.9634,-0.182,0.1968,0,0.1765,0.9833,0.0456,0,-0.2018,-0.0092,0.9794,0,6.1442,10.187,-3.7932,1]},
{"frame":4,"values":[0.9595,-0.1729,0.2223,0,0.1662,0.9849,0.0488,0,-0.2274,-0.0099,0.9738,0,6.1442,10.187,-3.7932,1]},
{"frame":5,"values":[0.9525,-0.1749,0.2491,0,0.1667,0.9845,0.054,0,-0.2547,-0.0099,0.967,0,6.1442,10.187,-3.7932,1]},
{"frame":6,"values":[0.9469,-0.1882,0.2608,0,0.1792,0.9821,0.0583,0,-0.2671,-0.0085,0.9636,0,6.1442,10.187,-3.7932,1]},
{"frame":7,"values":[0.9412,-0.2122,0.2628,0,0.2028,0.9772,0.0629,0,-0.2701,-0.0059,0.9628,0,6.1442,10.187,-3.7932,1]},
{"frame":8,"values":[0.9364,-0.2339,0.2616,0,0.2242,0.9723,0.0665,0,-0.2699,-0.0036,0.9629,0,6.1442,10.187,-3.7932,1]},
{"frame":9,"values":[0.9357,-0.2301,0.2675,0,0.2201,0.9732,0.0671,0,-0.2758,-0.0039,0.9612,0,6.1442,10.187,-3.7932,1]},
{"frame":10,"values":[0.9401,-0.1987,0.2772,0,0.1884,0.98,0.0635,0,-0.2842,-0.0075,0.9587,0,6.1442,10.187,-3.7932,1]},
{"frame":11,"values":[0.9482,-0.1669,0.2702,0,0.1573,0.9859,0.0569,0,-0.2759,-0.0115,0.9611,0,6.1442,10.187,-3.7932,1]},
{"frame":12,"values":[0.9575,-0.1526,0.2447,0,0.1447,0.9882,0.0501,0,-0.2495,-0.0126,0.9683,0,6.1442,10.187,-3.7932,1]},
{"frame":13,"values":[0.9619,-0.1553,0.2249,0,0.1485,0.9878,0.047,0,-0.2294,-0.0119,0.9733,0,6.1442,10.187,-3.7932,1]},
{"frame":14,"values":[0.9597,-0.1697,0.224,0,0.1628,0.9854,0.0491,0,-0.229,-0.0106,0.9734,0,6.1442,10.187,-3.7932,1]},
{"frame":15,"values":[0.9537,-0.1863,0.2359,0,0.1786,0.9824,0.0539,0,-0.2418,-0.0093,0.9703,0,6.1442,10.187,-3.7932,1]},
{"frame":16,"values":[0.9508,-0.1964,0.2397,0,0.1883,0.9805,0.0562,0,-0.2461,-0.0083,0.9692,0,6.1442,10.187,-3.7932,1]},
{"frame":17,"values":[0.9578,-0.2046,0.2017,0,0.1987,0.9788,0.0496,0,-0.2075,-0.0074,0.9782,0,6.1442,10.187,-3.7932,1]}],"loopBehavior":1,"name":"anim","property":"_matrix"}},
{"name":"LeftArm","index":55,"matrix":[0.494,-0.7594,-0.4234,0,0.8507,0.5228,0.0548,0,0.1797,-0.3873,0.9043,0,12.3191,-1.113,-1.7935,1],"rest":[1,0,0,0,0,1,0,0,0,0,1,0,12.3191,-1.113,-1.7935,1],"parentBoneIndex":54,"length":27.687
,"animation":{"dataType":3,"framePerSecond":24,"keys":[
{"frame":1,"values":[0.494,-0.7594,-0.4234,0,0.8507,0.5228,0.0548,0,0.1797,-0.3873,0.9043,0,12.3191,-1.113,-1.7935,1]},
{"frame":2,"values":[0.3917,-0.8294,-0.3983,0,0.9019,0.4318,-0.0122,0,0.1821,-0.3545,0.9172,0,12.3191,-1.113,-1.7935,1]},
{"frame":3,"values":[0.3268,-0.824,-0.4629,0,0.9041,0.4153,-0.1009,0,0.2754,-0.3855,0.8806,0,12.3191,-1.113,-1.7935,1]},
{"frame":4,"values":[0.3314,-0.7932,-0.5109,0,0.8608,0.4759,-0.1804,0,0.3862,-0.38,0.8405,0,12.3191,-1.113,-1.7935,1]},
{"frame":5,"values":[0.3717,-0.7861,-0.4939,0,0.8293,0.5203,-0.2041,0,0.4174,-0.3337,0.8453,0,12.3191,-1.113,-1.7935,1]},
{"frame":6,"values":[0.4071,-0.8039,-0.4336,0,0.841,0.5151,-0.1655,0,0.3564,-0.2973,0.8858,0,12.3191,-1.113,-1.7935,1]},
{"frame":7,"values":[0.4591,-0.8182,-0.346,0,0.8461,0.5214,-0.1103,0,0.2706,-0.2421,0.9317,0,12.3191,-1.113,-1.7935,1]},
{"frame":8,"values":[0.5632,-0.7991,-0.2104,0,0.8042,0.5886,-0.0823,0,0.1896,-0.1228,0.9741,0,12.3191,-1.113,-1.7935,1]},
{"frame":9,"values":[0.6806,-0.7319,-0.0333,0,0.7265,0.6801,-0.0987,0,0.0948,0.043,0.9946,0,12.3191,-1.113,-1.7935,1]},
{"frame":10,"values":[0.7588,-0.6438,0.0983,0,0.6506,0.7425,-0.1593,0,0.0296,0.1849,0.9823,0,12.3191,-1.113,-1.7935,1]},
{"frame":11,"values":[0.8055,-0.5853,0.0929,0,0.5857,0.7623,-0.2755,0,0.0904,0.2763,0.9568,0,12.3191,-1.113,-1.7935,1]},
{"frame":12,"values":[0.8111,-0.5832,-0.0451,0,0.5058,0.738,-0.4467,0,0.2938,0.3395,0.8935,0,12.3191,-1.113,-1.7935,1]},
