{"producer":{"name":"Blender","version":"2.90.0","exporter_version":"2.80.1","file":"sit.babylon"},
"autoClear":true,"clearColor":[0.0509,0.0509,0.0509],"gravity":[0,-9.81,0],
"materials":[{"name":"Material","id":"Material","customType":"BABYLON.PBRMaterial","backFaceCulling":true,"checkReadyOnlyOnce":false,"maxSimultaneousLights":4,"environmentIntensity":1,"albedo":[0.8,0.8,0.8],"reflectivity":[0.5,0.5,0.5],"roughness":0.4,"alpha":1,"transparencyMode":0,"alphaCutOff":0.4,"metallic":0}],
"multiMaterials":[],
"skeletons":[{"name":"Armature","id":0,"dimensionsAtRest":[188.1767,188.0947,21.7491],"bones":[
{"name":"Hips","index":0,"matrix":[0.9991,0.0384,-0.0198,0,-0.0347,0.9857,0.165,0,-0.0258,0.1642,-0.9861,0,0.0403,52.4643,-1.1288,1],"rest":[1,0,0,0,0,1,0,0,0,0,-1,0,0,96.3764,0,1],"parentBoneIndex":-1,"length":9.9032
,"animation":{"dataType":3,"framePerSecond":24,"keys":[
{"frame":1,"values":[0.9991,0.0384,-0.0198,0,-0.0347,0.9857,0.165,0,-0.0258,0.1642,-0.9861,0,0.0403,52.4643,-1.1288,1]},
{"frame":2,"values":[0.9991,0.0384,-0.0198,0,-0.0347,0.9857,0.1648,0,-0.0258,0.164,-0.9861,0,0.0362,52.4653,-1.1326,1]},
{"frame":3,"values":[0.9991,0.0385,-0.0198,0,-0.0347,0.9858,0.1643,0,-0.0258,0.1635,-0.9862,0,0.032,52.4664,-1.1365,1]},
{"frame":4,"values":[0.9991,0.0385,-0.0198,0,-0.0347,0.9859,0.1635,0,-0.0258,0.1627,-0.9863,0,0.0279,52.4675,-1.1404,1]},
{"frame":5,"values":[0.9991,0.0385,-0.0199,0,-0.0348,0.9861,0.1625,0,-0.0258,0.1616,-0.9865,0,0.0239,52.4685,-1.1442,1]},
{"frame":6,"values":[0.9991,0.0385,-0.0199,0,-0.0348,0.9863,0.1613,0,-0.0258,0.1605,-0.9867,0,0.0202,52.4695,-1.1479,1]},
{"frame":7,"values":[0.9991,0.0386,-0.0199,0,-0.0349,0.9865,0.1601,0,-0.0259,0.1593,-0.9869,0,0.0175,52.4704,-1.1514,1]},
{"frame":8,"values":[0.9991,0.0386,-0.02,0,-0.0349,0.9867,0.159,0,-0.0259,0.1581,-0.9871,0,0.0152,52.4713,-1.1547,1]},
{"frame":9,"values":[0.9991,0.0386,-0.02,0,-0.035,0.9868,0.1579,0,-0.0259,0.157,-0.9873,0,0.0133,52.4721,-1.1579,1]},
{"frame":10,"values":[0.9991,0.0386,-0.0201,0,-0.035,0.987,0.157,0,-0.0259,0.1561,-0.9874,0,0.0117,52.4729,-1.161,1]},
{"frame":11,"values":[0.9991,0.0386,-0.0201,0,-0.035,0.9871,0.1562,0,-0.0259,0.1554,-0.9875,0,0.0105,52.4736,-1.1639,1]},
{"frame":12,"values":[0.9991,0.0386,-0.0201,0,-0.035,0.9872,0.1555,0,-0.0259,0.1546,-0.9876,0,0.0097,52.4743,-1.1667,1]},
{"frame":13,"values":[0.9991,0.0385,-0.0202,0,-0.0349,0.9873,0.155,0,-0.0259,0.1541,-0.9877,0,0.0099,52.4743,-1.1689,1]},
{"frame":14,"values":[0.9991,0.0384,-0.0202,0,-0.0348,0.9874,0.1545,0,-0.0259,0.1536,-0.9878,0,0.0106,52.4742,-1.1709,1]},
{"frame":15,"values":[0.9991,0.0382,-0.0202,0,-0.0347,0.9875,0.154,0,-0.0259,0.1532,-0.9879,0,0.0116,52.4741,-1.1727,1]},
{"frame":16,"values":[0.9991,0.0381,-0.0203,0,-0.0345,0.9875,0.1536,0,-0.0259,0.1528,-0.9879,0,0.0128,52.4738,-1.1744,1]},
{"frame":17,"values":[0.9991,0.0379,-0.0203,0,-0.0343,0.9876,0.1532,0,-0.0259,0.1524,-0.988,0,0.0143,52.4735,-1.176,1]},
{"frame":18,"values":[0.9991,0.0377,-0.0204,0,-0.0342,0.9877,0.1528,0,-0.0259,0.152,-0.988,0,0.0159,52.473,-1.1776,1]},
{"frame":19,"values":[0.9991,0.0375,-0.0204,0,-0.034,0.9877,0.1525,0,-0.0259,0.1516,-0.9881,0,0.0175,52.4725,-1.179,1]},
{"frame":20,"values":[0.9991,0.0373,-0.0205,0,-0.0338,0.9878,0.1521,0,-0.0259,0.1513,-0.9881,0,0.0193,52.4719,-1.1804,1]},
{"frame":21,"values":[0.9991,0.0372,-0.0205,0,-0.0336,0.9878,0.1518,0,-0.0259,0.151,-0.9882,0,0.0211,52.4712,-1.1818,1]},
{"frame":22,"values":[0.9991,0.037,-0.0205,0,-0.0334,0.9879,0.1515,0,-0.0259,0.1507,-0.9882,0,0.0228,52.4705,-1.1831,1]},
{"frame":23,"values":[0.9991,0.0368,-0.0206,0,-0.0333,0.9879,0.1512,0,-0.0259,0.1504,-0.9883,0,0.0245,52.4697,-1.1844,1]},
{"frame":24,"values":[0.9991,0.0366,-0.0206,0,-0.0331,0.988,0.1509,0,-0.0259,0.1501,-0.9883,0,0.026,52.4688,-1.1857,1]},
{"frame":25,"values":[0.9991,0.0365,-0.0206,0,-0.033,0.988,0.1507,0,-0.0259,0.1499,-0.9884,0,0.0274,52.4675,-1.1867,1]},
{"frame":26,"values":[0.9991,0.0364,-0.0207,0,-0.0329,0.9881,0.1505,0,-0.0259,0.1497,-0.9884,0,0.0286,52.4661,-1.1878,1]},
{"frame":27,"values":[0.9991,0.0364,-0.0207,0,-0.0329,0.9881,0.1503,0,-0.0259,0.1495,-0.9884,0,0.0293,52.4646,-1.189,1]},
{"frame":28,"values":[0.9991,0.0364,-0.0207,0,-0.0329,0.9881,0.1502,0,-0.0259,0.1494,-0.9884,0,0.0291,52.4629,-1.1896,1]},
{"frame":29,"values":[0.9991,0.0365,-0.0207,0,-0.033,0.9881,0.1503,0,-0.0259,0.1495,-0.9884,0,0.0275,52.461,-1.1886,1]},
{"frame":30,"values":[0.9991,0.0368,-0.0206,0,-0.0333,0.988,0.1507,0,-0.0259,0.1498,-0.9884,0,0.0247,52.4588,-1.1861,1]},
{"frame":31,"values":[0.9991,0.0371,-0.0205,0,-0.0336,0.9879,0.1511,0,-0.0259,0.1503,-0.9883,0,0.0211,52.4566,-1.1829,1]},
{"frame":32,"values":[0.9991,0.0375,-0.0204,0,-0.034,0.9878,0.1517,0,-0.0259,0.1509,-0.9882,0,0.0172,52.4545,-1.1792,1]},
{"frame":33,"values":[0.9991,0.038,-0.0203,0,-0.0344,0.9877,0.1525,0,-0.0259,0.1516,-0.9881,0,0.013,52.4527,-1.175,1]},
{"frame":34,"values":[0.9991,0.0384,-0.0202,0,-0.0349,0.9875,0.1536,0,-0.0259,0.1527,-0.9879,0,0.0082,52.4515,-1.1699,1]},
{"frame":35,"values":[0.999,0.0388,-0.0201,0,-0.0353,0.9873,0.1549,0,-0.0259,0.154,-0.9877,0,0.0039,52.4526,-1.1657,1]},
{"frame":36,"values":[0.999,0.0391,-0.02,0,-0.0356,0.9871,0.1562,0,-0.0258,0.1554,-0.9875,0,0.0002,52.4554,-1.1623,1]},
{"frame":37,"values":[0.999,0.0393,-0.0198,0,-0.0357,0.9868,0.1579,0,-0.0257,0.1571,-0.9873,0,0.0001,52.4583,-1.1592,1]},
{"frame":38,"values":[0.999,0.0394,-0.0195,0,-0.0358,0.9865,0.1597,0,-0.0255,0.1588,-0.987,0,0.0014,52.4611,-1.1557,1]},
{"frame":39,"values":[0.999,0.0395,-0.0192,0,-0.0359,0.9862,0.1615,0,-0.0253,0.1607,-0.9867,0,0.0038,52.4631,-1.1514,1]},
{"frame":40,"values":[0.999,0.0396,-0.019,0,-0.0359,0.9859,0.1634,0,-0.0252,0.1626,-0.9864,0,0.0064,52.4644,-1.1462,1]},
{"frame":41,"values":[0.999,0.0396,-0.0189,0,-0.036,0.9856,0.1653,0,-0.0251,0.1645,-0.9861,0,0.009,52.4654,-1.1407,1]},
{"frame":42,"values":[0.999,0.0397,-0.0187,0,-0.036,0.9853,0.1672,0,-0.0251,0.1664,-0.9857,0,0.0117,52.4663,-1.1349,1]},
{"frame":43,"values":[0.999,0.0397,-0.0186,0,-0.036,0.9849,0.1692,0,-0.0251,0.1683,-0.9854,0,0.0144,52.4669,-1.129,1]},
{"frame":44,"values":[0.999,0.0397,-0.0186,0,-0.036,0.9846,0.1711,0,-0.0251,0.1703,-0.9851,0,0.0173,52.4672,-1.1227,1]},
{"frame":45,"values":[0.999,0.0397,-0.0185,0,-0.0359,0.9843,0.173,0,-0.0251,0.1722,-0.9847,0,0.0203,52.4673,-1.1164,1]},
{"frame":46,"values":[0.999,0.0397,-0.0184,0,-0.0359,0.9839,0.1749,0,-0.0251,0.1741,-0.9844,0,0.0236,52.4671,-1.1099,1]},
{"frame":47,"values":[0.999,0.0397,-0.0184,0,-0.0358,0.9836,0.1769,0,-0.0251,0.176,-0.9841,0,0.0269,52.4667,-1.1032,1]},
{"frame":48,"values":[0.999,0.0396,-0.0184,0,-0.0357,0.9832,0.1788,0,-0.0252,0.1779,-0.9837,0,0.0305,52.4658,-1.0965,1]},
{"frame":49,"values":[0.999,0.0396,-0.0184,0,-0.0356,0.9829,0.1807,0,-0.0252,0.1798,-0.9834,0,0.0342,52.4646,-1.0896,1]},
{"frame":50,"values":[0.999,0.0396,-0.0184,0,-0.0355,0.9826,0.1824,0,-0.0253,0.1816,-0.983,0,0.0393,52.4614,-1.0819,1]},
{"frame":51,"values":[0.999,0.0395,-0.0185,0,-0.0354,0.9823,0.1841,0,-0.0254,0.1833,-0.9827,0,0.045,52.4578,-1.0741,1]},
{"frame":52,"values":[0.9991,0.0395,-0.0185,0,-0.0353,0.982,0.1858,0,-0.0255,0.1849,-0.9824,0,0.0507,52.4545,-1.0664,1]},
{"frame":53,"values":[0.9991,0.0394,-0.0184,0,-0.0353,0.9817,0.1871,0,-0.0255,0.1863,-0.9822,0,0.0558,52.4521,-1.0587,1]},
{"frame":54,"values":[0.9991,0.0393,-0.0184,0,-0.0352,0.9815,0.1881,0,-0.0255,0.1873,-0.982,0,0.06,52.4507,-1.0511,1]},
{"frame":55,"values":[0.9991,0.0393,-0.0184,0,-0.0351,0.9814,0.1889,0,-0.0255,0.1881,-0.9818,0,0.0635,52.4499,-1.0447,1]},
{"frame":56,"values":[0.9991,0.0392,-0.0184,0,-0.035,0.9813,0.1892,0,-0.0255,0.1884,-0.9818,0,0.0648,52.4498,-1.042,1]},
{"frame":57,"values":[0.9991,0.0392,-0.0184,0,-0.035,0.9813,0.1895,0,-0.0255,0.1886,-0.9817,0,0.0658,52.4499,-1.0398,1]},
{"frame":58,"values":[0.9991,0.0391,-0.0184,0,-0.0349,0.9812,0.1897,0,-0.0255,0.1889,-0.9817,0,0.0667,52.4501,-1.0376,1]},
{"frame":59,"values":[0.9991,0.0391,-0.0184,0,-0.0349,0.9812,0.1899,0,-0.0255,0.1891,-0.9816,0,0.0676,52.4504,-1.0355,1]},
{"frame":60,"values":[0.9991,0.039,-0.0184,0,-0.0348,0.9812,0.19,0,-0.0255,0.1891,-0.9816,0,0.0684,52.4506,-1.0338,1]},
{"frame":61,"values":[0.9991,0.039,-0.0185,0,-0.0348,0.9812,0.19,0,-0.0255,0.1891,-0.9816,0,0.0686,52.4508,-1.0332,1]},
{"frame":62,"values":[0.9991,0.039,-0.0185,0,-0.0347,0.9812,0.1899,0,-0.0256,0.1891,-0.9816,0,0.0686,52.4511,-1.0331,1]},
{"frame":63,"values":[0.9991,0.0389,-0.0186,0,-0.0347,0.9812,0.1897,0,-0.0256,0.1889,-0.9817,0,0.0685,52.4516,-1.0336,1]},
{"frame":64,"values":[0.9991,0.0389,-0.0187,0,-0.0347,0.9813,0.1894,0,-0.0257,0.1885,-0.9817,0,0.0682,52.4523,-1.0344,1]},
{"frame":65,"values":[0.9991,0.0389,-0.0188,0,-0.0347,0.9814,0.1887,0,-0.0258,0.1879,-0.9818,0,0.0674,52.4534,-1.0367,1]},
{"frame":66,"values":[0.9991,0.0389,-0.0189,0,-0.0347,0.9816,0.1876,0,-0.0259,0.1868,-0.9821,0,0.066,52.4555,-1.0405,1]},
{"frame":67,"values":[0.9991,0.0389,-0.0191,0,-0.0347,0.9819,0.1861,0,-0.026,0.1853,-0.9823,0,0.064,52.4583,-1.0453,1]},
{"frame":68,"values":[0.9991,0.039,-0.0192,0,-0.0348,0.9822,0.1846,0,-0.0261,0.1837,-0.9826,0,0.0621,52.4611,-1.0502,1]},
{"frame":69,"values":[0.9991,0.039,-0.0193,0,-0.0349,0.9825,0.183,0,-0.0261,0.1822,-0.9829,0,0.0602,52.464,-1.0551,1]},
{"frame":70,"values":[0.999,0.0391,-0.0194,0,-0.0349,0.9828,0.1814,0,-0.0262,0.1806,-0.9832,0,0.0584,52.4665,-1.0605,1]},
{"frame":71,"values":[0.999,0.0391,-0.0195,0,-0.035,0.9831,0.1795,0,-0.0262,0.1787,-0.9836,0,0.0563,52.4673,-1.0679,1]},
{"frame":72,"values":[0.999,0.039,-0.0196,0,-0.0349,0.9835,0.1776,0,-0.0262,0.1767,-0.9839,0,0.054,52.4676,-1.0759,1]},
{"frame":73,"values":[0.999,0.039,-0.0197,0,-0.0349,0.9839,0.1755,0,-0.0262,0.1747,-0.9843,0,0.0517,52.4674,-1.0844,1]},
{"frame":74,"values":[0.999,0.0389,-0.0198,0,-0.0349,0.9842,0.1735,0,-0.0262,0.1726,-0.9846,0,0.0494,52.4669,-1.0932,1]},
{"frame":75,"values":[0.9991,0.0388,-0.0198,0,-0.0349,0.9846,0.1713,0,-0.0261,0.1704,-0.985,0,0.0471,52.4663,-1.1021,1]},
{"frame":76,"values":[0.9991,0.0387,-0.0198,0,-0.0348,0.9851,0.1686,0,-0.026,0.1678,-0.9855,0,0.0448,52.4655,-1.1112,1]},
{"frame":77,"values":[0.9991,0.0385,-0.0198,0,-0.0347,0.9855,0.1661,0,-0.0259,0.1653,-0.9859,0,0.0426,52.4648,-1.1201,1]},
{"frame":78,"values":[0.9991,0.0384,-0.0198,0,-0.0347,0.9857,0.165,0,-0.0258,0.1642,-0.9861,0,0.0403,52.4643,-1.1288,1]}],"loopBehavior":1,"name":"anim","property":"_matrix"}},
{"name":"Spine","index":1,"matrix":[0.9977,-0.0673,-0.002,0,0.0639,0.9362,0.3457,0,-0.0214,-0.345,0.9384,0,0,9.2263,1.5771,1],"rest":[1,0,0,0,0,1,0,0,0,0,1,0,0,9.2263,1.5771,1],"parentBoneIndex":0,"length":16.2548
,"animation":{"dataType":3,"framePerSecond":24,"keys":[
{"frame":1,"values":[0.9977,-0.0673,-0.002,0,0.0639,0.9362,0.3457,0,-0.0214,-0.345,0.9384,0,0,9.2263,1.5771,1]},
{"frame":2,"values":[0.9977,-0.0673,-0.002,0,0.0639,0.9363,0.3454,0,-0.0214,-0.3447,0.9385,0,0,9.2263,1.5771,1]},
{"frame":3,"values":[0.9977,-0.0674,-0.0019,0,0.0639,0.9366,0.3445,0,-0.0214,-0.3439,0.9388,0,0,9.2263,1.5771,1]},
{"frame":4,"values":[0.9977,-0.0674,-0.0018,0,0.0639,0.9371,0.3433,0,-0.0214,-0.3426,0.9392,0,0,9.2263,1.5771,1]},
{"frame":5,"values":[0.9977,-0.0674,-0.0017,0,0.0639,0.9376,0.3417,0,-0.0214,-0.341,0.9398,0,0,9.2263,1.5771,1]},
{"frame":6,"values":[0.9977,-0.0674,-0.0016,0,0.064,0.9383,0.3399,0,-0.0215,-0.3392,0.9405,0,0,9.2263,1.5771,1]},
{"frame":7,"values":[0.9977,-0.0675,-0.0014,0,0.064,0.9389,0.3381,0,-0.0215,-0.3374,0.9411,0,0,9.2263,1.5771,1]},
{"frame":8,"values":[0.9977,-0.0675,-0.0013,0,0.064,0.9396,0.3362,0,-0.0215,-0.3356,0.9418,0,0,9.2263,1.5771,1]},
{"frame":9,"values":[0.9977,-0.0676,-0.0011,0,0.064,0.9402,0.3346,0,-0.0215,-0.3339,0.9424,0,0,9.2263,1.5771,1]},
{"frame":10,"values":[0.9977,-0.0676,-0.001,0,0.0641,0.9407,0.3332,0,-0.0215,-0.3325,0.9429,0,0,9.2263,1.5771,1]},
{"frame":11,"values":[0.9977,-0.0676,-0.001,0,0.0641,0.9411,0.3321,0,-0.0216,-0.3314,0.9432,0,0,9.2263,1.5771,1]},
{"frame":12,"values":[0.9977,-0.0677,-0.0009,0,0.0641,0.9414,0.3311,0,-0.0216,-0.3304,0.9436,0,0,9.2263,1.5771,1]},
{"frame":13,"values":[0.9977,-0.0677,-0.0008,0,0.0642,0.9418,0.33,0,-0.0216,-0.3293,0.944,0,0,9.2263,1.5771,1]},
{"frame":14,"values":[0.9977,-0.0677,-0.0007,0,0.0642,0.9422,0.3289,0,-0.0216,-0.3282,0.9444,0,0,9.2263,1.5771,1]},
{"frame":15,"values":[0.9977,-0.0678,-0.0007,0,0.0642,0.9426,0.3278,0,-0.0216,-0.327,0.9448,0,0,9.2263,1.5771,1]},
{"frame":16,"values":[0.9977,-0.0678,-0.0006,0,0.0643,0.943,0.3266,0,-0.0216,-0.3259,0.9452,0,0,9.2263,1.5771,1]},
{"frame":17,"values":[0.9977,-0.0678,-0.0006,0,0.0643,0.9434,0.3255,0,-0.0215,-0.3248,0.9455,0,0,9.2263,1.5771,1]},
{"frame":18,"values":[0.9977,-0.0678,-0.0005,0,0.0643,0.9437,0.3243,0,-0.0215,-0.3236,0.9459,0,0,9.2263,1.5771,1]},
{"frame":19,"values":[0.9977,-0.0678,-0.0005,0,0.0643,0.9441,0.3232,0,-0.0214,-0.3225,0.9463,0,0,9.2263,1.5771,1]},
{"frame":20,"values":[0.9977,-0.0678,-0.0005,0,0.0644,0.9445,0.3221,0,-0.0214,-0.3214,0.9467,0,0,9.2263,1.5771,1]},
{"frame":21,"values":[0.9977,-0.0678,-0.0006,0,0.0644,0.9449,0.321,0,-0.0212,-0.3203,0.9471,0,0,9.2263,1.5771,1]},
{"frame":22,"values":[0.9977,-0.0677,-0.0006,0,0.0644,0.9453,0.3198,0,-0.0211,-0.3192,0.9475,0,0,9.2263,1.5771,1]},
{"frame":23,"values":[0.9977,-0.0677,-0.0006,0,0.0644,0.9457,0.3187,0,-0.021,-0.3181,0.9478,0,0,9.2263,1.5771,1]},
{"frame":24,"values":[0.9977,-0.0677,-0.0006,0,0.0644,0.946,0.3177,0,-0.0209,-0.317,0.9482,0,0,9.2263,1.5771,1]},
{"frame":25,"values":[0.9977,-0.0676,-0.0007,0,0.0643,0.9464,0.3166,0,-0.0208,-0.3159,0.9486,0,0,9.2263,1.5771,1]},
{"frame":26,"values":[0.9977,-0.0676,-0.0007,0,0.0643,0.9467,0.3156,0,-0.0207,-0.315,0.9489,0,0,9.2263,1.5771,1]},
{"frame":27,"values":[0.9977,-0.0675,-0.0007,0,0.0643,0.947,0.3147,0,-0.0206,-0.314,0.9492,0,0,9.2263,1.5771,1]},
{"frame":28,"values":[0.9977,-0.0674,-0.0007,0,0.0642,0.9473,0.314,0,-0.0205,-0.3133,0.9494,0,0,9.2263,1.5771,1]},
{"frame":29,"values":[0.9977,-0.0674,-0.0007,0,0.0642,0.9474,0.3137,0,-0.0205,-0.313,0.9495,0,0,9.2263,1.5771,1]},
{"frame":30,"values":[0.9977,-0.0673,-0.0007,0,0.0641,0.9473,0.3138,0,-0.0204,-0.3131,0.9495,0,0,9.2263,1.5771,1]},
{"frame":31,"values":[0.9977,-0.0672,-0.0008,0,0.0641,0.9472,0.314,0,-0.0204,-0.3134,0.9494,0,0,9.2263,1.5771,1]},
{"frame":32,"values":[0.9977,-0.0671,-0.0008,0,0.064,0.9471,0.3145,0,-0.0203,-0.3139,0.9492,0,0,9.2263,1.5771,1]},
{"frame":33,"values":[0.9978,-0.067,-0.0009,0,0.0638,0.9469,0.3153,0,-0.0203,-0.3146,0.949,0,0,9.2263,1.5771,1]},
{"frame":34,"values":[0.9978,-0.0666,-0.0008,0,0.0635,0.9465,0.3165,0,-0.0203,-0.3159,0.9486,0,0,9.2263,1.5771,1]},
{"frame":35,"values":[0.9978,-0.0665,-0.0006,0,0.0632,0.9459,0.3182,0,-0.0206,-0.3175,0.948,0,0,9.2263,1.5771,1]},
{"frame":36,"values":[0.9978,-0.0665,-0.0004,0,0.0631,0.9454,0.3199,0,-0.0209,-0.3192,0.9475,0,0,9.2263,1.5771,1]},
{"frame":37,"values":[0.9978,-0.0665,-0.0001,0,0.063,0.9447,0.3218,0,-0.0213,-0.3211,0.9468,0,0,9.2263,1.5771,1]},
{"frame":38,"values":[0.9978,-0.0666,0.0003,0,0.0629,0.944,0.3239,0,-0.0219,-0.3231,0.9461,0,0,9.2263,1.5771,1]},
{"frame":39,"values":[0.9978,-0.0667,0.0006,0,0.0628,0.9433,0.326,0,-0.0223,-0.3252,0.9454,0,0,9.2263,1.5771,1]},
{"frame":40,"values":[0.9978,-0.0667,0.0009,0,0.0627,0.9425,0.3281,0,-0.0227,-0.3274,0.9446,0,0,9.2263,1.5771,1]},
{"frame":41,"values":[0.9978,-0.0667,0.001,0,0.0627,0.9418,0.3302,0,-0.023,-0.3294,0.9439,0,0,9.2263,1.5771,1]},
{"frame":42,"values":[0.9978,-0.0668,0.0011,0,0.0626,0.9411,0.3323,0,-0.0233,-0.3315,0.9432,0,0,9.2263,1.5771,1]},
{"frame":43,"values":[0.9978,-0.0668,0.0012,0,0.0625,0.9403,0.3344,0,-0.0235,-0.3336,0.9424,0,0,9.2263,1.5771,1]},
{"frame":44,"values":[0.9978,-0.0668,0.0013,0,0.0624,0.9396,0.3366,0,-0.0237,-0.3357,0.9417,0,0,9.2263,1.5771,1]},
{"frame":45,"values":[0.9978,-0.0668,0.0013,0,0.0624,0.9388,0.3387,0,-0.0239,-0.3379,0.9409,0,0,9.2263,1.5771,1]},
{"frame":46,"values":[0.9978,-0.0668,0.0013,0,0.0623,0.938,0.3409,0,-0.024,-0.34,0.9401,0,0,9.2263,1.5771,1]},
{"frame":47,"values":[0.9978,-0.0667,0.0013,0,0.0622,0.9372,0.3431,0,-0.0241,-0.3422,0.9393,0,0,9.2263,1.5771,1]},
{"frame":48,"values":[0.9978,-0.0667,0.0012,0,0.0622,0.9364,0.3454,0,-0.0241,-0.3445,0.9385,0,0,9.2263,1.5771,1]},
{"frame":49,"values":[0.9978,-0.0666,0.001,0,0.0621,0.9355,0.3477,0,-0.0242,-0.3469,0.9376,0,0,9.2263,1.5771,1]},
{"frame":50,"values":[0.9978,-0.0666,0.001,0,0.062,0.9349,0.3495,0,-0.0242,-0.3486,0.937,0,0,9.2263,1.5771,1]},
{"frame":51,"values":[0.9978,-0.0665,0.0009,0,0.062,0.9345,0.3505,0,-0.0241,-0.3497,0.9366,0,0,9.2263,1.5771,1]},
{"frame":52,"values":[0.9978,-0.0664,0.0009,0,0.0619,0.9343,0.3511,0,-0.0241,-0.3503,0.9363,0,0,9.2263,1.5771,1]},
{"frame":53,"values":[0.9978,-0.0663,0.0008,0,0.0618,0.9343,0.3512,0,-0.024,-0.3504,0.9363,0,0,9.2263,1.5771,1]},
{"frame":54,"values":[0.9978,-0.0662,0.0008,0,0.0617,0.9346,0.3504,0,-0.0239,-0.3496,0.9366,0,0,9.2263,1.5771,1]},
{"frame":55,"values":[0.9978,-0.0661,0.0008,0,0.0616,0.9349,0.3494,0,-0.0238,-0.3486,0.937,0,0,9.2263,1.5771,1]},
{"frame":56,"values":[0.9978,-0.0659,0.0008,0,0.0615,0.9354,0.3481,0,-0.0237,-0.3473,0.9374,0,0,9.2263,1.5771,1]},
{"frame":57,"values":[0.9978,-0.0658,0.0008,0,0.0614,0.9359,0.3468,0,-0.0236,-0.346,0.9379,0,0,9.2263,1.5771,1]},
{"frame":58,"values":[0.9978,-0.0656,0.0008,0,0.0613,0.9364,0.3455,0,-0.0235,-0.3447,0.9384,0,0,9.2263,1.5771,1]},
{"frame":59,"values":[0.9979,-0.0655,0.0009,0,0.0612,0.9369,0.3441,0,-0.0233,-0.3433,0.9389,0,0,9.2263,1.5771,1]},
{"frame":60,"values":[0.9979,-0.0653,0.0009,0,0.0611,0.9374,0.3428,0,-0.0232,-0.342,0.9394,0,0,9.2263,1.5771,1]},
{"frame":61,"values":[0.9979,-0.0652,0.0009,0,0.061,0.9379,0.3414,0,-0.0231,-0.3407,0.9399,0,0,9.2263,1.5771,1]},
{"frame":62,"values":[0.9979,-0.065,0.0009,0,0.0609,0.9384,0.3401,0,-0.0229,-0.3393,0.9404,0,0,9.2263,1.5771,1]},
{"frame":63,"values":[0.9979,-0.0649,0.0009,0,0.0608,0.9389,0.3388,0,-0.0228,-0.3381,0.9408,0,0,9.2263,1.5771,1]},
{"frame":64,"values":[0.9979,-0.0648,0.0009,0,0.0607,0.9393,0.3376,0,-0.0227,-0.3369,0.9413,0,0,9.2263,1.5771,1]},
{"frame":65,"values":[0.9979,-0.0647,0.0009,0,0.0607,0.9397,0.3366,0,-0.0226,-0.3359,0.9416,0,0,9.2263,1.5771,1]},
{"frame":66,"values":[0.9979,-0.0649,0.0008,0,0.0608,0.9398,0.3361,0,-0.0225,-0.3354,0.9418,0,0,9.2263,1.5771,1]},
{"frame":67,"values":[0.9979,-0.0652,0.0007,0,0.0612,0.9399,0.3358,0,-0.0225,-0.3351,0.9419,0,0,9.2263,1.5771,1]},
{"frame":68,"values":[0.9978,-0.0656,0.0005,0,0.0617,0.94,0.3356,0,-0.0225,-0.3349,0.942,0,0,9.2263,1.5771,1]},
{"frame":69,"values":[0.9978,-0.0661,0.0003,0,0.0622,0.94,0.3355,0,-0.0225,-0.3348,0.942,0,0,9.2263,1.5771,1]},
{"frame":70,"values":[0.9978,-0.0666,0.0002,0,0.0627,0.94,0.3354,0,-0.0225,-0.3346,0.9421,0,0,9.2263,1.5771,1]},
{"frame":71,"values":[0.9978,-0.067,0.0001,0,0.0631,0.94,0.3352,0,-0.0225,-0.3345,0.9421,0,0,9.2263,1.5771,1]},
{"frame":72,"values":[0.9977,-0.0674,-0.0001,0,0.0635,0.94,0.3352,0,-0.0225,-0.3344,0.9422,0,0,9.2263,1.5771,1]},
{"frame":73,"values":[0.9977,-0.0677,-0.0002,0,0.0639,0.94,0.3352,0,-0.0225,-0.3345,0.9421,0,0,9.2263,1.5771,1]},
{"frame":74,"values":[0.9977,-0.0678,-0.0003,0,0.064,0.9394,0.3367,0,-0.0226,-0.3359,0.9416,0,0,9.2263,1.5771,1]},
{"frame":75,"values":[0.9977,-0.0678,-0.0005,0,0.064,0.9387,0.3388,0,-0.0225,-0.338,0.9409,0,0,9.2263,1.5771,1]},
{"frame":76,"values":[0.9977,-0.0676,-0.0011,0,0.0639,0.9376,0.3417,0,-0.0221,-0.341,0.9398,0,0,9.2263,1.5771,1]},
{"frame":77,"values":[0.9977,-0.0674,-0.0017,0,0.0639,0.9366,0.3445,0,-0.0216,-0.3438,0.9388,0,0,9.2263,1.5771,1]},
{"frame":78,"values":[0.9977,-0.0673,-0.002,0,0.0639,0.9362,0.3457,0,-0.0214,-0.345,0.9384,0,0,9.2263,1.5771,1]}],"loopBehavior":1,"name":"anim","property":"_matrix"}},
{"name":"Spine1","index":2,"matrix":[1,-0.0067,0.0016,0,0.0067,0.9992,0.0395,0,-0.0019,-0.0395,0.9992,0,0,16.254,-0.1656,1],"rest":[1,0,0,0,0,1,0,0,0,0,1,0,0,16.254,-0.1656,1],"parentBoneIndex":1,"length":13.7007
,"animation":{"dataType":3,"framePerSecond":24,"keys":[
{"frame":1,"values":[1,-0.0067,0.0016,0,0.0067,0.9992,0.0395,0,-0.0019,-0.0395,0.9992,0,0,16.254,-0.1656,1]},
{"frame":2,"values":[1,-0.0067,0.0016,0,0.0067,0.9992,0.0405,0,-0.0019,-0.0405,0.9992,0,0,16.254,-0.1656,1]},
{"frame":3,"values":[1,-0.0068,0.0016,0,0.0067,0.999,0.0432,0,-0.0019,-0.0432,0.9991,0,0,16.254,-0.1656,1]},
{"frame":4,"values":[1,-0.0068,0.0015,0,0.0067,0.9989,0.0472,0,-0.0019,-0.0472,0.9989,0,0,16.254,-0.1656,1]},
{"frame":5,"values":[1,-0.0068,0.0015,0,0.0067,0.9986,0.0523,0,-0.0019,-0.0523,0.9986,0,0,16.254,-0.1656,1]},
{"frame":6,"values":[1,-0.0068,0.0015,0,0.0067,0.9983,0.0579,0,-0.0019,-0.0579,0.9983,0,0,16.254,-0.1656,1]},
{"frame":7,"values":[1,-0.0068,0.0014,0,0.0067,0.9979,0.0637,0,-0.0019,-0.0637,0.998,0,0,16.254,-0.1656,1]},
{"frame":8,"values":[1,-0.0068,0.0014,0,0.0067,0.9976,0.0693,0,-0.0019,-0.0693,0.9976,0,0,16.254,-0.1656,1]},
{"frame":9,"values":[1,-0.0068,0.0014,0,0.0067,0.9972,0.0744,0,-0.0019,-0.0744,0.9972,0,0,16.254,-0.1656,1]},
{"frame":10,"values":[1,-0.0068,0.0013,0,0.0067,0.9969,0.0786,0,-0.0019,-0.0785,0.9969,0,0,16.254,-0.1656,1]},
{"frame":11,"values":[1,-0.0068,0.0013,0,0.0067,0.9967,0.0812,0,-0.0019,-0.0812,0.9967,0,0,16.254,-0.1656,1]},
{"frame":12,"values":[1,-0.0068,0.0013,0,0.0067,0.9965,0.0835,0,-0.0019,-0.0835,0.9965,0,0,16.254,-0.1656,1]},
{"frame":13,"values":[1,-0.0068,0.0013,0,0.0067,0.9965,0.0836,0,-0.0019,-0.0836,0.9965,0,0,16.254,-0.1656,1]},
{"frame":14,"values":[1,-0.0068,0.0013,0,0.0067,0.9965,0.0831,0,-0.0019,-0.0831,0.9965,0,0,16.254,-0.1656,1]},
{"frame":15,"values":[1,-0.0068,0.0013,0,0.0067,0.9966,0.0822,0,-0.0019,-0.0822,0.9966,0,0,16.254,-0.1656,1]},
{"frame":16,"values":[1,-0.0068,0.0013,0,0.0067,0.9967,0.0809,0,-0.0019,-0.0809,0.9967,0,0,16.254,-0.1656,1]},
{"frame":17,"values":[1,-0.0068,0.0013,0,0.0067,0.9968,0.0793,0,-0.0019,-0.0793,0.9968,0,0,16.254,-0.1656,1]},
{"frame":18,"values":[1,-0.0068,0.0013,0,0.0067,0.997,0.0774,0,-0.0019,-0.0774,0.997,0,0,16.254,-0.1656,1]},
{"frame":19,"values":[1,-0.0068,0.0014,0,0.0067,0.9971,0.0753,0,-0.0019,-0.0753,0.9972,0,0,16.254,-0.1656,1]},
{"frame":20,"values":[1,-0.0068,0.0014,0,0.0067,0.9973,0.073,0,-0.0019,-0.073,0.9973,0,0,16.254,-0.1656,1]},
{"frame":21,"values":[1,-0.0068,0.0014,0,0.0067,0.9975,0.0705,0,-0.0019,-0.0705,0.9975,0,0,16.254,-0.1656,1]},
{"frame":22,"values":[1,-0.0068,0.0014,0,0.0067,0.9977,0.0679,0,-0.0019,-0.0679,0.9977,0,0,16.254,-0.1656,1]},
{"frame":23,"values":[1,-0.0068,0.0014,0,0.0067,0.9978,0.0652,0,-0.0019,-0.0652,0.9979,0,0,16.254,-0.1656,1]},
{"frame":24,"values":[1,-0.0068,0.0014,0,0.0067,0.998,0.0625,0,-0.0019,-0.0625,0.998,0,0,16.254,-0.1656,1]},
{"frame":25,"values":[1,-0.0068,0.0015,0,0.0067,0.9982,0.0591,0,-0.0019,-0.059,0.9983,0,0,16.254,-0.1656,1]},
{"frame":26,"values":[1,-0.0068,0.0015,0,0.0067,0.9984,0.0556,0,-0.0019,-0.0556,0.9985,0,0,16.254,-0.1656,1]},
{"frame":27,"values":[1,-0.0068,0.0015,0,0.0067,0.9986,0.0523,0,-0.0019,-0.0523,0.9986,0,0,16.254,-0.1656,1]},
{"frame":28,"values":[1,-0.0068,0.0015,0,0.0067,0.9988,0.0495,0,-0.0019,-0.0495,0.9988,0,0,16.254,-0.1656,1]},
{"frame":29,"values":[1,-0.0068,0.0015,0,0.0067,0.9989,0.0472,0,-0.0019,-0.0472,0.9989,0,0,16.254,-0.1656,1]},
{"frame":30,"values":[1,-0.0068,0.0016,0,0.0067,0.999,0.0453,0,-0.0019,-0.0453,0.999,0,0,16.254,-0.1656,1]},
{"frame":31,"values":[1,-0.0068,0.0016,0,0.0067,0.999,0.0437,0,-0.0019,-0.0437,0.999,0,0,16.254,-0.1656,1]},
{"frame":32,"values":[1,-0.0068,0.0016,0,0.0067,0.9991,0.0424,0,-0.0019,-0.0424,0.9991,0,0,16.254,-0.1656,1]},
{"frame":33,"values":[1,-0.0068,0.0016,0,0.0067,0.9991,0.0416,0,-0.0019,-0.0416,0.9991,0,0,16.254,-0.1656,1]},
{"frame":34,"values":[1,-0.0068,0.0016,0,0.0067,0.9991,0.0418,0,-0.0019,-0.0418,0.9991,0,0,16.254,-0.1656,1]},
{"frame":35,"values":[1,-0.0068,0.0016,0,0.0067,0.9991,0.0429,0,-0.0019,-0.0429,0.9991,0,0,16.254,-0.1656,1]},
{"frame":36,"values":[1,-0.0068,0.0016,0,0.0067,0.999,0.0442,0,-0.0019,-0.0442,0.999,0,0,16.254,-0.1656,1]},
{"frame":37,"values":[1,-0.0068,0.0016,0,0.0067,0.9989,0.0463,0,-0.0019,-0.0463,0.9989,0,0,16.254,-0.1656,1]},
{"frame":38,"values":[1,-0.0068,0.0015,0,0.0067,0.9988,0.0486,0,-0.0019,-0.0486,0.9988,0,0,16.254,-0.1656,1]},
{"frame":39,"values":[1,-0.0068,0.0015,0,0.0067,0.9987,0.0513,0,-0.0019,-0.0512,0.9987,0,0,16.254,-0.1656,1]},
{"frame":40,"values":[1,-0.0068,0.0015,0,0.0067,0.9985,0.0541,0,-0.0019,-0.0541,0.9985,0,0,16.254,-0.1656,1]},
{"frame":41,"values":[1,-0.0068,0.0015,0,0.0067,0.9983,0.0571,0,-0.0019,-0.057,0.9984,0,0,16.254,-0.1656,1]},
{"frame":42,"values":[1,-0.0068,0.0015,0,0.0067,0.9982,0.0601,0,-0.0019,-0.0601,0.9982,0,0,16.254,-0.1656,1]},
{"frame":43,"values":[1,-0.0068,0.0014,0,0.0067,0.998,0.0631,0,-0.0019,-0.0631,0.998,0,0,16.254,-0.1656,1]},
{"frame":44,"values":[1,-0.0068,0.0014,0,0.0067,0.9978,0.0662,0,-0.0019,-0.0662,0.9978,0,0,16.254,-0.1656,1]},
{"frame":45,"values":[1,-0.0068,0.0014,0,0.0067,0.9976,0.0694,0,-0.0019,-0.0694,0.9976,0,0,16.254,-0.1656,1]},
{"frame":46,"values":[1,-0.0068,0.0014,0,0.0067,0.9973,0.0725,0,-0.0019,-0.0725,0.9974,0,0,16.254,-0.1656,1]},
{"frame":47,"values":[1,-0.0068,0.0014,0,0.0067,0.9971,0.0757,0,-0.0019,-0.0757,0.9971,0,0,16.254,-0.1656,1]},
{"frame":48,"values":[1,-0.0068,0.0013,0,0.0067,0.9969,0.0789,0,-0.0019,-0.0788,0.9969,0,0,16.254,-0.1656,1]},
{"frame":49,"values":[1,-0.0068,0.0013,0,0.0067,0.9966,0.082,0,-0.0019,-0.082,0.9966,0,0,16.254,-0.1656,1]},
{"frame":50,"values":[1,-0.0068,0.0013,0,0.0067,0.9964,0.085,0,-0.0019,-0.085,0.9964,0,0,16.254,-0.1656,1]},
{"frame":51,"values":[1,-0.0068,0.0013,0,0.0067,0.9961,0.088,0,-0.0019,-0.088,0.9961,0,0,16.254,-0.1656,1]},
{"frame":52,"values":[1,-0.0068,0.0012,0,0.0067,0.9958,0.0909,0,-0.0019,-0.0909,0.9959,0,0,16.254,-0.1656,1]},
{"frame":53,"values":[1,-0.0068,0.0012,0,0.0067,0.9956,0.0935,0,-0.0019,-0.0934,0.9956,0,0,16.254,-0.1656,1]},
{"frame":54,"values":[1,-0.0068,0.0012,0,0.0067,0.9954,0.0957,0,-0.0019,-0.0956,0.9954,0,0,16.254,-0.1656,1]},
{"frame":55,"values":[1,-0.0068,0.0012,0,0.0067,0.9952,0.0974,0,-0.0019,-0.0974,0.9952,0,0,16.254,-0.1656,1]},
{"frame":56,"values":[1,-0.0068,0.0012,0,0.0067,0.9952,0.098,0,-0.0019,-0.098,0.9952,0,0,16.254,-0.1656,1]},
{"frame":57,"values":[1,-0.0068,0.0012,0,0.0067,0.9951,0.0984,0,-0.0019,-0.0984,0.9951,0,0,16.254,-0.1656,1]},
{"frame":58,"values":[1,-0.0068,0.0012,0,0.0067,0.9951,0.0987,0,-0.0019,-0.0987,0.9951,0,0,16.254,-0.1656,1]},
{"frame":59,"values":[1,-0.0068,0.0012,0,0.0067,0.9951,0.0991,0,-0.0019,-0.0991,0.9951,0,0,16.254,-0.1656,1]},
{"frame":60,"values":[1,-0.0068,0.0012,0,0.0067,0.995,0.0992,0,-0.0019,-0.0992,0.9951,0,0,16.254,-0.1656,1]},
{"frame":61,"values":[1,-0.0068,0.0012,0,0.0067,0.9951,0.0991,0,-0.0019,-0.0991,0.9951,0,0,16.254,-0.1656,1]},
{"frame":62,"values":[1,-0.0068,0.0012,0,0.0067,0.9951,0.0987,0,-0.0019,-0.0987,0.9951,0,0,16.254,-0.1656,1]},
{"frame":63,"values":[1,-0.0068,0.0012,0,0.0067,0.9952,0.0981,0,-0.0019,-0.0981,0.9952,0,0,16.254,-0.1656,1]},
{"frame":64,"values":[1,-0.0068,0.0012,0,0.0067,0.9952,0.0973,0,-0.0019,-0.0973,0.9953,0,0,16.254,-0.1656,1]},
{"frame":65,"values":[1,-0.0068,0.0012,0,0.0067,0.9954,0.0959,0,-0.0019,-0.0959,0.9954,0,0,16.254,-0.1656,1]},
{"frame":66,"values":[1,-0.0068,0.0012,0,0.0067,0.9956,0.0937,0,-0.0019,-0.0937,0.9956,0,0,16.254,-0.1656,1]},
{"frame":67,"values":[1,-0.0068,0.0012,0,0.0067,0.9958,0.0911,0,-0.0019,-0.0911,0.9958,0,0,16.254,-0.1656,1]},
{"frame":68,"values":[1,-0.0068,0.0013,0,0.0067,0.9961,0.0883,0,-0.0019,-0.0882,0.9961,0,0,16.254,-0.1656,1]},
{"frame":69,"values":[1,-0.0068,0.0013,0,0.0067,0.9963,0.0853,0,-0.0019,-0.0853,0.9964,0,0,16.254,-0.1656,1]},
{"frame":70,"values":[1,-0.0068,0.0013,0,0.0067,0.9966,0.0824,0,-0.0019,-0.0824,0.9966,0,0,16.254,-0.1656,1]},
{"frame":71,"values":[1,-0.0068,0.0013,0,0.0067,0.9968,0.0796,0,-0.0019,-0.0796,0.9968,0,0,16.254,-0.1656,1]},
{"frame":72,"values":[1,-0.0068,0.0013,0,0.0067,0.997,0.0767,0,-0.0019,-0.0767,0.9971,0,0,16.254,-0.1656,1]},
{"frame":73,"values":[1,-0.0068,0.0014,0,0.0067,0.9974,0.0722,0,-0.0019,-0.0722,0.9974,0,0,16.254,-0.1656,1]},
{"frame":74,"values":[1,-0.0068,0.0014,0,0.0067,0.9978,0.0661,0,-0.0019,-0.0661,0.9978,0,0,16.254,-0.1656,1]},
{"frame":75,"values":[1,-0.0068,0.0015,0,0.0067,0.9982,0.0594,0,-0.0019,-0.0594,0.9982,0,0,16.254,-0.1656,1]},
{"frame":76,"values":[1,-0.0068,0.0015,0,0.0067,0.9987,0.0508,0,-0.0019,-0.0508,0.9987,0,0,16.254,-0.1656,1]},
{"frame":77,"values":[1,-0.0068,0.0016,0,0.0067,0.9991,0.043,0,-0.0019,-0.043,0.9991,0,0,16.254,-0.1656,1]},
{"frame":78,"values":[1,-0.0067,0.0016,0,0.0067,0.9992,0.0395,0,-0.0019,-0.0395,0.9992,0,0,16.254,-0.1656,1]}],"loopBehavior":1,"name":"anim","property":"_matrix"}},
{"name":"Spine2","index":3,"matrix":[1,-0.0068,0.0017,0,0.0067,0.9992,0.0395,0,-0.0019,-0.0395,0.9992,0,0,13.6396,-1.2923,1],"rest":[1,0,0,0,0,1,0,0,0,0,1,0,0,13.6396,-1.2923,1],"parentBoneIndex":2,"length":13.1719
,"animation":{"dataType":3,"framePerSecond":24,"keys":[
{"frame":1,"values":[1,-0.0068,0.0017,0,0.0067,0.9992,0.0395,0,-0.0019,-0.0395,0.9992,0,0,13.6396,-1.2923,1]},
{"frame":2,"values":[1,-0.0068,0.0017,0,0.0067,0.9992,0.0394,0,-0.0019,-0.0394,0.9992,0,0,13.6396,-1.2923,1]},
{"frame":3,"values":[1,-0.0068,0.0017,0,0.0067,0.9992,0.0391,0,-0.0019,-0.0391,0.9992,0,0,13.6396,-1.2923,1]},
{"frame":4,"values":[1,-0.0068,0.0017,0,0.0067,0.9992,0.0386,0,-0.0019,-0.0386,0.9993,0,0,13.6396,-1.2923,1]},
{"frame":5,"values":[1,-0.0068,0.0017,0,0.0067,0.9993,0.0381,0,-0.0019,-0.0381,0.9993,0,0,13.6396,-1.2923,1]},
{"frame":6,"values":[1,-0.0068,0.0017,0,0.0067,0.9993,0.0374,0,-0.0019,-0.0374,0.9993,0,0,13.6396,-1.2923,1]},
{"frame":7,"values":[1,-0.0068,0.0017,0,0.0067,0.9993,0.0368,0,-0.0019,-0.0368,0.9993,0,0,13.6396,-1.2923,1]},
{"frame":8,"values":[1,-0.0068,0.0017,0,0.0067,0.9993,0.0361,0,-0.0019,-0.0361,0.9993,0,0,13.6396,-1.2923,1]},
{"frame":9,"values":[1,-0.0068,0.0017,0,0.0067,0.9993,0.0355,0,-0.0019,-0.0355,0.9994,0,0,13.6396,-1.2923,1]},
{"frame":10,"values":[1,-0.0068,0.0017,0,0.0067,0.9994,0.0349,0,-0.0019,-0.0349,0.9994,0,0,13.6396,-1.2923,1]},
{"frame":11,"values":[1,-0.0068,0.0017,0,0.0067,0.9994,0.0345,0,-0.0019,-0.0345,0.9994,0,0,13.6396,-1.2923,1]},
{"frame":12,"values":[1,-0.0068,0.0017,0,0.0067,0.9994,0.034,0,-0.0019,-0.034,0.9994,0,0,13.6396,-1.2923,1]},
{"frame":13,"values":[1,-0.0068,0.0017,0,0.0067,0.9994,0.0336,0,-0.0019,-0.0336,0.9994,0,0,13.6396,-1.2923,1]},
{"frame":14,"values":[1,-0.0068,0.0017,0,0.0067,0.9994,0.0333,0,-0.0019,-0.0332,0.9994,0,0,13.6396,-1.2923,1]},
{"frame":15,"values":[1,-0.0068,0.0017,0,0.0067,0.9994,0.0329,0,-0.0019,-0.0329,0.9995,0,0,13.6396,-1.2923,1]},
{"frame":16,"values":[1,-0.0068,0.0017,0,0.0067,0.9994,0.0325,0,-0.0019,-0.0325,0.9995,0,0,13.6396,-1.2923,1]},
{"frame":17,"values":[1,-0.0068,0.0017,0,0.0067,0.9995,0.0322,0,-0.0019,-0.0322,0.9995,0,0,13.6396,-1.2923,1]},
{"frame":18,"values":[1,-0.0068,0.0017,0,0.0067,0.9995,0.0319,0,-0.0019,-0.0319,0.9995,0,0,13.6396,-1.2923,1]},
{"frame":19,"values":[1,-0.0068,0.0017,0,0.0067,0.9995,0.0316,0,-0.0019,-0.0316,0.9995,0,0,13.6396,-1.2923,1]},
{"frame":20,"values":[1,-0.0068,0.0017,0,0.0067,0.9995,0.0313,0,-0.0019,-0.0313,0.9995,0,0,13.6396,-1.2923,1]},
{"frame":21,"values":[1,-0.0068,0.0017,0,0.0067,0.9995,0.031,0,-0.0019,-0.031,0.9995,0,0,13.6396,-1.2923,1]},
{"frame":22,"values":[1,-0.0068,0.0017,0,0.0067,0.9995,0.0307,0,-0.0019,-0.0307,0.9995,0,0,13.6396,-1.2923,1]},
{"frame":23,"values":[1,-0.0068,0.0017,0,0.0067,0.9995,0.0304,0,-0.0019,-0.0304,0.9995,0,0,13.6396,-1.2923,1]},
{"frame":24,"values":[1,-0.0068,0.0017,0,0.0067,0.9995,0.0303,0,-0.0019,-0.0303,0.9995,0,0,13.6396,-1.2923,1]},
{"frame":25,"values":[1,-0.0068,0.0017,0,0.0067,0.9995,0.0302,0,-0.0019,-0.0302,0.9995,0,0,13.6396,-1.2923,1]},
{"frame":27,"values":[1,-0.0068,0.0017,0,0.0067,0.9995,0.0303,0,-0.0019,-0.0302,0.9995,0,0,13.6396,-1.2923,1]},
{"frame":28,"values":[1,-0.0068,0.0017,0,0.0067,0.9995,0.0305,0,-0.0019,-0.0304,0.9995,0,0,13.6396,-1.2923,1]},
{"frame":29,"values":[1,-0.0068,0.0017,0,0.0067,0.9995,0.0308,0,-0.0019,-0.0308,0.9995,0,0,13.6396,-1.2923,1]},
{"frame":30,"values":[1,-0.0068,0.0017,0,0.0067,0.9995,0.0313,0,-0.0019,-0.0313,0.9995,0,0,13.6396,-1.2923,1]},
{"frame":31,"values":[1,-0.0068,0.0017,0,0.0067,0.9995,0.0318,0,-0.0019,-0.0318,0.9995,0,0,13.6396,-1.2923,1]},
{"frame":32,"values":[1,-0.0068,0.0017,0,0.0067,0.9995,0.0324,0,-0.0019,-0.0324,0.9995,0,0,13.6396,-1.2923,1]},
{"frame":33,"values":[1,-0.0068,0.0017,0,0.0067,0.9994,0.0331,0,-0.0019,-0.033,0.9995,0,0,13.6396,-1.2923,1]},
{"frame":34,"values":[1,-0.0068,0.0017,0,0.0067,0.9994,0.034,0,-0.0019,-0.034,0.9994,0,0,13.6396,-1.2923,1]},
{"frame":35,"values":[1,-0.0068,0.0017,0,0.0067,0.9994,0.0347,0,-0.0019,-0.0347,0.9994,0,0,13.6396,-1.2923,1]},
{"frame":36,"values":[1,-0.0068,0.0017,0,0.0067,0.9994,0.0353,0,-0.0019,-0.0353,0.9994,0,0,13.6396,-1.2923,1]},
{"frame":37,"values":[1,-0.0068,0.0017,0,0.0067,0.9993,0.0359,0,-0.0019,-0.0359,0.9994,0,0,13.6396,-1.2923,1]},
{"frame":38,"values":[1,-0.0068,0.0017,0,0.0067,0.9993,0.0366,0,-0.0019,-0.0366,0.9993,0,0,13.6396,-1.2923,1]},
{"frame":39,"values":[1,-0.0068,0.0017,0,0.0067,0.9993,0.0373,0,-0.0019,-0.0373,0.9993,0,0,13.6396,-1.2923,1]},
{"frame":40,"values":[1,-0.0068,0.0017,0,0.0067,0.9993,0.0379,0,-0.0019,-0.0379,0.9993,0,0,13.6396,-1.2923,1]},
{"frame":41,"values":[1,-0.0068,0.0017,0,0.0067,0.9992,0.0385,0,-0.0019,-0.0385,0.9993,0,0,13.6396,-1.2923,1]},
{"frame":42,"values":[1,-0.0068,0.0017,0,0.0067,0.9992,0.0391,0,-0.0019,-0.0391,0.9992,0,0,13.6396,-1.2923,1]},
{"frame":43,"values":[1,-0.0068,0.0017,0,0.0067,0.9992,0.0397,0,-0.0019,-0.0397,0.9992,0,0,13.6396,-1.2923,1]},
{"frame":44,"values":[1,-0.0068,0.0016,0,0.0067,0.9992,0.0402,0,-0.0019,-0.0402,0.9992,0,0,13.6396,-1.2923,1]},
{"frame":45,"values":[1,-0.0068,0.0016,0,0.0067,0.9991,0.0408,0,-0.0019,-0.0408,0.9992,0,0,13.6396,-1.2923,1]},
{"frame":46,"values":[1,-0.0068,0.0016,0,0.0067,0.9991,0.0413,0,-0.0019,-0.0413,0.9991,0,0,13.6396,-1.2923,1]},
{"frame":47,"values":[1,-0.0068,0.0016,0,0.0067,0.9991,0.0418,0,-0.0019,-0.0418,0.9991,0,0,13.6396,-1.2923,1]},
{"frame":48,"values":[1,-0.0068,0.0016,0,0.0067,0.9991,0.0424,0,-0.0019,-0.0424,0.9991,0,0,13.6396,-1.2923,1]},
{"frame":49,"values":[1,-0.0068,0.0016,0,0.0067,0.9991,0.0429,0,-0.0019,-0.0429,0.9991,0,0,13.6396,-1.2923,1]},
{"frame":50,"values":[1,-0.0068,0.0016,0,0.0067,0.999,0.0432,0,-0.0019,-0.0432,0.9991,0,0,13.6396,-1.2923,1]},
{"frame":51,"values":[1,-0.0068,0.0016,0,0.0067,0.999,0.0436,0,-0.0019,-0.0436,0.999,0,0,13.6396,-1.2923,1]},
{"frame":52,"values":[1,-0.0068,0.0016,0,0.0067,0.999,0.0439,0,-0.0019,-0.0439,0.999,0,0,13.6396,-1.2923,1]},
{"frame":53,"values":[1,-0.0068,0.0016,0,0.0067,0.999,0.0442,0,-0.0019,-0.0441,0.999,0,0,13.6396,-1.2923,1]},
{"frame":54,"values":[1,-0.0068,0.0016,0,0.0067,0.999,0.0443,0,-0.0019,-0.0443,0.999,0,0,13.6396,-1.2923,1]},
{"frame":55,"values":[1,-0.0068,0.0016,0,0.0067,0.999,0.0444,0,-0.0019,-0.0444,0.999,0,0,13.6396,-1.2923,1]},
{"frame":56,"values":[1,-0.0068,0.0016,0,0.0067,0.999,0.0445,0,-0.0019,-0.0444,0.999,0,0,13.6396,-1.2923,1]},
{"frame":57,"values":[1,-0.0068,0.0016,0,0.0067,0.999,0.0445,0,-0.0019,-0.0445,0.999,0,0,13.6396,-1.2923,1]},
{"frame":59,"values":[1,-0.0068,0.0016,0,0.0067,0.999,0.0444,0,-0.0019,-0.0444,0.999,0,0,13.6396,-1.2923,1]},
{"frame":62,"values":[1,-0.0068,0.0016,0,0.0067,0.999,0.0443,0,-0.0019,-0.0443,0.999,0,0,13.6396,-1.2923,1]},
{"frame":63,"values":[1,-0.0068,0.0016,0,0.0067,0.999,0.0442,0,-0.0019,-0.0442,0.999,0,0,13.6396,-1.2923,1]},
{"frame":64,"values":[1,-0.0068,0.0016,0,0.0067,0.999,0.0441,0,-0.0019,-0.0441,0.999,0,0,13.6396,-1.2923,1]},
{"frame":65,"values":[1,-0.0068,0.0016,0,0.0067,0.999,0.044,0,-0.0019,-0.044,0.999,0,0,13.6396,-1.2923,1]},
{"frame":66,"values":[1,-0.0068,0.0016,0,0.0067,0.999,0.0439,0,-0.0019,-0.0439,0.999,0,0,13.6396,-1.2923,1]},
{"frame":67,"values":[1,-0.0068,0.0016,0,0.0067,0.999,0.0438,0,-0.0019,-0.0438,0.999,0,0,13.6396,-1.2923,1]},
{"frame":68,"values":[1,-0.0068,0.0016,0,0.0067,0.999,0.0436,0,-0.0019,-0.0436,0.999,0,0,13.6396,-1.2923,1]},
{"frame":69,"values":[1,-0.0068,0.0016,0,0.0067,0.999,0.0435,0,-0.0019,-0.0435,0.9991,0,0,13.6396,-1.2923,1]},
{"frame":70,"values":[1,-0.0068,0.0016,0,0.0067,0.999,0.0434,0,-0.0019,-0.0434,0.9991,0,0,13.6396,-1.2923,1]},
{"frame":71,"values":[1,-0.0068,0.0016,0,0.0067,0.999,0.0432,0,-0.0019,-0.0432,0.9991,0,0,13.6396,-1.2923,1]},
{"frame":72,"values":[1,-0.0068,0.0016,0,0.0067,0.9991,0.043,0,-0.0019,-0.043,0.9991,0,0,13.6396,-1.2923,1]},
{"frame":73,"values":[1,-0.0068,0.0016,0,0.0067,0.9991,0.0428,0,-0.0019,-0.0428,0.9991,0,0,13.6396,-1.2923,1]},
{"frame":74,"values":[1,-0.0068,0.0016,0,0.0067,0.9991,0.0422,0,-0.0019,-0.0422,0.9991,0,0,13.6396,-1.2923,1]},
{"frame":75,"values":[1,-0.0068,0.0016,0,0.0067,0.9991,0.0416,0,-0.0019,-0.0416,0.9991,0,0,13.6396,-1.2923,1]},
{"frame":76,"values":[1,-0.0068,0.0016,0,0.0067,0.9991,0.0407,0,-0.0019,-0.0407,0.9992,0,0,13.6396,-1.2923,1]},
{"frame":77,"values":[1,-0.0068,0.0017,0,0.0067,0.9992,0.0399,0,-0.0019,-0.0398,0.9992,0,0,13.6396,-1.2923,1]},
{"frame":78,"values":[1,-0.0068,0.0017,0,0.0067,0.9992,0.0395,0,-0.0019,-0.0395,0.9992,0,0,13.6396,-1.2923,1]}],"loopBehavior":1,"name":"anim","property":"_matrix"}},
{"name":"Neck","index":4,"matrix":[1,0.0012,-0.0084,0,-0.001,0.9997,0.025,0,0.0084,-0.0249,0.9997,0,0,13.8774,-4.3542,1],"rest":[1,0,0,0,0,1,0,0,0,0,1,0,0,13.8774,-4.3542,1],"parentBoneIndex":3,"length":4.4379
,"animation":{"dataType":3,"framePerSecond":24,"keys":[
{"frame":1,"values":[1,0.0012,-0.0084,0,-0.001,0.9997,0.025,0,0.0084,-0.0249,0.9997,0,0,13.8774,-4.3542,1]},
{"frame":2,"values":[1,0.0012,-0.0084,0,-0.001,0.9997,0.0247,0,0.0084,-0.0247,0.9997,0,0,13.8774,-4.3542,1]},
{"frame":3,"values":[1,0.0012,-0.0084,0,-0.001,0.9997,0.024,0,0.0084,-0.024,0.9997,0,0,13.8774,-4.3542,1]},
{"frame":4,"values":[1,0.0012,-0.0084,0,-0.001,0.9997,0.023,0,0.0084,-0.023,0.9997,0,0,13.8774,-4.3542,1]},
{"frame":5,"values":[1,0.0012,-0.0084,0,-0.001,0.9998,0.0218,0,0.0084,-0.0218,0.9997,0,0,13.8774,-4.3542,1]},
{"frame":6,"values":[1,0.0012,-0.0084,0,-0.001,0.9998,0.0204,0,0.0084,-0.0204,0.9998,0,0,13.8774,-4.3542,1]},
{"frame":7,"values":[1,0.0012,-0.0084,0,-0.001,0.9998,0.0189,0,0.0084,-0.0189,0.9998,0,0,13.8774,-4.3542,1]},
{"frame":8,"values":[1,0.0012,-0.0084,0,-0.001,0.9998,0.0175,0,0.0084,-0.0175,0.9998,0,0,13.8774,-4.3542,1]},
{"frame":9,"values":[1,0.0012,-0.0084,0,-0.0011,0.9999,0.0161,0,0.0084,-0.0161,0.9998,0,0,13.8774,-4.3542,1]},
{"frame":10,"values":[1,0.0012,-0.0084,0,-0.0011,0.9999,0.015,0,0.0084,-0.015,0.9999,0,0,13.8774,-4.3542,1]},
{"frame":11,"values":[1,0.0012,-0.0084,0,-0.0011,0.9999,0.0141,0,0.0084,-0.014,0.9999,0,0,13.8774,-4.3542,1]},
{"frame":12,"values":[1,0.0012,-0.0084,0,-0.0011,0.9999,0.0132,0,0.0084,-0.0132,0.9999,0,0,13.8774,-4.3542,1]},
{"frame":13,"values":[1,0.0012,-0.0084,0,-0.0011,0.9999,0.0127,0,0.0084,-0.0127,0.9999,0,0,13.8774,-4.3542,1]},
{"frame":14,"values":[1,0.0012,-0.0084,0,-0.0011,0.9999,0.0123,0,0.0084,-0.0123,0.9999,0,0,13.8774,-4.3542,1]},
{"frame":15,"values":[1,0.0012,-0.0084,0,-0.0011,0.9999,0.012,0,0.0084,-0.012,0.9999,0,0,13.8774,-4.3542,1]},
{"frame":16,"values":[1,0.0012,-0.0084,0,-0.0011,0.9999,0.0118,0,0.0084,-0.0118,0.9999,0,0,13.8774,-4.3542,1]},
{"frame":17,"values":[1,0.0012,-0.0084,0,-0.0011,0.9999,0.0116,0,0.0084,-0.0116,0.9999,0,0,13.8774,-4.3542,1]},
{"frame":18,"values":[1,0.0012,-0.0084,0,-0.0011,0.9999,0.0115,0,0.0084,-0.0115,0.9999,0,0,13.8774,-4.3542,1]},
{"frame":19,"values":[1,0.0012,-0.0084,0,-0.0012,0.9999,0.0114,0,0.0084,-0.0114,0.9999,0,0,13.8774,-4.3542,1]},
{"frame":20,"values":[1,0.0012,-0.0084,0,-0.0012,0.9999,0.0113,0,0.0084,-0.0113,0.9999,0,0,13.8774,-4.3542,1]},
{"frame":21,"values":[1,0.0012,-0.0084,0,-0.0011,0.9999,0.0113,0,0.0084,-0.0113,0.9999,0,0,13.8774,-4.3542,1]},
{"frame":23,"values":[1,0.0012,-0.0084,0,-0.0011,0.9999,0.0114,0,0.0084,-0.0113,0.9999,0,0,13.8774,-4.3542,1]},
{"frame":24,"values":[1,0.0012,-0.0084,0,-0.0011,0.9999,0.0116,0,0.0084,-0.0116,0.9999,0,0,13.8774,-4.3542,1]},
