{"producer":{"name":"Blender","version":"2.90.0","exporter_version":"2.80.1","file":"strafeleft_riffle.babylon"},
"autoClear":true,"clearColor":[0.0509,0.0509,0.0509],"gravity":[0,-9.81,0],
"materials":[{"name":"Material","id":"Material","customType":"BABYLON.PBRMaterial","backFaceCulling":true,"checkReadyOnlyOnce":false,"maxSimultaneousLights":4,"environmentIntensity":1,"albedo":[0.8,0.8,0.8],"reflectivity":[0.5,0.5,0.5],"roughness":0.4,"alpha":1,"transparencyMode":0,"alphaCutOff":0.4,"metallic":0}],
"multiMaterials":[],
"skeletons":[{"name":"Armature","id":0,"dimensionsAtRest":[188.1767,188.0947,21.7491],"bones":[
{"name":"Hips","index":0,"matrix":[0.6641,0.0666,-0.7446,0,-0.0709,0.9971,0.026,0,-0.7442,-0.0356,-0.667,0,-0.0642,84.3217,-0.1004,1],"rest":[1,0,0,0,0,1,0,0,0,0,-1,0,0,96.3764,0,1],"parentBoneIndex":-1,"length":9.9032
,"animation":{"dataType":3,"framePerSecond":24,"keys":[
{"frame":1,"values":[0.6641,0.0666,-0.7446,0,-0.0709,0.9971,0.026,0,-0.7442,-0.0356,-0.667,0,-0.0642,84.3217,-0.1004,1]},
{"frame":2,"values":[0.6852,0.0637,-0.7256,0,-0.0728,0.9972,0.0188,0,-0.7247,-0.04,-0.6879,0,-1.5378,85.011,-0.013,1]},
{"frame":3,"values":[0.7059,0.0624,-0.7056,0,-0.0759,0.997,0.0122,0,-0.7042,-0.0449,-0.7086,0,-2.7024,84.6062,-0.0754,1]},
{"frame":4,"values":[0.7259,0.0624,-0.685,0,-0.0796,0.9968,0.0065,0,-0.6832,-0.0498,-0.7285,0,-3.9357,83.3181,-0.2652,1]},
{"frame":5,"values":[0.7449,0.0629,-0.6642,0,-0.0829,0.9966,0.0014,0,-0.662,-0.054,-0.7475,0,-5.1588,81.1442,-0.5596,1]},
{"frame":6,"values":[0.7627,0.0629,-0.6437,0,-0.0847,0.9964,-0.0031,0,-0.6411,-0.0569,-0.7653,0,-6.1351,78.3751,-0.939,1]},
{"frame":7,"values":[0.7789,0.0624,-0.6241,0,-0.0842,0.9964,-0.0055,0,-0.6215,-0.0569,-0.7814,0,-5.9283,76.328,-1.3808,1]},
{"frame":8,"values":[0.7825,0.0588,-0.6199,0,-0.0794,0.9968,-0.0058,0,-0.6176,-0.0538,-0.7847,0,-4.7401,76.3299,-1.8531,1]},
{"frame":9,"values":[0.7545,0.0502,-0.6544,0,-0.0708,0.9975,-0.0052,0,-0.6525,-0.0503,-0.7561,0,-2.8623,77.8364,-2.3314,1]},
{"frame":10,"values":[0.7247,0.0417,-0.6878,0,-0.0606,0.9982,-0.0032,0,-0.6864,-0.044,-0.7259,0,-1.9208,79.1831,-2.7983,1]},
{"frame":11,"values":[0.6938,0.0341,-0.7194,0,-0.0501,0.9987,-0.001,0,-0.7185,-0.0368,-0.6946,0,-1.6002,80.4671,-3.2428,1]},
{"frame":12,"values":[0.6621,0.0277,-0.7489,0,-0.0394,0.9992,0.0022,0,-0.7483,-0.0281,-0.6627,0,-1.9846,82.0765,-3.6116,1]},
{"frame":13,"values":[0.6294,0.0224,-0.7768,0,-0.0286,0.9996,0.0057,0,-0.7766,-0.0186,-0.6297,0,-2.5113,83.542,-3.8939,1]},
{"frame":14,"values":[0.595,0.017,-0.8035,0,-0.0171,0.9998,0.0085,0,-0.8035,-0.0087,-0.5952,0,-3.1289,84.3051,-4.0792,1]},
{"frame":15,"values":[0.5587,0.0111,-0.8293,0,-0.005,0.9999,0.01,0,-0.8293,0.0014,-0.5588,0,-3.7768,84.369,-4.1502,1]},
{"frame":16,"values":[0.5199,0.0057,-0.8542,0,0.0065,0.9999,0.0107,0,-0.8542,0.0111,-0.5198,0,-4.5332,83.6983,-4.057,1]},
{"frame":17,"values":[0.4779,0.001,-0.8784,0,0.0173,0.9998,0.0105,0,-0.8783,0.0202,-0.4777,0,-5.2904,81.9169,-3.7918,1]},
{"frame":18,"values":[0.4319,-0.0023,-0.9019,0,0.0265,0.9996,0.0101,0,-0.9015,0.0282,-0.4318,0,-5.986,79.7498,-3.3914,1]},
{"frame":19,"values":[0.3819,-0.0039,-0.9242,0,0.0336,0.9994,0.0097,0,-0.9236,0.0348,-0.3818,0,-6.4311,77.7694,-2.8926,1]},
{"frame":20,"values":[0.3542,-0.0006,-0.9352,0,0.0326,0.9994,0.0118,0,-0.9346,0.0346,-0.354,0,-6.4702,76.5582,-2.3391,1]},
{"frame":21,"values":[0.4048,0.0076,-0.9144,0,0.0187,0.9997,0.0166,0,-0.9142,0.0238,-0.4046,0,-6.3171,76.5821,-1.7647,1]},
{"frame":22,"values":[0.4697,0.0197,-0.8826,0,-0.0017,0.9998,0.0214,0,-0.8828,0.0086,-0.4697,0,-5.1676,77.8668,-1.2143,1]},
{"frame":23,"values":[0.5384,0.0347,-0.842,0,-0.025,0.9994,0.0252,0,-0.8423,-0.0075,-0.5389,0,-3.582,79.9163,-0.7245,1]},
{"frame":24,"values":[0.6047,0.0507,-0.7948,0,-0.0488,0.9985,0.0266,0,-0.7949,-0.0227,-0.6063,0,-1.8056,82.241,-0.3394,1]},
{"frame":25,"values":[0.6641,0.0666,-0.7446,0,-0.0709,0.9971,0.026,0,-0.7442,-0.0356,-0.667,0,-0.0642,84.3218,-0.0995,1]}],"loopBehavior":1,"name":"anim","property":"_matrix"}},
{"name":"Spine","index":1,"matrix":[0.9968,-0.0796,-0.001,0,0.0796,0.9968,-0.0001,0,0.001,0.0001,1,0,0,9.2263,1.5771,1],"rest":[1,0,0,0,0,1,0,0,0,0,1,0,0,9.2263,1.5771,1],"parentBoneIndex":0,"length":16.2548
,"animation":{"dataType":3,"framePerSecond":24,"keys":[
{"frame":1,"values":[0.9968,-0.0796,-0.001,0,0.0796,0.9968,-0.0001,0,0.001,0.0001,1,0,0,9.2263,1.5771,1]},
{"frame":2,"values":[0.9969,-0.0777,0.0142,0,0.0777,0.997,-0.0014,0,-0.014,0.0025,0.9999,0,0,9.2263,1.5771,1]},
{"frame":3,"values":[0.9966,-0.0768,0.0297,0,0.0769,0.997,-0.0029,0,-0.0294,0.0052,0.9996,0,0,9.2263,1.5771,1]},
{"frame":4,"values":[0.996,-0.0776,0.0451,0,0.0779,0.9969,-0.0051,0,-0.0446,0.0086,0.999,0,0,9.2263,1.5771,1]},
{"frame":5,"values":[0.9951,-0.0791,0.06,0,0.0796,0.9968,-0.0067,0,-0.0592,0.0114,0.9982,0,0,9.2263,1.5771,1]},
{"frame":6,"values":[0.994,-0.0808,0.0732,0,0.0815,0.9966,-0.0075,0,-0.0724,0.0134,0.9973,0,0,9.2263,1.5771,1]},
{"frame":7,"values":[0.9928,-0.0847,0.0841,0,0.0859,0.9963,-0.0096,0,-0.083,0.0168,0.9964,0,0,9.2263,1.5771,1]},
{"frame":8,"values":[0.993,-0.0857,0.0809,0,0.0867,0.9962,-0.0093,0,-0.0798,0.0162,0.9967,0,0,9.2263,1.5771,1]},
{"frame":9,"values":[0.9952,-0.0739,0.0643,0,0.0745,0.9972,-0.0069,0,-0.0636,0.0117,0.9979,0,0,9.2263,1.5771,1]},
{"frame":10,"values":[0.9966,-0.0689,0.0452,0,0.0692,0.9976,-0.0051,0,-0.0448,0.0082,0.999,0,0,9.2263,1.5771,1]},
{"frame":11,"values":[0.9974,-0.0671,0.0255,0,0.0672,0.9977,-0.0019,0,-0.0253,0.0036,0.9997,0,0,9.2263,1.5771,1]},
{"frame":12,"values":[0.9975,-0.0713,0.0034,0,0.0712,0.9975,0.0027,0,-0.0036,-0.0025,1,0,0,9.2263,1.5771,1]},
{"frame":13,"values":[0.9968,-0.0776,-0.0201,0,0.0777,0.997,0.0066,0,0.0196,-0.0082,0.9998,0,0,9.2263,1.5771,1]},
{"frame":14,"values":[0.9956,-0.0823,-0.045,0,0.0828,0.9965,0.0105,0,0.044,-0.0142,0.9989,0,0,9.2263,1.5771,1]},
{"frame":15,"values":[0.9939,-0.0855,-0.0701,0,0.0868,0.9961,0.0155,0,0.0686,-0.0215,0.9974,0,0,9.2263,1.5771,1]},
{"frame":16,"values":[0.9918,-0.086,-0.0943,0,0.0884,0.9959,0.0211,0,0.0921,-0.0293,0.9953,0,0,9.2263,1.5771,1]},
{"frame":17,"values":[0.9895,-0.082,-0.1188,0,0.0858,0.996,0.0268,0,0.1161,-0.0367,0.9926,0,0,9.2263,1.5771,1]},
{"frame":18,"values":[0.9871,-0.0713,-0.1434,0,0.0768,0.9965,0.0327,0,0.1405,-0.0432,0.9891,0,0,9.2263,1.5771,1]},
{"frame":19,"values":[0.9853,-0.0547,-0.1617,0,0.0616,0.9974,0.0382,0,0.1592,-0.0476,0.9861,0,0,9.2263,1.5771,1]},
{"frame":20,"values":[0.9861,-0.0393,-0.1614,0,0.0466,0.998,0.0417,0,0.1594,-0.0486,0.986,0,0,9.2263,1.5771,1]},
{"frame":21,"values":[0.9895,-0.0504,-0.1357,0,0.0557,0.9978,0.0354,0,0.1336,-0.0426,0.9901,0,0,9.2263,1.5771,1]},
{"frame":22,"values":[0.993,-0.0601,-0.1021,0,0.0632,0.9976,0.0276,0,0.1002,-0.0339,0.9944,0,0,9.2263,1.5771,1]},
{"frame":23,"values":[0.9955,-0.067,-0.0674,0,0.0683,0.9975,0.0178,0,0.066,-0.0224,0.9976,0,0,9.2263,1.5771,1]},
{"frame":24,"values":[0.9968,-0.0737,-0.0324,0,0.074,0.9972,0.0077,0,0.0317,-0.01,0.9994,0,0,9.2263,1.5771,1]},
{"frame":25,"values":[0.9968,-0.0797,-0.0009,0,0.0797,0.9968,-0.0001,0,0.0009,0,1,0,0,9.2263,1.5771,1]}],"loopBehavior":1,"name":"anim","property":"_matrix"}},
{"name":"Spine1","index":2,"matrix":[0.9806,0.1105,-0.1619,0,-0.0408,0.923,0.3826,0,0.1917,-0.3686,0.9096,0,0,16.254,-0.1656,1],"rest":[1,0,0,0,0,1,0,0,0,0,1,0,0,16.254,-0.1656,1],"parentBoneIndex":1,"length":13.7007
,"animation":{"dataType":3,"framePerSecond":24,"keys":[
{"frame":1,"values":[0.9806,0.1105,-0.1619,0,-0.0408,0.923,0.3826,0,0.1917,-0.3686,0.9096,0,0,16.254,-0.1656,1]},
{"frame":2,"values":[0.9807,0.1101,-0.1618,0,-0.0405,0.923,0.3828,0,0.1915,-0.3688,0.9096,0,0,16.254,-0.1656,1]},
{"frame":3,"values":[0.9807,0.1102,-0.1614,0,-0.0405,0.9226,0.3836,0,0.1912,-0.3696,0.9093,0,0,16.254,-0.1656,1]},
{"frame":4,"values":[0.9807,0.1109,-0.1612,0,-0.0409,0.922,0.3851,0,0.1914,-0.3711,0.9087,0,0,16.254,-0.1656,1]},
{"frame":5,"values":[0.9806,0.1113,-0.1612,0,-0.0411,0.9215,0.3861,0,0.1916,-0.372,0.9083,0,0,16.254,-0.1656,1]},
{"frame":6,"values":[0.9804,0.111,-0.1628,0,-0.0403,0.9217,0.3857,0,0.1928,-0.3716,0.9082,0,0,16.254,-0.1656,1]},
{"frame":7,"values":[0.9803,0.1123,-0.1623,0,-0.0414,0.9211,0.3871,0,0.193,-0.3728,0.9076,0,0,16.254,-0.1656,1]},
{"frame":8,"values":[0.981,0.1117,-0.1585,0,-0.0423,0.921,0.3872,0,0.1893,-0.3731,0.9083,0,0,16.254,-0.1656,1]},
{"frame":9,"values":[0.9804,0.1056,-0.1666,0,-0.0338,0.9222,0.3853,0,0.1943,-0.3721,0.9076,0,0,16.254,-0.1656,1]},
{"frame":10,"values":[0.9802,0.1023,-0.1696,0,-0.0299,0.9228,0.3842,0,0.1958,-0.3715,0.9075,0,0,16.254,-0.1656,1]},
{"frame":11,"values":[0.9804,0.1,-0.1697,0,-0.028,0.9236,0.3824,0,0.195,-0.3702,0.9083,0,0,16.254,-0.1656,1]},
{"frame":12,"values":[0.9808,0.0999,-0.1673,0,-0.0294,0.9246,0.3798,0,0.1926,-0.3676,0.9098,0,0,16.254,-0.1656,1]},
{"frame":13,"values":[0.9811,0.1021,-0.1645,0,-0.0328,0.925,0.3785,0,0.1908,-0.3659,0.9109,0,0,16.254,-0.1656,1]},
{"frame":14,"values":[0.981,0.1042,-0.1634,0,-0.0354,0.9253,0.3775,0,0.1905,-0.3646,0.9115,0,0,16.254,-0.1656,1]},
{"frame":15,"values":[0.9809,0.1068,-0.1627,0,-0.0384,0.9259,0.3759,0,0.1907,-0.3625,0.9123,0,0,16.254,-0.1656,1]},
{"frame":16,"values":[0.9807,0.1089,-0.1624,0,-0.0411,0.9267,0.3735,0,0.1912,-0.3596,0.9133,0,0,16.254,-0.1656,1]},
{"frame":17,"values":[0.9804,0.1095,-0.1635,0,-0.0416,0.9274,0.3717,0,0.1924,-0.3577,0.9138,0,0,16.254,-0.1656,1]},
{"frame":18,"values":[0.98,0.1071,-0.1675,0,-0.0383,0.9284,0.3697,0,0.195,-0.3559,0.9139,0,0,16.254,-0.1656,1]},
{"frame":19,"values":[0.9787,0.1019,-0.1781,0,-0.0296,0.929,0.3689,0,0.2031,-0.3557,0.9123,0,0,16.254,-0.1656,1]},
{"frame":20,"values":[0.9773,0.0949,-0.1896,0,-0.0188,0.9295,0.3682,0,0.2112,-0.3563,0.9102,0,0,16.254,-0.1656,1]},
{"frame":21,"values":[0.9792,0.0984,-0.1775,0,-0.0263,0.9289,0.3694,0,0.2012,-0.3571,0.9122,0,0,16.254,-0.1656,1]},
{"frame":22,"values":[0.9808,0.1008,-0.1671,0,-0.0321,0.928,0.3713,0,0.1925,-0.3587,0.9134,0,0,16.254,-0.1656,1]},
{"frame":23,"values":[0.9809,0.1039,-0.1647,0,-0.0352,0.9265,0.3747,0,0.1915,-0.3617,0.9124,0,0,16.254,-0.1656,1]},
{"frame":24,"values":[0.9807,0.1077,-0.1631,0,-0.0384,0.9243,0.3797,0,0.1917,-0.3661,0.9106,0,0,16.254,-0.1656,1]},
{"frame":25,"values":[0.9806,0.1105,-0.1618,0,-0.0409,0.923,0.3825,0,0.1916,-0.3685,0.9097,0,0,16.254,-0.1656,1]}],"loopBehavior":1,"name":"anim","property":"_matrix"}},
{"name":"Spine2","index":3,"matrix":[0.9681,0.1589,-0.1936,0,-0.0831,0.933,0.3503,0,0.2363,-0.323,0.9164,0,0,13.6396,-1.2923,1],"rest":[1,0,0,0,0,1,0,0,0,0,1,0,0,13.6396,-1.2923,1],"parentBoneIndex":2,"length":13.1719
,"animation":{"dataType":3,"framePerSecond":24,"keys":[
{"frame":1,"values":[0.9681,0.1589,-0.1936,0,-0.0831,0.933,0.3503,0,0.2363,-0.323,0.9164,0,0,13.6396,-1.2923,1]},
{"frame":2,"values":[0.9682,0.1585,-0.1936,0,-0.0827,0.933,0.3503,0,0.2361,-0.3231,0.9164,0,0,13.6396,-1.2923,1]},
{"frame":3,"values":[0.9682,0.1587,-0.1936,0,-0.0827,0.9327,0.3511,0,0.2363,-0.3239,0.9161,0,0,13.6396,-1.2923,1]},
{"frame":4,"values":[0.968,0.1597,-0.1936,0,-0.0833,0.9321,0.3525,0,0.2367,-0.3251,0.9156,0,0,13.6396,-1.2923,1]},
{"frame":5,"values":[0.9679,0.1602,-0.1936,0,-0.0835,0.9317,0.3535,0,0.237,-0.326,0.9152,0,0,13.6396,-1.2923,1]},
{"frame":6,"values":[0.9679,0.1588,-0.1948,0,-0.0817,0.9319,0.3535,0,0.2377,-0.3262,0.9149,0,0,13.6396,-1.2923,1]},
{"frame":7,"values":[0.9678,0.1598,-0.1945,0,-0.0825,0.9313,0.3549,0,0.2378,-0.3274,0.9145,0,0,13.6396,-1.2923,1]},
{"frame":8,"values":[0.9684,0.1608,-0.1909,0,-0.0848,0.9312,0.3544,0,0.2347,-0.3271,0.9154,0,0,13.6396,-1.2923,1]},
{"frame":9,"values":[0.9686,0.1527,-0.1963,0,-0.0751,0.9321,0.3543,0,0.2371,-0.3284,0.9143,0,0,13.6396,-1.2923,1]},
{"frame":10,"values":[0.9689,0.1486,-0.1978,0,-0.0708,0.9326,0.354,0,0.2371,-0.329,0.9141,0,0,13.6396,-1.2923,1]},
{"frame":11,"values":[0.9694,0.1461,-0.1971,0,-0.069,0.9332,0.3525,0,0.2355,-0.3282,0.9148,0,0,13.6396,-1.2923,1]},
{"frame":12,"values":[0.9697,0.1466,-0.1953,0,-0.0708,0.9342,0.3495,0,0.2337,-0.3251,0.9163,0,0,13.6396,-1.2923,1]},
{"frame":13,"values":[0.9696,0.1495,-0.1938,0,-0.0747,0.9348,0.3473,0,0.2331,-0.3223,0.9175,0,0,13.6396,-1.2923,1]},
{"frame":14,"values":[0.9692,0.1519,-0.1938,0,-0.0775,0.9351,0.3457,0,0.2338,-0.3201,0.9181,0,0,13.6396,-1.2923,1]},
{"frame":15,"values":[0.9686,0.1548,-0.1945,0,-0.0806,0.9357,0.3434,0,0.2352,-0.3169,0.9188,0,0,13.6396,-1.2923,1]},
{"frame":16,"values":[0.9681,0.1568,-0.1957,0,-0.0829,0.9367,0.3403,0,0.2366,-0.3132,0.9197,0,0,13.6396,-1.2923,1]},
{"frame":17,"values":[0.9677,0.157,-0.1973,0,-0.0831,0.9373,0.3384,0,0.2381,-0.3111,0.9201,0,0,13.6396,-1.2923,1]},
{"frame":18,"values":[0.9677,0.1534,-0.2003,0,-0.079,0.9382,0.3371,0,0.2396,-0.3104,0.9199,0,0,13.6396,-1.2923,1]},
{"frame":19,"values":[0.9674,0.1448,-0.2079,0,-0.0677,0.9385,0.3386,0,0.2441,-0.3134,0.9177,0,0,13.6396,-1.2923,1]},
{"frame":20,"values":[0.9673,0.1341,-0.2154,0,-0.0542,0.9385,0.3409,0,0.2479,-0.318,0.9151,0,0,13.6396,-1.2923,1]},
{"frame":21,"values":[0.9684,0.141,-0.2055,0,-0.0645,0.9382,0.34,0,0.2408,-0.316,0.9177,0,0,13.6396,-1.2923,1]},
{"frame":22,"values":[0.9694,0.1467,-0.1967,0,-0.0728,0.9375,0.3402,0,0.2344,-0.3155,0.9195,0,0,13.6396,-1.2923,1]},
{"frame":23,"values":[0.9691,0.1508,-0.1952,0,-0.0766,0.9362,0.343,0,0.2345,-0.3174,0.9188,0,0,13.6396,-1.2923,1]},
{"frame":24,"values":[0.9685,0.1555,-0.1947,0,-0.0802,0.9342,0.3475,0,0.2359,-0.3209,0.9173,0,0,13.6396,-1.2923,1]},
{"frame":25,"values":[0.9681,0.1588,-0.1941,0,-0.0829,0.9331,0.3499,0,0.2366,-0.3227,0.9164,0,0,13.6396,-1.2923,1]}],"loopBehavior":1,"name":"anim","property":"_matrix"}},
{"name":"Neck","index":4,"matrix":[0.9992,0.036,-0.0201,0,-0.0384,0.9897,-0.1378,0,0.0149,0.1385,0.9903,0,0,13.8774,-4.3542,1],"rest":[1,0,0,0,0,1,0,0,0,0,1,0,0,13.8774,-4.3542,1],"parentBoneIndex":3,"length":4.4379
,"animation":{"dataType":3,"framePerSecond":24,"keys":[
{"frame":1,"values":[0.9992,0.036,-0.0201,0,-0.0384,0.9897,-0.1378,0,0.0149,0.1385,0.9903,0,0,13.8774,-4.3542,1]},
{"frame":2,"values":[0.9992,0.0354,-0.0162,0,-0.0373,0.9898,-0.1378,0,0.0112,0.1383,0.9903,0,0,13.8774,-4.3542,1]},
{"frame":3,"values":[0.9993,0.0349,-0.0132,0,-0.0364,0.9898,-0.1378,0,0.0083,0.1382,0.9904,0,0,13.8774,-4.3542,1]},
{"frame":4,"values":[0.9993,0.0345,-0.011,0,-0.0357,0.9898,-0.1378,0,0.0061,0.1381,0.9904,0,0,13.8774,-4.3542,1]},
{"frame":5,"values":[0.9994,0.0344,-0.0095,0,-0.0353,0.9898,-0.1378,0,0.0046,0.1381,0.9904,0,0,13.8774,-4.3542,1]},
{"frame":6,"values":[0.9994,0.0343,-0.0087,0,-0.0352,0.9898,-0.1378,0,0.0039,0.1381,0.9904,0,0,13.8774,-4.3542,1]},
{"frame":7,"values":[0.9994,0.0343,-0.0085,0,-0.0351,0.9898,-0.1378,0,0.0037,0.1381,0.9904,0,0,13.8774,-4.3542,1]},
{"frame":8,"values":[0.9994,0.0343,-0.0089,0,-0.0352,0.9898,-0.1378,0,0.0041,0.1381,0.9904,0,0,13.8774,-4.3542,1]},
{"frame":9,"values":[0.9994,0.0344,-0.0101,0,-0.0355,0.9898,-0.1378,0,0.0052,0.1381,0.9904,0,0,13.8774,-4.3542,1]},
{"frame":10,"values":[0.9993,0.0348,-0.0125,0,-0.0362,0.9898,-0.1378,0,0.0076,0.1382,0.9904,0,0,13.8774,-4.3542,1]},
{"frame":11,"values":[0.9993,0.0353,-0.0154,0,-0.037,0.9898,-0.1378,0,0.0104,0.1383,0.9903,0,0,13.8774,-4.3542,1]},
{"frame":12,"values":[0.9992,0.0358,-0.019,0,-0.0381,0.9897,-0.1378,0,0.0138,0.1384,0.9903,0,0,13.8774,-4.3542,1]},
{"frame":13,"values":[0.9991,0.0364,-0.0228,0,-0.0392,0.9897,-0.1378,0,0.0176,0.1386,0.9902,0,0,13.8774,-4.3542,1]},
{"frame":14,"values":[0.9989,0.0371,-0.0271,0,-0.0405,0.9896,-0.1378,0,0.0217,0.1388,0.9901,0,0,13.8774,-4.3542,1]},
{"frame":15,"values":[0.9988,0.0378,-0.0316,0,-0.0418,0.9896,-0.1378,0,0.026,0.1389,0.99,0,0,13.8774,-4.3542,1]},
{"frame":16,"values":[0.9986,0.0385,-0.036,0,-0.0431,0.9895,-0.1378,0,0.0303,0.1391,0.9898,0,0,13.8774,-4.3542,1]},
{"frame":17,"values":[0.9984,0.0391,-0.0399,0,-0.0443,0.9895,-0.1377,0,0.0341,0.1393,0.9897,0,0,13.8774,-4.3542,1]},
{"frame":18,"values":[0.9983,0.0396,-0.043,0,-0.0452,0.9894,-0.1377,0,0.0371,0.1394,0.9895,0,0,13.8774,-4.3542,1]},
{"frame":19,"values":[0.9982,0.0399,-0.0451,0,-0.0458,0.9894,-0.1377,0,0.0391,0.1395,0.9894,0,0,13.8774,-4.3542,1]},
{"frame":20,"values":[0.9982,0.04,-0.0455,0,-0.0459,0.9894,-0.1377,0,0.0395,0.1395,0.9894,0,0,13.8774,-4.3542,1]},
{"frame":21,"values":[0.9983,0.0396,-0.0431,0,-0.0452,0.9894,-0.1377,0,0.0372,0.1394,0.9895,0,0,13.8774,-4.3542,1]},
{"frame":22,"values":[0.9985,0.0388,-0.038,0,-0.0437,0.9895,-0.1378,0,0.0323,0.1392,0.9897,0,0,13.8774,-4.3542,1]},
{"frame":23,"values":[0.9988,0.0378,-0.0316,0,-0.0418,0.9896,-0.1378,0,0.026,0.1389,0.99,0,0,13.8774,-4.3542,1]},
{"frame":24,"values":[0.999,0.0368,-0.0252,0,-0.0399,0.9897,-0.1378,0,0.0198,0.1387,0.9901,0,0,13.8774,-4.3542,1]},
{"frame":25,"values":[0.9992,0.036,-0.0201,0,-0.0384,0.9897,-0.1378,0,0.0149,0.1385,0.9903,0,0,13.8774,-4.3542,1]}],"loopBehavior":1,"name":"anim","property":"_matrix"}},
{"name":"Neck1","index":5,"matrix":[1,0,0,0,0,1,0,0,0,0,1,0,0,4.34,0.9269,1],"rest":[1,0,0,0,0,1,0,0,0,0,1,0,0,4.34,0.9269,1],"parentBoneIndex":4,"length":6.2291
,"animation":{"dataType":3,"framePerSecond":24,"keys":[
{"frame":1,"values":[1,0,0,0,0,1,0,0,0,0,1,0,0,4.34,0.9269,1]},
{"frame":25,"values":[1,0,0,0,0,1,0,0,0,0,1,0,0,4.34,0.9269,1]}],"loopBehavior":1,"name":"anim","property":"_matrix"}},
{"name":"Head","index":6,"matrix":[0.9081,-0.2306,-0.3496,0,0.1611,0.9628,-0.2169,0,0.3866,0.1407,0.9115,0,0,4.0266,0.8585,1],"rest":[1,0,0,0,0,1,0,0,0,0,1,0,0,4.0266,0.8585,1],"parentBoneIndex":5,"length":14.8424
,"animation":{"dataType":3,"framePerSecond":24,"keys":[
{"frame":1,"values":[0.9081,-0.2306,-0.3496,0,0.1611,0.9628,-0.2169,0,0.3866,0.1407,0.9115,0,0,4.0266,0.8585,1]},
{"frame":2,"values":[0.9106,-0.2309,-0.3428,0,0.1632,0.9629,-0.2151,0,0.3797,0.1399,0.9145,0,0,4.0266,0.8585,1]},
{"frame":3,"values":[0.9126,-0.2311,-0.3374,0,0.1649,0.9629,-0.2137,0,0.3742,0.1394,0.9168,0,0,4.0266,0.8585,1]},
{"frame":4,"values":[0.914,-0.2313,-0.3334,0,0.1661,0.9629,-0.2126,0,0.3702,0.1389,0.9185,0,0,4.0266,0.8585,1]},
{"frame":5,"values":[0.9149,-0.2314,-0.3307,0,0.1669,0.9629,-0.2119,0,0.3674,0.1387,0.9196,0,0,4.0266,0.8585,1]},
{"frame":6,"values":[0.9155,-0.2314,-0.3292,0,0.1673,0.9629,-0.2116,0,0.366,0.1386,0.9202,0,0,4.0266,0.8585,1]},
{"frame":7,"values":[0.9156,-0.2314,-0.3289,0,0.1674,0.9629,-0.2114,0,0.3656,0.1386,0.9204,0,0,4.0266,0.8585,1]},
{"frame":8,"values":[0.9153,-0.2314,-0.3296,0,0.1672,0.9629,-0.2116,0,0.3663,0.1386,0.9201,0,0,4.0266,0.8585,1]},
{"frame":9,"values":[0.9146,-0.2313,-0.3318,0,0.1666,0.9629,-0.2122,0,0.3686,0.1388,0.9192,0,0,4.0266,0.8585,1]},
{"frame":10,"values":[0.913,-0.2312,-0.3361,0,0.1653,0.9629,-0.2134,0,0.373,0.1393,0.9173,0,0,4.0266,0.8585,1]},
{"frame":11,"values":[0.9111,-0.231,-0.3413,0,0.1636,0.9629,-0.2147,0,0.3782,0.1398,0.9151,0,0,4.0266,0.8585,1]},
{"frame":12,"values":[0.9088,-0.2307,-0.3477,0,0.1616,0.9628,-0.2164,0,0.3847,0.1405,0.9123,0,0,4.0266,0.8585,1]},
{"frame":13,"values":[0.9063,-0.2302,-0.3545,0,0.1592,0.9628,-0.2182,0,0.3916,0.1413,0.9092,0,0,4.0266,0.8585,1]},
{"frame":14,"values":[0.9034,-0.2298,-0.3621,0,0.1566,0.9628,-0.2202,0,0.3992,0.1422,0.9058,0,0,4.0266,0.8585,1]},
{"frame":15,"values":[0.9003,-0.2293,-0.3701,0,0.1538,0.9628,-0.2223,0,0.4072,0.1432,0.902,0,0,4.0266,0.8585,1]},
{"frame":16,"values":[0.8972,-0.2288,-0.3778,0,0.1511,0.9627,-0.2243,0,0.415,0.1441,0.8983,0,0,4.0266,0.8585,1]},
{"frame":17,"values":[0.8943,-0.2284,-0.3848,0,0.1485,0.9627,-0.2261,0,0.4221,0.145,0.8949,0,0,4.0266,0.8585,1]},
{"frame":18,"values":[0.892,-0.2281,-0.3903,0,0.1466,0.9627,-0.2275,0,0.4276,0.1457,0.8921,0,0,4.0266,0.8585,1]},
{"frame":19,"values":[0.8905,-0.2279,-0.3939,0,0.1454,0.9627,-0.2284,0,0.4312,0.1461,0.8903,0,0,4.0266,0.8585,1]},
{"frame":20,"values":[0.8901,-0.2279,-0.3946,0,0.1451,0.9626,-0.2286,0,0.432,0.1462,0.8899,0,0,4.0266,0.8585,1]},
{"frame":21,"values":[0.8919,-0.2281,-0.3905,0,0.1465,0.9627,-0.2275,0,0.4278,0.1457,0.8921,0,0,4.0266,0.8585,1]},
{"frame":22,"values":[0.8957,-0.2286,-0.3814,0,0.1498,0.9627,-0.2252,0,0.4187,0.1446,0.8965,0,0,4.0266,0.8585,1]},
{"frame":23,"values":[0.9003,-0.2293,-0.3701,0,0.1538,0.9628,-0.2223,0,0.4073,0.1432,0.902,0,0,4.0266,0.8585,1]},
{"frame":24,"values":[0.9047,-0.23,-0.3587,0,0.1578,0.9628,-0.2193,0,0.3958,0.1418,0.9073,0,0,4.0266,0.8585,1]},
{"frame":25,"values":[0.9081,-0.2305,-0.3496,0,0.1609,0.9628,-0.2169,0,0.3866,0.1407,0.9114,0,0,4.0266,0.8585,1]}],"loopBehavior":1,"name":"anim","property":"_matrix"}},
{"name":"L_Ear","index":7,"matrix":[1,0,0,0,0,1,0,0,0,0,1,0,6.8586,8.862,3.3161,1],"rest":[1,0,0,0,0,1,0,0,0,0,1,0,6.8586,8.862,3.3161,1],"parentBoneIndex":6,"length":14.8424
,"animation":{"dataType":3,"framePerSecond":24,"keys":[
{"frame":1,"values":[1,0,0,0,0,1,0,0,0,0,1,0,6.8586,8.862,3.3161,1]},
{"frame":25,"values":[1,0,0,0,0,1,0,0,0,0,1,0,6.8586,8.862,3.3161,1]}],"loopBehavior":1,"name":"anim","property":"_matrix"}},
{"name":"Jaw","index":8,"matrix":[1,0,0,0,0,1,0,0,0,0,1,0,0.0038,6.235,4.4131,1],"rest":[1,0,0,0,0,1,0,0,0,0,1,0,0.0038,6.235,4.4131,1],"parentBoneIndex":6,"length":8.9884
,"animation":{"dataType":3,"framePerSecond":24,"keys":[
{"frame":1,"values":[1,0,0,0,0,1,0,0,0,0,1,0,0.0038,6.235,4.4131,1]},
{"frame":25,"values":[1,0,0,0,0,1,0,0,0,0,1,0,0.0038,6.235,4.4131,1]}],"loopBehavior":1,"name":"anim","property":"_matrix"}},
{"name":"TongueBack","index":9,"matrix":[1,0,0,0,0,1,0,0,0,0,1,0,0,-3.3518,4.6468,1],"rest":[1,0,0,0,0,1,0,0,0,0,1,0,0,-3.3518,4.6468,1],"parentBoneIndex":8,"length":1.6664
,"animation":{"dataType":3,"framePerSecond":24,"keys":[
{"frame":1,"values":[1,0,0,0,0,1,0,0,0,0,1,0,0,-3.3518,4.6468,1]},
{"frame":25,"values":[1,0,0,0,0,1,0,0,0,0,1,0,0,-3.3518,4.6468,1]}],"loopBehavior":1,"name":"anim","property":"_matrix"}},
{"name":"TongueMid","index":10,"matrix":[1,0,0,0,0,1,0,0,0,0,1,0,0,0.0424,1.6659,1],"rest":[1,0,0,0,0,1,0,0,0,0,1,0,0,0.0424,1.6659,1],"parentBoneIndex":9,"length":1.3562
,"animation":{"dataType":3,"framePerSecond":24,"keys":[
{"frame":1,"values":[1,0,0,0,0,1,0,0,0,0,1,0,0,0.0424,1.6659,1]},
{"frame":25,"values":[1,0,0,0,0,1,0,0,0,0,1,0,0,0.0424,1.6659,1]}],"loopBehavior":1,"name":"anim","property":"_matrix"}},
{"name":"TongueTip","index":11,"matrix":[1,0,0,0,0,1,0,0,0,0,1,0,0,-0.4344,1.2847,1],"rest":[1,0,0,0,0,1,0,0,0,0,1,0,0,-0.4344,1.2847,1],"parentBoneIndex":10,"length":1.3562
,"animation":{"dataType":3,"framePerSecond":24,"keys":[
{"frame":1,"values":[1,0,0,0,0,1,0,0,0,0,1,0,0,-0.4344,1.2847,1]},
{"frame":25,"values":[1,0,0,0,0,1,0,0,0,0,1,0,0,-0.4344,1.2847,1]}],"loopBehavior":1,"name":"anim","property":"_matrix"}},
{"name":"Chin","index":12,"matrix":[1,0,0,0,0,1,0,0,0,0,1,0,-0.0038,-6.1605,9.1241,1],"rest":[1,0,0,0,0,1,0,0,0,0,1,0,-0.0038,-6.1605,9.1241,1],"parentBoneIndex":8,"length":8.9884
,"animation":{"dataType":3,"framePerSecond":24,"keys":[
{"frame":1,"values":[1,0,0,0,0,1,0,0,0,0,1,0,-0.0038,-6.1605,9.1241,1]},
{"frame":25,"values":[1,0,0,0,0,1,0,0,0,0,1,0,-0.0038,-6.1605,9.1241,1]}],"loopBehavior":1,"name":"anim","property":"_matrix"}},
{"name":"LowerChin","index":13,"matrix":[1,0,0,0,0,1,0,0,0,0,1,0,-0.0038,-8.2784,6.0042,1],"rest":[1,0,0,0,0,1,0,0,0,0,1,0,-0.0038,-8.2784,6.0042,1],"parentBoneIndex":8,"length":8.9884
,"animation":{"dataType":3,"framePerSecond":24,"keys":[
{"frame":1,"values":[1,0,0,0,0,1,0,0,0,0,1,0,-0.0038,-8.2784,6.0042,1]},
{"frame":25,"values":[1,0,0,0,0,1,0,0,0,0,1,0,-0.0038,-8.2784,6.0042,1]}],"loopBehavior":1,"name":"anim","property":"_matrix"}},
{"name":"L_Temple","index":14,"matrix":[1,0,0,0,0,1,0,0,0,0,1,0,6.7164,11.953,7.4033,1],"rest":[1,0,0,0,0,1,0,0,0,0,1,0,6.7164,11.953,7.4033,1],"parentBoneIndex":6,"length":14.8424
,"animation":{"dataType":3,"framePerSecond":24,"keys":[
{"frame":1,"values":[1,0,0,0,0,1,0,0,0,0,1,0,6.7164,11.953,7.4033,1]},
{"frame":25,"values":[1,0,0,0,0,1,0,0,0,0,1,0,6.7164,11.953,7.4033,1]}],"loopBehavior":1,"name":"anim","property":"_matrix"}},
{"name":"L_IOuterBrow","index":15,"matrix":[1,0,0,0,0,1,0,0,0,0,1,0,5.185,11.3348,12.3701,1],"rest":[1,0,0,0,0,1,0,0,0,0,1,0,5.185,11.3348,12.3701,1],"parentBoneIndex":6,"length":14.8424
,"animation":{"dataType":3,"framePerSecond":24,"keys":[
{"frame":1,"values":[1,0,0,0,0,1,0,0,0,0,1,0,5.185,11.3348,12.3701,1]},
{"frame":25,"values":[1,0,0,0,0,1,0,0,0,0,1,0,5.185,11.3348,12.3701,1]}],"loopBehavior":1,"name":"anim","property":"_matrix"}},
{"name":"L_MidBrow","index":16,"matrix":[1,0,0,0,0,1,0,0,0,0,1,0,3.3668,11.4156,13.6166,1],"rest":[1,0,0,0,0,1,0,0,0,0,1,0,3.3668,11.4156,13.6166,1],"parentBoneIndex":6,"length":14.8424
,"animation":{"dataType":3,"framePerSecond":24,"keys":[
{"frame":1,"values":[1,0,0,0,0,1,0,0,0,0,1,0,3.3668,11.4156,13.6166,1]},
{"frame":25,"values":[1,0,0,0,0,1,0,0,0,0,1,0,3.3668,11.4156,13.6166,1]}],"loopBehavior":1,"name":"anim","property":"_matrix"}},
{"name":"L_InnerBrow","index":17,"matrix":[1,0,0,0,0,1,0,0,0,0,1,0,1.6599,10.7576,14.115,1],"rest":[1,0,0,0,0,1,0,0,0,0,1,0,1.6599,10.7576,14.115,1],"parentBoneIndex":6,"length":14.8424
,"animation":{"dataType":3,"framePerSecond":24,"keys":[
{"frame":1,"values":[1,0,0,0,0,1,0,0,0,0,1,0,1.6599,10.7576,14.115,1]},
{"frame":25,"values":[1,0,0,0,0,1,0,0,0,0,1,0,1.6599,10.7576,14.115,1]}],"loopBehavior":1,"name":"anim","property":"_matrix"}},
{"name":"L_Eye","index":18,"matrix":[1,0,0,0,0,1,0,0,0,0,1,0,3.0989,9.6989,11.4382,1],"rest":[1,0,0,0,0,1,0,0,0,0,1,0,3.0989,9.6989,11.4382,1],"parentBoneIndex":6,"length":14.8424
,"animation":{"dataType":3,"framePerSecond":24,"keys":[
{"frame":1,"values":[1,0,0,0,0,1,0,0,0,0,1,0,3.0989,9.6989,11.4382,1]},
{"frame":25,"values":[1,0,0,0,0,1,0,0,0,0,1,0,3.0989,9.6989,11.4382,1]}],"loopBehavior":1,"name":"anim","property":"_matrix"}},
{"name":"L_EyelidLower","index":19,"matrix":[1,0,0,0,0,1,0,0,0,0,1,0,3.0989,9.6989,11.4382,1],"rest":[1,0,0,0,0,1,0,0,0,0,1,0,3.0989,9.6989,11.4382,1],"parentBoneIndex":6,"length":14.8424
,"animation":{"dataType":3,"framePerSecond":24,"keys":[
{"frame":1,"values":[1,0,0,0,0,1,0,0,0,0,1,0,3.0989,9.6989,11.4382,1]},
{"frame":25,"values":[1,0,0,0,0,1,0,0,0,0,1,0,3.0989,9.6989,11.4382,1]}],"loopBehavior":1,"name":"anim","property":"_matrix"}},
{"name":"L_EyelidUpper","index":20,"matrix":[1,0,0,0,0,1,0,0,0,0,1,0,3.0989,9.6989,11.4382,1],"rest":[1,0,0,0,0,1,0,0,0,0,1,0,3.0989,9.6989,11.4382,1],"parentBoneIndex":6,"length":14.8424
,"animation":{"dataType":3,"framePerSecond":24,"keys":[
{"frame":1,"values":[1,0,0,0,0,1,0,0,0,0,1,0,3.0989,9.6989,11.4382,1]},
{"frame":25,"values":[1,0,0,0,0,1,0,0,0,0,1,0,3.0989,9.6989,11.4382,1]}],"loopBehavior":1,"name":"anim","property":"_matrix"}},
{"name":"L_InnerCheek","index":21,"matrix":[1,0,0,0,0,1,0,0,0,0,1,0,2.1484,7.4937,13.4347,1],"rest":[1,0,0,0,0,1,0,0,0,0,1,0,2.1484,7.4937,13.4347,1],"parentBoneIndex":6,"length":14.8424
,"animation":{"dataType":3,"framePerSecond":24,"keys":[
{"frame":1,"values":[1,0,0,0,0,1,0,0,0,0,1,0,2.1484,7.4937,13.4347,1]},
{"frame":25,"values":[1,0,0,0,0,1,0,0,0,0,1,0,2.1484,7.4937,13.4347,1]}],"loopBehavior":1,"name":"anim","property":"_matrix"}},
{"name":"L_LowerCheek","index":22,"matrix":[1,0,0,0,0,1,0,0,0,0,1,0,4.3527,2.5675,9.9423,1],"rest":[1,0,0,0,0,1,0,0,0,0,1,0,4.3527,2.5675,9.9423,1],"parentBoneIndex":6,"length":14.8424
,"animation":{"dataType":3,"framePerSecond":24,"keys":[
{"frame":1,"values":[1,0,0,0,0,1,0,0,0,0,1,0,4.3527,2.5675,9.9423,1]},
{"frame":25,"values":[1,0,0,0,0,1,0,0,0,0,1,0,4.3527,2.5675,9.9423,1]}],"loopBehavior":1,"name":"anim","property":"_matrix"}},
{"name":"L_LipCorner","index":23,"matrix":[1,0,0,0,0,1,0,0,0,0,1,0,2.9076,2.9095,12.5938,1],"rest":[1,0,0,0,0,1,0,0,0,0,1,0,2.9076,2.9095,12.5938,1],"parentBoneIndex":6,"length":0.9548
,"animation":{"dataType":3,"framePerSecond":24,"keys":[
{"frame":1,"values":[1,0,0,0,0,1,0,0,0,0,1,0,2.9076,2.9095,12.5938,1]},
{"frame":25,"values":[1,0,0,0,0,1,0,0,0,0,1,0,2.9076,2.9095,12.5938,1]}],"loopBehavior":1,"name":"anim","property":"_matrix"}},
{"name":"L_LipCornerLowTweak","index":24,"matrix":[1,0,0,0,0,1,0,0,0,0,1,0,-0.8072,-0.3254,0.4547,1],"rest":[1,0,0,0,0,1,0,0,0,0,1,0,-0.8072,-0.3254,0.4547,1],"parentBoneIndex":23,"length":0.9548
,"animation":{"dataType":3,"framePerSecond":24,"keys":[
{"frame":1,"values":[1,0,0,0,0,1,0,0,0,0,1,0,-0.8072,-0.3254,0.4547,1]},
{"frame":25,"values":[1,0,0,0,0,1,0,0,0,0,1,0,-0.8072,-0.3254,0.4547,1]}],"loopBehavior":1,"name":"anim","property":"_matrix"}},
{"name":"L_LipCornerUpTweak","index":25,"matrix":[1,0,0,0,0,1,0,0,0,0,1,0,-0.7251,0.0237,0.5782,1],"rest":[1,0,0,0,0,1,0,0,0,0,1,0,-0.7251,0.0237,0.5782,1],"parentBoneIndex":23,"length":0.9548
,"animation":{"dataType":3,"framePerSecond":24,"keys":[
{"frame":1,"values":[1,0,0,0,0,1,0,0,0,0,1,0,-0.7251,0.0237,0.5782,1]},
{"frame":25,"values":[1,0,0,0,0,1,0,0,0,0,1,0,-0.7251,0.0237,0.5782,1]}],"loopBehavior":1,"name":"anim","property":"_matrix"}},
{"name":"L_LipLower","index":26,"matrix":[1,0,0,0,0,1,0,0,0,0,1,0,1.2586,2.3762,13.5915,1],"rest":[1,0,0,0,0,1,0,0,0,0,1,0,1.2586,2.3762,13.5915,1],"parentBoneIndex":6,"length":14.8424
,"animation":{"dataType":3,"framePerSecond":24,"keys":[
{"frame":1,"values":[1,0,0,0,0,1,0,0,0,0,1,0,1.2586,2.3762,13.5915,1]},
{"frame":25,"values":[1,0,0,0,0,1,0,0,0,0,1,0,1.2586,2.3762,13.5915,1]}],"loopBehavior":1,"name":"anim","property":"_matrix"}},
{"name":"L_LipUpper","index":27,"matrix":[1,0,0,0,0,1,0,0,0,0,1,0,1.2981,3.1535,13.8987,1],"rest":[1,0,0,0,0,1,0,0,0,0,1,0,1.2981,3.1535,13.8987,1],"parentBoneIndex":6,"length":14.8424
,"animation":{"dataType":3,"framePerSecond":24,"keys":[
{"frame":1,"values":[1,0,0,0,0,1,0,0,0,0,1,0,1.2981,3.1535,13.8987,1]},
{"frame":25,"values":[1,0,0,0,0,1,0,0,0,0,1,0,1.2981,3.1535,13.8987,1]}],"loopBehavior":1,"name":"anim","property":"_matrix"}},
{"name":"LipMidLower","index":28,"matrix":[1,0,0,0,0,1,0,0,0,0,1,0,0,2.4182,14.0113,1],"rest":[1,0,0,0,0,1,0,0,0,0,1,0,0,2.4182,14.0113,1],"parentBoneIndex":6,"length":14.8424
,"animation":{"dataType":3,"framePerSecond":24,"keys":[
{"frame":1,"values":[1,0,0,0,0,1,0,0,0,0,1,0,0,2.4182,14.0113,1]},
{"frame":25,"values":[1,0,0,0,0,1,0,0,0,0,1,0,0,2.4182,14.0113,1]}],"loopBehavior":1,"name":"anim","property":"_matrix"}},
{"name":"LipMidUpper","index":29,"matrix":[1,0,0,0,0,1,0,0,0,0,1,0,0,3.2177,14.3127,1],"rest":[1,0,0,0,0,1,0,0,0,0,1,0,0,3.2177,14.3127,1],"parentBoneIndex":6,"length":14.8424
,"animation":{"dataType":3,"framePerSecond":24,"keys":[
{"frame":1,"values":[1,0,0,0,0,1,0,0,0,0,1,0,0,3.2177,14.3127,1]},
{"frame":25,"values":[1,0,0,0,0,1,0,0,0,0,1,0,0,3.2177,14.3127,1]}],"loopBehavior":1,"name":"anim","property":"_matrix"}},
{"name":"L_CheekFold","index":30,"matrix":[1,0,0,0,0,1,0,0,0,0,1,0,2.8997,4.8397,12.9905,1],"rest":[1,0,0,0,0,1,0,0,0,0,1,0,2.8997,4.8397,12.9905,1],"parentBoneIndex":6,"length":14.8424
,"animation":{"dataType":3,"framePerSecond":24,"keys":[
{"frame":1,"values":[1,0,0,0,0,1,0,0,0,0,1,0,2.8997,4.8397,12.9905,1]},
{"frame":25,"values":[1,0,0,0,0,1,0,0,0,0,1,0,2.8997,4.8397,12.9905,1]}],"loopBehavior":1,"name":"anim","property":"_matrix"}},
{"name":"L_Nostril","index":31,"matrix":[1,0,0,0,0,1,0,0,0,0,1,0,1.2793,5.2449,14.0405,1],"rest":[1,0,0,0,0,1,0,0,0,0,1,0,1.2793,5.2449,14.0405,1],"parentBoneIndex":6,"length":14.8424
,"animation":{"dataType":3,"framePerSecond":24,"keys":[
{"frame":1,"values":[1,0,0,0,0,1,0,0,0,0,1,0,1.2793,5.2449,14.0405,1]},
{"frame":25,"values":[1,0,0,0,0,1,0,0,0,0,1,0,1.2793,5.2449,14.0405,1]}],"loopBehavior":1,"name":"anim","property":"_matrix"}},
{"name":"Scalp","index":32,"matrix":[1,0,0,0,0,1,0,0,0,0,1,0,0.0038,15.512,8.5871,1],"rest":[1,0,0,0,0,1,0,0,0,0,1,0,0.0038,15.512,8.5871,1],"parentBoneIndex":6,"length":14.8424
,"animation":{"dataType":3,"framePerSecond":24,"keys":[
{"frame":1,"values":[1,0,0,0,0,1,0,0,0,0,1,0,0.0038,15.512,8.5871,1]},
{"frame":25,"values":[1,0,0,0,0,1,0,0,0,0,1,0,0.0038,15.512,8.5871,1]}],"loopBehavior":1,"name":"anim","property":"_matrix"}},
{"name":"L_OuterCheek","index":33,"matrix":[1,0,0,0,0,1,0,0,0,0,1,0,4.805,7.1686,11.679,1],"rest":[1,0,0,0,0,1,0,0,0,0,1,0,4.805,7.1686,11.679,1],"parentBoneIndex":6,"length":14.8424
,"animation":{"dataType":3,"framePerSecond":24,"keys":[
{"frame":1,"values":[1,0,0,0,0,1,0,0,0,0,1,0,4.805,7.1686,11.679,1]},
{"frame":25,"values":[1,0,0,0,0,1,0,0,0,0,1,0,4.805,7.1686,11.679,1]}],"loopBehavior":1,"name":"anim","property":"_matrix"}},
{"name":"R_LipLower","index":34,"matrix":[1,0,0,0,0,1,0,0,0,0,1,0,-1.2586,2.3762,13.5915,1],"rest":[1,0,0,0,0,1,0,0,0,0,1,0,-1.2586,2.3762,13.5915,1],"parentBoneIndex":6,"length":14.8424
,"animation":{"dataType":3,"framePerSecond":24,"keys":[
{"frame":1,"values":[1,0,0,0,0,1,0,0,0,0,1,0,-1.2586,2.3762,13.5915,1]},
{"frame":25,"values":[1,0,0,0,0,1,0,0,0,0,1,0,-1.2586,2.3762,13.5915,1]}],"loopBehavior":1,"name":"anim","property":"_matrix"}},
{"name":"RightNostril","index":35,"matrix":[1,0,0,0,0,1,0,0,0,0,1,0,-1.2793,5.2449,14.0405,1],"rest":[1,0,0,0,0,1,0,0,0,0,1,0,-1.2793,5.2449,14.0405,1],"parentBoneIndex":6,"length":14.8424
,"animation":{"dataType":3,"framePerSecond":24,"keys":[
{"frame":1,"values":[1,0,0,0,0,1,0,0,0,0,1,0,-1.2793,5.2449,14.0405,1]},
{"frame":25,"values":[1,0,0,0,0,1,0,0,0,0,1,0,-1.2793,5.2449,14.0405,1]}],"loopBehavior":1,"name":"anim","property":"_matrix"}},
{"name":"R_CheekFold","index":36,"matrix":[1,0,0,0,0,1,0,0,0,0,1,0,-2.8997,4.8397,12.9905,1],"rest":[1,0,0,0,0,1,0,0,0,0,1,0,-2.8997,4.8397,12.9905,1],"parentBoneIndex":6,"length":14.8424
,"animation":{"dataType":3,"framePerSecond":24,"keys":[
{"frame":1,"values":[1,0,0,0,0,1,0,0,0,0,1,0,-2.8997,4.8397,12.9905,1]},
{"frame":25,"values":[1,0,0,0,0,1,0,0,0,0,1,0,-2.8997,4.8397,12.9905,1]}],"loopBehavior":1,"name":"anim","property":"_matrix"}},
{"name":"R_LowerCheek","index":37,"matrix":[1,0,0,0,0,1,0,0,0,0,1,0,-4.3527,2.5675,9.9423,1],"rest":[1,0,0,0,0,1,0,0,0,0,1,0,-4.3527,2.5675,9.9423,1],"parentBoneIndex":6,"length":14.8424
,"animation":{"dataType":3,"framePerSecond":24,"keys":[
{"frame":1,"values":[1,0,0,0,0,1,0,0,0,0,1,0,-4.3527,2.5675,9.9423,1]},
{"frame":25,"values":[1,0,0,0,0,1,0,0,0,0,1,0,-4.3527,2.5675,9.9423,1]}],"loopBehavior":1,"name":"anim","property":"_matrix"}},
{"name":"R_gLipCorner","index":38,"matrix":[1,0,0,0,0,1,0,0,0,0,1,0,-2.9076,2.9095,12.5938,1],"rest":[1,0,0,0,0,1,0,0,0,0,1,0,-2.9076,2.9095,12.5938,1],"parentBoneIndex":6,"length":0.9548
,"animation":{"dataType":3,"framePerSecond":24,"keys":[
{"frame":1,"values":[1,0,0,0,0,1,0,0,0,0,1,0,-2.9076,2.9095,12.5938,1]},
{"frame":25,"values":[1,0,0,0,0,1,0,0,0,0,1,0,-2.9076,2.9095,12.5938,1]}],"loopBehavior":1,"name":"anim","property":"_matrix"}},
{"name":"R_gLipCornerLowTweak","index":39,"matrix":[1,0,0,0,0,1,0,0,0,0,1,0,0.8072,-0.3254,0.4547,1],"rest":[1,0,0,0,0,1,0,0,0,0,1,0,0.8072,-0.3254,0.4547,1],"parentBoneIndex":38,"length":0.9548
,"animation":{"dataType":3,"framePerSecond":24,"keys":[
{"frame":1,"values":[1,0,0,0,0,1,0,0,0,0,1,0,0.8072,-0.3254,0.4547,1]},
{"frame":25,"values":[1,0,0,0,0,1,0,0,0,0,1,0,0.8072,-0.3254,0.4547,1]}],"loopBehavior":1,"name":"anim","property":"_matrix"}},
{"name":"R_gLipCornerUpTweak","index":40,"matrix":[1,0,0,0,0,1,0,0,0,0,1,0,0.7251,0.0237,0.5782,1],"rest":[1,0,0,0,0,1,0,0,0,0,1,0,0.7251,0.0237,0.5782,1],"parentBoneIndex":38,"length":0.9548
,"animation":{"dataType":3,"framePerSecond":24,"keys":[
{"frame":1,"values":[1,0,0,0,0,1,0,0,0,0,1,0,0.7251,0.0237,0.5782,1]},
{"frame":25,"values":[1,0,0,0,0,1,0,0,0,0,1,0,0.7251,0.0237,0.5782,1]}],"loopBehavior":1,"name":"anim","property":"_matrix"}},
{"name":"R_LipUpper","index":41,"matrix":[1,0,0,0,0,1,0,0,0,0,1,0,-1.2981,3.1535,13.8987,1],"rest":[1,0,0,0,0,1,0,0,0,0,1,0,-1.2981,3.1535,13.8987,1],"parentBoneIndex":6,"length":14.8424
,"animation":{"dataType":3,"framePerSecond":24,"keys":[
{"frame":1,"values":[1,0,0,0,0,1,0,0,0,0,1,0,-1.2981,3.1535,13.8987,1]},
{"frame":25,"values":[1,0,0,0,0,1,0,0,0,0,1,0,-1.2981,3.1535,13.8987,1]}],"loopBehavior":1,"name":"anim","property":"_matrix"}},
{"name":"R_OuterCheek","index":42,"matrix":[1,0,0,0,0,1,0,0,0,0,1,0,-4.805,7.1686,11.679,1],"rest":[1,0,0,0,0,1,0,0,0,0,1,0,-4.805,7.1686,11.679,1],"parentBoneIndex":6,"length":14.8424
,"animation":{"dataType":3,"framePerSecond":24,"keys":[
{"frame":1,"values":[1,0,0,0,0,1,0,0,0,0,1,0,-4.805,7.1686,11.679,1]},
{"frame":25,"values":[1,0,0,0,0,1,0,0,0,0,1,0,-4.805,7.1686,11.679,1]}],"loopBehavior":1,"name":"anim","property":"_matrix"}},
{"name":"MidBrows","index":43,"matrix":[1,0,0,0,0,1,0,0,0,0,1,0,0,10.8004,14.2738,1],"rest":[1,0,0,0,0,1,0,0,0,0,1,0,0,10.8004,14.2738,1],"parentBoneIndex":6,"length":14.8424
,"animation":{"dataType":3,"framePerSecond":24,"keys":[
{"frame":1,"values":[1,0,0,0,0,1,0,0,0,0,1,0,0,10.8004,14.2738,1]},
{"frame":25,"values":[1,0,0,0,0,1,0,0,0,0,1,0,0,10.8004,14.2738,1]}],"loopBehavior":1,"name":"anim","property":"_matrix"}},
{"name":"R_InnerBrow","index":44,"matrix":[1,0,0,0,0,1,0,0,0,0,1,0,-1.6599,10.7576,14.115,1],"rest":[1,0,0,0,0,1,0,0,0,0,1,0,-1.6599,10.7576,14.115,1],"parentBoneIndex":6,"length":14.8424
,"animation":{"dataType":3,"framePerSecond":24,"keys":[
{"frame":1,"values":[1,0,0,0,0,1,0,0,0,0,1,0,-1.6599,10.7576,14.115,1]},
{"frame":25,"values":[1,0,0,0,0,1,0,0,0,0,1,0,-1.6599,10.7576,14.115,1]}],"loopBehavior":1,"name":"anim","property":"_matrix"}},
{"name":"R_MidBrow","index":45,"matrix":[1,0,0,0,0,1,0,0,0,0,1,0,-3.3668,11.4156,13.6166,1],"rest":[1,0,0,0,0,1,0,0,0,0,1,0,-3.3668,11.4156,13.6166,1],"parentBoneIndex":6,"length":14.8424
,"animation":{"dataType":3,"framePerSecond":24,"keys":[
{"frame":1,"values":[1,0,0,0,0,1,0,0,0,0,1,0,-3.3668,11.4156,13.6166,1]},
{"frame":25,"values":[1,0,0,0,0,1,0,0,0,0,1,0,-3.3668,11.4156,13.6166,1]}],"loopBehavior":1,"name":"anim","property":"_matrix"}},
{"name":"R_IOuterBrow","index":46,"matrix":[1,0,0,0,0,1,0,0,0,0,1,0,-5.185,11.3348,12.3701,1],"rest":[1,0,0,0,0,1,0,0,0,0,1,0,-5.185,11.3348,12.3701,1],"parentBoneIndex":6,"length":14.8424
,"animation":{"dataType":3,"framePerSecond":24,"keys":[
{"frame":1,"values":[1,0,0,0,0,1,0,0,0,0,1,0,-5.185,11.3348,12.3701,1]},
{"frame":25,"values":[1,0,0,0,0,1,0,0,0,0,1,0,-5.185,11.3348,12.3701,1]}],"loopBehavior":1,"name":"anim","property":"_matrix"}},
{"name":"R_Eye","index":47,"matrix":[1,0,0,0,0,1,0,0,0,0,1,0,-3.0989,9.6989,11.4382,1],"rest":[1,0,0,0,0,1,0,0,0,0,1,0,-3.0989,9.6989,11.4382,1],"parentBoneIndex":6,"length":14.8424
,"animation":{"dataType":3,"framePerSecond":24,"keys":[
{"frame":1,"values":[1,0,0,0,0,1,0,0,0,0,1,0,-3.0989,9.6989,11.4382,1]},
{"frame":25,"values":[1,0,0,0,0,1,0,0,0,0,1,0,-3.0989,9.6989,11.4382,1]}],"loopBehavior":1,"name":"anim","property":"_matrix"}},
{"name":"R_EyelidLower","index":48,"matrix":[1,0,0,0,0,1,0,0,0,0,1,0,-3.0989,9.6989,11.4382,1],"rest":[1,0,0,0,0,1,0,0,0,0,1,0,-3.0989,9.6989,11.4382,1],"parentBoneIndex":6,"length":14.8424
,"animation":{"dataType":3,"framePerSecond":24,"keys":[
{"frame":1,"values":[1,0,0,0,0,1,0,0,0,0,1,0,-3.0989,9.6989,11.4382,1]},
{"frame":25,"values":[1,0,0,0,0,1,0,0,0,0,1,0,-3.0989,9.6989,11.4382,1]}],"loopBehavior":1,"name":"anim","property":"_matrix"}},
{"name":"R_EyelidUpper","index":49,"matrix":[1,0,0,0,0,1,0,0,0,0,1,0,-3.0989,9.6989,11.4382,1],"rest":[1,0,0,0,0,1,0,0,0,0,1,0,-3.0989,9.6989,11.4382,1],"parentBoneIndex":6,"length":14.8424
,"animation":{"dataType":3,"framePerSecond":24,"keys":[
{"frame":1,"values":[1,0,0,0,0,1,0,0,0,0,1,0,-3.0989,9.6989,11.4382,1]},
{"frame":25,"values":[1,0,0,0,0,1,0,0,0,0,1,0,-3.0989,9.6989,11.4382,1]}],"loopBehavior":1,"name":"anim","property":"_matrix"}},
{"name":"R_Temple","index":50,"matrix":[1,0,0,0,0,1,0,0,0,0,1,0,-6.7164,11.953,7.4033,1],"rest":[1,0,0,0,0,1,0,0,0,0,1,0,-6.7164,11.953,7.4033,1],"parentBoneIndex":6,"length":14.8424
,"animation":{"dataType":3,"framePerSecond":24,"keys":[
{"frame":1,"values":[1,0,0,0,0,1,0,0,0,0,1,0,-6.7164,11.953,7.4033,1]},
{"frame":25,"values":[1,0,0,0,0,1,0,0,0,0,1,0,-6.7164,11.953,7.4033,1]}],"loopBehavior":1,"name":"anim","property":"_matrix"}},
{"name":"R_Ear","index":51,"matrix":[1,0,0,0,0,1,0,0,0,0,1,0,-6.8586,8.862,3.3161,1],"rest":[1,0,0,0,0,1,0,0,0,0,1,0,-6.8586,8.862,3.3161,1],"parentBoneIndex":6,"length":14.8424
,"animation":{"dataType":3,"framePerSecond":24,"keys":[
