{"producer":{"name":"Blender","version":"2.90.0","exporter_version":"2.80.1","file":"straferight_riffle.babylon"},
"autoClear":true,"clearColor":[0.0509,0.0509,0.0509],"gravity":[0,-9.81,0],
"materials":[{"name":"Material","id":"Material","customType":"BABYLON.PBRMaterial","backFaceCulling":true,"checkReadyOnlyOnce":false,"maxSimultaneousLights":4,"environmentIntensity":1,"albedo":[0.8,0.8,0.8],"reflectivity":[0.5,0.5,0.5],"roughness":0.4,"alpha":1,"transparencyMode":0,"alphaCutOff":0.4,"metallic":0}],
"multiMaterials":[],
"skeletons":[{"name":"Armature","id":0,"dimensionsAtRest":[188.1767,188.0947,21.7491],"bones":[
{"name":"Hips","index":0,"matrix":[0.6643,0.0658,-0.7446,0,0.1003,0.9793,0.176,0,-0.7407,0.1916,-0.6439,0,-0.0457,88.7348,-0.0779,1],"rest":[1,0,0,0,0,1,0,0,0,0,-1,0,0,96.3764,0,1],"parentBoneIndex":-1,"length":9.9032
,"animation":{"dataType":3,"framePerSecond":24,"keys":[
{"frame":1,"values":[0.6643,0.0658,-0.7446,0,0.1003,0.9793,0.176,0,-0.7407,0.1916,-0.6439,0,-0.0457,88.7348,-0.0779,1]},
{"frame":2,"values":[0.605,0.0496,-0.7947,0,0.1335,0.9776,0.1626,0,-0.785,0.2045,-0.5848,0,-1.8175,86.6417,-0.2937,1]},
{"frame":3,"values":[0.5389,0.0336,-0.8417,0,0.1672,0.975,0.1461,0,-0.8256,0.2195,-0.5198,0,-3.6262,84.3294,-0.6465,1]},
{"frame":4,"values":[0.4707,0.0193,-0.8821,0,0.1987,0.9718,0.1273,0,-0.8596,0.2352,-0.4536,0,-5.2123,82.3032,-1.1101,1]},
{"frame":5,"values":[0.4059,0.0073,-0.9139,0,0.2256,0.9682,0.1079,0,-0.8856,0.25,-0.3913,0,-6.3815,81.0224,-1.6478,1]},
{"frame":6,"values":[0.3551,-0.0002,-0.9348,0,0.2436,0.9655,0.0924,0,-0.9025,0.2605,-0.3429,0,-6.5148,81.0363,-2.2112,1]},
{"frame":7,"values":[0.3826,-0.0035,-0.9239,0,0.2421,0.9654,0.0966,0,-0.8916,0.2607,-0.3702,0,-6.4854,82.2156,-2.7792,1]},
{"frame":8,"values":[0.4322,-0.0019,-0.9018,0,0.2301,0.9671,0.1083,0,-0.8719,0.2543,-0.4185,0,-6.0358,84.1757,-3.2918,1]},
{"frame":9,"values":[0.478,0.0016,-0.8783,0,0.2159,0.9691,0.1192,0,-0.8514,0.2466,-0.4629,0,-5.331,86.341,-3.7066,1]},
{"frame":10,"values":[0.5199,0.0063,-0.8542,0,0.1999,0.9713,0.1289,0,-0.8305,0.2377,-0.5037,0,-4.5626,88.1134,-3.9938,1]},
{"frame":11,"values":[0.5587,0.0117,-0.8293,0,0.1829,0.9735,0.137,0,-0.8089,0.2282,-0.5418,0,-3.7958,88.7766,-4.1111,1]},
{"frame":12,"values":[0.595,0.0175,-0.8035,0,0.1654,0.9757,0.1437,0,-0.7865,0.2184,-0.5776,0,-3.135,88.7078,-4.0614,1]},
{"frame":13,"values":[0.6293,0.0231,-0.7769,0,0.148,0.9777,0.1489,0,-0.763,0.2087,-0.6118,0,-2.5056,87.9478,-3.8902,1]},
{"frame":14,"values":[0.6619,0.0282,-0.7491,0,0.1312,0.9795,0.1528,0,-0.738,0.1994,-0.6447,0,-1.9658,86.482,-3.6158,1]},
{"frame":15,"values":[0.6933,0.0341,-0.7198,0,0.1143,0.981,0.1566,0,-0.7115,0.1908,-0.6763,0,-1.558,84.8823,-3.2535,1]},
{"frame":16,"values":[0.7239,0.041,-0.6887,0,0.0973,0.9822,0.1607,0,-0.683,0.1834,-0.707,0,-1.7104,83.7452,-2.8306,1]},
{"frame":17,"values":[0.7539,0.0489,-0.6551,0,0.0802,0.9829,0.1656,0,-0.6521,0.1773,-0.7371,0,-2.7513,82.1915,-2.3601,1]},
{"frame":18,"values":[0.7821,0.0571,-0.6205,0,0.0642,0.9831,0.1713,0,-0.6198,0.1738,-0.7652,0,-4.6042,80.6687,-1.8809,1]},
{"frame":19,"values":[0.7786,0.0613,-0.6246,0,0.0599,0.9834,0.1712,0,-0.6247,0.1707,-0.762,0,-5.837,80.6678,-1.3984,1]},
{"frame":20,"values":[0.7626,0.0616,-0.6439,0,0.064,0.9834,0.1698,0,-0.6436,0.1707,-0.746,0,-6.0403,82.6969,-0.9536,1]},
{"frame":21,"values":[0.7451,0.061,-0.6642,0,0.0708,0.9829,0.1697,0,-0.6632,0.1735,-0.728,0,-5.0461,85.4639,-0.5699,1]},
{"frame":22,"values":[0.7261,0.06,-0.6849,0,0.0792,0.9823,0.17,0,-0.683,0.1777,-0.7085,0,-3.8431,87.6456,-0.2707,1]},
{"frame":23,"values":[0.7061,0.0609,-0.7055,0,0.0869,0.9813,0.1716,0,-0.7028,0.1825,-0.6876,0,-2.6632,88.9702,-0.07,1]},
{"frame":24,"values":[0.6853,0.063,-0.7255,0,0.094,0.9803,0.1739,0,-0.7222,0.1874,-0.6659,0,-1.519,89.4166,0.0031,1]},
{"frame":25,"values":[0.6643,0.0658,-0.7446,0,0.1003,0.9793,0.176,0,-0.7407,0.1916,-0.6439,0,-0.0457,88.7347,-0.0788,1]}],"loopBehavior":1,"name":"anim","property":"_matrix"}},
{"name":"Spine","index":1,"matrix":[0.9953,-0.0964,0.0116,0,0.0893,0.956,0.2794,0,-0.038,-0.277,0.9601,0,0,9.2263,1.5771,1],"rest":[1,0,0,0,0,1,0,0,0,0,1,0,0,9.2263,1.5771,1],"parentBoneIndex":0,"length":16.2548
,"animation":{"dataType":3,"framePerSecond":24,"keys":[
{"frame":1,"values":[0.9953,-0.0964,0.0116,0,0.0893,0.956,0.2794,0,-0.038,-0.277,0.9601,0,0,9.2263,1.5771,1]},
{"frame":2,"values":[0.9971,-0.0745,-0.0176,0,0.0765,0.9558,0.2839,0,-0.0044,-0.2844,0.9587,0,0,9.2263,1.5771,1]},
{"frame":3,"values":[0.9974,-0.0523,-0.0496,0,0.0645,0.9547,0.2905,0,0.0321,-0.2929,0.9556,0,0,9.2263,1.5771,1]},
{"frame":4,"values":[0.9962,-0.0321,-0.0813,0,0.0552,0.9525,0.2996,0,0.0678,-0.3029,0.9506,0,0,9.2263,1.5771,1]},
{"frame":5,"values":[0.9939,-0.0129,-0.1094,0,0.0463,0.95,0.3087,0,0.1,-0.3119,0.9448,0,0,9.2263,1.5771,1]},
{"frame":6,"values":[0.9915,0.0039,-0.1298,0,0.0377,0.9479,0.3162,0,0.1242,-0.3184,0.9398,0,0,9.2263,1.5771,1]},
{"frame":7,"values":[0.9908,-0.0168,-0.1345,0,0.0585,0.9483,0.312,0,0.1223,-0.317,0.9405,0,0,9.2263,1.5771,1]},
{"frame":8,"values":[0.9915,-0.0444,-0.1226,0,0.0803,0.9487,0.3058,0,0.1027,-0.313,0.9442,0,0,9.2263,1.5771,1]},
{"frame":9,"values":[0.9924,-0.0669,-0.1032,0,0.0952,0.9493,0.2995,0,0.078,-0.307,0.9485,0,0,9.2263,1.5771,1]},
{"frame":10,"values":[0.9932,-0.0817,-0.0826,0,0.1025,0.9507,0.2926,0,0.0546,-0.2991,0.9527,0,0,9.2263,1.5771,1]},
{"frame":11,"values":[0.994,-0.0903,-0.061,0,0.104,0.9525,0.2863,0,0.0322,-0.2909,0.9562,0,0,9.2263,1.5771,1]},
{"frame":12,"values":[0.9948,-0.0945,-0.0379,0,0.1014,0.9546,0.28,0,0.0097,-0.2824,0.9592,0,0,9.2263,1.5771,1]},
{"frame":13,"values":[0.9953,-0.0962,-0.0144,0,0.0965,0.9565,0.2753,0,-0.0127,-0.2754,0.9612,0,0,9.2263,1.5771,1]},
{"frame":14,"values":[0.9953,-0.096,0.0089,0,0.09,0.9582,0.2717,0,-0.0346,-0.2696,0.9624,0,0,9.2263,1.5771,1]},
{"frame":15,"values":[0.9948,-0.0975,0.0309,0,0.0857,0.9594,0.2686,0,-0.0558,-0.2646,0.9627,0,0,9.2263,1.5771,1]},
{"frame":16,"values":[0.9934,-0.1033,0.0503,0,0.0862,0.9597,0.2674,0,-0.0759,-0.2613,0.9623,0,0,9.2263,1.5771,1]},
{"frame":17,"values":[0.9911,-0.1152,0.0669,0,0.0934,0.9591,0.2672,0,-0.0949,-0.2586,0.9613,0,0,9.2263,1.5771,1]},
{"frame":18,"values":[0.9879,-0.1324,0.0802,0,0.1067,0.9577,0.2672,0,-0.1122,-0.2555,0.9603,0,0,9.2263,1.5771,1]},
{"frame":19,"values":[0.9879,-0.1304,0.0842,0,0.1035,0.9577,0.2687,0,-0.1157,-0.2567,0.9595,0,0,9.2263,1.5771,1]},
{"frame":20,"values":[0.99,-0.1186,0.0757,0,0.094,0.9578,0.2718,0,-0.1048,-0.262,0.9594,0,0,9.2263,1.5771,1]},
{"frame":21,"values":[0.9919,-0.1093,0.0649,0,0.0877,0.9579,0.2734,0,-0.092,-0.2655,0.9597,0,0,9.2263,1.5771,1]},
{"frame":22,"values":[0.9933,-0.1033,0.0525,0,0.0851,0.9576,0.2754,0,-0.0787,-0.269,0.9599,0,0,9.2263,1.5771,1]},
{"frame":23,"values":[0.9942,-0.1004,0.0391,0,0.0857,0.9571,0.2769,0,-0.0652,-0.272,0.9601,0,0,9.2263,1.5771,1]},
{"frame":24,"values":[0.9948,-0.0987,0.0253,0,0.0878,0.9565,0.2782,0,-0.0516,-0.2746,0.9602,0,0,9.2263,1.5771,1]},
{"frame":25,"values":[0.9953,-0.0964,0.0116,0,0.0894,0.956,0.2795,0,-0.038,-0.2771,0.9601,0,0,9.2263,1.5771,1]}],"loopBehavior":1,"name":"anim","property":"_matrix"}},
{"name":"Spine1","index":2,"matrix":[0.9867,0.1461,-0.0716,0,-0.1097,0.9224,0.3703,0,0.1202,-0.3575,0.9262,0,0,16.254,-0.1656,1],"rest":[1,0,0,0,0,1,0,0,0,0,1,0,0,16.254,-0.1656,1],"parentBoneIndex":1,"length":13.7007
,"animation":{"dataType":3,"framePerSecond":24,"keys":[
{"frame":1,"values":[0.9867,0.1461,-0.0716,0,-0.1097,0.9224,0.3703,0,0.1202,-0.3575,0.9262,0,0,16.254,-0.1656,1]},
{"frame":2,"values":[0.9865,0.1404,-0.0842,0,-0.0999,0.9236,0.3702,0,0.1297,-0.3568,0.9251,0,0,16.254,-0.1656,1]},
{"frame":3,"values":[0.9863,0.1344,-0.096,0,-0.0902,0.9251,0.3688,0,0.1383,-0.355,0.9246,0,0,16.254,-0.1656,1]},
{"frame":4,"values":[0.9857,0.1297,-0.1076,0,-0.082,0.9269,0.3662,0,0.1472,-0.3521,0.9243,0,0,16.254,-0.1656,1]},
{"frame":5,"values":[0.9849,0.1253,-0.1194,0,-0.074,0.9285,0.3639,0,0.1565,-0.3496,0.9238,0,0,16.254,-0.1656,1]},
{"frame":6,"values":[0.9841,0.1201,-0.1306,0,-0.0654,0.9298,0.3623,0,0.1649,-0.348,0.9229,0,0,16.254,-0.1656,1]},
{"frame":7,"values":[0.9844,0.1314,-0.1171,0,-0.0809,0.9286,0.3622,0,0.1563,-0.3471,0.9247,0,0,16.254,-0.1656,1]},
{"frame":8,"values":[0.9845,0.1415,-0.1035,0,-0.0952,0.9272,0.3622,0,0.1472,-0.3467,0.9263,0,0,16.254,-0.1656,1]},
{"frame":9,"values":[0.9842,0.1482,-0.0964,0,-0.1038,0.9257,0.3637,0,0.1431,-0.3479,0.9265,0,0,16.254,-0.1656,1]},
{"frame":10,"values":[0.9841,0.1517,-0.0921,0,-0.1082,0.9242,0.3664,0,0.1407,-0.3506,0.9259,0,0,16.254,-0.1656,1]},
{"frame":11,"values":[0.9843,0.1522,-0.0899,0,-0.1089,0.9229,0.3692,0,0.1392,-0.3536,0.925,0,0,16.254,-0.1656,1]},
{"frame":12,"values":[0.9844,0.1514,-0.0893,0,-0.1079,0.9218,0.3723,0,0.1387,-0.3569,0.9238,0,0,16.254,-0.1656,1]},
{"frame":13,"values":[0.9847,0.1495,-0.0894,0,-0.1058,0.9212,0.3745,0,0.1383,-0.3593,0.9229,0,0,16.254,-0.1656,1]},
{"frame":14,"values":[0.9851,0.1467,-0.0893,0,-0.103,0.9208,0.3763,0,0.1374,-0.3615,0.9222,0,0,16.254,-0.1656,1]},
{"frame":15,"values":[0.9855,0.1449,-0.0878,0,-0.1017,0.9204,0.3775,0,0.1355,-0.3631,0.9219,0,0,16.254,-0.1656,1]},
{"frame":16,"values":[0.9859,0.145,-0.0838,0,-0.1032,0.9201,0.3779,0,0.1319,-0.364,0.922,0,0,16.254,-0.1656,1]},
{"frame":17,"values":[0.986,0.1485,-0.0763,0,-0.1092,0.9194,0.3779,0,0.1263,-0.3642,0.9227,0,0,16.254,-0.1656,1]},
{"frame":18,"values":[0.9858,0.1547,-0.0653,0,-0.1191,0.9184,0.3773,0,0.1183,-0.3642,0.9238,0,0,16.254,-0.1656,1]},
{"frame":19,"values":[0.9859,0.1526,-0.069,0,-0.116,0.9195,0.3755,0,0.1208,-0.3622,0.9242,0,0,16.254,-0.1656,1]},
{"frame":20,"values":[0.9864,0.1475,-0.0722,0,-0.1105,0.9213,0.3729,0,0.1216,-0.3599,0.9251,0,0,16.254,-0.1656,1]},
{"frame":21,"values":[0.9868,0.1448,-0.0731,0,-0.1078,0.922,0.3719,0,0.1213,-0.3591,0.9254,0,0,16.254,-0.1656,1]},
{"frame":22,"values":[0.9868,0.1445,-0.0727,0,-0.1077,0.9223,0.3711,0,0.1207,-0.3584,0.9257,0,0,16.254,-0.1656,1]},
{"frame":23,"values":[0.9868,0.1451,-0.0719,0,-0.1086,0.9224,0.3707,0,0.1201,-0.358,0.9259,0,0,16.254,-0.1656,1]},
{"frame":24,"values":[0.9868,0.1456,-0.0715,0,-0.1092,0.9225,0.3703,0,0.1199,-0.3575,0.9262,0,0,16.254,-0.1656,1]},
{"frame":25,"values":[0.9867,0.1461,-0.0717,0,-0.1096,0.9223,0.3705,0,0.1203,-0.3577,0.9261,0,0,16.254,-0.1656,1]}],"loopBehavior":1,"name":"anim","property":"_matrix"}},
{"name":"Spine2","index":3,"matrix":[0.9667,0.2158,-0.1372,0,-0.1631,0.9336,0.3192,0,0.197,-0.2862,0.9377,0,0,13.6396,-1.2923,1],"rest":[1,0,0,0,0,1,0,0,0,0,1,0,0,13.6396,-1.2923,1],"parentBoneIndex":2,"length":13.1719
,"animation":{"dataType":3,"framePerSecond":24,"keys":[
{"frame":1,"values":[0.9667,0.2158,-0.1372,0,-0.1631,0.9336,0.3192,0,0.197,-0.2862,0.9377,0,0,13.6396,-1.2923,1]},
{"frame":2,"values":[0.9674,0.2066,-0.1463,0,-0.151,0.9349,0.3213,0,0.2031,-0.2887,0.9356,0,0,13.6396,-1.2923,1]},
{"frame":3,"values":[0.9681,0.1972,-0.1547,0,-0.1392,0.9364,0.3221,0,0.2083,-0.2903,0.934,0,0,13.6396,-1.2923,1]},
{"frame":4,"values":[0.9683,0.1886,-0.1637,0,-0.1283,0.938,0.3219,0,0.2143,-0.2907,0.9325,0,0,13.6396,-1.2923,1]},
{"frame":5,"values":[0.9682,0.1805,-0.173,0,-0.1176,0.9394,0.322,0,0.2207,-0.2914,0.9308,0,0,13.6396,-1.2923,1]},
{"frame":6,"values":[0.9682,0.1722,-0.1813,0,-0.1068,0.9404,0.3229,0,0.2261,-0.2932,0.9289,0,0,13.6396,-1.2923,1]},
{"frame":7,"values":[0.9667,0.1875,-0.1742,0,-0.1247,0.9395,0.3191,0,0.2235,-0.2868,0.9316,0,0,13.6396,-1.2923,1]},
{"frame":8,"values":[0.9652,0.2016,-0.1665,0,-0.1415,0.9382,0.3159,0,0.2199,-0.2814,0.9341,0,0,13.6396,-1.2923,1]},
{"frame":9,"values":[0.9641,0.2102,-0.1624,0,-0.151,0.9367,0.3159,0,0.2185,-0.28,0.9348,0,0,13.6396,-1.2923,1]},
{"frame":10,"values":[0.9636,0.2147,-0.1591,0,-0.1558,0.9352,0.3181,0,0.2171,-0.2817,0.9346,0,0,13.6396,-1.2923,1]},
{"frame":11,"values":[0.9638,0.2158,-0.1564,0,-0.157,0.934,0.3208,0,0.2153,-0.2846,0.9342,0,0,13.6396,-1.2923,1]},
{"frame":12,"values":[0.9643,0.215,-0.1545,0,-0.1561,0.933,0.3241,0,0.2138,-0.2885,0.9333,0,0,13.6396,-1.2923,1]},
{"frame":13,"values":[0.965,0.2131,-0.1532,0,-0.1541,0.9325,0.3266,0,0.2124,-0.2916,0.9327,0,0,13.6396,-1.2923,1]},
{"frame":14,"values":[0.9658,0.2106,-0.1515,0,-0.1517,0.9322,0.3286,0,0.2105,-0.2944,0.9322,0,0,13.6396,-1.2923,1]},
{"frame":15,"values":[0.9664,0.2093,-0.1492,0,-0.151,0.9319,0.3297,0,0.2081,-0.2961,0.9322,0,0,13.6396,-1.2923,1]},
{"frame":16,"values":[0.9665,0.211,-0.1458,0,-0.1537,0.9316,0.3294,0,0.2054,-0.296,0.9329,0,0,13.6396,-1.2923,1]},
{"frame":17,"values":[0.9661,0.2166,-0.1407,0,-0.161,0.9309,0.328,0,0.202,-0.2942,0.9341,0,0,13.6396,-1.2923,1]},
{"frame":18,"values":[0.9651,0.2256,-0.1331,0,-0.1724,0.9296,0.3257,0,0.1973,-0.2914,0.9361,0,0,13.6396,-1.2923,1]},
{"frame":19,"values":[0.9655,0.2219,-0.136,0,-0.1682,0.9308,0.3246,0,0.1986,-0.2906,0.936,0,0,13.6396,-1.2923,1]},
{"frame":20,"values":[0.9665,0.2165,-0.1378,0,-0.1629,0.9325,0.3223,0,0.1983,-0.2891,0.9365,0,0,13.6396,-1.2923,1]},
{"frame":21,"values":[0.967,0.2142,-0.138,0,-0.1608,0.9332,0.3213,0,0.1976,-0.2885,0.9369,0,0,13.6396,-1.2923,1]},
{"frame":22,"values":[0.9671,0.214,-0.1377,0,-0.161,0.9335,0.3203,0,0.1971,-0.2876,0.9372,0,0,13.6396,-1.2923,1]},
{"frame":23,"values":[0.967,0.2148,-0.1372,0,-0.162,0.9335,0.3198,0,0.1968,-0.287,0.9375,0,0,13.6396,-1.2923,1]},
{"frame":24,"values":[0.9669,0.2154,-0.137,0,-0.1627,0.9336,0.3192,0,0.1967,-0.2863,0.9377,0,0,13.6396,-1.2923,1]},
{"frame":25,"values":[0.9667,0.2158,-0.1373,0,-0.163,0.9335,0.3194,0,0.1971,-0.2864,0.9376,0,0,13.6396,-1.2923,1]}],"loopBehavior":1,"name":"anim","property":"_matrix"}},
{"name":"Neck","index":4,"matrix":[0.9979,-0.004,-0.0651,0,-0.0027,0.9947,-0.1024,0,0.0652,0.1024,0.9926,0,0,13.8774,-4.3542,1],"rest":[1,0,0,0,0,1,0,0,0,0,1,0,0,13.8774,-4.3542,1],"parentBoneIndex":3,"length":4.4379
,"animation":{"dataType":3,"framePerSecond":24,"keys":[
{"frame":1,"values":[0.9979,-0.004,-0.0651,0,-0.0027,0.9947,-0.1024,0,0.0652,0.1024,0.9926,0,0,13.8774,-4.3542,1]},
{"frame":2,"values":[0.9975,-0.0032,-0.0702,0,-0.004,0.9947,-0.1026,0,0.0702,0.1027,0.9922,0,0,13.8774,-4.3542,1]},
{"frame":3,"values":[0.9971,-0.0022,-0.0766,0,-0.0057,0.9947,-0.1029,0,0.0764,0.1031,0.9917,0,0,13.8774,-4.3542,1]},
{"frame":4,"values":[0.9965,-0.0012,-0.083,0,-0.0074,0.9946,-0.1032,0,0.0827,0.1035,0.9912,0,0,13.8774,-4.3542,1]},
{"frame":5,"values":[0.9961,-0.0005,-0.0881,0,-0.0087,0.9946,-0.1034,0,0.0877,0.1038,0.9907,0,0,13.8774,-4.3542,1]},
{"frame":6,"values":[0.9959,-0.0001,-0.0905,0,-0.0093,0.9946,-0.1035,0,0.09,0.1039,0.9905,0,0,13.8774,-4.3542,1]},
{"frame":7,"values":[0.9959,-0.0001,-0.0901,0,-0.0092,0.9946,-0.1035,0,0.0896,0.1039,0.9905,0,0,13.8774,-4.3542,1]},
{"frame":8,"values":[0.9961,-0.0005,-0.088,0,-0.0087,0.9946,-0.1034,0,0.0876,0.1038,0.9907,0,0,13.8774,-4.3542,1]},
{"frame":9,"values":[0.9964,-0.0009,-0.0849,0,-0.0079,0.9946,-0.1033,0,0.0846,0.1036,0.991,0,0,13.8774,-4.3542,1]},
{"frame":10,"values":[0.9967,-0.0015,-0.081,0,-0.0068,0.9946,-0.1031,0,0.0807,0.1033,0.9914,0,0,13.8774,-4.3542,1]},
{"frame":11,"values":[0.9971,-0.0022,-0.0766,0,-0.0057,0.9947,-0.1029,0,0.0764,0.1031,0.9917,0,0,13.8774,-4.3542,1]},
{"frame":12,"values":[0.9974,-0.0029,-0.0721,0,-0.0045,0.9947,-0.1027,0,0.072,0.1028,0.9921,0,0,13.8774,-4.3542,1]},
{"frame":13,"values":[0.9977,-0.0036,-0.0679,0,-0.0034,0.9947,-0.1025,0,0.0679,0.1025,0.9924,0,0,13.8774,-4.3542,1]},
{"frame":14,"values":[0.9979,-0.0042,-0.0641,0,-0.0024,0.9947,-0.1024,0,0.0641,0.1023,0.9927,0,0,13.8774,-4.3542,1]},
{"frame":15,"values":[0.9982,-0.0047,-0.0605,0,-0.0015,0.9948,-0.1022,0,0.0607,0.1021,0.9929,0,0,13.8774,-4.3542,1]},
{"frame":16,"values":[0.9983,-0.0052,-0.0575,0,-0.0007,0.9948,-0.1021,0,0.0577,0.102,0.9931,0,0,13.8774,-4.3542,1]},
{"frame":17,"values":[0.9985,-0.0055,-0.0552,0,-0.0001,0.9948,-0.102,0,0.0555,0.1019,0.9932,0,0,13.8774,-4.3542,1]},
{"frame":18,"values":[0.9985,-0.0057,-0.054,0,0.0002,0.9948,-0.102,0,0.0543,0.1018,0.9933,0,0,13.8774,-4.3542,1]},
{"frame":19,"values":[0.9985,-0.0057,-0.0536,0,0.0002,0.9948,-0.102,0,0.0539,0.1018,0.9933,0,0,13.8774,-4.3542,1]},
{"frame":20,"values":[0.9985,-0.0057,-0.0538,0,0.0002,0.9948,-0.102,0,0.0541,0.1018,0.9933,0,0,13.8774,-4.3542,1]},
{"frame":21,"values":[0.9985,-0.0056,-0.0546,0,0,0.9948,-0.102,0,0.0549,0.1018,0.9933,0,0,13.8774,-4.3542,1]},
{"frame":22,"values":[0.9984,-0.0054,-0.0561,0,-0.0004,0.9948,-0.102,0,0.0564,0.1019,0.9932,0,0,13.8774,-4.3542,1]},
{"frame":23,"values":[0.9983,-0.005,-0.0583,0,-0.0009,0.9948,-0.1021,0,0.0585,0.102,0.9931,0,0,13.8774,-4.3542,1]},
{"frame":24,"values":[0.9981,-0.0046,-0.0613,0,-0.0017,0.9948,-0.1022,0,0.0615,0.1022,0.9929,0,0,13.8774,-4.3542,1]},
{"frame":25,"values":[0.9979,-0.004,-0.0651,0,-0.0027,0.9947,-0.1024,0,0.0652,0.1024,0.9926,0,0,13.8774,-4.3542,1]}],"loopBehavior":1,"name":"anim","property":"_matrix"}},
{"name":"Neck1","index":5,"matrix":[1,0,0,0,0,1,0,0,0,0,1,0,0,4.34,0.9269,1],"rest":[1,0,0,0,0,1,0,0,0,0,1,0,0,4.34,0.9269,1],"parentBoneIndex":4,"length":6.2291
,"animation":{"dataType":3,"framePerSecond":24,"keys":[
{"frame":1,"values":[1,0,0,0,0,1,0,0,0,0,1,0,0,4.34,0.9269,1]},
{"frame":25,"values":[1,0,0,0,0,1,0,0,0,0,1,0,0,4.34,0.9269,1]}],"loopBehavior":1,"name":"anim","property":"_matrix"}},
{"name":"Head","index":6,"matrix":[0.8503,-0.2534,-0.4612,0,0.1971,0.966,-0.1674,0,0.488,0.0514,0.8714,0,0,4.0266,0.8585,1],"rest":[1,0,0,0,0,1,0,0,0,0,1,0,0,4.0266,0.8585,1],"parentBoneIndex":5,"length":14.8424
,"animation":{"dataType":3,"framePerSecond":24,"keys":[
{"frame":1,"values":[0.8503,-0.2534,-0.4612,0,0.1971,0.966,-0.1674,0,0.488,0.0514,0.8714,0,0,4.0266,0.8585,1]},
{"frame":2,"values":[0.8458,-0.2528,-0.4698,0,0.1943,0.9661,-0.1699,0,0.4968,0.0524,0.8663,0,0,4.0266,0.8585,1]},
{"frame":3,"values":[0.84,-0.252,-0.4805,0,0.1908,0.9662,-0.1731,0,0.5079,0.0537,0.8598,0,0,4.0266,0.8585,1]},
{"frame":4,"values":[0.8341,-0.2512,-0.4911,0,0.1873,0.9664,-0.1762,0,0.5188,0.055,0.8531,0,0,4.0266,0.8585,1]},
{"frame":5,"values":[0.8293,-0.2506,-0.4995,0,0.1844,0.9665,-0.1787,0,0.5275,0.0561,0.8477,0,0,4.0266,0.8585,1]},
{"frame":6,"values":[0.827,-0.2502,-0.5034,0,0.183,0.9665,-0.1799,0,0.5316,0.0567,0.8451,0,0,4.0266,0.8585,1]},
{"frame":7,"values":[0.8274,-0.2503,-0.5027,0,0.1832,0.9665,-0.1797,0,0.5308,0.0566,0.8456,0,0,4.0266,0.8585,1]},
{"frame":8,"values":[0.8294,-0.2505,-0.4993,0,0.1843,0.9665,-0.1787,0,0.5274,0.0562,0.8478,0,0,4.0266,0.8585,1]},
{"frame":9,"values":[0.8324,-0.2509,-0.4942,0,0.1861,0.9664,-0.1772,0,0.5221,0.0555,0.8511,0,0,4.0266,0.8585,1]},
{"frame":10,"values":[0.836,-0.2514,-0.4877,0,0.1884,0.9663,-0.1752,0,0.5153,0.0546,0.8553,0,0,4.0266,0.8585,1]},
{"frame":11,"values":[0.84,-0.252,-0.4804,0,0.1909,0.9662,-0.1731,0,0.5078,0.0537,0.8598,0,0,4.0266,0.8585,1]},
{"frame":12,"values":[0.8441,-0.2526,-0.473,0,0.1934,0.9661,-0.1708,0,0.5001,0.0527,0.8644,0,0,4.0266,0.8585,1]},
{"frame":13,"values":[0.8479,-0.2532,-0.4659,0,0.1958,0.966,-0.1687,0,0.4928,0.0518,0.8686,0,0,4.0266,0.8585,1]},
{"frame":14,"values":[0.8512,-0.2537,-0.4594,0,0.1979,0.9659,-0.1667,0,0.4861,0.051,0.8724,0,0,4.0266,0.8585,1]},
{"frame":15,"values":[0.8543,-0.2542,-0.4534,0,0.1998,0.9658,-0.1649,0,0.4798,0.0503,0.8759,0,0,4.0266,0.8585,1]},
{"frame":16,"values":[0.8569,-0.2546,-0.4483,0,0.2015,0.9658,-0.1634,0,0.4745,0.0497,0.8788,0,0,4.0266,0.8585,1]},
{"frame":17,"values":[0.8588,-0.2549,-0.4444,0,0.2027,0.9657,-0.1623,0,0.4705,0.0493,0.881,0,0,4.0266,0.8585,1]},
{"frame":18,"values":[0.8598,-0.255,-0.4423,0,0.2033,0.9657,-0.1617,0,0.4684,0.0491,0.8822,0,0,4.0266,0.8585,1]},
{"frame":19,"values":[0.8602,-0.2551,-0.4417,0,0.2034,0.9657,-0.1615,0,0.4677,0.0491,0.8825,0,0,4.0266,0.8585,1]},
{"frame":20,"values":[0.86,-0.2551,-0.442,0,0.2033,0.9657,-0.1616,0,0.4681,0.0491,0.8823,0,0,4.0266,0.8585,1]},
{"frame":21,"values":[0.8593,-0.255,-0.4434,0,0.203,0.9657,-0.162,0,0.4695,0.0492,0.8816,0,0,4.0266,0.8585,1]},
{"frame":22,"values":[0.858,-0.2548,-0.4459,0,0.2022,0.9657,-0.1628,0,0.4721,0.0495,0.8801,0,0,4.0266,0.8585,1]},
{"frame":23,"values":[0.8562,-0.2545,-0.4497,0,0.201,0.9658,-0.1638,0,0.476,0.0499,0.878,0,0,4.0266,0.8585,1]},
{"frame":24,"values":[0.8536,-0.2541,-0.4548,0,0.1994,0.9659,-0.1653,0,0.4813,0.0504,0.8751,0,0,4.0266,0.8585,1]},
{"frame":25,"values":[0.8502,-0.2536,-0.4613,0,0.1974,0.966,-0.1672,0,0.488,0.0511,0.8714,0,0,4.0266,0.8585,1]}],"loopBehavior":1,"name":"anim","property":"_matrix"}},
{"name":"L_Ear","index":7,"matrix":[1,0,0,0,0,1,0,0,0,0,1,0,6.8586,8.862,3.3161,1],"rest":[1,0,0,0,0,1,0,0,0,0,1,0,6.8586,8.862,3.3161,1],"parentBoneIndex":6,"length":14.8424
,"animation":{"dataType":3,"framePerSecond":24,"keys":[
{"frame":1,"values":[1,0,0,0,0,1,0,0,0,0,1,0,6.8586,8.862,3.3161,1]},
{"frame":25,"values":[1,0,0,0,0,1,0,0,0,0,1,0,6.8586,8.862,3.3161,1]}],"loopBehavior":1,"name":"anim","property":"_matrix"}},
{"name":"Jaw","index":8,"matrix":[1,0,0,0,0,1,0,0,0,0,1,0,0.0038,6.235,4.4131,1],"rest":[1,0,0,0,0,1,0,0,0,0,1,0,0.0038,6.235,4.4131,1],"parentBoneIndex":6,"length":8.9884
,"animation":{"dataType":3,"framePerSecond":24,"keys":[
{"frame":1,"values":[1,0,0,0,0,1,0,0,0,0,1,0,0.0038,6.235,4.4131,1]},
{"frame":25,"values":[1,0,0,0,0,1,0,0,0,0,1,0,0.0038,6.235,4.4131,1]}],"loopBehavior":1,"name":"anim","property":"_matrix"}},
{"name":"TongueBack","index":9,"matrix":[1,0,0,0,0,1,0,0,0,0,1,0,0,-3.3518,4.6468,1],"rest":[1,0,0,0,0,1,0,0,0,0,1,0,0,-3.3518,4.6468,1],"parentBoneIndex":8,"length":1.6664
,"animation":{"dataType":3,"framePerSecond":24,"keys":[
{"frame":1,"values":[1,0,0,0,0,1,0,0,0,0,1,0,0,-3.3518,4.6468,1]},
{"frame":25,"values":[1,0,0,0,0,1,0,0,0,0,1,0,0,-3.3518,4.6468,1]}],"loopBehavior":1,"name":"anim","property":"_matrix"}},
{"name":"TongueMid","index":10,"matrix":[1,0,0,0,0,1,0,0,0,0,1,0,0,0.0424,1.6659,1],"rest":[1,0,0,0,0,1,0,0,0,0,1,0,0,0.0424,1.6659,1],"parentBoneIndex":9,"length":1.3562
,"animation":{"dataType":3,"framePerSecond":24,"keys":[
{"frame":1,"values":[1,0,0,0,0,1,0,0,0,0,1,0,0,0.0424,1.6659,1]},
{"frame":25,"values":[1,0,0,0,0,1,0,0,0,0,1,0,0,0.0424,1.6659,1]}],"loopBehavior":1,"name":"anim","property":"_matrix"}},
{"name":"TongueTip","index":11,"matrix":[1,0,0,0,0,1,0,0,0,0,1,0,0,-0.4344,1.2847,1],"rest":[1,0,0,0,0,1,0,0,0,0,1,0,0,-0.4344,1.2847,1],"parentBoneIndex":10,"length":1.3562
,"animation":{"dataType":3,"framePerSecond":24,"keys":[
{"frame":1,"values":[1,0,0,0,0,1,0,0,0,0,1,0,0,-0.4344,1.2847,1]},
{"frame":25,"values":[1,0,0,0,0,1,0,0,0,0,1,0,0,-0.4344,1.2847,1]}],"loopBehavior":1,"name":"anim","property":"_matrix"}},
{"name":"Chin","index":12,"matrix":[1,0,0,0,0,1,0,0,0,0,1,0,-0.0038,-6.1605,9.1241,1],"rest":[1,0,0,0,0,1,0,0,0,0,1,0,-0.0038,-6.1605,9.1241,1],"parentBoneIndex":8,"length":8.9884
,"animation":{"dataType":3,"framePerSecond":24,"keys":[
{"frame":1,"values":[1,0,0,0,0,1,0,0,0,0,1,0,-0.0038,-6.1605,9.1241,1]},
{"frame":25,"values":[1,0,0,0,0,1,0,0,0,0,1,0,-0.0038,-6.1605,9.1241,1]}],"loopBehavior":1,"name":"anim","property":"_matrix"}},
{"name":"LowerChin","index":13,"matrix":[1,0,0,0,0,1,0,0,0,0,1,0,-0.0038,-8.2784,6.0042,1],"rest":[1,0,0,0,0,1,0,0,0,0,1,0,-0.0038,-8.2784,6.0042,1],"parentBoneIndex":8,"length":8.9884
,"animation":{"dataType":3,"framePerSecond":24,"keys":[
{"frame":1,"values":[1,0,0,0,0,1,0,0,0,0,1,0,-0.0038,-8.2784,6.0042,1]},
{"frame":25,"values":[1,0,0,0,0,1,0,0,0,0,1,0,-0.0038,-8.2784,6.0042,1]}],"loopBehavior":1,"name":"anim","property":"_matrix"}},
{"name":"L_Temple","index":14,"matrix":[1,0,0,0,0,1,0,0,0,0,1,0,6.7164,11.953,7.4033,1],"rest":[1,0,0,0,0,1,0,0,0,0,1,0,6.7164,11.953,7.4033,1],"parentBoneIndex":6,"length":14.8424
,"animation":{"dataType":3,"framePerSecond":24,"keys":[
{"frame":1,"values":[1,0,0,0,0,1,0,0,0,0,1,0,6.7164,11.953,7.4033,1]},
{"frame":14,"values":[1,0,0,0,0,1,0,0,0,0,1,0,6.7164,11.9531,7.4033,1]},
{"frame":15,"values":[1,0,0,0,0,1,0,0,0,0,1,0,6.7164,11.953,7.4033,1]},
{"frame":25,"values":[1,0,0,0,0,1,0,0,0,0,1,0,6.7164,11.953,7.4033,1]}],"loopBehavior":1,"name":"anim","property":"_matrix"}},
{"name":"L_IOuterBrow","index":15,"matrix":[1,0,0,0,0,1,0,0,0,0,1,0,5.185,11.3348,12.3701,1],"rest":[1,0,0,0,0,1,0,0,0,0,1,0,5.185,11.3348,12.3701,1],"parentBoneIndex":6,"length":14.8424
,"animation":{"dataType":3,"framePerSecond":24,"keys":[
{"frame":1,"values":[1,0,0,0,0,1,0,0,0,0,1,0,5.185,11.3348,12.3701,1]},
{"frame":25,"values":[1,0,0,0,0,1,0,0,0,0,1,0,5.185,11.3348,12.3701,1]}],"loopBehavior":1,"name":"anim","property":"_matrix"}},
{"name":"L_MidBrow","index":16,"matrix":[1,0,0,0,0,1,0,0,0,0,1,0,3.3668,11.4156,13.6166,1],"rest":[1,0,0,0,0,1,0,0,0,0,1,0,3.3668,11.4156,13.6166,1],"parentBoneIndex":6,"length":14.8424
,"animation":{"dataType":3,"framePerSecond":24,"keys":[
{"frame":1,"values":[1,0,0,0,0,1,0,0,0,0,1,0,3.3668,11.4156,13.6166,1]},
{"frame":25,"values":[1,0,0,0,0,1,0,0,0,0,1,0,3.3668,11.4156,13.6166,1]}],"loopBehavior":1,"name":"anim","property":"_matrix"}},
{"name":"L_InnerBrow","index":17,"matrix":[1,0,0,0,0,1,0,0,0,0,1,0,1.6599,10.7576,14.115,1],"rest":[1,0,0,0,0,1,0,0,0,0,1,0,1.6599,10.7576,14.115,1],"parentBoneIndex":6,"length":14.8424
,"animation":{"dataType":3,"framePerSecond":24,"keys":[
{"frame":1,"values":[1,0,0,0,0,1,0,0,0,0,1,0,1.6599,10.7576,14.115,1]},
{"frame":25,"values":[1,0,0,0,0,1,0,0,0,0,1,0,1.6599,10.7576,14.115,1]}],"loopBehavior":1,"name":"anim","property":"_matrix"}},
{"name":"L_Eye","index":18,"matrix":[1,0,0,0,0,1,0,0,0,0,1,0,3.0989,9.6989,11.4382,1],"rest":[1,0,0,0,0,1,0,0,0,0,1,0,3.0989,9.6989,11.4382,1],"parentBoneIndex":6,"length":14.8424
,"animation":{"dataType":3,"framePerSecond":24,"keys":[
{"frame":1,"values":[1,0,0,0,0,1,0,0,0,0,1,0,3.0989,9.6989,11.4382,1]},
{"frame":25,"values":[1,0,0,0,0,1,0,0,0,0,1,0,3.0989,9.6989,11.4382,1]}],"loopBehavior":1,"name":"anim","property":"_matrix"}},
{"name":"L_EyelidLower","index":19,"matrix":[1,0,0,0,0,1,0,0,0,0,1,0,3.0989,9.6989,11.4382,1],"rest":[1,0,0,0,0,1,0,0,0,0,1,0,3.0989,9.6989,11.4382,1],"parentBoneIndex":6,"length":14.8424
,"animation":{"dataType":3,"framePerSecond":24,"keys":[
{"frame":1,"values":[1,0,0,0,0,1,0,0,0,0,1,0,3.0989,9.6989,11.4382,1]},
{"frame":25,"values":[1,0,0,0,0,1,0,0,0,0,1,0,3.0989,9.6989,11.4382,1]}],"loopBehavior":1,"name":"anim","property":"_matrix"}},
{"name":"L_EyelidUpper","index":20,"matrix":[1,0,0,0,0,1,0,0,0,0,1,0,3.0989,9.6989,11.4382,1],"rest":[1,0,0,0,0,1,0,0,0,0,1,0,3.0989,9.6989,11.4382,1],"parentBoneIndex":6,"length":14.8424
,"animation":{"dataType":3,"framePerSecond":24,"keys":[
{"frame":1,"values":[1,0,0,0,0,1,0,0,0,0,1,0,3.0989,9.6989,11.4382,1]},
{"frame":25,"values":[1,0,0,0,0,1,0,0,0,0,1,0,3.0989,9.6989,11.4382,1]}],"loopBehavior":1,"name":"anim","property":"_matrix"}},
{"name":"L_InnerCheek","index":21,"matrix":[1,0,0,0,0,1,0,0,0,0,1,0,2.1484,7.4937,13.4347,1],"rest":[1,0,0,0,0,1,0,0,0,0,1,0,2.1484,7.4937,13.4347,1],"parentBoneIndex":6,"length":14.8424
,"animation":{"dataType":3,"framePerSecond":24,"keys":[
{"frame":1,"values":[1,0,0,0,0,1,0,0,0,0,1,0,2.1484,7.4937,13.4347,1]},
{"frame":25,"values":[1,0,0,0,0,1,0,0,0,0,1,0,2.1484,7.4937,13.4347,1]}],"loopBehavior":1,"name":"anim","property":"_matrix"}},
{"name":"L_LowerCheek","index":22,"matrix":[1,0,0,0,0,1,0,0,0,0,1,0,4.3527,2.5675,9.9423,1],"rest":[1,0,0,0,0,1,0,0,0,0,1,0,4.3527,2.5675,9.9423,1],"parentBoneIndex":6,"length":14.8424
,"animation":{"dataType":3,"framePerSecond":24,"keys":[
{"frame":1,"values":[1,0,0,0,0,1,0,0,0,0,1,0,4.3527,2.5675,9.9423,1]},
{"frame":25,"values":[1,0,0,0,0,1,0,0,0,0,1,0,4.3527,2.5675,9.9423,1]}],"loopBehavior":1,"name":"anim","property":"_matrix"}},
{"name":"L_LipCorner","index":23,"matrix":[1,0,0,0,0,1,0,0,0,0,1,0,2.9076,2.9095,12.5938,1],"rest":[1,0,0,0,0,1,0,0,0,0,1,0,2.9076,2.9095,12.5938,1],"parentBoneIndex":6,"length":0.9548
,"animation":{"dataType":3,"framePerSecond":24,"keys":[
{"frame":1,"values":[1,0,0,0,0,1,0,0,0,0,1,0,2.9076,2.9095,12.5938,1]},
{"frame":25,"values":[1,0,0,0,0,1,0,0,0,0,1,0,2.9076,2.9095,12.5938,1]}],"loopBehavior":1,"name":"anim","property":"_matrix"}},
{"name":"L_LipCornerLowTweak","index":24,"matrix":[1,0,0,0,0,1,0,0,0,0,1,0,-0.8072,-0.3254,0.4547,1],"rest":[1,0,0,0,0,1,0,0,0,0,1,0,-0.8072,-0.3254,0.4547,1],"parentBoneIndex":23,"length":0.9548
,"animation":{"dataType":3,"framePerSecond":24,"keys":[
{"frame":1,"values":[1,0,0,0,0,1,0,0,0,0,1,0,-0.8072,-0.3254,0.4547,1]},
{"frame":25,"values":[1,0,0,0,0,1,0,0,0,0,1,0,-0.8072,-0.3254,0.4547,1]}],"loopBehavior":1,"name":"anim","property":"_matrix"}},
{"name":"L_LipCornerUpTweak","index":25,"matrix":[1,0,0,0,0,1,0,0,0,0,1,0,-0.7251,0.0237,0.5782,1],"rest":[1,0,0,0,0,1,0,0,0,0,1,0,-0.7251,0.0237,0.5782,1],"parentBoneIndex":23,"length":0.9548
,"animation":{"dataType":3,"framePerSecond":24,"keys":[
{"frame":1,"values":[1,0,0,0,0,1,0,0,0,0,1,0,-0.7251,0.0237,0.5782,1]},
{"frame":25,"values":[1,0,0,0,0,1,0,0,0,0,1,0,-0.7251,0.0237,0.5782,1]}],"loopBehavior":1,"name":"anim","property":"_matrix"}},
{"name":"L_LipLower","index":26,"matrix":[1,0,0,0,0,1,0,0,0,0,1,0,1.2586,2.3762,13.5915,1],"rest":[1,0,0,0,0,1,0,0,0,0,1,0,1.2586,2.3762,13.5915,1],"parentBoneIndex":6,"length":14.8424
,"animation":{"dataType":3,"framePerSecond":24,"keys":[
{"frame":1,"values":[1,0,0,0,0,1,0,0,0,0,1,0,1.2586,2.3762,13.5915,1]},
{"frame":25,"values":[1,0,0,0,0,1,0,0,0,0,1,0,1.2586,2.3762,13.5915,1]}],"loopBehavior":1,"name":"anim","property":"_matrix"}},
{"name":"L_LipUpper","index":27,"matrix":[1,0,0,0,0,1,0,0,0,0,1,0,1.2981,3.1535,13.8987,1],"rest":[1,0,0,0,0,1,0,0,0,0,1,0,1.2981,3.1535,13.8987,1],"parentBoneIndex":6,"length":14.8424
,"animation":{"dataType":3,"framePerSecond":24,"keys":[
{"frame":1,"values":[1,0,0,0,0,1,0,0,0,0,1,0,1.2981,3.1535,13.8987,1]},
{"frame":25,"values":[1,0,0,0,0,1,0,0,0,0,1,0,1.2981,3.1535,13.8987,1]}],"loopBehavior":1,"name":"anim","property":"_matrix"}},
{"name":"LipMidLower","index":28,"matrix":[1,0,0,0,0,1,0,0,0,0,1,0,0,2.4182,14.0113,1],"rest":[1,0,0,0,0,1,0,0,0,0,1,0,0,2.4182,14.0113,1],"parentBoneIndex":6,"length":14.8424
,"animation":{"dataType":3,"framePerSecond":24,"keys":[
{"frame":1,"values":[1,0,0,0,0,1,0,0,0,0,1,0,0,2.4182,14.0113,1]},
{"frame":25,"values":[1,0,0,0,0,1,0,0,0,0,1,0,0,2.4182,14.0113,1]}],"loopBehavior":1,"name":"anim","property":"_matrix"}},
{"name":"LipMidUpper","index":29,"matrix":[1,0,0,0,0,1,0,0,0,0,1,0,0,3.2177,14.3127,1],"rest":[1,0,0,0,0,1,0,0,0,0,1,0,0,3.2177,14.3127,1],"parentBoneIndex":6,"length":14.8424
,"animation":{"dataType":3,"framePerSecond":24,"keys":[
{"frame":1,"values":[1,0,0,0,0,1,0,0,0,0,1,0,0,3.2177,14.3127,1]},
{"frame":25,"values":[1,0,0,0,0,1,0,0,0,0,1,0,0,3.2177,14.3127,1]}],"loopBehavior":1,"name":"anim","property":"_matrix"}},
{"name":"L_CheekFold","index":30,"matrix":[1,0,0,0,0,1,0,0,0,0,1,0,2.8997,4.8397,12.9905,1],"rest":[1,0,0,0,0,1,0,0,0,0,1,0,2.8997,4.8397,12.9905,1],"parentBoneIndex":6,"length":14.8424
,"animation":{"dataType":3,"framePerSecond":24,"keys":[
{"frame":1,"values":[1,0,0,0,0,1,0,0,0,0,1,0,2.8997,4.8397,12.9905,1]},
{"frame":25,"values":[1,0,0,0,0,1,0,0,0,0,1,0,2.8997,4.8397,12.9905,1]}],"loopBehavior":1,"name":"anim","property":"_matrix"}},
{"name":"L_Nostril","index":31,"matrix":[1,0,0,0,0,1,0,0,0,0,1,0,1.2793,5.2449,14.0405,1],"rest":[1,0,0,0,0,1,0,0,0,0,1,0,1.2793,5.2449,14.0405,1],"parentBoneIndex":6,"length":14.8424
,"animation":{"dataType":3,"framePerSecond":24,"keys":[
{"frame":1,"values":[1,0,0,0,0,1,0,0,0,0,1,0,1.2793,5.2449,14.0405,1]},
{"frame":25,"values":[1,0,0,0,0,1,0,0,0,0,1,0,1.2793,5.2449,14.0405,1]}],"loopBehavior":1,"name":"anim","property":"_matrix"}},
{"name":"Scalp","index":32,"matrix":[1,0,0,0,0,1,0,0,0,0,1,0,0.0038,15.512,8.5871,1],"rest":[1,0,0,0,0,1,0,0,0,0,1,0,0.0038,15.512,8.5871,1],"parentBoneIndex":6,"length":14.8424
,"animation":{"dataType":3,"framePerSecond":24,"keys":[
{"frame":1,"values":[1,0,0,0,0,1,0,0,0,0,1,0,0.0038,15.512,8.5871,1]},
{"frame":25,"values":[1,0,0,0,0,1,0,0,0,0,1,0,0.0038,15.512,8.5871,1]}],"loopBehavior":1,"name":"anim","property":"_matrix"}},
{"name":"L_OuterCheek","index":33,"matrix":[1,0,0,0,0,1,0,0,0,0,1,0,4.805,7.1686,11.679,1],"rest":[1,0,0,0,0,1,0,0,0,0,1,0,4.805,7.1686,11.679,1],"parentBoneIndex":6,"length":14.8424
,"animation":{"dataType":3,"framePerSecond":24,"keys":[
{"frame":1,"values":[1,0,0,0,0,1,0,0,0,0,1,0,4.805,7.1686,11.679,1]},
{"frame":25,"values":[1,0,0,0,0,1,0,0,0,0,1,0,4.805,7.1686,11.679,1]}],"loopBehavior":1,"name":"anim","property":"_matrix"}},
{"name":"R_LipLower","index":34,"matrix":[1,0,0,0,0,1,0,0,0,0,1,0,-1.2586,2.3762,13.5915,1],"rest":[1,0,0,0,0,1,0,0,0,0,1,0,-1.2586,2.3762,13.5915,1],"parentBoneIndex":6,"length":14.8424
,"animation":{"dataType":3,"framePerSecond":24,"keys":[
{"frame":1,"values":[1,0,0,0,0,1,0,0,0,0,1,0,-1.2586,2.3762,13.5915,1]},
{"frame":25,"values":[1,0,0,0,0,1,0,0,0,0,1,0,-1.2586,2.3762,13.5915,1]}],"loopBehavior":1,"name":"anim","property":"_matrix"}},
{"name":"RightNostril","index":35,"matrix":[1,0,0,0,0,1,0,0,0,0,1,0,-1.2793,5.2449,14.0405,1],"rest":[1,0,0,0,0,1,0,0,0,0,1,0,-1.2793,5.2449,14.0405,1],"parentBoneIndex":6,"length":14.8424
,"animation":{"dataType":3,"framePerSecond":24,"keys":[
{"frame":1,"values":[1,0,0,0,0,1,0,0,0,0,1,0,-1.2793,5.2449,14.0405,1]},
{"frame":25,"values":[1,0,0,0,0,1,0,0,0,0,1,0,-1.2793,5.2449,14.0405,1]}],"loopBehavior":1,"name":"anim","property":"_matrix"}},
{"name":"R_CheekFold","index":36,"matrix":[1,0,0,0,0,1,0,0,0,0,1,0,-2.8997,4.8397,12.9905,1],"rest":[1,0,0,0,0,1,0,0,0,0,1,0,-2.8997,4.8397,12.9905,1],"parentBoneIndex":6,"length":14.8424
,"animation":{"dataType":3,"framePerSecond":24,"keys":[
{"frame":1,"values":[1,0,0,0,0,1,0,0,0,0,1,0,-2.8997,4.8397,12.9905,1]},
{"frame":25,"values":[1,0,0,0,0,1,0,0,0,0,1,0,-2.8997,4.8397,12.9905,1]}],"loopBehavior":1,"name":"anim","property":"_matrix"}},
{"name":"R_LowerCheek","index":37,"matrix":[1,0,0,0,0,1,0,0,0,0,1,0,-4.3527,2.5675,9.9423,1],"rest":[1,0,0,0,0,1,0,0,0,0,1,0,-4.3527,2.5675,9.9423,1],"parentBoneIndex":6,"length":14.8424
,"animation":{"dataType":3,"framePerSecond":24,"keys":[
{"frame":1,"values":[1,0,0,0,0,1,0,0,0,0,1,0,-4.3527,2.5675,9.9423,1]},
{"frame":25,"values":[1,0,0,0,0,1,0,0,0,0,1,0,-4.3527,2.5675,9.9423,1]}],"loopBehavior":1,"name":"anim","property":"_matrix"}},
{"name":"R_gLipCorner","index":38,"matrix":[1,0,0,0,0,1,0,0,0,0,1,0,-2.9076,2.9095,12.5938,1],"rest":[1,0,0,0,0,1,0,0,0,0,1,0,-2.9076,2.9095,12.5938,1],"parentBoneIndex":6,"length":0.9548
,"animation":{"dataType":3,"framePerSecond":24,"keys":[
{"frame":1,"values":[1,0,0,0,0,1,0,0,0,0,1,0,-2.9076,2.9095,12.5938,1]},
{"frame":25,"values":[1,0,0,0,0,1,0,0,0,0,1,0,-2.9076,2.9095,12.5938,1]}],"loopBehavior":1,"name":"anim","property":"_matrix"}},
{"name":"R_gLipCornerLowTweak","index":39,"matrix":[1,0,0,0,0,1,0,0,0,0,1,0,0.8072,-0.3254,0.4547,1],"rest":[1,0,0,0,0,1,0,0,0,0,1,0,0.8072,-0.3254,0.4547,1],"parentBoneIndex":38,"length":0.9548
,"animation":{"dataType":3,"framePerSecond":24,"keys":[
{"frame":1,"values":[1,0,0,0,0,1,0,0,0,0,1,0,0.8072,-0.3254,0.4547,1]},
{"frame":25,"values":[1,0,0,0,0,1,0,0,0,0,1,0,0.8072,-0.3254,0.4547,1]}],"loopBehavior":1,"name":"anim","property":"_matrix"}},
{"name":"R_gLipCornerUpTweak","index":40,"matrix":[1,0,0,0,0,1,0,0,0,0,1,0,0.7251,0.0237,0.5782,1],"rest":[1,0,0,0,0,1,0,0,0,0,1,0,0.7251,0.0237,0.5782,1],"parentBoneIndex":38,"length":0.9548
,"animation":{"dataType":3,"framePerSecond":24,"keys":[
{"frame":1,"values":[1,0,0,0,0,1,0,0,0,0,1,0,0.7251,0.0237,0.5782,1]},
{"frame":25,"values":[1,0,0,0,0,1,0,0,0,0,1,0,0.7251,0.0237,0.5782,1]}],"loopBehavior":1,"name":"anim","property":"_matrix"}},
{"name":"R_LipUpper","index":41,"matrix":[1,0,0,0,0,1,0,0,0,0,1,0,-1.2981,3.1535,13.8987,1],"rest":[1,0,0,0,0,1,0,0,0,0,1,0,-1.2981,3.1535,13.8987,1],"parentBoneIndex":6,"length":14.8424
,"animation":{"dataType":3,"framePerSecond":24,"keys":[
{"frame":1,"values":[1,0,0,0,0,1,0,0,0,0,1,0,-1.2981,3.1535,13.8987,1]},
{"frame":25,"values":[1,0,0,0,0,1,0,0,0,0,1,0,-1.2981,3.1535,13.8987,1]}],"loopBehavior":1,"name":"anim","property":"_matrix"}},
{"name":"R_OuterCheek","index":42,"matrix":[1,0,0,0,0,1,0,0,0,0,1,0,-4.805,7.1686,11.679,1],"rest":[1,0,0,0,0,1,0,0,0,0,1,0,-4.805,7.1686,11.679,1],"parentBoneIndex":6,"length":14.8424
,"animation":{"dataType":3,"framePerSecond":24,"keys":[
{"frame":1,"values":[1,0,0,0,0,1,0,0,0,0,1,0,-4.805,7.1686,11.679,1]},
{"frame":25,"values":[1,0,0,0,0,1,0,0,0,0,1,0,-4.805,7.1686,11.679,1]}],"loopBehavior":1,"name":"anim","property":"_matrix"}},
{"name":"MidBrows","index":43,"matrix":[1,0,0,0,0,1,0,0,0,0,1,0,0,10.8004,14.2738,1],"rest":[1,0,0,0,0,1,0,0,0,0,1,0,0,10.8004,14.2738,1],"parentBoneIndex":6,"length":14.8424
,"animation":{"dataType":3,"framePerSecond":24,"keys":[
{"frame":1,"values":[1,0,0,0,0,1,0,0,0,0,1,0,0,10.8004,14.2738,1]},
{"frame":25,"values":[1,0,0,0,0,1,0,0,0,0,1,0,0,10.8004,14.2738,1]}],"loopBehavior":1,"name":"anim","property":"_matrix"}},
{"name":"R_InnerBrow","index":44,"matrix":[1,0,0,0,0,1,0,0,0,0,1,0,-1.6599,10.7576,14.115,1],"rest":[1,0,0,0,0,1,0,0,0,0,1,0,-1.6599,10.7576,14.115,1],"parentBoneIndex":6,"length":14.8424
,"animation":{"dataType":3,"framePerSecond":24,"keys":[
{"frame":1,"values":[1,0,0,0,0,1,0,0,0,0,1,0,-1.6599,10.7576,14.115,1]},
{"frame":25,"values":[1,0,0,0,0,1,0,0,0,0,1,0,-1.6599,10.7576,14.115,1]}],"loopBehavior":1,"name":"anim","property":"_matrix"}},
{"name":"R_MidBrow","index":45,"matrix":[1,0,0,0,0,1,0,0,0,0,1,0,-3.3668,11.4156,13.6166,1],"rest":[1,0,0,0,0,1,0,0,0,0,1,0,-3.3668,11.4156,13.6166,1],"parentBoneIndex":6,"length":14.8424
,"animation":{"dataType":3,"framePerSecond":24,"keys":[
{"frame":1,"values":[1,0,0,0,0,1,0,0,0,0,1,0,-3.3668,11.4156,13.6166,1]},
{"frame":25,"values":[1,0,0,0,0,1,0,0,0,0,1,0,-3.3668,11.4156,13.6166,1]}],"loopBehavior":1,"name":"anim","property":"_matrix"}},
{"name":"R_IOuterBrow","index":46,"matrix":[1,0,0,0,0,1,0,0,0,0,1,0,-5.185,11.3348,12.3701,1],"rest":[1,0,0,0,0,1,0,0,0,0,1,0,-5.185,11.3348,12.3701,1],"parentBoneIndex":6,"length":14.8424
,"animation":{"dataType":3,"framePerSecond":24,"keys":[
{"frame":1,"values":[1,0,0,0,0,1,0,0,0,0,1,0,-5.185,11.3348,12.3701,1]},
{"frame":25,"values":[1,0,0,0,0,1,0,0,0,0,1,0,-5.185,11.3348,12.3701,1]}],"loopBehavior":1,"name":"anim","property":"_matrix"}},
{"name":"R_Eye","index":47,"matrix":[1,0,0,0,0,1,0,0,0,0,1,0,-3.0989,9.6989,11.4382,1],"rest":[1,0,0,0,0,1,0,0,0,0,1,0,-3.0989,9.6989,11.4382,1],"parentBoneIndex":6,"length":14.8424
,"animation":{"dataType":3,"framePerSecond":24,"keys":[
{"frame":1,"values":[1,0,0,0,0,1,0,0,0,0,1,0,-3.0989,9.6989,11.4382,1]},
{"frame":25,"values":[1,0,0,0,0,1,0,0,0,0,1,0,-3.0989,9.6989,11.4382,1]}],"loopBehavior":1,"name":"anim","property":"_matrix"}},
{"name":"R_EyelidLower","index":48,"matrix":[1,0,0,0,0,1,0,0,0,0,1,0,-3.0989,9.6989,11.4382,1],"rest":[1,0,0,0,0,1,0,0,0,0,1,0,-3.0989,9.6989,11.4382,1],"parentBoneIndex":6,"length":14.8424
,"animation":{"dataType":3,"framePerSecond":24,"keys":[
{"frame":1,"values":[1,0,0,0,0,1,0,0,0,0,1,0,-3.0989,9.6989,11.4382,1]},
{"frame":25,"values":[1,0,0,0,0,1,0,0,0,0,1,0,-3.0989,9.6989,11.4382,1]}],"loopBehavior":1,"name":"anim","property":"_matrix"}},
{"name":"R_EyelidUpper","index":49,"matrix":[1,0,0,0,0,1,0,0,0,0,1,0,-3.0989,9.6989,11.4382,1],"rest":[1,0,0,0,0,1,0,0,0,0,1,0,-3.0989,9.6989,11.4382,1],"parentBoneIndex":6,"length":14.8424
,"animation":{"dataType":3,"framePerSecond":24,"keys":[
{"frame":1,"values":[1,0,0,0,0,1,0,0,0,0,1,0,-3.0989,9.6989,11.4382,1]},
{"frame":25,"values":[1,0,0,0,0,1,0,0,0,0,1,0,-3.0989,9.6989,11.4382,1]}],"loopBehavior":1,"name":"anim","property":"_matrix"}},
{"name":"R_Temple","index":50,"matrix":[1,0,0,0,0,1,0,0,0,0,1,0,-6.7164,11.953,7.4033,1],"rest":[1,0,0,0,0,1,0,0,0,0,1,0,-6.7164,11.953,7.4033,1],"parentBoneIndex":6,"length":14.8424
,"animation":{"dataType":3,"framePerSecond":24,"keys":[
{"frame":1,"values":[1,0,0,0,0,1,0,0,0,0,1,0,-6.7164,11.953,7.4033,1]},
{"frame":25,"values":[1,0,0,0,0,1,0,0,0,0,1,0,-6.7164,11.953,7.4033,1]}],"loopBehavior":1,"name":"anim","property":"_matrix"}},
