{"producer":{"name":"Blender","version":"2.90.0","exporter_version":"2.80.1","file":"strafeleft.babylon"},
"autoClear":true,"clearColor":[0.0509,0.0509,0.0509],"gravity":[0,-9.81,0],
"materials":[{"name":"Material","id":"Material","customType":"BABYLON.PBRMaterial","backFaceCulling":true,"checkReadyOnlyOnce":false,"maxSimultaneousLights":4,"environmentIntensity":1,"albedo":[0.8,0.8,0.8],"reflectivity":[0.5,0.5,0.5],"roughness":0.4,"alpha":1,"transparencyMode":0,"alphaCutOff":0.4,"metallic":0}],
"multiMaterials":[],
"skeletons":[{"name":"Armature","id":0,"dimensionsAtRest":[188.1767,188.0947,21.7491],"bones":[
{"name":"Hips","index":0,"matrix":[0.4045,-0.0326,0.9139,0,0.1318,0.991,-0.023,0,0.905,-0.1297,-0.4052,0,-0.0746,93.4488,0.0195,1],"rest":[1,0,0,0,0,1,0,0,0,0,-1,0,0,96.3764,0,1],"parentBoneIndex":-1,"length":9.9032
,"animation":{"dataType":3,"framePerSecond":24,"keys":[
{"frame":1,"values":[0.4045,-0.0326,0.9139,0,0.1318,0.991,-0.023,0,0.905,-0.1297,-0.4052,0,-0.0746,93.4488,0.0195,1]},
{"frame":2,"values":[0.4061,-0.0082,0.9138,0,0.1253,0.991,-0.0468,0,0.9052,-0.1335,-0.4035,0,-1.114,94.1936,-0.489,1]},
{"frame":3,"values":[0.4144,-0.0116,0.91,0,0.1312,0.9902,-0.0471,0,0.9006,-0.1389,-0.4119,0,-1.9831,94.0896,-0.8465,1]},
{"frame":4,"values":[0.433,-0.042,0.9004,0,0.1473,0.9888,-0.0247,0,0.8893,-0.1433,-0.4344,0,-2.3617,93.0288,-1.0586,1]},
{"frame":5,"values":[0.4639,-0.082,0.8821,0,0.1594,0.9872,0.008,0,0.8714,-0.1369,-0.471,0,-2.0743,91.0423,-1.2037,1]},
{"frame":6,"values":[0.4828,-0.0925,0.8708,0,0.1584,0.9872,0.017,0,0.8613,-0.1298,-0.4913,0,-2.2509,89.0543,-1.3408,1]},
{"frame":7,"values":[0.4883,-0.061,0.8705,0,0.1364,0.9906,-0.0071,0,0.8619,-0.1222,-0.4921,0,-2.4705,87.0351,-1.2951,1]},
{"frame":8,"values":[0.4842,-0.0402,0.8741,0,0.1135,0.9934,-0.0171,0,0.8676,-0.1075,-0.4855,0,-0.9114,86.8929,-0.7553,1]},
{"frame":9,"values":[0.4825,-0.0115,0.8758,0,0.1028,0.9937,-0.0436,0,0.8698,-0.111,-0.4807,0,-0.1231,86.2213,-0.1346,1]},
{"frame":10,"values":[0.4855,0.0211,0.874,0,0.0846,0.9939,-0.071,0,0.8701,-0.1084,-0.4807,0,0.1748,86.548,0.3777,1]},
{"frame":11,"values":[0.4898,0.0417,0.8708,0,0.0674,0.994,-0.0855,0,0.8692,-0.1006,-0.4841,0,0.3198,87.8878,0.6946,1]},
{"frame":12,"values":[0.4645,0.038,0.8848,0,0.0658,0.9948,-0.0773,0,0.8831,-0.0941,-0.4596,0,0.3414,89.9798,0.7243,1]},
{"frame":13,"values":[0.4372,0.0297,0.8989,0,0.0643,0.9959,-0.0642,0,0.8971,-0.0859,-0.4335,0,0.2793,92.0126,0.5269,1]},
{"frame":14,"values":[0.4134,0.0113,0.9105,0,0.0701,0.9966,-0.0441,0,0.9079,-0.082,-0.4112,0,0.0157,93.4778,0.2726,1]},
{"frame":15,"values":[0.3764,-0.0053,0.9265,0,0.0846,0.996,-0.0287,0,0.9226,-0.0892,-0.3753,0,-0.316,93.7744,-0.1035,1]},
{"frame":16,"values":[0.3271,-0.0001,0.945,0,0.0953,0.9949,-0.0329,0,0.9402,-0.1008,-0.3255,0,-0.4863,92.9663,-0.5416,1]},
{"frame":17,"values":[0.2423,0.0225,0.9699,0,0.0953,0.9943,-0.0469,0,0.9655,-0.1038,-0.2388,0,-0.203,91.0579,-0.8864,1]},
{"frame":18,"values":[0.1488,0.0504,0.9876,0,0.093,0.9936,-0.0647,0,0.9845,-0.1015,-0.1431,0,0.3353,88.61,-1.0435,1]},
{"frame":19,"values":[0.0999,0.0576,0.9933,0,0.0962,0.9931,-0.0673,0,0.9903,-0.1022,-0.0937,0,0.4496,86.7791,-0.9567,1]},
{"frame":20,"values":[0.1108,0.0318,0.9933,0,0.104,0.9936,-0.0434,0,0.9884,-0.1082,-0.1068,0,1.1628,85.5874,-0.9047,1]},
{"frame":21,"values":[0.1647,-0.0193,0.9861,0,0.1147,0.9934,0.0003,0,0.9796,-0.113,-0.1659,0,1.8755,85.748,-0.8175,1]},
{"frame":22,"values":[0.2316,-0.0718,0.9702,0,0.1272,0.9909,0.043,0,0.9645,-0.1135,-0.2386,0,2.0945,86.6135,-0.6637,1]},
{"frame":23,"values":[0.2934,-0.1009,0.9506,0,0.1364,0.9887,0.0628,0,0.9462,-0.1112,-0.3039,0,1.588,87.9308,-0.7302,1]},
{"frame":24,"values":[0.3416,-0.0955,0.935,0,0.1374,0.9892,0.0508,0,0.9298,-0.1111,-0.351,0,1.2123,89.8567,-0.5452,1]},
{"frame":25,"values":[0.3838,-0.0634,0.9213,0,0.1323,0.9911,0.013,0,0.9139,-0.1169,-0.3887,0,0.7028,91.8084,-0.1682,1]},
{"frame":26,"values":[0.4045,-0.0326,0.9139,0,0.1318,0.991,-0.023,0,0.905,-0.1297,-0.4052,0,-0.0746,93.4488,0.0195,1]}],"loopBehavior":1,"name":"anim","property":"_matrix"}},
{"name":"Spine","index":1,"matrix":[0.9908,0.0195,0.1343,0,-0.0334,0.9943,0.1017,0,-0.1315,-0.1052,0.9857,0,0,9.2263,1.5771,1],"rest":[1,0,0,0,0,1,0,0,0,0,1,0,0,9.2263,1.5771,1],"parentBoneIndex":0,"length":16.2548
,"animation":{"dataType":3,"framePerSecond":24,"keys":[
{"frame":1,"values":[0.9908,0.0195,0.1343,0,-0.0334,0.9943,0.1017,0,-0.1315,-0.1052,0.9857,0,0,9.2263,1.5771,1]},
{"frame":2,"values":[0.9923,-0.0116,0.1236,0,-0.001,0.9948,0.1021,0,-0.1241,-0.1014,0.9871,0,0,9.2263,1.5771,1]},
{"frame":3,"values":[0.9943,-0.0113,0.1056,0,0.0006,0.9949,0.1011,0,-0.1062,-0.1004,0.9893,0,0,9.2263,1.5771,1]},
{"frame":4,"values":[0.9969,0.0189,0.0759,0,-0.0261,0.995,0.0962,0,-0.0737,-0.0979,0.9925,0,0,9.2263,1.5771,1]},
{"frame":5,"values":[0.9977,0.0535,0.0417,0,-0.0572,0.994,0.093,0,-0.0365,-0.0951,0.9948,0,0,9.2263,1.5771,1]},
{"frame":6,"values":[0.9985,0.0484,0.0263,0,-0.0508,0.994,0.0966,0,-0.0215,-0.0978,0.995,0,0,9.2263,1.5771,1]},
{"frame":7,"values":[0.9997,0.0024,0.0236,0,-0.0048,0.9947,0.1029,0,-0.0232,-0.103,0.9944,0,0,9.2263,1.5771,1]},
{"frame":8,"values":[0.9993,-0.0084,0.0357,0,0.0048,0.995,0.0997,0,-0.0363,-0.0995,0.9944,0,0,9.2263,1.5771,1]},
{"frame":9,"values":[0.9984,-0.0338,0.0449,0,0.0295,0.9953,0.0927,0,-0.0478,-0.0912,0.9947,0,0,9.2263,1.5771,1]},
{"frame":10,"values":[0.9969,-0.0607,0.0491,0,0.0558,0.9938,0.0965,0,-0.0547,-0.0935,0.9941,0,0,9.2263,1.5771,1]},
{"frame":11,"values":[0.9956,-0.0724,0.0593,0,0.0662,0.9927,0.1009,0,-0.0662,-0.0965,0.9931,0,0,9.2263,1.5771,1]},
{"frame":12,"values":[0.9948,-0.0556,0.0856,0,0.0467,0.9937,0.1022,0,-0.0907,-0.0976,0.9911,0,0,9.2263,1.5771,1]},
{"frame":13,"values":[0.9937,-0.0362,0.1057,0,0.0253,0.9944,0.1027,0,-0.1088,-0.0994,0.9891,0,0,9.2263,1.5771,1]},
{"frame":14,"values":[0.9925,-0.0111,0.1214,0,-0.0014,0.9947,0.1026,0,-0.1219,-0.102,0.9873,0,0,9.2263,1.5771,1]},
{"frame":15,"values":[0.9887,0.0101,0.1494,0,-0.025,0.9948,0.0984,0,-0.1477,-0.101,0.9839,0,0,9.2263,1.5771,1]},
{"frame":16,"values":[0.9815,0.0087,0.1915,0,-0.0264,0.9956,0.0902,0,-0.1898,-0.0936,0.9773,0,0,9.2263,1.5771,1]},
{"frame":17,"values":[0.9649,-0.0002,0.2624,0,-0.0222,0.9964,0.0824,0,-0.2615,-0.0853,0.9614,0,0,9.2263,1.5771,1]},
{"frame":18,"values":[0.9433,-0.0093,0.3317,0,-0.0174,0.9968,0.0775,0,-0.3314,-0.0789,0.9402,0,0,9.2263,1.5771,1]},
{"frame":19,"values":[0.9303,-0.0059,0.3668,0,-0.0257,0.9964,0.0812,0,-0.3659,-0.085,0.9267,0,0,9.2263,1.5771,1]},
{"frame":20,"values":[0.9319,0.0236,0.362,0,-0.0539,0.9958,0.0737,0,-0.3588,-0.0882,0.9292,0,0,9.2263,1.5771,1]},
{"frame":21,"values":[0.939,0.0702,0.3367,0,-0.0999,0.9924,0.0719,0,-0.3291,-0.1012,0.9388,0,0,9.2263,1.5771,1]},
{"frame":22,"values":[0.9466,0.1135,0.3016,0,-0.1424,0.9869,0.0753,0,-0.2891,-0.1142,0.9504,0,0,9.2263,1.5771,1]},
{"frame":23,"values":[0.9631,0.1208,0.2404,0,-0.1454,0.9855,0.0872,0,-0.2264,-0.1189,0.9667,0,0,9.2263,1.5771,1]},
{"frame":24,"values":[0.9763,0.102,0.1907,0,-0.122,0.9878,0.0966,0,-0.1786,-0.1176,0.9769,0,0,9.2263,1.5771,1]},
{"frame":25,"values":[0.9861,0.0614,0.1546,0,-0.0776,0.9918,0.1013,0,-0.1472,-0.1119,0.9828,0,0,9.2263,1.5771,1]},
{"frame":26,"values":[0.9908,0.0195,0.1343,0,-0.0334,0.9943,0.1017,0,-0.1315,-0.1052,0.9857,0,0,9.2263,1.5771,1]}],"loopBehavior":1,"name":"anim","property":"_matrix"}},
{"name":"Spine1","index":2,"matrix":[0.9957,0.0193,0.0902,0,-0.0259,0.997,0.0728,0,-0.0885,-0.0749,0.9933,0,0,16.254,-0.1656,1],"rest":[1,0,0,0,0,1,0,0,0,0,1,0,0,16.254,-0.1656,1],"parentBoneIndex":1,"length":13.7007
,"animation":{"dataType":3,"framePerSecond":24,"keys":[
{"frame":1,"values":[0.9957,0.0193,0.0902,0,-0.0259,0.997,0.0728,0,-0.0885,-0.0749,0.9933,0,0,16.254,-0.1656,1]},
{"frame":2,"values":[0.9965,0.009,0.0833,0,-0.0151,0.9972,0.0734,0,-0.0824,-0.0744,0.9938,0,0,16.254,-0.1656,1]},
{"frame":3,"values":[0.9969,0.0043,0.079,0,-0.0101,0.9973,0.0729,0,-0.0785,-0.0734,0.9942,0,0,16.254,-0.1656,1]},
{"frame":4,"values":[0.9973,0.0089,0.0723,0,-0.0138,0.9976,0.0685,0,-0.0716,-0.0693,0.995,0,0,16.254,-0.1656,1]},
{"frame":5,"values":[0.9979,0.0185,0.0625,0,-0.0225,0.9977,0.0638,0,-0.0612,-0.0651,0.996,0,0,16.254,-0.1656,1]},
{"frame":6,"values":[0.9983,0.02,0.0554,0,-0.0236,0.9975,0.0661,0,-0.0539,-0.0673,0.9963,0,0,16.254,-0.1656,1]},
{"frame":7,"values":[0.9985,0.0082,0.0535,0,-0.0121,0.9974,0.0717,0,-0.0527,-0.0723,0.996,0,0,16.254,-0.1656,1]},
{"frame":8,"values":[0.9985,-0.0002,0.0555,0,-0.0038,0.9974,0.0715,0,-0.0554,-0.0716,0.9959,0,0,16.254,-0.1656,1]},
{"frame":9,"values":[0.9981,-0.0081,0.0604,0,0.004,0.9976,0.0685,0,-0.0609,-0.0681,0.9958,0,0,16.254,-0.1656,1]},
{"frame":10,"values":[0.998,-0.0211,0.0595,0,0.0168,0.9973,0.0716,0,-0.0609,-0.0704,0.9957,0,0,16.254,-0.1656,1]},
{"frame":11,"values":[0.9979,-0.026,0.0599,0,0.0215,0.997,0.0737,0,-0.0617,-0.0723,0.9955,0,0,16.254,-0.1656,1]},
{"frame":12,"values":[0.9973,-0.0187,0.0714,0,0.0134,0.9972,0.0734,0,-0.0726,-0.0722,0.9947,0,0,16.254,-0.1656,1]},
{"frame":13,"values":[0.9969,-0.012,0.0781,0,0.0063,0.9973,0.073,0,-0.0788,-0.0723,0.9943,0,0,16.254,-0.1656,1]},
{"frame":14,"values":[0.9967,-0.0027,0.0814,0,-0.0033,0.9973,0.0731,0,-0.0814,-0.0731,0.994,0,0,16.254,-0.1656,1]},
{"frame":15,"values":[0.996,0.008,0.0889,0,-0.0143,0.9974,0.0703,0,-0.0881,-0.0713,0.9936,0,0,16.254,-0.1656,1]},
{"frame":16,"values":[0.995,0.0117,0.0991,0,-0.0181,0.9978,0.064,0,-0.0982,-0.0655,0.993,0,0,16.254,-0.1656,1]},
{"frame":17,"values":[0.9938,0.0082,0.1106,0,-0.0146,0.9982,0.0579,0,-0.11,-0.0592,0.9922,0,0,16.254,-0.1656,1]},
{"frame":18,"values":[0.9925,0.0042,0.1219,0,-0.0109,0.9985,0.0538,0,-0.1215,-0.0547,0.9911,0,0,16.254,-0.1656,1]},
{"frame":19,"values":[0.9919,0.006,0.127,0,-0.0133,0.9983,0.057,0,-0.1264,-0.0582,0.9903,0,0,16.254,-0.1656,1]},
{"frame":20,"values":[0.9917,0.0173,0.1273,0,-0.0247,0.9981,0.0569,0,-0.1261,-0.0596,0.9902,0,0,16.254,-0.1656,1]},
{"frame":21,"values":[0.9921,0.0317,0.1216,0,-0.0389,0.9976,0.0576,0,-0.1195,-0.0619,0.9909,0,0,16.254,-0.1656,1]},
{"frame":22,"values":[0.992,0.0424,0.1186,0,-0.0501,0.9967,0.0631,0,-0.1155,-0.0686,0.9909,0,0,16.254,-0.1656,1]},
{"frame":23,"values":[0.9912,0.0458,0.1241,0,-0.0544,0.9963,0.0668,0,-0.1206,-0.073,0.99,0,0,16.254,-0.1656,1]},
{"frame":24,"values":[0.9921,0.0414,0.1184,0,-0.0498,0.9963,0.0694,0,-0.1151,-0.0748,0.9905,0,0,16.254,-0.1656,1]},
{"frame":25,"values":[0.9941,0.0308,0.1038,0,-0.0384,0.9967,0.0719,0,-0.1012,-0.0754,0.992,0,0,16.254,-0.1656,1]},
{"frame":26,"values":[0.9957,0.0193,0.0902,0,-0.0259,0.997,0.0728,0,-0.0885,-0.0749,0.9933,0,0,16.254,-0.1656,1]}],"loopBehavior":1,"name":"anim","property":"_matrix"}},
{"name":"Spine2","index":3,"matrix":[0.9957,0.019,0.0907,0,-0.0256,0.997,0.0724,0,-0.089,-0.0744,0.9932,0,0,13.6396,-1.2923,1],"rest":[1,0,0,0,0,1,0,0,0,0,1,0,0,13.6396,-1.2923,1],"parentBoneIndex":2,"length":13.1719
,"animation":{"dataType":3,"framePerSecond":24,"keys":[
{"frame":1,"values":[0.9957,0.019,0.0907,0,-0.0256,0.997,0.0724,0,-0.089,-0.0744,0.9932,0,0,13.6396,-1.2923,1]},
{"frame":2,"values":[0.9964,0.0086,0.0839,0,-0.0147,0.9972,0.0729,0,-0.083,-0.0739,0.9938,0,0,13.6396,-1.2923,1]},
{"frame":3,"values":[0.9968,0.0038,0.0794,0,-0.0096,0.9973,0.0725,0,-0.079,-0.0731,0.9942,0,0,13.6396,-1.2923,1]},
{"frame":4,"values":[0.9973,0.0085,0.0723,0,-0.0135,0.9976,0.0685,0,-0.0716,-0.0693,0.995,0,0,13.6396,-1.2923,1]},
{"frame":5,"values":[0.9979,0.0184,0.062,0,-0.0224,0.9977,0.0642,0,-0.0607,-0.0654,0.996,0,0,13.6396,-1.2923,1]},
{"frame":6,"values":[0.9983,0.0199,0.055,0,-0.0235,0.9975,0.0664,0,-0.0535,-0.0675,0.9963,0,0,13.6396,-1.2923,1]},
{"frame":7,"values":[0.9985,0.008,0.0536,0,-0.0119,0.9974,0.0716,0,-0.0529,-0.0722,0.996,0,0,13.6396,-1.2923,1]},
{"frame":8,"values":[0.9985,-0.0005,0.0556,0,-0.0035,0.9974,0.0715,0,-0.0555,-0.0715,0.9959,0,0,13.6396,-1.2923,1]},
{"frame":9,"values":[0.9981,-0.0087,0.0609,0,0.0046,0.9977,0.0681,0,-0.0613,-0.0677,0.9958,0,0,13.6396,-1.2923,1]},
{"frame":10,"values":[0.998,-0.0217,0.0601,0,0.0174,0.9973,0.071,0,-0.0615,-0.0698,0.9957,0,0,13.6396,-1.2923,1]},
{"frame":11,"values":[0.9978,-0.0265,0.0604,0,0.022,0.9971,0.0732,0,-0.0621,-0.0717,0.9955,0,0,13.6396,-1.2923,1]},
{"frame":12,"values":[0.9972,-0.0191,0.0717,0,0.0139,0.9972,0.073,0,-0.0729,-0.0718,0.9948,0,0,13.6396,-1.2923,1]},
{"frame":13,"values":[0.9968,-0.0123,0.0784,0,0.0066,0.9973,0.0727,0,-0.0791,-0.0719,0.9943,0,0,13.6396,-1.2923,1]},
{"frame":14,"values":[0.9966,-0.003,0.0818,0,-0.0029,0.9974,0.0727,0,-0.0818,-0.0727,0.994,0,0,13.6396,-1.2923,1]},
{"frame":15,"values":[0.996,0.0078,0.0895,0,-0.0141,0.9975,0.0696,0,-0.0887,-0.0706,0.9936,0,0,13.6396,-1.2923,1]},
{"frame":16,"values":[0.9949,0.0118,0.0999,0,-0.0182,0.9979,0.0629,0,-0.0989,-0.0644,0.993,0,0,13.6396,-1.2923,1]},
{"frame":17,"values":[0.9937,0.0089,0.1114,0,-0.0153,0.9983,0.0565,0,-0.1107,-0.0579,0.9922,0,0,13.6396,-1.2923,1]},
{"frame":18,"values":[0.9924,0.0056,0.1226,0,-0.0121,0.9986,0.0523,0,-0.1221,-0.0534,0.9911,0,0,13.6396,-1.2923,1]},
{"frame":19,"values":[0.9918,0.007,0.1277,0,-0.0142,0.9984,0.0554,0,-0.1271,-0.0567,0.9903,0,0,13.6396,-1.2923,1]},
{"frame":20,"values":[0.9916,0.0179,0.1279,0,-0.0251,0.9981,0.0554,0,-0.1267,-0.0581,0.9902,0,0,13.6396,-1.2923,1]},
{"frame":21,"values":[0.992,0.0314,0.1223,0,-0.0385,0.9977,0.0561,0,-0.1203,-0.0603,0.9909,0,0,13.6396,-1.2923,1]},
{"frame":22,"values":[0.992,0.0417,0.1193,0,-0.0494,0.9969,0.0619,0,-0.1163,-0.0673,0.9909,0,0,13.6396,-1.2923,1]},
{"frame":23,"values":[0.9912,0.0452,0.1247,0,-0.0537,0.9964,0.0656,0,-0.1213,-0.0717,0.99,0,0,13.6396,-1.2923,1]},
{"frame":24,"values":[0.9921,0.0411,0.1188,0,-0.0495,0.9964,0.0686,0,-0.1156,-0.0739,0.9905,0,0,13.6396,-1.2923,1]},
{"frame":25,"values":[0.9941,0.0307,0.1041,0,-0.0382,0.9967,0.0713,0,-0.1016,-0.0749,0.992,0,0,13.6396,-1.2923,1]},
{"frame":26,"values":[0.9957,0.019,0.0907,0,-0.0256,0.997,0.0724,0,-0.089,-0.0744,0.9932,0,0,13.6396,-1.2923,1]}],"loopBehavior":1,"name":"anim","property":"_matrix"}},
{"name":"Neck","index":4,"matrix":[0.9945,-0.0147,0.1038,0,0.0056,0.9962,0.0874,0,-0.1047,-0.0863,0.9907,0,0,13.8774,-4.3542,1],"rest":[1,0,0,0,0,1,0,0,0,0,1,0,0,13.8774,-4.3542,1],"parentBoneIndex":3,"length":4.4379
,"animation":{"dataType":3,"framePerSecond":24,"keys":[
{"frame":1,"values":[0.9945,-0.0147,0.1038,0,0.0056,0.9962,0.0874,0,-0.1047,-0.0863,0.9907,0,0,13.8774,-4.3542,1]},
{"frame":2,"values":[0.9944,-0.0158,0.1045,0,0.007,0.9965,0.0836,0,-0.1054,-0.0824,0.991,0,0,13.8774,-4.3542,1]},
{"frame":3,"values":[0.9943,-0.0191,0.1049,0,0.011,0.9969,0.0777,0,-0.1061,-0.0761,0.9914,0,0,13.8774,-4.3542,1]},
{"frame":4,"values":[0.9941,-0.0228,0.1064,0,0.0154,0.9974,0.0701,0,-0.1077,-0.068,0.9919,0,0,13.8774,-4.3542,1]},
{"frame":5,"values":[0.9939,-0.0264,0.1075,0,0.0193,0.9975,0.0673,0,-0.109,-0.0648,0.9919,0,0,13.8774,-4.3542,1]},
{"frame":6,"values":[0.9938,-0.0261,0.1077,0,0.0191,0.9977,0.0656,0,-0.1091,-0.0632,0.992,0,0,13.8774,-4.3542,1]},
{"frame":7,"values":[0.9939,-0.0223,0.1082,0,0.0151,0.9976,0.0672,0,-0.1094,-0.0651,0.9919,0,0,13.8774,-4.3542,1]},
{"frame":8,"values":[0.994,-0.0219,0.1067,0,0.0143,0.9973,0.0714,0,-0.108,-0.0694,0.9917,0,0,13.8774,-4.3542,1]},
{"frame":9,"values":[0.9942,-0.0223,0.105,0,0.0149,0.9974,0.07,0,-0.1063,-0.0681,0.992,0,0,13.8774,-4.3542,1]},
{"frame":10,"values":[0.9943,-0.0202,0.1045,0,0.0132,0.9977,0.0667,0,-0.1056,-0.0649,0.9923,0,0,13.8774,-4.3542,1]},
{"frame":11,"values":[0.9946,-0.0246,0.101,0,0.018,0.9976,0.0663,0,-0.1024,-0.0641,0.9927,0,0,13.8774,-4.3542,1]},
{"frame":12,"values":[0.9948,-0.0329,0.0967,0,0.0262,0.9972,0.0698,0,-0.0987,-0.0669,0.9929,0,0,13.8774,-4.3542,1]},
{"frame":13,"values":[0.9947,-0.0384,0.0951,0,0.031,0.9964,0.0783,0,-0.0977,-0.0749,0.9924,0,0,13.8774,-4.3542,1]},
{"frame":14,"values":[0.9947,-0.0408,0.0946,0,0.0327,0.9958,0.085,0,-0.0976,-0.0814,0.9919,0,0,13.8774,-4.3542,1]},
{"frame":15,"values":[0.9947,-0.0403,0.0945,0,0.0321,0.9957,0.0865,0,-0.0975,-0.0831,0.9918,0,0,13.8774,-4.3542,1]},
{"frame":16,"values":[0.9949,-0.0342,0.0952,0,0.0261,0.996,0.0852,0,-0.0977,-0.0823,0.9918,0,0,13.8774,-4.3542,1]},
{"frame":17,"values":[0.9948,-0.031,0.0966,0,0.0233,0.9965,0.0801,0,-0.0988,-0.0774,0.9921,0,0,13.8774,-4.3542,1]},
{"frame":18,"values":[0.9946,-0.0307,0.099,0,0.0235,0.997,0.0732,0,-0.1009,-0.0705,0.9924,0,0,13.8774,-4.3542,1]},
{"frame":19,"values":[0.9945,-0.028,0.1013,0,0.0212,0.9975,0.0677,0,-0.1029,-0.0652,0.9926,0,0,13.8774,-4.3542,1]},
{"frame":20,"values":[0.9945,-0.0298,0.1007,0,0.023,0.9975,0.0674,0,-0.1025,-0.0647,0.9926,0,0,13.8774,-4.3542,1]},
{"frame":21,"values":[0.9947,-0.0304,0.0981,0,0.0237,0.9974,0.0685,0,-0.1,-0.0658,0.9928,0,0,13.8774,-4.3542,1]},
{"frame":22,"values":[0.995,-0.0302,0.0952,0,0.0235,0.9972,0.0712,0,-0.0971,-0.0686,0.9929,0,0,13.8774,-4.3542,1]},
{"frame":23,"values":[0.995,-0.0186,0.0978,0,0.011,0.9969,0.0774,0,-0.099,-0.0759,0.9922,0,0,13.8774,-4.3542,1]},
{"frame":24,"values":[0.9948,-0.0165,0.1003,0,0.0087,0.9969,0.0776,0,-0.1012,-0.0763,0.9919,0,0,13.8774,-4.3542,1]},
{"frame":25,"values":[0.9947,-0.0168,0.1015,0,0.0085,0.9966,0.0824,0,-0.1026,-0.0811,0.9914,0,0,13.8774,-4.3542,1]},
{"frame":26,"values":[0.9945,-0.0147,0.1038,0,0.0056,0.9962,0.0874,0,-0.1047,-0.0863,0.9907,0,0,13.8774,-4.3542,1]}],"loopBehavior":1,"name":"anim","property":"_matrix"}},
{"name":"Neck1","index":5,"matrix":[1,0,0,0,0,1,0,0,0,0,1,0,0,4.34,0.9269,1],"rest":[1,0,0,0,0,1,0,0,0,0,1,0,0,4.34,0.9269,1],"parentBoneIndex":4,"length":6.2291
,"animation":{"dataType":3,"framePerSecond":24,"keys":[
{"frame":1,"values":[1,0,0,0,0,1,0,0,0,0,1,0,0,4.34,0.9269,1]},
{"frame":26,"values":[1,0,0,0,0,1,0,0,0,0,1,0,0,4.34,0.9269,1]}],"loopBehavior":1,"name":"anim","property":"_matrix"}},
{"name":"Head","index":6,"matrix":[0.8113,0.1647,0.561,0,-0.0844,0.9824,-0.1664,0,-0.5786,0.0877,0.8109,0,0,4.0266,0.8585,1],"rest":[1,0,0,0,0,1,0,0,0,0,1,0,0,4.0266,0.8585,1],"parentBoneIndex":5,"length":14.8424
,"animation":{"dataType":3,"framePerSecond":24,"keys":[
{"frame":1,"values":[0.8113,0.1647,0.561,0,-0.0844,0.9824,-0.1664,0,-0.5786,0.0877,0.8109,0,0,4.0266,0.8585,1]},
{"frame":2,"values":[0.8081,0.1705,0.5639,0,-0.0912,0.9819,-0.1661,0,-0.582,0.0827,0.809,0,0,4.0266,0.8585,1]},
{"frame":3,"values":[0.8035,0.1821,0.5667,0,-0.0966,0.9793,-0.1776,0,-0.5874,0.088,0.8045,0,0,4.0266,0.8585,1]},
{"frame":4,"values":[0.7994,0.1887,0.5704,0,-0.0944,0.9771,-0.191,0,-0.5933,0.0988,0.7989,0,0,4.0266,0.8585,1]},
{"frame":5,"values":[0.7969,0.1959,0.5714,0,-0.0905,0.974,-0.2078,0,-0.5973,0.1139,0.7939,0,0,4.0266,0.8585,1]},
{"frame":6,"values":[0.7941,0.2145,0.5686,0,-0.1005,0.9691,-0.2253,0,-0.5994,0.1218,0.7911,0,0,4.0266,0.8585,1]},
{"frame":7,"values":[0.7892,0.2296,0.5696,0,-0.1164,0.9666,-0.2284,0,-0.6031,0.114,0.7895,0,0,4.0266,0.8585,1]},
{"frame":8,"values":[0.7881,0.2273,0.5721,0,-0.1314,0.97,-0.2044,0,-0.6014,0.0859,0.7943,0,0,4.0266,0.8585,1]},
{"frame":9,"values":[0.7857,0.2349,0.5723,0,-0.1483,0.9696,-0.1944,0,-0.6006,0.0679,0.7967,0,0,4.0266,0.8585,1]},
{"frame":10,"values":[0.7802,0.2608,0.5686,0,-0.1639,0.9624,-0.2165,0,-0.6036,0.0757,0.7936,0,0,4.0266,0.8585,1]},
{"frame":11,"values":[0.7914,0.2507,0.5575,0,-0.1533,0.9643,-0.2161,0,-0.5917,0.0856,0.8016,0,0,4.0266,0.8585,1]},
{"frame":12,"values":[0.8055,0.219,0.5506,0,-0.1308,0.972,-0.1953,0,-0.578,0.0853,0.8116,0,0,4.0266,0.8585,1]},
{"frame":13,"values":[0.8089,0.197,0.5539,0,-0.1177,0.9774,-0.1757,0,-0.576,0.0769,0.8138,0,0,4.0266,0.8585,1]},
{"frame":14,"values":[0.8102,0.1816,0.5573,0,-0.1078,0.9808,-0.1628,0,-0.5761,0.0718,0.8142,0,0,4.0266,0.8585,1]},
{"frame":15,"values":[0.8123,0.1722,0.5572,0,-0.1006,0.9825,-0.157,0,-0.5745,0.0714,0.8154,0,0,4.0266,0.8585,1]},
{"frame":16,"values":[0.8115,0.1778,0.5566,0,-0.1057,0.9815,-0.1594,0,-0.5747,0.0705,0.8153,0,0,4.0266,0.8585,1]},
{"frame":17,"values":[0.8045,0.192,0.5621,0,-0.1191,0.9792,-0.1639,0,-0.5819,0.0649,0.8107,0,0,4.0266,0.8585,1]},
{"frame":18,"values":[0.795,0.2008,0.5725,0,-0.124,0.9775,-0.1706,0,-0.5938,0.0646,0.802,0,0,4.0266,0.8585,1]},
{"frame":19,"values":[0.7908,0.2073,0.576,0,-0.1164,0.9747,-0.191,0,-0.601,0.084,0.7948,0,0,4.0266,0.8585,1]},
{"frame":20,"values":[0.7969,0.2004,0.5699,0,-0.0954,0.9733,-0.209,0,-0.5965,0.1122,0.7947,0,0,4.0266,0.8585,1]},
{"frame":21,"values":[0.813,0.1756,0.5552,0,-0.0713,0.9763,-0.2045,0,-0.5779,0.1266,0.8062,0,0,4.0266,0.8585,1]},
{"frame":22,"values":[0.8266,0.1616,0.5391,0,-0.058,0.9772,-0.204,0,-0.5598,0.1374,0.8172,0,0,4.0266,0.8585,1]},
{"frame":23,"values":[0.8252,0.164,0.5405,0,-0.0614,0.9773,-0.2028,0,-0.5615,0.1341,0.8165,0,0,4.0266,0.8585,1]},
{"frame":24,"values":[0.8185,0.1664,0.5499,0,-0.0738,0.9797,-0.1865,0,-0.5697,0.112,0.8142,0,0,4.0266,0.8585,1]},
{"frame":25,"values":[0.8159,0.1633,0.5547,0,-0.0793,0.9818,-0.1723,0,-0.5728,0.0966,0.814,0,0,4.0266,0.8585,1]},
{"frame":26,"values":[0.8113,0.1647,0.561,0,-0.0844,0.9824,-0.1664,0,-0.5786,0.0877,0.8109,0,0,4.0266,0.8585,1]}],"loopBehavior":1,"name":"anim","property":"_matrix"}},
{"name":"L_Ear","index":7,"matrix":[1,0,0,0,0,1,0,0,0,0,1,0,6.8586,8.862,3.3161,1],"rest":[1,0,0,0,0,1,0,0,0,0,1,0,6.8586,8.862,3.3161,1],"parentBoneIndex":6,"length":14.8424
,"animation":{"dataType":3,"framePerSecond":24,"keys":[
{"frame":1,"values":[1,0,0,0,0,1,0,0,0,0,1,0,6.8586,8.862,3.3161,1]},
{"frame":26,"values":[1,0,0,0,0,1,0,0,0,0,1,0,6.8586,8.862,3.3161,1]}],"loopBehavior":1,"name":"anim","property":"_matrix"}},
{"name":"Jaw","index":8,"matrix":[1,0,0,0,0,1,0,0,0,0,1,0,0.0038,6.235,4.4131,1],"rest":[1,0,0,0,0,1,0,0,0,0,1,0,0.0038,6.235,4.4131,1],"parentBoneIndex":6,"length":8.9884
,"animation":{"dataType":3,"framePerSecond":24,"keys":[
{"frame":1,"values":[1,0,0,0,0,1,0,0,0,0,1,0,0.0038,6.235,4.4131,1]},
{"frame":26,"values":[1,0,0,0,0,1,0,0,0,0,1,0,0.0038,6.235,4.4131,1]}],"loopBehavior":1,"name":"anim","property":"_matrix"}},
{"name":"TongueBack","index":9,"matrix":[1,0,0,0,0,1,0,0,0,0,1,0,0,-3.3518,4.6468,1],"rest":[1,0,0,0,0,1,0,0,0,0,1,0,0,-3.3518,4.6468,1],"parentBoneIndex":8,"length":1.6664
,"animation":{"dataType":3,"framePerSecond":24,"keys":[
{"frame":1,"values":[1,0,0,0,0,1,0,0,0,0,1,0,0,-3.3518,4.6468,1]},
{"frame":26,"values":[1,0,0,0,0,1,0,0,0,0,1,0,0,-3.3518,4.6468,1]}],"loopBehavior":1,"name":"anim","property":"_matrix"}},
{"name":"TongueMid","index":10,"matrix":[1,0,0,0,0,1,0,0,0,0,1,0,0,0.0424,1.6659,1],"rest":[1,0,0,0,0,1,0,0,0,0,1,0,0,0.0424,1.6659,1],"parentBoneIndex":9,"length":1.3562
,"animation":{"dataType":3,"framePerSecond":24,"keys":[
{"frame":1,"values":[1,0,0,0,0,1,0,0,0,0,1,0,0,0.0424,1.6659,1]},
{"frame":26,"values":[1,0,0,0,0,1,0,0,0,0,1,0,0,0.0424,1.6659,1]}],"loopBehavior":1,"name":"anim","property":"_matrix"}},
{"name":"TongueTip","index":11,"matrix":[1,0,0,0,0,1,0,0,0,0,1,0,0,-0.4344,1.2847,1],"rest":[1,0,0,0,0,1,0,0,0,0,1,0,0,-0.4344,1.2847,1],"parentBoneIndex":10,"length":1.3562
,"animation":{"dataType":3,"framePerSecond":24,"keys":[
{"frame":1,"values":[1,0,0,0,0,1,0,0,0,0,1,0,0,-0.4344,1.2847,1]},
{"frame":26,"values":[1,0,0,0,0,1,0,0,0,0,1,0,0,-0.4344,1.2847,1]}],"loopBehavior":1,"name":"anim","property":"_matrix"}},
{"name":"Chin","index":12,"matrix":[1,0,0,0,0,1,0,0,0,0,1,0,-0.0038,-6.1605,9.1241,1],"rest":[1,0,0,0,0,1,0,0,0,0,1,0,-0.0038,-6.1605,9.1241,1],"parentBoneIndex":8,"length":8.9884
,"animation":{"dataType":3,"framePerSecond":24,"keys":[
{"frame":1,"values":[1,0,0,0,0,1,0,0,0,0,1,0,-0.0038,-6.1605,9.1241,1]},
{"frame":26,"values":[1,0,0,0,0,1,0,0,0,0,1,0,-0.0038,-6.1605,9.1241,1]}],"loopBehavior":1,"name":"anim","property":"_matrix"}},
{"name":"LowerChin","index":13,"matrix":[1,0,0,0,0,1,0,0,0,0,1,0,-0.0038,-8.2784,6.0042,1],"rest":[1,0,0,0,0,1,0,0,0,0,1,0,-0.0038,-8.2784,6.0042,1],"parentBoneIndex":8,"length":8.9884
,"animation":{"dataType":3,"framePerSecond":24,"keys":[
{"frame":1,"values":[1,0,0,0,0,1,0,0,0,0,1,0,-0.0038,-8.2784,6.0042,1]},
{"frame":26,"values":[1,0,0,0,0,1,0,0,0,0,1,0,-0.0038,-8.2784,6.0042,1]}],"loopBehavior":1,"name":"anim","property":"_matrix"}},
{"name":"L_Temple","index":14,"matrix":[1,0,0,0,0,1,0,0,0,0,1,0,6.7164,11.953,7.4033,1],"rest":[1,0,0,0,0,1,0,0,0,0,1,0,6.7164,11.953,7.4033,1],"parentBoneIndex":6,"length":14.8424
,"animation":{"dataType":3,"framePerSecond":24,"keys":[
{"frame":1,"values":[1,0,0,0,0,1,0,0,0,0,1,0,6.7164,11.953,7.4033,1]},
{"frame":26,"values":[1,0,0,0,0,1,0,0,0,0,1,0,6.7164,11.953,7.4033,1]}],"loopBehavior":1,"name":"anim","property":"_matrix"}},
{"name":"L_IOuterBrow","index":15,"matrix":[1,0,0,0,0,1,0,0,0,0,1,0,5.185,11.3348,12.3701,1],"rest":[1,0,0,0,0,1,0,0,0,0,1,0,5.185,11.3348,12.3701,1],"parentBoneIndex":6,"length":14.8424
,"animation":{"dataType":3,"framePerSecond":24,"keys":[
{"frame":1,"values":[1,0,0,0,0,1,0,0,0,0,1,0,5.185,11.3348,12.3701,1]},
{"frame":26,"values":[1,0,0,0,0,1,0,0,0,0,1,0,5.185,11.3348,12.3701,1]}],"loopBehavior":1,"name":"anim","property":"_matrix"}},
{"name":"L_MidBrow","index":16,"matrix":[1,0,0,0,0,1,0,0,0,0,1,0,3.3668,11.4156,13.6166,1],"rest":[1,0,0,0,0,1,0,0,0,0,1,0,3.3668,11.4156,13.6166,1],"parentBoneIndex":6,"length":14.8424
,"animation":{"dataType":3,"framePerSecond":24,"keys":[
{"frame":1,"values":[1,0,0,0,0,1,0,0,0,0,1,0,3.3668,11.4156,13.6166,1]},
{"frame":26,"values":[1,0,0,0,0,1,0,0,0,0,1,0,3.3668,11.4156,13.6166,1]}],"loopBehavior":1,"name":"anim","property":"_matrix"}},
{"name":"L_InnerBrow","index":17,"matrix":[1,0,0,0,0,1,0,0,0,0,1,0,1.6599,10.7576,14.115,1],"rest":[1,0,0,0,0,1,0,0,0,0,1,0,1.6599,10.7576,14.115,1],"parentBoneIndex":6,"length":14.8424
,"animation":{"dataType":3,"framePerSecond":24,"keys":[
{"frame":1,"values":[1,0,0,0,0,1,0,0,0,0,1,0,1.6599,10.7576,14.115,1]},
{"frame":26,"values":[1,0,0,0,0,1,0,0,0,0,1,0,1.6599,10.7576,14.115,1]}],"loopBehavior":1,"name":"anim","property":"_matrix"}},
{"name":"L_Eye","index":18,"matrix":[1,0,0,0,0,1,0,0,0,0,1,0,3.0989,9.6989,11.4382,1],"rest":[1,0,0,0,0,1,0,0,0,0,1,0,3.0989,9.6989,11.4382,1],"parentBoneIndex":6,"length":14.8424
,"animation":{"dataType":3,"framePerSecond":24,"keys":[
{"frame":1,"values":[1,0,0,0,0,1,0,0,0,0,1,0,3.0989,9.6989,11.4382,1]},
{"frame":26,"values":[1,0,0,0,0,1,0,0,0,0,1,0,3.0989,9.6989,11.4382,1]}],"loopBehavior":1,"name":"anim","property":"_matrix"}},
{"name":"L_EyelidLower","index":19,"matrix":[1,0,0,0,0,1,0,0,0,0,1,0,3.0989,9.6989,11.4382,1],"rest":[1,0,0,0,0,1,0,0,0,0,1,0,3.0989,9.6989,11.4382,1],"parentBoneIndex":6,"length":14.8424
,"animation":{"dataType":3,"framePerSecond":24,"keys":[
{"frame":1,"values":[1,0,0,0,0,1,0,0,0,0,1,0,3.0989,9.6989,11.4382,1]},
{"frame":26,"values":[1,0,0,0,0,1,0,0,0,0,1,0,3.0989,9.6989,11.4382,1]}],"loopBehavior":1,"name":"anim","property":"_matrix"}},
{"name":"L_EyelidUpper","index":20,"matrix":[1,0,0,0,0,1,0,0,0,0,1,0,3.0989,9.6989,11.4382,1],"rest":[1,0,0,0,0,1,0,0,0,0,1,0,3.0989,9.6989,11.4382,1],"parentBoneIndex":6,"length":14.8424
,"animation":{"dataType":3,"framePerSecond":24,"keys":[
{"frame":1,"values":[1,0,0,0,0,1,0,0,0,0,1,0,3.0989,9.6989,11.4382,1]},
{"frame":26,"values":[1,0,0,0,0,1,0,0,0,0,1,0,3.0989,9.6989,11.4382,1]}],"loopBehavior":1,"name":"anim","property":"_matrix"}},
{"name":"L_InnerCheek","index":21,"matrix":[1,0,0,0,0,1,0,0,0,0,1,0,2.1484,7.4937,13.4347,1],"rest":[1,0,0,0,0,1,0,0,0,0,1,0,2.1484,7.4937,13.4347,1],"parentBoneIndex":6,"length":14.8424
,"animation":{"dataType":3,"framePerSecond":24,"keys":[
{"frame":1,"values":[1,0,0,0,0,1,0,0,0,0,1,0,2.1484,7.4937,13.4347,1]},
{"frame":26,"values":[1,0,0,0,0,1,0,0,0,0,1,0,2.1484,7.4937,13.4347,1]}],"loopBehavior":1,"name":"anim","property":"_matrix"}},
{"name":"L_LowerCheek","index":22,"matrix":[1,0,0,0,0,1,0,0,0,0,1,0,4.3527,2.5675,9.9423,1],"rest":[1,0,0,0,0,1,0,0,0,0,1,0,4.3527,2.5675,9.9423,1],"parentBoneIndex":6,"length":14.8424
,"animation":{"dataType":3,"framePerSecond":24,"keys":[
{"frame":1,"values":[1,0,0,0,0,1,0,0,0,0,1,0,4.3527,2.5675,9.9423,1]},
{"frame":26,"values":[1,0,0,0,0,1,0,0,0,0,1,0,4.3527,2.5675,9.9423,1]}],"loopBehavior":1,"name":"anim","property":"_matrix"}},
{"name":"L_LipCorner","index":23,"matrix":[1,0,0,0,0,1,0,0,0,0,1,0,2.9076,2.9095,12.5938,1],"rest":[1,0,0,0,0,1,0,0,0,0,1,0,2.9076,2.9095,12.5938,1],"parentBoneIndex":6,"length":0.9548
,"animation":{"dataType":3,"framePerSecond":24,"keys":[
{"frame":1,"values":[1,0,0,0,0,1,0,0,0,0,1,0,2.9076,2.9095,12.5938,1]},
{"frame":26,"values":[1,0,0,0,0,1,0,0,0,0,1,0,2.9076,2.9095,12.5938,1]}],"loopBehavior":1,"name":"anim","property":"_matrix"}},
{"name":"L_LipCornerLowTweak","index":24,"matrix":[1,0,0,0,0,1,0,0,0,0,1,0,-0.8072,-0.3254,0.4547,1],"rest":[1,0,0,0,0,1,0,0,0,0,1,0,-0.8072,-0.3254,0.4547,1],"parentBoneIndex":23,"length":0.9548
,"animation":{"dataType":3,"framePerSecond":24,"keys":[
{"frame":1,"values":[1,0,0,0,0,1,0,0,0,0,1,0,-0.8072,-0.3254,0.4547,1]},
{"frame":26,"values":[1,0,0,0,0,1,0,0,0,0,1,0,-0.8072,-0.3254,0.4547,1]}],"loopBehavior":1,"name":"anim","property":"_matrix"}},
{"name":"L_LipCornerUpTweak","index":25,"matrix":[1,0,0,0,0,1,0,0,0,0,1,0,-0.7251,0.0237,0.5782,1],"rest":[1,0,0,0,0,1,0,0,0,0,1,0,-0.7251,0.0237,0.5782,1],"parentBoneIndex":23,"length":0.9548
,"animation":{"dataType":3,"framePerSecond":24,"keys":[
{"frame":1,"values":[1,0,0,0,0,1,0,0,0,0,1,0,-0.7251,0.0237,0.5782,1]},
{"frame":26,"values":[1,0,0,0,0,1,0,0,0,0,1,0,-0.7251,0.0237,0.5782,1]}],"loopBehavior":1,"name":"anim","property":"_matrix"}},
{"name":"L_LipLower","index":26,"matrix":[1,0,0,0,0,1,0,0,0,0,1,0,1.2586,2.3762,13.5915,1],"rest":[1,0,0,0,0,1,0,0,0,0,1,0,1.2586,2.3762,13.5915,1],"parentBoneIndex":6,"length":14.8424
,"animation":{"dataType":3,"framePerSecond":24,"keys":[
{"frame":1,"values":[1,0,0,0,0,1,0,0,0,0,1,0,1.2586,2.3762,13.5915,1]},
{"frame":26,"values":[1,0,0,0,0,1,0,0,0,0,1,0,1.2586,2.3762,13.5915,1]}],"loopBehavior":1,"name":"anim","property":"_matrix"}},
{"name":"L_LipUpper","index":27,"matrix":[1,0,0,0,0,1,0,0,0,0,1,0,1.2981,3.1535,13.8987,1],"rest":[1,0,0,0,0,1,0,0,0,0,1,0,1.2981,3.1535,13.8987,1],"parentBoneIndex":6,"length":14.8424
,"animation":{"dataType":3,"framePerSecond":24,"keys":[
{"frame":1,"values":[1,0,0,0,0,1,0,0,0,0,1,0,1.2981,3.1535,13.8987,1]},
{"frame":26,"values":[1,0,0,0,0,1,0,0,0,0,1,0,1.2981,3.1535,13.8987,1]}],"loopBehavior":1,"name":"anim","property":"_matrix"}},
{"name":"LipMidLower","index":28,"matrix":[1,0,0,0,0,1,0,0,0,0,1,0,0,2.4182,14.0113,1],"rest":[1,0,0,0,0,1,0,0,0,0,1,0,0,2.4182,14.0113,1],"parentBoneIndex":6,"length":14.8424
,"animation":{"dataType":3,"framePerSecond":24,"keys":[
{"frame":1,"values":[1,0,0,0,0,1,0,0,0,0,1,0,0,2.4182,14.0113,1]},
{"frame":26,"values":[1,0,0,0,0,1,0,0,0,0,1,0,0,2.4182,14.0113,1]}],"loopBehavior":1,"name":"anim","property":"_matrix"}},
{"name":"LipMidUpper","index":29,"matrix":[1,0,0,0,0,1,0,0,0,0,1,0,0,3.2177,14.3127,1],"rest":[1,0,0,0,0,1,0,0,0,0,1,0,0,3.2177,14.3127,1],"parentBoneIndex":6,"length":14.8424
,"animation":{"dataType":3,"framePerSecond":24,"keys":[
{"frame":1,"values":[1,0,0,0,0,1,0,0,0,0,1,0,0,3.2177,14.3127,1]},
{"frame":26,"values":[1,0,0,0,0,1,0,0,0,0,1,0,0,3.2177,14.3127,1]}],"loopBehavior":1,"name":"anim","property":"_matrix"}},
{"name":"L_CheekFold","index":30,"matrix":[1,0,0,0,0,1,0,0,0,0,1,0,2.8997,4.8397,12.9905,1],"rest":[1,0,0,0,0,1,0,0,0,0,1,0,2.8997,4.8397,12.9905,1],"parentBoneIndex":6,"length":14.8424
,"animation":{"dataType":3,"framePerSecond":24,"keys":[
{"frame":1,"values":[1,0,0,0,0,1,0,0,0,0,1,0,2.8997,4.8397,12.9905,1]},
{"frame":26,"values":[1,0,0,0,0,1,0,0,0,0,1,0,2.8997,4.8397,12.9905,1]}],"loopBehavior":1,"name":"anim","property":"_matrix"}},
{"name":"L_Nostril","index":31,"matrix":[1,0,0,0,0,1,0,0,0,0,1,0,1.2793,5.2449,14.0405,1],"rest":[1,0,0,0,0,1,0,0,0,0,1,0,1.2793,5.2449,14.0405,1],"parentBoneIndex":6,"length":14.8424
,"animation":{"dataType":3,"framePerSecond":24,"keys":[
{"frame":1,"values":[1,0,0,0,0,1,0,0,0,0,1,0,1.2793,5.2449,14.0405,1]},
{"frame":26,"values":[1,0,0,0,0,1,0,0,0,0,1,0,1.2793,5.2449,14.0405,1]}],"loopBehavior":1,"name":"anim","property":"_matrix"}},
{"name":"Scalp","index":32,"matrix":[1,0,0,0,0,1,0,0,0,0,1,0,0.0038,15.512,8.5871,1],"rest":[1,0,0,0,0,1,0,0,0,0,1,0,0.0038,15.512,8.5871,1],"parentBoneIndex":6,"length":14.8424
,"animation":{"dataType":3,"framePerSecond":24,"keys":[
{"frame":1,"values":[1,0,0,0,0,1,0,0,0,0,1,0,0.0038,15.512,8.5871,1]},
{"frame":26,"values":[1,0,0,0,0,1,0,0,0,0,1,0,0.0038,15.512,8.5871,1]}],"loopBehavior":1,"name":"anim","property":"_matrix"}},
{"name":"L_OuterCheek","index":33,"matrix":[1,0,0,0,0,1,0,0,0,0,1,0,4.805,7.1686,11.679,1],"rest":[1,0,0,0,0,1,0,0,0,0,1,0,4.805,7.1686,11.679,1],"parentBoneIndex":6,"length":14.8424
,"animation":{"dataType":3,"framePerSecond":24,"keys":[
{"frame":1,"values":[1,0,0,0,0,1,0,0,0,0,1,0,4.805,7.1686,11.679,1]},
{"frame":26,"values":[1,0,0,0,0,1,0,0,0,0,1,0,4.805,7.1686,11.679,1]}],"loopBehavior":1,"name":"anim","property":"_matrix"}},
{"name":"R_LipLower","index":34,"matrix":[1,0,0,0,0,1,0,0,0,0,1,0,-1.2586,2.3762,13.5915,1],"rest":[1,0,0,0,0,1,0,0,0,0,1,0,-1.2586,2.3762,13.5915,1],"parentBoneIndex":6,"length":14.8424
,"animation":{"dataType":3,"framePerSecond":24,"keys":[
{"frame":1,"values":[1,0,0,0,0,1,0,0,0,0,1,0,-1.2586,2.3762,13.5915,1]},
{"frame":26,"values":[1,0,0,0,0,1,0,0,0,0,1,0,-1.2586,2.3762,13.5915,1]}],"loopBehavior":1,"name":"anim","property":"_matrix"}},
{"name":"RightNostril","index":35,"matrix":[1,0,0,0,0,1,0,0,0,0,1,0,-1.2793,5.2449,14.0405,1],"rest":[1,0,0,0,0,1,0,0,0,0,1,0,-1.2793,5.2449,14.0405,1],"parentBoneIndex":6,"length":14.8424
,"animation":{"dataType":3,"framePerSecond":24,"keys":[
{"frame":1,"values":[1,0,0,0,0,1,0,0,0,0,1,0,-1.2793,5.2449,14.0405,1]},
{"frame":26,"values":[1,0,0,0,0,1,0,0,0,0,1,0,-1.2793,5.2449,14.0405,1]}],"loopBehavior":1,"name":"anim","property":"_matrix"}},
{"name":"R_CheekFold","index":36,"matrix":[1,0,0,0,0,1,0,0,0,0,1,0,-2.8997,4.8397,12.9905,1],"rest":[1,0,0,0,0,1,0,0,0,0,1,0,-2.8997,4.8397,12.9905,1],"parentBoneIndex":6,"length":14.8424
,"animation":{"dataType":3,"framePerSecond":24,"keys":[
{"frame":1,"values":[1,0,0,0,0,1,0,0,0,0,1,0,-2.8997,4.8397,12.9905,1]},
{"frame":26,"values":[1,0,0,0,0,1,0,0,0,0,1,0,-2.8997,4.8397,12.9905,1]}],"loopBehavior":1,"name":"anim","property":"_matrix"}},
{"name":"R_LowerCheek","index":37,"matrix":[1,0,0,0,0,1,0,0,0,0,1,0,-4.3527,2.5675,9.9423,1],"rest":[1,0,0,0,0,1,0,0,0,0,1,0,-4.3527,2.5675,9.9423,1],"parentBoneIndex":6,"length":14.8424
,"animation":{"dataType":3,"framePerSecond":24,"keys":[
{"frame":1,"values":[1,0,0,0,0,1,0,0,0,0,1,0,-4.3527,2.5675,9.9423,1]},
{"frame":26,"values":[1,0,0,0,0,1,0,0,0,0,1,0,-4.3527,2.5675,9.9423,1]}],"loopBehavior":1,"name":"anim","property":"_matrix"}},
{"name":"R_gLipCorner","index":38,"matrix":[1,0,0,0,0,1,0,0,0,0,1,0,-2.9076,2.9095,12.5938,1],"rest":[1,0,0,0,0,1,0,0,0,0,1,0,-2.9076,2.9095,12.5938,1],"parentBoneIndex":6,"length":0.9548
,"animation":{"dataType":3,"framePerSecond":24,"keys":[
{"frame":1,"values":[1,0,0,0,0,1,0,0,0,0,1,0,-2.9076,2.9095,12.5938,1]},
{"frame":26,"values":[1,0,0,0,0,1,0,0,0,0,1,0,-2.9076,2.9095,12.5938,1]}],"loopBehavior":1,"name":"anim","property":"_matrix"}},
{"name":"R_gLipCornerLowTweak","index":39,"matrix":[1,0,0,0,0,1,0,0,0,0,1,0,0.8072,-0.3254,0.4547,1],"rest":[1,0,0,0,0,1,0,0,0,0,1,0,0.8072,-0.3254,0.4547,1],"parentBoneIndex":38,"length":0.9548
,"animation":{"dataType":3,"framePerSecond":24,"keys":[
{"frame":1,"values":[1,0,0,0,0,1,0,0,0,0,1,0,0.8072,-0.3254,0.4547,1]},
{"frame":26,"values":[1,0,0,0,0,1,0,0,0,0,1,0,0.8072,-0.3254,0.4547,1]}],"loopBehavior":1,"name":"anim","property":"_matrix"}},
{"name":"R_gLipCornerUpTweak","index":40,"matrix":[1,0,0,0,0,1,0,0,0,0,1,0,0.7251,0.0237,0.5782,1],"rest":[1,0,0,0,0,1,0,0,0,0,1,0,0.7251,0.0237,0.5782,1],"parentBoneIndex":38,"length":0.9548
,"animation":{"dataType":3,"framePerSecond":24,"keys":[
{"frame":1,"values":[1,0,0,0,0,1,0,0,0,0,1,0,0.7251,0.0237,0.5782,1]},
{"frame":26,"values":[1,0,0,0,0,1,0,0,0,0,1,0,0.7251,0.0237,0.5782,1]}],"loopBehavior":1,"name":"anim","property":"_matrix"}},
{"name":"R_LipUpper","index":41,"matrix":[1,0,0,0,0,1,0,0,0,0,1,0,-1.2981,3.1535,13.8987,1],"rest":[1,0,0,0,0,1,0,0,0,0,1,0,-1.2981,3.1535,13.8987,1],"parentBoneIndex":6,"length":14.8424
,"animation":{"dataType":3,"framePerSecond":24,"keys":[
{"frame":1,"values":[1,0,0,0,0,1,0,0,0,0,1,0,-1.2981,3.1535,13.8987,1]},
{"frame":26,"values":[1,0,0,0,0,1,0,0,0,0,1,0,-1.2981,3.1535,13.8987,1]}],"loopBehavior":1,"name":"anim","property":"_matrix"}},
{"name":"R_OuterCheek","index":42,"matrix":[1,0,0,0,0,1,0,0,0,0,1,0,-4.805,7.1686,11.679,1],"rest":[1,0,0,0,0,1,0,0,0,0,1,0,-4.805,7.1686,11.679,1],"parentBoneIndex":6,"length":14.8424
,"animation":{"dataType":3,"framePerSecond":24,"keys":[
{"frame":1,"values":[1,0,0,0,0,1,0,0,0,0,1,0,-4.805,7.1686,11.679,1]},
{"frame":26,"values":[1,0,0,0,0,1,0,0,0,0,1,0,-4.805,7.1686,11.679,1]}],"loopBehavior":1,"name":"anim","property":"_matrix"}},
{"name":"MidBrows","index":43,"matrix":[1,0,0,0,0,1,0,0,0,0,1,0,0,10.8004,14.2738,1],"rest":[1,0,0,0,0,1,0,0,0,0,1,0,0,10.8004,14.2738,1],"parentBoneIndex":6,"length":14.8424
,"animation":{"dataType":3,"framePerSecond":24,"keys":[
{"frame":1,"values":[1,0,0,0,0,1,0,0,0,0,1,0,0,10.8004,14.2738,1]},
{"frame":26,"values":[1,0,0,0,0,1,0,0,0,0,1,0,0,10.8004,14.2738,1]}],"loopBehavior":1,"name":"anim","property":"_matrix"}},
{"name":"R_InnerBrow","index":44,"matrix":[1,0,0,0,0,1,0,0,0,0,1,0,-1.6599,10.7576,14.115,1],"rest":[1,0,0,0,0,1,0,0,0,0,1,0,-1.6599,10.7576,14.115,1],"parentBoneIndex":6,"length":14.8424
,"animation":{"dataType":3,"framePerSecond":24,"keys":[
{"frame":1,"values":[1,0,0,0,0,1,0,0,0,0,1,0,-1.6599,10.7576,14.115,1]},
{"frame":26,"values":[1,0,0,0,0,1,0,0,0,0,1,0,-1.6599,10.7576,14.115,1]}],"loopBehavior":1,"name":"anim","property":"_matrix"}},
{"name":"R_MidBrow","index":45,"matrix":[1,0,0,0,0,1,0,0,0,0,1,0,-3.3668,11.4156,13.6166,1],"rest":[1,0,0,0,0,1,0,0,0,0,1,0,-3.3668,11.4156,13.6166,1],"parentBoneIndex":6,"length":14.8424
,"animation":{"dataType":3,"framePerSecond":24,"keys":[
{"frame":1,"values":[1,0,0,0,0,1,0,0,0,0,1,0,-3.3668,11.4156,13.6166,1]},
{"frame":26,"values":[1,0,0,0,0,1,0,0,0,0,1,0,-3.3668,11.4156,13.6166,1]}],"loopBehavior":1,"name":"anim","property":"_matrix"}},
{"name":"R_IOuterBrow","index":46,"matrix":[1,0,0,0,0,1,0,0,0,0,1,0,-5.185,11.3348,12.3701,1],"rest":[1,0,0,0,0,1,0,0,0,0,1,0,-5.185,11.3348,12.3701,1],"parentBoneIndex":6,"length":14.8424
,"animation":{"dataType":3,"framePerSecond":24,"keys":[
{"frame":1,"values":[1,0,0,0,0,1,0,0,0,0,1,0,-5.185,11.3348,12.3701,1]},
{"frame":26,"values":[1,0,0,0,0,1,0,0,0,0,1,0,-5.185,11.3348,12.3701,1]}],"loopBehavior":1,"name":"anim","property":"_matrix"}},
{"name":"R_Eye","index":47,"matrix":[1,0,0,0,0,1,0,0,0,0,1,0,-3.0989,9.6989,11.4382,1],"rest":[1,0,0,0,0,1,0,0,0,0,1,0,-3.0989,9.6989,11.4382,1],"parentBoneIndex":6,"length":14.8424
,"animation":{"dataType":3,"framePerSecond":24,"keys":[
{"frame":1,"values":[1,0,0,0,0,1,0,0,0,0,1,0,-3.0989,9.6989,11.4382,1]},
{"frame":26,"values":[1,0,0,0,0,1,0,0,0,0,1,0,-3.0989,9.6989,11.4382,1]}],"loopBehavior":1,"name":"anim","property":"_matrix"}},
{"name":"R_EyelidLower","index":48,"matrix":[1,0,0,0,0,1,0,0,0,0,1,0,-3.0989,9.6989,11.4382,1],"rest":[1,0,0,0,0,1,0,0,0,0,1,0,-3.0989,9.6989,11.4382,1],"parentBoneIndex":6,"length":14.8424
,"animation":{"dataType":3,"framePerSecond":24,"keys":[
{"frame":1,"values":[1,0,0,0,0,1,0,0,0,0,1,0,-3.0989,9.6989,11.4382,1]},
{"frame":26,"values":[1,0,0,0,0,1,0,0,0,0,1,0,-3.0989,9.6989,11.4382,1]}],"loopBehavior":1,"name":"anim","property":"_matrix"}},
{"name":"R_EyelidUpper","index":49,"matrix":[1,0,0,0,0,1,0,0,0,0,1,0,-3.0989,9.6989,11.4382,1],"rest":[1,0,0,0,0,1,0,0,0,0,1,0,-3.0989,9.6989,11.4382,1],"parentBoneIndex":6,"length":14.8424
,"animation":{"dataType":3,"framePerSecond":24,"keys":[
{"frame":1,"values":[1,0,0,0,0,1,0,0,0,0,1,0,-3.0989,9.6989,11.4382,1]},
{"frame":26,"values":[1,0,0,0,0,1,0,0,0,0,1,0,-3.0989,9.6989,11.4382,1]}],"loopBehavior":1,"name":"anim","property":"_matrix"}},
