{"producer":{"name":"Blender","version":"2.90.0","exporter_version":"2.80.1","file":"straferight.babylon"},
"autoClear":true,"clearColor":[0.0509,0.0509,0.0509],"gravity":[0,-9.81,0],
"materials":[{"name":"Material","id":"Material","customType":"BABYLON.PBRMaterial","backFaceCulling":true,"checkReadyOnlyOnce":false,"maxSimultaneousLights":4,"environmentIntensity":1,"albedo":[0.8,0.8,0.8],"reflectivity":[0.5,0.5,0.5],"roughness":0.4,"alpha":1,"transparencyMode":0,"alphaCutOff":0.4,"metallic":0}],
"multiMaterials":[],
"skeletons":[{"name":"Armature","id":0,"dimensionsAtRest":[188.1767,188.0947,21.7491],"bones":[
{"name":"Hips","index":0,"matrix":[0.4037,-0.0027,-0.9149,0,-0.0742,0.9966,-0.0357,0,-0.9119,-0.0823,-0.4022,0,0.0209,93.6566,-0.0594,1],"rest":[1,0,0,0,0,1,0,0,0,0,-1,0,0,96.3764,0,1],"parentBoneIndex":-1,"length":9.9032
,"animation":{"dataType":3,"framePerSecond":24,"keys":[
{"frame":1,"values":[0.4037,-0.0027,-0.9149,0,-0.0742,0.9966,-0.0357,0,-0.9119,-0.0823,-0.4022,0,0.0209,93.6566,-0.0594,1]},
{"frame":2,"values":[0.3627,0.0073,-0.9319,0,-0.0893,0.9956,-0.0269,0,-0.9276,-0.093,-0.3617,0,0.3241,93.5951,-0.4703,1]},
{"frame":3,"values":[0.3052,-0.0036,-0.9523,0,-0.0966,0.9947,-0.0347,0,-0.9474,-0.1026,-0.3032,0,0.4378,92.4985,-0.8882,1]},
{"frame":4,"values":[0.2121,-0.0301,-0.9768,0,-0.0948,0.9942,-0.0512,0,-0.9726,-0.1035,-0.2081,0,-0.048,90.2337,-1.1942,1]},
{"frame":5,"values":[0.1253,-0.0561,-0.9905,0,-0.0931,0.9933,-0.068,0,-0.9877,-0.1007,-0.1192,0,-0.4755,87.8928,-1.2713,1]},
{"frame":6,"values":[0.0957,-0.0558,-0.9938,0,-0.0977,0.9931,-0.0651,0,-0.9906,-0.1034,-0.0896,0,-0.7323,86.152,-1.1773,1]},
{"frame":7,"values":[0.1226,-0.0198,-0.9923,0,-0.1065,0.9938,-0.033,0,-0.9867,-0.1098,-0.1198,0,-1.4927,85.4206,-1.1427,1]},
{"frame":8,"values":[0.1782,0.0197,-0.9838,0,-0.1141,0.9935,-0.0008,0,-0.9773,-0.1124,-0.1793,0,-2.4255,85.2521,-1.0443,1]},
{"frame":9,"values":[0.246,0.0703,-0.9667,0,-0.1265,0.9912,0.0399,0,-0.961,-0.1125,-0.2527,0,-2.1685,86.2374,-0.9453,1]},
{"frame":10,"values":[0.3055,0.0974,-0.9472,0,-0.1356,0.9891,0.0579,0,-0.9425,-0.1107,-0.3154,0,-1.5683,87.871,-0.9594,1]},
{"frame":11,"values":[0.3531,0.0862,-0.9316,0,-0.1358,0.9899,0.0402,0,-0.9257,-0.1123,-0.3613,0,-1.0956,90.027,-0.6483,1]},
{"frame":12,"values":[0.3911,0.0599,-0.9184,0,-0.1342,0.9909,0.0074,0,-0.9105,-0.1203,-0.3955,0,-0.5089,92.1057,-0.2851,1]},
{"frame":13,"values":[0.4039,0.0356,-0.9141,0,-0.1336,0.9908,-0.0205,0,-0.905,-0.1304,-0.405,0,0.3239,93.7469,-0.3254,1]},
{"frame":14,"values":[0.4082,0.0227,-0.9126,0,-0.1326,0.9906,-0.0347,0,-0.9032,-0.1352,-0.4074,0,1.2738,94.4927,-0.787,1]},
{"frame":15,"values":[0.4185,0.0334,-0.9076,0,-0.1416,0.9895,-0.0288,0,-0.8971,-0.1405,-0.4189,0,1.9681,94.1957,-1.1069,1]},
{"frame":16,"values":[0.4415,0.0622,-0.8951,0,-0.1552,0.9879,-0.0079,0,-0.8837,-0.1424,-0.4458,0,2.1376,92.6208,-1.3067,1]},
{"frame":17,"values":[0.4722,0.0892,-0.8769,0,-0.1602,0.987,0.0141,0,-0.8668,-0.1338,-0.4804,0,1.9746,90.3836,-1.4897,1]},
{"frame":18,"values":[0.4836,0.0957,-0.87,0,-0.1586,0.9871,0.0204,0,-0.8608,-0.1281,-0.4926,0,2.1407,88.6185,-1.557,1]},
{"frame":19,"values":[0.4824,0.0706,-0.8731,0,-0.1356,0.9907,0.0051,0,-0.8654,-0.1159,-0.4875,0,1.613,87.42,-1.3479,1]},
{"frame":20,"values":[0.4847,0.0324,-0.8741,0,-0.1088,0.9938,-0.0234,0,-0.8679,-0.1065,-0.4852,0,0.4723,86.6162,-0.7887,1]},
{"frame":21,"values":[0.482,0.0069,-0.8762,0,-0.1009,0.9938,-0.0477,0,-0.8704,-0.1114,-0.4796,0,-0.162,86.1292,-0.1856,1]},
{"frame":22,"values":[0.4891,-0.0265,-0.8718,0,-0.0789,0.9941,-0.0745,0,-0.8686,-0.1052,-0.4841,0,-0.3884,86.7661,0.2784,1]},
{"frame":23,"values":[0.4846,-0.0373,-0.8739,0,-0.0684,0.9944,-0.0803,0,-0.872,-0.0987,-0.4794,0,-0.4678,88.3943,0.512,1]},
{"frame":24,"values":[0.4547,-0.0326,-0.89,0,-0.0667,0.9953,-0.0705,0,-0.8881,-0.0914,-0.4504,0,-0.4379,90.55,0.4499,1]},
{"frame":25,"values":[0.4305,-0.0227,-0.9023,0,-0.0661,0.9962,-0.0565,0,-0.9002,-0.084,-0.4273,0,-0.3003,92.4947,0.2235,1]},
{"frame":26,"values":[0.4037,-0.0027,-0.9149,0,-0.0742,0.9966,-0.0357,0,-0.9119,-0.0823,-0.4022,0,0.0209,93.6566,-0.0594,1]}],"loopBehavior":1,"name":"anim","property":"_matrix"}},
{"name":"Spine","index":1,"matrix":[0.9918,0.0007,-0.1279,0,0.0124,0.9947,0.102,0,0.1273,-0.1027,0.9865,0,0,9.2263,1.5771,1],"rest":[1,0,0,0,0,1,0,0,0,0,1,0,0,9.2263,1.5771,1],"parentBoneIndex":0,"length":16.2548
,"animation":{"dataType":3,"framePerSecond":24,"keys":[
{"frame":1,"values":[0.9918,0.0007,-0.1279,0,0.0124,0.9947,0.102,0,0.1273,-0.1027,0.9865,0,0,9.2263,1.5771,1]},
{"frame":2,"values":[0.9869,-0.0132,-0.1609,0,0.029,0.995,0.096,0,0.1588,-0.0994,0.9823,0,0,9.2263,1.5771,1]},
{"frame":3,"values":[0.9776,-0.0076,-0.2105,0,0.0269,0.9957,0.0889,0,0.2089,-0.0926,0.9735,0,0,9.2263,1.5771,1]},
{"frame":4,"values":[0.9584,0.0017,-0.2856,0,0.022,0.9966,0.0798,0,0.2847,-0.0828,0.955,0,0,9.2263,1.5771,1]},
{"frame":5,"values":[0.9373,0.0105,-0.3485,0,0.018,0.9968,0.0783,0,0.3482,-0.0797,0.934,0,0,9.2263,1.5771,1]},
{"frame":6,"values":[0.9286,0.0019,-0.371,0,0.0293,0.9965,0.0785,0,0.3699,-0.0838,0.9253,0,0,9.2263,1.5771,1]},
{"frame":7,"values":[0.9337,-0.0345,-0.3564,0,0.0644,0.9953,0.0722,0,0.3522,-0.0903,0.9315,0,0,9.2263,1.5771,1]},
{"frame":8,"values":[0.9391,-0.0694,-0.3365,0,0.0974,0.993,0.0669,0,0.3295,-0.0956,0.9393,0,0,9.2263,1.5771,1]},
{"frame":9,"values":[0.9506,-0.1056,-0.292,0,0.133,0.9882,0.0754,0,0.2806,-0.1105,0.9534,0,0,9.2263,1.5771,1]},
{"frame":10,"values":[0.9674,-0.1116,-0.2275,0,0.1347,0.9869,0.0887,0,0.2146,-0.1164,0.9697,0,0,9.2263,1.5771,1]},
{"frame":11,"values":[0.9792,-0.0904,-0.1815,0,0.1095,0.9891,0.0984,0,0.1706,-0.1162,0.9785,0,0,9.2263,1.5771,1]},
{"frame":12,"values":[0.9875,-0.0558,-0.1474,0,0.0713,0.9922,0.1019,0,0.1405,-0.1111,0.9838,0,0,9.2263,1.5771,1]},
{"frame":13,"values":[0.9912,-0.0226,-0.1303,0,0.0361,0.9941,0.1023,0,0.1272,-0.1061,0.9862,0,0,9.2263,1.5771,1]},
{"frame":14,"values":[0.9932,-0.0045,-0.1165,0,0.0165,0.9947,0.1019,0,0.1154,-0.1031,0.988,0,0,9.2263,1.5771,1]},
{"frame":15,"values":[0.9953,-0.0138,-0.0958,0,0.0234,0.9948,0.0995,0,0.0939,-0.1013,0.9904,0,0,9.2263,1.5771,1]},
{"frame":16,"values":[0.9971,-0.0405,-0.0639,0,0.0464,0.9945,0.0941,0,0.0597,-0.0968,0.9935,0,0,9.2263,1.5771,1]},
{"frame":17,"values":[0.9978,-0.0565,-0.0344,0,0.0595,0.9938,0.0936,0,0.0289,-0.0955,0.995,0,0,9.2263,1.5771,1]},
{"frame":18,"values":[0.9985,-0.0495,-0.025,0,0.0517,0.9939,0.0971,0,0.0201,-0.0982,0.995,0,0,9.2263,1.5771,1]},
{"frame":19,"values":[0.9994,-0.0208,-0.0294,0,0.0237,0.9947,0.1005,0,0.0272,-0.1012,0.9945,0,0,9.2263,1.5771,1]},
{"frame":20,"values":[0.9992,0.0139,-0.0383,0,-0.0101,0.9953,0.0968,0,0.0394,-0.0963,0.9946,0,0,9.2263,1.5771,1]},
{"frame":21,"values":[0.9983,0.0355,-0.0461,0,-0.0312,0.9953,0.0918,0,0.0491,-0.0902,0.9947,0,0,9.2263,1.5771,1]},
{"frame":22,"values":[0.9968,0.0623,-0.0496,0,-0.0572,0.9936,0.0977,0,0.0553,-0.0945,0.994,0,0,9.2263,1.5771,1]},
{"frame":23,"values":[0.9958,0.063,-0.0662,0,-0.0561,0.9933,0.1007,0,0.0721,-0.0966,0.9927,0,0,9.2263,1.5771,1]},
{"frame":24,"values":[0.9946,0.0453,-0.093,0,-0.0358,0.9941,0.1021,0,0.0971,-0.0982,0.9904,0,0,9.2263,1.5771,1]},
{"frame":25,"values":[0.9936,0.0264,-0.1099,0,-0.015,0.9946,0.1027,0,0.1121,-0.1004,0.9886,0,0,9.2263,1.5771,1]},
{"frame":26,"values":[0.9918,0.0007,-0.1279,0,0.0124,0.9947,0.102,0,0.1273,-0.1027,0.9865,0,0,9.2263,1.5771,1]}],"loopBehavior":1,"name":"anim","property":"_matrix"}},
{"name":"Spine1","index":2,"matrix":[0.9965,-0.001,-0.0831,0,0.0071,0.9973,0.0728,0,0.0828,-0.0731,0.9939,0,0,16.254,-0.1656,1],"rest":[1,0,0,0,0,1,0,0,0,0,1,0,0,16.254,-0.1656,1],"parentBoneIndex":1,"length":13.7007
,"animation":{"dataType":3,"framePerSecond":24,"keys":[
{"frame":1,"values":[0.9965,-0.001,-0.0831,0,0.0071,0.9973,0.0728,0,0.0828,-0.0731,0.9939,0,0,16.254,-0.1656,1]},
{"frame":2,"values":[0.9957,-0.0102,-0.0919,0,0.0166,0.9975,0.0686,0,0.0909,-0.0698,0.9934,0,0,16.254,-0.1656,1]},
{"frame":3,"values":[0.9947,-0.0111,-0.1025,0,0.0175,0.9979,0.0625,0,0.1016,-0.0639,0.9928,0,0,16.254,-0.1656,1]},
{"frame":4,"values":[0.9934,-0.0068,-0.1143,0,0.0133,0.9983,0.0563,0,0.1138,-0.0574,0.9918,0,0,16.254,-0.1656,1]},
{"frame":5,"values":[0.9922,-0.0039,-0.1242,0,0.0106,0.9985,0.0538,0,0.1238,-0.0547,0.9908,0,0,16.254,-0.1656,1]},
{"frame":6,"values":[0.9918,-0.0087,-0.1274,0,0.0161,0.9983,0.0567,0,0.1267,-0.0583,0.9902,0,0,16.254,-0.1656,1]},
{"frame":7,"values":[0.9918,-0.0216,-0.1263,0,0.0289,0.998,0.0562,0,0.1249,-0.0594,0.9904,0,0,16.254,-0.1656,1]},
{"frame":8,"values":[0.9922,-0.0357,-0.1195,0,0.0426,0.9975,0.0555,0,0.1172,-0.0601,0.9913,0,0,16.254,-0.1656,1]},
{"frame":9,"values":[0.9918,-0.0436,-0.1203,0,0.0514,0.9967,0.0626,0,0.1172,-0.0683,0.9908,0,0,16.254,-0.1656,1]},
{"frame":10,"values":[0.9912,-0.0451,-0.124,0,0.0537,0.9963,0.0665,0,0.1206,-0.0726,0.99,0,0,16.254,-0.1656,1]},
{"frame":11,"values":[0.9927,-0.0381,-0.1141,0,0.0464,0.9964,0.0704,0,0.111,-0.0752,0.991,0,0,16.254,-0.1656,1]},
{"frame":12,"values":[0.9947,-0.028,-0.0993,0,0.0353,0.9967,0.0725,0,0.097,-0.0757,0.9924,0,0,16.254,-0.1656,1]},
{"frame":13,"values":[0.996,-0.017,-0.0878,0,0.0235,0.997,0.0735,0,0.0863,-0.0753,0.9934,0,0,16.254,-0.1656,1]},
{"frame":14,"values":[0.9966,-0.0088,-0.0816,0,0.0148,0.9972,0.0736,0,0.0808,-0.0746,0.9939,0,0,16.254,-0.1656,1]},
{"frame":15,"values":[0.997,-0.0067,-0.0774,0,0.0123,0.9973,0.0719,0,0.0767,-0.0726,0.9944,0,0,16.254,-0.1656,1]},
{"frame":16,"values":[0.9975,-0.013,-0.0693,0,0.0176,0.9976,0.0662,0,0.0683,-0.0673,0.9954,0,0,16.254,-0.1656,1]},
{"frame":17,"values":[0.998,-0.0202,-0.0598,0,0.024,0.9977,0.0639,0,0.0584,-0.0652,0.9962,0,0,16.254,-0.1656,1]},
{"frame":18,"values":[0.9983,-0.0196,-0.0541,0,0.0232,0.9975,0.0666,0,0.0527,-0.0678,0.9963,0,0,16.254,-0.1656,1]},
{"frame":19,"values":[0.9985,-0.0088,-0.0534,0,0.0126,0.9974,0.0705,0,0.0527,-0.0711,0.9961,0,0,16.254,-0.1656,1]},
{"frame":20,"values":[0.9984,0.0022,-0.0569,0,0.0018,0.9975,0.0702,0,0.0569,-0.0702,0.9959,0,0,16.254,-0.1656,1]},
{"frame":21,"values":[0.9981,0.0106,-0.0609,0,-0.0065,0.9977,0.0681,0,0.0615,-0.0676,0.9958,0,0,16.254,-0.1656,1]},
{"frame":22,"values":[0.998,0.0238,-0.0583,0,-0.0195,0.9972,0.0722,0,0.0599,-0.0709,0.9957,0,0,16.254,-0.1656,1]},
{"frame":23,"values":[0.9977,0.0234,-0.0629,0,-0.0187,0.9971,0.0732,0,0.0644,-0.0719,0.9953,0,0,16.254,-0.1656,1]},
{"frame":24,"values":[0.9971,0.016,-0.0746,0,-0.0105,0.9973,0.073,0,0.0755,-0.072,0.9945,0,0,16.254,-0.1656,1]},
{"frame":25,"values":[0.9968,0.0093,-0.0789,0,-0.0035,0.9973,0.073,0,0.0794,-0.0725,0.9942,0,0,16.254,-0.1656,1]},
{"frame":26,"values":[0.9965,-0.001,-0.0831,0,0.0071,0.9973,0.0728,0,0.0828,-0.0731,0.9939,0,0,16.254,-0.1656,1]}],"loopBehavior":1,"name":"anim","property":"_matrix"}},
{"name":"Spine2","index":3,"matrix":[0.9965,-0.0007,-0.0835,0,0.0067,0.9974,0.0723,0,0.0833,-0.0726,0.9939,0,0,13.6396,-1.2923,1],"rest":[1,0,0,0,0,1,0,0,0,0,1,0,0,13.6396,-1.2923,1],"parentBoneIndex":2,"length":13.1719
,"animation":{"dataType":3,"framePerSecond":24,"keys":[
{"frame":1,"values":[0.9965,-0.0007,-0.0835,0,0.0067,0.9974,0.0723,0,0.0833,-0.0726,0.9939,0,0,13.6396,-1.2923,1]},
{"frame":2,"values":[0.9957,-0.0101,-0.0925,0,0.0164,0.9976,0.0678,0,0.0916,-0.069,0.9934,0,0,13.6396,-1.2923,1]},
{"frame":3,"values":[0.9946,-0.0113,-0.1033,0,0.0177,0.998,0.0612,0,0.1024,-0.0627,0.9928,0,0,13.6396,-1.2923,1]},
{"frame":4,"values":[0.9933,-0.0078,-0.1151,0,0.0142,0.9984,0.0549,0,0.1145,-0.0562,0.9918,0,0,13.6396,-1.2923,1]},
{"frame":5,"values":[0.9921,-0.0053,-0.125,0,0.0119,0.9986,0.0523,0,0.1245,-0.0533,0.9908,0,0,13.6396,-1.2923,1]},
{"frame":6,"values":[0.9917,-0.0097,-0.1281,0,0.0169,0.9983,0.0551,0,0.1274,-0.0569,0.9902,0,0,13.6396,-1.2923,1]},
{"frame":7,"values":[0.9917,-0.0219,-0.1269,0,0.0291,0.9981,0.0546,0,0.1255,-0.0578,0.9904,0,0,13.6396,-1.2923,1]},
{"frame":8,"values":[0.9921,-0.0357,-0.1201,0,0.0425,0.9976,0.054,0,0.1179,-0.0587,0.9913,0,0,13.6396,-1.2923,1]},
{"frame":9,"values":[0.9917,-0.0432,-0.1209,0,0.0509,0.9968,0.0613,0,0.1179,-0.0669,0.9908,0,0,13.6396,-1.2923,1]},
{"frame":10,"values":[0.9912,-0.0448,-0.1246,0,0.0532,0.9964,0.0653,0,0.1212,-0.0714,0.9901,0,0,13.6396,-1.2923,1]},
{"frame":11,"values":[0.9927,-0.0379,-0.1145,0,0.0461,0.9965,0.0696,0,0.1114,-0.0744,0.991,0,0,13.6396,-1.2923,1]},
{"frame":12,"values":[0.9946,-0.0277,-0.0997,0,0.035,0.9968,0.0721,0,0.0974,-0.0752,0.9924,0,0,13.6396,-1.2923,1]},
{"frame":13,"values":[0.996,-0.0167,-0.0882,0,0.0232,0.997,0.0732,0,0.0867,-0.075,0.9934,0,0,13.6396,-1.2923,1]},
{"frame":14,"values":[0.9966,-0.0083,-0.082,0,0.0143,0.9972,0.0733,0,0.0812,-0.0743,0.9939,0,0,13.6396,-1.2923,1]},
{"frame":15,"values":[0.997,-0.0063,-0.0775,0,0.0118,0.9974,0.0718,0,0.0769,-0.0725,0.9944,0,0,13.6396,-1.2923,1]},
{"frame":16,"values":[0.9975,-0.0127,-0.0691,0,0.0174,0.9976,0.0665,0,0.0681,-0.0675,0.9954,0,0,13.6396,-1.2923,1]},
{"frame":17,"values":[0.998,-0.0201,-0.0593,0,0.0239,0.9976,0.0643,0,0.0579,-0.0656,0.9962,0,0,13.6396,-1.2923,1]},
{"frame":18,"values":[0.9984,-0.0195,-0.0537,0,0.0231,0.9975,0.0669,0,0.0523,-0.068,0.9963,0,0,13.6396,-1.2923,1]},
{"frame":19,"values":[0.9985,-0.0086,-0.0533,0,0.0124,0.9974,0.0706,0,0.0526,-0.0712,0.9961,0,0,13.6396,-1.2923,1]},
{"frame":20,"values":[0.9984,0.0026,-0.0571,0,0.0014,0.9975,0.07,0,0.0571,-0.07,0.9959,0,0,13.6396,-1.2923,1]},
{"frame":21,"values":[0.9981,0.0112,-0.0614,0,-0.007,0.9977,0.0677,0,0.062,-0.0671,0.9958,0,0,13.6396,-1.2923,1]},
{"frame":22,"values":[0.998,0.0243,-0.0588,0,-0.0201,0.9972,0.0717,0,0.0604,-0.0704,0.9957,0,0,13.6396,-1.2923,1]},
{"frame":23,"values":[0.9977,0.0238,-0.0632,0,-0.0192,0.9972,0.0728,0,0.0648,-0.0714,0.9953,0,0,13.6396,-1.2923,1]},
{"frame":24,"values":[0.9971,0.0164,-0.0748,0,-0.0109,0.9973,0.0726,0,0.0758,-0.0716,0.9945,0,0,13.6396,-1.2923,1]},
{"frame":25,"values":[0.9968,0.0096,-0.0792,0,-0.0039,0.9973,0.0727,0,0.0797,-0.0721,0.9942,0,0,13.6396,-1.2923,1]},
{"frame":26,"values":[0.9965,-0.0007,-0.0835,0,0.0067,0.9974,0.0723,0,0.0833,-0.0726,0.9939,0,0,13.6396,-1.2923,1]}],"loopBehavior":1,"name":"anim","property":"_matrix"}},
{"name":"Neck","index":4,"matrix":[0.9947,0.0411,-0.0945,0,-0.033,0.9957,0.086,0,0.0976,-0.0824,0.9918,0,0,13.8774,-4.3542,1],"rest":[1,0,0,0,0,1,0,0,0,0,1,0,0,13.8774,-4.3542,1],"parentBoneIndex":3,"length":4.4379
,"animation":{"dataType":3,"framePerSecond":24,"keys":[
{"frame":1,"values":[0.9947,0.0411,-0.0945,0,-0.033,0.9957,0.086,0,0.0976,-0.0824,0.9918,0,0,13.8774,-4.3542,1]},
{"frame":2,"values":[0.9948,0.039,-0.0946,0,-0.0308,0.9958,0.0864,0,0.0975,-0.083,0.9918,0,0,13.8774,-4.3542,1]},
{"frame":3,"values":[0.9949,0.0318,-0.0957,0,-0.0238,0.9962,0.0838,0,0.098,-0.0811,0.9919,0,0,13.8774,-4.3542,1]},
{"frame":4,"values":[0.9948,0.0312,-0.0972,0,-0.0236,0.9967,0.0782,0,0.0993,-0.0755,0.9922,0,0,13.8774,-4.3542,1]},
{"frame":5,"values":[0.9945,0.03,-0.0999,0,-0.023,0.9972,0.0707,0,0.1017,-0.068,0.9925,0,0,13.8774,-4.3542,1]},
{"frame":6,"values":[0.9944,0.0284,-0.1014,0,-0.0216,0.9975,0.0672,0,0.1031,-0.0646,0.9926,0,0,13.8774,-4.3542,1]},
{"frame":7,"values":[0.9945,0.0294,-0.1002,0,-0.0226,0.9974,0.0679,0,0.1019,-0.0653,0.9926,0,0,13.8774,-4.3542,1]},
{"frame":8,"values":[0.9948,0.0313,-0.097,0,-0.0247,0.9973,0.0689,0,0.0989,-0.0661,0.9929,0,0,13.8774,-4.3542,1]},
{"frame":9,"values":[0.9951,0.0266,-0.0956,0,-0.0196,0.9971,0.0733,0,0.0972,-0.0711,0.9927,0,0,13.8774,-4.3542,1]},
{"frame":10,"values":[0.995,0.0171,-0.0988,0,-0.0094,0.9969,0.0777,0,0.0998,-0.0764,0.9921,0,0,13.8774,-4.3542,1]},
{"frame":11,"values":[0.9948,0.0166,-0.1006,0,-0.0087,0.9969,0.0784,0,0.1016,-0.0771,0.9918,0,0,13.8774,-4.3542,1]},
{"frame":12,"values":[0.9946,0.0166,-0.1021,0,-0.0079,0.9964,0.0844,0,0.1031,-0.0832,0.9912,0,0,13.8774,-4.3542,1]},
{"frame":13,"values":[0.9945,0.0147,-0.104,0,-0.0057,0.9963,0.0863,0,0.1049,-0.0852,0.9908,0,0,13.8774,-4.3542,1]},
{"frame":14,"values":[0.9944,0.0166,-0.1046,0,-0.008,0.9966,0.0822,0,0.1056,-0.0809,0.9911,0,0,13.8774,-4.3542,1]},
{"frame":15,"values":[0.9942,0.0203,-0.1052,0,-0.0124,0.9971,0.0752,0,0.1064,-0.0735,0.9916,0,0,13.8774,-4.3542,1]},
{"frame":16,"values":[0.994,0.0241,-0.1069,0,-0.0168,0.9975,0.0687,0,0.1083,-0.0665,0.9919,0,0,13.8774,-4.3542,1]},
{"frame":17,"values":[0.9938,0.0268,-0.1076,0,-0.0197,0.9976,0.0668,0,0.1091,-0.0643,0.992,0,0,13.8774,-4.3542,1]},
{"frame":18,"values":[0.9939,0.0251,-0.1078,0,-0.0181,0.9977,0.0655,0,0.1092,-0.0631,0.992,0,0,13.8774,-4.3542,1]},
{"frame":19,"values":[0.9939,0.0217,-0.108,0,-0.0143,0.9975,0.0687,0,0.1092,-0.0667,0.9918,0,0,13.8774,-4.3542,1]},
{"frame":20,"values":[0.9941,0.0224,-0.106,0,-0.0148,0.9973,0.0718,0,0.1073,-0.0698,0.9918,0,0,13.8774,-4.3542,1]},
{"frame":21,"values":[0.9942,0.0215,-0.105,0,-0.0143,0.9975,0.0688,0,0.1062,-0.0669,0.9921,0,0,13.8774,-4.3542,1]},
{"frame":22,"values":[0.9944,0.0205,-0.1039,0,-0.0137,0.9977,0.0662,0,0.105,-0.0645,0.9924,0,0,13.8774,-4.3542,1]},
{"frame":23,"values":[0.9947,0.0272,-0.0995,0,-0.0206,0.9976,0.0668,0,0.1011,-0.0644,0.9928,0,0,13.8774,-4.3542,1]},
{"frame":24,"values":[0.9948,0.0351,-0.0958,0,-0.0282,0.997,0.072,0,0.0981,-0.0689,0.9928,0,0,13.8774,-4.3542,1]},
{"frame":25,"values":[0.9947,0.0394,-0.0949,0,-0.0317,0.9962,0.0808,0,0.0977,-0.0774,0.9922,0,0,13.8774,-4.3542,1]},
{"frame":26,"values":[0.9947,0.0411,-0.0945,0,-0.033,0.9957,0.086,0,0.0976,-0.0824,0.9918,0,0,13.8774,-4.3542,1]}],"loopBehavior":1,"name":"anim","property":"_matrix"}},
{"name":"Neck1","index":5,"matrix":[1,0,0,0,0,1,0,0,0,0,1,0,0,4.34,0.9269,1],"rest":[1,0,0,0,0,1,0,0,0,0,1,0,0,4.34,0.9269,1],"parentBoneIndex":4,"length":6.2291
,"animation":{"dataType":3,"framePerSecond":24,"keys":[
{"frame":1,"values":[1,0,0,0,0,1,0,0,0,0,1,0,0,4.34,0.9269,1]},
{"frame":26,"values":[1,0,0,0,0,1,0,0,0,0,1,0,0,4.34,0.9269,1]}],"loopBehavior":1,"name":"anim","property":"_matrix"}},
{"name":"Head","index":6,"matrix":[0.8108,-0.1775,-0.5577,0,0.1049,0.9815,-0.16,0,0.5758,0.0712,0.8145,0,0,4.0266,0.8585,1],"rest":[1,0,0,0,0,1,0,0,0,0,1,0,0,4.0266,0.8585,1],"parentBoneIndex":5,"length":14.8424
,"animation":{"dataType":3,"framePerSecond":24,"keys":[
{"frame":1,"values":[0.8108,-0.1775,-0.5577,0,0.1049,0.9815,-0.16,0,0.5758,0.0712,0.8145,0,0,4.0266,0.8585,1]},
{"frame":2,"values":[0.8126,-0.1722,-0.5568,0,0.1006,0.9825,-0.1569,0,0.5741,0.0715,0.8157,0,0,4.0266,0.8585,1]},
{"frame":3,"values":[0.8102,-0.1825,-0.5571,0,0.1099,0.9807,-0.1614,0,0.5758,0.0695,0.8146,0,0,4.0266,0.8585,1]},
{"frame":4,"values":[0.8015,-0.1951,-0.5653,0,0.1218,0.9787,-0.1651,0,0.5855,0.0634,0.8082,0,0,4.0266,0.8585,1]},
{"frame":5,"values":[0.7926,-0.2029,-0.5749,0,0.1232,0.9768,-0.175,0,0.5971,0.0679,0.7993,0,0,4.0266,0.8585,1]},
{"frame":6,"values":[0.7914,-0.2075,-0.575,0,0.1111,0.9738,-0.1984,0,0.6011,0.0932,0.7938,0,0,4.0266,0.8585,1]},
{"frame":7,"values":[0.8012,-0.1937,-0.5662,0,0.0877,0.9739,-0.2092,0,0.592,0.1179,0.7973,0,0,4.0266,0.8585,1]},
{"frame":8,"values":[0.8181,-0.1691,-0.5497,0,0.0655,0.977,-0.203,0,0.5713,0.1301,0.8104,0,0,4.0266,0.8585,1]},
{"frame":9,"values":[0.8278,-0.1619,-0.5372,0,0.0576,0.977,-0.2055,0,0.5581,0.1392,0.818,0,0,4.0266,0.8585,1]},
{"frame":10,"values":[0.8229,-0.165,-0.5438,0,0.0648,0.9779,-0.1987,0,0.5645,0.1283,0.8154,0,0,4.0266,0.8585,1]},
{"frame":11,"values":[0.8176,-0.1658,-0.5514,0,0.0765,0.9804,-0.1813,0,0.5706,0.106,0.8143,0,0,4.0266,0.8585,1]},
{"frame":12,"values":[0.8148,-0.1627,-0.5565,0,0.0802,0.9822,-0.1698,0,0.5742,0.0937,0.8133,0,0,4.0266,0.8585,1]},
{"frame":13,"values":[0.8106,-0.1656,-0.5617,0,0.0865,0.9825,-0.1649,0,0.5792,0.085,0.8107,0,0,4.0266,0.8585,1]},
{"frame":14,"values":[0.8067,-0.1738,-0.5648,0,0.0932,0.9812,-0.1688,0,0.5836,0.0835,0.8078,0,0,4.0266,0.8585,1]},
{"frame":15,"values":[0.8022,-0.1847,-0.5678,0,0.0968,0.9786,-0.1816,0,0.5892,0.0907,0.8029,0,0,4.0266,0.8585,1]},
{"frame":16,"values":[0.7984,-0.1897,-0.5714,0,0.0922,0.9764,-0.1954,0,0.595,0.1034,0.7971,0,0,4.0266,0.8585,1]},
{"frame":17,"values":[0.7962,-0.2012,-0.5705,0,0.0926,0.9725,-0.2138,0,0.5979,0.1174,0.793,0,0,4.0266,0.8585,1]},
{"frame":18,"values":[0.7928,-0.2203,-0.5683,0,0.105,0.9678,-0.2288,0,0.6004,0.1217,0.7904,0,0,4.0266,0.8585,1]},
{"frame":19,"values":[0.7882,-0.2302,-0.5707,0,0.121,0.9673,-0.223,0,0.6034,0.1067,0.7903,0,0,4.0266,0.8585,1]},
{"frame":20,"values":[0.7883,-0.2262,-0.5722,0,0.136,0.971,-0.1966,0,0.6001,0.0772,0.7962,0,0,4.0266,0.8585,1]},
{"frame":21,"values":[0.7833,-0.2436,-0.5719,0,0.1544,0.9674,-0.2005,0,0.6021,0.0688,0.7954,0,0,4.0266,0.8585,1]},
{"frame":22,"values":[0.7813,-0.2633,-0.5658,0,0.1643,0.9614,-0.2205,0,0.6021,0.0793,0.7945,0,0,4.0266,0.8585,1]},
{"frame":23,"values":[0.7967,-0.2409,-0.5543,0,0.1459,0.9667,-0.2104,0,0.5865,0.0868,0.8053,0,0,4.0266,0.8585,1]},
{"frame":24,"values":[0.8075,-0.2108,-0.5509,0,0.1257,0.974,-0.1886,0,0.5763,0.0831,0.813,0,0,4.0266,0.8585,1]},
{"frame":25,"values":[0.8092,-0.1919,-0.5553,0,0.1147,0.9786,-0.1711,0,0.5762,0.0748,0.8139,0,0,4.0266,0.8585,1]},
{"frame":26,"values":[0.8108,-0.1775,-0.5577,0,0.1049,0.9815,-0.16,0,0.5758,0.0712,0.8145,0,0,4.0266,0.8585,1]}],"loopBehavior":1,"name":"anim","property":"_matrix"}},
{"name":"L_Ear","index":7,"matrix":[1,0,0,0,0,1,0,0,0,0,1,0,6.8586,8.862,3.3161,1],"rest":[1,0,0,0,0,1,0,0,0,0,1,0,6.8586,8.862,3.3161,1],"parentBoneIndex":6,"length":14.8424
,"animation":{"dataType":3,"framePerSecond":24,"keys":[
{"frame":1,"values":[1,0,0,0,0,1,0,0,0,0,1,0,6.8586,8.862,3.3161,1]},
{"frame":26,"values":[1,0,0,0,0,1,0,0,0,0,1,0,6.8586,8.862,3.3161,1]}],"loopBehavior":1,"name":"anim","property":"_matrix"}},
{"name":"Jaw","index":8,"matrix":[1,0,0,0,0,1,0,0,0,0,1,0,0.0038,6.235,4.4131,1],"rest":[1,0,0,0,0,1,0,0,0,0,1,0,0.0038,6.235,4.4131,1],"parentBoneIndex":6,"length":8.9884
,"animation":{"dataType":3,"framePerSecond":24,"keys":[
{"frame":1,"values":[1,0,0,0,0,1,0,0,0,0,1,0,0.0038,6.235,4.4131,1]},
{"frame":26,"values":[1,0,0,0,0,1,0,0,0,0,1,0,0.0038,6.235,4.4131,1]}],"loopBehavior":1,"name":"anim","property":"_matrix"}},
{"name":"TongueBack","index":9,"matrix":[1,0,0,0,0,1,0,0,0,0,1,0,0,-3.3518,4.6468,1],"rest":[1,0,0,0,0,1,0,0,0,0,1,0,0,-3.3518,4.6468,1],"parentBoneIndex":8,"length":1.6664
,"animation":{"dataType":3,"framePerSecond":24,"keys":[
{"frame":1,"values":[1,0,0,0,0,1,0,0,0,0,1,0,0,-3.3518,4.6468,1]},
{"frame":26,"values":[1,0,0,0,0,1,0,0,0,0,1,0,0,-3.3518,4.6468,1]}],"loopBehavior":1,"name":"anim","property":"_matrix"}},
{"name":"TongueMid","index":10,"matrix":[1,0,0,0,0,1,0,0,0,0,1,0,0,0.0424,1.6659,1],"rest":[1,0,0,0,0,1,0,0,0,0,1,0,0,0.0424,1.6659,1],"parentBoneIndex":9,"length":1.3562
,"animation":{"dataType":3,"framePerSecond":24,"keys":[
{"frame":1,"values":[1,0,0,0,0,1,0,0,0,0,1,0,0,0.0424,1.6659,1]},
{"frame":26,"values":[1,0,0,0,0,1,0,0,0,0,1,0,0,0.0424,1.6659,1]}],"loopBehavior":1,"name":"anim","property":"_matrix"}},
{"name":"TongueTip","index":11,"matrix":[1,0,0,0,0,1,0,0,0,0,1,0,0,-0.4344,1.2847,1],"rest":[1,0,0,0,0,1,0,0,0,0,1,0,0,-0.4344,1.2847,1],"parentBoneIndex":10,"length":1.3562
,"animation":{"dataType":3,"framePerSecond":24,"keys":[
{"frame":1,"values":[1,0,0,0,0,1,0,0,0,0,1,0,0,-0.4344,1.2847,1]},
{"frame":26,"values":[1,0,0,0,0,1,0,0,0,0,1,0,0,-0.4344,1.2847,1]}],"loopBehavior":1,"name":"anim","property":"_matrix"}},
{"name":"Chin","index":12,"matrix":[1,0,0,0,0,1,0,0,0,0,1,0,-0.0038,-6.1605,9.1241,1],"rest":[1,0,0,0,0,1,0,0,0,0,1,0,-0.0038,-6.1605,9.1241,1],"parentBoneIndex":8,"length":8.9884
,"animation":{"dataType":3,"framePerSecond":24,"keys":[
{"frame":1,"values":[1,0,0,0,0,1,0,0,0,0,1,0,-0.0038,-6.1605,9.1241,1]},
{"frame":26,"values":[1,0,0,0,0,1,0,0,0,0,1,0,-0.0038,-6.1605,9.1241,1]}],"loopBehavior":1,"name":"anim","property":"_matrix"}},
{"name":"LowerChin","index":13,"matrix":[1,0,0,0,0,1,0,0,0,0,1,0,-0.0038,-8.2784,6.0042,1],"rest":[1,0,0,0,0,1,0,0,0,0,1,0,-0.0038,-8.2784,6.0042,1],"parentBoneIndex":8,"length":8.9884
,"animation":{"dataType":3,"framePerSecond":24,"keys":[
{"frame":1,"values":[1,0,0,0,0,1,0,0,0,0,1,0,-0.0038,-8.2784,6.0042,1]},
{"frame":26,"values":[1,0,0,0,0,1,0,0,0,0,1,0,-0.0038,-8.2784,6.0042,1]}],"loopBehavior":1,"name":"anim","property":"_matrix"}},
{"name":"L_Temple","index":14,"matrix":[1,0,0,0,0,1,0,0,0,0,1,0,6.7164,11.953,7.4033,1],"rest":[1,0,0,0,0,1,0,0,0,0,1,0,6.7164,11.953,7.4033,1],"parentBoneIndex":6,"length":14.8424
,"animation":{"dataType":3,"framePerSecond":24,"keys":[
{"frame":1,"values":[1,0,0,0,0,1,0,0,0,0,1,0,6.7164,11.953,7.4033,1]},
{"frame":26,"values":[1,0,0,0,0,1,0,0,0,0,1,0,6.7164,11.953,7.4033,1]}],"loopBehavior":1,"name":"anim","property":"_matrix"}},
{"name":"L_IOuterBrow","index":15,"matrix":[1,0,0,0,0,1,0,0,0,0,1,0,5.185,11.3348,12.3701,1],"rest":[1,0,0,0,0,1,0,0,0,0,1,0,5.185,11.3348,12.3701,1],"parentBoneIndex":6,"length":14.8424
,"animation":{"dataType":3,"framePerSecond":24,"keys":[
{"frame":1,"values":[1,0,0,0,0,1,0,0,0,0,1,0,5.185,11.3348,12.3701,1]},
{"frame":26,"values":[1,0,0,0,0,1,0,0,0,0,1,0,5.185,11.3348,12.3701,1]}],"loopBehavior":1,"name":"anim","property":"_matrix"}},
{"name":"L_MidBrow","index":16,"matrix":[1,0,0,0,0,1,0,0,0,0,1,0,3.3668,11.4156,13.6166,1],"rest":[1,0,0,0,0,1,0,0,0,0,1,0,3.3668,11.4156,13.6166,1],"parentBoneIndex":6,"length":14.8424
,"animation":{"dataType":3,"framePerSecond":24,"keys":[
{"frame":1,"values":[1,0,0,0,0,1,0,0,0,0,1,0,3.3668,11.4156,13.6166,1]},
{"frame":26,"values":[1,0,0,0,0,1,0,0,0,0,1,0,3.3668,11.4156,13.6166,1]}],"loopBehavior":1,"name":"anim","property":"_matrix"}},
{"name":"L_InnerBrow","index":17,"matrix":[1,0,0,0,0,1,0,0,0,0,1,0,1.6599,10.7576,14.115,1],"rest":[1,0,0,0,0,1,0,0,0,0,1,0,1.6599,10.7576,14.115,1],"parentBoneIndex":6,"length":14.8424
,"animation":{"dataType":3,"framePerSecond":24,"keys":[
{"frame":1,"values":[1,0,0,0,0,1,0,0,0,0,1,0,1.6599,10.7576,14.115,1]},
{"frame":26,"values":[1,0,0,0,0,1,0,0,0,0,1,0,1.6599,10.7576,14.115,1]}],"loopBehavior":1,"name":"anim","property":"_matrix"}},
{"name":"L_Eye","index":18,"matrix":[1,0,0,0,0,1,0,0,0,0,1,0,3.0989,9.6989,11.4382,1],"rest":[1,0,0,0,0,1,0,0,0,0,1,0,3.0989,9.6989,11.4382,1],"parentBoneIndex":6,"length":14.8424
,"animation":{"dataType":3,"framePerSecond":24,"keys":[
{"frame":1,"values":[1,0,0,0,0,1,0,0,0,0,1,0,3.0989,9.6989,11.4382,1]},
{"frame":26,"values":[1,0,0,0,0,1,0,0,0,0,1,0,3.0989,9.6989,11.4382,1]}],"loopBehavior":1,"name":"anim","property":"_matrix"}},
{"name":"L_EyelidLower","index":19,"matrix":[1,0,0,0,0,1,0,0,0,0,1,0,3.0989,9.6989,11.4382,1],"rest":[1,0,0,0,0,1,0,0,0,0,1,0,3.0989,9.6989,11.4382,1],"parentBoneIndex":6,"length":14.8424
,"animation":{"dataType":3,"framePerSecond":24,"keys":[
{"frame":1,"values":[1,0,0,0,0,1,0,0,0,0,1,0,3.0989,9.6989,11.4382,1]},
{"frame":26,"values":[1,0,0,0,0,1,0,0,0,0,1,0,3.0989,9.6989,11.4382,1]}],"loopBehavior":1,"name":"anim","property":"_matrix"}},
{"name":"L_EyelidUpper","index":20,"matrix":[1,0,0,0,0,1,0,0,0,0,1,0,3.0989,9.6989,11.4382,1],"rest":[1,0,0,0,0,1,0,0,0,0,1,0,3.0989,9.6989,11.4382,1],"parentBoneIndex":6,"length":14.8424
,"animation":{"dataType":3,"framePerSecond":24,"keys":[
{"frame":1,"values":[1,0,0,0,0,1,0,0,0,0,1,0,3.0989,9.6989,11.4382,1]},
{"frame":26,"values":[1,0,0,0,0,1,0,0,0,0,1,0,3.0989,9.6989,11.4382,1]}],"loopBehavior":1,"name":"anim","property":"_matrix"}},
{"name":"L_InnerCheek","index":21,"matrix":[1,0,0,0,0,1,0,0,0,0,1,0,2.1484,7.4937,13.4347,1],"rest":[1,0,0,0,0,1,0,0,0,0,1,0,2.1484,7.4937,13.4347,1],"parentBoneIndex":6,"length":14.8424
,"animation":{"dataType":3,"framePerSecond":24,"keys":[
{"frame":1,"values":[1,0,0,0,0,1,0,0,0,0,1,0,2.1484,7.4937,13.4347,1]},
{"frame":26,"values":[1,0,0,0,0,1,0,0,0,0,1,0,2.1484,7.4937,13.4347,1]}],"loopBehavior":1,"name":"anim","property":"_matrix"}},
{"name":"L_LowerCheek","index":22,"matrix":[1,0,0,0,0,1,0,0,0,0,1,0,4.3527,2.5675,9.9423,1],"rest":[1,0,0,0,0,1,0,0,0,0,1,0,4.3527,2.5675,9.9423,1],"parentBoneIndex":6,"length":14.8424
,"animation":{"dataType":3,"framePerSecond":24,"keys":[
{"frame":1,"values":[1,0,0,0,0,1,0,0,0,0,1,0,4.3527,2.5675,9.9423,1]},
{"frame":26,"values":[1,0,0,0,0,1,0,0,0,0,1,0,4.3527,2.5675,9.9423,1]}],"loopBehavior":1,"name":"anim","property":"_matrix"}},
{"name":"L_LipCorner","index":23,"matrix":[1,0,0,0,0,1,0,0,0,0,1,0,2.9076,2.9095,12.5938,1],"rest":[1,0,0,0,0,1,0,0,0,0,1,0,2.9076,2.9095,12.5938,1],"parentBoneIndex":6,"length":0.9548
,"animation":{"dataType":3,"framePerSecond":24,"keys":[
{"frame":1,"values":[1,0,0,0,0,1,0,0,0,0,1,0,2.9076,2.9095,12.5938,1]},
{"frame":26,"values":[1,0,0,0,0,1,0,0,0,0,1,0,2.9076,2.9095,12.5938,1]}],"loopBehavior":1,"name":"anim","property":"_matrix"}},
{"name":"L_LipCornerLowTweak","index":24,"matrix":[1,0,0,0,0,1,0,0,0,0,1,0,-0.8072,-0.3254,0.4547,1],"rest":[1,0,0,0,0,1,0,0,0,0,1,0,-0.8072,-0.3254,0.4547,1],"parentBoneIndex":23,"length":0.9548
,"animation":{"dataType":3,"framePerSecond":24,"keys":[
{"frame":1,"values":[1,0,0,0,0,1,0,0,0,0,1,0,-0.8072,-0.3254,0.4547,1]},
{"frame":26,"values":[1,0,0,0,0,1,0,0,0,0,1,0,-0.8072,-0.3254,0.4547,1]}],"loopBehavior":1,"name":"anim","property":"_matrix"}},
{"name":"L_LipCornerUpTweak","index":25,"matrix":[1,0,0,0,0,1,0,0,0,0,1,0,-0.7251,0.0237,0.5782,1],"rest":[1,0,0,0,0,1,0,0,0,0,1,0,-0.7251,0.0237,0.5782,1],"parentBoneIndex":23,"length":0.9548
,"animation":{"dataType":3,"framePerSecond":24,"keys":[
{"frame":1,"values":[1,0,0,0,0,1,0,0,0,0,1,0,-0.7251,0.0237,0.5782,1]},
{"frame":26,"values":[1,0,0,0,0,1,0,0,0,0,1,0,-0.7251,0.0237,0.5782,1]}],"loopBehavior":1,"name":"anim","property":"_matrix"}},
{"name":"L_LipLower","index":26,"matrix":[1,0,0,0,0,1,0,0,0,0,1,0,1.2586,2.3762,13.5915,1],"rest":[1,0,0,0,0,1,0,0,0,0,1,0,1.2586,2.3762,13.5915,1],"parentBoneIndex":6,"length":14.8424
,"animation":{"dataType":3,"framePerSecond":24,"keys":[
{"frame":1,"values":[1,0,0,0,0,1,0,0,0,0,1,0,1.2586,2.3762,13.5915,1]},
{"frame":26,"values":[1,0,0,0,0,1,0,0,0,0,1,0,1.2586,2.3762,13.5915,1]}],"loopBehavior":1,"name":"anim","property":"_matrix"}},
{"name":"L_LipUpper","index":27,"matrix":[1,0,0,0,0,1,0,0,0,0,1,0,1.2981,3.1535,13.8987,1],"rest":[1,0,0,0,0,1,0,0,0,0,1,0,1.2981,3.1535,13.8987,1],"parentBoneIndex":6,"length":14.8424
,"animation":{"dataType":3,"framePerSecond":24,"keys":[
{"frame":1,"values":[1,0,0,0,0,1,0,0,0,0,1,0,1.2981,3.1535,13.8987,1]},
{"frame":26,"values":[1,0,0,0,0,1,0,0,0,0,1,0,1.2981,3.1535,13.8987,1]}],"loopBehavior":1,"name":"anim","property":"_matrix"}},
{"name":"LipMidLower","index":28,"matrix":[1,0,0,0,0,1,0,0,0,0,1,0,0,2.4182,14.0113,1],"rest":[1,0,0,0,0,1,0,0,0,0,1,0,0,2.4182,14.0113,1],"parentBoneIndex":6,"length":14.8424
,"animation":{"dataType":3,"framePerSecond":24,"keys":[
{"frame":1,"values":[1,0,0,0,0,1,0,0,0,0,1,0,0,2.4182,14.0113,1]},
{"frame":26,"values":[1,0,0,0,0,1,0,0,0,0,1,0,0,2.4182,14.0113,1]}],"loopBehavior":1,"name":"anim","property":"_matrix"}},
{"name":"LipMidUpper","index":29,"matrix":[1,0,0,0,0,1,0,0,0,0,1,0,0,3.2177,14.3127,1],"rest":[1,0,0,0,0,1,0,0,0,0,1,0,0,3.2177,14.3127,1],"parentBoneIndex":6,"length":14.8424
,"animation":{"dataType":3,"framePerSecond":24,"keys":[
{"frame":1,"values":[1,0,0,0,0,1,0,0,0,0,1,0,0,3.2177,14.3127,1]},
{"frame":26,"values":[1,0,0,0,0,1,0,0,0,0,1,0,0,3.2177,14.3127,1]}],"loopBehavior":1,"name":"anim","property":"_matrix"}},
{"name":"L_CheekFold","index":30,"matrix":[1,0,0,0,0,1,0,0,0,0,1,0,2.8997,4.8397,12.9905,1],"rest":[1,0,0,0,0,1,0,0,0,0,1,0,2.8997,4.8397,12.9905,1],"parentBoneIndex":6,"length":14.8424
,"animation":{"dataType":3,"framePerSecond":24,"keys":[
{"frame":1,"values":[1,0,0,0,0,1,0,0,0,0,1,0,2.8997,4.8397,12.9905,1]},
{"frame":26,"values":[1,0,0,0,0,1,0,0,0,0,1,0,2.8997,4.8397,12.9905,1]}],"loopBehavior":1,"name":"anim","property":"_matrix"}},
{"name":"L_Nostril","index":31,"matrix":[1,0,0,0,0,1,0,0,0,0,1,0,1.2793,5.2449,14.0405,1],"rest":[1,0,0,0,0,1,0,0,0,0,1,0,1.2793,5.2449,14.0405,1],"parentBoneIndex":6,"length":14.8424
,"animation":{"dataType":3,"framePerSecond":24,"keys":[
{"frame":1,"values":[1,0,0,0,0,1,0,0,0,0,1,0,1.2793,5.2449,14.0405,1]},
{"frame":26,"values":[1,0,0,0,0,1,0,0,0,0,1,0,1.2793,5.2449,14.0405,1]}],"loopBehavior":1,"name":"anim","property":"_matrix"}},
{"name":"Scalp","index":32,"matrix":[1,0,0,0,0,1,0,0,0,0,1,0,0.0038,15.512,8.5871,1],"rest":[1,0,0,0,0,1,0,0,0,0,1,0,0.0038,15.512,8.5871,1],"parentBoneIndex":6,"length":14.8424
,"animation":{"dataType":3,"framePerSecond":24,"keys":[
{"frame":1,"values":[1,0,0,0,0,1,0,0,0,0,1,0,0.0038,15.512,8.5871,1]},
{"frame":26,"values":[1,0,0,0,0,1,0,0,0,0,1,0,0.0038,15.512,8.5871,1]}],"loopBehavior":1,"name":"anim","property":"_matrix"}},
{"name":"L_OuterCheek","index":33,"matrix":[1,0,0,0,0,1,0,0,0,0,1,0,4.805,7.1686,11.679,1],"rest":[1,0,0,0,0,1,0,0,0,0,1,0,4.805,7.1686,11.679,1],"parentBoneIndex":6,"length":14.8424
,"animation":{"dataType":3,"framePerSecond":24,"keys":[
{"frame":1,"values":[1,0,0,0,0,1,0,0,0,0,1,0,4.805,7.1686,11.679,1]},
{"frame":26,"values":[1,0,0,0,0,1,0,0,0,0,1,0,4.805,7.1686,11.679,1]}],"loopBehavior":1,"name":"anim","property":"_matrix"}},
{"name":"R_LipLower","index":34,"matrix":[1,0,0,0,0,1,0,0,0,0,1,0,-1.2586,2.3762,13.5915,1],"rest":[1,0,0,0,0,1,0,0,0,0,1,0,-1.2586,2.3762,13.5915,1],"parentBoneIndex":6,"length":14.8424
,"animation":{"dataType":3,"framePerSecond":24,"keys":[
{"frame":1,"values":[1,0,0,0,0,1,0,0,0,0,1,0,-1.2586,2.3762,13.5915,1]},
{"frame":26,"values":[1,0,0,0,0,1,0,0,0,0,1,0,-1.2586,2.3762,13.5915,1]}],"loopBehavior":1,"name":"anim","property":"_matrix"}},
{"name":"RightNostril","index":35,"matrix":[1,0,0,0,0,1,0,0,0,0,1,0,-1.2793,5.2449,14.0405,1],"rest":[1,0,0,0,0,1,0,0,0,0,1,0,-1.2793,5.2449,14.0405,1],"parentBoneIndex":6,"length":14.8424
,"animation":{"dataType":3,"framePerSecond":24,"keys":[
{"frame":1,"values":[1,0,0,0,0,1,0,0,0,0,1,0,-1.2793,5.2449,14.0405,1]},
{"frame":26,"values":[1,0,0,0,0,1,0,0,0,0,1,0,-1.2793,5.2449,14.0405,1]}],"loopBehavior":1,"name":"anim","property":"_matrix"}},
{"name":"R_CheekFold","index":36,"matrix":[1,0,0,0,0,1,0,0,0,0,1,0,-2.8997,4.8397,12.9905,1],"rest":[1,0,0,0,0,1,0,0,0,0,1,0,-2.8997,4.8397,12.9905,1],"parentBoneIndex":6,"length":14.8424
,"animation":{"dataType":3,"framePerSecond":24,"keys":[
{"frame":1,"values":[1,0,0,0,0,1,0,0,0,0,1,0,-2.8997,4.8397,12.9905,1]},
{"frame":26,"values":[1,0,0,0,0,1,0,0,0,0,1,0,-2.8997,4.8397,12.9905,1]}],"loopBehavior":1,"name":"anim","property":"_matrix"}},
{"name":"R_LowerCheek","index":37,"matrix":[1,0,0,0,0,1,0,0,0,0,1,0,-4.3527,2.5675,9.9423,1],"rest":[1,0,0,0,0,1,0,0,0,0,1,0,-4.3527,2.5675,9.9423,1],"parentBoneIndex":6,"length":14.8424
,"animation":{"dataType":3,"framePerSecond":24,"keys":[
{"frame":1,"values":[1,0,0,0,0,1,0,0,0,0,1,0,-4.3527,2.5675,9.9423,1]},
{"frame":26,"values":[1,0,0,0,0,1,0,0,0,0,1,0,-4.3527,2.5675,9.9423,1]}],"loopBehavior":1,"name":"anim","property":"_matrix"}},
{"name":"R_gLipCorner","index":38,"matrix":[1,0,0,0,0,1,0,0,0,0,1,0,-2.9076,2.9095,12.5938,1],"rest":[1,0,0,0,0,1,0,0,0,0,1,0,-2.9076,2.9095,12.5938,1],"parentBoneIndex":6,"length":0.9548
,"animation":{"dataType":3,"framePerSecond":24,"keys":[
{"frame":1,"values":[1,0,0,0,0,1,0,0,0,0,1,0,-2.9076,2.9095,12.5938,1]},
{"frame":26,"values":[1,0,0,0,0,1,0,0,0,0,1,0,-2.9076,2.9095,12.5938,1]}],"loopBehavior":1,"name":"anim","property":"_matrix"}},
{"name":"R_gLipCornerLowTweak","index":39,"matrix":[1,0,0,0,0,1,0,0,0,0,1,0,0.8072,-0.3254,0.4547,1],"rest":[1,0,0,0,0,1,0,0,0,0,1,0,0.8072,-0.3254,0.4547,1],"parentBoneIndex":38,"length":0.9548
,"animation":{"dataType":3,"framePerSecond":24,"keys":[
{"frame":1,"values":[1,0,0,0,0,1,0,0,0,0,1,0,0.8072,-0.3254,0.4547,1]},
{"frame":26,"values":[1,0,0,0,0,1,0,0,0,0,1,0,0.8072,-0.3254,0.4547,1]}],"loopBehavior":1,"name":"anim","property":"_matrix"}},
{"name":"R_gLipCornerUpTweak","index":40,"matrix":[1,0,0,0,0,1,0,0,0,0,1,0,0.7251,0.0237,0.5782,1],"rest":[1,0,0,0,0,1,0,0,0,0,1,0,0.7251,0.0237,0.5782,1],"parentBoneIndex":38,"length":0.9548
,"animation":{"dataType":3,"framePerSecond":24,"keys":[
{"frame":1,"values":[1,0,0,0,0,1,0,0,0,0,1,0,0.7251,0.0237,0.5782,1]},
{"frame":26,"values":[1,0,0,0,0,1,0,0,0,0,1,0,0.7251,0.0237,0.5782,1]}],"loopBehavior":1,"name":"anim","property":"_matrix"}},
{"name":"R_LipUpper","index":41,"matrix":[1,0,0,0,0,1,0,0,0,0,1,0,-1.2981,3.1535,13.8987,1],"rest":[1,0,0,0,0,1,0,0,0,0,1,0,-1.2981,3.1535,13.8987,1],"parentBoneIndex":6,"length":14.8424
,"animation":{"dataType":3,"framePerSecond":24,"keys":[
{"frame":1,"values":[1,0,0,0,0,1,0,0,0,0,1,0,-1.2981,3.1535,13.8987,1]},
{"frame":26,"values":[1,0,0,0,0,1,0,0,0,0,1,0,-1.2981,3.1535,13.8987,1]}],"loopBehavior":1,"name":"anim","property":"_matrix"}},
{"name":"R_OuterCheek","index":42,"matrix":[1,0,0,0,0,1,0,0,0,0,1,0,-4.805,7.1686,11.679,1],"rest":[1,0,0,0,0,1,0,0,0,0,1,0,-4.805,7.1686,11.679,1],"parentBoneIndex":6,"length":14.8424
,"animation":{"dataType":3,"framePerSecond":24,"keys":[
{"frame":1,"values":[1,0,0,0,0,1,0,0,0,0,1,0,-4.805,7.1686,11.679,1]},
{"frame":26,"values":[1,0,0,0,0,1,0,0,0,0,1,0,-4.805,7.1686,11.679,1]}],"loopBehavior":1,"name":"anim","property":"_matrix"}},
{"name":"MidBrows","index":43,"matrix":[1,0,0,0,0,1,0,0,0,0,1,0,0,10.8004,14.2738,1],"rest":[1,0,0,0,0,1,0,0,0,0,1,0,0,10.8004,14.2738,1],"parentBoneIndex":6,"length":14.8424
,"animation":{"dataType":3,"framePerSecond":24,"keys":[
{"frame":1,"values":[1,0,0,0,0,1,0,0,0,0,1,0,0,10.8004,14.2738,1]},
{"frame":26,"values":[1,0,0,0,0,1,0,0,0,0,1,0,0,10.8004,14.2738,1]}],"loopBehavior":1,"name":"anim","property":"_matrix"}},
{"name":"R_InnerBrow","index":44,"matrix":[1,0,0,0,0,1,0,0,0,0,1,0,-1.6599,10.7576,14.115,1],"rest":[1,0,0,0,0,1,0,0,0,0,1,0,-1.6599,10.7576,14.115,1],"parentBoneIndex":6,"length":14.8424
,"animation":{"dataType":3,"framePerSecond":24,"keys":[
{"frame":1,"values":[1,0,0,0,0,1,0,0,0,0,1,0,-1.6599,10.7576,14.115,1]},
{"frame":26,"values":[1,0,0,0,0,1,0,0,0,0,1,0,-1.6599,10.7576,14.115,1]}],"loopBehavior":1,"name":"anim","property":"_matrix"}},
{"name":"R_MidBrow","index":45,"matrix":[1,0,0,0,0,1,0,0,0,0,1,0,-3.3668,11.4156,13.6166,1],"rest":[1,0,0,0,0,1,0,0,0,0,1,0,-3.3668,11.4156,13.6166,1],"parentBoneIndex":6,"length":14.8424
,"animation":{"dataType":3,"framePerSecond":24,"keys":[
{"frame":1,"values":[1,0,0,0,0,1,0,0,0,0,1,0,-3.3668,11.4156,13.6166,1]},
{"frame":26,"values":[1,0,0,0,0,1,0,0,0,0,1,0,-3.3668,11.4156,13.6166,1]}],"loopBehavior":1,"name":"anim","property":"_matrix"}},
{"name":"R_IOuterBrow","index":46,"matrix":[1,0,0,0,0,1,0,0,0,0,1,0,-5.185,11.3348,12.3701,1],"rest":[1,0,0,0,0,1,0,0,0,0,1,0,-5.185,11.3348,12.3701,1],"parentBoneIndex":6,"length":14.8424
,"animation":{"dataType":3,"framePerSecond":24,"keys":[
{"frame":1,"values":[1,0,0,0,0,1,0,0,0,0,1,0,-5.185,11.3348,12.3701,1]},
{"frame":26,"values":[1,0,0,0,0,1,0,0,0,0,1,0,-5.185,11.3348,12.3701,1]}],"loopBehavior":1,"name":"anim","property":"_matrix"}},
{"name":"R_Eye","index":47,"matrix":[1,0,0,0,0,1,0,0,0,0,1,0,-3.0989,9.6989,11.4382,1],"rest":[1,0,0,0,0,1,0,0,0,0,1,0,-3.0989,9.6989,11.4382,1],"parentBoneIndex":6,"length":14.8424
,"animation":{"dataType":3,"framePerSecond":24,"keys":[
{"frame":1,"values":[1,0,0,0,0,1,0,0,0,0,1,0,-3.0989,9.6989,11.4382,1]},
{"frame":26,"values":[1,0,0,0,0,1,0,0,0,0,1,0,-3.0989,9.6989,11.4382,1]}],"loopBehavior":1,"name":"anim","property":"_matrix"}},
{"name":"R_EyelidLower","index":48,"matrix":[1,0,0,0,0,1,0,0,0,0,1,0,-3.0989,9.6989,11.4382,1],"rest":[1,0,0,0,0,1,0,0,0,0,1,0,-3.0989,9.6989,11.4382,1],"parentBoneIndex":6,"length":14.8424
,"animation":{"dataType":3,"framePerSecond":24,"keys":[
{"frame":1,"values":[1,0,0,0,0,1,0,0,0,0,1,0,-3.0989,9.6989,11.4382,1]},
{"frame":26,"values":[1,0,0,0,0,1,0,0,0,0,1,0,-3.0989,9.6989,11.4382,1]}],"loopBehavior":1,"name":"anim","property":"_matrix"}},
{"name":"R_EyelidUpper","index":49,"matrix":[1,0,0,0,0,1,0,0,0,0,1,0,-3.0989,9.6989,11.4382,1],"rest":[1,0,0,0,0,1,0,0,0,0,1,0,-3.0989,9.6989,11.4382,1],"parentBoneIndex":6,"length":14.8424
,"animation":{"dataType":3,"framePerSecond":24,"keys":[
{"frame":1,"values":[1,0,0,0,0,1,0,0,0,0,1,0,-3.0989,9.6989,11.4382,1]},
