{"producer":{"name":"Blender","version":"2.90.0","exporter_version":"2.80.1","file":"turnleft.babylon"},
"autoClear":true,"clearColor":[0.0509,0.0509,0.0509],"gravity":[0,-9.81,0],
"materials":[{"name":"Material","id":"Material","customType":"BABYLON.PBRMaterial","backFaceCulling":true,"checkReadyOnlyOnce":false,"maxSimultaneousLights":4,"environmentIntensity":1,"albedo":[0.8,0.8,0.8],"reflectivity":[0.5,0.5,0.5],"roughness":0.4,"alpha":1,"transparencyMode":0,"alphaCutOff":0.4,"metallic":0}],
"multiMaterials":[],
"skeletons":[{"name":"Armature","id":0,"dimensionsAtRest":[188.1767,188.0947,21.7491],"bones":[
{"name":"Hips","index":0,"matrix":[0.9915,-0.0693,-0.1104,0,0.0759,0.9955,0.0572,0,-0.106,0.065,-0.9922,0,0.1406,94.9824,-0.0619,1],"rest":[1,0,0,0,0,1,0,0,0,0,-1,0,0,96.3764,0,1],"parentBoneIndex":-1,"length":9.9032
,"animation":{"dataType":3,"framePerSecond":24,"keys":[
{"frame":1,"values":[0.9915,-0.0693,-0.1104,0,0.0759,0.9955,0.0572,0,-0.106,0.065,-0.9922,0,0.1406,94.9824,-0.0619,1]},
{"frame":2,"values":[0.9915,-0.0693,-0.1104,0,0.0759,0.9955,0.0572,0,-0.106,0.065,-0.9922,0,-0.1045,94.9,0.8786,1]},
{"frame":3,"values":[0.9915,-0.0693,-0.1104,0,0.0759,0.9955,0.0572,0,-0.106,0.065,-0.9922,0,-0.6389,94.892,1.9431,1]},
{"frame":4,"values":[0.9915,-0.0693,-0.1104,0,0.0759,0.9955,0.0572,0,-0.106,0.065,-0.9922,0,-1.4257,95.0624,3.1471,1]},
{"frame":5,"values":[0.9915,-0.0693,-0.1104,0,0.0759,0.9955,0.0572,0,-0.106,0.065,-0.9922,0,-2.3846,95.3898,4.3543,1]},
{"frame":6,"values":[0.9915,-0.0693,-0.1104,0,0.0759,0.9955,0.0572,0,-0.106,0.065,-0.9922,0,-3.2954,95.4724,5.464,1]},
{"frame":7,"values":[0.9915,-0.0693,-0.1104,0,0.0759,0.9955,0.0572,0,-0.106,0.065,-0.9922,0,-4.1023,95.5071,6.5147,1]},
{"frame":8,"values":[0.9915,-0.0693,-0.1104,0,0.0759,0.9955,0.0572,0,-0.106,0.065,-0.9922,0,-4.7102,95.4969,7.4877,1]},
{"frame":9,"values":[0.9915,-0.0693,-0.1104,0,0.0759,0.9955,0.0572,0,-0.106,0.065,-0.9922,0,-4.9674,95.3674,8.3736,1]},
{"frame":10,"values":[0.9915,-0.0693,-0.1104,0,0.0759,0.9955,0.0572,0,-0.106,0.065,-0.9922,0,-4.768,95.1478,9.2947,1]},
{"frame":11,"values":[0.9915,-0.0693,-0.1104,0,0.0759,0.9955,0.0572,0,-0.106,0.065,-0.9922,0,-4.4575,94.8767,10.2131,1]},
{"frame":12,"values":[0.9915,-0.0693,-0.1104,0,0.0759,0.9955,0.0572,0,-0.106,0.065,-0.9922,0,-4.4063,94.6449,10.8842,1]},
{"frame":13,"values":[0.9915,-0.0693,-0.1104,0,0.0759,0.9955,0.0572,0,-0.106,0.065,-0.9922,0,-4.4439,94.5864,11.2333,1]},
{"frame":14,"values":[0.9915,-0.0693,-0.1104,0,0.0759,0.9955,0.0572,0,-0.106,0.065,-0.9922,0,-4.5398,94.741,10.8547,1]},
{"frame":15,"values":[0.9915,-0.0693,-0.1104,0,0.0759,0.9955,0.0572,0,-0.106,0.065,-0.9922,0,-4.5267,94.9385,9.8425,1]},
{"frame":16,"values":[0.9915,-0.0693,-0.1104,0,0.0759,0.9955,0.0572,0,-0.106,0.065,-0.9922,0,-4.3373,95.2009,8.597,1]},
{"frame":17,"values":[0.9915,-0.0693,-0.1104,0,0.0759,0.9955,0.0572,0,-0.106,0.065,-0.9922,0,-3.8083,95.3912,7.0735,1]},
{"frame":18,"values":[0.9915,-0.0693,-0.1104,0,0.0759,0.9955,0.0572,0,-0.106,0.065,-0.9922,0,-2.6543,95.2401,5.0285,1]},
{"frame":19,"values":[0.9915,-0.0693,-0.1104,0,0.0759,0.9955,0.0572,0,-0.106,0.065,-0.9922,0,-1.5306,95.0922,3.2028,1]},
{"frame":20,"values":[0.9915,-0.0693,-0.1104,0,0.0759,0.9955,0.0572,0,-0.106,0.065,-0.9922,0,-0.6995,95.0811,1.7732,1]},
{"frame":21,"values":[0.9915,-0.0693,-0.1104,0,0.0759,0.9955,0.0572,0,-0.106,0.065,-0.9922,0,-0.2075,95.0331,0.8305,1]},
{"frame":22,"values":[0.9915,-0.0693,-0.1104,0,0.0759,0.9955,0.0572,0,-0.106,0.065,-0.9922,0,0.0195,94.9959,0.2721,1]},
{"frame":23,"values":[0.9915,-0.0693,-0.1104,0,0.0759,0.9955,0.0572,0,-0.106,0.065,-0.9922,0,0.062,94.9824,0.1406,1]}],"loopBehavior":1,"name":"anim","property":"_matrix"}},
{"name":"Spine","index":1,"matrix":[0.9977,0.0629,-0.024,0,-0.0614,0.9964,0.0589,0,0.0277,-0.0573,0.998,0,0,9.2263,1.5771,1],"rest":[1,0,0,0,0,1,0,0,0,0,1,0,0,9.2263,1.5771,1],"parentBoneIndex":0,"length":16.2548
,"animation":{"dataType":3,"framePerSecond":24,"keys":[
{"frame":1,"values":[0.9977,0.0629,-0.024,0,-0.0614,0.9964,0.0589,0,0.0277,-0.0573,0.998,0,0,9.2263,1.5771,1]},
{"frame":2,"values":[0.9975,0.0646,-0.029,0,-0.0627,0.9962,0.0611,0,0.0329,-0.0591,0.9977,0,0,9.2263,1.5771,1]},
{"frame":3,"values":[0.9975,0.0632,-0.0329,0,-0.061,0.9961,0.0643,0,0.0368,-0.0621,0.9974,0,0,9.2263,1.5771,1]},
{"frame":4,"values":[0.9978,0.0547,-0.0367,0,-0.0521,0.9963,0.068,0,0.0403,-0.066,0.997,0,0,9.2263,1.5771,1]},
{"frame":5,"values":[0.9983,0.0417,-0.0417,0,-0.0386,0.9968,0.0707,0,0.0445,-0.0689,0.9966,0,0,9.2263,1.5771,1]},
{"frame":6,"values":[0.9984,0.0297,-0.0472,0,-0.0264,0.9972,0.0706,0,0.0492,-0.0693,0.9964,0,0,9.2263,1.5771,1]},
{"frame":7,"values":[0.9985,0.0198,-0.0509,0,-0.0163,0.9975,0.0685,0,0.0521,-0.0675,0.9964,0,0,9.2263,1.5771,1]},
{"frame":8,"values":[0.9985,0.0129,-0.0537,0,-0.0093,0.9978,0.0661,0,0.0545,-0.0655,0.9964,0,0,9.2263,1.5771,1]},
{"frame":9,"values":[0.9981,0.0159,-0.0589,0,-0.0122,0.9979,0.0636,0,0.0598,-0.0628,0.9962,0,0,9.2263,1.5771,1]},
{"frame":10,"values":[0.9975,0.028,-0.0648,0,-0.0241,0.9979,0.0606,0,0.0664,-0.0589,0.9961,0,0,9.2263,1.5771,1]},
{"frame":11,"values":[0.9971,0.0365,-0.0661,0,-0.0326,0.9978,0.0585,0,0.0681,-0.0562,0.9961,0,0,9.2263,1.5771,1]},
{"frame":12,"values":[0.9975,0.0359,-0.0611,0,-0.0323,0.9977,0.0588,0,0.063,-0.0567,0.9964,0,0,9.2263,1.5771,1]},
{"frame":13,"values":[0.9979,0.0385,-0.0526,0,-0.0353,0.9976,0.0603,0,0.0547,-0.0583,0.9968,0,0,9.2263,1.5771,1]},
{"frame":14,"values":[0.998,0.0439,-0.0452,0,-0.0411,0.9973,0.0616,0,0.0478,-0.0596,0.9971,0,0,9.2263,1.5771,1]},
{"frame":15,"values":[0.9981,0.0455,-0.0413,0,-0.0428,0.997,0.0651,0,0.0441,-0.0632,0.997,0,0,9.2263,1.5771,1]},
{"frame":16,"values":[0.9984,0.043,-0.0377,0,-0.0402,0.9967,0.071,0,0.0406,-0.0694,0.9968,0,0,9.2263,1.5771,1]},
{"frame":17,"values":[0.9989,0.0352,-0.0309,0,-0.0329,0.9967,0.0741,0,0.0334,-0.073,0.9968,0,0,9.2263,1.5771,1]},
{"frame":18,"values":[0.9994,0.0246,-0.0225,0,-0.0229,0.9971,0.0721,0,0.0242,-0.0715,0.9971,0,0,9.2263,1.5771,1]},
{"frame":19,"values":[0.9997,0.0177,-0.0164,0,-0.0165,0.9975,0.0681,0,0.0175,-0.0678,0.9975,0,0,9.2263,1.5771,1]},
{"frame":20,"values":[0.9996,0.0229,-0.0142,0,-0.0219,0.9977,0.0646,0,0.0157,-0.0643,0.9978,0,0,9.2263,1.5771,1]},
{"frame":21,"values":[0.9992,0.0372,-0.0163,0,-0.0361,0.9974,0.0618,0,0.0186,-0.0612,0.998,0,0,9.2263,1.5771,1]},
{"frame":22,"values":[0.9984,0.0528,-0.0208,0,-0.0515,0.9969,0.0599,0,0.0239,-0.0587,0.998,0,0,9.2263,1.5771,1]},
{"frame":23,"values":[0.9977,0.0629,-0.024,0,-0.0614,0.9964,0.0589,0,0.0277,-0.0573,0.998,0,0,9.2263,1.5771,1]}],"loopBehavior":1,"name":"anim","property":"_matrix"}},
{"name":"Spine1","index":2,"matrix":[0.9995,0.0296,-0.0056,0,-0.0295,0.9994,0.0204,0,0.0062,-0.0202,0.9998,0,0,16.254,-0.1656,1],"rest":[1,0,0,0,0,1,0,0,0,0,1,0,0,16.254,-0.1656,1],"parentBoneIndex":1,"length":13.7007
,"animation":{"dataType":3,"framePerSecond":24,"keys":[
{"frame":1,"values":[0.9995,0.0296,-0.0056,0,-0.0295,0.9994,0.0204,0,0.0062,-0.0202,0.9998,0,0,16.254,-0.1656,1]},
{"frame":2,"values":[0.9995,0.0303,-0.0088,0,-0.0301,0.9993,0.0226,0,0.0095,-0.0223,0.9997,0,0,16.254,-0.1656,1]},
{"frame":3,"values":[0.9994,0.0336,-0.0114,0,-0.0333,0.9991,0.0255,0,0.0123,-0.0251,0.9996,0,0,16.254,-0.1656,1]},
{"frame":4,"values":[0.9991,0.0391,-0.0149,0,-0.0386,0.9988,0.0292,0,0.016,-0.0286,0.9995,0,0,16.254,-0.1656,1]},
{"frame":5,"values":[0.9988,0.0456,-0.0197,0,-0.0449,0.9985,0.0323,0,0.0211,-0.0314,0.9993,0,0,16.254,-0.1656,1]},
{"frame":6,"values":[0.9983,0.053,-0.0246,0,-0.0522,0.9981,0.0332,0,0.0264,-0.0318,0.9991,0,0,16.254,-0.1656,1]},
{"frame":7,"values":[0.9977,0.0614,-0.0279,0,-0.0605,0.9976,0.0322,0,0.0298,-0.0304,0.9991,0,0,16.254,-0.1656,1]},
{"frame":8,"values":[0.997,0.0706,-0.0304,0,-0.0697,0.9971,0.0308,0,0.0325,-0.0286,0.9991,0,0,16.254,-0.1656,1]},
{"frame":9,"values":[0.9962,0.0797,-0.0355,0,-0.0787,0.9965,0.029,0,0.0377,-0.0261,0.9989,0,0,16.254,-0.1656,1]},
{"frame":10,"values":[0.9954,0.0858,-0.0422,0,-0.0848,0.9961,0.0255,0,0.0442,-0.0218,0.9988,0,0,16.254,-0.1656,1]},
{"frame":11,"values":[0.9952,0.087,-0.0453,0,-0.086,0.9961,0.0218,0,0.0471,-0.0178,0.9987,0,0,16.254,-0.1656,1]},
{"frame":12,"values":[0.9952,0.0877,-0.0428,0,-0.0868,0.996,0.0205,0,0.0444,-0.0167,0.9989,0,0,16.254,-0.1656,1]},
{"frame":13,"values":[0.9953,0.0901,-0.0365,0,-0.0894,0.9958,0.0207,0,0.0383,-0.0173,0.9991,0,0,16.254,-0.1656,1]},
{"frame":14,"values":[0.9955,0.0899,-0.0313,0,-0.0893,0.9958,0.0206,0,0.033,-0.0177,0.9993,0,0,16.254,-0.1656,1]},
{"frame":15,"values":[0.9959,0.0849,-0.0313,0,-0.0843,0.9962,0.0227,0,0.0331,-0.0199,0.9993,0,0,16.254,-0.1656,1]},
{"frame":16,"values":[0.9964,0.0783,-0.0323,0,-0.0774,0.9966,0.0269,0,0.0343,-0.0243,0.9991,0,0,16.254,-0.1656,1]},
{"frame":17,"values":[0.9973,0.0699,-0.0242,0,-0.0692,0.9972,0.0277,0,0.0261,-0.0259,0.9993,0,0,16.254,-0.1656,1]},
{"frame":18,"values":[0.9982,0.059,-0.0107,0,-0.0587,0.998,0.0244,0,0.0121,-0.0237,0.9996,0,0,16.254,-0.1656,1]},
{"frame":19,"values":[0.9988,0.0489,-0.0028,0,-0.0488,0.9986,0.0221,0,0.0038,-0.022,0.9998,0,0,16.254,-0.1656,1]},
{"frame":20,"values":[0.9991,0.0423,-0.0004,0,-0.0423,0.9989,0.0218,0,0.0013,-0.0218,0.9998,0,0,16.254,-0.1656,1]},
{"frame":21,"values":[0.9993,0.0374,-0.0007,0,-0.0374,0.9991,0.0215,0,0.0015,-0.0214,0.9998,0,0,16.254,-0.1656,1]},
{"frame":22,"values":[0.9995,0.0327,-0.0032,0,-0.0327,0.9993,0.0207,0,0.0039,-0.0206,0.9998,0,0,16.254,-0.1656,1]},
{"frame":23,"values":[0.9995,0.0296,-0.0057,0,-0.0295,0.9994,0.0204,0,0.0063,-0.0202,0.9998,0,0,16.254,-0.1656,1]}],"loopBehavior":1,"name":"anim","property":"_matrix"}},
{"name":"Spine2","index":3,"matrix":[0.9995,0.0297,-0.0061,0,-0.0296,0.9994,0.0199,0,0.0067,-0.0198,0.9998,0,0,13.6396,-1.2923,1],"rest":[1,0,0,0,0,1,0,0,0,0,1,0,0,13.6396,-1.2923,1],"parentBoneIndex":2,"length":13.1719
,"animation":{"dataType":3,"framePerSecond":24,"keys":[
{"frame":1,"values":[0.9995,0.0297,-0.0061,0,-0.0296,0.9994,0.0199,0,0.0067,-0.0198,0.9998,0,0,13.6396,-1.2923,1]},
{"frame":2,"values":[0.9995,0.029,-0.0093,0,-0.0288,0.9993,0.022,0,0.0099,-0.0217,0.9997,0,0,13.6396,-1.2923,1]},
{"frame":3,"values":[0.9995,0.0292,-0.0118,0,-0.0289,0.9993,0.0248,0,0.0125,-0.0245,0.9996,0,0,13.6396,-1.2923,1]},
{"frame":4,"values":[0.9995,0.0296,-0.0148,0,-0.0292,0.9992,0.0285,0,0.0157,-0.028,0.9995,0,0,13.6396,-1.2923,1]},
{"frame":5,"values":[0.9994,0.0297,-0.0191,0,-0.0291,0.9991,0.0314,0,0.02,-0.0308,0.9993,0,0,13.6396,-1.2923,1]},
{"frame":6,"values":[0.9993,0.0298,-0.0234,0,-0.0291,0.9991,0.0319,0,0.0243,-0.0312,0.9992,0,0,13.6396,-1.2923,1]},
{"frame":7,"values":[0.9992,0.0302,-0.0258,0,-0.0294,0.9991,0.0307,0,0.0267,-0.0299,0.9992,0,0,13.6396,-1.2923,1]},
{"frame":8,"values":[0.9991,0.0311,-0.0275,0,-0.0303,0.9991,0.0291,0,0.0284,-0.0282,0.9992,0,0,13.6396,-1.2923,1]},
{"frame":9,"values":[0.999,0.0321,-0.0317,0,-0.0313,0.9992,0.0269,0,0.0326,-0.0258,0.9991,0,0,13.6396,-1.2923,1]},
{"frame":10,"values":[0.9988,0.0307,-0.0375,0,-0.0299,0.9993,0.0229,0,0.0382,-0.0217,0.999,0,0,13.6396,-1.2923,1]},
{"frame":11,"values":[0.9989,0.0253,-0.0398,0,-0.0245,0.9995,0.0189,0,0.0402,-0.0179,0.999,0,0,13.6396,-1.2923,1]},
{"frame":12,"values":[0.9991,0.0205,-0.0368,0,-0.0198,0.9996,0.0178,0,0.0371,-0.017,0.9992,0,0,13.6396,-1.2923,1]},
{"frame":13,"values":[0.9994,0.0187,-0.0303,0,-0.0182,0.9997,0.0185,0,0.0306,-0.0179,0.9994,0,0,13.6396,-1.2923,1]},
{"frame":14,"values":[0.9996,0.0166,-0.0247,0,-0.0161,0.9997,0.019,0,0.025,-0.0186,0.9995,0,0,13.6396,-1.2923,1]},
{"frame":15,"values":[0.9996,0.0147,-0.0247,0,-0.0142,0.9997,0.0217,0,0.025,-0.0214,0.9995,0,0,13.6396,-1.2923,1]},
{"frame":16,"values":[0.9995,0.0171,-0.0265,0,-0.0163,0.9995,0.0265,0,0.0269,-0.026,0.9993,0,0,13.6396,-1.2923,1]},
{"frame":17,"values":[0.9996,0.0214,-0.0196,0,-0.0209,0.9994,0.0276,0,0.0202,-0.0272,0.9994,0,0,13.6396,-1.2923,1]},
{"frame":18,"values":[0.9997,0.0244,-0.0074,0,-0.0243,0.9994,0.0244,0,0.008,-0.0242,0.9997,0,0,13.6396,-1.2923,1]},
{"frame":19,"values":[0.9996,0.028,-0.001,0,-0.028,0.9994,0.022,0,0.0016,-0.022,0.9998,0,0,13.6396,-1.2923,1]},
{"frame":20,"values":[0.9995,0.0324,-0.0001,0,-0.0324,0.9992,0.0215,0,0.0008,-0.0215,0.9998,0,0,13.6396,-1.2923,1]},
{"frame":21,"values":[0.9994,0.0341,-0.0012,0,-0.034,0.9992,0.021,0,0.0019,-0.021,0.9998,0,0,13.6396,-1.2923,1]},
{"frame":22,"values":[0.9995,0.0319,-0.0037,0,-0.0319,0.9993,0.0203,0,0.0044,-0.0201,0.9998,0,0,13.6396,-1.2923,1]},
{"frame":23,"values":[0.9995,0.0297,-0.0061,0,-0.0296,0.9994,0.0199,0,0.0067,-0.0198,0.9998,0,0,13.6396,-1.2923,1]}],"loopBehavior":1,"name":"anim","property":"_matrix"}},
{"name":"Neck","index":4,"matrix":[1,0.0078,0.0021,0,-0.0079,0.9952,0.098,0,-0.0014,-0.098,0.9952,0,0,13.8774,-4.3542,1],"rest":[1,0,0,0,0,1,0,0,0,0,1,0,0,13.8774,-4.3542,1],"parentBoneIndex":3,"length":4.4379
,"animation":{"dataType":3,"framePerSecond":24,"keys":[
{"frame":1,"values":[1,0.0078,0.0021,0,-0.0079,0.9952,0.098,0,-0.0014,-0.098,0.9952,0,0,13.8774,-4.3542,1]},
{"frame":2,"values":[0.9999,0.0009,-0.0158,0,0.0007,0.9953,0.0967,0,0.0158,-0.0967,0.9952,0,0,13.8774,-4.3542,1]},
{"frame":3,"values":[0.9988,-0.0091,-0.0474,0,0.0139,0.9946,0.1024,0,0.0462,-0.1029,0.9936,0,0,13.8774,-4.3542,1]},
{"frame":4,"values":[0.996,-0.0184,-0.0871,0,0.0283,0.9931,0.1136,0,0.0844,-0.1156,0.9897,0,0,13.8774,-4.3542,1]},
{"frame":5,"values":[0.9921,-0.0235,-0.1235,0,0.0391,0.9914,0.1252,0,0.1195,-0.1291,0.9844,0,0,13.8774,-4.3542,1]},
{"frame":6,"values":[0.9887,-0.0246,-0.1476,0,0.0446,0.9901,0.1334,0,0.1429,-0.1385,0.98,0,0,13.8774,-4.3542,1]},
{"frame":7,"values":[0.987,-0.0245,-0.159,0,0.0466,0.9895,0.1369,0,0.154,-0.1425,0.9777,0,0,13.8774,-4.3542,1]},
{"frame":8,"values":[0.9865,-0.0247,-0.1622,0,0.0474,0.9894,0.1375,0,0.1571,-0.1433,0.9771,0,0,13.8774,-4.3542,1]},
{"frame":9,"values":[0.9868,-0.0253,-0.1602,0,0.0477,0.9893,0.1381,0,0.155,-0.1439,0.9774,0,0,13.8774,-4.3542,1]},
{"frame":10,"values":[0.9876,-0.0258,-0.1548,0,0.0477,0.9891,0.1392,0,0.1496,-0.1448,0.9781,0,0,13.8774,-4.3542,1]},
{"frame":11,"values":[0.9888,-0.0249,-0.1472,0,0.0455,0.9894,0.1382,0,0.1422,-0.1433,0.9794,0,0,13.8774,-4.3542,1]},
{"frame":12,"values":[0.9903,-0.0212,-0.1371,0,0.0399,0.9901,0.1349,0,0.1329,-0.139,0.9813,0,0,13.8774,-4.3542,1]},
{"frame":13,"values":[0.9922,-0.0168,-0.1239,0,0.0332,0.9907,0.1317,0,0.1205,-0.1348,0.9835,0,0,13.8774,-4.3542,1]},
{"frame":14,"values":[0.9941,-0.014,-0.108,0,0.028,0.9912,0.1291,0,0.1053,-0.1313,0.9857,0,0,13.8774,-4.3542,1]},
{"frame":15,"values":[0.9959,-0.0112,-0.0901,0,0.0224,0.992,0.1246,0,0.088,-0.1261,0.9881,0,0,13.8774,-4.3542,1]},
{"frame":16,"values":[0.9975,-0.0061,-0.0707,0,0.0144,0.9929,0.1177,0,0.0695,-0.1184,0.9905,0,0,13.8774,-4.3542,1]},
{"frame":17,"values":[0.9987,0.0004,-0.0507,0,0.0052,0.9939,0.11,0,0.0505,-0.1101,0.9926,0,0,13.8774,-4.3542,1]},
{"frame":18,"values":[0.9995,0.0062,-0.0318,0,-0.0029,0.9946,0.1033,0,0.0322,-0.1032,0.9941,0,0,13.8774,-4.3542,1]},
{"frame":19,"values":[0.9998,0.0092,-0.0164,0,-0.0075,0.995,0.0993,0,0.0172,-0.0992,0.9949,0,0,13.8774,-4.3542,1]},
{"frame":20,"values":[0.9999,0.0092,-0.0065,0,-0.0085,0.9951,0.0981,0,0.0074,-0.0981,0.9952,0,0,13.8774,-4.3542,1]},
{"frame":21,"values":[1,0.0083,-0.0012,0,-0.0081,0.9951,0.0981,0,0.002,-0.098,0.9952,0,0,13.8774,-4.3542,1]},
{"frame":22,"values":[1,0.0079,0.0012,0,-0.0079,0.9952,0.098,0,-0.0004,-0.098,0.9952,0,0,13.8774,-4.3542,1]},
{"frame":23,"values":[1,0.0078,0.0021,0,-0.0079,0.9952,0.098,0,-0.0014,-0.098,0.9952,0,0,13.8774,-4.3542,1]}],"loopBehavior":1,"name":"anim","property":"_matrix"}},
{"name":"Neck1","index":5,"matrix":[1,0,0,0,0,1,0,0,0,0,1,0,0,4.34,0.9269,1],"rest":[1,0,0,0,0,1,0,0,0,0,1,0,0,4.34,0.9269,1],"parentBoneIndex":4,"length":6.2291
,"animation":{"dataType":3,"framePerSecond":24,"keys":[
{"frame":1,"values":[1,0,0,0,0,1,0,0,0,0,1,0,0,4.34,0.9269,1]},
{"frame":23,"values":[1,0,0,0,0,1,0,0,0,0,1,0,0,4.34,0.9269,1]}],"loopBehavior":1,"name":"anim","property":"_matrix"}},
{"name":"Head","index":6,"matrix":[0.9997,-0.0046,-0.0236,0,0.0014,0.9913,-0.1317,0,0.024,0.1316,0.991,0,0,4.0266,0.8585,1],"rest":[1,0,0,0,0,1,0,0,0,0,1,0,0,4.0266,0.8585,1],"parentBoneIndex":5,"length":14.8424
,"animation":{"dataType":3,"framePerSecond":24,"keys":[
{"frame":1,"values":[0.9997,-0.0046,-0.0236,0,0.0014,0.9913,-0.1317,0,0.024,0.1316,0.991,0,0,4.0266,0.8585,1]},
{"frame":2,"values":[0.997,-0.0252,-0.0738,0,0.0148,0.9903,-0.1384,0,0.0765,0.1369,0.9876,0,0,4.0266,0.8585,1]},
{"frame":3,"values":[0.9874,-0.0543,-0.1484,0,0.0342,0.9903,-0.1344,0,0.1543,0.1276,0.9798,0,0,4.0266,0.8585,1]},
{"frame":4,"values":[0.9676,-0.0825,-0.2386,0,0.0559,0.9916,-0.1165,0,0.2462,0.0994,0.9641,0,0,4.0266,0.8585,1]},
{"frame":5,"values":[0.9404,-0.1011,-0.3246,0,0.076,0.9931,-0.0891,0,0.3314,0.0591,0.9416,0,0,4.0266,0.8585,1]},
{"frame":6,"values":[0.9142,-0.1115,-0.3896,0,0.0937,0.9935,-0.0645,0,0.3943,0.0224,0.9187,0,0,4.0266,0.8585,1]},
{"frame":7,"values":[0.8948,-0.1209,-0.4297,0,0.1095,0.9927,-0.0513,0,0.4328,-0.0012,0.9015,0,0,4.0266,0.8585,1]},
{"frame":8,"values":[0.8836,-0.1316,-0.4493,0,0.1234,0.9912,-0.0475,0,0.4516,-0.0135,0.8921,0,0,4.0266,0.8585,1]},
{"frame":9,"values":[0.8798,-0.1407,-0.454,0,0.134,0.9899,-0.047,0,0.456,-0.0195,0.8898,0,0,4.0266,0.8585,1]},
{"frame":10,"values":[0.8803,-0.1459,-0.4515,0,0.1403,0.989,-0.0461,0,0.4532,-0.0227,0.8911,0,0,4.0266,0.8585,1]},
{"frame":11,"values":[0.8817,-0.1483,-0.448,0,0.1432,0.9887,-0.0453,0,0.4496,-0.0242,0.8929,0,0,4.0266,0.8585,1]},
{"frame":12,"values":[0.8833,-0.1522,-0.4434,0,0.1463,0.9881,-0.0478,0,0.4454,-0.0227,0.8951,0,0,4.0266,0.8585,1]},
{"frame":13,"values":[0.8883,-0.1602,-0.4303,0,0.1511,0.987,-0.0554,0,0.4336,-0.0158,0.901,0,0,4.0266,0.8585,1]},
{"frame":14,"values":[0.9005,-0.1644,-0.4026,0,0.1516,0.9864,-0.0636,0,0.4076,-0.0038,0.9131,0,0,4.0266,0.8585,1]},
{"frame":15,"values":[0.9205,-0.1546,-0.3588,0,0.1387,0.9879,-0.0699,0,0.3653,0.0146,0.9308,0,0,4.0266,0.8585,1]},
{"frame":16,"values":[0.9436,-0.1322,-0.3036,0,0.1137,0.9904,-0.078,0,0.311,0.0391,0.9496,0,0,4.0266,0.8585,1]},
{"frame":17,"values":[0.9646,-0.1038,-0.2425,0,0.0842,0.9924,-0.0897,0,0.2499,0.0661,0.966,0,0,4.0266,0.8585,1]},
{"frame":18,"values":[0.9808,-0.0741,-0.1804,0,0.0561,0.9931,-0.1027,0,0.1868,0.0906,0.9782,0,0,4.0266,0.8585,1]},
{"frame":19,"values":[0.9913,-0.0475,-0.1226,0,0.0335,0.9929,-0.1142,0,0.1272,0.1091,0.9859,0,0,4.0266,0.8585,1]},
{"frame":20,"values":[0.9967,-0.0281,-0.0764,0,0.0186,0.9923,-0.1224,0,0.0793,0.1206,0.9895,0,0,4.0266,0.8585,1]},
{"frame":21,"values":[0.9988,-0.0157,-0.0461,0,0.0097,0.9918,-0.1273,0,0.0477,0.1267,0.9908,0,0,4.0266,0.8585,1]},
{"frame":22,"values":[0.9995,-0.0083,-0.0303,0,0.0043,0.9915,-0.1302,0,0.0311,0.13,0.991,0,0,4.0266,0.8585,1]},
{"frame":23,"values":[0.9997,-0.0045,-0.0236,0,0.0014,0.9913,-0.1316,0,0.024,0.1315,0.991,0,0,4.0266,0.8585,1]}],"loopBehavior":1,"name":"anim","property":"_matrix"}},
{"name":"L_Ear","index":7,"matrix":[1,0,0,0,0,1,0,0,0,0,1,0,6.8586,8.862,3.3161,1],"rest":[1,0,0,0,0,1,0,0,0,0,1,0,6.8586,8.862,3.3161,1],"parentBoneIndex":6,"length":14.8424
,"animation":{"dataType":3,"framePerSecond":24,"keys":[
{"frame":1,"values":[1,0,0,0,0,1,0,0,0,0,1,0,6.8586,8.862,3.3161,1]},
{"frame":23,"values":[1,0,0,0,0,1,0,0,0,0,1,0,6.8586,8.862,3.3161,1]}],"loopBehavior":1,"name":"anim","property":"_matrix"}},
{"name":"Jaw","index":8,"matrix":[1,0,0,0,0,1,0,0,0,0,1,0,0.0038,6.235,4.4131,1],"rest":[1,0,0,0,0,1,0,0,0,0,1,0,0.0038,6.235,4.4131,1],"parentBoneIndex":6,"length":8.9884
,"animation":{"dataType":3,"framePerSecond":24,"keys":[
{"frame":1,"values":[1,0,0,0,0,1,0,0,0,0,1,0,0.0038,6.235,4.4131,1]},
{"frame":23,"values":[1,0,0,0,0,1,0,0,0,0,1,0,0.0038,6.235,4.4131,1]}],"loopBehavior":1,"name":"anim","property":"_matrix"}},
{"name":"TongueBack","index":9,"matrix":[1,0,0,0,0,1,0,0,0,0,1,0,0,-3.3518,4.6468,1],"rest":[1,0,0,0,0,1,0,0,0,0,1,0,0,-3.3518,4.6468,1],"parentBoneIndex":8,"length":1.6664
,"animation":{"dataType":3,"framePerSecond":24,"keys":[
{"frame":1,"values":[1,0,0,0,0,1,0,0,0,0,1,0,0,-3.3518,4.6468,1]},
{"frame":23,"values":[1,0,0,0,0,1,0,0,0,0,1,0,0,-3.3518,4.6468,1]}],"loopBehavior":1,"name":"anim","property":"_matrix"}},
{"name":"TongueMid","index":10,"matrix":[1,0,0,0,0,1,0,0,0,0,1,0,0,0.0424,1.6659,1],"rest":[1,0,0,0,0,1,0,0,0,0,1,0,0,0.0424,1.6659,1],"parentBoneIndex":9,"length":1.3562
,"animation":{"dataType":3,"framePerSecond":24,"keys":[
{"frame":1,"values":[1,0,0,0,0,1,0,0,0,0,1,0,0,0.0424,1.6659,1]},
{"frame":23,"values":[1,0,0,0,0,1,0,0,0,0,1,0,0,0.0424,1.6659,1]}],"loopBehavior":1,"name":"anim","property":"_matrix"}},
{"name":"TongueTip","index":11,"matrix":[1,0,0,0,0,1,0,0,0,0,1,0,0,-0.4344,1.2847,1],"rest":[1,0,0,0,0,1,0,0,0,0,1,0,0,-0.4344,1.2847,1],"parentBoneIndex":10,"length":1.3562
,"animation":{"dataType":3,"framePerSecond":24,"keys":[
{"frame":1,"values":[1,0,0,0,0,1,0,0,0,0,1,0,0,-0.4344,1.2847,1]},
{"frame":23,"values":[1,0,0,0,0,1,0,0,0,0,1,0,0,-0.4344,1.2847,1]}],"loopBehavior":1,"name":"anim","property":"_matrix"}},
{"name":"Chin","index":12,"matrix":[1,0,0,0,0,1,0,0,0,0,1,0,-0.0038,-6.1605,9.1241,1],"rest":[1,0,0,0,0,1,0,0,0,0,1,0,-0.0038,-6.1605,9.1241,1],"parentBoneIndex":8,"length":8.9884
,"animation":{"dataType":3,"framePerSecond":24,"keys":[
{"frame":1,"values":[1,0,0,0,0,1,0,0,0,0,1,0,-0.0038,-6.1605,9.1241,1]},
{"frame":23,"values":[1,0,0,0,0,1,0,0,0,0,1,0,-0.0038,-6.1605,9.1241,1]}],"loopBehavior":1,"name":"anim","property":"_matrix"}},
{"name":"LowerChin","index":13,"matrix":[1,0,0,0,0,1,0,0,0,0,1,0,-0.0038,-8.2784,6.0042,1],"rest":[1,0,0,0,0,1,0,0,0,0,1,0,-0.0038,-8.2784,6.0042,1],"parentBoneIndex":8,"length":8.9884
,"animation":{"dataType":3,"framePerSecond":24,"keys":[
{"frame":1,"values":[1,0,0,0,0,1,0,0,0,0,1,0,-0.0038,-8.2784,6.0042,1]},
{"frame":23,"values":[1,0,0,0,0,1,0,0,0,0,1,0,-0.0038,-8.2784,6.0042,1]}],"loopBehavior":1,"name":"anim","property":"_matrix"}},
{"name":"L_Temple","index":14,"matrix":[1,0,0,0,0,1,0,0,0,0,1,0,6.7164,11.953,7.4033,1],"rest":[1,0,0,0,0,1,0,0,0,0,1,0,6.7164,11.953,7.4033,1],"parentBoneIndex":6,"length":14.8424
,"animation":{"dataType":3,"framePerSecond":24,"keys":[
{"frame":1,"values":[1,0,0,0,0,1,0,0,0,0,1,0,6.7164,11.953,7.4033,1]},
{"frame":23,"values":[1,0,0,0,0,1,0,0,0,0,1,0,6.7164,11.953,7.4033,1]}],"loopBehavior":1,"name":"anim","property":"_matrix"}},
{"name":"L_IOuterBrow","index":15,"matrix":[1,0,0,0,0,1,0,0,0,0,1,0,5.185,11.3348,12.3701,1],"rest":[1,0,0,0,0,1,0,0,0,0,1,0,5.185,11.3348,12.3701,1],"parentBoneIndex":6,"length":14.8424
,"animation":{"dataType":3,"framePerSecond":24,"keys":[
{"frame":1,"values":[1,0,0,0,0,1,0,0,0,0,1,0,5.185,11.3348,12.3701,1]},
{"frame":23,"values":[1,0,0,0,0,1,0,0,0,0,1,0,5.185,11.3348,12.3701,1]}],"loopBehavior":1,"name":"anim","property":"_matrix"}},
{"name":"L_MidBrow","index":16,"matrix":[1,0,0,0,0,1,0,0,0,0,1,0,3.3668,11.4156,13.6166,1],"rest":[1,0,0,0,0,1,0,0,0,0,1,0,3.3668,11.4156,13.6166,1],"parentBoneIndex":6,"length":14.8424
,"animation":{"dataType":3,"framePerSecond":24,"keys":[
{"frame":1,"values":[1,0,0,0,0,1,0,0,0,0,1,0,3.3668,11.4156,13.6166,1]},
{"frame":23,"values":[1,0,0,0,0,1,0,0,0,0,1,0,3.3668,11.4156,13.6166,1]}],"loopBehavior":1,"name":"anim","property":"_matrix"}},
{"name":"L_InnerBrow","index":17,"matrix":[1,0,0,0,0,1,0,0,0,0,1,0,1.6599,10.7576,14.115,1],"rest":[1,0,0,0,0,1,0,0,0,0,1,0,1.6599,10.7576,14.115,1],"parentBoneIndex":6,"length":14.8424
,"animation":{"dataType":3,"framePerSecond":24,"keys":[
{"frame":1,"values":[1,0,0,0,0,1,0,0,0,0,1,0,1.6599,10.7576,14.115,1]},
{"frame":23,"values":[1,0,0,0,0,1,0,0,0,0,1,0,1.6599,10.7576,14.115,1]}],"loopBehavior":1,"name":"anim","property":"_matrix"}},
{"name":"L_Eye","index":18,"matrix":[1,0,0,0,0,1,0,0,0,0,1,0,3.0989,9.6989,11.4382,1],"rest":[1,0,0,0,0,1,0,0,0,0,1,0,3.0989,9.6989,11.4382,1],"parentBoneIndex":6,"length":14.8424
,"animation":{"dataType":3,"framePerSecond":24,"keys":[
{"frame":1,"values":[1,0,0,0,0,1,0,0,0,0,1,0,3.0989,9.6989,11.4382,1]},
{"frame":23,"values":[1,0,0,0,0,1,0,0,0,0,1,0,3.0989,9.6989,11.4382,1]}],"loopBehavior":1,"name":"anim","property":"_matrix"}},
{"name":"L_EyelidLower","index":19,"matrix":[1,0,0,0,0,1,0,0,0,0,1,0,3.0989,9.6989,11.4382,1],"rest":[1,0,0,0,0,1,0,0,0,0,1,0,3.0989,9.6989,11.4382,1],"parentBoneIndex":6,"length":14.8424
,"animation":{"dataType":3,"framePerSecond":24,"keys":[
{"frame":1,"values":[1,0,0,0,0,1,0,0,0,0,1,0,3.0989,9.6989,11.4382,1]},
{"frame":23,"values":[1,0,0,0,0,1,0,0,0,0,1,0,3.0989,9.6989,11.4382,1]}],"loopBehavior":1,"name":"anim","property":"_matrix"}},
{"name":"L_EyelidUpper","index":20,"matrix":[1,0,0,0,0,1,0,0,0,0,1,0,3.0989,9.6989,11.4382,1],"rest":[1,0,0,0,0,1,0,0,0,0,1,0,3.0989,9.6989,11.4382,1],"parentBoneIndex":6,"length":14.8424
,"animation":{"dataType":3,"framePerSecond":24,"keys":[
{"frame":1,"values":[1,0,0,0,0,1,0,0,0,0,1,0,3.0989,9.6989,11.4382,1]},
{"frame":23,"values":[1,0,0,0,0,1,0,0,0,0,1,0,3.0989,9.6989,11.4382,1]}],"loopBehavior":1,"name":"anim","property":"_matrix"}},
{"name":"L_InnerCheek","index":21,"matrix":[1,0,0,0,0,1,0,0,0,0,1,0,2.1484,7.4937,13.4347,1],"rest":[1,0,0,0,0,1,0,0,0,0,1,0,2.1484,7.4937,13.4347,1],"parentBoneIndex":6,"length":14.8424
,"animation":{"dataType":3,"framePerSecond":24,"keys":[
{"frame":1,"values":[1,0,0,0,0,1,0,0,0,0,1,0,2.1484,7.4937,13.4347,1]},
{"frame":23,"values":[1,0,0,0,0,1,0,0,0,0,1,0,2.1484,7.4937,13.4347,1]}],"loopBehavior":1,"name":"anim","property":"_matrix"}},
{"name":"L_LowerCheek","index":22,"matrix":[1,0,0,0,0,1,0,0,0,0,1,0,4.3527,2.5675,9.9423,1],"rest":[1,0,0,0,0,1,0,0,0,0,1,0,4.3527,2.5675,9.9423,1],"parentBoneIndex":6,"length":14.8424
,"animation":{"dataType":3,"framePerSecond":24,"keys":[
{"frame":1,"values":[1,0,0,0,0,1,0,0,0,0,1,0,4.3527,2.5675,9.9423,1]},
{"frame":23,"values":[1,0,0,0,0,1,0,0,0,0,1,0,4.3527,2.5675,9.9423,1]}],"loopBehavior":1,"name":"anim","property":"_matrix"}},
{"name":"L_LipCorner","index":23,"matrix":[1,0,0,0,0,1,0,0,0,0,1,0,2.9076,2.9095,12.5938,1],"rest":[1,0,0,0,0,1,0,0,0,0,1,0,2.9076,2.9095,12.5938,1],"parentBoneIndex":6,"length":0.9548
,"animation":{"dataType":3,"framePerSecond":24,"keys":[
{"frame":1,"values":[1,0,0,0,0,1,0,0,0,0,1,0,2.9076,2.9095,12.5938,1]},
{"frame":23,"values":[1,0,0,0,0,1,0,0,0,0,1,0,2.9076,2.9095,12.5938,1]}],"loopBehavior":1,"name":"anim","property":"_matrix"}},
{"name":"L_LipCornerLowTweak","index":24,"matrix":[1,0,0,0,0,1,0,0,0,0,1,0,-0.8072,-0.3254,0.4547,1],"rest":[1,0,0,0,0,1,0,0,0,0,1,0,-0.8072,-0.3254,0.4547,1],"parentBoneIndex":23,"length":0.9548
,"animation":{"dataType":3,"framePerSecond":24,"keys":[
{"frame":1,"values":[1,0,0,0,0,1,0,0,0,0,1,0,-0.8072,-0.3254,0.4547,1]},
{"frame":23,"values":[1,0,0,0,0,1,0,0,0,0,1,0,-0.8072,-0.3254,0.4547,1]}],"loopBehavior":1,"name":"anim","property":"_matrix"}},
{"name":"L_LipCornerUpTweak","index":25,"matrix":[1,0,0,0,0,1,0,0,0,0,1,0,-0.7251,0.0237,0.5782,1],"rest":[1,0,0,0,0,1,0,0,0,0,1,0,-0.7251,0.0237,0.5782,1],"parentBoneIndex":23,"length":0.9548
,"animation":{"dataType":3,"framePerSecond":24,"keys":[
{"frame":1,"values":[1,0,0,0,0,1,0,0,0,0,1,0,-0.7251,0.0237,0.5782,1]},
{"frame":23,"values":[1,0,0,0,0,1,0,0,0,0,1,0,-0.7251,0.0237,0.5782,1]}],"loopBehavior":1,"name":"anim","property":"_matrix"}},
{"name":"L_LipLower","index":26,"matrix":[1,0,0,0,0,1,0,0,0,0,1,0,1.2586,2.3762,13.5915,1],"rest":[1,0,0,0,0,1,0,0,0,0,1,0,1.2586,2.3762,13.5915,1],"parentBoneIndex":6,"length":14.8424
,"animation":{"dataType":3,"framePerSecond":24,"keys":[
{"frame":1,"values":[1,0,0,0,0,1,0,0,0,0,1,0,1.2586,2.3762,13.5915,1]},
{"frame":23,"values":[1,0,0,0,0,1,0,0,0,0,1,0,1.2586,2.3762,13.5915,1]}],"loopBehavior":1,"name":"anim","property":"_matrix"}},
{"name":"L_LipUpper","index":27,"matrix":[1,0,0,0,0,1,0,0,0,0,1,0,1.2981,3.1535,13.8987,1],"rest":[1,0,0,0,0,1,0,0,0,0,1,0,1.2981,3.1535,13.8987,1],"parentBoneIndex":6,"length":14.8424
,"animation":{"dataType":3,"framePerSecond":24,"keys":[
{"frame":1,"values":[1,0,0,0,0,1,0,0,0,0,1,0,1.2981,3.1535,13.8987,1]},
{"frame":23,"values":[1,0,0,0,0,1,0,0,0,0,1,0,1.2981,3.1535,13.8987,1]}],"loopBehavior":1,"name":"anim","property":"_matrix"}},
{"name":"LipMidLower","index":28,"matrix":[1,0,0,0,0,1,0,0,0,0,1,0,0,2.4182,14.0113,1],"rest":[1,0,0,0,0,1,0,0,0,0,1,0,0,2.4182,14.0113,1],"parentBoneIndex":6,"length":14.8424
,"animation":{"dataType":3,"framePerSecond":24,"keys":[
{"frame":1,"values":[1,0,0,0,0,1,0,0,0,0,1,0,0,2.4182,14.0113,1]},
{"frame":23,"values":[1,0,0,0,0,1,0,0,0,0,1,0,0,2.4182,14.0113,1]}],"loopBehavior":1,"name":"anim","property":"_matrix"}},
{"name":"LipMidUpper","index":29,"matrix":[1,0,0,0,0,1,0,0,0,0,1,0,0,3.2177,14.3127,1],"rest":[1,0,0,0,0,1,0,0,0,0,1,0,0,3.2177,14.3127,1],"parentBoneIndex":6,"length":14.8424
,"animation":{"dataType":3,"framePerSecond":24,"keys":[
{"frame":1,"values":[1,0,0,0,0,1,0,0,0,0,1,0,0,3.2177,14.3127,1]},
{"frame":23,"values":[1,0,0,0,0,1,0,0,0,0,1,0,0,3.2177,14.3127,1]}],"loopBehavior":1,"name":"anim","property":"_matrix"}},
{"name":"L_CheekFold","index":30,"matrix":[1,0,0,0,0,1,0,0,0,0,1,0,2.8997,4.8397,12.9905,1],"rest":[1,0,0,0,0,1,0,0,0,0,1,0,2.8997,4.8397,12.9905,1],"parentBoneIndex":6,"length":14.8424
,"animation":{"dataType":3,"framePerSecond":24,"keys":[
{"frame":1,"values":[1,0,0,0,0,1,0,0,0,0,1,0,2.8997,4.8397,12.9905,1]},
{"frame":23,"values":[1,0,0,0,0,1,0,0,0,0,1,0,2.8997,4.8397,12.9905,1]}],"loopBehavior":1,"name":"anim","property":"_matrix"}},
{"name":"L_Nostril","index":31,"matrix":[1,0,0,0,0,1,0,0,0,0,1,0,1.2793,5.2449,14.0405,1],"rest":[1,0,0,0,0,1,0,0,0,0,1,0,1.2793,5.2449,14.0405,1],"parentBoneIndex":6,"length":14.8424
,"animation":{"dataType":3,"framePerSecond":24,"keys":[
{"frame":1,"values":[1,0,0,0,0,1,0,0,0,0,1,0,1.2793,5.2449,14.0405,1]},
{"frame":23,"values":[1,0,0,0,0,1,0,0,0,0,1,0,1.2793,5.2449,14.0405,1]}],"loopBehavior":1,"name":"anim","property":"_matrix"}},
{"name":"Scalp","index":32,"matrix":[1,0,0,0,0,1,0,0,0,0,1,0,0.0038,15.512,8.5871,1],"rest":[1,0,0,0,0,1,0,0,0,0,1,0,0.0038,15.512,8.5871,1],"parentBoneIndex":6,"length":14.8424
,"animation":{"dataType":3,"framePerSecond":24,"keys":[
{"frame":1,"values":[1,0,0,0,0,1,0,0,0,0,1,0,0.0038,15.512,8.5871,1]},
{"frame":23,"values":[1,0,0,0,0,1,0,0,0,0,1,0,0.0038,15.512,8.5871,1]}],"loopBehavior":1,"name":"anim","property":"_matrix"}},
{"name":"L_OuterCheek","index":33,"matrix":[1,0,0,0,0,1,0,0,0,0,1,0,4.805,7.1686,11.679,1],"rest":[1,0,0,0,0,1,0,0,0,0,1,0,4.805,7.1686,11.679,1],"parentBoneIndex":6,"length":14.8424
,"animation":{"dataType":3,"framePerSecond":24,"keys":[
{"frame":1,"values":[1,0,0,0,0,1,0,0,0,0,1,0,4.805,7.1686,11.679,1]},
{"frame":23,"values":[1,0,0,0,0,1,0,0,0,0,1,0,4.805,7.1686,11.679,1]}],"loopBehavior":1,"name":"anim","property":"_matrix"}},
{"name":"R_LipLower","index":34,"matrix":[1,0,0,0,0,1,0,0,0,0,1,0,-1.2586,2.3762,13.5915,1],"rest":[1,0,0,0,0,1,0,0,0,0,1,0,-1.2586,2.3762,13.5915,1],"parentBoneIndex":6,"length":14.8424
,"animation":{"dataType":3,"framePerSecond":24,"keys":[
{"frame":1,"values":[1,0,0,0,0,1,0,0,0,0,1,0,-1.2586,2.3762,13.5915,1]},
{"frame":23,"values":[1,0,0,0,0,1,0,0,0,0,1,0,-1.2586,2.3762,13.5915,1]}],"loopBehavior":1,"name":"anim","property":"_matrix"}},
{"name":"RightNostril","index":35,"matrix":[1,0,0,0,0,1,0,0,0,0,1,0,-1.2793,5.2449,14.0405,1],"rest":[1,0,0,0,0,1,0,0,0,0,1,0,-1.2793,5.2449,14.0405,1],"parentBoneIndex":6,"length":14.8424
,"animation":{"dataType":3,"framePerSecond":24,"keys":[
{"frame":1,"values":[1,0,0,0,0,1,0,0,0,0,1,0,-1.2793,5.2449,14.0405,1]},
{"frame":23,"values":[1,0,0,0,0,1,0,0,0,0,1,0,-1.2793,5.2449,14.0405,1]}],"loopBehavior":1,"name":"anim","property":"_matrix"}},
{"name":"R_CheekFold","index":36,"matrix":[1,0,0,0,0,1,0,0,0,0,1,0,-2.8997,4.8397,12.9905,1],"rest":[1,0,0,0,0,1,0,0,0,0,1,0,-2.8997,4.8397,12.9905,1],"parentBoneIndex":6,"length":14.8424
,"animation":{"dataType":3,"framePerSecond":24,"keys":[
{"frame":1,"values":[1,0,0,0,0,1,0,0,0,0,1,0,-2.8997,4.8397,12.9905,1]},
{"frame":23,"values":[1,0,0,0,0,1,0,0,0,0,1,0,-2.8997,4.8397,12.9905,1]}],"loopBehavior":1,"name":"anim","property":"_matrix"}},
{"name":"R_LowerCheek","index":37,"matrix":[1,0,0,0,0,1,0,0,0,0,1,0,-4.3527,2.5675,9.9423,1],"rest":[1,0,0,0,0,1,0,0,0,0,1,0,-4.3527,2.5675,9.9423,1],"parentBoneIndex":6,"length":14.8424
,"animation":{"dataType":3,"framePerSecond":24,"keys":[
{"frame":1,"values":[1,0,0,0,0,1,0,0,0,0,1,0,-4.3527,2.5675,9.9423,1]},
{"frame":23,"values":[1,0,0,0,0,1,0,0,0,0,1,0,-4.3527,2.5675,9.9423,1]}],"loopBehavior":1,"name":"anim","property":"_matrix"}},
{"name":"R_gLipCorner","index":38,"matrix":[1,0,0,0,0,1,0,0,0,0,1,0,-2.9076,2.9095,12.5938,1],"rest":[1,0,0,0,0,1,0,0,0,0,1,0,-2.9076,2.9095,12.5938,1],"parentBoneIndex":6,"length":0.9548
,"animation":{"dataType":3,"framePerSecond":24,"keys":[
{"frame":1,"values":[1,0,0,0,0,1,0,0,0,0,1,0,-2.9076,2.9095,12.5938,1]},
{"frame":23,"values":[1,0,0,0,0,1,0,0,0,0,1,0,-2.9076,2.9095,12.5938,1]}],"loopBehavior":1,"name":"anim","property":"_matrix"}},
{"name":"R_gLipCornerLowTweak","index":39,"matrix":[1,0,0,0,0,1,0,0,0,0,1,0,0.8072,-0.3254,0.4547,1],"rest":[1,0,0,0,0,1,0,0,0,0,1,0,0.8072,-0.3254,0.4547,1],"parentBoneIndex":38,"length":0.9548
,"animation":{"dataType":3,"framePerSecond":24,"keys":[
{"frame":1,"values":[1,0,0,0,0,1,0,0,0,0,1,0,0.8072,-0.3254,0.4547,1]},
{"frame":23,"values":[1,0,0,0,0,1,0,0,0,0,1,0,0.8072,-0.3254,0.4547,1]}],"loopBehavior":1,"name":"anim","property":"_matrix"}},
{"name":"R_gLipCornerUpTweak","index":40,"matrix":[1,0,0,0,0,1,0,0,0,0,1,0,0.7251,0.0237,0.5782,1],"rest":[1,0,0,0,0,1,0,0,0,0,1,0,0.7251,0.0237,0.5782,1],"parentBoneIndex":38,"length":0.9548
,"animation":{"dataType":3,"framePerSecond":24,"keys":[
{"frame":1,"values":[1,0,0,0,0,1,0,0,0,0,1,0,0.7251,0.0237,0.5782,1]},
{"frame":23,"values":[1,0,0,0,0,1,0,0,0,0,1,0,0.7251,0.0237,0.5782,1]}],"loopBehavior":1,"name":"anim","property":"_matrix"}},
{"name":"R_LipUpper","index":41,"matrix":[1,0,0,0,0,1,0,0,0,0,1,0,-1.2981,3.1535,13.8987,1],"rest":[1,0,0,0,0,1,0,0,0,0,1,0,-1.2981,3.1535,13.8987,1],"parentBoneIndex":6,"length":14.8424
,"animation":{"dataType":3,"framePerSecond":24,"keys":[
{"frame":1,"values":[1,0,0,0,0,1,0,0,0,0,1,0,-1.2981,3.1535,13.8987,1]},
{"frame":23,"values":[1,0,0,0,0,1,0,0,0,0,1,0,-1.2981,3.1535,13.8987,1]}],"loopBehavior":1,"name":"anim","property":"_matrix"}},
{"name":"R_OuterCheek","index":42,"matrix":[1,0,0,0,0,1,0,0,0,0,1,0,-4.805,7.1686,11.679,1],"rest":[1,0,0,0,0,1,0,0,0,0,1,0,-4.805,7.1686,11.679,1],"parentBoneIndex":6,"length":14.8424
,"animation":{"dataType":3,"framePerSecond":24,"keys":[
{"frame":1,"values":[1,0,0,0,0,1,0,0,0,0,1,0,-4.805,7.1686,11.679,1]},
{"frame":23,"values":[1,0,0,0,0,1,0,0,0,0,1,0,-4.805,7.1686,11.679,1]}],"loopBehavior":1,"name":"anim","property":"_matrix"}},
{"name":"MidBrows","index":43,"matrix":[1,0,0,0,0,1,0,0,0,0,1,0,0,10.8004,14.2738,1],"rest":[1,0,0,0,0,1,0,0,0,0,1,0,0,10.8004,14.2738,1],"parentBoneIndex":6,"length":14.8424
,"animation":{"dataType":3,"framePerSecond":24,"keys":[
{"frame":1,"values":[1,0,0,0,0,1,0,0,0,0,1,0,0,10.8004,14.2738,1]},
{"frame":23,"values":[1,0,0,0,0,1,0,0,0,0,1,0,0,10.8004,14.2738,1]}],"loopBehavior":1,"name":"anim","property":"_matrix"}},
{"name":"R_InnerBrow","index":44,"matrix":[1,0,0,0,0,1,0,0,0,0,1,0,-1.6599,10.7576,14.115,1],"rest":[1,0,0,0,0,1,0,0,0,0,1,0,-1.6599,10.7576,14.115,1],"parentBoneIndex":6,"length":14.8424
,"animation":{"dataType":3,"framePerSecond":24,"keys":[
{"frame":1,"values":[1,0,0,0,0,1,0,0,0,0,1,0,-1.6599,10.7576,14.115,1]},
{"frame":23,"values":[1,0,0,0,0,1,0,0,0,0,1,0,-1.6599,10.7576,14.115,1]}],"loopBehavior":1,"name":"anim","property":"_matrix"}},
{"name":"R_MidBrow","index":45,"matrix":[1,0,0,0,0,1,0,0,0,0,1,0,-3.3668,11.4156,13.6166,1],"rest":[1,0,0,0,0,1,0,0,0,0,1,0,-3.3668,11.4156,13.6166,1],"parentBoneIndex":6,"length":14.8424
,"animation":{"dataType":3,"framePerSecond":24,"keys":[
{"frame":1,"values":[1,0,0,0,0,1,0,0,0,0,1,0,-3.3668,11.4156,13.6166,1]},
{"frame":23,"values":[1,0,0,0,0,1,0,0,0,0,1,0,-3.3668,11.4156,13.6166,1]}],"loopBehavior":1,"name":"anim","property":"_matrix"}},
{"name":"R_IOuterBrow","index":46,"matrix":[1,0,0,0,0,1,0,0,0,0,1,0,-5.185,11.3348,12.3701,1],"rest":[1,0,0,0,0,1,0,0,0,0,1,0,-5.185,11.3348,12.3701,1],"parentBoneIndex":6,"length":14.8424
,"animation":{"dataType":3,"framePerSecond":24,"keys":[
{"frame":1,"values":[1,0,0,0,0,1,0,0,0,0,1,0,-5.185,11.3348,12.3701,1]},
{"frame":23,"values":[1,0,0,0,0,1,0,0,0,0,1,0,-5.185,11.3348,12.3701,1]}],"loopBehavior":1,"name":"anim","property":"_matrix"}},
{"name":"R_Eye","index":47,"matrix":[1,0,0,0,0,1,0,0,0,0,1,0,-3.0989,9.6989,11.4382,1],"rest":[1,0,0,0,0,1,0,0,0,0,1,0,-3.0989,9.6989,11.4382,1],"parentBoneIndex":6,"length":14.8424
,"animation":{"dataType":3,"framePerSecond":24,"keys":[
{"frame":1,"values":[1,0,0,0,0,1,0,0,0,0,1,0,-3.0989,9.6989,11.4382,1]},
{"frame":23,"values":[1,0,0,0,0,1,0,0,0,0,1,0,-3.0989,9.6989,11.4382,1]}],"loopBehavior":1,"name":"anim","property":"_matrix"}},
{"name":"R_EyelidLower","index":48,"matrix":[1,0,0,0,0,1,0,0,0,0,1,0,-3.0989,9.6989,11.4382,1],"rest":[1,0,0,0,0,1,0,0,0,0,1,0,-3.0989,9.6989,11.4382,1],"parentBoneIndex":6,"length":14.8424
,"animation":{"dataType":3,"framePerSecond":24,"keys":[
{"frame":1,"values":[1,0,0,0,0,1,0,0,0,0,1,0,-3.0989,9.6989,11.4382,1]},
{"frame":23,"values":[1,0,0,0,0,1,0,0,0,0,1,0,-3.0989,9.6989,11.4382,1]}],"loopBehavior":1,"name":"anim","property":"_matrix"}},
{"name":"R_EyelidUpper","index":49,"matrix":[1,0,0,0,0,1,0,0,0,0,1,0,-3.0989,9.6989,11.4382,1],"rest":[1,0,0,0,0,1,0,0,0,0,1,0,-3.0989,9.6989,11.4382,1],"parentBoneIndex":6,"length":14.8424
,"animation":{"dataType":3,"framePerSecond":24,"keys":[
{"frame":1,"values":[1,0,0,0,0,1,0,0,0,0,1,0,-3.0989,9.6989,11.4382,1]},
{"frame":23,"values":[1,0,0,0,0,1,0,0,0,0,1,0,-3.0989,9.6989,11.4382,1]}],"loopBehavior":1,"name":"anim","property":"_matrix"}},
{"name":"R_Temple","index":50,"matrix":[1,0,0,0,0,1,0,0,0,0,1,0,-6.7164,11.953,7.4033,1],"rest":[1,0,0,0,0,1,0,0,0,0,1,0,-6.7164,11.953,7.4033,1],"parentBoneIndex":6,"length":14.8424
,"animation":{"dataType":3,"framePerSecond":24,"keys":[
{"frame":1,"values":[1,0,0,0,0,1,0,0,0,0,1,0,-6.7164,11.953,7.4033,1]},
{"frame":23,"values":[1,0,0,0,0,1,0,0,0,0,1,0,-6.7164,11.953,7.4033,1]}],"loopBehavior":1,"name":"anim","property":"_matrix"}},
{"name":"R_Ear","index":51,"matrix":[1,0,0,0,0,1,0,0,0,0,1,0,-6.8586,8.862,3.3161,1],"rest":[1,0,0,0,0,1,0,0,0,0,1,0,-6.8586,8.862,3.3161,1],"parentBoneIndex":6,"length":14.8424
,"animation":{"dataType":3,"framePerSecond":24,"keys":[
{"frame":1,"values":[1,0,0,0,0,1,0,0,0,0,1,0,-6.8586,8.862,3.3161,1]},
{"frame":23,"values":[1,0,0,0,0,1,0,0,0,0,1,0,-6.8586,8.862,3.3161,1]}],"loopBehavior":1,"name":"anim","property":"_matrix"}},
{"name":"R_InnerCheek","index":52,"matrix":[1,0,0,0,0,1,0,0,0,0,1,0,-2.1484,7.4937,13.4347,1],"rest":[1,0,0,0,0,1,0,0,0,0,1,0,-2.1484,7.4937,13.4347,1],"parentBoneIndex":6,"length":14.8424
,"animation":{"dataType":3,"framePerSecond":24,"keys":[
{"frame":1,"values":[1,0,0,0,0,1,0,0,0,0,1,0,-2.1484,7.4937,13.4347,1]},
{"frame":23,"values":[1,0,0,0,0,1,0,0,0,0,1,0,-2.1484,7.4937,13.4347,1]}],"loopBehavior":1,"name":"anim","property":"_matrix"}},
{"name":"Throat","index":53,"matrix":[1,0,0,0,0,1,0,0,0,0,1,0,0,-0.6141,8.3185,1],"rest":[1,0,0,0,0,1,0,0,0,0,1,0,0,-0.6141,8.3185,1],"parentBoneIndex":5,"length":6.2291
,"animation":{"dataType":3,"framePerSecond":24,"keys":[
{"frame":1,"values":[1,0,0,0,0,1,0,0,0,0,1,0,0,-0.6141,8.3185,1]},
{"frame":23,"values":[1,0,0,0,0,1,0,0,0,0,1,0,0,-0.6141,8.3185,1]}],"loopBehavior":1,"name":"anim","property":"_matrix"}},
{"name":"LeftShoulder","index":54,"matrix":[0.9321,-0.2187,0.2889,0,0.2036,0.9756,0.0818,0,-0.2997,-0.0175,0.9539,0,6.1442,10.187,-3.7932,1],"rest":[1,0,0,0,0,1,0,0,0,0,1,0,6.1442,10.187,-3.7932,1],"parentBoneIndex":3,"length":12.4986
,"animation":{"dataType":3,"framePerSecond":24,"keys":[
{"frame":1,"values":[0.9321,-0.2187,0.2889,0,0.2036,0.9756,0.0818,0,-0.2997,-0.0175,0.9539,0,6.1442,10.187,-3.7932,1]},
