{"producer":{"name":"Blender","version":"2.90.0","exporter_version":"2.80.1","file":"turnright_riffle.babylon"},
"autoClear":true,"clearColor":[0.0509,0.0509,0.0509],"gravity":[0,-9.81,0],
"materials":[{"name":"Material","id":"Material","customType":"BABYLON.PBRMaterial","backFaceCulling":true,"checkReadyOnlyOnce":false,"maxSimultaneousLights":4,"environmentIntensity":1,"albedo":[0.8,0.8,0.8],"reflectivity":[0.5,0.5,0.5],"roughness":0.4,"alpha":1,"transparencyMode":0,"alphaCutOff":0.4,"metallic":0}],
"multiMaterials":[],
"skeletons":[{"name":"Armature","id":0,"dimensionsAtRest":[188.1767,188.0947,21.7491],"bones":[
{"name":"Hips","index":0,"matrix":[0.5758,0.0322,-0.8169,0,0.0705,0.9935,0.0889,0,-0.8145,0.1088,-0.5699,0,-0.0468,90.4406,0.0193,1],"rest":[1,0,0,0,0,1,0,0,0,0,-1,0,0,96.3764,0,1],"parentBoneIndex":-1,"length":9.9032
,"animation":{"dataType":3,"framePerSecond":24,"keys":[
{"frame":1,"values":[0.5758,0.0322,-0.8169,0,0.0705,0.9935,0.0889,0,-0.8145,0.1088,-0.5699,0,-0.0468,90.4406,0.0193,1]},
{"frame":2,"values":[0.5758,0.0322,-0.8169,0,0.0705,0.9935,0.0889,0,-0.8145,0.1088,-0.5699,0,-0.1828,90.6012,0.0556,1]},
{"frame":3,"values":[0.5758,0.0322,-0.8169,0,0.0705,0.9935,0.0889,0,-0.8145,0.1088,-0.5699,0,-0.6443,90.4895,0.2485,1]},
{"frame":4,"values":[0.5758,0.0322,-0.8169,0,0.0705,0.9935,0.0889,0,-0.8145,0.1088,-0.5699,0,-2.0901,90.3131,0.8778,1]},
{"frame":5,"values":[0.5758,0.0322,-0.8169,0,0.0705,0.9935,0.0889,0,-0.8145,0.1088,-0.5699,0,-4.6283,90.1643,2.1327,1]},
{"frame":6,"values":[0.5758,0.0322,-0.8169,0,0.0705,0.9935,0.0889,0,-0.8145,0.1088,-0.5699,0,-7.5759,90.1866,3.8038,1]},
{"frame":7,"values":[0.5758,0.0322,-0.8169,0,0.0705,0.9935,0.0889,0,-0.8145,0.1088,-0.5699,0,-10.1143,90.4694,5.5123,1]},
{"frame":8,"values":[0.5758,0.0322,-0.8169,0,0.0705,0.9935,0.0889,0,-0.8145,0.1088,-0.5699,0,-11.9927,90.8223,6.9988,1]},
{"frame":9,"values":[0.5758,0.0322,-0.8169,0,0.0705,0.9935,0.0889,0,-0.8145,0.1088,-0.5699,0,-13.3902,91.0288,7.9411,1]},
{"frame":10,"values":[0.5758,0.0322,-0.8169,0,0.0705,0.9935,0.0889,0,-0.8145,0.1088,-0.5699,0,-14.4968,91.035,7.9789,1]},
{"frame":11,"values":[0.5758,0.0322,-0.8169,0,0.0705,0.9935,0.0889,0,-0.8145,0.1088,-0.5699,0,-15.3865,90.8374,7.0945,1]},
{"frame":12,"values":[0.5758,0.0322,-0.8169,0,0.0705,0.9935,0.0889,0,-0.8145,0.1088,-0.5699,0,-15.8825,90.4209,5.5571,1]},
{"frame":13,"values":[0.5758,0.0322,-0.8169,0,0.0705,0.9935,0.0889,0,-0.8145,0.1088,-0.5699,0,-16.0064,89.8346,3.7658,1]},
{"frame":14,"values":[0.5758,0.0322,-0.8169,0,0.0705,0.9935,0.0889,0,-0.8145,0.1088,-0.5699,0,-15.9924,89.215,2.0014,1]},
{"frame":15,"values":[0.5758,0.0322,-0.8169,0,0.0705,0.9935,0.0889,0,-0.8145,0.1088,-0.5699,0,-15.8479,88.7758,0.4197,1]},
{"frame":16,"values":[0.5758,0.0322,-0.8169,0,0.0705,0.9935,0.0889,0,-0.8145,0.1088,-0.5699,0,-15.3635,88.5865,-0.8813,1]},
{"frame":17,"values":[0.5758,0.0322,-0.8169,0,0.0705,0.9935,0.0889,0,-0.8145,0.1088,-0.5699,0,-14.5628,88.611,-1.8279,1]},
{"frame":18,"values":[0.5758,0.0322,-0.8169,0,0.0705,0.9935,0.0889,0,-0.8145,0.1088,-0.5699,0,-13.7246,88.6913,-2.3086,1]},
{"frame":19,"values":[0.5758,0.0322,-0.8169,0,0.0705,0.9935,0.0889,0,-0.8145,0.1088,-0.5699,0,-12.7854,88.7414,-2.2661,1]},
{"frame":20,"values":[0.5758,0.0322,-0.8169,0,0.0705,0.9935,0.0889,0,-0.8145,0.1088,-0.5699,0,-11.1341,88.8125,-1.9044,1]},
{"frame":21,"values":[0.5758,0.0322,-0.8169,0,0.0705,0.9935,0.0889,0,-0.8145,0.1088,-0.5699,0,-8.5002,89.0164,-1.4708,1]},
{"frame":22,"values":[0.5758,0.0322,-0.8169,0,0.0705,0.9935,0.0889,0,-0.8145,0.1088,-0.5699,0,-5.5749,89.381,-1.0392,1]},
{"frame":23,"values":[0.5758,0.0322,-0.8169,0,0.0705,0.9935,0.0889,0,-0.8145,0.1088,-0.5699,0,-3.2181,89.8576,-0.6098,1]},
{"frame":24,"values":[0.5758,0.0322,-0.8169,0,0.0705,0.9935,0.0889,0,-0.8145,0.1088,-0.5699,0,-1.2663,90.2483,-0.2064,1]},
{"frame":25,"values":[0.5758,0.0322,-0.8169,0,0.0705,0.9935,0.0889,0,-0.8145,0.1088,-0.5699,0,0.0193,90.4406,0.0467,1]}],"loopBehavior":1,"name":"anim","property":"_matrix"}},
{"name":"Spine","index":1,"matrix":[0.9999,0.0115,-0.0074,0,-0.0108,0.9957,0.0919,0,0.0084,-0.0918,0.9957,0,0,9.2263,1.5771,1],"rest":[1,0,0,0,0,1,0,0,0,0,1,0,0,9.2263,1.5771,1],"parentBoneIndex":0,"length":16.2548
,"animation":{"dataType":3,"framePerSecond":24,"keys":[
{"frame":1,"values":[0.9999,0.0115,-0.0074,0,-0.0108,0.9957,0.0919,0,0.0084,-0.0918,0.9957,0,0,9.2263,1.5771,1]},
{"frame":2,"values":[0.9999,0.012,-0.0082,0,-0.0112,0.9956,0.0926,0,0.0093,-0.0925,0.9957,0,0,9.2263,1.5771,1]},
{"frame":3,"values":[0.9999,0.0105,-0.0091,0,-0.0096,0.9956,0.0932,0,0.0101,-0.0931,0.9956,0,0,9.2263,1.5771,1]},
{"frame":4,"values":[0.9999,0.0068,-0.0102,0,-0.0058,0.9956,0.0935,0,0.0108,-0.0935,0.9956,0,0,9.2263,1.5771,1]},
{"frame":5,"values":[0.9999,0.0006,-0.0114,0,0.0005,0.9956,0.0934,0,0.0114,-0.0934,0.9956,0,0,9.2263,1.5771,1]},
{"frame":6,"values":[0.9999,-0.0051,-0.0128,0,0.0063,0.9956,0.0931,0,0.0123,-0.0932,0.9956,0,0,9.2263,1.5771,1]},
{"frame":7,"values":[0.9999,-0.008,-0.0151,0,0.0094,0.9955,0.094,0,0.0143,-0.0941,0.9955,0,0,9.2263,1.5771,1]},
{"frame":8,"values":[0.9998,-0.0092,-0.0176,0,0.0109,0.9954,0.0955,0,0.0166,-0.0957,0.9953,0,0,9.2263,1.5771,1]},
{"frame":9,"values":[0.9998,-0.0099,-0.0196,0,0.0117,0.9952,0.097,0,0.0185,-0.0972,0.9951,0,0,9.2263,1.5771,1]},
{"frame":10,"values":[0.9997,-0.0099,-0.0212,0,0.012,0.9951,0.0985,0,0.0201,-0.0987,0.9949,0,0,9.2263,1.5771,1]},
{"frame":11,"values":[0.9997,-0.0091,-0.0218,0,0.0113,0.995,0.0996,0,0.0208,-0.0998,0.9948,0,0,9.2263,1.5771,1]},
{"frame":12,"values":[0.9997,-0.0081,-0.0212,0,0.0102,0.9949,0.1005,0,0.0203,-0.1006,0.9947,0,0,9.2263,1.5771,1]},
{"frame":13,"values":[0.9998,-0.0069,-0.0188,0,0.0088,0.9949,0.1008,0,0.018,-0.1009,0.9947,0,0,9.2263,1.5771,1]},
{"frame":14,"values":[1,-0.005,-0.0056,0,0.0055,0.9948,0.1014,0,0.0051,-0.1014,0.9948,0,0,9.2263,1.5771,1]},
{"frame":15,"values":[0.9999,-0.0005,0.015,0,-0.0011,0.9948,0.1021,0,-0.015,-0.1021,0.9947,0,0,9.2263,1.5771,1]},
{"frame":16,"values":[0.9994,0.0056,0.0355,0,-0.0092,0.9948,0.1016,0,-0.0347,-0.1018,0.9942,0,0,9.2263,1.5771,1]},
{"frame":17,"values":[0.9988,0.0117,0.0469,0,-0.0164,0.9948,0.1002,0,-0.0455,-0.1009,0.9939,0,0,9.2263,1.5771,1]},
{"frame":18,"values":[0.9987,0.0158,0.0474,0,-0.0204,0.9949,0.0985,0,-0.0456,-0.0994,0.994,0,0,9.2263,1.5771,1]},
{"frame":19,"values":[0.9988,0.0175,0.0466,0,-0.0219,0.9951,0.096,0,-0.0447,-0.0969,0.9943,0,0,9.2263,1.5771,1]},
{"frame":20,"values":[0.9988,0.0174,0.045,0,-0.0215,0.9954,0.0934,0,-0.0432,-0.0942,0.9946,0,0,9.2263,1.5771,1]},
{"frame":21,"values":[0.999,0.016,0.0424,0,-0.0198,0.9956,0.0911,0,-0.0407,-0.0918,0.9949,0,0,9.2263,1.5771,1]},
{"frame":22,"values":[0.9992,0.0132,0.0383,0,-0.0166,0.9958,0.0897,0,-0.0369,-0.0903,0.9952,0,0,9.2263,1.5771,1]},
{"frame":23,"values":[0.9994,0.0107,0.0326,0,-0.0136,0.9959,0.0893,0,-0.0315,-0.0897,0.9955,0,0,9.2263,1.5771,1]},
{"frame":24,"values":[0.9998,0.0104,0.0139,0,-0.0117,0.9958,0.0905,0,-0.0129,-0.0907,0.9958,0,0,9.2263,1.5771,1]},
{"frame":25,"values":[0.9999,0.0115,-0.0074,0,-0.0108,0.9957,0.0919,0,0.0084,-0.0918,0.9957,0,0,9.2263,1.5771,1]}],"loopBehavior":1,"name":"anim","property":"_matrix"}},
{"name":"Spine1","index":2,"matrix":[0.9998,0.0069,-0.019,0,-0.0052,0.9963,0.0854,0,0.0196,-0.0853,0.9962,0,0,16.254,-0.1656,1],"rest":[1,0,0,0,0,1,0,0,0,0,1,0,0,16.254,-0.1656,1],"parentBoneIndex":1,"length":13.7007
,"animation":{"dataType":3,"framePerSecond":24,"keys":[
{"frame":1,"values":[0.9998,0.0069,-0.019,0,-0.0052,0.9963,0.0854,0,0.0196,-0.0853,0.9962,0,0,16.254,-0.1656,1]},
{"frame":2,"values":[0.9998,0.0068,-0.0201,0,-0.005,0.9963,0.0855,0,0.0206,-0.0854,0.9961,0,0,16.254,-0.1656,1]},
{"frame":3,"values":[0.9998,0.0063,-0.0193,0,-0.0047,0.9963,0.0853,0,0.0198,-0.0852,0.9962,0,0,16.254,-0.1656,1]},
{"frame":4,"values":[0.9998,0.0052,-0.0168,0,-0.0037,0.9964,0.0849,0,0.0171,-0.0849,0.9962,0,0,16.254,-0.1656,1]},
{"frame":5,"values":[0.9999,0.0035,-0.0129,0,-0.0024,0.9964,0.0843,0,0.0131,-0.0842,0.9964,0,0,16.254,-0.1656,1]},
{"frame":6,"values":[1,0.0019,-0.0091,0,-0.0012,0.9965,0.0836,0,0.0092,-0.0836,0.9965,0,0,16.254,-0.1656,1]},
{"frame":7,"values":[1,0.001,-0.0071,0,-0.0004,0.9965,0.0832,0,0.0071,-0.0832,0.9965,0,0,16.254,-0.1656,1]},
{"frame":8,"values":[1,0.0005,-0.0058,0,0,0.9965,0.083,0,0.0058,-0.083,0.9965,0,0,16.254,-0.1656,1]},
{"frame":9,"values":[1,0.0002,-0.0043,0,0.0001,0.9966,0.0829,0,0.0043,-0.0829,0.9965,0,0,16.254,-0.1656,1]},
{"frame":10,"values":[1,0.0001,-0.0029,0,0.0002,0.9966,0.0828,0,0.0029,-0.0828,0.9966,0,0,16.254,-0.1656,1]},
{"frame":11,"values":[1,0,-0.0014,0,0.0001,0.9966,0.0828,0,0.0014,-0.0828,0.9966,0,0,16.254,-0.1656,1]},
{"frame":12,"values":[1,0.0001,-0.001,0,0,0.9966,0.0827,0,0.001,-0.0827,0.9966,0,0,16.254,-0.1656,1]},
{"frame":13,"values":[1,-0.0001,0.0001,0,0,0.9966,0.0827,0,-0.0001,-0.0827,0.9966,0,0,16.254,-0.1656,1]},
{"frame":14,"values":[0.9998,-0.0016,0.0192,0,0,0.9966,0.0819,0,-0.0192,-0.0818,0.9965,0,0,16.254,-0.1656,1]},
{"frame":15,"values":[0.9985,-0.0044,0.0545,0,0,0.9968,0.0802,0,-0.0547,-0.0801,0.9953,0,0,16.254,-0.1656,1]},
{"frame":16,"values":[0.9958,-0.0067,0.0911,0,-0.0005,0.9969,0.0782,0,-0.0914,-0.0779,0.9928,0,0,16.254,-0.1656,1]},
{"frame":17,"values":[0.9937,-0.0074,0.1115,0,-0.0012,0.997,0.077,0,-0.1117,-0.0767,0.9908,0,0,16.254,-0.1656,1]},
{"frame":18,"values":[0.9942,-0.0062,0.107,0,-0.0022,0.997,0.0775,0,-0.1071,-0.0773,0.9912,0,0,16.254,-0.1656,1]},
{"frame":19,"values":[0.9961,-0.0037,0.0877,0,-0.0032,0.9969,0.0788,0,-0.0877,-0.0788,0.993,0,0,16.254,-0.1656,1]},
{"frame":20,"values":[0.9982,-0.0007,0.0602,0,-0.0042,0.9967,0.0806,0,-0.06,-0.0807,0.9949,0,0,16.254,-0.1656,1]},
{"frame":21,"values":[0.9995,0.0025,0.0302,0,-0.0049,0.9966,0.0825,0,-0.0299,-0.0826,0.9961,0,0,16.254,-0.1656,1]},
{"frame":22,"values":[1,0.0051,0.0039,0,-0.0054,0.9965,0.084,0,-0.0035,-0.084,0.9965,0,0,16.254,-0.1656,1]},
{"frame":23,"values":[0.9999,0.0066,-0.013,0,-0.0055,0.9964,0.085,0,0.0135,-0.085,0.9963,0,0,16.254,-0.1656,1]},
{"frame":24,"values":[0.9998,0.0069,-0.0179,0,-0.0053,0.9963,0.0853,0,0.0184,-0.0852,0.9962,0,0,16.254,-0.1656,1]},
{"frame":25,"values":[0.9998,0.0069,-0.019,0,-0.0052,0.9963,0.0854,0,0.0196,-0.0853,0.9962,0,0,16.254,-0.1656,1]}],"loopBehavior":1,"name":"anim","property":"_matrix"}},
{"name":"Spine2","index":3,"matrix":[0.9998,0.0032,-0.0178,0,-0.0006,0.9892,0.1469,0,0.0181,-0.1468,0.989,0,0,13.6396,-1.2923,1],"rest":[1,0,0,0,0,1,0,0,0,0,1,0,0,13.6396,-1.2923,1],"parentBoneIndex":2,"length":13.1719
,"animation":{"dataType":3,"framePerSecond":24,"keys":[
{"frame":1,"values":[0.9998,0.0032,-0.0178,0,-0.0006,0.9892,0.1469,0,0.0181,-0.1468,0.989,0,0,13.6396,-1.2923,1]},
{"frame":2,"values":[0.9997,0.0016,-0.023,0,0.0017,0.9894,0.1452,0,0.023,-0.1452,0.9891,0,0,13.6396,-1.2923,1]},
{"frame":3,"values":[0.999,-0.0002,-0.0448,0,0.0066,0.9898,0.1422,0,0.0443,-0.1423,0.9888,0,0,13.6396,-1.2923,1]},
{"frame":4,"values":[0.9942,0.0002,-0.1073,0,0.015,0.99,0.1404,0,0.1063,-0.1412,0.9843,0,0,13.6396,-1.2923,1]},
{"frame":5,"values":[0.9783,0.0029,-0.207,0,0.0269,0.9896,0.1411,0,0.2052,-0.1436,0.9681,0,0,13.6396,-1.2923,1]},
{"frame":6,"values":[0.9531,0.0069,-0.3027,0,0.0383,0.9889,0.1433,0,0.3003,-0.1482,0.9423,0,0,13.6396,-1.2923,1]},
{"frame":7,"values":[0.9338,0.0098,-0.3577,0,0.0452,0.9884,0.1449,0,0.355,-0.1515,0.9225,0,0,13.6396,-1.2923,1]},
{"frame":8,"values":[0.9207,0.0124,-0.39,0,0.0489,0.9879,0.1469,0,0.3871,-0.1543,0.909,0,0,13.6396,-1.2923,1]},
{"frame":9,"values":[0.9106,0.0148,-0.4129,0,0.0514,0.9875,0.1487,0,0.41,-0.1567,0.8985,0,0,13.6396,-1.2923,1]},
{"frame":10,"values":[0.9035,0.0166,-0.4283,0,0.053,0.9872,0.1501,0,0.4253,-0.1583,0.8911,0,0,13.6396,-1.2923,1]},
{"frame":11,"values":[0.8989,0.0187,-0.4377,0,0.0534,0.987,0.1519,0,0.4349,-0.1599,0.8862,0,0,13.6396,-1.2923,1]},
{"frame":12,"values":[0.8965,0.0201,-0.4426,0,0.0533,0.9868,0.1528,0,0.4398,-0.1606,0.8836,0,0,13.6396,-1.2923,1]},
{"frame":13,"values":[0.8964,0.0202,-0.4427,0,0.0533,0.9868,0.1529,0,0.44,-0.1607,0.8835,0,0,13.6396,-1.2923,1]},
{"frame":14,"values":[0.9048,0.0206,-0.4253,0,0.0493,0.987,0.1527,0,0.4229,-0.1591,0.8921,0,0,13.6396,-1.2923,1]},
{"frame":15,"values":[0.9223,0.0205,-0.3858,0,0.0416,0.9875,0.1521,0,0.3841,-0.1564,0.9099,0,0,13.6396,-1.2923,1]},
{"frame":16,"values":[0.9439,0.0192,-0.3297,0,0.0328,0.9879,0.1514,0,0.3286,-0.1537,0.9319,0,0,13.6396,-1.2923,1]},
{"frame":17,"values":[0.9646,0.0149,-0.2635,0,0.0259,0.9882,0.1507,0,0.2626,-0.1522,0.9528,0,0,13.6396,-1.2923,1]},
{"frame":18,"values":[0.9805,0.0084,-0.1964,0,0.0216,0.9884,0.1501,0,0.1954,-0.1514,0.969,0,0,13.6396,-1.2923,1]},
{"frame":19,"values":[0.9905,0.0045,-0.1376,0,0.0163,0.9887,0.1493,0,0.1367,-0.1501,0.9792,0,0,13.6396,-1.2923,1]},
{"frame":20,"values":[0.996,0.0027,-0.0891,0,0.0106,0.9889,0.1484,0,0.0885,-0.1487,0.9849,0,0,13.6396,-1.2923,1]},
{"frame":21,"values":[0.9986,0.0024,-0.0521,0,0.0053,0.989,0.1476,0,0.0519,-0.1476,0.9877,0,0,13.6396,-1.2923,1]},
{"frame":22,"values":[0.9996,0.0028,-0.0278,0,0.0013,0.9891,0.1469,0,0.0279,-0.1469,0.9888,0,0,13.6396,-1.2923,1]},
{"frame":23,"values":[0.9999,0.0033,-0.0165,0,-0.0008,0.9892,0.1467,0,0.0168,-0.1467,0.989,0,0,13.6396,-1.2923,1]},
{"frame":24,"values":[0.9999,0.0033,-0.0166,0,-0.0008,0.9892,0.1468,0,0.0169,-0.1467,0.989,0,0,13.6396,-1.2923,1]},
{"frame":25,"values":[0.9998,0.0032,-0.0178,0,-0.0006,0.9892,0.1469,0,0.0181,-0.1468,0.989,0,0,13.6396,-1.2923,1]}],"loopBehavior":1,"name":"anim","property":"_matrix"}},
{"name":"Neck","index":4,"matrix":[0.9953,0.0011,-0.0972,0,0.0032,0.999,0.0439,0,0.0971,-0.044,0.9943,0,0,13.8774,-4.3542,1],"rest":[1,0,0,0,0,1,0,0,0,0,1,0,0,13.8774,-4.3542,1],"parentBoneIndex":3,"length":4.4379
,"animation":{"dataType":3,"framePerSecond":24,"keys":[
{"frame":1,"values":[0.9953,0.0011,-0.0972,0,0.0032,0.999,0.0439,0,0.0971,-0.044,0.9943,0,0,13.8774,-4.3542,1]},
{"frame":2,"values":[0.9952,0.0011,-0.0979,0,0.0032,0.999,0.0444,0,0.0978,-0.0445,0.9942,0,0,13.8774,-4.3542,1]},
{"frame":3,"values":[0.9951,0.0017,-0.0992,0,0.0027,0.999,0.0452,0,0.0992,-0.0452,0.994,0,0,13.8774,-4.3542,1]},
{"frame":4,"values":[0.9969,0.0032,-0.0781,0,0.0001,0.9991,0.0422,0,0.0781,-0.0421,0.9961,0,0,13.8774,-4.3542,1]},
{"frame":5,"values":[0.9989,0.0055,-0.0456,0,-0.0038,0.9993,0.0377,0,0.0458,-0.0375,0.9982,0,0,13.8774,-4.3542,1]},
{"frame":6,"values":[0.9999,0.0086,-0.0119,0,-0.0082,0.9994,0.0335,0,0.0121,-0.0334,0.9994,0,0,13.8774,-4.3542,1]},
{"frame":7,"values":[0.9998,0.0117,0.0134,0,-0.0121,0.9995,0.0308,0,-0.013,-0.031,0.9994,0,0,13.8774,-4.3542,1]},
{"frame":8,"values":[0.9995,0.0143,0.0276,0,-0.0152,0.9994,0.0299,0,-0.0272,-0.0303,0.9992,0,0,13.8774,-4.3542,1]},
{"frame":9,"values":[0.9992,0.0169,0.0371,0,-0.018,0.9994,0.0297,0,-0.0366,-0.0303,0.9989,0,0,13.8774,-4.3542,1]},
{"frame":10,"values":[0.9989,0.0193,0.0425,0,-0.0206,0.9993,0.03,0,-0.0419,-0.0308,0.9986,0,0,13.8774,-4.3542,1]},
{"frame":11,"values":[0.9988,0.0213,0.0442,0,-0.0227,0.9993,0.0308,0,-0.0435,-0.0317,0.9985,0,0,13.8774,-4.3542,1]},
{"frame":12,"values":[0.9988,0.0228,0.0428,0,-0.0241,0.9992,0.0319,0,-0.042,-0.0329,0.9986,0,0,13.8774,-4.3542,1]},
{"frame":13,"values":[0.999,0.0236,0.0384,0,-0.0249,0.9991,0.0334,0,-0.0376,-0.0343,0.9987,0,0,13.8774,-4.3542,1]},
{"frame":14,"values":[0.9993,0.0235,0.029,0,-0.0246,0.9991,0.0357,0,-0.0281,-0.0364,0.9989,0,0,13.8774,-4.3542,1]},
{"frame":15,"values":[0.9997,0.0227,0.012,0,-0.0231,0.999,0.0394,0,-0.0111,-0.0397,0.9992,0,0,13.8774,-4.3542,1]},
{"frame":16,"values":[0.9997,0.0216,-0.0074,0,-0.0212,0.9988,0.0431,0,0.0083,-0.043,0.999,0,0,13.8774,-4.3542,1]},
{"frame":17,"values":[0.9995,0.0204,-0.0238,0,-0.0193,0.9988,0.0453,0,0.0247,-0.0448,0.9987,0,0,13.8774,-4.3542,1]},
{"frame":18,"values":[0.9993,0.019,-0.0333,0,-0.0175,0.9988,0.0451,0,0.0341,-0.0445,0.9984,0,0,13.8774,-4.3542,1]},
{"frame":19,"values":[0.9991,0.0173,-0.0381,0,-0.0157,0.9989,0.0441,0,0.0389,-0.0434,0.9983,0,0,13.8774,-4.3542,1]},
{"frame":20,"values":[0.999,0.0153,-0.0416,0,-0.0135,0.999,0.0428,0,0.0422,-0.0422,0.9982,0,0,13.8774,-4.3542,1]},
{"frame":21,"values":[0.9988,0.013,-0.0469,0,-0.011,0.9991,0.0419,0,0.0474,-0.0413,0.998,0,0,13.8774,-4.3542,1]},
{"frame":22,"values":[0.9983,0.01,-0.058,0,-0.0075,0.9991,0.0418,0,0.0583,-0.0413,0.9974,0,0,13.8774,-4.3542,1]},
{"frame":23,"values":[0.9972,0.0059,-0.0747,0,-0.0027,0.9991,0.0425,0,0.0749,-0.0422,0.9963,0,0,13.8774,-4.3542,1]},
{"frame":24,"values":[0.996,0.0026,-0.0895,0,0.0013,0.9991,0.0434,0,0.0895,-0.0433,0.995,0,0,13.8774,-4.3542,1]},
{"frame":25,"values":[0.9953,0.0011,-0.0972,0,0.0032,0.999,0.044,0,0.0971,-0.0441,0.9943,0,0,13.8774,-4.3542,1]}],"loopBehavior":1,"name":"anim","property":"_matrix"}},
{"name":"Neck1","index":5,"matrix":[1,0,0,0,0,1,0,0,0,0,1,0,0,4.34,0.9269,1],"rest":[1,0,0,0,0,1,0,0,0,0,1,0,0,4.34,0.9269,1],"parentBoneIndex":4,"length":6.2291
,"animation":{"dataType":3,"framePerSecond":24,"keys":[
{"frame":1,"values":[1,0,0,0,0,1,0,0,0,0,1,0,0,4.34,0.9269,1]},
{"frame":25,"values":[1,0,0,0,0,1,0,0,0,0,1,0,0,4.34,0.9269,1]}],"loopBehavior":1,"name":"anim","property":"_matrix"}},
{"name":"Head","index":6,"matrix":[0.7901,-0.1028,-0.6042,0,0.1018,0.9942,-0.0361,0,0.6044,-0.033,0.796,0,0,4.0266,0.8585,1],"rest":[1,0,0,0,0,1,0,0,0,0,1,0,0,4.0266,0.8585,1],"parentBoneIndex":5,"length":14.8424
,"animation":{"dataType":3,"framePerSecond":24,"keys":[
{"frame":1,"values":[0.7901,-0.1028,-0.6042,0,0.1018,0.9942,-0.0361,0,0.6044,-0.033,0.796,0,0,4.0266,0.8585,1]},
{"frame":2,"values":[0.7887,-0.1002,-0.6066,0,0.0998,0.9944,-0.0345,0,0.6067,-0.0333,0.7943,0,0,4.0266,0.8585,1]},
{"frame":3,"values":[0.7847,-0.0955,-0.6125,0,0.096,0.9949,-0.0321,0,0.6124,-0.0336,0.7898,0,0,4.0266,0.8585,1]},
{"frame":4,"values":[0.8383,-0.1034,-0.5353,0,0.0929,0.9946,-0.0466,0,0.5372,-0.0106,0.8434,0,0,4.0266,0.8585,1]},
{"frame":5,"values":[0.9067,-0.1123,-0.4065,0,0.0921,0.9934,-0.0689,0,0.4116,0.025,0.911,0,0,4.0266,0.8585,1]},
{"frame":6,"values":[0.9571,-0.1142,-0.2664,0,0.093,0.9915,-0.0906,0,0.2745,0.0619,0.9596,0,0,4.0266,0.8585,1]},
{"frame":7,"values":[0.9801,-0.1097,-0.1654,0,0.093,0.9901,-0.1055,0,0.1753,0.088,0.9806,0,0,4.0266,0.8585,1]},
{"frame":8,"values":[0.9873,-0.1032,-0.1209,0,0.0896,0.9896,-0.1129,0,0.1313,0.1007,0.9862,0,0,4.0266,0.8585,1]},
{"frame":9,"values":[0.9898,-0.0962,-0.1047,0,0.0838,0.9895,-0.1174,0,0.1149,0.1075,0.9876,0,0,4.0266,0.8585,1]},
{"frame":10,"values":[0.9898,-0.0898,-0.1106,0,0.0764,0.9899,-0.1195,0,0.1202,0.1098,0.9867,0,0,4.0266,0.8585,1]},
{"frame":11,"values":[0.9873,-0.0841,-0.1349,0,0.0681,0.9905,-0.1192,0,0.1436,0.1085,0.9837,0,0,4.0266,0.8585,1]},
{"frame":12,"values":[0.9818,-0.0794,-0.1723,0,0.0597,0.9914,-0.1168,0,0.1801,0.1044,0.9781,0,0,4.0266,0.8585,1]},
{"frame":13,"values":[0.9728,-0.0758,-0.2189,0,0.0521,0.9923,-0.1122,0,0.2258,0.0978,0.9693,0,0,4.0266,0.8585,1]},
{"frame":14,"values":[0.9551,-0.0729,-0.2871,0,0.0448,0.9936,-0.1032,0,0.2928,0.0858,0.9523,0,0,4.0266,0.8585,1]},
{"frame":15,"values":[0.9184,-0.0683,-0.3898,0,0.037,0.9955,-0.0873,0,0.394,0.0658,0.9168,0,0,4.0266,0.8585,1]},
{"frame":16,"values":[0.8693,-0.0613,-0.4905,0,0.031,0.9971,-0.0697,0,0.4934,0.0454,0.8686,0,0,4.0266,0.8585,1]},
{"frame":17,"values":[0.8288,-0.0554,-0.5569,0,0.0287,0.998,-0.0566,0,0.5589,0.0309,0.8287,0,0,4.0266,0.8585,1]},
{"frame":18,"values":[0.8114,-0.0549,-0.5819,0,0.0304,0.9982,-0.0518,0,0.5837,0.0244,0.8116,0,0,4.0266,0.8585,1]},
{"frame":19,"values":[0.8009,-0.0585,-0.596,0,0.0346,0.9981,-0.0514,0,0.5978,0.0205,0.8014,0,0,4.0266,0.8585,1]},
{"frame":20,"values":[0.794,-0.0644,-0.6045,0,0.0409,0.9978,-0.0525,0,0.6065,0.0169,0.7949,0,0,4.0266,0.8585,1]},
{"frame":21,"values":[0.7894,-0.0709,-0.6098,0,0.049,0.9974,-0.0525,0,0.6119,0.0115,0.7908,0,0,4.0266,0.8585,1]},
{"frame":22,"values":[0.7849,-0.0777,-0.6148,0,0.0598,0.997,-0.0497,0,0.6168,0.0023,0.7871,0,0,4.0266,0.8585,1]},
{"frame":23,"values":[0.7802,-0.0866,-0.6195,0,0.0743,0.9962,-0.0457,0,0.6211,-0.0104,0.7836,0,0,4.0266,0.8585,1]},
{"frame":24,"values":[0.7835,-0.0962,-0.6138,0,0.0906,0.9951,-0.0402,0,0.6147,-0.0241,0.7884,0,0,4.0266,0.8585,1]},
{"frame":25,"values":[0.7901,-0.1028,-0.6042,0,0.1018,0.9942,-0.0361,0,0.6044,-0.033,0.796,0,0,4.0266,0.8585,1]}],"loopBehavior":1,"name":"anim","property":"_matrix"}},
{"name":"L_Ear","index":7,"matrix":[1,0,0,0,0,1,0,0,0,0,1,0,6.8586,8.862,3.3161,1],"rest":[1,0,0,0,0,1,0,0,0,0,1,0,6.8586,8.862,3.3161,1],"parentBoneIndex":6,"length":14.8424
,"animation":{"dataType":3,"framePerSecond":24,"keys":[
{"frame":1,"values":[1,0,0,0,0,1,0,0,0,0,1,0,6.8586,8.862,3.3161,1]},
{"frame":25,"values":[1,0,0,0,0,1,0,0,0,0,1,0,6.8586,8.862,3.3161,1]}],"loopBehavior":1,"name":"anim","property":"_matrix"}},
{"name":"Jaw","index":8,"matrix":[1,0,0,0,0,1,0,0,0,0,1,0,0.0038,6.235,4.4131,1],"rest":[1,0,0,0,0,1,0,0,0,0,1,0,0.0038,6.235,4.4131,1],"parentBoneIndex":6,"length":8.9884
,"animation":{"dataType":3,"framePerSecond":24,"keys":[
{"frame":1,"values":[1,0,0,0,0,1,0,0,0,0,1,0,0.0038,6.235,4.4131,1]},
{"frame":25,"values":[1,0,0,0,0,1,0,0,0,0,1,0,0.0038,6.235,4.4131,1]}],"loopBehavior":1,"name":"anim","property":"_matrix"}},
{"name":"TongueBack","index":9,"matrix":[1,0,0,0,0,1,0,0,0,0,1,0,0,-3.3518,4.6468,1],"rest":[1,0,0,0,0,1,0,0,0,0,1,0,0,-3.3518,4.6468,1],"parentBoneIndex":8,"length":1.6664
,"animation":{"dataType":3,"framePerSecond":24,"keys":[
{"frame":1,"values":[1,0,0,0,0,1,0,0,0,0,1,0,0,-3.3518,4.6468,1]},
{"frame":25,"values":[1,0,0,0,0,1,0,0,0,0,1,0,0,-3.3518,4.6468,1]}],"loopBehavior":1,"name":"anim","property":"_matrix"}},
{"name":"TongueMid","index":10,"matrix":[1,0,0,0,0,1,0,0,0,0,1,0,0,0.0424,1.6659,1],"rest":[1,0,0,0,0,1,0,0,0,0,1,0,0,0.0424,1.6659,1],"parentBoneIndex":9,"length":1.3562
,"animation":{"dataType":3,"framePerSecond":24,"keys":[
{"frame":1,"values":[1,0,0,0,0,1,0,0,0,0,1,0,0,0.0424,1.6659,1]},
{"frame":25,"values":[1,0,0,0,0,1,0,0,0,0,1,0,0,0.0424,1.6659,1]}],"loopBehavior":1,"name":"anim","property":"_matrix"}},
{"name":"TongueTip","index":11,"matrix":[1,0,0,0,0,1,0,0,0,0,1,0,0,-0.4344,1.2847,1],"rest":[1,0,0,0,0,1,0,0,0,0,1,0,0,-0.4344,1.2847,1],"parentBoneIndex":10,"length":1.3562
,"animation":{"dataType":3,"framePerSecond":24,"keys":[
{"frame":1,"values":[1,0,0,0,0,1,0,0,0,0,1,0,0,-0.4344,1.2847,1]},
{"frame":25,"values":[1,0,0,0,0,1,0,0,0,0,1,0,0,-0.4344,1.2847,1]}],"loopBehavior":1,"name":"anim","property":"_matrix"}},
{"name":"Chin","index":12,"matrix":[1,0,0,0,0,1,0,0,0,0,1,0,-0.0038,-6.1605,9.1241,1],"rest":[1,0,0,0,0,1,0,0,0,0,1,0,-0.0038,-6.1605,9.1241,1],"parentBoneIndex":8,"length":8.9884
,"animation":{"dataType":3,"framePerSecond":24,"keys":[
{"frame":1,"values":[1,0,0,0,0,1,0,0,0,0,1,0,-0.0038,-6.1605,9.1241,1]},
{"frame":25,"values":[1,0,0,0,0,1,0,0,0,0,1,0,-0.0038,-6.1605,9.1241,1]}],"loopBehavior":1,"name":"anim","property":"_matrix"}},
{"name":"LowerChin","index":13,"matrix":[1,0,0,0,0,1,0,0,0,0,1,0,-0.0038,-8.2784,6.0042,1],"rest":[1,0,0,0,0,1,0,0,0,0,1,0,-0.0038,-8.2784,6.0042,1],"parentBoneIndex":8,"length":8.9884
,"animation":{"dataType":3,"framePerSecond":24,"keys":[
{"frame":1,"values":[1,0,0,0,0,1,0,0,0,0,1,0,-0.0038,-8.2784,6.0042,1]},
{"frame":25,"values":[1,0,0,0,0,1,0,0,0,0,1,0,-0.0038,-8.2784,6.0042,1]}],"loopBehavior":1,"name":"anim","property":"_matrix"}},
{"name":"L_Temple","index":14,"matrix":[1,0,0,0,0,1,0,0,0,0,1,0,6.7164,11.953,7.4033,1],"rest":[1,0,0,0,0,1,0,0,0,0,1,0,6.7164,11.953,7.4033,1],"parentBoneIndex":6,"length":14.8424
,"animation":{"dataType":3,"framePerSecond":24,"keys":[
{"frame":1,"values":[1,0,0,0,0,1,0,0,0,0,1,0,6.7164,11.953,7.4033,1]},
{"frame":25,"values":[1,0,0,0,0,1,0,0,0,0,1,0,6.7164,11.953,7.4033,1]}],"loopBehavior":1,"name":"anim","property":"_matrix"}},
{"name":"L_IOuterBrow","index":15,"matrix":[1,0,0,0,0,1,0,0,0,0,1,0,5.185,11.3348,12.3701,1],"rest":[1,0,0,0,0,1,0,0,0,0,1,0,5.185,11.3348,12.3701,1],"parentBoneIndex":6,"length":14.8424
,"animation":{"dataType":3,"framePerSecond":24,"keys":[
{"frame":1,"values":[1,0,0,0,0,1,0,0,0,0,1,0,5.185,11.3348,12.3701,1]},
{"frame":25,"values":[1,0,0,0,0,1,0,0,0,0,1,0,5.185,11.3348,12.3701,1]}],"loopBehavior":1,"name":"anim","property":"_matrix"}},
{"name":"L_MidBrow","index":16,"matrix":[1,0,0,0,0,1,0,0,0,0,1,0,3.3668,11.4156,13.6166,1],"rest":[1,0,0,0,0,1,0,0,0,0,1,0,3.3668,11.4156,13.6166,1],"parentBoneIndex":6,"length":14.8424
,"animation":{"dataType":3,"framePerSecond":24,"keys":[
{"frame":1,"values":[1,0,0,0,0,1,0,0,0,0,1,0,3.3668,11.4156,13.6166,1]},
{"frame":25,"values":[1,0,0,0,0,1,0,0,0,0,1,0,3.3668,11.4156,13.6166,1]}],"loopBehavior":1,"name":"anim","property":"_matrix"}},
{"name":"L_InnerBrow","index":17,"matrix":[1,0,0,0,0,1,0,0,0,0,1,0,1.6599,10.7576,14.115,1],"rest":[1,0,0,0,0,1,0,0,0,0,1,0,1.6599,10.7576,14.115,1],"parentBoneIndex":6,"length":14.8424
,"animation":{"dataType":3,"framePerSecond":24,"keys":[
{"frame":1,"values":[1,0,0,0,0,1,0,0,0,0,1,0,1.6599,10.7576,14.115,1]},
{"frame":25,"values":[1,0,0,0,0,1,0,0,0,0,1,0,1.6599,10.7576,14.115,1]}],"loopBehavior":1,"name":"anim","property":"_matrix"}},
{"name":"L_Eye","index":18,"matrix":[1,0,0,0,0,1,0,0,0,0,1,0,3.0989,9.6989,11.4382,1],"rest":[1,0,0,0,0,1,0,0,0,0,1,0,3.0989,9.6989,11.4382,1],"parentBoneIndex":6,"length":14.8424
,"animation":{"dataType":3,"framePerSecond":24,"keys":[
{"frame":1,"values":[1,0,0,0,0,1,0,0,0,0,1,0,3.0989,9.6989,11.4382,1]},
{"frame":25,"values":[1,0,0,0,0,1,0,0,0,0,1,0,3.0989,9.6989,11.4382,1]}],"loopBehavior":1,"name":"anim","property":"_matrix"}},
{"name":"L_EyelidLower","index":19,"matrix":[1,0,0,0,0,1,0,0,0,0,1,0,3.0989,9.6989,11.4382,1],"rest":[1,0,0,0,0,1,0,0,0,0,1,0,3.0989,9.6989,11.4382,1],"parentBoneIndex":6,"length":14.8424
,"animation":{"dataType":3,"framePerSecond":24,"keys":[
{"frame":1,"values":[1,0,0,0,0,1,0,0,0,0,1,0,3.0989,9.6989,11.4382,1]},
{"frame":25,"values":[1,0,0,0,0,1,0,0,0,0,1,0,3.0989,9.6989,11.4382,1]}],"loopBehavior":1,"name":"anim","property":"_matrix"}},
{"name":"L_EyelidUpper","index":20,"matrix":[1,0,0,0,0,1,0,0,0,0,1,0,3.0989,9.6989,11.4382,1],"rest":[1,0,0,0,0,1,0,0,0,0,1,0,3.0989,9.6989,11.4382,1],"parentBoneIndex":6,"length":14.8424
,"animation":{"dataType":3,"framePerSecond":24,"keys":[
{"frame":1,"values":[1,0,0,0,0,1,0,0,0,0,1,0,3.0989,9.6989,11.4382,1]},
{"frame":25,"values":[1,0,0,0,0,1,0,0,0,0,1,0,3.0989,9.6989,11.4382,1]}],"loopBehavior":1,"name":"anim","property":"_matrix"}},
{"name":"L_InnerCheek","index":21,"matrix":[1,0,0,0,0,1,0,0,0,0,1,0,2.1484,7.4937,13.4347,1],"rest":[1,0,0,0,0,1,0,0,0,0,1,0,2.1484,7.4937,13.4347,1],"parentBoneIndex":6,"length":14.8424
,"animation":{"dataType":3,"framePerSecond":24,"keys":[
{"frame":1,"values":[1,0,0,0,0,1,0,0,0,0,1,0,2.1484,7.4937,13.4347,1]},
{"frame":25,"values":[1,0,0,0,0,1,0,0,0,0,1,0,2.1484,7.4937,13.4347,1]}],"loopBehavior":1,"name":"anim","property":"_matrix"}},
{"name":"L_LowerCheek","index":22,"matrix":[1,0,0,0,0,1,0,0,0,0,1,0,4.3527,2.5675,9.9423,1],"rest":[1,0,0,0,0,1,0,0,0,0,1,0,4.3527,2.5675,9.9423,1],"parentBoneIndex":6,"length":14.8424
,"animation":{"dataType":3,"framePerSecond":24,"keys":[
{"frame":1,"values":[1,0,0,0,0,1,0,0,0,0,1,0,4.3527,2.5675,9.9423,1]},
{"frame":25,"values":[1,0,0,0,0,1,0,0,0,0,1,0,4.3527,2.5675,9.9423,1]}],"loopBehavior":1,"name":"anim","property":"_matrix"}},
{"name":"L_LipCorner","index":23,"matrix":[1,0,0,0,0,1,0,0,0,0,1,0,2.9076,2.9095,12.5938,1],"rest":[1,0,0,0,0,1,0,0,0,0,1,0,2.9076,2.9095,12.5938,1],"parentBoneIndex":6,"length":0.9548
,"animation":{"dataType":3,"framePerSecond":24,"keys":[
{"frame":1,"values":[1,0,0,0,0,1,0,0,0,0,1,0,2.9076,2.9095,12.5938,1]},
{"frame":25,"values":[1,0,0,0,0,1,0,0,0,0,1,0,2.9076,2.9095,12.5938,1]}],"loopBehavior":1,"name":"anim","property":"_matrix"}},
{"name":"L_LipCornerLowTweak","index":24,"matrix":[1,0,0,0,0,1,0,0,0,0,1,0,-0.8072,-0.3254,0.4547,1],"rest":[1,0,0,0,0,1,0,0,0,0,1,0,-0.8072,-0.3254,0.4547,1],"parentBoneIndex":23,"length":0.9548
,"animation":{"dataType":3,"framePerSecond":24,"keys":[
{"frame":1,"values":[1,0,0,0,0,1,0,0,0,0,1,0,-0.8072,-0.3254,0.4547,1]},
{"frame":25,"values":[1,0,0,0,0,1,0,0,0,0,1,0,-0.8072,-0.3254,0.4547,1]}],"loopBehavior":1,"name":"anim","property":"_matrix"}},
{"name":"L_LipCornerUpTweak","index":25,"matrix":[1,0,0,0,0,1,0,0,0,0,1,0,-0.7251,0.0237,0.5782,1],"rest":[1,0,0,0,0,1,0,0,0,0,1,0,-0.7251,0.0237,0.5782,1],"parentBoneIndex":23,"length":0.9548
,"animation":{"dataType":3,"framePerSecond":24,"keys":[
{"frame":1,"values":[1,0,0,0,0,1,0,0,0,0,1,0,-0.7251,0.0237,0.5782,1]},
{"frame":25,"values":[1,0,0,0,0,1,0,0,0,0,1,0,-0.7251,0.0237,0.5782,1]}],"loopBehavior":1,"name":"anim","property":"_matrix"}},
{"name":"L_LipLower","index":26,"matrix":[1,0,0,0,0,1,0,0,0,0,1,0,1.2586,2.3762,13.5915,1],"rest":[1,0,0,0,0,1,0,0,0,0,1,0,1.2586,2.3762,13.5915,1],"parentBoneIndex":6,"length":14.8424
,"animation":{"dataType":3,"framePerSecond":24,"keys":[
{"frame":1,"values":[1,0,0,0,0,1,0,0,0,0,1,0,1.2586,2.3762,13.5915,1]},
{"frame":25,"values":[1,0,0,0,0,1,0,0,0,0,1,0,1.2586,2.3762,13.5915,1]}],"loopBehavior":1,"name":"anim","property":"_matrix"}},
{"name":"L_LipUpper","index":27,"matrix":[1,0,0,0,0,1,0,0,0,0,1,0,1.2981,3.1535,13.8987,1],"rest":[1,0,0,0,0,1,0,0,0,0,1,0,1.2981,3.1535,13.8987,1],"parentBoneIndex":6,"length":14.8424
,"animation":{"dataType":3,"framePerSecond":24,"keys":[
{"frame":1,"values":[1,0,0,0,0,1,0,0,0,0,1,0,1.2981,3.1535,13.8987,1]},
{"frame":25,"values":[1,0,0,0,0,1,0,0,0,0,1,0,1.2981,3.1535,13.8987,1]}],"loopBehavior":1,"name":"anim","property":"_matrix"}},
{"name":"LipMidLower","index":28,"matrix":[1,0,0,0,0,1,0,0,0,0,1,0,0,2.4182,14.0113,1],"rest":[1,0,0,0,0,1,0,0,0,0,1,0,0,2.4182,14.0113,1],"parentBoneIndex":6,"length":14.8424
,"animation":{"dataType":3,"framePerSecond":24,"keys":[
{"frame":1,"values":[1,0,0,0,0,1,0,0,0,0,1,0,0,2.4182,14.0113,1]},
{"frame":25,"values":[1,0,0,0,0,1,0,0,0,0,1,0,0,2.4182,14.0113,1]}],"loopBehavior":1,"name":"anim","property":"_matrix"}},
{"name":"LipMidUpper","index":29,"matrix":[1,0,0,0,0,1,0,0,0,0,1,0,0,3.2177,14.3127,1],"rest":[1,0,0,0,0,1,0,0,0,0,1,0,0,3.2177,14.3127,1],"parentBoneIndex":6,"length":14.8424
,"animation":{"dataType":3,"framePerSecond":24,"keys":[
{"frame":1,"values":[1,0,0,0,0,1,0,0,0,0,1,0,0,3.2177,14.3127,1]},
{"frame":25,"values":[1,0,0,0,0,1,0,0,0,0,1,0,0,3.2177,14.3127,1]}],"loopBehavior":1,"name":"anim","property":"_matrix"}},
{"name":"L_CheekFold","index":30,"matrix":[1,0,0,0,0,1,0,0,0,0,1,0,2.8997,4.8397,12.9905,1],"rest":[1,0,0,0,0,1,0,0,0,0,1,0,2.8997,4.8397,12.9905,1],"parentBoneIndex":6,"length":14.8424
,"animation":{"dataType":3,"framePerSecond":24,"keys":[
{"frame":1,"values":[1,0,0,0,0,1,0,0,0,0,1,0,2.8997,4.8397,12.9905,1]},
{"frame":25,"values":[1,0,0,0,0,1,0,0,0,0,1,0,2.8997,4.8397,12.9905,1]}],"loopBehavior":1,"name":"anim","property":"_matrix"}},
{"name":"L_Nostril","index":31,"matrix":[1,0,0,0,0,1,0,0,0,0,1,0,1.2793,5.2449,14.0405,1],"rest":[1,0,0,0,0,1,0,0,0,0,1,0,1.2793,5.2449,14.0405,1],"parentBoneIndex":6,"length":14.8424
,"animation":{"dataType":3,"framePerSecond":24,"keys":[
{"frame":1,"values":[1,0,0,0,0,1,0,0,0,0,1,0,1.2793,5.2449,14.0405,1]},
{"frame":25,"values":[1,0,0,0,0,1,0,0,0,0,1,0,1.2793,5.2449,14.0405,1]}],"loopBehavior":1,"name":"anim","property":"_matrix"}},
{"name":"Scalp","index":32,"matrix":[1,0,0,0,0,1,0,0,0,0,1,0,0.0038,15.512,8.5871,1],"rest":[1,0,0,0,0,1,0,0,0,0,1,0,0.0038,15.512,8.5871,1],"parentBoneIndex":6,"length":14.8424
,"animation":{"dataType":3,"framePerSecond":24,"keys":[
{"frame":1,"values":[1,0,0,0,0,1,0,0,0,0,1,0,0.0038,15.512,8.5871,1]},
{"frame":25,"values":[1,0,0,0,0,1,0,0,0,0,1,0,0.0038,15.512,8.5871,1]}],"loopBehavior":1,"name":"anim","property":"_matrix"}},
{"name":"L_OuterCheek","index":33,"matrix":[1,0,0,0,0,1,0,0,0,0,1,0,4.805,7.1686,11.679,1],"rest":[1,0,0,0,0,1,0,0,0,0,1,0,4.805,7.1686,11.679,1],"parentBoneIndex":6,"length":14.8424
,"animation":{"dataType":3,"framePerSecond":24,"keys":[
{"frame":1,"values":[1,0,0,0,0,1,0,0,0,0,1,0,4.805,7.1686,11.679,1]},
{"frame":25,"values":[1,0,0,0,0,1,0,0,0,0,1,0,4.805,7.1686,11.679,1]}],"loopBehavior":1,"name":"anim","property":"_matrix"}},
{"name":"R_LipLower","index":34,"matrix":[1,0,0,0,0,1,0,0,0,0,1,0,-1.2586,2.3762,13.5915,1],"rest":[1,0,0,0,0,1,0,0,0,0,1,0,-1.2586,2.3762,13.5915,1],"parentBoneIndex":6,"length":14.8424
,"animation":{"dataType":3,"framePerSecond":24,"keys":[
{"frame":1,"values":[1,0,0,0,0,1,0,0,0,0,1,0,-1.2586,2.3762,13.5915,1]},
{"frame":25,"values":[1,0,0,0,0,1,0,0,0,0,1,0,-1.2586,2.3762,13.5915,1]}],"loopBehavior":1,"name":"anim","property":"_matrix"}},
{"name":"RightNostril","index":35,"matrix":[1,0,0,0,0,1,0,0,0,0,1,0,-1.2793,5.2449,14.0405,1],"rest":[1,0,0,0,0,1,0,0,0,0,1,0,-1.2793,5.2449,14.0405,1],"parentBoneIndex":6,"length":14.8424
,"animation":{"dataType":3,"framePerSecond":24,"keys":[
{"frame":1,"values":[1,0,0,0,0,1,0,0,0,0,1,0,-1.2793,5.2449,14.0405,1]},
{"frame":25,"values":[1,0,0,0,0,1,0,0,0,0,1,0,-1.2793,5.2449,14.0405,1]}],"loopBehavior":1,"name":"anim","property":"_matrix"}},
{"name":"R_CheekFold","index":36,"matrix":[1,0,0,0,0,1,0,0,0,0,1,0,-2.8997,4.8397,12.9905,1],"rest":[1,0,0,0,0,1,0,0,0,0,1,0,-2.8997,4.8397,12.9905,1],"parentBoneIndex":6,"length":14.8424
,"animation":{"dataType":3,"framePerSecond":24,"keys":[
{"frame":1,"values":[1,0,0,0,0,1,0,0,0,0,1,0,-2.8997,4.8397,12.9905,1]},
{"frame":25,"values":[1,0,0,0,0,1,0,0,0,0,1,0,-2.8997,4.8397,12.9905,1]}],"loopBehavior":1,"name":"anim","property":"_matrix"}},
{"name":"R_LowerCheek","index":37,"matrix":[1,0,0,0,0,1,0,0,0,0,1,0,-4.3527,2.5675,9.9423,1],"rest":[1,0,0,0,0,1,0,0,0,0,1,0,-4.3527,2.5675,9.9423,1],"parentBoneIndex":6,"length":14.8424
,"animation":{"dataType":3,"framePerSecond":24,"keys":[
{"frame":1,"values":[1,0,0,0,0,1,0,0,0,0,1,0,-4.3527,2.5675,9.9423,1]},
{"frame":25,"values":[1,0,0,0,0,1,0,0,0,0,1,0,-4.3527,2.5675,9.9423,1]}],"loopBehavior":1,"name":"anim","property":"_matrix"}},
{"name":"R_gLipCorner","index":38,"matrix":[1,0,0,0,0,1,0,0,0,0,1,0,-2.9076,2.9095,12.5938,1],"rest":[1,0,0,0,0,1,0,0,0,0,1,0,-2.9076,2.9095,12.5938,1],"parentBoneIndex":6,"length":0.9548
,"animation":{"dataType":3,"framePerSecond":24,"keys":[
{"frame":1,"values":[1,0,0,0,0,1,0,0,0,0,1,0,-2.9076,2.9095,12.5938,1]},
{"frame":25,"values":[1,0,0,0,0,1,0,0,0,0,1,0,-2.9076,2.9095,12.5938,1]}],"loopBehavior":1,"name":"anim","property":"_matrix"}},
{"name":"R_gLipCornerLowTweak","index":39,"matrix":[1,0,0,0,0,1,0,0,0,0,1,0,0.8072,-0.3254,0.4547,1],"rest":[1,0,0,0,0,1,0,0,0,0,1,0,0.8072,-0.3254,0.4547,1],"parentBoneIndex":38,"length":0.9548
,"animation":{"dataType":3,"framePerSecond":24,"keys":[
{"frame":1,"values":[1,0,0,0,0,1,0,0,0,0,1,0,0.8072,-0.3254,0.4547,1]},
{"frame":25,"values":[1,0,0,0,0,1,0,0,0,0,1,0,0.8072,-0.3254,0.4547,1]}],"loopBehavior":1,"name":"anim","property":"_matrix"}},
{"name":"R_gLipCornerUpTweak","index":40,"matrix":[1,0,0,0,0,1,0,0,0,0,1,0,0.7251,0.0237,0.5782,1],"rest":[1,0,0,0,0,1,0,0,0,0,1,0,0.7251,0.0237,0.5782,1],"parentBoneIndex":38,"length":0.9548
,"animation":{"dataType":3,"framePerSecond":24,"keys":[
{"frame":1,"values":[1,0,0,0,0,1,0,0,0,0,1,0,0.7251,0.0237,0.5782,1]},
{"frame":25,"values":[1,0,0,0,0,1,0,0,0,0,1,0,0.7251,0.0237,0.5782,1]}],"loopBehavior":1,"name":"anim","property":"_matrix"}},
{"name":"R_LipUpper","index":41,"matrix":[1,0,0,0,0,1,0,0,0,0,1,0,-1.2981,3.1535,13.8987,1],"rest":[1,0,0,0,0,1,0,0,0,0,1,0,-1.2981,3.1535,13.8987,1],"parentBoneIndex":6,"length":14.8424
,"animation":{"dataType":3,"framePerSecond":24,"keys":[
{"frame":1,"values":[1,0,0,0,0,1,0,0,0,0,1,0,-1.2981,3.1535,13.8987,1]},
{"frame":25,"values":[1,0,0,0,0,1,0,0,0,0,1,0,-1.2981,3.1535,13.8987,1]}],"loopBehavior":1,"name":"anim","property":"_matrix"}},
{"name":"R_OuterCheek","index":42,"matrix":[1,0,0,0,0,1,0,0,0,0,1,0,-4.805,7.1686,11.679,1],"rest":[1,0,0,0,0,1,0,0,0,0,1,0,-4.805,7.1686,11.679,1],"parentBoneIndex":6,"length":14.8424
,"animation":{"dataType":3,"framePerSecond":24,"keys":[
{"frame":1,"values":[1,0,0,0,0,1,0,0,0,0,1,0,-4.805,7.1686,11.679,1]},
{"frame":25,"values":[1,0,0,0,0,1,0,0,0,0,1,0,-4.805,7.1686,11.679,1]}],"loopBehavior":1,"name":"anim","property":"_matrix"}},
{"name":"MidBrows","index":43,"matrix":[1,0,0,0,0,1,0,0,0,0,1,0,0,10.8004,14.2738,1],"rest":[1,0,0,0,0,1,0,0,0,0,1,0,0,10.8004,14.2738,1],"parentBoneIndex":6,"length":14.8424
,"animation":{"dataType":3,"framePerSecond":24,"keys":[
{"frame":1,"values":[1,0,0,0,0,1,0,0,0,0,1,0,0,10.8004,14.2738,1]},
{"frame":25,"values":[1,0,0,0,0,1,0,0,0,0,1,0,0,10.8004,14.2738,1]}],"loopBehavior":1,"name":"anim","property":"_matrix"}},
{"name":"R_InnerBrow","index":44,"matrix":[1,0,0,0,0,1,0,0,0,0,1,0,-1.6599,10.7576,14.115,1],"rest":[1,0,0,0,0,1,0,0,0,0,1,0,-1.6599,10.7576,14.115,1],"parentBoneIndex":6,"length":14.8424
,"animation":{"dataType":3,"framePerSecond":24,"keys":[
{"frame":1,"values":[1,0,0,0,0,1,0,0,0,0,1,0,-1.6599,10.7576,14.115,1]},
{"frame":25,"values":[1,0,0,0,0,1,0,0,0,0,1,0,-1.6599,10.7576,14.115,1]}],"loopBehavior":1,"name":"anim","property":"_matrix"}},
{"name":"R_MidBrow","index":45,"matrix":[1,0,0,0,0,1,0,0,0,0,1,0,-3.3668,11.4156,13.6166,1],"rest":[1,0,0,0,0,1,0,0,0,0,1,0,-3.3668,11.4156,13.6166,1],"parentBoneIndex":6,"length":14.8424
,"animation":{"dataType":3,"framePerSecond":24,"keys":[
{"frame":1,"values":[1,0,0,0,0,1,0,0,0,0,1,0,-3.3668,11.4156,13.6166,1]},
{"frame":25,"values":[1,0,0,0,0,1,0,0,0,0,1,0,-3.3668,11.4156,13.6166,1]}],"loopBehavior":1,"name":"anim","property":"_matrix"}},
{"name":"R_IOuterBrow","index":46,"matrix":[1,0,0,0,0,1,0,0,0,0,1,0,-5.185,11.3348,12.3701,1],"rest":[1,0,0,0,0,1,0,0,0,0,1,0,-5.185,11.3348,12.3701,1],"parentBoneIndex":6,"length":14.8424
,"animation":{"dataType":3,"framePerSecond":24,"keys":[
{"frame":1,"values":[1,0,0,0,0,1,0,0,0,0,1,0,-5.185,11.3348,12.3701,1]},
{"frame":25,"values":[1,0,0,0,0,1,0,0,0,0,1,0,-5.185,11.3348,12.3701,1]}],"loopBehavior":1,"name":"anim","property":"_matrix"}},
{"name":"R_Eye","index":47,"matrix":[1,0,0,0,0,1,0,0,0,0,1,0,-3.0989,9.6989,11.4382,1],"rest":[1,0,0,0,0,1,0,0,0,0,1,0,-3.0989,9.6989,11.4382,1],"parentBoneIndex":6,"length":14.8424
,"animation":{"dataType":3,"framePerSecond":24,"keys":[
{"frame":1,"values":[1,0,0,0,0,1,0,0,0,0,1,0,-3.0989,9.6989,11.4382,1]},
{"frame":25,"values":[1,0,0,0,0,1,0,0,0,0,1,0,-3.0989,9.6989,11.4382,1]}],"loopBehavior":1,"name":"anim","property":"_matrix"}},
{"name":"R_EyelidLower","index":48,"matrix":[1,0,0,0,0,1,0,0,0,0,1,0,-3.0989,9.6989,11.4382,1],"rest":[1,0,0,0,0,1,0,0,0,0,1,0,-3.0989,9.6989,11.4382,1],"parentBoneIndex":6,"length":14.8424
,"animation":{"dataType":3,"framePerSecond":24,"keys":[
{"frame":1,"values":[1,0,0,0,0,1,0,0,0,0,1,0,-3.0989,9.6989,11.4382,1]},
{"frame":25,"values":[1,0,0,0,0,1,0,0,0,0,1,0,-3.0989,9.6989,11.4382,1]}],"loopBehavior":1,"name":"anim","property":"_matrix"}},
{"name":"R_EyelidUpper","index":49,"matrix":[1,0,0,0,0,1,0,0,0,0,1,0,-3.0989,9.6989,11.4382,1],"rest":[1,0,0,0,0,1,0,0,0,0,1,0,-3.0989,9.6989,11.4382,1],"parentBoneIndex":6,"length":14.8424
,"animation":{"dataType":3,"framePerSecond":24,"keys":[
{"frame":1,"values":[1,0,0,0,0,1,0,0,0,0,1,0,-3.0989,9.6989,11.4382,1]},
{"frame":25,"values":[1,0,0,0,0,1,0,0,0,0,1,0,-3.0989,9.6989,11.4382,1]}],"loopBehavior":1,"name":"anim","property":"_matrix"}},
{"name":"R_Temple","index":50,"matrix":[1,0,0,0,0,1,0,0,0,0,1,0,-6.7164,11.953,7.4033,1],"rest":[1,0,0,0,0,1,0,0,0,0,1,0,-6.7164,11.953,7.4033,1],"parentBoneIndex":6,"length":14.8424
,"animation":{"dataType":3,"framePerSecond":24,"keys":[
{"frame":1,"values":[1,0,0,0,0,1,0,0,0,0,1,0,-6.7164,11.953,7.4033,1]},
{"frame":25,"values":[1,0,0,0,0,1,0,0,0,0,1,0,-6.7164,11.953,7.4033,1]}],"loopBehavior":1,"name":"anim","property":"_matrix"}},
{"name":"R_Ear","index":51,"matrix":[1,0,0,0,0,1,0,0,0,0,1,0,-6.8586,8.862,3.3161,1],"rest":[1,0,0,0,0,1,0,0,0,0,1,0,-6.8586,8.862,3.3161,1],"parentBoneIndex":6,"length":14.8424
,"animation":{"dataType":3,"framePerSecond":24,"keys":[
{"frame":1,"values":[1,0,0,0,0,1,0,0,0,0,1,0,-6.8586,8.862,3.3161,1]},
