{"producer":{"name":"Blender","version":"2.90.0","exporter_version":"2.80.1","file":"turnleft_riffle.babylon"},
"autoClear":true,"clearColor":[0.0509,0.0509,0.0509],"gravity":[0,-9.81,0],
"materials":[{"name":"Material","id":"Material","customType":"BABYLON.PBRMaterial","backFaceCulling":true,"checkReadyOnlyOnce":false,"maxSimultaneousLights":4,"environmentIntensity":1,"albedo":[0.8,0.8,0.8],"reflectivity":[0.5,0.5,0.5],"roughness":0.4,"alpha":1,"transparencyMode":0,"alphaCutOff":0.4,"metallic":0}],
"multiMaterials":[],
"skeletons":[{"name":"Armature","id":0,"dimensionsAtRest":[188.1767,188.0947,21.7491],"bones":[
{"name":"Hips","index":0,"matrix":[0.5755,0.0322,-0.8172,0,0.0706,0.9935,0.0888,0,-0.8147,0.1088,-0.5695,0,-0.0467,90.4406,0.0193,1],"rest":[1,0,0,0,0,1,0,0,0,0,-1,0,0,96.3764,0,1],"parentBoneIndex":-1,"length":9.9032
,"animation":{"dataType":3,"framePerSecond":24,"keys":[
{"frame":1,"values":[0.5755,0.0322,-0.8172,0,0.0706,0.9935,0.0888,0,-0.8147,0.1088,-0.5695,0,-0.0467,90.4406,0.0193,1]},
{"frame":2,"values":[0.5755,0.0322,-0.8172,0,0.0706,0.9935,0.0888,0,-0.8147,0.1088,-0.5695,0,0.16,90.1372,-1.42,1]},
{"frame":3,"values":[0.5755,0.0322,-0.8172,0,0.0706,0.9935,0.0888,0,-0.8147,0.1088,-0.5695,0,0.5573,89.6023,-3.1355,1]},
{"frame":4,"values":[0.5755,0.0322,-0.8172,0,0.0706,0.9935,0.0888,0,-0.8147,0.1088,-0.5695,0,1.0242,89.0217,-5.48,1]},
{"frame":5,"values":[0.5755,0.0322,-0.8172,0,0.0706,0.9935,0.0888,0,-0.8147,0.1088,-0.5695,0,1.4988,88.5987,-8.4017,1]},
{"frame":6,"values":[0.5755,0.0322,-0.8172,0,0.0706,0.9935,0.0888,0,-0.8147,0.1088,-0.5695,0,1.9837,88.4101,-11.0592,1]},
{"frame":7,"values":[0.5755,0.0322,-0.8172,0,0.0706,0.9935,0.0888,0,-0.8147,0.1088,-0.5695,0,2.3904,88.3594,-12.7263,1]},
{"frame":8,"values":[0.5755,0.0322,-0.8172,0,0.0706,0.9935,0.0888,0,-0.8147,0.1088,-0.5695,0,2.4416,88.3228,-13.6804,1]},
{"frame":9,"values":[0.5755,0.0322,-0.8172,0,0.0706,0.9935,0.0888,0,-0.8147,0.1088,-0.5695,0,1.9228,88.2544,-14.5344,1]},
{"frame":10,"values":[0.5755,0.0322,-0.8172,0,0.0706,0.9935,0.0888,0,-0.8147,0.1088,-0.5695,0,0.8813,88.2443,-15.3486,1]},
{"frame":11,"values":[0.5755,0.0322,-0.8172,0,0.0706,0.9935,0.0888,0,-0.8147,0.1088,-0.5695,0,-0.556,88.4288,-15.8367,1]},
{"frame":12,"values":[0.5755,0.0322,-0.8172,0,0.0706,0.9935,0.0888,0,-0.8147,0.1088,-0.5695,0,-2.3051,88.8589,-15.9884,1]},
{"frame":13,"values":[0.5755,0.0322,-0.8172,0,0.0706,0.9935,0.0888,0,-0.8147,0.1088,-0.5695,0,-4.2554,89.4641,-16.0098,1]},
{"frame":14,"values":[0.5755,0.0322,-0.8172,0,0.0706,0.9935,0.0888,0,-0.8147,0.1088,-0.5695,0,-6.2307,90.0536,-15.8873,1]},
{"frame":15,"values":[0.5755,0.0322,-0.8172,0,0.0706,0.9935,0.0888,0,-0.8147,0.1088,-0.5695,0,-7.9274,90.4719,-15.3938,1]},
{"frame":16,"values":[0.5755,0.0322,-0.8172,0,0.0706,0.9935,0.0888,0,-0.8147,0.1088,-0.5695,0,-8.9016,90.6703,-14.5025,1]},
{"frame":17,"values":[0.5755,0.0322,-0.8172,0,0.0706,0.9935,0.0888,0,-0.8147,0.1088,-0.5695,0,-8.8562,90.6671,-13.3894,1]},
{"frame":18,"values":[0.5755,0.0322,-0.8172,0,0.0706,0.9935,0.0888,0,-0.8147,0.1088,-0.5695,0,-7.8102,90.4622,-11.9756,1]},
{"frame":19,"values":[0.5755,0.0322,-0.8172,0,0.0706,0.9935,0.0888,0,-0.8147,0.1088,-0.5695,0,-6.1641,90.1097,-10.0766,1]},
{"frame":20,"values":[0.5755,0.0322,-0.8172,0,0.0706,0.9935,0.0888,0,-0.8147,0.1088,-0.5695,0,-4.2553,89.8263,-7.5385,1]},
{"frame":21,"values":[0.5755,0.0322,-0.8172,0,0.0706,0.9935,0.0888,0,-0.8147,0.1088,-0.5695,0,-2.3918,89.8013,-4.5893,1]},
{"frame":22,"values":[0.5755,0.0322,-0.8172,0,0.0706,0.9935,0.0888,0,-0.8147,0.1088,-0.5695,0,-0.9877,89.946,-2.0507,1]},
{"frame":23,"values":[0.5755,0.0322,-0.8172,0,0.0706,0.9935,0.0888,0,-0.8147,0.1088,-0.5695,0,-0.2711,90.1189,-0.613,1]},
{"frame":24,"values":[0.5755,0.0322,-0.8172,0,0.0706,0.9935,0.0888,0,-0.8147,0.1088,-0.5695,0,-0.0644,90.3214,-0.1598,1]},
{"frame":25,"values":[0.5755,0.0322,-0.8172,0,0.0706,0.9935,0.0888,0,-0.8147,0.1088,-0.5695,0,-0.0193,90.4406,-0.0467,1]}],"loopBehavior":1,"name":"anim","property":"_matrix"}},
{"name":"Spine","index":1,"matrix":[0.9999,0.0115,-0.0074,0,-0.0108,0.9957,0.0919,0,0.0084,-0.0918,0.9957,0,0,9.2263,1.5771,1],"rest":[1,0,0,0,0,1,0,0,0,0,1,0,0,9.2263,1.5771,1],"parentBoneIndex":0,"length":16.2548
,"animation":{"dataType":3,"framePerSecond":24,"keys":[
{"frame":1,"values":[0.9999,0.0115,-0.0074,0,-0.0108,0.9957,0.0919,0,0.0084,-0.0918,0.9957,0,0,9.2263,1.5771,1]},
{"frame":2,"values":[0.9999,0.0142,-0.0052,0,-0.0137,0.9958,0.0907,0,0.0065,-0.0907,0.9959,0,0,9.2263,1.5771,1]},
{"frame":3,"values":[0.9999,0.0135,-0.0051,0,-0.013,0.9958,0.0909,0,0.0063,-0.0908,0.9958,0,0,9.2263,1.5771,1]},
{"frame":4,"values":[0.9999,0.0116,-0.0057,0,-0.011,0.9958,0.0914,0,0.0068,-0.0914,0.9958,0,0,9.2263,1.5771,1]},
{"frame":5,"values":[0.9999,0.0095,-0.0068,0,-0.0088,0.9957,0.0922,0,0.0077,-0.0922,0.9957,0,0,9.2263,1.5771,1]},
{"frame":6,"values":[0.9999,0.0074,-0.0082,0,-0.0066,0.9956,0.0934,0,0.0089,-0.0934,0.9956,0,0,9.2263,1.5771,1]},
{"frame":7,"values":[0.9999,0.0047,-0.0099,0,-0.0037,0.9955,0.0948,0,0.0103,-0.0947,0.9955,0,0,9.2263,1.5771,1]},
{"frame":8,"values":[0.9999,0.002,-0.0117,0,-0.0008,0.9954,0.0961,0,0.0119,-0.0961,0.9953,0,0,9.2263,1.5771,1]},
{"frame":9,"values":[0.9999,-0.0004,-0.0136,0,0.0017,0.9952,0.0974,0,0.0135,-0.0974,0.9952,0,0,9.2263,1.5771,1]},
{"frame":10,"values":[0.9999,-0.0023,-0.0153,0,0.0038,0.9951,0.0985,0,0.015,-0.0985,0.995,0,0,9.2263,1.5771,1]},
{"frame":11,"values":[0.9998,-0.0041,-0.017,0,0.0057,0.995,0.0992,0,0.0165,-0.0993,0.9949,0,0,9.2263,1.5771,1]},
{"frame":12,"values":[0.9998,-0.0053,-0.0179,0,0.0071,0.995,0.0996,0,0.0173,-0.0997,0.9949,0,0,9.2263,1.5771,1]},
{"frame":13,"values":[0.9998,-0.0064,-0.019,0,0.0082,0.995,0.0998,0,0.0183,-0.0999,0.9948,0,0,9.2263,1.5771,1]},
{"frame":14,"values":[0.9998,-0.0075,-0.0202,0,0.0094,0.995,0.0996,0,0.0193,-0.0998,0.9948,0,0,9.2263,1.5771,1]},
{"frame":15,"values":[0.9998,-0.0083,-0.0207,0,0.0103,0.9951,0.0988,0,0.0197,-0.099,0.9949,0,0,9.2263,1.5771,1]},
{"frame":16,"values":[0.9998,-0.0089,-0.02,0,0.0108,0.9952,0.0977,0,0.019,-0.0979,0.995,0,0,9.2263,1.5771,1]},
{"frame":17,"values":[0.9998,-0.0084,-0.0183,0,0.0102,0.9953,0.0963,0,0.0174,-0.0965,0.9952,0,0,9.2263,1.5771,1]},
{"frame":18,"values":[0.9999,-0.0041,-0.0159,0,0.0056,0.9955,0.0941,0,0.0155,-0.0942,0.9954,0,0,9.2263,1.5771,1]},
{"frame":19,"values":[0.9999,0.0041,-0.0128,0,-0.0029,0.9959,0.0904,0,0.0131,-0.0903,0.9958,0,0,9.2263,1.5771,1]},
{"frame":20,"values":[0.9998,0.0147,-0.0099,0,-0.0138,0.9962,0.0855,0,0.0111,-0.0853,0.9963,0,0,9.2263,1.5771,1]},
{"frame":21,"values":[0.9996,0.0275,-0.0078,0,-0.0267,0.9964,0.0799,0,0.01,-0.0796,0.9968,0,0,9.2263,1.5771,1]},
{"frame":22,"values":[0.9993,0.0377,-0.0066,0,-0.0371,0.9965,0.0744,0,0.0093,-0.0741,0.9972,0,0,9.2263,1.5771,1]},
{"frame":23,"values":[0.9991,0.0426,-0.0055,0,-0.0421,0.9966,0.0707,0,0.0085,-0.0704,0.9975,0,0,9.2263,1.5771,1]},
{"frame":24,"values":[0.9997,0.0247,-0.0064,0,-0.0241,0.9963,0.0827,0,0.0084,-0.0825,0.9966,0,0,9.2263,1.5771,1]},
{"frame":25,"values":[0.9999,0.0115,-0.0074,0,-0.0108,0.9957,0.0919,0,0.0084,-0.0918,0.9957,0,0,9.2263,1.5771,1]}],"loopBehavior":1,"name":"anim","property":"_matrix"}},
{"name":"Spine1","index":2,"matrix":[0.9998,0.0069,-0.019,0,-0.0052,0.9963,0.0854,0,0.0196,-0.0853,0.9962,0,0,16.254,-0.1656,1],"rest":[1,0,0,0,0,1,0,0,0,0,1,0,0,16.254,-0.1656,1],"parentBoneIndex":1,"length":13.7007
,"animation":{"dataType":3,"framePerSecond":24,"keys":[
{"frame":1,"values":[0.9998,0.0069,-0.019,0,-0.0052,0.9963,0.0854,0,0.0196,-0.0853,0.9962,0,0,16.254,-0.1656,1]},
{"frame":2,"values":[0.9999,0.0067,-0.0146,0,-0.0054,0.9964,0.085,0,0.0151,-0.0849,0.9963,0,0,16.254,-0.1656,1]},
{"frame":3,"values":[0.9999,0.0058,-0.0121,0,-0.0048,0.9964,0.0848,0,0.0126,-0.0847,0.9963,0,0,16.254,-0.1656,1]},
{"frame":4,"values":[0.9999,0.0048,-0.01,0,-0.004,0.9964,0.0845,0,0.0104,-0.0844,0.9964,0,0,16.254,-0.1656,1]},
{"frame":5,"values":[1,0.004,-0.0083,0,-0.0033,0.9964,0.0842,0,0.0086,-0.0842,0.9964,0,0,16.254,-0.1656,1]},
{"frame":6,"values":[1,0.0033,-0.0069,0,-0.0027,0.9965,0.084,0,0.0072,-0.0839,0.9964,0,0,16.254,-0.1656,1]},
{"frame":7,"values":[1,0.0027,-0.0057,0,-0.0022,0.9965,0.0836,0,0.0059,-0.0836,0.9965,0,0,16.254,-0.1656,1]},
{"frame":8,"values":[1,0.0021,-0.0046,0,-0.0017,0.9965,0.0835,0,0.0048,-0.0835,0.9965,0,0,16.254,-0.1656,1]},
{"frame":9,"values":[1,0.0015,-0.0035,0,-0.0012,0.9965,0.0832,0,0.0036,-0.0832,0.9965,0,0,16.254,-0.1656,1]},
{"frame":10,"values":[1,0.0011,-0.0025,0,-0.0008,0.9965,0.083,0,0.0026,-0.083,0.9965,0,0,16.254,-0.1656,1]},
{"frame":11,"values":[1,0.0006,-0.0016,0,-0.0005,0.9966,0.0829,0,0.0017,-0.0829,0.9966,0,0,16.254,-0.1656,1]},
{"frame":12,"values":[1,0.0003,0.0002,0,-0.0003,0.9966,0.0827,0,-0.0001,-0.0827,0.9966,0,0,16.254,-0.1656,1]},
{"frame":13,"values":[1,0.0001,0.001,0,-0.0002,0.9966,0.0826,0,-0.001,-0.0826,0.9966,0,0,16.254,-0.1656,1]},
{"frame":14,"values":[1,0.0001,0.0014,0,-0.0002,0.9966,0.0826,0,-0.0013,-0.0826,0.9966,0,0,16.254,-0.1656,1]},
{"frame":15,"values":[1,0.0001,0.0011,0,-0.0002,0.9966,0.0827,0,-0.001,-0.0827,0.9966,0,0,16.254,-0.1656,1]},
{"frame":16,"values":[1,0.0002,-0.0004,0,-0.0001,0.9966,0.0827,0,0.0004,-0.0827,0.9966,0,0,16.254,-0.1656,1]},
{"frame":17,"values":[1,0.0004,-0.0016,0,-0.0002,0.9966,0.0828,0,0.0016,-0.0828,0.9966,0,0,16.254,-0.1656,1]},
{"frame":18,"values":[1,-0.0006,-0.003,0,0.0009,0.9965,0.0832,0,0.0029,-0.0832,0.9965,0,0,16.254,-0.1656,1]},
{"frame":19,"values":[1,-0.0035,-0.0041,0,0.0039,0.9964,0.0843,0,0.0038,-0.0843,0.9964,0,0,16.254,-0.1656,1]},
{"frame":20,"values":[1,-0.0065,-0.006,0,0.007,0.9962,0.0866,0,0.0054,-0.0866,0.9962,0,0,16.254,-0.1656,1]},
{"frame":21,"values":[0.9999,-0.0088,-0.0096,0,0.0096,0.9959,0.0901,0,0.0087,-0.0902,0.9959,0,0,16.254,-0.1656,1]},
{"frame":22,"values":[0.9999,-0.009,-0.0134,0,0.0102,0.9956,0.0934,0,0.0125,-0.0935,0.9955,0,0,16.254,-0.1656,1]},
{"frame":23,"values":[0.9998,-0.0085,-0.0158,0,0.01,0.9954,0.0954,0,0.0149,-0.0955,0.9953,0,0,16.254,-0.1656,1]},
{"frame":24,"values":[0.9998,0.0011,-0.0178,0,0.0005,0.996,0.0894,0,0.0179,-0.0894,0.9958,0,0,16.254,-0.1656,1]},
{"frame":25,"values":[0.9998,0.0069,-0.019,0,-0.0052,0.9963,0.0854,0,0.0196,-0.0853,0.9962,0,0,16.254,-0.1656,1]}],"loopBehavior":1,"name":"anim","property":"_matrix"}},
{"name":"Spine2","index":3,"matrix":[0.9998,0.0032,-0.0178,0,-0.0006,0.9892,0.1469,0,0.0181,-0.1468,0.989,0,0,13.6396,-1.2923,1],"rest":[1,0,0,0,0,1,0,0,0,0,1,0,0,13.6396,-1.2923,1],"parentBoneIndex":2,"length":13.1719
,"animation":{"dataType":3,"framePerSecond":24,"keys":[
{"frame":1,"values":[0.9998,0.0032,-0.0178,0,-0.0006,0.9892,0.1469,0,0.0181,-0.1468,0.989,0,0,13.6396,-1.2923,1]},
{"frame":2,"values":[0.9993,0.0051,-0.0378,0,0.0005,0.989,0.1477,0,0.0381,-0.1476,0.9883,0,0,13.6396,-1.2923,1]},
{"frame":3,"values":[0.9958,0.0087,-0.0916,0,0.0052,0.9886,0.1502,0,0.0919,-0.15,0.9844,0,0,13.6396,-1.2923,1]},
{"frame":4,"values":[0.9874,0.0131,-0.1577,0,0.0113,0.9881,0.1532,0,0.1578,-0.153,0.9755,0,0,13.6396,-1.2923,1]},
{"frame":5,"values":[0.9766,0.0167,-0.2146,0,0.0172,0.9877,0.1553,0,0.2145,-0.1554,0.9643,0,0,13.6396,-1.2923,1]},
{"frame":6,"values":[0.9661,0.0185,-0.2575,0,0.0227,0.9875,0.1559,0,0.2571,-0.1565,0.9536,0,0,13.6396,-1.2923,1]},
{"frame":7,"values":[0.9546,0.0193,-0.2972,0,0.0285,0.9874,0.1556,0,0.2965,-0.1571,0.942,0,0,13.6396,-1.2923,1]},
{"frame":8,"values":[0.9427,0.0196,-0.3331,0,0.0343,0.9873,0.1551,0,0.3319,-0.1576,0.9301,0,0,13.6396,-1.2923,1]},
{"frame":9,"values":[0.9312,0.0198,-0.3639,0,0.0394,0.9872,0.1545,0,0.3623,-0.1582,0.9185,0,0,13.6396,-1.2923,1]},
{"frame":10,"values":[0.9201,0.0202,-0.3912,0,0.0439,0.9871,0.1542,0,0.3893,-0.159,0.9073,0,0,13.6396,-1.2923,1]},
{"frame":11,"values":[0.9093,0.0203,-0.4157,0,0.0482,0.9869,0.1537,0,0.4134,-0.1598,0.8964,0,0,13.6396,-1.2923,1]},
{"frame":12,"values":[0.9011,0.0203,-0.4332,0,0.0513,0.9869,0.1531,0,0.4306,-0.1602,0.8882,0,0,13.6396,-1.2923,1]},
{"frame":13,"values":[0.8972,0.0203,-0.4412,0,0.0528,0.9868,0.1529,0,0.4385,-0.1605,0.8843,0,0,13.6396,-1.2923,1]},
{"frame":14,"values":[0.8975,0.0202,-0.4404,0,0.0528,0.9868,0.1528,0,0.4377,-0.1604,0.8847,0,0,13.6396,-1.2923,1]},
{"frame":15,"values":[0.9,0.0189,-0.4355,0,0.0528,0.987,0.1519,0,0.4327,-0.1597,0.8873,0,0,13.6396,-1.2923,1]},
{"frame":16,"values":[0.9046,0.0168,-0.426,0,0.0524,0.9873,0.1502,0,0.4231,-0.1582,0.8922,0,0,13.6396,-1.2923,1]},
{"frame":17,"values":[0.9117,0.015,-0.4105,0,0.0507,0.9876,0.1487,0,0.4077,-0.1564,0.8996,0,0,13.6396,-1.2923,1]},
{"frame":18,"values":[0.9219,0.0116,-0.3873,0,0.0494,0.9879,0.1472,0,0.3843,-0.1548,0.9101,0,0,13.6396,-1.2923,1]},
{"frame":19,"values":[0.935,0.0061,-0.3546,0,0.049,0.988,0.1462,0,0.3513,-0.1541,0.9235,0,0,13.6396,-1.2923,1]},
{"frame":20,"values":[0.9542,0,-0.299,0,0.0459,0.9881,0.1465,0,0.2955,-0.1535,0.9429,0,0,13.6396,-1.2923,1]},
{"frame":21,"values":[0.9792,-0.0076,-0.2027,0,0.0382,0.9884,0.1471,0,0.1992,-0.1518,0.9681,0,0,13.6396,-1.2923,1]},
{"frame":22,"values":[0.9946,-0.0128,-0.1027,0,0.0281,0.9884,0.149,0,0.0997,-0.1511,0.9835,0,0,13.6396,-1.2923,1]},
{"frame":23,"values":[0.9991,-0.0143,-0.0403,0,0.0203,0.9881,0.1524,0,0.0376,-0.1531,0.9875,0,0,13.6396,-1.2923,1]},
{"frame":24,"values":[0.9998,-0.0037,-0.022,0,0.0069,0.9888,0.1491,0,0.0212,-0.1493,0.9886,0,0,13.6396,-1.2923,1]},
{"frame":25,"values":[0.9998,0.0032,-0.0178,0,-0.0006,0.9892,0.1469,0,0.0181,-0.1468,0.989,0,0,13.6396,-1.2923,1]}],"loopBehavior":1,"name":"anim","property":"_matrix"}},
{"name":"Neck","index":4,"matrix":[0.9953,0.0011,-0.0972,0,0.0032,0.999,0.044,0,0.0971,-0.0441,0.9943,0,0,13.8774,-4.3542,1],"rest":[1,0,0,0,0,1,0,0,0,0,1,0,0,13.8774,-4.3542,1],"parentBoneIndex":3,"length":4.4379
,"animation":{"dataType":3,"framePerSecond":24,"keys":[
{"frame":1,"values":[0.9953,0.0011,-0.0972,0,0.0032,0.999,0.044,0,0.0971,-0.0441,0.9943,0,0,13.8774,-4.3542,1]},
{"frame":2,"values":[0.9947,0.002,-0.1029,0,0.0028,0.9989,0.0459,0,0.1028,-0.0459,0.9936,0,0,13.8774,-4.3542,1]},
{"frame":3,"values":[0.9934,0.0047,-0.1148,0,0.001,0.9987,0.05,0,0.1149,-0.0498,0.9921,0,0,13.8774,-4.3542,1]},
{"frame":4,"values":[0.9919,0.0079,-0.1269,0,-0.001,0.9985,0.0544,0,0.1272,-0.0538,0.9904,0,0,13.8774,-4.3542,1]},
{"frame":5,"values":[0.9911,0.0099,-0.1329,0,-0.0024,0.9984,0.0569,0,0.1333,-0.0561,0.9895,0,0,13.8774,-4.3542,1]},
{"frame":6,"values":[0.9911,0.0105,-0.1329,0,-0.0029,0.9983,0.0574,0,0.1333,-0.0565,0.9895,0,0,13.8774,-4.3542,1]},
{"frame":7,"values":[0.9911,0.0108,-0.1324,0,-0.0032,0.9983,0.0575,0,0.1328,-0.0566,0.9895,0,0,13.8774,-4.3542,1]},
{"frame":8,"values":[0.9912,0.011,-0.1318,0,-0.0035,0.9983,0.0575,0,0.1322,-0.0565,0.9896,0,0,13.8774,-4.3542,1]},
{"frame":9,"values":[0.9913,0.0111,-0.1309,0,-0.0037,0.9983,0.0573,0,0.1314,-0.0563,0.9897,0,0,13.8774,-4.3542,1]},
{"frame":10,"values":[0.9915,0.0113,-0.1299,0,-0.0039,0.9984,0.0572,0,0.1304,-0.0562,0.9899,0,0,13.8774,-4.3542,1]},
{"frame":11,"values":[0.9916,0.0114,-0.1288,0,-0.0041,0.9984,0.057,0,0.1292,-0.056,0.99,0,0,13.8774,-4.3542,1]},
{"frame":12,"values":[0.9918,0.0115,-0.1274,0,-0.0043,0.9984,0.0567,0,0.1278,-0.0557,0.9902,0,0,13.8774,-4.3542,1]},
{"frame":13,"values":[0.992,0.0115,-0.1254,0,-0.0044,0.9984,0.0565,0,0.1259,-0.0555,0.9905,0,0,13.8774,-4.3542,1]},
{"frame":14,"values":[0.9923,0.0112,-0.123,0,-0.0043,0.9984,0.056,0,0.1235,-0.0551,0.9908,0,0,13.8774,-4.3542,1]},
{"frame":15,"values":[0.9927,0.0105,-0.1203,0,-0.0039,0.9985,0.0552,0,0.1207,-0.0543,0.9912,0,0,13.8774,-4.3542,1]},
{"frame":16,"values":[0.993,0.0095,-0.1174,0,-0.0032,0.9985,0.054,0,0.1178,-0.0533,0.9916,0,0,13.8774,-4.3542,1]},
{"frame":17,"values":[0.9934,0.008,-0.1145,0,-0.0019,0.9986,0.0529,0,0.1148,-0.0524,0.992,0,0,13.8774,-4.3542,1]},
{"frame":18,"values":[0.9937,0.0059,-0.1118,0,0,0.9986,0.0522,0,0.112,-0.0519,0.9924,0,0,13.8774,-4.3542,1]},
{"frame":19,"values":[0.994,0.0046,-0.109,0,0.001,0.9987,0.051,0,0.1091,-0.0508,0.9927,0,0,13.8774,-4.3542,1]},
{"frame":20,"values":[0.9943,0.0035,-0.1064,0,0.0018,0.9988,0.0496,0,0.1064,-0.0495,0.9931,0,0,13.8774,-4.3542,1]},
{"frame":21,"values":[0.9946,0.0025,-0.1037,0,0.0024,0.9989,0.0474,0,0.1037,-0.0474,0.9935,0,0,13.8774,-4.3542,1]},
{"frame":22,"values":[0.9948,0.0011,-0.1015,0,0.0036,0.999,0.0455,0,0.1015,-0.0457,0.9938,0,0,13.8774,-4.3542,1]},
{"frame":23,"values":[0.995,0.0001,-0.0997,0,0.0043,0.999,0.044,0,0.0996,-0.0442,0.994,0,0,13.8774,-4.3542,1]},
{"frame":24,"values":[0.9952,-0.0003,-0.0982,0,0.0047,0.999,0.0447,0,0.0981,-0.045,0.9942,0,0,13.8774,-4.3542,1]},
{"frame":25,"values":[0.9953,0.0011,-0.0972,0,0.0032,0.999,0.044,0,0.0971,-0.0441,0.9943,0,0,13.8774,-4.3542,1]}],"loopBehavior":1,"name":"anim","property":"_matrix"}},
{"name":"Neck1","index":5,"matrix":[1,0,0,0,0,1,0,0,0,0,1,0,0,4.34,0.9269,1],"rest":[1,0,0,0,0,1,0,0,0,0,1,0,0,4.34,0.9269,1],"parentBoneIndex":4,"length":6.2291
,"animation":{"dataType":3,"framePerSecond":24,"keys":[
{"frame":1,"values":[1,0,0,0,0,1,0,0,0,0,1,0,0,4.34,0.9269,1]},
{"frame":25,"values":[1,0,0,0,0,1,0,0,0,0,1,0,0,4.34,0.9269,1]}],"loopBehavior":1,"name":"anim","property":"_matrix"}},
{"name":"Head","index":6,"matrix":[0.7901,-0.1028,-0.6042,0,0.1018,0.9942,-0.0361,0,0.6044,-0.033,0.796,0,0,4.0266,0.8585,1],"rest":[1,0,0,0,0,1,0,0,0,0,1,0,0,4.0266,0.8585,1],"parentBoneIndex":5,"length":14.8424
,"animation":{"dataType":3,"framePerSecond":24,"keys":[
{"frame":1,"values":[0.7901,-0.1028,-0.6042,0,0.1018,0.9942,-0.0361,0,0.6044,-0.033,0.796,0,0,4.0266,0.8585,1]},
{"frame":2,"values":[0.7407,-0.0918,-0.6655,0,0.0955,0.9949,-0.031,0,0.665,-0.0406,0.7457,0,0,4.0266,0.8585,1]},
{"frame":3,"values":[0.6261,-0.0668,-0.7768,0,0.0828,0.9964,-0.0189,0,0.7753,-0.0525,0.6294,0,0,4.0266,0.8585,1]},
{"frame":4,"values":[0.5123,-0.041,-0.8578,0,0.0703,0.9975,-0.0057,0,0.8559,-0.0574,0.5139,0,0,4.0266,0.8585,1]},
{"frame":5,"values":[0.4646,-0.0296,-0.885,0,0.0623,0.9981,-0.0007,0,0.8833,-0.0549,0.4655,0,0,4.0266,0.8585,1]},
{"frame":6,"values":[0.452,-0.0315,-0.8915,0,0.0604,0.9982,-0.0046,0,0.89,-0.0518,0.453,0,0,4.0266,0.8585,1]},
{"frame":7,"values":[0.4456,-0.0349,-0.8945,0,0.0594,0.9982,-0.0093,0,0.8933,-0.049,0.4469,0,0,4.0266,0.8585,1]},
{"frame":8,"values":[0.4443,-0.039,-0.895,0,0.0589,0.9982,-0.0143,0,0.894,-0.0463,0.4458,0,0,4.0266,0.8585,1]},
{"frame":9,"values":[0.4474,-0.0431,-0.8933,0,0.0584,0.9981,-0.0189,0,0.8924,-0.0437,0.449,0,0,4.0266,0.8585,1]},
{"frame":10,"values":[0.454,-0.0468,-0.8898,0,0.0578,0.9981,-0.023,0,0.8891,-0.041,0.4558,0,0,4.0266,0.8585,1]},
{"frame":11,"values":[0.4638,-0.0502,-0.8845,0,0.0573,0.998,-0.0266,0,0.8841,-0.0383,0.4658,0,0,4.0266,0.8585,1]},
{"frame":12,"values":[0.4768,-0.0545,-0.8773,0,0.057,0.9979,-0.031,0,0.8772,-0.0353,0.4789,0,0,4.0266,0.8585,1]},
{"frame":13,"values":[0.4932,-0.0594,-0.8679,0,0.0571,0.9977,-0.0358,0,0.868,-0.0319,0.4955,0,0,4.0266,0.8585,1]},
{"frame":14,"values":[0.5133,-0.0653,-0.8557,0,0.0582,0.9975,-0.0412,0,0.8562,-0.0286,0.5158,0,0,4.0266,0.8585,1]},
{"frame":15,"values":[0.5492,-0.0752,-0.8323,0,0.061,0.9969,-0.0497,0,0.8334,-0.0235,0.5521,0,0,4.0266,0.8585,1]},
{"frame":16,"values":[0.5903,-0.0843,-0.8028,0,0.0651,0.9963,-0.0567,0,0.8046,-0.0188,0.5936,0,0,4.0266,0.8585,1]},
{"frame":17,"values":[0.6263,-0.0921,-0.7742,0,0.0703,0.9956,-0.0616,0,0.7764,-0.0158,0.63,0,0,4.0266,0.8585,1]},
{"frame":18,"values":[0.6653,-0.0961,-0.7404,0,0.0752,0.9953,-0.0616,0,0.7428,-0.0147,0.6693,0,0,4.0266,0.8585,1]},
{"frame":19,"values":[0.7014,-0.0959,-0.7063,0,0.0794,0.9953,-0.0563,0,0.7083,-0.0165,0.7057,0,0,4.0266,0.8585,1]},
{"frame":20,"values":[0.7347,-0.0913,-0.6722,0,0.0826,0.9956,-0.045,0,0.6734,-0.0225,0.739,0,0,4.0266,0.8585,1]},
{"frame":21,"values":[0.7606,-0.0886,-0.6431,0,0.0866,0.9956,-0.0348,0,0.6434,-0.0293,0.765,0,0,4.0266,0.8585,1]},
{"frame":22,"values":[0.7775,-0.0894,-0.6225,0,0.0912,0.9954,-0.0291,0,0.6222,-0.0341,0.7821,0,0,4.0266,0.8585,1]},
{"frame":23,"values":[0.7852,-0.0938,-0.6121,0,0.0956,0.995,-0.0299,0,0.6119,-0.0351,0.7902,0,0,4.0266,0.8585,1]},
{"frame":24,"values":[0.789,-0.0995,-0.6062,0,0.0996,0.9945,-0.0337,0,0.6062,-0.0338,0.7946,0,0,4.0266,0.8585,1]},
{"frame":25,"values":[0.7901,-0.1028,-0.6042,0,0.1018,0.9942,-0.0361,0,0.6044,-0.033,0.796,0,0,4.0266,0.8585,1]}],"loopBehavior":1,"name":"anim","property":"_matrix"}},
{"name":"L_Ear","index":7,"matrix":[1,0,0,0,0,1,0,0,0,0,1,0,6.8586,8.862,3.3161,1],"rest":[1,0,0,0,0,1,0,0,0,0,1,0,6.8586,8.862,3.3161,1],"parentBoneIndex":6,"length":14.8424
,"animation":{"dataType":3,"framePerSecond":24,"keys":[
{"frame":1,"values":[1,0,0,0,0,1,0,0,0,0,1,0,6.8586,8.862,3.3161,1]},
{"frame":25,"values":[1,0,0,0,0,1,0,0,0,0,1,0,6.8586,8.862,3.3161,1]}],"loopBehavior":1,"name":"anim","property":"_matrix"}},
{"name":"Jaw","index":8,"matrix":[1,0,0,0,0,1,0,0,0,0,1,0,0.0038,6.235,4.4131,1],"rest":[1,0,0,0,0,1,0,0,0,0,1,0,0.0038,6.235,4.4131,1],"parentBoneIndex":6,"length":8.9884
,"animation":{"dataType":3,"framePerSecond":24,"keys":[
{"frame":1,"values":[1,0,0,0,0,1,0,0,0,0,1,0,0.0038,6.235,4.4131,1]},
{"frame":25,"values":[1,0,0,0,0,1,0,0,0,0,1,0,0.0038,6.235,4.4131,1]}],"loopBehavior":1,"name":"anim","property":"_matrix"}},
{"name":"TongueBack","index":9,"matrix":[1,0,0,0,0,1,0,0,0,0,1,0,0,-3.3518,4.6468,1],"rest":[1,0,0,0,0,1,0,0,0,0,1,0,0,-3.3518,4.6468,1],"parentBoneIndex":8,"length":1.6664
,"animation":{"dataType":3,"framePerSecond":24,"keys":[
{"frame":1,"values":[1,0,0,0,0,1,0,0,0,0,1,0,0,-3.3518,4.6468,1]},
{"frame":25,"values":[1,0,0,0,0,1,0,0,0,0,1,0,0,-3.3518,4.6468,1]}],"loopBehavior":1,"name":"anim","property":"_matrix"}},
{"name":"TongueMid","index":10,"matrix":[1,0,0,0,0,1,0,0,0,0,1,0,0,0.0424,1.6659,1],"rest":[1,0,0,0,0,1,0,0,0,0,1,0,0,0.0424,1.6659,1],"parentBoneIndex":9,"length":1.3562
,"animation":{"dataType":3,"framePerSecond":24,"keys":[
{"frame":1,"values":[1,0,0,0,0,1,0,0,0,0,1,0,0,0.0424,1.6659,1]},
{"frame":25,"values":[1,0,0,0,0,1,0,0,0,0,1,0,0,0.0424,1.6659,1]}],"loopBehavior":1,"name":"anim","property":"_matrix"}},
{"name":"TongueTip","index":11,"matrix":[1,0,0,0,0,1,0,0,0,0,1,0,0,-0.4344,1.2847,1],"rest":[1,0,0,0,0,1,0,0,0,0,1,0,0,-0.4344,1.2847,1],"parentBoneIndex":10,"length":1.3562
,"animation":{"dataType":3,"framePerSecond":24,"keys":[
{"frame":1,"values":[1,0,0,0,0,1,0,0,0,0,1,0,0,-0.4344,1.2847,1]},
{"frame":25,"values":[1,0,0,0,0,1,0,0,0,0,1,0,0,-0.4344,1.2847,1]}],"loopBehavior":1,"name":"anim","property":"_matrix"}},
{"name":"Chin","index":12,"matrix":[1,0,0,0,0,1,0,0,0,0,1,0,-0.0038,-6.1605,9.1241,1],"rest":[1,0,0,0,0,1,0,0,0,0,1,0,-0.0038,-6.1605,9.1241,1],"parentBoneIndex":8,"length":8.9884
,"animation":{"dataType":3,"framePerSecond":24,"keys":[
{"frame":1,"values":[1,0,0,0,0,1,0,0,0,0,1,0,-0.0038,-6.1605,9.1241,1]},
{"frame":25,"values":[1,0,0,0,0,1,0,0,0,0,1,0,-0.0038,-6.1605,9.1241,1]}],"loopBehavior":1,"name":"anim","property":"_matrix"}},
{"name":"LowerChin","index":13,"matrix":[1,0,0,0,0,1,0,0,0,0,1,0,-0.0038,-8.2784,6.0042,1],"rest":[1,0,0,0,0,1,0,0,0,0,1,0,-0.0038,-8.2784,6.0042,1],"parentBoneIndex":8,"length":8.9884
,"animation":{"dataType":3,"framePerSecond":24,"keys":[
{"frame":1,"values":[1,0,0,0,0,1,0,0,0,0,1,0,-0.0038,-8.2784,6.0042,1]},
{"frame":25,"values":[1,0,0,0,0,1,0,0,0,0,1,0,-0.0038,-8.2784,6.0042,1]}],"loopBehavior":1,"name":"anim","property":"_matrix"}},
{"name":"L_Temple","index":14,"matrix":[1,0,0,0,0,1,0,0,0,0,1,0,6.7164,11.953,7.4033,1],"rest":[1,0,0,0,0,1,0,0,0,0,1,0,6.7164,11.953,7.4033,1],"parentBoneIndex":6,"length":14.8424
,"animation":{"dataType":3,"framePerSecond":24,"keys":[
{"frame":1,"values":[1,0,0,0,0,1,0,0,0,0,1,0,6.7164,11.953,7.4033,1]},
{"frame":25,"values":[1,0,0,0,0,1,0,0,0,0,1,0,6.7164,11.953,7.4033,1]}],"loopBehavior":1,"name":"anim","property":"_matrix"}},
{"name":"L_IOuterBrow","index":15,"matrix":[1,0,0,0,0,1,0,0,0,0,1,0,5.185,11.3348,12.3701,1],"rest":[1,0,0,0,0,1,0,0,0,0,1,0,5.185,11.3348,12.3701,1],"parentBoneIndex":6,"length":14.8424
,"animation":{"dataType":3,"framePerSecond":24,"keys":[
{"frame":1,"values":[1,0,0,0,0,1,0,0,0,0,1,0,5.185,11.3348,12.3701,1]},
{"frame":25,"values":[1,0,0,0,0,1,0,0,0,0,1,0,5.185,11.3348,12.3701,1]}],"loopBehavior":1,"name":"anim","property":"_matrix"}},
{"name":"L_MidBrow","index":16,"matrix":[1,0,0,0,0,1,0,0,0,0,1,0,3.3668,11.4156,13.6166,1],"rest":[1,0,0,0,0,1,0,0,0,0,1,0,3.3668,11.4156,13.6166,1],"parentBoneIndex":6,"length":14.8424
,"animation":{"dataType":3,"framePerSecond":24,"keys":[
{"frame":1,"values":[1,0,0,0,0,1,0,0,0,0,1,0,3.3668,11.4156,13.6166,1]},
{"frame":25,"values":[1,0,0,0,0,1,0,0,0,0,1,0,3.3668,11.4156,13.6166,1]}],"loopBehavior":1,"name":"anim","property":"_matrix"}},
{"name":"L_InnerBrow","index":17,"matrix":[1,0,0,0,0,1,0,0,0,0,1,0,1.6599,10.7576,14.115,1],"rest":[1,0,0,0,0,1,0,0,0,0,1,0,1.6599,10.7576,14.115,1],"parentBoneIndex":6,"length":14.8424
,"animation":{"dataType":3,"framePerSecond":24,"keys":[
{"frame":1,"values":[1,0,0,0,0,1,0,0,0,0,1,0,1.6599,10.7576,14.115,1]},
{"frame":25,"values":[1,0,0,0,0,1,0,0,0,0,1,0,1.6599,10.7576,14.115,1]}],"loopBehavior":1,"name":"anim","property":"_matrix"}},
{"name":"L_Eye","index":18,"matrix":[1,0,0,0,0,1,0,0,0,0,1,0,3.0989,9.6989,11.4382,1],"rest":[1,0,0,0,0,1,0,0,0,0,1,0,3.0989,9.6989,11.4382,1],"parentBoneIndex":6,"length":14.8424
,"animation":{"dataType":3,"framePerSecond":24,"keys":[
{"frame":1,"values":[1,0,0,0,0,1,0,0,0,0,1,0,3.0989,9.6989,11.4382,1]},
{"frame":25,"values":[1,0,0,0,0,1,0,0,0,0,1,0,3.0989,9.6989,11.4382,1]}],"loopBehavior":1,"name":"anim","property":"_matrix"}},
{"name":"L_EyelidLower","index":19,"matrix":[1,0,0,0,0,1,0,0,0,0,1,0,3.0989,9.6989,11.4382,1],"rest":[1,0,0,0,0,1,0,0,0,0,1,0,3.0989,9.6989,11.4382,1],"parentBoneIndex":6,"length":14.8424
,"animation":{"dataType":3,"framePerSecond":24,"keys":[
{"frame":1,"values":[1,0,0,0,0,1,0,0,0,0,1,0,3.0989,9.6989,11.4382,1]},
{"frame":25,"values":[1,0,0,0,0,1,0,0,0,0,1,0,3.0989,9.6989,11.4382,1]}],"loopBehavior":1,"name":"anim","property":"_matrix"}},
{"name":"L_EyelidUpper","index":20,"matrix":[1,0,0,0,0,1,0,0,0,0,1,0,3.0989,9.6989,11.4382,1],"rest":[1,0,0,0,0,1,0,0,0,0,1,0,3.0989,9.6989,11.4382,1],"parentBoneIndex":6,"length":14.8424
,"animation":{"dataType":3,"framePerSecond":24,"keys":[
{"frame":1,"values":[1,0,0,0,0,1,0,0,0,0,1,0,3.0989,9.6989,11.4382,1]},
{"frame":25,"values":[1,0,0,0,0,1,0,0,0,0,1,0,3.0989,9.6989,11.4382,1]}],"loopBehavior":1,"name":"anim","property":"_matrix"}},
{"name":"L_InnerCheek","index":21,"matrix":[1,0,0,0,0,1,0,0,0,0,1,0,2.1484,7.4937,13.4347,1],"rest":[1,0,0,0,0,1,0,0,0,0,1,0,2.1484,7.4937,13.4347,1],"parentBoneIndex":6,"length":14.8424
,"animation":{"dataType":3,"framePerSecond":24,"keys":[
{"frame":1,"values":[1,0,0,0,0,1,0,0,0,0,1,0,2.1484,7.4937,13.4347,1]},
{"frame":25,"values":[1,0,0,0,0,1,0,0,0,0,1,0,2.1484,7.4937,13.4347,1]}],"loopBehavior":1,"name":"anim","property":"_matrix"}},
{"name":"L_LowerCheek","index":22,"matrix":[1,0,0,0,0,1,0,0,0,0,1,0,4.3527,2.5675,9.9423,1],"rest":[1,0,0,0,0,1,0,0,0,0,1,0,4.3527,2.5675,9.9423,1],"parentBoneIndex":6,"length":14.8424
,"animation":{"dataType":3,"framePerSecond":24,"keys":[
{"frame":1,"values":[1,0,0,0,0,1,0,0,0,0,1,0,4.3527,2.5675,9.9423,1]},
{"frame":25,"values":[1,0,0,0,0,1,0,0,0,0,1,0,4.3527,2.5675,9.9423,1]}],"loopBehavior":1,"name":"anim","property":"_matrix"}},
{"name":"L_LipCorner","index":23,"matrix":[1,0,0,0,0,1,0,0,0,0,1,0,2.9076,2.9095,12.5938,1],"rest":[1,0,0,0,0,1,0,0,0,0,1,0,2.9076,2.9095,12.5938,1],"parentBoneIndex":6,"length":0.9548
,"animation":{"dataType":3,"framePerSecond":24,"keys":[
{"frame":1,"values":[1,0,0,0,0,1,0,0,0,0,1,0,2.9076,2.9095,12.5938,1]},
{"frame":25,"values":[1,0,0,0,0,1,0,0,0,0,1,0,2.9076,2.9095,12.5938,1]}],"loopBehavior":1,"name":"anim","property":"_matrix"}},
{"name":"L_LipCornerLowTweak","index":24,"matrix":[1,0,0,0,0,1,0,0,0,0,1,0,-0.8072,-0.3254,0.4547,1],"rest":[1,0,0,0,0,1,0,0,0,0,1,0,-0.8072,-0.3254,0.4547,1],"parentBoneIndex":23,"length":0.9548
,"animation":{"dataType":3,"framePerSecond":24,"keys":[
{"frame":1,"values":[1,0,0,0,0,1,0,0,0,0,1,0,-0.8072,-0.3254,0.4547,1]},
{"frame":25,"values":[1,0,0,0,0,1,0,0,0,0,1,0,-0.8072,-0.3254,0.4547,1]}],"loopBehavior":1,"name":"anim","property":"_matrix"}},
{"name":"L_LipCornerUpTweak","index":25,"matrix":[1,0,0,0,0,1,0,0,0,0,1,0,-0.7251,0.0237,0.5782,1],"rest":[1,0,0,0,0,1,0,0,0,0,1,0,-0.7251,0.0237,0.5782,1],"parentBoneIndex":23,"length":0.9548
,"animation":{"dataType":3,"framePerSecond":24,"keys":[
{"frame":1,"values":[1,0,0,0,0,1,0,0,0,0,1,0,-0.7251,0.0237,0.5782,1]},
{"frame":25,"values":[1,0,0,0,0,1,0,0,0,0,1,0,-0.7251,0.0237,0.5782,1]}],"loopBehavior":1,"name":"anim","property":"_matrix"}},
{"name":"L_LipLower","index":26,"matrix":[1,0,0,0,0,1,0,0,0,0,1,0,1.2586,2.3762,13.5915,1],"rest":[1,0,0,0,0,1,0,0,0,0,1,0,1.2586,2.3762,13.5915,1],"parentBoneIndex":6,"length":14.8424
,"animation":{"dataType":3,"framePerSecond":24,"keys":[
{"frame":1,"values":[1,0,0,0,0,1,0,0,0,0,1,0,1.2586,2.3762,13.5915,1]},
{"frame":25,"values":[1,0,0,0,0,1,0,0,0,0,1,0,1.2586,2.3762,13.5915,1]}],"loopBehavior":1,"name":"anim","property":"_matrix"}},
{"name":"L_LipUpper","index":27,"matrix":[1,0,0,0,0,1,0,0,0,0,1,0,1.2981,3.1535,13.8987,1],"rest":[1,0,0,0,0,1,0,0,0,0,1,0,1.2981,3.1535,13.8987,1],"parentBoneIndex":6,"length":14.8424
,"animation":{"dataType":3,"framePerSecond":24,"keys":[
{"frame":1,"values":[1,0,0,0,0,1,0,0,0,0,1,0,1.2981,3.1535,13.8987,1]},
{"frame":25,"values":[1,0,0,0,0,1,0,0,0,0,1,0,1.2981,3.1535,13.8987,1]}],"loopBehavior":1,"name":"anim","property":"_matrix"}},
{"name":"LipMidLower","index":28,"matrix":[1,0,0,0,0,1,0,0,0,0,1,0,0,2.4182,14.0113,1],"rest":[1,0,0,0,0,1,0,0,0,0,1,0,0,2.4182,14.0113,1],"parentBoneIndex":6,"length":14.8424
,"animation":{"dataType":3,"framePerSecond":24,"keys":[
{"frame":1,"values":[1,0,0,0,0,1,0,0,0,0,1,0,0,2.4182,14.0113,1]},
{"frame":25,"values":[1,0,0,0,0,1,0,0,0,0,1,0,0,2.4182,14.0113,1]}],"loopBehavior":1,"name":"anim","property":"_matrix"}},
{"name":"LipMidUpper","index":29,"matrix":[1,0,0,0,0,1,0,0,0,0,1,0,0,3.2177,14.3127,1],"rest":[1,0,0,0,0,1,0,0,0,0,1,0,0,3.2177,14.3127,1],"parentBoneIndex":6,"length":14.8424
,"animation":{"dataType":3,"framePerSecond":24,"keys":[
{"frame":1,"values":[1,0,0,0,0,1,0,0,0,0,1,0,0,3.2177,14.3127,1]},
{"frame":25,"values":[1,0,0,0,0,1,0,0,0,0,1,0,0,3.2177,14.3127,1]}],"loopBehavior":1,"name":"anim","property":"_matrix"}},
{"name":"L_CheekFold","index":30,"matrix":[1,0,0,0,0,1,0,0,0,0,1,0,2.8997,4.8397,12.9905,1],"rest":[1,0,0,0,0,1,0,0,0,0,1,0,2.8997,4.8397,12.9905,1],"parentBoneIndex":6,"length":14.8424
,"animation":{"dataType":3,"framePerSecond":24,"keys":[
{"frame":1,"values":[1,0,0,0,0,1,0,0,0,0,1,0,2.8997,4.8397,12.9905,1]},
{"frame":25,"values":[1,0,0,0,0,1,0,0,0,0,1,0,2.8997,4.8397,12.9905,1]}],"loopBehavior":1,"name":"anim","property":"_matrix"}},
{"name":"L_Nostril","index":31,"matrix":[1,0,0,0,0,1,0,0,0,0,1,0,1.2793,5.2449,14.0405,1],"rest":[1,0,0,0,0,1,0,0,0,0,1,0,1.2793,5.2449,14.0405,1],"parentBoneIndex":6,"length":14.8424
,"animation":{"dataType":3,"framePerSecond":24,"keys":[
{"frame":1,"values":[1,0,0,0,0,1,0,0,0,0,1,0,1.2793,5.2449,14.0405,1]},
{"frame":25,"values":[1,0,0,0,0,1,0,0,0,0,1,0,1.2793,5.2449,14.0405,1]}],"loopBehavior":1,"name":"anim","property":"_matrix"}},
{"name":"Scalp","index":32,"matrix":[1,0,0,0,0,1,0,0,0,0,1,0,0.0038,15.512,8.5871,1],"rest":[1,0,0,0,0,1,0,0,0,0,1,0,0.0038,15.512,8.5871,1],"parentBoneIndex":6,"length":14.8424
,"animation":{"dataType":3,"framePerSecond":24,"keys":[
{"frame":1,"values":[1,0,0,0,0,1,0,0,0,0,1,0,0.0038,15.512,8.5871,1]},
{"frame":25,"values":[1,0,0,0,0,1,0,0,0,0,1,0,0.0038,15.512,8.5871,1]}],"loopBehavior":1,"name":"anim","property":"_matrix"}},
{"name":"L_OuterCheek","index":33,"matrix":[1,0,0,0,0,1,0,0,0,0,1,0,4.805,7.1686,11.679,1],"rest":[1,0,0,0,0,1,0,0,0,0,1,0,4.805,7.1686,11.679,1],"parentBoneIndex":6,"length":14.8424
,"animation":{"dataType":3,"framePerSecond":24,"keys":[
{"frame":1,"values":[1,0,0,0,0,1,0,0,0,0,1,0,4.805,7.1686,11.679,1]},
{"frame":25,"values":[1,0,0,0,0,1,0,0,0,0,1,0,4.805,7.1686,11.679,1]}],"loopBehavior":1,"name":"anim","property":"_matrix"}},
{"name":"R_LipLower","index":34,"matrix":[1,0,0,0,0,1,0,0,0,0,1,0,-1.2586,2.3762,13.5915,1],"rest":[1,0,0,0,0,1,0,0,0,0,1,0,-1.2586,2.3762,13.5915,1],"parentBoneIndex":6,"length":14.8424
,"animation":{"dataType":3,"framePerSecond":24,"keys":[
{"frame":1,"values":[1,0,0,0,0,1,0,0,0,0,1,0,-1.2586,2.3762,13.5915,1]},
{"frame":25,"values":[1,0,0,0,0,1,0,0,0,0,1,0,-1.2586,2.3762,13.5915,1]}],"loopBehavior":1,"name":"anim","property":"_matrix"}},
{"name":"RightNostril","index":35,"matrix":[1,0,0,0,0,1,0,0,0,0,1,0,-1.2793,5.2449,14.0405,1],"rest":[1,0,0,0,0,1,0,0,0,0,1,0,-1.2793,5.2449,14.0405,1],"parentBoneIndex":6,"length":14.8424
,"animation":{"dataType":3,"framePerSecond":24,"keys":[
{"frame":1,"values":[1,0,0,0,0,1,0,0,0,0,1,0,-1.2793,5.2449,14.0405,1]},
{"frame":25,"values":[1,0,0,0,0,1,0,0,0,0,1,0,-1.2793,5.2449,14.0405,1]}],"loopBehavior":1,"name":"anim","property":"_matrix"}},
{"name":"R_CheekFold","index":36,"matrix":[1,0,0,0,0,1,0,0,0,0,1,0,-2.8997,4.8397,12.9905,1],"rest":[1,0,0,0,0,1,0,0,0,0,1,0,-2.8997,4.8397,12.9905,1],"parentBoneIndex":6,"length":14.8424
,"animation":{"dataType":3,"framePerSecond":24,"keys":[
{"frame":1,"values":[1,0,0,0,0,1,0,0,0,0,1,0,-2.8997,4.8397,12.9905,1]},
{"frame":25,"values":[1,0,0,0,0,1,0,0,0,0,1,0,-2.8997,4.8397,12.9905,1]}],"loopBehavior":1,"name":"anim","property":"_matrix"}},
{"name":"R_LowerCheek","index":37,"matrix":[1,0,0,0,0,1,0,0,0,0,1,0,-4.3527,2.5675,9.9423,1],"rest":[1,0,0,0,0,1,0,0,0,0,1,0,-4.3527,2.5675,9.9423,1],"parentBoneIndex":6,"length":14.8424
,"animation":{"dataType":3,"framePerSecond":24,"keys":[
{"frame":1,"values":[1,0,0,0,0,1,0,0,0,0,1,0,-4.3527,2.5675,9.9423,1]},
{"frame":25,"values":[1,0,0,0,0,1,0,0,0,0,1,0,-4.3527,2.5675,9.9423,1]}],"loopBehavior":1,"name":"anim","property":"_matrix"}},
{"name":"R_gLipCorner","index":38,"matrix":[1,0,0,0,0,1,0,0,0,0,1,0,-2.9076,2.9095,12.5938,1],"rest":[1,0,0,0,0,1,0,0,0,0,1,0,-2.9076,2.9095,12.5938,1],"parentBoneIndex":6,"length":0.9548
,"animation":{"dataType":3,"framePerSecond":24,"keys":[
{"frame":1,"values":[1,0,0,0,0,1,0,0,0,0,1,0,-2.9076,2.9095,12.5938,1]},
{"frame":25,"values":[1,0,0,0,0,1,0,0,0,0,1,0,-2.9076,2.9095,12.5938,1]}],"loopBehavior":1,"name":"anim","property":"_matrix"}},
{"name":"R_gLipCornerLowTweak","index":39,"matrix":[1,0,0,0,0,1,0,0,0,0,1,0,0.8072,-0.3254,0.4547,1],"rest":[1,0,0,0,0,1,0,0,0,0,1,0,0.8072,-0.3254,0.4547,1],"parentBoneIndex":38,"length":0.9548
,"animation":{"dataType":3,"framePerSecond":24,"keys":[
{"frame":1,"values":[1,0,0,0,0,1,0,0,0,0,1,0,0.8072,-0.3254,0.4547,1]},
{"frame":25,"values":[1,0,0,0,0,1,0,0,0,0,1,0,0.8072,-0.3254,0.4547,1]}],"loopBehavior":1,"name":"anim","property":"_matrix"}},
{"name":"R_gLipCornerUpTweak","index":40,"matrix":[1,0,0,0,0,1,0,0,0,0,1,0,0.7251,0.0237,0.5782,1],"rest":[1,0,0,0,0,1,0,0,0,0,1,0,0.7251,0.0237,0.5782,1],"parentBoneIndex":38,"length":0.9548
,"animation":{"dataType":3,"framePerSecond":24,"keys":[
{"frame":1,"values":[1,0,0,0,0,1,0,0,0,0,1,0,0.7251,0.0237,0.5782,1]},
{"frame":25,"values":[1,0,0,0,0,1,0,0,0,0,1,0,0.7251,0.0237,0.5782,1]}],"loopBehavior":1,"name":"anim","property":"_matrix"}},
{"name":"R_LipUpper","index":41,"matrix":[1,0,0,0,0,1,0,0,0,0,1,0,-1.2981,3.1535,13.8987,1],"rest":[1,0,0,0,0,1,0,0,0,0,1,0,-1.2981,3.1535,13.8987,1],"parentBoneIndex":6,"length":14.8424
,"animation":{"dataType":3,"framePerSecond":24,"keys":[
{"frame":1,"values":[1,0,0,0,0,1,0,0,0,0,1,0,-1.2981,3.1535,13.8987,1]},
{"frame":25,"values":[1,0,0,0,0,1,0,0,0,0,1,0,-1.2981,3.1535,13.8987,1]}],"loopBehavior":1,"name":"anim","property":"_matrix"}},
{"name":"R_OuterCheek","index":42,"matrix":[1,0,0,0,0,1,0,0,0,0,1,0,-4.805,7.1686,11.679,1],"rest":[1,0,0,0,0,1,0,0,0,0,1,0,-4.805,7.1686,11.679,1],"parentBoneIndex":6,"length":14.8424
,"animation":{"dataType":3,"framePerSecond":24,"keys":[
{"frame":1,"values":[1,0,0,0,0,1,0,0,0,0,1,0,-4.805,7.1686,11.679,1]},
{"frame":25,"values":[1,0,0,0,0,1,0,0,0,0,1,0,-4.805,7.1686,11.679,1]}],"loopBehavior":1,"name":"anim","property":"_matrix"}},
{"name":"MidBrows","index":43,"matrix":[1,0,0,0,0,1,0,0,0,0,1,0,0,10.8004,14.2738,1],"rest":[1,0,0,0,0,1,0,0,0,0,1,0,0,10.8004,14.2738,1],"parentBoneIndex":6,"length":14.8424
,"animation":{"dataType":3,"framePerSecond":24,"keys":[
{"frame":1,"values":[1,0,0,0,0,1,0,0,0,0,1,0,0,10.8004,14.2738,1]},
{"frame":25,"values":[1,0,0,0,0,1,0,0,0,0,1,0,0,10.8004,14.2738,1]}],"loopBehavior":1,"name":"anim","property":"_matrix"}},
{"name":"R_InnerBrow","index":44,"matrix":[1,0,0,0,0,1,0,0,0,0,1,0,-1.6599,10.7576,14.115,1],"rest":[1,0,0,0,0,1,0,0,0,0,1,0,-1.6599,10.7576,14.115,1],"parentBoneIndex":6,"length":14.8424
,"animation":{"dataType":3,"framePerSecond":24,"keys":[
{"frame":1,"values":[1,0,0,0,0,1,0,0,0,0,1,0,-1.6599,10.7576,14.115,1]},
{"frame":25,"values":[1,0,0,0,0,1,0,0,0,0,1,0,-1.6599,10.7576,14.115,1]}],"loopBehavior":1,"name":"anim","property":"_matrix"}},
{"name":"R_MidBrow","index":45,"matrix":[1,0,0,0,0,1,0,0,0,0,1,0,-3.3668,11.4156,13.6166,1],"rest":[1,0,0,0,0,1,0,0,0,0,1,0,-3.3668,11.4156,13.6166,1],"parentBoneIndex":6,"length":14.8424
,"animation":{"dataType":3,"framePerSecond":24,"keys":[
{"frame":1,"values":[1,0,0,0,0,1,0,0,0,0,1,0,-3.3668,11.4156,13.6166,1]},
{"frame":25,"values":[1,0,0,0,0,1,0,0,0,0,1,0,-3.3668,11.4156,13.6166,1]}],"loopBehavior":1,"name":"anim","property":"_matrix"}},
{"name":"R_IOuterBrow","index":46,"matrix":[1,0,0,0,0,1,0,0,0,0,1,0,-5.185,11.3348,12.3701,1],"rest":[1,0,0,0,0,1,0,0,0,0,1,0,-5.185,11.3348,12.3701,1],"parentBoneIndex":6,"length":14.8424
,"animation":{"dataType":3,"framePerSecond":24,"keys":[
{"frame":1,"values":[1,0,0,0,0,1,0,0,0,0,1,0,-5.185,11.3348,12.3701,1]},
{"frame":25,"values":[1,0,0,0,0,1,0,0,0,0,1,0,-5.185,11.3348,12.3701,1]}],"loopBehavior":1,"name":"anim","property":"_matrix"}},
{"name":"R_Eye","index":47,"matrix":[1,0,0,0,0,1,0,0,0,0,1,0,-3.0989,9.6989,11.4382,1],"rest":[1,0,0,0,0,1,0,0,0,0,1,0,-3.0989,9.6989,11.4382,1],"parentBoneIndex":6,"length":14.8424
,"animation":{"dataType":3,"framePerSecond":24,"keys":[
{"frame":1,"values":[1,0,0,0,0,1,0,0,0,0,1,0,-3.0989,9.6989,11.4382,1]},
{"frame":25,"values":[1,0,0,0,0,1,0,0,0,0,1,0,-3.0989,9.6989,11.4382,1]}],"loopBehavior":1,"name":"anim","property":"_matrix"}},
{"name":"R_EyelidLower","index":48,"matrix":[1,0,0,0,0,1,0,0,0,0,1,0,-3.0989,9.6989,11.4382,1],"rest":[1,0,0,0,0,1,0,0,0,0,1,0,-3.0989,9.6989,11.4382,1],"parentBoneIndex":6,"length":14.8424
,"animation":{"dataType":3,"framePerSecond":24,"keys":[
{"frame":1,"values":[1,0,0,0,0,1,0,0,0,0,1,0,-3.0989,9.6989,11.4382,1]},
{"frame":25,"values":[1,0,0,0,0,1,0,0,0,0,1,0,-3.0989,9.6989,11.4382,1]}],"loopBehavior":1,"name":"anim","property":"_matrix"}},
{"name":"R_EyelidUpper","index":49,"matrix":[1,0,0,0,0,1,0,0,0,0,1,0,-3.0989,9.6989,11.4382,1],"rest":[1,0,0,0,0,1,0,0,0,0,1,0,-3.0989,9.6989,11.4382,1],"parentBoneIndex":6,"length":14.8424
,"animation":{"dataType":3,"framePerSecond":24,"keys":[
{"frame":1,"values":[1,0,0,0,0,1,0,0,0,0,1,0,-3.0989,9.6989,11.4382,1]},
{"frame":25,"values":[1,0,0,0,0,1,0,0,0,0,1,0,-3.0989,9.6989,11.4382,1]}],"loopBehavior":1,"name":"anim","property":"_matrix"}},
{"name":"R_Temple","index":50,"matrix":[1,0,0,0,0,1,0,0,0,0,1,0,-6.7164,11.953,7.4033,1],"rest":[1,0,0,0,0,1,0,0,0,0,1,0,-6.7164,11.953,7.4033,1],"parentBoneIndex":6,"length":14.8424
,"animation":{"dataType":3,"framePerSecond":24,"keys":[
{"frame":1,"values":[1,0,0,0,0,1,0,0,0,0,1,0,-6.7164,11.953,7.4033,1]},
{"frame":25,"values":[1,0,0,0,0,1,0,0,0,0,1,0,-6.7164,11.953,7.4033,1]}],"loopBehavior":1,"name":"anim","property":"_matrix"}},
{"name":"R_Ear","index":51,"matrix":[1,0,0,0,0,1,0,0,0,0,1,0,-6.8586,8.862,3.3161,1],"rest":[1,0,0,0,0,1,0,0,0,0,1,0,-6.8586,8.862,3.3161,1],"parentBoneIndex":6,"length":14.8424
,"animation":{"dataType":3,"framePerSecond":24,"keys":[
{"frame":1,"values":[1,0,0,0,0,1,0,0,0,0,1,0,-6.8586,8.862,3.3161,1]},
