{"producer":{"name":"Blender","version":"2.90.0","exporter_version":"2.80.1","file":"wait_riffle.babylon"},
"autoClear":true,"clearColor":[0.0509,0.0509,0.0509],"gravity":[0,-9.81,0],
"materials":[{"name":"Material","id":"Material","customType":"BABYLON.PBRMaterial","backFaceCulling":true,"checkReadyOnlyOnce":false,"maxSimultaneousLights":4,"environmentIntensity":1,"albedo":[0.8,0.8,0.8],"reflectivity":[0.5,0.5,0.5],"roughness":0.4,"alpha":1,"transparencyMode":0,"alphaCutOff":0.4,"metallic":0}],
"multiMaterials":[],
"skeletons":[{"name":"Armature","id":0,"dimensionsAtRest":[188.1767,188.0947,21.7491],"bones":[
{"name":"Hips","index":0,"matrix":[0.5754,0.0322,-0.8173,0,0.0706,0.9935,0.0888,0,-0.8148,0.1088,-0.5694,0,-0.0467,90.4406,0.0193,1],"rest":[1,0,0,0,0,1,0,0,0,0,-1,0,0,96.3764,0,1],"parentBoneIndex":-1,"length":9.9032
,"animation":{"dataType":3,"framePerSecond":24,"keys":[
{"frame":1,"values":[0.5754,0.0322,-0.8173,0,0.0706,0.9935,0.0888,0,-0.8148,0.1088,-0.5694,0,-0.0467,90.4406,0.0193,1]},
{"frame":2,"values":[0.5754,0.0322,-0.8172,0,0.0712,0.9935,0.0893,0,-0.8147,0.1096,-0.5694,0,-0.0457,90.4285,0.0202,1]},
{"frame":3,"values":[0.5755,0.0322,-0.8172,0,0.072,0.9934,0.0898,0,-0.8147,0.1105,-0.5693,0,-0.0428,90.4122,0.0226,1]},
{"frame":4,"values":[0.5755,0.0322,-0.8172,0,0.0727,0.9932,0.0904,0,-0.8146,0.1114,-0.5692,0,-0.0377,90.3946,0.0265,1]},
{"frame":5,"values":[0.5754,0.0322,-0.8172,0,0.0736,0.9931,0.0909,0,-0.8145,0.1125,-0.5691,0,-0.0307,90.376,0.0319,1]},
{"frame":6,"values":[0.5754,0.0322,-0.8172,0,0.0745,0.993,0.0916,0,-0.8145,0.1135,-0.569,0,-0.022,90.356,0.0387,1]},
{"frame":7,"values":[0.5754,0.0322,-0.8172,0,0.0754,0.9929,0.0922,0,-0.8144,0.1147,-0.5689,0,-0.0118,90.3353,0.0469,1]},
{"frame":8,"values":[0.5754,0.0322,-0.8172,0,0.0764,0.9927,0.0929,0,-0.8143,0.1159,-0.5688,0,-0.0001,90.3125,0.0561,1]},
{"frame":9,"values":[0.5754,0.0322,-0.8172,0,0.0774,0.9926,0.0936,0,-0.8142,0.1171,-0.5686,0,0.0129,90.2898,0.0663,1]},
{"frame":10,"values":[0.5754,0.0322,-0.8172,0,0.0784,0.9925,0.0943,0,-0.8141,0.1183,-0.5685,0,0.0271,90.2659,0.0775,1]},
{"frame":11,"values":[0.5754,0.0322,-0.8172,0,0.0794,0.9923,0.095,0,-0.814,0.1196,-0.5684,0,0.0423,90.2411,0.0894,1]},
{"frame":12,"values":[0.5754,0.0322,-0.8172,0,0.0805,0.9921,0.0958,0,-0.8139,0.1209,-0.5683,0,0.0583,90.2156,0.1021,1]},
{"frame":13,"values":[0.5754,0.0322,-0.8172,0,0.0816,0.992,0.0965,0,-0.8138,0.1222,-0.5681,0,0.0753,90.19,0.1155,1]},
{"frame":14,"values":[0.5754,0.0322,-0.8172,0,0.0827,0.9918,0.0973,0,-0.8137,0.1235,-0.568,0,0.0929,90.1639,0.1295,1]},
{"frame":15,"values":[0.5754,0.0322,-0.8172,0,0.0837,0.9917,0.098,0,-0.8136,0.1248,-0.5679,0,0.1107,90.1376,0.1435,1]},
{"frame":16,"values":[0.5754,0.0322,-0.8172,0,0.0848,0.9915,0.0988,0,-0.8135,0.1261,-0.5678,0,0.1287,90.1115,0.1578,1]},
{"frame":17,"values":[0.5754,0.0322,-0.8172,0,0.086,0.9913,0.0996,0,-0.8133,0.1276,-0.5676,0,0.1493,90.0821,0.174,1]},
{"frame":18,"values":[0.5754,0.0322,-0.8172,0,0.0873,0.9911,0.1005,0,-0.8132,0.1292,-0.5675,0,0.1736,90.0483,0.1932,1]},
{"frame":19,"values":[0.5754,0.0322,-0.8172,0,0.0887,0.9909,0.1015,0,-0.813,0.1309,-0.5673,0,0.1992,90.0124,0.2135,1]},
{"frame":20,"values":[0.5754,0.0322,-0.8172,0,0.0901,0.9907,0.1024,0,-0.8129,0.1326,-0.5672,0,0.2239,89.9786,0.233,1]},
{"frame":21,"values":[0.5754,0.0322,-0.8172,0,0.0913,0.9904,0.1033,0,-0.8127,0.1341,-0.567,0,0.2476,89.9457,0.2518,1]},
{"frame":22,"values":[0.5755,0.0322,-0.8172,0,0.0925,0.9903,0.1041,0,-0.8126,0.1355,-0.5669,0,0.2702,89.9154,0.2697,1]},
{"frame":23,"values":[0.5755,0.0322,-0.8172,0,0.0936,0.9901,0.1049,0,-0.8124,0.1368,-0.5668,0,0.2913,89.8867,0.2864,1]},
{"frame":24,"values":[0.5755,0.0322,-0.8172,0,0.0946,0.9899,0.1056,0,-0.8123,0.138,-0.5667,0,0.3105,89.8608,0.3017,1]},
{"frame":25,"values":[0.5755,0.0322,-0.8172,0,0.0954,0.9898,0.1061,0,-0.8122,0.139,-0.5666,0,0.3275,89.8381,0.3151,1]},
{"frame":26,"values":[0.5755,0.0322,-0.8171,0,0.0961,0.9896,0.1066,0,-0.8121,0.1399,-0.5665,0,0.342,89.8187,0.3266,1]},
{"frame":27,"values":[0.5756,0.0322,-0.8171,0,0.0967,0.9895,0.107,0,-0.812,0.1406,-0.5664,0,0.3536,89.8036,0.3357,1]},
{"frame":28,"values":[0.5756,0.0322,-0.8171,0,0.0971,0.9895,0.1073,0,-0.812,0.1411,-0.5664,0,0.3619,89.7924,0.3423,1]},
{"frame":29,"values":[0.5756,0.0321,-0.8171,0,0.0973,0.9894,0.1075,0,-0.8119,0.1414,-0.5664,0,0.3666,89.7864,0.3461,1]},
{"frame":30,"values":[0.5756,0.0321,-0.8171,0,0.0973,0.9894,0.1075,0,-0.8119,0.1414,-0.5664,0,0.3675,89.7858,0.3468,1]},
{"frame":31,"values":[0.5756,0.0322,-0.8171,0,0.0971,0.9895,0.1074,0,-0.812,0.1412,-0.5664,0,0.3644,89.7907,0.3444,1]},
{"frame":32,"values":[0.5756,0.0322,-0.8171,0,0.0967,0.9895,0.1071,0,-0.812,0.1407,-0.5664,0,0.3576,89.8026,0.339,1]},
{"frame":33,"values":[0.5755,0.0322,-0.8171,0,0.0961,0.9897,0.1066,0,-0.8121,0.1398,-0.5665,0,0.3475,89.8204,0.3309,1]},
{"frame":34,"values":[0.5755,0.0322,-0.8172,0,0.0952,0.9898,0.106,0,-0.8122,0.1388,-0.5666,0,0.3341,89.8436,0.3203,1]},
{"frame":35,"values":[0.5755,0.0322,-0.8172,0,0.0942,0.99,0.1053,0,-0.8123,0.1376,-0.5667,0,0.3182,89.8706,0.3077,1]},
{"frame":36,"values":[0.5755,0.0322,-0.8172,0,0.093,0.9902,0.1045,0,-0.8125,0.1361,-0.5669,0,0.3003,89.9016,0.2935,1]},
{"frame":37,"values":[0.5755,0.0322,-0.8172,0,0.0917,0.9904,0.1035,0,-0.8126,0.1345,-0.567,0,0.2791,89.9375,0.2769,1]},
{"frame":38,"values":[0.5755,0.0322,-0.8172,0,0.09,0.9907,0.1024,0,-0.8128,0.1324,-0.5673,0,0.2533,89.9806,0.2566,1]},
{"frame":39,"values":[0.5755,0.0322,-0.8172,0,0.0881,0.991,0.1011,0,-0.813,0.1301,-0.5675,0,0.224,90.0293,0.2334,1]},
{"frame":40,"values":[0.5755,0.0322,-0.8172,0,0.0861,0.9913,0.0997,0,-0.8132,0.1277,-0.5677,0,0.1933,90.0788,0.2091,1]},
{"frame":41,"values":[0.5755,0.0322,-0.8172,0,0.0841,0.9916,0.0983,0,-0.8135,0.1253,-0.568,0,0.1622,90.1287,0.1846,1]},
{"frame":42,"values":[0.5755,0.0322,-0.8172,0,0.0821,0.9919,0.0969,0,-0.8137,0.1228,-0.5682,0,0.1311,90.1779,0.1601,1]},
{"frame":43,"values":[0.5755,0.0322,-0.8172,0,0.0801,0.9922,0.0955,0,-0.8139,0.1204,-0.5685,0,0.1005,90.2254,0.1359,1]},
{"frame":44,"values":[0.5755,0.0322,-0.8172,0,0.0782,0.9925,0.0942,0,-0.814,0.1181,-0.5687,0,0.0711,90.2701,0.1126,1]},
{"frame":45,"values":[0.5755,0.0322,-0.8172,0,0.0764,0.9927,0.0929,0,-0.8142,0.1159,-0.5689,0,0.0436,90.3109,0.0909,1]},
{"frame":46,"values":[0.5755,0.0322,-0.8171,0,0.0748,0.993,0.0918,0,-0.8144,0.114,-0.5691,0,0.0186,90.3483,0.0712,1]},
{"frame":47,"values":[0.5755,0.0322,-0.8172,0,0.0734,0.9932,0.0908,0,-0.8145,0.1122,-0.5692,0,-0.0033,90.3801,0.0539,1]},
{"frame":48,"values":[0.5754,0.0322,-0.8172,0,0.0722,0.9933,0.09,0,-0.8146,0.1108,-0.5693,0,-0.0214,90.4069,0.0394,1]},
{"frame":49,"values":[0.5754,0.0322,-0.8173,0,0.0713,0.9934,0.0893,0,-0.8148,0.1097,-0.5693,0,-0.0351,90.4263,0.0284,1]},
{"frame":50,"values":[0.5753,0.0322,-0.8173,0,0.0708,0.9935,0.089,0,-0.8148,0.1091,-0.5693,0,-0.0435,90.4385,0.0218,1]},
{"frame":51,"values":[0.5754,0.0322,-0.8173,0,0.0706,0.9935,0.0888,0,-0.8148,0.1088,-0.5694,0,-0.0467,90.4406,0.0193,1]}],"loopBehavior":1,"name":"anim","property":"_matrix"}},
{"name":"Spine","index":1,"matrix":[0.9999,0.0115,-0.0074,0,-0.0108,0.9957,0.0919,0,0.0084,-0.0918,0.9957,0,0,9.2263,1.5771,1],"rest":[1,0,0,0,0,1,0,0,0,0,1,0,0,9.2263,1.5771,1],"parentBoneIndex":0,"length":16.2548
,"animation":{"dataType":3,"framePerSecond":24,"keys":[
{"frame":1,"values":[0.9999,0.0115,-0.0074,0,-0.0108,0.9957,0.0919,0,0.0084,-0.0918,0.9957,0,0,9.2263,1.5771,1]},
{"frame":2,"values":[0.9999,0.0116,-0.0073,0,-0.0109,0.9957,0.0922,0,0.0083,-0.0921,0.9957,0,0,9.2263,1.5771,1]},
{"frame":3,"values":[0.9999,0.0116,-0.0072,0,-0.0109,0.9956,0.0926,0,0.0083,-0.0925,0.9957,0,0,9.2263,1.5771,1]},
{"frame":4,"values":[0.9999,0.0117,-0.0072,0,-0.011,0.9956,0.0932,0,0.0082,-0.0931,0.9956,0,0,9.2263,1.5771,1]},
{"frame":5,"values":[0.9999,0.0117,-0.0071,0,-0.011,0.9955,0.0939,0,0.0081,-0.0938,0.9956,0,0,9.2263,1.5771,1]},
{"frame":6,"values":[0.9999,0.0118,-0.007,0,-0.0111,0.9954,0.0948,0,0.0081,-0.0947,0.9955,0,0,9.2263,1.5771,1]},
{"frame":7,"values":[0.9999,0.0118,-0.0069,0,-0.0111,0.9953,0.0957,0,0.008,-0.0957,0.9954,0,0,9.2263,1.5771,1]},
{"frame":8,"values":[0.9999,0.0119,-0.0069,0,-0.0112,0.9952,0.0968,0,0.008,-0.0967,0.9953,0,0,9.2263,1.5771,1]},
{"frame":9,"values":[0.9999,0.012,-0.0069,0,-0.0112,0.9951,0.098,0,0.0081,-0.0979,0.9952,0,0,9.2263,1.5771,1]},
{"frame":10,"values":[0.9999,0.012,-0.007,0,-0.0113,0.995,0.0993,0,0.0082,-0.0992,0.995,0,0,9.2263,1.5771,1]},
{"frame":11,"values":[0.9999,0.012,-0.0072,0,-0.0112,0.9949,0.1006,0,0.0083,-0.1005,0.9949,0,0,9.2263,1.5771,1]},
{"frame":12,"values":[0.9999,0.0119,-0.0073,0,-0.0111,0.9947,0.102,0,0.0085,-0.1019,0.9948,0,0,9.2263,1.5771,1]},
{"frame":13,"values":[0.9999,0.0117,-0.0075,0,-0.0109,0.9946,0.1034,0,0.0087,-0.1033,0.9946,0,0,9.2263,1.5771,1]},
{"frame":14,"values":[0.9999,0.0116,-0.0077,0,-0.0107,0.9944,0.105,0,0.0089,-0.1049,0.9944,0,0,9.2263,1.5771,1]},
{"frame":15,"values":[0.9999,0.0114,-0.0079,0,-0.0105,0.9943,0.1065,0,0.0091,-0.1064,0.9943,0,0,9.2263,1.5771,1]},
{"frame":16,"values":[0.9999,0.0113,-0.0081,0,-0.0103,0.9941,0.1081,0,0.0093,-0.108,0.9941,0,0,9.2263,1.5771,1]},
{"frame":17,"values":[0.9999,0.0111,-0.0084,0,-0.0101,0.9939,0.1098,0,0.0096,-0.1097,0.9939,0,0,9.2263,1.5771,1]},
{"frame":18,"values":[0.9999,0.0109,-0.0088,0,-0.0098,0.9937,0.1119,0,0.0099,-0.1118,0.9937,0,0,9.2263,1.5771,1]},
{"frame":19,"values":[0.9999,0.0106,-0.0092,0,-0.0095,0.9934,0.1142,0,0.0104,-0.1141,0.9934,0,0,9.2263,1.5771,1]},
{"frame":20,"values":[0.9999,0.0104,-0.0097,0,-0.0092,0.9932,0.1163,0,0.0108,-0.1162,0.9932,0,0,9.2263,1.5771,1]},
{"frame":21,"values":[0.9999,0.0101,-0.0101,0,-0.0088,0.9929,0.1184,0,0.0113,-0.1183,0.9929,0,0,9.2263,1.5771,1]},
{"frame":22,"values":[0.9999,0.0099,-0.0106,0,-0.0085,0.9927,0.1204,0,0.0117,-0.1203,0.9927,0,0,9.2263,1.5771,1]},
{"frame":23,"values":[0.9999,0.0096,-0.0111,0,-0.0082,0.9925,0.1223,0,0.0122,-0.1222,0.9924,0,0,9.2263,1.5771,1]},
{"frame":24,"values":[0.9999,0.0094,-0.0116,0,-0.0079,0.9922,0.1241,0,0.0127,-0.124,0.9922,0,0,9.2263,1.5771,1]},
{"frame":25,"values":[0.9999,0.0092,-0.0121,0,-0.0076,0.992,0.1257,0,0.0132,-0.1256,0.992,0,0,9.2263,1.5771,1]},
{"frame":26,"values":[0.9999,0.009,-0.0126,0,-0.0073,0.9919,0.1271,0,0.0136,-0.127,0.9918,0,0,9.2263,1.5771,1]},
{"frame":27,"values":[0.9999,0.0089,-0.013,0,-0.0071,0.9917,0.1283,0,0.014,-0.1281,0.9917,0,0,9.2263,1.5771,1]},
{"frame":28,"values":[0.9999,0.0088,-0.0134,0,-0.007,0.9916,0.1292,0,0.0144,-0.1291,0.9915,0,0,9.2263,1.5771,1]},
{"frame":29,"values":[0.9999,0.0087,-0.0138,0,-0.0068,0.9915,0.1298,0,0.0148,-0.1297,0.9914,0,0,9.2263,1.5771,1]},
{"frame":30,"values":[0.9999,0.0086,-0.014,0,-0.0067,0.9915,0.1302,0,0.015,-0.1301,0.9914,0,0,9.2263,1.5771,1]},
{"frame":31,"values":[0.9999,0.0085,-0.0142,0,-0.0066,0.9915,0.1302,0,0.0152,-0.1301,0.9914,0,0,9.2263,1.5771,1]},
{"frame":32,"values":[0.9999,0.0085,-0.0144,0,-0.0065,0.9915,0.1298,0,0.0153,-0.1297,0.9914,0,0,9.2263,1.5771,1]},
{"frame":33,"values":[0.9999,0.0085,-0.0145,0,-0.0065,0.9916,0.1291,0,0.0155,-0.129,0.9915,0,0,9.2263,1.5771,1]},
{"frame":34,"values":[0.9999,0.0085,-0.0145,0,-0.0066,0.9918,0.128,0,0.0155,-0.1279,0.9917,0,0,9.2263,1.5771,1]},
{"frame":35,"values":[0.9999,0.0086,-0.0144,0,-0.0067,0.9919,0.1267,0,0.0154,-0.1266,0.9918,0,0,9.2263,1.5771,1]},
{"frame":36,"values":[0.9999,0.0087,-0.0142,0,-0.0068,0.9921,0.1252,0,0.0152,-0.1251,0.992,0,0,9.2263,1.5771,1]},
{"frame":37,"values":[0.9999,0.0088,-0.014,0,-0.007,0.9923,0.1234,0,0.015,-0.1233,0.9923,0,0,9.2263,1.5771,1]},
{"frame":38,"values":[0.9999,0.009,-0.0136,0,-0.0073,0.9926,0.1212,0,0.0146,-0.121,0.9925,0,0,9.2263,1.5771,1]},
{"frame":39,"values":[0.9999,0.0093,-0.0132,0,-0.0076,0.9929,0.1185,0,0.0142,-0.1184,0.9929,0,0,9.2263,1.5771,1]},
{"frame":40,"values":[0.9999,0.0095,-0.0127,0,-0.008,0.9933,0.1157,0,0.0137,-0.1156,0.9932,0,0,9.2263,1.5771,1]},
{"frame":41,"values":[0.9999,0.0098,-0.0122,0,-0.0084,0.9936,0.1129,0,0.0132,-0.1127,0.9935,0,0,9.2263,1.5771,1]},
{"frame":42,"values":[0.9999,0.0101,-0.0116,0,-0.0088,0.9939,0.1099,0,0.0126,-0.1098,0.9939,0,0,9.2263,1.5771,1]},
{"frame":43,"values":[0.9999,0.0104,-0.011,0,-0.0092,0.9942,0.1071,0,0.0121,-0.107,0.9942,0,0,9.2263,1.5771,1]},
{"frame":44,"values":[0.9999,0.0107,-0.0104,0,-0.0096,0.9945,0.1043,0,0.0115,-0.1042,0.9945,0,0,9.2263,1.5771,1]},
{"frame":45,"values":[0.9999,0.011,-0.0098,0,-0.01,0.9948,0.1016,0,0.0109,-0.1015,0.9948,0,0,9.2263,1.5771,1]},
{"frame":46,"values":[0.9999,0.0113,-0.0092,0,-0.0103,0.995,0.0991,0,0.0103,-0.099,0.995,0,0,9.2263,1.5771,1]},
{"frame":47,"values":[0.9999,0.0116,-0.0087,0,-0.0107,0.9952,0.0969,0,0.0098,-0.0968,0.9953,0,0,9.2263,1.5771,1]},
{"frame":48,"values":[0.9999,0.0118,-0.0082,0,-0.011,0.9954,0.095,0,0.0093,-0.0949,0.9954,0,0,9.2263,1.5771,1]},
{"frame":49,"values":[0.9999,0.0119,-0.0078,0,-0.0112,0.9956,0.0935,0,0.0088,-0.0934,0.9956,0,0,9.2263,1.5771,1]},
{"frame":50,"values":[0.9999,0.012,-0.0075,0,-0.0113,0.9957,0.0925,0,0.0086,-0.0924,0.9957,0,0,9.2263,1.5771,1]},
{"frame":51,"values":[0.9999,0.0118,-0.0074,0,-0.011,0.9957,0.0919,0,0.0084,-0.0919,0.9957,0,0,9.2263,1.5771,1]}],"loopBehavior":1,"name":"anim","property":"_matrix"}},
{"name":"Spine1","index":2,"matrix":[0.9998,0.0069,-0.019,0,-0.0052,0.9963,0.0854,0,0.0196,-0.0853,0.9962,0,0,16.254,-0.1656,1],"rest":[1,0,0,0,0,1,0,0,0,0,1,0,0,16.254,-0.1656,1],"parentBoneIndex":1,"length":13.7007
,"animation":{"dataType":3,"framePerSecond":24,"keys":[
{"frame":1,"values":[0.9998,0.0069,-0.019,0,-0.0052,0.9963,0.0854,0,0.0196,-0.0853,0.9962,0,0,16.254,-0.1656,1]},
{"frame":2,"values":[0.9998,0.0066,-0.0189,0,-0.005,0.9964,0.085,0,0.0194,-0.0849,0.9962,0,0,16.254,-0.1656,1]},
{"frame":3,"values":[0.9998,0.0064,-0.0188,0,-0.0048,0.9964,0.0847,0,0.0193,-0.0846,0.9962,0,0,16.254,-0.1656,1]},
{"frame":4,"values":[0.9998,0.0063,-0.0187,0,-0.0047,0.9964,0.0845,0,0.0191,-0.0844,0.9962,0,0,16.254,-0.1656,1]},
{"frame":5,"values":[0.9998,0.0063,-0.0185,0,-0.0047,0.9964,0.0845,0,0.019,-0.0844,0.9963,0,0,16.254,-0.1656,1]},
{"frame":6,"values":[0.9998,0.0063,-0.0183,0,-0.0047,0.9964,0.0845,0,0.0188,-0.0844,0.9963,0,0,16.254,-0.1656,1]},
{"frame":7,"values":[0.9998,0.0064,-0.0182,0,-0.0048,0.9964,0.0846,0,0.0186,-0.0845,0.9963,0,0,16.254,-0.1656,1]},
{"frame":8,"values":[0.9998,0.0065,-0.018,0,-0.005,0.9964,0.0848,0,0.0185,-0.0847,0.9962,0,0,16.254,-0.1656,1]},
{"frame":9,"values":[0.9998,0.0068,-0.0178,0,-0.0052,0.9964,0.0851,0,0.0183,-0.085,0.9962,0,0,16.254,-0.1656,1]},
{"frame":10,"values":[0.9998,0.0071,-0.0177,0,-0.0056,0.9963,0.0855,0,0.0182,-0.0854,0.9962,0,0,16.254,-0.1656,1]},
{"frame":11,"values":[0.9998,0.0075,-0.0176,0,-0.0059,0.9963,0.086,0,0.0182,-0.0858,0.9961,0,0,16.254,-0.1656,1]},
{"frame":12,"values":[0.9998,0.0079,-0.0176,0,-0.0063,0.9962,0.0865,0,0.0183,-0.0864,0.9961,0,0,16.254,-0.1656,1]},
{"frame":13,"values":[0.9998,0.0083,-0.0177,0,-0.0067,0.9962,0.0872,0,0.0184,-0.087,0.996,0,0,16.254,-0.1656,1]},
{"frame":14,"values":[0.9998,0.0088,-0.0178,0,-0.0072,0.9961,0.0879,0,0.0185,-0.0877,0.996,0,0,16.254,-0.1656,1]},
{"frame":15,"values":[0.9998,0.0094,-0.0179,0,-0.0077,0.996,0.0886,0,0.0186,-0.0884,0.9959,0,0,16.254,-0.1656,1]},
{"frame":16,"values":[0.9998,0.0099,-0.018,0,-0.0083,0.996,0.0894,0,0.0188,-0.0892,0.9958,0,0,16.254,-0.1656,1]},
{"frame":17,"values":[0.9998,0.0106,-0.0182,0,-0.0089,0.9959,0.0903,0,0.0191,-0.0901,0.9957,0,0,16.254,-0.1656,1]},
{"frame":18,"values":[0.9998,0.0114,-0.0185,0,-0.0097,0.9958,0.0915,0,0.0195,-0.0913,0.9956,0,0,16.254,-0.1656,1]},
{"frame":19,"values":[0.9997,0.0123,-0.0189,0,-0.0105,0.9956,0.0927,0,0.0199,-0.0925,0.9955,0,0,16.254,-0.1656,1]},
{"frame":20,"values":[0.9997,0.0132,-0.0193,0,-0.0113,0.9955,0.0941,0,0.0204,-0.0938,0.9954,0,0,16.254,-0.1656,1]},
{"frame":21,"values":[0.9997,0.0141,-0.0198,0,-0.0121,0.9954,0.0953,0,0.021,-0.095,0.9953,0,0,16.254,-0.1656,1]},
{"frame":22,"values":[0.9997,0.015,-0.0203,0,-0.0129,0.9952,0.0966,0,0.0216,-0.0963,0.9951,0,0,16.254,-0.1656,1]},
{"frame":23,"values":[0.9997,0.0159,-0.0209,0,-0.0137,0.9951,0.0979,0,0.0223,-0.0976,0.995,0,0,16.254,-0.1656,1]},
{"frame":24,"values":[0.9996,0.0167,-0.0215,0,-0.0145,0.995,0.0991,0,0.023,-0.0987,0.9948,0,0,16.254,-0.1656,1]},
{"frame":25,"values":[0.9996,0.0175,-0.022,0,-0.0152,0.9948,0.1003,0,0.0237,-0.0999,0.9947,0,0,16.254,-0.1656,1]},
{"frame":26,"values":[0.9996,0.0183,-0.0227,0,-0.0159,0.9947,0.1014,0,0.0244,-0.101,0.9946,0,0,16.254,-0.1656,1]},
{"frame":27,"values":[0.9995,0.019,-0.0232,0,-0.0165,0.9946,0.1024,0,0.0251,-0.102,0.9945,0,0,16.254,-0.1656,1]},
{"frame":28,"values":[0.9995,0.0196,-0.0238,0,-0.017,0.9945,0.1033,0,0.0257,-0.1029,0.9944,0,0,16.254,-0.1656,1]},
{"frame":29,"values":[0.9995,0.0201,-0.0244,0,-0.0175,0.9944,0.1041,0,0.0263,-0.1037,0.9943,0,0,16.254,-0.1656,1]},
{"frame":30,"values":[0.9995,0.0206,-0.0249,0,-0.0178,0.9943,0.1048,0,0.0269,-0.1043,0.9942,0,0,16.254,-0.1656,1]},
{"frame":31,"values":[0.9995,0.0209,-0.0253,0,-0.0181,0.9943,0.1053,0,0.0273,-0.1048,0.9941,0,0,16.254,-0.1656,1]},
{"frame":32,"values":[0.9995,0.0211,-0.0256,0,-0.0182,0.9942,0.1056,0,0.0277,-0.1051,0.9941,0,0,16.254,-0.1656,1]},
{"frame":33,"values":[0.9994,0.0211,-0.0259,0,-0.0182,0.9942,0.1056,0,0.028,-0.1051,0.9941,0,0,16.254,-0.1656,1]},
{"frame":34,"values":[0.9994,0.021,-0.0261,0,-0.0181,0.9943,0.1055,0,0.0282,-0.105,0.9941,0,0,16.254,-0.1656,1]},
{"frame":35,"values":[0.9994,0.0207,-0.0263,0,-0.0179,0.9943,0.1052,0,0.0283,-0.1047,0.9941,0,0,16.254,-0.1656,1]},
{"frame":36,"values":[0.9994,0.0204,-0.0264,0,-0.0175,0.9943,0.1048,0,0.0284,-0.1043,0.9941,0,0,16.254,-0.1656,1]},
{"frame":37,"values":[0.9995,0.0199,-0.0263,0,-0.0171,0.9944,0.1042,0,0.0283,-0.1037,0.9942,0,0,16.254,-0.1656,1]},
{"frame":38,"values":[0.9995,0.0193,-0.0262,0,-0.0165,0.9945,0.1032,0,0.028,-0.1027,0.9943,0,0,16.254,-0.1656,1]},
{"frame":39,"values":[0.9995,0.0184,-0.0259,0,-0.0157,0.9947,0.1021,0,0.0276,-0.1016,0.9944,0,0,16.254,-0.1656,1]},
{"frame":40,"values":[0.9995,0.0175,-0.0255,0,-0.0148,0.9948,0.1007,0,0.0272,-0.1003,0.9946,0,0,16.254,-0.1656,1]},
{"frame":41,"values":[0.9996,0.0165,-0.0251,0,-0.0139,0.995,0.0993,0,0.0266,-0.0989,0.9947,0,0,16.254,-0.1656,1]},
{"frame":42,"values":[0.9996,0.0154,-0.0245,0,-0.0129,0.9951,0.0978,0,0.0259,-0.0974,0.9949,0,0,16.254,-0.1656,1]},
{"frame":43,"values":[0.9996,0.0143,-0.0239,0,-0.0119,0.9953,0.0961,0,0.0252,-0.0958,0.9951,0,0,16.254,-0.1656,1]},
{"frame":44,"values":[0.9996,0.0131,-0.0233,0,-0.0109,0.9955,0.0945,0,0.0245,-0.0943,0.9952,0,0,16.254,-0.1656,1]},
{"frame":45,"values":[0.9997,0.012,-0.0227,0,-0.0099,0.9956,0.093,0,0.0237,-0.0927,0.9954,0,0,16.254,-0.1656,1]},
{"frame":46,"values":[0.9997,0.011,-0.022,0,-0.0089,0.9958,0.0914,0,0.0229,-0.0912,0.9956,0,0,16.254,-0.1656,1]},
{"frame":47,"values":[0.9997,0.0099,-0.0213,0,-0.008,0.9959,0.0899,0,0.0221,-0.0897,0.9957,0,0,16.254,-0.1656,1]},
{"frame":48,"values":[0.9997,0.009,-0.0207,0,-0.0071,0.996,0.0886,0,0.0214,-0.0884,0.9959,0,0,16.254,-0.1656,1]},
{"frame":49,"values":[0.9998,0.0082,-0.0201,0,-0.0064,0.9962,0.0873,0,0.0207,-0.0872,0.996,0,0,16.254,-0.1656,1]},
{"frame":50,"values":[0.9998,0.0075,-0.0195,0,-0.0058,0.9963,0.0863,0,0.0201,-0.0861,0.9961,0,0,16.254,-0.1656,1]},
{"frame":51,"values":[0.9998,0.0069,-0.019,0,-0.0052,0.9963,0.0854,0,0.0195,-0.0853,0.9962,0,0,16.254,-0.1656,1]}],"loopBehavior":1,"name":"anim","property":"_matrix"}},
{"name":"Spine2","index":3,"matrix":[0.9998,0.0032,-0.0178,0,-0.0006,0.9892,0.1469,0,0.0181,-0.1468,0.989,0,0,13.6396,-1.2923,1],"rest":[1,0,0,0,0,1,0,0,0,0,1,0,0,13.6396,-1.2923,1],"parentBoneIndex":2,"length":13.1719
,"animation":{"dataType":3,"framePerSecond":24,"keys":[
{"frame":1,"values":[0.9998,0.0032,-0.0178,0,-0.0006,0.9892,0.1469,0,0.0181,-0.1468,0.989,0,0,13.6396,-1.2923,1]},
{"frame":2,"values":[0.9998,0.0036,-0.0173,0,-0.001,0.9893,0.1457,0,0.0177,-0.1456,0.9892,0,0,13.6396,-1.2923,1]},
{"frame":3,"values":[0.9999,0.0039,-0.0168,0,-0.0014,0.9895,0.1446,0,0.0172,-0.1445,0.9893,0,0,13.6396,-1.2923,1]},
{"frame":4,"values":[0.9999,0.0042,-0.0164,0,-0.0018,0.9896,0.1437,0,0.0168,-0.1437,0.9895,0,0,13.6396,-1.2923,1]},
{"frame":5,"values":[0.9999,0.0044,-0.016,0,-0.0021,0.9897,0.1431,0,0.0165,-0.143,0.9896,0,0,13.6396,-1.2923,1]},
{"frame":6,"values":[0.9999,0.0045,-0.0158,0,-0.0022,0.9898,0.1427,0,0.0163,-0.1426,0.9896,0,0,13.6396,-1.2923,1]},
{"frame":7,"values":[0.9999,0.0046,-0.0155,0,-0.0023,0.9898,0.1424,0,0.016,-0.1424,0.9897,0,0,13.6396,-1.2923,1]},
{"frame":8,"values":[0.9999,0.0046,-0.0154,0,-0.0023,0.9898,0.1425,0,0.0158,-0.1424,0.9897,0,0,13.6396,-1.2923,1]},
{"frame":9,"values":[0.9999,0.0046,-0.0152,0,-0.0023,0.9898,0.1427,0,0.0157,-0.1427,0.9896,0,0,13.6396,-1.2923,1]},
{"frame":10,"values":[0.9999,0.0044,-0.0151,0,-0.0022,0.9897,0.1432,0,0.0156,-0.1432,0.9896,0,0,13.6396,-1.2923,1]},
{"frame":11,"values":[0.9999,0.0043,-0.0152,0,-0.002,0.9896,0.1439,0,0.0156,-0.1439,0.9895,0,0,13.6396,-1.2923,1]},
{"frame":12,"values":[0.9999,0.004,-0.0153,0,-0.0017,0.9895,0.1448,0,0.0157,-0.1448,0.9893,0,0,13.6396,-1.2923,1]},
{"frame":13,"values":[0.9999,0.0037,-0.0155,0,-0.0014,0.9893,0.146,0,0.0159,-0.1459,0.9892,0,0,13.6396,-1.2923,1]},
{"frame":14,"values":[0.9999,0.0033,-0.0158,0,-0.001,0.9891,0.1472,0,0.0161,-0.1472,0.989,0,0,13.6396,-1.2923,1]},
{"frame":15,"values":[0.9999,0.0029,-0.0161,0,-0.0005,0.9889,0.1486,0,0.0163,-0.1486,0.9888,0,0,13.6396,-1.2923,1]},
{"frame":16,"values":[0.9999,0.0025,-0.0164,0,0,0.9887,0.1502,0,0.0166,-0.1501,0.9885,0,0,13.6396,-1.2923,1]},
{"frame":17,"values":[0.9999,0.002,-0.0169,0,0.0006,0.9884,0.152,0,0.017,-0.152,0.9882,0,0,13.6396,-1.2923,1]},
{"frame":18,"values":[0.9998,0.0013,-0.0176,0,0.0014,0.988,0.1544,0,0.0176,-0.1544,0.9879,0,0,13.6396,-1.2923,1]},
{"frame":19,"values":[0.9998,0.0005,-0.0184,0,0.0024,0.9876,0.157,0,0.0183,-0.157,0.9874,0,0,13.6396,-1.2923,1]},
{"frame":20,"values":[0.9998,-0.0002,-0.0193,0,0.0033,0.9871,0.1598,0,0.019,-0.1598,0.987,0,0,13.6396,-1.2923,1]},
{"frame":21,"values":[0.9998,-0.001,-0.0203,0,0.0043,0.9867,0.1626,0,0.0199,-0.1626,0.9865,0,0,13.6396,-1.2923,1]},
{"frame":22,"values":[0.9998,-0.0019,-0.0214,0,0.0054,0.9862,0.1655,0,0.0208,-0.1655,0.986,0,0,13.6396,-1.2923,1]},
{"frame":23,"values":[0.9997,-0.0027,-0.0226,0,0.0064,0.9857,0.1683,0,0.0218,-0.1684,0.9855,0,0,13.6396,-1.2923,1]},
{"frame":24,"values":[0.9997,-0.0035,-0.0237,0,0.0075,0.9852,0.1711,0,0.0228,-0.1713,0.985,0,0,13.6396,-1.2923,1]},
{"frame":25,"values":[0.9997,-0.0043,-0.0249,0,0.0085,0.9847,0.1739,0,0.0238,-0.1741,0.9844,0,0,13.6396,-1.2923,1]},
{"frame":26,"values":[0.9996,-0.005,-0.0261,0,0.0095,0.9842,0.1766,0,0.0248,-0.1768,0.9839,0,0,13.6396,-1.2923,1]},
{"frame":27,"values":[0.9996,-0.0057,-0.0272,0,0.0105,0.9838,0.1791,0,0.0257,-0.1793,0.9835,0,0,13.6396,-1.2923,1]},
{"frame":28,"values":[0.9996,-0.0064,-0.0283,0,0.0114,0.9833,0.1814,0,0.0267,-0.1817,0.983,0,0,13.6396,-1.2923,1]},
{"frame":29,"values":[0.9995,-0.007,-0.0294,0,0.0122,0.9829,0.1835,0,0.0276,-0.1838,0.9826,0,0,13.6396,-1.2923,1]},
{"frame":30,"values":[0.9995,-0.0075,-0.0303,0,0.013,0.9826,0.1854,0,0.0284,-0.1857,0.9822,0,0,13.6396,-1.2923,1]},
{"frame":31,"values":[0.9995,-0.0079,-0.0312,0,0.0136,0.9823,0.1869,0,0.0291,-0.1872,0.9819,0,0,13.6396,-1.2923,1]},
{"frame":32,"values":[0.9995,-0.0083,-0.0319,0,0.0141,0.982,0.1881,0,0.0298,-0.1885,0.9816,0,0,13.6396,-1.2923,1]},
{"frame":33,"values":[0.9994,-0.0085,-0.0325,0,0.0145,0.9819,0.1889,0,0.0303,-0.1893,0.9815,0,0,13.6396,-1.2923,1]},
{"frame":34,"values":[0.9994,-0.0085,-0.0328,0,0.0146,0.9818,0.1892,0,0.0306,-0.1896,0.9814,0,0,13.6396,-1.2923,1]},
{"frame":35,"values":[0.9994,-0.0085,-0.033,0,0.0146,0.9818,0.1891,0,0.0308,-0.1895,0.9814,0,0,13.6396,-1.2923,1]},
{"frame":36,"values":[0.9994,-0.0085,-0.0331,0,0.0146,0.9819,0.1887,0,0.0309,-0.1891,0.9815,0,0,13.6396,-1.2923,1]},
{"frame":37,"values":[0.9994,-0.0083,-0.033,0,0.0144,0.9821,0.1879,0,0.0308,-0.1882,0.9816,0,0,13.6396,-1.2923,1]},
{"frame":38,"values":[0.9994,-0.0079,-0.0326,0,0.0139,0.9824,0.1863,0,0.0306,-0.1867,0.9819,0,0,13.6396,-1.2923,1]},
{"frame":39,"values":[0.9995,-0.0074,-0.032,0,0.0131,0.9828,0.1842,0,0.0301,-0.1846,0.9824,0,0,13.6396,-1.2923,1]},
{"frame":40,"values":[0.9995,-0.0067,-0.0312,0,0.0123,0.9833,0.1817,0,0.0294,-0.182,0.9829,0,0,13.6396,-1.2923,1]},
{"frame":41,"values":[0.9995,-0.0059,-0.0301,0,0.0112,0.9838,0.1789,0,0.0286,-0.1791,0.9834,0,0,13.6396,-1.2923,1]},
{"frame":42,"values":[0.9996,-0.0051,-0.029,0,0.0101,0.9844,0.1758,0,0.0277,-0.176,0.984,0,0,13.6396,-1.2923,1]},
{"frame":43,"values":[0.9996,-0.0042,-0.0278,0,0.0089,0.985,0.1724,0,0.0267,-0.1726,0.9846,0,0,13.6396,-1.2923,1]},
{"frame":44,"values":[0.9996,-0.0032,-0.0265,0,0.0076,0.9856,0.1689,0,0.0256,-0.169,0.9853,0,0,13.6396,-1.2923,1]},
{"frame":45,"values":[0.9997,-0.0022,-0.0252,0,0.0063,0.9862,0.1654,0,0.0245,-0.1655,0.9859,0,0,13.6396,-1.2923,1]},
{"frame":46,"values":[0.9997,-0.0012,-0.0238,0,0.005,0.9868,0.1619,0,0.0233,-0.1619,0.9865,0,0,13.6396,-1.2923,1]},
{"frame":47,"values":[0.9997,-0.0002,-0.0225,0,0.0037,0.9874,0.1584,0,0.0222,-0.1585,0.9871,0,0,13.6396,-1.2923,1]},
{"frame":48,"values":[0.9998,0.0008,-0.0212,0,0.0025,0.9879,0.1551,0,0.0211,-0.1552,0.9877,0,0,13.6396,-1.2923,1]},
{"frame":49,"values":[0.9998,0.0017,-0.02,0,0.0014,0.9884,0.152,0,0.02,-0.152,0.9882,0,0,13.6396,-1.2923,1]},
{"frame":50,"values":[0.9998,0.0025,-0.0189,0,0.0003,0.9888,0.1493,0,0.019,-0.1493,0.9886,0,0,13.6396,-1.2923,1]},
{"frame":51,"values":[0.9998,0.0032,-0.0178,0,-0.0006,0.9892,0.1469,0,0.0181,-0.1468,0.989,0,0,13.6396,-1.2923,1]}],"loopBehavior":1,"name":"anim","property":"_matrix"}},
{"name":"Neck","index":4,"matrix":[0.9953,0.0011,-0.0972,0,0.0032,0.999,0.044,0,0.0971,-0.0441,0.9943,0,0,13.8774,-4.3542,1],"rest":[1,0,0,0,0,1,0,0,0,0,1,0,0,13.8774,-4.3542,1],"parentBoneIndex":3,"length":4.4379
,"animation":{"dataType":3,"framePerSecond":24,"keys":[
{"frame":1,"values":[0.9953,0.0011,-0.0972,0,0.0032,0.999,0.044,0,0.0971,-0.0441,0.9943,0,0,13.8774,-4.3542,1]},
{"frame":2,"values":[0.9953,0.0016,-0.0971,0,0.0028,0.999,0.0443,0,0.0971,-0.0444,0.9943,0,0,13.8774,-4.3542,1]},
{"frame":3,"values":[0.9953,0.0019,-0.0971,0,0.0024,0.999,0.0447,0,0.0971,-0.0447,0.9943,0,0,13.8774,-4.3542,1]},
{"frame":4,"values":[0.9953,0.0022,-0.0971,0,0.0022,0.999,0.045,0,0.0971,-0.045,0.9943,0,0,13.8774,-4.3542,1]},
{"frame":5,"values":[0.9953,0.0024,-0.0972,0,0.002,0.999,0.0453,0,0.0972,-0.0452,0.9942,0,0,13.8774,-4.3542,1]},
{"frame":6,"values":[0.9952,0.0025,-0.0973,0,0.0019,0.999,0.0455,0,0.0973,-0.0455,0.9942,0,0,13.8774,-4.3542,1]},
{"frame":7,"values":[0.9952,0.0025,-0.0975,0,0.0019,0.999,0.0457,0,0.0975,-0.0456,0.9942,0,0,13.8774,-4.3542,1]},
{"frame":8,"values":[0.9952,0.0025,-0.0977,0,0.002,0.9989,0.0458,0,0.0977,-0.0458,0.9942,0,0,13.8774,-4.3542,1]},
{"frame":9,"values":[0.9952,0.0023,-0.098,0,0.0022,0.9989,0.0459,0,0.098,-0.0459,0.9941,0,0,13.8774,-4.3542,1]},
{"frame":10,"values":[0.9952,0.0019,-0.0983,0,0.0026,0.9989,0.0459,0,0.0982,-0.046,0.9941,0,0,13.8774,-4.3542,1]},
{"frame":11,"values":[0.9951,0.0016,-0.0985,0,0.003,0.9989,0.0459,0,0.0985,-0.046,0.9941,0,0,13.8774,-4.3542,1]},
{"frame":12,"values":[0.9951,0.0013,-0.0988,0,0.0032,0.9989,0.0458,0,0.0987,-0.0459,0.9941,0,0,13.8774,-4.3542,1]},
{"frame":13,"values":[0.9951,0.001,-0.099,0,0.0035,0.999,0.0456,0,0.0989,-0.0457,0.994,0,0,13.8774,-4.3542,1]},
{"frame":14,"values":[0.9951,0.0008,-0.0993,0,0.0037,0.999,0.0453,0,0.0992,-0.0454,0.994,0,0,13.8774,-4.3542,1]},
{"frame":15,"values":[0.995,0.0006,-0.0995,0,0.0039,0.999,0.0449,0,0.0994,-0.045,0.994,0,0,13.8774,-4.3542,1]},
{"frame":16,"values":[0.995,0.0003,-0.0997,0,0.0041,0.999,0.0444,0,0.0996,-0.0446,0.994,0,0,13.8774,-4.3542,1]},
{"frame":17,"values":[0.995,0.0001,-0.0999,0,0.0043,0.999,0.0438,0,0.0998,-0.044,0.994,0,0,13.8774,-4.3542,1]},
{"frame":18,"values":[0.995,-0.0002,-0.1001,0,0.0045,0.9991,0.0429,0,0.1,-0.0432,0.9941,0,0,13.8774,-4.3542,1]},
{"frame":19,"values":[0.995,-0.0005,-0.1002,0,0.0048,0.9991,0.042,0,0.1001,-0.0423,0.9941,0,0,13.8774,-4.3542,1]},
{"frame":20,"values":[0.995,-0.0009,-0.1002,0,0.005,0.9991,0.041,0,0.1001,-0.0413,0.9941,0,0,13.8774,-4.3542,1]},
{"frame":21,"values":[0.995,-0.0013,-0.1003,0,0.0053,0.9992,0.04,0,0.1002,-0.0403,0.9942,0,0,13.8774,-4.3542,1]},
{"frame":22,"values":[0.9949,-0.0017,-0.1004,0,0.0056,0.9992,0.039,0,0.1002,-0.0393,0.9942,0,0,13.8774,-4.3542,1]},
{"frame":23,"values":[0.9949,-0.0022,-0.1004,0,0.006,0.9993,0.038,0,0.1003,-0.0384,0.9942,0,0,13.8774,-4.3542,1]},
{"frame":24,"values":[0.9949,-0.0027,-0.1005,0,0.0064,0.9993,0.037,0,0.1003,-0.0375,0.9943,0,0,13.8774,-4.3542,1]},
{"frame":25,"values":[0.9949,-0.0033,-0.1005,0,0.0069,0.9993,0.0362,0,0.1003,-0.0367,0.9943,0,0,13.8774,-4.3542,1]},
{"frame":26,"values":[0.9949,-0.0039,-0.1005,0,0.0075,0.9993,0.0354,0,0.1003,-0.036,0.9943,0,0,13.8774,-4.3542,1]},
{"frame":27,"values":[0.9949,-0.0046,-0.1006,0,0.0082,0.9994,0.0348,0,0.1003,-0.0355,0.9943,0,0,13.8774,-4.3542,1]},
{"frame":28,"values":[0.9949,-0.0054,-0.1006,0,0.0089,0.9994,0.0344,0,0.1004,-0.0351,0.9943,0,0,13.8774,-4.3542,1]},
{"frame":29,"values":[0.9949,-0.0063,-0.1006,0,0.0098,0.9994,0.0341,0,0.1004,-0.0349,0.9943,0,0,13.8774,-4.3542,1]},
{"frame":30,"values":[0.9949,-0.0072,-0.1006,0,0.0107,0.9994,0.034,0,0.1003,-0.0349,0.9943,0,0,13.8774,-4.3542,1]},
{"frame":31,"values":[0.9949,-0.008,-0.1006,0,0.0115,0.9994,0.0339,0,0.1003,-0.0349,0.9943,0,0,13.8774,-4.3542,1]},
{"frame":32,"values":[0.9949,-0.0088,-0.1005,0,0.0123,0.9993,0.034,0,0.1002,-0.0351,0.9944,0,0,13.8774,-4.3542,1]},
{"frame":33,"values":[0.9949,-0.0095,-0.1005,0,0.0129,0.9993,0.0342,0,0.1001,-0.0353,0.9944,0,0,13.8774,-4.3542,1]},
{"frame":34,"values":[0.9949,-0.01,-0.1003,0,0.0135,0.9993,0.0344,0,0.0999,-0.0356,0.9944,0,0,13.8774,-4.3542,1]},
{"frame":35,"values":[0.9949,-0.0104,-0.1002,0,0.0139,0.9993,0.0348,0,0.0997,-0.036,0.9944,0,0,13.8774,-4.3542,1]},
{"frame":36,"values":[0.9949,-0.0107,-0.1,0,0.0143,0.9993,0.0352,0,0.0995,-0.0364,0.9944,0,0,13.8774,-4.3542,1]},
{"frame":37,"values":[0.9949,-0.0108,-0.0998,0,0.0144,0.9993,0.0356,0,0.0993,-0.0369,0.9944,0,0,13.8774,-4.3542,1]},
{"frame":38,"values":[0.995,-0.0108,-0.0996,0,0.0144,0.9992,0.0362,0,0.0992,-0.0375,0.9944,0,0,13.8774,-4.3542,1]},
{"frame":39,"values":[0.995,-0.0105,-0.0994,0,0.0142,0.9992,0.0369,0,0.099,-0.0381,0.9944,0,0,13.8774,-4.3542,1]},
{"frame":40,"values":[0.995,-0.0101,-0.0992,0,0.0139,0.9992,0.0376,0,0.0988,-0.0388,0.9944,0,0,13.8774,-4.3542,1]},
{"frame":41,"values":[0.995,-0.0095,-0.0991,0,0.0134,0.9992,0.0384,0,0.0986,-0.0395,0.9943,0,0,13.8774,-4.3542,1]},
{"frame":42,"values":[0.9951,-0.0088,-0.0989,0,0.0127,0.9992,0.0391,0,0.0985,-0.0402,0.9943,0,0,13.8774,-4.3542,1]},
{"frame":43,"values":[0.9951,-0.008,-0.0987,0,0.012,0.9991,0.0399,0,0.0983,-0.0409,0.9943,0,0,13.8774,-4.3542,1]},
{"frame":44,"values":[0.9951,-0.007,-0.0985,0,0.0111,0.9991,0.0406,0,0.0981,-0.0415,0.9943,0,0,13.8774,-4.3542,1]},
{"frame":45,"values":[0.9951,-0.006,-0.0983,0,0.0101,0.9991,0.0413,0,0.098,-0.0421,0.9943,0,0,13.8774,-4.3542,1]},
{"frame":46,"values":[0.9952,-0.005,-0.0982,0,0.0091,0.9991,0.042,0,0.0979,-0.0427,0.9943,0,0,13.8774,-4.3542,1]},
{"frame":47,"values":[0.9952,-0.0039,-0.098,0,0.0081,0.9991,0.0426,0,0.0977,-0.0431,0.9943,0,0,13.8774,-4.3542,1]},
{"frame":48,"values":[0.9952,-0.0027,-0.0978,0,0.0069,0.999,0.0431,0,0.0976,-0.0435,0.9943,0,0,13.8774,-4.3542,1]},
{"frame":49,"values":[0.9952,-0.0015,-0.0976,0,0.0058,0.999,0.0435,0,0.0975,-0.0438,0.9943,0,0,13.8774,-4.3542,1]},
{"frame":50,"values":[0.9952,-0.0004,-0.0975,0,0.0047,0.999,0.0438,0,0.0974,-0.044,0.9943,0,0,13.8774,-4.3542,1]},
{"frame":51,"values":[0.9953,0.0008,-0.0973,0,0.0035,0.999,0.044,0,0.0972,-0.0441,0.9943,0,0,13.8774,-4.3542,1]}],"loopBehavior":1,"name":"anim","property":"_matrix"}},
{"name":"Neck1","index":5,"matrix":[1,0,0,0,0,1,0,0,0,0,1,0,0,4.34,0.9269,1],"rest":[1,0,0,0,0,1,0,0,0,0,1,0,0,4.34,0.9269,1],"parentBoneIndex":4,"length":6.2291
,"animation":{"dataType":3,"framePerSecond":24,"keys":[
{"frame":1,"values":[1,0,0,0,0,1,0,0,0,0,1,0,0,4.34,0.9269,1]},
{"frame":51,"values":[1,0,0,0,0,1,0,0,0,0,1,0,0,4.34,0.9269,1]}],"loopBehavior":1,"name":"anim","property":"_matrix"}},
{"name":"Head","index":6,"matrix":[0.7901,-0.1028,-0.6042,0,0.1018,0.9942,-0.0361,0,0.6044,-0.033,0.796,0,0,4.0266,0.8585,1],"rest":[1,0,0,0,0,1,0,0,0,0,1,0,0,4.0266,0.8585,1],"parentBoneIndex":5,"length":14.8424
,"animation":{"dataType":3,"framePerSecond":24,"keys":[
{"frame":1,"values":[0.7901,-0.1028,-0.6042,0,0.1018,0.9942,-0.0361,0,0.6044,-0.033,0.796,0,0,4.0266,0.8585,1]},
{"frame":2,"values":[0.7897,-0.1009,-0.6051,0,0.1002,0.9943,-0.035,0,0.6052,-0.033,0.7954,0,0,4.0266,0.8585,1]},
{"frame":3,"values":[0.7894,-0.099,-0.6058,0,0.0983,0.9946,-0.0345,0,0.6059,-0.0323,0.7949,0,0,4.0266,0.8585,1]},
{"frame":4,"values":[0.7892,-0.0972,-0.6064,0,0.0959,0.9948,-0.0346,0,0.6066,-0.0308,0.7944,0,0,4.0266,0.8585,1]},
{"frame":5,"values":[0.7891,-0.0955,-0.6068,0,0.0933,0.995,-0.0352,0,0.6071,-0.0289,0.7941,0,0,4.0266,0.8585,1]},
{"frame":6,"values":[0.7891,-0.0939,-0.607,0,0.0907,0.9952,-0.0361,0,0.6075,-0.0265,0.7939,0,0,4.0266,0.8585,1]},
{"frame":7,"values":[0.7892,-0.0926,-0.6071,0,0.088,0.9954,-0.0374,0,0.6078,-0.0239,0.7938,0,0,4.0266,0.8585,1]},
{"frame":8,"values":[0.7895,-0.0915,-0.6069,0,0.0855,0.9956,-0.0388,0,0.6078,-0.0213,0.7938,0,0,4.0266,0.8585,1]},
{"frame":9,"values":[0.7899,-0.0906,-0.6065,0,0.0832,0.9957,-0.0404,0,0.6076,-0.0186,0.794,0,0,4.0266,0.8585,1]},
{"frame":10,"values":[0.7904,-0.0901,-0.606,0,0.0813,0.9958,-0.042,0,0.6072,-0.0161,0.7944,0,0,4.0266,0.8585,1]},
{"frame":11,"values":[0.791,-0.0899,-0.6052,0,0.08,0.9959,-0.0434,0,0.6066,-0.0141,0.7949,0,0,4.0266,0.8585,1]},
{"frame":12,"values":[0.7916,-0.0901,-0.6044,0,0.0793,0.9959,-0.0447,0,0.6059,-0.0126,0.7955,0,0,4.0266,0.8585,1]},
{"frame":13,"values":[0.7923,-0.0906,-0.6034,0,0.079,0.9958,-0.0458,0,0.605,-0.0114,0.7962,0,0,4.0266,0.8585,1]},
{"frame":14,"values":[0.7931,-0.0915,-0.6022,0,0.0792,0.9958,-0.0469,0,0.604,-0.0105,0.7969,0,0,4.0266,0.8585,1]},
{"frame":15,"values":[0.7939,-0.0925,-0.601,0,0.0797,0.9957,-0.048,0,0.6029,-0.0098,0.7978,0,0,4.0266,0.8585,1]},
{"frame":16,"values":[0.7947,-0.0938,-0.5997,0,0.0805,0.9955,-0.0491,0,0.6017,-0.0092,0.7987,0,0,4.0266,0.8585,1]},
{"frame":17,"values":[0.7956,-0.0955,-0.5982,0,0.0816,0.9954,-0.0504,0,0.6002,-0.0088,0.7998,0,0,4.0266,0.8585,1]},
{"frame":18,"values":[0.7968,-0.0978,-0.5963,0,0.0833,0.9952,-0.0519,0,0.5985,-0.0084,0.8011,0,0,4.0266,0.8585,1]},
{"frame":19,"values":[0.7979,-0.1005,-0.5943,0,0.0854,0.9949,-0.0536,0,0.5967,-0.008,0.8025,0,0,4.0266,0.8585,1]},
{"frame":20,"values":[0.7991,-0.1034,-0.5922,0,0.0877,0.9946,-0.0553,0,0.5947,-0.0077,0.8039,0,0,4.0266,0.8585,1]},
{"frame":21,"values":[0.8003,-0.1064,-0.59,0,0.0901,0.9943,-0.0572,0,0.5927,-0.0074,0.8054,0,0,4.0266,0.8585,1]},
{"frame":22,"values":[0.8016,-0.1096,-0.5878,0,0.0925,0.994,-0.0592,0,0.5907,-0.0069,0.8068,0,0,4.0266,0.8585,1]},
{"frame":23,"values":[0.8027,-0.1127,-0.5856,0,0.0948,0.9936,-0.0613,0,0.5888,-0.0063,0.8083,0,0,4.0266,0.8585,1]},
{"frame":24,"values":[0.8039,-0.1158,-0.5834,0,0.0969,0.9933,-0.0637,0,0.5868,-0.0053,0.8097,0,0,4.0266,0.8585,1]},
{"frame":25,"values":[0.805,-0.1188,-0.5812,0,0.0987,0.9929,-0.0662,0,0.585,-0.004,0.811,0,0,4.0266,0.8585,1]},
{"frame":26,"values":[0.8061,-0.1216,-0.5792,0,0.1001,0.9926,-0.069,0,0.5833,-0.0024,0.8123,0,0,4.0266,0.8585,1]},
{"frame":27,"values":[0.8071,-0.1242,-0.5772,0,0.1011,0.9923,-0.0721,0,0.5817,-0.0001,0.8134,0,0,4.0266,0.8585,1]},
{"frame":28,"values":[0.808,-0.1265,-0.5755,0,0.1015,0.992,-0.0755,0,0.5804,0.0026,0.8143,0,0,4.0266,0.8585,1]},
{"frame":29,"values":[0.8088,-0.1284,-0.5739,0,0.1013,0.9917,-0.0792,0,0.5793,0.0059,0.8151,0,0,4.0266,0.8585,1]},
{"frame":30,"values":[0.8095,-0.1301,-0.5725,0,0.1008,0.9915,-0.0828,0,0.5784,0.0093,0.8157,0,0,4.0266,0.8585,1]},
{"frame":31,"values":[0.81,-0.1315,-0.5715,0,0.1002,0.9912,-0.0861,0,0.5778,0.0125,0.8161,0,0,4.0266,0.8585,1]},
{"frame":32,"values":[0.8104,-0.1326,-0.5707,0,0.0994,0.991,-0.0891,0,0.5774,0.0154,0.8163,0,0,4.0266,0.8585,1]},
{"frame":33,"values":[0.8106,-0.1334,-0.5703,0,0.0987,0.9909,-0.0916,0,0.5773,0.0179,0.8164,0,0,4.0266,0.8585,1]},
{"frame":34,"values":[0.8105,-0.1339,-0.5702,0,0.0979,0.9908,-0.0935,0,0.5775,0.0199,0.8162,0,0,4.0266,0.8585,1]},
{"frame":35,"values":[0.8103,-0.1341,-0.5705,0,0.0972,0.9907,-0.0948,0,0.578,0.0214,0.8158,0,0,4.0266,0.8585,1]},
{"frame":36,"values":[0.8099,-0.134,-0.5711,0,0.0964,0.9907,-0.0958,0,0.5787,0.0225,0.8153,0,0,4.0266,0.8585,1]},
{"frame":37,"values":[0.8092,-0.1337,-0.5721,0,0.0957,0.9908,-0.0961,0,0.5796,0.0231,0.8146,0,0,4.0266,0.8585,1]},
{"frame":38,"values":[0.8084,-0.1329,-0.5735,0,0.095,0.9909,-0.0956,0,0.581,0.0228,0.8136,0,0,4.0266,0.8585,1]},
{"frame":39,"values":[0.8072,-0.1316,-0.5754,0,0.0945,0.9911,-0.0941,0,0.5826,0.0216,0.8125,0,0,4.0266,0.8585,1]},
{"frame":40,"values":[0.806,-0.13,-0.5775,0,0.0941,0.9913,-0.0917,0,0.5844,0.0196,0.8112,0,0,4.0266,0.8585,1]},
{"frame":41,"values":[0.8046,-0.128,-0.5799,0,0.0939,0.9916,-0.0885,0,0.5864,0.0168,0.8098,0,0,4.0266,0.8585,1]},
{"frame":42,"values":[0.803,-0.1257,-0.5825,0,0.0939,0.992,-0.0847,0,0.5885,0.0133,0.8084,0,0,4.0266,0.8585,1]},
{"frame":43,"values":[0.8015,-0.1232,-0.5852,0,0.094,0.9923,-0.0802,0,0.5906,0.0092,0.8069,0,0,4.0266,0.8585,1]},
{"frame":44,"values":[0.7998,-0.1205,-0.588,0,0.0943,0.9927,-0.0752,0,0.5927,0.0047,0.8054,0,0,4.0266,0.8585,1]},
{"frame":45,"values":[0.7982,-0.1178,-0.5907,0,0.0948,0.993,-0.0698,0,0.5948,-0.0003,0.8038,0,0,4.0266,0.8585,1]},
{"frame":46,"values":[0.7966,-0.115,-0.5934,0,0.0955,0.9934,-0.0642,0,0.5968,-0.0055,0.8023,0,0,4.0266,0.8585,1]},
{"frame":47,"values":[0.7951,-0.1122,-0.596,0,0.0964,0.9936,-0.0585,0,0.5987,-0.011,0.8009,0,0,4.0266,0.8585,1]},
{"frame":48,"values":[0.7937,-0.1095,-0.5984,0,0.0975,0.9938,-0.0526,0,0.6005,-0.0165,0.7995,0,0,4.0266,0.8585,1]},
{"frame":49,"values":[0.7924,-0.107,-0.6006,0,0.0987,0.994,-0.0469,0,0.602,-0.0221,0.7982,0,0,4.0266,0.8585,1]},
{"frame":50,"values":[0.7913,-0.1047,-0.6024,0,0.1001,0.9941,-0.0414,0,0.6032,-0.0276,0.7971,0,0,4.0266,0.8585,1]},
{"frame":51,"values":[0.7902,-0.1028,-0.6042,0,0.1017,0.9942,-0.0361,0,0.6043,-0.0329,0.796,0,0,4.0266,0.8585,1]}],"loopBehavior":1,"name":"anim","property":"_matrix"}},
{"name":"L_Ear","index":7,"matrix":[1,0,0,0,0,1,0,0,0,0,1,0,6.8586,8.862,3.3161,1],"rest":[1,0,0,0,0,1,0,0,0,0,1,0,6.8586,8.862,3.3161,1],"parentBoneIndex":6,"length":14.8424
,"animation":{"dataType":3,"framePerSecond":24,"keys":[
{"frame":1,"values":[1,0,0,0,0,1,0,0,0,0,1,0,6.8586,8.862,3.3161,1]},
{"frame":51,"values":[1,0,0,0,0,1,0,0,0,0,1,0,6.8586,8.862,3.3161,1]}],"loopBehavior":1,"name":"anim","property":"_matrix"}},
{"name":"Jaw","index":8,"matrix":[1,0,0,0,0,1,0,0,0,0,1,0,0.0038,6.235,4.4131,1],"rest":[1,0,0,0,0,1,0,0,0,0,1,0,0.0038,6.235,4.4131,1],"parentBoneIndex":6,"length":8.9884
,"animation":{"dataType":3,"framePerSecond":24,"keys":[
{"frame":1,"values":[1,0,0,0,0,1,0,0,0,0,1,0,0.0038,6.235,4.4131,1]},
{"frame":51,"values":[1,0,0,0,0,1,0,0,0,0,1,0,0.0038,6.235,4.4131,1]}],"loopBehavior":1,"name":"anim","property":"_matrix"}},
{"name":"TongueBack","index":9,"matrix":[1,0,0,0,0,1,0,0,0,0,1,0,0,-3.3518,4.6468,1],"rest":[1,0,0,0,0,1,0,0,0,0,1,0,0,-3.3518,4.6468,1],"parentBoneIndex":8,"length":1.6664
,"animation":{"dataType":3,"framePerSecond":24,"keys":[
{"frame":1,"values":[1,0,0,0,0,1,0,0,0,0,1,0,0,-3.3518,4.6468,1]},
{"frame":51,"values":[1,0,0,0,0,1,0,0,0,0,1,0,0,-3.3518,4.6468,1]}],"loopBehavior":1,"name":"anim","property":"_matrix"}},
{"name":"TongueMid","index":10,"matrix":[1,0,0,0,0,1,0,0,0,0,1,0,0,0.0424,1.6659,1],"rest":[1,0,0,0,0,1,0,0,0,0,1,0,0,0.0424,1.6659,1],"parentBoneIndex":9,"length":1.3562
,"animation":{"dataType":3,"framePerSecond":24,"keys":[
{"frame":1,"values":[1,0,0,0,0,1,0,0,0,0,1,0,0,0.0424,1.6659,1]},
