{"producer":{"name":"Blender","version":"2.90.0","exporter_version":"2.80.1","file":"walk_jump.babylon"},
"autoClear":true,"clearColor":[0.0509,0.0509,0.0509],"gravity":[0,-9.81,0],
"materials":[{"name":"Material","id":"Material","customType":"BABYLON.PBRMaterial","backFaceCulling":true,"checkReadyOnlyOnce":false,"maxSimultaneousLights":4,"environmentIntensity":1,"albedo":[0.8,0.8,0.8],"reflectivity":[0.5,0.5,0.5],"roughness":0.4,"alpha":1,"transparencyMode":0,"alphaCutOff":0.4,"metallic":0}],
"multiMaterials":[],
"skeletons":[{"name":"Armature","id":0,"dimensionsAtRest":[188.1767,188.0947,21.7491],"bones":[
{"name":"Hips","index":0,"matrix":[0.9506,0.1645,0.2632,0,-0.0569,0.926,-0.3732,0,0.3051,-0.3398,-0.8896,0,-0.0815,80.9793,0.2638,1],"rest":[1,0,0,0,0,1,0,0,0,0,-1,0,0,96.3764,0,1],"parentBoneIndex":-1,"length":9.9032
,"animation":{"dataType":3,"framePerSecond":24,"keys":[
{"frame":1,"values":[0.9506,0.1645,0.2632,0,-0.0569,0.926,-0.3732,0,0.3051,-0.3398,-0.8896,0,-0.0815,80.9793,0.2638,1]},
{"frame":2,"values":[0.9727,-0.0847,0.2162,0,0.1219,0.9787,-0.1649,0,0.1977,-0.1868,-0.9623,0,-0.3118,94.2001,-0.0973,1]},
{"frame":3,"values":[0.9615,-0.2586,0.0926,0,0.2608,0.9653,-0.0122,0,0.0862,-0.0359,-0.9956,0,0.1126,109.087,-0.5661,1]},
{"frame":4,"values":[0.9668,-0.2556,-0.0014,0,0.2549,0.964,0.0753,0,0.0179,0.0731,-0.9972,0,0.4036,124.7093,-1.0002,1]},
{"frame":5,"values":[0.9914,-0.1272,-0.0302,0,0.1302,0.9808,0.1452,0,-0.0112,0.1479,-0.9889,0,0.1192,140.3366,-1.5044,1]},
{"frame":6,"values":[0.9992,-0.0147,-0.0367,0,0.0219,0.9786,0.2048,0,-0.0329,0.2054,-0.9781,0,-0.4184,154.7913,-1.8675,1]},
{"frame":7,"values":[0.9973,-0.0023,-0.0731,0,0.0186,0.9747,0.2227,0,-0.0707,0.2234,-0.9722,0,-0.9453,167.2434,-2.1189,1]},
{"frame":8,"values":[0.9909,-0.0621,-0.1197,0,0.0836,0.9794,0.184,0,-0.1058,0.1923,-0.9756,0,-1.6364,176.9437,-2.3921,1]},
{"frame":9,"values":[0.9849,-0.1147,-0.1297,0,0.132,0.9822,0.1339,0,-0.1121,0.149,-0.9825,0,-2.6117,183.0611,-2.728,1]},
{"frame":10,"values":[0.9882,-0.1103,-0.1065,0,0.1224,0.9858,0.1147,0,-0.0923,0.1263,-0.9877,0,-3.5777,184.7792,-3.1472,1]},
{"frame":11,"values":[0.9961,-0.0495,-0.0725,0,0.0577,0.9917,0.1151,0,-0.0662,0.1189,-0.9907,0,-4.1593,180.767,-3.7003,1]},
{"frame":12,"values":[0.9982,0.0532,-0.026,0,-0.0502,0.9934,0.1027,0,-0.0313,0.1012,-0.9944,0,-4.3374,170.3159,-4.4746,1]},
{"frame":13,"values":[0.9868,0.158,0.035,0,-0.1602,0.9844,0.0731,0,0.0229,0.0777,-0.9967,0,-4.2997,155.0597,-5.1001,1]},
{"frame":14,"values":[0.9714,0.2145,0.1023,0,-0.2212,0.9734,0.0592,0,0.0869,0.0801,-0.993,0,-4.1606,137.0101,-5.5549,1]},
{"frame":15,"values":[0.9689,0.1947,0.1528,0,-0.2086,0.9747,0.0804,0,0.1333,0.1098,-0.985,0,-4.0092,118.902,-5.7617,1]},
{"frame":16,"values":[0.9824,0.1063,0.1534,0,-0.1246,0.9855,0.1154,0,0.1389,0.1325,-0.9814,0,-3.7782,103.2908,-5.732,1]},
{"frame":17,"values":[0.9931,0.0116,0.1169,0,-0.0252,0.993,0.1154,0,0.1147,0.1176,-0.9864,0,-3.2225,91.5179,-5.4754,1]},
{"frame":18,"values":[0.9945,-0.0211,0.103,0,0.0167,0.9989,0.0434,0,0.1038,0.0414,-0.9937,0,-2.1196,82.9766,-5.0504,1]},
{"frame":19,"values":[0.9885,0.0426,0.1448,0,-0.0295,0.9954,-0.0912,0,0.148,-0.0859,-0.9852,0,-0.8416,80.4299,-4.4017,1]},
{"frame":20,"values":[0.9617,0.174,0.2118,0,-0.1209,0.9627,-0.2419,0,0.246,-0.207,-0.9469,0,-0.239,82.473,-4.7809,1]},
{"frame":21,"values":[0.9171,0.2814,0.2824,0,-0.1739,0.9198,-0.3518,0,0.3588,-0.2735,-0.8924,0,-0.5622,84.0574,-5.2263,1]},
{"frame":22,"values":[0.8764,0.316,0.3633,0,-0.1572,0.9009,-0.4045,0,0.4551,-0.2974,-0.8393,0,-1.0876,83.303,-4.9731,1]},
{"frame":23,"values":[0.8593,0.299,0.4151,0,-0.1104,0.9007,-0.4202,0,0.4995,-0.3152,-0.8069,0,-1.1227,82.0664,-3.7919,1]},
{"frame":24,"values":[0.8905,0.2441,0.3839,0,-0.0737,0.9101,-0.4078,0,0.4489,-0.3348,-0.8285,0,-0.6617,81.3535,-1.9422,1]},
{"frame":25,"values":[0.9506,0.1645,0.2632,0,-0.0569,0.926,-0.3732,0,0.3051,-0.3398,-0.8896,0,-0.0815,80.9793,0.2638,1]}],"loopBehavior":1,"name":"anim","property":"_matrix"}},
{"name":"Spine","index":1,"matrix":[0.9785,-0.0695,0.194,0,0.0167,0.9651,0.2615,0,-0.2054,-0.2526,0.9455,0,0,9.2263,1.5771,1],"rest":[1,0,0,0,0,1,0,0,0,0,1,0,0,9.2263,1.5771,1],"parentBoneIndex":0,"length":16.2548
,"animation":{"dataType":3,"framePerSecond":24,"keys":[
{"frame":1,"values":[0.9785,-0.0695,0.194,0,0.0167,0.9651,0.2615,0,-0.2054,-0.2526,0.9455,0,0,9.2263,1.5771,1]},
{"frame":2,"values":[0.9829,0.0004,0.1839,0,-0.0371,0.9798,0.1963,0,-0.1801,-0.1998,0.9631,0,0,9.2263,1.5771,1]},
{"frame":3,"values":[0.9777,0.0828,0.193,0,-0.1101,0.9847,0.1351,0,-0.1788,-0.1533,0.9719,0,0,9.2263,1.5771,1]},
{"frame":4,"values":[0.973,0.073,0.2189,0,-0.1031,0.9862,0.1295,0,-0.2064,-0.1486,0.9671,0,0,9.2263,1.5771,1]},
{"frame":5,"values":[0.9744,-0.0365,0.2217,0,-0.0046,0.9833,0.182,0,-0.2247,-0.1784,0.958,0,0,9.2263,1.5771,1]},
{"frame":6,"values":[0.9763,-0.1182,0.1812,0,0.071,0.9662,0.2477,0,-0.2043,-0.229,0.9517,0,0,9.2263,1.5771,1]},
{"frame":7,"values":[0.985,-0.0878,0.1483,0,0.0411,0.9554,0.2925,0,-0.1674,-0.282,0.9447,0,0,9.2263,1.5771,1]},
{"frame":8,"values":[0.9888,0.0027,0.1495,0,-0.0508,0.9464,0.3191,0,-0.1406,-0.3231,0.9359,0,0,9.2263,1.5771,1]},
{"frame":9,"values":[0.9856,0.0568,0.1591,0,-0.1095,0.932,0.3455,0,-0.1286,-0.358,0.9248,0,0,9.2263,1.5771,1]},
{"frame":10,"values":[0.9871,0.0385,0.1552,0,-0.0945,0.9235,0.3719,0,-0.129,-0.3817,0.9152,0,0,9.2263,1.5771,1]},
{"frame":11,"values":[0.9889,-0.0333,0.145,0,-0.0245,0.925,0.3793,0,-0.1468,-0.3786,0.9138,0,0,9.2263,1.5771,1]},
{"frame":12,"values":[0.9808,-0.1284,0.1466,0,0.0689,0.9321,0.3555,0,-0.1823,-0.3386,0.9231,0,0,9.2263,1.5771,1]},
{"frame":13,"values":[0.969,-0.198,0.1478,0,0.1451,0.9402,0.3081,0,-0.2,-0.2771,0.9398,0,0,9.2263,1.5771,1]},
{"frame":14,"values":[0.9723,-0.2061,0.1099,0,0.1718,0.9499,0.261,0,-0.1582,-0.2349,0.9591,0,0,9.2263,1.5771,1]},
{"frame":15,"values":[0.9885,-0.1486,0.0294,0,0.1374,0.9612,0.2394,0,-0.0638,-0.2326,0.9705,0,0,9.2263,1.5771,1]},
{"frame":16,"values":[0.9981,-0.0245,-0.0564,0,0.0381,0.9662,0.2548,0,0.0482,-0.2565,0.9653,0,0,9.2263,1.5771,1]},
{"frame":17,"values":[0.9869,0.1157,-0.1126,0,-0.0799,0.956,0.2821,0,0.1403,-0.2695,0.9527,0,0,9.2263,1.5771,1]},
{"frame":18,"values":[0.9712,0.1846,-0.1505,0,-0.1372,0.9502,0.2799,0,0.1947,-0.2512,0.9482,0,0,9.2263,1.5771,1]},
{"frame":19,"values":[0.9764,0.1255,-0.1759,0,-0.0823,0.9686,0.2346,0,0.1998,-0.2146,0.956,0,0,9.2263,1.5771,1]},
{"frame":20,"values":[0.9907,-0.0348,-0.1317,0,0.0572,0.9838,0.1701,0,0.1237,-0.176,0.9766,0,0,9.2263,1.5771,1]},
{"frame":21,"values":[0.9859,-0.1673,0.0028,0,0.1653,0.9768,0.1362,0,-0.0255,-0.1338,0.9907,0,0,9.2263,1.5771,1]},
{"frame":22,"values":[0.9675,-0.188,0.169,0,0.1627,0.9747,0.1532,0,-0.1935,-0.1207,0.9736,0,0,9.2263,1.5771,1]},
{"frame":23,"values":[0.9493,-0.1443,0.2795,0,0.0915,0.9768,0.1935,0,-0.3009,-0.1581,0.9405,0,0,9.2263,1.5771,1]},
{"frame":24,"values":[0.9549,-0.0971,0.2805,0,0.0315,0.9728,0.2296,0,-0.2951,-0.2104,0.932,0,0,9.2263,1.5771,1]},
{"frame":25,"values":[0.9785,-0.0695,0.194,0,0.0167,0.9651,0.2615,0,-0.2054,-0.2526,0.9455,0,0,9.2263,1.5771,1]}],"loopBehavior":1,"name":"anim","property":"_matrix"}},
{"name":"Spine1","index":2,"matrix":[0.9985,-0.0136,0.0528,0,0.0125,0.9997,0.0203,0,-0.0531,-0.0196,0.9984,0,0,16.254,-0.1656,1],"rest":[1,0,0,0,0,1,0,0,0,0,1,0,0,16.254,-0.1656,1],"parentBoneIndex":1,"length":13.7007
,"animation":{"dataType":3,"framePerSecond":24,"keys":[
{"frame":1,"values":[0.9985,-0.0136,0.0528,0,0.0125,0.9997,0.0203,0,-0.0531,-0.0196,0.9984,0,0,16.254,-0.1656,1]},
{"frame":2,"values":[0.9992,0.0337,0.0235,0,-0.0336,0.9994,-0.0022,0,-0.0236,0.0014,0.9997,0,0,16.254,-0.1656,1]},
{"frame":3,"values":[0.9938,0.1109,-0.0042,0,-0.111,0.9927,-0.0474,0,-0.0011,0.0476,0.9989,0,0,16.254,-0.1656,1]},
{"frame":4,"values":[0.9866,0.1613,-0.0231,0,-0.1625,0.9843,-0.0689,0,0.0117,0.0717,0.9974,0,0,16.254,-0.1656,1]},
{"frame":5,"values":[0.9867,0.16,-0.0276,0,-0.161,0.9861,-0.0405,0,0.0208,0.0444,0.9988,0,0,16.254,-0.1656,1]},
{"frame":6,"values":[0.9909,0.1327,-0.023,0,-0.132,0.9908,0.0298,0,0.0267,-0.0265,0.9993,0,0,16.254,-0.1656,1]},
{"frame":7,"values":[0.9941,0.1081,-0.0121,0,-0.1061,0.9881,0.1114,0,0.024,-0.1095,0.9937,0,0,16.254,-0.1656,1]},
{"frame":8,"values":[0.9966,0.0824,0.0027,0,-0.0814,0.9792,0.1859,0,0.0126,-0.1855,0.9826,0,0,16.254,-0.1656,1]},
{"frame":9,"values":[0.9985,0.0537,0.0111,0,-0.0548,0.9679,0.2453,0,0.0025,-0.2455,0.9694,0,0,16.254,-0.1656,1]},
{"frame":10,"values":[0.9994,0.0327,0.0075,0,-0.0335,0.9605,0.2761,0,0.0018,-0.2762,0.9611,0,0,16.254,-0.1656,1]},
{"frame":11,"values":[0.9998,0.0182,-0.0037,0,-0.0166,0.9631,0.2687,0,0.0084,-0.2686,0.9632,0,0,16.254,-0.1656,1]},
{"frame":12,"values":[0.9999,0.0038,-0.0132,0,-0.0007,0.973,0.2308,0,0.0137,-0.2307,0.9729,0,0,16.254,-0.1656,1]},
{"frame":13,"values":[0.9999,-0.0106,-0.0134,0,0.0128,0.9839,0.1783,0,0.0113,-0.1785,0.9839,0,0,16.254,-0.1656,1]},
{"frame":14,"values":[0.9998,-0.0173,-0.0071,0,0.0181,0.9902,0.1383,0,0.0047,-0.1384,0.9904,0,0,16.254,-0.1656,1]},
{"frame":15,"values":[0.9999,-0.0161,-0.0037,0,0.0165,0.9914,0.1298,0,0.0015,-0.1299,0.9915,0,0,16.254,-0.1656,1]},
{"frame":16,"values":[0.9999,-0.0112,-0.0038,0,0.0116,0.9893,0.1452,0,0.0021,-0.1452,0.9894,0,0,16.254,-0.1656,1]},
{"frame":17,"values":[1,-0.0062,-0.0032,0,0.0066,0.989,0.1481,0,0.0022,-0.1481,0.989,0,0,16.254,-0.1656,1]},
{"frame":18,"values":[1,-0.0029,-0.0035,0,0.0033,0.9935,0.114,0,0.0031,-0.114,0.9935,0,0,16.254,-0.1656,1]},
{"frame":19,"values":[1,-0.0037,-0.0058,0,0.004,0.9987,0.051,0,0.0056,-0.051,0.9987,0,0,16.254,-0.1656,1]},
{"frame":20,"values":[0.9999,-0.01,-0.0021,0,0.01,0.9998,-0.0199,0,0.0023,0.0199,0.9998,0,0,16.254,-0.1656,1]},
{"frame":21,"values":[0.9998,-0.0172,0.0133,0,0.0182,0.9969,-0.0769,0,-0.0119,0.0771,0.997,0,0,16.254,-0.1656,1]},
{"frame":22,"values":[0.9993,-0.0185,0.0333,0,0.0217,0.995,-0.0977,0,-0.0314,0.0984,0.9947,0,0,16.254,-0.1656,1]},
{"frame":23,"values":[0.9988,-0.0144,0.0471,0,0.0179,0.997,-0.0755,0,-0.0459,0.0763,0.996,0,0,16.254,-0.1656,1]},
{"frame":24,"values":[0.9986,-0.012,0.0524,0,0.0135,0.9995,-0.0288,0,-0.052,0.0295,0.9982,0,0,16.254,-0.1656,1]},
{"frame":25,"values":[0.9985,-0.0136,0.0528,0,0.0125,0.9997,0.0203,0,-0.0531,-0.0196,0.9984,0,0,16.254,-0.1656,1]}],"loopBehavior":1,"name":"anim","property":"_matrix"}},
{"name":"Spine2","index":3,"matrix":[0.9986,-0.0132,0.0521,0,0.0122,0.9997,0.0209,0,-0.0524,-0.0202,0.9984,0,0,13.6396,-1.2923,1],"rest":[1,0,0,0,0,1,0,0,0,0,1,0,0,13.6396,-1.2923,1],"parentBoneIndex":2,"length":13.1719
,"animation":{"dataType":3,"framePerSecond":24,"keys":[
{"frame":1,"values":[0.9986,-0.0132,0.0521,0,0.0122,0.9997,0.0209,0,-0.0524,-0.0202,0.9984,0,0,13.6396,-1.2923,1]},
{"frame":2,"values":[0.9992,0.0328,0.023,0,-0.0334,0.9991,0.0251,0,-0.0222,-0.0258,0.9994,0,0,13.6396,-1.2923,1]},
{"frame":3,"values":[0.9938,0.1114,-0.0014,0,-0.1114,0.9937,0.016,0,0.0032,-0.0158,0.9999,0,0,13.6396,-1.2923,1]},
{"frame":4,"values":[0.9864,0.1637,-0.0139,0,-0.1633,0.9862,0.0279,0,0.0183,-0.0253,0.9995,0,0,13.6396,-1.2923,1]},
{"frame":5,"values":[0.9867,0.162,-0.0145,0,-0.1604,0.9839,0.0792,0,0.027,-0.0758,0.9968,0,0,13.6396,-1.2923,1]},
{"frame":6,"values":[0.9912,0.1318,-0.0102,0,-0.1283,0.9781,0.164,0,0.0315,-0.1612,0.9864,0,0,13.6396,-1.2923,1]},
{"frame":7,"values":[0.9945,0.1044,-0.0017,0,-0.1005,0.9616,0.2556,0,0.0283,-0.254,0.9668,0,0,13.6396,-1.2923,1]},
{"frame":8,"values":[0.9969,0.0779,0.0092,0,-0.0764,0.9388,0.336,0,0.0175,-0.3356,0.9418,0,0,13.6396,-1.2923,1]},
{"frame":9,"values":[0.9986,0.0503,0.0134,0,-0.0514,0.9155,0.3991,0,0.0078,-0.3992,0.9168,0,0,13.6396,-1.2923,1]},
{"frame":10,"values":[0.9995,0.0298,0.0071,0,-0.0299,0.9015,0.4318,0,0.0064,-0.4318,0.9019,0,0,13.6396,-1.2923,1]},
{"frame":11,"values":[0.9999,0.0144,-0.0046,0,-0.0111,0.9069,0.4212,0,0.0102,-0.4211,0.907,0,0,13.6396,-1.2923,1]},
{"frame":12,"values":[0.9999,-0.0001,-0.0131,0,0.0049,0.9291,0.3698,0,0.0122,-0.3698,0.929,0,0,13.6396,-1.2923,1]},
{"frame":13,"values":[0.9999,-0.0121,-0.0122,0,0.0152,0.9563,0.2921,0,0.0082,-0.2922,0.9563,0,0,13.6396,-1.2923,1]},
{"frame":14,"values":[0.9999,-0.0146,-0.0066,0,0.0157,0.9754,0.2197,0,0.0032,-0.2198,0.9755,0,0,13.6396,-1.2923,1]},
{"frame":15,"values":[0.9999,-0.0098,-0.0053,0,0.0106,0.9825,0.1857,0,0.0034,-0.1858,0.9826,0,0,13.6396,-1.2923,1]},
{"frame":16,"values":[1,-0.0034,-0.0073,0,0.0047,0.9796,0.2011,0,0.0064,-0.2011,0.9795,0,0,13.6396,-1.2923,1]},
{"frame":17,"values":[1,0.0017,-0.007,0,-0.0001,0.9747,0.2237,0,0.0072,-0.2236,0.9746,0,0,13.6396,-1.2923,1]},
{"frame":18,"values":[1,0.0043,-0.0066,0,-0.0028,0.9758,0.2186,0,0.0074,-0.2186,0.9758,0,0,13.6396,-1.2923,1]},
{"frame":19,"values":[1,0.0029,-0.0083,0,-0.0013,0.9832,0.1827,0,0.0087,-0.1827,0.9831,0,0,13.6396,-1.2923,1]},
{"frame":20,"values":[1,-0.0041,-0.004,0,0.0046,0.9915,0.13,0,0.0034,-0.13,0.9915,0,0,13.6396,-1.2923,1]},
{"frame":21,"values":[0.9998,-0.0119,0.0126,0,0.0109,0.9967,0.08,0,-0.0135,-0.0799,0.9967,0,0,13.6396,-1.2923,1]},
{"frame":22,"values":[0.9993,-0.0141,0.0338,0,0.0124,0.9987,0.05,0,-0.0345,-0.0495,0.9982,0,0,13.6396,-1.2923,1]},
{"frame":23,"values":[0.9988,-0.0114,0.0476,0,0.0101,0.9996,0.0265,0,-0.0479,-0.026,0.9985,0,0,13.6396,-1.2923,1]},
{"frame":24,"values":[0.9986,-0.0106,0.0522,0,0.0103,0.9999,0.0067,0,-0.0522,-0.0062,0.9986,0,0,13.6396,-1.2923,1]},
{"frame":25,"values":[0.9986,-0.0132,0.0521,0,0.0122,0.9997,0.0209,0,-0.0524,-0.0202,0.9984,0,0,13.6396,-1.2923,1]}],"loopBehavior":1,"name":"anim","property":"_matrix"}},
{"name":"Neck","index":4,"matrix":[0.9993,-0.0274,-0.0266,0,0.0238,0.9913,-0.1294,0,0.0299,0.1287,0.9912,0,0,13.8774,-4.3542,1],"rest":[1,0,0,0,0,1,0,0,0,0,1,0,0,13.8774,-4.3542,1],"parentBoneIndex":3,"length":4.4379
,"animation":{"dataType":3,"framePerSecond":24,"keys":[
{"frame":1,"values":[0.9993,-0.0274,-0.0266,0,0.0238,0.9913,-0.1294,0,0.0299,0.1287,0.9912,0,0,13.8774,-4.3542,1]},
{"frame":2,"values":[0.9989,-0.0383,-0.0259,0,0.0342,0.9889,-0.1447,0,0.0312,0.1436,0.9891,0,0,13.8774,-4.3542,1]},
{"frame":3,"values":[0.996,-0.0869,-0.0187,0,0.084,0.9889,-0.1225,0,0.0291,0.1204,0.9923,0,0,13.8774,-4.3542,1]},
{"frame":4,"values":[0.9912,-0.1317,-0.0103,0,0.1307,0.9889,-0.0711,0,0.0195,0.0691,0.9974,0,0,13.8774,-4.3542,1]},
{"frame":5,"values":[0.9906,-0.1366,-0.0006,0,0.1366,0.9903,-0.0261,0,0.0042,0.0258,0.9997,0,0,13.8774,-4.3542,1]},
{"frame":6,"values":[0.9938,-0.1105,0.0078,0,0.1105,0.9938,-0.0074,0,-0.0069,0.0082,0.9999,0,0,13.8774,-4.3542,1]},
{"frame":7,"values":[0.996,-0.0887,0.0051,0,0.0887,0.9961,-0.0004,0,-0.0051,0.0009,1,0,0,13.8774,-4.3542,1]},
{"frame":8,"values":[0.9967,-0.0811,-0.007,0,0.0811,0.9967,0.0088,0,0.0063,-0.0094,0.9999,0,0,13.8774,-4.3542,1]},
{"frame":9,"values":[0.9971,-0.0741,-0.0156,0,0.0744,0.9971,0.0175,0,0.0142,-0.0186,0.9997,0,0,13.8774,-4.3542,1]},
{"frame":10,"values":[0.998,-0.0619,-0.0142,0,0.0622,0.9978,0.0211,0,0.0128,-0.022,0.9997,0,0,13.8774,-4.3542,1]},
{"frame":11,"values":[0.9986,-0.0513,-0.0094,0,0.0516,0.9983,0.0277,0,0.0079,-0.0282,0.9996,0,0,13.8774,-4.3542,1]},
{"frame":12,"values":[0.9989,-0.0467,-0.0084,0,0.0471,0.9972,0.058,0,0.0057,-0.0583,0.9983,0,0,13.8774,-4.3542,1]},
{"frame":13,"values":[0.999,-0.0436,-0.0092,0,0.0444,0.9921,0.1172,0,0.004,-0.1175,0.9931,0,0,13.8774,-4.3542,1]},
{"frame":14,"values":[0.9992,-0.0388,-0.005,0,0.039,0.9801,0.1947,0,-0.0026,-0.1948,0.9808,0,0,13.8774,-4.3542,1]},
{"frame":15,"values":[0.9992,-0.0409,0.0035,0,0.0387,0.9658,0.2565,0,-0.0138,-0.2562,0.9665,0,0,13.8774,-4.3542,1]},
{"frame":16,"values":[0.9981,-0.0615,0.007,0,0.0574,0.962,0.2669,0,-0.0232,-0.266,0.9637,0,0,13.8774,-4.3542,1]},
{"frame":17,"values":[0.9956,-0.0931,0.0049,0,0.0896,0.9708,0.2227,0,-0.0255,-0.2213,0.9749,0,0,13.8774,-4.3542,1]},
{"frame":18,"values":[0.9937,-0.112,0.0074,0,0.1099,0.9844,0.1375,0,-0.0227,-0.1358,0.9905,0,0,13.8774,-4.3542,1]},
{"frame":19,"values":[0.9944,-0.1035,0.0193,0,0.103,0.9944,0.0249,0,-0.0217,-0.0227,0.9995,0,0,13.8774,-4.3542,1]},
{"frame":20,"values":[0.9966,-0.0757,0.0323,0,0.0789,0.9903,-0.114,0,-0.0234,0.1162,0.993,0,0,13.8774,-4.3542,1]},
{"frame":21,"values":[0.9979,-0.0534,0.0359,0,0.0606,0.9678,-0.2441,0,-0.0217,0.2458,0.9691,0,0,13.8774,-4.3542,1]},
{"frame":22,"values":[0.9984,-0.0487,0.0284,0,0.055,0.9522,-0.3004,0,-0.0124,0.3014,0.9534,0,0,13.8774,-4.3542,1]},
{"frame":23,"values":[0.9987,-0.0504,0.0125,0,0.0519,0.9624,-0.2666,0,0.0014,0.2668,0.9637,0,0,13.8774,-4.3542,1]},
{"frame":24,"values":[0.999,-0.0442,-0.0078,0,0.042,0.9812,-0.1883,0,0.016,0.1878,0.9821,0,0,13.8774,-4.3542,1]},
{"frame":25,"values":[0.9993,-0.0274,-0.0266,0,0.0238,0.9913,-0.1294,0,0.0299,0.1287,0.9912,0,0,13.8774,-4.3542,1]}],"loopBehavior":1,"name":"anim","property":"_matrix"}},
{"name":"Neck1","index":5,"matrix":[1,0,0,0,0,1,0,0,0,0,1,0,0,4.34,0.9269,1],"rest":[1,0,0,0,0,1,0,0,0,0,1,0,0,4.34,0.9269,1],"parentBoneIndex":4,"length":6.2291
,"animation":{"dataType":3,"framePerSecond":24,"keys":[
{"frame":1,"values":[1,0,0,0,0,1,0,0,0,0,1,0,0,4.34,0.9269,1]},
{"frame":25,"values":[1,0,0,0,0,1,0,0,0,0,1,0,0,4.34,0.9269,1]}],"loopBehavior":1,"name":"anim","property":"_matrix"}},
{"name":"Head","index":6,"matrix":[0.9948,0.0926,0.0424,0,-0.0665,0.9061,-0.4179,0,-0.0771,0.4129,0.9075,0,0,4.0266,0.8585,1],"rest":[1,0,0,0,0,1,0,0,0,0,1,0,0,4.0266,0.8585,1],"parentBoneIndex":5,"length":14.8424
,"animation":{"dataType":3,"framePerSecond":24,"keys":[
{"frame":1,"values":[0.9948,0.0926,0.0424,0,-0.0665,0.9061,-0.4179,0,-0.0771,0.4129,0.9075,0,0,4.0266,0.8585,1]},
{"frame":2,"values":[0.9981,0.0433,-0.0435,0,-0.0511,0.9786,-0.1992,0,0.0339,0.2011,0.979,0,0,4.0266,0.8585,1]},
{"frame":3,"values":[0.9929,-0.0278,-0.1154,0,0.0397,0.994,0.1023,0,0.1118,-0.1062,0.988,0,0,4.0266,0.8585,1]},
{"frame":4,"values":[0.9825,-0.0903,-0.163,0,0.1411,0.932,0.3338,0,0.1218,-0.351,0.9284,0,0,4.0266,0.8585,1]},
{"frame":5,"values":[0.9775,-0.1332,-0.1636,0,0.1896,0.8947,0.4045,0,0.0925,-0.4264,0.8998,0,0,4.0266,0.8585,1]},
{"frame":6,"values":[0.9788,-0.1549,-0.134,0,0.1922,0.9204,0.3404,0,0.0706,-0.3589,0.9307,0,0,4.0266,0.8585,1]},
{"frame":7,"values":[0.9786,-0.1697,-0.116,0,0.1916,0.9574,0.2162,0,0.0744,-0.2338,0.9694,0,0,4.0266,0.8585,1]},
{"frame":8,"values":[0.9766,-0.1875,-0.1054,0,0.1953,0.9783,0.0692,0,0.0902,-0.0882,0.992,0,0,4.0266,0.8585,1]},
{"frame":9,"values":[0.9776,-0.1947,-0.0794,0,0.1891,0.9793,-0.0727,0,0.0919,0.056,0.9942,0,0,4.0266,0.8585,1]},
{"frame":10,"values":[0.983,-0.1794,-0.0389,0,0.1701,0.9699,-0.1741,0,0.069,0.1646,0.984,0,0,4.0266,0.8585,1]},
{"frame":11,"values":[0.9887,-0.1497,0,0,0.1459,0.9636,-0.2239,0,0.0335,0.2214,0.9746,0,0,4.0266,0.8585,1]},
{"frame":12,"values":[0.9932,-0.1113,0.0333,0,0.116,0.9679,-0.223,0,-0.0075,0.2253,0.9743,0,0,4.0266,0.8585,1]},
{"frame":13,"values":[0.9946,-0.066,0.0806,0,0.0807,0.9775,-0.1951,0,-0.066,0.2005,0.9775,0,0,4.0266,0.8585,1]},
{"frame":14,"values":[0.9865,-0.0257,0.1616,0,0.0517,0.9859,-0.1589,0,-0.1553,0.1651,0.974,0,0,4.0266,0.8585,1]},
{"frame":15,"values":[0.9651,-0.009,0.2616,0,0.0478,0.9886,-0.1426,0,-0.2573,0.1501,0.9546,0,0,4.0266,0.8585,1]},
{"frame":16,"values":[0.9396,-0.0142,0.342,0,0.0649,0.9884,-0.1373,0,-0.3361,0.1512,0.9296,0,0,4.0266,0.8585,1]},
{"frame":17,"values":[0.9221,-0.0245,0.3862,0,0.0576,0.9956,-0.0744,0,-0.3827,0.0908,0.9194,0,0,4.0266,0.8585,1]},
{"frame":18,"values":[0.9095,-0.0215,0.4151,0,-0.0151,0.9963,0.0845,0,-0.4154,-0.0831,0.9059,0,0,4.0266,0.8585,1]},
{"frame":19,"values":[0.8935,0.0059,0.449,0,-0.1256,0.9633,0.2374,0,-0.4311,-0.2685,0.8615,0,0,4.0266,0.8585,1]},
{"frame":20,"values":[0.8839,0.0569,0.4641,0,-0.2092,0.9358,0.2836,0,-0.4182,-0.3478,0.8391,0,0,4.0266,0.8585,1]},
{"frame":21,"values":[0.8878,0.1151,0.4456,0,-0.2426,0.9399,0.2405,0,-0.3911,-0.3216,0.8623,0,0,4.0266,0.8585,1]},
{"frame":22,"values":[0.9053,0.1635,0.392,0,-0.23,0.9646,0.1288,0,-0.3571,-0.2068,0.9109,0,0,4.0266,0.8585,1]},
{"frame":23,"values":[0.936,0.1885,0.2974,0,-0.1826,0.982,-0.0477,0,-0.301,-0.0096,0.9536,0,0,4.0266,0.8585,1]},
{"frame":24,"values":[0.9716,0.1653,0.1693,0,-0.1181,0.9588,-0.2584,0,-0.205,0.2311,0.9511,0,0,4.0266,0.8585,1]},
{"frame":25,"values":[0.9948,0.0926,0.0424,0,-0.0665,0.9061,-0.4179,0,-0.0771,0.4129,0.9075,0,0,4.0266,0.8585,1]}],"loopBehavior":1,"name":"anim","property":"_matrix"}},
{"name":"L_Ear","index":7,"matrix":[1,0,0,0,0,1,0,0,0,0,1,0,6.8586,8.862,3.3161,1],"rest":[1,0,0,0,0,1,0,0,0,0,1,0,6.8586,8.862,3.3161,1],"parentBoneIndex":6,"length":14.8424
,"animation":{"dataType":3,"framePerSecond":24,"keys":[
{"frame":1,"values":[1,0,0,0,0,1,0,0,0,0,1,0,6.8586,8.862,3.3161,1]},
{"frame":25,"values":[1,0,0,0,0,1,0,0,0,0,1,0,6.8586,8.862,3.3161,1]}],"loopBehavior":1,"name":"anim","property":"_matrix"}},
{"name":"Jaw","index":8,"matrix":[1,0,0,0,0,1,0,0,0,0,1,0,0.0038,6.235,4.4131,1],"rest":[1,0,0,0,0,1,0,0,0,0,1,0,0.0038,6.235,4.4131,1],"parentBoneIndex":6,"length":8.9884
,"animation":{"dataType":3,"framePerSecond":24,"keys":[
{"frame":1,"values":[1,0,0,0,0,1,0,0,0,0,1,0,0.0038,6.235,4.4131,1]},
{"frame":25,"values":[1,0,0,0,0,1,0,0,0,0,1,0,0.0038,6.235,4.4131,1]}],"loopBehavior":1,"name":"anim","property":"_matrix"}},
{"name":"TongueBack","index":9,"matrix":[1,0,0,0,0,1,0,0,0,0,1,0,0,-3.3518,4.6468,1],"rest":[1,0,0,0,0,1,0,0,0,0,1,0,0,-3.3518,4.6468,1],"parentBoneIndex":8,"length":1.6664
,"animation":{"dataType":3,"framePerSecond":24,"keys":[
{"frame":1,"values":[1,0,0,0,0,1,0,0,0,0,1,0,0,-3.3518,4.6468,1]},
{"frame":25,"values":[1,0,0,0,0,1,0,0,0,0,1,0,0,-3.3518,4.6468,1]}],"loopBehavior":1,"name":"anim","property":"_matrix"}},
{"name":"TongueMid","index":10,"matrix":[1,0,0,0,0,1,0,0,0,0,1,0,0,0.0424,1.6659,1],"rest":[1,0,0,0,0,1,0,0,0,0,1,0,0,0.0424,1.6659,1],"parentBoneIndex":9,"length":1.3561
,"animation":{"dataType":3,"framePerSecond":24,"keys":[
{"frame":1,"values":[1,0,0,0,0,1,0,0,0,0,1,0,0,0.0424,1.6659,1]},
{"frame":25,"values":[1,0,0,0,0,1,0,0,0,0,1,0,0,0.0424,1.6659,1]}],"loopBehavior":1,"name":"anim","property":"_matrix"}},
{"name":"TongueTip","index":11,"matrix":[1,0,0,0,0,1,0,0,0,0,1,0,0,-0.4344,1.2847,1],"rest":[1,0,0,0,0,1,0,0,0,0,1,0,0,-0.4344,1.2847,1],"parentBoneIndex":10,"length":1.3561
,"animation":{"dataType":3,"framePerSecond":24,"keys":[
{"frame":1,"values":[1,0,0,0,0,1,0,0,0,0,1,0,0,-0.4344,1.2847,1]},
{"frame":25,"values":[1,0,0,0,0,1,0,0,0,0,1,0,0,-0.4344,1.2847,1]}],"loopBehavior":1,"name":"anim","property":"_matrix"}},
{"name":"Chin","index":12,"matrix":[1,0,0,0,0,1,0,0,0,0,1,0,-0.0038,-6.1605,9.1241,1],"rest":[1,0,0,0,0,1,0,0,0,0,1,0,-0.0038,-6.1605,9.1241,1],"parentBoneIndex":8,"length":8.9884
,"animation":{"dataType":3,"framePerSecond":24,"keys":[
{"frame":1,"values":[1,0,0,0,0,1,0,0,0,0,1,0,-0.0038,-6.1605,9.1241,1]},
{"frame":25,"values":[1,0,0,0,0,1,0,0,0,0,1,0,-0.0038,-6.1605,9.1241,1]}],"loopBehavior":1,"name":"anim","property":"_matrix"}},
{"name":"LowerChin","index":13,"matrix":[1,0,0,0,0,1,0,0,0,0,1,0,-0.0038,-8.2784,6.0042,1],"rest":[1,0,0,0,0,1,0,0,0,0,1,0,-0.0038,-8.2784,6.0042,1],"parentBoneIndex":8,"length":8.9884
,"animation":{"dataType":3,"framePerSecond":24,"keys":[
{"frame":1,"values":[1,0,0,0,0,1,0,0,0,0,1,0,-0.0038,-8.2784,6.0042,1]},
{"frame":25,"values":[1,0,0,0,0,1,0,0,0,0,1,0,-0.0038,-8.2784,6.0042,1]}],"loopBehavior":1,"name":"anim","property":"_matrix"}},
{"name":"L_Temple","index":14,"matrix":[1,0,0,0,0,1,0,0,0,0,1,0,6.7164,11.953,7.4033,1],"rest":[1,0,0,0,0,1,0,0,0,0,1,0,6.7164,11.953,7.4033,1],"parentBoneIndex":6,"length":14.8424
,"animation":{"dataType":3,"framePerSecond":24,"keys":[
{"frame":1,"values":[1,0,0,0,0,1,0,0,0,0,1,0,6.7164,11.953,7.4033,1]},
{"frame":25,"values":[1,0,0,0,0,1,0,0,0,0,1,0,6.7164,11.953,7.4033,1]}],"loopBehavior":1,"name":"anim","property":"_matrix"}},
{"name":"L_IOuterBrow","index":15,"matrix":[1,0,0,0,0,1,0,0,0,0,1,0,5.185,11.3348,12.3701,1],"rest":[1,0,0,0,0,1,0,0,0,0,1,0,5.185,11.3348,12.3701,1],"parentBoneIndex":6,"length":14.8424
,"animation":{"dataType":3,"framePerSecond":24,"keys":[
{"frame":1,"values":[1,0,0,0,0,1,0,0,0,0,1,0,5.185,11.3348,12.3701,1]},
{"frame":25,"values":[1,0,0,0,0,1,0,0,0,0,1,0,5.185,11.3348,12.3701,1]}],"loopBehavior":1,"name":"anim","property":"_matrix"}},
{"name":"L_MidBrow","index":16,"matrix":[1,0,0,0,0,1,0,0,0,0,1,0,3.3668,11.4156,13.6166,1],"rest":[1,0,0,0,0,1,0,0,0,0,1,0,3.3668,11.4156,13.6166,1],"parentBoneIndex":6,"length":14.8424
,"animation":{"dataType":3,"framePerSecond":24,"keys":[
{"frame":1,"values":[1,0,0,0,0,1,0,0,0,0,1,0,3.3668,11.4156,13.6166,1]},
{"frame":25,"values":[1,0,0,0,0,1,0,0,0,0,1,0,3.3668,11.4156,13.6166,1]}],"loopBehavior":1,"name":"anim","property":"_matrix"}},
{"name":"L_InnerBrow","index":17,"matrix":[1,0,0,0,0,1,0,0,0,0,1,0,1.6599,10.7576,14.115,1],"rest":[1,0,0,0,0,1,0,0,0,0,1,0,1.6599,10.7576,14.115,1],"parentBoneIndex":6,"length":14.8424
,"animation":{"dataType":3,"framePerSecond":24,"keys":[
{"frame":1,"values":[1,0,0,0,0,1,0,0,0,0,1,0,1.6599,10.7576,14.115,1]},
{"frame":25,"values":[1,0,0,0,0,1,0,0,0,0,1,0,1.6599,10.7576,14.115,1]}],"loopBehavior":1,"name":"anim","property":"_matrix"}},
{"name":"L_Eye","index":18,"matrix":[1,0,0,0,0,1,0,0,0,0,1,0,3.0989,9.6989,11.4382,1],"rest":[1,0,0,0,0,1,0,0,0,0,1,0,3.0989,9.6989,11.4382,1],"parentBoneIndex":6,"length":14.8424
,"animation":{"dataType":3,"framePerSecond":24,"keys":[
{"frame":1,"values":[1,0,0,0,0,1,0,0,0,0,1,0,3.0989,9.6989,11.4382,1]},
{"frame":25,"values":[1,0,0,0,0,1,0,0,0,0,1,0,3.0989,9.6989,11.4382,1]}],"loopBehavior":1,"name":"anim","property":"_matrix"}},
{"name":"L_EyelidLower","index":19,"matrix":[1,0,0,0,0,1,0,0,0,0,1,0,3.0989,9.6989,11.4382,1],"rest":[1,0,0,0,0,1,0,0,0,0,1,0,3.0989,9.6989,11.4382,1],"parentBoneIndex":6,"length":14.8424
,"animation":{"dataType":3,"framePerSecond":24,"keys":[
{"frame":1,"values":[1,0,0,0,0,1,0,0,0,0,1,0,3.0989,9.6989,11.4382,1]},
{"frame":25,"values":[1,0,0,0,0,1,0,0,0,0,1,0,3.0989,9.6989,11.4382,1]}],"loopBehavior":1,"name":"anim","property":"_matrix"}},
{"name":"L_EyelidUpper","index":20,"matrix":[1,0,0,0,0,1,0,0,0,0,1,0,3.0989,9.6989,11.4382,1],"rest":[1,0,0,0,0,1,0,0,0,0,1,0,3.0989,9.6989,11.4382,1],"parentBoneIndex":6,"length":14.8424
,"animation":{"dataType":3,"framePerSecond":24,"keys":[
{"frame":1,"values":[1,0,0,0,0,1,0,0,0,0,1,0,3.0989,9.6989,11.4382,1]},
{"frame":25,"values":[1,0,0,0,0,1,0,0,0,0,1,0,3.0989,9.6989,11.4382,1]}],"loopBehavior":1,"name":"anim","property":"_matrix"}},
{"name":"L_InnerCheek","index":21,"matrix":[1,0,0,0,0,1,0,0,0,0,1,0,2.1484,7.4937,13.4347,1],"rest":[1,0,0,0,0,1,0,0,0,0,1,0,2.1484,7.4937,13.4347,1],"parentBoneIndex":6,"length":14.8424
,"animation":{"dataType":3,"framePerSecond":24,"keys":[
{"frame":1,"values":[1,0,0,0,0,1,0,0,0,0,1,0,2.1484,7.4937,13.4347,1]},
{"frame":25,"values":[1,0,0,0,0,1,0,0,0,0,1,0,2.1484,7.4937,13.4347,1]}],"loopBehavior":1,"name":"anim","property":"_matrix"}},
{"name":"L_LowerCheek","index":22,"matrix":[1,0,0,0,0,1,0,0,0,0,1,0,4.3527,2.5675,9.9423,1],"rest":[1,0,0,0,0,1,0,0,0,0,1,0,4.3527,2.5675,9.9423,1],"parentBoneIndex":6,"length":14.8424
,"animation":{"dataType":3,"framePerSecond":24,"keys":[
{"frame":1,"values":[1,0,0,0,0,1,0,0,0,0,1,0,4.3527,2.5675,9.9423,1]},
{"frame":25,"values":[1,0,0,0,0,1,0,0,0,0,1,0,4.3527,2.5675,9.9423,1]}],"loopBehavior":1,"name":"anim","property":"_matrix"}},
{"name":"L_LipCorner","index":23,"matrix":[1,0,0,0,0,1,0,0,0,0,1,0,2.9076,2.9095,12.5938,1],"rest":[1,0,0,0,0,1,0,0,0,0,1,0,2.9076,2.9095,12.5938,1],"parentBoneIndex":6,"length":0.9548
,"animation":{"dataType":3,"framePerSecond":24,"keys":[
{"frame":1,"values":[1,0,0,0,0,1,0,0,0,0,1,0,2.9076,2.9095,12.5938,1]},
{"frame":25,"values":[1,0,0,0,0,1,0,0,0,0,1,0,2.9076,2.9095,12.5938,1]}],"loopBehavior":1,"name":"anim","property":"_matrix"}},
{"name":"L_LipCornerLowTweak","index":24,"matrix":[1,0,0,0,0,1,0,0,0,0,1,0,-0.8072,-0.3254,0.4547,1],"rest":[1,0,0,0,0,1,0,0,0,0,1,0,-0.8072,-0.3254,0.4547,1],"parentBoneIndex":23,"length":0.9548
,"animation":{"dataType":3,"framePerSecond":24,"keys":[
{"frame":1,"values":[1,0,0,0,0,1,0,0,0,0,1,0,-0.8072,-0.3254,0.4547,1]},
{"frame":25,"values":[1,0,0,0,0,1,0,0,0,0,1,0,-0.8072,-0.3254,0.4547,1]}],"loopBehavior":1,"name":"anim","property":"_matrix"}},
{"name":"L_LipCornerUpTweak","index":25,"matrix":[1,0,0,0,0,1,0,0,0,0,1,0,-0.7251,0.0237,0.5782,1],"rest":[1,0,0,0,0,1,0,0,0,0,1,0,-0.7251,0.0237,0.5782,1],"parentBoneIndex":23,"length":0.9548
,"animation":{"dataType":3,"framePerSecond":24,"keys":[
{"frame":1,"values":[1,0,0,0,0,1,0,0,0,0,1,0,-0.7251,0.0237,0.5782,1]},
{"frame":25,"values":[1,0,0,0,0,1,0,0,0,0,1,0,-0.7251,0.0237,0.5782,1]}],"loopBehavior":1,"name":"anim","property":"_matrix"}},
{"name":"L_LipLower","index":26,"matrix":[1,0,0,0,0,1,0,0,0,0,1,0,1.2586,2.3762,13.5915,1],"rest":[1,0,0,0,0,1,0,0,0,0,1,0,1.2586,2.3762,13.5915,1],"parentBoneIndex":6,"length":14.8424
,"animation":{"dataType":3,"framePerSecond":24,"keys":[
{"frame":1,"values":[1,0,0,0,0,1,0,0,0,0,1,0,1.2586,2.3762,13.5915,1]},
{"frame":25,"values":[1,0,0,0,0,1,0,0,0,0,1,0,1.2586,2.3762,13.5915,1]}],"loopBehavior":1,"name":"anim","property":"_matrix"}},
{"name":"L_LipUpper","index":27,"matrix":[1,0,0,0,0,1,0,0,0,0,1,0,1.2981,3.1535,13.8987,1],"rest":[1,0,0,0,0,1,0,0,0,0,1,0,1.2981,3.1535,13.8987,1],"parentBoneIndex":6,"length":14.8424
,"animation":{"dataType":3,"framePerSecond":24,"keys":[
{"frame":1,"values":[1,0,0,0,0,1,0,0,0,0,1,0,1.2981,3.1535,13.8987,1]},
{"frame":25,"values":[1,0,0,0,0,1,0,0,0,0,1,0,1.2981,3.1535,13.8987,1]}],"loopBehavior":1,"name":"anim","property":"_matrix"}},
{"name":"LipMidLower","index":28,"matrix":[1,0,0,0,0,1,0,0,0,0,1,0,0,2.4182,14.0113,1],"rest":[1,0,0,0,0,1,0,0,0,0,1,0,0,2.4182,14.0113,1],"parentBoneIndex":6,"length":14.8424
,"animation":{"dataType":3,"framePerSecond":24,"keys":[
{"frame":1,"values":[1,0,0,0,0,1,0,0,0,0,1,0,0,2.4182,14.0113,1]},
{"frame":25,"values":[1,0,0,0,0,1,0,0,0,0,1,0,0,2.4182,14.0113,1]}],"loopBehavior":1,"name":"anim","property":"_matrix"}},
{"name":"LipMidUpper","index":29,"matrix":[1,0,0,0,0,1,0,0,0,0,1,0,0,3.2177,14.3127,1],"rest":[1,0,0,0,0,1,0,0,0,0,1,0,0,3.2177,14.3127,1],"parentBoneIndex":6,"length":14.8424
,"animation":{"dataType":3,"framePerSecond":24,"keys":[
{"frame":1,"values":[1,0,0,0,0,1,0,0,0,0,1,0,0,3.2177,14.3127,1]},
{"frame":25,"values":[1,0,0,0,0,1,0,0,0,0,1,0,0,3.2177,14.3127,1]}],"loopBehavior":1,"name":"anim","property":"_matrix"}},
{"name":"L_CheekFold","index":30,"matrix":[1,0,0,0,0,1,0,0,0,0,1,0,2.8997,4.8397,12.9905,1],"rest":[1,0,0,0,0,1,0,0,0,0,1,0,2.8997,4.8397,12.9905,1],"parentBoneIndex":6,"length":14.8424
,"animation":{"dataType":3,"framePerSecond":24,"keys":[
{"frame":1,"values":[1,0,0,0,0,1,0,0,0,0,1,0,2.8997,4.8397,12.9905,1]},
{"frame":25,"values":[1,0,0,0,0,1,0,0,0,0,1,0,2.8997,4.8397,12.9905,1]}],"loopBehavior":1,"name":"anim","property":"_matrix"}},
{"name":"L_Nostril","index":31,"matrix":[1,0,0,0,0,1,0,0,0,0,1,0,1.2793,5.2449,14.0405,1],"rest":[1,0,0,0,0,1,0,0,0,0,1,0,1.2793,5.2449,14.0405,1],"parentBoneIndex":6,"length":14.8424
,"animation":{"dataType":3,"framePerSecond":24,"keys":[
{"frame":1,"values":[1,0,0,0,0,1,0,0,0,0,1,0,1.2793,5.2449,14.0405,1]},
{"frame":25,"values":[1,0,0,0,0,1,0,0,0,0,1,0,1.2793,5.2449,14.0405,1]}],"loopBehavior":1,"name":"anim","property":"_matrix"}},
{"name":"Scalp","index":32,"matrix":[1,0,0,0,0,1,0,0,0,0,1,0,0.0038,15.512,8.5871,1],"rest":[1,0,0,0,0,1,0,0,0,0,1,0,0.0038,15.512,8.5871,1],"parentBoneIndex":6,"length":14.8424
,"animation":{"dataType":3,"framePerSecond":24,"keys":[
{"frame":1,"values":[1,0,0,0,0,1,0,0,0,0,1,0,0.0038,15.512,8.5871,1]},
{"frame":25,"values":[1,0,0,0,0,1,0,0,0,0,1,0,0.0038,15.512,8.5871,1]}],"loopBehavior":1,"name":"anim","property":"_matrix"}},
{"name":"L_OuterCheek","index":33,"matrix":[1,0,0,0,0,1,0,0,0,0,1,0,4.805,7.1686,11.679,1],"rest":[1,0,0,0,0,1,0,0,0,0,1,0,4.805,7.1686,11.679,1],"parentBoneIndex":6,"length":14.8424
,"animation":{"dataType":3,"framePerSecond":24,"keys":[
{"frame":1,"values":[1,0,0,0,0,1,0,0,0,0,1,0,4.805,7.1686,11.679,1]},
{"frame":25,"values":[1,0,0,0,0,1,0,0,0,0,1,0,4.805,7.1686,11.679,1]}],"loopBehavior":1,"name":"anim","property":"_matrix"}},
{"name":"R_LipLower","index":34,"matrix":[1,0,0,0,0,1,0,0,0,0,1,0,-1.2586,2.3762,13.5915,1],"rest":[1,0,0,0,0,1,0,0,0,0,1,0,-1.2586,2.3762,13.5915,1],"parentBoneIndex":6,"length":14.8424
,"animation":{"dataType":3,"framePerSecond":24,"keys":[
{"frame":1,"values":[1,0,0,0,0,1,0,0,0,0,1,0,-1.2586,2.3762,13.5915,1]},
{"frame":25,"values":[1,0,0,0,0,1,0,0,0,0,1,0,-1.2586,2.3762,13.5915,1]}],"loopBehavior":1,"name":"anim","property":"_matrix"}},
{"name":"RightNostril","index":35,"matrix":[1,0,0,0,0,1,0,0,0,0,1,0,-1.2793,5.2449,14.0405,1],"rest":[1,0,0,0,0,1,0,0,0,0,1,0,-1.2793,5.2449,14.0405,1],"parentBoneIndex":6,"length":14.8424
,"animation":{"dataType":3,"framePerSecond":24,"keys":[
{"frame":1,"values":[1,0,0,0,0,1,0,0,0,0,1,0,-1.2793,5.2449,14.0405,1]},
{"frame":25,"values":[1,0,0,0,0,1,0,0,0,0,1,0,-1.2793,5.2449,14.0405,1]}],"loopBehavior":1,"name":"anim","property":"_matrix"}},
{"name":"R_CheekFold","index":36,"matrix":[1,0,0,0,0,1,0,0,0,0,1,0,-2.8997,4.8397,12.9905,1],"rest":[1,0,0,0,0,1,0,0,0,0,1,0,-2.8997,4.8397,12.9905,1],"parentBoneIndex":6,"length":14.8424
,"animation":{"dataType":3,"framePerSecond":24,"keys":[
{"frame":1,"values":[1,0,0,0,0,1,0,0,0,0,1,0,-2.8997,4.8397,12.9905,1]},
{"frame":25,"values":[1,0,0,0,0,1,0,0,0,0,1,0,-2.8997,4.8397,12.9905,1]}],"loopBehavior":1,"name":"anim","property":"_matrix"}},
{"name":"R_LowerCheek","index":37,"matrix":[1,0,0,0,0,1,0,0,0,0,1,0,-4.3527,2.5675,9.9423,1],"rest":[1,0,0,0,0,1,0,0,0,0,1,0,-4.3527,2.5675,9.9423,1],"parentBoneIndex":6,"length":14.8424
,"animation":{"dataType":3,"framePerSecond":24,"keys":[
{"frame":1,"values":[1,0,0,0,0,1,0,0,0,0,1,0,-4.3527,2.5675,9.9423,1]},
{"frame":25,"values":[1,0,0,0,0,1,0,0,0,0,1,0,-4.3527,2.5675,9.9423,1]}],"loopBehavior":1,"name":"anim","property":"_matrix"}},
{"name":"R_gLipCorner","index":38,"matrix":[1,0,0,0,0,1,0,0,0,0,1,0,-2.9076,2.9095,12.5938,1],"rest":[1,0,0,0,0,1,0,0,0,0,1,0,-2.9076,2.9095,12.5938,1],"parentBoneIndex":6,"length":0.9548
,"animation":{"dataType":3,"framePerSecond":24,"keys":[
{"frame":1,"values":[1,0,0,0,0,1,0,0,0,0,1,0,-2.9076,2.9095,12.5938,1]},
{"frame":25,"values":[1,0,0,0,0,1,0,0,0,0,1,0,-2.9076,2.9095,12.5938,1]}],"loopBehavior":1,"name":"anim","property":"_matrix"}},
{"name":"R_gLipCornerLowTweak","index":39,"matrix":[1,0,0,0,0,1,0,0,0,0,1,0,0.8072,-0.3254,0.4547,1],"rest":[1,0,0,0,0,1,0,0,0,0,1,0,0.8072,-0.3254,0.4547,1],"parentBoneIndex":38,"length":0.9548
,"animation":{"dataType":3,"framePerSecond":24,"keys":[
{"frame":1,"values":[1,0,0,0,0,1,0,0,0,0,1,0,0.8072,-0.3254,0.4547,1]},
{"frame":25,"values":[1,0,0,0,0,1,0,0,0,0,1,0,0.8072,-0.3254,0.4547,1]}],"loopBehavior":1,"name":"anim","property":"_matrix"}},
{"name":"R_gLipCornerUpTweak","index":40,"matrix":[1,0,0,0,0,1,0,0,0,0,1,0,0.7251,0.0237,0.5782,1],"rest":[1,0,0,0,0,1,0,0,0,0,1,0,0.7251,0.0237,0.5782,1],"parentBoneIndex":38,"length":0.9548
,"animation":{"dataType":3,"framePerSecond":24,"keys":[
{"frame":1,"values":[1,0,0,0,0,1,0,0,0,0,1,0,0.7251,0.0237,0.5782,1]},
{"frame":25,"values":[1,0,0,0,0,1,0,0,0,0,1,0,0.7251,0.0237,0.5782,1]}],"loopBehavior":1,"name":"anim","property":"_matrix"}},
{"name":"R_LipUpper","index":41,"matrix":[1,0,0,0,0,1,0,0,0,0,1,0,-1.2981,3.1535,13.8987,1],"rest":[1,0,0,0,0,1,0,0,0,0,1,0,-1.2981,3.1535,13.8987,1],"parentBoneIndex":6,"length":14.8424
,"animation":{"dataType":3,"framePerSecond":24,"keys":[
{"frame":1,"values":[1,0,0,0,0,1,0,0,0,0,1,0,-1.2981,3.1535,13.8987,1]},
{"frame":25,"values":[1,0,0,0,0,1,0,0,0,0,1,0,-1.2981,3.1535,13.8987,1]}],"loopBehavior":1,"name":"anim","property":"_matrix"}},
{"name":"R_OuterCheek","index":42,"matrix":[1,0,0,0,0,1,0,0,0,0,1,0,-4.805,7.1686,11.679,1],"rest":[1,0,0,0,0,1,0,0,0,0,1,0,-4.805,7.1686,11.679,1],"parentBoneIndex":6,"length":14.8424
,"animation":{"dataType":3,"framePerSecond":24,"keys":[
{"frame":1,"values":[1,0,0,0,0,1,0,0,0,0,1,0,-4.805,7.1686,11.679,1]},
{"frame":25,"values":[1,0,0,0,0,1,0,0,0,0,1,0,-4.805,7.1686,11.679,1]}],"loopBehavior":1,"name":"anim","property":"_matrix"}},
{"name":"MidBrows","index":43,"matrix":[1,0,0,0,0,1,0,0,0,0,1,0,0,10.8004,14.2738,1],"rest":[1,0,0,0,0,1,0,0,0,0,1,0,0,10.8004,14.2738,1],"parentBoneIndex":6,"length":14.8424
,"animation":{"dataType":3,"framePerSecond":24,"keys":[
{"frame":1,"values":[1,0,0,0,0,1,0,0,0,0,1,0,0,10.8004,14.2738,1]},
{"frame":25,"values":[1,0,0,0,0,1,0,0,0,0,1,0,0,10.8004,14.2738,1]}],"loopBehavior":1,"name":"anim","property":"_matrix"}},
{"name":"R_InnerBrow","index":44,"matrix":[1,0,0,0,0,1,0,0,0,0,1,0,-1.6599,10.7576,14.115,1],"rest":[1,0,0,0,0,1,0,0,0,0,1,0,-1.6599,10.7576,14.115,1],"parentBoneIndex":6,"length":14.8424
,"animation":{"dataType":3,"framePerSecond":24,"keys":[
{"frame":1,"values":[1,0,0,0,0,1,0,0,0,0,1,0,-1.6599,10.7576,14.115,1]},
{"frame":25,"values":[1,0,0,0,0,1,0,0,0,0,1,0,-1.6599,10.7576,14.115,1]}],"loopBehavior":1,"name":"anim","property":"_matrix"}},
{"name":"R_MidBrow","index":45,"matrix":[1,0,0,0,0,1,0,0,0,0,1,0,-3.3668,11.4156,13.6166,1],"rest":[1,0,0,0,0,1,0,0,0,0,1,0,-3.3668,11.4156,13.6166,1],"parentBoneIndex":6,"length":14.8424
,"animation":{"dataType":3,"framePerSecond":24,"keys":[
{"frame":1,"values":[1,0,0,0,0,1,0,0,0,0,1,0,-3.3668,11.4156,13.6166,1]},
{"frame":25,"values":[1,0,0,0,0,1,0,0,0,0,1,0,-3.3668,11.4156,13.6166,1]}],"loopBehavior":1,"name":"anim","property":"_matrix"}},
{"name":"R_IOuterBrow","index":46,"matrix":[1,0,0,0,0,1,0,0,0,0,1,0,-5.185,11.3348,12.3701,1],"rest":[1,0,0,0,0,1,0,0,0,0,1,0,-5.185,11.3348,12.3701,1],"parentBoneIndex":6,"length":14.8424
,"animation":{"dataType":3,"framePerSecond":24,"keys":[
{"frame":1,"values":[1,0,0,0,0,1,0,0,0,0,1,0,-5.185,11.3348,12.3701,1]},
{"frame":25,"values":[1,0,0,0,0,1,0,0,0,0,1,0,-5.185,11.3348,12.3701,1]}],"loopBehavior":1,"name":"anim","property":"_matrix"}},
{"name":"R_Eye","index":47,"matrix":[1,0,0,0,0,1,0,0,0,0,1,0,-3.0989,9.6989,11.4382,1],"rest":[1,0,0,0,0,1,0,0,0,0,1,0,-3.0989,9.6989,11.4382,1],"parentBoneIndex":6,"length":14.8424
,"animation":{"dataType":3,"framePerSecond":24,"keys":[
{"frame":1,"values":[1,0,0,0,0,1,0,0,0,0,1,0,-3.0989,9.6989,11.4382,1]},
{"frame":25,"values":[1,0,0,0,0,1,0,0,0,0,1,0,-3.0989,9.6989,11.4382,1]}],"loopBehavior":1,"name":"anim","property":"_matrix"}},
{"name":"R_EyelidLower","index":48,"matrix":[1,0,0,0,0,1,0,0,0,0,1,0,-3.0989,9.6989,11.4382,1],"rest":[1,0,0,0,0,1,0,0,0,0,1,0,-3.0989,9.6989,11.4382,1],"parentBoneIndex":6,"length":14.8424
,"animation":{"dataType":3,"framePerSecond":24,"keys":[
{"frame":1,"values":[1,0,0,0,0,1,0,0,0,0,1,0,-3.0989,9.6989,11.4382,1]},
{"frame":25,"values":[1,0,0,0,0,1,0,0,0,0,1,0,-3.0989,9.6989,11.4382,1]}],"loopBehavior":1,"name":"anim","property":"_matrix"}},
{"name":"R_EyelidUpper","index":49,"matrix":[1,0,0,0,0,1,0,0,0,0,1,0,-3.0989,9.6989,11.4382,1],"rest":[1,0,0,0,0,1,0,0,0,0,1,0,-3.0989,9.6989,11.4382,1],"parentBoneIndex":6,"length":14.8424
,"animation":{"dataType":3,"framePerSecond":24,"keys":[
{"frame":1,"values":[1,0,0,0,0,1,0,0,0,0,1,0,-3.0989,9.6989,11.4382,1]},
{"frame":25,"values":[1,0,0,0,0,1,0,0,0,0,1,0,-3.0989,9.6989,11.4382,1]}],"loopBehavior":1,"name":"anim","property":"_matrix"}},
{"name":"R_Temple","index":50,"matrix":[1,0,0,0,0,1,0,0,0,0,1,0,-6.7164,11.953,7.4033,1],"rest":[1,0,0,0,0,1,0,0,0,0,1,0,-6.7164,11.953,7.4033,1],"parentBoneIndex":6,"length":14.8424
,"animation":{"dataType":3,"framePerSecond":24,"keys":[
{"frame":1,"values":[1,0,0,0,0,1,0,0,0,0,1,0,-6.7164,11.953,7.4033,1]},
{"frame":25,"values":[1,0,0,0,0,1,0,0,0,0,1,0,-6.7164,11.953,7.4033,1]}],"loopBehavior":1,"name":"anim","property":"_matrix"}},
{"name":"R_Ear","index":51,"matrix":[1,0,0,0,0,1,0,0,0,0,1,0,-6.8586,8.862,3.3161,1],"rest":[1,0,0,0,0,1,0,0,0,0,1,0,-6.8586,8.862,3.3161,1],"parentBoneIndex":6,"length":14.8424
,"animation":{"dataType":3,"framePerSecond":24,"keys":[
{"frame":1,"values":[1,0,0,0,0,1,0,0,0,0,1,0,-6.8586,8.862,3.3161,1]},
