{"producer":{"name":"Blender","version":"2.90.0","exporter_version":"2.80.1","file":"walk_riffle.babylon"},
"autoClear":true,"clearColor":[0.0509,0.0509,0.0509],"gravity":[0,-9.81,0],
"materials":[{"name":"Material","id":"Material","customType":"BABYLON.PBRMaterial","backFaceCulling":true,"checkReadyOnlyOnce":false,"maxSimultaneousLights":4,"environmentIntensity":1,"albedo":[0.8,0.8,0.8],"reflectivity":[0.5,0.5,0.5],"roughness":0.4,"alpha":1,"transparencyMode":0,"alphaCutOff":0.4,"metallic":0}],
"multiMaterials":[],
"skeletons":[{"name":"Armature","id":0,"dimensionsAtRest":[188.1767,188.0947,21.7491],"bones":[
{"name":"Hips","index":0,"matrix":[0.7634,-0.0822,-0.6406,0,0.1053,0.9944,-0.0022,0,-0.6372,0.0658,-0.7678,0,0.0848,83.6417,0.0447,1],"rest":[1,0,0,0,0,1,0,0,0,0,-1,0,0,96.3764,0,1],"parentBoneIndex":-1,"length":9.9032
,"animation":{"dataType":3,"framePerSecond":24,"keys":[
{"frame":1,"values":[0.7634,-0.0822,-0.6406,0,0.1053,0.9944,-0.0022,0,-0.6372,0.0658,-0.7678,0,0.0848,83.6417,0.0447,1]},
{"frame":2,"values":[0.7412,-0.0816,-0.6663,0,0.0989,0.995,-0.0119,0,-0.6639,0.0571,-0.7456,0,0.0952,84.5249,1.6506,1]},
{"frame":3,"values":[0.7151,-0.0804,-0.6944,0,0.0908,0.9956,-0.0218,0,-0.6931,0.0475,-0.7193,0,0.1469,84.9445,2.9454,1]},
{"frame":4,"values":[0.6882,-0.0786,-0.7212,0,0.0817,0.9962,-0.0306,0,-0.7209,0.0378,-0.692,0,0.2455,84.8756,3.8529,1]},
{"frame":5,"values":[0.6641,-0.0774,-0.7437,0,0.0734,0.9966,-0.0383,0,-0.7441,0.0292,-0.6675,0,0.4019,84.4987,4.416,1]},
{"frame":6,"values":[0.6471,-0.0775,-0.7584,0,0.0675,0.9967,-0.0442,0,-0.7594,0.0225,-0.6503,0,0.8149,83.7689,4.5676,1]},
{"frame":7,"values":[0.6409,-0.078,-0.7636,0,0.0645,0.9968,-0.0476,0,-0.7649,0.0187,-0.6439,0,1.3926,82.8012,4.0737,1]},
{"frame":8,"values":[0.6468,-0.0774,-0.7587,0,0.0636,0.9968,-0.0475,0,-0.76,0.0175,-0.6497,0,1.998,81.5194,3.139,1]},
{"frame":9,"values":[0.6611,-0.0763,-0.7464,0,0.0641,0.9969,-0.0452,0,-0.7476,0.018,-0.6639,0,2.5744,80.1594,2.7033,1]},
{"frame":10,"values":[0.6825,-0.074,-0.7271,0,0.0652,0.9971,-0.0403,0,-0.728,0.0199,-0.6853,0,3.138,79.9845,2.6387,1]},
{"frame":11,"values":[0.7084,-0.069,-0.7024,0,0.0653,0.9974,-0.0321,0,-0.7028,0.0232,-0.7111,0,3.667,81.2026,3.3956,1]},
{"frame":12,"values":[0.7371,-0.0643,-0.6728,0,0.066,0.9976,-0.023,0,-0.6726,0.0275,-0.7395,0,4.1544,82.6209,4.6391,1]},
{"frame":13,"values":[0.766,-0.0608,-0.6399,0,0.0675,0.9976,-0.0139,0,-0.6392,0.0325,-0.7683,0,4.5372,83.8686,6.288,1]},
{"frame":14,"values":[0.7936,-0.0588,-0.6056,0,0.0699,0.9975,-0.0053,0,-0.6044,0.0381,-0.7958,0,4.6926,84.6947,7.9981,1]},
{"frame":15,"values":[0.8184,-0.0577,-0.5717,0,0.0725,0.9974,0.003,0,-0.57,0.0439,-0.8205,0,4.7187,84.9305,9.2079,1]},
{"frame":16,"values":[0.8393,-0.0576,-0.5406,0,0.0753,0.9971,0.0106,0,-0.5384,0.0495,-0.8412,0,4.644,84.1185,10.2042,1]},
{"frame":17,"values":[0.8558,-0.0586,-0.514,0,0.0784,0.9968,0.0168,0,-0.5114,0.0547,-0.8576,0,4.3264,82.5524,10.8456,1]},
{"frame":18,"values":[0.8667,-0.0598,-0.4951,0,0.0812,0.9965,0.0217,0,-0.4921,0.059,-0.8685,0,3.7846,80.7645,10.5389,1]},
{"frame":19,"values":[0.872,-0.0603,-0.4858,0,0.083,0.9962,0.0253,0,-0.4825,0.0624,-0.8737,0,3.1328,79.2669,8.91,1]},
{"frame":20,"values":[0.8697,-0.0611,-0.4897,0,0.0848,0.996,0.0263,0,-0.4862,0.0644,-0.8715,0,2.475,78.6646,7.0462,1]},
{"frame":21,"values":[0.8594,-0.0639,-0.5074,0,0.0885,0.9958,0.0244,0,-0.5037,0.0658,-0.8614,0,1.8808,78.8543,5.3371,1]},
{"frame":22,"values":[0.8407,-0.0681,-0.5373,0,0.0933,0.9954,0.0198,0,-0.5335,0.0668,-0.8432,0,1.3318,79.664,4.618,1]},
{"frame":23,"values":[0.8163,-0.0729,-0.573,0,0.0982,0.9951,0.0134,0,-0.5693,0.0672,-0.8194,0,0.8037,80.9431,3.8882,1]},
{"frame":24,"values":[0.7892,-0.0778,-0.6091,0,0.1025,0.9947,0.0057,0,-0.6055,0.0669,-0.793,0,0.3014,82.361,1.8996,1]},
{"frame":25,"values":[0.7634,-0.0822,-0.6406,0,0.1053,0.9944,-0.0022,0,-0.6372,0.0658,-0.7678,0,0.0848,83.6413,0.0447,1]}],"loopBehavior":1,"name":"anim","property":"_matrix"}},
{"name":"Spine","index":1,"matrix":[0.9995,-0.0309,-0.0106,0,0.0325,0.9794,0.1995,0,0.0043,-0.1997,0.9798,0,0,9.2263,1.5771,1],"rest":[1,0,0,0,0,1,0,0,0,0,1,0,0,9.2263,1.5771,1],"parentBoneIndex":0,"length":16.2548
,"animation":{"dataType":3,"framePerSecond":24,"keys":[
{"frame":1,"values":[0.9995,-0.0309,-0.0106,0,0.0325,0.9794,0.1995,0,0.0043,-0.1997,0.9798,0,0,9.2263,1.5771,1]},
{"frame":2,"values":[0.999,-0.0311,-0.0308,0,0.0361,0.9829,0.1805,0,0.0247,-0.1814,0.9831,0,0,9.2263,1.5771,1]},
{"frame":3,"values":[0.9981,-0.0324,-0.0527,0,0.0404,0.9863,0.1602,0,0.0468,-0.162,0.9857,0,0,9.2263,1.5771,1]},
{"frame":4,"values":[0.9966,-0.0343,-0.075,0,0.0448,0.9888,0.1425,0,0.0693,-0.1454,0.987,0,0,9.2263,1.5771,1]},
{"frame":5,"values":[0.9949,-0.0351,-0.0949,0,0.0472,0.9906,0.1287,0,0.0895,-0.1325,0.9871,0,0,9.2263,1.5771,1]},
{"frame":6,"values":[0.9936,-0.0285,-0.1088,0,0.042,0.9914,0.1237,0,0.1044,-0.1274,0.9863,0,0,9.2263,1.5771,1]},
{"frame":7,"values":[0.9933,-0.0152,-0.1146,0,0.0297,0.9916,0.1258,0,0.1118,-0.1284,0.9854,0,0,9.2263,1.5771,1]},
{"frame":8,"values":[0.9938,-0.0012,-0.1113,0,0.0164,0.9906,0.1361,0,0.1101,-0.137,0.9844,0,0,9.2263,1.5771,1]},
{"frame":9,"values":[0.9946,0.0113,-0.1029,0,0.0044,0.9885,0.1514,0,0.1034,-0.151,0.9831,0,0,9.2263,1.5771,1]},
{"frame":10,"values":[0.9957,0.0206,-0.0899,0,-0.0048,0.985,0.1726,0,0.0921,-0.1714,0.9809,0,0,9.2263,1.5771,1]},
{"frame":11,"values":[0.9969,0.0238,-0.0751,0,-0.0081,0.9792,0.2027,0,0.0783,-0.2014,0.9764,0,0,9.2263,1.5771,1]},
{"frame":12,"values":[0.998,0.0278,-0.0567,0,-0.0135,0.9709,0.2391,0,0.0617,-0.2379,0.9693,0,0,9.2263,1.5771,1]},
{"frame":13,"values":[0.9988,0.0341,-0.0356,0,-0.023,0.961,0.2755,0,0.0436,-0.2744,0.9606,0,0,9.2263,1.5771,1]},
{"frame":14,"values":[0.9992,0.0386,-0.0144,0,-0.0323,0.9506,0.3086,0,0.0256,-0.3079,0.9511,0,0,9.2263,1.5771,1]},
{"frame":15,"values":[0.999,0.0442,0.0066,0,-0.0438,0.9408,0.3362,0,0.0086,-0.3362,0.9418,0,0,9.2263,1.5771,1]},
{"frame":16,"values":[0.9982,0.0529,0.0276,0,-0.0592,0.9336,0.3533,0,-0.0071,-0.3543,0.9351,0,0,9.2263,1.5771,1]},
{"frame":17,"values":[0.9974,0.0572,0.0449,0,-0.0696,0.9311,0.358,0,-0.0213,-0.3602,0.9326,0,0,9.2263,1.5771,1]},
{"frame":18,"values":[0.9969,0.0556,0.056,0,-0.0718,0.9341,0.3499,0,-0.0328,-0.3528,0.9351,0,0,9.2263,1.5771,1]},
{"frame":19,"values":[0.9969,0.051,0.0603,0,-0.0683,0.9403,0.3334,0,-0.0397,-0.3365,0.9409,0,0,9.2263,1.5771,1]},
{"frame":20,"values":[0.9976,0.0405,0.0556,0,-0.056,0.9473,0.3154,0,-0.0399,-0.3177,0.9473,0,0,9.2263,1.5771,1]},
{"frame":21,"values":[0.9987,0.0237,0.0453,0,-0.0362,0.9536,0.2989,0,-0.0361,-0.3001,0.9532,0,0,9.2263,1.5771,1]},
{"frame":22,"values":[0.9995,0.0045,0.0304,0,-0.0128,0.9606,0.2776,0,-0.028,-0.2779,0.9602,0,0,9.2263,1.5771,1]},
{"frame":23,"values":[0.9998,-0.0131,0.014,0,0.0091,0.9676,0.2522,0,-0.0169,-0.2521,0.9676,0,0,9.2263,1.5771,1]},
{"frame":24,"values":[0.9996,-0.0277,-0.0009,0,0.0272,0.9744,0.2231,0,-0.0053,-0.223,0.9748,0,0,9.2263,1.5771,1]},
{"frame":25,"values":[0.9995,-0.0303,-0.0102,0,0.0317,0.979,0.2014,0,0.0039,-0.2016,0.9795,0,0,9.2263,1.5771,1]}],"loopBehavior":1,"name":"anim","property":"_matrix"}},
{"name":"Spine1","index":2,"matrix":[0.975,0.113,-0.1912,0,-0.0561,0.9583,0.2803,0,0.2149,-0.2626,0.9407,0,0,16.254,-0.1656,1],"rest":[1,0,0,0,0,1,0,0,0,0,1,0,0,16.254,-0.1656,1],"parentBoneIndex":1,"length":13.7007
,"animation":{"dataType":3,"framePerSecond":24,"keys":[
{"frame":1,"values":[0.975,0.113,-0.1912,0,-0.0561,0.9583,0.2803,0,0.2149,-0.2626,0.9407,0,0,16.254,-0.1656,1]},
{"frame":2,"values":[0.9747,0.1138,-0.1924,0,-0.0556,0.957,0.2847,0,0.2165,-0.2668,0.9391,0,0,16.254,-0.1656,1]},
{"frame":3,"values":[0.9748,0.1109,-0.1935,0,-0.052,0.9567,0.2864,0,0.2169,-0.2691,0.9384,0,0,16.254,-0.1656,1]},
{"frame":4,"values":[0.9749,0.106,-0.1956,0,-0.0468,0.9572,0.2856,0,0.2175,-0.2693,0.9382,0,0,16.254,-0.1656,1]},
{"frame":5,"values":[0.975,0.1008,-0.1979,0,-0.0414,0.958,0.2836,0,0.2182,-0.2683,0.9383,0,0,16.254,-0.1656,1]},
{"frame":6,"values":[0.9752,0.095,-0.1997,0,-0.0359,0.959,0.281,0,0.2183,-0.2668,0.9387,0,0,16.254,-0.1656,1]},
{"frame":7,"values":[0.9756,0.0904,-0.2,0,-0.0316,0.9596,0.2796,0,0.2172,-0.2664,0.9391,0,0,16.254,-0.1656,1]},
{"frame":8,"values":[0.976,0.0881,-0.1991,0,-0.0299,0.96,0.2785,0,0.2156,-0.2659,0.9396,0,0,16.254,-0.1656,1]},
{"frame":9,"values":[0.9763,0.0884,-0.1976,0,-0.0308,0.9603,0.2774,0,0.2143,-0.2647,0.9402,0,0,16.254,-0.1656,1]},
{"frame":10,"values":[0.9766,0.0888,-0.1959,0,-0.0325,0.9612,0.2738,0,0.2127,-0.261,0.9416,0,0,16.254,-0.1656,1]},
{"frame":11,"values":[0.9765,0.088,-0.1966,0,-0.0336,0.9637,0.2649,0,0.2127,-0.2521,0.944,0,0,16.254,-0.1656,1]},
{"frame":12,"values":[0.9768,0.0826,-0.1974,0,-0.0312,0.9676,0.2505,0,0.2117,-0.2386,0.9478,0,0,16.254,-0.1656,1]},
{"frame":13,"values":[0.9774,0.0724,-0.1984,0,-0.0247,0.9721,0.2333,0,0.2098,-0.2231,0.9519,0,0,16.254,-0.1656,1]},
{"frame":14,"values":[0.9779,0.0611,-0.1997,0,-0.0169,0.9763,0.2158,0,0.2082,-0.2077,0.9558,0,0,16.254,-0.1656,1]},
{"frame":15,"values":[0.9783,0.0481,-0.2014,0,-0.0071,0.9798,0.1997,0,0.2069,-0.194,0.9589,0,0,16.254,-0.1656,1]},
{"frame":16,"values":[0.9788,0.0339,-0.202,0,0.0047,0.9822,0.1876,0,0.2048,-0.1846,0.9612,0,0,16.254,-0.1656,1]},
{"frame":17,"values":[0.9792,0.0248,-0.2013,0,0.0125,0.9832,0.1819,0,0.2024,-0.1807,0.9625,0,0,16.254,-0.1656,1]},
{"frame":18,"values":[0.9796,0.0224,-0.1995,0,0.015,0.9829,0.1837,0,0.2002,-0.183,0.9625,0,0,16.254,-0.1656,1]},
{"frame":19,"values":[0.9799,0.0253,-0.198,0,0.0132,0.9815,0.1911,0,0.1992,-0.1899,0.9614,0,0,16.254,-0.1656,1]},
{"frame":20,"values":[0.9797,0.0351,-0.1974,0,0.0056,0.9794,0.2017,0,0.2005,-0.1987,0.9593,0,0,16.254,-0.1656,1]},
{"frame":21,"values":[0.9791,0.0514,-0.197,0,-0.0082,0.9767,0.2143,0,0.2034,-0.2082,0.9567,0,0,16.254,-0.1656,1]},
{"frame":22,"values":[0.9781,0.0715,-0.1955,0,-0.025,0.9727,0.2305,0,0.2067,-0.2206,0.9532,0,0,16.254,-0.1656,1]},
{"frame":23,"values":[0.9768,0.0903,-0.1941,0,-0.0401,0.9678,0.2483,0,0.2103,-0.2348,0.949,0,0,16.254,-0.1656,1]},
{"frame":24,"values":[0.9755,0.1067,-0.1925,0,-0.0526,0.9623,0.2667,0,0.2137,-0.25,0.9444,0,0,16.254,-0.1656,1]},
{"frame":25,"values":[0.9751,0.1123,-0.1912,0,-0.0558,0.9588,0.2784,0,0.2145,-0.2608,0.9413,0,0,16.254,-0.1656,1]}],"loopBehavior":1,"name":"anim","property":"_matrix"}},
{"name":"Spine2","index":3,"matrix":[0.9652,0.1288,-0.2276,0,-0.0705,0.9662,0.2481,0,0.2518,-0.2234,0.9416,0,0,13.6396,-1.2923,1],"rest":[1,0,0,0,0,1,0,0,0,0,1,0,0,13.6396,-1.2923,1],"parentBoneIndex":2,"length":13.1719
,"animation":{"dataType":3,"framePerSecond":24,"keys":[
{"frame":1,"values":[0.9652,0.1288,-0.2276,0,-0.0705,0.9662,0.2481,0,0.2518,-0.2234,0.9416,0,0,13.6396,-1.2923,1]},
{"frame":2,"values":[0.9647,0.1307,-0.2287,0,-0.0709,0.965,0.2524,0,0.2537,-0.2273,0.9402,0,0,13.6396,-1.2923,1]},
{"frame":3,"values":[0.9649,0.1285,-0.2289,0,-0.0681,0.9646,0.2547,0,0.2535,-0.2302,0.9395,0,0,13.6396,-1.2923,1]},
{"frame":4,"values":[0.9653,0.1239,-0.2299,0,-0.0632,0.9649,0.2548,0,0.2534,-0.2314,0.9393,0,0,13.6396,-1.2923,1]},
{"frame":5,"values":[0.9657,0.1187,-0.2311,0,-0.058,0.9656,0.2536,0,0.2532,-0.2315,0.9393,0,0,13.6396,-1.2923,1]},
{"frame":6,"values":[0.9662,0.113,-0.2317,0,-0.0525,0.9663,0.2519,0,0.2524,-0.2312,0.9396,0,0,13.6396,-1.2923,1]},
{"frame":7,"values":[0.9669,0.1085,-0.231,0,-0.0484,0.9667,0.2515,0,0.2506,-0.232,0.9399,0,0,13.6396,-1.2923,1]},
{"frame":8,"values":[0.9675,0.1062,-0.2295,0,-0.0467,0.9669,0.2509,0,0.2486,-0.232,0.9404,0,0,13.6396,-1.2923,1]},
{"frame":9,"values":[0.9678,0.1062,-0.2282,0,-0.0473,0.9671,0.2498,0,0.2472,-0.231,0.941,0,0,13.6396,-1.2923,1]},
{"frame":10,"values":[0.9682,0.1057,-0.2267,0,-0.0481,0.9681,0.2461,0,0.2455,-0.2274,0.9424,0,0,13.6396,-1.2923,1]},
{"frame":11,"values":[0.9683,0.1026,-0.2276,0,-0.0471,0.9703,0.2371,0,0.2452,-0.2189,0.9444,0,0,13.6396,-1.2923,1]},
{"frame":12,"values":[0.9692,0.0939,-0.2278,0,-0.0419,0.9738,0.2234,0,0.2428,-0.207,0.9477,0,0,13.6396,-1.2923,1]},
{"frame":13,"values":[0.9705,0.0802,-0.2272,0,-0.0322,0.9777,0.2076,0,0.2388,-0.1942,0.9515,0,0,13.6396,-1.2923,1]},
{"frame":14,"values":[0.9718,0.0655,-0.2267,0,-0.0213,0.9812,0.1918,0,0.235,-0.1816,0.9549,0,0,13.6396,-1.2923,1]},
{"frame":15,"values":[0.9728,0.0495,-0.2263,0,-0.0087,0.984,0.1779,0,0.2314,-0.1711,0.9577,0,0,13.6396,-1.2923,1]},
{"frame":16,"values":[0.9739,0.0337,-0.2244,0,0.0047,0.9857,0.1682,0,0.2269,-0.1648,0.9599,0,0,13.6396,-1.2923,1]},
{"frame":17,"values":[0.9747,0.0242,-0.222,0,0.0129,0.9864,0.1641,0,0.223,-0.1628,0.9611,0,0,13.6396,-1.2923,1]},
{"frame":18,"values":[0.9753,0.0225,-0.2196,0,0.0147,0.986,0.1663,0,0.2203,-0.1655,0.9613,0,0,13.6396,-1.2923,1]},
{"frame":19,"values":[0.9755,0.0272,-0.2184,0,0.0113,0.9848,0.1733,0,0.2198,-0.1715,0.9603,0,0,13.6396,-1.2923,1]},
{"frame":20,"values":[0.9748,0.0387,-0.2196,0,0.002,0.9833,0.1822,0,0.223,-0.178,0.9584,0,0,13.6396,-1.2923,1]},
{"frame":21,"values":[0.9733,0.0565,-0.2223,0,-0.0132,0.9813,0.1918,0,0.229,-0.1838,0.9559,0,0,13.6396,-1.2923,1]},
{"frame":22,"values":[0.9712,0.0787,-0.2247,0,-0.0319,0.9783,0.2047,0,0.236,-0.1916,0.9527,0,0,13.6396,-1.2923,1]},
{"frame":23,"values":[0.9687,0.1002,-0.227,0,-0.0493,0.9744,0.2194,0,0.2432,-0.2013,0.9489,0,0,13.6396,-1.2923,1]},
{"frame":24,"values":[0.9662,0.1195,-0.2285,0,-0.0643,0.9698,0.2353,0,0.2497,-0.2126,0.9447,0,0,13.6396,-1.2923,1]},
{"frame":25,"values":[0.9653,0.1276,-0.228,0,-0.0696,0.9667,0.2463,0,0.2518,-0.2218,0.942,0,0,13.6396,-1.2923,1]}],"loopBehavior":1,"name":"anim","property":"_matrix"}},
{"name":"Neck","index":4,"matrix":[0.9928,0.0979,0.0686,0,-0.0894,0.989,-0.1174,0,-0.0794,0.1104,0.9907,0,0,13.8774,-4.3542,1],"rest":[1,0,0,0,0,1,0,0,0,0,1,0,0,13.8774,-4.3542,1],"parentBoneIndex":3,"length":4.4379
,"animation":{"dataType":3,"framePerSecond":24,"keys":[
{"frame":1,"values":[0.9928,0.0979,0.0686,0,-0.0894,0.989,-0.1174,0,-0.0794,0.1104,0.9907,0,0,13.8774,-4.3542,1]},
{"frame":2,"values":[0.9932,0.0975,0.064,0,-0.0898,0.9894,-0.1138,0,-0.0744,0.1073,0.9914,0,0,13.8774,-4.3542,1]},
{"frame":3,"values":[0.9935,0.0971,0.0596,0,-0.0901,0.9898,-0.1101,0,-0.0697,0.1041,0.9921,0,0,13.8774,-4.3542,1]},
{"frame":4,"values":[0.9938,0.0968,0.0555,0,-0.0905,0.9902,-0.1067,0,-0.0653,0.101,0.9927,0,0,13.8774,-4.3542,1]},
{"frame":5,"values":[0.994,0.0965,0.052,0,-0.0908,0.9905,-0.1033,0,-0.0614,0.0979,0.9933,0,0,13.8774,-4.3542,1]},
{"frame":6,"values":[0.9941,0.0964,0.0492,0,-0.0911,0.9908,-0.0997,0,-0.0584,0.0946,0.9938,0,0,13.8774,-4.3542,1]},
{"frame":7,"values":[0.9942,0.0964,0.0486,0,-0.0913,0.9911,-0.0968,0,-0.0575,0.0918,0.9941,0,0,13.8774,-4.3542,1]},
{"frame":8,"values":[0.994,0.0964,0.0519,0,-0.0911,0.9912,-0.0959,0,-0.0607,0.0906,0.994,0,0,13.8774,-4.3542,1]},
{"frame":9,"values":[0.9938,0.0964,0.0558,0,-0.0907,0.9911,-0.0977,0,-0.0647,0.0921,0.9936,0,0,13.8774,-4.3542,1]},
{"frame":10,"values":[0.9935,0.0967,0.0602,0,-0.0903,0.9907,-0.1021,0,-0.0696,0.096,0.9929,0,0,13.8774,-4.3542,1]},
{"frame":11,"values":[0.9931,0.0972,0.0651,0,-0.0898,0.99,-0.1085,0,-0.075,0.1019,0.992,0,0,13.8774,-4.3542,1]},
{"frame":12,"values":[0.9927,0.0978,0.0705,0,-0.0894,0.9894,-0.1148,0,-0.081,0.1076,0.9909,0,0,13.8774,-4.3542,1]},
{"frame":13,"values":[0.9922,0.0985,0.0765,0,-0.089,0.9889,-0.1188,0,-0.0873,0.111,0.99,0,0,13.8774,-4.3542,1]},
{"frame":14,"values":[0.9917,0.0989,0.0826,0,-0.0886,0.9889,-0.1192,0,-0.0935,0.1109,0.9894,0,0,13.8774,-4.3542,1]},
{"frame":15,"values":[0.9911,0.099,0.0886,0,-0.0883,0.9891,-0.1179,0,-0.0993,0.109,0.9891,0,0,13.8774,-4.3542,1]},
{"frame":16,"values":[0.9906,0.099,0.0943,0,-0.0879,0.9895,-0.115,0,-0.1047,0.1057,0.9889,0,0,13.8774,-4.3542,1]},
{"frame":17,"values":[0.9902,0.0988,0.0992,0,-0.0876,0.9899,-0.1113,0,-0.1092,0.1015,0.9888,0,0,13.8774,-4.3542,1]},
{"frame":18,"values":[0.9898,0.0983,0.103,0,-0.0873,0.9904,-0.1069,0,-0.1126,0.0968,0.9889,0,0,13.8774,-4.3542,1]},
{"frame":19,"values":[0.9896,0.0978,0.1056,0,-0.087,0.9909,-0.1024,0,-0.1147,0.0921,0.9891,0,0,13.8774,-4.3542,1]},
{"frame":20,"values":[0.9898,0.0972,0.1041,0,-0.0871,0.9914,-0.0981,0,-0.1128,0.088,0.9897,0,0,13.8774,-4.3542,1]},
{"frame":21,"values":[0.9904,0.0968,0.099,0,-0.0874,0.9916,-0.0951,0,-0.1074,0.0855,0.9905,0,0,13.8774,-4.3542,1]},
{"frame":22,"values":[0.991,0.0969,0.092,0,-0.088,0.9915,-0.0963,0,-0.1006,0.0874,0.9911,0,0,13.8774,-4.3542,1]},
{"frame":23,"values":[0.9917,0.0973,0.0841,0,-0.0886,0.9908,-0.1018,0,-0.0932,0.0936,0.9912,0,0,13.8774,-4.3542,1]},
{"frame":24,"values":[0.9923,0.0977,0.0759,0,-0.0891,0.99,-0.1097,0,-0.0859,0.1021,0.9911,0,0,13.8774,-4.3542,1]},
{"frame":25,"values":[0.9928,0.0979,0.0686,0,-0.0894,0.9891,-0.1174,0,-0.0794,0.1104,0.9907,0,0,13.8774,-4.3542,1]}],"loopBehavior":1,"name":"anim","property":"_matrix"}},
{"name":"Neck1","index":5,"matrix":[1,0,0,0,0,1,0,0,0,0,1,0,0,4.34,0.9269,1],"rest":[1,0,0,0,0,1,0,0,0,0,1,0,0,4.34,0.9269,1],"parentBoneIndex":4,"length":6.2291
,"animation":{"dataType":3,"framePerSecond":24,"keys":[
{"frame":1,"values":[1,0,0,0,0,1,0,0,0,0,1,0,0,4.34,0.9269,1]},
{"frame":25,"values":[1,0,0,0,0,1,0,0,0,0,1,0,0,4.34,0.9269,1]}],"loopBehavior":1,"name":"anim","property":"_matrix"}},
{"name":"Head","index":6,"matrix":[0.9778,-0.1142,-0.1759,0,0.0851,0.9826,-0.1651,0,0.1917,0.1465,0.9705,0,0,4.0266,0.8585,1],"rest":[1,0,0,0,0,1,0,0,0,0,1,0,0,4.0266,0.8585,1],"parentBoneIndex":5,"length":14.8424
,"animation":{"dataType":3,"framePerSecond":24,"keys":[
{"frame":1,"values":[0.9778,-0.1142,-0.1759,0,0.0851,0.9826,-0.1651,0,0.1917,0.1465,0.9705,0,0,4.0266,0.8585,1]},
{"frame":2,"values":[0.976,-0.115,-0.185,0,0.0868,0.9843,-0.154,0,0.1998,0.1342,0.9706,0,0,4.0266,0.8585,1]},
{"frame":3,"values":[0.9757,-0.1114,-0.1889,0,0.0835,0.9852,-0.1499,0,0.2028,0.1305,0.9705,0,0,4.0266,0.8585,1]},
{"frame":4,"values":[0.976,-0.1056,-0.1906,0,0.0772,0.9855,-0.1508,0,0.2038,0.1324,0.97,0,0,4.0266,0.8585,1]},
{"frame":5,"values":[0.9762,-0.1007,-0.192,0,0.0713,0.9855,-0.154,0,0.2047,0.1367,0.9692,0,0,4.0266,0.8585,1]},
{"frame":6,"values":[0.9765,-0.1003,-0.191,0,0.0703,0.985,-0.1577,0,0.204,0.1406,0.9688,0,0,4.0266,0.8585,1]},
{"frame":7,"values":[0.9765,-0.1066,-0.1873,0,0.0764,0.9838,-0.1619,0,0.2015,0.1438,0.9689,0,0,4.0266,0.8585,1]},
{"frame":8,"values":[0.9764,-0.1176,-0.181,0,0.0872,0.982,-0.1678,0,0.1975,0.148,0.9691,0,0,4.0266,0.8585,1]},
{"frame":9,"values":[0.9761,-0.1298,-0.1741,0,0.0987,0.9793,-0.177,0,0.1934,0.1556,0.9687,0,0,4.0266,0.8585,1]},
{"frame":10,"values":[0.9763,-0.1381,-0.1664,0,0.1066,0.9769,-0.1852,0,0.1881,0.1631,0.9685,0,0,4.0266,0.8585,1]},
{"frame":11,"values":[0.9778,-0.1388,-0.1572,0,0.1077,0.9756,-0.1915,0,0.1799,0.1703,0.9688,0,0,4.0266,0.8585,1]},
{"frame":12,"values":[0.9807,-0.1315,-0.1448,0,0.1019,0.9754,-0.1955,0,0.167,0.177,0.9699,0,0,4.0266,0.8585,1]},
{"frame":13,"values":[0.9842,-0.118,-0.1316,0,0.0908,0.9763,-0.1964,0,0.1517,0.1814,0.9716,0,0,4.0266,0.8585,1]},
{"frame":14,"values":[0.9879,-0.1003,-0.1182,0,0.0757,0.9776,-0.1966,0,0.1353,0.1853,0.9733,0,0,4.0266,0.8585,1]},
{"frame":15,"values":[0.9911,-0.0814,-0.1054,0,0.0597,0.979,-0.1949,0,0.119,0.1868,0.9752,0,0,4.0266,0.8585,1]},
{"frame":16,"values":[0.9935,-0.0646,-0.0935,0,0.0458,0.9805,-0.191,0,0.104,0.1855,0.9771,0,0,4.0266,0.8585,1]},
{"frame":17,"values":[0.9951,-0.0519,-0.0839,0,0.0356,0.982,-0.1854,0,0.092,0.1815,0.9791,0,0,4.0266,0.8585,1]},
{"frame":18,"values":[0.9959,-0.0461,-0.0772,0,0.0316,0.9834,-0.1789,0,0.0842,0.1757,0.9808,0,0,4.0266,0.8585,1]},
{"frame":19,"values":[0.9962,-0.0477,-0.0726,0,0.0345,0.9843,-0.1732,0,0.0797,0.1701,0.9822,0,0,4.0266,0.8585,1]},
{"frame":20,"values":[0.9956,-0.0559,-0.075,0,0.0423,0.9841,-0.1726,0,0.0835,0.1687,0.9821,0,0,4.0266,0.8585,1]},
{"frame":21,"values":[0.994,-0.0685,-0.085,0,0.0525,0.9827,-0.1777,0,0.0957,0.1721,0.9804,0,0,4.0266,0.8585,1]},
{"frame":22,"values":[0.9912,-0.0834,-0.1032,0,0.0638,0.9815,-0.1806,0,0.1164,0.1725,0.9781,0,0,4.0266,0.8585,1]},
{"frame":23,"values":[0.987,-0.0976,-0.1278,0,0.074,0.9813,-0.1778,0,0.1428,0.1661,0.9757,0,0,4.0266,0.8585,1]},
{"frame":24,"values":[0.9819,-0.1079,-0.156,0,0.0812,0.9824,-0.1681,0,0.1713,0.1524,0.9734,0,0,4.0266,0.8585,1]},
{"frame":25,"values":[0.9778,-0.1142,-0.1759,0,0.0851,0.9826,-0.1651,0,0.1917,0.1465,0.9705,0,0,4.0266,0.8585,1]}],"loopBehavior":1,"name":"anim","property":"_matrix"}},
{"name":"L_Ear","index":7,"matrix":[1,0,0,0,0,1,0,0,0,0,1,0,6.8586,8.862,3.3161,1],"rest":[1,0,0,0,0,1,0,0,0,0,1,0,6.8586,8.862,3.3161,1],"parentBoneIndex":6,"length":14.8424
,"animation":{"dataType":3,"framePerSecond":24,"keys":[
{"frame":1,"values":[1,0,0,0,0,1,0,0,0,0,1,0,6.8586,8.862,3.3161,1]},
{"frame":25,"values":[1,0,0,0,0,1,0,0,0,0,1,0,6.8586,8.862,3.3161,1]}],"loopBehavior":1,"name":"anim","property":"_matrix"}},
{"name":"Jaw","index":8,"matrix":[1,0,0,0,0,1,0,0,0,0,1,0,0.0038,6.235,4.4131,1],"rest":[1,0,0,0,0,1,0,0,0,0,1,0,0.0038,6.235,4.4131,1],"parentBoneIndex":6,"length":8.9884
,"animation":{"dataType":3,"framePerSecond":24,"keys":[
{"frame":1,"values":[1,0,0,0,0,1,0,0,0,0,1,0,0.0038,6.235,4.4131,1]},
{"frame":25,"values":[1,0,0,0,0,1,0,0,0,0,1,0,0.0038,6.235,4.4131,1]}],"loopBehavior":1,"name":"anim","property":"_matrix"}},
{"name":"TongueBack","index":9,"matrix":[1,0,0,0,0,1,0,0,0,0,1,0,0,-3.3518,4.6468,1],"rest":[1,0,0,0,0,1,0,0,0,0,1,0,0,-3.3518,4.6468,1],"parentBoneIndex":8,"length":1.6664
,"animation":{"dataType":3,"framePerSecond":24,"keys":[
{"frame":1,"values":[1,0,0,0,0,1,0,0,0,0,1,0,0,-3.3518,4.6468,1]},
{"frame":25,"values":[1,0,0,0,0,1,0,0,0,0,1,0,0,-3.3518,4.6468,1]}],"loopBehavior":1,"name":"anim","property":"_matrix"}},
{"name":"TongueMid","index":10,"matrix":[1,0,0,0,0,1,0,0,0,0,1,0,0,0.0424,1.6659,1],"rest":[1,0,0,0,0,1,0,0,0,0,1,0,0,0.0424,1.6659,1],"parentBoneIndex":9,"length":1.3562
,"animation":{"dataType":3,"framePerSecond":24,"keys":[
{"frame":1,"values":[1,0,0,0,0,1,0,0,0,0,1,0,0,0.0424,1.6659,1]},
{"frame":25,"values":[1,0,0,0,0,1,0,0,0,0,1,0,0,0.0424,1.6659,1]}],"loopBehavior":1,"name":"anim","property":"_matrix"}},
{"name":"TongueTip","index":11,"matrix":[1,0,0,0,0,1,0,0,0,0,1,0,0,-0.4344,1.2847,1],"rest":[1,0,0,0,0,1,0,0,0,0,1,0,0,-0.4344,1.2847,1],"parentBoneIndex":10,"length":1.3562
,"animation":{"dataType":3,"framePerSecond":24,"keys":[
{"frame":1,"values":[1,0,0,0,0,1,0,0,0,0,1,0,0,-0.4344,1.2847,1]},
{"frame":25,"values":[1,0,0,0,0,1,0,0,0,0,1,0,0,-0.4344,1.2847,1]}],"loopBehavior":1,"name":"anim","property":"_matrix"}},
{"name":"Chin","index":12,"matrix":[1,0,0,0,0,1,0,0,0,0,1,0,-0.0038,-6.1605,9.1241,1],"rest":[1,0,0,0,0,1,0,0,0,0,1,0,-0.0038,-6.1605,9.1241,1],"parentBoneIndex":8,"length":8.9884
,"animation":{"dataType":3,"framePerSecond":24,"keys":[
{"frame":1,"values":[1,0,0,0,0,1,0,0,0,0,1,0,-0.0038,-6.1605,9.1241,1]},
{"frame":25,"values":[1,0,0,0,0,1,0,0,0,0,1,0,-0.0038,-6.1605,9.1241,1]}],"loopBehavior":1,"name":"anim","property":"_matrix"}},
{"name":"LowerChin","index":13,"matrix":[1,0,0,0,0,1,0,0,0,0,1,0,-0.0038,-8.2784,6.0042,1],"rest":[1,0,0,0,0,1,0,0,0,0,1,0,-0.0038,-8.2784,6.0042,1],"parentBoneIndex":8,"length":8.9884
,"animation":{"dataType":3,"framePerSecond":24,"keys":[
{"frame":1,"values":[1,0,0,0,0,1,0,0,0,0,1,0,-0.0038,-8.2784,6.0042,1]},
{"frame":25,"values":[1,0,0,0,0,1,0,0,0,0,1,0,-0.0038,-8.2784,6.0042,1]}],"loopBehavior":1,"name":"anim","property":"_matrix"}},
{"name":"L_Temple","index":14,"matrix":[1,0,0,0,0,1,0,0,0,0,1,0,6.7164,11.953,7.4033,1],"rest":[1,0,0,0,0,1,0,0,0,0,1,0,6.7164,11.953,7.4033,1],"parentBoneIndex":6,"length":14.8424
,"animation":{"dataType":3,"framePerSecond":24,"keys":[
{"frame":1,"values":[1,0,0,0,0,1,0,0,0,0,1,0,6.7164,11.953,7.4033,1]},
{"frame":25,"values":[1,0,0,0,0,1,0,0,0,0,1,0,6.7164,11.953,7.4033,1]}],"loopBehavior":1,"name":"anim","property":"_matrix"}},
{"name":"L_IOuterBrow","index":15,"matrix":[1,0,0,0,0,1,0,0,0,0,1,0,5.185,11.3348,12.3701,1],"rest":[1,0,0,0,0,1,0,0,0,0,1,0,5.185,11.3348,12.3701,1],"parentBoneIndex":6,"length":14.8424
,"animation":{"dataType":3,"framePerSecond":24,"keys":[
{"frame":1,"values":[1,0,0,0,0,1,0,0,0,0,1,0,5.185,11.3348,12.3701,1]},
{"frame":25,"values":[1,0,0,0,0,1,0,0,0,0,1,0,5.185,11.3348,12.3701,1]}],"loopBehavior":1,"name":"anim","property":"_matrix"}},
{"name":"L_MidBrow","index":16,"matrix":[1,0,0,0,0,1,0,0,0,0,1,0,3.3668,11.4156,13.6166,1],"rest":[1,0,0,0,0,1,0,0,0,0,1,0,3.3668,11.4156,13.6166,1],"parentBoneIndex":6,"length":14.8424
,"animation":{"dataType":3,"framePerSecond":24,"keys":[
{"frame":1,"values":[1,0,0,0,0,1,0,0,0,0,1,0,3.3668,11.4156,13.6166,1]},
{"frame":25,"values":[1,0,0,0,0,1,0,0,0,0,1,0,3.3668,11.4156,13.6166,1]}],"loopBehavior":1,"name":"anim","property":"_matrix"}},
{"name":"L_InnerBrow","index":17,"matrix":[1,0,0,0,0,1,0,0,0,0,1,0,1.6599,10.7576,14.115,1],"rest":[1,0,0,0,0,1,0,0,0,0,1,0,1.6599,10.7576,14.115,1],"parentBoneIndex":6,"length":14.8424
,"animation":{"dataType":3,"framePerSecond":24,"keys":[
{"frame":1,"values":[1,0,0,0,0,1,0,0,0,0,1,0,1.6599,10.7576,14.115,1]},
{"frame":25,"values":[1,0,0,0,0,1,0,0,0,0,1,0,1.6599,10.7576,14.115,1]}],"loopBehavior":1,"name":"anim","property":"_matrix"}},
{"name":"L_Eye","index":18,"matrix":[1,0,0,0,0,1,0,0,0,0,1,0,3.0989,9.6989,11.4382,1],"rest":[1,0,0,0,0,1,0,0,0,0,1,0,3.0989,9.6989,11.4382,1],"parentBoneIndex":6,"length":14.8424
,"animation":{"dataType":3,"framePerSecond":24,"keys":[
{"frame":1,"values":[1,0,0,0,0,1,0,0,0,0,1,0,3.0989,9.6989,11.4382,1]},
{"frame":25,"values":[1,0,0,0,0,1,0,0,0,0,1,0,3.0989,9.6989,11.4382,1]}],"loopBehavior":1,"name":"anim","property":"_matrix"}},
{"name":"L_EyelidLower","index":19,"matrix":[1,0,0,0,0,1,0,0,0,0,1,0,3.0989,9.6989,11.4382,1],"rest":[1,0,0,0,0,1,0,0,0,0,1,0,3.0989,9.6989,11.4382,1],"parentBoneIndex":6,"length":14.8424
,"animation":{"dataType":3,"framePerSecond":24,"keys":[
{"frame":1,"values":[1,0,0,0,0,1,0,0,0,0,1,0,3.0989,9.6989,11.4382,1]},
{"frame":25,"values":[1,0,0,0,0,1,0,0,0,0,1,0,3.0989,9.6989,11.4382,1]}],"loopBehavior":1,"name":"anim","property":"_matrix"}},
{"name":"L_EyelidUpper","index":20,"matrix":[1,0,0,0,0,1,0,0,0,0,1,0,3.0989,9.6989,11.4382,1],"rest":[1,0,0,0,0,1,0,0,0,0,1,0,3.0989,9.6989,11.4382,1],"parentBoneIndex":6,"length":14.8424
,"animation":{"dataType":3,"framePerSecond":24,"keys":[
{"frame":1,"values":[1,0,0,0,0,1,0,0,0,0,1,0,3.0989,9.6989,11.4382,1]},
{"frame":25,"values":[1,0,0,0,0,1,0,0,0,0,1,0,3.0989,9.6989,11.4382,1]}],"loopBehavior":1,"name":"anim","property":"_matrix"}},
{"name":"L_InnerCheek","index":21,"matrix":[1,0,0,0,0,1,0,0,0,0,1,0,2.1484,7.4937,13.4347,1],"rest":[1,0,0,0,0,1,0,0,0,0,1,0,2.1484,7.4937,13.4347,1],"parentBoneIndex":6,"length":14.8424
,"animation":{"dataType":3,"framePerSecond":24,"keys":[
{"frame":1,"values":[1,0,0,0,0,1,0,0,0,0,1,0,2.1484,7.4937,13.4347,1]},
{"frame":25,"values":[1,0,0,0,0,1,0,0,0,0,1,0,2.1484,7.4937,13.4347,1]}],"loopBehavior":1,"name":"anim","property":"_matrix"}},
{"name":"L_LowerCheek","index":22,"matrix":[1,0,0,0,0,1,0,0,0,0,1,0,4.3527,2.5675,9.9423,1],"rest":[1,0,0,0,0,1,0,0,0,0,1,0,4.3527,2.5675,9.9423,1],"parentBoneIndex":6,"length":14.8424
,"animation":{"dataType":3,"framePerSecond":24,"keys":[
{"frame":1,"values":[1,0,0,0,0,1,0,0,0,0,1,0,4.3527,2.5675,9.9423,1]},
{"frame":25,"values":[1,0,0,0,0,1,0,0,0,0,1,0,4.3527,2.5675,9.9423,1]}],"loopBehavior":1,"name":"anim","property":"_matrix"}},
{"name":"L_LipCorner","index":23,"matrix":[1,0,0,0,0,1,0,0,0,0,1,0,2.9076,2.9095,12.5938,1],"rest":[1,0,0,0,0,1,0,0,0,0,1,0,2.9076,2.9095,12.5938,1],"parentBoneIndex":6,"length":0.9548
,"animation":{"dataType":3,"framePerSecond":24,"keys":[
{"frame":1,"values":[1,0,0,0,0,1,0,0,0,0,1,0,2.9076,2.9095,12.5938,1]},
{"frame":25,"values":[1,0,0,0,0,1,0,0,0,0,1,0,2.9076,2.9095,12.5938,1]}],"loopBehavior":1,"name":"anim","property":"_matrix"}},
{"name":"L_LipCornerLowTweak","index":24,"matrix":[1,0,0,0,0,1,0,0,0,0,1,0,-0.8072,-0.3254,0.4547,1],"rest":[1,0,0,0,0,1,0,0,0,0,1,0,-0.8072,-0.3254,0.4547,1],"parentBoneIndex":23,"length":0.9548
,"animation":{"dataType":3,"framePerSecond":24,"keys":[
{"frame":1,"values":[1,0,0,0,0,1,0,0,0,0,1,0,-0.8072,-0.3254,0.4547,1]},
{"frame":25,"values":[1,0,0,0,0,1,0,0,0,0,1,0,-0.8072,-0.3254,0.4547,1]}],"loopBehavior":1,"name":"anim","property":"_matrix"}},
{"name":"L_LipCornerUpTweak","index":25,"matrix":[1,0,0,0,0,1,0,0,0,0,1,0,-0.7251,0.0237,0.5782,1],"rest":[1,0,0,0,0,1,0,0,0,0,1,0,-0.7251,0.0237,0.5782,1],"parentBoneIndex":23,"length":0.9548
,"animation":{"dataType":3,"framePerSecond":24,"keys":[
{"frame":1,"values":[1,0,0,0,0,1,0,0,0,0,1,0,-0.7251,0.0237,0.5782,1]},
{"frame":25,"values":[1,0,0,0,0,1,0,0,0,0,1,0,-0.7251,0.0237,0.5782,1]}],"loopBehavior":1,"name":"anim","property":"_matrix"}},
{"name":"L_LipLower","index":26,"matrix":[1,0,0,0,0,1,0,0,0,0,1,0,1.2586,2.3762,13.5915,1],"rest":[1,0,0,0,0,1,0,0,0,0,1,0,1.2586,2.3762,13.5915,1],"parentBoneIndex":6,"length":14.8424
,"animation":{"dataType":3,"framePerSecond":24,"keys":[
{"frame":1,"values":[1,0,0,0,0,1,0,0,0,0,1,0,1.2586,2.3762,13.5915,1]},
{"frame":25,"values":[1,0,0,0,0,1,0,0,0,0,1,0,1.2586,2.3762,13.5915,1]}],"loopBehavior":1,"name":"anim","property":"_matrix"}},
{"name":"L_LipUpper","index":27,"matrix":[1,0,0,0,0,1,0,0,0,0,1,0,1.2981,3.1535,13.8987,1],"rest":[1,0,0,0,0,1,0,0,0,0,1,0,1.2981,3.1535,13.8987,1],"parentBoneIndex":6,"length":14.8424
,"animation":{"dataType":3,"framePerSecond":24,"keys":[
{"frame":1,"values":[1,0,0,0,0,1,0,0,0,0,1,0,1.2981,3.1535,13.8987,1]},
{"frame":25,"values":[1,0,0,0,0,1,0,0,0,0,1,0,1.2981,3.1535,13.8987,1]}],"loopBehavior":1,"name":"anim","property":"_matrix"}},
{"name":"LipMidLower","index":28,"matrix":[1,0,0,0,0,1,0,0,0,0,1,0,0,2.4182,14.0113,1],"rest":[1,0,0,0,0,1,0,0,0,0,1,0,0,2.4182,14.0113,1],"parentBoneIndex":6,"length":14.8424
,"animation":{"dataType":3,"framePerSecond":24,"keys":[
{"frame":1,"values":[1,0,0,0,0,1,0,0,0,0,1,0,0,2.4182,14.0113,1]},
{"frame":25,"values":[1,0,0,0,0,1,0,0,0,0,1,0,0,2.4182,14.0113,1]}],"loopBehavior":1,"name":"anim","property":"_matrix"}},
{"name":"LipMidUpper","index":29,"matrix":[1,0,0,0,0,1,0,0,0,0,1,0,0,3.2177,14.3127,1],"rest":[1,0,0,0,0,1,0,0,0,0,1,0,0,3.2177,14.3127,1],"parentBoneIndex":6,"length":14.8424
,"animation":{"dataType":3,"framePerSecond":24,"keys":[
{"frame":1,"values":[1,0,0,0,0,1,0,0,0,0,1,0,0,3.2177,14.3127,1]},
{"frame":25,"values":[1,0,0,0,0,1,0,0,0,0,1,0,0,3.2177,14.3127,1]}],"loopBehavior":1,"name":"anim","property":"_matrix"}},
{"name":"L_CheekFold","index":30,"matrix":[1,0,0,0,0,1,0,0,0,0,1,0,2.8997,4.8397,12.9905,1],"rest":[1,0,0,0,0,1,0,0,0,0,1,0,2.8997,4.8397,12.9905,1],"parentBoneIndex":6,"length":14.8424
,"animation":{"dataType":3,"framePerSecond":24,"keys":[
{"frame":1,"values":[1,0,0,0,0,1,0,0,0,0,1,0,2.8997,4.8397,12.9905,1]},
{"frame":25,"values":[1,0,0,0,0,1,0,0,0,0,1,0,2.8997,4.8397,12.9905,1]}],"loopBehavior":1,"name":"anim","property":"_matrix"}},
{"name":"L_Nostril","index":31,"matrix":[1,0,0,0,0,1,0,0,0,0,1,0,1.2793,5.2449,14.0405,1],"rest":[1,0,0,0,0,1,0,0,0,0,1,0,1.2793,5.2449,14.0405,1],"parentBoneIndex":6,"length":14.8424
,"animation":{"dataType":3,"framePerSecond":24,"keys":[
{"frame":1,"values":[1,0,0,0,0,1,0,0,0,0,1,0,1.2793,5.2449,14.0405,1]},
{"frame":25,"values":[1,0,0,0,0,1,0,0,0,0,1,0,1.2793,5.2449,14.0405,1]}],"loopBehavior":1,"name":"anim","property":"_matrix"}},
{"name":"Scalp","index":32,"matrix":[1,0,0,0,0,1,0,0,0,0,1,0,0.0038,15.512,8.5871,1],"rest":[1,0,0,0,0,1,0,0,0,0,1,0,0.0038,15.512,8.5871,1],"parentBoneIndex":6,"length":14.8424
,"animation":{"dataType":3,"framePerSecond":24,"keys":[
{"frame":1,"values":[1,0,0,0,0,1,0,0,0,0,1,0,0.0038,15.512,8.5871,1]},
{"frame":25,"values":[1,0,0,0,0,1,0,0,0,0,1,0,0.0038,15.512,8.5871,1]}],"loopBehavior":1,"name":"anim","property":"_matrix"}},
{"name":"L_OuterCheek","index":33,"matrix":[1,0,0,0,0,1,0,0,0,0,1,0,4.805,7.1686,11.679,1],"rest":[1,0,0,0,0,1,0,0,0,0,1,0,4.805,7.1686,11.679,1],"parentBoneIndex":6,"length":14.8424
,"animation":{"dataType":3,"framePerSecond":24,"keys":[
{"frame":1,"values":[1,0,0,0,0,1,0,0,0,0,1,0,4.805,7.1686,11.679,1]},
{"frame":25,"values":[1,0,0,0,0,1,0,0,0,0,1,0,4.805,7.1686,11.679,1]}],"loopBehavior":1,"name":"anim","property":"_matrix"}},
{"name":"R_LipLower","index":34,"matrix":[1,0,0,0,0,1,0,0,0,0,1,0,-1.2586,2.3762,13.5915,1],"rest":[1,0,0,0,0,1,0,0,0,0,1,0,-1.2586,2.3762,13.5915,1],"parentBoneIndex":6,"length":14.8424
,"animation":{"dataType":3,"framePerSecond":24,"keys":[
{"frame":1,"values":[1,0,0,0,0,1,0,0,0,0,1,0,-1.2586,2.3762,13.5915,1]},
{"frame":25,"values":[1,0,0,0,0,1,0,0,0,0,1,0,-1.2586,2.3762,13.5915,1]}],"loopBehavior":1,"name":"anim","property":"_matrix"}},
{"name":"RightNostril","index":35,"matrix":[1,0,0,0,0,1,0,0,0,0,1,0,-1.2793,5.2449,14.0405,1],"rest":[1,0,0,0,0,1,0,0,0,0,1,0,-1.2793,5.2449,14.0405,1],"parentBoneIndex":6,"length":14.8424
,"animation":{"dataType":3,"framePerSecond":24,"keys":[
{"frame":1,"values":[1,0,0,0,0,1,0,0,0,0,1,0,-1.2793,5.2449,14.0405,1]},
{"frame":25,"values":[1,0,0,0,0,1,0,0,0,0,1,0,-1.2793,5.2449,14.0405,1]}],"loopBehavior":1,"name":"anim","property":"_matrix"}},
{"name":"R_CheekFold","index":36,"matrix":[1,0,0,0,0,1,0,0,0,0,1,0,-2.8997,4.8397,12.9905,1],"rest":[1,0,0,0,0,1,0,0,0,0,1,0,-2.8997,4.8397,12.9905,1],"parentBoneIndex":6,"length":14.8424
,"animation":{"dataType":3,"framePerSecond":24,"keys":[
{"frame":1,"values":[1,0,0,0,0,1,0,0,0,0,1,0,-2.8997,4.8397,12.9905,1]},
{"frame":25,"values":[1,0,0,0,0,1,0,0,0,0,1,0,-2.8997,4.8397,12.9905,1]}],"loopBehavior":1,"name":"anim","property":"_matrix"}},
{"name":"R_LowerCheek","index":37,"matrix":[1,0,0,0,0,1,0,0,0,0,1,0,-4.3527,2.5675,9.9423,1],"rest":[1,0,0,0,0,1,0,0,0,0,1,0,-4.3527,2.5675,9.9423,1],"parentBoneIndex":6,"length":14.8424
,"animation":{"dataType":3,"framePerSecond":24,"keys":[
{"frame":1,"values":[1,0,0,0,0,1,0,0,0,0,1,0,-4.3527,2.5675,9.9423,1]},
{"frame":25,"values":[1,0,0,0,0,1,0,0,0,0,1,0,-4.3527,2.5675,9.9423,1]}],"loopBehavior":1,"name":"anim","property":"_matrix"}},
{"name":"R_gLipCorner","index":38,"matrix":[1,0,0,0,0,1,0,0,0,0,1,0,-2.9076,2.9095,12.5938,1],"rest":[1,0,0,0,0,1,0,0,0,0,1,0,-2.9076,2.9095,12.5938,1],"parentBoneIndex":6,"length":0.9548
,"animation":{"dataType":3,"framePerSecond":24,"keys":[
{"frame":1,"values":[1,0,0,0,0,1,0,0,0,0,1,0,-2.9076,2.9095,12.5938,1]},
{"frame":25,"values":[1,0,0,0,0,1,0,0,0,0,1,0,-2.9076,2.9095,12.5938,1]}],"loopBehavior":1,"name":"anim","property":"_matrix"}},
{"name":"R_gLipCornerLowTweak","index":39,"matrix":[1,0,0,0,0,1,0,0,0,0,1,0,0.8072,-0.3254,0.4547,1],"rest":[1,0,0,0,0,1,0,0,0,0,1,0,0.8072,-0.3254,0.4547,1],"parentBoneIndex":38,"length":0.9548
,"animation":{"dataType":3,"framePerSecond":24,"keys":[
{"frame":1,"values":[1,0,0,0,0,1,0,0,0,0,1,0,0.8072,-0.3254,0.4547,1]},
{"frame":25,"values":[1,0,0,0,0,1,0,0,0,0,1,0,0.8072,-0.3254,0.4547,1]}],"loopBehavior":1,"name":"anim","property":"_matrix"}},
{"name":"R_gLipCornerUpTweak","index":40,"matrix":[1,0,0,0,0,1,0,0,0,0,1,0,0.7251,0.0237,0.5782,1],"rest":[1,0,0,0,0,1,0,0,0,0,1,0,0.7251,0.0237,0.5782,1],"parentBoneIndex":38,"length":0.9548
,"animation":{"dataType":3,"framePerSecond":24,"keys":[
{"frame":1,"values":[1,0,0,0,0,1,0,0,0,0,1,0,0.7251,0.0237,0.5782,1]},
{"frame":25,"values":[1,0,0,0,0,1,0,0,0,0,1,0,0.7251,0.0237,0.5782,1]}],"loopBehavior":1,"name":"anim","property":"_matrix"}},
{"name":"R_LipUpper","index":41,"matrix":[1,0,0,0,0,1,0,0,0,0,1,0,-1.2981,3.1535,13.8987,1],"rest":[1,0,0,0,0,1,0,0,0,0,1,0,-1.2981,3.1535,13.8987,1],"parentBoneIndex":6,"length":14.8424
,"animation":{"dataType":3,"framePerSecond":24,"keys":[
{"frame":1,"values":[1,0,0,0,0,1,0,0,0,0,1,0,-1.2981,3.1535,13.8987,1]},
{"frame":25,"values":[1,0,0,0,0,1,0,0,0,0,1,0,-1.2981,3.1535,13.8987,1]}],"loopBehavior":1,"name":"anim","property":"_matrix"}},
{"name":"R_OuterCheek","index":42,"matrix":[1,0,0,0,0,1,0,0,0,0,1,0,-4.805,7.1686,11.679,1],"rest":[1,0,0,0,0,1,0,0,0,0,1,0,-4.805,7.1686,11.679,1],"parentBoneIndex":6,"length":14.8424
,"animation":{"dataType":3,"framePerSecond":24,"keys":[
{"frame":1,"values":[1,0,0,0,0,1,0,0,0,0,1,0,-4.805,7.1686,11.679,1]},
{"frame":25,"values":[1,0,0,0,0,1,0,0,0,0,1,0,-4.805,7.1686,11.679,1]}],"loopBehavior":1,"name":"anim","property":"_matrix"}},
{"name":"MidBrows","index":43,"matrix":[1,0,0,0,0,1,0,0,0,0,1,0,0,10.8004,14.2738,1],"rest":[1,0,0,0,0,1,0,0,0,0,1,0,0,10.8004,14.2738,1],"parentBoneIndex":6,"length":14.8424
,"animation":{"dataType":3,"framePerSecond":24,"keys":[
{"frame":1,"values":[1,0,0,0,0,1,0,0,0,0,1,0,0,10.8004,14.2738,1]},
{"frame":25,"values":[1,0,0,0,0,1,0,0,0,0,1,0,0,10.8004,14.2738,1]}],"loopBehavior":1,"name":"anim","property":"_matrix"}},
{"name":"R_InnerBrow","index":44,"matrix":[1,0,0,0,0,1,0,0,0,0,1,0,-1.6599,10.7576,14.115,1],"rest":[1,0,0,0,0,1,0,0,0,0,1,0,-1.6599,10.7576,14.115,1],"parentBoneIndex":6,"length":14.8424
,"animation":{"dataType":3,"framePerSecond":24,"keys":[
{"frame":1,"values":[1,0,0,0,0,1,0,0,0,0,1,0,-1.6599,10.7576,14.115,1]},
{"frame":25,"values":[1,0,0,0,0,1,0,0,0,0,1,0,-1.6599,10.7576,14.115,1]}],"loopBehavior":1,"name":"anim","property":"_matrix"}},
{"name":"R_MidBrow","index":45,"matrix":[1,0,0,0,0,1,0,0,0,0,1,0,-3.3668,11.4156,13.6166,1],"rest":[1,0,0,0,0,1,0,0,0,0,1,0,-3.3668,11.4156,13.6166,1],"parentBoneIndex":6,"length":14.8424
,"animation":{"dataType":3,"framePerSecond":24,"keys":[
{"frame":1,"values":[1,0,0,0,0,1,0,0,0,0,1,0,-3.3668,11.4156,13.6166,1]},
{"frame":25,"values":[1,0,0,0,0,1,0,0,0,0,1,0,-3.3668,11.4156,13.6166,1]}],"loopBehavior":1,"name":"anim","property":"_matrix"}},
{"name":"R_IOuterBrow","index":46,"matrix":[1,0,0,0,0,1,0,0,0,0,1,0,-5.185,11.3348,12.3701,1],"rest":[1,0,0,0,0,1,0,0,0,0,1,0,-5.185,11.3348,12.3701,1],"parentBoneIndex":6,"length":14.8424
,"animation":{"dataType":3,"framePerSecond":24,"keys":[
{"frame":1,"values":[1,0,0,0,0,1,0,0,0,0,1,0,-5.185,11.3348,12.3701,1]},
{"frame":25,"values":[1,0,0,0,0,1,0,0,0,0,1,0,-5.185,11.3348,12.3701,1]}],"loopBehavior":1,"name":"anim","property":"_matrix"}},
{"name":"R_Eye","index":47,"matrix":[1,0,0,0,0,1,0,0,0,0,1,0,-3.0989,9.6989,11.4382,1],"rest":[1,0,0,0,0,1,0,0,0,0,1,0,-3.0989,9.6989,11.4382,1],"parentBoneIndex":6,"length":14.8424
,"animation":{"dataType":3,"framePerSecond":24,"keys":[
{"frame":1,"values":[1,0,0,0,0,1,0,0,0,0,1,0,-3.0989,9.6989,11.4382,1]},
{"frame":25,"values":[1,0,0,0,0,1,0,0,0,0,1,0,-3.0989,9.6989,11.4382,1]}],"loopBehavior":1,"name":"anim","property":"_matrix"}},
{"name":"R_EyelidLower","index":48,"matrix":[1,0,0,0,0,1,0,0,0,0,1,0,-3.0989,9.6989,11.4382,1],"rest":[1,0,0,0,0,1,0,0,0,0,1,0,-3.0989,9.6989,11.4382,1],"parentBoneIndex":6,"length":14.8424
,"animation":{"dataType":3,"framePerSecond":24,"keys":[
{"frame":1,"values":[1,0,0,0,0,1,0,0,0,0,1,0,-3.0989,9.6989,11.4382,1]},
{"frame":25,"values":[1,0,0,0,0,1,0,0,0,0,1,0,-3.0989,9.6989,11.4382,1]}],"loopBehavior":1,"name":"anim","property":"_matrix"}},
{"name":"R_EyelidUpper","index":49,"matrix":[1,0,0,0,0,1,0,0,0,0,1,0,-3.0989,9.6989,11.4382,1],"rest":[1,0,0,0,0,1,0,0,0,0,1,0,-3.0989,9.6989,11.4382,1],"parentBoneIndex":6,"length":14.8424
,"animation":{"dataType":3,"framePerSecond":24,"keys":[
{"frame":1,"values":[1,0,0,0,0,1,0,0,0,0,1,0,-3.0989,9.6989,11.4382,1]},
{"frame":25,"values":[1,0,0,0,0,1,0,0,0,0,1,0,-3.0989,9.6989,11.4382,1]}],"loopBehavior":1,"name":"anim","property":"_matrix"}},
{"name":"R_Temple","index":50,"matrix":[1,0,0,0,0,1,0,0,0,0,1,0,-6.7164,11.953,7.4033,1],"rest":[1,0,0,0,0,1,0,0,0,0,1,0,-6.7164,11.953,7.4033,1],"parentBoneIndex":6,"length":14.8424
,"animation":{"dataType":3,"framePerSecond":24,"keys":[
{"frame":1,"values":[1,0,0,0,0,1,0,0,0,0,1,0,-6.7164,11.953,7.4033,1]},
{"frame":25,"values":[1,0,0,0,0,1,0,0,0,0,1,0,-6.7164,11.953,7.4033,1]}],"loopBehavior":1,"name":"anim","property":"_matrix"}},
{"name":"R_Ear","index":51,"matrix":[1,0,0,0,0,1,0,0,0,0,1,0,-6.8586,8.862,3.3161,1],"rest":[1,0,0,0,0,1,0,0,0,0,1,0,-6.8586,8.862,3.3161,1],"parentBoneIndex":6,"length":14.8424
,"animation":{"dataType":3,"framePerSecond":24,"keys":[
{"frame":1,"values":[1,0,0,0,0,1,0,0,0,0,1,0,-6.8586,8.862,3.3161,1]},
