{"producer":{"name":"Blender","version":"2.90.0","exporter_version":"2.80.1","file":"walk.babylon"},
"autoClear":true,"clearColor":[0.0509,0.0509,0.0509],"gravity":[0,-9.81,0],
"materials":[{"name":"Material","id":"Material","customType":"BABYLON.PBRMaterial","backFaceCulling":true,"checkReadyOnlyOnce":false,"maxSimultaneousLights":4,"environmentIntensity":1,"albedo":[0.8,0.8,0.8],"reflectivity":[0.5,0.5,0.5],"roughness":0.4,"alpha":1,"transparencyMode":0,"alphaCutOff":0.4,"metallic":0}],
"multiMaterials":[],
"skeletons":[{"name":"Armature","id":0,"dimensionsAtRest":[188.1767,188.0947,21.7491],"bones":[
{"name":"Hips","index":0,"matrix":[0.9984,-0.0296,0.0478,0,0.0304,0.9994,-0.0163,0,0.0473,-0.0178,-0.9987,0,-0.199,94.5305,-0.0032,1],"rest":[1,0,0,0,0,1,0,0,0,0,-1,0,0,96.3764,0,1],"parentBoneIndex":-1,"length":9.9032
,"animation":{"dataType":3,"framePerSecond":24,"keys":[
{"frame":1,"values":[0.9984,-0.0296,0.0478,0,0.0304,0.9994,-0.0163,0,0.0473,-0.0178,-0.9987,0,-0.199,94.5305,-0.0032,1]},
{"frame":2,"values":[0.9994,-0.0302,0.0183,0,0.0305,0.9994,-0.0168,0,0.0177,-0.0173,-0.9997,0,-0.3365,95.1595,0.3901,1]},
{"frame":3,"values":[0.9994,-0.0349,-0.0042,0,0.0348,0.9993,-0.0137,0,-0.0047,-0.0135,-0.9999,0,-0.4036,94.8893,0.7082,1]},
{"frame":4,"values":[0.9992,-0.0355,-0.0184,0,0.0353,0.9993,-0.0109,0,-0.0188,-0.0103,-0.9998,0,-0.4165,93.9245,1.0604,1]},
{"frame":5,"values":[0.9989,-0.0336,-0.0327,0,0.0332,0.9994,-0.0129,0,-0.0331,-0.0118,-0.9994,0,-0.3244,92.6233,1.4762,1]},
{"frame":6,"values":[0.9982,-0.033,-0.0501,0,0.0323,0.9994,-0.0153,0,-0.0506,-0.0137,-0.9986,0,-0.0822,91.2089,1.6684,1]},
{"frame":7,"values":[0.9974,-0.0314,-0.0648,0,0.0305,0.9994,-0.0143,0,-0.0652,-0.0123,-0.9978,0,0.4258,89.4835,0.8446,1]},
{"frame":8,"values":[0.9972,-0.0234,-0.0716,0,0.0221,0.9996,-0.0178,0,-0.072,-0.0161,-0.9973,0,1.0904,88.3867,-0.3246,1]},
{"frame":9,"values":[0.9976,-0.0105,-0.0682,0,0.0087,0.9996,-0.027,0,-0.0685,-0.0263,-0.9973,0,1.7898,88.2097,-1.0777,1]},
{"frame":10,"values":[0.9983,-0.0014,-0.0576,0,-0.0002,0.9996,-0.0282,0,-0.0576,-0.0281,-0.9979,0,2.3962,89.0491,-1.138,1]},
{"frame":11,"values":[0.9989,-0.0031,-0.0476,0,0.0021,0.9998,-0.0204,0,-0.0476,-0.0203,-0.9987,0,2.9732,91.1773,-0.9941,1]},
{"frame":12,"values":[0.9994,-0.0139,-0.031,0,0.0134,0.9998,-0.0148,0,-0.0312,-0.0144,-0.9994,0,3.2689,93.3671,-0.6696,1]},
{"frame":13,"values":[0.9997,-0.0237,0.0051,0,0.0238,0.9996,-0.0172,0,0.0047,-0.0173,-0.9998,0,3.475,95.0196,-0.3026,1]},
{"frame":14,"values":[0.9987,-0.0191,0.0479,0,0.0203,0.9995,-0.0248,0,0.0474,-0.0257,-0.9985,0,3.5865,95.5527,0.4519,1]},
{"frame":15,"values":[0.997,-0.0027,0.0767,0,0.0051,0.9995,-0.0313,0,0.0766,-0.0316,-0.9966,0,3.6526,94.8942,1.0186,1]},
{"frame":16,"values":[0.9958,0.0123,0.0912,0,-0.0093,0.9994,-0.0335,0,0.0915,-0.0325,-0.9953,0,3.7264,93.4048,1.3069,1]},
{"frame":17,"values":[0.9943,0.0219,0.1046,0,-0.0184,0.9992,-0.0344,0,0.1053,-0.0322,-0.9939,0,3.6942,91.654,1.541,1]},
{"frame":18,"values":[0.992,0.0267,0.1236,0,-0.0223,0.9991,-0.0373,0,0.1245,-0.0343,-0.9916,0,3.5193,89.8235,1.6493,1]},
{"frame":19,"values":[0.9898,0.0229,0.1407,0,-0.0171,0.999,-0.0424,0,0.1415,-0.0396,-0.9891,0,2.9734,88.316,1.1357,1]},
{"frame":20,"values":[0.9897,0.0064,0.1428,0,0.0007,0.9988,-0.0498,0,0.1429,-0.0494,-0.9885,0,2.2219,87.8315,0.4114,1]},
{"frame":21,"values":[0.9912,-0.0184,0.1313,0,0.0258,0.9981,-0.0551,0,0.13,-0.058,-0.9898,0,1.48,88.3958,0.1037,1]},
{"frame":22,"values":[0.9918,-0.0388,0.1215,0,0.045,0.9978,-0.0487,0,0.1193,-0.0538,-0.9914,0,0.6641,89.8165,0.126,1]},
{"frame":23,"values":[0.9929,-0.0439,0.1106,0,0.0478,0.9983,-0.033,0,0.1089,-0.038,-0.9933,0,0.2152,91.7091,0.0238,1]},
{"frame":24,"values":[0.9956,-0.0372,0.086,0,0.0391,0.999,-0.0206,0,0.0851,-0.0238,-0.9961,0,-0.038,93.3718,-0.1152,1]},
{"frame":25,"values":[0.9984,-0.0296,0.0478,0,0.0304,0.9994,-0.0163,0,0.0473,-0.0178,-0.9987,0,-0.199,94.5305,-0.0032,1]}],"loopBehavior":1,"name":"anim","property":"_matrix"}},
{"name":"Spine","index":1,"matrix":[0.9999,0.0083,-0.0058,0,-0.0082,1,0.0034,0,0.0058,-0.0033,1,0,0,9.2263,1.5771,1],"rest":[1,0,0,0,0,1,0,0,0,0,1,0,0,9.2263,1.5771,1],"parentBoneIndex":0,"length":16.2548
,"animation":{"dataType":3,"framePerSecond":24,"keys":[
{"frame":1,"values":[0.9999,0.0083,-0.0058,0,-0.0082,1,0.0034,0,0.0058,-0.0033,1,0,0,9.2263,1.5771,1]},
{"frame":2,"values":[0.9999,0.0036,-0.0132,0,-0.0035,1,0.0043,0,0.0132,-0.0042,0.9999,0,0,9.2263,1.5771,1]},
{"frame":3,"values":[0.9998,0.0015,-0.0189,0,-0.0014,1,0.006,0,0.0189,-0.006,0.9998,0,0,9.2263,1.5771,1]},
{"frame":4,"values":[0.9997,-0.0006,-0.0229,0,0.0008,1,0.0078,0,0.0229,-0.0078,0.9997,0,0,9.2263,1.5771,1]},
{"frame":5,"values":[0.9996,-0.0032,-0.027,0,0.0034,1,0.008,0,0.027,-0.0081,0.9996,0,0,9.2263,1.5771,1]},
{"frame":6,"values":[0.9995,-0.0061,-0.032,0,0.0063,0.9999,0.0079,0,0.032,-0.0081,0.9995,0,0,9.2263,1.5771,1]},
{"frame":7,"values":[0.9993,-0.0087,-0.0364,0,0.009,0.9999,0.0066,0,0.0363,-0.0069,0.9993,0,0,9.2263,1.5771,1]},
{"frame":8,"values":[0.9992,-0.0118,-0.0382,0,0.0119,0.9999,0.0021,0,0.0381,-0.0026,0.9993,0,0,9.2263,1.5771,1]},
{"frame":9,"values":[0.9992,-0.0164,-0.0362,0,0.0163,0.9999,-0.0044,0,0.0362,0.0038,0.9993,0,0,9.2263,1.5771,1]},
{"frame":10,"values":[0.9994,-0.0178,-0.0309,0,0.0177,0.9998,-0.0045,0,0.031,0.0039,0.9995,0,0,9.2263,1.5771,1]},
{"frame":11,"values":[0.9996,-0.016,-0.0243,0,0.016,0.9999,-0.0009,0,0.0243,0.0005,0.9997,0,0,9.2263,1.5771,1]},
{"frame":12,"values":[0.9998,-0.0116,-0.0159,0,0.0116,0.9999,0.0015,0,0.0158,-0.0017,0.9999,0,0,9.2263,1.5771,1]},
{"frame":13,"values":[1,-0.0059,-0.0046,0,0.0059,1,0.0023,0,0.0046,-0.0023,1,0,0,9.2263,1.5771,1]},
{"frame":14,"values":[1,-0.0036,0.0061,0,0.0036,1,0.0031,0,-0.0061,-0.0031,1,0,0,9.2263,1.5771,1]},
{"frame":15,"values":[0.9999,-0.0042,0.0127,0,0.0041,1,0.0041,0,-0.0127,-0.0041,0.9999,0,0,9.2263,1.5771,1]},
{"frame":16,"values":[0.9999,-0.0036,0.0161,0,0.0035,1,0.0062,0,-0.0161,-0.0061,0.9999,0,0,9.2263,1.5771,1]},
{"frame":17,"values":[0.9998,-0.0025,0.0195,0,0.0024,1,0.0079,0,-0.0195,-0.0078,0.9998,0,0,9.2263,1.5771,1]},
{"frame":18,"values":[0.9997,0.0002,0.0241,0,-0.0004,1,0.0083,0,-0.0241,-0.0083,0.9997,0,0,9.2263,1.5771,1]},
{"frame":19,"values":[0.9996,0.0035,0.0278,0,-0.0036,1,0.0053,0,-0.0278,-0.0054,0.9996,0,0,9.2263,1.5771,1]},
{"frame":20,"values":[0.9996,0.0074,0.0274,0,-0.0073,1,-0.0014,0,-0.0274,0.0012,0.9996,0,0,9.2263,1.5771,1]},
{"frame":21,"values":[0.9996,0.0129,0.0232,0,-0.0128,0.9999,-0.0059,0,-0.0233,0.0056,0.9997,0,0,9.2263,1.5771,1]},
{"frame":22,"values":[0.9997,0.0177,0.0188,0,-0.0176,0.9998,-0.0044,0,-0.0189,0.004,0.9998,0,0,9.2263,1.5771,1]},
{"frame":23,"values":[0.9997,0.0184,0.0133,0,-0.0184,0.9998,-0.0007,0,-0.0134,0.0005,0.9999,0,0,9.2263,1.5771,1]},
{"frame":24,"values":[0.9999,0.014,0.0048,0,-0.014,0.9999,0.0021,0,-0.0048,-0.0022,1,0,0,9.2263,1.5771,1]},
{"frame":25,"values":[0.9999,0.0083,-0.0058,0,-0.0082,1,0.0034,0,0.0058,-0.0033,1,0,0,9.2263,1.5771,1]}],"loopBehavior":1,"name":"anim","property":"_matrix"}},
{"name":"Spine1","index":2,"matrix":[0.9999,0.0088,-0.012,0,-0.0087,0.9999,0.0068,0,0.0121,-0.0067,0.9999,0,0,16.254,-0.1656,1],"rest":[1,0,0,0,0,1,0,0,0,0,1,0,0,16.254,-0.1656,1],"parentBoneIndex":1,"length":13.7007
,"animation":{"dataType":3,"framePerSecond":24,"keys":[
{"frame":1,"values":[0.9999,0.0088,-0.012,0,-0.0087,0.9999,0.0068,0,0.0121,-0.0067,0.9999,0,0,16.254,-0.1656,1]},
{"frame":2,"values":[0.9997,0.0014,-0.0264,0,-0.0012,1,0.0085,0,0.0264,-0.0085,0.9996,0,0,16.254,-0.1656,1]},
{"frame":3,"values":[0.9993,-0.0013,-0.0378,0,0.0017,0.9999,0.0121,0,0.0378,-0.0121,0.9992,0,0,16.254,-0.1656,1]},
{"frame":4,"values":[0.9989,-0.0042,-0.0466,0,0.0049,0.9999,0.0155,0,0.0465,-0.0157,0.9988,0,0,16.254,-0.1656,1]},
{"frame":5,"values":[0.9984,-0.0091,-0.0563,0,0.01,0.9998,0.0159,0,0.0562,-0.0165,0.9983,0,0,16.254,-0.1656,1]},
{"frame":6,"values":[0.9976,-0.0144,-0.068,0,0.0155,0.9998,0.0154,0,0.0678,-0.0164,0.9976,0,0,16.254,-0.1656,1]},
{"frame":7,"values":[0.9968,-0.0188,-0.0778,0,0.0199,0.9997,0.0127,0,0.0775,-0.0142,0.9969,0,0,16.254,-0.1656,1]},
{"frame":8,"values":[0.9964,-0.024,-0.0814,0,0.0243,0.9997,0.0037,0,0.0813,-0.0057,0.9967,0,0,16.254,-0.1656,1]},
{"frame":9,"values":[0.9965,-0.0329,-0.0763,0,0.0322,0.9994,-0.0095,0,0.0765,0.007,0.997,0,0,16.254,-0.1656,1]},
{"frame":10,"values":[0.9974,-0.0342,-0.0636,0,0.0336,0.9994,-0.0095,0,0.0639,0.0074,0.9979,0,0,16.254,-0.1656,1]},
{"frame":11,"values":[0.9984,-0.0283,-0.0486,0,0.0283,0.9996,-0.0022,0,0.0486,0.0008,0.9988,0,0,16.254,-0.1656,1]},
{"frame":12,"values":[0.9993,-0.0186,-0.0312,0,0.0187,0.9998,0.0029,0,0.0311,-0.0035,0.9995,0,0,16.254,-0.1656,1]},
{"frame":13,"values":[0.9999,-0.0091,-0.0091,0,0.0091,0.9999,0.0046,0,0.009,-0.0047,0.9999,0,0,16.254,-0.1656,1]},
{"frame":14,"values":[0.9999,-0.0064,0.0122,0,0.0063,1,0.0062,0,-0.0123,-0.0062,0.9999,0,0,16.254,-0.1656,1]},
{"frame":15,"values":[0.9996,-0.008,0.0255,0,0.0078,0.9999,0.0083,0,-0.0255,-0.0081,0.9996,0,0,16.254,-0.1656,1]},
{"frame":16,"values":[0.9994,-0.0062,0.033,0,0.0058,0.9999,0.0124,0,-0.033,-0.0122,0.9994,0,0,16.254,-0.1656,1]},
{"frame":17,"values":[0.9991,-0.0032,0.0411,0,0.0026,0.9999,0.0158,0,-0.0412,-0.0156,0.999,0,0,16.254,-0.1656,1]},
{"frame":18,"values":[0.9987,0.0019,0.0518,0,-0.0028,0.9999,0.0165,0,-0.0518,-0.0167,0.9985,0,0,16.254,-0.1656,1]},
{"frame":19,"values":[0.9982,0.0072,0.0601,0,-0.0078,0.9999,0.0104,0,-0.06,-0.0109,0.9981,0,0,16.254,-0.1656,1]},
{"frame":20,"values":[0.9982,0.0138,0.0592,0,-0.0137,0.9999,-0.003,0,-0.0592,0.0022,0.9982,0,0,16.254,-0.1656,1]},
{"frame":21,"values":[0.9985,0.0236,0.0495,0,-0.0231,0.9997,-0.0121,0,-0.0498,0.0109,0.9987,0,0,16.254,-0.1656,1]},
{"frame":22,"values":[0.9989,0.0286,0.0377,0,-0.0283,0.9996,-0.009,0,-0.0379,0.0079,0.9992,0,0,16.254,-0.1656,1]},
{"frame":23,"values":[0.9993,0.0262,0.0253,0,-0.0262,0.9997,-0.0016,0,-0.0253,0.0009,0.9997,0,0,16.254,-0.1656,1]},
{"frame":24,"values":[0.9998,0.0181,0.0084,0,-0.0182,0.9998,0.0042,0,-0.0083,-0.0044,1,0,0,16.254,-0.1656,1]},
{"frame":25,"values":[0.9999,0.0088,-0.012,0,-0.0087,0.9999,0.0068,0,0.0121,-0.0067,0.9999,0,0,16.254,-0.1656,1]}],"loopBehavior":1,"name":"anim","property":"_matrix"}},
{"name":"Spine2","index":3,"matrix":[0.9999,0.0088,-0.012,0,-0.0087,0.9999,0.0068,0,0.0121,-0.0067,0.9999,0,0,13.6396,-1.2923,1],"rest":[1,0,0,0,0,1,0,0,0,0,1,0,0,13.6396,-1.2923,1],"parentBoneIndex":2,"length":13.1719
,"animation":{"dataType":3,"framePerSecond":24,"keys":[
{"frame":1,"values":[0.9999,0.0088,-0.012,0,-0.0087,0.9999,0.0068,0,0.0121,-0.0067,0.9999,0,0,13.6396,-1.2923,1]},
{"frame":2,"values":[0.9997,0.0014,-0.0264,0,-0.0012,1,0.0085,0,0.0264,-0.0085,0.9996,0,0,13.6396,-1.2923,1]},
{"frame":3,"values":[0.9993,-0.0013,-0.0378,0,0.0017,0.9999,0.0121,0,0.0378,-0.0121,0.9992,0,0,13.6396,-1.2923,1]},
{"frame":4,"values":[0.9989,-0.0042,-0.0466,0,0.0049,0.9999,0.0155,0,0.0465,-0.0157,0.9988,0,0,13.6396,-1.2923,1]},
{"frame":5,"values":[0.9984,-0.0091,-0.0563,0,0.01,0.9998,0.0159,0,0.0562,-0.0165,0.9983,0,0,13.6396,-1.2923,1]},
{"frame":6,"values":[0.9976,-0.0144,-0.068,0,0.0155,0.9998,0.0154,0,0.0678,-0.0164,0.9976,0,0,13.6396,-1.2923,1]},
{"frame":7,"values":[0.9968,-0.0188,-0.0778,0,0.0199,0.9997,0.0127,0,0.0775,-0.0142,0.9969,0,0,13.6396,-1.2923,1]},
{"frame":8,"values":[0.9964,-0.024,-0.0814,0,0.0243,0.9997,0.0037,0,0.0813,-0.0057,0.9967,0,0,13.6396,-1.2923,1]},
{"frame":9,"values":[0.9965,-0.0329,-0.0763,0,0.0322,0.9994,-0.0095,0,0.0765,0.007,0.997,0,0,13.6396,-1.2923,1]},
{"frame":10,"values":[0.9974,-0.0342,-0.0636,0,0.0336,0.9994,-0.0095,0,0.0639,0.0074,0.9979,0,0,13.6396,-1.2923,1]},
{"frame":11,"values":[0.9984,-0.0283,-0.0486,0,0.0283,0.9996,-0.0022,0,0.0486,0.0008,0.9988,0,0,13.6396,-1.2923,1]},
{"frame":12,"values":[0.9993,-0.0186,-0.0312,0,0.0187,0.9998,0.0029,0,0.0311,-0.0035,0.9995,0,0,13.6396,-1.2923,1]},
{"frame":13,"values":[0.9999,-0.0091,-0.0091,0,0.0091,0.9999,0.0046,0,0.009,-0.0047,0.9999,0,0,13.6396,-1.2923,1]},
{"frame":14,"values":[0.9999,-0.0064,0.0122,0,0.0063,1,0.0062,0,-0.0123,-0.0062,0.9999,0,0,13.6396,-1.2923,1]},
{"frame":15,"values":[0.9996,-0.008,0.0255,0,0.0078,0.9999,0.0083,0,-0.0255,-0.0081,0.9996,0,0,13.6396,-1.2923,1]},
{"frame":16,"values":[0.9994,-0.0062,0.033,0,0.0058,0.9999,0.0124,0,-0.033,-0.0122,0.9994,0,0,13.6396,-1.2923,1]},
{"frame":17,"values":[0.9991,-0.0032,0.0411,0,0.0026,0.9999,0.0158,0,-0.0412,-0.0156,0.999,0,0,13.6396,-1.2923,1]},
{"frame":18,"values":[0.9987,0.0019,0.0518,0,-0.0028,0.9999,0.0165,0,-0.0518,-0.0167,0.9985,0,0,13.6396,-1.2923,1]},
{"frame":19,"values":[0.9982,0.0072,0.0601,0,-0.0078,0.9999,0.0104,0,-0.06,-0.0109,0.9981,0,0,13.6396,-1.2923,1]},
{"frame":20,"values":[0.9982,0.0138,0.0592,0,-0.0137,0.9999,-0.003,0,-0.0592,0.0022,0.9982,0,0,13.6396,-1.2923,1]},
{"frame":21,"values":[0.9985,0.0236,0.0495,0,-0.0231,0.9997,-0.0121,0,-0.0498,0.0109,0.9987,0,0,13.6396,-1.2923,1]},
{"frame":22,"values":[0.9989,0.0286,0.0377,0,-0.0283,0.9996,-0.009,0,-0.0379,0.0079,0.9992,0,0,13.6396,-1.2923,1]},
{"frame":23,"values":[0.9993,0.0262,0.0253,0,-0.0262,0.9997,-0.0016,0,-0.0253,0.0009,0.9997,0,0,13.6396,-1.2923,1]},
{"frame":24,"values":[0.9998,0.0181,0.0084,0,-0.0182,0.9998,0.0042,0,-0.0083,-0.0044,1,0,0,13.6396,-1.2923,1]},
{"frame":25,"values":[0.9999,0.0088,-0.012,0,-0.0087,0.9999,0.0068,0,0.0121,-0.0067,0.9999,0,0,13.6396,-1.2923,1]}],"loopBehavior":1,"name":"anim","property":"_matrix"}},
{"name":"Neck","index":4,"matrix":[0.9997,-0.0211,0.008,0,0.0211,0.9998,0.0001,0,-0.008,0.0001,1,0,0,13.8774,-4.3542,1],"rest":[1,0,0,0,0,1,0,0,0,0,1,0,0,13.8774,-4.3542,1],"parentBoneIndex":3,"length":4.4379
,"animation":{"dataType":3,"framePerSecond":24,"keys":[
{"frame":1,"values":[0.9997,-0.0211,0.008,0,0.0211,0.9998,0.0001,0,-0.008,0.0001,1,0,0,13.8774,-4.3542,1]},
{"frame":2,"values":[0.9999,-0.0017,0.0123,0,0.0016,1,0.0093,0,-0.0123,-0.0093,0.9999,0,0,13.8774,-4.3542,1]},
{"frame":3,"values":[0.9997,0.0162,0.0168,0,-0.0165,0.9996,0.0213,0,-0.0165,-0.0216,0.9996,0,0,13.8774,-4.3542,1]},
{"frame":4,"values":[0.9992,0.033,0.0212,0,-0.0337,0.9988,0.0341,0,-0.02,-0.0348,0.9992,0,0,13.8774,-4.3542,1]},
{"frame":5,"values":[0.9981,0.0555,0.0282,0,-0.0567,0.9974,0.045,0,-0.0256,-0.0465,0.9986,0,0,13.8774,-4.3542,1]},
{"frame":6,"values":[0.9963,0.0784,0.0361,0,-0.0797,0.9961,0.0374,0,-0.033,-0.0401,0.9987,0,0,13.8774,-4.3542,1]},
{"frame":7,"values":[0.9954,0.0872,0.0386,0,-0.0877,0.9961,0.0118,0,-0.0374,-0.0151,0.9992,0,0,13.8774,-4.3542,1]},
{"frame":8,"values":[0.9962,0.0792,0.0357,0,-0.0796,0.9968,0.0073,0,-0.035,-0.0101,0.9993,0,0,13.8774,-4.3542,1]},
{"frame":9,"values":[0.9964,0.0787,0.0327,0,-0.0795,0.9965,0.0244,0,-0.0307,-0.0269,0.9992,0,0,13.8774,-4.3542,1]},
{"frame":10,"values":[0.9981,0.0572,0.0228,0,-0.0575,0.9982,0.0164,0,-0.0218,-0.0177,0.9996,0,0,13.8774,-4.3542,1]},
{"frame":11,"values":[0.9993,0.0345,0.0127,0,-0.0348,0.9992,0.0209,0,-0.012,-0.0213,0.9997,0,0,13.8774,-4.3542,1]},
{"frame":12,"values":[0.9998,0.0188,0.0044,0,-0.019,0.9992,0.0355,0,-0.0037,-0.0356,0.9994,0,0,13.8774,-4.3542,1]},
{"frame":13,"values":[1,0.0081,-0.0027,0,-0.008,0.9985,0.0535,0,0.0031,-0.0535,0.9986,0,0,13.8774,-4.3542,1]},
{"frame":14,"values":[1,0.0065,-0.0072,0,-0.0061,0.9984,0.0569,0,0.0076,-0.0569,0.9984,0,0,13.8774,-4.3542,1]},
{"frame":15,"values":[0.9999,0.0031,-0.0108,0,-0.0025,0.9983,0.0574,0,0.011,-0.0574,0.9983,0,0,13.8774,-4.3542,1]},
{"frame":16,"values":[0.9998,-0.0149,-0.016,0,0.0157,0.9984,0.0534,0,0.0152,-0.0537,0.9984,0,0,13.8774,-4.3542,1]},
{"frame":17,"values":[0.9994,-0.0283,-0.0187,0,0.0291,0.9984,0.048,0,0.0173,-0.0485,0.9987,0,0,13.8774,-4.3542,1]},
{"frame":18,"values":[0.9987,-0.0466,-0.0223,0,0.0472,0.9986,0.023,0,0.0212,-0.024,0.9995,0,0,13.8774,-4.3542,1]},
{"frame":19,"values":[0.9983,-0.0542,-0.0231,0,0.0542,0.9985,-0.0016,0,0.0232,0.0004,0.9997,0,0,13.8774,-4.3542,1]},
{"frame":20,"values":[0.9986,-0.0496,-0.0206,0,0.0496,0.9988,0,0,0.0206,-0.001,0.9998,0,0,13.8774,-4.3542,1]},
{"frame":21,"values":[0.9989,-0.0444,-0.016,0,0.0443,0.999,-0.0077,0,0.0163,0.007,0.9998,0,0,13.8774,-4.3542,1]},
{"frame":22,"values":[0.9996,-0.0275,-0.0078,0,0.0273,0.9992,-0.0295,0,0.0086,0.0293,0.9995,0,0,13.8774,-4.3542,1]},
{"frame":23,"values":[0.9999,-0.0141,-0.0005,0,0.0141,0.9994,-0.0307,0,0.001,0.0307,0.9995,0,0,13.8774,-4.3542,1]},
{"frame":24,"values":[0.9999,-0.0099,0.0051,0,0.01,0.9998,-0.0195,0,-0.0049,0.0195,0.9998,0,0,13.8774,-4.3542,1]},
{"frame":25,"values":[0.9997,-0.0211,0.008,0,0.0211,0.9998,0.0001,0,-0.008,0.0001,1,0,0,13.8774,-4.3542,1]}],"loopBehavior":1,"name":"anim","property":"_matrix"}},
{"name":"Neck1","index":5,"matrix":[1,0,0,0,0,1,0,0,0,0,1,0,0,4.34,0.9269,1],"rest":[1,0,0,0,0,1,0,0,0,0,1,0,0,4.34,0.9269,1],"parentBoneIndex":4,"length":6.2291
,"animation":{"dataType":3,"framePerSecond":24,"keys":[
{"frame":1,"values":[1,0,0,0,0,1,0,0,0,0,1,0,0,4.34,0.9269,1]},
{"frame":25,"values":[1,0,0,0,0,1,0,0,0,0,1,0,0,4.34,0.9269,1]}],"loopBehavior":1,"name":"anim","property":"_matrix"}},
{"name":"Head","index":6,"matrix":[0.9981,0.0307,0.0543,0,-0.0333,0.9984,0.0461,0,-0.0528,-0.0478,0.9975,0,0,4.0266,0.8585,1],"rest":[1,0,0,0,0,1,0,0,0,0,1,0,0,4.0266,0.8585,1],"parentBoneIndex":5,"length":14.8424
,"animation":{"dataType":3,"framePerSecond":24,"keys":[
{"frame":1,"values":[0.9981,0.0307,0.0543,0,-0.0333,0.9984,0.0461,0,-0.0528,-0.0478,0.9975,0,0,4.0266,0.8585,1]},
{"frame":2,"values":[0.9985,0.021,0.0508,0,-0.0229,0.999,0.0383,0,-0.0499,-0.0394,0.998,0,0,4.0266,0.8585,1]},
{"frame":3,"values":[0.9989,0.0088,0.0453,0,-0.0101,0.9995,0.0298,0,-0.045,-0.0303,0.9985,0,0,4.0266,0.8585,1]},
{"frame":4,"values":[0.9992,-0.0007,0.0409,0,-0.0002,0.9998,0.0211,0,-0.0409,-0.0211,0.9989,0,0,4.0266,0.8585,1]},
{"frame":5,"values":[0.9992,-0.01,0.0378,0,0.0095,0.9999,0.012,0,-0.0379,-0.0116,0.9992,0,0,4.0266,0.8585,1]},
{"frame":6,"values":[0.9992,-0.0135,0.038,0,0.0131,0.9999,0.0109,0,-0.0381,-0.0104,0.9992,0,0,4.0266,0.8585,1]},
{"frame":7,"values":[0.999,-0.0023,0.0442,0,0.0012,0.9997,0.0236,0,-0.0442,-0.0235,0.9987,0,0,4.0266,0.8585,1]},
{"frame":8,"values":[0.9985,0.0207,0.0516,0,-0.0218,0.9995,0.0211,0,-0.0512,-0.0221,0.9984,0,0,4.0266,0.8585,1]},
{"frame":9,"values":[0.9983,0.0338,0.0484,0,-0.0344,0.9993,0.0111,0,-0.048,-0.0128,0.9988,0,0,4.0266,0.8585,1]},
{"frame":10,"values":[0.9982,0.0452,0.0397,0,-0.0462,0.9986,0.0246,0,-0.0385,-0.0264,0.9989,0,0,4.0266,0.8585,1]},
{"frame":11,"values":[0.9985,0.0495,0.0237,0,-0.0503,0.9982,0.0339,0,-0.0219,-0.035,0.9991,0,0,4.0266,0.8585,1]},
{"frame":12,"values":[0.9987,0.0509,0.007,0,-0.0512,0.9979,0.0386,0,-0.005,-0.0389,0.9992,0,0,4.0266,0.8585,1]},
{"frame":13,"values":[0.9984,0.0561,-0.0047,0,-0.056,0.998,0.0299,0,0.0064,-0.0296,0.9995,0,0,4.0266,0.8585,1]},
{"frame":14,"values":[0.998,0.0615,-0.0122,0,-0.0612,0.998,0.0185,0,0.0133,-0.0177,0.9998,0,0,4.0266,0.8585,1]},
{"frame":15,"values":[0.9976,0.0672,-0.0155,0,-0.0671,0.9977,0.0043,0,0.0158,-0.0033,0.9999,0,0,4.0266,0.8585,1]},
{"frame":16,"values":[0.9971,0.0748,-0.0145,0,-0.0749,0.9972,-0.0049,0,0.0141,0.006,0.9999,0,0,4.0266,0.8585,1]},
{"frame":17,"values":[0.9972,0.0728,-0.0147,0,-0.0729,0.9973,-0.0084,0,0.0141,0.0094,0.9999,0,0,4.0266,0.8585,1]},
{"frame":18,"values":[0.9976,0.0677,-0.0122,0,-0.0676,0.9977,0.0054,0,0.0125,-0.0046,0.9999,0,0,4.0266,0.8585,1]},
{"frame":19,"values":[0.9984,0.0555,-0.0098,0,-0.0552,0.9982,0.022,0,0.0111,-0.0214,0.9997,0,0,4.0266,0.8585,1]},
{"frame":20,"values":[0.9991,0.0421,-0.0065,0,-0.0419,0.9989,0.0213,0,0.0074,-0.021,0.9998,0,0,4.0266,0.8585,1]},
{"frame":21,"values":[0.9993,0.0371,0.0024,0,-0.0372,0.999,0.0258,0,-0.0014,-0.0259,0.9997,0,0,4.0266,0.8585,1]},
{"frame":22,"values":[0.9993,0.0336,0.0133,0,-0.0341,0.9986,0.0406,0,-0.012,-0.0411,0.9991,0,0,4.0266,0.8585,1]},
{"frame":23,"values":[0.9991,0.0333,0.0264,0,-0.0346,0.9983,0.0471,0,-0.0248,-0.048,0.9985,0,0,4.0266,0.8585,1]},
{"frame":24,"values":[0.9987,0.0325,0.0403,0,-0.0345,0.9981,0.0501,0,-0.0386,-0.0514,0.9979,0,0,4.0266,0.8585,1]},
{"frame":25,"values":[0.9981,0.0307,0.0543,0,-0.0333,0.9984,0.0461,0,-0.0528,-0.0478,0.9975,0,0,4.0266,0.8585,1]}],"loopBehavior":1,"name":"anim","property":"_matrix"}},
{"name":"L_Ear","index":7,"matrix":[1,0,0,0,0,1,0,0,0,0,1,0,6.8586,8.862,3.3161,1],"rest":[1,0,0,0,0,1,0,0,0,0,1,0,6.8586,8.862,3.3161,1],"parentBoneIndex":6,"length":14.8424
,"animation":{"dataType":3,"framePerSecond":24,"keys":[
{"frame":1,"values":[1,0,0,0,0,1,0,0,0,0,1,0,6.8586,8.862,3.3161,1]},
{"frame":25,"values":[1,0,0,0,0,1,0,0,0,0,1,0,6.8586,8.862,3.3161,1]}],"loopBehavior":1,"name":"anim","property":"_matrix"}},
{"name":"Jaw","index":8,"matrix":[1,0,0,0,0,1,0,0,0,0,1,0,0.0038,6.235,4.4131,1],"rest":[1,0,0,0,0,1,0,0,0,0,1,0,0.0038,6.235,4.4131,1],"parentBoneIndex":6,"length":8.9884
,"animation":{"dataType":3,"framePerSecond":24,"keys":[
{"frame":1,"values":[1,0,0,0,0,1,0,0,0,0,1,0,0.0038,6.235,4.4131,1]},
{"frame":25,"values":[1,0,0,0,0,1,0,0,0,0,1,0,0.0038,6.235,4.4131,1]}],"loopBehavior":1,"name":"anim","property":"_matrix"}},
{"name":"TongueBack","index":9,"matrix":[1,0,0,0,0,1,0,0,0,0,1,0,0,-3.3518,4.6468,1],"rest":[1,0,0,0,0,1,0,0,0,0,1,0,0,-3.3518,4.6468,1],"parentBoneIndex":8,"length":1.6664
,"animation":{"dataType":3,"framePerSecond":24,"keys":[
{"frame":1,"values":[1,0,0,0,0,1,0,0,0,0,1,0,0,-3.3518,4.6468,1]},
{"frame":25,"values":[1,0,0,0,0,1,0,0,0,0,1,0,0,-3.3518,4.6468,1]}],"loopBehavior":1,"name":"anim","property":"_matrix"}},
{"name":"TongueMid","index":10,"matrix":[1,0,0,0,0,1,0,0,0,0,1,0,0,0.0424,1.6659,1],"rest":[1,0,0,0,0,1,0,0,0,0,1,0,0,0.0424,1.6659,1],"parentBoneIndex":9,"length":1.3562
,"animation":{"dataType":3,"framePerSecond":24,"keys":[
{"frame":1,"values":[1,0,0,0,0,1,0,0,0,0,1,0,0,0.0424,1.6659,1]},
{"frame":25,"values":[1,0,0,0,0,1,0,0,0,0,1,0,0,0.0424,1.6659,1]}],"loopBehavior":1,"name":"anim","property":"_matrix"}},
{"name":"TongueTip","index":11,"matrix":[1,0,0,0,0,1,0,0,0,0,1,0,0,-0.4344,1.2847,1],"rest":[1,0,0,0,0,1,0,0,0,0,1,0,0,-0.4344,1.2847,1],"parentBoneIndex":10,"length":1.3562
,"animation":{"dataType":3,"framePerSecond":24,"keys":[
{"frame":1,"values":[1,0,0,0,0,1,0,0,0,0,1,0,0,-0.4344,1.2847,1]},
{"frame":25,"values":[1,0,0,0,0,1,0,0,0,0,1,0,0,-0.4344,1.2847,1]}],"loopBehavior":1,"name":"anim","property":"_matrix"}},
{"name":"Chin","index":12,"matrix":[1,0,0,0,0,1,0,0,0,0,1,0,-0.0038,-6.1605,9.1241,1],"rest":[1,0,0,0,0,1,0,0,0,0,1,0,-0.0038,-6.1605,9.1241,1],"parentBoneIndex":8,"length":8.9884
,"animation":{"dataType":3,"framePerSecond":24,"keys":[
{"frame":1,"values":[1,0,0,0,0,1,0,0,0,0,1,0,-0.0038,-6.1605,9.1241,1]},
{"frame":25,"values":[1,0,0,0,0,1,0,0,0,0,1,0,-0.0038,-6.1605,9.1241,1]}],"loopBehavior":1,"name":"anim","property":"_matrix"}},
{"name":"LowerChin","index":13,"matrix":[1,0,0,0,0,1,0,0,0,0,1,0,-0.0038,-8.2784,6.0042,1],"rest":[1,0,0,0,0,1,0,0,0,0,1,0,-0.0038,-8.2784,6.0042,1],"parentBoneIndex":8,"length":8.9884
,"animation":{"dataType":3,"framePerSecond":24,"keys":[
{"frame":1,"values":[1,0,0,0,0,1,0,0,0,0,1,0,-0.0038,-8.2784,6.0042,1]},
{"frame":25,"values":[1,0,0,0,0,1,0,0,0,0,1,0,-0.0038,-8.2784,6.0042,1]}],"loopBehavior":1,"name":"anim","property":"_matrix"}},
{"name":"L_Temple","index":14,"matrix":[1,0,0,0,0,1,0,0,0,0,1,0,6.7164,11.953,7.4033,1],"rest":[1,0,0,0,0,1,0,0,0,0,1,0,6.7164,11.953,7.4033,1],"parentBoneIndex":6,"length":14.8424
,"animation":{"dataType":3,"framePerSecond":24,"keys":[
{"frame":1,"values":[1,0,0,0,0,1,0,0,0,0,1,0,6.7164,11.953,7.4033,1]},
{"frame":25,"values":[1,0,0,0,0,1,0,0,0,0,1,0,6.7164,11.953,7.4033,1]}],"loopBehavior":1,"name":"anim","property":"_matrix"}},
{"name":"L_IOuterBrow","index":15,"matrix":[1,0,0,0,0,1,0,0,0,0,1,0,5.185,11.3348,12.3701,1],"rest":[1,0,0,0,0,1,0,0,0,0,1,0,5.185,11.3348,12.3701,1],"parentBoneIndex":6,"length":14.8424
,"animation":{"dataType":3,"framePerSecond":24,"keys":[
{"frame":1,"values":[1,0,0,0,0,1,0,0,0,0,1,0,5.185,11.3348,12.3701,1]},
{"frame":25,"values":[1,0,0,0,0,1,0,0,0,0,1,0,5.185,11.3348,12.3701,1]}],"loopBehavior":1,"name":"anim","property":"_matrix"}},
{"name":"L_MidBrow","index":16,"matrix":[1,0,0,0,0,1,0,0,0,0,1,0,3.3668,11.4156,13.6166,1],"rest":[1,0,0,0,0,1,0,0,0,0,1,0,3.3668,11.4156,13.6166,1],"parentBoneIndex":6,"length":14.8424
,"animation":{"dataType":3,"framePerSecond":24,"keys":[
{"frame":1,"values":[1,0,0,0,0,1,0,0,0,0,1,0,3.3668,11.4156,13.6166,1]},
{"frame":25,"values":[1,0,0,0,0,1,0,0,0,0,1,0,3.3668,11.4156,13.6166,1]}],"loopBehavior":1,"name":"anim","property":"_matrix"}},
{"name":"L_InnerBrow","index":17,"matrix":[1,0,0,0,0,1,0,0,0,0,1,0,1.6599,10.7576,14.115,1],"rest":[1,0,0,0,0,1,0,0,0,0,1,0,1.6599,10.7576,14.115,1],"parentBoneIndex":6,"length":14.8424
,"animation":{"dataType":3,"framePerSecond":24,"keys":[
{"frame":1,"values":[1,0,0,0,0,1,0,0,0,0,1,0,1.6599,10.7576,14.115,1]},
{"frame":25,"values":[1,0,0,0,0,1,0,0,0,0,1,0,1.6599,10.7576,14.115,1]}],"loopBehavior":1,"name":"anim","property":"_matrix"}},
{"name":"L_Eye","index":18,"matrix":[1,0,0,0,0,1,0,0,0,0,1,0,3.0989,9.6989,11.4382,1],"rest":[1,0,0,0,0,1,0,0,0,0,1,0,3.0989,9.6989,11.4382,1],"parentBoneIndex":6,"length":14.8424
,"animation":{"dataType":3,"framePerSecond":24,"keys":[
{"frame":1,"values":[1,0,0,0,0,1,0,0,0,0,1,0,3.0989,9.6989,11.4382,1]},
{"frame":25,"values":[1,0,0,0,0,1,0,0,0,0,1,0,3.0989,9.6989,11.4382,1]}],"loopBehavior":1,"name":"anim","property":"_matrix"}},
{"name":"L_EyelidLower","index":19,"matrix":[1,0,0,0,0,1,0,0,0,0,1,0,3.0989,9.6989,11.4382,1],"rest":[1,0,0,0,0,1,0,0,0,0,1,0,3.0989,9.6989,11.4382,1],"parentBoneIndex":6,"length":14.8424
,"animation":{"dataType":3,"framePerSecond":24,"keys":[
{"frame":1,"values":[1,0,0,0,0,1,0,0,0,0,1,0,3.0989,9.6989,11.4382,1]},
{"frame":25,"values":[1,0,0,0,0,1,0,0,0,0,1,0,3.0989,9.6989,11.4382,1]}],"loopBehavior":1,"name":"anim","property":"_matrix"}},
{"name":"L_EyelidUpper","index":20,"matrix":[1,0,0,0,0,1,0,0,0,0,1,0,3.0989,9.6989,11.4382,1],"rest":[1,0,0,0,0,1,0,0,0,0,1,0,3.0989,9.6989,11.4382,1],"parentBoneIndex":6,"length":14.8424
,"animation":{"dataType":3,"framePerSecond":24,"keys":[
{"frame":1,"values":[1,0,0,0,0,1,0,0,0,0,1,0,3.0989,9.6989,11.4382,1]},
{"frame":25,"values":[1,0,0,0,0,1,0,0,0,0,1,0,3.0989,9.6989,11.4382,1]}],"loopBehavior":1,"name":"anim","property":"_matrix"}},
{"name":"L_InnerCheek","index":21,"matrix":[1,0,0,0,0,1,0,0,0,0,1,0,2.1484,7.4937,13.4347,1],"rest":[1,0,0,0,0,1,0,0,0,0,1,0,2.1484,7.4937,13.4347,1],"parentBoneIndex":6,"length":14.8424
,"animation":{"dataType":3,"framePerSecond":24,"keys":[
{"frame":1,"values":[1,0,0,0,0,1,0,0,0,0,1,0,2.1484,7.4937,13.4347,1]},
{"frame":25,"values":[1,0,0,0,0,1,0,0,0,0,1,0,2.1484,7.4937,13.4347,1]}],"loopBehavior":1,"name":"anim","property":"_matrix"}},
{"name":"L_LowerCheek","index":22,"matrix":[1,0,0,0,0,1,0,0,0,0,1,0,4.3527,2.5675,9.9423,1],"rest":[1,0,0,0,0,1,0,0,0,0,1,0,4.3527,2.5675,9.9423,1],"parentBoneIndex":6,"length":14.8424
,"animation":{"dataType":3,"framePerSecond":24,"keys":[
{"frame":1,"values":[1,0,0,0,0,1,0,0,0,0,1,0,4.3527,2.5675,9.9423,1]},
{"frame":25,"values":[1,0,0,0,0,1,0,0,0,0,1,0,4.3527,2.5675,9.9423,1]}],"loopBehavior":1,"name":"anim","property":"_matrix"}},
{"name":"L_LipCorner","index":23,"matrix":[1,0,0,0,0,1,0,0,0,0,1,0,2.9076,2.9095,12.5938,1],"rest":[1,0,0,0,0,1,0,0,0,0,1,0,2.9076,2.9095,12.5938,1],"parentBoneIndex":6,"length":0.9548
,"animation":{"dataType":3,"framePerSecond":24,"keys":[
{"frame":1,"values":[1,0,0,0,0,1,0,0,0,0,1,0,2.9076,2.9095,12.5938,1]},
{"frame":25,"values":[1,0,0,0,0,1,0,0,0,0,1,0,2.9076,2.9095,12.5938,1]}],"loopBehavior":1,"name":"anim","property":"_matrix"}},
{"name":"L_LipCornerLowTweak","index":24,"matrix":[1,0,0,0,0,1,0,0,0,0,1,0,-0.8072,-0.3254,0.4547,1],"rest":[1,0,0,0,0,1,0,0,0,0,1,0,-0.8072,-0.3254,0.4547,1],"parentBoneIndex":23,"length":0.9548
,"animation":{"dataType":3,"framePerSecond":24,"keys":[
{"frame":1,"values":[1,0,0,0,0,1,0,0,0,0,1,0,-0.8072,-0.3254,0.4547,1]},
{"frame":25,"values":[1,0,0,0,0,1,0,0,0,0,1,0,-0.8072,-0.3254,0.4547,1]}],"loopBehavior":1,"name":"anim","property":"_matrix"}},
{"name":"L_LipCornerUpTweak","index":25,"matrix":[1,0,0,0,0,1,0,0,0,0,1,0,-0.7251,0.0237,0.5782,1],"rest":[1,0,0,0,0,1,0,0,0,0,1,0,-0.7251,0.0237,0.5782,1],"parentBoneIndex":23,"length":0.9548
,"animation":{"dataType":3,"framePerSecond":24,"keys":[
{"frame":1,"values":[1,0,0,0,0,1,0,0,0,0,1,0,-0.7251,0.0237,0.5782,1]},
{"frame":25,"values":[1,0,0,0,0,1,0,0,0,0,1,0,-0.7251,0.0237,0.5782,1]}],"loopBehavior":1,"name":"anim","property":"_matrix"}},
{"name":"L_LipLower","index":26,"matrix":[1,0,0,0,0,1,0,0,0,0,1,0,1.2586,2.3762,13.5915,1],"rest":[1,0,0,0,0,1,0,0,0,0,1,0,1.2586,2.3762,13.5915,1],"parentBoneIndex":6,"length":14.8424
,"animation":{"dataType":3,"framePerSecond":24,"keys":[
{"frame":1,"values":[1,0,0,0,0,1,0,0,0,0,1,0,1.2586,2.3762,13.5915,1]},
{"frame":25,"values":[1,0,0,0,0,1,0,0,0,0,1,0,1.2586,2.3762,13.5915,1]}],"loopBehavior":1,"name":"anim","property":"_matrix"}},
{"name":"L_LipUpper","index":27,"matrix":[1,0,0,0,0,1,0,0,0,0,1,0,1.2981,3.1535,13.8987,1],"rest":[1,0,0,0,0,1,0,0,0,0,1,0,1.2981,3.1535,13.8987,1],"parentBoneIndex":6,"length":14.8424
,"animation":{"dataType":3,"framePerSecond":24,"keys":[
{"frame":1,"values":[1,0,0,0,0,1,0,0,0,0,1,0,1.2981,3.1535,13.8987,1]},
{"frame":25,"values":[1,0,0,0,0,1,0,0,0,0,1,0,1.2981,3.1535,13.8987,1]}],"loopBehavior":1,"name":"anim","property":"_matrix"}},
{"name":"LipMidLower","index":28,"matrix":[1,0,0,0,0,1,0,0,0,0,1,0,0,2.4182,14.0113,1],"rest":[1,0,0,0,0,1,0,0,0,0,1,0,0,2.4182,14.0113,1],"parentBoneIndex":6,"length":14.8424
,"animation":{"dataType":3,"framePerSecond":24,"keys":[
{"frame":1,"values":[1,0,0,0,0,1,0,0,0,0,1,0,0,2.4182,14.0113,1]},
{"frame":25,"values":[1,0,0,0,0,1,0,0,0,0,1,0,0,2.4182,14.0113,1]}],"loopBehavior":1,"name":"anim","property":"_matrix"}},
{"name":"LipMidUpper","index":29,"matrix":[1,0,0,0,0,1,0,0,0,0,1,0,0,3.2177,14.3127,1],"rest":[1,0,0,0,0,1,0,0,0,0,1,0,0,3.2177,14.3127,1],"parentBoneIndex":6,"length":14.8424
,"animation":{"dataType":3,"framePerSecond":24,"keys":[
{"frame":1,"values":[1,0,0,0,0,1,0,0,0,0,1,0,0,3.2177,14.3127,1]},
{"frame":25,"values":[1,0,0,0,0,1,0,0,0,0,1,0,0,3.2177,14.3127,1]}],"loopBehavior":1,"name":"anim","property":"_matrix"}},
{"name":"L_CheekFold","index":30,"matrix":[1,0,0,0,0,1,0,0,0,0,1,0,2.8997,4.8397,12.9905,1],"rest":[1,0,0,0,0,1,0,0,0,0,1,0,2.8997,4.8397,12.9905,1],"parentBoneIndex":6,"length":14.8424
,"animation":{"dataType":3,"framePerSecond":24,"keys":[
{"frame":1,"values":[1,0,0,0,0,1,0,0,0,0,1,0,2.8997,4.8397,12.9905,1]},
{"frame":25,"values":[1,0,0,0,0,1,0,0,0,0,1,0,2.8997,4.8397,12.9905,1]}],"loopBehavior":1,"name":"anim","property":"_matrix"}},
{"name":"L_Nostril","index":31,"matrix":[1,0,0,0,0,1,0,0,0,0,1,0,1.2793,5.2449,14.0405,1],"rest":[1,0,0,0,0,1,0,0,0,0,1,0,1.2793,5.2449,14.0405,1],"parentBoneIndex":6,"length":14.8424
,"animation":{"dataType":3,"framePerSecond":24,"keys":[
{"frame":1,"values":[1,0,0,0,0,1,0,0,0,0,1,0,1.2793,5.2449,14.0405,1]},
{"frame":25,"values":[1,0,0,0,0,1,0,0,0,0,1,0,1.2793,5.2449,14.0405,1]}],"loopBehavior":1,"name":"anim","property":"_matrix"}},
{"name":"Scalp","index":32,"matrix":[1,0,0,0,0,1,0,0,0,0,1,0,0.0038,15.512,8.5871,1],"rest":[1,0,0,0,0,1,0,0,0,0,1,0,0.0038,15.512,8.5871,1],"parentBoneIndex":6,"length":14.8424
,"animation":{"dataType":3,"framePerSecond":24,"keys":[
{"frame":1,"values":[1,0,0,0,0,1,0,0,0,0,1,0,0.0038,15.512,8.5871,1]},
{"frame":25,"values":[1,0,0,0,0,1,0,0,0,0,1,0,0.0038,15.512,8.5871,1]}],"loopBehavior":1,"name":"anim","property":"_matrix"}},
{"name":"L_OuterCheek","index":33,"matrix":[1,0,0,0,0,1,0,0,0,0,1,0,4.805,7.1686,11.679,1],"rest":[1,0,0,0,0,1,0,0,0,0,1,0,4.805,7.1686,11.679,1],"parentBoneIndex":6,"length":14.8424
,"animation":{"dataType":3,"framePerSecond":24,"keys":[
{"frame":1,"values":[1,0,0,0,0,1,0,0,0,0,1,0,4.805,7.1686,11.679,1]},
{"frame":25,"values":[1,0,0,0,0,1,0,0,0,0,1,0,4.805,7.1686,11.679,1]}],"loopBehavior":1,"name":"anim","property":"_matrix"}},
{"name":"R_LipLower","index":34,"matrix":[1,0,0,0,0,1,0,0,0,0,1,0,-1.2586,2.3762,13.5915,1],"rest":[1,0,0,0,0,1,0,0,0,0,1,0,-1.2586,2.3762,13.5915,1],"parentBoneIndex":6,"length":14.8424
,"animation":{"dataType":3,"framePerSecond":24,"keys":[
{"frame":1,"values":[1,0,0,0,0,1,0,0,0,0,1,0,-1.2586,2.3762,13.5915,1]},
{"frame":25,"values":[1,0,0,0,0,1,0,0,0,0,1,0,-1.2586,2.3762,13.5915,1]}],"loopBehavior":1,"name":"anim","property":"_matrix"}},
{"name":"RightNostril","index":35,"matrix":[1,0,0,0,0,1,0,0,0,0,1,0,-1.2793,5.2449,14.0405,1],"rest":[1,0,0,0,0,1,0,0,0,0,1,0,-1.2793,5.2449,14.0405,1],"parentBoneIndex":6,"length":14.8424
,"animation":{"dataType":3,"framePerSecond":24,"keys":[
{"frame":1,"values":[1,0,0,0,0,1,0,0,0,0,1,0,-1.2793,5.2449,14.0405,1]},
{"frame":25,"values":[1,0,0,0,0,1,0,0,0,0,1,0,-1.2793,5.2449,14.0405,1]}],"loopBehavior":1,"name":"anim","property":"_matrix"}},
{"name":"R_CheekFold","index":36,"matrix":[1,0,0,0,0,1,0,0,0,0,1,0,-2.8997,4.8397,12.9905,1],"rest":[1,0,0,0,0,1,0,0,0,0,1,0,-2.8997,4.8397,12.9905,1],"parentBoneIndex":6,"length":14.8424
,"animation":{"dataType":3,"framePerSecond":24,"keys":[
{"frame":1,"values":[1,0,0,0,0,1,0,0,0,0,1,0,-2.8997,4.8397,12.9905,1]},
{"frame":25,"values":[1,0,0,0,0,1,0,0,0,0,1,0,-2.8997,4.8397,12.9905,1]}],"loopBehavior":1,"name":"anim","property":"_matrix"}},
{"name":"R_LowerCheek","index":37,"matrix":[1,0,0,0,0,1,0,0,0,0,1,0,-4.3527,2.5675,9.9423,1],"rest":[1,0,0,0,0,1,0,0,0,0,1,0,-4.3527,2.5675,9.9423,1],"parentBoneIndex":6,"length":14.8424
,"animation":{"dataType":3,"framePerSecond":24,"keys":[
{"frame":1,"values":[1,0,0,0,0,1,0,0,0,0,1,0,-4.3527,2.5675,9.9423,1]},
{"frame":25,"values":[1,0,0,0,0,1,0,0,0,0,1,0,-4.3527,2.5675,9.9423,1]}],"loopBehavior":1,"name":"anim","property":"_matrix"}},
{"name":"R_gLipCorner","index":38,"matrix":[1,0,0,0,0,1,0,0,0,0,1,0,-2.9076,2.9095,12.5938,1],"rest":[1,0,0,0,0,1,0,0,0,0,1,0,-2.9076,2.9095,12.5938,1],"parentBoneIndex":6,"length":0.9548
,"animation":{"dataType":3,"framePerSecond":24,"keys":[
{"frame":1,"values":[1,0,0,0,0,1,0,0,0,0,1,0,-2.9076,2.9095,12.5938,1]},
{"frame":25,"values":[1,0,0,0,0,1,0,0,0,0,1,0,-2.9076,2.9095,12.5938,1]}],"loopBehavior":1,"name":"anim","property":"_matrix"}},
{"name":"R_gLipCornerLowTweak","index":39,"matrix":[1,0,0,0,0,1,0,0,0,0,1,0,0.8072,-0.3254,0.4547,1],"rest":[1,0,0,0,0,1,0,0,0,0,1,0,0.8072,-0.3254,0.4547,1],"parentBoneIndex":38,"length":0.9548
,"animation":{"dataType":3,"framePerSecond":24,"keys":[
{"frame":1,"values":[1,0,0,0,0,1,0,0,0,0,1,0,0.8072,-0.3254,0.4547,1]},
{"frame":25,"values":[1,0,0,0,0,1,0,0,0,0,1,0,0.8072,-0.3254,0.4547,1]}],"loopBehavior":1,"name":"anim","property":"_matrix"}},
{"name":"R_gLipCornerUpTweak","index":40,"matrix":[1,0,0,0,0,1,0,0,0,0,1,0,0.7251,0.0237,0.5782,1],"rest":[1,0,0,0,0,1,0,0,0,0,1,0,0.7251,0.0237,0.5782,1],"parentBoneIndex":38,"length":0.9548
,"animation":{"dataType":3,"framePerSecond":24,"keys":[
{"frame":1,"values":[1,0,0,0,0,1,0,0,0,0,1,0,0.7251,0.0237,0.5782,1]},
{"frame":25,"values":[1,0,0,0,0,1,0,0,0,0,1,0,0.7251,0.0237,0.5782,1]}],"loopBehavior":1,"name":"anim","property":"_matrix"}},
{"name":"R_LipUpper","index":41,"matrix":[1,0,0,0,0,1,0,0,0,0,1,0,-1.2981,3.1535,13.8987,1],"rest":[1,0,0,0,0,1,0,0,0,0,1,0,-1.2981,3.1535,13.8987,1],"parentBoneIndex":6,"length":14.8424
,"animation":{"dataType":3,"framePerSecond":24,"keys":[
{"frame":1,"values":[1,0,0,0,0,1,0,0,0,0,1,0,-1.2981,3.1535,13.8987,1]},
{"frame":25,"values":[1,0,0,0,0,1,0,0,0,0,1,0,-1.2981,3.1535,13.8987,1]}],"loopBehavior":1,"name":"anim","property":"_matrix"}},
{"name":"R_OuterCheek","index":42,"matrix":[1,0,0,0,0,1,0,0,0,0,1,0,-4.805,7.1686,11.679,1],"rest":[1,0,0,0,0,1,0,0,0,0,1,0,-4.805,7.1686,11.679,1],"parentBoneIndex":6,"length":14.8424
,"animation":{"dataType":3,"framePerSecond":24,"keys":[
{"frame":1,"values":[1,0,0,0,0,1,0,0,0,0,1,0,-4.805,7.1686,11.679,1]},
{"frame":25,"values":[1,0,0,0,0,1,0,0,0,0,1,0,-4.805,7.1686,11.679,1]}],"loopBehavior":1,"name":"anim","property":"_matrix"}},
{"name":"MidBrows","index":43,"matrix":[1,0,0,0,0,1,0,0,0,0,1,0,0,10.8004,14.2738,1],"rest":[1,0,0,0,0,1,0,0,0,0,1,0,0,10.8004,14.2738,1],"parentBoneIndex":6,"length":14.8424
,"animation":{"dataType":3,"framePerSecond":24,"keys":[
{"frame":1,"values":[1,0,0,0,0,1,0,0,0,0,1,0,0,10.8004,14.2738,1]},
{"frame":25,"values":[1,0,0,0,0,1,0,0,0,0,1,0,0,10.8004,14.2738,1]}],"loopBehavior":1,"name":"anim","property":"_matrix"}},
{"name":"R_InnerBrow","index":44,"matrix":[1,0,0,0,0,1,0,0,0,0,1,0,-1.6599,10.7576,14.115,1],"rest":[1,0,0,0,0,1,0,0,0,0,1,0,-1.6599,10.7576,14.115,1],"parentBoneIndex":6,"length":14.8424
,"animation":{"dataType":3,"framePerSecond":24,"keys":[
{"frame":1,"values":[1,0,0,0,0,1,0,0,0,0,1,0,-1.6599,10.7576,14.115,1]},
{"frame":25,"values":[1,0,0,0,0,1,0,0,0,0,1,0,-1.6599,10.7576,14.115,1]}],"loopBehavior":1,"name":"anim","property":"_matrix"}},
{"name":"R_MidBrow","index":45,"matrix":[1,0,0,0,0,1,0,0,0,0,1,0,-3.3668,11.4156,13.6166,1],"rest":[1,0,0,0,0,1,0,0,0,0,1,0,-3.3668,11.4156,13.6166,1],"parentBoneIndex":6,"length":14.8424
,"animation":{"dataType":3,"framePerSecond":24,"keys":[
{"frame":1,"values":[1,0,0,0,0,1,0,0,0,0,1,0,-3.3668,11.4156,13.6166,1]},
{"frame":25,"values":[1,0,0,0,0,1,0,0,0,0,1,0,-3.3668,11.4156,13.6166,1]}],"loopBehavior":1,"name":"anim","property":"_matrix"}},
{"name":"R_IOuterBrow","index":46,"matrix":[1,0,0,0,0,1,0,0,0,0,1,0,-5.185,11.3348,12.3701,1],"rest":[1,0,0,0,0,1,0,0,0,0,1,0,-5.185,11.3348,12.3701,1],"parentBoneIndex":6,"length":14.8424
,"animation":{"dataType":3,"framePerSecond":24,"keys":[
{"frame":1,"values":[1,0,0,0,0,1,0,0,0,0,1,0,-5.185,11.3348,12.3701,1]},
{"frame":25,"values":[1,0,0,0,0,1,0,0,0,0,1,0,-5.185,11.3348,12.3701,1]}],"loopBehavior":1,"name":"anim","property":"_matrix"}},
{"name":"R_Eye","index":47,"matrix":[1,0,0,0,0,1,0,0,0,0,1,0,-3.0989,9.6989,11.4382,1],"rest":[1,0,0,0,0,1,0,0,0,0,1,0,-3.0989,9.6989,11.4382,1],"parentBoneIndex":6,"length":14.8424
,"animation":{"dataType":3,"framePerSecond":24,"keys":[
{"frame":1,"values":[1,0,0,0,0,1,0,0,0,0,1,0,-3.0989,9.6989,11.4382,1]},
{"frame":25,"values":[1,0,0,0,0,1,0,0,0,0,1,0,-3.0989,9.6989,11.4382,1]}],"loopBehavior":1,"name":"anim","property":"_matrix"}},
{"name":"R_EyelidLower","index":48,"matrix":[1,0,0,0,0,1,0,0,0,0,1,0,-3.0989,9.6989,11.4382,1],"rest":[1,0,0,0,0,1,0,0,0,0,1,0,-3.0989,9.6989,11.4382,1],"parentBoneIndex":6,"length":14.8424
,"animation":{"dataType":3,"framePerSecond":24,"keys":[
{"frame":1,"values":[1,0,0,0,0,1,0,0,0,0,1,0,-3.0989,9.6989,11.4382,1]},
{"frame":25,"values":[1,0,0,0,0,1,0,0,0,0,1,0,-3.0989,9.6989,11.4382,1]}],"loopBehavior":1,"name":"anim","property":"_matrix"}},
{"name":"R_EyelidUpper","index":49,"matrix":[1,0,0,0,0,1,0,0,0,0,1,0,-3.0989,9.6989,11.4382,1],"rest":[1,0,0,0,0,1,0,0,0,0,1,0,-3.0989,9.6989,11.4382,1],"parentBoneIndex":6,"length":14.8424
,"animation":{"dataType":3,"framePerSecond":24,"keys":[
{"frame":1,"values":[1,0,0,0,0,1,0,0,0,0,1,0,-3.0989,9.6989,11.4382,1]},
{"frame":25,"values":[1,0,0,0,0,1,0,0,0,0,1,0,-3.0989,9.6989,11.4382,1]}],"loopBehavior":1,"name":"anim","property":"_matrix"}},
{"name":"R_Temple","index":50,"matrix":[1,0,0,0,0,1,0,0,0,0,1,0,-6.7164,11.953,7.4033,1],"rest":[1,0,0,0,0,1,0,0,0,0,1,0,-6.7164,11.953,7.4033,1],"parentBoneIndex":6,"length":14.8424
,"animation":{"dataType":3,"framePerSecond":24,"keys":[
{"frame":1,"values":[1,0,0,0,0,1,0,0,0,0,1,0,-6.7164,11.953,7.4033,1]},
{"frame":25,"values":[1,0,0,0,0,1,0,0,0,0,1,0,-6.7164,11.953,7.4033,1]}],"loopBehavior":1,"name":"anim","property":"_matrix"}},
{"name":"R_Ear","index":51,"matrix":[1,0,0,0,0,1,0,0,0,0,1,0,-6.8586,8.862,3.3161,1],"rest":[1,0,0,0,0,1,0,0,0,0,1,0,-6.8586,8.862,3.3161,1],"parentBoneIndex":6,"length":14.8424
,"animation":{"dataType":3,"framePerSecond":24,"keys":[
{"frame":1,"values":[1,0,0,0,0,1,0,0,0,0,1,0,-6.8586,8.862,3.3161,1]},
{"frame":25,"values":[1,0,0,0,0,1,0,0,0,0,1,0,-6.8586,8.862,3.3161,1]}],"loopBehavior":1,"name":"anim","property":"_matrix"}},
