{"producer":{"name":"Blender","version":"2.90.0","exporter_version":"2.80.1","file":"walkbackwards_riffle.babylon"},
"autoClear":true,"clearColor":[0.0509,0.0509,0.0509],"gravity":[0,-9.81,0],
"materials":[{"name":"Material","id":"Material","customType":"BABYLON.PBRMaterial","backFaceCulling":true,"checkReadyOnlyOnce":false,"maxSimultaneousLights":4,"environmentIntensity":1,"albedo":[0.8,0.8,0.8],"reflectivity":[0.5,0.5,0.5],"roughness":0.4,"alpha":1,"transparencyMode":0,"alphaCutOff":0.4,"metallic":0}],
"multiMaterials":[],
"skeletons":[{"name":"Armature","id":0,"dimensionsAtRest":[188.1767,188.0947,21.7491],"bones":[
{"name":"Hips","index":0,"matrix":[0.7821,0.0451,-0.6215,0,-0.0388,0.999,0.0237,0,-0.622,-0.0056,-0.783,0,0.0468,83.6283,0.0364,1],"rest":[1,0,0,0,0,1,0,0,0,0,-1,0,0,96.3764,0,1],"parentBoneIndex":-1,"length":9.9032
,"animation":{"dataType":3,"framePerSecond":24,"keys":[
{"frame":1,"values":[0.7821,0.0451,-0.6215,0,-0.0388,0.999,0.0237,0,-0.622,-0.0056,-0.783,0,0.0468,83.6283,0.0364,1]},
{"frame":2,"values":[0.8067,0.0495,-0.5888,0,-0.0425,0.9988,0.0258,0,-0.5894,-0.0043,-0.8079,0,0.2686,82.3364,1.396,1]},
{"frame":3,"values":[0.8324,0.0547,-0.5515,0,-0.0477,0.9985,0.0271,0,-0.5521,-0.0038,-0.8337,0,0.7758,80.9137,2.8723,1]},
{"frame":4,"values":[0.8553,0.0601,-0.5147,0,-0.0535,0.9982,0.0275,0,-0.5154,-0.004,-0.857,0,1.302,79.6509,3.1056,1]},
{"frame":5,"values":[0.8727,0.0644,-0.484,0,-0.0587,0.9979,0.027,0,-0.4848,-0.0049,-0.8746,0,1.8479,78.8121,3.3101,1]},
{"frame":6,"values":[0.8823,0.0673,-0.4659,0,-0.0624,0.9977,0.0258,0,-0.4666,-0.0064,-0.8845,0,2.4433,78.5843,4.5048,1]},
{"frame":7,"values":[0.8842,0.0671,-0.4623,0,-0.0633,0.9977,0.0236,0,-0.4629,-0.0084,-0.8864,0,3.092,79.2335,5.9666,1]},
{"frame":8,"values":[0.8789,0.0676,-0.4722,0,-0.0651,0.9976,0.0217,0,-0.4725,-0.0117,-0.8812,0,3.7258,80.765,7.1315,1]},
{"frame":9,"values":[0.868,0.0689,-0.4917,0,-0.0679,0.9975,0.0199,0,-0.4919,-0.0161,-0.8705,0,4.2522,82.5751,6.9539,1]},
{"frame":10,"values":[0.8518,0.0701,-0.5191,0,-0.071,0.9973,0.0182,0,-0.519,-0.0214,-0.8545,0,4.5658,84.1441,5.8189,1]},
{"frame":11,"values":[0.8313,0.0705,-0.5513,0,-0.0737,0.9971,0.0163,0,-0.5509,-0.0271,-0.8341,0,4.6477,84.9396,4.3399,1]},
{"frame":12,"values":[0.8069,0.0693,-0.5866,0,-0.0755,0.9971,0.014,0,-0.5858,-0.033,-0.8098,0,4.6279,84.7048,3.0701,1]},
{"frame":13,"values":[0.7798,0.0668,-0.6224,0,-0.0764,0.997,0.0113,0,-0.6213,-0.0387,-0.7826,0,4.4754,83.903,2.2678,1]},
{"frame":14,"values":[0.7515,0.0625,-0.6568,0,-0.076,0.9971,0.008,0,-0.6554,-0.0439,-0.754,0,4.0941,82.6815,1.7363,1]},
{"frame":15,"values":[0.7235,0.0573,-0.688,0,-0.0749,0.9972,0.0043,0,-0.6863,-0.0484,-0.7257,0,3.6092,81.2999,1.2872,1]},
{"frame":16,"values":[0.6982,0.0532,-0.7139,0,-0.0741,0.9972,0.0018,0,-0.7121,-0.0517,-0.7002,0,3.0746,80.0519,0.9673,1]},
{"frame":17,"values":[0.6772,0.0516,-0.734,0,-0.0745,0.9972,0.0014,0,-0.732,-0.0537,-0.6791,0,2.5106,80.1688,1.0849,1]},
{"frame":18,"values":[0.6633,0.0512,-0.7466,0,-0.0745,0.9972,0.0022,0,-0.7447,-0.0542,-0.6652,0,1.935,81.5403,1.7711,1]},
{"frame":19,"values":[0.6578,0.0515,-0.7515,0,-0.0738,0.9973,0.0038,0,-0.7496,-0.053,-0.6598,0,1.3319,82.8446,3.2848,1]},
{"frame":20,"values":[0.6643,0.0524,-0.7456,0,-0.0716,0.9974,0.0063,0,-0.744,-0.0491,-0.6663,0,0.7561,83.851,4.549,1]},
{"frame":21,"values":[0.6816,0.0526,-0.7299,0,-0.067,0.9977,0.0094,0,-0.7287,-0.0425,-0.6835,0,0.3391,84.5717,4.5352,1]},
{"frame":22,"values":[0.706,0.051,-0.7064,0,-0.06,0.9981,0.0121,0,-0.7057,-0.0338,-0.7077,0,0.1756,84.9245,3.5913,1]},
{"frame":23,"values":[0.7332,0.0481,-0.6783,0,-0.0517,0.9986,0.0149,0,-0.678,-0.0241,-0.7346,0,0.0836,84.9503,2.232,1]},
{"frame":24,"values":[0.7597,0.046,-0.6487,0,-0.0443,0.9988,0.0189,0,-0.6488,-0.0144,-0.7608,0,0.0478,84.5183,0.9346,1]},
{"frame":25,"values":[0.7821,0.0451,-0.6215,0,-0.0388,0.999,0.0237,0,-0.622,-0.0056,-0.783,0,0.0468,83.6287,0.0364,1]}],"loopBehavior":1,"name":"anim","property":"_matrix"}},
{"name":"Spine","index":1,"matrix":[0.9918,0.0055,0.1277,0,-0.0226,0.9909,0.1329,0,-0.1258,-0.1347,0.9829,0,0,9.2263,1.5771,1],"rest":[1,0,0,0,0,1,0,0,0,0,1,0,0,9.2263,1.5771,1],"parentBoneIndex":0,"length":16.2548
,"animation":{"dataType":3,"framePerSecond":24,"keys":[
{"frame":1,"values":[0.9918,0.0055,0.1277,0,-0.0226,0.9909,0.1329,0,-0.1258,-0.1347,0.9829,0,0,9.2263,1.5771,1]},
{"frame":2,"values":[0.9907,-0.0022,0.1358,0,-0.016,0.991,0.1332,0,-0.1349,-0.1341,0.9817,0,0,9.2263,1.5771,1]},
{"frame":3,"values":[0.9894,-0.0159,0.1443,0,-0.0031,0.9915,0.1303,0,-0.1452,-0.1294,0.9809,0,0,9.2263,1.5771,1]},
{"frame":4,"values":[0.9878,-0.0315,0.1522,0,0.0124,0.9921,0.1249,0,-0.1549,-0.1215,0.9804,0,0,9.2263,1.5771,1]},
{"frame":5,"values":[0.9865,-0.0465,0.1573,0,0.0276,0.9923,0.1204,0,-0.1617,-0.1145,0.9802,0,0,9.2263,1.5771,1]},
{"frame":6,"values":[0.9855,-0.0583,0.1591,0,0.0398,0.9923,0.1172,0,-0.1647,-0.1092,0.9803,0,0,9.2263,1.5771,1]},
{"frame":7,"values":[0.9853,-0.0651,0.1577,0,0.0461,0.9916,0.1211,0,-0.1642,-0.112,0.98,0,0,9.2263,1.5771,1]},
{"frame":8,"values":[0.9863,-0.0673,0.1507,0,0.0478,0.9905,0.1291,0,-0.158,-0.1201,0.9801,0,0,9.2263,1.5771,1]},
{"frame":9,"values":[0.988,-0.0646,0.14,0,0.0455,0.9897,0.1354,0,-0.1473,-0.1275,0.9808,0,0,9.2263,1.5771,1]},
{"frame":10,"values":[0.9898,-0.0647,0.1266,0,0.0475,0.9898,0.1342,0,-0.134,-0.1268,0.9828,0,0,9.2263,1.5771,1]},
{"frame":11,"values":[0.9915,-0.0673,0.1115,0,0.0533,0.9908,0.1243,0,-0.1189,-0.1173,0.986,0,0,9.2263,1.5771,1]},
{"frame":12,"values":[0.9933,-0.0637,0.096,0,0.0531,0.9926,0.1092,0,-0.1022,-0.1033,0.9894,0,0,9.2263,1.5771,1]},
{"frame":13,"values":[0.9952,-0.0564,0.0798,0,0.0489,0.9945,0.0927,0,-0.0846,-0.0883,0.9925,0,0,9.2263,1.5771,1]},
{"frame":14,"values":[0.9968,-0.0494,0.0629,0,0.0447,0.9962,0.0752,0,-0.0664,-0.0722,0.9952,0,0,9.2263,1.5771,1]},
{"frame":15,"values":[0.9982,-0.0386,0.0467,0,0.0358,0.9975,0.0611,0,-0.0489,-0.0593,0.997,0,0,9.2263,1.5771,1]},
{"frame":16,"values":[0.9991,-0.0281,0.0323,0,0.0263,0.9982,0.0542,0,-0.0338,-0.0533,0.998,0,0,9.2263,1.5771,1]},
{"frame":17,"values":[0.9996,-0.0212,0.0194,0,0.0201,0.9982,0.0562,0,-0.0205,-0.0558,0.9982,0,0,9.2263,1.5771,1]},
{"frame":18,"values":[0.9998,-0.0163,0.0112,0,0.0155,0.9978,0.0638,0,-0.0122,-0.0637,0.9979,0,0,9.2263,1.5771,1]},
{"frame":19,"values":[0.9998,-0.0165,0.0088,0,0.0158,0.9973,0.0712,0,-0.0099,-0.071,0.9974,0,0,9.2263,1.5771,1]},
{"frame":20,"values":[0.9997,-0.0186,0.0166,0,0.0173,0.9969,0.0772,0,-0.018,-0.0769,0.9969,0,0,9.2263,1.5771,1]},
{"frame":21,"values":[0.9993,-0.0162,0.0334,0,0.0133,0.9962,0.086,0,-0.0346,-0.0855,0.9957,0,0,9.2263,1.5771,1]},
{"frame":22,"values":[0.9984,-0.0084,0.056,0,0.0028,0.9951,0.0989,0,-0.0566,-0.0986,0.9935,0,0,9.2263,1.5771,1]},
{"frame":23,"values":[0.9967,-0.0004,0.0812,0,-0.0088,0.9936,0.1123,0,-0.0807,-0.1127,0.9903,0,0,9.2263,1.5771,1]},
{"frame":24,"values":[0.9943,0.0066,0.1063,0,-0.02,0.9919,0.1257,0,-0.1046,-0.1272,0.9863,0,0,9.2263,1.5771,1]},
{"frame":25,"values":[0.9918,0.0054,0.1277,0,-0.0225,0.9909,0.1328,0,-0.1258,-0.1346,0.9829,0,0,9.2263,1.5771,1]}],"loopBehavior":1,"name":"anim","property":"_matrix"}},
{"name":"Spine1","index":2,"matrix":[0.9932,0.088,-0.0763,0,-0.0732,0.9812,0.1787,0,0.0906,-0.1719,0.9809,0,0,16.254,-0.1656,1],"rest":[1,0,0,0,0,1,0,0,0,0,1,0,0,16.254,-0.1656,1],"parentBoneIndex":1,"length":13.7007
,"animation":{"dataType":3,"framePerSecond":24,"keys":[
{"frame":1,"values":[0.9932,0.088,-0.0763,0,-0.0732,0.9812,0.1787,0,0.0906,-0.1719,0.9809,0,0,16.254,-0.1656,1]},
{"frame":2,"values":[0.9932,0.0877,-0.0762,0,-0.073,0.9813,0.1781,0,0.0904,-0.1713,0.9811,0,0,16.254,-0.1656,1]},
{"frame":3,"values":[0.9931,0.0889,-0.0759,0,-0.0744,0.9815,0.1766,0,0.0902,-0.1697,0.9814,0,0,16.254,-0.1656,1]},
{"frame":4,"values":[0.9931,0.0897,-0.0757,0,-0.0753,0.9816,0.1754,0,0.09,-0.1685,0.9816,0,0,16.254,-0.1656,1]},
{"frame":5,"values":[0.993,0.0905,-0.076,0,-0.0761,0.9818,0.1737,0,0.0904,-0.1667,0.9819,0,0,16.254,-0.1656,1]},
{"frame":6,"values":[0.993,0.0906,-0.0759,0,-0.0764,0.982,0.173,0,0.0902,-0.166,0.982,0,0,16.254,-0.1656,1]},
{"frame":7,"values":[0.993,0.0907,-0.0754,0,-0.0765,0.982,0.1727,0,0.0897,-0.1658,0.9821,0,0,16.254,-0.1656,1]},
{"frame":8,"values":[0.993,0.0905,-0.0759,0,-0.0762,0.9819,0.1734,0,0.0902,-0.1664,0.9819,0,0,16.254,-0.1656,1]},
{"frame":9,"values":[0.9929,0.0907,-0.077,0,-0.0761,0.9817,0.1747,0,0.0914,-0.1676,0.9816,0,0,16.254,-0.1656,1]},
{"frame":10,"values":[0.9924,0.0955,-0.0771,0,-0.0805,0.9806,0.1787,0,0.0926,-0.1711,0.9809,0,0,16.254,-0.1656,1]},
{"frame":11,"values":[0.9916,0.1041,-0.0763,0,-0.0884,0.9786,0.1858,0,0.094,-0.1775,0.9796,0,0,16.254,-0.1656,1]},
{"frame":12,"values":[0.9909,0.111,-0.0757,0,-0.0947,0.9767,0.1925,0,0.0953,-0.1836,0.9784,0,0,16.254,-0.1656,1]},
{"frame":13,"values":[0.9904,0.1156,-0.0759,0,-0.0986,0.9751,0.1985,0,0.097,-0.1892,0.9771,0,0,16.254,-0.1656,1]},
{"frame":14,"values":[0.9899,0.1188,-0.0769,0,-0.1011,0.9738,0.2038,0,0.0991,-0.194,0.976,0,0,16.254,-0.1656,1]},
{"frame":15,"values":[0.99,0.1174,-0.0783,0,-0.0992,0.9737,0.2049,0,0.1003,-0.1951,0.9756,0,0,16.254,-0.1656,1]},
{"frame":16,"values":[0.9905,0.1119,-0.0796,0,-0.0939,0.9749,0.2018,0,0.1001,-0.1924,0.9762,0,0,16.254,-0.1656,1]},
{"frame":17,"values":[0.9913,0.1027,-0.0823,0,-0.085,0.9772,0.1948,0,0.1004,-0.1861,0.9774,0,0,16.254,-0.1656,1]},
{"frame":18,"values":[0.9921,0.0924,-0.0845,0,-0.0755,0.9798,0.1854,0,0.0999,-0.1776,0.979,0,0,16.254,-0.1656,1]},
{"frame":19,"values":[0.9925,0.0869,-0.0857,0,-0.0704,0.9813,0.179,0,0.0997,-0.1716,0.9801,0,0,16.254,-0.1656,1]},
{"frame":20,"values":[0.9927,0.085,-0.0854,0,-0.0687,0.9816,0.1779,0,0.0989,-0.1708,0.9803,0,0,16.254,-0.1656,1]},
{"frame":21,"values":[0.9929,0.0847,-0.0838,0,-0.0688,0.9817,0.1777,0,0.0973,-0.1707,0.9805,0,0,16.254,-0.1656,1]},
{"frame":22,"values":[0.9929,0.0862,-0.0816,0,-0.0705,0.9814,0.1783,0,0.0955,-0.1713,0.9806,0,0,16.254,-0.1656,1]},
{"frame":23,"values":[0.9929,0.0882,-0.0797,0,-0.0729,0.9812,0.1787,0,0.0939,-0.1717,0.9807,0,0,16.254,-0.1656,1]},
{"frame":24,"values":[0.9931,0.0879,-0.0781,0,-0.0728,0.9812,0.1785,0,0.0924,-0.1716,0.9808,0,0,16.254,-0.1656,1]},
{"frame":25,"values":[0.9932,0.0881,-0.0762,0,-0.0733,0.9812,0.1788,0,0.0905,-0.172,0.9809,0,0,16.254,-0.1656,1]}],"loopBehavior":1,"name":"anim","property":"_matrix"}},
{"name":"Spine2","index":3,"matrix":[0.9918,0.0931,-0.088,0,-0.0774,0.9829,0.1673,0,0.1021,-0.1591,0.982,0,0,13.6396,-1.2923,1],"rest":[1,0,0,0,0,1,0,0,0,0,1,0,0,13.6396,-1.2923,1],"parentBoneIndex":2,"length":13.1719
,"animation":{"dataType":3,"framePerSecond":24,"keys":[
{"frame":1,"values":[0.9918,0.0931,-0.088,0,-0.0774,0.9829,0.1673,0,0.1021,-0.1591,0.982,0,0,13.6396,-1.2923,1]},
{"frame":2,"values":[0.9918,0.0928,-0.088,0,-0.0772,0.983,0.1667,0,0.1019,-0.1585,0.9821,0,0,13.6396,-1.2923,1]},
{"frame":3,"values":[0.9917,0.0938,-0.0881,0,-0.0783,0.9832,0.1651,0,0.1021,-0.1568,0.9823,0,0,13.6396,-1.2923,1]},
{"frame":4,"values":[0.9916,0.0944,-0.0882,0,-0.079,0.9833,0.1639,0,0.1022,-0.1556,0.9825,0,0,13.6396,-1.2923,1]},
{"frame":5,"values":[0.9915,0.0949,-0.0889,0,-0.0796,0.9835,0.1623,0,0.1028,-0.1539,0.9827,0,0,13.6396,-1.2923,1]},
{"frame":6,"values":[0.9915,0.095,-0.0889,0,-0.0798,0.9836,0.1615,0,0.1028,-0.1531,0.9829,0,0,13.6396,-1.2923,1]},
{"frame":7,"values":[0.9915,0.095,-0.0884,0,-0.0798,0.9837,0.1613,0,0.1023,-0.1528,0.9829,0,0,13.6396,-1.2923,1]},
{"frame":8,"values":[0.9915,0.0948,-0.0889,0,-0.0795,0.9836,0.1619,0,0.1028,-0.1534,0.9828,0,0,13.6396,-1.2923,1]},
{"frame":9,"values":[0.9914,0.0952,-0.0899,0,-0.0796,0.9834,0.1632,0,0.1039,-0.1546,0.9825,0,0,13.6396,-1.2923,1]},
{"frame":10,"values":[0.9908,0.1003,-0.0905,0,-0.0842,0.9824,0.1669,0,0.1056,-0.1577,0.9818,0,0,13.6396,-1.2923,1]},
{"frame":11,"values":[0.9899,0.1094,-0.0905,0,-0.0925,0.9805,0.1735,0,0.1077,-0.1633,0.9807,0,0,13.6396,-1.2923,1]},
{"frame":12,"values":[0.989,0.1169,-0.0904,0,-0.0993,0.9787,0.1798,0,0.1095,-0.1688,0.9795,0,0,13.6396,-1.2923,1]},
{"frame":13,"values":[0.9884,0.122,-0.0908,0,-0.1036,0.9772,0.1855,0,0.1114,-0.174,0.9784,0,0,13.6396,-1.2923,1]},
{"frame":14,"values":[0.9878,0.1257,-0.0919,0,-0.1064,0.9759,0.1906,0,0.1136,-0.1785,0.9774,0,0,13.6396,-1.2923,1]},
{"frame":15,"values":[0.9879,0.1244,-0.0928,0,-0.1048,0.9758,0.1918,0,0.1144,-0.1798,0.977,0,0,13.6396,-1.2923,1]},
{"frame":16,"values":[0.9885,0.1187,-0.0932,0,-0.0994,0.9769,0.1891,0,0.1135,-0.1777,0.9775,0,0,13.6396,-1.2923,1]},
{"frame":17,"values":[0.9895,0.1089,-0.0951,0,-0.0902,0.979,0.1828,0,0.113,-0.1723,0.9786,0,0,13.6396,-1.2923,1]},
{"frame":18,"values":[0.9905,0.0979,-0.0963,0,-0.0801,0.9815,0.1741,0,0.1116,-0.1647,0.98,0,0,13.6396,-1.2923,1]},
{"frame":19,"values":[0.991,0.0918,-0.0972,0,-0.0746,0.983,0.168,0,0.111,-0.1592,0.981,0,0,13.6396,-1.2923,1]},
{"frame":20,"values":[0.9913,0.0898,-0.0966,0,-0.0728,0.9832,0.1671,0,0.11,-0.1586,0.9812,0,0,13.6396,-1.2923,1]},
{"frame":21,"values":[0.9914,0.0896,-0.095,0,-0.0729,0.9833,0.1668,0,0.1084,-0.1585,0.9814,0,0,13.6396,-1.2923,1]},
{"frame":22,"values":[0.9915,0.0911,-0.0931,0,-0.0746,0.9831,0.1672,0,0.1067,-0.1588,0.9815,0,0,13.6396,-1.2923,1]},
{"frame":23,"values":[0.9914,0.0933,-0.0914,0,-0.077,0.9829,0.1675,0,0.1055,-0.159,0.9816,0,0,13.6396,-1.2923,1]},
{"frame":24,"values":[0.9916,0.093,-0.0899,0,-0.077,0.9829,0.1672,0,0.1039,-0.1588,0.9818,0,0,13.6396,-1.2923,1]},
{"frame":25,"values":[0.9918,0.0932,-0.088,0,-0.0775,0.9828,0.1674,0,0.102,-0.1592,0.982,0,0,13.6396,-1.2923,1]}],"loopBehavior":1,"name":"anim","property":"_matrix"}},
{"name":"Neck","index":4,"matrix":[0.9999,0.008,-0.0063,0,-0.0084,0.9974,-0.0714,0,0.0057,0.0714,0.9974,0,0,13.8774,-4.3542,1],"rest":[1,0,0,0,0,1,0,0,0,0,1,0,0,13.8774,-4.3542,1],"parentBoneIndex":3,"length":4.4379
,"animation":{"dataType":3,"framePerSecond":24,"keys":[
{"frame":1,"values":[0.9999,0.008,-0.0063,0,-0.0084,0.9974,-0.0714,0,0.0057,0.0714,0.9974,0,0,13.8774,-4.3542,1]},
{"frame":2,"values":[1,0.0084,0.0004,0,-0.0083,0.998,-0.063,0,-0.0009,0.063,0.998,0,0,13.8774,-4.3542,1]},
{"frame":3,"values":[0.9999,0.0086,0.0078,0,-0.0082,0.9985,-0.0545,0,-0.0082,0.0545,0.9985,0,0,13.8774,-4.3542,1]},
{"frame":4,"values":[0.9998,0.0087,0.0153,0,-0.0079,0.9988,-0.0484,0,-0.0157,0.0482,0.9987,0,0,13.8774,-4.3542,1]},
{"frame":5,"values":[0.9997,0.0088,0.0221,0,-0.0077,0.9989,-0.0466,0,-0.0225,0.0464,0.9987,0,0,13.8774,-4.3542,1]},
{"frame":6,"values":[0.9996,0.009,0.0275,0,-0.0076,0.9988,-0.0492,0,-0.0279,0.049,0.9984,0,0,13.8774,-4.3542,1]},
{"frame":7,"values":[0.9995,0.0093,0.0294,0,-0.0077,0.9985,-0.0533,0,-0.0298,0.0531,0.9981,0,0,13.8774,-4.3542,1]},
{"frame":8,"values":[0.9996,0.0094,0.0272,0,-0.0078,0.9983,-0.0581,0,-0.0277,0.0578,0.9979,0,0,13.8774,-4.3542,1]},
{"frame":9,"values":[0.9997,0.0095,0.0238,0,-0.008,0.998,-0.0628,0,-0.0243,0.0625,0.9977,0,0,13.8774,-4.3542,1]},
{"frame":10,"values":[0.9998,0.0094,0.0192,0,-0.0081,0.9977,-0.0669,0,-0.0198,0.0668,0.9976,0,0,13.8774,-4.3542,1]},
{"frame":11,"values":[0.9999,0.0092,0.0138,0,-0.0082,0.9975,-0.0702,0,-0.0144,0.0701,0.9974,0,0,13.8774,-4.3542,1]},
{"frame":12,"values":[0.9999,0.0089,0.0079,0,-0.0083,0.9974,-0.0721,0,-0.0085,0.072,0.9974,0,0,13.8774,-4.3542,1]},
{"frame":13,"values":[1,0.0085,0.0017,0,-0.0083,0.9974,-0.0721,0,-0.0023,0.0721,0.9974,0,0,13.8774,-4.3542,1]},
{"frame":14,"values":[1,0.0081,-0.0046,0,-0.0084,0.9976,-0.0686,0,0.004,0.0686,0.9976,0,0,13.8774,-4.3542,1]},
{"frame":15,"values":[0.9999,0.0079,-0.0106,0,-0.0086,0.998,-0.0628,0,0.01,0.0628,0.998,0,0,13.8774,-4.3542,1]},
{"frame":16,"values":[0.9998,0.0079,-0.016,0,-0.0088,0.9983,-0.0568,0,0.0155,0.0569,0.9983,0,0,13.8774,-4.3542,1]},
{"frame":17,"values":[0.9998,0.0079,-0.0208,0,-0.009,0.9986,-0.0528,0,0.0204,0.0529,0.9984,0,0,13.8774,-4.3542,1]},
{"frame":18,"values":[0.9997,0.0079,-0.0249,0,-0.0092,0.9986,-0.0512,0,0.0244,0.0514,0.9984,0,0,13.8774,-4.3542,1]},
{"frame":19,"values":[0.9996,0.0078,-0.0281,0,-0.0092,0.9986,-0.0524,0,0.0277,0.0526,0.9982,0,0,13.8774,-4.3542,1]},
{"frame":20,"values":[0.9996,0.0076,-0.0273,0,-0.0091,0.9984,-0.0553,0,0.0268,0.0555,0.9981,0,0,13.8774,-4.3542,1]},
{"frame":21,"values":[0.9997,0.0075,-0.0242,0,-0.0089,0.9982,-0.0586,0,0.0237,0.0588,0.998,0,0,13.8774,-4.3542,1]},
{"frame":22,"values":[0.9998,0.0075,-0.0203,0,-0.0088,0.9981,-0.0617,0,0.0198,0.0619,0.9979,0,0,13.8774,-4.3542,1]},
{"frame":23,"values":[0.9998,0.0076,-0.016,0,-0.0086,0.9979,-0.0649,0,0.0154,0.065,0.9978,0,0,13.8774,-4.3542,1]},
{"frame":24,"values":[0.9999,0.0077,-0.0112,0,-0.0085,0.9976,-0.0681,0,0.0107,0.0682,0.9976,0,0,13.8774,-4.3542,1]},
{"frame":25,"values":[0.9999,0.008,-0.0063,0,-0.0084,0.9974,-0.0714,0,0.0057,0.0714,0.9974,0,0,13.8774,-4.3542,1]}],"loopBehavior":1,"name":"anim","property":"_matrix"}},
{"name":"Neck1","index":5,"matrix":[1,0,0,0,0,1,0,0,0,0,1,0,0,4.34,0.9269,1],"rest":[1,0,0,0,0,1,0,0,0,0,1,0,0,4.34,0.9269,1],"parentBoneIndex":4,"length":6.2291
,"animation":{"dataType":3,"framePerSecond":24,"keys":[
{"frame":1,"values":[1,0,0,0,0,1,0,0,0,0,1,0,0,4.34,0.9269,1]},
{"frame":25,"values":[1,0,0,0,0,1,0,0,0,0,1,0,0,4.34,0.9269,1]}],"loopBehavior":1,"name":"anim","property":"_matrix"}},
{"name":"Head","index":6,"matrix":[0.8999,-0.2886,-0.327,0,0.2719,0.9575,-0.0965,0,0.3409,-0.0021,0.9401,0,0,4.0266,0.8585,1],"rest":[1,0,0,0,0,1,0,0,0,0,1,0,0,4.0266,0.8585,1],"parentBoneIndex":5,"length":14.8424
,"animation":{"dataType":3,"framePerSecond":24,"keys":[
{"frame":1,"values":[0.8999,-0.2886,-0.327,0,0.2719,0.9575,-0.0965,0,0.3409,-0.0021,0.9401,0,0,4.0266,0.8585,1]},
{"frame":2,"values":[0.9081,-0.2834,-0.3084,0,0.2665,0.959,-0.0966,0,0.3231,0.0056,0.9463,0,0,4.0266,0.8585,1]},
{"frame":3,"values":[0.9193,-0.2754,-0.2811,0,0.2566,0.9611,-0.1024,0,0.2984,0.022,0.9542,0,0,4.0266,0.8585,1]},
{"frame":4,"values":[0.9298,-0.2631,-0.2574,0,0.2448,0.9643,-0.1012,0,0.2749,0.0311,0.961,0,0,4.0266,0.8585,1]},
{"frame":5,"values":[0.9382,-0.2493,-0.24,0,0.2329,0.9679,-0.0948,0,0.2559,0.033,0.9661,0,0,4.0266,0.8585,1]},
{"frame":6,"values":[0.9437,-0.2374,-0.2303,0,0.2229,0.9709,-0.0873,0,0.2443,0.031,0.9692,0,0,4.0266,0.8585,1]},
{"frame":7,"values":[0.9463,-0.2299,-0.2273,0,0.2154,0.9727,-0.0868,0,0.241,0.0332,0.97,0,0,4.0266,0.8585,1]},
{"frame":8,"values":[0.9457,-0.229,-0.2307,0,0.2128,0.9727,-0.0928,0,0.2456,0.0387,0.9686,0,0,4.0266,0.8585,1]},
{"frame":9,"values":[0.9428,-0.2352,-0.2362,0,0.217,0.971,-0.1007,0,0.253,0.0437,0.9665,0,0,4.0266,0.8585,1]},
{"frame":10,"values":[0.9374,-0.2478,-0.2449,0,0.2274,0.9677,-0.1085,0,0.2639,0.046,0.9635,0,0,4.0266,0.8585,1]},
{"frame":11,"values":[0.9299,-0.2639,-0.2561,0,0.2416,0.9635,-0.1152,0,0.2771,0.0453,0.9598,0,0,4.0266,0.8585,1]},
{"frame":12,"values":[0.9212,-0.2815,-0.2685,0,0.2579,0.9587,-0.1201,0,0.2912,0.0414,0.9558,0,0,4.0266,0.8585,1]},
{"frame":13,"values":[0.9121,-0.2977,-0.2818,0,0.2733,0.954,-0.1231,0,0.3055,0.0353,0.9515,0,0,4.0266,0.8585,1]},
{"frame":14,"values":[0.904,-0.3095,-0.295,0,0.2845,0.9505,-0.1252,0,0.3191,0.0292,0.9473,0,0,4.0266,0.8585,1]},
{"frame":15,"values":[0.8978,-0.315,-0.3078,0,0.2905,0.9489,-0.1236,0,0.331,0.0216,0.9434,0,0,4.0266,0.8585,1]},
{"frame":16,"values":[0.8951,-0.3131,-0.3175,0,0.29,0.9496,-0.1188,0,0.3387,0.0142,0.9408,0,0,4.0266,0.8585,1]},
{"frame":17,"values":[0.8953,-0.304,-0.3257,0,0.2831,0.9526,-0.1111,0,0.3441,0.0073,0.9389,0,0,4.0266,0.8585,1]},
{"frame":18,"values":[0.8967,-0.2915,-0.3329,0,0.2731,0.9566,-0.1021,0,0.3482,0.0006,0.9374,0,0,4.0266,0.8585,1]},
{"frame":19,"values":[0.898,-0.2806,-0.339,0,0.2636,0.9598,-0.0962,0,0.3524,-0.003,0.9358,0,0,4.0266,0.8585,1]},
{"frame":20,"values":[0.8986,-0.2741,-0.3426,0,0.2584,0.9617,-0.0917,0,0.3546,-0.0061,0.935,0,0,4.0266,0.8585,1]},
{"frame":21,"values":[0.8982,-0.274,-0.3437,0,0.2597,0.9617,-0.0878,0,0.3546,-0.0104,0.935,0,0,4.0266,0.8585,1]},
{"frame":22,"values":[0.8972,-0.2784,-0.3427,0,0.2657,0.9603,-0.0845,0,0.3526,-0.0153,0.9356,0,0,4.0266,0.8585,1]},
{"frame":23,"values":[0.8962,-0.2839,-0.341,0,0.2719,0.9587,-0.0835,0,0.3506,-0.0179,0.9363,0,0,4.0266,0.8585,1]},
{"frame":24,"values":[0.8965,-0.2878,-0.3369,0,0.2747,0.9576,-0.0869,0,0.3476,-0.0147,0.9375,0,0,4.0266,0.8585,1]},
{"frame":25,"values":[0.8999,-0.2886,-0.327,0,0.272,0.9575,-0.0965,0,0.3409,-0.0021,0.9401,0,0,4.0266,0.8585,1]}],"loopBehavior":1,"name":"anim","property":"_matrix"}},
{"name":"L_Ear","index":7,"matrix":[1,0,0,0,0,1,0,0,0,0,1,0,6.8586,8.862,3.3161,1],"rest":[1,0,0,0,0,1,0,0,0,0,1,0,6.8586,8.862,3.3161,1],"parentBoneIndex":6,"length":14.8424
,"animation":{"dataType":3,"framePerSecond":24,"keys":[
{"frame":1,"values":[1,0,0,0,0,1,0,0,0,0,1,0,6.8586,8.862,3.3161,1]},
{"frame":25,"values":[1,0,0,0,0,1,0,0,0,0,1,0,6.8586,8.862,3.3161,1]}],"loopBehavior":1,"name":"anim","property":"_matrix"}},
{"name":"Jaw","index":8,"matrix":[1,0,0,0,0,1,0,0,0,0,1,0,0.0038,6.235,4.4131,1],"rest":[1,0,0,0,0,1,0,0,0,0,1,0,0.0038,6.235,4.4131,1],"parentBoneIndex":6,"length":8.9884
,"animation":{"dataType":3,"framePerSecond":24,"keys":[
{"frame":1,"values":[1,0,0,0,0,1,0,0,0,0,1,0,0.0038,6.235,4.4131,1]},
{"frame":25,"values":[1,0,0,0,0,1,0,0,0,0,1,0,0.0038,6.235,4.4131,1]}],"loopBehavior":1,"name":"anim","property":"_matrix"}},
{"name":"TongueBack","index":9,"matrix":[1,0,0,0,0,1,0,0,0,0,1,0,0,-3.3518,4.6468,1],"rest":[1,0,0,0,0,1,0,0,0,0,1,0,0,-3.3518,4.6468,1],"parentBoneIndex":8,"length":1.6664
,"animation":{"dataType":3,"framePerSecond":24,"keys":[
{"frame":1,"values":[1,0,0,0,0,1,0,0,0,0,1,0,0,-3.3518,4.6468,1]},
{"frame":25,"values":[1,0,0,0,0,1,0,0,0,0,1,0,0,-3.3518,4.6468,1]}],"loopBehavior":1,"name":"anim","property":"_matrix"}},
{"name":"TongueMid","index":10,"matrix":[1,0,0,0,0,1,0,0,0,0,1,0,0,0.0424,1.6659,1],"rest":[1,0,0,0,0,1,0,0,0,0,1,0,0,0.0424,1.6659,1],"parentBoneIndex":9,"length":1.3562
,"animation":{"dataType":3,"framePerSecond":24,"keys":[
{"frame":1,"values":[1,0,0,0,0,1,0,0,0,0,1,0,0,0.0424,1.6659,1]},
{"frame":25,"values":[1,0,0,0,0,1,0,0,0,0,1,0,0,0.0424,1.6659,1]}],"loopBehavior":1,"name":"anim","property":"_matrix"}},
{"name":"TongueTip","index":11,"matrix":[1,0,0,0,0,1,0,0,0,0,1,0,0,-0.4344,1.2847,1],"rest":[1,0,0,0,0,1,0,0,0,0,1,0,0,-0.4344,1.2847,1],"parentBoneIndex":10,"length":1.3562
,"animation":{"dataType":3,"framePerSecond":24,"keys":[
{"frame":1,"values":[1,0,0,0,0,1,0,0,0,0,1,0,0,-0.4344,1.2847,1]},
{"frame":25,"values":[1,0,0,0,0,1,0,0,0,0,1,0,0,-0.4344,1.2847,1]}],"loopBehavior":1,"name":"anim","property":"_matrix"}},
{"name":"Chin","index":12,"matrix":[1,0,0,0,0,1,0,0,0,0,1,0,-0.0038,-6.1605,9.1241,1],"rest":[1,0,0,0,0,1,0,0,0,0,1,0,-0.0038,-6.1605,9.1241,1],"parentBoneIndex":8,"length":8.9884
,"animation":{"dataType":3,"framePerSecond":24,"keys":[
{"frame":1,"values":[1,0,0,0,0,1,0,0,0,0,1,0,-0.0038,-6.1605,9.1241,1]},
{"frame":25,"values":[1,0,0,0,0,1,0,0,0,0,1,0,-0.0038,-6.1605,9.1241,1]}],"loopBehavior":1,"name":"anim","property":"_matrix"}},
{"name":"LowerChin","index":13,"matrix":[1,0,0,0,0,1,0,0,0,0,1,0,-0.0038,-8.2784,6.0042,1],"rest":[1,0,0,0,0,1,0,0,0,0,1,0,-0.0038,-8.2784,6.0042,1],"parentBoneIndex":8,"length":8.9884
,"animation":{"dataType":3,"framePerSecond":24,"keys":[
{"frame":1,"values":[1,0,0,0,0,1,0,0,0,0,1,0,-0.0038,-8.2784,6.0042,1]},
{"frame":25,"values":[1,0,0,0,0,1,0,0,0,0,1,0,-0.0038,-8.2784,6.0042,1]}],"loopBehavior":1,"name":"anim","property":"_matrix"}},
{"name":"L_Temple","index":14,"matrix":[1,0,0,0,0,1,0,0,0,0,1,0,6.7164,11.953,7.4033,1],"rest":[1,0,0,0,0,1,0,0,0,0,1,0,6.7164,11.953,7.4033,1],"parentBoneIndex":6,"length":14.8424
,"animation":{"dataType":3,"framePerSecond":24,"keys":[
{"frame":1,"values":[1,0,0,0,0,1,0,0,0,0,1,0,6.7164,11.953,7.4033,1]},
{"frame":25,"values":[1,0,0,0,0,1,0,0,0,0,1,0,6.7164,11.953,7.4033,1]}],"loopBehavior":1,"name":"anim","property":"_matrix"}},
{"name":"L_IOuterBrow","index":15,"matrix":[1,0,0,0,0,1,0,0,0,0,1,0,5.185,11.3348,12.3701,1],"rest":[1,0,0,0,0,1,0,0,0,0,1,0,5.185,11.3348,12.3701,1],"parentBoneIndex":6,"length":14.8424
,"animation":{"dataType":3,"framePerSecond":24,"keys":[
{"frame":1,"values":[1,0,0,0,0,1,0,0,0,0,1,0,5.185,11.3348,12.3701,1]},
{"frame":25,"values":[1,0,0,0,0,1,0,0,0,0,1,0,5.185,11.3348,12.3701,1]}],"loopBehavior":1,"name":"anim","property":"_matrix"}},
{"name":"L_MidBrow","index":16,"matrix":[1,0,0,0,0,1,0,0,0,0,1,0,3.3668,11.4156,13.6166,1],"rest":[1,0,0,0,0,1,0,0,0,0,1,0,3.3668,11.4156,13.6166,1],"parentBoneIndex":6,"length":14.8424
,"animation":{"dataType":3,"framePerSecond":24,"keys":[
{"frame":1,"values":[1,0,0,0,0,1,0,0,0,0,1,0,3.3668,11.4156,13.6166,1]},
{"frame":25,"values":[1,0,0,0,0,1,0,0,0,0,1,0,3.3668,11.4156,13.6166,1]}],"loopBehavior":1,"name":"anim","property":"_matrix"}},
{"name":"L_InnerBrow","index":17,"matrix":[1,0,0,0,0,1,0,0,0,0,1,0,1.6599,10.7576,14.115,1],"rest":[1,0,0,0,0,1,0,0,0,0,1,0,1.6599,10.7576,14.115,1],"parentBoneIndex":6,"length":14.8424
,"animation":{"dataType":3,"framePerSecond":24,"keys":[
{"frame":1,"values":[1,0,0,0,0,1,0,0,0,0,1,0,1.6599,10.7576,14.115,1]},
{"frame":25,"values":[1,0,0,0,0,1,0,0,0,0,1,0,1.6599,10.7576,14.115,1]}],"loopBehavior":1,"name":"anim","property":"_matrix"}},
{"name":"L_Eye","index":18,"matrix":[1,0,0,0,0,1,0,0,0,0,1,0,3.0989,9.6989,11.4382,1],"rest":[1,0,0,0,0,1,0,0,0,0,1,0,3.0989,9.6989,11.4382,1],"parentBoneIndex":6,"length":14.8424
,"animation":{"dataType":3,"framePerSecond":24,"keys":[
{"frame":1,"values":[1,0,0,0,0,1,0,0,0,0,1,0,3.0989,9.6989,11.4382,1]},
{"frame":25,"values":[1,0,0,0,0,1,0,0,0,0,1,0,3.0989,9.6989,11.4382,1]}],"loopBehavior":1,"name":"anim","property":"_matrix"}},
{"name":"L_EyelidLower","index":19,"matrix":[1,0,0,0,0,1,0,0,0,0,1,0,3.0989,9.6989,11.4382,1],"rest":[1,0,0,0,0,1,0,0,0,0,1,0,3.0989,9.6989,11.4382,1],"parentBoneIndex":6,"length":14.8424
,"animation":{"dataType":3,"framePerSecond":24,"keys":[
{"frame":1,"values":[1,0,0,0,0,1,0,0,0,0,1,0,3.0989,9.6989,11.4382,1]},
{"frame":25,"values":[1,0,0,0,0,1,0,0,0,0,1,0,3.0989,9.6989,11.4382,1]}],"loopBehavior":1,"name":"anim","property":"_matrix"}},
{"name":"L_EyelidUpper","index":20,"matrix":[1,0,0,0,0,1,0,0,0,0,1,0,3.0989,9.6989,11.4382,1],"rest":[1,0,0,0,0,1,0,0,0,0,1,0,3.0989,9.6989,11.4382,1],"parentBoneIndex":6,"length":14.8424
,"animation":{"dataType":3,"framePerSecond":24,"keys":[
{"frame":1,"values":[1,0,0,0,0,1,0,0,0,0,1,0,3.0989,9.6989,11.4382,1]},
{"frame":25,"values":[1,0,0,0,0,1,0,0,0,0,1,0,3.0989,9.6989,11.4382,1]}],"loopBehavior":1,"name":"anim","property":"_matrix"}},
{"name":"L_InnerCheek","index":21,"matrix":[1,0,0,0,0,1,0,0,0,0,1,0,2.1484,7.4937,13.4347,1],"rest":[1,0,0,0,0,1,0,0,0,0,1,0,2.1484,7.4937,13.4347,1],"parentBoneIndex":6,"length":14.8424
,"animation":{"dataType":3,"framePerSecond":24,"keys":[
{"frame":1,"values":[1,0,0,0,0,1,0,0,0,0,1,0,2.1484,7.4937,13.4347,1]},
{"frame":25,"values":[1,0,0,0,0,1,0,0,0,0,1,0,2.1484,7.4937,13.4347,1]}],"loopBehavior":1,"name":"anim","property":"_matrix"}},
{"name":"L_LowerCheek","index":22,"matrix":[1,0,0,0,0,1,0,0,0,0,1,0,4.3527,2.5675,9.9423,1],"rest":[1,0,0,0,0,1,0,0,0,0,1,0,4.3527,2.5675,9.9423,1],"parentBoneIndex":6,"length":14.8424
,"animation":{"dataType":3,"framePerSecond":24,"keys":[
{"frame":1,"values":[1,0,0,0,0,1,0,0,0,0,1,0,4.3527,2.5675,9.9423,1]},
{"frame":25,"values":[1,0,0,0,0,1,0,0,0,0,1,0,4.3527,2.5675,9.9423,1]}],"loopBehavior":1,"name":"anim","property":"_matrix"}},
{"name":"L_LipCorner","index":23,"matrix":[1,0,0,0,0,1,0,0,0,0,1,0,2.9076,2.9095,12.5938,1],"rest":[1,0,0,0,0,1,0,0,0,0,1,0,2.9076,2.9095,12.5938,1],"parentBoneIndex":6,"length":0.9548
,"animation":{"dataType":3,"framePerSecond":24,"keys":[
{"frame":1,"values":[1,0,0,0,0,1,0,0,0,0,1,0,2.9076,2.9095,12.5938,1]},
{"frame":25,"values":[1,0,0,0,0,1,0,0,0,0,1,0,2.9076,2.9095,12.5938,1]}],"loopBehavior":1,"name":"anim","property":"_matrix"}},
{"name":"L_LipCornerLowTweak","index":24,"matrix":[1,0,0,0,0,1,0,0,0,0,1,0,-0.8072,-0.3254,0.4547,1],"rest":[1,0,0,0,0,1,0,0,0,0,1,0,-0.8072,-0.3254,0.4547,1],"parentBoneIndex":23,"length":0.9548
,"animation":{"dataType":3,"framePerSecond":24,"keys":[
{"frame":1,"values":[1,0,0,0,0,1,0,0,0,0,1,0,-0.8072,-0.3254,0.4547,1]},
{"frame":25,"values":[1,0,0,0,0,1,0,0,0,0,1,0,-0.8072,-0.3254,0.4547,1]}],"loopBehavior":1,"name":"anim","property":"_matrix"}},
{"name":"L_LipCornerUpTweak","index":25,"matrix":[1,0,0,0,0,1,0,0,0,0,1,0,-0.7251,0.0237,0.5782,1],"rest":[1,0,0,0,0,1,0,0,0,0,1,0,-0.7251,0.0237,0.5782,1],"parentBoneIndex":23,"length":0.9548
,"animation":{"dataType":3,"framePerSecond":24,"keys":[
{"frame":1,"values":[1,0,0,0,0,1,0,0,0,0,1,0,-0.7251,0.0237,0.5782,1]},
{"frame":25,"values":[1,0,0,0,0,1,0,0,0,0,1,0,-0.7251,0.0237,0.5782,1]}],"loopBehavior":1,"name":"anim","property":"_matrix"}},
{"name":"L_LipLower","index":26,"matrix":[1,0,0,0,0,1,0,0,0,0,1,0,1.2586,2.3762,13.5915,1],"rest":[1,0,0,0,0,1,0,0,0,0,1,0,1.2586,2.3762,13.5915,1],"parentBoneIndex":6,"length":14.8424
,"animation":{"dataType":3,"framePerSecond":24,"keys":[
{"frame":1,"values":[1,0,0,0,0,1,0,0,0,0,1,0,1.2586,2.3762,13.5915,1]},
{"frame":25,"values":[1,0,0,0,0,1,0,0,0,0,1,0,1.2586,2.3762,13.5915,1]}],"loopBehavior":1,"name":"anim","property":"_matrix"}},
{"name":"L_LipUpper","index":27,"matrix":[1,0,0,0,0,1,0,0,0,0,1,0,1.2981,3.1535,13.8987,1],"rest":[1,0,0,0,0,1,0,0,0,0,1,0,1.2981,3.1535,13.8987,1],"parentBoneIndex":6,"length":14.8424
,"animation":{"dataType":3,"framePerSecond":24,"keys":[
{"frame":1,"values":[1,0,0,0,0,1,0,0,0,0,1,0,1.2981,3.1535,13.8987,1]},
{"frame":25,"values":[1,0,0,0,0,1,0,0,0,0,1,0,1.2981,3.1535,13.8987,1]}],"loopBehavior":1,"name":"anim","property":"_matrix"}},
{"name":"LipMidLower","index":28,"matrix":[1,0,0,0,0,1,0,0,0,0,1,0,0,2.4182,14.0113,1],"rest":[1,0,0,0,0,1,0,0,0,0,1,0,0,2.4182,14.0113,1],"parentBoneIndex":6,"length":14.8424
,"animation":{"dataType":3,"framePerSecond":24,"keys":[
{"frame":1,"values":[1,0,0,0,0,1,0,0,0,0,1,0,0,2.4182,14.0113,1]},
{"frame":25,"values":[1,0,0,0,0,1,0,0,0,0,1,0,0,2.4182,14.0113,1]}],"loopBehavior":1,"name":"anim","property":"_matrix"}},
{"name":"LipMidUpper","index":29,"matrix":[1,0,0,0,0,1,0,0,0,0,1,0,0,3.2177,14.3127,1],"rest":[1,0,0,0,0,1,0,0,0,0,1,0,0,3.2177,14.3127,1],"parentBoneIndex":6,"length":14.8424
,"animation":{"dataType":3,"framePerSecond":24,"keys":[
{"frame":1,"values":[1,0,0,0,0,1,0,0,0,0,1,0,0,3.2177,14.3127,1]},
{"frame":25,"values":[1,0,0,0,0,1,0,0,0,0,1,0,0,3.2177,14.3127,1]}],"loopBehavior":1,"name":"anim","property":"_matrix"}},
{"name":"L_CheekFold","index":30,"matrix":[1,0,0,0,0,1,0,0,0,0,1,0,2.8997,4.8397,12.9905,1],"rest":[1,0,0,0,0,1,0,0,0,0,1,0,2.8997,4.8397,12.9905,1],"parentBoneIndex":6,"length":14.8424
,"animation":{"dataType":3,"framePerSecond":24,"keys":[
{"frame":1,"values":[1,0,0,0,0,1,0,0,0,0,1,0,2.8997,4.8397,12.9905,1]},
{"frame":25,"values":[1,0,0,0,0,1,0,0,0,0,1,0,2.8997,4.8397,12.9905,1]}],"loopBehavior":1,"name":"anim","property":"_matrix"}},
{"name":"L_Nostril","index":31,"matrix":[1,0,0,0,0,1,0,0,0,0,1,0,1.2793,5.2449,14.0405,1],"rest":[1,0,0,0,0,1,0,0,0,0,1,0,1.2793,5.2449,14.0405,1],"parentBoneIndex":6,"length":14.8424
,"animation":{"dataType":3,"framePerSecond":24,"keys":[
{"frame":1,"values":[1,0,0,0,0,1,0,0,0,0,1,0,1.2793,5.2449,14.0405,1]},
{"frame":25,"values":[1,0,0,0,0,1,0,0,0,0,1,0,1.2793,5.2449,14.0405,1]}],"loopBehavior":1,"name":"anim","property":"_matrix"}},
{"name":"Scalp","index":32,"matrix":[1,0,0,0,0,1,0,0,0,0,1,0,0.0038,15.512,8.5871,1],"rest":[1,0,0,0,0,1,0,0,0,0,1,0,0.0038,15.512,8.5871,1],"parentBoneIndex":6,"length":14.8424
,"animation":{"dataType":3,"framePerSecond":24,"keys":[
{"frame":1,"values":[1,0,0,0,0,1,0,0,0,0,1,0,0.0038,15.512,8.5871,1]},
{"frame":25,"values":[1,0,0,0,0,1,0,0,0,0,1,0,0.0038,15.512,8.5871,1]}],"loopBehavior":1,"name":"anim","property":"_matrix"}},
{"name":"L_OuterCheek","index":33,"matrix":[1,0,0,0,0,1,0,0,0,0,1,0,4.805,7.1686,11.679,1],"rest":[1,0,0,0,0,1,0,0,0,0,1,0,4.805,7.1686,11.679,1],"parentBoneIndex":6,"length":14.8424
,"animation":{"dataType":3,"framePerSecond":24,"keys":[
{"frame":1,"values":[1,0,0,0,0,1,0,0,0,0,1,0,4.805,7.1686,11.679,1]},
{"frame":25,"values":[1,0,0,0,0,1,0,0,0,0,1,0,4.805,7.1686,11.679,1]}],"loopBehavior":1,"name":"anim","property":"_matrix"}},
{"name":"R_LipLower","index":34,"matrix":[1,0,0,0,0,1,0,0,0,0,1,0,-1.2586,2.3762,13.5915,1],"rest":[1,0,0,0,0,1,0,0,0,0,1,0,-1.2586,2.3762,13.5915,1],"parentBoneIndex":6,"length":14.8424
,"animation":{"dataType":3,"framePerSecond":24,"keys":[
{"frame":1,"values":[1,0,0,0,0,1,0,0,0,0,1,0,-1.2586,2.3762,13.5915,1]},
{"frame":25,"values":[1,0,0,0,0,1,0,0,0,0,1,0,-1.2586,2.3762,13.5915,1]}],"loopBehavior":1,"name":"anim","property":"_matrix"}},
{"name":"RightNostril","index":35,"matrix":[1,0,0,0,0,1,0,0,0,0,1,0,-1.2793,5.2449,14.0405,1],"rest":[1,0,0,0,0,1,0,0,0,0,1,0,-1.2793,5.2449,14.0405,1],"parentBoneIndex":6,"length":14.8424
,"animation":{"dataType":3,"framePerSecond":24,"keys":[
{"frame":1,"values":[1,0,0,0,0,1,0,0,0,0,1,0,-1.2793,5.2449,14.0405,1]},
{"frame":25,"values":[1,0,0,0,0,1,0,0,0,0,1,0,-1.2793,5.2449,14.0405,1]}],"loopBehavior":1,"name":"anim","property":"_matrix"}},
{"name":"R_CheekFold","index":36,"matrix":[1,0,0,0,0,1,0,0,0,0,1,0,-2.8997,4.8397,12.9905,1],"rest":[1,0,0,0,0,1,0,0,0,0,1,0,-2.8997,4.8397,12.9905,1],"parentBoneIndex":6,"length":14.8424
,"animation":{"dataType":3,"framePerSecond":24,"keys":[
{"frame":1,"values":[1,0,0,0,0,1,0,0,0,0,1,0,-2.8997,4.8397,12.9905,1]},
{"frame":25,"values":[1,0,0,0,0,1,0,0,0,0,1,0,-2.8997,4.8397,12.9905,1]}],"loopBehavior":1,"name":"anim","property":"_matrix"}},
{"name":"R_LowerCheek","index":37,"matrix":[1,0,0,0,0,1,0,0,0,0,1,0,-4.3527,2.5675,9.9423,1],"rest":[1,0,0,0,0,1,0,0,0,0,1,0,-4.3527,2.5675,9.9423,1],"parentBoneIndex":6,"length":14.8424
,"animation":{"dataType":3,"framePerSecond":24,"keys":[
{"frame":1,"values":[1,0,0,0,0,1,0,0,0,0,1,0,-4.3527,2.5675,9.9423,1]},
{"frame":25,"values":[1,0,0,0,0,1,0,0,0,0,1,0,-4.3527,2.5675,9.9423,1]}],"loopBehavior":1,"name":"anim","property":"_matrix"}},
{"name":"R_gLipCorner","index":38,"matrix":[1,0,0,0,0,1,0,0,0,0,1,0,-2.9076,2.9095,12.5938,1],"rest":[1,0,0,0,0,1,0,0,0,0,1,0,-2.9076,2.9095,12.5938,1],"parentBoneIndex":6,"length":0.9548
,"animation":{"dataType":3,"framePerSecond":24,"keys":[
{"frame":1,"values":[1,0,0,0,0,1,0,0,0,0,1,0,-2.9076,2.9095,12.5938,1]},
{"frame":25,"values":[1,0,0,0,0,1,0,0,0,0,1,0,-2.9076,2.9095,12.5938,1]}],"loopBehavior":1,"name":"anim","property":"_matrix"}},
{"name":"R_gLipCornerLowTweak","index":39,"matrix":[1,0,0,0,0,1,0,0,0,0,1,0,0.8072,-0.3254,0.4547,1],"rest":[1,0,0,0,0,1,0,0,0,0,1,0,0.8072,-0.3254,0.4547,1],"parentBoneIndex":38,"length":0.9548
,"animation":{"dataType":3,"framePerSecond":24,"keys":[
{"frame":1,"values":[1,0,0,0,0,1,0,0,0,0,1,0,0.8072,-0.3254,0.4547,1]},
{"frame":25,"values":[1,0,0,0,0,1,0,0,0,0,1,0,0.8072,-0.3254,0.4547,1]}],"loopBehavior":1,"name":"anim","property":"_matrix"}},
{"name":"R_gLipCornerUpTweak","index":40,"matrix":[1,0,0,0,0,1,0,0,0,0,1,0,0.7251,0.0237,0.5782,1],"rest":[1,0,0,0,0,1,0,0,0,0,1,0,0.7251,0.0237,0.5782,1],"parentBoneIndex":38,"length":0.9548
,"animation":{"dataType":3,"framePerSecond":24,"keys":[
{"frame":1,"values":[1,0,0,0,0,1,0,0,0,0,1,0,0.7251,0.0237,0.5782,1]},
{"frame":25,"values":[1,0,0,0,0,1,0,0,0,0,1,0,0.7251,0.0237,0.5782,1]}],"loopBehavior":1,"name":"anim","property":"_matrix"}},
{"name":"R_LipUpper","index":41,"matrix":[1,0,0,0,0,1,0,0,0,0,1,0,-1.2981,3.1535,13.8987,1],"rest":[1,0,0,0,0,1,0,0,0,0,1,0,-1.2981,3.1535,13.8987,1],"parentBoneIndex":6,"length":14.8424
,"animation":{"dataType":3,"framePerSecond":24,"keys":[
{"frame":1,"values":[1,0,0,0,0,1,0,0,0,0,1,0,-1.2981,3.1535,13.8987,1]},
{"frame":25,"values":[1,0,0,0,0,1,0,0,0,0,1,0,-1.2981,3.1535,13.8987,1]}],"loopBehavior":1,"name":"anim","property":"_matrix"}},
{"name":"R_OuterCheek","index":42,"matrix":[1,0,0,0,0,1,0,0,0,0,1,0,-4.805,7.1686,11.679,1],"rest":[1,0,0,0,0,1,0,0,0,0,1,0,-4.805,7.1686,11.679,1],"parentBoneIndex":6,"length":14.8424
,"animation":{"dataType":3,"framePerSecond":24,"keys":[
{"frame":1,"values":[1,0,0,0,0,1,0,0,0,0,1,0,-4.805,7.1686,11.679,1]},
{"frame":25,"values":[1,0,0,0,0,1,0,0,0,0,1,0,-4.805,7.1686,11.679,1]}],"loopBehavior":1,"name":"anim","property":"_matrix"}},
{"name":"MidBrows","index":43,"matrix":[1,0,0,0,0,1,0,0,0,0,1,0,0,10.8004,14.2738,1],"rest":[1,0,0,0,0,1,0,0,0,0,1,0,0,10.8004,14.2738,1],"parentBoneIndex":6,"length":14.8424
,"animation":{"dataType":3,"framePerSecond":24,"keys":[
{"frame":1,"values":[1,0,0,0,0,1,0,0,0,0,1,0,0,10.8004,14.2738,1]},
{"frame":25,"values":[1,0,0,0,0,1,0,0,0,0,1,0,0,10.8004,14.2738,1]}],"loopBehavior":1,"name":"anim","property":"_matrix"}},
{"name":"R_InnerBrow","index":44,"matrix":[1,0,0,0,0,1,0,0,0,0,1,0,-1.6599,10.7576,14.115,1],"rest":[1,0,0,0,0,1,0,0,0,0,1,0,-1.6599,10.7576,14.115,1],"parentBoneIndex":6,"length":14.8424
,"animation":{"dataType":3,"framePerSecond":24,"keys":[
{"frame":1,"values":[1,0,0,0,0,1,0,0,0,0,1,0,-1.6599,10.7576,14.115,1]},
{"frame":25,"values":[1,0,0,0,0,1,0,0,0,0,1,0,-1.6599,10.7576,14.115,1]}],"loopBehavior":1,"name":"anim","property":"_matrix"}},
{"name":"R_MidBrow","index":45,"matrix":[1,0,0,0,0,1,0,0,0,0,1,0,-3.3668,11.4156,13.6166,1],"rest":[1,0,0,0,0,1,0,0,0,0,1,0,-3.3668,11.4156,13.6166,1],"parentBoneIndex":6,"length":14.8424
,"animation":{"dataType":3,"framePerSecond":24,"keys":[
{"frame":1,"values":[1,0,0,0,0,1,0,0,0,0,1,0,-3.3668,11.4156,13.6166,1]},
{"frame":25,"values":[1,0,0,0,0,1,0,0,0,0,1,0,-3.3668,11.4156,13.6166,1]}],"loopBehavior":1,"name":"anim","property":"_matrix"}},
{"name":"R_IOuterBrow","index":46,"matrix":[1,0,0,0,0,1,0,0,0,0,1,0,-5.185,11.3348,12.3701,1],"rest":[1,0,0,0,0,1,0,0,0,0,1,0,-5.185,11.3348,12.3701,1],"parentBoneIndex":6,"length":14.8424
,"animation":{"dataType":3,"framePerSecond":24,"keys":[
{"frame":1,"values":[1,0,0,0,0,1,0,0,0,0,1,0,-5.185,11.3348,12.3701,1]},
{"frame":25,"values":[1,0,0,0,0,1,0,0,0,0,1,0,-5.185,11.3348,12.3701,1]}],"loopBehavior":1,"name":"anim","property":"_matrix"}},
{"name":"R_Eye","index":47,"matrix":[1,0,0,0,0,1,0,0,0,0,1,0,-3.0989,9.6989,11.4382,1],"rest":[1,0,0,0,0,1,0,0,0,0,1,0,-3.0989,9.6989,11.4382,1],"parentBoneIndex":6,"length":14.8424
,"animation":{"dataType":3,"framePerSecond":24,"keys":[
{"frame":1,"values":[1,0,0,0,0,1,0,0,0,0,1,0,-3.0989,9.6989,11.4382,1]},
{"frame":25,"values":[1,0,0,0,0,1,0,0,0,0,1,0,-3.0989,9.6989,11.4382,1]}],"loopBehavior":1,"name":"anim","property":"_matrix"}},
{"name":"R_EyelidLower","index":48,"matrix":[1,0,0,0,0,1,0,0,0,0,1,0,-3.0989,9.6989,11.4382,1],"rest":[1,0,0,0,0,1,0,0,0,0,1,0,-3.0989,9.6989,11.4382,1],"parentBoneIndex":6,"length":14.8424
,"animation":{"dataType":3,"framePerSecond":24,"keys":[
{"frame":1,"values":[1,0,0,0,0,1,0,0,0,0,1,0,-3.0989,9.6989,11.4382,1]},
{"frame":25,"values":[1,0,0,0,0,1,0,0,0,0,1,0,-3.0989,9.6989,11.4382,1]}],"loopBehavior":1,"name":"anim","property":"_matrix"}},
{"name":"R_EyelidUpper","index":49,"matrix":[1,0,0,0,0,1,0,0,0,0,1,0,-3.0989,9.6989,11.4382,1],"rest":[1,0,0,0,0,1,0,0,0,0,1,0,-3.0989,9.6989,11.4382,1],"parentBoneIndex":6,"length":14.8424
,"animation":{"dataType":3,"framePerSecond":24,"keys":[
{"frame":1,"values":[1,0,0,0,0,1,0,0,0,0,1,0,-3.0989,9.6989,11.4382,1]},
{"frame":25,"values":[1,0,0,0,0,1,0,0,0,0,1,0,-3.0989,9.6989,11.4382,1]}],"loopBehavior":1,"name":"anim","property":"_matrix"}},
{"name":"R_Temple","index":50,"matrix":[1,0,0,0,0,1,0,0,0,0,1,0,-6.7164,11.953,7.4033,1],"rest":[1,0,0,0,0,1,0,0,0,0,1,0,-6.7164,11.953,7.4033,1],"parentBoneIndex":6,"length":14.8424
,"animation":{"dataType":3,"framePerSecond":24,"keys":[
{"frame":1,"values":[1,0,0,0,0,1,0,0,0,0,1,0,-6.7164,11.953,7.4033,1]},
{"frame":25,"values":[1,0,0,0,0,1,0,0,0,0,1,0,-6.7164,11.953,7.4033,1]}],"loopBehavior":1,"name":"anim","property":"_matrix"}},
{"name":"R_Ear","index":51,"matrix":[1,0,0,0,0,1,0,0,0,0,1,0,-6.8586,8.862,3.3161,1],"rest":[1,0,0,0,0,1,0,0,0,0,1,0,-6.8586,8.862,3.3161,1],"parentBoneIndex":6,"length":14.8424
,"animation":{"dataType":3,"framePerSecond":24,"keys":[
{"frame":1,"values":[1,0,0,0,0,1,0,0,0,0,1,0,-6.8586,8.862,3.3161,1]},
