{"producer":{"name":"Blender","version":"2.90.0","exporter_version":"2.80.1","file":"peasantgirl.babylon"},
"autoClear":true,"clearColor":[0.0509,0.0509,0.0509],"gravity":[0,-9.81,0],
"materials":[{"name":"body","id":"body","customType":"BABYLON.PBRMaterial","backFaceCulling":true,"checkReadyOnlyOnce":false,"maxSimultaneousLights":4,"environmentIntensity":1,"roughness":0.7488,"alpha":1,"transparencyMode":0,"alphaCutOff":0.4,"metallic":0.5, 
"albedoTexture":{"name":"Peasant_Girl_diffuse.jpg","level":1,"hasAlpha":false,"coordinatesMode":0,"uOffset":0,"vOffset":0,"uScale":1,"vScale":1,"uAng":0,"vAng":0,"wAng":0,"wrapU":1,"wrapV":1,"coordinatesIndex":0},"useAlphaFromAlbedoTexture":false, 
"reflectivityTexture":{"name":"Peasant_Girl_specular.jpg","level":1,"hasAlpha":false,"coordinatesMode":0,"uOffset":0,"vOffset":0,"uScale":1,"vScale":1,"uAng":0,"vAng":0,"wAng":0,"wrapU":1,"wrapV":1,"coordinatesIndex":0}, 
"bumpTexture":{"name":"Peasant_Girl_normal.jpg","level":1,"hasAlpha":false,"coordinatesMode":0,"uOffset":0,"vOffset":0,"uScale":1,"vScale":1,"uAng":0,"vAng":0,"wAng":0,"wrapU":1,"wrapV":1,"coordinatesIndex":0}},
{"name":"skirt","id":"skirt","customType":"BABYLON.PBRMaterial","backFaceCulling":true,"checkReadyOnlyOnce":false,"maxSimultaneousLights":4,"environmentIntensity":1,"roughness":0.7488,"alpha":1,"transparencyMode":0,"alphaCutOff":0.4,"metallic":0.5, 
"albedoTexture":{"name":"Peasant_Girl_diffuse.jpg","level":1,"hasAlpha":false,"coordinatesMode":0,"uOffset":0,"vOffset":0,"uScale":1,"vScale":1,"uAng":0,"vAng":0,"wAng":0,"wrapU":1,"wrapV":1,"coordinatesIndex":0},"useAlphaFromAlbedoTexture":false, 
"reflectivityTexture":{"name":"Peasant_Girl_specular.jpg","level":1,"hasAlpha":false,"coordinatesMode":0,"uOffset":0,"vOffset":0,"uScale":1,"vScale":1,"uAng":0,"vAng":0,"wAng":0,"wrapU":1,"wrapV":1,"coordinatesIndex":0}, 
"bumpTexture":{"name":"Peasant_Girl_normal.jpg","level":1,"hasAlpha":false,"coordinatesMode":0,"uOffset":0,"vOffset":0,"uScale":1,"vScale":1,"uAng":0,"vAng":0,"wAng":0,"wrapU":1,"wrapV":1,"coordinatesIndex":0}},
{"name":"shoes","id":"shoes","customType":"BABYLON.PBRMaterial","backFaceCulling":true,"checkReadyOnlyOnce":false,"maxSimultaneousLights":4,"environmentIntensity":1,"roughness":0.7488,"alpha":1,"transparencyMode":0,"alphaCutOff":0.4,"metallic":0.5, 
"albedoTexture":{"name":"Peasant_Girl_diffuse.jpg","level":1,"hasAlpha":false,"coordinatesMode":0,"uOffset":0,"vOffset":0,"uScale":1,"vScale":1,"uAng":0,"vAng":0,"wAng":0,"wrapU":1,"wrapV":1,"coordinatesIndex":0},"useAlphaFromAlbedoTexture":false, 
"reflectivityTexture":{"name":"Peasant_Girl_specular.jpg","level":1,"hasAlpha":false,"coordinatesMode":0,"uOffset":0,"vOffset":0,"uScale":1,"vScale":1,"uAng":0,"vAng":0,"wAng":0,"wrapU":1,"wrapV":1,"coordinatesIndex":0}, 
"bumpTexture":{"name":"Peasant_Girl_normal.jpg","level":1,"hasAlpha":false,"coordinatesMode":0,"uOffset":0,"vOffset":0,"uScale":1,"vScale":1,"uAng":0,"vAng":0,"wAng":0,"wrapU":1,"wrapV":1,"coordinatesIndex":0}},
{"name":"bottoms","id":"bottoms","customType":"BABYLON.PBRMaterial","backFaceCulling":true,"checkReadyOnlyOnce":false,"maxSimultaneousLights":4,"environmentIntensity":1,"roughness":0.7488,"alpha":1,"transparencyMode":0,"alphaCutOff":0.4,"metallic":0.5, 
"albedoTexture":{"name":"Peasant_Girl_diffuse.jpg","level":1,"hasAlpha":false,"coordinatesMode":0,"uOffset":0,"vOffset":0,"uScale":1,"vScale":1,"uAng":0,"vAng":0,"wAng":0,"wrapU":1,"wrapV":1,"coordinatesIndex":0},"useAlphaFromAlbedoTexture":false, 
"reflectivityTexture":{"name":"Peasant_Girl_specular.jpg","level":1,"hasAlpha":false,"coordinatesMode":0,"uOffset":0,"vOffset":0,"uScale":1,"vScale":1,"uAng":0,"vAng":0,"wAng":0,"wrapU":1,"wrapV":1,"coordinatesIndex":0}, 
"bumpTexture":{"name":"Peasant_Girl_normal.jpg","level":1,"hasAlpha":false,"coordinatesMode":0,"uOffset":0,"vOffset":0,"uScale":1,"vScale":1,"uAng":0,"vAng":0,"wAng":0,"wrapU":1,"wrapV":1,"coordinatesIndex":0}},
{"name":"belt","id":"belt","customType":"BABYLON.PBRMaterial","backFaceCulling":true,"checkReadyOnlyOnce":false,"maxSimultaneousLights":4,"environmentIntensity":1,"roughness":0.7488,"alpha":1,"transparencyMode":0,"alphaCutOff":0.4,"metallic":0.5, 
"albedoTexture":{"name":"Peasant_Girl_diffuse.jpg","level":1,"hasAlpha":false,"coordinatesMode":0,"uOffset":0,"vOffset":0,"uScale":1,"vScale":1,"uAng":0,"vAng":0,"wAng":0,"wrapU":1,"wrapV":1,"coordinatesIndex":0},"useAlphaFromAlbedoTexture":false, 
"reflectivityTexture":{"name":"Peasant_Girl_specular.jpg","level":1,"hasAlpha":false,"coordinatesMode":0,"uOffset":0,"vOffset":0,"uScale":1,"vScale":1,"uAng":0,"vAng":0,"wAng":0,"wrapU":1,"wrapV":1,"coordinatesIndex":0}, 
"bumpTexture":{"name":"Peasant_Girl_normal.jpg","level":1,"hasAlpha":false,"coordinatesMode":0,"uOffset":0,"vOffset":0,"uScale":1,"vScale":1,"uAng":0,"vAng":0,"wAng":0,"wrapU":1,"wrapV":1,"coordinatesIndex":0}},
{"name":"tops","id":"tops","customType":"BABYLON.PBRMaterial","backFaceCulling":true,"checkReadyOnlyOnce":false,"maxSimultaneousLights":4,"environmentIntensity":1,"roughness":0.7488,"alpha":1,"transparencyMode":0,"alphaCutOff":0.4,"metallic":0.5, 
"albedoTexture":{"name":"Peasant_Girl_diffuse.jpg","level":1,"hasAlpha":false,"coordinatesMode":0,"uOffset":0,"vOffset":0,"uScale":1,"vScale":1,"uAng":0,"vAng":0,"wAng":0,"wrapU":1,"wrapV":1,"coordinatesIndex":0},"useAlphaFromAlbedoTexture":false, 
"reflectivityTexture":{"name":"Peasant_Girl_specular.jpg","level":1,"hasAlpha":false,"coordinatesMode":0,"uOffset":0,"vOffset":0,"uScale":1,"vScale":1,"uAng":0,"vAng":0,"wAng":0,"wrapU":1,"wrapV":1,"coordinatesIndex":0}, 
"bumpTexture":{"name":"Peasant_Girl_normal.jpg","level":1,"hasAlpha":false,"coordinatesMode":0,"uOffset":0,"vOffset":0,"uScale":1,"vScale":1,"uAng":0,"vAng":0,"wAng":0,"wrapU":1,"wrapV":1,"coordinatesIndex":0}},
{"name":"jewelry","id":"jewelry","customType":"BABYLON.PBRMaterial","backFaceCulling":true,"checkReadyOnlyOnce":false,"maxSimultaneousLights":4,"environmentIntensity":1,"roughness":0.7488,"alpha":1,"transparencyMode":0,"alphaCutOff":0.4,"metallic":0.5, 
"albedoTexture":{"name":"Peasant_Girl_diffuse.jpg","level":1,"hasAlpha":false,"coordinatesMode":0,"uOffset":0,"vOffset":0,"uScale":1,"vScale":1,"uAng":0,"vAng":0,"wAng":0,"wrapU":1,"wrapV":1,"coordinatesIndex":0},"useAlphaFromAlbedoTexture":false, 
"reflectivityTexture":{"name":"Peasant_Girl_specular.jpg","level":1,"hasAlpha":false,"coordinatesMode":0,"uOffset":0,"vOffset":0,"uScale":1,"vScale":1,"uAng":0,"vAng":0,"wAng":0,"wrapU":1,"wrapV":1,"coordinatesIndex":0}, 
"bumpTexture":{"name":"Peasant_Girl_normal.jpg","level":1,"hasAlpha":false,"coordinatesMode":0,"uOffset":0,"vOffset":0,"uScale":1,"vScale":1,"uAng":0,"vAng":0,"wAng":0,"wrapU":1,"wrapV":1,"coordinatesIndex":0}},
{"name":"headband","id":"headband","customType":"BABYLON.PBRMaterial","backFaceCulling":true,"checkReadyOnlyOnce":false,"maxSimultaneousLights":4,"environmentIntensity":1,"roughness":0.7488,"alpha":1,"transparencyMode":0,"alphaCutOff":0.4,"metallic":0.5, 
"albedoTexture":{"name":"Peasant_Girl_diffuse.jpg","level":1,"hasAlpha":false,"coordinatesMode":0,"uOffset":0,"vOffset":0,"uScale":1,"vScale":1,"uAng":0,"vAng":0,"wAng":0,"wrapU":1,"wrapV":1,"coordinatesIndex":0},"useAlphaFromAlbedoTexture":false, 
"reflectivityTexture":{"name":"Peasant_Girl_specular.jpg","level":1,"hasAlpha":false,"coordinatesMode":0,"uOffset":0,"vOffset":0,"uScale":1,"vScale":1,"uAng":0,"vAng":0,"wAng":0,"wrapU":1,"wrapV":1,"coordinatesIndex":0}, 
"bumpTexture":{"name":"Peasant_Girl_normal.jpg","level":1,"hasAlpha":false,"coordinatesMode":0,"uOffset":0,"vOffset":0,"uScale":1,"vScale":1,"uAng":0,"vAng":0,"wAng":0,"wrapU":1,"wrapV":1,"coordinatesIndex":0}},
{"name":"hair","id":"hair","customType":"BABYLON.PBRMaterial","backFaceCulling":true,"checkReadyOnlyOnce":false,"maxSimultaneousLights":4,"environmentIntensity":1,"roughness":0.7488,"alpha":1,"transparencyMode":0,"alphaCutOff":0.4,"metallic":0.5, 
"albedoTexture":{"name":"Peasant_Girl_diffuse.jpg","level":1,"hasAlpha":false,"coordinatesMode":0,"uOffset":0,"vOffset":0,"uScale":1,"vScale":1,"uAng":0,"vAng":0,"wAng":0,"wrapU":1,"wrapV":1,"coordinatesIndex":0},"useAlphaFromAlbedoTexture":false, 
"reflectivityTexture":{"name":"Peasant_Girl_specular.jpg","level":1,"hasAlpha":false,"coordinatesMode":0,"uOffset":0,"vOffset":0,"uScale":1,"vScale":1,"uAng":0,"vAng":0,"wAng":0,"wrapU":1,"wrapV":1,"coordinatesIndex":0}, 
"bumpTexture":{"name":"Peasant_Girl_normal.jpg","level":1,"hasAlpha":false,"coordinatesMode":0,"uOffset":0,"vOffset":0,"uScale":1,"vScale":1,"uAng":0,"vAng":0,"wAng":0,"wrapU":1,"wrapV":1,"coordinatesIndex":0}},
{"name":"eyes","id":"eyes","customType":"BABYLON.PBRMaterial","backFaceCulling":true,"checkReadyOnlyOnce":false,"maxSimultaneousLights":4,"environmentIntensity":1,"roughness":0.7488,"alpha":1,"transparencyMode":0,"alphaCutOff":0.4,"metallic":0.5, 
"albedoTexture":{"name":"Peasant_Girl_diffuse.jpg","level":1,"hasAlpha":false,"coordinatesMode":0,"uOffset":0,"vOffset":0,"uScale":1,"vScale":1,"uAng":0,"vAng":0,"wAng":0,"wrapU":1,"wrapV":1,"coordinatesIndex":0},"useAlphaFromAlbedoTexture":false, 
"reflectivityTexture":{"name":"Peasant_Girl_specular.jpg","level":1,"hasAlpha":false,"coordinatesMode":0,"uOffset":0,"vOffset":0,"uScale":1,"vScale":1,"uAng":0,"vAng":0,"wAng":0,"wrapU":1,"wrapV":1,"coordinatesIndex":0}, 
"bumpTexture":{"name":"Peasant_Girl_normal.jpg","level":1,"hasAlpha":false,"coordinatesMode":0,"uOffset":0,"vOffset":0,"uScale":1,"vScale":1,"uAng":0,"vAng":0,"wAng":0,"wrapU":1,"wrapV":1,"coordinatesIndex":0}},
{"name":"eyebackground","id":"eyebackground","customType":"BABYLON.PBRMaterial","backFaceCulling":true,"checkReadyOnlyOnce":false,"maxSimultaneousLights":4,"environmentIntensity":1,"roughness":0.7488,"alpha":1,"transparencyMode":0,"alphaCutOff":0.4,"metallic":0.5, 
"albedoTexture":{"name":"Peasant_Girl_diffuse.jpg","level":1,"hasAlpha":false,"coordinatesMode":0,"uOffset":0,"vOffset":0,"uScale":1,"vScale":1,"uAng":0,"vAng":0,"wAng":0,"wrapU":1,"wrapV":1,"coordinatesIndex":0},"useAlphaFromAlbedoTexture":false, 
"reflectivityTexture":{"name":"Peasant_Girl_specular.jpg","level":1,"hasAlpha":false,"coordinatesMode":0,"uOffset":0,"vOffset":0,"uScale":1,"vScale":1,"uAng":0,"vAng":0,"wAng":0,"wrapU":1,"wrapV":1,"coordinatesIndex":0}, 
"bumpTexture":{"name":"Peasant_Girl_normal.jpg","level":1,"hasAlpha":false,"coordinatesMode":0,"uOffset":0,"vOffset":0,"uScale":1,"vScale":1,"uAng":0,"vAng":0,"wAng":0,"wrapU":1,"wrapV":1,"coordinatesIndex":0}},
{"name":"eyebrows","id":"eyebrows","customType":"BABYLON.PBRMaterial","backFaceCulling":true,"checkReadyOnlyOnce":false,"maxSimultaneousLights":4,"environmentIntensity":1,"roughness":0.7488,"alpha":1,"transparencyMode":0,"alphaCutOff":0.4,"metallic":0.5, 
"albedoTexture":{"name":"Peasant_Girl_diffuse.jpg","level":1,"hasAlpha":false,"coordinatesMode":0,"uOffset":0,"vOffset":0,"uScale":1,"vScale":1,"uAng":0,"vAng":0,"wAng":0,"wrapU":1,"wrapV":1,"coordinatesIndex":0},"useAlphaFromAlbedoTexture":false, 
"reflectivityTexture":{"name":"Peasant_Girl_specular.jpg","level":1,"hasAlpha":false,"coordinatesMode":0,"uOffset":0,"vOffset":0,"uScale":1,"vScale":1,"uAng":0,"vAng":0,"wAng":0,"wrapU":1,"wrapV":1,"coordinatesIndex":0}, 
"bumpTexture":{"name":"Peasant_Girl_normal.jpg","level":1,"hasAlpha":false,"coordinatesMode":0,"uOffset":0,"vOffset":0,"uScale":1,"vScale":1,"uAng":0,"vAng":0,"wAng":0,"wrapU":1,"wrapV":1,"coordinatesIndex":0}}],
"multiMaterials":[],
"skeletons":[{"name":"Armature","id":0,"dimensionsAtRest":[177.5732,230.6614,27.9647],"bones":[
{"name":"Hips","index":0,"matrix":[0.9955,-0.0482,-0.0821,0,0.0491,0.9987,0.0096,0,-0.0815,0.0136,-0.9966,0,5.9611,111.8348,-0.0261,1],"rest":[1,0,0,0,0,1,0,0,0,0,-1,0,-0.0003,113.0334,-0.1285,1],"parentBoneIndex":-1,"length":12.9876
,"animation":{"dataType":3,"framePerSecond":24,"keys":[
{"frame":1,"values":[0.9955,-0.0482,-0.0821,0,0.0491,0.9987,0.0096,0,-0.0815,0.0136,-0.9966,0,5.9611,111.8348,-0.0261,1]},
{"frame":2,"values":[0.9954,-0.0479,-0.0827,0,0.0489,0.9988,0.0095,0,-0.0821,0.0135,-0.9965,0,5.9631,111.8345,-0.0228,1]},
{"frame":3,"values":[0.9954,-0.0479,-0.083,0,0.0489,0.9988,0.0094,0,-0.0825,0.0134,-0.9965,0,5.9658,111.8341,-0.023,1]},
{"frame":4,"values":[0.9954,-0.0479,-0.0831,0,0.0488,0.9988,0.0094,0,-0.0826,0.0134,-0.9965,0,5.9695,111.8336,-0.0234,1]},
{"frame":5,"values":[0.9954,-0.0479,-0.0832,0,0.0488,0.9988,0.0093,0,-0.0826,0.0133,-0.9965,0,5.9743,111.8332,-0.0247,1]},
{"frame":6,"values":[0.9954,-0.0479,-0.0832,0,0.0488,0.9988,0.0091,0,-0.0827,0.0131,-0.9965,0,5.9803,111.8327,-0.0266,1]},
{"frame":7,"values":[0.9954,-0.0478,-0.0833,0,0.0488,0.9988,0.0091,0,-0.0827,0.0131,-0.9965,0,5.9878,111.832,-0.0287,1]},
{"frame":8,"values":[0.9954,-0.0479,-0.0834,0,0.0488,0.9988,0.0092,0,-0.0829,0.0132,-0.9965,0,5.997,111.8309,-0.0311,1]},
{"frame":9,"values":[0.9953,-0.048,-0.0835,0,0.0489,0.9988,0.0092,0,-0.083,0.0132,-0.9965,0,6.0079,111.8299,-0.0342,1]},
{"frame":10,"values":[0.9954,-0.0482,-0.0833,0,0.0492,0.9987,0.0093,0,-0.0827,0.0133,-0.9965,0,6.0194,111.8287,-0.0433,1]},
{"frame":11,"values":[0.9954,-0.0486,-0.0827,0,0.0495,0.9987,0.0096,0,-0.0821,0.0136,-0.9965,0,6.0314,111.8275,-0.0509,1]},
{"frame":12,"values":[0.9954,-0.0489,-0.0823,0,0.0498,0.9987,0.0098,0,-0.0817,0.0139,-0.9966,0,6.0451,111.8262,-0.058,1]},
{"frame":13,"values":[0.9954,-0.0491,-0.0822,0,0.0501,0.9987,0.0099,0,-0.0816,0.014,-0.9966,0,6.0613,111.825,-0.0674,1]},
{"frame":14,"values":[0.9954,-0.0492,-0.0825,0,0.0501,0.9987,0.01,0,-0.0819,0.014,-0.9965,0,6.0799,111.8241,-0.0818,1]},
{"frame":15,"values":[0.9953,-0.0491,-0.083,0,0.0501,0.9987,0.01,0,-0.0825,0.0141,-0.9965,0,6.1005,111.8232,-0.1023,1]},
{"frame":16,"values":[0.9953,-0.0489,-0.084,0,0.0499,0.9987,0.01,0,-0.0834,0.0141,-0.9964,0,6.123,111.8223,-0.1268,1]},
{"frame":17,"values":[0.9951,-0.049,-0.0854,0,0.05,0.9987,0.0101,0,-0.0848,0.0143,-0.9963,0,6.1474,111.8212,-0.1461,1]},
{"frame":18,"values":[0.9949,-0.0492,-0.0875,0,0.0503,0.9987,0.0104,0,-0.0869,0.0148,-0.9961,0,6.1744,111.8195,-0.1489,1]},
{"frame":19,"values":[0.9947,-0.0496,-0.09,0,0.0508,0.9987,0.0107,0,-0.0894,0.0152,-0.9959,0,6.2034,111.8177,-0.1524,1]},
{"frame":20,"values":[0.9945,-0.0502,-0.0922,0,0.0514,0.9986,0.0108,0,-0.0915,0.0155,-0.9957,0,6.2327,111.8166,-0.1565,1]},
{"frame":21,"values":[0.9943,-0.0509,-0.0935,0,0.0521,0.9986,0.0107,0,-0.0928,0.0155,-0.9956,0,6.2609,111.8163,-0.1601,1]},
{"frame":22,"values":[0.9942,-0.0516,-0.0939,0,0.0528,0.9985,0.0107,0,-0.0932,0.0156,-0.9955,0,6.2876,111.8162,-0.1613,1]},
{"frame":23,"values":[0.9942,-0.0523,-0.0938,0,0.0536,0.9985,0.0109,0,-0.0931,0.0159,-0.9955,0,6.3126,111.8162,-0.159,1]},
{"frame":24,"values":[0.9942,-0.0529,-0.0933,0,0.0542,0.9985,0.0112,0,-0.0926,0.0162,-0.9956,0,6.3357,111.8165,-0.1537,1]},
{"frame":25,"values":[0.9942,-0.0534,-0.0929,0,0.0547,0.9984,0.0114,0,-0.0921,0.0164,-0.9956,0,6.3575,111.817,-0.1461,1]},
{"frame":26,"values":[0.9942,-0.0541,-0.0924,0,0.0554,0.9984,0.0116,0,-0.0917,0.0166,-0.9957,0,6.3788,111.8176,-0.1368,1]},
{"frame":27,"values":[0.9942,-0.0549,-0.092,0,0.0562,0.9984,0.0116,0,-0.0912,0.0167,-0.9957,0,6.3994,111.8184,-0.1256,1]},
{"frame":28,"values":[0.9942,-0.0558,-0.0916,0,0.0571,0.9983,0.0115,0,-0.0908,0.0167,-0.9957,0,6.4187,111.8194,-0.1123,1]},
{"frame":29,"values":[0.9942,-0.0565,-0.0913,0,0.0578,0.9983,0.0115,0,-0.0905,0.0167,-0.9958,0,6.4359,111.8203,-0.0969,1]},
{"frame":30,"values":[0.9942,-0.0571,-0.0909,0,0.0584,0.9982,0.0116,0,-0.0901,0.0168,-0.9958,0,6.4505,111.8212,-0.0798,1]},
{"frame":31,"values":[0.9942,-0.0575,-0.0905,0,0.0588,0.9982,0.0117,0,-0.0896,0.0169,-0.9958,0,6.4622,111.8221,-0.0618,1]},
{"frame":32,"values":[0.9943,-0.0578,-0.0902,0,0.059,0.9982,0.0117,0,-0.0893,0.0169,-0.9959,0,6.4714,111.8229,-0.0434,1]},
{"frame":33,"values":[0.9942,-0.0579,-0.0903,0,0.0592,0.9982,0.0117,0,-0.0895,0.017,-0.9958,0,6.4795,111.8237,-0.0247,1]},
{"frame":34,"values":[0.9942,-0.0578,-0.091,0,0.0591,0.9982,0.0116,0,-0.0901,0.0169,-0.9958,0,6.4864,111.8244,-0.0055,1]},
{"frame":35,"values":[0.9941,-0.0576,-0.0918,0,0.0589,0.9982,0.0116,0,-0.091,0.0169,-0.9957,0,6.4904,111.8252,0.0142,1]},
{"frame":36,"values":[0.994,-0.0574,-0.0931,0,0.0587,0.9982,0.0114,0,-0.0922,0.0168,-0.9956,0,6.4976,111.8259,0.0344,1]},
{"frame":37,"values":[0.9938,-0.0571,-0.0949,0,0.0584,0.9982,0.0113,0,-0.0941,0.0167,-0.9954,0,6.5042,111.8265,0.0551,1]},
{"frame":38,"values":[0.9936,-0.0568,-0.0972,0,0.0582,0.9982,0.0111,0,-0.0964,0.0167,-0.9952,0,6.5069,111.827,0.0764,1]},
{"frame":39,"values":[0.9935,-0.0567,-0.0989,0,0.0581,0.9983,0.0111,0,-0.0981,0.0167,-0.995,0,6.5097,111.8271,0.099,1]},
{"frame":40,"values":[0.9934,-0.0567,-0.0993,0,0.0582,0.9982,0.0113,0,-0.0985,0.017,-0.995,0,6.5099,111.8269,0.1234,1]},
{"frame":41,"values":[0.9934,-0.0569,-0.0992,0,0.0583,0.9982,0.0116,0,-0.0984,0.0173,-0.995,0,6.5088,111.8263,0.1486,1]},
{"frame":42,"values":[0.9934,-0.057,-0.0994,0,0.0585,0.9982,0.0119,0,-0.0986,0.0176,-0.995,0,6.5072,111.8256,0.1737,1]},
{"frame":43,"values":[0.9934,-0.0571,-0.0997,0,0.0586,0.9982,0.0121,0,-0.0988,0.0179,-0.9949,0,6.505,111.8248,0.199,1]},
{"frame":44,"values":[0.9934,-0.0571,-0.0998,0,0.0587,0.9982,0.0124,0,-0.0989,0.0182,-0.9949,0,6.5019,111.824,0.2246,1]},
{"frame":45,"values":[0.9934,-0.0572,-0.0998,0,0.0587,0.9982,0.0127,0,-0.0989,0.0185,-0.9949,0,6.498,111.8232,0.25,1]},
{"frame":46,"values":[0.9933,-0.0571,-0.1,0,0.0587,0.9982,0.0129,0,-0.0991,0.0186,-0.9949,0,6.4933,111.8228,0.2741,1]},
{"frame":47,"values":[0.9933,-0.0569,-0.1002,0,0.0585,0.9982,0.0129,0,-0.0993,0.0186,-0.9949,0,6.4878,111.8225,0.2974,1]},
{"frame":48,"values":[0.9934,-0.0571,-0.0997,0,0.0586,0.9982,0.013,0,-0.0988,0.0188,-0.9949,0,6.4818,111.8216,0.3209,1]},
{"frame":49,"values":[0.9935,-0.0575,-0.0986,0,0.0591,0.9982,0.0135,0,-0.0976,0.0193,-0.995,0,6.4756,111.8195,0.3454,1]},
{"frame":50,"values":[0.9935,-0.0579,-0.0976,0,0.0596,0.9981,0.0142,0,-0.0966,0.0199,-0.9951,0,6.4697,111.8165,0.3696,1]},
{"frame":51,"values":[0.9936,-0.0582,-0.0972,0,0.0599,0.9981,0.0145,0,-0.0962,0.0202,-0.9952,0,6.4644,111.8128,0.3915,1]},
{"frame":52,"values":[0.9936,-0.0583,-0.0972,0,0.06,0.9981,0.0146,0,-0.0962,0.0204,-0.9952,0,6.4591,111.8085,0.4117,1]},
{"frame":53,"values":[0.9936,-0.0583,-0.0972,0,0.06,0.9981,0.0148,0,-0.0961,0.0206,-0.9952,0,6.454,111.8037,0.4285,1]},
{"frame":54,"values":[0.9936,-0.0584,-0.0971,0,0.0601,0.9981,0.0151,0,-0.0961,0.0209,-0.9952,0,6.4492,111.799,0.4446,1]},
{"frame":55,"values":[0.9936,-0.0584,-0.0972,0,0.0601,0.9981,0.0153,0,-0.0961,0.0211,-0.9951,0,6.4447,111.7955,0.4573,1]},
{"frame":56,"values":[0.9936,-0.0582,-0.0973,0,0.06,0.9981,0.0154,0,-0.0962,0.0211,-0.9951,0,6.4399,111.7942,0.4616,1]},
{"frame":57,"values":[0.9935,-0.058,-0.0975,0,0.0597,0.9981,0.0153,0,-0.0965,0.021,-0.9951,0,6.4353,111.7956,0.4585,1]},
{"frame":58,"values":[0.9935,-0.0578,-0.0981,0,0.0596,0.9981,0.0152,0,-0.097,0.021,-0.9951,0,6.4316,111.7994,0.4515,1]},
{"frame":59,"values":[0.9935,-0.0577,-0.0986,0,0.0595,0.9981,0.0152,0,-0.0975,0.021,-0.995,0,6.4285,111.8043,0.4438,1]},
{"frame":60,"values":[0.9934,-0.0576,-0.099,0,0.0593,0.9981,0.0151,0,-0.098,0.0209,-0.995,0,6.4251,111.8095,0.4362,1]},
{"frame":61,"values":[0.9934,-0.0574,-0.0994,0,0.0591,0.9981,0.0149,0,-0.0984,0.0207,-0.9949,0,6.4214,111.8141,0.4273,1]},
{"frame":62,"values":[0.9934,-0.0571,-0.0998,0,0.0589,0.9982,0.0147,0,-0.0988,0.0205,-0.9949,0,6.4175,111.8168,0.4185,1]},
{"frame":63,"values":[0.9934,-0.0569,-0.1,0,0.0586,0.9982,0.0145,0,-0.099,0.0203,-0.9949,0,6.4135,111.8177,0.4103,1]},
{"frame":64,"values":[0.9934,-0.0568,-0.0998,0,0.0585,0.9982,0.0144,0,-0.0988,0.0201,-0.9949,0,6.4096,111.8174,0.3976,1]},
{"frame":65,"values":[0.9935,-0.0567,-0.0992,0,0.0584,0.9982,0.0143,0,-0.0982,0.02,-0.995,0,6.4004,111.8163,0.3795,1]},
{"frame":66,"values":[0.9935,-0.0565,-0.0989,0,0.0581,0.9982,0.0141,0,-0.0979,0.0198,-0.995,0,6.386,111.8148,0.3623,1]},
{"frame":67,"values":[0.9935,-0.0561,-0.099,0,0.0577,0.9982,0.0139,0,-0.098,0.0195,-0.995,0,6.3711,111.8135,0.3491,1]},
{"frame":68,"values":[0.9935,-0.0556,-0.0994,0,0.0572,0.9983,0.0137,0,-0.0985,0.0192,-0.995,0,6.3563,111.812,0.3379,1]},
{"frame":69,"values":[0.9935,-0.0552,-0.0999,0,0.0568,0.9983,0.0135,0,-0.099,0.0191,-0.9949,0,6.342,111.8099,0.3253,1]},
{"frame":70,"values":[0.9934,-0.0549,-0.1003,0,0.0566,0.9983,0.0134,0,-0.0993,0.019,-0.9949,0,6.328,111.8072,0.3087,1]},
{"frame":71,"values":[0.9935,-0.0548,-0.1002,0,0.0564,0.9983,0.0132,0,-0.0993,0.0187,-0.9949,0,6.313,111.8047,0.2894,1]},
{"frame":72,"values":[0.9935,-0.0547,-0.1001,0,0.0562,0.9983,0.0127,0,-0.0992,0.0182,-0.9949,0,6.2973,111.803,0.2724,1]},
{"frame":73,"values":[0.9935,-0.0545,-0.1001,0,0.0559,0.9984,0.0119,0,-0.0992,0.0174,-0.9949,0,6.2817,111.8018,0.2574,1]},
{"frame":74,"values":[0.9935,-0.0543,-0.0998,0,0.0557,0.9984,0.0109,0,-0.0991,0.0164,-0.9949,0,6.2661,111.8005,0.2313,1]},
{"frame":75,"values":[0.9936,-0.0542,-0.0992,0,0.0555,0.9984,0.0097,0,-0.0986,0.0151,-0.995,0,6.2502,111.7997,0.1833,1]},
{"frame":76,"values":[0.9936,-0.0541,-0.0987,0,0.0553,0.9984,0.0085,0,-0.0981,0.0139,-0.9951,0,6.2345,111.7997,0.1256,1]},
{"frame":77,"values":[0.9937,-0.0541,-0.0985,0,0.0552,0.9984,0.0078,0,-0.0979,0.0132,-0.9951,0,6.2203,111.7999,0.0792,1]},
{"frame":78,"values":[0.9937,-0.0544,-0.0981,0,0.0554,0.9984,0.0077,0,-0.0975,0.0131,-0.9951,0,6.2074,111.8012,0.0418,1]},
{"frame":79,"values":[0.9937,-0.0547,-0.0974,0,0.0557,0.9984,0.0079,0,-0.0968,0.0133,-0.9952,0,6.1942,111.8042,0.0055,1]},
{"frame":80,"values":[0.9938,-0.0547,-0.0968,0,0.0557,0.9984,0.0078,0,-0.0962,0.0131,-0.9953,0,6.1799,111.8087,-0.0269,1]},
{"frame":81,"values":[0.9938,-0.0546,-0.0964,0,0.0556,0.9984,0.0074,0,-0.0958,0.0127,-0.9953,0,6.1648,111.8136,-0.056,1]},
{"frame":82,"values":[0.9939,-0.0545,-0.0958,0,0.0554,0.9984,0.007,0,-0.0952,0.0122,-0.9954,0,6.1494,111.8184,-0.0828,1]},
{"frame":83,"values":[0.994,-0.0545,-0.0948,0,0.0554,0.9984,0.0068,0,-0.0943,0.0121,-0.9955,0,6.1334,111.8234,-0.1067,1]},
{"frame":84,"values":[0.9941,-0.0546,-0.0935,0,0.0554,0.9984,0.0069,0,-0.093,0.012,-0.9956,0,6.1165,111.8282,-0.1318,1]},
{"frame":85,"values":[0.9942,-0.0545,-0.0922,0,0.0554,0.9984,0.0068,0,-0.0917,0.0119,-0.9957,0,6.099,111.8323,-0.1589,1]},
{"frame":86,"values":[0.9944,-0.0545,-0.091,0,0.0553,0.9984,0.0065,0,-0.0905,0.0115,-0.9958,0,6.0812,111.8355,-0.1818,1]},
{"frame":87,"values":[0.9945,-0.0544,-0.09,0,0.0552,0.9985,0.006,0,-0.0895,0.011,-0.9959,0,6.0632,111.8382,-0.1996,1]},
{"frame":88,"values":[0.9946,-0.0543,-0.089,0,0.055,0.9985,0.0055,0,-0.0885,0.0104,-0.996,0,6.0455,111.841,-0.2174,1]},
{"frame":89,"values":[0.9946,-0.0542,-0.0883,0,0.0549,0.9985,0.0049,0,-0.0879,0.0097,-0.9961,0,6.0283,111.8437,-0.2361,1]},
{"frame":90,"values":[0.9947,-0.0541,-0.088,0,0.0547,0.9985,0.0043,0,-0.0876,0.009,-0.9961,0,6.012,111.8461,-0.252,1]},
{"frame":91,"values":[0.9947,-0.054,-0.0879,0,0.0545,0.9985,0.0036,0,-0.0875,0.0084,-0.9961,0,5.996,111.8482,-0.2667,1]},
{"frame":92,"values":[0.9947,-0.0537,-0.0875,0,0.0542,0.9985,0.0031,0,-0.0872,0.0079,-0.9962,0,5.98,111.8499,-0.2835,1]},
{"frame":93,"values":[0.9948,-0.0534,-0.0867,0,0.0539,0.9985,0.0029,0,-0.0864,0.0076,-0.9962,0,5.9548,111.8512,-0.3012,1]},
{"frame":94,"values":[0.9949,-0.053,-0.0855,0,0.0534,0.9986,0.0029,0,-0.0852,0.0075,-0.9963,0,5.9281,111.8519,-0.316,1]},
{"frame":95,"values":[0.9951,-0.0524,-0.084,0,0.0528,0.9986,0.0031,0,-0.0837,0.0075,-0.9965,0,5.8993,111.8524,-0.332,1]},
{"frame":96,"values":[0.9952,-0.0517,-0.0825,0,0.0521,0.9986,0.0033,0,-0.0822,0.0076,-0.9966,0,5.8638,111.853,-0.355,1]},
{"frame":97,"values":[0.9954,-0.0511,-0.0817,0,0.0515,0.9987,0.0034,0,-0.0814,0.0076,-0.9967,0,5.8198,111.8534,-0.38,1]},
{"frame":98,"values":[0.9954,-0.0505,-0.0817,0,0.051,0.9987,0.0034,0,-0.0815,0.0076,-0.9966,0,5.7674,111.8531,-0.4008,1]},
{"frame":99,"values":[0.9954,-0.05,-0.082,0,0.0504,0.9987,0.0034,0,-0.0817,0.0075,-0.9966,0,5.7056,111.8524,-0.4265,1]},
{"frame":100,"values":[0.9954,-0.0495,-0.0818,0,0.0499,0.9987,0.0033,0,-0.0815,0.0074,-0.9966,0,5.6361,111.8515,-0.4612,1]},
{"frame":101,"values":[0.9955,-0.0492,-0.0812,0,0.0497,0.9988,0.0035,0,-0.081,0.0075,-0.9967,0,5.5666,111.8503,-0.4905,1]},
{"frame":102,"values":[0.9955,-0.0492,-0.0809,0,0.0497,0.9988,0.0038,0,-0.0806,0.0078,-0.9967,0,5.5032,111.8487,-0.5057,1]},
{"frame":103,"values":[0.9955,-0.0492,-0.0808,0,0.0497,0.9988,0.0039,0,-0.0805,0.0079,-0.9967,0,5.4464,111.8476,-0.5167,1]},
{"frame":104,"values":[0.9955,-0.049,-0.0809,0,0.0494,0.9988,0.0038,0,-0.0806,0.0078,-0.9967,0,5.3959,111.8477,-0.5298,1]},
{"frame":105,"values":[0.9955,-0.0486,-0.0809,0,0.0491,0.9988,0.0037,0,-0.0807,0.0076,-0.9967,0,5.3523,111.8484,-0.5416,1]},
{"frame":106,"values":[0.9955,-0.0483,-0.0811,0,0.0488,0.9988,0.0036,0,-0.0808,0.0075,-0.9967,0,5.3199,111.8493,-0.5465,1]},
{"frame":107,"values":[0.9955,-0.0481,-0.0815,0,0.0485,0.9988,0.0035,0,-0.0812,0.0075,-0.9967,0,5.3028,111.8505,-0.543,1]},
{"frame":108,"values":[0.9955,-0.0478,-0.0821,0,0.0482,0.9988,0.0033,0,-0.0818,0.0072,-0.9966,0,5.3007,111.8524,-0.5365,1]},
{"frame":109,"values":[0.9955,-0.0473,-0.0826,0,0.0477,0.9989,0.003,0,-0.0824,0.0069,-0.9966,0,5.3044,111.855,-0.5298,1]},
{"frame":110,"values":[0.9955,-0.0469,-0.0829,0,0.0473,0.9989,0.0028,0,-0.0827,0.0067,-0.9966,0,5.3104,111.8587,-0.5179,1]},
{"frame":111,"values":[0.9955,-0.0466,-0.0829,0,0.047,0.9989,0.0028,0,-0.0827,0.0067,-0.9966,0,5.3192,111.8631,-0.4997,1]},
{"frame":112,"values":[0.9955,-0.0464,-0.0826,0,0.0468,0.9989,0.0029,0,-0.0823,0.0068,-0.9966,0,5.3306,111.8668,-0.4782,1]},
{"frame":113,"values":[0.9955,-0.0462,-0.0822,0,0.0466,0.9989,0.0031,0,-0.0819,0.0069,-0.9966,0,5.3445,111.8691,-0.454,1]},
{"frame":114,"values":[0.9956,-0.0461,-0.0817,0,0.0465,0.9989,0.0033,0,-0.0814,0.0071,-0.9967,0,5.361,111.8708,-0.43,1]},
{"frame":115,"values":[0.9956,-0.046,-0.0814,0,0.0465,0.9989,0.0036,0,-0.0811,0.0074,-0.9967,0,5.38,111.8714,-0.4067,1]},
{"frame":116,"values":[0.9956,-0.0463,-0.0814,0,0.0468,0.9989,0.0039,0,-0.0811,0.0077,-0.9967,0,5.402,111.8712,-0.3798,1]},
{"frame":117,"values":[0.9956,-0.0467,-0.0815,0,0.0472,0.9989,0.0042,0,-0.0812,0.008,-0.9967,0,5.4263,111.8707,-0.3512,1]},
{"frame":118,"values":[0.9955,-0.0471,-0.0817,0,0.0476,0.9989,0.0044,0,-0.0814,0.0083,-0.9966,0,5.4528,111.8702,-0.3225,1]},
{"frame":119,"values":[0.9955,-0.0473,-0.0823,0,0.0479,0.9988,0.0047,0,-0.0819,0.0086,-0.9966,0,5.4814,111.8699,-0.2886,1]},
{"frame":120,"values":[0.9954,-0.0474,-0.0828,0,0.048,0.9988,0.0049,0,-0.0825,0.0089,-0.9966,0,5.5112,111.8696,-0.2481,1]},
{"frame":121,"values":[0.9954,-0.0475,-0.0829,0,0.0482,0.9988,0.0054,0,-0.0825,0.0093,-0.9965,0,5.5415,111.869,-0.2025,1]},
{"frame":122,"values":[0.9955,-0.0477,-0.0824,0,0.0484,0.9988,0.0059,0,-0.082,0.0099,-0.9966,0,5.572,111.8682,-0.1539,1]},
{"frame":123,"values":[0.9955,-0.0479,-0.0819,0,0.0486,0.9988,0.0065,0,-0.0815,0.0104,-0.9966,0,5.6028,111.8675,-0.1096,1]},
{"frame":124,"values":[0.9955,-0.0478,-0.0818,0,0.0486,0.9988,0.0069,0,-0.0813,0.0108,-0.9966,0,5.6335,111.8669,-0.0756,1]},
{"frame":125,"values":[0.9955,-0.0477,-0.0818,0,0.0484,0.9988,0.0072,0,-0.0814,0.0111,-0.9966,0,5.6635,111.8665,-0.0491,1]},
{"frame":126,"values":[0.9955,-0.0476,-0.0814,0,0.0483,0.9988,0.0075,0,-0.0809,0.0114,-0.9967,0,5.6917,111.866,-0.0262,1]},
{"frame":127,"values":[0.9956,-0.0474,-0.0805,0,0.0482,0.9988,0.0078,0,-0.08,0.0117,-0.9967,0,5.7181,111.8655,-0.0069,1]},
{"frame":128,"values":[0.9957,-0.0473,-0.0795,0,0.0481,0.9988,0.0081,0,-0.079,0.0119,-0.9968,0,5.7433,111.865,0.0086,1]},
{"frame":129,"values":[0.9958,-0.0473,-0.0787,0,0.0481,0.9988,0.0084,0,-0.0782,0.0121,-0.9969,0,5.7674,111.8643,0.0208,1]},
{"frame":130,"values":[0.9958,-0.0473,-0.078,0,0.0481,0.9988,0.0087,0,-0.0775,0.0124,-0.9969,0,5.7902,111.8632,0.0285,1]},
{"frame":131,"values":[0.9959,-0.0474,-0.0775,0,0.0482,0.9988,0.009,0,-0.0769,0.0127,-0.997,0,5.8117,111.8619,0.0321,1]},
{"frame":132,"values":[0.9959,-0.0474,-0.0772,0,0.0483,0.9988,0.0094,0,-0.0767,0.0131,-0.997,0,5.8319,111.8605,0.035,1]},
{"frame":133,"values":[0.9959,-0.0474,-0.0772,0,0.0483,0.9988,0.0097,0,-0.0767,0.0134,-0.997,0,5.8509,111.8589,0.0396,1]},
{"frame":134,"values":[0.9959,-0.0474,-0.0773,0,0.0483,0.9988,0.01,0,-0.0767,0.0136,-0.997,0,5.8684,111.8574,0.0452,1]},
{"frame":135,"values":[0.9959,-0.0473,-0.0775,0,0.0482,0.9988,0.01,0,-0.0769,0.0136,-0.9969,0,5.8841,111.8562,0.0503,1]},
{"frame":136,"values":[0.9958,-0.0472,-0.0779,0,0.0481,0.9988,0.0097,0,-0.0774,0.0134,-0.9969,0,5.8985,111.8551,0.0542,1]},
{"frame":137,"values":[0.9958,-0.0472,-0.0786,0,0.0481,0.9988,0.0094,0,-0.078,0.0132,-0.9969,0,5.9117,111.8538,0.0556,1]},
{"frame":138,"values":[0.9957,-0.0473,-0.0792,0,0.0482,0.9988,0.0093,0,-0.0787,0.0131,-0.9968,0,5.9233,111.852,0.0516,1]},
{"frame":139,"values":[0.9957,-0.0474,-0.0797,0,0.0483,0.9988,0.0092,0,-0.0791,0.0131,-0.9968,0,5.933,111.8497,0.0412,1]},
{"frame":140,"values":[0.9957,-0.0476,-0.08,0,0.0485,0.9988,0.0092,0,-0.0795,0.0131,-0.9967,0,5.9406,111.8474,0.0264,1]},
{"frame":141,"values":[0.9956,-0.0477,-0.0804,0,0.0486,0.9988,0.0093,0,-0.0799,0.0131,-0.9967,0,5.9465,111.8449,0.0098,1]},
{"frame":142,"values":[0.9956,-0.0478,-0.0809,0,0.0487,0.9988,0.0094,0,-0.0803,0.0133,-0.9967,0,5.9514,111.8421,-0.0063,1]},
{"frame":143,"values":[0.9955,-0.048,-0.0813,0,0.049,0.9988,0.0096,0,-0.0808,0.0135,-0.9966,0,5.9557,111.8392,-0.0178,1]},
{"frame":144,"values":[0.9955,-0.0482,-0.0818,0,0.0492,0.9987,0.0097,0,-0.0813,0.0137,-0.9966,0,5.9591,111.8366,-0.023,1]},
{"frame":145,"values":[0.9955,-0.0482,-0.0821,0,0.0491,0.9987,0.0096,0,-0.0815,0.0136,-0.9966,0,5.9611,111.8348,-0.0261,1]}],"loopBehavior":1,"name":"anim","property":"_matrix"}},
{"name":"Spine","index":1,"matrix":[0.9995,0.0284,-0.0122,0,-0.0282,0.9994,0.0214,0,0.0128,-0.021,0.9997,0,0,7.2445,0.6334,1],"rest":[1,0,0,0,0,1,0,0,0,0,1,0,0,7.2445,0.6334,1],"parentBoneIndex":0,"length":7.4267
,"animation":{"dataType":3,"framePerSecond":24,"keys":[
{"frame":1,"values":[0.9995,0.0285,-0.0122,0,-0.0282,0.9994,0.0214,0,0.0128,-0.021,0.9997,0,0,7.2445,0.6334,1]},
{"frame":2,"values":[0.9995,0.0284,-0.0123,0,-0.0282,0.9994,0.0214,0,0.0129,-0.021,0.9997,0,0,7.2445,0.6334,1]},
{"frame":4,"values":[0.9995,0.0284,-0.0123,0,-0.0282,0.9994,0.0213,0,0.0129,-0.021,0.9997,0,0,7.2445,0.6334,1]},
{"frame":5,"values":[0.9995,0.0284,-0.0123,0,-0.0281,0.9994,0.0212,0,0.0128,-0.0209,0.9997,0,0,7.2445,0.6334,1]},
{"frame":6,"values":[0.9995,0.0284,-0.0122,0,-0.0281,0.9994,0.0211,0,0.0128,-0.0208,0.9997,0,0,7.2445,0.6334,1]},
{"frame":7,"values":[0.9995,0.0284,-0.0122,0,-0.0281,0.9994,0.021,0,0.0128,-0.0206,0.9997,0,0,7.2445,0.6334,1]},
{"frame":8,"values":[0.9995,0.0283,-0.0122,0,-0.0281,0.9994,0.0209,0,0.0128,-0.0205,0.9997,0,0,7.2445,0.6334,1]},
{"frame":9,"values":[0.9995,0.0283,-0.0121,0,-0.0281,0.9994,0.0207,0,0.0127,-0.0203,0.9997,0,0,7.2445,0.6334,1]},
{"frame":10,"values":[0.9995,0.0284,-0.012,0,-0.0281,0.9994,0.0205,0,0.0126,-0.0202,0.9997,0,0,7.2445,0.6334,1]},
{"frame":11,"values":[0.9995,0.0284,-0.0119,0,-0.0281,0.9994,0.0203,0,0.0125,-0.02,0.9997,0,0,7.2445,0.6334,1]},
{"frame":12,"values":[0.9995,0.0284,-0.0117,0,-0.0281,0.9994,0.0201,0,0.0123,-0.0198,0.9997,0,0,7.2445,0.6334,1]},
{"frame":13,"values":[0.9995,0.0284,-0.0115,0,-0.0282,0.9994,0.0199,0,0.0121,-0.0196,0.9997,0,0,7.2445,0.6334,1]},
{"frame":14,"values":[0.9995,0.0284,-0.0113,0,-0.0282,0.9994,0.0197,0,0.0119,-0.0194,0.9997,0,0,7.2445,0.6334,1]},
{"frame":15,"values":[0.9995,0.0284,-0.0111,0,-0.0282,0.9994,0.0194,0,0.0117,-0.0191,0.9997,0,0,7.2445,0.6334,1]},
{"frame":16,"values":[0.9995,0.0284,-0.0109,0,-0.0282,0.9994,0.0192,0,0.0114,-0.0189,0.9998,0,0,7.2445,0.6334,1]},
{"frame":17,"values":[0.9995,0.0284,-0.0107,0,-0.0282,0.9994,0.019,0,0.0112,-0.0187,0.9998,0,0,7.2445,0.6334,1]},
{"frame":18,"values":[0.9995,0.0284,-0.0105,0,-0.0282,0.9994,0.0188,0,0.011,-0.0185,0.9998,0,0,7.2445,0.6334,1]},
{"frame":19,"values":[0.9995,0.0285,-0.0103,0,-0.0283,0.9994,0.0187,0,0.0109,-0.0184,0.9998,0,0,7.2445,0.6334,1]},
{"frame":20,"values":[0.9995,0.0286,-0.0102,0,-0.0284,0.9994,0.0186,0,0.0107,-0.0183,0.9998,0,0,7.2445,0.6334,1]},
{"frame":21,"values":[0.9995,0.0288,-0.0099,0,-0.0286,0.9994,0.0184,0,0.0104,-0.0182,0.9998,0,0,7.2445,0.6334,1]},
{"frame":22,"values":[0.9995,0.0289,-0.0096,0,-0.0288,0.9994,0.0183,0,0.0101,-0.0181,0.9998,0,0,7.2445,0.6334,1]},
{"frame":23,"values":[0.9995,0.0291,-0.0092,0,-0.0289,0.9994,0.0183,0,0.0097,-0.018,0.9998,0,0,7.2445,0.6334,1]},
{"frame":24,"values":[0.9995,0.0293,-0.0089,0,-0.0291,0.9994,0.0183,0,0.0094,-0.018,0.9998,0,0,7.2445,0.6334,1]},
{"frame":25,"values":[0.9995,0.0294,-0.0086,0,-0.0292,0.9994,0.0183,0,0.0091,-0.018,0.9998,0,0,7.2446,0.6334,1]},
{"frame":26,"values":[0.9995,0.0296,-0.0084,0,-0.0294,0.9994,0.0182,0,0.0089,-0.018,0.9998,0,0,7.2445,0.6334,1]},
{"frame":27,"values":[0.9995,0.0298,-0.0081,0,-0.0296,0.9994,0.0182,0,0.0087,-0.018,0.9998,0,0,7.2445,0.6334,1]},
{"frame":28,"values":[0.9995,0.03,-0.0079,0,-0.0298,0.9994,0.0182,0,0.0084,-0.018,0.9998,0,0,7.2445,0.6334,1]},
{"frame":29,"values":[0.9995,0.0302,-0.0076,0,-0.03,0.9994,0.0182,0,0.0081,-0.018,0.9998,0,0,7.2446,0.6334,1]},
{"frame":30,"values":[0.9995,0.0303,-0.0073,0,-0.0302,0.9994,0.0183,0,0.0079,-0.018,0.9998,0,0,7.2445,0.6334,1]},
{"frame":31,"values":[0.9995,0.0304,-0.007,0,-0.0303,0.9994,0.0183,0,0.0076,-0.018,0.9998,0,0,7.2445,0.6334,1]},
{"frame":32,"values":[0.9995,0.0304,-0.0068,0,-0.0303,0.9994,0.0183,0,0.0074,-0.018,0.9998,0,0,7.2445,0.6334,1]},
{"frame":33,"values":[0.9995,0.0305,-0.0066,0,-0.0304,0.9994,0.0182,0,0.0072,-0.018,0.9998,0,0,7.2445,0.6334,1]},
{"frame":34,"values":[0.9995,0.0305,-0.0065,0,-0.0304,0.9994,0.0182,0,0.0071,-0.018,0.9998,0,0,7.2445,0.6334,1]},
{"frame":35,"values":[0.9995,0.0305,-0.0065,0,-0.0304,0.9994,0.0182,0,0.007,-0.018,0.9998,0,0,7.2445,0.6334,1]},
{"frame":36,"values":[0.9995,0.0304,-0.0064,0,-0.0303,0.9994,0.0182,0,0.007,-0.018,0.9998,0,0,7.2445,0.6334,1]},
{"frame":37,"values":[0.9995,0.0304,-0.0065,0,-0.0302,0.9994,0.0182,0,0.007,-0.018,0.9998,0,0,7.2445,0.6334,1]},
{"frame":38,"values":[0.9995,0.0303,-0.0065,0,-0.0302,0.9994,0.0183,0,0.0071,-0.0181,0.9998,0,0,7.2445,0.6334,1]},
{"frame":39,"values":[0.9995,0.0302,-0.0066,0,-0.0301,0.9994,0.0185,0,0.0071,-0.0183,0.9998,0,0,7.2445,0.6334,1]},
{"frame":40,"values":[0.9995,0.0302,-0.0065,0,-0.0301,0.9994,0.0187,0,0.0071,-0.0185,0.9998,0,0,7.2445,0.6334,1]},
{"frame":41,"values":[0.9995,0.0302,-0.0064,0,-0.0301,0.9994,0.0189,0,0.007,-0.0187,0.9998,0,0,7.2445,0.6334,1]},
{"frame":42,"values":[0.9995,0.0302,-0.0064,0,-0.03,0.9994,0.0191,0,0.007,-0.0189,0.9998,0,0,7.2445,0.6334,1]},
{"frame":43,"values":[0.9995,0.0301,-0.0064,0,-0.03,0.9994,0.0192,0,0.007,-0.019,0.9998,0,0,7.2445,0.6334,1]},
{"frame":44,"values":[0.9995,0.0301,-0.0064,0,-0.03,0.9994,0.0194,0,0.007,-0.0192,0.9998,0,0,7.2445,0.6334,1]},
{"frame":45,"values":[0.9995,0.03,-0.0064,0,-0.0299,0.9994,0.0196,0,0.007,-0.0194,0.9998,0,0,7.2445,0.6334,1]},
{"frame":46,"values":[0.9995,0.03,-0.0064,0,-0.0298,0.9994,0.0198,0,0.007,-0.0196,0.9998,0,0,7.2445,0.6334,1]},
{"frame":47,"values":[0.9995,0.0299,-0.0065,0,-0.0297,0.9994,0.0199,0,0.0071,-0.0197,0.9998,0,0,7.2445,0.6334,1]},
{"frame":48,"values":[0.9995,0.0298,-0.0065,0,-0.0297,0.9994,0.02,0,0.0071,-0.0198,0.9998,0,0,7.2445,0.6334,1]},
{"frame":49,"values":[0.9995,0.0299,-0.0065,0,-0.0297,0.9994,0.0202,0,0.0071,-0.02,0.9998,0,0,7.2445,0.6334,1]},
{"frame":50,"values":[0.9995,0.0299,-0.0064,0,-0.0298,0.9993,0.0204,0,0.007,-0.0202,0.9998,0,0,7.2445,0.6334,1]},
{"frame":51,"values":[0.9995,0.03,-0.0065,0,-0.0298,0.9993,0.0206,0,0.0071,-0.0203,0.9998,0,0,7.2445,0.6334,1]},
{"frame":52,"values":[0.9995,0.03,-0.0065,0,-0.0298,0.9993,0.0207,0,0.0072,-0.0205,0.9998,0,0,7.2445,0.6334,1]},
{"frame":53,"values":[0.9995,0.03,-0.0066,0,-0.0298,0.9993,0.0208,0,0.0072,-0.0206,0.9998,0,0,7.2445,0.6334,1]},
{"frame":54,"values":[0.9995,0.03,-0.0066,0,-0.0299,0.9993,0.0209,0,0.0072,-0.0207,0.9998,0,0,7.2445,0.6334,1]},
{"frame":55,"values":[0.9995,0.03,-0.0066,0,-0.0299,0.9993,0.021,0,0.0072,-0.0208,0.9998,0,0,7.2445,0.6334,1]},
{"frame":56,"values":[0.9995,0.03,-0.0066,0,-0.0299,0.9993,0.0211,0,0.0073,-0.0209,0.9998,0,0,7.2445,0.6334,1]},
{"frame":57,"values":[0.9995,0.03,-0.0067,0,-0.0298,0.9993,0.0212,0,0.0073,-0.021,0.9998,0,0,7.2445,0.6334,1]},
{"frame":58,"values":[0.9995,0.03,-0.0068,0,-0.0298,0.9993,0.0213,0,0.0074,-0.0211,0.9997,0,0,7.2445,0.6334,1]},
{"frame":59,"values":[0.9995,0.03,-0.0068,0,-0.0298,0.9993,0.0214,0,0.0075,-0.0212,0.9997,0,0,7.2445,0.6334,1]},
{"frame":60,"values":[0.9995,0.03,-0.0069,0,-0.0299,0.9993,0.0215,0,0.0075,-0.0213,0.9997,0,0,7.2445,0.6334,1]},
{"frame":61,"values":[0.9995,0.03,-0.0069,0,-0.0298,0.9993,0.0216,0,0.0076,-0.0214,0.9997,0,0,7.2445,0.6334,1]},
{"frame":62,"values":[0.9995,0.03,-0.007,0,-0.0298,0.9993,0.0216,0,0.0077,-0.0214,0.9997,0,0,7.2445,0.6334,1]},
{"frame":63,"values":[0.9995,0.0299,-0.0071,0,-0.0298,0.9993,0.0216,0,0.0078,-0.0214,0.9997,0,0,7.2445,0.6334,1]},
{"frame":64,"values":[0.9995,0.0299,-0.0071,0,-0.0298,0.9993,0.0217,0,0.0078,-0.0215,0.9997,0,0,7.2445,0.6334,1]},
{"frame":65,"values":[0.9995,0.03,-0.0072,0,-0.0298,0.9993,0.0217,0,0.0078,-0.0215,0.9997,0,0,7.2445,0.6334,1]},
{"frame":66,"values":[0.9995,0.0299,-0.0072,0,-0.0298,0.9993,0.0217,0,0.0079,-0.0215,0.9997,0,0,7.2445,0.6334,1]},
{"frame":67,"values":[0.9995,0.0298,-0.0074,0,-0.0297,0.9993,0.0217,0,0.008,-0.0215,0.9997,0,0,7.2445,0.6334,1]},
{"frame":68,"values":[0.9995,0.0297,-0.0075,0,-0.0296,0.9993,0.0217,0,0.0082,-0.0214,0.9997,0,0,7.2445,0.6334,1]},
{"frame":69,"values":[0.9995,0.0296,-0.0077,0,-0.0295,0.9993,0.0217,0,0.0083,-0.0214,0.9997,0,0,7.2445,0.6334,1]},
{"frame":70,"values":[0.9995,0.0296,-0.0079,0,-0.0294,0.9993,0.0217,0,0.0085,-0.0215,0.9997,0,0,7.2445,0.6334,1]},
{"frame":71,"values":[0.9995,0.0295,-0.008,0,-0.0293,0.9993,0.0217,0,0.0087,-0.0215,0.9997,0,0,7.2445,0.6334,1]},
{"frame":72,"values":[0.9995,0.0295,-0.0082,0,-0.0293,0.9993,0.0217,0,0.0088,-0.0215,0.9997,0,0,7.2445,0.6334,1]},
{"frame":73,"values":[0.9995,0.0294,-0.0083,0,-0.0292,0.9993,0.0217,0,0.0089,-0.0214,0.9997,0,0,7.2445,0.6334,1]},
{"frame":74,"values":[0.9995,0.0293,-0.0084,0,-0.0291,0.9993,0.0216,0,0.009,-0.0214,0.9997,0,0,7.2445,0.6334,1]},
{"frame":75,"values":[0.9995,0.0293,-0.0084,0,-0.0291,0.9993,0.0215,0,0.009,-0.0213,0.9997,0,0,7.2445,0.6334,1]},
{"frame":76,"values":[0.9995,0.0293,-0.0084,0,-0.0291,0.9993,0.0214,0,0.0091,-0.0211,0.9997,0,0,7.2445,0.6334,1]},
{"frame":77,"values":[0.9995,0.0293,-0.0085,0,-0.0291,0.9994,0.0213,0,0.0091,-0.021,0.9997,0,0,7.2445,0.6334,1]},
{"frame":78,"values":[0.9995,0.0294,-0.0085,0,-0.0292,0.9993,0.0212,0,0.0091,-0.021,0.9997,0,0,7.2445,0.6334,1]},
{"frame":79,"values":[0.9995,0.0295,-0.0085,0,-0.0293,0.9993,0.0212,0,0.0091,-0.0209,0.9997,0,0,7.2445,0.6334,1]},
{"frame":80,"values":[0.9995,0.0296,-0.0085,0,-0.0294,0.9993,0.0211,0,0.0091,-0.0208,0.9997,0,0,7.2445,0.6334,1]},
{"frame":81,"values":[0.9995,0.0296,-0.0085,0,-0.0295,0.9993,0.0209,0,0.0091,-0.0206,0.9997,0,0,7.2445,0.6334,1]},
{"frame":82,"values":[0.9995,0.0297,-0.0086,0,-0.0295,0.9994,0.0207,0,0.0092,-0.0204,0.9997,0,0,7.2445,0.6334,1]},
{"frame":83,"values":[0.9995,0.0297,-0.0087,0,-0.0295,0.9994,0.0205,0,0.0093,-0.0202,0.9998,0,0,7.2445,0.6334,1]},
{"frame":84,"values":[0.9995,0.0298,-0.0087,0,-0.0296,0.9994,0.0204,0,0.0093,-0.0201,0.9998,0,0,7.2445,0.6334,1]},
{"frame":85,"values":[0.9995,0.0298,-0.0088,0,-0.0296,0.9994,0.0202,0,0.0094,-0.0199,0.9998,0,0,7.2445,0.6334,1]},
{"frame":86,"values":[0.9995,0.0298,-0.009,0,-0.0296,0.9994,0.02,0,0.0096,-0.0197,0.9998,0,0,7.2445,0.6334,1]},
{"frame":87,"values":[0.9995,0.0298,-0.0091,0,-0.0296,0.9994,0.0198,0,0.0097,-0.0195,0.9998,0,0,7.2445,0.6334,1]},
{"frame":88,"values":[0.9995,0.0297,-0.0092,0,-0.0296,0.9994,0.0196,0,0.0098,-0.0193,0.9998,0,0,7.2445,0.6334,1]},
{"frame":89,"values":[0.9995,0.0297,-0.0094,0,-0.0295,0.9994,0.0194,0,0.0099,-0.0191,0.9998,0,0,7.2445,0.6334,1]},
