{"producer":{"name":"Blender","version":"2.90.0","exporter_version":"2.80.1","file":"peasantman.babylon"},
"autoClear":true,"clearColor":[0.0509,0.0509,0.0509],"gravity":[0,-9.81,0],
"materials":[{"name":"body","id":"body","customType":"BABYLON.PBRMaterial","backFaceCulling":true,"checkReadyOnlyOnce":false,"maxSimultaneousLights":4,"environmentIntensity":1,"roughness":0.7488,"alpha":1,"transparencyMode":0,"alphaCutOff":0.4,"metallic":0.5, 
"albedoTexture":{"name":"Peasant_Man_diffuse.jpg","level":1,"hasAlpha":false,"coordinatesMode":0,"uOffset":0,"vOffset":0,"uScale":1,"vScale":1,"uAng":0,"vAng":0,"wAng":0,"wrapU":1,"wrapV":1,"coordinatesIndex":0},"useAlphaFromAlbedoTexture":false, 
"reflectivityTexture":{"name":"Peasant_Man_specular.jpg","level":1,"hasAlpha":false,"coordinatesMode":0,"uOffset":0,"vOffset":0,"uScale":1,"vScale":1,"uAng":0,"vAng":0,"wAng":0,"wrapU":1,"wrapV":1,"coordinatesIndex":0}, 
"bumpTexture":{"name":"Peasant_Man_normal.jpg","level":1,"hasAlpha":false,"coordinatesMode":0,"uOffset":0,"vOffset":0,"uScale":1,"vScale":1,"uAng":0,"vAng":0,"wAng":0,"wrapU":1,"wrapV":1,"coordinatesIndex":0}},
{"name":"shoes","id":"shoes","customType":"BABYLON.PBRMaterial","backFaceCulling":true,"checkReadyOnlyOnce":false,"maxSimultaneousLights":4,"environmentIntensity":1,"roughness":0.7488,"alpha":1,"transparencyMode":0,"alphaCutOff":0.4,"metallic":0.5, 
"albedoTexture":{"name":"Peasant_Man_diffuse.jpg","level":1,"hasAlpha":false,"coordinatesMode":0,"uOffset":0,"vOffset":0,"uScale":1,"vScale":1,"uAng":0,"vAng":0,"wAng":0,"wrapU":1,"wrapV":1,"coordinatesIndex":0},"useAlphaFromAlbedoTexture":false, 
"reflectivityTexture":{"name":"Peasant_Man_specular.jpg","level":1,"hasAlpha":false,"coordinatesMode":0,"uOffset":0,"vOffset":0,"uScale":1,"vScale":1,"uAng":0,"vAng":0,"wAng":0,"wrapU":1,"wrapV":1,"coordinatesIndex":0}, 
"bumpTexture":{"name":"Peasant_Man_normal.jpg","level":1,"hasAlpha":false,"coordinatesMode":0,"uOffset":0,"vOffset":0,"uScale":1,"vScale":1,"uAng":0,"vAng":0,"wAng":0,"wrapU":1,"wrapV":1,"coordinatesIndex":0}},
{"name":"bottoms","id":"bottoms","customType":"BABYLON.PBRMaterial","backFaceCulling":true,"checkReadyOnlyOnce":false,"maxSimultaneousLights":4,"environmentIntensity":1,"roughness":0.7488,"alpha":1,"transparencyMode":0,"alphaCutOff":0.4,"metallic":0.5, 
"albedoTexture":{"name":"Peasant_Man_diffuse.jpg","level":1,"hasAlpha":false,"coordinatesMode":0,"uOffset":0,"vOffset":0,"uScale":1,"vScale":1,"uAng":0,"vAng":0,"wAng":0,"wrapU":1,"wrapV":1,"coordinatesIndex":0},"useAlphaFromAlbedoTexture":false, 
"reflectivityTexture":{"name":"Peasant_Man_specular.jpg","level":1,"hasAlpha":false,"coordinatesMode":0,"uOffset":0,"vOffset":0,"uScale":1,"vScale":1,"uAng":0,"vAng":0,"wAng":0,"wrapU":1,"wrapV":1,"coordinatesIndex":0}, 
"bumpTexture":{"name":"Peasant_Man_normal.jpg","level":1,"hasAlpha":false,"coordinatesMode":0,"uOffset":0,"vOffset":0,"uScale":1,"vScale":1,"uAng":0,"vAng":0,"wAng":0,"wrapU":1,"wrapV":1,"coordinatesIndex":0}},
{"name":"belt","id":"belt","customType":"BABYLON.PBRMaterial","backFaceCulling":true,"checkReadyOnlyOnce":false,"maxSimultaneousLights":4,"environmentIntensity":1,"roughness":0.7488,"alpha":1,"transparencyMode":0,"alphaCutOff":0.4,"metallic":0.5, 
"albedoTexture":{"name":"Peasant_Man_diffuse.jpg","level":1,"hasAlpha":false,"coordinatesMode":0,"uOffset":0,"vOffset":0,"uScale":1,"vScale":1,"uAng":0,"vAng":0,"wAng":0,"wrapU":1,"wrapV":1,"coordinatesIndex":0},"useAlphaFromAlbedoTexture":false, 
"reflectivityTexture":{"name":"Peasant_Man_specular.jpg","level":1,"hasAlpha":false,"coordinatesMode":0,"uOffset":0,"vOffset":0,"uScale":1,"vScale":1,"uAng":0,"vAng":0,"wAng":0,"wrapU":1,"wrapV":1,"coordinatesIndex":0}, 
"bumpTexture":{"name":"Peasant_Man_normal.jpg","level":1,"hasAlpha":false,"coordinatesMode":0,"uOffset":0,"vOffset":0,"uScale":1,"vScale":1,"uAng":0,"vAng":0,"wAng":0,"wrapU":1,"wrapV":1,"coordinatesIndex":0}},
{"name":"tops","id":"tops","customType":"BABYLON.PBRMaterial","backFaceCulling":true,"checkReadyOnlyOnce":false,"maxSimultaneousLights":4,"environmentIntensity":1,"roughness":0.7488,"alpha":1,"transparencyMode":0,"alphaCutOff":0.4,"metallic":0.5, 
"albedoTexture":{"name":"Peasant_Man_diffuse.jpg","level":1,"hasAlpha":false,"coordinatesMode":0,"uOffset":0,"vOffset":0,"uScale":1,"vScale":1,"uAng":0,"vAng":0,"wAng":0,"wrapU":1,"wrapV":1,"coordinatesIndex":0},"useAlphaFromAlbedoTexture":false, 
"reflectivityTexture":{"name":"Peasant_Man_specular.jpg","level":1,"hasAlpha":false,"coordinatesMode":0,"uOffset":0,"vOffset":0,"uScale":1,"vScale":1,"uAng":0,"vAng":0,"wAng":0,"wrapU":1,"wrapV":1,"coordinatesIndex":0}, 
"bumpTexture":{"name":"Peasant_Man_normal.jpg","level":1,"hasAlpha":false,"coordinatesMode":0,"uOffset":0,"vOffset":0,"uScale":1,"vScale":1,"uAng":0,"vAng":0,"wAng":0,"wrapU":1,"wrapV":1,"coordinatesIndex":0}},
{"name":"beard","id":"beard","customType":"BABYLON.PBRMaterial","backFaceCulling":true,"checkReadyOnlyOnce":false,"maxSimultaneousLights":4,"environmentIntensity":1,"roughness":0.7488,"alpha":1,"transparencyMode":0,"alphaCutOff":0.4,"metallic":0.5, 
"albedoTexture":{"name":"Peasant_Man_diffuse.jpg","level":1,"hasAlpha":false,"coordinatesMode":0,"uOffset":0,"vOffset":0,"uScale":1,"vScale":1,"uAng":0,"vAng":0,"wAng":0,"wrapU":1,"wrapV":1,"coordinatesIndex":0},"useAlphaFromAlbedoTexture":false, 
"reflectivityTexture":{"name":"Peasant_Man_specular.jpg","level":1,"hasAlpha":false,"coordinatesMode":0,"uOffset":0,"vOffset":0,"uScale":1,"vScale":1,"uAng":0,"vAng":0,"wAng":0,"wrapU":1,"wrapV":1,"coordinatesIndex":0}, 
"bumpTexture":{"name":"Peasant_Man_normal.jpg","level":1,"hasAlpha":false,"coordinatesMode":0,"uOffset":0,"vOffset":0,"uScale":1,"vScale":1,"uAng":0,"vAng":0,"wAng":0,"wrapU":1,"wrapV":1,"coordinatesIndex":0}},
{"name":"armor","id":"armor","customType":"BABYLON.PBRMaterial","backFaceCulling":true,"checkReadyOnlyOnce":false,"maxSimultaneousLights":4,"environmentIntensity":1,"roughness":0.7488,"alpha":1,"transparencyMode":0,"alphaCutOff":0.4,"metallic":0.5, 
"albedoTexture":{"name":"Peasant_Man_diffuse.jpg","level":1,"hasAlpha":false,"coordinatesMode":0,"uOffset":0,"vOffset":0,"uScale":1,"vScale":1,"uAng":0,"vAng":0,"wAng":0,"wrapU":1,"wrapV":1,"coordinatesIndex":0},"useAlphaFromAlbedoTexture":false, 
"reflectivityTexture":{"name":"Peasant_Man_specular.jpg","level":1,"hasAlpha":false,"coordinatesMode":0,"uOffset":0,"vOffset":0,"uScale":1,"vScale":1,"uAng":0,"vAng":0,"wAng":0,"wrapU":1,"wrapV":1,"coordinatesIndex":0}, 
"bumpTexture":{"name":"Peasant_Man_normal.jpg","level":1,"hasAlpha":false,"coordinatesMode":0,"uOffset":0,"vOffset":0,"uScale":1,"vScale":1,"uAng":0,"vAng":0,"wAng":0,"wrapU":1,"wrapV":1,"coordinatesIndex":0}},
{"name":"eyes","id":"eyes","customType":"BABYLON.PBRMaterial","backFaceCulling":true,"checkReadyOnlyOnce":false,"maxSimultaneousLights":4,"environmentIntensity":1,"roughness":0.7488,"alpha":1,"transparencyMode":0,"alphaCutOff":0.4,"metallic":0.5, 
"albedoTexture":{"name":"Peasant_Man_diffuse.jpg","level":1,"hasAlpha":false,"coordinatesMode":0,"uOffset":0,"vOffset":0,"uScale":1,"vScale":1,"uAng":0,"vAng":0,"wAng":0,"wrapU":1,"wrapV":1,"coordinatesIndex":0},"useAlphaFromAlbedoTexture":false, 
"reflectivityTexture":{"name":"Peasant_Man_specular.jpg","level":1,"hasAlpha":false,"coordinatesMode":0,"uOffset":0,"vOffset":0,"uScale":1,"vScale":1,"uAng":0,"vAng":0,"wAng":0,"wrapU":1,"wrapV":1,"coordinatesIndex":0}, 
"bumpTexture":{"name":"Peasant_Man_normal.jpg","level":1,"hasAlpha":false,"coordinatesMode":0,"uOffset":0,"vOffset":0,"uScale":1,"vScale":1,"uAng":0,"vAng":0,"wAng":0,"wrapU":1,"wrapV":1,"coordinatesIndex":0}},
{"name":"eyesbackground","id":"eyesbackground","customType":"BABYLON.PBRMaterial","backFaceCulling":true,"checkReadyOnlyOnce":false,"maxSimultaneousLights":4,"environmentIntensity":1,"roughness":0.7488,"alpha":1,"transparencyMode":0,"alphaCutOff":0.4,"metallic":0.5, 
"albedoTexture":{"name":"Peasant_Man_diffuse.jpg","level":1,"hasAlpha":false,"coordinatesMode":0,"uOffset":0,"vOffset":0,"uScale":1,"vScale":1,"uAng":0,"vAng":0,"wAng":0,"wrapU":1,"wrapV":1,"coordinatesIndex":0},"useAlphaFromAlbedoTexture":false, 
"reflectivityTexture":{"name":"Peasant_Man_specular.jpg","level":1,"hasAlpha":false,"coordinatesMode":0,"uOffset":0,"vOffset":0,"uScale":1,"vScale":1,"uAng":0,"vAng":0,"wAng":0,"wrapU":1,"wrapV":1,"coordinatesIndex":0}, 
"bumpTexture":{"name":"Peasant_Man_normal.jpg","level":1,"hasAlpha":false,"coordinatesMode":0,"uOffset":0,"vOffset":0,"uScale":1,"vScale":1,"uAng":0,"vAng":0,"wAng":0,"wrapU":1,"wrapV":1,"coordinatesIndex":0}}],
"multiMaterials":[],
"skeletons":[{"name":"Armature","id":0,"dimensionsAtRest":[232.1483,222.9346,36.3016],"bones":[
{"name":"Hips","index":0,"matrix":[0.9996,-0.0205,-0.0218,0,0.0216,0.9984,0.0523,0,-0.0207,0.0528,-0.9984,0,-0.2344,84.9978,-1.4527,1],"rest":[1,0,0,0,0,1,0,0,0,0,-1,0,-0.117,89.0054,-1.3191,1],"parentBoneIndex":-1,"length":14.2999
,"animation":{"dataType":3,"framePerSecond":24,"keys":[
{"frame":1,"values":[0.9996,-0.0205,-0.0218,0,0.0216,0.9984,0.0523,0,-0.0207,0.0528,-0.9984,0,-0.2344,84.9978,-1.4527,1]},
{"frame":2,"values":[0.9995,-0.0215,-0.0214,0,0.0226,0.9984,0.0527,0,-0.0202,0.0531,-0.9984,0,-0.1491,84.981,-1.4712,1]},
{"frame":3,"values":[0.9995,-0.0223,-0.0206,0,0.0233,0.9983,0.0533,0,-0.0194,0.0538,-0.9984,0,-0.0837,84.9656,-1.5136,1]},
{"frame":4,"values":[0.9995,-0.0231,-0.0198,0,0.0242,0.9983,0.0538,0,-0.0185,0.0543,-0.9984,0,-0.034,84.9191,-1.5488,1]},
{"frame":5,"values":[0.9995,-0.0236,-0.0193,0,0.0246,0.9982,0.0542,0,-0.018,0.0546,-0.9983,0,-0.0057,84.8689,-1.5796,1]},
{"frame":6,"values":[0.9995,-0.0238,-0.0193,0,0.0248,0.9982,0.0541,0,-0.018,0.0546,-0.9983,0,0.0025,84.8271,-1.6059,1]},
{"frame":7,"values":[0.9995,-0.0239,-0.0198,0,0.0249,0.9982,0.0538,0,-0.0185,0.0543,-0.9984,0,0.0016,84.8022,-1.6248,1]},
{"frame":8,"values":[0.9995,-0.0242,-0.0204,0,0.0253,0.9982,0.0535,0,-0.0191,0.054,-0.9984,0,-0.005,84.8079,-1.639,1]},
{"frame":9,"values":[0.9995,-0.0247,-0.0208,0,0.0258,0.9982,0.0534,0,-0.0194,0.0539,-0.9984,0,-0.0179,84.8264,-1.6573,1]},
{"frame":10,"values":[0.9995,-0.0251,-0.0211,0,0.0261,0.9982,0.0533,0,-0.0197,0.0538,-0.9984,0,-0.041,84.8379,-1.6756,1]},
{"frame":11,"values":[0.9995,-0.0251,-0.0212,0,0.0262,0.9982,0.0532,0,-0.0198,0.0537,-0.9984,0,-0.0745,84.8688,-1.6914,1]},
{"frame":12,"values":[0.9995,-0.0252,-0.021,0,0.0263,0.9982,0.0532,0,-0.0196,0.0537,-0.9984,0,-0.1155,84.9081,-1.7035,1]},
{"frame":13,"values":[0.9995,-0.025,-0.0207,0,0.0261,0.9982,0.0531,0,-0.0194,0.0536,-0.9984,0,-0.1648,84.9446,-1.7076,1]},
{"frame":14,"values":[0.9995,-0.0246,-0.0204,0,0.0256,0.9983,0.0528,0,-0.019,0.0533,-0.9984,0,-0.2224,84.9878,-1.7051,1]},
{"frame":15,"values":[0.9995,-0.024,-0.0199,0,0.025,0.9983,0.0519,0,-0.0186,0.0523,-0.9985,0,-0.2865,85.035,-1.7011,1]},
{"frame":16,"values":[0.9995,-0.0235,-0.0193,0,0.0244,0.9984,0.0505,0,-0.0181,0.0509,-0.9985,0,-0.3556,85.0899,-1.6947,1]},
{"frame":17,"values":[0.9996,-0.0228,-0.0187,0,0.0237,0.9985,0.0489,0,-0.0176,0.0493,-0.9986,0,-0.4309,85.1519,-1.6824,1]},
{"frame":18,"values":[0.9996,-0.0218,-0.0181,0,0.0227,0.9986,0.0472,0,-0.0171,0.0476,-0.9987,0,-0.5134,85.2402,-1.67,1]},
{"frame":19,"values":[0.9996,-0.0211,-0.0172,0,0.0219,0.9987,0.0459,0,-0.0162,0.0463,-0.9988,0,-0.597,85.3338,-1.6628,1]},
{"frame":20,"values":[0.9997,-0.0204,-0.0167,0,0.0211,0.9988,0.0446,0,-0.0157,0.0449,-0.9989,0,-0.6844,85.4217,-1.6582,1]},
{"frame":21,"values":[0.9997,-0.0198,-0.0167,0,0.0205,0.9989,0.0433,0,-0.0159,0.0436,-0.9989,0,-0.778,85.512,-1.6555,1]},
{"frame":22,"values":[0.9997,-0.0194,-0.0173,0,0.0201,0.9989,0.0426,0,-0.0165,0.0429,-0.9989,0,-0.8774,85.5852,-1.6536,1]},
{"frame":23,"values":[0.9997,-0.0188,-0.0179,0,0.0195,0.9989,0.0424,0,-0.0171,0.0427,-0.9989,0,-0.9841,85.6596,-1.6549,1]},
{"frame":24,"values":[0.9997,-0.0179,-0.0183,0,0.0187,0.9989,0.0425,0,-0.0175,0.0428,-0.9989,0,-1.0968,85.7404,-1.6666,1]},
{"frame":25,"values":[0.9997,-0.0168,-0.0181,0,0.0176,0.9989,0.0428,0,-0.0174,0.0431,-0.9989,0,-1.2131,85.8154,-1.6851,1]},
{"frame":26,"values":[0.9997,-0.0156,-0.0176,0,0.0163,0.9989,0.0431,0,-0.0169,0.0434,-0.9989,0,-1.33,85.8871,-1.707,1]},
{"frame":27,"values":[0.9997,-0.0142,-0.0173,0,0.015,0.9989,0.0435,0,-0.0167,0.0437,-0.9989,0,-1.447,85.938,-1.7394,1]},
{"frame":28,"values":[0.9998,-0.0129,-0.0172,0,0.0136,0.999,0.0437,0,-0.0166,0.0439,-0.9989,0,-1.5626,85.948,-1.7756,1]},
{"frame":29,"values":[0.9998,-0.0113,-0.0168,0,0.012,0.999,0.0437,0,-0.0163,0.0439,-0.9989,0,-1.6774,85.9496,-1.803,1]},
{"frame":30,"values":[0.9998,-0.0096,-0.0156,0,0.0103,0.999,0.0437,0,-0.0152,0.0439,-0.9989,0,-1.7889,85.9517,-1.8221,1]},
{"frame":31,"values":[0.9999,-0.0085,-0.0143,0,0.0092,0.999,0.044,0,-0.0139,0.0442,-0.9989,0,-1.8726,85.9643,-1.8339,1]},
{"frame":32,"values":[0.9999,-0.008,-0.0132,0,0.0086,0.999,0.0444,0,-0.0129,0.0445,-0.9989,0,-1.9199,85.9973,-1.8351,1]},
{"frame":33,"values":[0.9999,-0.0079,-0.0123,0,0.0084,0.999,0.0448,0,-0.0119,0.0449,-0.9989,0,-1.9648,86.0169,-1.8282,1]},
{"frame":34,"values":[0.9999,-0.008,-0.0118,0,0.0085,0.9989,0.0451,0,-0.0114,0.0452,-0.9989,0,-2.007,86.0269,-1.8134,1]},
{"frame":35,"values":[0.9999,-0.0081,-0.0119,0,0.0087,0.9989,0.0453,0,-0.0115,0.0454,-0.9989,0,-2.0467,86.0297,-1.7901,1]},
{"frame":36,"values":[0.9999,-0.0084,-0.0125,0,0.009,0.9989,0.0453,0,-0.0121,0.0454,-0.9989,0,-2.0835,86.0059,-1.7573,1]},
{"frame":37,"values":[0.9999,-0.0089,-0.0133,0,0.0095,0.9989,0.0454,0,-0.0129,0.0455,-0.9989,0,-2.1179,85.9388,-1.7162,1]},
{"frame":38,"values":[0.9999,-0.0096,-0.0139,0,0.0102,0.9989,0.0456,0,-0.0134,0.0457,-0.9989,0,-2.1512,85.8457,-1.671,1]},
{"frame":39,"values":[0.9998,-0.0105,-0.014,0,0.0111,0.9989,0.0461,0,-0.0135,0.0463,-0.9988,0,-2.1833,85.7616,-1.6255,1]},
{"frame":40,"values":[0.9998,-0.0114,-0.0136,0,0.012,0.9988,0.0469,0,-0.0131,0.047,-0.9988,0,-2.2128,85.6939,-1.5809,1]},
{"frame":41,"values":[0.9998,-0.0121,-0.0129,0,0.0128,0.9988,0.0477,0,-0.0123,0.0479,-0.9988,0,-2.2403,85.6271,-1.5369,1]},
{"frame":42,"values":[0.9998,-0.0127,-0.0124,0,0.0133,0.9987,0.0484,0,-0.0118,0.0486,-0.9987,0,-2.2631,85.5495,-1.4932,1]},
{"frame":43,"values":[0.9998,-0.0131,-0.0123,0,0.0136,0.9987,0.049,0,-0.0117,0.0491,-0.9987,0,-2.2741,85.4572,-1.4499,1]},
{"frame":44,"values":[0.9998,-0.0132,-0.0124,0,0.0138,0.9987,0.0494,0,-0.0117,0.0495,-0.9987,0,-2.273,85.3552,-1.4072,1]},
{"frame":45,"values":[0.9998,-0.0134,-0.0124,0,0.014,0.9987,0.0498,0,-0.0117,0.0499,-0.9987,0,-2.2649,85.2634,-1.3654,1]},
{"frame":46,"values":[0.9998,-0.0137,-0.0121,0,0.0143,0.9986,0.0501,0,-0.0114,0.0503,-0.9987,0,-2.2513,85.1998,-1.3262,1]},
{"frame":47,"values":[0.9998,-0.0142,-0.0116,0,0.0148,0.9986,0.0503,0,-0.0109,0.0504,-0.9987,0,-2.231,85.1599,-1.2912,1]},
{"frame":48,"values":[0.9998,-0.0149,-0.0109,0,0.0154,0.9986,0.0501,0,-0.0101,0.0502,-0.9987,0,-2.203,85.1322,-1.2615,1]},
{"frame":49,"values":[0.9998,-0.0158,-0.01,0,0.0162,0.9986,0.0494,0,-0.0092,0.0496,-0.9987,0,-2.1681,85.12,-1.2376,1]},
{"frame":50,"values":[0.9998,-0.0165,-0.0092,0,0.0169,0.9987,0.0486,0,-0.0084,0.0487,-0.9988,0,-2.1291,85.1312,-1.2201,1]},
{"frame":51,"values":[0.9998,-0.0169,-0.0088,0,0.0173,0.9987,0.0478,0,-0.008,0.0479,-0.9988,0,-2.0875,85.1509,-1.2088,1]},
{"frame":52,"values":[0.9998,-0.0169,-0.009,0,0.0174,0.9987,0.0471,0,-0.0082,0.0472,-0.9988,0,-2.0425,85.142,-1.2023,1]},
{"frame":53,"values":[0.9998,-0.0168,-0.0096,0,0.0173,0.9988,0.0467,0,-0.0088,0.0469,-0.9989,0,-1.9924,85.0832,-1.1992,1]},
{"frame":54,"values":[0.9998,-0.0166,-0.0105,0,0.0171,0.9988,0.0466,0,-0.0097,0.0468,-0.9989,0,-1.938,84.991,-1.1986,1]},
{"frame":55,"values":[0.9998,-0.0165,-0.0116,0,0.017,0.9988,0.0466,0,-0.0108,0.0468,-0.9988,0,-1.8819,84.9082,-1.1993,1]},
{"frame":56,"values":[0.9998,-0.0163,-0.0126,0,0.0169,0.9988,0.0465,0,-0.0118,0.0467,-0.9988,0,-1.8264,84.8667,-1.2007,1]},
{"frame":57,"values":[0.9998,-0.0163,-0.0135,0,0.0169,0.9988,0.0463,0,-0.0127,0.0465,-0.9988,0,-1.7721,84.8736,-1.2024,1]},
{"frame":58,"values":[0.9998,-0.0164,-0.0142,0,0.017,0.9988,0.0458,0,-0.0135,0.046,-0.9989,0,-1.7181,84.9163,-1.2048,1]},
{"frame":59,"values":[0.9998,-0.0165,-0.0148,0,0.0172,0.9988,0.045,0,-0.014,0.0453,-0.9989,0,-1.6631,84.9767,-1.2079,1]},
{"frame":60,"values":[0.9997,-0.0167,-0.0151,0,0.0174,0.9989,0.0441,0,-0.0144,0.0444,-0.9989,0,-1.6069,85.0458,-1.2112,1]},
{"frame":61,"values":[0.9997,-0.0168,-0.0154,0,0.0174,0.9989,0.043,0,-0.0147,0.0433,-0.999,0,-1.5511,85.1264,-1.2144,1]},
{"frame":62,"values":[0.9997,-0.0166,-0.0158,0,0.0172,0.999,0.0418,0,-0.0151,0.0421,-0.999,0,-1.4967,85.2167,-1.2201,1]},
{"frame":63,"values":[0.9997,-0.0163,-0.0161,0,0.0169,0.999,0.0405,0,-0.0154,0.0408,-0.999,0,-1.4421,85.3023,-1.2326,1]},
{"frame":64,"values":[0.9997,-0.0159,-0.0162,0,0.0165,0.9991,0.0394,0,-0.0156,0.0397,-0.9991,0,-1.3853,85.3739,-1.255,1]},
{"frame":65,"values":[0.9997,-0.0157,-0.0161,0,0.0163,0.9991,0.0386,0,-0.0155,0.0388,-0.9991,0,-1.3262,85.4399,-1.2884,1]},
{"frame":66,"values":[0.9997,-0.0158,-0.0162,0,0.0164,0.9991,0.0379,0,-0.0156,0.0382,-0.9992,0,-1.2666,85.5085,-1.3333,1]},
{"frame":67,"values":[0.9997,-0.016,-0.0167,0,0.0166,0.9992,0.0375,0,-0.0161,0.0378,-0.9992,0,-1.2074,85.5794,-1.3891,1]},
{"frame":68,"values":[0.9997,-0.0163,-0.0179,0,0.017,0.9992,0.0374,0,-0.0173,0.0377,-0.9991,0,-1.1478,85.6472,-1.4522,1]},
{"frame":69,"values":[0.9997,-0.0167,-0.0195,0,0.0175,0.9991,0.0378,0,-0.0189,0.0382,-0.9991,0,-1.086,85.7057,-1.5172,1]},
{"frame":70,"values":[0.9996,-0.0171,-0.0211,0,0.0179,0.9991,0.0386,0,-0.0205,0.039,-0.999,0,-1.0217,85.7475,-1.5799,1]},
{"frame":71,"values":[0.9996,-0.0174,-0.0225,0,0.0183,0.999,0.0397,0,-0.0218,0.04,-0.999,0,-0.9549,85.7717,-1.6378,1]},
{"frame":72,"values":[0.9996,-0.0176,-0.0236,0,0.0185,0.999,0.0407,0,-0.0229,0.0411,-0.9989,0,-0.8837,85.7886,-1.6881,1]},
{"frame":73,"values":[0.9995,-0.0176,-0.0247,0,0.0187,0.999,0.0416,0,-0.0239,0.0421,-0.9988,0,-0.8063,85.8126,-1.7282,1]},
{"frame":74,"values":[0.9995,-0.0177,-0.0259,0,0.0188,0.9989,0.0424,0,-0.0252,0.0429,-0.9988,0,-0.7242,85.8518,-1.7581,1]},
{"frame":75,"values":[0.9995,-0.0178,-0.0274,0,0.0189,0.9989,0.0429,0,-0.0266,0.0434,-0.9987,0,-0.6394,85.8969,-1.7796,1]},
{"frame":76,"values":[0.9994,-0.018,-0.0289,0,0.0192,0.9989,0.0433,0,-0.0281,0.0438,-0.9986,0,-0.5534,85.923,-1.7928,1]},
{"frame":77,"values":[0.9994,-0.0185,-0.0303,0,0.0198,0.9989,0.0436,0,-0.0294,0.0442,-0.9986,0,-0.4704,85.9123,-1.7976,1]},
{"frame":78,"values":[0.9993,-0.0191,-0.0312,0,0.0205,0.9988,0.0441,0,-0.0303,0.0447,-0.9985,0,-0.3833,85.8647,-1.7921,1]},
{"frame":79,"values":[0.9993,-0.0197,-0.0315,0,0.0211,0.9988,0.0448,0,-0.0306,0.0455,-0.9985,0,-0.2942,85.7925,-1.7775,1]},
{"frame":80,"values":[0.9993,-0.0201,-0.0315,0,0.0215,0.9987,0.0457,0,-0.0305,0.0463,-0.9985,0,-0.2052,85.706,-1.7564,1]},
{"frame":81,"values":[0.9993,-0.0203,-0.0312,0,0.0217,0.9987,0.0464,0,-0.0303,0.0471,-0.9984,0,-0.1171,85.6116,-1.7318,1]},
{"frame":82,"values":[0.9993,-0.0206,-0.031,0,0.022,0.9987,0.047,0,-0.03,0.0477,-0.9984,0,-0.0308,85.5234,-1.7051,1]},
{"frame":83,"values":[0.9993,-0.0211,-0.0307,0,0.0225,0.9986,0.0474,0,-0.0297,0.048,-0.9984,0,0.0528,85.4579,-1.6762,1]},
{"frame":84,"values":[0.9993,-0.0217,-0.0306,0,0.0231,0.9986,0.0476,0,-0.0296,0.0483,-0.9984,0,0.1339,85.4126,-1.646,1]},
{"frame":85,"values":[0.9993,-0.0224,-0.031,0,0.0239,0.9986,0.0478,0,-0.0299,0.0485,-0.9984,0,0.2111,85.3603,-1.6161,1]},
{"frame":86,"values":[0.9992,-0.0234,-0.0318,0,0.0249,0.9985,0.0482,0,-0.0306,0.049,-0.9983,0,0.2851,85.2817,-1.587,1]},
{"frame":87,"values":[0.9992,-0.0246,-0.0327,0,0.0262,0.9985,0.0489,0,-0.0314,0.0497,-0.9983,0,0.355,85.175,-1.557,1]},
{"frame":88,"values":[0.9991,-0.0258,-0.0333,0,0.0274,0.9984,0.0496,0,-0.032,0.0505,-0.9982,0,0.421,85.0472,-1.5253,1]},
{"frame":89,"values":[0.9991,-0.0267,-0.0333,0,0.0284,0.9983,0.0501,0,-0.0319,0.051,-0.9982,0,0.4844,84.9086,-1.4919,1]},
{"frame":90,"values":[0.9991,-0.0273,-0.0327,0,0.029,0.9983,0.0502,0,-0.0313,0.0511,-0.9982,0,0.5454,84.781,-1.4581,1]},
{"frame":91,"values":[0.9991,-0.0277,-0.0318,0,0.0293,0.9983,0.05,0,-0.0304,0.0509,-0.9982,0,0.6009,84.6916,-1.427,1]},
{"frame":92,"values":[0.9991,-0.028,-0.0311,0,0.0295,0.9983,0.0499,0,-0.0296,0.0508,-0.9983,0,0.6467,84.6543,-1.4018,1]},
{"frame":93,"values":[0.9991,-0.0283,-0.0308,0,0.0298,0.9983,0.05,0,-0.0293,0.0509,-0.9983,0,0.6807,84.6505,-1.3837,1]},
{"frame":94,"values":[0.9991,-0.0285,-0.0308,0,0.03,0.9983,0.0503,0,-0.0293,0.0511,-0.9983,0,0.7039,84.647,-1.3706,1]},
{"frame":95,"values":[0.9991,-0.0286,-0.0309,0,0.0301,0.9983,0.0505,0,-0.0294,0.0514,-0.9982,0,0.7187,84.6329,-1.3601,1]},
{"frame":96,"values":[0.9991,-0.0286,-0.031,0,0.0302,0.9983,0.0505,0,-0.0295,0.0514,-0.9982,0,0.7268,84.622,-1.3501,1]},
{"frame":97,"values":[0.9991,-0.0286,-0.0309,0,0.0301,0.9983,0.0502,0,-0.0295,0.051,-0.9983,0,0.7276,84.631,-1.3401,1]},
{"frame":98,"values":[0.9991,-0.0284,-0.031,0,0.0299,0.9983,0.0496,0,-0.0295,0.0505,-0.9983,0,0.7195,84.6602,-1.3298,1]},
{"frame":99,"values":[0.9991,-0.0279,-0.0311,0,0.0294,0.9983,0.0493,0,-0.0296,0.0502,-0.9983,0,0.7015,84.6891,-1.3195,1]},
{"frame":100,"values":[0.9991,-0.0272,-0.0313,0,0.0287,0.9984,0.0493,0,-0.0299,0.0502,-0.9983,0,0.6748,84.7008,-1.3089,1]},
{"frame":101,"values":[0.9992,-0.0262,-0.0316,0,0.0278,0.9984,0.0492,0,-0.0303,0.0501,-0.9983,0,0.6409,84.7176,-1.2987,1]},
{"frame":102,"values":[0.9992,-0.0252,-0.0319,0,0.0267,0.9985,0.0488,0,-0.0306,0.0496,-0.9983,0,0.6001,84.784,-1.2913,1]},
{"frame":103,"values":[0.9992,-0.0243,-0.032,0,0.0258,0.9985,0.0481,0,-0.0308,0.0489,-0.9983,0,0.551,84.9126,-1.2898,1]},
{"frame":104,"values":[0.9992,-0.0236,-0.032,0,0.0251,0.9986,0.0473,0,-0.0309,0.0481,-0.9984,0,0.4921,85.0692,-1.2951,1]},
{"frame":105,"values":[0.9992,-0.023,-0.0324,0,0.0245,0.9986,0.0467,0,-0.0313,0.0474,-0.9984,0,0.4233,85.209,-1.3058,1]},
{"frame":106,"values":[0.9992,-0.0227,-0.0332,0,0.0242,0.9986,0.046,0,-0.0321,0.0468,-0.9984,0,0.3469,85.3168,-1.3187,1]},
{"frame":107,"values":[0.9992,-0.0226,-0.0344,0,0.0242,0.9987,0.0455,0,-0.0334,0.0463,-0.9984,0,0.2659,85.4077,-1.3314,1]},
{"frame":108,"values":[0.9991,-0.0227,-0.0358,0,0.0243,0.9987,0.0453,0,-0.0347,0.0462,-0.9983,0,0.1827,85.4989,-1.3431,1]},
{"frame":109,"values":[0.9991,-0.0226,-0.0372,0,0.0243,0.9987,0.0456,0,-0.0361,0.0464,-0.9983,0,0.0999,85.5895,-1.3542,1]},
{"frame":110,"values":[0.999,-0.0222,-0.0385,0,0.024,0.9987,0.046,0,-0.0375,0.0469,-0.9982,0,0.0199,85.6707,-1.3643,1]},
{"frame":111,"values":[0.999,-0.0214,-0.04,0,0.0233,0.9986,0.0467,0,-0.039,0.0475,-0.9981,0,-0.0569,85.7493,-1.3734,1]},
{"frame":112,"values":[0.9989,-0.0203,-0.0417,0,0.0223,0.9986,0.0473,0,-0.0406,0.0482,-0.998,0,-0.1323,85.8341,-1.3824,1]},
{"frame":113,"values":[0.9989,-0.0191,-0.0432,0,0.0211,0.9986,0.0479,0,-0.0423,0.0488,-0.9979,0,-0.2088,85.9036,-1.3908,1]},
{"frame":114,"values":[0.9989,-0.0179,-0.0443,0,0.0201,0.9986,0.0485,0,-0.0434,0.0494,-0.9978,0,-0.2871,85.9283,-1.3951,1]},
{"frame":115,"values":[0.9989,-0.0169,-0.0446,0,0.0191,0.9986,0.0491,0,-0.0437,0.0499,-0.9978,0,-0.3659,85.9142,-1.3912,1]},
{"frame":116,"values":[0.9989,-0.016,-0.0443,0,0.0182,0.9986,0.0495,0,-0.0435,0.0502,-0.9978,0,-0.4435,85.895,-1.378,1]},
{"frame":117,"values":[0.9989,-0.0152,-0.0437,0,0.0174,0.9986,0.0496,0,-0.0429,0.0503,-0.9978,0,-0.5184,85.8913,-1.3584,1]},
{"frame":118,"values":[0.999,-0.0148,-0.0428,0,0.017,0.9986,0.0496,0,-0.042,0.0503,-0.9979,0,-0.5888,85.8802,-1.3351,1]},
{"frame":119,"values":[0.999,-0.0149,-0.0418,0,0.017,0.9986,0.0495,0,-0.041,0.0502,-0.9979,0,-0.6541,85.8197,-1.3073,1]},
{"frame":120,"values":[0.9991,-0.0151,-0.0407,0,0.0171,0.9986,0.0498,0,-0.0399,0.0504,-0.9979,0,-0.7273,85.7099,-1.2754,1]},
{"frame":121,"values":[0.9991,-0.0144,-0.0392,0,0.0164,0.9986,0.0502,0,-0.0385,0.0508,-0.998,0,-0.8553,85.6337,-1.2541,1]},
{"frame":122,"values":[0.9992,-0.0135,-0.0378,0,0.0154,0.9986,0.0507,0,-0.0371,0.0513,-0.998,0,-0.982,85.6041,-1.2225,1]},
{"frame":123,"values":[0.9992,-0.0128,-0.0367,0,0.0146,0.9986,0.0514,0,-0.036,0.0519,-0.998,0,-1.1024,85.6079,-1.186,1]},
{"frame":124,"values":[0.9993,-0.0119,-0.0356,0,0.0138,0.9986,0.0516,0,-0.0349,0.0521,-0.998,0,-1.2178,85.6134,-1.1469,1]},
{"frame":125,"values":[0.9993,-0.0111,-0.0344,0,0.0129,0.9986,0.0516,0,-0.0338,0.052,-0.9981,0,-1.3267,85.605,-1.1025,1]},
{"frame":126,"values":[0.9994,-0.0109,-0.033,0,0.0126,0.9986,0.0512,0,-0.0324,0.0516,-0.9981,0,-1.4246,85.5626,-1.049,1]},
{"frame":127,"values":[0.9995,-0.0113,-0.0311,0,0.0128,0.9986,0.0506,0,-0.0305,0.051,-0.9982,0,-1.5113,85.4773,-0.9908,1]},
{"frame":128,"values":[0.9995,-0.0118,-0.0287,0,0.0133,0.9987,0.0502,0,-0.0281,0.0506,-0.9983,0,-1.5908,85.373,-0.936,1]},
{"frame":129,"values":[0.9996,-0.0125,-0.026,0,0.0138,0.9987,0.0499,0,-0.0253,0.0503,-0.9984,0,-1.6643,85.2791,-0.8899,1]},
{"frame":130,"values":[0.9997,-0.0134,-0.0228,0,0.0145,0.9987,0.0497,0,-0.0221,0.05,-0.9985,0,-1.7303,85.21,-0.8557,1]},
{"frame":131,"values":[0.9997,-0.0142,-0.0192,0,0.0151,0.9987,0.0496,0,-0.0185,0.0498,-0.9986,0,-1.79,85.1446,-0.8342,1]},
{"frame":132,"values":[0.9998,-0.0146,-0.0157,0,0.0154,0.9986,0.0497,0,-0.0149,0.05,-0.9986,0,-1.8462,85.0641,-0.8217,1]},
{"frame":133,"values":[0.9998,-0.0147,-0.0128,0,0.0153,0.9986,0.0499,0,-0.0121,0.0501,-0.9987,0,-1.9,85.0001,-0.8133,1]},
{"frame":134,"values":[0.9998,-0.0146,-0.0104,0,0.0151,0.9986,0.0498,0,-0.0097,0.05,-0.9987,0,-1.9498,84.9644,-0.8052,1]},
{"frame":135,"values":[0.9999,-0.0143,-0.0084,0,0.0147,0.9987,0.0495,0,-0.0077,0.0496,-0.9987,0,-1.9944,84.9446,-0.7993,1]},
{"frame":136,"values":[0.9999,-0.0141,-0.0069,0,0.0145,0.9987,0.0489,0,-0.0062,0.049,-0.9988,0,-2.0312,84.9402,-0.8013,1]},
{"frame":137,"values":[0.9999,-0.0143,-0.0058,0,0.0145,0.9987,0.0481,0,-0.0051,0.0482,-0.9988,0,-2.0579,84.9574,-0.8158,1]},
{"frame":138,"values":[0.9999,-0.0145,-0.0047,0,0.0147,0.9988,0.0472,0,-0.0041,0.0472,-0.9989,0,-2.0771,85.0038,-0.8474,1]},
{"frame":139,"values":[0.9999,-0.0148,-0.004,0,0.015,0.9988,0.0464,0,-0.0033,0.0464,-0.9989,0,-2.0857,85.0728,-0.897,1]},
{"frame":140,"values":[0.9999,-0.0152,-0.0034,0,0.0153,0.9988,0.0459,0,-0.0027,0.0459,-0.9989,0,-2.079,85.1431,-0.9616,1]},
{"frame":141,"values":[0.9999,-0.0153,-0.0029,0,0.0154,0.9988,0.0457,0,-0.0022,0.0457,-0.999,0,-2.0591,85.2131,-1.0404,1]},
{"frame":142,"values":[0.9999,-0.0148,-0.0022,0,0.0149,0.9989,0.0455,0,-0.0016,0.0456,-0.999,0,-2.0284,85.3084,-1.1298,1]},
{"frame":143,"values":[0.9999,-0.014,-0.0017,0,0.0141,0.9989,0.0451,0,-0.0011,0.0451,-0.999,0,-1.9864,85.4331,-1.2217,1]},
{"frame":144,"values":[0.9999,-0.0134,-0.0019,0,0.0135,0.9989,0.0442,0,-0.0013,0.0442,-0.999,0,-1.9322,85.549,-1.3135,1]},
{"frame":145,"values":[0.9999,-0.013,-0.0027,0,0.0131,0.999,0.0431,0,-0.0021,0.0432,-0.9991,0,-1.8695,85.6679,-1.4077,1]},
{"frame":146,"values":[0.9999,-0.0125,-0.0037,0,0.0127,0.999,0.0423,0,-0.0032,0.0424,-0.9991,0,-1.801,85.8165,-1.503,1]},
{"frame":147,"values":[0.9999,-0.0121,-0.0046,0,0.0122,0.999,0.0419,0,-0.0041,0.042,-0.9991,0,-1.7256,85.9724,-1.5934,1]},
{"frame":148,"values":[0.9999,-0.0117,-0.0058,0,0.0119,0.9991,0.0414,0,-0.0053,0.0415,-0.9991,0,-1.6428,86.1083,-1.6753,1]},
{"frame":149,"values":[0.9999,-0.0116,-0.008,0,0.0119,0.9991,0.0408,0,-0.0075,0.0409,-0.9991,0,-1.5524,86.1989,-1.747,1]},
{"frame":150,"values":[0.9999,-0.0114,-0.0107,0,0.0118,0.9991,0.0403,0,-0.0102,0.0404,-0.9991,0,-1.4576,86.2541,-1.8105,1]},
{"frame":151,"values":[0.9999,-0.0107,-0.0133,0,0.0112,0.9991,0.0398,0,-0.0128,0.0399,-0.9991,0,-1.3624,86.315,-1.8718,1]},
{"frame":152,"values":[0.9998,-0.0099,-0.016,0,0.0106,0.9992,0.0396,0,-0.0156,0.0398,-0.9991,0,-1.2635,86.3882,-1.9331,1]},
{"frame":153,"values":[0.9998,-0.01,-0.0191,0,0.0107,0.9991,0.0401,0,-0.0187,0.0403,-0.999,0,-1.156,86.4512,-1.9887,1]},
{"frame":154,"values":[0.9997,-0.0106,-0.0223,0,0.0115,0.9991,0.0406,0,-0.0218,0.0408,-0.9989,0,-1.0443,86.4903,-2.0313,1]},
{"frame":155,"values":[0.9996,-0.0112,-0.025,0,0.0122,0.9991,0.0409,0,-0.0245,0.0412,-0.9988,0,-0.9353,86.5134,-2.059,1]},
{"frame":156,"values":[0.9996,-0.0114,-0.0265,0,0.0125,0.9991,0.0417,0,-0.026,0.042,-0.9988,0,-0.8732,86.5466,-2.097,1]},
{"frame":157,"values":[0.9996,-0.0115,-0.0271,0,0.0127,0.999,0.0428,0,-0.0266,0.0431,-0.9987,0,-0.8432,86.5643,-2.14,1]},
{"frame":158,"values":[0.9996,-0.0117,-0.0275,0,0.0129,0.999,0.0439,0,-0.0269,0.0443,-0.9987,0,-0.8135,86.5333,-2.1713,1]},
{"frame":159,"values":[0.9995,-0.012,-0.0276,0,0.0132,0.9989,0.0451,0,-0.0271,0.0454,-0.9986,0,-0.7841,86.4646,-2.1937,1]},
{"frame":160,"values":[0.9995,-0.0124,-0.0277,0,0.0136,0.9989,0.0459,0,-0.0271,0.0463,-0.9986,0,-0.756,86.3821,-2.2102,1]},
{"frame":161,"values":[0.9995,-0.0127,-0.0277,0,0.014,0.9988,0.0465,0,-0.0271,0.0469,-0.9985,0,-0.7297,86.2974,-2.2213,1]},
{"frame":162,"values":[0.9995,-0.0132,-0.0274,0,0.0145,0.9988,0.047,0,-0.0268,0.0474,-0.9985,0,-0.7041,86.2009,-2.2237,1]},
{"frame":163,"values":[0.9995,-0.0139,-0.027,0,0.0152,0.9988,0.0476,0,-0.0263,0.048,-0.9985,0,-0.6761,86.0782,-2.2134,1]},
{"frame":164,"values":[0.9995,-0.0148,-0.0266,0,0.016,0.9987,0.0484,0,-0.0258,0.0488,-0.9985,0,-0.644,85.9369,-2.1884,1]},
{"frame":165,"values":[0.9995,-0.0156,-0.0265,0,0.0169,0.9986,0.0494,0,-0.0257,0.0498,-0.9984,0,-0.6103,85.8001,-2.149,1]},
{"frame":166,"values":[0.9995,-0.0164,-0.0265,0,0.0177,0.9986,0.0503,0,-0.0256,0.0507,-0.9984,0,-0.5795,85.6743,-2.097,1]},
{"frame":167,"values":[0.9995,-0.0168,-0.0261,0,0.0182,0.9985,0.0509,0,-0.0252,0.0513,-0.9984,0,-0.5533,85.5438,-2.0338,1]},
{"frame":168,"values":[0.9995,-0.0172,-0.0255,0,0.0185,0.9985,0.0507,0,-0.0246,0.0512,-0.9984,0,-0.5281,85.4115,-1.9604,1]},
{"frame":169,"values":[0.9995,-0.0178,-0.025,0,0.019,0.9986,0.05,0,-0.024,0.0504,-0.9984,0,-0.499,85.3137,-1.8813,1]},
{"frame":170,"values":[0.9995,-0.0184,-0.0245,0,0.0196,0.9986,0.0489,0,-0.0236,0.0494,-0.9985,0,-0.4661,85.2721,-1.8041,1]},
{"frame":171,"values":[0.9995,-0.0191,-0.0241,0,0.0202,0.9986,0.0483,0,-0.0231,0.0487,-0.9985,0,-0.4322,85.2484,-1.7347,1]},
{"frame":172,"values":[0.9995,-0.0194,-0.0235,0,0.0206,0.9986,0.0482,0,-0.0225,0.0486,-0.9986,0,-0.3983,85.183,-1.6744,1]},
{"frame":173,"values":[0.9995,-0.0196,-0.0228,0,0.0207,0.9986,0.0486,0,-0.0218,0.0491,-0.9986,0,-0.3641,85.0839,-1.6206,1]},
{"frame":174,"values":[0.9996,-0.0197,-0.0222,0,0.0208,0.9986,0.0495,0,-0.0212,0.05,-0.9985,0,-0.3303,85.0156,-1.5702,1]},
{"frame":175,"values":[0.9996,-0.0198,-0.0219,0,0.0209,0.9985,0.0506,0,-0.0209,0.0511,-0.9985,0,-0.2976,84.9984,-1.5271,1]},
{"frame":176,"values":[0.9996,-0.0201,-0.0218,0,0.0212,0.9984,0.0516,0,-0.0207,0.0521,-0.9984,0,-0.2651,84.9986,-1.4877,1]},
{"frame":177,"values":[0.9996,-0.0205,-0.0218,0,0.0216,0.9984,0.0523,0,-0.0207,0.0528,-0.9984,0,-0.2344,84.9978,-1.4527,1]}],"loopBehavior":1,"name":"anim","property":"_matrix"}},
{"name":"Spine","index":1,"matrix":[1,0.0025,0.0061,0,-0.0026,0.9997,0.0236,0,-0.006,-0.0236,0.9997,0,0.1169,10.681,0.3734,1],"rest":[1,0,0,0,0,1,0,0,0,0,1,0,0.1169,10.681,0.3734,1],"parentBoneIndex":0,"length":13.8405
,"animation":{"dataType":3,"framePerSecond":24,"keys":[
{"frame":1,"values":[1,0.0025,0.0061,0,-0.0026,0.9997,0.0236,0,-0.006,-0.0236,0.9997,0,0.1169,10.681,0.3734,1]},
{"frame":2,"values":[1,0.0023,0.0059,0,-0.0025,0.9997,0.0242,0,-0.0058,-0.0242,0.9997,0,0.1169,10.681,0.3734,1]},
{"frame":3,"values":[1,0.002,0.0056,0,-0.0022,0.9997,0.0247,0,-0.0055,-0.0247,0.9997,0,0.1169,10.681,0.3734,1]},
{"frame":4,"values":[1,0.0016,0.0052,0,-0.0017,0.9997,0.0251,0,-0.0052,-0.0251,0.9997,0,0.1169,10.681,0.3734,1]},
{"frame":5,"values":[1,0.0012,0.0049,0,-0.0013,0.9997,0.0253,0,-0.0049,-0.0253,0.9997,0,0.1169,10.681,0.3734,1]},
{"frame":6,"values":[1,0.0007,0.0047,0,-0.0008,0.9997,0.0252,0,-0.0047,-0.0252,0.9997,0,0.1169,10.681,0.3734,1]},
{"frame":7,"values":[1,0.0003,0.0044,0,-0.0004,0.9997,0.025,0,-0.0044,-0.025,0.9997,0,0.1169,10.681,0.3734,1]},
{"frame":8,"values":[1,0.0001,0.0042,0,-0.0002,0.9997,0.0248,0,-0.0042,-0.0248,0.9997,0,0.1169,10.6811,0.3734,1]},
{"frame":9,"values":[1,-0.0001,0.0041,0,0,0.9997,0.0246,0,-0.0041,-0.0246,0.9997,0,0.1169,10.681,0.3734,1]},
{"frame":10,"values":[1,-0.0003,0.0039,0,0.0002,0.9997,0.0242,0,-0.0039,-0.0242,0.9997,0,0.1169,10.681,0.3734,1]},
{"frame":11,"values":[1,-0.0003,0.0037,0,0.0002,0.9997,0.0237,0,-0.0037,-0.0237,0.9997,0,0.1169,10.681,0.3734,1]},
{"frame":12,"values":[1,0.0001,0.0037,0,-0.0002,0.9997,0.0234,0,-0.0037,-0.0234,0.9997,0,0.1169,10.681,0.3734,1]},
{"frame":13,"values":[1,0.0005,0.0037,0,-0.0006,0.9997,0.0231,0,-0.0037,-0.0231,0.9997,0,0.1169,10.681,0.3734,1]},
{"frame":14,"values":[1,0.0009,0.0038,0,-0.001,0.9997,0.0228,0,-0.0038,-0.0228,0.9997,0,0.1169,10.681,0.3734,1]},
{"frame":15,"values":[1,0.0013,0.004,0,-0.0014,0.9997,0.0224,0,-0.004,-0.0224,0.9997,0,0.1169,10.6811,0.3734,1]},
{"frame":16,"values":[1,0.0017,0.0042,0,-0.0018,0.9998,0.0218,0,-0.0042,-0.0219,0.9998,0,0.1169,10.681,0.3734,1]},
{"frame":17,"values":[1,0.002,0.0045,0,-0.0021,0.9998,0.0213,0,-0.0044,-0.0213,0.9998,0,0.1169,10.681,0.3734,1]},
{"frame":18,"values":[1,0.0022,0.0048,0,-0.0023,0.9998,0.0207,0,-0.0048,-0.0207,0.9998,0,0.1169,10.681,0.3734,1]},
{"frame":19,"values":[1,0.0025,0.0052,0,-0.0026,0.9998,0.0202,0,-0.0051,-0.0202,0.9998,0,0.1169,10.681,0.3734,1]},
{"frame":20,"values":[1,0.0028,0.0054,0,-0.0029,0.9998,0.0195,0,-0.0053,-0.0195,0.9998,0,0.1169,10.681,0.3734,1]},
{"frame":21,"values":[1,0.003,0.0054,0,-0.0031,0.9998,0.0189,0,-0.0054,-0.0189,0.9998,0,0.1169,10.681,0.3734,1]},
{"frame":22,"values":[1,0.0032,0.0055,0,-0.0033,0.9998,0.0184,0,-0.0054,-0.0184,0.9998,0,0.1169,10.681,0.3734,1]},
{"frame":23,"values":[1,0.0032,0.0054,0,-0.0033,0.9998,0.018,0,-0.0053,-0.018,0.9998,0,0.1169,10.681,0.3734,1]},
{"frame":24,"values":[1,0.0031,0.0052,0,-0.0032,0.9998,0.0175,0,-0.0052,-0.0175,0.9998,0,0.1169,10.681,0.3734,1]},
{"frame":25,"values":[1,0.0031,0.0051,0,-0.0032,0.9999,0.017,0,-0.005,-0.017,0.9998,0,0.1169,10.681,0.3734,1]},
{"frame":26,"values":[1,0.0031,0.0049,0,-0.0032,0.9999,0.0163,0,-0.0049,-0.0163,0.9999,0,0.1169,10.681,0.3734,1]},
{"frame":27,"values":[1,0.0031,0.0046,0,-0.0032,0.9999,0.0155,0,-0.0046,-0.0155,0.9999,0,0.1169,10.681,0.3734,1]},
{"frame":28,"values":[1,0.0031,0.0044,0,-0.0032,0.9999,0.0146,0,-0.0044,-0.0146,0.9999,0,0.1169,10.681,0.3734,1]},
{"frame":29,"values":[1,0.0033,0.0044,0,-0.0033,0.9999,0.0139,0,-0.0044,-0.014,0.9999,0,0.1169,10.681,0.3734,1]},
{"frame":30,"values":[1,0.0035,0.0046,0,-0.0035,0.9999,0.0137,0,-0.0045,-0.0137,0.9999,0,0.1169,10.681,0.3734,1]},
{"frame":31,"values":[1,0.0037,0.0047,0,-0.0038,0.9999,0.0136,0,-0.0047,-0.0136,0.9999,0,0.1169,10.681,0.3734,1]},
{"frame":32,"values":[1,0.0039,0.0048,0,-0.0039,0.9999,0.0135,0,-0.0048,-0.0136,0.9999,0,0.1169,10.681,0.3734,1]},
{"frame":33,"values":[1,0.004,0.0049,0,-0.004,0.9999,0.0136,0,-0.0049,-0.0136,0.9999,0,0.1169,10.681,0.3734,1]},
{"frame":34,"values":[1,0.0041,0.005,0,-0.0042,0.9999,0.0137,0,-0.0049,-0.0138,0.9999,0,0.1169,10.681,0.3734,1]},
{"frame":35,"values":[1,0.0042,0.005,0,-0.0043,0.9999,0.014,0,-0.0049,-0.014,0.9999,0,0.1169,10.681,0.3734,1]},
{"frame":36,"values":[1,0.0043,0.0049,0,-0.0044,0.9999,0.0144,0,-0.0048,-0.0144,0.9999,0,0.1169,10.681,0.3734,1]},
{"frame":37,"values":[1,0.0043,0.0047,0,-0.0044,0.9999,0.0149,0,-0.0046,-0.0149,0.9999,0,0.1169,10.681,0.3734,1]},
{"frame":38,"values":[1,0.0042,0.0044,0,-0.0042,0.9999,0.0155,0,-0.0044,-0.0155,0.9999,0,0.1169,10.681,0.3734,1]},
{"frame":39,"values":[1,0.004,0.0042,0,-0.0041,0.9999,0.0162,0,-0.0041,-0.0162,0.9999,0,0.1169,10.681,0.3734,1]},
{"frame":40,"values":[1,0.0041,0.0042,0,-0.0041,0.9998,0.017,0,-0.0041,-0.0171,0.9998,0,0.1169,10.681,0.3734,1]},
{"frame":41,"values":[1,0.0043,0.0045,0,-0.0043,0.9998,0.0179,0,-0.0044,-0.0179,0.9998,0,0.1169,10.681,0.3734,1]},
{"frame":42,"values":[1,0.0045,0.0048,0,-0.0045,0.9998,0.0187,0,-0.0047,-0.0187,0.9998,0,0.1169,10.681,0.3734,1]},
{"frame":43,"values":[1,0.0045,0.005,0,-0.0046,0.9998,0.0195,0,-0.005,-0.0195,0.9998,0,0.1169,10.681,0.3734,1]},
{"frame":44,"values":[1,0.0043,0.0051,0,-0.0044,0.9998,0.0203,0,-0.0051,-0.0203,0.9998,0,0.1169,10.6811,0.3734,1]},
{"frame":45,"values":[1,0.0041,0.0052,0,-0.0042,0.9998,0.0211,0,-0.0051,-0.0211,0.9998,0,0.1169,10.681,0.3734,1]},
{"frame":46,"values":[1,0.0039,0.0052,0,-0.004,0.9998,0.0218,0,-0.0051,-0.0218,0.9997,0,0.1169,10.681,0.3734,1]},
{"frame":47,"values":[1,0.0038,0.0053,0,-0.0039,0.9997,0.0223,0,-0.0052,-0.0223,0.9997,0,0.1169,10.681,0.3734,1]},
{"frame":48,"values":[1,0.0038,0.0053,0,-0.0039,0.9997,0.0226,0,-0.0052,-0.0226,0.9997,0,0.1169,10.681,0.3734,1]},
{"frame":49,"values":[1,0.0038,0.0053,0,-0.0039,0.9997,0.0227,0,-0.0052,-0.0227,0.9997,0,0.1169,10.681,0.3734,1]},
{"frame":50,"values":[1,0.0038,0.0054,0,-0.0039,0.9997,0.0227,0,-0.0053,-0.0227,0.9997,0,0.1169,10.681,0.3734,1]},
{"frame":51,"values":[1,0.0037,0.0055,0,-0.0038,0.9997,0.0226,0,-0.0054,-0.0226,0.9997,0,0.1169,10.681,0.3734,1]},
{"frame":52,"values":[1,0.0036,0.0055,0,-0.0037,0.9997,0.0226,0,-0.0055,-0.0226,0.9997,0,0.1169,10.6811,0.3734,1]},
{"frame":53,"values":[1,0.0033,0.0055,0,-0.0035,0.9997,0.0225,0,-0.0055,-0.0226,0.9997,0,0.1169,10.6811,0.3734,1]},
{"frame":54,"values":[1,0.0031,0.0055,0,-0.0032,0.9997,0.0225,0,-0.0054,-0.0225,0.9997,0,0.1169,10.681,0.3734,1]},
{"frame":55,"values":[1,0.0029,0.0054,0,-0.0031,0.9997,0.0224,0,-0.0053,-0.0224,0.9997,0,0.1169,10.681,0.3734,1]},
{"frame":56,"values":[1,0.0029,0.0054,0,-0.003,0.9997,0.0223,0,-0.0053,-0.0223,0.9997,0,0.1169,10.681,0.3734,1]},
{"frame":57,"values":[1,0.0029,0.0055,0,-0.0031,0.9998,0.0221,0,-0.0054,-0.0221,0.9997,0,0.1169,10.681,0.3734,1]},
{"frame":58,"values":[1,0.003,0.0056,0,-0.0031,0.9998,0.0218,0,-0.0055,-0.0218,0.9997,0,0.1169,10.681,0.3734,1]},
{"frame":59,"values":[1,0.003,0.0057,0,-0.0031,0.9998,0.0214,0,-0.0056,-0.0214,0.9998,0,0.1169,10.681,0.3734,1]},
{"frame":60,"values":[1,0.003,0.0057,0,-0.0031,0.9998,0.0208,0,-0.0057,-0.0208,0.9998,0,0.1169,10.681,0.3734,1]},
{"frame":61,"values":[1,0.003,0.0058,0,-0.0031,0.9998,0.0201,0,-0.0057,-0.0202,0.9998,0,0.1169,10.681,0.3734,1]},
{"frame":62,"values":[1,0.0032,0.0059,0,-0.0033,0.9998,0.0194,0,-0.0059,-0.0194,0.9998,0,0.1169,10.681,0.3734,1]},
{"frame":63,"values":[1,0.0034,0.0062,0,-0.0036,0.9998,0.0186,0,-0.0061,-0.0186,0.9998,0,0.1169,10.681,0.3734,1]},
{"frame":64,"values":[1,0.0037,0.0065,0,-0.0038,0.9998,0.0177,0,-0.0064,-0.0178,0.9998,0,0.1169,10.681,0.3734,1]},
{"frame":65,"values":[1,0.0038,0.0069,0,-0.0039,0.9999,0.0168,0,-0.0068,-0.0169,0.9998,0,0.1169,10.681,0.3734,1]},
{"frame":66,"values":[1,0.0039,0.0072,0,-0.004,0.9999,0.0158,0,-0.0071,-0.0159,0.9998,0,0.1169,10.681,0.3734,1]},
{"frame":67,"values":[1,0.0038,0.0073,0,-0.0039,0.9999,0.0148,0,-0.0073,-0.0148,0.9999,0,0.1169,10.681,0.3734,1]},
{"frame":68,"values":[1,0.0038,0.0075,0,-0.0039,0.9999,0.0138,0,-0.0074,-0.0138,0.9999,0,0.1169,10.681,0.3734,1]},
{"frame":69,"values":[1,0.0038,0.0076,0,-0.0039,0.9999,0.013,0,-0.0075,-0.013,0.9999,0,0.1169,10.681,0.3734,1]},
{"frame":70,"values":[1,0.0039,0.0077,0,-0.004,0.9999,0.0123,0,-0.0077,-0.0123,0.9999,0,0.1169,10.681,0.3734,1]},
{"frame":71,"values":[1,0.004,0.0078,0,-0.004,0.9999,0.0117,0,-0.0078,-0.0118,0.9999,0,0.1169,10.681,0.3734,1]},
{"frame":72,"values":[1,0.004,0.0079,0,-0.0041,0.9999,0.0112,0,-0.0078,-0.0113,0.9999,0,0.1169,10.681,0.3734,1]},
{"frame":73,"values":[1,0.004,0.0078,0,-0.0041,0.9999,0.0108,0,-0.0078,-0.0108,0.9999,0,0.1169,10.681,0.3734,1]},
{"frame":74,"values":[1,0.0041,0.0077,0,-0.0042,0.9999,0.0104,0,-0.0077,-0.0105,0.9999,0,0.1169,10.6811,0.3734,1]},
{"frame":75,"values":[1,0.0041,0.0076,0,-0.0042,0.9999,0.0102,0,-0.0076,-0.0102,0.9999,0,0.1169,10.681,0.3734,1]},
{"frame":76,"values":[1,0.0041,0.0074,0,-0.0042,0.9999,0.0101,0,-0.0074,-0.0101,0.9999,0,0.1169,10.681,0.3734,1]},
{"frame":77,"values":[1,0.004,0.0072,0,-0.004,0.9999,0.0103,0,-0.0071,-0.0103,0.9999,0,0.1169,10.681,0.3734,1]},
