{"producer":{"name":"Blender","version":"2.90.0","exporter_version":"2.80.1","file":"fight_blockleft.babylon"},
"autoClear":true,"clearColor":[0.0509,0.0509,0.0509],"gravity":[0,-9.81,0],
"materials":[{"name":"Material","id":"Material","customType":"BABYLON.PBRMaterial","backFaceCulling":true,"checkReadyOnlyOnce":false,"maxSimultaneousLights":4,"environmentIntensity":1,"albedo":[0.8,0.8,0.8],"reflectivity":[0.5,0.5,0.5],"roughness":0.4,"alpha":1,"transparencyMode":0,"alphaCutOff":0.4,"metallic":0}],
"multiMaterials":[],
"skeletons":[{"name":"Armature","id":0,"dimensionsAtRest":[232.1761,222.9347,36.3014],"bones":[
{"name":"Hips","index":0,"matrix":[0.9945,-0.0256,0.1018,0,-0.0017,0.9658,0.2592,0,0.105,0.2579,-0.9604,0,-0.1835,82.0049,-1.7685,1],"rest":[1,0,0,0,0,1,0,0,0,0,-1,0,0,89.0054,0,1],"parentBoneIndex":-1,"length":14.2998
,"animation":{"dataType":3,"framePerSecond":24,"keys":[
{"frame":1,"values":[0.9945,-0.0256,0.1018,0,-0.0017,0.9658,0.2592,0,0.105,0.2579,-0.9604,0,-0.1835,82.0049,-1.7685,1]},
{"frame":2,"values":[0.9966,-0.0204,0.0804,0,-0.0008,0.967,0.2547,0,0.0829,0.2539,-0.9637,0,-0.4582,82.078,-1.7334,1]},
{"frame":3,"values":[0.9996,-0.0191,0.022,0,0.0128,0.9663,0.2571,0,0.0261,0.2567,-0.9661,0,-0.9359,82.388,-1.7425,1]},
{"frame":4,"values":[0.9962,-0.0154,-0.0855,0,0.0371,0.9655,0.2579,0,-0.0786,0.2601,-0.9624,0,-1.7068,82.9865,-1.8387,1]},
{"frame":5,"values":[0.9769,-0.0133,-0.2133,0,0.0674,0.9663,0.2485,0,-0.2028,0.2571,-0.9449,0,-2.6705,83.6505,-1.8676,1]},
{"frame":6,"values":[0.9463,-0.0172,-0.3229,0,0.0977,0.9671,0.2347,0,-0.3083,0.2537,-0.9169,0,-3.6115,83.919,-1.5327,1]},
{"frame":7,"values":[0.9177,-0.0175,-0.3969,0,0.117,0.9666,0.228,0,-0.3796,0.2557,-0.8891,0,-4.3749,83.5144,-0.9486,1]},
{"frame":8,"values":[0.901,-0.0129,-0.4337,0,0.1237,0.9658,0.2281,0,-0.4159,0.2591,-0.8717,0,-4.9252,82.8566,-0.6473,1]},
{"frame":9,"values":[0.8942,-0.0123,-0.4475,0,0.1268,0.9656,0.227,0,-0.4293,0.2597,-0.865,0,-5.2798,82.468,-0.6674,1]},
{"frame":10,"values":[0.8856,-0.0146,-0.4641,0,0.1317,0.9664,0.2209,0,-0.4453,0.2568,-0.8578,0,-5.5324,82.3059,-0.668,1]},
{"frame":11,"values":[0.8661,-0.0126,-0.4997,0,0.1358,0.968,0.2109,0,-0.4811,0.2505,-0.8401,0,-5.805,82.0663,-0.5588,1]},
{"frame":12,"values":[0.8407,-0.0033,-0.5415,0,0.1346,0.9699,0.2029,0,-0.5245,0.2435,-0.8159,0,-6.0495,81.6325,-0.363,1]},
{"frame":13,"values":[0.8229,0.0075,-0.5681,0,0.1294,0.9712,0.2003,0,-0.5533,0.2383,-0.7982,0,-6.1387,81.1479,-0.144,1]},
{"frame":14,"values":[0.8166,0.0147,-0.5771,0,0.1246,0.9716,0.201,0,-0.5637,0.236,-0.7916,0,-6.1135,80.8371,-0.0342,1]},
{"frame":15,"values":[0.8194,0.0174,-0.573,0,0.1219,0.9714,0.2037,0,-0.5601,0.2368,-0.7939,0,-6.0336,80.7546,-0.0395,1]},
{"frame":16,"values":[0.828,0.0176,-0.5605,0,0.12,0.9708,0.2077,0,-0.5478,0.2392,-0.8017,0,-5.8991,80.8156,-0.0535,1]},
{"frame":17,"values":[0.8386,0.016,-0.5446,0,0.1184,0.9703,0.2108,0,-0.5318,0.2413,-0.8118,0,-5.718,80.9084,-0.0271,1]},
{"frame":18,"values":[0.8505,0.0117,-0.5258,0,0.1181,0.97,0.2125,0,-0.5125,0.2428,-0.8236,0,-5.5131,81.0115,0.0016,1]},
{"frame":19,"values":[0.8674,0.0041,-0.4976,0,0.1187,0.9694,0.2148,0,-0.4832,0.2454,-0.8404,0,-5.284,81.1782,-0.0223,1]},
{"frame":20,"values":[0.888,-0.0024,-0.4598,0,0.1163,0.9687,0.2194,0,-0.4449,0.2483,-0.8605,0,-5.0403,81.4117,-0.0986,1]},
{"frame":21,"values":[0.9092,-0.0051,-0.4164,0,0.1085,0.9683,0.2249,0,-0.402,0.2497,-0.8809,0,-4.7468,81.6796,-0.2034,1]},
{"frame":22,"values":[0.9302,-0.0063,-0.3669,0,0.0967,0.9687,0.2286,0,-0.354,0.2482,-0.9017,0,-4.3634,81.9563,-0.3352,1]},
{"frame":23,"values":[0.9492,-0.0058,-0.3146,0,0.0818,0.97,0.229,0,-0.3039,0.2431,-0.9212,0,-3.9377,82.1226,-0.4929,1]},
{"frame":24,"values":[0.9629,-0.0009,-0.2697,0,0.065,0.9713,0.2287,0,-0.2618,0.2377,-0.9354,0,-3.5433,82.0544,-0.669,1]},
{"frame":25,"values":[0.9734,0.0033,-0.2293,0,0.0511,0.9716,0.231,0,-0.2235,0.2366,-0.9456,0,-3.0939,81.8274,-0.7931,1]},
{"frame":26,"values":[0.9847,0.0007,-0.1741,0,0.0411,0.9708,0.2365,0,-0.1691,0.2401,-0.9559,0,-2.4717,81.6563,-0.8326,1]},
{"frame":27,"values":[0.9956,-0.0072,-0.0938,0,0.03,0.9693,0.2439,0,-0.0892,0.2457,-0.9652,0,-1.724,81.6715,-0.9788,1]},
{"frame":28,"values":[0.9999,-0.0165,0.0034,0,0.0151,0.9677,0.2518,0,0.0074,0.2517,-0.9678,0,-0.9511,81.8298,-1.3455,1]},
{"frame":29,"values":[0.9945,-0.0256,0.1018,0,-0.0017,0.9658,0.2592,0,0.105,0.2579,-0.9604,0,-0.1835,82.0049,-1.7685,1]}],"loopBehavior":1,"name":"anim","property":"_matrix"}},
{"name":"Spine","index":1,"matrix":[0.9997,0.022,0.0143,0,-0.0224,0.9992,0.0333,0,-0.0135,-0.0336,0.9993,0,0.1169,10.681,0.3734,1],"rest":[1,0,0,0,0,1,0,0,0,0,1,0,0.1169,10.681,0.3734,1],"parentBoneIndex":0,"length":13.8405
,"animation":{"dataType":3,"framePerSecond":24,"keys":[
{"frame":1,"values":[0.9997,0.022,0.0143,0,-0.0224,0.9992,0.0333,0,-0.0135,-0.0336,0.9993,0,0.1169,10.681,0.3734,1]},
{"frame":2,"values":[0.9997,0.0202,0.0142,0,-0.0207,0.9992,0.0343,0,-0.0135,-0.0346,0.9993,0,0.1169,10.681,0.3734,1]},
{"frame":3,"values":[0.9997,0.0189,0.012,0,-0.0193,0.9991,0.0372,0,-0.0113,-0.0374,0.9992,0,0.1169,10.681,0.3734,1]},
{"frame":4,"values":[0.9997,0.0217,0.0106,0,-0.0221,0.999,0.0391,0,-0.0098,-0.0394,0.9992,0,0.1169,10.681,0.3734,1]},
{"frame":5,"values":[0.9993,0.0342,0.016,0,-0.0347,0.9988,0.0338,0,-0.0148,-0.0344,0.9993,0,0.1169,10.681,0.3734,1]},
{"frame":6,"values":[0.9984,0.0494,0.0273,0,-0.0499,0.9986,0.0185,0,-0.0263,-0.0198,0.9995,0,0.1169,10.681,0.3734,1]},
{"frame":7,"values":[0.9982,0.0465,0.0388,0,-0.0466,0.9989,0.0024,0,-0.0387,-0.0043,0.9992,0,0.1169,10.681,0.3734,1]},
{"frame":8,"values":[0.9984,0.0214,0.0526,0,-0.0213,0.9998,-0.003,0,-0.0526,0.0019,0.9986,0,0.1169,10.681,0.3734,1]},
{"frame":9,"values":[0.9974,-0.0011,0.0722,0,0.0011,1,0.0006,0,-0.0722,-0.0005,0.9974,0,0.1169,10.681,0.3734,1]},
{"frame":10,"values":[0.9957,-0.0032,0.0921,0,0.0029,1,0.0039,0,-0.0921,-0.0036,0.9957,0,0.1169,10.681,0.3734,1]},
{"frame":11,"values":[0.9948,0.0045,0.1016,0,-0.005,1,0.0047,0,-0.1016,-0.0052,0.9948,0,0.1169,10.681,0.3734,1]},
{"frame":12,"values":[0.9949,0.0049,0.1005,0,-0.0055,1,0.0064,0,-0.1005,-0.007,0.9949,0,0.1169,10.681,0.3734,1]},
{"frame":13,"values":[0.9953,-0.0022,0.0969,0,0.0013,1,0.0097,0,-0.0969,-0.0096,0.9953,0,0.1169,10.681,0.3734,1]},
{"frame":14,"values":[0.9954,-0.0075,0.0958,0,0.0064,0.9999,0.0123,0,-0.0959,-0.0117,0.9953,0,0.1169,10.681,0.3734,1]},
{"frame":15,"values":[0.9953,-0.0073,0.0969,0,0.006,0.9999,0.0135,0,-0.097,-0.0128,0.9952,0,0.1169,10.681,0.3734,1]},
{"frame":16,"values":[0.9952,-0.0053,0.0973,0,0.004,0.9999,0.0141,0,-0.0974,-0.0136,0.9952,0,0.1169,10.681,0.3734,1]},
{"frame":17,"values":[0.9954,-0.0045,0.0961,0,0.0031,0.9999,0.0147,0,-0.0961,-0.0143,0.9953,0,0.1169,10.681,0.3734,1]},
{"frame":18,"values":[0.9955,-0.0037,0.0944,0,0.0023,0.9999,0.0155,0,-0.0944,-0.0153,0.9954,0,0.1169,10.681,0.3734,1]},
{"frame":19,"values":[0.9957,-0.0017,0.0925,0,0.0002,0.9999,0.0165,0,-0.0925,-0.0164,0.9956,0,0.1169,10.681,0.3734,1]},
{"frame":20,"values":[0.9961,0.0002,0.0882,0,-0.0017,0.9999,0.017,0,-0.0882,-0.0171,0.996,0,0.1169,10.681,0.3734,1]},
{"frame":21,"values":[0.9968,0.0015,0.0803,0,-0.0029,0.9999,0.0167,0,-0.0803,-0.0169,0.9966,0,0.1169,10.681,0.3734,1]},
{"frame":22,"values":[0.9975,0.0035,0.0709,0,-0.0048,0.9998,0.0175,0,-0.0708,-0.0178,0.9973,0,0.1169,10.681,0.3734,1]},
{"frame":23,"values":[0.9981,0.0075,0.0619,0,-0.0089,0.9997,0.0213,0,-0.0617,-0.0218,0.9979,0,0.1169,10.681,0.3734,1]},
{"frame":24,"values":[0.9986,0.0114,0.0516,0,-0.0128,0.9996,0.027,0,-0.0512,-0.0276,0.9983,0,0.1169,10.681,0.3734,1]},
{"frame":25,"values":[0.9991,0.0127,0.0394,0,-0.014,0.9994,0.0324,0,-0.0389,-0.0329,0.9987,0,0.1169,10.681,0.3734,1]},
{"frame":26,"values":[0.9995,0.0126,0.0288,0,-0.0136,0.9992,0.0366,0,-0.0284,-0.037,0.9989,0,0.1169,10.681,0.3734,1]},
{"frame":27,"values":[0.9996,0.0141,0.0224,0,-0.015,0.9992,0.038,0,-0.0219,-0.0383,0.999,0,0.1169,10.681,0.3734,1]},
{"frame":28,"values":[0.9997,0.0179,0.0184,0,-0.0185,0.9992,0.0361,0,-0.0178,-0.0364,0.9992,0,0.1169,10.681,0.3734,1]},
{"frame":29,"values":[0.9997,0.022,0.0143,0,-0.0224,0.9992,0.0333,0,-0.0135,-0.0336,0.9993,0,0.1169,10.681,0.3734,1]}],"loopBehavior":1,"name":"anim","property":"_matrix"}},
{"name":"Spine1","index":2,"matrix":[0.9999,-0.0036,0.013,0,0.0027,0.9977,0.0682,0,-0.0132,-0.0681,0.9976,0,0,13.8404,0.0535,1],"rest":[1,0,0,0,0,1,0,0,0,0,1,0,0,13.8404,0.0535,1],"parentBoneIndex":1,"length":14.7173
,"animation":{"dataType":3,"framePerSecond":24,"keys":[
{"frame":1,"values":[0.9999,-0.0036,0.013,0,0.0027,0.9977,0.0682,0,-0.0132,-0.0681,0.9976,0,0,13.8404,0.0535,1]},
{"frame":2,"values":[0.9999,-0.0075,0.0122,0,0.0066,0.9975,0.0703,0,-0.0127,-0.0703,0.9974,0,0,13.8404,0.0535,1]},
{"frame":3,"values":[0.9999,-0.0093,0.0079,0,0.0087,0.9972,0.0746,0,-0.0086,-0.0745,0.9972,0,0,13.8404,0.0535,1]},
{"frame":4,"values":[1,-0.0081,0.0031,0,0.0078,0.997,0.0772,0,-0.0037,-0.0771,0.997,0,0,13.8404,0.0535,1]},
{"frame":5,"values":[1,-0.0023,0.0019,0,0.0021,0.9974,0.0715,0,-0.002,-0.0715,0.9974,0,0,13.8404,0.0535,1]},
{"frame":6,"values":[1,0.0048,0.0071,0,-0.0052,0.9985,0.0538,0,-0.0068,-0.0538,0.9985,0,0,13.8404,0.0535,1]},
{"frame":7,"values":[0.9997,0.0019,0.0257,0,-0.0027,0.9995,0.0314,0,-0.0256,-0.0314,0.9992,0,0,13.8404,0.0535,1]},
{"frame":8,"values":[0.9977,-0.0137,0.0666,0,0.0126,0.9998,0.0173,0,-0.0669,-0.0164,0.9976,0,0,13.8404,0.0535,1]},
{"frame":9,"values":[0.9924,-0.0265,0.1201,0,0.0249,0.9996,0.0148,0,-0.1205,-0.0117,0.9926,0,0,13.8404,0.0535,1]},
{"frame":10,"values":[0.9866,-0.0249,0.161,0,0.0226,0.9996,0.0165,0,-0.1614,-0.0126,0.9868,0,0,13.8404,0.0535,1]},
{"frame":11,"values":[0.9846,-0.0171,0.1742,0,0.0142,0.9997,0.0179,0,-0.1745,-0.0152,0.9845,0,0,13.8404,0.0535,1]},
{"frame":12,"values":[0.9855,-0.0156,0.169,0,0.0122,0.9997,0.0212,0,-0.1693,-0.0188,0.9854,0,0,13.8404,0.0535,1]},
{"frame":13,"values":[0.9865,-0.0197,0.1623,0,0.0156,0.9995,0.0265,0,-0.1627,-0.0236,0.9864,0,0,13.8404,0.0535,1]},
{"frame":14,"values":[0.9867,-0.0222,0.1613,0,0.0174,0.9994,0.0309,0,-0.1619,-0.0277,0.9864,0,0,13.8404,0.0535,1]},
{"frame":15,"values":[0.9863,-0.0224,0.1635,0,0.0173,0.9993,0.0329,0,-0.1641,-0.0296,0.986,0,0,13.8404,0.0535,1]},
{"frame":16,"values":[0.9861,-0.023,0.1646,0,0.0176,0.9993,0.034,0,-0.1652,-0.0306,0.9858,0,0,13.8404,0.0535,1]},
{"frame":17,"values":[0.9863,-0.0232,0.1634,0,0.0177,0.9992,0.0353,0,-0.1641,-0.032,0.9859,0,0,13.8404,0.0535,1]},
{"frame":18,"values":[0.9866,-0.0214,0.1617,0,0.0156,0.9992,0.0372,0,-0.1624,-0.0342,0.9861,0,0,13.8404,0.0535,1]},
{"frame":19,"values":[0.9871,-0.0187,0.1592,0,0.0125,0.9991,0.0395,0,-0.1598,-0.037,0.9865,0,0,13.8404,0.0535,1]},
{"frame":20,"values":[0.9883,-0.017,0.1517,0,0.0109,0.9991,0.0413,0,-0.1523,-0.0392,0.9876,0,0,13.8404,0.0535,1]},
{"frame":21,"values":[0.9905,-0.0167,0.1367,0,0.011,0.999,0.0425,0,-0.1373,-0.0406,0.9897,0,0,13.8404,0.0535,1]},
{"frame":22,"values":[0.9928,-0.0175,0.1188,0,0.0122,0.9989,0.0449,0,-0.1194,-0.0431,0.9919,0,0,13.8404,0.0535,1]},
{"frame":23,"values":[0.9946,-0.0196,0.1018,0,0.0145,0.9986,0.0499,0,-0.1026,-0.0482,0.9936,0,0,13.8404,0.0535,1]},
{"frame":24,"values":[0.9963,-0.0221,0.0829,0,0.0175,0.9982,0.0565,0,-0.084,-0.0549,0.995,0,0,13.8404,0.0535,1]},
{"frame":25,"values":[0.9979,-0.0232,0.0607,0,0.0193,0.9978,0.0639,0,-0.0621,-0.0626,0.9961,0,0,13.8404,0.0535,1]},
{"frame":26,"values":[0.9989,-0.0219,0.0412,0,0.0189,0.9973,0.0714,0,-0.0427,-0.0706,0.9966,0,0,13.8404,0.0535,1]},
{"frame":27,"values":[0.9994,-0.0179,0.0289,0,0.0157,0.9971,0.0748,0,-0.0302,-0.0743,0.9968,0,0,13.8404,0.0535,1]},
{"frame":28,"values":[0.9997,-0.0111,0.021,0,0.0096,0.9973,0.0723,0,-0.0218,-0.0721,0.9972,0,0,13.8404,0.0535,1]},
{"frame":29,"values":[0.9999,-0.0036,0.013,0,0.0027,0.9977,0.0682,0,-0.0132,-0.0681,0.9976,0,0,13.8404,0.0535,1]}],"loopBehavior":1,"name":"anim","property":"_matrix"}},
{"name":"Spine2","index":3,"matrix":[0.9999,-0.0036,0.0131,0,0.0027,0.9977,0.0681,0,-0.0134,-0.0681,0.9976,0,0,14.7127,-0.3662,1],"rest":[1,0,0,0,0,1,0,0,0,0,1,0,0,14.7127,-0.3662,1],"parentBoneIndex":2,"length":31.8652
,"animation":{"dataType":3,"framePerSecond":24,"keys":[
{"frame":1,"values":[0.9999,-0.0036,0.0131,0,0.0027,0.9977,0.0681,0,-0.0134,-0.0681,0.9976,0,0,14.7127,-0.3662,1]},
{"frame":2,"values":[0.9999,-0.0076,0.0123,0,0.0067,0.9975,0.0703,0,-0.0128,-0.0702,0.9974,0,0,14.7127,-0.3662,1]},
{"frame":3,"values":[0.9999,-0.0094,0.0081,0,0.0088,0.9972,0.0745,0,-0.0088,-0.0745,0.9972,0,0,14.7127,-0.3662,1]},
{"frame":4,"values":[1,-0.0082,0.0032,0,0.0079,0.997,0.0771,0,-0.0038,-0.077,0.997,0,0,14.7127,-0.3662,1]},
{"frame":5,"values":[1,-0.0026,0.0017,0,0.0025,0.9974,0.0715,0,-0.0019,-0.0715,0.9974,0,0,14.7127,-0.3662,1]},
{"frame":6,"values":[1,0.004,0.0067,0,-0.0044,0.9985,0.0539,0,-0.0065,-0.0539,0.9985,0,0,14.7127,-0.3662,1]},
{"frame":7,"values":[0.9997,0.0013,0.0256,0,-0.0021,0.9995,0.0312,0,-0.0255,-0.0313,0.9992,0,0,14.7127,-0.3662,1]},
{"frame":8,"values":[0.9977,-0.0124,0.0672,0,0.0114,0.9998,0.0163,0,-0.0674,-0.0155,0.9976,0,0,14.7127,-0.3662,1]},
{"frame":9,"values":[0.9924,-0.0232,0.1211,0,0.0218,0.9997,0.0128,0,-0.1214,-0.0101,0.9926,0,0,14.7127,-0.3662,1]},
{"frame":10,"values":[0.9866,-0.021,0.1618,0,0.019,0.9997,0.0139,0,-0.1621,-0.0107,0.9867,0,0,14.7127,-0.3662,1]},
{"frame":11,"values":[0.9845,-0.0139,0.1748,0,0.0114,0.9998,0.0153,0,-0.175,-0.0131,0.9845,0,0,14.7127,-0.3662,1]},
{"frame":12,"values":[0.9854,-0.0131,0.1696,0,0.0101,0.9998,0.0184,0,-0.1698,-0.0165,0.9853,0,0,14.7127,-0.3662,1]},
{"frame":13,"values":[0.9865,-0.0175,0.163,0,0.0139,0.9996,0.0235,0,-0.1634,-0.0209,0.9863,0,0,14.7127,-0.3662,1]},
{"frame":14,"values":[0.9866,-0.0201,0.1622,0,0.0159,0.9995,0.0276,0,-0.1626,-0.0247,0.9864,0,0,14.7127,-0.3662,1]},
{"frame":15,"values":[0.9862,-0.0204,0.1644,0,0.0158,0.9994,0.0296,0,-0.1649,-0.0266,0.986,0,0,14.7127,-0.3662,1]},
{"frame":16,"values":[0.986,-0.0211,0.1655,0,0.0162,0.9994,0.0306,0,-0.166,-0.0275,0.9857,0,0,14.7127,-0.3662,1]},
{"frame":17,"values":[0.9862,-0.0213,0.1644,0,0.0162,0.9994,0.032,0,-0.165,-0.0289,0.9859,0,0,14.7127,-0.3662,1]},
{"frame":18,"values":[0.9865,-0.0196,0.1627,0,0.0142,0.9993,0.034,0,-0.1632,-0.0313,0.9861,0,0,14.7127,-0.3662,1]},
{"frame":19,"values":[0.987,-0.017,0.1601,0,0.0113,0.9993,0.0366,0,-0.1606,-0.0343,0.9864,0,0,14.7127,-0.3662,1]},
{"frame":20,"values":[0.9882,-0.0155,0.1526,0,0.0097,0.9992,0.0386,0,-0.1531,-0.0367,0.9875,0,0,14.7127,-0.3662,1]},
{"frame":21,"values":[0.9904,-0.0154,0.1377,0,0.01,0.9992,0.0399,0,-0.1382,-0.0381,0.9897,0,0,14.7127,-0.3662,1]},
{"frame":22,"values":[0.9927,-0.0165,0.1198,0,0.0115,0.999,0.0424,0,-0.1204,-0.0408,0.9919,0,0,14.7127,-0.3662,1]},
{"frame":23,"values":[0.9945,-0.0192,0.1029,0,0.0143,0.9988,0.0478,0,-0.1037,-0.0461,0.9935,0,0,14.7127,-0.3662,1]},
{"frame":24,"values":[0.9962,-0.0221,0.0839,0,0.0176,0.9983,0.055,0,-0.085,-0.0533,0.995,0,0,14.7127,-0.3662,1]},
{"frame":25,"values":[0.9978,-0.0233,0.0615,0,0.0194,0.9978,0.0631,0,-0.0628,-0.0618,0.9961,0,0,14.7127,-0.3662,1]},
{"frame":26,"values":[0.9989,-0.022,0.0419,0,0.019,0.9973,0.071,0,-0.0433,-0.0701,0.9966,0,0,14.7127,-0.3662,1]},
{"frame":27,"values":[0.9994,-0.018,0.0295,0,0.0158,0.9971,0.0746,0,-0.0307,-0.0741,0.9968,0,0,14.7127,-0.3662,1]},
{"frame":28,"values":[0.9997,-0.0112,0.0214,0,0.0096,0.9973,0.0721,0,-0.0221,-0.0719,0.9972,0,0,14.7127,-0.3662,1]},
{"frame":29,"values":[0.9999,-0.0036,0.0131,0,0.0027,0.9977,0.0681,0,-0.0134,-0.0681,0.9976,0,0,14.7127,-0.3662,1]}],"loopBehavior":1,"name":"anim","property":"_matrix"}},
{"name":"Neck","index":4,"matrix":[0.9991,-0.0152,0.0387,0,0.0081,0.9841,0.1772,0,-0.0408,-0.1768,0.9834,0,0,35.4155,-3.3142,1],"rest":[1,0,0,0,0,1,0,0,0,0,1,0,0,35.4155,-3.3142,1],"parentBoneIndex":3,"length":16.9431
,"animation":{"dataType":3,"framePerSecond":24,"keys":[
{"frame":1,"values":[0.9991,-0.0152,0.0387,0,0.0081,0.9841,0.1772,0,-0.0408,-0.1768,0.9834,0,0,35.4155,-3.3142,1]},
{"frame":2,"values":[0.9992,-0.0165,0.0351,0,0.0102,0.9853,0.1705,0,-0.0374,-0.17,0.9847,0,0,35.4155,-3.3142,1]},
{"frame":3,"values":[0.9994,-0.018,0.0291,0,0.0129,0.9858,0.1671,0,-0.0317,-0.1667,0.9855,0,0,35.4155,-3.3142,1]},
{"frame":4,"values":[0.9995,-0.0252,0.0166,0,0.0221,0.9861,0.1648,0,-0.0205,-0.1644,0.9862,0,0,35.4155,-3.3142,1]},
{"frame":5,"values":[0.9992,-0.0401,-0.0056,0,0.0405,0.986,0.1615,0,-0.001,-0.1616,0.9869,0,0,35.4155,-3.3142,1]},
{"frame":6,"values":[0.998,-0.0526,-0.0347,0,0.0576,0.985,0.1625,0,0.0257,-0.1641,0.9861,0,0,35.4155,-3.3142,1]},
{"frame":7,"values":[0.9971,-0.047,-0.0599,0,0.0567,0.9832,0.1734,0,0.0507,-0.1763,0.983,0,0,35.4155,-3.3142,1]},
{"frame":8,"values":[0.9969,-0.0263,-0.0746,0,0.0399,0.9813,0.1882,0,0.0683,-0.1906,0.9793,0,0,35.4155,-3.3142,1]},
{"frame":9,"values":[0.996,-0.0138,-0.0888,0,0.0309,0.9805,0.1941,0,0.0844,-0.1961,0.977,0,0,35.4155,-3.3142,1]},
{"frame":10,"values":[0.9934,-0.0228,-0.1124,0,0.0438,0.981,0.1888,0,0.106,-0.1924,0.9756,0,0,35.4155,-3.3142,1]},
{"frame":11,"values":[0.9897,-0.0421,-0.1369,0,0.0666,0.9816,0.1792,0,0.1268,-0.1865,0.9742,0,0,35.4155,-3.3142,1]},
{"frame":12,"values":[0.9874,-0.0535,-0.1492,0,0.079,0.9822,0.1706,0,0.1374,-0.1802,0.974,0,0,35.4155,-3.3142,1]},
{"frame":13,"values":[0.9873,-0.053,-0.1497,0,0.0777,0.9834,0.1642,0,0.1385,-0.1737,0.975,0,0,35.4155,-3.3142,1]},
{"frame":14,"values":[0.9878,-0.0496,-0.1477,0,0.0736,0.9841,0.1614,0,0.1374,-0.1703,0.9758,0,0,35.4155,-3.3142,1]},
{"frame":15,"values":[0.9879,-0.0489,-0.147,0,0.073,0.9839,0.1632,0,0.1367,-0.172,0.9756,0,0,35.4155,-3.3142,1]},
{"frame":16,"values":[0.988,-0.0496,-0.1463,0,0.074,0.9833,0.1666,0,0.1356,-0.1754,0.9751,0,0,35.4155,-3.3142,1]},
{"frame":17,"values":[0.9883,-0.0493,-0.1443,0,0.0736,0.9829,0.1687,0,0.1335,-0.1773,0.9751,0,0,35.4155,-3.3142,1]},
{"frame":18,"values":[0.9889,-0.0473,-0.141,0,0.0711,0.983,0.1691,0,0.1306,-0.1773,0.9755,0,0,35.4155,-3.3142,1]},
{"frame":19,"values":[0.9898,-0.0441,-0.1356,0,0.067,0.9833,0.1691,0,0.1258,-0.1765,0.9762,0,0,35.4155,-3.3142,1]},
{"frame":20,"values":[0.9911,-0.0411,-0.127,0,0.0625,0.9835,0.1696,0,0.1179,-0.1761,0.9773,0,0,35.4155,-3.3142,1]},
{"frame":21,"values":[0.9926,-0.0394,-0.1148,0,0.0587,0.9836,0.1703,0,0.1063,-0.1758,0.9787,0,0,35.4155,-3.3142,1]},
{"frame":22,"values":[0.9942,-0.0396,-0.1001,0,0.0564,0.9838,0.1703,0,0.0918,-0.1749,0.9803,0,0,35.4155,-3.3142,1]},
{"frame":23,"values":[0.9957,-0.0406,-0.0838,0,0.0544,0.984,0.1697,0,0.0755,-0.1735,0.9819,0,0,35.4155,-3.3142,1]},
{"frame":24,"values":[0.9971,-0.0386,-0.0654,0,0.0493,0.9841,0.1704,0,0.0577,-0.1731,0.9832,0,0,35.4155,-3.3142,1]},
{"frame":25,"values":[0.9985,-0.0317,-0.045,0,0.0391,0.9841,0.173,0,0.0388,-0.1745,0.9839,0,0,35.4155,-3.3142,1]},
{"frame":26,"values":[0.9994,-0.0236,-0.0241,0,0.0275,0.9841,0.1754,0,0.0196,-0.176,0.9842,0,0,35.4155,-3.3142,1]},
{"frame":27,"values":[0.9998,-0.0186,-0.0035,0,0.0189,0.9841,0.1764,0,0.0001,-0.1764,0.9843,0,0,35.4155,-3.3142,1]},
{"frame":28,"values":[0.9997,-0.0167,0.0175,0,0.0134,0.9842,0.1767,0,-0.0201,-0.1765,0.9841,0,0,35.4155,-3.3142,1]},
{"frame":29,"values":[0.9991,-0.0152,0.0387,0,0.0081,0.9841,0.1772,0,-0.0408,-0.1768,0.9834,0,0,35.4155,-3.3142,1]}],"loopBehavior":1,"name":"anim","property":"_matrix"}},
{"name":"Head","index":5,"matrix":[0.9518,0.1816,0.2471,0,-0.0985,0.9442,-0.3144,0,-0.2904,0.2749,0.9166,0,0,16.8992,1.2183,1],"rest":[1,0,0,0,0,1,0,0,0,0,1,0,0,16.8992,1.2183,1],"parentBoneIndex":4,"length":22.3142
,"animation":{"dataType":3,"framePerSecond":24,"keys":[
{"frame":1,"values":[0.9518,0.1816,0.2471,0,-0.0985,0.9442,-0.3144,0,-0.2904,0.2749,0.9166,0,0,16.8992,1.2183,1]},
{"frame":2,"values":[0.9538,0.1918,0.2314,0,-0.1099,0.9392,-0.3254,0,-0.2798,0.2849,0.9168,0,0,16.8992,1.2183,1]},
{"frame":3,"values":[0.9572,0.2027,0.2066,0,-0.1273,0.936,-0.3282,0,-0.2599,0.2879,0.9217,0,0,16.8992,1.2183,1]},
{"frame":4,"values":[0.9649,0.2093,0.1588,0,-0.1495,0.9345,-0.3232,0,-0.216,0.2881,0.9329,0,0,16.8992,1.2183,1]},
{"frame":5,"values":[0.9754,0.2071,0.075,0,-0.1741,0.9337,-0.3129,0,-0.1349,0.2922,0.9468,0,0,16.8992,1.2183,1]},
{"frame":6,"values":[0.9806,0.1911,-0.0446,0,-0.1958,0.9363,-0.2915,0,-0.014,0.2946,0.9555,0,0,16.8992,1.2183,1]},
{"frame":7,"values":[0.9715,0.161,-0.1741,0,-0.2017,0.947,-0.2501,0,0.1246,0.2781,0.9524,0,0,16.8992,1.2183,1]},
{"frame":8,"values":[0.949,0.1266,-0.2888,0,-0.1863,0.964,-0.1899,0,0.2543,0.234,0.9384,0,0,16.8992,1.2183,1]},
{"frame":9,"values":[0.9163,0.1045,-0.3866,0,-0.1658,0.9777,-0.1289,0,0.3645,0.1823,0.9132,0,0,16.8992,1.2183,1]},
{"frame":10,"values":[0.8765,0.0994,-0.4711,0,-0.159,0.9833,-0.0883,0,0.4544,0.1523,0.8777,0,0,16.8992,1.2183,1]},
{"frame":11,"values":[0.8392,0.1027,-0.534,0,-0.1673,0.9831,-0.0738,0,0.5174,0.1513,0.8423,0,0,16.8992,1.2183,1]},
{"frame":12,"values":[0.816,0.1049,-0.5685,0,-0.1802,0.9806,-0.0777,0,0.5493,0.1658,0.819,0,0,16.8992,1.2183,1]},
{"frame":13,"values":[0.8085,0.1039,-0.5792,0,-0.1897,0.9778,-0.0893,0,0.5571,0.1821,0.8103,0,0,16.8992,1.2183,1]},
{"frame":14,"values":[0.8087,0.1022,-0.5793,0,-0.193,0.9764,-0.0972,0,0.5557,0.1904,0.8093,0,0,16.8992,1.2183,1]},
{"frame":15,"values":[0.8111,0.1005,-0.5762,0,-0.1907,0.9767,-0.0981,0,0.553,0.1894,0.8114,0,0,16.8992,1.2183,1]},
{"frame":16,"values":[0.8144,0.0982,-0.5719,0,-0.1862,0.9777,-0.0972,0,0.5496,0.1856,0.8145,0,0,16.8992,1.2183,1]},
{"frame":17,"values":[0.8191,0.0947,-0.5658,0,-0.1806,0.9787,-0.0978,0,0.5444,0.1823,0.8188,0,0,16.8992,1.2183,1]},
{"frame":18,"values":[0.8261,0.0911,-0.5561,0,-0.174,0.9799,-0.0979,0,0.536,0.1776,0.8253,0,0,16.8992,1.2183,1]},
{"frame":19,"values":[0.8382,0.0904,-0.5378,0,-0.1688,0.9807,-0.0983,0,0.5185,0.1732,0.8373,0,0,16.8992,1.2183,1]},
{"frame":20,"values":[0.8584,0.0933,-0.5045,0,-0.1675,0.9804,-0.1037,0,0.4849,0.1735,0.8572,0,0,16.8992,1.2183,1]},
{"frame":21,"values":[0.8862,0.0955,-0.4533,0,-0.1659,0.979,-0.1181,0,0.4325,0.1798,0.8835,0,0,16.8992,1.2183,1]},
{"frame":22,"values":[0.9169,0.0932,-0.3881,0,-0.1595,0.9769,-0.1423,0,0.3658,0.1924,0.9106,0,0,16.8992,1.2183,1]},
{"frame":23,"values":[0.9455,0.0928,-0.3121,0,-0.1532,0.9726,-0.175,0,0.2873,0.2133,0.9338,0,0,16.8992,1.2183,1]},
{"frame":24,"values":[0.9683,0.1062,-0.2259,0,-0.1549,0.9653,-0.2104,0,0.1957,0.2387,0.9512,0,0,16.8992,1.2183,1]},
{"frame":25,"values":[0.9822,0.1329,-0.1326,0,-0.162,0.9569,-0.2409,0,0.0949,0.2581,0.9614,0,0,16.8992,1.2183,1]},
{"frame":26,"values":[0.9866,0.1583,-0.0389,0,-0.1629,0.9508,-0.2636,0,-0.0047,0.2664,0.9639,0,0,16.8992,1.2183,1]},
{"frame":27,"values":[0.9835,0.1724,0.0545,0,-0.1504,0.9474,-0.2825,0,-0.1003,0.2697,0.9577,0,0,16.8992,1.2183,1]},
{"frame":28,"values":[0.9725,0.1777,0.1507,0,-0.1263,0.9455,-0.3,0,-0.1958,0.2727,0.942,0,0,16.8992,1.2183,1]},
{"frame":29,"values":[0.9518,0.1816,0.2471,0,-0.0985,0.9442,-0.3144,0,-0.2904,0.2749,0.9166,0,0,16.8992,1.2183,1]}],"loopBehavior":1,"name":"anim","property":"_matrix"}},
{"name":"HeadTop_End","index":6,"matrix":[1,0,0,0,0,1,0,0,0,0,1,0,0,22.2062,2.1925,1],"rest":[1,0,0,0,0,1,0,0,0,0,1,0,0,22.2062,2.1925,1],"parentBoneIndex":5,"length":22.3142
,"animation":{"dataType":3,"framePerSecond":24,"keys":[
{"frame":1,"values":[1,0,0,0,0,1,0,0,0,0,1,0,0,22.2062,2.1925,1]},
{"frame":29,"values":[1,0,0,0,0,1,0,0,0,0,1,0,0,22.2062,2.1925,1]}],"loopBehavior":1,"name":"anim","property":"_matrix"}},
{"name":"LeftShoulder","index":7,"matrix":[0.9704,-0.1433,-0.1946,0,0.1411,0.9897,-0.0248,0,0.1961,-0.0034,0.9806,0,12.8964,26.7163,-4.5484,1],"rest":[1,0,0,0,0,1,0,0,0,0,1,0,12.8964,26.7163,-4.5484,1],"parentBoneIndex":3,"length":19.7122
,"animation":{"dataType":3,"framePerSecond":24,"keys":[
{"frame":1,"values":[0.9704,-0.1433,-0.1946,0,0.1411,0.9897,-0.0248,0,0.1961,-0.0034,0.9806,0,12.8964,26.7163,-4.5484,1]},
{"frame":2,"values":[0.9689,-0.1376,-0.2058,0,0.1355,0.9905,-0.0245,0,0.2072,-0.0042,0.9783,0,12.8964,26.7163,-4.5484,1]},
{"frame":3,"values":[0.9633,-0.1324,-0.2334,0,0.1298,0.9912,-0.0266,0,0.2349,-0.0046,0.972,0,12.8964,26.7163,-4.5484,1]},
{"frame":4,"values":[0.9513,-0.1337,-0.2778,0,0.1294,0.991,-0.0341,0,0.2798,-0.0035,0.96,0,12.8964,26.7163,-4.5484,1]},
{"frame":5,"values":[0.9376,-0.1424,-0.3173,0,0.1359,0.9898,-0.0427,0,0.3202,-0.0031,0.9474,0,12.8964,26.7163,-4.5484,1]},
{"frame":6,"values":[0.9432,-0.1508,-0.2959,0,0.1453,0.9886,-0.0404,0,0.2986,-0.0049,0.9544,0,12.8964,26.7163,-4.5484,1]},
{"frame":7,"values":[0.9762,-0.1501,-0.1563,0,0.1488,0.9887,-0.02,0,0.1575,-0.0037,0.9875,0,12.8964,26.7163,-4.5484,1]},
{"frame":8,"values":[0.9871,-0.1414,0.0751,0,0.1412,0.9899,0.0085,0,-0.0755,0.0022,0.9971,0,12.8964,26.7163,-4.5484,1]},
{"frame":9,"values":[0.957,-0.1343,0.257,0,0.1309,0.9909,0.0305,0,-0.2588,0.0044,0.9659,0,12.8964,26.7163,-4.5484,1]},
{"frame":10,"values":[0.9429,-0.1334,0.3053,0,0.1266,0.9911,0.0422,0,-0.3082,-0.0012,0.9513,0,12.8964,26.7163,-4.5484,1]},
{"frame":11,"values":[0.9535,-0.1357,0.2692,0,0.128,0.9907,0.0462,0,-0.273,-0.0096,0.962,0,12.8964,26.7163,-4.5484,1]},
{"frame":12,"values":[0.9622,-0.1339,0.2373,0,0.127,0.9909,0.0443,0,-0.2411,-0.0125,0.9704,0,12.8964,26.7163,-4.5484,1]},
{"frame":13,"values":[0.9633,-0.1264,0.2368,0,0.1204,0.9919,0.0396,0,-0.2399,-0.0096,0.9707,0,12.8964,26.7163,-4.5484,1]},
{"frame":14,"values":[0.9622,-0.1205,0.2444,0,0.115,0.9927,0.0369,0,-0.247,-0.0074,0.969,0,12.8964,26.7163,-4.5484,1]},
{"frame":15,"values":[0.9608,-0.1208,0.2496,0,0.1149,0.9927,0.0379,0,-0.2524,-0.0078,0.9676,0,12.8964,26.7163,-4.5484,1]},
{"frame":16,"values":[0.9574,-0.1244,0.2605,0,0.1176,0.9922,0.0414,0,-0.2636,-0.009,0.9646,0,12.8964,26.7163,-4.5484,1]},
{"frame":17,"values":[0.9527,-0.128,0.2755,0,0.1202,0.9917,0.0452,0,-0.279,-0.01,0.9602,0,12.8964,26.7163,-4.5484,1]},
{"frame":18,"values":[0.9506,-0.1305,0.2816,0,0.1221,0.9914,0.0474,0,-0.2853,-0.0107,0.9584,0,12.8964,26.7163,-4.5484,1]},
{"frame":19,"values":[0.953,-0.1338,0.2717,0,0.1254,0.9909,0.0483,0,-0.2757,-0.0119,0.9612,0,12.8964,26.7163,-4.5484,1]},
{"frame":20,"values":[0.9579,-0.1423,0.2495,0,0.1339,0.9897,0.0503,0,-0.2541,-0.0148,0.9671,0,12.8964,26.7163,-4.5484,1]},
{"frame":21,"values":[0.9642,-0.1582,0.2129,0,0.1505,0.9872,0.0521,0,-0.2185,-0.0182,0.9757,0,12.8964,26.7163,-4.5484,1]},
{"frame":22,"values":[0.9726,-0.1752,0.1527,0,0.17,0.9843,0.0465,0,-0.1585,-0.0193,0.9872,0,12.8964,26.7163,-4.5484,1]},
{"frame":23,"values":[0.9807,-0.1828,0.0687,0,0.1812,0.983,0.0297,0,-0.073,-0.0167,0.9972,0,12.8964,26.7163,-4.5484,1]},
{"frame":24,"values":[0.984,-0.1777,-0.0143,0,0.1779,0.984,0.0091,0,0.0125,-0.0115,0.9999,0,12.8964,26.7163,-4.5484,1]},
{"frame":25,"values":[0.9835,-0.1678,-0.0673,0,0.1679,0.9858,-0.0041,0,0.067,-0.0073,0.9977,0,12.8964,26.7163,-4.5484,1]},
{"frame":26,"values":[0.9827,-0.1606,-0.0919,0,0.1605,0.987,-0.009,0,0.0921,-0.0059,0.9957,0,12.8964,26.7163,-4.5484,1]},
{"frame":27,"values":[0.9809,-0.1556,-0.1166,0,0.1552,0.9878,-0.0126,0,0.1171,-0.0057,0.9931,0,12.8964,26.7163,-4.5484,1]},
{"frame":28,"values":[0.9766,-0.1498,-0.1542,0,0.1487,0.9887,-0.0185,0,0.1552,-0.0048,0.9879,0,12.8964,26.7163,-4.5484,1]},
{"frame":29,"values":[0.9704,-0.1433,-0.1946,0,0.1411,0.9897,-0.0248,0,0.1961,-0.0034,0.9806,0,12.8964,26.7163,-4.5484,1]}],"loopBehavior":1,"name":"anim","property":"_matrix"}},
{"name":"LeftArm","index":8,"matrix":[0.6313,-0.6846,-0.3645,0,0.7584,0.4464,0.475,0,-0.1625,-0.5763,0.8009,0,19.027,-4.857,-1.7184,1],"rest":[1,0,0,0,0,1,0,0,0,0,1,0,19.027,-4.857,-1.7184,1],"parentBoneIndex":7,"length":24.1799
,"animation":{"dataType":3,"framePerSecond":24,"keys":[
{"frame":1,"values":[0.6313,-0.6846,-0.3645,0,0.7584,0.4464,0.475,0,-0.1625,-0.5763,0.8009,0,19.027,-4.857,-1.7184,1]},
{"frame":2,"values":[0.6372,-0.6954,-0.3323,0,0.7467,0.4501,0.4898,0,-0.1911,-0.5602,0.806,0,19.027,-4.857,-1.7184,1]},
{"frame":3,"values":[0.6407,-0.7034,-0.3079,0,0.7403,0.4595,0.4907,0,-0.2037,-0.5423,0.8151,0,19.027,-4.857,-1.7184,1]},
{"frame":4,"values":[0.6429,-0.7112,-0.2843,0,0.7462,0.4977,0.4422,0,-0.173,-0.4964,0.8507,0,19.027,-4.857,-1.7184,1]},
{"frame":5,"values":[0.6559,-0.7265,-0.2049,0,0.7469,0.5854,0.3153,0,-0.1091,-0.3599,0.9266,0,19.027,-4.857,-1.7184,1]},
{"frame":6,"values":[0.6821,-0.7311,-0.0173,0,0.7277,0.6762,0.1152,0,-0.0725,-0.0912,0.9932,0,19.027,-4.857,-1.7184,1]},
{"frame":7,"values":[0.6972,-0.6584,0.2836,0,0.7049,0.7017,-0.104,0,-0.1305,0.2724,0.9533,0,19.027,-4.857,-1.7184,1]},
{"frame":8,"values":[0.6902,-0.4649,0.5545,0,0.6776,0.6842,-0.2696,0,-0.2541,0.5618,0.7873,0,19.027,-4.857,-1.7184,1]},
{"frame":9,"values":[0.6918,-0.294,0.6596,0,0.6277,0.6964,-0.3479,0,-0.3571,0.6547,0.6663,0,19.027,-4.857,-1.7184,1]},
{"frame":10,"values":[0.6784,-0.2483,0.6915,0,0.6088,0.7169,-0.3398,0,-0.4113,0.6515,0.6375,0,19.027,-4.857,-1.7184,1]},
{"frame":11,"values":[0.6504,-0.2556,0.7153,0,0.6061,0.7422,-0.2859,0,-0.4579,0.6195,0.6376,0,19.027,-4.857,-1.7184,1]},
{"frame":12,"values":[0.6375,-0.2465,0.73,0,0.5875,0.7685,-0.2535,0,-0.4985,0.5904,0.6347,0,19.027,-4.857,-1.7184,1]},
{"frame":13,"values":[0.6401,-0.2214,0.7357,0,0.572,0.7766,-0.264,0,-0.5129,0.5898,0.6238,0,19.027,-4.857,-1.7184,1]},
{"frame":14,"values":[0.6396,-0.2039,0.7411,0,0.5712,0.7713,-0.2807,0,-0.5144,0.6029,0.6098,0,19.027,-4.857,-1.7184,1]},
{"frame":15,"values":[0.6345,-0.2009,0.7463,0,0.5743,0.7689,-0.2812,0,-0.5173,0.607,0.6032,0,19.027,-4.857,-1.7184,1]},
{"frame":16,"values":[0.6321,-0.2047,0.7474,0,0.5757,0.7696,-0.2762,0,-0.5186,0.6049,0.6043,0,19.027,-4.857,-1.7184,1]},
{"frame":17,"values":[0.6307,-0.2114,0.7466,0,0.5805,0.767,-0.2732,0,-0.5149,0.6058,0.6065,0,19.027,-4.857,-1.7184,1]},
{"frame":18,"values":[0.623,-0.2306,0.7474,0,0.5934,0.762,-0.2595,0,-0.5097,0.6052,0.6116,0,19.027,-4.857,-1.7184,1]},
{"frame":19,"values":[0.6071,-0.2836,0.7423,0,0.6175,0.7563,-0.2161,0,-0.5001,0.5895,0.6343,0,19.027,-4.857,-1.7184,1]},
{"frame":20,"values":[0.5902,-0.3771,0.7137,0,0.6441,0.753,-0.1347,0,-0.4866,0.5392,0.6874,0,19.027,-4.857,-1.7184,1]},
{"frame":21,"values":[0.5859,-0.4915,0.6444,0,0.6496,0.7602,-0.0109,0,-0.4844,0.425,0.7647,0,19.027,-4.857,-1.7184,1]},
{"frame":22,"values":[0.6083,-0.5963,0.5238,0,0.6193,0.7694,0.1566,0,-0.4964,0.2292,0.8373,0,19.027,-4.857,-1.7184,1]},
{"frame":23,"values":[0.6573,-0.6703,0.3443,0,0.5747,0.7415,0.3463,0,-0.4874,-0.0298,0.8727,0,19.027,-4.857,-1.7184,1]},
{"frame":24,"values":[0.7018,-0.7011,0.1263,0,0.5684,0.658,0.4939,0,-0.4294,-0.2748,0.8603,0,19.027,-4.857,-1.7184,1]},
{"frame":25,"values":[0.7081,-0.7022,-0.0745,0,0.6154,0.5618,0.5528,0,-0.3464,-0.4373,0.83,0,19.027,-4.857,-1.7184,1]},
{"frame":26,"values":[0.6847,-0.6972,-0.2126,0,0.6749,0.4964,0.5459,0,-0.2751,-0.5173,0.8104,0,19.027,-4.857,-1.7184,1]},
{"frame":27,"values":[0.6618,-0.6922,-0.2878,0,0.7145,0.4663,0.5216,0,-0.2269,-0.5508,0.8032,0,19.027,-4.857,-1.7184,1]},
{"frame":28,"values":[0.6469,-0.6884,-0.3281,0,0.7375,0.4554,0.4988,0,-0.194,-0.5646,0.8023,0,19.027,-4.857,-1.7184,1]},
{"frame":29,"values":[0.6313,-0.6846,-0.3645,0,0.7584,0.4464,0.475,0,-0.1625,-0.5763,0.8009,0,19.027,-4.857,-1.7184,1]}],"loopBehavior":1,"name":"anim","property":"_matrix"}},
{"name":"LeftForeArm","index":9,"matrix":[0.2507,0.0947,0.9634,0,0.0947,0.988,-0.1217,0,-0.9634,0.1217,0.2387,0,24.1799,0,0,1],"rest":[1,0,0,0,0,1,0,0,0,0,1,0,24.1799,0,0,1],"parentBoneIndex":8,"length":27.1564
,"animation":{"dataType":3,"framePerSecond":24,"keys":[
{"frame":1,"values":[0.2507,0.0947,0.9634,0,0.0947,0.988,-0.1217,0,-0.9634,0.1217,0.2387,0,24.1799,0,0,1]},
{"frame":2,"values":[0.2567,0.0939,0.9619,0,0.0939,0.9881,-0.1215,0,-0.9619,0.1215,0.2448,0,24.1799,0,0,1]},
{"frame":3,"values":[0.2483,0.095,0.964,0,0.095,0.988,-0.1218,0,-0.964,0.1218,0.2363,0,24.1799,0,0,1]},
{"frame":4,"values":[0.1996,0.1011,0.9746,0,0.1011,0.9872,-0.1231,0,-0.9746,0.1231,0.1868,0,24.1799,0,0,1]},
{"frame":5,"values":[0.1199,0.1112,0.9865,0,0.1112,0.986,-0.1246,0,-0.9865,0.1246,0.1059,0,24.1799,0,0,1]},
{"frame":6,"values":[0.0519,0.1198,0.9914,0,0.1198,0.9849,-0.1252,0,-0.9914,0.1253,0.0368,0,24.1799,0,0,1]},
{"frame":7,"values":[0.0337,0.1221,0.992,0,0.1221,0.9846,-0.1253,0,-0.9919,0.1253,0.0182,0,24.1799,0,0,1]},
{"frame":8,"values":[0.0832,0.1158,0.9898,0,0.1158,0.9854,-0.125,0,-0.9898,0.125,0.0685,0,24.1799,0,0,1]},
{"frame":9,"values":[0.1883,0.1025,0.9767,0,0.1025,0.987,-0.1234,0,-0.9767,0.1234,0.1754,0,24.1799,0,0,1]},
{"frame":10,"values":[0.2914,0.0895,0.9524,0,0.0895,0.9887,-0.1203,0,-0.9524,0.1203,0.2801,0,24.1799,0,0,1]},
{"frame":11,"values":[0.337,0.0838,0.9378,0,0.0838,0.9894,-0.1185,0,-0.9378,0.1185,0.3264,0,24.1799,0,0,1]},
{"frame":12,"values":[0.3331,0.0843,0.9391,0,0.0843,0.9894,-0.1186,0,-0.9391,0.1186,0.3224,0,24.1799,0,0,1]},
{"frame":13,"values":[0.3197,0.0859,0.9436,0,0.0859,0.9891,-0.1192,0,-0.9436,0.1192,0.3089,0,24.1799,0,0,1]},
{"frame":14,"values":[0.3188,0.0861,0.9439,0,0.0861,0.9891,-0.1192,0,-0.9439,0.1192,0.3079,0,24.1799,0,0,1]},
{"frame":15,"values":[0.3247,0.0853,0.942,0,0.0853,0.9892,-0.119,0,-0.942,0.119,0.3139,0,24.1799,0,0,1]},
{"frame":16,"values":[0.3297,0.0847,0.9403,0,0.0847,0.9893,-0.1188,0,-0.9403,0.1188,0.319,0,24.1799,0,0,1]},
{"frame":17,"values":[0.3344,0.0841,0.9387,0,0.0841,0.9894,-0.1186,0,-0.9387,0.1186,0.3238,0,24.1799,0,0,1]},
{"frame":18,"values":[0.33,0.0846,0.9402,0,0.0846,0.9893,-0.1188,0,-0.9402,0.1188,0.3193,0,24.1799,0,0,1]},
{"frame":19,"values":[0.2931,0.0893,0.9519,0,0.0893,0.9887,-0.1202,0,-0.9519,0.1203,0.2819,0,24.1799,0,0,1]},
{"frame":20,"values":[0.2148,0.0992,0.9716,0,0.0992,0.9875,-0.1227,0,-0.9716,0.1227,0.2022,0,24.1799,0,0,1]},
{"frame":21,"values":[0.1166,0.1116,0.9869,0,0.1116,0.9859,-0.1247,0,-0.9869,0.1247,0.1025,0,24.1799,0,0,1]},
{"frame":22,"values":[0.0395,0.1213,0.9918,0,0.1213,0.9847,-0.1253,0,-0.9918,0.1253,0.0242,0,24.1799,0,0,1]},
{"frame":23,"values":[0.0214,0.1236,0.9921,0,0.1236,0.9844,-0.1253,0,-0.9921,0.1253,0.0058,0,24.1799,0,0,1]},
{"frame":24,"values":[0.0882,0.1152,0.9894,0,0.1152,0.9854,-0.125,0,-0.9894,0.125,0.0737,0,24.1799,0,0,1]},
{"frame":25,"values":[0.209,0.0999,0.9728,0,0.0999,0.9874,-0.1229,0,-0.9728,0.1229,0.1964,0,24.1799,0,0,1]},
{"frame":26,"values":[0.2959,0.0889,0.9511,0,0.089,0.9888,-0.1201,0,-0.9511,0.1201,0.2846,0,24.1799,0,0,1]},
{"frame":27,"values":[0.3081,0.0874,0.9473,0,0.0874,0.989,-0.1197,0,-0.9473,0.1197,0.2971,0,24.1799,0,0,1]},
{"frame":28,"values":[0.2788,0.0911,0.956,0,0.0911,0.9885,-0.1208,0,-0.956,0.1208,0.2673,0,24.1799,0,0,1]},
{"frame":29,"values":[0.2507,0.0947,0.9634,0,0.0947,0.988,-0.1217,0,-0.9634,0.1217,0.2387,0,24.1799,0,0,1]}],"loopBehavior":1,"name":"anim","property":"_matrix"}},
{"name":"LeftHand","index":10,"matrix":[0.9986,-0.0316,0.0425,0,0.024,0.9855,0.1679,0,-0.0472,-0.1666,0.9849,0,27.1564,0.0001,0,1],"rest":[1,0,0,0,0,1,0,0,0,0,1,0,27.1564,0.0001,0,1],"parentBoneIndex":9,"length":13.2912
,"animation":{"dataType":3,"framePerSecond":24,"keys":[
{"frame":1,"values":[0.9986,-0.0316,0.0425,0,0.024,0.9855,0.1679,0,-0.0472,-0.1666,0.9849,0,27.1564,0.0001,0,1]},
{"frame":2,"values":[0.9985,-0.0352,0.0425,0,0.0274,0.9848,0.1715,0,-0.0479,-0.1701,0.9843,0,27.1564,0.0001,0,1]},
{"frame":3,"values":[0.9984,-0.0362,0.0436,0,0.0282,0.9847,0.1722,0,-0.0492,-0.1707,0.9841,0,27.1564,0.0001,0,1]},
{"frame":4,"values":[0.9987,-0.0336,0.0372,0,0.0268,0.9849,0.1709,0,-0.0424,-0.1697,0.9846,0,27.1564,0.0001,0,1]},
{"frame":5,"values":[0.9993,-0.0302,0.0205,0,0.0267,0.9883,0.1505,0,-0.0248,-0.1498,0.9884,0,27.1564,0.0001,0,1]},
{"frame":6,"values":[0.9996,-0.0269,0.001,0,0.0267,0.9961,0.0842,0,-0.0032,-0.0842,0.9964,0,27.1564,0.0001,0,1]},
{"frame":7,"values":[0.9997,-0.0197,-0.0141,0,0.0195,0.9997,-0.0147,0,0.0144,0.0144,0.9998,0,27.1564,0.0001,0,1]},
{"frame":8,"values":[0.9997,-0.0071,-0.023,0,0.0048,0.9954,-0.0953,0,0.0235,0.0952,0.9952,0,27.1564,0.0001,0,1]},
{"frame":9,"values":[0.9997,0.0054,-0.0247,0,-0.0084,0.9921,-0.1255,0,0.0238,0.1257,0.9918,0,27.1564,0.0001,0,1]},
{"frame":10,"values":[0.9997,0.0125,-0.0211,0,-0.015,0.9926,-0.1204,0,0.0194,0.1207,0.9925,0,27.1564,0.0001,0,1]},
{"frame":11,"values":[0.9997,0.0158,-0.0194,0,-0.0178,0.9939,-0.1092,0,0.0176,0.1095,0.9938,0,27.1564,0.0001,0,1]},
{"frame":12,"values":[0.9996,0.0169,-0.0243,0,-0.0193,0.9943,-0.1048,0,0.0224,0.1052,0.9942,0,27.1564,0.0001,0,1]},
{"frame":13,"values":[0.9994,0.016,-0.032,0,-0.0193,0.9942,-0.1055,0,0.0301,0.1061,0.9939,0,27.1564,0.0001,0,1]},
{"frame":14,"values":[0.9992,0.0153,-0.0369,0,-0.0192,0.9941,-0.1067,0,0.0351,0.1074,0.9936,0,27.1564,0.0001,0,1]},
{"frame":15,"values":[0.9991,0.0156,-0.039,0,-0.0197,0.9942,-0.106,0,0.0371,0.1066,0.9936,0,27.1564,0.0001,0,1]},
{"frame":16,"values":[0.9991,0.0154,-0.0407,0,-0.0195,0.9944,-0.1037,0,0.0389,0.1044,0.9938,0,27.1564,0.0001,0,1]},
{"frame":17,"values":[0.999,0.0143,-0.0425,0,-0.0185,0.9946,-0.1021,0,0.0408,0.1028,0.9939,0,27.1564,0.0001,0,1]},
{"frame":18,"values":[0.9989,0.0128,-0.0445,0,-0.0174,0.9946,-0.1026,0,0.0429,0.1033,0.9937,0,27.1564,0.0001,0,1]},
{"frame":19,"values":[0.9987,0.0089,-0.0504,0,-0.014,0.9948,-0.1011,0,0.0492,0.1017,0.9936,0,27.1564,0.0001,0,1]},
{"frame":20,"values":[0.9981,0.0002,-0.0618,0,-0.0052,0.9966,-0.0817,0,0.0615,0.0819,0.9947,0,27.1564,0.0001,0,1]},
{"frame":21,"values":[0.9974,-0.0106,-0.0708,0,0.009,0.9997,-0.0226,0,0.071,0.0219,0.9972,0,27.1564,0.0001,0,1]},
{"frame":22,"values":[0.9976,-0.0166,-0.0669,0,0.0215,0.9971,0.0732,0,0.0655,-0.0745,0.9951,0,27.1564,0.0001,0,1]},
{"frame":23,"values":[0.9986,-0.0164,-0.0495,0,0.0242,0.9863,0.1631,0,0.0461,-0.164,0.9854,0,27.1564,0.0001,0,1]},
{"frame":24,"values":[0.9996,-0.0166,-0.025,0,0.0212,0.98,0.1978,0,0.0212,-0.1983,0.9799,0,27.1564,0.0001,0,1]},
{"frame":25,"values":[0.9997,-0.0226,0.0002,0,0.0222,0.9837,0.1785,0,-0.0043,-0.1785,0.9839,0,27.1564,0.0001,0,1]},
{"frame":26,"values":[0.9994,-0.0299,0.0182,0,0.0269,0.9884,0.1496,0,-0.0225,-0.149,0.9886,0,27.1564,0.0001,0,1]},
{"frame":27,"values":[0.9991,-0.0326,0.0277,0,0.0283,0.9892,0.1436,0,-0.0321,-0.1427,0.9892,0,27.1564,0.0001,0,1]},
{"frame":28,"values":[0.9989,-0.032,0.0346,0,0.0262,0.9875,0.1556,0,-0.0392,-0.1545,0.9872,0,27.1564,0.0001,0,1]},
{"frame":29,"values":[0.9986,-0.0316,0.0425,0,0.024,0.9855,0.1679,0,-0.0472,-0.1666,0.9849,0,27.1564,0.0001,0,1]}],"loopBehavior":1,"name":"anim","property":"_matrix"}},
{"name":"LeftHandIndex1","index":11,"matrix":[1,0,0,0,0,1,0,0,0,0,1,0,16.4412,0,0,1],"rest":[1,0,0,0,0,1,0,0,0,0,1,0,16.4412,0,0,1],"parentBoneIndex":10,"length":4.8219
,"animation":{"dataType":3,"framePerSecond":24,"keys":[
{"frame":1,"values":[1,0,0,0,0,1,0,0,0,0,1,0,16.4412,0,0,1]},
{"frame":29,"values":[1,0,0,0,0,1,0,0,0,0,1,0,16.4412,0,0,1]}],"loopBehavior":1,"name":"anim","property":"_matrix"}},
{"name":"LeftHandIndex2","index":12,"matrix":[1,0,0,0,0,1,0,0,0,0,1,0,4.8219,0.0001,0,1],"rest":[1,0,0,0,0,1,0,0,0,0,1,0,4.8219,0.0001,0,1],"parentBoneIndex":11,"length":6.3865
,"animation":{"dataType":3,"framePerSecond":24,"keys":[
{"frame":1,"values":[1,0,0,0,0,1,0,0,0,0,1,0,4.8219,0.0001,0,1]},
{"frame":29,"values":[1,0,0,0,0,1,0,0,0,0,1,0,4.8219,0.0001,0,1]}],"loopBehavior":1,"name":"anim","property":"_matrix"}},
{"name":"LeftHandIndex3","index":13,"matrix":[0.9994,0.0344,-0.002,0,-0.0344,0.9994,0,0,0.002,0,1,0,6.3865,0,0,1],"rest":[0.9994,0.0344,-0.002,0,-0.0344,0.9994,0,0,0.002,0,1,0,6.3865,0,0,1],"parentBoneIndex":12,"length":5.189
,"animation":{"dataType":3,"framePerSecond":24,"keys":[
{"frame":1,"values":[0.9994,0.0344,-0.002,0,-0.0344,0.9994,0,0,0.002,0,1,0,6.3865,0,0,1]},
{"frame":29,"values":[0.9994,0.0344,-0.002,0,-0.0344,0.9994,0,0,0.002,0,1,0,6.3865,0,0,1]}],"loopBehavior":1,"name":"anim","property":"_matrix"}},
{"name":"LeftHandIndex4","index":14,"matrix":[1,0,0,0,0,1,0,0,0,0,1,0,5.1859,-0.1787,0.0103,1],"rest":[1,0,0,0,0,1,0,0,0,0,1,0,5.1859,-0.1787,0.0103,1],"parentBoneIndex":13,"length":5.189
,"animation":{"dataType":3,"framePerSecond":24,"keys":[
{"frame":1,"values":[1,0,0,0,0,1,0,0,0,0,1,0,5.1859,-0.1787,0.0103,1]},
{"frame":29,"values":[1,0,0,0,0,1,0,0,0,0,1,0,5.1859,-0.1787,0.0103,1]}],"loopBehavior":1,"name":"anim","property":"_matrix"}},
