{"producer":{"name":"Blender","version":"2.90.0","exporter_version":"2.80.1","file":"fight_headbutt.babylon"},
"autoClear":true,"clearColor":[0.0509,0.0509,0.0509],"gravity":[0,-9.81,0],
"materials":[{"name":"Material","id":"Material","customType":"BABYLON.PBRMaterial","backFaceCulling":true,"checkReadyOnlyOnce":false,"maxSimultaneousLights":4,"environmentIntensity":1,"albedo":[0.8,0.8,0.8],"reflectivity":[0.5,0.5,0.5],"roughness":0.4,"alpha":1,"transparencyMode":0,"alphaCutOff":0.4,"metallic":0}],
"multiMaterials":[],
"skeletons":[{"name":"Armature","id":0,"dimensionsAtRest":[232.1761,222.9347,36.3014],"bones":[
{"name":"Hips","index":0,"matrix":[0.7965,0.0373,-0.6035,0,-0.018,0.9991,0.038,0,-0.6044,0.0194,-0.7964,0,-0.3419,74.9161,-0.966,1],"rest":[1,0,0,0,0,1,0,0,0,0,-1,0,0,89.0054,0,1],"parentBoneIndex":-1,"length":14.2998
,"animation":{"dataType":3,"framePerSecond":24,"keys":[
{"frame":1,"values":[0.7965,0.0373,-0.6035,0,-0.018,0.9991,0.038,0,-0.6044,0.0194,-0.7964,0,-0.3419,74.9161,-0.966,1]},
{"frame":2,"values":[0.7956,0.0448,-0.6042,0,-0.0154,0.9984,0.0538,0,-0.6056,0.0335,-0.795,0,-0.2741,74.2711,-1.7983,1]},
{"frame":3,"values":[0.7921,0.0512,-0.6083,0,-0.0092,0.9974,0.072,0,-0.6103,0.0515,-0.7905,0,-0.2074,73.3659,-2.7918,1]},
{"frame":4,"values":[0.7848,0.0564,-0.6172,0,-0.0004,0.9959,0.0904,0,-0.6198,0.0707,-0.7816,0,-0.0928,72.0959,-4.1723,1]},
{"frame":5,"values":[0.7755,0.062,-0.6283,0,0.0072,0.9942,0.107,0,-0.6313,0.0875,-0.7706,0,0.0217,70.6227,-5.9907,1]},
{"frame":6,"values":[0.7671,0.0679,-0.6379,0,0.0101,0.993,0.1178,0,-0.6414,0.0968,-0.7611,0,0.2262,69.1275,-8.3808,1]},
{"frame":7,"values":[0.7584,0.0747,-0.6475,0,0.0051,0.9927,0.1206,0,-0.6517,0.0948,-0.7525,0,0.4288,67.8392,-11.1606,1]},
{"frame":8,"values":[0.748,0.0795,-0.6589,0,-0.0095,0.994,0.1092,0,-0.6636,0.0754,-0.7443,0,0.5122,67.0472,-14.2294,1]},
{"frame":9,"values":[0.737,0.0754,-0.6717,0,-0.0318,0.9965,0.0769,0,-0.6751,0.0353,-0.7368,0,0.4844,66.9292,-17.7159,1]},
{"frame":10,"values":[0.7299,0.0593,-0.681,0,-0.0571,0.998,0.0258,0,-0.6812,-0.02,-0.7319,0,0.4729,67.4243,-21.8261,1]},
{"frame":11,"values":[0.7301,0.0335,-0.6825,0,-0.0757,0.9966,-0.0321,0,-0.6791,-0.0751,-0.7302,0,0.7012,68.1977,-26.6207,1]},
{"frame":12,"values":[0.7315,-0.002,-0.6818,0,-0.0776,0.9933,-0.0862,0,-0.6774,-0.1159,-0.7264,0,1.257,68.4748,-31.6215,1]},
{"frame":13,"values":[0.7259,-0.0425,-0.6865,0,-0.0624,0.9899,-0.1272,0,-0.6849,-0.1352,-0.7159,0,2.1483,67.8653,-36.7389,1]},
{"frame":14,"values":[0.716,-0.0722,-0.6944,0,-0.037,0.9893,-0.1411,0,-0.6972,-0.1267,-0.7056,0,3.614,65.9538,-42.222,1]},
{"frame":15,"values":[0.7199,-0.0744,-0.6901,0,-0.0142,0.9925,-0.1217,0,-0.694,-0.0974,-0.7134,0,4.9025,64.4425,-46.3817,1]},
{"frame":16,"values":[0.7417,-0.0658,-0.6674,0,-0.0044,0.9947,-0.1029,0,-0.6707,-0.0792,-0.7375,0,5.9533,63.7354,-49.7954,1]},
{"frame":17,"values":[0.7684,-0.065,-0.6367,0,-0.0124,0.9931,-0.1164,0,-0.6398,-0.0973,-0.7623,0,6.7036,63.9663,-52.6049,1]},
{"frame":18,"values":[0.7855,-0.0655,-0.6153,0,-0.0295,0.9893,-0.1429,0,-0.6181,-0.1304,-0.7752,0,7.2624,64.5118,-54.5157,1]},
{"frame":19,"values":[0.789,-0.0639,-0.6111,0,-0.0395,0.9873,-0.1541,0,-0.6132,-0.1457,-0.7764,0,7.6441,64.8078,-55.5552,1]},
{"frame":20,"values":[0.7841,-0.0666,-0.6171,0,-0.0347,0.988,-0.1507,0,-0.6197,-0.1395,-0.7724,0,7.7755,64.9116,-55.8279,1]},
{"frame":21,"values":[0.7762,-0.0735,-0.6262,0,-0.0203,0.9898,-0.1413,0,-0.6301,-0.1224,-0.7668,0,7.6835,64.9074,-55.4363,1]},
{"frame":22,"values":[0.7639,-0.078,-0.6407,0,-0.0043,0.992,-0.1259,0,-0.6454,-0.0989,-0.7574,0,7.4627,64.9869,-54.5862,1]},
{"frame":23,"values":[0.7426,-0.0736,-0.6657,0,0.0097,0.995,-0.0992,0,-0.6697,-0.0672,-0.7396,0,7.1278,65.0828,-53.2752,1]},
{"frame":24,"values":[0.714,-0.0549,-0.698,0,0.0191,0.9981,-0.0591,0,-0.6999,-0.0288,-0.7137,0,6.637,65.2074,-51.3619,1]},
{"frame":25,"values":[0.6875,-0.0232,-0.7258,0,0.0226,0.9997,-0.0106,0,-0.7259,0.0091,-0.6878,0,5.9783,65.722,-48.7565,1]},
{"frame":26,"values":[0.6756,0.0098,-0.7372,0,0.0192,0.9993,0.0309,0,-0.737,0.0351,-0.675,0,4.9831,66.7786,-45.3731,1]},
{"frame":27,"values":[0.6865,0.0397,-0.7261,0,0.0011,0.9985,0.0556,0,-0.7272,0.039,-0.6854,0,3.5173,67.8202,-40.9776,1]},
{"frame":28,"values":[0.7147,0.063,-0.6965,0,-0.0252,0.9976,0.0644,0,-0.6989,0.0285,-0.7146,0,2.1485,69.1948,-36.5335,1]},
{"frame":29,"values":[0.7463,0.0713,-0.6618,0,-0.0381,0.9972,0.0646,0,-0.6645,0.023,-0.7469,0,1.3726,71.1534,-32.3617,1]},
{"frame":30,"values":[0.7698,0.0635,-0.6352,0,-0.032,0.9976,0.061,0,-0.6375,0.0266,-0.77,0,1.0019,73.5042,-28.6413,1]},
{"frame":31,"values":[0.7789,0.0446,-0.6255,0,-0.0214,0.9988,0.0445,0,-0.6267,0.0213,-0.7789,0,0.7116,76.4069,-25.2012,1]},
{"frame":32,"values":[0.7696,0.0176,-0.6383,0,-0.0149,0.9998,0.0096,0,-0.6384,-0.0021,-0.7697,0,0.5532,79.1621,-22.2249,1]},
{"frame":33,"values":[0.7405,-0.0118,-0.672,0,-0.013,0.9994,-0.0319,0,-0.6719,-0.0324,-0.7399,0,0.4802,80.7766,-19.497,1]},
{"frame":34,"values":[0.7032,-0.0344,-0.7101,0,-0.0117,0.9981,-0.06,0,-0.7109,-0.0505,-0.7015,0,0.3661,81.0334,-16.8673,1]},
{"frame":35,"values":[0.6829,-0.0466,-0.729,0,-0.005,0.9976,-0.0684,0,-0.7305,-0.0504,-0.6811,0,0.374,80.59,-14.5934,1]},
{"frame":36,"values":[0.6954,-0.0478,-0.717,0,0.0044,0.9981,-0.0622,0,-0.7186,-0.0401,-0.6943,0,0.5294,79.4882,-12.5919,1]},
{"frame":37,"values":[0.7238,-0.03,-0.6893,0,0.0034,0.9992,-0.04,0,-0.69,-0.0267,-0.7234,0,0.102,77.7662,-9.9222,1]},
{"frame":38,"values":[0.7424,-0.0091,-0.6699,0,-0.0026,0.9999,-0.0164,0,-0.6699,-0.0139,-0.7423,0,-0.7711,75.9207,-6.8805,1]},
{"frame":39,"values":[0.7514,0.0014,-0.6599,0,-0.0056,1,-0.0042,0,-0.6599,-0.0069,-0.7513,0,-1.4488,74.5812,-4.0173,1]},
{"frame":40,"values":[0.7616,0.0021,-0.6481,0,-0.0053,1,-0.0029,0,-0.6481,-0.0056,-0.7616,0,-1.7835,74.1841,-1.6726,1]},
{"frame":41,"values":[0.7725,0.0057,-0.635,0,-0.0087,1,-0.0015,0,-0.635,-0.0067,-0.7725,0,-1.9672,74.5349,0.2717,1]},
{"frame":42,"values":[0.7817,0.0169,-0.6234,0,-0.0178,0.9998,0.0049,0,-0.6233,-0.0073,-0.7819,0,-2.2835,75.2956,1.7172,1]},
{"frame":43,"values":[0.7932,0.0286,-0.6083,0,-0.0261,0.9996,0.0129,0,-0.6084,-0.0056,-0.7936,0,-2.5824,76.1425,2.6552,1]},
{"frame":44,"values":[0.808,0.0367,-0.5881,0,-0.032,0.9993,0.0184,0,-0.5884,-0.0039,-0.8086,0,-2.6695,76.8193,3.1205,1]},
{"frame":45,"values":[0.8184,0.043,-0.573,0,-0.0389,0.9991,0.0195,0,-0.5733,-0.0064,-0.8193,0,-2.5609,77.2019,3.2081,1]},
{"frame":46,"values":[0.8188,0.0459,-0.5723,0,-0.0439,0.9989,0.0172,0,-0.5724,-0.0111,-0.8199,0,-2.3119,77.2525,3.0556,1]},
{"frame":47,"values":[0.8128,0.0443,-0.5808,0,-0.0429,0.999,0.0161,0,-0.5809,-0.0118,-0.8139,0,-1.9564,76.974,2.6665,1]},
{"frame":48,"values":[0.8051,0.0389,-0.5918,0,-0.0352,0.9992,0.0177,0,-0.5921,-0.0066,-0.8059,0,-1.5061,76.4675,1.9541,1]},
{"frame":49,"values":[0.7994,0.0344,-0.5999,0,-0.0271,0.9994,0.0212,0,-0.6002,0.0007,-0.7998,0,-0.9984,76.0508,1.0724,1]},
{"frame":50,"values":[0.797,0.0329,-0.6031,0,-0.0208,0.9994,0.027,0,-0.6037,0.009,-0.7972,0,-0.5571,75.5049,-0.0097,1]},
{"frame":51,"values":[0.7965,0.0373,-0.6035,0,-0.018,0.9991,0.038,0,-0.6044,0.0194,-0.7964,0,-0.3419,74.9161,-0.966,1]}],"loopBehavior":1,"name":"anim","property":"_matrix"}},
{"name":"Spine","index":1,"matrix":[0.9992,0.0163,-0.0357,0,-0.0131,0.9959,0.0899,0,0.037,-0.0894,0.9953,0,0.1169,10.681,0.3734,1],"rest":[1,0,0,0,0,1,0,0,0,0,1,0,0.1169,10.681,0.3734,1],"parentBoneIndex":0,"length":13.8405
,"animation":{"dataType":3,"framePerSecond":24,"keys":[
{"frame":1,"values":[0.9992,0.0163,-0.0357,0,-0.0131,0.9959,0.0899,0,0.037,-0.0894,0.9953,0,0.1169,10.681,0.3734,1]},
{"frame":2,"values":[0.9992,0.0191,-0.0345,0,-0.0159,0.9956,0.0922,0,0.0361,-0.0916,0.9951,0,0.1169,10.681,0.3734,1]},
{"frame":3,"values":[0.9991,0.0274,-0.0336,0,-0.0242,0.9952,0.0949,0,0.036,-0.094,0.9949,0,0.1169,10.681,0.3734,1]},
{"frame":4,"values":[0.9987,0.0373,-0.0336,0,-0.0339,0.9947,0.0976,0,0.037,-0.0963,0.9947,0,0.1169,10.681,0.3734,1]},
{"frame":5,"values":[0.9984,0.0469,-0.033,0,-0.0434,0.994,0.1,0,0.0375,-0.0984,0.9944,0,0.1169,10.681,0.3734,1]},
{"frame":6,"values":[0.9979,0.0553,-0.0329,0,-0.0518,0.9937,0.0994,0,0.0382,-0.0975,0.9945,0,0.1169,10.681,0.3734,1]},
{"frame":7,"values":[0.9977,0.0587,-0.0348,0,-0.0552,0.994,0.0948,0,0.0401,-0.0927,0.9949,0,0.1169,10.681,0.3734,1]},
{"frame":8,"values":[0.9978,0.0536,-0.0389,0,-0.0501,0.995,0.086,0,0.0433,-0.0839,0.9955,0,0.1169,10.681,0.3734,1]},
{"frame":9,"values":[0.9982,0.0415,-0.0444,0,-0.0382,0.9966,0.0727,0,0.0472,-0.0708,0.9964,0,0.1169,10.681,0.3734,1]},
{"frame":10,"values":[0.9985,0.0251,-0.0491,0,-0.0223,0.9981,0.0578,0,0.0504,-0.0566,0.9971,0,0.1169,10.681,0.3734,1]},
{"frame":11,"values":[0.9986,0.0079,-0.0515,0,-0.0054,0.9988,0.0486,0,0.0518,-0.0482,0.9975,0,0.1169,10.681,0.3734,1]},
{"frame":12,"values":[0.9985,-0.0077,-0.0533,0,0.0104,0.9987,0.0504,0,0.0529,-0.0509,0.9973,0,0.1169,10.681,0.3734,1]},
{"frame":13,"values":[0.9982,-0.0222,-0.055,0,0.0257,0.9976,0.0642,0,0.0534,-0.0655,0.9964,0,0.1169,10.681,0.3734,1]},
{"frame":14,"values":[0.9975,-0.041,-0.058,0,0.0463,0.9946,0.0929,0,0.0539,-0.0954,0.994,0,0.1169,10.681,0.3734,1]},
{"frame":15,"values":[0.9956,-0.0723,-0.0595,0,0.08,0.9872,0.1383,0,0.0488,-0.1425,0.9886,0,0.1169,10.681,0.3734,1]},
{"frame":16,"values":[0.9929,-0.1014,-0.0626,0,0.1115,0.9759,0.1874,0,0.0421,-0.1931,0.9803,0,0.1169,10.681,0.3734,1]},
{"frame":17,"values":[0.9911,-0.1157,-0.0653,0,0.1275,0.9661,0.2243,0,0.0372,-0.2306,0.9723,0,0.1169,10.681,0.3734,1]},
{"frame":18,"values":[0.9905,-0.1191,-0.0682,0,0.1324,0.96,0.2469,0,0.0361,-0.2536,0.9666,0,0.1169,10.681,0.3734,1]},
{"frame":19,"values":[0.9908,-0.1145,-0.0724,0,0.1295,0.9575,0.2579,0,0.0398,-0.2649,0.9635,0,0.1169,10.681,0.3734,1]},
{"frame":20,"values":[0.992,-0.1016,-0.0743,0,0.1176,0.9589,0.2582,0,0.045,-0.2649,0.9632,0,0.1169,10.681,0.3734,1]},
{"frame":21,"values":[0.9939,-0.0838,-0.072,0,0.0994,0.963,0.2505,0,0.0483,-0.2561,0.9654,0,0.1169,10.681,0.3734,1]},
{"frame":22,"values":[0.9955,-0.0663,-0.0677,0,0.0807,0.9674,0.2399,0,0.0496,-0.2442,0.9684,0,0.1169,10.681,0.3734,1]},
{"frame":23,"values":[0.9966,-0.0526,-0.0634,0,0.0657,0.9714,0.2282,0,0.0496,-0.2316,0.9716,0,0.1169,10.681,0.3734,1]},
{"frame":24,"values":[0.9974,-0.0425,-0.0588,0,0.0542,0.975,0.2156,0,0.0482,-0.2183,0.9747,0,0.1169,10.681,0.3734,1]},
{"frame":25,"values":[0.998,-0.0322,-0.0543,0,0.0425,0.9786,0.2012,0,0.0466,-0.2032,0.978,0,0.1169,10.681,0.3734,1]},
{"frame":26,"values":[0.9985,-0.0185,-0.0519,0,0.0276,0.983,0.1816,0,0.0477,-0.1828,0.982,0,0.1169,10.681,0.3734,1]},
{"frame":27,"values":[0.9986,-0.0047,-0.0529,0,0.0127,0.9882,0.1526,0,0.0516,-0.1531,0.9869,0,0.1169,10.681,0.3734,1]},
{"frame":28,"values":[0.9986,0.0074,-0.0521,0,-0.001,0.9926,0.1216,0,0.0526,-0.1214,0.9912,0,0.1169,10.681,0.3734,1]},
{"frame":29,"values":[0.9987,0.0129,-0.05,0,-0.0073,0.9939,0.1099,0,0.0511,-0.1094,0.9927,0,0.1169,10.681,0.3734,1]},
{"frame":30,"values":[0.9988,0.0148,-0.0472,0,-0.0093,0.9935,0.1137,0,0.0486,-0.1131,0.9924,0,0.1169,10.681,0.3734,1]},
{"frame":31,"values":[0.999,0.0123,-0.0436,0,-0.0072,0.9931,0.1168,0,0.0447,-0.1164,0.9922,0,0.1169,10.681,0.3734,1]},
{"frame":32,"values":[0.9991,0.0091,-0.0413,0,-0.0044,0.9938,0.1112,0,0.0421,-0.1109,0.9929,0,0.1169,10.681,0.3734,1]},
{"frame":33,"values":[0.9992,0.0056,-0.0403,0,-0.0016,0.9951,0.0984,0,0.0406,-0.0983,0.9943,0,0.1169,10.681,0.3734,1]},
{"frame":34,"values":[0.9992,0.0017,-0.0391,0,0.0017,0.9963,0.0854,0,0.0391,-0.0854,0.9956,0,0.1169,10.681,0.3734,1]},
{"frame":35,"values":[0.9993,0.0038,-0.036,0,-0.001,0.997,0.078,0,0.0362,-0.0779,0.9963,0,0.1169,10.681,0.3734,1]},
{"frame":36,"values":[0.9995,0.0095,-0.0309,0,-0.0071,0.997,0.0775,0,0.0316,-0.0773,0.9965,0,0.1169,10.681,0.3734,1]},
{"frame":37,"values":[0.9996,0.0015,-0.0295,0,0.0009,0.9967,0.0812,0,0.0295,-0.0812,0.9963,0,0.1169,10.681,0.3734,1]},
{"frame":38,"values":[0.9994,-0.0111,-0.0336,0,0.0139,0.9964,0.084,0,0.0326,-0.0844,0.9959,0,0.1169,10.681,0.3734,1]},
{"frame":39,"values":[0.9992,-0.0137,-0.0382,0,0.017,0.9961,0.0868,0,0.0368,-0.0874,0.9955,0,0.1169,10.681,0.3734,1]},
{"frame":40,"values":[0.9992,-0.0042,-0.0397,0,0.0079,0.9957,0.092,0,0.0392,-0.0923,0.995,0,0.1169,10.681,0.3734,1]},
{"frame":41,"values":[0.9991,0.0044,-0.041,0,-0.0005,0.9954,0.0955,0,0.0413,-0.0954,0.9946,0,0.1169,10.681,0.3734,1]},
{"frame":42,"values":[0.9991,0.0047,-0.042,0,-0.0007,0.9954,0.0955,0,0.0422,-0.0954,0.9945,0,0.1169,10.681,0.3734,1]},
{"frame":43,"values":[0.9992,0.0021,-0.0402,0,0.0018,0.9955,0.0949,0,0.0402,-0.0949,0.9947,0,0.1169,10.681,0.3734,1]},
{"frame":44,"values":[0.9993,0.0023,-0.037,0,0.0012,0.9956,0.0937,0,0.037,-0.0937,0.9949,0,0.1169,10.681,0.3734,1]},
{"frame":45,"values":[0.9993,0.0042,-0.0358,0,-0.001,0.996,0.0898,0,0.036,-0.0897,0.9953,0,0.1169,10.681,0.3734,1]},
{"frame":46,"values":[0.9993,0.0072,-0.0373,0,-0.0039,0.9963,0.0854,0,0.0377,-0.0852,0.9956,0,0.1169,10.681,0.3734,1]},
{"frame":47,"values":[0.9992,0.0107,-0.039,0,-0.0073,0.9964,0.084,0,0.0398,-0.0836,0.9957,0,0.1169,10.681,0.3734,1]},
{"frame":48,"values":[0.9991,0.0141,-0.0396,0,-0.0107,0.9964,0.0845,0,0.0406,-0.084,0.9956,0,0.1169,10.681,0.3734,1]},
{"frame":49,"values":[0.9991,0.0156,-0.0388,0,-0.0123,0.9963,0.0856,0,0.0399,-0.085,0.9956,0,0.1169,10.681,0.3734,1]},
{"frame":50,"values":[0.9992,0.0159,-0.0371,0,-0.0126,0.9961,0.0877,0,0.0383,-0.0872,0.9955,0,0.1169,10.681,0.3734,1]},
{"frame":51,"values":[0.9992,0.0163,-0.0357,0,-0.0131,0.9959,0.0899,0,0.037,-0.0894,0.9953,0,0.1169,10.681,0.3734,1]}],"loopBehavior":1,"name":"anim","property":"_matrix"}},
{"name":"Spine1","index":2,"matrix":[0.9984,0.0218,-0.0513,0,-0.0165,0.9946,0.1025,0,0.0533,-0.1015,0.9934,0,0,13.8404,0.0535,1],"rest":[1,0,0,0,0,1,0,0,0,0,1,0,0,13.8404,0.0535,1],"parentBoneIndex":1,"length":14.7173
,"animation":{"dataType":3,"framePerSecond":24,"keys":[
{"frame":1,"values":[0.9984,0.0218,-0.0513,0,-0.0165,0.9946,0.1025,0,0.0533,-0.1015,0.9934,0,0,13.8404,0.0535,1]},
{"frame":2,"values":[0.9985,0.0243,-0.0494,0,-0.019,0.9943,0.1048,0,0.0516,-0.1038,0.9933,0,0,13.8404,0.0535,1]},
{"frame":3,"values":[0.9984,0.0304,-0.048,0,-0.0251,0.9939,0.1075,0,0.051,-0.1061,0.993,0,0,13.8404,0.0535,1]},
{"frame":4,"values":[0.9982,0.0364,-0.048,0,-0.031,0.9935,0.1091,0,0.0516,-0.1075,0.9929,0,0,13.8404,0.0535,1]},
{"frame":5,"values":[0.998,0.0416,-0.0469,0,-0.0362,0.9933,0.1101,0,0.0511,-0.1082,0.9928,0,0,13.8404,0.0535,1]},
{"frame":6,"values":[0.9979,0.046,-0.0457,0,-0.0409,0.9933,0.108,0,0.0504,-0.1059,0.9931,0,0,13.8404,0.0535,1]},
{"frame":7,"values":[0.9978,0.0478,-0.0462,0,-0.0429,0.9939,0.1014,0,0.0508,-0.0992,0.9938,0,0,13.8404,0.0535,1]},
{"frame":8,"values":[0.9978,0.0448,-0.0487,0,-0.0404,0.9952,0.0893,0,0.0525,-0.0871,0.9948,0,0,13.8404,0.0535,1]},
{"frame":9,"values":[0.9979,0.0383,-0.0526,0,-0.0345,0.9969,0.0713,0,0.0552,-0.0693,0.9961,0,0,13.8404,0.0535,1]},
{"frame":10,"values":[0.998,0.0282,-0.0573,0,-0.0252,0.9983,0.0519,0,0.0587,-0.0504,0.997,0,0,13.8404,0.0535,1]},
{"frame":11,"values":[0.998,0.0155,-0.0619,0,-0.013,0.9991,0.0406,0,0.0625,-0.0397,0.9973,0,0,13.8404,0.0535,1]},
{"frame":12,"values":[0.9978,0.0034,-0.0666,0,-0.0004,0.999,0.0445,0,0.0666,-0.0443,0.9968,0,0,13.8404,0.0535,1]},
{"frame":13,"values":[0.9975,-0.0098,-0.0697,0,0.0142,0.9979,0.0635,0,0.0689,-0.0643,0.9955,0,0,13.8404,0.0535,1]},
{"frame":14,"values":[0.9971,-0.0317,-0.0689,0,0.0383,0.9945,0.0979,0,0.0654,-0.1002,0.9928,0,0,13.8404,0.0535,1]},
{"frame":15,"values":[0.9956,-0.0649,-0.0674,0,0.0744,0.9861,0.1488,0,0.0568,-0.1532,0.9866,0,0,13.8404,0.0535,1]},
{"frame":16,"values":[0.993,-0.0962,-0.0692,0,0.1085,0.9729,0.2044,0,0.0477,-0.2104,0.9764,0,0,13.8404,0.0535,1]},
{"frame":17,"values":[0.9911,-0.1111,-0.073,0,0.1257,0.9614,0.2446,0,0.043,-0.2516,0.9669,0,0,13.8404,0.0535,1]},
{"frame":18,"values":[0.9906,-0.1124,-0.078,0,0.1294,0.955,0.2668,0,0.0445,-0.2744,0.9606,0,0,13.8404,0.0535,1]},
{"frame":19,"values":[0.9909,-0.1052,-0.0837,0,0.1245,0.9528,0.277,0,0.0506,-0.2849,0.9572,0,0,13.8404,0.0535,1]},
{"frame":20,"values":[0.9922,-0.0906,-0.0855,0,0.111,0.9544,0.2771,0,0.0565,-0.2844,0.957,0,0,13.8404,0.0535,1]},
{"frame":21,"values":[0.9941,-0.0717,-0.0819,0,0.0913,0.9588,0.2689,0,0.0592,-0.2747,0.9597,0,0,13.8404,0.0535,1]},
{"frame":22,"values":[0.9956,-0.0536,-0.0766,0,0.0717,0.9636,0.2574,0,0.06,-0.2618,0.9633,0,0,13.8404,0.0535,1]},
{"frame":23,"values":[0.9966,-0.0401,-0.0725,0,0.0568,0.9679,0.245,0,0.0603,-0.2483,0.9668,0,0,13.8404,0.0535,1]},
{"frame":24,"values":[0.9971,-0.0318,-0.0692,0,0.0471,0.9716,0.2318,0,0.0598,-0.2344,0.9703,0,0,13.8404,0.0535,1]},
{"frame":25,"values":[0.9974,-0.0253,-0.0671,0,0.0394,0.9754,0.2171,0,0.06,-0.2192,0.9738,0,0,13.8404,0.0535,1]},
{"frame":26,"values":[0.9976,-0.0154,-0.0682,0,0.0287,0.9797,0.1985,0,0.0638,-0.2,0.9777,0,0,13.8404,0.0535,1]},
{"frame":27,"values":[0.9974,-0.0021,-0.0717,0,0.0144,0.9851,0.1713,0,0.0703,-0.1719,0.9826,0,0,13.8404,0.0535,1]},
{"frame":28,"values":[0.9972,0.0092,-0.0741,0,0.0013,0.9901,0.1406,0,0.0747,-0.1403,0.9873,0,0,13.8404,0.0535,1]},
{"frame":29,"values":[0.9972,0.0139,-0.0735,0,-0.0045,0.992,0.1263,0,0.0747,-0.1256,0.9893,0,0,13.8404,0.0535,1]},
{"frame":30,"values":[0.9974,0.0144,-0.0701,0,-0.0053,0.9917,0.1282,0,0.0714,-0.1275,0.9893,0,0,13.8404,0.0535,1]},
{"frame":31,"values":[0.9978,0.0103,-0.065,0,-0.0017,0.9915,0.1303,0,0.0658,-0.1299,0.9893,0,0,13.8404,0.0535,1]},
{"frame":32,"values":[0.9981,0.0045,-0.0607,0,0.003,0.9924,0.1233,0,0.0608,-0.1232,0.9905,0,0,13.8404,0.0535,1]},
{"frame":33,"values":[0.9983,0.0025,-0.0586,0,0.0039,0.9939,0.1099,0,0.0585,-0.1099,0.9922,0,0,13.8404,0.0535,1]},
{"frame":34,"values":[0.9984,0.0077,-0.0566,0,-0.0021,0.9953,0.097,0,0.0571,-0.0967,0.9937,0,0,13.8404,0.0535,1]},
{"frame":35,"values":[0.9985,0.0169,-0.0514,0,-0.0123,0.996,0.0882,0,0.0527,-0.0874,0.9948,0,0,13.8404,0.0535,1]},
{"frame":36,"values":[0.9988,0.0204,-0.0441,0,-0.0166,0.9962,0.0858,0,0.0457,-0.085,0.9953,0,0,13.8404,0.0535,1]},
{"frame":37,"values":[0.9991,0.0119,-0.0415,0,-0.0081,0.9959,0.0897,0,0.0424,-0.0893,0.9951,0,0,13.8404,0.0535,1]},
{"frame":38,"values":[0.9989,-0.0007,-0.0465,0,0.0051,0.9955,0.0946,0,0.0462,-0.0948,0.9944,0,0,13.8404,0.0535,1]},
{"frame":39,"values":[0.9986,-0.0038,-0.0525,0,0.009,0.9951,0.0983,0,0.0519,-0.0987,0.9938,0,0,13.8404,0.0535,1]},
{"frame":40,"values":[0.9984,0.003,-0.0562,0,0.0029,0.9946,0.1039,0,0.0562,-0.1039,0.993,0,0,13.8404,0.0535,1]},
{"frame":41,"values":[0.9982,0.0094,-0.0594,0,-0.0029,0.994,0.1092,0,0.0601,-0.1088,0.9922,0,0,13.8404,0.0535,1]},
{"frame":42,"values":[0.9981,0.0078,-0.0614,0,-0.001,0.9939,0.1107,0,0.0619,-0.1104,0.992,0,0,13.8404,0.0535,1]},
{"frame":43,"values":[0.9983,0.0026,-0.0587,0,0.0039,0.9939,0.1102,0,0.0586,-0.1103,0.9922,0,0,13.8404,0.0535,1]},
{"frame":44,"values":[0.9986,0,-0.0536,0,0.0059,0.9941,0.1087,0,0.0532,-0.1089,0.9926,0,0,13.8404,0.0535,1]},
{"frame":45,"values":[0.9987,0.0002,-0.0516,0,0.0052,0.9945,0.1045,0,0.0513,-0.1047,0.9932,0,0,13.8404,0.0535,1]},
{"frame":46,"values":[0.9985,0.0029,-0.0538,0,0.0024,0.995,0.0996,0,0.0539,-0.0996,0.9936,0,0,13.8404,0.0535,1]},
{"frame":47,"values":[0.9984,0.0075,-0.0567,0,-0.002,0.9952,0.0976,0,0.0572,-0.0973,0.9936,0,0,13.8404,0.0535,1]},
{"frame":48,"values":[0.9982,0.0132,-0.0579,0,-0.0075,0.9952,0.0979,0,0.059,-0.0972,0.9935,0,0,13.8404,0.0535,1]},
{"frame":49,"values":[0.9982,0.0188,-0.0568,0,-0.0131,0.995,0.0987,0,0.0584,-0.0977,0.9935,0,0,13.8404,0.0535,1]},
{"frame":50,"values":[0.9983,0.0209,-0.0538,0,-0.0154,0.9948,0.1004,0,0.0557,-0.0994,0.9935,0,0,13.8404,0.0535,1]},
{"frame":51,"values":[0.9984,0.0218,-0.0513,0,-0.0165,0.9946,0.1025,0,0.0533,-0.1015,0.9934,0,0,13.8404,0.0535,1]}],"loopBehavior":1,"name":"anim","property":"_matrix"}},
{"name":"Spine2","index":3,"matrix":[0.9984,0.0229,-0.0518,0,-0.0175,0.9946,0.1021,0,0.0539,-0.101,0.9934,0,0,14.7127,-0.3662,1],"rest":[1,0,0,0,0,1,0,0,0,0,1,0,0,14.7127,-0.3662,1],"parentBoneIndex":2,"length":31.8652
,"animation":{"dataType":3,"framePerSecond":24,"keys":[
{"frame":1,"values":[0.9984,0.0229,-0.0518,0,-0.0175,0.9946,0.1021,0,0.0539,-0.101,0.9934,0,0,14.7127,-0.3662,1]},
{"frame":2,"values":[0.9984,0.0254,-0.0499,0,-0.02,0.9943,0.1044,0,0.0522,-0.1032,0.9933,0,0,14.7127,-0.3662,1]},
{"frame":3,"values":[0.9983,0.0315,-0.0486,0,-0.0262,0.9939,0.1069,0,0.0517,-0.1055,0.9931,0,0,14.7127,-0.3662,1]},
{"frame":4,"values":[0.9981,0.0376,-0.0485,0,-0.0321,0.9936,0.1085,0,0.0523,-0.1068,0.9929,0,0,14.7127,-0.3662,1]},
{"frame":5,"values":[0.998,0.0428,-0.0473,0,-0.0375,0.9933,0.1094,0,0.0517,-0.1074,0.9929,0,0,14.7127,-0.3662,1]},
{"frame":6,"values":[0.9978,0.0473,-0.0461,0,-0.0422,0.9933,0.1073,0,0.0508,-0.1051,0.9932,0,0,14.7127,-0.3662,1]},
{"frame":7,"values":[0.9977,0.0491,-0.0464,0,-0.0442,0.9939,0.1007,0,0.0511,-0.0984,0.9938,0,0,14.7127,-0.3662,1]},
{"frame":8,"values":[0.9978,0.0462,-0.0485,0,-0.0417,0.9952,0.0887,0,0.0524,-0.0864,0.9949,0,0,14.7127,-0.3662,1]},
{"frame":9,"values":[0.9979,0.0396,-0.0521,0,-0.0359,0.9968,0.0709,0,0.0547,-0.0689,0.9961,0,0,14.7127,-0.3662,1]},
{"frame":10,"values":[0.998,0.0296,-0.0566,0,-0.0267,0.9983,0.0518,0,0.058,-0.0502,0.9971,0,0,14.7127,-0.3662,1]},
{"frame":11,"values":[0.998,0.017,-0.0613,0,-0.0145,0.9991,0.0409,0,0.062,-0.0399,0.9973,0,0,14.7127,-0.3662,1]},
{"frame":12,"values":[0.9978,0.0049,-0.0661,0,-0.002,0.999,0.045,0,0.0663,-0.0447,0.9968,0,0,14.7127,-0.3662,1]},
{"frame":13,"values":[0.9976,-0.0081,-0.0692,0,0.0125,0.9979,0.0642,0,0.0685,-0.0649,0.9955,0,0,14.7127,-0.3662,1]},
{"frame":14,"values":[0.9972,-0.0296,-0.0682,0,0.0363,0.9944,0.099,0,0.0649,-0.1012,0.9927,0,0,14.7127,-0.3662,1]},
{"frame":15,"values":[0.9959,-0.0622,-0.0662,0,0.0716,0.986,0.1506,0,0.0559,-0.1547,0.9864,0,0,14.7127,-0.3662,1]},
{"frame":16,"values":[0.9934,-0.0929,-0.0673,0,0.1049,0.9728,0.2066,0,0.0463,-0.2123,0.9761,0,0,14.7127,-0.3662,1]},
{"frame":17,"values":[0.9917,-0.1072,-0.0707,0,0.1215,0.9613,0.2472,0,0.0415,-0.2537,0.9664,0,0,14.7127,-0.3662,1]},
{"frame":18,"values":[0.9913,-0.1077,-0.0759,0,0.1244,0.9549,0.2695,0,0.0435,-0.2766,0.96,0,0,14.7127,-0.3662,1]},
{"frame":19,"values":[0.9917,-0.0997,-0.0815,0,0.1188,0.9527,0.2799,0,0.0498,-0.2872,0.9566,0,0,14.7127,-0.3662,1]},
{"frame":20,"values":[0.9929,-0.0847,-0.083,0,0.1048,0.9543,0.2799,0,0.0555,-0.2866,0.9564,0,0,14.7127,-0.3662,1]},
{"frame":21,"values":[0.9947,-0.0663,-0.079,0,0.0854,0.9587,0.2713,0,0.0578,-0.2766,0.9592,0,0,14.7127,-0.3662,1]},
{"frame":22,"values":[0.9961,-0.0486,-0.0736,0,0.0662,0.9635,0.2594,0,0.0583,-0.2633,0.963,0,0,14.7127,-0.3662,1]},
{"frame":23,"values":[0.9969,-0.0356,-0.0696,0,0.0518,0.9677,0.2467,0,0.0586,-0.2495,0.9666,0,0,14.7127,-0.3662,1]},
{"frame":24,"values":[0.9974,-0.0277,-0.0668,0,0.0426,0.9715,0.2331,0,0.0584,-0.2354,0.9701,0,0,14.7127,-0.3662,1]},
{"frame":25,"values":[0.9976,-0.0216,-0.0657,0,0.0355,0.9753,0.218,0,0.0594,-0.2198,0.9737,0,0,14.7127,-0.3662,1]},
{"frame":26,"values":[0.9976,-0.012,-0.0681,0,0.0253,0.9797,0.1989,0,0.0643,-0.2001,0.9777,0,0,14.7127,-0.3662,1]},
{"frame":27,"values":[0.9974,0.0007,-0.0727,0,0.0118,0.9852,0.1709,0,0.0717,-0.1714,0.9826,0,0,14.7127,-0.3662,1]},
{"frame":28,"values":[0.9971,0.0112,-0.0759,0,-0.0005,0.9902,0.1396,0,0.0767,-0.1392,0.9873,0,0,14.7127,-0.3662,1]},
{"frame":29,"values":[0.997,0.0157,-0.0754,0,-0.0062,0.9921,0.1252,0,0.0767,-0.1243,0.9893,0,0,14.7127,-0.3662,1]},
{"frame":30,"values":[0.9973,0.0164,-0.0715,0,-0.0072,0.9918,0.1273,0,0.073,-0.1264,0.9893,0,0,14.7127,-0.3662,1]},
{"frame":31,"values":[0.9978,0.0123,-0.0657,0,-0.0036,0.9915,0.1298,0,0.0668,-0.1293,0.9894,0,0,14.7127,-0.3662,1]},
{"frame":32,"values":[0.9981,0.0063,-0.0609,0,0.0013,0.9924,0.1232,0,0.0612,-0.123,0.9905,0,0,14.7127,-0.3662,1]},
{"frame":33,"values":[0.9983,0.004,-0.0584,0,0.0024,0.9939,0.1099,0,0.0585,-0.1099,0.9922,0,0,14.7127,-0.3662,1]},
{"frame":34,"values":[0.9984,0.0089,-0.0564,0,-0.0034,0.9953,0.097,0,0.057,-0.0966,0.9937,0,0,14.7127,-0.3662,1]},
{"frame":35,"values":[0.9985,0.0179,-0.0514,0,-0.0134,0.996,0.0881,0,0.0528,-0.0872,0.9948,0,0,14.7127,-0.3662,1]},
{"frame":36,"values":[0.9988,0.0214,-0.0441,0,-0.0175,0.9962,0.0856,0,0.0458,-0.0847,0.9953,0,0,14.7127,-0.3662,1]},
{"frame":37,"values":[0.9991,0.0128,-0.0413,0,-0.0091,0.9959,0.0897,0,0.0423,-0.0893,0.9951,0,0,14.7127,-0.3662,1]},
{"frame":38,"values":[0.9989,0.0004,-0.0461,0,0.004,0.9955,0.0948,0,0.046,-0.0949,0.9944,0,0,14.7127,-0.3662,1]},
{"frame":39,"values":[0.9986,-0.0026,-0.0523,0,0.0078,0.9951,0.0985,0,0.0518,-0.0988,0.9938,0,0,14.7127,-0.3662,1]},
{"frame":40,"values":[0.9984,0.0043,-0.0563,0,0.0016,0.9946,0.1038,0,0.0565,-0.1037,0.993,0,0,14.7127,-0.3662,1]},
{"frame":41,"values":[0.9981,0.0108,-0.06,0,-0.0042,0.9941,0.1087,0,0.0608,-0.1083,0.9923,0,0,14.7127,-0.3662,1]},
{"frame":42,"values":[0.998,0.0091,-0.062,0,-0.0022,0.9939,0.1103,0,0.0626,-0.1099,0.992,0,0,14.7127,-0.3662,1]},
{"frame":43,"values":[0.9982,0.0038,-0.0591,0,0.0027,0.9939,0.1099,0,0.0592,-0.1099,0.9922,0,0,14.7127,-0.3662,1]},
{"frame":44,"values":[0.9985,0.0011,-0.054,0,0.0048,0.9941,0.1085,0,0.0538,-0.1086,0.9926,0,0,14.7127,-0.3662,1]},
{"frame":45,"values":[0.9986,0.0013,-0.052,0,0.0042,0.9945,0.1043,0,0.0518,-0.1044,0.9932,0,0,14.7127,-0.3662,1]},
{"frame":46,"values":[0.9985,0.0039,-0.0543,0,0.0015,0.9951,0.0993,0,0.0544,-0.0993,0.9936,0,0,14.7127,-0.3662,1]},
{"frame":47,"values":[0.9983,0.0086,-0.0572,0,-0.003,0.9953,0.0972,0,0.0577,-0.0969,0.9936,0,0,14.7127,-0.3662,1]},
{"frame":48,"values":[0.9982,0.0143,-0.0585,0,-0.0085,0.9952,0.0974,0,0.0596,-0.0967,0.9935,0,0,14.7127,-0.3662,1]},
{"frame":49,"values":[0.9982,0.0199,-0.0574,0,-0.0142,0.9951,0.0981,0,0.0591,-0.0971,0.9935,0,0,14.7127,-0.3662,1]},
{"frame":50,"values":[0.9983,0.022,-0.0544,0,-0.0165,0.9949,0.0999,0,0.0563,-0.0989,0.9935,0,0,14.7127,-0.3662,1]},
{"frame":51,"values":[0.9984,0.0229,-0.0518,0,-0.0175,0.9946,0.1021,0,0.0539,-0.101,0.9934,0,0,14.7127,-0.3662,1]}],"loopBehavior":1,"name":"anim","property":"_matrix"}},
{"name":"Neck","index":4,"matrix":[0.9916,-0.1206,-0.047,0,0.1156,0.9885,-0.0975,0,0.0582,0.0912,0.9941,0,0,35.4155,-3.3142,1],"rest":[1,0,0,0,0,1,0,0,0,0,1,0,0,35.4155,-3.3142,1],"parentBoneIndex":3,"length":16.9431
,"animation":{"dataType":3,"framePerSecond":24,"keys":[
{"frame":1,"values":[0.9916,-0.1206,-0.047,0,0.1156,0.9885,-0.0975,0,0.0582,0.0912,0.9941,0,0,35.4155,-3.3142,1]},
{"frame":2,"values":[0.9917,-0.1203,-0.0459,0,0.1154,0.9885,-0.0975,0,0.0571,0.0914,0.9942,0,0,35.4155,-3.3142,1]},
{"frame":3,"values":[0.9915,-0.1218,-0.0463,0,0.1167,0.9882,-0.0993,0,0.0578,0.0931,0.994,0,0,35.4155,-3.3142,1]},
{"frame":4,"values":[0.9913,-0.1226,-0.0481,0,0.117,0.9875,-0.1056,0,0.0604,0.0991,0.9932,0,0,35.4155,-3.3142,1]},
{"frame":5,"values":[0.9913,-0.1212,-0.0505,0,0.1147,0.9866,-0.1164,0,0.0639,0.1096,0.9919,0,0,35.4155,-3.3142,1]},
{"frame":6,"values":[0.9915,-0.1192,-0.0523,0,0.1114,0.9849,-0.1324,0,0.0672,0.1254,0.9898,0,0,35.4155,-3.3142,1]},
{"frame":7,"values":[0.9917,-0.117,-0.0527,0,0.1077,0.9821,-0.1546,0,0.0698,0.1477,0.9866,0,0,35.4155,-3.3142,1]},
{"frame":8,"values":[0.9921,-0.1143,-0.0513,0,0.1031,0.9775,-0.1838,0,0.0711,0.1771,0.9816,0,0,35.4155,-3.3142,1]},
{"frame":9,"values":[0.9926,-0.1116,-0.0472,0,0.0987,0.9707,-0.219,0,0.0702,0.2127,0.9746,0,0,35.4155,-3.3142,1]},
{"frame":10,"values":[0.9933,-0.1091,-0.0389,0,0.0954,0.9611,-0.2592,0,0.0657,0.2537,0.965,0,0,35.4155,-3.3142,1]},
{"frame":11,"values":[0.9939,-0.1065,-0.0274,0,0.0937,0.9506,-0.2959,0,0.0576,0.2916,0.9548,0,0,35.4155,-3.3142,1]},
{"frame":12,"values":[0.9942,-0.1062,-0.0167,0,0.0958,0.9459,-0.3101,0,0.0488,0.3067,0.9506,0,0,35.4155,-3.3142,1]},
{"frame":13,"values":[0.9934,-0.1141,-0.0122,0,0.1064,0.9556,-0.2747,0,0.043,0.2716,0.9614,0,0,35.4155,-3.3142,1]},
{"frame":14,"values":[0.9912,-0.1309,-0.0176,0,0.1258,0.9763,-0.176,0,0.0402,0.1723,0.9842,0,0,35.4155,-3.3142,1]},
{"frame":15,"values":[0.9892,-0.1437,-0.0288,0,0.1414,0.9876,-0.0683,0,0.0382,0.0635,0.9972,0,0,35.4155,-3.3142,1]},
{"frame":16,"values":[0.9887,-0.1456,-0.0368,0,0.1454,0.9893,-0.0062,0,0.0373,0.0008,0.9993,0,0,35.4155,-3.3142,1]},
{"frame":17,"values":[0.9891,-0.1424,-0.038,0,0.1429,0.9897,0.0118,0,0.0359,-0.0171,0.9992,0,0,35.4155,-3.3142,1]},
{"frame":18,"values":[0.9893,-0.1418,-0.0354,0,0.1418,0.9899,-0.0031,0,0.0355,-0.002,0.9994,0,0,35.4155,-3.3142,1]},
{"frame":19,"values":[0.9891,-0.1437,-0.0335,0,0.143,0.9895,-0.0217,0,0.0363,0.0167,0.9992,0,0,35.4155,-3.3142,1]},
{"frame":20,"values":[0.9891,-0.1433,-0.0341,0,0.1426,0.9895,-0.0222,0,0.0369,0.0171,0.9992,0,0,35.4155,-3.3142,1]},
{"frame":21,"values":[0.9899,-0.1374,-0.0338,0,0.137,0.9904,-0.0163,0,0.0357,0.0115,0.9993,0,0,35.4155,-3.3142,1]},
{"frame":22,"values":[0.9912,-0.1282,-0.0314,0,0.1277,0.9916,-0.0189,0,0.0336,0.0147,0.9993,0,0,35.4155,-3.3142,1]},
{"frame":23,"values":[0.9923,-0.1202,-0.0298,0,0.1194,0.9924,-0.0283,0,0.033,0.0246,0.9992,0,0,35.4155,-3.3142,1]},
{"frame":24,"values":[0.9926,-0.1168,-0.0321,0,0.1156,0.9926,-0.0371,0,0.0362,0.0331,0.9988,0,0,35.4155,-3.3142,1]},
{"frame":25,"values":[0.9921,-0.1197,-0.0384,0,0.1181,0.9922,-0.0411,0,0.0431,0.0362,0.9984,0,0,35.4155,-3.3142,1]},
{"frame":26,"values":[0.9907,-0.1283,-0.0453,0,0.1266,0.9912,-0.0383,0,0.0498,0.0322,0.9982,0,0,35.4155,-3.3142,1]},
{"frame":27,"values":[0.9891,-0.139,-0.0492,0,0.1378,0.9901,-0.0273,0,0.0525,0.0202,0.9984,0,0,35.4155,-3.3142,1]},
{"frame":28,"values":[0.9882,-0.1451,-0.0492,0,0.1445,0.9894,-0.0153,0,0.0509,0.0081,0.9987,0,0,35.4155,-3.3142,1]},
{"frame":29,"values":[0.9885,-0.1443,-0.0461,0,0.1438,0.9895,-0.0147,0,0.0477,0.0079,0.9988,0,0,35.4155,-3.3142,1]},
{"frame":30,"values":[0.9892,-0.14,-0.0421,0,0.1391,0.99,-0.0236,0,0.045,0.0174,0.9988,0,0,35.4155,-3.3142,1]},
{"frame":31,"values":[0.9901,-0.1342,-0.0401,0,0.133,0.9906,-0.031,0,0.0439,0.0253,0.9987,0,0,35.4155,-3.3142,1]},
{"frame":32,"values":[0.9908,-0.1289,-0.0413,0,0.1275,0.9912,-0.0361,0,0.0456,0.0305,0.9985,0,0,35.4155,-3.3142,1]},
{"frame":33,"values":[0.9908,-0.1274,-0.0464,0,0.1253,0.9911,-0.0452,0,0.0518,0.0389,0.9979,0,0,35.4155,-3.3142,1]},
{"frame":34,"values":[0.9904,-0.128,-0.0532,0,0.125,0.9906,-0.0554,0,0.0598,0.0482,0.997,0,0,35.4155,-3.3142,1]},
{"frame":35,"values":[0.9905,-0.1251,-0.0564,0,0.1217,0.9907,-0.0601,0,0.0634,0.0527,0.9966,0,0,35.4155,-3.3142,1]},
{"frame":36,"values":[0.9914,-0.1191,-0.0541,0,0.1155,0.9912,-0.0646,0,0.0614,0.0578,0.9964,0,0,35.4155,-3.3142,1]},
{"frame":37,"values":[0.992,-0.1158,-0.0503,0,0.112,0.991,-0.0738,0,0.0584,0.0676,0.996,0,0,35.4155,-3.3142,1]},
{"frame":38,"values":[0.9916,-0.1192,-0.0501,0,0.1149,0.99,-0.0815,0,0.0593,0.075,0.9954,0,0,35.4155,-3.3142,1]},
{"frame":39,"values":[0.9906,-0.1257,-0.0534,0,0.1207,0.9888,-0.0872,0,0.0638,0.08,0.9948,0,0,35.4155,-3.3142,1]},
{"frame":40,"values":[0.9899,-0.1306,-0.0556,0,0.125,0.9876,-0.0951,0,0.0673,0.0872,0.9939,0,0,35.4155,-3.3142,1]},
{"frame":41,"values":[0.9894,-0.1344,-0.0559,0,0.1284,0.9867,-0.0995,0,0.0685,0.0912,0.9935,0,0,35.4155,-3.3142,1]},
{"frame":42,"values":[0.9889,-0.1377,-0.0566,0,0.132,0.9867,-0.0951,0,0.0689,0.0866,0.9939,0,0,35.4155,-3.3142,1]},
{"frame":43,"values":[0.9886,-0.1391,-0.0577,0,0.1338,0.9872,-0.087,0,0.069,0.0783,0.9945,0,0,35.4155,-3.3142,1]},
{"frame":44,"values":[0.9887,-0.1385,-0.0573,0,0.1337,0.9878,-0.0803,0,0.0677,0.0717,0.9951,0,0,35.4155,-3.3142,1]},
{"frame":45,"values":[0.9889,-0.1378,-0.0557,0,0.1334,0.9881,-0.076,0,0.0655,0.0677,0.9956,0,0,35.4155,-3.3142,1]},
{"frame":46,"values":[0.9889,-0.1379,-0.0547,0,0.1336,0.9881,-0.0765,0,0.0646,0.0683,0.9956,0,0,35.4155,-3.3142,1]},
{"frame":47,"values":[0.9891,-0.1369,-0.0543,0,0.1323,0.9878,-0.082,0,0.0649,0.074,0.9951,0,0,35.4155,-3.3142,1]},
{"frame":48,"values":[0.9897,-0.1328,-0.0533,0,0.1277,0.9878,-0.0891,0,0.0644,0.0813,0.9946,0,0,35.4155,-3.3142,1]},
{"frame":49,"values":[0.9906,-0.1268,-0.0514,0,0.1215,0.9881,-0.0942,0,0.0627,0.0871,0.9942,0,0,35.4155,-3.3142,1]},
{"frame":50,"values":[0.9912,-0.1226,-0.049,0,0.1174,0.9883,-0.0969,0,0.0603,0.0903,0.9941,0,0,35.4155,-3.3142,1]},
{"frame":51,"values":[0.9916,-0.1206,-0.047,0,0.1156,0.9885,-0.0975,0,0.0582,0.0912,0.9941,0,0,35.4155,-3.3142,1]}],"loopBehavior":1,"name":"anim","property":"_matrix"}},
{"name":"Head","index":5,"matrix":[0.9958,-0.0732,-0.0552,0,0.0852,0.9614,0.2615,0,0.0339,-0.2651,0.9636,0,0,16.8992,1.2183,1],"rest":[1,0,0,0,0,1,0,0,0,0,1,0,0,16.8992,1.2183,1],"parentBoneIndex":4,"length":22.3142
,"animation":{"dataType":3,"framePerSecond":24,"keys":[
{"frame":1,"values":[0.9958,-0.0732,-0.0552,0,0.0852,0.9614,0.2615,0,0.0339,-0.2651,0.9636,0,0,16.8992,1.2183,1]},
{"frame":2,"values":[0.9953,-0.0822,-0.0507,0,0.093,0.9569,0.2751,0,0.0259,-0.2785,0.9601,0,0,16.8992,1.2183,1]},
{"frame":3,"values":[0.9943,-0.0929,-0.0532,0,0.1042,0.9543,0.2802,0,0.0248,-0.2841,0.9585,0,0,16.8992,1.2183,1]},
{"frame":4,"values":[0.9926,-0.1026,-0.065,0,0.1166,0.9548,0.2736,0,0.034,-0.2791,0.9597,0,0,16.8992,1.2183,1]},
{"frame":5,"values":[0.9903,-0.1106,-0.0835,0,0.1287,0.9575,0.2581,0,0.0514,-0.2664,0.9625,0,0,16.8992,1.2183,1]},
{"frame":6,"values":[0.9888,-0.1119,-0.0989,0,0.1324,0.9633,0.2335,0,0.0691,-0.244,0.9673,0,0,16.8992,1.2183,1]},
{"frame":7,"values":[0.9895,-0.0972,-0.1071,0,0.1161,0.9756,0.1864,0,0.0863,-0.1969,0.9766,0,0,16.8992,1.2183,1]},
{"frame":8,"values":[0.9919,-0.0604,-0.1118,0,0.0711,0.993,0.0947,0,0.1053,-0.1019,0.9892,0,0,16.8992,1.2183,1]},
{"frame":9,"values":[0.9933,-0.0044,-0.1152,0,0.0002,0.9993,-0.0366,0,0.1153,0.0363,0.9927,0,0,16.8992,1.2183,1]},
{"frame":10,"values":[0.9914,0.0662,-0.1129,0,-0.085,0.9817,-0.1706,0,0.0996,0.1787,0.9788,0,0,16.8992,1.2183,1]},
{"frame":11,"values":[0.9845,0.1419,-0.1033,0,-0.1654,0.9469,-0.2758,0,0.0587,0.2886,0.9556,0,0,16.8992,1.2183,1]},
{"frame":12,"values":[0.9737,0.2096,-0.0893,0,-0.2277,0.9104,-0.3453,0,0.0089,0.3566,0.9342,0,0,16.8992,1.2183,1]},
{"frame":13,"values":[0.9649,0.254,-0.0668,0,-0.2605,0.8931,-0.3667,0,-0.0335,0.3713,0.9279,0,0,16.8992,1.2183,1]},
{"frame":14,"values":[0.9656,0.259,-0.0226,0,-0.2532,0.9169,-0.3085,0,-0.0592,0.3036,0.9509,0,0,16.8992,1.2183,1]},
{"frame":15,"values":[0.976,0.2141,0.0387,0,-0.2077,0.9698,-0.1278,0,-0.0649,0.1167,0.991,0,0,16.8992,1.2183,1]},
{"frame":16,"values":[0.9838,0.1607,0.0792,0,-0.1665,0.9833,0.0739,0,-0.066,-0.0858,0.9941,0,0,16.8992,1.2183,1]},
{"frame":17,"values":[0.9845,0.1522,0.0869,0,-0.1617,0.98,0.1163,0,-0.0674,-0.1286,0.9894,0,0,16.8992,1.2183,1]},
{"frame":18,"values":[0.9819,0.1722,0.0794,0,-0.1764,0.983,0.0505,0,-0.0694,-0.0636,0.9956,0,0,16.8992,1.2183,1]},
{"frame":19,"values":[0.9814,0.1766,0.0747,0,-0.1785,0.9837,0.0196,0,-0.07,-0.0325,0.997,0,0,16.8992,1.2183,1]},
{"frame":20,"values":[0.9845,0.1588,0.0744,0,-0.1625,0.9856,0.0466,0,-0.066,-0.0579,0.9961,0,0,16.8992,1.2183,1]},
{"frame":21,"values":[0.9875,0.1394,0.0733,0,-0.1448,0.9867,0.0738,0,-0.0621,-0.0835,0.9946,0,0,16.8992,1.2183,1]},
{"frame":22,"values":[0.99,0.1221,0.0702,0,-0.1278,0.9883,0.0828,0,-0.0593,-0.091,0.9941,0,0,16.8992,1.2183,1]},
{"frame":23,"values":[0.9931,0.1001,0.0615,0,-0.1055,0.99,0.0937,0,-0.0515,-0.0995,0.9937,0,0,16.8992,1.2183,1]},
{"frame":24,"values":[0.9966,0.0713,0.0418,0,-0.076,0.9894,0.1241,0,-0.0325,-0.1269,0.9914,0,0,16.8992,1.2183,1]},
{"frame":25,"values":[0.9992,0.0366,0.0136,0,-0.0385,0.9834,0.1774,0,-0.0069,-0.1778,0.984,0,0,16.8992,1.2183,1]},
{"frame":26,"values":[1,0.0009,-0.008,0,0.001,0.9712,0.2383,0,0.0079,-0.2383,0.9712,0,0,16.8992,1.2183,1]},
{"frame":27,"values":[0.9995,-0.0298,-0.0093,0,0.0312,0.9554,0.2938,0,0.0001,-0.294,0.9558,0,0,16.8992,1.2183,1]},
{"frame":28,"values":[0.9987,-0.0509,0.004,0,0.0465,0.939,0.3408,0,-0.0211,-0.3402,0.9401,0,0,16.8992,1.2183,1]},
{"frame":29,"values":[0.9978,-0.0633,0.0209,0,0.0508,0.925,0.3767,0,-0.0432,-0.3748,0.9261,0,0,16.8992,1.2183,1]},
{"frame":30,"values":[0.997,-0.0706,0.033,0,0.0516,0.9151,0.3999,0,-0.0584,-0.3969,0.916,0,0,16.8992,1.2183,1]},
{"frame":31,"values":[0.9969,-0.0709,0.0334,0,0.0511,0.9112,0.4087,0,-0.0594,-0.4057,0.9121,0,0,16.8992,1.2183,1]},
{"frame":32,"values":[0.9977,-0.0645,0.0192,0,0.0513,0.9139,0.4026,0,-0.0435,-0.4007,0.9152,0,0,16.8992,1.2183,1]},
{"frame":33,"values":[0.9985,-0.0541,-0.0103,0,0.0539,0.9228,0.3815,0,-0.0112,-0.3814,0.9243,0,0,16.8992,1.2183,1]},
{"frame":34,"values":[0.9975,-0.0511,-0.0481,0,0.0649,0.9318,0.3571,0,0.0266,-0.3593,0.9328,0,0,16.8992,1.2183,1]},
{"frame":35,"values":[0.9953,-0.0613,-0.0752,0,0.0837,0.9348,0.345,0,0.0492,-0.3497,0.9356,0,0,16.8992,1.2183,1]},
{"frame":36,"values":[0.9944,-0.0717,-0.0774,0,0.0941,0.9346,0.343,0,0.0478,-0.3484,0.9361,0,0,16.8992,1.2183,1]},
{"frame":37,"values":[0.9956,-0.0687,-0.0638,0,0.0861,0.9387,0.3338,0,0.037,-0.3378,0.9405,0,0,16.8992,1.2183,1]},
{"frame":38,"values":[0.9966,-0.0587,-0.0573,0,0.0739,0.9456,0.3168,0,0.0355,-0.3199,0.9468,0,0,16.8992,1.2183,1]},
{"frame":39,"values":[0.9961,-0.058,-0.0661,0,0.0755,0.9497,0.304,0,0.0452,-0.3078,0.9504,0,0,16.8992,1.2183,1]},
{"frame":40,"values":[0.9949,-0.0665,-0.0759,0,0.0858,0.9533,0.2897,0,0.0531,-0.2948,0.9541,0,0,16.8992,1.2183,1]},
{"frame":41,"values":[0.9945,-0.0713,-0.0765,0,0.0897,0.958,0.2723,0,0.0538,-0.2777,0.9592,0,0,16.8992,1.2183,1]},
{"frame":42,"values":[0.9951,-0.0659,-0.0736,0,0.0829,0.9618,0.2607,0,0.0536,-0.2655,0.9626,0,0,16.8992,1.2183,1]},
{"frame":43,"values":[0.9957,-0.0567,-0.0727,0,0.0736,0.9637,0.2568,0,0.0555,-0.261,0.9637,0,0,16.8992,1.2183,1]},
{"frame":44,"values":[0.9965,-0.049,-0.0681,0,0.0647,0.9658,0.251,0,0.0535,-0.2545,0.9656,0,0,16.8992,1.2183,1]},
{"frame":45,"values":[0.9973,-0.0424,-0.0594,0,0.0555,0.9693,0.2397,0,0.0474,-0.2424,0.969,0,0,16.8992,1.2183,1]},
{"frame":46,"values":[0.9977,-0.0401,-0.0553,0,0.0517,0.9726,0.2266,0,0.0447,-0.2289,0.9724,0,0,16.8992,1.2183,1]},
{"frame":47,"values":[0.9973,-0.0443,-0.0589,0,0.0561,0.9745,0.2174,0,0.0478,-0.2201,0.9743,0,0,16.8992,1.2183,1]},
{"frame":48,"values":[0.9966,-0.0518,-0.0646,0,0.0647,0.9738,0.2178,0,0.0516,-0.2212,0.9739,0,0,16.8992,1.2183,1]},
{"frame":49,"values":[0.996,-0.0591,-0.0671,0,0.073,0.9709,0.228,0,0.0517,-0.232,0.9714,0,0,16.8992,1.2183,1]},
{"frame":50,"values":[0.9959,-0.0657,-0.0622,0,0.079,0.9664,0.2445,0,0.044,-0.2484,0.9677,0,0,16.8992,1.2183,1]},
{"frame":51,"values":[0.9958,-0.0732,-0.0552,0,0.0852,0.9614,0.2615,0,0.0339,-0.2651,0.9636,0,0,16.8992,1.2183,1]}],"loopBehavior":1,"name":"anim","property":"_matrix"}},
{"name":"HeadTop_End","index":6,"matrix":[1,0,0,0,0,1,0,0,0,0,1,0,0,22.2062,2.1925,1],"rest":[1,0,0,0,0,1,0,0,0,0,1,0,0,22.2062,2.1925,1],"parentBoneIndex":5,"length":22.3142
,"animation":{"dataType":3,"framePerSecond":24,"keys":[
{"frame":1,"values":[1,0,0,0,0,1,0,0,0,0,1,0,0,22.2062,2.1925,1]},
{"frame":51,"values":[1,0,0,0,0,1,0,0,0,0,1,0,0,22.2062,2.1925,1]}],"loopBehavior":1,"name":"anim","property":"_matrix"}},
{"name":"LeftShoulder","index":7,"matrix":[0.9928,-0.1194,-0.0001,0,0.1194,0.9926,0.021,0,-0.0024,-0.0208,0.9998,0,12.8964,26.7163,-4.5484,1],"rest":[1,0,0,0,0,1,0,0,0,0,1,0,12.8964,26.7163,-4.5484,1],"parentBoneIndex":3,"length":19.7122
,"animation":{"dataType":3,"framePerSecond":24,"keys":[
{"frame":1,"values":[0.9928,-0.1194,-0.0001,0,0.1194,0.9926,0.021,0,-0.0024,-0.0208,0.9998,0,12.8964,26.7163,-4.5484,1]},
{"frame":2,"values":[0.9922,-0.1249,0.0012,0,0.1249,0.9919,0.0218,0,-0.0039,-0.0215,0.9998,0,12.8964,26.7163,-4.5484,1]},
{"frame":3,"values":[0.9914,-0.131,-0.0031,0,0.1311,0.9912,0.0209,0,0.0004,-0.0211,0.9998,0,12.8964,26.7163,-4.5484,1]},
{"frame":4,"values":[0.991,-0.1334,-0.0092,0,0.1335,0.9909,0.019,0,0.0066,-0.0201,0.9998,0,12.8964,26.7163,-4.5484,1]},
{"frame":5,"values":[0.991,-0.1335,-0.0139,0,0.1337,0.9909,0.0175,0,0.0115,-0.0192,0.9998,0,12.8964,26.7163,-4.5484,1]},
{"frame":6,"values":[0.9909,-0.1338,-0.0137,0,0.1341,0.9908,0.0176,0,0.0112,-0.0193,0.9998,0,12.8964,26.7163,-4.5484,1]},
