{"producer":{"name":"Blender","version":"2.90.0","exporter_version":"2.80.1","file":"fight_punchright.babylon"},
"autoClear":true,"clearColor":[0.0509,0.0509,0.0509],"gravity":[0,-9.81,0],
"materials":[{"name":"Material","id":"Material","customType":"BABYLON.PBRMaterial","backFaceCulling":true,"checkReadyOnlyOnce":false,"maxSimultaneousLights":4,"environmentIntensity":1,"albedo":[0.8,0.8,0.8],"reflectivity":[0.5,0.5,0.5],"roughness":0.4,"alpha":1,"transparencyMode":0,"alphaCutOff":0.4,"metallic":0}],
"multiMaterials":[],
"skeletons":[{"name":"Armature","id":0,"dimensionsAtRest":[232.1761,222.9347,36.3014],"bones":[
{"name":"Hips","index":0,"matrix":[0.8485,0.0302,-0.5283,0,-0.0316,0.9995,0.0065,0,-0.5283,-0.0112,-0.849,0,-0.082,75.3124,-0.6673,1],"rest":[1,0,0,0,0,1,0,0,0,0,-1,0,0,89.0054,0,1],"parentBoneIndex":-1,"length":14.2998
,"animation":{"dataType":3,"framePerSecond":24,"keys":[
{"frame":1,"values":[0.8485,0.0302,-0.5283,0,-0.0316,0.9995,0.0065,0,-0.5283,-0.0112,-0.849,0,-0.082,75.3124,-0.6673,1]},
{"frame":2,"values":[0.8397,0.0362,-0.5418,0,-0.0335,0.9993,0.0149,0,-0.542,-0.0056,-0.8403,0,0.2645,74.2127,-1.5762,1]},
{"frame":3,"values":[0.8251,0.0402,-0.5636,0,-0.03,0.9992,0.0274,0,-0.5642,0.0057,-0.8256,0,0.9074,72.4322,-3.1504,1]},
{"frame":4,"values":[0.7995,0.0489,-0.5986,0,-0.0283,0.9986,0.0437,0,-0.6,0.018,-0.7998,0,1.7234,70.3739,-5.3597,1]},
{"frame":5,"values":[0.7601,0.0618,-0.6468,0,-0.0341,0.9979,0.0554,0,-0.6489,0.0201,-0.7606,0,2.5597,68.4733,-8.2217,1]},
{"frame":6,"values":[0.7098,0.0717,-0.7008,0,-0.0483,0.9974,0.0531,0,-0.7028,0.0039,-0.7114,0,3.286,67.2181,-11.4487,1]},
{"frame":7,"values":[0.6612,0.0652,-0.7474,0,-0.0604,0.9976,0.0336,0,-0.7478,-0.0229,-0.6635,0,3.8681,66.7532,-14.9695,1]},
{"frame":8,"values":[0.6415,0.0322,-0.7664,0,-0.0563,0.9984,-0.0052,0,-0.765,-0.0464,-0.6423,0,4.3175,66.8335,-19.2678,1]},
{"frame":9,"values":[0.6663,-0.0154,-0.7455,0,-0.0358,0.998,-0.0526,0,-0.7448,-0.0618,-0.6644,0,4.7795,66.7752,-24.6362,1]},
{"frame":10,"values":[0.7354,-0.0546,-0.6754,0,-0.0071,0.9961,-0.0882,0,-0.6776,-0.0696,-0.7321,0,5.591,66.0147,-30.9922,1]},
{"frame":11,"values":[0.8306,-0.0642,-0.5532,0,0.0145,0.9955,-0.0939,0,-0.5567,-0.07,-0.8278,0,6.2371,65.3771,-36.9425,1]},
{"frame":12,"values":[0.9246,-0.0423,-0.3786,0,0.0149,0.9971,-0.0749,0,-0.3806,-0.0636,-0.9225,0,6.797,65.0216,-41.7077,1]},
{"frame":13,"values":[0.982,-0.0092,-0.1885,0,-0.0016,0.9984,-0.0573,0,-0.1887,-0.0566,-0.9804,0,7.4211,65.138,-45.4402,1]},
{"frame":14,"values":[0.9986,0.0268,-0.0451,0,-0.0297,0.9975,-0.0639,0,-0.0433,-0.0652,-0.9969,0,7.9124,65.8037,-48.176,1]},
{"frame":15,"values":[0.9967,0.0676,0.0448,0,-0.063,0.9933,-0.0973,0,0.051,-0.0941,-0.9943,0,7.9747,66.687,-50.3988,1]},
{"frame":16,"values":[0.989,0.0912,0.1165,0,-0.0756,0.9883,-0.1324,0,0.1272,-0.1221,-0.9843,0,7.5591,67.2989,-52.3176,1]},
{"frame":17,"values":[0.9831,0.0793,0.1647,0,-0.0561,0.9885,-0.1406,0,0.174,-0.129,-0.9763,0,6.9537,67.8633,-53.6755,1]},
{"frame":18,"values":[0.9881,0.0438,0.1475,0,-0.0244,0.9911,-0.131,0,0.152,-0.1259,-0.9803,0,6.3238,68.6754,-54.2571,1]},
{"frame":19,"values":[0.9968,0.0058,0.0799,0,0.0043,0.992,-0.1263,0,0.0799,-0.1262,-0.9888,0,5.8503,69.4546,-54.2108,1]},
{"frame":20,"values":[0.9994,-0.0322,-0.0106,0,0.0307,0.9923,-0.12,0,-0.0144,-0.1196,-0.9927,0,5.6338,69.815,-53.6495,1]},
{"frame":21,"values":[0.9911,-0.0683,-0.1139,0,0.0568,0.9932,-0.1013,0,-0.12,-0.0939,-0.9883,0,5.6643,69.7585,-52.5352,1]},
{"frame":22,"values":[0.9683,-0.0934,-0.2318,0,0.0789,0.9944,-0.0709,0,-0.2371,-0.0504,-0.9702,0,5.8776,69.394,-51.1082,1]},
{"frame":23,"values":[0.9312,-0.0995,-0.3507,0,0.0927,0.995,-0.0361,0,-0.3525,-0.0011,-0.9358,0,6.021,68.7947,-49.508,1]},
{"frame":24,"values":[0.8899,-0.0865,-0.4478,0,0.0959,0.9954,-0.0016,0,-0.4459,0.0415,-0.8941,0,5.8655,68.1808,-47.6987,1]},
{"frame":25,"values":[0.8573,-0.0617,-0.5112,0,0.0879,0.9958,0.0272,0,-0.5073,0.0682,-0.859,0,5.2756,67.9066,-45.5146,1]},
{"frame":26,"values":[0.8423,-0.0317,-0.5382,0,0.0665,0.9968,0.0454,0,-0.535,0.074,-0.8416,0,4.2665,68.2087,-42.8239,1]},
{"frame":27,"values":[0.8438,-0.003,-0.5366,0,0.0373,0.9979,0.0531,0,-0.5353,0.0648,-0.8422,0,2.9391,68.8973,-39.6181,1]},
{"frame":28,"values":[0.8586,0.0233,-0.5121,0,0.005,0.9985,0.0538,0,-0.5126,0.0488,-0.8572,0,1.7507,69.8055,-36.0648,1]},
{"frame":29,"values":[0.8763,0.0439,-0.4797,0,-0.0216,0.9984,0.0517,0,-0.4813,0.035,-0.8759,0,0.9487,71.1664,-32.5523,1]},
{"frame":30,"values":[0.888,0.0472,-0.4574,0,-0.031,0.9986,0.043,0,-0.4588,0.024,-0.8882,0,0.63,73.2482,-29.4011,1]},
{"frame":31,"values":[0.8867,0.0305,-0.4614,0,-0.0249,0.9995,0.0183,0,-0.4618,0.0047,-0.887,0,0.6764,75.9082,-26.5312,1]},
{"frame":32,"values":[0.8682,0.0026,-0.4962,0,-0.0169,0.9996,-0.0244,0,-0.4959,-0.0296,-0.8679,0,0.9182,78.532,-23.8473,1]},
{"frame":33,"values":[0.8371,-0.0267,-0.5463,0,-0.0153,0.9973,-0.0723,0,-0.5468,-0.0689,-0.8344,0,1.1491,80.2149,-21.3395,1]},
{"frame":34,"values":[0.8041,-0.0505,-0.5923,0,-0.0177,0.9939,-0.1089,0,-0.5942,-0.0981,-0.7983,0,1.1793,80.8165,-18.9497,1]},
{"frame":35,"values":[0.7853,-0.064,-0.6158,0,-0.0178,0.9919,-0.1258,0,-0.6188,-0.1098,-0.7778,0,1.1834,80.5487,-16.673,1]},
{"frame":36,"values":[0.7927,-0.0591,-0.6067,0,-0.0184,0.9925,-0.1207,0,-0.6093,-0.1068,-0.7857,0,1.489,79.6914,-14.5675,1]},
{"frame":37,"values":[0.8141,-0.0334,-0.5798,0,-0.0282,0.9949,-0.0969,0,-0.58,-0.0952,-0.809,0,1.4413,78.3071,-12.0725,1]},
{"frame":38,"values":[0.8321,-0.0055,-0.5546,0,-0.0378,0.9971,-0.0666,0,-0.5533,-0.0764,-0.8295,0,0.9473,76.7207,-9.3392,1]},
{"frame":39,"values":[0.8408,0.0106,-0.5413,0,-0.0403,0.9983,-0.0431,0,-0.5399,-0.058,-0.8398,0,0.2667,75.3318,-6.661,1]},
{"frame":40,"values":[0.8449,0.0159,-0.5346,0,-0.0381,0.9988,-0.0306,0,-0.5335,-0.0462,-0.8445,0,-0.2736,74.5575,-4.166,1]},
{"frame":41,"values":[0.849,0.0192,-0.528,0,-0.0363,0.9991,-0.0221,0,-0.5271,-0.0379,-0.849,0,-0.6166,74.6506,-2.0667,1]},
{"frame":42,"values":[0.856,0.0281,-0.5162,0,-0.0395,0.9992,-0.011,0,-0.5154,-0.0298,-0.8564,0,-0.9302,75.291,-0.4764,1]},
{"frame":43,"values":[0.8669,0.0367,-0.4971,0,-0.0444,0.999,-0.0036,0,-0.4965,-0.0252,-0.8677,0,-1.1907,75.9751,0.4616,1]},
{"frame":44,"values":[0.8769,0.0425,-0.4787,0,-0.0499,0.9988,-0.0028,0,-0.478,-0.0264,-0.878,0,-1.3873,76.6806,1.1335,1]},
{"frame":45,"values":[0.8812,0.0447,-0.4705,0,-0.0538,0.9985,-0.006,0,-0.4696,-0.0306,-0.8824,0,-1.4194,77.1861,1.5376,1]},
{"frame":46,"values":[0.8787,0.0429,-0.4755,0,-0.0539,0.9985,-0.0095,0,-0.4744,-0.034,-0.8797,0,-1.3834,77.4836,1.7453,1]},
{"frame":47,"values":[0.8722,0.0368,-0.4878,0,-0.0485,0.9988,-0.0113,0,-0.4867,-0.0335,-0.8729,0,-1.2576,77.4663,1.6644,1]},
{"frame":48,"values":[0.8646,0.031,-0.5014,0,-0.0407,0.9991,-0.0083,0,-0.5007,-0.0276,-0.8652,0,-1.1127,77.3417,1.4552,1]},
{"frame":49,"values":[0.8582,0.0258,-0.5126,0,-0.0319,0.9995,-0.0032,0,-0.5123,-0.0191,-0.8586,0,-0.7855,76.861,0.887,1]},
{"frame":50,"values":[0.8537,0.0256,-0.5201,0,-0.0289,0.9996,0.0018,0,-0.5199,-0.0135,-0.8541,0,-0.4139,76.1383,0.1059,1]},
{"frame":51,"values":[0.8485,0.0302,-0.5283,0,-0.0316,0.9995,0.0065,0,-0.5283,-0.0112,-0.849,0,-0.082,75.3124,-0.6672,1]}],"loopBehavior":1,"name":"anim","property":"_matrix"}},
{"name":"Spine","index":1,"matrix":[0.9902,0.0227,-0.138,0,0.0109,0.9712,0.2381,0,0.1394,-0.2372,0.9614,0,0.1169,10.681,0.3734,1],"rest":[1,0,0,0,0,1,0,0,0,0,1,0,0.1169,10.681,0.3734,1],"parentBoneIndex":0,"length":13.8405
,"animation":{"dataType":3,"framePerSecond":24,"keys":[
{"frame":1,"values":[0.9902,0.0227,-0.138,0,0.0109,0.9712,0.2381,0,0.1394,-0.2372,0.9614,0,0.1169,10.681,0.3734,1]},
{"frame":2,"values":[0.9894,0.0252,-0.1433,0,0.0131,0.9655,0.2599,0,0.145,-0.259,0.9549,0,0.1169,10.681,0.3734,1]},
{"frame":3,"values":[0.9877,0.0414,-0.1505,0,0.0046,0.956,0.2933,0,0.156,-0.2904,0.9441,0,0.1169,10.681,0.3734,1]},
{"frame":4,"values":[0.9858,0.0569,-0.1582,0,-0.0015,0.9439,0.3302,0,0.1681,-0.3253,0.9306,0,0.1169,10.681,0.3734,1]},
{"frame":5,"values":[0.9857,0.0578,-0.1585,0,0.002,0.9353,0.3537,0,0.1687,-0.349,0.9218,0,0.1169,10.681,0.3734,1]},
{"frame":6,"values":[0.9894,0.0357,-0.1409,0,0.0169,0.9344,0.3557,0,0.1444,-0.3543,0.9239,0,0.1169,10.681,0.3734,1]},
{"frame":7,"values":[0.9946,-0.0037,-0.1035,0,0.0384,0.9412,0.3355,0,0.0961,-0.3377,0.9363,0,0.1169,10.681,0.3734,1]},
{"frame":8,"values":[0.9982,-0.0408,-0.043,0,0.0516,0.9555,0.2906,0,0.0293,-0.2923,0.9559,0,0.1169,10.681,0.3734,1]},
{"frame":9,"values":[0.9976,-0.06,0.0354,0,0.0501,0.9713,0.2324,0,-0.0483,-0.2301,0.972,0,0.1169,10.681,0.3734,1]},
{"frame":10,"values":[0.9924,-0.0746,0.0974,0,0.0547,0.9797,0.193,0,-0.1099,-0.1862,0.9763,0,0.1169,10.681,0.3734,1]},
{"frame":11,"values":[0.9879,-0.1213,0.0964,0,0.1002,0.9748,0.1994,0,-0.1181,-0.1873,0.9752,0,0.1169,10.681,0.3734,1]},
{"frame":12,"values":[0.9848,-0.1732,0.0124,0,0.165,0.9556,0.244,0,-0.0541,-0.2382,0.9697,0,0.1169,10.681,0.3734,1]},
{"frame":13,"values":[0.9804,-0.1499,-0.1279,0,0.1828,0.9344,0.3057,0,0.0737,-0.3231,0.9435,0,0.1169,10.681,0.3734,1]},
{"frame":14,"values":[0.9616,-0.0535,-0.2693,0,0.1529,0.919,0.3635,0,0.228,-0.3907,0.8918,0,0.1169,10.681,0.3734,1]},
{"frame":15,"values":[0.9261,-0.0041,-0.3773,0,0.1588,0.9112,0.3801,0,0.3422,-0.4119,0.8445,0,0.1169,10.681,0.3734,1]},
{"frame":16,"values":[0.9034,-0.0291,-0.4278,0,0.2022,0.9087,0.3652,0,0.3781,-0.4165,0.8268,0,0.1169,10.681,0.3734,1]},
{"frame":17,"values":[0.906,-0.0608,-0.419,0,0.2323,0.8987,0.3719,0,0.3539,-0.4343,0.8283,0,0.1169,10.681,0.3734,1]},
{"frame":18,"values":[0.92,-0.0847,-0.3827,0,0.2467,0.8838,0.3975,0,0.3046,-0.4601,0.834,0,0.1169,10.681,0.3734,1]},
{"frame":19,"values":[0.9326,-0.1151,-0.342,0,0.2587,0.874,0.4114,0,0.2515,-0.4722,0.8449,0,0.1169,10.681,0.3734,1]},
{"frame":20,"values":[0.9466,-0.1394,-0.2908,0,0.2575,0.8696,0.4212,0,0.1942,-0.4736,0.859,0,0.1169,10.681,0.3734,1]},
{"frame":21,"values":[0.9623,-0.1474,-0.2286,0,0.2372,0.8662,0.4398,0,0.1332,-0.4774,0.8685,0,0.1169,10.681,0.3734,1]},
{"frame":22,"values":[0.9745,-0.1435,-0.1724,0,0.2086,0.8628,0.4606,0,0.0827,-0.4848,0.8707,0,0.1169,10.681,0.3734,1]},
{"frame":23,"values":[0.9812,-0.1345,-0.1384,0,0.1848,0.8616,0.4728,0,0.0556,-0.4895,0.8702,0,0.1169,10.681,0.3734,1]},
{"frame":24,"values":[0.9841,-0.1226,-0.1287,0,0.1694,0.8659,0.4707,0,0.0537,-0.485,0.8728,0,0.1169,10.681,0.3734,1]},
{"frame":25,"values":[0.9852,-0.1089,-0.1322,0,0.1579,0.8764,0.4549,0,0.0663,-0.4691,0.8807,0,0.1169,10.681,0.3734,1]},
{"frame":26,"values":[0.9863,-0.0882,-0.1394,0,0.1402,0.8934,0.4268,0,0.0869,-0.4405,0.8935,0,0.1169,10.681,0.3734,1]},
{"frame":27,"values":[0.9882,-0.0547,-0.1428,0,0.1073,0.9133,0.3929,0,0.1089,-0.4036,0.9084,0,0.1169,10.681,0.3734,1]},
{"frame":28,"values":[0.9903,-0.0136,-0.1383,0,0.0634,0.9299,0.3624,0,0.1236,-0.3676,0.9217,0,0.1169,10.681,0.3734,1]},
{"frame":29,"values":[0.9917,0.0163,-0.1277,0,0.0293,0.9372,0.3477,0,0.1254,-0.3485,0.9289,0,0.1169,10.681,0.3734,1]},
{"frame":30,"values":[0.993,0.028,-0.1151,0,0.0143,0.9361,0.3516,0,0.1176,-0.3507,0.9291,0,0.1169,10.681,0.3734,1]},
{"frame":31,"values":[0.9938,0.0272,-0.1075,0,0.0131,0.9339,0.3573,0,0.1101,-0.3565,0.9278,0,0.1169,10.681,0.3734,1]},
{"frame":32,"values":[0.9937,0.019,-0.1101,0,0.0205,0.9377,0.3469,0,0.1098,-0.347,0.9314,0,0.1169,10.681,0.3734,1]},
{"frame":33,"values":[0.993,0.0106,-0.1176,0,0.027,0.9492,0.3135,0,0.1149,-0.3145,0.9423,0,0.1169,10.681,0.3734,1]},
{"frame":34,"values":[0.9928,0.0077,-0.1198,0,0.0252,0.9623,0.2708,0,0.1174,-0.2719,0.9551,0,0.1169,10.681,0.3734,1]},
{"frame":35,"values":[0.9937,0.0118,-0.1114,0,0.016,0.9694,0.2449,0,0.1109,-0.2451,0.9631,0,0.1169,10.681,0.3734,1]},
{"frame":36,"values":[0.995,0.007,-0.0995,0,0.0179,0.969,0.2466,0,0.0981,-0.2471,0.964,0,0.1169,10.681,0.3734,1]},
{"frame":37,"values":[0.9949,-0.0174,-0.0991,0,0.0429,0.9644,0.2611,0,0.0911,-0.264,0.9602,0,0.1169,10.681,0.3734,1]},
{"frame":38,"values":[0.9928,-0.0342,-0.1151,0,0.0645,0.9604,0.2711,0,0.1012,-0.2765,0.9557,0,0.1169,10.681,0.3734,1]},
{"frame":39,"values":[0.9904,-0.026,-0.1356,0,0.0629,0.9594,0.275,0,0.1229,-0.2809,0.9518,0,0.1169,10.681,0.3734,1]},
{"frame":40,"values":[0.9884,0.0073,-0.1517,0,0.036,0.9591,0.2807,0,0.1475,-0.2829,0.9477,0,0.1169,10.681,0.3734,1]},
{"frame":41,"values":[0.9863,0.0437,-0.1592,0,0.0036,0.9583,0.2856,0,0.1651,-0.2823,0.945,0,0.1169,10.681,0.3734,1]},
{"frame":42,"values":[0.9862,0.0558,-0.156,0,-0.0097,0.9594,0.2818,0,0.1654,-0.2764,0.9467,0,0.1169,10.681,0.3734,1]},
{"frame":43,"values":[0.9882,0.049,-0.1451,0,-0.0085,0.9636,0.2674,0,0.1529,-0.263,0.9526,0,0.1169,10.681,0.3734,1]},
{"frame":44,"values":[0.9904,0.0394,-0.1323,0,-0.0053,0.9684,0.2492,0,0.138,-0.2461,0.9594,0,0.1169,10.681,0.3734,1]},
{"frame":45,"values":[0.9913,0.0347,-0.1267,0,-0.0043,0.9725,0.233,0,0.1313,-0.2305,0.9642,0,0.1169,10.681,0.3734,1]},
{"frame":46,"values":[0.991,0.0343,-0.1297,0,-0.0047,0.975,0.222,0,0.134,-0.2193,0.9664,0,0.1169,10.681,0.3734,1]},
{"frame":47,"values":[0.9902,0.0386,-0.134,0,-0.009,0.9767,0.2146,0,0.1392,-0.2113,0.9675,0,0.1169,10.681,0.3734,1]},
{"frame":48,"values":[0.9898,0.0429,-0.1355,0,-0.0134,0.9772,0.2118,0,0.1415,-0.2078,0.9679,0,0.1169,10.681,0.3734,1]},
{"frame":49,"values":[0.99,0.0426,-0.1344,0,-0.0127,0.9763,0.216,0,0.1404,-0.2122,0.9671,0,0.1169,10.681,0.3734,1]},
{"frame":50,"values":[0.9904,0.0315,-0.1345,0,-0.0004,0.9743,0.2253,0,0.1381,-0.2231,0.965,0,0.1169,10.681,0.3734,1]},
{"frame":51,"values":[0.9902,0.0227,-0.138,0,0.0109,0.9712,0.2381,0,0.1394,-0.2372,0.9614,0,0.1169,10.681,0.3734,1]}],"loopBehavior":1,"name":"anim","property":"_matrix"}},
{"name":"Spine1","index":2,"matrix":[0.9996,-0.0185,-0.02,0,0.0191,0.9994,0.0289,0,0.0195,-0.0293,0.9994,0,0,13.8404,0.0535,1],"rest":[1,0,0,0,0,1,0,0,0,0,1,0,0,13.8404,0.0535,1],"parentBoneIndex":1,"length":14.7173
,"animation":{"dataType":3,"framePerSecond":24,"keys":[
{"frame":1,"values":[0.9996,-0.0185,-0.02,0,0.0191,0.9994,0.0289,0,0.0195,-0.0293,0.9994,0,0,13.8404,0.0535,1]},
{"frame":2,"values":[0.9996,-0.0207,-0.021,0,0.0212,0.9995,0.0242,0,0.0205,-0.0246,0.9995,0,0,13.8404,0.0535,1]},
{"frame":3,"values":[0.9994,-0.0266,-0.0226,0,0.027,0.9995,0.017,0,0.0221,-0.0176,0.9996,0,0,13.8404,0.0535,1]},
{"frame":4,"values":[0.9991,-0.0335,-0.0243,0,0.0337,0.9994,0.0082,0,0.024,-0.009,0.9997,0,0,13.8404,0.0535,1]},
{"frame":5,"values":[0.999,-0.0373,-0.0242,0,0.0373,0.9993,-0.0008,0,0.0242,-0.0001,0.9997,0,0,13.8404,0.0535,1]},
{"frame":6,"values":[0.9993,-0.0327,-0.0207,0,0.0325,0.9994,-0.0091,0,0.0209,0.0084,0.9997,0,0,13.8404,0.0535,1]},
{"frame":7,"values":[0.9998,-0.0158,-0.0136,0,0.0156,0.9998,-0.0125,0,0.0138,0.0122,0.9998,0,0,13.8404,0.0535,1]},
{"frame":8,"values":[0.9999,0.0109,-0.0037,0,-0.0109,0.9999,-0.0054,0,0.0036,0.0054,1,0,0,13.8404,0.0535,1]},
{"frame":9,"values":[0.9993,0.0376,0.008,0,-0.0377,0.9993,0.0064,0,-0.0078,-0.0067,0.9999,0,0,13.8404,0.0535,1]},
{"frame":10,"values":[0.9981,0.0596,0.0173,0,-0.0597,0.9982,0.0083,0,-0.0168,-0.0093,0.9998,0,0,13.8404,0.0535,1]},
{"frame":11,"values":[0.9968,0.078,0.0187,0,-0.0779,0.997,-0.0023,0,-0.0188,0.0009,0.9998,0,0,13.8404,0.0535,1]},
{"frame":12,"values":[0.9968,0.0795,0.0093,0,-0.0794,0.9967,-0.0145,0,-0.0104,0.0137,0.9999,0,0,13.8404,0.0535,1]},
{"frame":13,"values":[0.9986,0.0521,-0.0089,0,-0.0523,0.9985,-0.0188,0,0.0079,0.0192,0.9998,0,0,13.8404,0.0535,1]},
{"frame":14,"values":[0.9994,0.0124,-0.0308,0,-0.0127,0.9999,-0.0097,0,0.0306,0.0101,0.9995,0,0,13.8404,0.0535,1]},
{"frame":15,"values":[0.9988,-0.0056,-0.0482,0,0.0059,1,0.0061,0,0.0482,-0.0064,0.9988,0,0,13.8404,0.0535,1]},
{"frame":16,"values":[0.9985,0.001,-0.0541,0,-0.0002,0.9999,0.0145,0,0.0541,-0.0145,0.9984,0,0,13.8404,0.0535,1]},
{"frame":17,"values":[0.9986,0.0118,-0.0508,0,-0.0112,0.9999,0.0132,0,0.051,-0.0127,0.9986,0,0,13.8404,0.0535,1]},
{"frame":18,"values":[0.9988,0.0204,-0.0443,0,-0.0199,0.9997,0.0103,0,0.0445,-0.0094,0.999,0,0,13.8404,0.0535,1]},
{"frame":19,"values":[0.9989,0.0283,-0.0375,0,-0.0279,0.9996,0.0092,0,0.0377,-0.0081,0.9993,0,0,13.8404,0.0535,1]},
{"frame":20,"values":[0.999,0.0326,-0.0299,0,-0.0325,0.9995,0.0064,0,0.0301,-0.0055,0.9995,0,0,13.8404,0.0535,1]},
{"frame":21,"values":[0.9993,0.0312,-0.0217,0,-0.0311,0.9995,0.0019,0,0.0218,-0.0012,0.9998,0,0,13.8404,0.0535,1]},
{"frame":22,"values":[0.9996,0.0251,-0.0152,0,-0.0252,0.9997,-0.0046,0,0.015,0.0049,0.9999,0,0,13.8404,0.0535,1]},
{"frame":23,"values":[0.9997,0.0192,-0.0117,0,-0.0194,0.9998,-0.0111,0,0.0115,0.0114,0.9999,0,0,13.8404,0.0535,1]},
{"frame":24,"values":[0.9998,0.016,-0.0113,0,-0.0162,0.9998,-0.0134,0,0.0111,0.0136,0.9998,0,0,13.8404,0.0535,1]},
{"frame":25,"values":[0.9998,0.0129,-0.0126,0,-0.013,0.9999,-0.0099,0,0.0125,0.0101,0.9999,0,0,13.8404,0.0535,1]},
{"frame":26,"values":[0.9999,0.0044,-0.0149,0,-0.0044,1,-0.0009,0,0.0149,0.001,0.9999,0,0,13.8404,0.0535,1]},
{"frame":27,"values":[0.9998,-0.0111,-0.0176,0,0.0113,0.9999,0.0115,0,0.0175,-0.0117,0.9998,0,0,13.8404,0.0535,1]},
{"frame":28,"values":[0.9994,-0.0294,-0.0197,0,0.0298,0.9993,0.0232,0,0.019,-0.0238,0.9995,0,0,13.8404,0.0535,1]},
{"frame":29,"values":[0.999,-0.0401,-0.02,0,0.0407,0.9988,0.0287,0,0.0188,-0.0295,0.9994,0,0,13.8404,0.0535,1]},
{"frame":30,"values":[0.9991,-0.0372,-0.0184,0,0.0377,0.9989,0.027,0,0.0174,-0.0276,0.9995,0,0,13.8404,0.0535,1]},
{"frame":31,"values":[0.9995,-0.0252,-0.0164,0,0.0256,0.9994,0.0225,0,0.0158,-0.0229,0.9996,0,0,13.8404,0.0535,1]},
{"frame":32,"values":[0.9998,-0.012,-0.0155,0,0.0123,0.9997,0.0204,0,0.0152,-0.0206,0.9997,0,0,13.8404,0.0535,1]},
{"frame":33,"values":[0.9999,-0.0022,-0.0156,0,0.0025,0.9997,0.0236,0,0.0156,-0.0236,0.9996,0,0,13.8404,0.0535,1]},
{"frame":34,"values":[0.9999,0.0024,-0.0159,0,-0.002,0.9996,0.0285,0,0.0159,-0.0285,0.9995,0,0,13.8404,0.0535,1]},
{"frame":35,"values":[0.9999,0.0029,-0.015,0,-0.0025,0.9996,0.0269,0,0.0151,-0.0268,0.9995,0,0,13.8404,0.0535,1]},
{"frame":36,"values":[0.9999,0.0046,-0.0132,0,-0.0044,0.9998,0.0169,0,0.0133,-0.0169,0.9998,0,0,13.8404,0.0535,1]},
{"frame":37,"values":[0.9999,0.0076,-0.0125,0,-0.0075,0.9999,0.0087,0,0.0126,-0.0086,0.9999,0,0,13.8404,0.0535,1]},
{"frame":38,"values":[0.9999,0.0059,-0.0144,0,-0.0057,0.9999,0.0093,0,0.0144,-0.0092,0.9999,0,0,13.8404,0.0535,1]},
{"frame":39,"values":[0.9998,-0.0024,-0.0176,0,0.0026,0.9999,0.013,0,0.0176,-0.013,0.9998,0,0,13.8404,0.0535,1]},
{"frame":40,"values":[0.9996,-0.016,-0.0212,0,0.0164,0.9997,0.0169,0,0.0209,-0.0172,0.9996,0,0,13.8404,0.0535,1]},
{"frame":41,"values":[0.9993,-0.0294,-0.0239,0,0.03,0.9993,0.024,0,0.0232,-0.0247,0.9994,0,0,13.8404,0.0535,1]},
{"frame":42,"values":[0.9991,-0.0357,-0.0243,0,0.0364,0.9988,0.0329,0,0.0231,-0.0337,0.9992,0,0,13.8404,0.0535,1]},
{"frame":43,"values":[0.9991,-0.0355,-0.0226,0,0.0364,0.9986,0.0389,0,0.0212,-0.0397,0.999,0,0,13.8404,0.0535,1]},
{"frame":44,"values":[0.9992,-0.0337,-0.0204,0,0.0345,0.9986,0.0405,0,0.019,-0.0412,0.999,0,0,13.8404,0.0535,1]},
{"frame":45,"values":[0.9993,-0.0318,-0.0193,0,0.0325,0.9987,0.0395,0,0.018,-0.0401,0.999,0,0,13.8404,0.0535,1]},
{"frame":46,"values":[0.9994,-0.0296,-0.0195,0,0.0303,0.9988,0.0372,0,0.0184,-0.0378,0.9991,0,0,13.8404,0.0535,1]},
{"frame":47,"values":[0.9994,-0.0281,-0.0201,0,0.0289,0.9989,0.0359,0,0.0191,-0.0365,0.9992,0,0,13.8404,0.0535,1]},
{"frame":48,"values":[0.9994,-0.0275,-0.0204,0,0.0282,0.999,0.0357,0,0.0194,-0.0363,0.9992,0,0,13.8404,0.0535,1]},
{"frame":49,"values":[0.9995,-0.0253,-0.0202,0,0.0259,0.9991,0.0346,0,0.0193,-0.0351,0.9992,0,0,13.8404,0.0535,1]},
{"frame":50,"values":[0.9996,-0.0208,-0.0198,0,0.0214,0.9993,0.0321,0,0.0191,-0.0325,0.9993,0,0,13.8404,0.0535,1]},
{"frame":51,"values":[0.9996,-0.0185,-0.02,0,0.0191,0.9994,0.0289,0,0.0195,-0.0293,0.9994,0,0,13.8404,0.0535,1]}],"loopBehavior":1,"name":"anim","property":"_matrix"}},
{"name":"Spine2","index":3,"matrix":[0.9996,-0.0186,-0.0195,0,0.0192,0.9994,0.0292,0,0.019,-0.0296,0.9994,0,0,14.7127,-0.3662,1],"rest":[1,0,0,0,0,1,0,0,0,0,1,0,0,14.7127,-0.3662,1],"parentBoneIndex":2,"length":31.8652
,"animation":{"dataType":3,"framePerSecond":24,"keys":[
{"frame":1,"values":[0.9996,-0.0186,-0.0195,0,0.0192,0.9994,0.0292,0,0.019,-0.0296,0.9994,0,0,14.7127,-0.3662,1]},
{"frame":2,"values":[0.9996,-0.0209,-0.0204,0,0.0214,0.9995,0.0245,0,0.0198,-0.025,0.9995,0,0,14.7127,-0.3662,1]},
{"frame":3,"values":[0.9994,-0.027,-0.0217,0,0.0274,0.9995,0.0176,0,0.0212,-0.0182,0.9996,0,0,14.7127,-0.3662,1]},
{"frame":4,"values":[0.9992,-0.0342,-0.023,0,0.0344,0.9994,0.0089,0,0.0227,-0.0097,0.9997,0,0,14.7127,-0.3662,1]},
{"frame":5,"values":[0.999,-0.0382,-0.0227,0,0.0382,0.9993,0,0,0.0227,-0.0008,0.9997,0,0,14.7127,-0.3662,1]},
{"frame":6,"values":[0.9993,-0.0334,-0.0193,0,0.0333,0.9994,-0.0086,0,0.0195,0.0079,0.9998,0,0,14.7127,-0.3662,1]},
{"frame":7,"values":[0.9998,-0.0163,-0.0128,0,0.0161,0.9998,-0.0122,0,0.013,0.012,0.9998,0,0,14.7127,-0.3662,1]},
{"frame":8,"values":[0.9999,0.0108,-0.0038,0,-0.0108,0.9999,-0.0053,0,0.0037,0.0053,1,0,0,14.7127,-0.3662,1]},
{"frame":9,"values":[0.9993,0.0377,0.0072,0,-0.0378,0.9993,0.0069,0,-0.007,-0.0071,1,0,0,14.7127,-0.3662,1]},
{"frame":10,"values":[0.9981,0.0597,0.0163,0,-0.0598,0.9982,0.0093,0,-0.0157,-0.0103,0.9998,0,0,14.7127,-0.3662,1]},
{"frame":11,"values":[0.9968,0.0782,0.0174,0,-0.0782,0.9969,-0.0009,0,-0.0174,-0.0005,0.9998,0,0,14.7127,-0.3662,1]},
{"frame":12,"values":[0.9968,0.0798,0.0076,0,-0.0796,0.9967,-0.0135,0,-0.0087,0.0129,0.9999,0,0,14.7127,-0.3662,1]},
{"frame":13,"values":[0.9986,0.0517,-0.0104,0,-0.0519,0.9985,-0.0191,0,0.0094,0.0196,0.9998,0,0,14.7127,-0.3662,1]},
{"frame":14,"values":[0.9994,0.0111,-0.0313,0,-0.0114,0.9999,-0.0103,0,0.0311,0.0106,0.9995,0,0,14.7127,-0.3662,1]},
{"frame":15,"values":[0.9988,-0.0073,-0.0482,0,0.0076,1,0.0059,0,0.0481,-0.0062,0.9988,0,0,14.7127,-0.3662,1]},
{"frame":16,"values":[0.9985,-0.0006,-0.0545,0,0.0013,0.9999,0.0138,0,0.0545,-0.0138,0.9984,0,0,14.7127,-0.3662,1]},
{"frame":17,"values":[0.9986,0.0102,-0.0518,0,-0.0096,0.9999,0.0119,0,0.052,-0.0114,0.9986,0,0,14.7127,-0.3662,1]},
{"frame":18,"values":[0.9988,0.0188,-0.0457,0,-0.0184,0.9998,0.0088,0,0.0459,-0.008,0.9989,0,0,14.7127,-0.3662,1]},
{"frame":19,"values":[0.9989,0.0268,-0.0393,0,-0.0265,0.9996,0.0077,0,0.0395,-0.0066,0.9992,0,0,14.7127,-0.3662,1]},
{"frame":20,"values":[0.999,0.0314,-0.0318,0,-0.0313,0.9995,0.0052,0,0.032,-0.0042,0.9995,0,0,14.7127,-0.3662,1]},
{"frame":21,"values":[0.9993,0.0302,-0.0235,0,-0.0302,0.9995,0.0011,0,0.0235,-0.0004,0.9997,0,0,14.7127,-0.3662,1]},
{"frame":22,"values":[0.9996,0.0243,-0.0165,0,-0.0244,0.9997,-0.005,0,0.0164,0.0054,0.9999,0,0,14.7127,-0.3662,1]},
{"frame":23,"values":[0.9997,0.0186,-0.0127,0,-0.0187,0.9998,-0.0114,0,0.0125,0.0116,0.9999,0,0,14.7127,-0.3662,1]},
{"frame":24,"values":[0.9998,0.0154,-0.0121,0,-0.0155,0.9998,-0.0136,0,0.0118,0.0138,0.9998,0,0,14.7127,-0.3662,1]},
{"frame":25,"values":[0.9998,0.0122,-0.0132,0,-0.0123,0.9999,-0.0101,0,0.0131,0.0103,0.9999,0,0,14.7127,-0.3662,1]},
{"frame":26,"values":[0.9999,0.0038,-0.0152,0,-0.0038,1,-0.0011,0,0.0152,0.0011,0.9999,0,0,14.7127,-0.3662,1]},
{"frame":27,"values":[0.9998,-0.0116,-0.0174,0,0.0118,0.9999,0.0116,0,0.0173,-0.0118,0.9998,0,0,14.7127,-0.3662,1]},
{"frame":28,"values":[0.9994,-0.0297,-0.0188,0,0.0301,0.9993,0.0236,0,0.0181,-0.0241,0.9995,0,0,14.7127,-0.3662,1]},
{"frame":29,"values":[0.999,-0.0403,-0.0188,0,0.0409,0.9987,0.0292,0,0.0176,-0.03,0.9994,0,0,14.7127,-0.3662,1]},
{"frame":30,"values":[0.9991,-0.0374,-0.0173,0,0.0379,0.9989,0.0275,0,0.0162,-0.0281,0.9995,0,0,14.7127,-0.3662,1]},
{"frame":31,"values":[0.9996,-0.0255,-0.0157,0,0.0258,0.9994,0.0228,0,0.0151,-0.0232,0.9996,0,0,14.7127,-0.3662,1]},
{"frame":32,"values":[0.9998,-0.0123,-0.0152,0,0.0126,0.9997,0.0206,0,0.0149,-0.0208,0.9997,0,0,14.7127,-0.3662,1]},
{"frame":33,"values":[0.9999,-0.0024,-0.0157,0,0.0027,0.9997,0.0236,0,0.0156,-0.0237,0.9996,0,0,14.7127,-0.3662,1]},
{"frame":34,"values":[0.9999,0.0023,-0.016,0,-0.0019,0.9996,0.0286,0,0.016,-0.0285,0.9995,0,0,14.7127,-0.3662,1]},
{"frame":35,"values":[0.9999,0.0028,-0.015,0,-0.0024,0.9996,0.0269,0,0.0151,-0.0269,0.9995,0,0,14.7127,-0.3662,1]},
{"frame":36,"values":[0.9999,0.0044,-0.0133,0,-0.0042,0.9998,0.017,0,0.0133,-0.0169,0.9998,0,0,14.7127,-0.3662,1]},
{"frame":37,"values":[0.9999,0.0073,-0.0127,0,-0.0072,0.9999,0.0087,0,0.0128,-0.0086,0.9999,0,0,14.7127,-0.3662,1]},
{"frame":38,"values":[0.9999,0.0056,-0.0146,0,-0.0054,0.9999,0.0093,0,0.0146,-0.0092,0.9999,0,0,14.7127,-0.3662,1]},
{"frame":39,"values":[0.9998,-0.0027,-0.0177,0,0.0029,0.9999,0.013,0,0.0176,-0.013,0.9998,0,0,14.7127,-0.3662,1]},
{"frame":40,"values":[0.9997,-0.0163,-0.0208,0,0.0166,0.9997,0.0171,0,0.0205,-0.0175,0.9996,0,0,14.7127,-0.3662,1]},
{"frame":41,"values":[0.9993,-0.0295,-0.0231,0,0.0301,0.9992,0.0245,0,0.0224,-0.0252,0.9994,0,0,14.7127,-0.3662,1]},
{"frame":42,"values":[0.9991,-0.0357,-0.0233,0,0.0364,0.9988,0.0335,0,0.0221,-0.0343,0.9992,0,0,14.7127,-0.3662,1]},
{"frame":43,"values":[0.9991,-0.0354,-0.0217,0,0.0363,0.9986,0.0394,0,0.0203,-0.0402,0.999,0,0,14.7127,-0.3662,1]},
{"frame":44,"values":[0.9992,-0.0336,-0.0196,0,0.0344,0.9986,0.041,0,0.0182,-0.0417,0.999,0,0,14.7127,-0.3662,1]},
{"frame":45,"values":[0.9993,-0.0317,-0.0186,0,0.0324,0.9987,0.0399,0,0.0173,-0.0405,0.999,0,0,14.7127,-0.3662,1]},
{"frame":46,"values":[0.9994,-0.0295,-0.0188,0,0.0302,0.9988,0.0377,0,0.0177,-0.0382,0.9991,0,0,14.7127,-0.3662,1]},
{"frame":47,"values":[0.9994,-0.0281,-0.0195,0,0.0288,0.9989,0.0363,0,0.0184,-0.0369,0.9992,0,0,14.7127,-0.3662,1]},
{"frame":48,"values":[0.9994,-0.0274,-0.0198,0,0.0281,0.999,0.0361,0,0.0188,-0.0367,0.9992,0,0,14.7127,-0.3662,1]},
{"frame":49,"values":[0.9995,-0.0252,-0.0195,0,0.0259,0.9991,0.035,0,0.0186,-0.0355,0.9992,0,0,14.7127,-0.3662,1]},
{"frame":50,"values":[0.9996,-0.0208,-0.0192,0,0.0214,0.9992,0.0325,0,0.0186,-0.0328,0.9993,0,0,14.7127,-0.3662,1]},
{"frame":51,"values":[0.9996,-0.0186,-0.0195,0,0.0192,0.9994,0.0292,0,0.019,-0.0296,0.9994,0,0,14.7127,-0.3662,1]}],"loopBehavior":1,"name":"anim","property":"_matrix"}},
{"name":"Neck","index":4,"matrix":[0.9952,-0.077,-0.0611,0,0.0804,0.9952,0.0555,0,0.0566,-0.0601,0.9966,0,0,35.4155,-3.3142,1],"rest":[1,0,0,0,0,1,0,0,0,0,1,0,0,35.4155,-3.3142,1],"parentBoneIndex":3,"length":16.9431
,"animation":{"dataType":3,"framePerSecond":24,"keys":[
{"frame":1,"values":[0.9952,-0.077,-0.0611,0,0.0804,0.9952,0.0555,0,0.0566,-0.0601,0.9966,0,0,35.4155,-3.3142,1]},
{"frame":2,"values":[0.9952,-0.0766,-0.0606,0,0.0797,0.9955,0.0504,0,0.0564,-0.055,0.9969,0,0,35.4155,-3.3142,1]},
{"frame":3,"values":[0.9951,-0.0772,-0.0614,0,0.0799,0.9958,0.0443,0,0.0577,-0.049,0.9971,0,0,35.4155,-3.3142,1]},
{"frame":4,"values":[0.9948,-0.0784,-0.0652,0,0.0807,0.9961,0.0344,0,0.0622,-0.0395,0.9973,0,0,35.4155,-3.3142,1]},
{"frame":5,"values":[0.9936,-0.0842,-0.0747,0,0.0857,0.9962,0.0171,0,0.073,-0.0234,0.9971,0,0,35.4155,-3.3142,1]},
{"frame":6,"values":[0.9906,-0.1009,-0.0927,0,0.1004,0.9949,-0.0108,0,0.0933,0.0014,0.9956,0,0,35.4155,-3.3142,1]},
{"frame":7,"values":[0.9856,-0.1247,-0.1146,0,0.1206,0.9918,-0.0417,0,0.1188,0.0273,0.9925,0,0,35.4155,-3.3142,1]},
{"frame":8,"values":[0.9807,-0.1437,-0.1327,0,0.1365,0.9887,-0.0617,0,0.14,0.0424,0.9892,0,0,35.4155,-3.3142,1]},
{"frame":9,"values":[0.9785,-0.1486,-0.1432,0,0.1401,0.9878,-0.0678,0,0.1515,0.0463,0.9874,0,0,35.4155,-3.3142,1]},
{"frame":10,"values":[0.9815,-0.1298,-0.141,0,0.1214,0.9904,-0.0667,0,0.1483,0.0483,0.9878,0,0,35.4155,-3.3142,1]},
{"frame":11,"values":[0.9885,-0.091,-0.1204,0,0.0836,0.9944,-0.0648,0,0.1256,0.054,0.9906,0,0,35.4155,-3.3142,1]},
{"frame":12,"values":[0.9958,-0.0464,-0.0785,0,0.0413,0.997,-0.0653,0,0.0813,0.0618,0.9948,0,0,35.4155,-3.3142,1]},
{"frame":13,"values":[0.9996,-0.0132,-0.0259,0,0.0116,0.9979,-0.0632,0,0.0267,0.0629,0.9977,0,0,35.4155,-3.3142,1]},
{"frame":14,"values":[0.9998,0.0022,0.0191,0,-0.0012,0.9987,-0.0504,0,-0.0192,0.0504,0.9985,0,0,35.4155,-3.3142,1]},
{"frame":15,"values":[0.9985,0.0227,0.0492,0,-0.0212,0.9993,-0.0297,0,-0.0498,0.0286,0.9983,0,0,35.4155,-3.3142,1]},
{"frame":16,"values":[0.9966,0.0538,0.0631,0,-0.053,0.9985,-0.0133,0,-0.0637,0.0099,0.9979,0,0,35.4155,-3.3142,1]},
{"frame":17,"values":[0.9957,0.0693,0.0617,0,-0.0692,0.9976,-0.004,0,-0.0618,-0.0003,0.9981,0,0,35.4155,-3.3142,1]},
{"frame":18,"values":[0.9973,0.0559,0.0473,0,-0.0558,0.9984,-0.0028,0,-0.0474,0.0001,0.9989,0,0,35.4155,-3.3142,1]},
{"frame":19,"values":[0.999,0.0345,0.0289,0,-0.0343,0.9994,-0.0065,0,-0.0291,0.0055,0.9996,0,0,35.4155,-3.3142,1]},
{"frame":20,"values":[0.9997,0.0232,0.0108,0,-0.0231,0.9997,-0.0063,0,-0.011,0.0061,0.9999,0,0,35.4155,-3.3142,1]},
{"frame":21,"values":[0.9998,0.0169,-0.0085,0,-0.0169,0.9999,-0.0003,0,0.0085,0.0005,1,0,0,35.4155,-3.3142,1]},
{"frame":22,"values":[0.9996,0.006,-0.0282,0,-0.0057,0.9999,0.0089,0,0.0282,-0.0087,0.9996,0,0,35.4155,-3.3142,1]},
{"frame":23,"values":[0.9989,-0.0108,-0.0449,0,0.0116,0.9998,0.0177,0,0.0447,-0.0182,0.9988,0,0,35.4155,-3.3142,1]},
{"frame":24,"values":[0.998,-0.0282,-0.0561,0,0.0295,0.9993,0.0224,0,0.0554,-0.024,0.9982,0,0,35.4155,-3.3142,1]},
{"frame":25,"values":[0.9971,-0.0431,-0.0628,0,0.0446,0.9987,0.0234,0,0.0617,-0.0261,0.9978,0,0,35.4155,-3.3142,1]},
{"frame":26,"values":[0.9961,-0.0573,-0.0665,0,0.059,0.998,0.0241,0,0.065,-0.028,0.9975,0,0,35.4155,-3.3142,1]},
{"frame":27,"values":[0.9952,-0.0708,-0.0679,0,0.0728,0.997,0.028,0,0.0657,-0.0328,0.9973,0,0,35.4155,-3.3142,1]},
{"frame":28,"values":[0.9946,-0.0797,-0.0664,0,0.082,0.9961,0.033,0,0.0635,-0.0382,0.9972,0,0,35.4155,-3.3142,1]},
{"frame":29,"values":[0.9945,-0.0833,-0.0632,0,0.0857,0.9957,0.036,0,0.0599,-0.0412,0.9974,0,0,35.4155,-3.3142,1]},
{"frame":30,"values":[0.9947,-0.0834,-0.0605,0,0.0857,0.9956,0.0372,0,0.0571,-0.0422,0.9975,0,0,35.4155,-3.3142,1]},
{"frame":31,"values":[0.9948,-0.0826,-0.0603,0,0.0849,0.9957,0.0364,0,0.0571,-0.0414,0.9975,0,0,35.4155,-3.3142,1]},
{"frame":32,"values":[0.9947,-0.0817,-0.063,0,0.0839,0.9959,0.0337,0,0.0599,-0.0388,0.9974,0,0,35.4155,-3.3142,1]},
{"frame":33,"values":[0.9944,-0.0813,-0.0671,0,0.0835,0.996,0.0311,0,0.0643,-0.0365,0.9973,0,0,35.4155,-3.3142,1]},
{"frame":34,"values":[0.9943,-0.0796,-0.0712,0,0.082,0.9962,0.0306,0,0.0685,-0.0362,0.997,0,0,35.4155,-3.3142,1]},
{"frame":35,"values":[0.9946,-0.0735,-0.0729,0,0.076,0.9966,0.0312,0,0.0703,-0.0366,0.9969,0,0,35.4155,-3.3142,1]},
{"frame":36,"values":[0.9954,-0.0653,-0.0706,0,0.0675,0.9973,0.0282,0,0.0685,-0.0329,0.9971,0,0,35.4155,-3.3142,1]},
{"frame":37,"values":[0.9959,-0.0619,-0.066,0,0.0635,0.9977,0.0227,0,0.0645,-0.0268,0.9976,0,0,35.4155,-3.3142,1]},
{"frame":38,"values":[0.9958,-0.0661,-0.0628,0,0.0676,0.9975,0.0213,0,0.0612,-0.0255,0.9978,0,0,35.4155,-3.3142,1]},
{"frame":39,"values":[0.9953,-0.0738,-0.063,0,0.0755,0.9969,0.0242,0,0.061,-0.0289,0.9977,0,0,35.4155,-3.3142,1]},
{"frame":40,"values":[0.9946,-0.0814,-0.0647,0,0.0832,0.9962,0.0263,0,0.0623,-0.0315,0.9976,0,0,35.4155,-3.3142,1]},
{"frame":41,"values":[0.9941,-0.0863,-0.0653,0,0.0884,0.9956,0.0298,0,0.0624,-0.0354,0.9974,0,0,35.4155,-3.3142,1]},
{"frame":42,"values":[0.9941,-0.0875,-0.0645,0,0.0902,0.9951,0.0398,0,0.0607,-0.0454,0.9971,0,0,35.4155,-3.3142,1]},
{"frame":43,"values":[0.9943,-0.0863,-0.063,0,0.0897,0.9945,0.0533,0,0.058,-0.0587,0.9966,0,0,35.4155,-3.3142,1]},
{"frame":44,"values":[0.9944,-0.0862,-0.0619,0,0.0901,0.9939,0.0639,0,0.056,-0.0691,0.996,0,0,35.4155,-3.3142,1]},
{"frame":45,"values":[0.9942,-0.0876,-0.0616,0,0.0918,0.9933,0.0696,0,0.0551,-0.0749,0.9957,0,0,35.4155,-3.3142,1]},
{"frame":46,"values":[0.9941,-0.0891,-0.0621,0,0.0935,0.9931,0.0707,0,0.0554,-0.0761,0.9956,0,0,35.4155,-3.3142,1]},
{"frame":47,"values":[0.994,-0.0893,-0.0631,0,0.0936,0.9932,0.0698,0,0.0564,-0.0753,0.9956,0,0,35.4155,-3.3142,1]},
{"frame":48,"values":[0.9941,-0.0873,-0.0639,0,0.0916,0.9934,0.0683,0,0.0575,-0.0737,0.9956,0,0,35.4155,-3.3142,1]},
{"frame":49,"values":[0.9945,-0.0834,-0.0638,0,0.0875,0.994,0.0651,0,0.058,-0.0703,0.9958,0,0,35.4155,-3.3142,1]},
{"frame":50,"values":[0.9949,-0.0792,-0.0624,0,0.083,0.9947,0.0603,0,0.0573,-0.0652,0.9962,0,0,35.4155,-3.3142,1]},
{"frame":51,"values":[0.9952,-0.077,-0.0611,0,0.0804,0.9952,0.0555,0,0.0566,-0.0601,0.9966,0,0,35.4155,-3.3142,1]}],"loopBehavior":1,"name":"anim","property":"_matrix"}},
{"name":"Head","index":5,"matrix":[0.9894,-0.0699,-0.1274,0,0.0746,0.9967,0.033,0,0.1247,-0.0422,0.9913,0,0,16.8992,1.2183,1],"rest":[1,0,0,0,0,1,0,0,0,0,1,0,0,16.8992,1.2183,1],"parentBoneIndex":4,"length":22.3142
,"animation":{"dataType":3,"framePerSecond":24,"keys":[
{"frame":1,"values":[0.9894,-0.0699,-0.1274,0,0.0746,0.9967,0.033,0,0.1247,-0.0422,0.9913,0,0,16.8992,1.2183,1]},
{"frame":2,"values":[0.9893,-0.0732,-0.1264,0,0.0773,0.9966,0.0274,0,0.124,-0.0368,0.9916,0,0,16.8992,1.2183,1]},
{"frame":3,"values":[0.9874,-0.0853,-0.1331,0,0.0891,0.9958,0.0225,0,0.1306,-0.0341,0.9909,0,0,16.8992,1.2183,1]},
{"frame":4,"values":[0.9813,-0.1121,-0.1568,0,0.1164,0.993,0.019,0,0.1536,-0.0369,0.9874,0,0,16.8992,1.2183,1]},
{"frame":5,"values":[0.9659,-0.1562,-0.2067,0,0.1618,0.9868,0.0102,0,0.2023,-0.0433,0.9784,0,0,16.8992,1.2183,1]},
{"frame":6,"values":[0.9326,-0.2174,-0.2882,0,0.2212,0.975,-0.0197,0,0.2853,-0.0454,0.9574,0,0,16.8992,1.2183,1]},
{"frame":7,"values":[0.8827,-0.2774,-0.3793,0,0.2704,0.96,-0.0728,0,0.3843,-0.0383,0.9224,0,0,16.8992,1.2183,1]},
{"frame":8,"values":[0.8361,-0.3106,-0.4522,0,0.2868,0.9501,-0.1223,0,0.4676,-0.0274,0.8835,0,0,16.8992,1.2183,1]},
{"frame":9,"values":[0.8104,-0.3106,-0.4968,0,0.2796,0.9502,-0.1379,0,0.5148,-0.0272,0.8569,0,0,16.8992,1.2183,1]},
{"frame":10,"values":[0.822,-0.2788,-0.4966,0,0.2573,0.9597,-0.1129,0,0.5081,-0.035,0.8606,0,0,16.8992,1.2183,1]},
{"frame":11,"values":[0.886,-0.1958,-0.4204,0,0.1896,0.9802,-0.0569,0,0.4232,-0.0293,0.9055,0,0,16.8992,1.2183,1]},
{"frame":12,"values":[0.9713,-0.0433,-0.2338,0,0.044,0.999,-0.0021,0,0.2337,-0.0083,0.9723,0,0,16.8992,1.2183,1]},
{"frame":13,"values":[0.9931,0.1155,0.0209,0,-0.1152,0.9932,-0.0139,0,-0.0224,0.0114,0.9997,0,0,16.8992,1.2183,1]},
{"frame":14,"values":[0.9517,0.1997,0.2331,0,-0.1843,0.9791,-0.0861,0,-0.2454,0.0389,0.9686,0,0,16.8992,1.2183,1]},
{"frame":15,"values":[0.9025,0.2425,0.3558,0,-0.2007,0.968,-0.1505,0,-0.3809,0.0644,0.9224,0,0,16.8992,1.2183,1]},
{"frame":16,"values":[0.8697,0.2946,0.3961,0,-0.2396,0.9534,-0.1831,0,-0.4316,0.0643,0.8998,0,0,16.8992,1.2183,1]},
{"frame":17,"values":[0.8639,0.3304,0.3801,0,-0.2762,0.9419,-0.1911,0,-0.4211,0.0602,0.905,0,0,16.8992,1.2183,1]},
{"frame":18,"values":[0.8892,0.3221,0.3249,0,-0.2756,0.944,-0.1817,0,-0.3652,0.0721,0.9281,0,0,16.8992,1.2183,1]},
{"frame":19,"values":[0.9227,0.2898,0.2542,0,-0.2541,0.9531,-0.1642,0,-0.2898,0.0869,0.9531,0,0,16.8992,1.2183,1]},
{"frame":20,"values":[0.9548,0.2427,0.1716,0,-0.2196,0.9651,-0.1429,0,-0.2003,0.0988,0.9747,0,0,16.8992,1.2183,1]},
{"frame":21,"values":[0.9809,0.18,0.0733,0,-0.1703,0.9778,-0.1218,0,-0.0936,0.107,0.9898,0,0,16.8992,1.2183,1]},
{"frame":22,"values":[0.9937,0.1089,-0.0263,0,-0.1111,0.9885,-0.1024,0,0.0149,0.1046,0.9944,0,0,16.8992,1.2183,1]},
{"frame":23,"values":[0.9936,0.0431,-0.1046,0,-0.0521,0.995,-0.0848,0,0.1004,0.0897,0.9909,0,0,16.8992,1.2183,1]},
{"frame":24,"values":[0.9885,-0.0066,-0.1514,0,-0.0036,0.9977,-0.0672,0,0.1515,0.0669,0.9862,0,0,16.8992,1.2183,1]},
{"frame":25,"values":[0.9841,-0.0371,-0.1737,0,0.029,0.9984,-0.0488,0,0.1753,0.043,0.9836,0,0,16.8992,1.2183,1]},
{"frame":26,"values":[0.9828,-0.0494,-0.1778,0,0.0441,0.9985,-0.0337,0,0.1792,0.0253,0.9835,0,0,16.8992,1.2183,1]},
{"frame":27,"values":[0.9842,-0.0522,-0.1691,0,0.0487,0.9985,-0.0249,0,0.1701,0.0163,0.9853,0,0,16.8992,1.2183,1]},
{"frame":28,"values":[0.9874,-0.051,-0.1496,0,0.0488,0.9986,-0.0186,0,0.1504,0.0111,0.9886,0,0,16.8992,1.2183,1]},
{"frame":29,"values":[0.9904,-0.0518,-0.128,0,0.0507,0.9986,-0.0119,0,0.1284,0.0053,0.9917,0,0,16.8992,1.2183,1]},
{"frame":30,"values":[0.9916,-0.0586,-0.1153,0,0.058,0.9983,-0.0084,0,0.1156,0.0017,0.9933,0,0,16.8992,1.2183,1]},
{"frame":31,"values":[0.9904,-0.0698,-0.1193,0,0.0687,0.9976,-0.0129,0,0.1199,0.0046,0.9928,0,0,16.8992,1.2183,1]},
{"frame":32,"values":[0.9869,-0.0823,-0.1388,0,0.0794,0.9965,-0.0268,0,0.1405,0.0154,0.99,0,0,16.8992,1.2183,1]},
{"frame":33,"values":[0.9817,-0.0945,-0.1655,0,0.0883,0.9951,-0.045,0,0.1689,0.0296,0.9852,0,0,16.8992,1.2183,1]},
{"frame":34,"values":[0.9758,-0.1049,-0.1921,0,0.0954,0.9937,-0.058,0,0.197,0.0383,0.9797,0,0,16.8992,1.2183,1]},
{"frame":35,"values":[0.9715,-0.1113,-0.2092,0,0.1016,0.9932,-0.0566,0,0.2141,0.0337,0.9762,0,0,16.8992,1.2183,1]},
{"frame":36,"values":[0.973,-0.1068,-0.2044,0,0.1005,0.9941,-0.041,0,0.2075,0.0194,0.978,0,0,16.8992,1.2183,1]},
{"frame":37,"values":[0.9797,-0.0903,-0.1791,0,0.0874,0.9959,-0.0242,0,0.1806,0.008,0.9835,0,0,16.8992,1.2183,1]},
{"frame":38,"values":[0.9858,-0.0725,-0.1514,0,0.0721,0.9974,-0.0083,0,0.1516,-0.0028,0.9884,0,0,16.8992,1.2183,1]},
{"frame":39,"values":[0.9879,-0.066,-0.1401,0,0.0678,0.9977,0.0078,0,0.1393,-0.0172,0.9901,0,0,16.8992,1.2183,1]},
{"frame":40,"values":[0.9876,-0.071,-0.1401,0,0.0736,0.9972,0.0136,0,0.1388,-0.0238,0.99,0,0,16.8992,1.2183,1]},
{"frame":41,"values":[0.9873,-0.0772,-0.139,0,0.0799,0.9967,0.0134,0,0.1376,-0.0243,0.9902,0,0,16.8992,1.2183,1]},
{"frame":42,"values":[0.9881,-0.0769,-0.1334,0,0.0802,0.9966,0.02,0,0.1314,-0.0305,0.9909,0,0,16.8992,1.2183,1]},
{"frame":43,"values":[0.9898,-0.0701,-0.1241,0,0.0745,0.9967,0.0315,0,0.1215,-0.0404,0.9918,0,0,16.8992,1.2183,1]},
{"frame":44,"values":[0.9912,-0.063,-0.116,0,0.0676,0.997,0.0364,0,0.1134,-0.044,0.9926,0,0,16.8992,1.2183,1]},
{"frame":45,"values":[0.992,-0.0594,-0.1113,0,0.0637,0.9973,0.0356,0,0.1089,-0.0424,0.9931,0,0,16.8992,1.2183,1]},
{"frame":46,"values":[0.9918,-0.0603,-0.1124,0,0.0646,0.9973,0.0349,0,0.11,-0.0419,0.9931,0,0,16.8992,1.2183,1]},
{"frame":47,"values":[0.9908,-0.0643,-0.1188,0,0.0688,0.997,0.0344,0,0.1162,-0.0422,0.9923,0,0,16.8992,1.2183,1]},
{"frame":48,"values":[0.9895,-0.0687,-0.1275,0,0.0735,0.9967,0.0332,0,0.1248,-0.0423,0.9913,0,0,16.8992,1.2183,1]},
{"frame":49,"values":[0.9885,-0.0717,-0.1334,0,0.077,0.9964,0.0351,0,0.1304,-0.045,0.9904,0,0,16.8992,1.2183,1]},
{"frame":50,"values":[0.9887,-0.0712,-0.1316,0,0.0766,0.9964,0.0365,0,0.1285,-0.0461,0.9906,0,0,16.8992,1.2183,1]},
{"frame":51,"values":[0.9894,-0.0699,-0.1274,0,0.0746,0.9967,0.033,0,0.1247,-0.0422,0.9913,0,0,16.8992,1.2183,1]}],"loopBehavior":1,"name":"anim","property":"_matrix"}},
{"name":"HeadTop_End","index":6,"matrix":[1,0,0,0,0,1,0,0,0,0,1,0,0,22.2062,2.1925,1],"rest":[1,0,0,0,0,1,0,0,0,0,1,0,0,22.2062,2.1925,1],"parentBoneIndex":5,"length":22.3142
,"animation":{"dataType":3,"framePerSecond":24,"keys":[
{"frame":1,"values":[1,0,0,0,0,1,0,0,0,0,1,0,0,22.2062,2.1925,1]},
{"frame":51,"values":[1,0,0,0,0,1,0,0,0,0,1,0,0,22.2062,2.1925,1]}],"loopBehavior":1,"name":"anim","property":"_matrix"}},
{"name":"LeftShoulder","index":7,"matrix":[0.9836,-0.1228,-0.1322,0,0.1277,0.9914,0.0291,0,0.1275,-0.0455,0.9908,0,12.8964,26.7163,-4.5484,1],"rest":[1,0,0,0,0,1,0,0,0,0,1,0,12.8964,26.7163,-4.5484,1],"parentBoneIndex":3,"length":19.7122
,"animation":{"dataType":3,"framePerSecond":24,"keys":[
{"frame":1,"values":[0.9836,-0.1228,-0.1322,0,0.1277,0.9914,0.0291,0,0.1275,-0.0455,0.9908,0,12.8964,26.7163,-4.5484,1]},
{"frame":2,"values":[0.9826,-0.1255,-0.1366,0,0.1304,0.9911,0.0281,0,0.1319,-0.0454,0.9902,0,12.8964,26.7163,-4.5484,1]},
{"frame":3,"values":[0.9801,-0.1306,-0.1497,0,0.1355,0.9905,0.023,0,0.1453,-0.0428,0.9885,0,12.8964,26.7163,-4.5484,1]},
{"frame":4,"values":[0.9758,-0.1365,-0.171,0,0.1408,0.99,0.0131,0,0.1675,-0.0369,0.9852,0,12.8964,26.7163,-4.5484,1]},
{"frame":5,"values":[0.9707,-0.1401,-0.1954,0,0.1431,0.9897,0.001,0,0.1933,-0.0289,0.9807,0,12.8964,26.7163,-4.5484,1]},
{"frame":6,"values":[0.9676,-0.1334,-0.2145,0,0.1348,0.9908,-0.0082,0,0.2137,-0.0209,0.9767,0,12.8964,26.7163,-4.5484,1]},
