{"producer":{"name":"Blender","version":"2.90.0","exporter_version":"2.80.1","file":"jump_walk.babylon"},
"autoClear":true,"clearColor":[0.0509,0.0509,0.0509],"gravity":[0,-9.81,0],
"materials":[{"name":"Material","id":"Material","customType":"BABYLON.PBRMaterial","backFaceCulling":true,"checkReadyOnlyOnce":false,"maxSimultaneousLights":4,"environmentIntensity":1,"albedo":[0.8,0.8,0.8],"reflectivity":[0.5,0.5,0.5],"roughness":0.4,"alpha":1,"transparencyMode":0,"alphaCutOff":0.4,"metallic":0}],
"multiMaterials":[],
"skeletons":[{"name":"Armature","id":0,"dimensionsAtRest":[232.1761,222.9347,36.3014],"bones":[
{"name":"Hips","index":0,"matrix":[0.9493,0.1696,0.2649,0,-0.0608,0.9253,-0.3744,0,0.3086,-0.3392,-0.8886,0,-0.298,69.8093,-1.5856,1],"rest":[1,0,0,0,0,1,0,0,0,0,-1,0,0,89.0054,0,1],"parentBoneIndex":-1,"length":14.2998
,"animation":{"dataType":3,"framePerSecond":24,"keys":[
{"frame":1,"values":[0.9493,0.1696,0.2649,0,-0.0608,0.9253,-0.3744,0,0.3086,-0.3392,-0.8886,0,-0.298,69.8093,-1.5856,1]},
{"frame":2,"values":[0.9718,-0.0652,0.2265,0,0.1051,0.98,-0.1688,0,0.211,-0.1879,-0.9593,0,-0.4717,81.6683,-3.5796,1]},
{"frame":3,"values":[0.961,-0.2443,0.1296,0,0.2481,0.9686,-0.0138,0,0.1221,-0.0454,-0.9915,0,-0.1854,94.6533,-5.2188,1]},
{"frame":4,"values":[0.9628,-0.2599,0.0737,0,0.2546,0.9641,0.0752,0,0.0906,0.0536,-0.9944,0,-0.7748,109.1668,-5.5378,1]},
{"frame":5,"values":[0.986,-0.1528,0.0673,0,0.1419,0.9792,0.145,0,0.0881,0.1335,-0.9871,0,-2.1787,124.4951,-5.2173,1]},
{"frame":6,"values":[0.9966,-0.0493,0.0653,0,0.0349,0.9782,0.2047,0,0.074,0.2018,-0.9766,0,-3.0584,137.8895,-4.8122,1]},
{"frame":7,"values":[0.9991,-0.034,0.0251,0,0.0276,0.9746,0.2223,0,0.032,0.2214,-0.9747,0,-2.7319,148.4695,-4.8416,1]},
{"frame":8,"values":[0.9955,-0.0813,-0.0485,0,0.0889,0.979,0.1835,0,-0.0326,0.187,-0.9818,0,-1.473,156.7208,-5.0607,1]},
{"frame":9,"values":[0.9884,-0.1223,-0.0896,0,0.1336,0.982,0.1338,0,-0.0717,0.1442,-0.9869,0,-0.6231,162.8215,-4.9562,1]},
{"frame":10,"values":[0.99,-0.1122,-0.0851,0,0.1216,0.9859,0.1148,0,-0.071,0.124,-0.9897,0,-0.8381,165.3957,-4.9875,1]},
{"frame":11,"values":[0.9965,-0.0503,-0.0661,0,0.0577,0.9917,0.1151,0,-0.0598,0.1186,-0.9911,0,-1.6879,162.9509,-6.145,1]},
{"frame":12,"values":[0.9984,0.0499,-0.0274,0,-0.0468,0.9936,0.1026,0,-0.0323,0.1012,-0.9943,0,-2.5479,154.4486,-7.9296,1]},
{"frame":13,"values":[0.9886,0.1481,0.0288,0,-0.1498,0.986,0.0734,0,0.0175,0.0769,-0.9969,0,-3.1348,140.5817,-9.4147,1]},
{"frame":14,"values":[0.9751,0.2013,0.0927,0,-0.2073,0.9764,0.0606,0,0.0783,0.0783,-0.9938,0,-3.5491,124.0245,-10.6179,1]},
{"frame":15,"values":[0.9734,0.1807,0.1407,0,-0.1934,0.9776,0.0827,0,0.1226,0.1077,-0.9866,0,-3.6823,107.8318,-11.0394,1]},
{"frame":16,"values":[0.9849,0.0974,0.1433,0,-0.1146,0.9865,0.1169,0,0.13,0.1316,-0.9827,0,-3.4516,93.9794,-10.4966,1]},
{"frame":17,"values":[0.9935,0.0157,0.1126,0,-0.0287,0.9929,0.115,0,0.11,0.1175,-0.987,0,-2.9875,82.4579,-9.0917,1]},
{"frame":18,"values":[0.9952,-0.0111,0.0975,0,0.007,0.9991,0.0424,0,0.0978,0.0415,-0.9943,0,-2.1559,73.8195,-7.5381,1]},
{"frame":19,"values":[0.9896,0.0488,0.1354,0,-0.0365,0.9951,-0.0922,0,0.1392,-0.0863,-0.9865,0,-1.2708,70.7645,-6.6139,1]},
{"frame":20,"values":[0.9641,0.1753,0.1996,0,-0.1247,0.9621,-0.2427,0,0.2346,-0.2091,-0.9494,0,-1.2898,71.8207,-6.529,1]},
{"frame":21,"values":[0.9219,0.2804,0.2674,0,-0.1771,0.9188,-0.3527,0,0.3446,-0.2778,-0.8967,0,-2.018,72.3576,-6.2307,1]},
{"frame":22,"values":[0.8831,0.3127,0.3498,0,-0.1584,0.9005,-0.405,0,0.4416,-0.3022,-0.8448,0,-2.2341,71.1403,-5.3135,1]},
{"frame":23,"values":[0.8632,0.2963,0.4088,0,-0.1102,0.9008,-0.4201,0,0.4927,-0.3176,-0.8102,0,-1.7805,70.4648,-3.9863,1]},
{"frame":24,"values":[0.891,0.2415,0.3844,0,-0.0714,0.9107,-0.4068,0,0.4483,-0.335,-0.8287,0,-0.9557,70.5208,-2.7455,1]},
{"frame":25,"values":[0.9493,0.1696,0.2649,0,-0.0608,0.9253,-0.3744,0,0.3086,-0.3392,-0.8886,0,-0.298,69.8093,-1.5856,1]}],"loopBehavior":1,"name":"anim","property":"_matrix"}},
{"name":"Spine","index":1,"matrix":[0.9775,-0.0735,0.1976,0,0.0197,0.965,0.2615,0,-0.2099,-0.2518,0.9447,0,0.1169,10.681,0.3734,1],"rest":[1,0,0,0,0,1,0,0,0,0,1,0,0.1169,10.681,0.3734,1],"parentBoneIndex":0,"length":13.8405
,"animation":{"dataType":3,"framePerSecond":24,"keys":[
{"frame":1,"values":[0.9775,-0.0735,0.1976,0,0.0197,0.965,0.2615,0,-0.2099,-0.2518,0.9447,0,0.1169,10.681,0.3734,1]},
{"frame":2,"values":[0.9802,-0.0166,0.1973,0,-0.0229,0.9804,0.1959,0,-0.1967,-0.1965,0.9606,0,0.1169,10.681,0.3734,1]},
{"frame":3,"values":[0.9708,0.0701,0.2294,0,-0.1021,0.9861,0.131,0,-0.217,-0.1506,0.9645,0,0.1169,10.681,0.3734,1]},
{"frame":4,"values":[0.9538,0.0726,0.2915,0,-0.1122,0.9863,0.1213,0,-0.2787,-0.1484,0.9488,0,0.1169,10.681,0.3734,1]},
{"frame":5,"values":[0.9477,-0.0251,0.3183,0,-0.0343,0.9831,0.1797,0,-0.3174,-0.1812,0.9308,0,0.1169,10.681,0.3734,1]},
{"frame":6,"values":[0.9528,-0.1056,0.2845,0,0.0316,0.967,0.253,0,-0.3018,-0.2321,0.9247,0,0.1169,10.681,0.3734,1]},
{"frame":7,"values":[0.9654,-0.0789,0.2487,0,0.0022,0.9556,0.2946,0,-0.2609,-0.2838,0.9227,0,0.1169,10.681,0.3734,1]},
{"frame":8,"values":[0.975,0.0079,0.2219,0,-0.0792,0.946,0.3143,0,-0.2074,-0.324,0.923,0,0.1169,10.681,0.3734,1]},
{"frame":9,"values":[0.9782,0.0584,0.1993,0,-0.1251,0.9318,0.3407,0,-0.1658,-0.3582,0.9188,0,0.1169,10.681,0.3734,1]},
{"frame":10,"values":[0.9836,0.0377,0.1764,0,-0.1017,0.9235,0.3698,0,-0.149,-0.3817,0.9122,0,0.1169,10.681,0.3734,1]},
{"frame":11,"values":[0.9879,-0.0333,0.1514,0,-0.0269,0.9249,0.3792,0,-0.1527,-0.3786,0.9129,0,0.1169,10.681,0.3734,1]},
{"frame":12,"values":[0.9814,-0.125,0.1455,0,0.066,0.9324,0.3554,0,-0.1801,-0.3392,0.9233,0,0.1169,10.681,0.3734,1]},
{"frame":13,"values":[0.9718,-0.1878,0.1425,0,0.1369,0.9417,0.3073,0,-0.1919,-0.2791,0.9409,0,0.1169,10.681,0.3734,1]},
{"frame":14,"values":[0.9761,-0.1922,0.1013,0,0.1606,0.9523,0.2595,0,-0.1463,-0.2371,0.9604,0,0.1169,10.681,0.3734,1]},
{"frame":15,"values":[0.9909,-0.1331,0.0185,0,0.1249,0.9632,0.2379,0,-0.0495,-0.2335,0.9711,0,0.1169,10.681,0.3734,1]},
{"frame":16,"values":[0.9978,-0.0143,-0.0653,0,0.0305,0.9666,0.2545,0,0.0595,-0.2559,0.9649,0,0.1169,10.681,0.3734,1]},
{"frame":17,"values":[0.9867,0.1122,-0.1173,0,-0.0751,0.9563,0.2825,0,0.1439,-0.27,0.9521,0,0.1169,10.681,0.3734,1]},
{"frame":18,"values":[0.972,0.1752,-0.1563,0,-0.1263,0.9514,0.2807,0,0.1979,-0.2531,0.947,0,0.1169,10.681,0.3734,1]},
{"frame":19,"values":[0.9756,0.1187,-0.1846,0,-0.0734,0.9691,0.2354,0,0.2068,-0.2161,0.9542,0,0.1169,10.681,0.3734,1]},
{"frame":20,"values":[0.9889,-0.0387,-0.1435,0,0.063,0.9835,0.1694,0,0.1346,-0.1766,0.9751,0,0.1169,10.681,0.3734,1]},
{"frame":21,"values":[0.9852,-0.1707,-0.0124,0,0.1708,0.9762,0.1336,0,-0.0107,-0.1338,0.991,0,0.1169,10.681,0.3734,1]},
{"frame":22,"values":[0.9697,-0.1894,0.1541,0,0.1664,0.9745,0.1507,0,-0.1787,-0.1205,0.9765,0,0.1169,10.681,0.3734,1]},
{"frame":23,"values":[0.9515,-0.1441,0.272,0,0.0928,0.9768,0.1928,0,-0.2934,-0.1582,0.9428,0,0.1169,10.681,0.3734,1]},
{"frame":24,"values":[0.9554,-0.0946,0.2799,0,0.0291,0.9729,0.2296,0,-0.294,-0.2112,0.9322,0,0.1169,10.681,0.3734,1]},
{"frame":25,"values":[0.9775,-0.0735,0.1976,0,0.0197,0.965,0.2615,0,-0.2099,-0.2518,0.9447,0,0.1169,10.681,0.3734,1]}],"loopBehavior":1,"name":"anim","property":"_matrix"}},
{"name":"Spine1","index":2,"matrix":[0.9985,-0.0136,0.0528,0,0.0125,0.9997,0.0203,0,-0.0531,-0.0196,0.9984,0,0,13.8404,0.0535,1],"rest":[1,0,0,0,0,1,0,0,0,0,1,0,0,13.8404,0.0535,1],"parentBoneIndex":1,"length":14.7173
,"animation":{"dataType":3,"framePerSecond":24,"keys":[
{"frame":1,"values":[0.9985,-0.0136,0.0528,0,0.0125,0.9997,0.0203,0,-0.0531,-0.0196,0.9984,0,0,13.8404,0.0535,1]},
{"frame":2,"values":[0.9992,0.0337,0.0235,0,-0.0336,0.9994,-0.0022,0,-0.0236,0.0014,0.9997,0,0,13.8404,0.0535,1]},
{"frame":3,"values":[0.9938,0.1109,-0.0042,0,-0.111,0.9927,-0.0474,0,-0.0011,0.0476,0.9989,0,0,13.8404,0.0535,1]},
{"frame":4,"values":[0.9866,0.1613,-0.0231,0,-0.1625,0.9843,-0.0689,0,0.0117,0.0717,0.9974,0,0,13.8404,0.0535,1]},
{"frame":5,"values":[0.9867,0.16,-0.0276,0,-0.161,0.9861,-0.0405,0,0.0208,0.0444,0.9988,0,0,13.8404,0.0535,1]},
{"frame":6,"values":[0.9909,0.1327,-0.023,0,-0.132,0.9908,0.0298,0,0.0267,-0.0265,0.9993,0,0,13.8404,0.0535,1]},
{"frame":7,"values":[0.9941,0.1081,-0.0121,0,-0.1061,0.9881,0.1114,0,0.024,-0.1095,0.9937,0,0,13.8404,0.0535,1]},
{"frame":8,"values":[0.9966,0.0824,0.0027,0,-0.0814,0.9792,0.1859,0,0.0126,-0.1855,0.9826,0,0,13.8404,0.0535,1]},
{"frame":9,"values":[0.9985,0.0537,0.0111,0,-0.0548,0.9679,0.2453,0,0.0025,-0.2455,0.9694,0,0,13.8404,0.0535,1]},
{"frame":10,"values":[0.9994,0.0327,0.0075,0,-0.0335,0.9605,0.2761,0,0.0018,-0.2762,0.9611,0,0,13.8404,0.0535,1]},
{"frame":11,"values":[0.9998,0.0182,-0.0037,0,-0.0166,0.9631,0.2687,0,0.0084,-0.2686,0.9632,0,0,13.8404,0.0535,1]},
{"frame":12,"values":[0.9999,0.0038,-0.0132,0,-0.0007,0.973,0.2308,0,0.0137,-0.2307,0.9729,0,0,13.8404,0.0535,1]},
{"frame":13,"values":[0.9999,-0.0106,-0.0134,0,0.0128,0.9839,0.1783,0,0.0113,-0.1785,0.9839,0,0,13.8404,0.0535,1]},
{"frame":14,"values":[0.9998,-0.0173,-0.0071,0,0.0181,0.9902,0.1383,0,0.0047,-0.1384,0.9904,0,0,13.8404,0.0535,1]},
{"frame":15,"values":[0.9999,-0.0161,-0.0037,0,0.0165,0.9914,0.1298,0,0.0015,-0.1299,0.9915,0,0,13.8404,0.0535,1]},
{"frame":16,"values":[0.9999,-0.0112,-0.0038,0,0.0116,0.9893,0.1452,0,0.0021,-0.1452,0.9894,0,0,13.8404,0.0535,1]},
{"frame":17,"values":[1,-0.0062,-0.0032,0,0.0066,0.989,0.1481,0,0.0022,-0.1481,0.989,0,0,13.8404,0.0535,1]},
{"frame":18,"values":[1,-0.0029,-0.0035,0,0.0033,0.9935,0.114,0,0.0031,-0.114,0.9935,0,0,13.8404,0.0535,1]},
{"frame":19,"values":[1,-0.0037,-0.0058,0,0.004,0.9987,0.051,0,0.0056,-0.051,0.9987,0,0,13.8404,0.0535,1]},
{"frame":20,"values":[0.9999,-0.01,-0.0021,0,0.01,0.9998,-0.0199,0,0.0023,0.0199,0.9998,0,0,13.8404,0.0535,1]},
{"frame":21,"values":[0.9998,-0.0172,0.0133,0,0.0182,0.9969,-0.0769,0,-0.0119,0.0771,0.997,0,0,13.8404,0.0535,1]},
{"frame":22,"values":[0.9993,-0.0185,0.0333,0,0.0217,0.995,-0.0977,0,-0.0314,0.0984,0.9947,0,0,13.8404,0.0535,1]},
{"frame":23,"values":[0.9988,-0.0144,0.0471,0,0.0179,0.997,-0.0755,0,-0.0459,0.0763,0.996,0,0,13.8404,0.0535,1]},
{"frame":24,"values":[0.9986,-0.012,0.0524,0,0.0135,0.9995,-0.0288,0,-0.052,0.0295,0.9982,0,0,13.8404,0.0535,1]},
{"frame":25,"values":[0.9985,-0.0136,0.0528,0,0.0125,0.9997,0.0203,0,-0.0531,-0.0196,0.9984,0,0,13.8404,0.0535,1]}],"loopBehavior":1,"name":"anim","property":"_matrix"}},
{"name":"Spine2","index":3,"matrix":[0.9986,-0.0132,0.0521,0,0.0122,0.9997,0.0209,0,-0.0524,-0.0202,0.9984,0,0,14.7127,-0.3662,1],"rest":[1,0,0,0,0,1,0,0,0,0,1,0,0,14.7127,-0.3662,1],"parentBoneIndex":2,"length":31.8652
,"animation":{"dataType":3,"framePerSecond":24,"keys":[
{"frame":1,"values":[0.9986,-0.0132,0.0521,0,0.0122,0.9997,0.0209,0,-0.0524,-0.0202,0.9984,0,0,14.7127,-0.3662,1]},
{"frame":2,"values":[0.9992,0.0328,0.023,0,-0.0334,0.9991,0.0251,0,-0.0222,-0.0258,0.9994,0,0,14.7127,-0.3662,1]},
{"frame":3,"values":[0.9938,0.1114,-0.0014,0,-0.1114,0.9937,0.016,0,0.0032,-0.0158,0.9999,0,0,14.7127,-0.3662,1]},
{"frame":4,"values":[0.9864,0.1637,-0.0139,0,-0.1633,0.9862,0.0279,0,0.0183,-0.0253,0.9995,0,0,14.7127,-0.3662,1]},
{"frame":5,"values":[0.9867,0.162,-0.0145,0,-0.1604,0.9839,0.0792,0,0.027,-0.0758,0.9968,0,0,14.7127,-0.3662,1]},
{"frame":6,"values":[0.9912,0.1318,-0.0102,0,-0.1283,0.9781,0.164,0,0.0315,-0.1612,0.9864,0,0,14.7127,-0.3662,1]},
{"frame":7,"values":[0.9945,0.1044,-0.0017,0,-0.1005,0.9616,0.2556,0,0.0283,-0.254,0.9668,0,0,14.7127,-0.3662,1]},
{"frame":8,"values":[0.9969,0.0779,0.0092,0,-0.0764,0.9388,0.336,0,0.0175,-0.3356,0.9418,0,0,14.7127,-0.3662,1]},
{"frame":9,"values":[0.9986,0.0503,0.0134,0,-0.0514,0.9155,0.3991,0,0.0078,-0.3992,0.9168,0,0,14.7127,-0.3662,1]},
{"frame":10,"values":[0.9995,0.0298,0.0071,0,-0.0299,0.9015,0.4318,0,0.0064,-0.4318,0.9019,0,0,14.7127,-0.3662,1]},
{"frame":11,"values":[0.9999,0.0144,-0.0046,0,-0.0111,0.9069,0.4212,0,0.0102,-0.4211,0.907,0,0,14.7127,-0.3662,1]},
{"frame":12,"values":[0.9999,-0.0001,-0.0131,0,0.0049,0.9291,0.3698,0,0.0122,-0.3698,0.929,0,0,14.7127,-0.3662,1]},
{"frame":13,"values":[0.9999,-0.0121,-0.0122,0,0.0152,0.9563,0.2921,0,0.0082,-0.2922,0.9563,0,0,14.7127,-0.3662,1]},
{"frame":14,"values":[0.9999,-0.0146,-0.0066,0,0.0157,0.9754,0.2197,0,0.0032,-0.2198,0.9755,0,0,14.7127,-0.3662,1]},
{"frame":15,"values":[0.9999,-0.0098,-0.0053,0,0.0106,0.9825,0.1857,0,0.0034,-0.1858,0.9826,0,0,14.7127,-0.3662,1]},
{"frame":16,"values":[1,-0.0034,-0.0073,0,0.0047,0.9796,0.2011,0,0.0064,-0.2011,0.9795,0,0,14.7127,-0.3662,1]},
{"frame":17,"values":[1,0.0017,-0.007,0,-0.0001,0.9747,0.2237,0,0.0072,-0.2236,0.9746,0,0,14.7127,-0.3662,1]},
{"frame":18,"values":[1,0.0043,-0.0066,0,-0.0028,0.9758,0.2186,0,0.0074,-0.2186,0.9758,0,0,14.7127,-0.3662,1]},
{"frame":19,"values":[1,0.0029,-0.0083,0,-0.0013,0.9832,0.1827,0,0.0087,-0.1827,0.9831,0,0,14.7127,-0.3662,1]},
{"frame":20,"values":[1,-0.0041,-0.004,0,0.0046,0.9915,0.13,0,0.0034,-0.13,0.9915,0,0,14.7127,-0.3662,1]},
{"frame":21,"values":[0.9998,-0.0119,0.0126,0,0.0109,0.9967,0.08,0,-0.0135,-0.0799,0.9967,0,0,14.7127,-0.3662,1]},
{"frame":22,"values":[0.9993,-0.0141,0.0338,0,0.0124,0.9987,0.05,0,-0.0345,-0.0495,0.9982,0,0,14.7127,-0.3662,1]},
{"frame":23,"values":[0.9988,-0.0114,0.0476,0,0.0101,0.9996,0.0265,0,-0.0479,-0.026,0.9985,0,0,14.7127,-0.3662,1]},
{"frame":24,"values":[0.9986,-0.0106,0.0522,0,0.0103,0.9999,0.0067,0,-0.0522,-0.0062,0.9986,0,0,14.7127,-0.3662,1]},
{"frame":25,"values":[0.9986,-0.0132,0.0521,0,0.0122,0.9997,0.0209,0,-0.0524,-0.0202,0.9984,0,0,14.7127,-0.3662,1]}],"loopBehavior":1,"name":"anim","property":"_matrix"}},
{"name":"Neck","index":4,"matrix":[0.9993,-0.0274,-0.0266,0,0.0238,0.9913,-0.1294,0,0.0299,0.1287,0.9912,0,0,35.4155,-3.3142,1],"rest":[1,0,0,0,0,1,0,0,0,0,1,0,0,35.4155,-3.3142,1],"parentBoneIndex":3,"length":16.9431
,"animation":{"dataType":3,"framePerSecond":24,"keys":[
{"frame":1,"values":[0.9993,-0.0274,-0.0266,0,0.0238,0.9913,-0.1294,0,0.0299,0.1287,0.9912,0,0,35.4155,-3.3142,1]},
{"frame":2,"values":[0.9989,-0.0383,-0.0259,0,0.0342,0.9889,-0.1447,0,0.0312,0.1436,0.9891,0,0,35.4155,-3.3142,1]},
{"frame":3,"values":[0.996,-0.0869,-0.0187,0,0.084,0.9889,-0.1225,0,0.0291,0.1204,0.9923,0,0,35.4155,-3.3142,1]},
{"frame":4,"values":[0.9912,-0.1317,-0.0103,0,0.1307,0.9889,-0.0711,0,0.0195,0.0691,0.9974,0,0,35.4155,-3.3142,1]},
{"frame":5,"values":[0.9906,-0.1366,-0.0006,0,0.1366,0.9903,-0.0261,0,0.0042,0.0258,0.9997,0,0,35.4155,-3.3142,1]},
{"frame":6,"values":[0.9938,-0.1105,0.0078,0,0.1105,0.9938,-0.0074,0,-0.0069,0.0082,0.9999,0,0,35.4155,-3.3142,1]},
{"frame":7,"values":[0.996,-0.0887,0.0051,0,0.0887,0.9961,-0.0004,0,-0.0051,0.0009,1,0,0,35.4155,-3.3142,1]},
{"frame":8,"values":[0.9967,-0.0811,-0.007,0,0.0811,0.9967,0.0088,0,0.0063,-0.0094,0.9999,0,0,35.4155,-3.3142,1]},
{"frame":9,"values":[0.9971,-0.0741,-0.0156,0,0.0744,0.9971,0.0175,0,0.0142,-0.0186,0.9997,0,0,35.4155,-3.3142,1]},
{"frame":10,"values":[0.998,-0.0619,-0.0142,0,0.0622,0.9978,0.0211,0,0.0128,-0.022,0.9997,0,0,35.4155,-3.3142,1]},
{"frame":11,"values":[0.9986,-0.0513,-0.0094,0,0.0516,0.9983,0.0277,0,0.0079,-0.0282,0.9996,0,0,35.4155,-3.3142,1]},
{"frame":12,"values":[0.9989,-0.0467,-0.0084,0,0.0471,0.9972,0.058,0,0.0057,-0.0583,0.9983,0,0,35.4155,-3.3142,1]},
{"frame":13,"values":[0.999,-0.0436,-0.0092,0,0.0444,0.9921,0.1172,0,0.004,-0.1175,0.9931,0,0,35.4155,-3.3142,1]},
{"frame":14,"values":[0.9992,-0.0388,-0.005,0,0.039,0.9801,0.1947,0,-0.0026,-0.1948,0.9808,0,0,35.4155,-3.3142,1]},
{"frame":15,"values":[0.9992,-0.0409,0.0035,0,0.0387,0.9658,0.2565,0,-0.0138,-0.2562,0.9665,0,0,35.4155,-3.3142,1]},
{"frame":16,"values":[0.9981,-0.0615,0.007,0,0.0574,0.962,0.2669,0,-0.0232,-0.266,0.9637,0,0,35.4155,-3.3142,1]},
{"frame":17,"values":[0.9956,-0.0931,0.0049,0,0.0896,0.9708,0.2227,0,-0.0255,-0.2213,0.9749,0,0,35.4155,-3.3142,1]},
{"frame":18,"values":[0.9937,-0.112,0.0074,0,0.1099,0.9844,0.1375,0,-0.0227,-0.1358,0.9905,0,0,35.4155,-3.3142,1]},
{"frame":19,"values":[0.9944,-0.1035,0.0193,0,0.103,0.9944,0.0249,0,-0.0217,-0.0227,0.9995,0,0,35.4155,-3.3142,1]},
{"frame":20,"values":[0.9966,-0.0757,0.0323,0,0.0789,0.9903,-0.114,0,-0.0234,0.1162,0.993,0,0,35.4155,-3.3142,1]},
{"frame":21,"values":[0.9979,-0.0534,0.0359,0,0.0606,0.9678,-0.2441,0,-0.0217,0.2458,0.9691,0,0,35.4155,-3.3142,1]},
{"frame":22,"values":[0.9984,-0.0487,0.0284,0,0.055,0.9522,-0.3004,0,-0.0124,0.3014,0.9534,0,0,35.4155,-3.3142,1]},
{"frame":23,"values":[0.9987,-0.0504,0.0125,0,0.0519,0.9624,-0.2666,0,0.0014,0.2668,0.9637,0,0,35.4155,-3.3142,1]},
{"frame":24,"values":[0.999,-0.0442,-0.0078,0,0.042,0.9812,-0.1883,0,0.016,0.1878,0.9821,0,0,35.4155,-3.3142,1]},
{"frame":25,"values":[0.9993,-0.0274,-0.0266,0,0.0238,0.9913,-0.1294,0,0.0299,0.1287,0.9912,0,0,35.4155,-3.3142,1]}],"loopBehavior":1,"name":"anim","property":"_matrix"}},
{"name":"Head","index":5,"matrix":[0.9948,0.0926,0.0424,0,-0.0665,0.9061,-0.4179,0,-0.0771,0.4129,0.9075,0,0,16.8992,1.2183,1],"rest":[1,0,0,0,0,1,0,0,0,0,1,0,0,16.8992,1.2183,1],"parentBoneIndex":4,"length":22.3142
,"animation":{"dataType":3,"framePerSecond":24,"keys":[
{"frame":1,"values":[0.9948,0.0926,0.0424,0,-0.0665,0.9061,-0.4179,0,-0.0771,0.4129,0.9075,0,0,16.8992,1.2183,1]},
{"frame":2,"values":[0.9981,0.0433,-0.0435,0,-0.0511,0.9786,-0.1992,0,0.0339,0.2011,0.979,0,0,16.8992,1.2183,1]},
{"frame":3,"values":[0.9929,-0.0278,-0.1154,0,0.0397,0.994,0.1023,0,0.1118,-0.1062,0.988,0,0,16.8992,1.2183,1]},
{"frame":4,"values":[0.9825,-0.0903,-0.163,0,0.1411,0.932,0.3338,0,0.1218,-0.351,0.9284,0,0,16.8992,1.2183,1]},
{"frame":5,"values":[0.9775,-0.1332,-0.1636,0,0.1896,0.8947,0.4045,0,0.0925,-0.4264,0.8998,0,0,16.8992,1.2183,1]},
{"frame":6,"values":[0.9788,-0.1549,-0.134,0,0.1922,0.9204,0.3404,0,0.0706,-0.3589,0.9307,0,0,16.8992,1.2183,1]},
{"frame":7,"values":[0.9786,-0.1697,-0.116,0,0.1916,0.9574,0.2162,0,0.0744,-0.2338,0.9694,0,0,16.8992,1.2183,1]},
{"frame":8,"values":[0.9766,-0.1875,-0.1054,0,0.1953,0.9783,0.0692,0,0.0902,-0.0882,0.992,0,0,16.8992,1.2183,1]},
{"frame":9,"values":[0.9776,-0.1947,-0.0794,0,0.1891,0.9793,-0.0727,0,0.0919,0.056,0.9942,0,0,16.8992,1.2183,1]},
{"frame":10,"values":[0.983,-0.1794,-0.0389,0,0.1701,0.9699,-0.1741,0,0.069,0.1646,0.984,0,0,16.8992,1.2183,1]},
{"frame":11,"values":[0.9887,-0.1497,0,0,0.1459,0.9636,-0.2239,0,0.0335,0.2214,0.9746,0,0,16.8992,1.2183,1]},
{"frame":12,"values":[0.9932,-0.1113,0.0333,0,0.116,0.9679,-0.223,0,-0.0075,0.2253,0.9743,0,0,16.8992,1.2183,1]},
{"frame":13,"values":[0.9946,-0.066,0.0806,0,0.0807,0.9775,-0.1951,0,-0.066,0.2005,0.9775,0,0,16.8992,1.2183,1]},
{"frame":14,"values":[0.9865,-0.0257,0.1616,0,0.0517,0.9859,-0.1589,0,-0.1553,0.1651,0.974,0,0,16.8992,1.2183,1]},
{"frame":15,"values":[0.9651,-0.009,0.2616,0,0.0478,0.9886,-0.1426,0,-0.2573,0.1501,0.9546,0,0,16.8992,1.2183,1]},
{"frame":16,"values":[0.9396,-0.0142,0.342,0,0.0649,0.9884,-0.1373,0,-0.3361,0.1512,0.9296,0,0,16.8992,1.2183,1]},
{"frame":17,"values":[0.9221,-0.0245,0.3862,0,0.0576,0.9956,-0.0744,0,-0.3827,0.0908,0.9194,0,0,16.8992,1.2183,1]},
{"frame":18,"values":[0.9095,-0.0215,0.4151,0,-0.0151,0.9963,0.0845,0,-0.4154,-0.0831,0.9059,0,0,16.8992,1.2183,1]},
{"frame":19,"values":[0.8935,0.0059,0.449,0,-0.1256,0.9633,0.2374,0,-0.4311,-0.2685,0.8615,0,0,16.8992,1.2183,1]},
{"frame":20,"values":[0.8839,0.0569,0.4641,0,-0.2092,0.9358,0.2836,0,-0.4182,-0.3478,0.8391,0,0,16.8992,1.2183,1]},
{"frame":21,"values":[0.8878,0.1151,0.4456,0,-0.2426,0.9399,0.2405,0,-0.3911,-0.3216,0.8623,0,0,16.8992,1.2183,1]},
{"frame":22,"values":[0.9053,0.1635,0.392,0,-0.23,0.9646,0.1288,0,-0.3571,-0.2068,0.9109,0,0,16.8992,1.2183,1]},
{"frame":23,"values":[0.936,0.1885,0.2974,0,-0.1826,0.982,-0.0477,0,-0.301,-0.0096,0.9536,0,0,16.8992,1.2183,1]},
{"frame":24,"values":[0.9716,0.1653,0.1693,0,-0.1181,0.9588,-0.2584,0,-0.205,0.2311,0.9511,0,0,16.8992,1.2183,1]},
{"frame":25,"values":[0.9948,0.0926,0.0424,0,-0.0665,0.9061,-0.4179,0,-0.0771,0.4129,0.9075,0,0,16.8992,1.2183,1]}],"loopBehavior":1,"name":"anim","property":"_matrix"}},
{"name":"HeadTop_End","index":6,"matrix":[1,0,0,0,0,1,0,0,0,0,1,0,0,22.2062,2.1925,1],"rest":[1,0,0,0,0,1,0,0,0,0,1,0,0,22.2062,2.1925,1],"parentBoneIndex":5,"length":22.3142
,"animation":{"dataType":3,"framePerSecond":24,"keys":[
{"frame":1,"values":[1,0,0,0,0,1,0,0,0,0,1,0,0,22.2062,2.1925,1]},
{"frame":25,"values":[1,0,0,0,0,1,0,0,0,0,1,0,0,22.2062,2.1925,1]}],"loopBehavior":1,"name":"anim","property":"_matrix"}},
{"name":"LeftShoulder","index":7,"matrix":[0.9381,-0.3004,0.1726,0,0.2953,0.9538,0.0548,0,-0.1811,-0.0005,0.9835,0,12.8964,26.7163,-4.5484,1],"rest":[1,0,0,0,0,1,0,0,0,0,1,0,12.8964,26.7163,-4.5484,1],"parentBoneIndex":3,"length":19.7122
,"animation":{"dataType":3,"framePerSecond":24,"keys":[
{"frame":1,"values":[0.9381,-0.3004,0.1726,0,0.2953,0.9538,0.0548,0,-0.1811,-0.0005,0.9835,0,12.8964,26.7163,-4.5484,1]},
{"frame":2,"values":[0.9802,-0.0905,0.1763,0,0.086,0.9957,0.033,0,-0.1786,-0.0172,0.9838,0,12.8964,26.7163,-4.5484,1]},
{"frame":3,"values":[0.9916,0.0222,0.1272,0,-0.0244,0.9996,0.0155,0,-0.1268,-0.0184,0.9918,0,12.8964,26.7163,-4.5484,1]},
{"frame":4,"values":[0.9966,0.0363,0.0746,0,-0.037,0.9993,0.0082,0,-0.0742,-0.011,0.9972,0,12.8964,26.7163,-4.5484,1]},
{"frame":5,"values":[0.9979,0.0082,0.0644,0,-0.0088,0.9999,0.0096,0,-0.0644,-0.0102,0.9979,0,12.8964,26.7163,-4.5484,1]},
{"frame":6,"values":[0.9965,-0.0282,0.0789,0,0.0272,0.9995,0.0134,0,-0.0792,-0.0112,0.9968,0,12.8964,26.7163,-4.5484,1]},
{"frame":7,"values":[0.9946,-0.0705,0.0757,0,0.0695,0.9974,0.0163,0,-0.0767,-0.011,0.997,0,12.8964,26.7163,-4.5484,1]},
{"frame":8,"values":[0.9924,-0.1092,0.0571,0,0.1084,0.994,0.0176,0,-0.0587,-0.0113,0.9982,0,12.8964,26.7163,-4.5484,1]},
{"frame":9,"values":[0.991,-0.123,0.052,0,0.1224,0.9924,0.0155,0,-0.0535,-0.009,0.9985,0,12.8964,26.7163,-4.5484,1]},
{"frame":10,"values":[0.9914,-0.1142,0.0645,0,0.1135,0.9934,0.015,0,-0.0658,-0.0075,0.9978,0,12.8964,26.7163,-4.5484,1]},
{"frame":11,"values":[0.9913,-0.1131,0.068,0,0.1112,0.9933,0.0319,0,-0.0711,-0.024,0.9972,0,12.8964,26.7163,-4.5484,1]},
{"frame":12,"values":[0.9901,-0.1342,0.0403,0,0.1308,0.9884,0.0778,0,-0.0503,-0.0717,0.9962,0,12.8964,26.7163,-4.5484,1]},
{"frame":13,"values":[0.9882,-0.1531,-0.0037,0,0.152,0.9782,0.1414,0,-0.018,-0.1403,0.9899,0,12.8964,26.7163,-4.5484,1]},
{"frame":14,"values":[0.9909,-0.1314,-0.0293,0,0.1347,0.9682,0.211,0,0.0006,-0.213,0.977,0,12.8964,26.7163,-4.5484,1]},
{"frame":15,"values":[0.9977,-0.0629,-0.0265,0,0.0678,0.9579,0.2788,0,0.0078,-0.28,0.96,0,12.8964,26.7163,-4.5484,1]},
{"frame":16,"values":[0.9996,0.0113,-0.0251,0,-0.0024,0.9448,0.3275,0,0.0275,-0.3273,0.9445,0,12.8964,26.7163,-4.5484,1]},
{"frame":17,"values":[0.9983,0.0243,-0.0537,0,-0.0046,0.9405,0.3397,0,0.0587,-0.3389,0.939,0,12.8964,26.7163,-4.5484,1]},
{"frame":18,"values":[0.9939,-0.0572,-0.0944,0,0.0842,0.9459,0.3132,0,0.0714,-0.3193,0.945,0,12.8964,26.7163,-4.5484,1]},
{"frame":19,"values":[0.9788,-0.1778,-0.1019,0,0.1992,0.942,0.2702,0,0.048,-0.2848,0.9574,0,12.8964,26.7163,-4.5484,1]},
{"frame":20,"values":[0.9637,-0.2602,-0.0593,0,0.2668,0.9371,0.2252,0,-0.0031,-0.2328,0.9725,0,12.8964,26.7163,-4.5484,1]},
{"frame":21,"values":[0.9595,-0.2817,0.0065,0,0.276,0.9444,0.1788,0,-0.0565,-0.1698,0.9839,0,12.8964,26.7163,-4.5484,1]},
{"frame":22,"values":[0.9601,-0.2711,0.0691,0,0.2607,0.9565,0.1309,0,-0.1016,-0.1077,0.989,0,12.8964,26.7163,-4.5484,1]},
{"frame":23,"values":[0.9563,-0.2675,0.1183,0,0.2581,0.962,0.0893,0,-0.1377,-0.0549,0.989,0,12.8964,26.7163,-4.5484,1]},
{"frame":24,"values":[0.9476,-0.2811,0.1517,0,0.2743,0.9595,0.0639,0,-0.1636,-0.019,0.9864,0,12.8964,26.7163,-4.5484,1]},
{"frame":25,"values":[0.9381,-0.3004,0.1726,0,0.2953,0.9538,0.0548,0,-0.1811,-0.0005,0.9835,0,12.8964,26.7163,-4.5484,1]}],"loopBehavior":1,"name":"anim","property":"_matrix"}},
{"name":"LeftArm","index":8,"matrix":[0.7631,-0.4257,0.4864,0,0.5688,0.7996,-0.1925,0,-0.307,0.4236,0.8523,0,19.027,-4.857,-1.7184,1],"rest":[1,0,0,0,0,1,0,0,0,0,1,0,19.027,-4.857,-1.7184,1],"parentBoneIndex":7,"length":24.1799
,"animation":{"dataType":3,"framePerSecond":24,"keys":[
{"frame":1,"values":[0.7631,-0.4257,0.4864,0,0.5688,0.7996,-0.1925,0,-0.307,0.4236,0.8523,0,19.027,-4.857,-1.7184,1]},
{"frame":2,"values":[0.6952,-0.4205,0.583,0,0.6916,0.6123,-0.3831,0,-0.1959,0.6695,0.7165,0,19.027,-4.857,-1.7184,1]},
{"frame":3,"values":[0.672,-0.4208,0.6095,0,0.7384,0.4437,-0.5078,0,-0.0567,0.7913,0.6088,0,19.027,-4.857,-1.7184,1]},
{"frame":4,"values":[0.6864,-0.4772,0.5487,0,0.7247,0.3863,-0.5706,0,0.0604,0.7893,0.611,0,19.027,-4.857,-1.7184,1]},
{"frame":5,"values":[0.6915,-0.5934,0.4119,0,0.7069,0.4384,-0.5551,0,0.1488,0.675,0.7226,0,19.027,-4.857,-1.7184,1]},
{"frame":6,"values":[0.6683,-0.7049,0.2378,0,0.7182,0.528,-0.4531,0,0.1938,0.4736,0.8591,0,19.027,-4.857,-1.7184,1]},
{"frame":7,"values":[0.6481,-0.756,0.0921,0,0.7347,0.5889,-0.3368,0,0.2004,0.2859,0.9371,0,19.027,-4.857,-1.7184,1]},
{"frame":8,"values":[0.6472,-0.7622,0.0121,0,0.737,0.6216,-0.2655,0,0.1949,0.1808,0.964,0,19.027,-4.857,-1.7184,1]},
{"frame":9,"values":[0.6318,-0.775,-0.0108,0,0.7566,0.6197,-0.2085,0,0.1683,0.1236,0.978,0,19.027,-4.857,-1.7184,1]},
{"frame":10,"values":[0.5924,-0.8053,-0.0236,0,0.8015,0.5921,-0.0837,0,0.0814,0.0307,0.9962,0,19.027,-4.857,-1.7184,1]},
{"frame":11,"values":[0.5814,-0.8103,-0.0731,0,0.8115,0.571,0.1244,0,-0.059,-0.1316,0.9895,0,19.027,-4.857,-1.7184,1]},
{"frame":12,"values":[0.6267,-0.7585,-0.1785,0,0.7589,0.5419,0.3612,0,-0.1772,-0.3618,0.9153,0,19.027,-4.857,-1.7184,1]},
{"frame":13,"values":[0.6834,-0.6625,-0.3067,0,0.6925,0.4553,0.5596,0,-0.2311,-0.5948,0.7699,0,19.027,-4.857,-1.7184,1]},
{"frame":14,"values":[0.7277,-0.5508,-0.4087,0,0.6424,0.3384,0.6876,0,-0.2404,-0.7629,0.6001,0,19.027,-4.857,-1.7184,1]},
{"frame":15,"values":[0.759,-0.4332,-0.4861,0,0.6175,0.2423,0.7483,0,-0.2064,-0.8681,0.4515,0,19.027,-4.857,-1.7184,1]},
{"frame":16,"values":[0.7592,-0.3555,-0.5452,0,0.6302,0.1919,0.7524,0,-0.1628,-0.9148,0.3697,0,19.027,-4.857,-1.7184,1]},
{"frame":17,"values":[0.7502,-0.3929,-0.5318,0,0.6321,0.1905,0.7511,0,-0.1938,-0.8996,0.3913,0,19.027,-4.857,-1.7184,1]},
{"frame":18,"values":[0.7706,-0.5221,-0.3655,0,0.5637,0.2909,0.773,0,-0.2973,-0.8018,0.5185,0,19.027,-4.857,-1.7184,1]},
{"frame":19,"values":[0.7945,-0.5942,-0.1254,0,0.4934,0.5112,0.7037,0,-0.354,-0.621,0.6993,0,19.027,-4.857,-1.7184,1]},
{"frame":20,"values":[0.8191,-0.5729,0.0296,0,0.5095,0.7502,0.4215,0,-0.2637,-0.3302,0.9063,0,19.027,-4.857,-1.7184,1]},
{"frame":21,"values":[0.8197,-0.5676,0.0768,0,0.5649,0.8233,0.0551,0,-0.0945,-0.0018,0.9955,0,19.027,-4.857,-1.7184,1]},
{"frame":22,"values":[0.7492,-0.6504,0.1252,0,0.6623,0.7324,-0.1584,0,0.0113,0.2016,0.9794,0,19.027,-4.857,-1.7184,1]},
{"frame":23,"values":[0.6501,-0.7243,0.2297,0,0.7598,0.6185,-0.2003,0,0.003,0.3047,0.9524,0,19.027,-4.857,-1.7184,1]},
{"frame":24,"values":[0.647,-0.6675,0.3684,0,0.7539,0.6323,-0.1783,0,-0.1139,0.3932,0.9124,0,19.027,-4.857,-1.7184,1]},
{"frame":25,"values":[0.7631,-0.4257,0.4864,0,0.5688,0.7996,-0.1925,0,-0.307,0.4236,0.8523,0,19.027,-4.857,-1.7184,1]}],"loopBehavior":1,"name":"anim","property":"_matrix"}},
{"name":"LeftForeArm","index":9,"matrix":[-0.1817,0.1367,0.9738,0,0.1367,0.9842,-0.1127,0,-0.9738,0.1127,-0.1975,0,24.1799,0,0,1],"rest":[1,0,0,0,0,1,0,0,0,0,1,0,24.1799,0,0,1],"parentBoneIndex":8,"length":27.1564
,"animation":{"dataType":3,"framePerSecond":24,"keys":[
{"frame":1,"values":[-0.1817,0.1367,0.9738,0,0.1367,0.9842,-0.1127,0,-0.9738,0.1127,-0.1975,0,24.1799,0,0,1]},
{"frame":2,"values":[-0.1002,0.1273,0.9868,0,0.1273,0.9853,-0.1142,0,-0.9868,0.1142,-0.1149,0,24.1799,0,0,1]},
{"frame":3,"values":[-0.0532,0.1219,0.9911,0,0.1219,0.9859,-0.1147,0,-0.9911,0.1147,-0.0673,0,24.1799,0,0,1]},
{"frame":4,"values":[-0.0083,0.1167,0.9931,0,0.1167,0.9865,-0.1149,0,-0.9931,0.1149,-0.0218,0,24.1799,0,0,1]},
{"frame":5,"values":[0.0731,0.1072,0.9915,0,0.1072,0.9876,-0.1147,0,-0.9915,0.1147,0.0607,0,24.1799,0,0,1]},
{"frame":6,"values":[0.1879,0.094,0.9777,0,0.094,0.9891,-0.1131,0,-0.9777,0.1131,0.177,0,24.1799,0,0,1]},
{"frame":7,"values":[0.3277,0.0778,0.9416,0,0.0778,0.991,-0.1089,0,-0.9416,0.1089,0.3187,0,24.1799,0,0,1]},
{"frame":8,"values":[0.5165,0.0559,0.8545,0,0.0559,0.9935,-0.0989,0,-0.8545,0.0989,0.51,0,24.1799,0,0,1]},
{"frame":9,"values":[0.721,0.0323,0.6922,0,0.0323,0.9963,-0.0801,0,-0.6922,0.0801,0.7172,0,24.1799,0,0,1]},
{"frame":10,"values":[0.862,0.016,0.5066,0,0.016,0.9982,-0.0586,0,-0.5066,0.0586,0.8602,0,24.1799,0,0,1]},
{"frame":11,"values":[0.9188,0.0094,0.3947,0,0.0094,0.9989,-0.0457,0,-0.3947,0.0457,0.9177,0,24.1799,0,0,1]},
{"frame":12,"values":[0.9172,0.0096,0.3984,0,0.0096,0.9989,-0.0461,0,-0.3984,0.0461,0.9161,0,24.1799,0,0,1]},
{"frame":13,"values":[0.883,0.0135,0.4691,0,0.0135,0.9984,-0.0543,0,-0.4691,0.0543,0.8815,0,24.1799,0,0,1]},
{"frame":14,"values":[0.8375,0.0188,0.5462,0,0.0188,0.9978,-0.0632,0,-0.5462,0.0632,0.8353,0,24.1799,0,0,1]},
{"frame":15,"values":[0.8228,0.0205,0.5679,0,0.0205,0.9976,-0.0657,0,-0.5679,0.0657,0.8205,0,24.1799,0,0,1]},
{"frame":16,"values":[0.8763,0.0143,0.4815,0,0.0143,0.9983,-0.0557,0,-0.4815,0.0557,0.8747,0,24.1799,0,0,1]},
{"frame":17,"values":[0.9518,0.0056,0.3068,0,0.0056,0.9994,-0.0355,0,-0.3068,0.0355,0.9511,0,24.1799,0,0,1]},
{"frame":18,"values":[0.9907,0.0011,0.136,0,0.0011,0.9999,-0.0157,0,-0.136,0.0157,0.9906,0,24.1799,0,0,1]},
{"frame":19,"values":[0.9998,0,0.0214,0,0,1,-0.0025,0,-0.0214,0.0025,0.9998,0,24.1799,0,0,1]},
{"frame":20,"values":[1,0,0,0,0,1,0,0,0,0,1,0,24.1799,0,0,1]},
{"frame":21,"values":[0.9983,0.0002,0.0575,0,0.0002,1,-0.0066,0,-0.0575,0.0067,0.9983,0,24.1799,0,0,1]},
{"frame":22,"values":[0.8584,0.0164,0.5126,0,0.0164,0.9981,-0.0593,0,-0.5126,0.0593,0.8565,0,24.1799,0,0,1]},
{"frame":23,"values":[0.3329,0.0772,0.9398,0,0.0772,0.9911,-0.1087,0,-0.9398,0.1087,0.324,0,24.1799,0,0,1]},
{"frame":24,"values":[-0.1317,0.1309,0.9826,0,0.1309,0.9848,-0.1137,0,-0.9826,0.1137,-0.1469,0,24.1799,0,0,1]},
{"frame":25,"values":[-0.1817,0.1367,0.9738,0,0.1367,0.9842,-0.1127,0,-0.9738,0.1127,-0.1975,0,24.1799,0,0,1]}],"loopBehavior":1,"name":"anim","property":"_matrix"}},
{"name":"LeftHand","index":10,"matrix":[0.9444,0.0584,0.3237,0,-0.2213,0.8408,0.4941,0,-0.2433,-0.5382,0.8069,0,27.1564,0.0001,0,1],"rest":[1,0,0,0,0,1,0,0,0,0,1,0,27.1564,0.0001,0,1],"parentBoneIndex":9,"length":13.2912
,"animation":{"dataType":3,"framePerSecond":24,"keys":[
{"frame":1,"values":[0.9444,0.0584,0.3237,0,-0.2213,0.8408,0.4941,0,-0.2433,-0.5382,0.8069,0,27.1564,0.0001,0,1]},
{"frame":2,"values":[0.967,0.0426,0.2512,0,-0.1975,0.748,0.6336,0,-0.1609,-0.6623,0.7317,0,27.1564,0.0001,0,1]},
{"frame":3,"values":[0.9825,0.084,0.1663,0,-0.173,0.7427,0.6469,0,-0.0692,-0.6644,0.7442,0,27.1564,0.0001,0,1]},
{"frame":4,"values":[0.9683,0.1613,0.1905,0,-0.2413,0.8006,0.5485,0,-0.064,-0.5771,0.8142,0,27.1564,0.0001,0,1]},
{"frame":5,"values":[0.8878,0.1969,0.4159,0,-0.3818,0.8197,0.427,0,-0.2568,-0.5379,0.803,0,27.1564,0.0001,0,1]},
{"frame":6,"values":[0.6648,0.1617,0.7294,0,-0.5377,0.7814,0.3168,0,-0.5187,-0.6028,0.6063,0,27.1564,0.0001,0,1]},
{"frame":7,"values":[0.4441,0.1443,0.8843,0,-0.6587,0.7216,0.2131,0,-0.6073,-0.6771,0.4155,0,27.1564,0.0001,0,1]},
{"frame":8,"values":[0.4618,0.2289,0.8569,0,-0.7166,0.6657,0.2083,0,-0.5227,-0.7103,0.4714,0,27.1564,0.0001,0,1]},
{"frame":9,"values":[0.5821,0.4204,0.696,0,-0.7469,0.6148,0.2534,0,-0.3213,-0.6673,0.6719,0,27.1564,0.0001,0,1]},
{"frame":10,"values":[0.6723,0.537,0.5096,0,-0.7304,0.5932,0.3386,0,-0.1204,-0.5998,0.791,0,27.1564,0.0001,0,1]},
{"frame":11,"values":[0.8211,0.4257,0.3802,0,-0.5681,0.6741,0.4721,0,-0.0553,-0.6036,0.7954,0,27.1564,0.0001,0,1]},
{"frame":12,"values":[0.9704,0.0722,0.2305,0,-0.1914,0.8117,0.5518,0,-0.1472,-0.5796,0.8015,0,27.1564,0.0001,0,1]},
{"frame":13,"values":[0.9509,-0.3093,0.0142,0,0.2557,0.8104,0.5271,0,-0.1746,-0.4976,0.8497,0,27.1564,0.0001,0,1]},
{"frame":14,"values":[0.8661,-0.4613,-0.1927,0,0.4912,0.7136,0.4995,0,-0.0929,-0.5273,0.8446,0,27.1564,0.0001,0,1]},
{"frame":15,"values":[0.849,-0.4274,-0.3106,0,0.5273,0.6493,0.548,0,-0.0325,-0.6291,0.7767,0,27.1564,0.0001,0,1]},
{"frame":16,"values":[0.875,-0.3673,-0.3154,0,0.4839,0.644,0.5926,0,-0.0145,-0.6711,0.7412,0,27.1564,0.0001,0,1]},
{"frame":17,"values":[0.9055,-0.3598,-0.2252,0,0.4232,0.7252,0.5431,0,-0.0321,-0.5871,0.8089,0,27.1564,0.0001,0,1]},
{"frame":18,"values":[0.934,-0.3487,-0.0777,0,0.3464,0.8307,0.4358,0,-0.0874,-0.434,0.8967,0,27.1564,0.0001,0,1]},
{"frame":19,"values":[0.962,-0.2653,0.0651,0,0.213,0.8776,0.4296,0,-0.1711,-0.3994,0.9007,0,27.1564,0.0001,0,1]},
{"frame":20,"values":[0.9753,-0.1397,0.1711,0,0.0289,0.8488,0.528,0,-0.2189,-0.51,0.8318,0,27.1564,0.0001,0,1]},
{"frame":21,"values":[0.9685,-0.0464,0.2447,0,-0.1098,0.8025,0.5864,0,-0.2236,-0.5948,0.7721,0,27.1564,0.0001,0,1]},
{"frame":22,"values":[0.9584,-0.03,0.284,0,-0.1545,0.7819,0.604,0,-0.2401,-0.6227,0.7447,0,27.1564,0.0001,0,1]},
{"frame":23,"values":[0.953,-0.0682,0.2951,0,-0.1461,0.75,0.6451,0,-0.2653,-0.6579,0.7048,0,27.1564,0.0001,0,1]},
{"frame":24,"values":[0.9508,-0.0664,0.3025,0,-0.1535,0.7471,0.6467,0,-0.2689,-0.6613,0.7002,0,27.1564,0.0001,0,1]},
{"frame":25,"values":[0.9444,0.0584,0.3237,0,-0.2213,0.8408,0.4941,0,-0.2433,-0.5382,0.8069,0,27.1564,0.0001,0,1]}],"loopBehavior":1,"name":"anim","property":"_matrix"}},
{"name":"LeftHandIndex1","index":11,"matrix":[0.4769,-0.8783,0.0357,0,0.8766,0.4722,-0.0927,0,0.0646,0.0755,0.9951,0,16.4412,0,0,1],"rest":[1,0,0,0,0,1,0,0,0,0,1,0,16.4412,0,0,1],"parentBoneIndex":10,"length":4.8219
,"animation":{"dataType":3,"framePerSecond":24,"keys":[
{"frame":1,"values":[0.4769,-0.8783,0.0357,0,0.8766,0.4722,-0.0927,0,0.0646,0.0755,0.9951,0,16.4412,0,0,1]},
{"frame":2,"values":[0.2932,-0.9555,0.0332,0,0.9533,0.2895,-0.0859,0,0.0724,0.0568,0.9958,0,16.4412,0,0,1]},
{"frame":3,"values":[0.1374,-0.9901,0.0302,0,0.9876,0.1346,-0.0808,0,0.076,0.0409,0.9963,0,16.4412,0,0,1]},
{"frame":4,"values":[0.3936,-0.9167,0.0685,0,0.9184,0.3888,-0.0735,0,0.0408,0.0918,0.9949,0,16.4412,0,0,1]},
{"frame":5,"values":[0.7352,-0.6639,0.1369,0,0.6751,0.7353,-0.0595,0,-0.0611,0.1362,0.9888,0,16.4412,0,0,1]},
{"frame":6,"values":[0.8956,-0.4042,0.1857,0,0.4192,0.9066,-0.0488,0,-0.1487,0.1215,0.9814,0,16.4412,0,0,1]},
{"frame":7,"values":[0.9322,-0.2923,0.2136,0,0.3081,0.9503,-0.0443,0,-0.1901,0.1072,0.9759,0,16.4412,0,0,1]},
{"frame":8,"values":[0.9481,-0.215,0.2342,0,0.2304,0.9722,-0.0404,0,-0.219,0.0923,0.9713,0,16.4412,0,0,1]},
{"frame":9,"values":[0.9672,-0.0378,0.2512,0,0.0469,0.9984,-0.0304,0,-0.2496,0.0411,0.9675,0,16.4412,0,0,1]},
{"frame":10,"values":[0.9643,0.0652,0.2568,0,-0.0607,0.9978,-0.0255,0,-0.2579,0.009,0.9661,0,16.4412,0,0,1]},
{"frame":13,"values":[0.9693,-0.0151,0.2453,0,0.0228,0.9993,-0.0286,0,-0.2447,0.0333,0.969,0,16.4412,0,0,1]},
{"frame":14,"values":[0.9479,-0.238,0.2119,0,0.2517,0.967,-0.04,0,-0.1954,0.0913,0.9765,0,16.4412,0,0,1]},
{"frame":15,"values":[0.89,-0.4178,0.1826,0,0.4326,0.9002,-0.0492,0,-0.1439,0.1228,0.9819,0,16.4412,0,0,1]},
{"frame":16,"values":[0.8809,-0.4381,0.1791,0,0.4529,0.8901,-0.0502,0,-0.1374,0.1253,0.9826,0,16.4412,0,0,1]},
{"frame":18,"values":[0.8851,-0.4286,0.1815,0,0.4435,0.8949,-0.0496,0,-0.1411,0.1244,0.9821,0,16.4412,0,0,1]},
{"frame":19,"values":[0.9282,-0.3064,0.2112,0,0.3221,0.9457,-0.0433,0,-0.1865,0.1082,0.9765,0,16.4412,0,0,1]},
{"frame":20,"values":[0.9539,-0.1792,0.2407,0,0.1936,0.9804,-0.0374,0,-0.2292,0.0823,0.9699,0,16.4412,0,0,1]},
{"frame":21,"values":[0.9317,-0.2921,0.2161,0,0.3084,0.9502,-0.0453,0,-0.1921,0.1088,0.9753,0,16.4412,0,0,1]},
{"frame":22,"values":[0.7094,-0.6964,0.1083,0,0.7044,0.706,-0.0737,0,-0.0251,0.1286,0.9914,0,16.4412,0,0,1]},
{"frame":23,"values":[0.4769,-0.8783,0.0357,0,0.8766,0.4722,-0.0927,0,0.0646,0.0755,0.9951,0,16.4412,0,0,1]},
{"frame":25,"values":[0.4769,-0.8783,0.0357,0,0.8766,0.4722,-0.0927,0,0.0646,0.0755,0.9951,0,16.4412,0,0,1]}],"loopBehavior":1,"name":"anim","property":"_matrix"}},
{"name":"LeftHandIndex2","index":12,"matrix":[0.4869,-0.8689,-0.089,0,0.8689,0.4922,-0.052,0,0.089,-0.052,0.9947,0,4.8219,0.0001,0,1],"rest":[1,0,0,0,0,1,0,0,0,0,1,0,4.8219,0.0001,0,1],"parentBoneIndex":11,"length":6.3865
,"animation":{"dataType":3,"framePerSecond":24,"keys":[
{"frame":1,"values":[0.4869,-0.8689,-0.089,0,0.8689,0.4922,-0.052,0,0.089,-0.052,0.9947,0,4.8219,0.0001,0,1]},
{"frame":4,"values":[0.4902,-0.8671,-0.0889,0,0.8671,0.4955,-0.0517,0,0.0889,-0.0517,0.9947,0,4.8219,0.0001,0,1]},
{"frame":5,"values":[0.5229,-0.848,-0.0869,0,0.848,0.5278,-0.0484,0,0.0869,-0.0484,0.995,0,4.8219,0.0001,0,1]},
{"frame":6,"values":[0.6234,-0.7778,-0.0797,0,0.7778,0.6273,-0.0382,0,0.0797,-0.0382,0.9961,0,4.8219,0.0001,0,1]},
{"frame":7,"values":[0.7926,-0.6065,-0.0622,0,0.6065,0.7948,-0.021,0,0.0622,-0.021,0.9978,0,4.8219,0.0001,0,1]},
{"frame":8,"values":[0.929,-0.3681,-0.0377,0,0.3681,0.9297,-0.0072,0,0.0377,-0.0072,0.9993,0,4.8219,0.0001,0,1]},
{"frame":9,"values":[0.993,-0.1175,-0.012,0,0.1175,0.9931,-0.0007,0,0.012,-0.0007,0.9999,0,4.8219,0.0001,0,1]},
{"frame":10,"values":[1,0,0,0,0,1,0,0,0,0,1,0,4.8219,0.0001,0,1]},
{"frame":13,"values":[0.9894,-0.1444,-0.0148,0,0.1444,0.9895,-0.0011,0,0.0148,-0.0011,0.9999,0,4.8219,0.0001,0,1]},
{"frame":14,"values":[0.851,-0.5224,-0.0535,0,0.5224,0.8526,-0.0151,0,0.0535,-0.0151,0.9985,0,4.8219,0.0001,0,1]},
{"frame":15,"values":[0.6261,-0.7757,-0.0795,0,0.7757,0.63,-0.0379,0,0.0795,-0.0379,0.9961,0,4.8219,0.0001,0,1]},
{"frame":16,"values":[0.5943,-0.8001,-0.082,0,0.8001,0.5985,-0.0411,0,0.082,-0.0411,0.9958,0,4.8219,0.0001,0,1]},
{"frame":18,"values":[0.6086,-0.7894,-0.0809,0,0.7894,0.6126,-0.0397,0,0.0809,-0.0397,0.9959,0,4.8219,0.0001,0,1]},
{"frame":19,"values":[0.7757,-0.6278,-0.0643,0,0.6278,0.778,-0.0227,0,0.0643,-0.0227,0.9977,0,4.8219,0.0001,0,1]},
{"frame":20,"values":[0.9249,-0.3783,-0.0388,0,0.3783,0.9257,-0.0076,0,0.0388,-0.0076,0.9992,0,4.8219,0.0001,0,1]},
{"frame":21,"values":[0.9228,-0.3832,-0.0393,0,0.3832,0.9236,-0.0078,0,0.0393,-0.0078,0.9992,0,4.8219,0.0001,0,1]},
{"frame":22,"values":[0.7006,-0.7099,-0.0727,0,0.7099,0.7037,-0.0304,0,0.0727,-0.0304,0.9969,0,4.8219,0.0001,0,1]},
{"frame":23,"values":[0.4869,-0.8689,-0.089,0,0.8689,0.4922,-0.052,0,0.089,-0.052,0.9947,0,4.8219,0.0001,0,1]},
{"frame":25,"values":[0.4869,-0.8689,-0.089,0,0.8689,0.4922,-0.052,0,0.089,-0.052,0.9947,0,4.8219,0.0001,0,1]}],"loopBehavior":1,"name":"anim","property":"_matrix"}},
{"name":"LeftHandIndex3","index":13,"matrix":[0.8392,-0.5404,-0.0609,0,0.5405,0.8412,-0.0162,0,0.06,-0.0193,0.998,0,6.3865,0,0,1],"rest":[0.9994,0.0344,-0.002,0,-0.0344,0.9994,0,0,0.002,0,1,0,6.3865,0,0,1],"parentBoneIndex":12,"length":5.189
,"animation":{"dataType":3,"framePerSecond":24,"keys":[
{"frame":1,"values":[0.8392,-0.5404,-0.0609,0,0.5405,0.8412,-0.0162,0,0.06,-0.0193,0.998,0,6.3865,0,0,1]},
{"frame":4,"values":[0.9116,-0.4083,-0.0474,0,0.4083,0.9128,-0.0088,0,0.0468,-0.0113,0.9988,0,6.3865,0,0,1]},
{"frame":5,"values":[0.9909,-0.1332,-0.0192,0,0.1332,0.9911,-0.0008,0,0.0191,-0.0017,0.9998,0,6.3865,0,0,1]},
{"frame":6,"values":[0.9975,0.0705,0.0017,0,-0.0705,0.9975,-0.0002,0,-0.0017,0,1,0,6.3865,0,0,1]},
{"frame":7,"values":[0.9882,0.1529,0.0102,0,-0.1529,0.9882,-0.0011,0,-0.0102,-0.0005,0.9999,0,6.3865,0,0,1]},
{"frame":8,"values":[0.9824,0.1864,0.0136,0,-0.1864,0.9825,-0.0017,0,-0.0137,-0.0009,0.9999,0,6.3865,0,0,1]},
{"frame":9,"values":[0.9811,0.1928,0.0142,0,-0.1928,0.9812,-0.0018,0,-0.0143,-0.001,0.9999,0,6.3865,0,0,1]},
{"frame":10,"values":[0.983,0.183,0.0132,0,-0.183,0.9831,-0.0016,0,-0.0133,-0.0008,0.9999,0,6.3865,0,0,1]},
{"frame":13,"values":[0.9868,0.1618,0.0111,0,-0.1618,0.9868,-0.0013,0,-0.0111,-0.0006,0.9999,0,6.3865,0,0,1]},
{"frame":14,"values":[0.9947,0.1024,0.005,0,-0.1024,0.9947,-0.0004,0,-0.005,-0.0001,1,0,6.3865,0,0,1]},
{"frame":15,"values":[0.9986,0.0522,-0.0002,0,-0.0522,0.9986,0,0,0.0002,0.0001,1,0,6.3865,0,0,1]},
