{"producer":{"name":"Blender","version":"2.90.0","exporter_version":"2.80.1","file":"jump_backwards.babylon"},
"autoClear":true,"clearColor":[0.0509,0.0509,0.0509],"gravity":[0,-9.81,0],
"materials":[{"name":"Material","id":"Material","customType":"BABYLON.PBRMaterial","backFaceCulling":true,"checkReadyOnlyOnce":false,"maxSimultaneousLights":4,"environmentIntensity":1,"albedo":[0.8,0.8,0.8],"reflectivity":[0.5,0.5,0.5],"roughness":0.4,"alpha":1,"transparencyMode":0,"alphaCutOff":0.4,"metallic":0}],
"multiMaterials":[],
"skeletons":[{"name":"Armature","id":0,"dimensionsAtRest":[232.1761,222.9347,36.3014],"bones":[
{"name":"Hips","index":0,"matrix":[0.9993,0.0022,0.0368,0,-0.0021,1,-0.0019,0,0.0368,-0.0018,-0.9993,0,0.3724,75.3751,-2.1282,1],"rest":[1,0,0,0,0,1,0,0,0,0,-1,0,0,89.0054,0,1],"parentBoneIndex":-1,"length":14.2998
,"animation":{"dataType":3,"framePerSecond":24,"keys":[
{"frame":1,"values":[0.9993,0.0022,0.0368,0,-0.0021,1,-0.0019,0,0.0368,-0.0018,-0.9993,0,0.3724,75.3751,-2.1282,1]},
{"frame":2,"values":[0.9992,0.0322,0.0238,0,-0.0372,0.9673,0.2511,0,0.015,0.2518,-0.9677,0,-1.8585,73.8128,-0.7994,1]},
{"frame":3,"values":[0.9964,0.0636,0.0556,0,-0.0812,0.901,0.4261,0,0.023,0.4291,-0.903,0,-5.0573,76.0525,0.2579,1]},
{"frame":4,"values":[0.9852,0.1375,0.1021,0,-0.1668,0.906,0.3891,0,0.039,0.4004,-0.9155,0,-7.7693,89.7687,-0.6147,1]},
{"frame":5,"values":[0.961,0.1952,0.1957,0,-0.2443,0.9312,0.2705,0,0.1294,0.3078,-0.9426,0,-8.6215,101.6596,-3.9043,1]},
{"frame":6,"values":[0.9628,0.1197,0.2424,0,-0.1589,0.9759,0.1492,0,0.2187,0.1822,-0.9586,0,-6.8246,112.6733,-6.8266,1]},
{"frame":7,"values":[0.9786,-0.0331,0.203,0,0.0093,0.9931,0.1172,0,0.2054,0.1128,-0.9721,0,-4.1682,119.7889,-7.0543,1]},
{"frame":8,"values":[0.9757,-0.1218,0.1822,0,0.0913,0.9817,0.1673,0,0.1992,0.1466,-0.9689,0,-1.9621,124.0625,-2.7991,1]},
{"frame":9,"values":[0.9722,-0.1887,0.1389,0,0.1642,0.9715,0.1708,0,0.1672,0.1433,-0.9755,0,0.7184,123.8065,2.6294,1]},
{"frame":10,"values":[0.9669,-0.2233,0.1237,0,0.2152,0.9737,0.0753,0,0.1373,0.0462,-0.9895,0,2.4135,119.9514,6.9003,1]},
{"frame":11,"values":[0.9664,-0.2369,0.1003,0,0.239,0.971,-0.0101,0,0.095,-0.0337,-0.9949,0,2.9621,113.1529,10.1982,1]},
{"frame":12,"values":[0.9719,-0.2312,0.0445,0,0.2295,0.9724,0.0412,0,0.0528,0.0298,-0.9982,0,3.094,104.2886,13.7836,1]},
{"frame":13,"values":[0.9776,-0.2082,-0.0312,0,0.2105,0.969,0.1292,0,-0.0033,0.1329,-0.9911,0,2.2224,93.9881,16.2663,1]},
{"frame":14,"values":[0.9813,-0.171,-0.0883,0,0.1846,0.9659,0.1816,0,-0.0543,0.1945,-0.9794,0,0.5395,82.5735,16.7755,1]},
{"frame":15,"values":[0.9855,-0.1249,-0.1146,0,0.1476,0.9648,0.2177,0,-0.0834,0.2315,-0.9693,0,-1.0339,72.8322,15.9069,1]},
{"frame":16,"values":[0.9931,-0.0748,-0.0906,0,0.0928,0.9723,0.2145,0,-0.072,0.2214,-0.9725,0,-2.7268,68.1242,13.407,1]},
{"frame":17,"values":[1,-0.0028,-0.0066,0,0.0036,0.9918,0.1276,0,-0.0062,0.1276,-0.9918,0,-4.6943,66.588,10.4946,1]},
{"frame":18,"values":[0.9948,0.0513,0.0881,0,-0.0473,0.9978,-0.0471,0,0.0904,-0.0427,-0.995,0,-5.1336,69.7021,7.7641,1]},
{"frame":19,"values":[0.9895,0.0483,0.136,0,-0.0213,0.9808,-0.1937,0,0.1427,-0.1888,-0.9716,0,-4.483,74.9623,3.6684,1]},
{"frame":20,"values":[0.9946,0.027,0.1002,0,-0.0029,0.9723,-0.2338,0,0.1038,-0.2322,-0.9671,0,-3.3243,78.1566,1.4024,1]},
{"frame":21,"values":[0.9986,0.0235,0.0483,0,-0.0138,0.9813,-0.192,0,0.0519,-0.1911,-0.9802,0,-1.7723,77.6332,0.0489,1]},
{"frame":22,"values":[0.9989,0.0248,0.0399,0,-0.0206,0.9946,-0.1016,0,0.0422,-0.1006,-0.994,0,-0.5466,75.2257,-1.7363,1]},
{"frame":23,"values":[0.9993,0.0022,0.0368,0,-0.0021,1,-0.0019,0,0.0368,-0.0018,-0.9993,0,0.3724,75.3751,-2.1282,1]}],"loopBehavior":1,"name":"anim","property":"_matrix"}},
{"name":"Spine","index":1,"matrix":[0.9991,0.0241,-0.0348,0,-0.0137,0.9625,0.2709,0,0.0401,-0.2702,0.962,0,0.1169,10.681,0.3734,1],"rest":[1,0,0,0,0,1,0,0,0,0,1,0,0.1169,10.681,0.3734,1],"parentBoneIndex":0,"length":13.8405
,"animation":{"dataType":3,"framePerSecond":24,"keys":[
{"frame":1,"values":[0.9991,0.0241,-0.0348,0,-0.0137,0.9625,0.2709,0,0.0401,-0.2702,0.962,0,0.1169,10.681,0.3734,1]},
{"frame":2,"values":[0.9987,0.0194,-0.0468,0,-0.007,0.968,0.2507,0,0.0502,-0.2501,0.9669,0,0.1169,10.681,0.3734,1]},
{"frame":3,"values":[0.998,-0.054,-0.0317,0,0.0592,0.979,0.1949,0,0.0206,-0.1963,0.9803,0,0.1169,10.681,0.3734,1]},
{"frame":4,"values":[0.9744,-0.2152,0.0648,0,0.2051,0.9695,0.1342,0,-0.0917,-0.1174,0.9888,0,0.1169,10.681,0.3734,1]},
{"frame":5,"values":[0.9188,-0.3274,0.2204,0,0.3162,0.9448,0.0852,0,-0.2362,-0.0085,0.9717,0,0.1169,10.681,0.3734,1]},
{"frame":6,"values":[0.9086,-0.2636,0.324,0,0.2606,0.964,0.0537,0,-0.3264,0.0357,0.9445,0,0.1169,10.681,0.3734,1]},
{"frame":7,"values":[0.9296,-0.1379,0.3419,0,0.117,0.9898,0.0811,0,-0.3496,-0.0354,0.9362,0,0.1169,10.681,0.3734,1]},
{"frame":8,"values":[0.9514,-0.0338,0.3061,0,-0.0188,0.9857,0.1676,0,-0.3074,-0.1652,0.9371,0,0.1169,10.681,0.3734,1]},
{"frame":9,"values":[0.9615,0.0518,0.27,0,-0.1158,0.967,0.2268,0,-0.2493,-0.2493,0.9358,0,0.1169,10.681,0.3734,1]},
{"frame":10,"values":[0.9572,0.1468,0.2495,0,-0.2019,0.9561,0.2122,0,-0.2074,-0.2535,0.9448,0,0.1169,10.681,0.3734,1]},
{"frame":11,"values":[0.9511,0.218,0.2189,0,-0.2644,0.9408,0.212,0,-0.1598,-0.2595,0.9524,0,0.1169,10.681,0.3734,1]},
{"frame":12,"values":[0.9563,0.2305,0.18,0,-0.2752,0.9176,0.287,0,-0.099,-0.3239,0.9409,0,0.1169,10.681,0.3734,1]},
{"frame":13,"values":[0.9736,0.194,0.1206,0,-0.2257,0.8975,0.379,0,-0.0347,-0.3962,0.9175,0,0.1169,10.681,0.3734,1]},
{"frame":14,"values":[0.9905,0.1292,0.0472,0,-0.1369,0.8923,0.4302,0,0.0134,-0.4325,0.9015,0,0.1169,10.681,0.3734,1]},
{"frame":15,"values":[0.9976,0.0578,-0.0373,0,-0.0353,0.8956,0.4434,0,0.0591,-0.441,0.8955,0,0.1169,10.681,0.3734,1]},
{"frame":16,"values":[0.9955,0.0129,-0.0944,0,0.0279,0.9079,0.4182,0,0.0911,-0.419,0.9034,0,0.1169,10.681,0.3734,1]},
{"frame":17,"values":[0.9952,-0.0117,-0.0973,0,0.0452,0.9355,0.3503,0,0.0869,-0.3531,0.9316,0,0.1169,10.681,0.3734,1]},
{"frame":18,"values":[0.9961,-0.0033,-0.0885,0,0.0266,0.9643,0.2633,0,0.0845,-0.2646,0.9606,0,0.1169,10.681,0.3734,1]},
{"frame":19,"values":[0.9933,0.0352,-0.1097,0,-0.0129,0.9801,0.1978,0,0.1145,-0.1951,0.9741,0,0.1169,10.681,0.3734,1]},
{"frame":20,"values":[0.9894,0.0534,-0.1348,0,-0.0278,0.9823,0.185,0,0.1423,-0.1793,0.9735,0,0.1169,10.681,0.3734,1]},
{"frame":21,"values":[0.9916,0.0488,-0.1195,0,-0.0216,0.9755,0.2188,0,0.1273,-0.2144,0.9684,0,0.1169,10.681,0.3734,1]},
{"frame":22,"values":[0.9969,0.0319,-0.0716,0,-0.0123,0.9657,0.2592,0,0.0774,-0.2575,0.9632,0,0.1169,10.681,0.3734,1]},
{"frame":23,"values":[0.9991,0.0241,-0.0348,0,-0.0137,0.9625,0.2709,0,0.0401,-0.2702,0.962,0,0.1169,10.681,0.3734,1]}],"loopBehavior":1,"name":"anim","property":"_matrix"}},
{"name":"Spine1","index":2,"matrix":[0.9999,0.0084,-0.0087,0,-0.008,0.9989,0.0452,0,0.0091,-0.0451,0.9989,0,0,13.8404,0.0535,1],"rest":[1,0,0,0,0,1,0,0,0,0,1,0,0,13.8404,0.0535,1],"parentBoneIndex":1,"length":14.7173
,"animation":{"dataType":3,"framePerSecond":24,"keys":[
{"frame":1,"values":[0.9999,0.0084,-0.0087,0,-0.008,0.9989,0.0452,0,0.0091,-0.0451,0.9989,0,0,13.8404,0.0535,1]},
{"frame":2,"values":[0.9997,0.023,-0.0099,0,-0.0201,0.974,0.2256,0,0.0148,-0.2254,0.9742,0,0,13.8404,0.0535,1]},
{"frame":3,"values":[0.9998,0.0214,-0.0059,0,-0.0179,0.9344,0.3557,0,0.0132,-0.3555,0.9346,0,0,13.8404,0.0535,1]},
{"frame":4,"values":[1,-0.0066,-0.0003,0,0.0062,0.9243,0.3817,0,-0.0023,-0.3817,0.9243,0,0,13.8404,0.0535,1]},
{"frame":5,"values":[0.9992,-0.0381,0.0072,0,0.0333,0.9376,0.3461,0,-0.0199,-0.3456,0.9382,0,0,13.8404,0.0535,1]},
{"frame":6,"values":[0.9987,-0.0497,0.0083,0,0.045,0.9535,0.298,0,-0.0227,-0.2972,0.9545,0,0,13.8404,0.0535,1]},
{"frame":7,"values":[0.9987,-0.0509,-0.0033,0,0.0498,0.9566,0.2871,0,-0.0114,-0.2869,0.9579,0,0,13.8404,0.0535,1]},
{"frame":8,"values":[0.9986,-0.0488,-0.0191,0,0.0523,0.944,0.3258,0,0.0021,-0.3264,0.9452,0,0,13.8404,0.0535,1]},
{"frame":9,"values":[0.9994,-0.0273,-0.0235,0,0.0337,0.9381,0.3448,0,0.0127,-0.3454,0.9384,0,0,13.8404,0.0535,1]},
{"frame":10,"values":[0.9998,0.0137,-0.0164,0,-0.0084,0.9577,0.2877,0,0.0197,-0.2875,0.9576,0,0,13.8404,0.0535,1]},
{"frame":11,"values":[0.9987,0.0502,-0.011,0,-0.0466,0.9756,0.2144,0,0.0215,-0.2136,0.9767,0,0,13.8404,0.0535,1]},
{"frame":12,"values":[0.9982,0.059,-0.0061,0,-0.0563,0.974,0.2197,0,0.0189,-0.2189,0.9756,0,0,13.8404,0.0535,1]},
{"frame":13,"values":[0.9992,0.0396,-0.0018,0,-0.0373,0.9555,0.2925,0,0.0133,-0.2922,0.9563,0,0,13.8404,0.0535,1]},
{"frame":14,"values":[0.9999,0.0117,-0.0034,0,-0.0097,0.9313,0.3641,0,0.0074,-0.3641,0.9313,0,0,13.8404,0.0535,1]},
{"frame":15,"values":[0.9999,-0.0093,-0.0097,0,0.0125,0.9088,0.4169,0,0.005,-0.417,0.9089,0,0,13.8404,0.0535,1]},
{"frame":16,"values":[0.9997,-0.0188,-0.0161,0,0.0241,0.8944,0.4465,0,0.006,-0.4468,0.8946,0,0,13.8404,0.0535,1]},
{"frame":17,"values":[0.9996,-0.0198,-0.0183,0,0.0258,0.9003,0.4346,0,0.0079,-0.4349,0.9005,0,0,13.8404,0.0535,1]},
{"frame":18,"values":[0.9997,-0.019,-0.0172,0,0.0241,0.9251,0.379,0,0.0087,-0.3793,0.9252,0,0,13.8404,0.0535,1]},
{"frame":19,"values":[0.9997,-0.0202,-0.0165,0,0.0242,0.9541,0.2984,0,0.0097,-0.2987,0.9543,0,0,13.8404,0.0535,1]},
{"frame":20,"values":[0.9997,-0.0194,-0.0166,0,0.0225,0.9772,0.2112,0,0.0121,-0.2115,0.9773,0,0,13.8404,0.0535,1]},
{"frame":21,"values":[0.9998,-0.0118,-0.0148,0,0.0137,0.9916,0.129,0,0.0132,-0.1292,0.9915,0,0,13.8404,0.0535,1]},
{"frame":22,"values":[0.9999,-0.0003,-0.0115,0,0.0011,0.9976,0.0696,0,0.0114,-0.0696,0.9975,0,0,13.8404,0.0535,1]},
{"frame":23,"values":[0.9999,0.0084,-0.0087,0,-0.008,0.9989,0.0452,0,0.0091,-0.0451,0.9989,0,0,13.8404,0.0535,1]}],"loopBehavior":1,"name":"anim","property":"_matrix"}},
{"name":"Spine2","index":3,"matrix":[0.9999,0.0082,-0.0083,0,-0.0079,0.9989,0.0453,0,0.0087,-0.0452,0.9989,0,0,14.7127,-0.3662,1],"rest":[1,0,0,0,0,1,0,0,0,0,1,0,0,14.7127,-0.3662,1],"parentBoneIndex":2,"length":31.8652
,"animation":{"dataType":3,"framePerSecond":24,"keys":[
{"frame":1,"values":[0.9999,0.0082,-0.0083,0,-0.0079,0.9989,0.0453,0,0.0087,-0.0452,0.9989,0,0,14.7127,-0.3662,1]},
{"frame":2,"values":[0.9998,0.0154,-0.012,0,-0.0122,0.9732,0.2294,0,0.0152,-0.2293,0.9732,0,0,14.7127,-0.3662,1]},
{"frame":3,"values":[1,-0.0025,-0.0094,0,0.0058,0.9283,0.3719,0,0.0078,-0.3719,0.9282,0,0,14.7127,-0.3662,1]},
{"frame":4,"values":[0.9985,-0.0547,-0.0028,0,0.0508,0.9057,0.4208,0,-0.0204,-0.4204,0.9071,0,0,14.7127,-0.3662,1]},
{"frame":5,"values":[0.9937,-0.1121,0.0059,0,0.0995,0.9038,0.4163,0,-0.052,-0.4131,0.9092,0,0,14.7127,-0.3662,1]},
{"frame":6,"values":[0.9899,-0.1414,0.0042,0,0.1278,0.9067,0.4018,0,-0.0606,-0.3973,0.9157,0,0,14.7127,-0.3662,1]},
{"frame":7,"values":[0.9894,-0.1439,-0.0175,0,0.1379,0.897,0.42,0,-0.0447,-0.418,0.9073,0,0,14.7127,-0.3662,1]},
{"frame":8,"values":[0.9909,-0.1273,-0.0449,0,0.1332,0.8676,0.4791,0,-0.022,-0.4807,0.8766,0,0,14.7127,-0.3662,1]},
{"frame":9,"values":[0.9952,-0.0843,-0.0506,0,0.0984,0.8527,0.5131,0,-0.0001,-0.5155,0.8569,0,0,14.7127,-0.3662,1]},
{"frame":10,"values":[0.9992,-0.0188,-0.0344,0,0.0327,0.8846,0.4652,0,0.0217,-0.4659,0.8846,0,0,14.7127,-0.3662,1]},
{"frame":11,"values":[0.9988,0.0456,-0.0187,0,-0.0352,0.9259,0.3762,0,0.0344,-0.3751,0.9263,0,0,14.7127,-0.3662,1]},
{"frame":12,"values":[0.9971,0.0767,-0.0017,0,-0.0716,0.9381,0.339,0,0.0276,-0.3379,0.9408,0,0,14.7127,-0.3662,1]},
{"frame":13,"values":[0.9977,0.0652,0.0192,0,-0.0677,0.9279,0.3666,0,0.0061,-0.367,0.9302,0,0,14.7127,-0.3662,1]},
{"frame":14,"values":[0.9989,0.0347,0.0301,0,-0.044,0.9112,0.4097,0,-0.0133,-0.4106,0.9117,0,0,14.7127,-0.3662,1]},
{"frame":15,"values":[0.9996,0.0077,0.0271,0,-0.0191,0.8928,0.4501,0,-0.0207,-0.4505,0.8925,0,0,14.7127,-0.3662,1]},
{"frame":16,"values":[0.9999,-0.0055,0.0163,0,-0.0029,0.8787,0.4773,0,-0.0169,-0.4773,0.8786,0,0,14.7127,-0.3662,1]},
{"frame":17,"values":[1,-0.0051,0.0042,0,0.0026,0.8817,0.4718,0,-0.0061,-0.4718,0.8817,0,0,14.7127,-0.3662,1]},
{"frame":18,"values":[1,0,-0.0065,0,0.0028,0.9028,0.4301,0,0.0059,-0.4301,0.9028,0,0,14.7127,-0.3662,1]},
{"frame":19,"values":[0.9999,0.0024,-0.0156,0,0.0035,0.9312,0.3644,0,0.0154,-0.3644,0.9311,0,0,14.7127,-0.3662,1]},
{"frame":20,"values":[0.9998,0.0022,-0.0207,0,0.0037,0.96,0.2799,0,0.0205,-0.2799,0.9598,0,0,14.7127,-0.3662,1]},
{"frame":21,"values":[0.9998,0.0027,-0.0192,0,0.0007,0.9839,0.1786,0,0.0194,-0.1785,0.9837,0,0,14.7127,-0.3662,1]},
{"frame":22,"values":[0.9999,0.0051,-0.0131,0,-0.0039,0.996,0.0889,0,0.0135,-0.0889,0.996,0,0,14.7127,-0.3662,1]},
{"frame":23,"values":[0.9999,0.0082,-0.0083,0,-0.0079,0.9989,0.0453,0,0.0087,-0.0452,0.9989,0,0,14.7127,-0.3662,1]}],"loopBehavior":1,"name":"anim","property":"_matrix"}},
{"name":"Neck","index":4,"matrix":[0.9998,0.0152,0.0134,0,-0.0154,0.9998,0.0149,0,-0.0132,-0.0151,0.9998,0,0,35.4155,-3.3142,1],"rest":[1,0,0,0,0,1,0,0,0,0,1,0,0,35.4155,-3.3142,1],"parentBoneIndex":3,"length":16.9431
,"animation":{"dataType":3,"framePerSecond":24,"keys":[
{"frame":1,"values":[0.9998,0.0152,0.0134,0,-0.0154,0.9998,0.0149,0,-0.0132,-0.0151,0.9998,0,0,35.4155,-3.3142,1]},
{"frame":2,"values":[0.9998,-0.0049,0.0172,0,0.0052,0.9999,-0.0143,0,-0.0171,0.0143,0.9998,0,0,35.4155,-3.3142,1]},
{"frame":3,"values":[0.9998,-0.0018,0.0217,0,0.0023,0.9997,-0.0252,0,-0.0217,0.0253,0.9994,0,0,35.4155,-3.3142,1]},
{"frame":4,"values":[0.9999,0.001,0.01,0,-0.001,1,-0.0027,0,-0.01,0.0027,0.9999,0,0,35.4155,-3.3142,1]},
{"frame":5,"values":[0.9996,-0.0224,-0.0157,0,0.023,0.9989,0.0401,0,0.0147,-0.0405,0.9991,0,0,35.4155,-3.3142,1]},
{"frame":6,"values":[0.9976,-0.0557,-0.0405,0,0.0589,0.9949,0.0818,0,0.0357,-0.084,0.9958,0,0,35.4155,-3.3142,1]},
{"frame":7,"values":[0.9966,-0.0656,-0.0507,0,0.0702,0.9929,0.0955,0,0.0441,-0.0987,0.9941,0,0,35.4155,-3.3142,1]},
{"frame":8,"values":[0.9975,-0.0547,-0.0452,0,0.0578,0.9958,0.0711,0,0.0411,-0.0735,0.9964,0,0,35.4155,-3.3142,1]},
{"frame":9,"values":[0.9983,-0.0477,-0.0329,0,0.0485,0.9985,0.0243,0,0.0317,-0.0259,0.9992,0,0,35.4155,-3.3142,1]},
{"frame":10,"values":[0.9984,-0.0516,-0.0211,0,0.0511,0.9984,-0.0248,0,0.0223,0.0236,0.9995,0,0,35.4155,-3.3142,1]},
{"frame":11,"values":[0.9984,-0.0548,-0.0147,0,0.0534,0.9954,-0.0796,0,0.019,0.0786,0.9967,0,0,35.4155,-3.3142,1]},
{"frame":12,"values":[0.9987,-0.0482,-0.0151,0,0.0454,0.9879,-0.1481,0,0.022,0.1472,0.9889,0,0,35.4155,-3.3142,1]},
{"frame":13,"values":[0.9993,-0.0315,-0.0202,0,0.0264,0.9755,-0.2184,0,0.0266,0.2177,0.9757,0,0,35.4155,-3.3142,1]},
{"frame":14,"values":[0.9996,-0.011,-0.0264,0,0.0035,0.963,-0.2696,0,0.0283,0.2694,0.9626,0,0,35.4155,-3.3142,1]},
{"frame":15,"values":[0.9996,0.0023,-0.0297,0,-0.0107,0.9579,-0.2868,0,0.0278,0.287,0.9575,0,0,35.4155,-3.3142,1]},
{"frame":16,"values":[0.9997,-0.0001,-0.0252,0,-0.0067,0.9634,-0.2681,0,0.0243,0.2681,0.9631,0,0,35.4155,-3.3142,1]},
{"frame":17,"values":[0.9999,-0.0139,-0.0102,0,0.0112,0.9742,-0.2255,0,0.0131,0.2254,0.9742,0,0,35.4155,-3.3142,1]},
{"frame":18,"values":[0.9995,-0.0298,0.01,0,0.0311,0.9829,-0.1817,0,-0.0044,0.182,0.9833,0,0,35.4155,-3.3142,1]},
{"frame":19,"values":[0.9988,-0.0434,0.0244,0,0.0465,0.9882,-0.1456,0,-0.0178,0.1466,0.989,0,0,35.4155,-3.3142,1]},
{"frame":20,"values":[0.9985,-0.047,0.0264,0,0.0495,0.9934,-0.1035,0,-0.0213,0.1047,0.9943,0,0,35.4155,-3.3142,1]},
{"frame":21,"values":[0.9992,-0.0347,0.0202,0,0.0355,0.9984,-0.0449,0,-0.0186,0.0456,0.9988,0,0,35.4155,-3.3142,1]},
{"frame":22,"values":[0.9998,-0.0109,0.0148,0,0.0108,0.9999,0.0052,0,-0.0148,-0.0051,0.9999,0,0,35.4155,-3.3142,1]},
{"frame":23,"values":[0.9998,0.0152,0.0134,0,-0.0154,0.9998,0.0149,0,-0.0132,-0.0151,0.9998,0,0,35.4155,-3.3142,1]}],"loopBehavior":1,"name":"anim","property":"_matrix"}},
{"name":"Head","index":5,"matrix":[0.9936,-0.0667,0.0913,0,0.0844,0.9749,-0.2058,0,-0.0752,0.2122,0.9743,0,0,16.8992,1.2183,1],"rest":[1,0,0,0,0,1,0,0,0,0,1,0,0,16.8992,1.2183,1],"parentBoneIndex":4,"length":22.3142
,"animation":{"dataType":3,"framePerSecond":24,"keys":[
{"frame":1,"values":[0.9936,-0.0667,0.0913,0,0.0844,0.9749,-0.2058,0,-0.0752,0.2122,0.9743,0,0,16.8992,1.2183,1]},
{"frame":2,"values":[0.992,-0.0662,0.1071,0,0.09,0.9677,-0.2355,0,-0.088,0.2433,0.966,0,0,16.8992,1.2183,1]},
{"frame":3,"values":[0.9935,-0.0552,0.0996,0,0.0765,0.9714,-0.2249,0,-0.0843,0.231,0.9693,0,0,16.8992,1.2183,1]},
{"frame":4,"values":[0.9978,-0.0643,0.0158,0,0.066,0.9833,-0.1698,0,-0.0046,0.1705,0.9854,0,0,16.8992,1.2183,1]},
{"frame":5,"values":[0.9905,-0.0845,-0.1086,0,0.0727,0.9915,-0.1082,0,0.1168,0.0992,0.9882,0,0,16.8992,1.2183,1]},
{"frame":6,"values":[0.975,-0.0842,-0.2056,0,0.0752,0.9958,-0.0514,0,0.209,0.0347,0.9773,0,0,16.8992,1.2183,1]},
{"frame":7,"values":[0.9678,-0.0525,-0.2462,0,0.0523,0.9986,-0.0073,0,0.2462,-0.0058,0.9692,0,0,16.8992,1.2183,1]},
{"frame":8,"values":[0.972,-0.0102,-0.2346,0,0.013,0.9999,0.0101,0,0.2345,-0.0128,0.972,0,0,16.8992,1.2183,1]},
{"frame":9,"values":[0.9804,0.0098,-0.1968,0,-0.0081,0.9999,0.0093,0,0.1969,-0.0076,0.9804,0,0,16.8992,1.2183,1]},
{"frame":10,"values":[0.9862,-0.0119,-0.1652,0,0.0131,0.9999,0.0066,0,0.1651,-0.0087,0.9862,0,0,16.8992,1.2183,1]},
{"frame":11,"values":[0.9859,-0.0647,-0.1545,0,0.0636,0.9979,-0.0121,0,0.155,0.0021,0.9879,0,0,16.8992,1.2183,1]},
{"frame":12,"values":[0.9813,-0.111,-0.157,0,0.1027,0.9929,-0.0599,0,0.1626,0.0427,0.9858,0,0,16.8992,1.2183,1]},
{"frame":13,"values":[0.9781,-0.122,-0.1685,0,0.1025,0.9875,-0.1197,0,0.181,0.0998,0.9784,0,0,16.8992,1.2183,1]},
{"frame":14,"values":[0.9782,-0.0992,-0.1823,0,0.0701,0.9847,-0.1598,0,0.1954,0.1435,0.9702,0,0,16.8992,1.2183,1]},
{"frame":15,"values":[0.9829,-0.0509,-0.1771,0,0.0219,0.9865,-0.162,0,0.183,0.1554,0.9708,0,0,16.8992,1.2183,1]},
{"frame":16,"values":[0.9917,0.0029,-0.1283,0,-0.0226,0.988,-0.1525,0,0.1263,0.1541,0.9799,0,0,16.8992,1.2183,1]},
{"frame":17,"values":[0.9991,0.0355,-0.0239,0,-0.0397,0.9782,-0.204,0,0.0161,0.2048,0.9787,0,0,16.8992,1.2183,1]},
{"frame":18,"values":[0.9928,0.0475,0.1104,0,-0.0065,0.9382,-0.346,0,-0.12,0.3428,0.9317,0,0,16.8992,1.2183,1]},
{"frame":19,"values":[0.9756,0.0511,0.2135,0,0.0599,0.8738,-0.4826,0,-0.2112,0.4837,0.8494,0,0,16.8992,1.2183,1]},
{"frame":20,"values":[0.9714,0.0223,0.2366,0,0.1047,0.8536,-0.5102,0,-0.2133,0.5204,0.8269,0,0,16.8992,1.2183,1]},
{"frame":21,"values":[0.9814,-0.0259,0.1902,0,0.1075,0.8951,-0.4328,0,-0.1591,0.4452,0.8812,0,0,16.8992,1.2183,1]},
{"frame":22,"values":[0.9903,-0.0536,0.1281,0,0.0913,0.9461,-0.3106,0,-0.1045,0.3193,0.9419,0,0,16.8992,1.2183,1]},
{"frame":23,"values":[0.9936,-0.0667,0.0913,0,0.0844,0.9749,-0.2058,0,-0.0752,0.2122,0.9743,0,0,16.8992,1.2183,1]}],"loopBehavior":1,"name":"anim","property":"_matrix"}},
{"name":"HeadTop_End","index":6,"matrix":[1,0,0,0,0,1,0,0,0,0,1,0,0,22.2062,2.1925,1],"rest":[1,0,0,0,0,1,0,0,0,0,1,0,0,22.2062,2.1925,1],"parentBoneIndex":5,"length":22.3142
,"animation":{"dataType":3,"framePerSecond":24,"keys":[
{"frame":1,"values":[1,0,0,0,0,1,0,0,0,0,1,0,0,22.2062,2.1925,1]},
{"frame":23,"values":[1,0,0,0,0,1,0,0,0,0,1,0,0,22.2062,2.1925,1]}],"loopBehavior":1,"name":"anim","property":"_matrix"}},
{"name":"LeftShoulder","index":7,"matrix":[0.9638,-0.2571,0.0705,0,0.2557,0.9663,0.0284,0,-0.0755,-0.0094,0.9971,0,12.8964,26.7163,-4.5484,1],"rest":[1,0,0,0,0,1,0,0,0,0,1,0,12.8964,26.7163,-4.5484,1],"parentBoneIndex":3,"length":19.7122
,"animation":{"dataType":3,"framePerSecond":24,"keys":[
{"frame":1,"values":[0.9638,-0.2571,0.0705,0,0.2557,0.9663,0.0284,0,-0.0755,-0.0094,0.9971,0,12.8964,26.7163,-4.5484,1]},
{"frame":2,"values":[0.9583,-0.2404,0.1546,0,0.2366,0.9707,0.0427,0,-0.1604,-0.0043,0.9871,0,12.8964,26.7163,-4.5484,1]},
{"frame":3,"values":[0.9541,-0.1619,0.2521,0,0.1562,0.9868,0.0423,0,-0.2556,-0.001,0.9668,0,12.8964,26.7163,-4.5484,1]},
{"frame":4,"values":[0.9485,-0.0197,0.3161,0,0.0128,0.9996,0.0239,0,-0.3165,-0.0186,0.9484,0,12.8964,26.7163,-4.5484,1]},
{"frame":5,"values":[0.9419,0.0958,0.3219,0,-0.1011,0.9949,-0.0002,0,-0.3203,-0.0324,0.9468,0,12.8964,26.7163,-4.5484,1]},
{"frame":6,"values":[0.9527,0.1089,0.2839,0,-0.1069,0.994,-0.0227,0,-0.2847,-0.0087,0.9586,0,12.8964,26.7163,-4.5484,1]},
{"frame":7,"values":[0.9707,0.0501,0.2351,0,-0.0406,0.9982,-0.0451,0,-0.2369,0.0343,0.9709,0,12.8964,26.7163,-4.5484,1]},
{"frame":8,"values":[0.9827,-0.0082,0.1849,0,0.0203,0.9977,-0.0639,0,-0.1839,0.0666,0.9807,0,12.8964,26.7163,-4.5484,1]},
{"frame":9,"values":[0.9915,-0.0396,0.1237,0,0.0489,0.9961,-0.0729,0,-0.1203,0.0784,0.9896,0,12.8964,26.7163,-4.5484,1]},
{"frame":10,"values":[0.997,-0.0544,0.0545,0,0.0583,0.9957,-0.0719,0,-0.0503,0.0749,0.9959,0,12.8964,26.7163,-4.5484,1]},
{"frame":11,"values":[0.9983,-0.0578,0.001,0,0.0578,0.9963,-0.0631,0,0.0026,0.0631,0.998,0,12.8964,26.7163,-4.5484,1]},
{"frame":12,"values":[0.9985,-0.0498,-0.0213,0,0.0487,0.9975,-0.0512,0,0.0238,0.0501,0.9985,0,12.8964,26.7163,-4.5484,1]},
{"frame":13,"values":[0.9996,-0.0251,-0.0155,0,0.0245,0.9988,-0.0414,0,0.0165,0.041,0.999,0,12.8964,26.7163,-4.5484,1]},
{"frame":14,"values":[0.9999,0.0082,0.0085,0,-0.0079,0.9994,-0.0329,0,-0.0087,0.0329,0.9994,0,12.8964,26.7163,-4.5484,1]},
{"frame":15,"values":[0.9984,0.0197,0.0539,0,-0.0186,0.9996,-0.0204,0,-0.0543,0.0194,0.9983,0,12.8964,26.7163,-4.5484,1]},
{"frame":16,"values":[0.9942,-0.01,0.1074,0,0.0106,0.9999,-0.0058,0,-0.1073,0.0069,0.9942,0,12.8964,26.7163,-4.5484,1]},
{"frame":17,"values":[0.9889,-0.0711,0.1304,0,0.0712,0.9975,0.0034,0,-0.1303,0.0059,0.9915,0,12.8964,26.7163,-4.5484,1]},
{"frame":18,"values":[0.9824,-0.144,0.1192,0,0.1441,0.9895,0.0079,0,-0.1191,0.0094,0.9928,0,12.8964,26.7163,-4.5484,1]},
{"frame":19,"values":[0.9722,-0.2089,0.1057,0,0.2087,0.9779,0.0133,0,-0.1061,0.0092,0.9943,0,12.8964,26.7163,-4.5484,1]},
{"frame":20,"values":[0.9658,-0.2405,0.0968,0,0.2398,0.9706,0.0188,0,-0.0985,0.0051,0.9951,0,12.8964,26.7163,-4.5484,1]},
{"frame":21,"values":[0.9672,-0.2405,0.0816,0,0.2395,0.9707,0.0217,0,-0.0844,-0.0014,0.9964,0,12.8964,26.7163,-4.5484,1]},
{"frame":22,"values":[0.9684,-0.2401,0.0679,0,0.239,0.9707,0.0239,0,-0.0716,-0.0069,0.9974,0,12.8964,26.7163,-4.5484,1]},
{"frame":23,"values":[0.9638,-0.2571,0.0705,0,0.2557,0.9663,0.0284,0,-0.0755,-0.0094,0.9971,0,12.8964,26.7163,-4.5484,1]}],"loopBehavior":1,"name":"anim","property":"_matrix"}},
{"name":"LeftArm","index":8,"matrix":[0.3729,-0.7643,-0.5261,0,0.9031,0.429,0.0169,0,0.2128,-0.4815,0.8502,0,19.027,-4.857,-1.7184,1],"rest":[1,0,0,0,0,1,0,0,0,0,1,0,19.027,-4.857,-1.7184,1],"parentBoneIndex":7,"length":24.1799
,"animation":{"dataType":3,"framePerSecond":24,"keys":[
{"frame":1,"values":[0.3729,-0.7643,-0.5261,0,0.9031,0.429,0.0169,0,0.2128,-0.4815,0.8502,0,19.027,-4.857,-1.7184,1]},
{"frame":2,"values":[0.6549,-0.7312,-0.1912,0,0.7501,0.6598,0.0461,0,0.0925,-0.1736,0.9805,0,19.027,-4.857,-1.7184,1]},
{"frame":3,"values":[0.7975,-0.5571,0.2316,0,0.557,0.8274,0.0721,0,-0.2318,0.0715,0.9701,0,19.027,-4.857,-1.7184,1]},
{"frame":4,"values":[0.7963,-0.2871,0.5324,0,0.2882,0.9539,0.0834,0,-0.5319,0.087,0.8423,0,19.027,-4.857,-1.7184,1]},
{"frame":5,"values":[0.7781,-0.0773,0.6233,0,0.018,0.9947,0.101,0,-0.6278,-0.0674,0.7754,0,19.027,-4.857,-1.7184,1]},
{"frame":6,"values":[0.7904,0.0093,0.6126,0,-0.099,0.9887,0.1128,0,-0.6046,-0.1498,0.7823,0,19.027,-4.857,-1.7184,1]},
{"frame":7,"values":[0.8324,0.0195,0.5538,0,-0.0652,0.9959,0.0629,0,-0.5503,-0.0884,0.8303,0,19.027,-4.857,-1.7184,1]},
{"frame":8,"values":[0.9001,-0.0102,0.4355,0,0.0234,0.9994,-0.025,0,-0.435,0.0327,0.8998,0,19.027,-4.857,-1.7184,1]},
{"frame":9,"values":[0.964,-0.0537,0.2605,0,0.0826,0.9914,-0.1015,0,-0.2528,0.1194,0.9601,0,19.027,-4.857,-1.7184,1]},
{"frame":10,"values":[0.9949,-0.0785,0.0642,0,0.0869,0.9862,-0.1409,0,-0.0522,0.1458,0.9879,0,19.027,-4.857,-1.7184,1]},
{"frame":11,"values":[0.9921,-0.0513,-0.1144,0,0.0365,0.9912,-0.1275,0,0.1199,0.1223,0.9852,0,19.027,-4.857,-1.7184,1]},
{"frame":12,"values":[0.9621,0.0157,-0.2721,0,-0.033,0.9977,-0.0593,0,0.2706,0.0661,0.9604,0,19.027,-4.857,-1.7184,1]},
{"frame":13,"values":[0.9038,0.028,-0.427,0,0,0.9979,0.0653,0,0.4279,-0.059,0.9019,0,19.027,-4.857,-1.7184,1]},
{"frame":14,"values":[0.8348,-0.1319,-0.5345,0,0.2526,0.9544,0.1591,0,0.4892,-0.2679,0.83,0,19.027,-4.857,-1.7184,1]},
{"frame":15,"values":[0.7619,-0.4753,-0.44,0,0.5871,0.7937,0.1593,0,0.2735,-0.3797,0.8838,0,19.027,-4.857,-1.7184,1]},
{"frame":16,"values":[0.6217,-0.7651,-0.1677,0,0.7819,0.5934,0.1913,0,-0.0468,-0.2501,0.9671,0,19.027,-4.857,-1.7184,1]},
{"frame":17,"values":[0.4851,-0.8743,0.0181,0,0.8519,0.4772,0.2157,0,-0.1972,-0.0892,0.9763,0,19.027,-4.857,-1.7184,1]},
{"frame":18,"values":[0.4476,-0.8914,0.072,0,0.8751,0.4531,0.1699,0,-0.184,-0.013,0.9828,0,19.027,-4.857,-1.7184,1]},
{"frame":19,"values":[0.4488,-0.8936,0.0084,0,0.8892,0.4475,0.0951,0,-0.0887,-0.0352,0.9954,0,19.027,-4.857,-1.7184,1]},
{"frame":20,"values":[0.4088,-0.9011,-0.1447,0,0.9123,0.4074,0.0409,0,0.0221,-0.1487,0.9886,0,19.027,-4.857,-1.7184,1]},
{"frame":21,"values":[0.3422,-0.8901,-0.3011,0,0.9356,0.3525,0.0214,0,0.0871,-0.2891,0.9533,0,19.027,-4.857,-1.7184,1]},
{"frame":22,"values":[0.3242,-0.838,-0.4389,0,0.9367,0.3493,0.0248,0,0.1325,-0.4191,0.8982,0,19.027,-4.857,-1.7184,1]},
{"frame":23,"values":[0.3729,-0.7643,-0.5261,0,0.9031,0.429,0.0169,0,0.2128,-0.4815,0.8502,0,19.027,-4.857,-1.7184,1]}],"loopBehavior":1,"name":"anim","property":"_matrix"}},
{"name":"LeftForeArm","index":9,"matrix":[0.5731,0.0494,0.818,0,0.0494,0.9943,-0.0946,0,-0.818,0.0946,0.5674,0,24.1799,0,0,1],"rest":[1,0,0,0,0,1,0,0,0,0,1,0,24.1799,0,0,1],"parentBoneIndex":8,"length":27.1564
,"animation":{"dataType":3,"framePerSecond":24,"keys":[
{"frame":1,"values":[0.5731,0.0494,0.818,0,0.0494,0.9943,-0.0946,0,-0.818,0.0946,0.5674,0,24.1799,0,0,1]},
{"frame":2,"values":[0.5164,0.056,0.8545,0,0.056,0.9935,-0.0989,0,-0.8545,0.0989,0.5099,0,24.1799,0,0,1]},
{"frame":3,"values":[0.5863,0.0479,0.8087,0,0.0479,0.9945,-0.0936,0,-0.8087,0.0936,0.5807,0,24.1799,0,0,1]},
{"frame":4,"values":[0.7309,0.0311,0.6817,0,0.0311,0.9964,-0.0789,0,-0.6817,0.0789,0.7273,0,24.1799,0,0,1]},
{"frame":5,"values":[0.8635,0.0158,0.504,0,0.0158,0.9982,-0.0583,0,-0.504,0.0583,0.8617,0,24.1799,0,0,1]},
{"frame":6,"values":[0.9271,0.0084,0.3748,0,0.0084,0.999,-0.0434,0,-0.3748,0.0434,0.9261,0,24.1799,0,0,1]},
{"frame":7,"values":[0.9146,0.0099,0.4042,0,0.0099,0.9989,-0.0468,0,-0.4042,0.0468,0.9135,0,24.1799,0,0,1]},
{"frame":8,"values":[0.8282,0.0199,0.56,0,0.0199,0.9977,-0.0648,0,-0.56,0.0648,0.8259,0,24.1799,0,0,1]},
{"frame":9,"values":[0.7157,0.0329,0.6977,0,0.0329,0.9962,-0.0807,0,-0.6977,0.0807,0.7119,0,24.1799,0,0,1]},
{"frame":10,"values":[0.6449,0.0411,0.7632,0,0.0411,0.9952,-0.0883,0,-0.7632,0.0883,0.6401,0,24.1799,0,0,1]},
{"frame":11,"values":[0.606,0.0456,0.7942,0,0.0456,0.9947,-0.0919,0,-0.7942,0.0919,0.6007,0,24.1799,0,0,1]},
{"frame":12,"values":[0.6142,0.0446,0.7879,0,0.0446,0.9948,-0.0912,0,-0.7879,0.0912,0.6091,0,24.1799,0,0,1]},
{"frame":13,"values":[0.7789,0.0256,0.6266,0,0.0256,0.997,-0.0725,0,-0.6266,0.0725,0.7759,0,24.1799,0,0,1]},
{"frame":14,"values":[0.9501,0.0058,0.3119,0,0.0058,0.9993,-0.0361,0,-0.3119,0.0361,0.9494,0,24.1799,0,0,1]},
{"frame":15,"values":[0.9811,0.0022,0.1934,0,0.0022,0.9997,-0.0224,0,-0.1934,0.0224,0.9809,0,24.1799,0,0,1]},
{"frame":16,"values":[0.9597,0.0047,0.2809,0,0.0047,0.9995,-0.0325,0,-0.2809,0.0325,0.9592,0,24.1799,0,0,1]},
{"frame":17,"values":[0.954,0.0053,0.2996,0,0.0053,0.9994,-0.0347,0,-0.2996,0.0347,0.9534,0,24.1799,0,0,1]},
{"frame":18,"values":[0.9481,0.006,0.3181,0,0.006,0.9993,-0.0368,0,-0.3181,0.0368,0.9474,0,24.1799,0,0,1]},
{"frame":19,"values":[0.8912,0.0126,0.4535,0,0.0126,0.9985,-0.0525,0,-0.4535,0.0525,0.8897,0,24.1799,0,0,1]},
{"frame":20,"values":[0.8166,0.0212,0.5769,0,0.0212,0.9975,-0.0667,0,-0.5769,0.0667,0.8141,0,24.1799,0,0,1]},
{"frame":21,"values":[0.7708,0.0265,0.6365,0,0.0265,0.9969,-0.0736,0,-0.6365,0.0736,0.7677,0,24.1799,0,0,1]},
{"frame":22,"values":[0.7009,0.0346,0.7124,0,0.0346,0.996,-0.0824,0,-0.7124,0.0824,0.6969,0,24.1799,0,0,1]},
{"frame":23,"values":[0.5731,0.0494,0.818,0,0.0494,0.9943,-0.0946,0,-0.818,0.0946,0.5674,0,24.1799,0,0,1]}],"loopBehavior":1,"name":"anim","property":"_matrix"}},
{"name":"LeftHand","index":10,"matrix":[0.9991,0.0008,-0.0422,0,0.0034,0.9952,0.0974,0,0.0421,-0.0975,0.9943,0,27.1564,0.0001,0,1],"rest":[1,0,0,0,0,1,0,0,0,0,1,0,27.1564,0.0001,0,1],"parentBoneIndex":9,"length":13.2912
,"animation":{"dataType":3,"framePerSecond":24,"keys":[
{"frame":1,"values":[0.9991,0.0008,-0.0422,0,0.0034,0.9952,0.0974,0,0.0421,-0.0975,0.9943,0,27.1564,0.0001,0,1]},
{"frame":2,"values":[0.9905,0.0319,0.1341,0,-0.0444,0.9948,0.0913,0,-0.1305,-0.0964,0.9868,0,27.1564,0.0001,0,1]},
{"frame":3,"values":[0.9605,0.0115,0.2781,0,-0.0513,0.9893,0.1363,0,-0.2736,-0.1452,0.9508,0,27.1564,0.0001,0,1]},
{"frame":4,"values":[0.9215,-0.0432,0.386,0,-0.0152,0.989,0.147,0,-0.3881,-0.1414,0.9107,0,27.1564,0.0001,0,1]},
{"frame":5,"values":[0.8695,-0.045,0.4918,0,0.022,0.9984,0.0526,0,-0.4934,-0.0349,0.8691,0,27.1564,0.0001,0,1]},
{"frame":6,"values":[0.8119,0.0375,0.5825,0,-0.0123,0.9988,-0.0472,0,-0.5836,0.0312,0.8114,0,27.1564,0.0001,0,1]},
{"frame":7,"values":[0.7716,0.1282,0.6231,0,-0.1366,0.99,-0.0346,0,-0.6213,-0.0585,0.7814,0,27.1564,0.0001,0,1]},
{"frame":8,"values":[0.7614,0.1861,0.6209,0,-0.2604,0.965,0.0301,0,-0.5936,-0.1846,0.7833,0,27.1564,0.0001,0,1]},
{"frame":9,"values":[0.76,0.2492,0.6002,0,-0.3206,0.9471,0.0127,0,-0.5653,-0.202,0.7997,0,27.1564,0.0001,0,1]},
{"frame":10,"values":[0.7468,0.3488,0.5662,0,-0.3565,0.9287,-0.102,0,-0.5614,-0.1257,0.8179,0,27.1564,0.0001,0,1]},
{"frame":11,"values":[0.7204,0.4663,0.5134,0,-0.4051,0.8838,-0.2343,0,-0.5629,-0.0392,0.8256,0,27.1564,0.0001,0,1]},
{"frame":12,"values":[0.7158,0.5352,0.4486,0,-0.4395,0.8445,-0.3062,0,-0.5427,0.022,0.8396,0,27.1564,0.0001,0,1]},
{"frame":13,"values":[0.799,0.4826,0.3587,0,-0.4102,0.8736,-0.2619,0,-0.4397,0.0621,0.896,0,27.1564,0.0001,0,1]},
{"frame":14,"values":[0.9207,0.3302,0.208,0,-0.3153,0.9435,-0.1024,0,-0.23,0.0287,0.9728,0,27.1564,0.0001,0,1]},
{"frame":15,"values":[0.9826,0.1857,0.0089,0,-0.1859,0.9795,0.0776,0,0.0057,-0.0779,0.9969,0,27.1564,0.0001,0,1]},
{"frame":16,"values":[0.9823,0.1014,-0.1574,0,-0.0832,0.9895,0.1184,0,0.1677,-0.1032,0.9804,0,27.1564,0.0001,0,1]},
{"frame":17,"values":[0.9709,0.0612,-0.2316,0,-0.0586,0.9981,0.0182,0,0.2323,-0.0041,0.9726,0,27.1564,0.0001,0,1]},
{"frame":18,"values":[0.9695,0.0705,-0.2349,0,-0.0893,0.9935,-0.0705,0,0.2284,0.0893,0.9695,0,27.1564,0.0001,0,1]},
{"frame":19,"values":[0.9793,0.0995,-0.1763,0,-0.115,0.9902,-0.0798,0,0.1666,0.0984,0.9811,0,27.1564,0.0001,0,1]},
{"frame":20,"values":[0.9955,0.0894,-0.0318,0,-0.0916,0.993,-0.0752,0,0.0249,0.0777,0.9967,0,27.1564,0.0001,0,1]},
{"frame":21,"values":[0.9925,0.0461,0.1136,0,-0.0392,0.9973,-0.0627,0,-0.1162,0.0578,0.9915,0,27.1564,0.0001,0,1]},
{"frame":22,"values":[0.9939,0.0119,0.1096,0,-0.0126,0.9999,0.0061,0,-0.1095,-0.0074,0.994,0,27.1564,0.0001,0,1]},
{"frame":23,"values":[0.9991,0.0008,-0.0422,0,0.0034,0.9952,0.0974,0,0.0421,-0.0975,0.9943,0,27.1564,0.0001,0,1]}],"loopBehavior":1,"name":"anim","property":"_matrix"}},
{"name":"LeftHandIndex1","index":11,"matrix":[0.8747,-0.484,-0.0265,0,0.4829,0.8748,-0.0384,0,0.0418,0.0208,0.9989,0,16.4412,0,0,1],"rest":[1,0,0,0,0,1,0,0,0,0,1,0,16.4412,0,0,1],"parentBoneIndex":10,"length":4.8219
,"animation":{"dataType":3,"framePerSecond":24,"keys":[
{"frame":1,"values":[0.8747,-0.484,-0.0265,0,0.4829,0.8748,-0.0384,0,0.0418,0.0208,0.9989,0,16.4412,0,0,1]},
{"frame":2,"values":[0.7333,-0.6786,-0.0409,0,0.6771,0.7345,-0.0466,0,0.0617,0.0065,0.9981,0,16.4412,0,0,1]},
{"frame":3,"values":[0.5629,-0.8249,-0.0523,0,0.823,0.5652,-0.057,0,0.0766,-0.0109,0.997,0,16.4412,0,0,1]},
{"frame":4,"values":[0.7226,-0.6901,-0.0412,0,0.6887,0.7237,-0.0436,0,0.0599,0.0031,0.9982,0,16.4412,0,0,1]},
{"frame":5,"values":[0.909,-0.4164,-0.0201,0,0.4158,0.909,-0.0274,0,0.0297,0.0166,0.9994,0,16.4412,0,0,1]},
{"frame":6,"values":[0.9504,-0.3109,-0.0122,0,0.3106,0.9503,-0.0235,0,0.0189,0.0185,0.9997,0,16.4412,0,0,1]},
{"frame":7,"values":[0.9504,-0.3109,-0.0122,0,0.3106,0.9503,-0.0235,0,0.0189,0.0185,0.9996,0,16.4412,0,0,1]},
{"frame":9,"values":[0.9521,-0.3058,-0.0092,0,0.3055,0.9519,-0.0234,0,0.0159,0.0194,0.9997,0,16.4412,0,0,1]},
{"frame":10,"values":[0.977,-0.2077,0.048,0,0.2089,0.9777,-0.0218,0,-0.0425,0.0313,0.9986,0,16.4412,0,0,1]},
{"frame":11,"values":[0.9876,-0.0347,0.1532,0,0.0383,0.999,-0.0209,0,-0.1523,0.0266,0.988,0,16.4412,0,0,1]},
{"frame":12,"values":[0.9648,0.0912,0.2468,0,-0.0881,0.9958,-0.0235,0,-0.2479,0.001,0.9688,0,16.4412,0,0,1]},
{"frame":13,"values":[0.9476,0.0739,0.3109,0,-0.0682,0.9972,-0.0293,0,-0.3122,0.0066,0.95,0,16.4412,0,0,1]},
{"frame":14,"values":[0.9307,0.0863,0.3556,0,-0.08,0.9963,-0.0324,0,-0.357,0.0017,0.9341,0,16.4412,0,0,1]},
{"frame":15,"values":[0.8886,0.276,0.3663,0,-0.2863,0.9578,-0.0272,0,-0.3584,-0.0807,0.9301,0,16.4412,0,0,1]},
{"frame":16,"values":[0.8196,0.4511,0.3532,0,-0.4742,0.8801,-0.0238,0,-0.3216,-0.148,0.9352,0,16.4412,0,0,1]},
{"frame":17,"values":[0.9241,-0.3672,0.1058,0,0.3715,0.9281,-0.0233,0,-0.0896,0.0609,0.9941,0,16.4412,0,0,1]},
{"frame":18,"values":[0.5601,-0.8268,-0.0524,0,0.8248,0.5624,-0.0572,0,0.0768,-0.0112,0.997,0,16.4412,0,0,1]},
{"frame":20,"values":[0.5601,-0.8268,-0.0524,0,0.8249,0.5624,-0.0572,0,0.0768,-0.0112,0.997,0,16.4412,0,0,1]},
{"frame":21,"values":[0.5861,-0.8087,-0.051,0,0.8068,0.5882,-0.0556,0,0.0749,-0.0085,0.9972,0,16.4412,0,0,1]},
{"frame":22,"values":[0.7714,-0.6352,-0.0376,0,0.6337,0.7723,-0.0443,0,0.0572,0.0103,0.9983,0,16.4412,0,0,1]},
{"frame":23,"values":[0.8747,-0.484,-0.0265,0,0.4829,0.8748,-0.0384,0,0.0418,0.0208,0.9989,0,16.4412,0,0,1]}],"loopBehavior":1,"name":"anim","property":"_matrix"}},
{"name":"LeftHandIndex2","index":12,"matrix":[0.8719,-0.4872,-0.0499,0,0.4872,0.8732,-0.013,0,0.0499,-0.013,0.9987,0,4.8219,0.0001,0,1],"rest":[1,0,0,0,0,1,0,0,0,0,1,0,4.8219,0.0001,0,1],"parentBoneIndex":11,"length":6.3865
,"animation":{"dataType":3,"framePerSecond":24,"keys":[
{"frame":1,"values":[0.8719,-0.4872,-0.0499,0,0.4872,0.8732,-0.013,0,0.0499,-0.013,0.9987,0,4.8219,0.0001,0,1]},
{"frame":2,"values":[0.6423,-0.7624,-0.0781,0,0.7624,0.646,-0.0363,0,0.0781,-0.0363,0.9963,0,4.8219,0.0001,0,1]},
{"frame":3,"values":[0.3349,-0.9374,-0.0961,0,0.9374,0.3418,-0.0675,0,0.0961,-0.0675,0.9931,0,4.8219,0.0001,0,1]},
{"frame":4,"values":[0.5534,-0.8286,-0.0849,0,0.8286,0.558,-0.0453,0,0.0849,-0.0453,0.9954,0,4.8219,0.0001,0,1]},
{"frame":5,"values":[0.8446,-0.5327,-0.0546,0,0.5327,0.8462,-0.0158,0,0.0546,-0.0158,0.9984,0,4.8219,0.0001,0,1]},
{"frame":6,"values":[0.9131,-0.4057,-0.0416,0,0.4057,0.914,-0.0088,0,0.0416,-0.0088,0.9991,0,4.8219,0.0001,0,1]},
{"frame":9,"values":[0.9132,-0.4054,-0.0415,0,0.4054,0.9141,-0.0088,0,0.0415,-0.0088,0.9991,0,4.8219,0.0001,0,1]},
{"frame":10,"values":[0.916,-0.3992,-0.0409,0,0.3992,0.9168,-0.0085,0,0.0409,-0.0085,0.9991,0,4.8219,0.0001,0,1]},
{"frame":11,"values":[0.9203,-0.3892,-0.0399,0,0.3892,0.9211,-0.0081,0,0.0399,-0.0081,0.9992,0,4.8219,0.0001,0,1]},
{"frame":12,"values":[0.9228,-0.3833,-0.0393,0,0.3833,0.9236,-0.0078,0,0.0393,-0.0078,0.9992,0,4.8219,0.0001,0,1]},
{"frame":13,"values":[0.9108,-0.4106,-0.0421,0,0.4106,0.9118,-0.009,0,0.0421,-0.009,0.9991,0,4.8219,0.0001,0,1]},
{"frame":14,"values":[0.9202,-0.3894,-0.0399,0,0.3894,0.921,-0.0081,0,0.0399,-0.0081,0.9992,0,4.8219,0.0001,0,1]},
{"frame":15,"values":[0.9768,-0.213,-0.0218,0,0.213,0.9771,-0.0024,0,0.0218,-0.0024,0.9998,0,4.8219,0.0001,0,1]},
{"frame":16,"values":[0.9995,-0.0327,-0.0034,0,0.0327,0.9995,-0.0001,0,0.0034,-0.0001,1,0,4.8219,0.0001,0,1]},
{"frame":17,"values":[0.7356,-0.6738,-0.0691,0,0.6738,0.7384,-0.0268,0,0.0691,-0.0268,0.9973,0,4.8219,0.0001,0,1]},
{"frame":18,"values":[0.3319,-0.9384,-0.0962,0,0.9384,0.3388,-0.0678,0,0.0962,-0.0678,0.9931,0,4.8219,0.0001,0,1]},
{"frame":21,"values":[0.3773,-0.9213,-0.0944,0,0.9213,0.3837,-0.0632,0,0.0944,-0.0632,0.9935,0,4.8219,0.0001,0,1]},
{"frame":22,"values":[0.7015,-0.7089,-0.0727,0,0.7089,0.7046,-0.0303,0,0.0727,-0.0303,0.9969,0,4.8219,0.0001,0,1]},
{"frame":23,"values":[0.8719,-0.4872,-0.0499,0,0.4872,0.8732,-0.013,0,0.0499,-0.013,0.9987,0,4.8219,0.0001,0,1]}],"loopBehavior":1,"name":"anim","property":"_matrix"}},
{"name":"LeftHandIndex3","index":13,"matrix":[0.9671,-0.2526,-0.0314,0,0.2526,0.9676,-0.0032,0,0.0312,-0.0048,0.9995,0,6.3865,0,0,1],"rest":[0.9994,0.0344,-0.002,0,-0.0344,0.9994,0,0,0.002,0,1,0,6.3865,0,0,1],"parentBoneIndex":12,"length":5.189
,"animation":{"dataType":3,"framePerSecond":24,"keys":[
{"frame":1,"values":[0.9671,-0.2526,-0.0314,0,0.2526,0.9676,-0.0032,0,0.0312,-0.0048,0.9995,0,6.3865,0,0,1]},
{"frame":2,"values":[0.9362,-0.349,-0.0413,0,0.349,0.9371,-0.0064,0,0.0409,-0.0085,0.9991,0,6.3865,0,0,1]},
{"frame":3,"values":[0.918,-0.394,-0.0459,0,0.394,0.9191,-0.0082,0,0.0454,-0.0106,0.9989,0,6.3865,0,0,1]},
{"frame":4,"values":[0.9888,-0.1481,-0.0207,0,0.1481,0.989,-0.001,0,0.0206,-0.002,0.9998,0,6.3865,0,0,1]},
{"frame":5,"values":[0.9827,0.1846,0.0134,0,-0.1846,0.9828,-0.0017,0,-0.0135,-0.0008,0.9999,0,6.3865,0,0,1]},
{"frame":6,"values":[0.9565,0.2906,0.0243,0,-0.2906,0.9568,-0.0043,0,-0.0245,-0.0029,0.9997,0,6.3865,0,0,1]},
{"frame":9,"values":[0.9567,0.2901,0.0242,0,-0.29,0.957,-0.0043,0,-0.0244,-0.0029,0.9997,0,6.3865,0,0,1]},
{"frame":10,"values":[0.96,0.2791,0.0231,0,-0.2791,0.9603,-0.004,0,-0.0233,-0.0026,0.9997,0,6.3865,0,0,1]},
{"frame":11,"values":[0.9667,0.2551,0.0206,0,-0.2551,0.9669,-0.0033,0,-0.0208,-0.0021,0.9998,0,6.3865,0,0,1]},
{"frame":12,"values":[0.9742,0.2249,0.0175,0,-0.2249,0.9744,-0.0025,0,-0.0177,-0.0015,0.9998,0,6.3865,0,0,1]},
{"frame":13,"values":[0.9852,0.1713,0.012,0,-0.1713,0.9852,-0.0014,0,-0.0121,-0.0007,0.9999,0,6.3865,0,0,1]},
{"frame":14,"values":[0.9896,0.1437,0.0092,0,-0.1437,0.9896,-0.001,0,-0.0093,-0.0004,1,0,6.3865,0,0,1]},
{"frame":15,"values":[0.978,0.2081,0.0158,0,-0.2081,0.9781,-0.0021,0,-0.0159,-0.0012,0.9999,0,6.3865,0,0,1]},
{"frame":16,"values":[0.9621,0.2716,0.0223,0,-0.2716,0.9624,-0.0038,0,-0.0225,-0.0024,0.9997,0,6.3865,0,0,1]},
{"frame":17,"values":[0.9906,-0.1353,-0.0194,0,0.1354,0.9908,-0.0008,0,0.0193,-0.0018,0.9998,0,6.3865,0,0,1]},
{"frame":18,"values":[0.9156,-0.3994,-0.0464,0,0.3994,0.9167,-0.0084,0,0.0459,-0.0108,0.9989,0,6.3865,0,0,1]},
{"frame":21,"values":[0.9198,-0.3898,-0.0455,0,0.3898,0.9209,-0.008,0,0.045,-0.0103,0.9989,0,6.3865,0,0,1]},
{"frame":22,"values":[0.9497,-0.3109,-0.0374,0,0.3109,0.9504,-0.005,0,0.0371,-0.0069,0.9993,0,6.3865,0,0,1]},
{"frame":23,"values":[0.9671,-0.2526,-0.0314,0,0.2526,0.9676,-0.0032,0,0.0312,-0.0048,0.9995,0,6.3865,0,0,1]}],"loopBehavior":1,"name":"anim","property":"_matrix"}},
{"name":"LeftHandIndex4","index":14,"matrix":[1,0,0,0,0,1,0,0,0,0,1,0,5.1859,-0.1787,0.0103,1],"rest":[1,0,0,0,0,1,0,0,0,0,1,0,5.1859,-0.1787,0.0103,1],"parentBoneIndex":13,"length":5.189
,"animation":{"dataType":3,"framePerSecond":24,"keys":[
{"frame":1,"values":[1,0,0,0,0,1,0,0,0,0,1,0,5.1859,-0.1787,0.0103,1]},
{"frame":23,"values":[1,0,0,0,0,1,0,0,0,0,1,0,5.1859,-0.1787,0.0103,1]}],"loopBehavior":1,"name":"anim","property":"_matrix"}},
{"name":"LeftHandThumb1","index":15,"matrix":[0.9718,0.235,0.0203,0,-0.234,0.9713,-0.043,0,-0.0299,0.0371,0.9989,0,6.5349,-5.0326,5.9003,1],"rest":[1,0,0,0,0,1,0,0,0,0,1,0,6.5349,-5.0326,5.9003,1],"parentBoneIndex":10,"length":4.9292
,"animation":{"dataType":3,"framePerSecond":24,"keys":[
{"frame":1,"values":[0.9718,0.235,0.0203,0,-0.234,0.9713,-0.043,0,-0.0299,0.0371,0.9989,0,6.5349,-5.0326,5.9003,1]},
{"frame":2,"values":[0.9706,0.2407,0.0001,0,-0.2406,0.9701,-0.0327,0,-0.008,0.0317,0.9995,0,6.5349,-5.0326,5.9003,1]},
{"frame":3,"values":[0.9683,0.2484,-0.0266,0,-0.249,0.9683,-0.0188,0,0.0211,0.0248,0.9995,0,6.5349,-5.0326,5.9003,1]},
{"frame":4,"values":[0.967,0.2519,-0.0383,0,-0.2525,0.9675,-0.0126,0,0.0339,0.0218,0.9992,0,6.5349,-5.0326,5.9003,1]},
