{"producer":{"name":"Blender","version":"2.90.0","exporter_version":"2.80.1","file":"option_pray.babylon"},
"autoClear":true,"clearColor":[0.0509,0.0509,0.0509],"gravity":[0,-9.81,0],
"materials":[{"name":"Material","id":"Material","customType":"BABYLON.PBRMaterial","backFaceCulling":true,"checkReadyOnlyOnce":false,"maxSimultaneousLights":4,"environmentIntensity":1,"albedo":[0.8,0.8,0.8],"reflectivity":[0.5,0.5,0.5],"roughness":0.4,"alpha":1,"transparencyMode":0,"alphaCutOff":0.4,"metallic":0}],
"multiMaterials":[],
"skeletons":[{"name":"Armature","id":0,"dimensionsAtRest":[232.1761,222.9347,36.3014],"bones":[
{"name":"Hips","index":0,"matrix":[0.9976,0.0076,-0.069,0,-0.0052,0.9994,0.0355,0,-0.0693,0.0351,-0.997,0,-0.1883,85.073,-3.1821,1],"rest":[1,0,0,0,0,1,0,0,0,0,-1,0,0,89.0054,0,1],"parentBoneIndex":-1,"length":14.2998
,"animation":{"dataType":3,"framePerSecond":24,"keys":[
{"frame":1,"values":[0.9976,0.0076,-0.069,0,-0.0052,0.9994,0.0355,0,-0.0693,0.0351,-0.997,0,-0.1883,85.073,-3.1821,1]},
{"frame":2,"values":[0.9976,0.0072,-0.0682,0,-0.0049,0.9994,0.0346,0,-0.0684,0.0342,-0.9971,0,-0.193,85.0724,-3.1769,1]},
{"frame":3,"values":[0.9977,0.0068,-0.0673,0,-0.0045,0.9994,0.0342,0,-0.0674,0.0338,-0.9972,0,-0.1966,85.0705,-3.1599,1]},
{"frame":4,"values":[0.9978,0.0062,-0.0662,0,-0.004,0.9994,0.0342,0,-0.0663,0.0339,-0.9972,0,-0.1985,85.0673,-3.1272,1]},
{"frame":5,"values":[0.9979,0.0058,-0.0652,0,-0.0036,0.9994,0.0341,0,-0.0653,0.0338,-0.9973,0,-0.1994,85.0588,-3.0787,1]},
{"frame":6,"values":[0.9979,0.0053,-0.0644,0,-0.0031,0.9994,0.0335,0,-0.0646,0.0332,-0.9974,0,-0.2047,85.0437,-3.0237,1]},
{"frame":7,"values":[0.9979,0.0044,-0.064,0,-0.0023,0.9995,0.0323,0,-0.0641,0.0321,-0.9974,0,-0.2097,85.0321,-2.9623,1]},
{"frame":8,"values":[0.9979,0.0035,-0.064,0,-0.0015,0.9995,0.0313,0,-0.0641,0.0311,-0.9975,0,-0.213,85.0304,-2.8921,1]},
{"frame":9,"values":[0.9979,0.0031,-0.0642,0,-0.0011,0.9995,0.0307,0,-0.0642,0.0306,-0.9975,0,-0.2168,85.0358,-2.8157,1]},
{"frame":10,"values":[0.9979,0.0029,-0.0644,0,-0.0009,0.9995,0.0308,0,-0.0644,0.0307,-0.9974,0,-0.2208,85.0433,-2.7356,1]},
{"frame":11,"values":[0.9979,0.0029,-0.0647,0,-0.0009,0.9995,0.0318,0,-0.0647,0.0317,-0.9974,0,-0.2257,85.0499,-2.6525,1]},
{"frame":12,"values":[0.9979,0.003,-0.0648,0,-0.0008,0.9994,0.0332,0,-0.0649,0.0331,-0.9973,0,-0.2337,85.0559,-2.5709,1]},
{"frame":13,"values":[0.9979,0.0028,-0.0647,0,-0.0005,0.9994,0.0344,0,-0.0648,0.0343,-0.9973,0,-0.2439,85.0649,-2.4903,1]},
{"frame":14,"values":[0.9979,0.0022,-0.0642,0,0.0001,0.9994,0.0355,0,-0.0643,0.0354,-0.9973,0,-0.2453,85.0762,-2.403,1]},
{"frame":15,"values":[0.998,0.0018,-0.0636,0,0.0006,0.9993,0.0366,0,-0.0637,0.0366,-0.9973,0,-0.2331,85.086,-2.3065,1]},
{"frame":16,"values":[0.998,0.0016,-0.0637,0,0.0008,0.9993,0.0379,0,-0.0637,0.0378,-0.9973,0,-0.2155,85.0945,-2.2038,1]},
{"frame":17,"values":[0.9979,0.0018,-0.0643,0,0.0008,0.9992,0.0396,0,-0.0643,0.0396,-0.9971,0,-0.1987,85.1066,-2.0952,1]},
{"frame":18,"values":[0.9979,0.0022,-0.0649,0,0.0005,0.9991,0.042,0,-0.0649,0.042,-0.997,0,-0.1808,85.1251,-1.9787,1]},
{"frame":19,"values":[0.9979,0.0023,-0.0652,0,0.0005,0.999,0.0437,0,-0.0652,0.0436,-0.9969,0,-0.1563,85.1466,-1.8532,1]},
{"frame":20,"values":[0.9979,0.0025,-0.0646,0,0.0004,0.999,0.0437,0,-0.0647,0.0437,-0.997,0,-0.1309,85.1648,-1.7201,1]},
{"frame":21,"values":[0.998,0.0032,-0.0632,0,-0.0004,0.9991,0.0433,0,-0.0633,0.0432,-0.9971,0,-0.114,85.177,-1.5843,1]},
{"frame":22,"values":[0.9981,0.0036,-0.0619,0,-0.0009,0.999,0.044,0,-0.062,0.0439,-0.9971,0,-0.0975,85.1854,-1.4391,1]},
{"frame":23,"values":[0.9981,0.0034,-0.0611,0,-0.0005,0.9989,0.0462,0,-0.0612,0.0461,-0.9971,0,-0.0779,85.1952,-1.2758,1]},
{"frame":24,"values":[0.9982,0.003,-0.0603,0,-0.0001,0.9988,0.0488,0,-0.0604,0.0487,-0.997,0,-0.066,85.2082,-1.1032,1]},
{"frame":25,"values":[0.9983,0.0027,-0.059,0,0.0003,0.9987,0.0513,0,-0.0591,0.0512,-0.9969,0,-0.0621,85.2212,-0.9318,1]},
{"frame":26,"values":[0.9983,0.0025,-0.0574,0,0.0006,0.9986,0.0528,0,-0.0574,0.0528,-0.997,0,-0.0569,85.2345,-0.7636,1]},
{"frame":27,"values":[0.9984,0.0022,-0.0561,0,0.0008,0.9986,0.0533,0,-0.0562,0.0532,-0.997,0,-0.0452,85.2533,-0.6013,1]},
{"frame":28,"values":[0.9985,0.0024,-0.0555,0,0.0006,0.9986,0.0536,0,-0.0556,0.0535,-0.997,0,-0.031,85.2719,-0.4395,1]},
{"frame":29,"values":[0.9985,0.0028,-0.0551,0,0.0002,0.9985,0.0549,0,-0.0552,0.0548,-0.997,0,-0.0219,85.285,-0.2687,1]},
{"frame":30,"values":[0.9985,0.0035,-0.0542,0,-0.0004,0.9984,0.0559,0,-0.0543,0.0558,-0.997,0,-0.0229,85.2959,-0.1009,1]},
{"frame":31,"values":[0.9986,0.0043,-0.0531,0,-0.0013,0.9985,0.0554,0,-0.0533,0.0553,-0.997,0,-0.0308,85.3068,0.0549,1]},
{"frame":32,"values":[0.9986,0.0046,-0.0522,0,-0.0017,0.9984,0.0558,0,-0.0524,0.0556,-0.9971,0,-0.0345,85.3194,0.2119,1]},
{"frame":33,"values":[0.9986,0.0049,-0.0518,0,-0.0019,0.9983,0.0579,0,-0.052,0.0578,-0.997,0,-0.035,85.3343,0.3709,1]},
{"frame":34,"values":[0.9986,0.0059,-0.0517,0,-0.0028,0.9982,0.0596,0,-0.052,0.0594,-0.9969,0,-0.0434,85.3462,0.5181,1]},
{"frame":35,"values":[0.9986,0.0072,-0.0516,0,-0.0041,0.9982,0.0602,0,-0.0519,0.0599,-0.9969,0,-0.0637,85.3472,0.6547,1]},
{"frame":36,"values":[0.9986,0.0087,-0.0514,0,-0.0055,0.9981,0.061,0,-0.0519,0.0607,-0.9968,0,-0.0893,85.3391,0.7884,1]},
{"frame":37,"values":[0.9986,0.0099,-0.0513,0,-0.0067,0.998,0.0624,0,-0.0518,0.0619,-0.9967,0,-0.1145,85.3329,0.9177,1]},
{"frame":38,"values":[0.9986,0.0108,-0.051,0,-0.0075,0.9979,0.0644,0,-0.0516,0.0639,-0.9966,0,-0.1368,85.3302,1.0399,1]},
{"frame":39,"values":[0.9987,0.0113,-0.0506,0,-0.0079,0.9977,0.0672,0,-0.0513,0.0667,-0.9965,0,-0.1563,85.3243,1.1523,1]},
{"frame":40,"values":[0.9987,0.0116,-0.0505,0,-0.008,0.9975,0.0696,0,-0.0512,0.0691,-0.9963,0,-0.1676,85.309,1.2517,1]},
{"frame":41,"values":[0.9986,0.0116,-0.0507,0,-0.0079,0.9974,0.0717,0,-0.0514,0.0712,-0.9961,0,-0.1697,85.283,1.3342,1]},
{"frame":42,"values":[0.9986,0.0114,-0.0509,0,-0.0076,0.9972,0.075,0,-0.0516,0.0745,-0.9959,0,-0.1701,85.2574,1.3971,1]},
{"frame":43,"values":[0.9986,0.0111,-0.051,0,-0.007,0.9968,0.0791,0,-0.0517,0.0786,-0.9956,0,-0.1696,85.2422,1.4393,1]},
{"frame":44,"values":[0.9987,0.0109,-0.0507,0,-0.0067,0.9966,0.0826,0,-0.0514,0.0821,-0.9953,0,-0.164,85.235,1.4668,1]},
{"frame":45,"values":[0.9987,0.0108,-0.0501,0,-0.0065,0.9963,0.0851,0,-0.0509,0.0847,-0.9951,0,-0.1531,85.2297,1.4881,1]},
{"frame":46,"values":[0.9987,0.0107,-0.05,0,-0.0063,0.9962,0.087,0,-0.0507,0.0866,-0.9949,0,-0.1383,85.2232,1.5051,1]},
{"frame":47,"values":[0.9986,0.0107,-0.0508,0,-0.0061,0.996,0.0888,0,-0.0516,0.0884,-0.9948,0,-0.1248,85.2183,1.5109,1]},
{"frame":48,"values":[0.9986,0.0109,-0.0524,0,-0.0061,0.9959,0.0906,0,-0.0532,0.0902,-0.9945,0,-0.1112,85.2164,1.5008,1]},
{"frame":49,"values":[0.9985,0.0112,-0.054,0,-0.0062,0.9957,0.0919,0,-0.0548,0.0914,-0.9943,0,-0.0988,85.2155,1.4754,1]},
{"frame":50,"values":[0.9984,0.0113,-0.0549,0,-0.0062,0.9957,0.0923,0,-0.0557,0.0919,-0.9942,0,-0.0883,85.2145,1.4369,1]},
{"frame":51,"values":[0.9984,0.0112,-0.0551,0,-0.006,0.9957,0.0922,0,-0.0559,0.0917,-0.9942,0,-0.0813,85.2128,1.3899,1]},
{"frame":52,"values":[0.9984,0.0112,-0.0549,0,-0.0061,0.9958,0.0912,0,-0.0557,0.0907,-0.9943,0,-0.0808,85.2089,1.3376,1]},
{"frame":53,"values":[0.9984,0.0118,-0.0551,0,-0.0069,0.996,0.0888,0,-0.056,0.0883,-0.9945,0,-0.0855,85.2007,1.2787,1]},
{"frame":54,"values":[0.9984,0.0125,-0.0556,0,-0.0077,0.9963,0.0855,0,-0.0565,0.0849,-0.9948,0,-0.0886,85.1899,1.209,1]},
{"frame":55,"values":[0.9984,0.0127,-0.0557,0,-0.008,0.9966,0.0824,0,-0.0566,0.0818,-0.995,0,-0.0892,85.1802,1.1265,1]},
{"frame":56,"values":[0.9984,0.0123,-0.0554,0,-0.0078,0.9967,0.0805,0,-0.0562,0.0799,-0.9952,0,-0.0923,85.1734,1.0316,1]},
{"frame":57,"values":[0.9984,0.0119,-0.0549,0,-0.0075,0.9968,0.0793,0,-0.0556,0.0787,-0.9953,0,-0.1015,85.1684,0.9223,1]},
{"frame":58,"values":[0.9985,0.0117,-0.0543,0,-0.0075,0.997,0.0775,0,-0.055,0.077,-0.9955,0,-0.1181,85.1644,0.7962,1]},
{"frame":59,"values":[0.9985,0.0116,-0.0537,0,-0.0076,0.9972,0.0747,0,-0.0544,0.0742,-0.9958,0,-0.1386,85.1615,0.6551,1]},
{"frame":60,"values":[0.9985,0.0116,-0.0533,0,-0.0078,0.9974,0.0716,0,-0.054,0.0711,-0.996,0,-0.1564,85.1604,0.5018,1]},
{"frame":61,"values":[0.9985,0.0114,-0.0534,0,-0.0077,0.9976,0.0683,0,-0.0541,0.0678,-0.9962,0,-0.1673,85.1617,0.3378,1]},
{"frame":62,"values":[0.9985,0.0107,-0.0537,0,-0.0072,0.9979,0.0642,0,-0.0543,0.0637,-0.9965,0,-0.1732,85.1637,0.167,1]},
{"frame":63,"values":[0.9985,0.0099,-0.0542,0,-0.0066,0.9982,0.0598,0,-0.0547,0.0594,-0.9967,0,-0.1784,85.1633,-0.0028,1]},
{"frame":64,"values":[0.9984,0.0091,-0.0553,0,-0.006,0.9984,0.0564,0,-0.0557,0.0559,-0.9969,0,-0.1828,85.1592,-0.1654,1]},
{"frame":65,"values":[0.9983,0.0084,-0.0571,0,-0.0053,0.9986,0.0534,0,-0.0574,0.053,-0.9969,0,-0.1903,85.1519,-0.3238,1]},
{"frame":66,"values":[0.9982,0.0076,-0.0587,0,-0.0047,0.9987,0.0502,0,-0.059,0.0498,-0.997,0,-0.2097,85.1429,-0.4842,1]},
{"frame":67,"values":[0.9982,0.007,-0.0597,0,-0.0042,0.9989,0.047,0,-0.0599,0.0467,-0.9971,0,-0.2397,85.1345,-0.647,1]},
{"frame":68,"values":[0.9981,0.0066,-0.0606,0,-0.0039,0.999,0.045,0,-0.0608,0.0447,-0.9971,0,-0.2704,85.1271,-0.809,1]},
{"frame":69,"values":[0.9981,0.0064,-0.0618,0,-0.0036,0.999,0.0439,0,-0.062,0.0436,-0.9971,0,-0.2973,85.1189,-0.9684,1]},
{"frame":70,"values":[0.998,0.0062,-0.0631,0,-0.0035,0.9991,0.0425,0,-0.0633,0.0422,-0.9971,0,-0.3177,85.1085,-1.1263,1]},
{"frame":71,"values":[0.9979,0.0059,-0.0643,0,-0.0033,0.9992,0.0405,0,-0.0645,0.0402,-0.9971,0,-0.3287,85.0973,-1.2854,1]},
{"frame":72,"values":[0.9979,0.0055,-0.0652,0,-0.003,0.9993,0.0385,0,-0.0654,0.0382,-0.9971,0,-0.3323,85.0873,-1.4459,1]},
{"frame":73,"values":[0.9978,0.0054,-0.0659,0,-0.003,0.9993,0.0364,0,-0.0661,0.0361,-0.9972,0,-0.3321,85.08,-1.605,1]},
{"frame":74,"values":[0.9978,0.005,-0.0667,0,-0.0028,0.9994,0.0335,0,-0.0669,0.0333,-0.9972,0,-0.3311,85.0737,-1.7556,1]},
{"frame":75,"values":[0.9977,0.0043,-0.0673,0,-0.0022,0.9995,0.0301,0,-0.0674,0.0299,-0.9973,0,-0.3326,85.0642,-1.8955,1]},
{"frame":76,"values":[0.9977,0.0034,-0.0672,0,-0.0016,0.9996,0.0269,0,-0.0672,0.0268,-0.9974,0,-0.339,85.0527,-2.0322,1]},
{"frame":77,"values":[0.9978,0.0026,-0.0666,0,-0.001,0.9997,0.0249,0,-0.0667,0.0248,-0.9975,0,-0.344,85.046,-2.1704,1]},
{"frame":78,"values":[0.9978,0.002,-0.0658,0,-0.0005,0.9997,0.0239,0,-0.0658,0.0238,-0.9975,0,-0.3385,85.0458,-2.3043,1]},
{"frame":79,"values":[0.9979,0.0017,-0.0647,0,-0.0002,0.9997,0.0232,0,-0.0647,0.0232,-0.9976,0,-0.3239,85.0478,-2.427,1]},
{"frame":80,"values":[0.998,0.0018,-0.0638,0,-0.0004,0.9997,0.0232,0,-0.0639,0.0232,-0.9977,0,-0.3081,85.0459,-2.5335,1]},
{"frame":81,"values":[0.998,0.0026,-0.0639,0,-0.0011,0.9997,0.0241,0,-0.064,0.024,-0.9977,0,-0.2918,85.0386,-2.6218,1]},
{"frame":82,"values":[0.9979,0.0035,-0.0645,0,-0.0019,0.9997,0.0251,0,-0.0646,0.025,-0.9976,0,-0.2715,85.0314,-2.6966,1]},
{"frame":83,"values":[0.9979,0.004,-0.0646,0,-0.0023,0.9997,0.0256,0,-0.0647,0.0254,-0.9976,0,-0.2493,85.0286,-2.7637,1]},
{"frame":84,"values":[0.9979,0.0042,-0.0646,0,-0.0026,0.9997,0.0257,0,-0.0647,0.0254,-0.9976,0,-0.2297,85.0289,-2.8251,1]},
{"frame":85,"values":[0.9978,0.0048,-0.066,0,-0.0031,0.9996,0.0267,0,-0.0661,0.0265,-0.9975,0,-0.2124,85.0309,-2.8834,1]},
{"frame":86,"values":[0.9976,0.0059,-0.0693,0,-0.0039,0.9996,0.0293,0,-0.0695,0.029,-0.9972,0,-0.1955,85.0353,-2.94,1]},
{"frame":87,"values":[0.9973,0.0069,-0.0728,0,-0.0046,0.9995,0.0323,0,-0.073,0.0319,-0.9968,0,-0.1803,85.0426,-2.9938,1]},
{"frame":88,"values":[0.9972,0.0077,-0.0749,0,-0.0051,0.9994,0.0348,0,-0.0751,0.0343,-0.9966,0,-0.1699,85.052,-3.0437,1]},
{"frame":89,"values":[0.9971,0.0082,-0.0752,0,-0.0055,0.9993,0.0364,0,-0.0754,0.0359,-0.9965,0,-0.1653,85.06,-3.0885,1]},
{"frame":90,"values":[0.9972,0.0084,-0.0741,0,-0.0057,0.9993,0.0371,0,-0.0744,0.0365,-0.9966,0,-0.1661,85.0639,-3.126,1]},
{"frame":91,"values":[0.9973,0.0084,-0.0725,0,-0.0057,0.9993,0.0371,0,-0.0728,0.0366,-0.9967,0,-0.1713,85.0656,-3.1545,1]},
{"frame":92,"values":[0.9974,0.0082,-0.071,0,-0.0056,0.9993,0.0369,0,-0.0713,0.0364,-0.9968,0,-0.1786,85.0681,-3.1739,1]},
{"frame":93,"values":[0.9975,0.0079,-0.0699,0,-0.0054,0.9993,0.0363,0,-0.0701,0.0359,-0.9969,0,-0.1838,85.0714,-3.1813,1]},
{"frame":94,"values":[0.9976,0.0076,-0.069,0,-0.0052,0.9994,0.0355,0,-0.0693,0.0351,-0.997,0,-0.1883,85.073,-3.1821,1]}],"loopBehavior":1,"name":"anim","property":"_matrix"}},
{"name":"Spine","index":1,"matrix":[0.9999,-0.0037,0.0156,0,0.0043,0.9992,-0.0404,0,-0.0154,0.0405,0.9991,0,0.1169,10.681,0.3734,1],"rest":[1,0,0,0,0,1,0,0,0,0,1,0,0.1169,10.681,0.3734,1],"parentBoneIndex":0,"length":13.8405
,"animation":{"dataType":3,"framePerSecond":24,"keys":[
{"frame":1,"values":[0.9999,-0.0037,0.0156,0,0.0043,0.9992,-0.0404,0,-0.0154,0.0405,0.9991,0,0.1169,10.681,0.3734,1]},
{"frame":2,"values":[0.9999,-0.0038,0.0158,0,0.0044,0.9992,-0.0407,0,-0.0156,0.0408,0.999,0,0.1169,10.681,0.3734,1]},
{"frame":3,"values":[0.9999,-0.0039,0.0158,0,0.0045,0.9992,-0.0409,0,-0.0157,0.0409,0.999,0,0.1169,10.681,0.3734,1]},
{"frame":4,"values":[0.9999,-0.0039,0.0158,0,0.0046,0.9992,-0.0408,0,-0.0156,0.0409,0.999,0,0.1169,10.681,0.3734,1]},
{"frame":5,"values":[0.9999,-0.0039,0.0157,0,0.0045,0.9992,-0.0407,0,-0.0155,0.0408,0.999,0,0.1169,10.681,0.3734,1]},
{"frame":6,"values":[0.9999,-0.0039,0.0155,0,0.0046,0.9992,-0.0408,0,-0.0153,0.0409,0.999,0,0.1169,10.681,0.3734,1]},
{"frame":7,"values":[0.9999,-0.004,0.0154,0,0.0046,0.9991,-0.0411,0,-0.0152,0.0412,0.999,0,0.1169,10.681,0.3734,1]},
{"frame":8,"values":[0.9999,-0.0039,0.0154,0,0.0046,0.9991,-0.0415,0,-0.0153,0.0415,0.999,0,0.1169,10.681,0.3734,1]},
{"frame":9,"values":[0.9999,-0.0039,0.0156,0,0.0045,0.9991,-0.0418,0,-0.0154,0.0418,0.999,0,0.1169,10.681,0.3734,1]},
{"frame":10,"values":[0.9999,-0.0039,0.0156,0,0.0046,0.9991,-0.042,0,-0.0154,0.0421,0.999,0,0.1169,10.681,0.3734,1]},
{"frame":11,"values":[0.9999,-0.0041,0.0156,0,0.0047,0.9991,-0.0421,0,-0.0154,0.0421,0.999,0,0.1169,10.681,0.3734,1]},
{"frame":12,"values":[0.9999,-0.0042,0.0156,0,0.0049,0.9991,-0.042,0,-0.0154,0.0421,0.999,0,0.1169,10.681,0.3734,1]},
{"frame":13,"values":[0.9999,-0.0043,0.0159,0,0.005,0.9991,-0.0421,0,-0.0157,0.0422,0.999,0,0.1169,10.681,0.3734,1]},
{"frame":14,"values":[0.9999,-0.0043,0.0164,0,0.005,0.9991,-0.0423,0,-0.0162,0.0424,0.999,0,0.1169,10.681,0.3734,1]},
{"frame":15,"values":[0.9998,-0.0044,0.0168,0,0.0051,0.9991,-0.0425,0,-0.0166,0.0425,0.999,0,0.1169,10.681,0.3734,1]},
{"frame":16,"values":[0.9998,-0.0043,0.0171,0,0.0051,0.9991,-0.0426,0,-0.0169,0.0426,0.9989,0,0.1169,10.681,0.3734,1]},
{"frame":17,"values":[0.9998,-0.0042,0.0172,0,0.005,0.9991,-0.0425,0,-0.017,0.0426,0.9989,0,0.1169,10.681,0.3734,1]},
{"frame":18,"values":[0.9998,-0.004,0.0173,0,0.0047,0.9991,-0.0423,0,-0.0171,0.0424,0.999,0,0.1169,10.681,0.3734,1]},
{"frame":19,"values":[0.9998,-0.0037,0.0176,0,0.0044,0.9991,-0.0423,0,-0.0174,0.0424,0.9989,0,0.1169,10.681,0.3734,1]},
{"frame":20,"values":[0.9998,-0.0035,0.018,0,0.0042,0.9991,-0.0427,0,-0.0178,0.0428,0.9989,0,0.1169,10.681,0.3734,1]},
{"frame":21,"values":[0.9998,-0.0034,0.0181,0,0.0042,0.9991,-0.0431,0,-0.018,0.0432,0.9989,0,0.1169,10.681,0.3734,1]},
{"frame":22,"values":[0.9998,-0.0034,0.0182,0,0.0042,0.9991,-0.0429,0,-0.018,0.043,0.9989,0,0.1169,10.681,0.3734,1]},
{"frame":23,"values":[0.9998,-0.0035,0.018,0,0.0043,0.9991,-0.0422,0,-0.0179,0.0422,0.9989,0,0.1169,10.681,0.3734,1]},
{"frame":24,"values":[0.9998,-0.0039,0.0176,0,0.0046,0.9991,-0.0413,0,-0.0174,0.0413,0.999,0,0.1169,10.681,0.3734,1]},
{"frame":25,"values":[0.9998,-0.0042,0.0173,0,0.0049,0.9992,-0.0405,0,-0.0171,0.0406,0.999,0,0.1169,10.681,0.3734,1]},
{"frame":26,"values":[0.9998,-0.0045,0.0171,0,0.0052,0.9992,-0.0402,0,-0.0169,0.0402,0.999,0,0.1169,10.681,0.3734,1]},
{"frame":27,"values":[0.9998,-0.005,0.0166,0,0.0057,0.9992,-0.0401,0,-0.0164,0.0402,0.9991,0,0.1169,10.681,0.3734,1]},
{"frame":28,"values":[0.9999,-0.0055,0.0161,0,0.0061,0.9992,-0.0402,0,-0.0158,0.0403,0.9991,0,0.1169,10.681,0.3734,1]},
{"frame":29,"values":[0.9999,-0.0059,0.0157,0,0.0065,0.9992,-0.0402,0,-0.0155,0.0403,0.9991,0,0.1169,10.681,0.3734,1]},
{"frame":30,"values":[0.9999,-0.0061,0.0156,0,0.0067,0.9992,-0.0404,0,-0.0154,0.0405,0.9991,0,0.1169,10.681,0.3734,1]},
{"frame":31,"values":[0.9999,-0.0061,0.0157,0,0.0067,0.9991,-0.0411,0,-0.0155,0.0412,0.999,0,0.1169,10.681,0.3734,1]},
{"frame":32,"values":[0.9999,-0.0061,0.0158,0,0.0067,0.9991,-0.0415,0,-0.0156,0.0416,0.999,0,0.1169,10.681,0.3734,1]},
{"frame":33,"values":[0.9999,-0.006,0.0159,0,0.0067,0.9991,-0.0412,0,-0.0156,0.0413,0.999,0,0.1169,10.681,0.3734,1]},
{"frame":34,"values":[0.9999,-0.0058,0.0158,0,0.0064,0.9991,-0.0411,0,-0.0156,0.0412,0.999,0,0.1169,10.681,0.3734,1]},
{"frame":35,"values":[0.9999,-0.0052,0.016,0,0.0059,0.9991,-0.0415,0,-0.0158,0.0416,0.999,0,0.1169,10.681,0.3734,1]},
{"frame":36,"values":[0.9999,-0.0048,0.0166,0,0.0055,0.9991,-0.0422,0,-0.0164,0.0423,0.999,0,0.1169,10.681,0.3734,1]},
{"frame":37,"values":[0.9998,-0.0049,0.0169,0,0.0057,0.9991,-0.043,0,-0.0167,0.0431,0.9989,0,0.1169,10.681,0.3734,1]},
{"frame":38,"values":[0.9998,-0.0054,0.017,0,0.0062,0.999,-0.0438,0,-0.0167,0.0439,0.9989,0,0.1169,10.681,0.3734,1]},
{"frame":39,"values":[0.9998,-0.0058,0.017,0,0.0065,0.999,-0.0446,0,-0.0167,0.0447,0.9989,0,0.1169,10.681,0.3734,1]},
{"frame":40,"values":[0.9998,-0.0058,0.0171,0,0.0065,0.9989,-0.0454,0,-0.0168,0.0455,0.9988,0,0.1169,10.681,0.3734,1]},
{"frame":41,"values":[0.9998,-0.0055,0.017,0,0.0063,0.9989,-0.046,0,-0.0167,0.0461,0.9988,0,0.1169,10.681,0.3734,1]},
{"frame":42,"values":[0.9998,-0.0051,0.0169,0,0.0059,0.9989,-0.0462,0,-0.0167,0.0463,0.9988,0,0.1169,10.681,0.3734,1]},
{"frame":43,"values":[0.9998,-0.0046,0.0172,0,0.0054,0.9989,-0.0464,0,-0.017,0.0465,0.9988,0,0.1169,10.681,0.3734,1]},
{"frame":44,"values":[0.9998,-0.0042,0.0178,0,0.005,0.9989,-0.0469,0,-0.0176,0.0469,0.9987,0,0.1169,10.681,0.3734,1]},
{"frame":45,"values":[0.9998,-0.0041,0.0182,0,0.005,0.9989,-0.0475,0,-0.018,0.0476,0.9987,0,0.1169,10.681,0.3734,1]},
{"frame":46,"values":[0.9998,-0.0042,0.0184,0,0.0051,0.9988,-0.0481,0,-0.0182,0.0482,0.9987,0,0.1169,10.681,0.3734,1]},
{"frame":47,"values":[0.9998,-0.0043,0.0183,0,0.0052,0.9988,-0.0483,0,-0.0181,0.0484,0.9987,0,0.1169,10.681,0.3734,1]},
{"frame":48,"values":[0.9998,-0.0043,0.0181,0,0.0051,0.9988,-0.0482,0,-0.0179,0.0483,0.9987,0,0.1169,10.681,0.3734,1]},
{"frame":49,"values":[0.9998,-0.0042,0.018,0,0.005,0.9988,-0.0482,0,-0.0178,0.0483,0.9987,0,0.1169,10.681,0.3734,1]},
{"frame":50,"values":[0.9998,-0.0042,0.018,0,0.005,0.9988,-0.0483,0,-0.0178,0.0483,0.9987,0,0.1169,10.681,0.3734,1]},
{"frame":51,"values":[0.9998,-0.0042,0.0181,0,0.0051,0.9988,-0.0484,0,-0.0179,0.0484,0.9987,0,0.1169,10.681,0.3734,1]},
{"frame":52,"values":[0.9998,-0.0042,0.0183,0,0.0051,0.9988,-0.0486,0,-0.018,0.0486,0.9987,0,0.1169,10.681,0.3734,1]},
{"frame":53,"values":[0.9998,-0.0042,0.0182,0,0.0051,0.9988,-0.049,0,-0.018,0.0491,0.9986,0,0.1169,10.681,0.3734,1]},
{"frame":54,"values":[0.9998,-0.0042,0.018,0,0.005,0.9988,-0.0496,0,-0.0178,0.0497,0.9986,0,0.1169,10.681,0.3734,1]},
{"frame":55,"values":[0.9998,-0.0042,0.0179,0,0.005,0.9987,-0.0501,0,-0.0177,0.0502,0.9986,0,0.1169,10.681,0.3734,1]},
{"frame":56,"values":[0.9998,-0.0044,0.0178,0,0.0053,0.9987,-0.0503,0,-0.0176,0.0504,0.9986,0,0.1169,10.681,0.3734,1]},
{"frame":57,"values":[0.9998,-0.0047,0.0178,0,0.0056,0.9987,-0.0503,0,-0.0175,0.0504,0.9986,0,0.1169,10.681,0.3734,1]},
{"frame":58,"values":[0.9998,-0.0049,0.0178,0,0.0058,0.9987,-0.0505,0,-0.0175,0.0506,0.9986,0,0.1169,10.681,0.3734,1]},
{"frame":59,"values":[0.9998,-0.005,0.0178,0,0.0059,0.9987,-0.051,0,-0.0175,0.0511,0.9985,0,0.1169,10.681,0.3734,1]},
{"frame":60,"values":[0.9998,-0.005,0.0179,0,0.006,0.9987,-0.0514,0,-0.0176,0.0515,0.9985,0,0.1169,10.681,0.3734,1]},
{"frame":61,"values":[0.9998,-0.0053,0.0179,0,0.0062,0.9986,-0.0519,0,-0.0176,0.052,0.9985,0,0.1169,10.681,0.3734,1]},
{"frame":62,"values":[0.9998,-0.0055,0.0179,0,0.0065,0.9986,-0.0525,0,-0.0176,0.0526,0.9985,0,0.1169,10.681,0.3734,1]},
{"frame":63,"values":[0.9998,-0.0057,0.0179,0,0.0066,0.9986,-0.053,0,-0.0176,0.0531,0.9984,0,0.1169,10.681,0.3734,1]},
{"frame":64,"values":[0.9998,-0.0058,0.0177,0,0.0068,0.9986,-0.0531,0,-0.0174,0.0532,0.9984,0,0.1169,10.681,0.3734,1]},
{"frame":65,"values":[0.9998,-0.006,0.0173,0,0.0069,0.9986,-0.0531,0,-0.017,0.0532,0.9984,0,0.1169,10.681,0.3734,1]},
{"frame":66,"values":[0.9998,-0.0061,0.017,0,0.007,0.9986,-0.053,0,-0.0166,0.0531,0.9984,0,0.1169,10.681,0.3734,1]},
{"frame":67,"values":[0.9998,-0.0059,0.0167,0,0.0068,0.9986,-0.0529,0,-0.0164,0.053,0.9985,0,0.1169,10.681,0.3734,1]},
{"frame":68,"values":[0.9998,-0.0057,0.0165,0,0.0066,0.9986,-0.0525,0,-0.0162,0.0526,0.9985,0,0.1169,10.681,0.3734,1]},
{"frame":69,"values":[0.9999,-0.0055,0.0163,0,0.0063,0.9986,-0.0519,0,-0.016,0.052,0.9985,0,0.1169,10.681,0.3734,1]},
{"frame":70,"values":[0.9999,-0.0052,0.0163,0,0.0061,0.9987,-0.0516,0,-0.016,0.0517,0.9985,0,0.1169,10.681,0.3734,1]},
{"frame":71,"values":[0.9999,-0.0048,0.0165,0,0.0057,0.9987,-0.0515,0,-0.0162,0.0516,0.9985,0,0.1169,10.681,0.3734,1]},
{"frame":72,"values":[0.9998,-0.0045,0.0167,0,0.0054,0.9987,-0.0514,0,-0.0165,0.0515,0.9985,0,0.1169,10.681,0.3734,1]},
{"frame":73,"values":[0.9998,-0.0045,0.0169,0,0.0053,0.9987,-0.0514,0,-0.0166,0.0515,0.9985,0,0.1169,10.681,0.3734,1]},
{"frame":74,"values":[0.9998,-0.0046,0.017,0,0.0055,0.9987,-0.0516,0,-0.0167,0.0517,0.9985,0,0.1169,10.681,0.3734,1]},
{"frame":75,"values":[0.9998,-0.0048,0.0172,0,0.0057,0.9986,-0.052,0,-0.0169,0.0521,0.9985,0,0.1169,10.681,0.3734,1]},
{"frame":76,"values":[0.9998,-0.0049,0.0175,0,0.0059,0.9986,-0.0522,0,-0.0172,0.0523,0.9985,0,0.1169,10.681,0.3734,1]},
{"frame":77,"values":[0.9998,-0.0052,0.0177,0,0.0062,0.9986,-0.052,0,-0.0174,0.0521,0.9985,0,0.1169,10.681,0.3734,1]},
{"frame":78,"values":[0.9998,-0.0055,0.0179,0,0.0064,0.9987,-0.0514,0,-0.0176,0.0515,0.9985,0,0.1169,10.681,0.3734,1]},
{"frame":79,"values":[0.9998,-0.0057,0.0181,0,0.0066,0.9987,-0.0508,0,-0.0177,0.0509,0.9985,0,0.1169,10.681,0.3734,1]},
{"frame":80,"values":[0.9998,-0.006,0.0181,0,0.0069,0.9987,-0.0499,0,-0.0178,0.05,0.9986,0,0.1169,10.681,0.3734,1]},
{"frame":81,"values":[0.9998,-0.0059,0.018,0,0.0068,0.9988,-0.0488,0,-0.0176,0.0489,0.9986,0,0.1169,10.681,0.3734,1]},
{"frame":82,"values":[0.9998,-0.0056,0.0178,0,0.0065,0.9988,-0.0477,0,-0.0175,0.0478,0.9987,0,0.1169,10.681,0.3734,1]},
{"frame":83,"values":[0.9998,-0.0056,0.0175,0,0.0064,0.9989,-0.0466,0,-0.0172,0.0467,0.9988,0,0.1169,10.681,0.3734,1]},
{"frame":84,"values":[0.9998,-0.0057,0.0171,0,0.0065,0.9989,-0.0458,0,-0.0168,0.0459,0.9988,0,0.1169,10.681,0.3734,1]},
{"frame":85,"values":[0.9998,-0.0056,0.0164,0,0.0063,0.999,-0.0448,0,-0.0162,0.0449,0.9989,0,0.1169,10.681,0.3734,1]},
{"frame":86,"values":[0.9999,-0.0051,0.0156,0,0.0058,0.999,-0.0436,0,-0.0154,0.0437,0.9989,0,0.1169,10.681,0.3734,1]},
{"frame":87,"values":[0.9999,-0.0046,0.0148,0,0.0052,0.9991,-0.0424,0,-0.0146,0.0425,0.999,0,0.1169,10.681,0.3734,1]},
{"frame":88,"values":[0.9999,-0.0041,0.0144,0,0.0047,0.9991,-0.0415,0,-0.0142,0.0416,0.999,0,0.1169,10.681,0.3734,1]},
{"frame":89,"values":[0.9999,-0.0038,0.0143,0,0.0044,0.9992,-0.041,0,-0.0141,0.041,0.9991,0,0.1169,10.681,0.3734,1]},
{"frame":90,"values":[0.9999,-0.0037,0.0144,0,0.0043,0.9992,-0.0406,0,-0.0143,0.0407,0.9991,0,0.1169,10.681,0.3734,1]},
{"frame":91,"values":[0.9999,-0.0037,0.0147,0,0.0043,0.9992,-0.0404,0,-0.0145,0.0404,0.9991,0,0.1169,10.681,0.3734,1]},
{"frame":92,"values":[0.9999,-0.0036,0.0151,0,0.0042,0.9992,-0.0402,0,-0.0149,0.0403,0.9991,0,0.1169,10.681,0.3734,1]},
{"frame":93,"values":[0.9999,-0.0036,0.0154,0,0.0042,0.9992,-0.0402,0,-0.0153,0.0403,0.9991,0,0.1169,10.681,0.3734,1]},
{"frame":94,"values":[0.9999,-0.0037,0.0156,0,0.0043,0.9992,-0.0404,0,-0.0154,0.0405,0.9991,0,0.1169,10.681,0.3734,1]}],"loopBehavior":1,"name":"anim","property":"_matrix"}},
{"name":"Spine1","index":2,"matrix":[0.9995,0.0151,0.0286,0,-0.0138,0.9989,-0.0453,0,-0.0293,0.0449,0.9986,0,0,13.8404,0.0535,1],"rest":[1,0,0,0,0,1,0,0,0,0,1,0,0,13.8404,0.0535,1],"parentBoneIndex":1,"length":14.7173
,"animation":{"dataType":3,"framePerSecond":24,"keys":[
{"frame":1,"values":[0.9995,0.0151,0.0286,0,-0.0138,0.9989,-0.0453,0,-0.0293,0.0449,0.9986,0,0,13.8404,0.0535,1]},
{"frame":2,"values":[0.9995,0.0152,0.0289,0,-0.0139,0.9988,-0.0459,0,-0.0296,0.0455,0.9985,0,0,13.8404,0.0535,1]},
{"frame":3,"values":[0.9995,0.0152,0.0291,0,-0.0139,0.9988,-0.0463,0,-0.0298,0.0458,0.9985,0,0,13.8404,0.0535,1]},
{"frame":4,"values":[0.9995,0.0153,0.0291,0,-0.0139,0.9988,-0.0463,0,-0.0298,0.0459,0.9985,0,0,13.8404,0.0535,1]},
{"frame":5,"values":[0.9995,0.0153,0.029,0,-0.0139,0.9988,-0.0464,0,-0.0296,0.0459,0.9985,0,0,13.8404,0.0535,1]},
{"frame":6,"values":[0.9995,0.0153,0.0286,0,-0.0139,0.9988,-0.0469,0,-0.0293,0.0465,0.9985,0,0,13.8404,0.0535,1]},
{"frame":7,"values":[0.9995,0.0157,0.0283,0,-0.0144,0.9988,-0.0477,0,-0.029,0.0473,0.9985,0,0,13.8404,0.0535,1]},
{"frame":8,"values":[0.9995,0.0166,0.0284,0,-0.0152,0.9987,-0.0485,0,-0.0292,0.0481,0.9984,0,0,13.8404,0.0535,1]},
{"frame":9,"values":[0.9994,0.0172,0.0286,0,-0.0158,0.9987,-0.0492,0,-0.0294,0.0487,0.9984,0,0,13.8404,0.0535,1]},
{"frame":10,"values":[0.9994,0.0174,0.0287,0,-0.016,0.9986,-0.0496,0,-0.0296,0.0491,0.9984,0,0,13.8404,0.0535,1]},
{"frame":11,"values":[0.9994,0.0171,0.0287,0,-0.0157,0.9986,-0.0496,0,-0.0295,0.0491,0.9984,0,0,13.8404,0.0535,1]},
{"frame":12,"values":[0.9994,0.0168,0.0289,0,-0.0153,0.9987,-0.0495,0,-0.0296,0.049,0.9984,0,0,13.8404,0.0535,1]},
{"frame":13,"values":[0.9994,0.0169,0.0295,0,-0.0154,0.9986,-0.0496,0,-0.0303,0.0491,0.9983,0,0,13.8404,0.0535,1]},
{"frame":14,"values":[0.9994,0.0173,0.0304,0,-0.0158,0.9986,-0.05,0,-0.0312,0.0495,0.9983,0,0,13.8404,0.0535,1]},
{"frame":15,"values":[0.9994,0.0177,0.0312,0,-0.0161,0.9986,-0.0503,0,-0.0321,0.0498,0.9982,0,0,13.8404,0.0535,1]},
{"frame":16,"values":[0.9993,0.018,0.0317,0,-0.0164,0.9986,-0.0505,0,-0.0325,0.05,0.9982,0,0,13.8404,0.0535,1]},
{"frame":17,"values":[0.9993,0.0182,0.0318,0,-0.0166,0.9986,-0.0505,0,-0.0327,0.0499,0.9982,0,0,13.8404,0.0535,1]},
{"frame":18,"values":[0.9993,0.0185,0.032,0,-0.0169,0.9986,-0.0502,0,-0.0328,0.0497,0.9982,0,0,13.8404,0.0535,1]},
{"frame":19,"values":[0.9993,0.0192,0.0324,0,-0.0175,0.9986,-0.0504,0,-0.0333,0.0498,0.9982,0,0,13.8404,0.0535,1]},
{"frame":20,"values":[0.9993,0.0197,0.033,0,-0.018,0.9985,-0.0512,0,-0.034,0.0506,0.9981,0,0,13.8404,0.0535,1]},
{"frame":21,"values":[0.9993,0.0193,0.0334,0,-0.0176,0.9985,-0.052,0,-0.0343,0.0514,0.9981,0,0,13.8404,0.0535,1]},
{"frame":22,"values":[0.9993,0.0189,0.0335,0,-0.0171,0.9985,-0.0519,0,-0.0344,0.0513,0.9981,0,0,13.8404,0.0535,1]},
{"frame":23,"values":[0.9993,0.0186,0.0332,0,-0.0169,0.9986,-0.0508,0,-0.0341,0.0502,0.9982,0,0,13.8404,0.0535,1]},
{"frame":24,"values":[0.9993,0.018,0.0324,0,-0.0164,0.9987,-0.0492,0,-0.0332,0.0487,0.9983,0,0,13.8404,0.0535,1]},
{"frame":25,"values":[0.9993,0.0173,0.0319,0,-0.0157,0.9987,-0.048,0,-0.0327,0.0474,0.9983,0,0,13.8404,0.0535,1]},
{"frame":26,"values":[0.9994,0.0166,0.0317,0,-0.0151,0.9988,-0.0472,0,-0.0324,0.0467,0.9984,0,0,13.8404,0.0535,1]},
{"frame":27,"values":[0.9994,0.0155,0.0309,0,-0.014,0.9988,-0.0467,0,-0.0315,0.0462,0.9984,0,0,13.8404,0.0535,1]},
{"frame":28,"values":[0.9995,0.0142,0.0298,0,-0.0128,0.9988,-0.0466,0,-0.0304,0.0462,0.9985,0,0,13.8404,0.0535,1]},
{"frame":29,"values":[0.9995,0.0132,0.0291,0,-0.0118,0.9988,-0.0466,0,-0.0297,0.0462,0.9985,0,0,13.8404,0.0535,1]},
{"frame":30,"values":[0.9995,0.0124,0.0289,0,-0.011,0.9988,-0.0469,0,-0.0294,0.0466,0.9985,0,0,13.8404,0.0535,1]},
{"frame":31,"values":[0.9995,0.012,0.029,0,-0.0106,0.9988,-0.048,0,-0.0295,0.0477,0.9984,0,0,13.8404,0.0535,1]},
{"frame":32,"values":[0.9995,0.012,0.0292,0,-0.0105,0.9988,-0.0486,0,-0.0297,0.0483,0.9984,0,0,13.8404,0.0535,1]},
{"frame":33,"values":[0.9995,0.0118,0.0291,0,-0.0104,0.9988,-0.0481,0,-0.0297,0.0478,0.9984,0,0,13.8404,0.0535,1]},
{"frame":34,"values":[0.9995,0.0119,0.0289,0,-0.0105,0.9988,-0.0478,0,-0.0294,0.0475,0.9984,0,0,13.8404,0.0535,1]},
{"frame":35,"values":[0.9995,0.0125,0.0291,0,-0.0111,0.9988,-0.0486,0,-0.0297,0.0482,0.9984,0,0,13.8404,0.0535,1]},
{"frame":36,"values":[0.9995,0.0131,0.0299,0,-0.0116,0.9987,-0.0499,0,-0.0305,0.0496,0.9983,0,0,13.8404,0.0535,1]},
{"frame":37,"values":[0.9995,0.0129,0.0304,0,-0.0113,0.9986,-0.0515,0,-0.031,0.0511,0.9982,0,0,13.8404,0.0535,1]},
{"frame":38,"values":[0.9995,0.0122,0.0304,0,-0.0106,0.9986,-0.0527,0,-0.031,0.0523,0.9981,0,0,13.8404,0.0535,1]},
{"frame":39,"values":[0.9995,0.0118,0.0303,0,-0.0102,0.9985,-0.0538,0,-0.0309,0.0534,0.9981,0,0,13.8404,0.0535,1]},
{"frame":40,"values":[0.9995,0.0117,0.0303,0,-0.01,0.9984,-0.0551,0,-0.0309,0.0547,0.998,0,0,13.8404,0.0535,1]},
{"frame":41,"values":[0.9995,0.0116,0.0302,0,-0.0099,0.9984,-0.0561,0,-0.0308,0.0558,0.998,0,0,13.8404,0.0535,1]},
{"frame":42,"values":[0.9995,0.0114,0.03,0,-0.0097,0.9984,-0.0565,0,-0.0306,0.0562,0.998,0,0,13.8404,0.0535,1]},
{"frame":43,"values":[0.9995,0.0119,0.0305,0,-0.0101,0.9983,-0.0569,0,-0.0311,0.0565,0.9979,0,0,13.8404,0.0535,1]},
{"frame":44,"values":[0.9994,0.0125,0.0315,0,-0.0106,0.9983,-0.0579,0,-0.0322,0.0575,0.9978,0,0,13.8404,0.0535,1]},
{"frame":45,"values":[0.9994,0.0124,0.0323,0,-0.0105,0.9982,-0.0591,0,-0.033,0.0588,0.9977,0,0,13.8404,0.0535,1]},
{"frame":46,"values":[0.9994,0.0121,0.0326,0,-0.0101,0.9981,-0.0603,0,-0.0333,0.0599,0.9976,0,0,13.8404,0.0535,1]},
{"frame":47,"values":[0.9994,0.0119,0.0324,0,-0.0099,0.9981,-0.0607,0,-0.0331,0.0603,0.9976,0,0,13.8404,0.0535,1]},
{"frame":48,"values":[0.9994,0.0117,0.0321,0,-0.0097,0.9981,-0.0606,0,-0.0327,0.0602,0.9976,0,0,13.8404,0.0535,1]},
{"frame":49,"values":[0.9994,0.0115,0.0319,0,-0.0096,0.9981,-0.0605,0,-0.0325,0.0601,0.9977,0,0,13.8404,0.0535,1]},
{"frame":50,"values":[0.9994,0.0115,0.0319,0,-0.0095,0.9981,-0.0605,0,-0.0326,0.0601,0.9977,0,0,13.8404,0.0535,1]},
{"frame":51,"values":[0.9994,0.0114,0.0322,0,-0.0095,0.9981,-0.0605,0,-0.0328,0.0601,0.9977,0,0,13.8404,0.0535,1]},
{"frame":52,"values":[0.9994,0.0111,0.0325,0,-0.0092,0.9981,-0.0606,0,-0.0331,0.0603,0.9976,0,0,13.8404,0.0535,1]},
{"frame":53,"values":[0.9994,0.0107,0.0323,0,-0.0087,0.9981,-0.0612,0,-0.0329,0.0609,0.9976,0,0,13.8404,0.0535,1]},
{"frame":54,"values":[0.9994,0.0102,0.0319,0,-0.0082,0.998,-0.0622,0,-0.0325,0.0619,0.9976,0,0,13.8404,0.0535,1]},
{"frame":55,"values":[0.9994,0.0101,0.0316,0,-0.008,0.998,-0.0629,0,-0.0322,0.0626,0.9975,0,0,13.8404,0.0535,1]},
{"frame":56,"values":[0.9995,0.0097,0.0316,0,-0.0077,0.998,-0.0631,0,-0.0321,0.0628,0.9975,0,0,13.8404,0.0535,1]},
{"frame":57,"values":[0.9995,0.0093,0.0315,0,-0.0073,0.998,-0.0629,0,-0.0321,0.0626,0.9975,0,0,13.8404,0.0535,1]},
{"frame":58,"values":[0.9995,0.0091,0.0316,0,-0.0071,0.998,-0.0629,0,-0.0321,0.0627,0.9975,0,0,13.8404,0.0535,1]},
{"frame":59,"values":[0.9995,0.0093,0.0317,0,-0.0073,0.998,-0.0635,0,-0.0322,0.0633,0.9975,0,0,13.8404,0.0535,1]},
{"frame":60,"values":[0.9994,0.0095,0.0318,0,-0.0074,0.9979,-0.0642,0,-0.0324,0.064,0.9974,0,0,13.8404,0.0535,1]},
{"frame":61,"values":[0.9994,0.0096,0.0319,0,-0.0075,0.9979,-0.0649,0,-0.0325,0.0646,0.9974,0,0,13.8404,0.0535,1]},
{"frame":62,"values":[0.9994,0.0099,0.0321,0,-0.0078,0.9978,-0.0658,0,-0.0327,0.0655,0.9973,0,0,13.8404,0.0535,1]},
{"frame":63,"values":[0.9994,0.0105,0.0322,0,-0.0083,0.9977,-0.0667,0,-0.0329,0.0664,0.9972,0,0,13.8404,0.0535,1]},
{"frame":64,"values":[0.9994,0.0108,0.032,0,-0.0087,0.9977,-0.0671,0,-0.0327,0.0668,0.9972,0,0,13.8404,0.0535,1]},
{"frame":65,"values":[0.9994,0.0111,0.0313,0,-0.009,0.9977,-0.067,0,-0.032,0.0666,0.9973,0,0,13.8404,0.0535,1]},
{"frame":66,"values":[0.9995,0.0117,0.0306,0,-0.0096,0.9977,-0.0669,0,-0.0314,0.0666,0.9973,0,0,13.8404,0.0535,1]},
{"frame":67,"values":[0.9995,0.0124,0.03,0,-0.0103,0.9977,-0.0667,0,-0.0308,0.0663,0.9973,0,0,13.8404,0.0535,1]},
{"frame":68,"values":[0.9995,0.0129,0.0295,0,-0.0109,0.9978,-0.0658,0,-0.0303,0.0655,0.9974,0,0,13.8404,0.0535,1]},
{"frame":69,"values":[0.9995,0.0132,0.0292,0,-0.0113,0.9978,-0.0647,0,-0.03,0.0643,0.9975,0,0,13.8404,0.0535,1]},
{"frame":70,"values":[0.9995,0.0137,0.0292,0,-0.0118,0.9979,-0.064,0,-0.03,0.0636,0.9975,0,0,13.8404,0.0535,1]},
{"frame":71,"values":[0.9995,0.0145,0.0296,0,-0.0126,0.9979,-0.0637,0,-0.0304,0.0633,0.9975,0,0,13.8404,0.0535,1]},
{"frame":72,"values":[0.9994,0.0152,0.0301,0,-0.0132,0.9979,-0.0634,0,-0.031,0.0629,0.9975,0,0,13.8404,0.0535,1]},
{"frame":73,"values":[0.9994,0.0152,0.0305,0,-0.0132,0.9979,-0.0633,0,-0.0314,0.0628,0.9975,0,0,13.8404,0.0535,1]},
{"frame":74,"values":[0.9994,0.0151,0.0308,0,-0.0131,0.9979,-0.0637,0,-0.0317,0.0632,0.9975,0,0,13.8404,0.0535,1]},
{"frame":75,"values":[0.9994,0.0154,0.0314,0,-0.0133,0.9978,-0.0643,0,-0.0323,0.0638,0.9974,0,0,13.8404,0.0535,1]},
{"frame":76,"values":[0.9994,0.0156,0.0321,0,-0.0135,0.9978,-0.0646,0,-0.033,0.0642,0.9974,0,0,13.8404,0.0535,1]},
{"frame":77,"values":[0.9993,0.0154,0.0327,0,-0.0133,0.9979,-0.0641,0,-0.0336,0.0637,0.9974,0,0,13.8404,0.0535,1]},
{"frame":78,"values":[0.9993,0.0152,0.0332,0,-0.0131,0.9979,-0.063,0,-0.0341,0.0625,0.9975,0,0,13.8404,0.0535,1]},
{"frame":79,"values":[0.9993,0.0151,0.0336,0,-0.013,0.998,-0.0617,0,-0.0345,0.0613,0.9975,0,0,13.8404,0.0535,1]},
{"frame":80,"values":[0.9993,0.0148,0.0337,0,-0.0127,0.9981,-0.0603,0,-0.0345,0.0599,0.9976,0,0,13.8404,0.0535,1]},
{"frame":81,"values":[0.9993,0.0146,0.0334,0,-0.0126,0.9982,-0.0587,0,-0.0342,0.0582,0.9977,0,0,13.8404,0.0535,1]},
{"frame":82,"values":[0.9993,0.0149,0.033,0,-0.013,0.9983,-0.0569,0,-0.0338,0.0564,0.9978,0,0,13.8404,0.0535,1]},
{"frame":83,"values":[0.9994,0.0147,0.0324,0,-0.0129,0.9984,-0.0551,0,-0.0332,0.0547,0.998,0,0,13.8404,0.0535,1]},
{"frame":84,"values":[0.9994,0.0141,0.0316,0,-0.0124,0.9985,-0.0537,0,-0.0323,0.0532,0.9981,0,0,13.8404,0.0535,1]},
{"frame":85,"values":[0.9994,0.0138,0.0305,0,-0.0121,0.9986,-0.0521,0,-0.0311,0.0517,0.9982,0,0,13.8404,0.0535,1]},
{"frame":86,"values":[0.9995,0.0136,0.0289,0,-0.0122,0.9987,-0.0503,0,-0.0295,0.0499,0.9983,0,0,13.8404,0.0535,1]},
{"frame":87,"values":[0.9995,0.0136,0.0274,0,-0.0123,0.9987,-0.0485,0,-0.028,0.0481,0.9984,0,0,13.8404,0.0535,1]},
{"frame":88,"values":[0.9996,0.0137,0.0265,0,-0.0125,0.9988,-0.047,0,-0.0271,0.0467,0.9985,0,0,13.8404,0.0535,1]},
{"frame":89,"values":[0.9996,0.0138,0.0263,0,-0.0126,0.9989,-0.0462,0,-0.0269,0.0458,0.9986,0,0,13.8404,0.0535,1]},
{"frame":90,"values":[0.9996,0.0139,0.0265,0,-0.0127,0.9989,-0.0457,0,-0.0271,0.0453,0.9986,0,0,13.8404,0.0535,1]},
{"frame":91,"values":[0.9995,0.0141,0.027,0,-0.0129,0.9989,-0.0453,0,-0.0276,0.045,0.9986,0,0,13.8404,0.0535,1]},
{"frame":92,"values":[0.9995,0.0146,0.0277,0,-0.0133,0.9989,-0.0451,0,-0.0283,0.0447,0.9986,0,0,13.8404,0.0535,1]},
{"frame":93,"values":[0.9995,0.015,0.0283,0,-0.0137,0.9989,-0.045,0,-0.0289,0.0446,0.9986,0,0,13.8404,0.0535,1]},
{"frame":94,"values":[0.9995,0.0151,0.0286,0,-0.0138,0.9989,-0.0453,0,-0.0293,0.0449,0.9986,0,0,13.8404,0.0535,1]}],"loopBehavior":1,"name":"anim","property":"_matrix"}},
{"name":"Spine2","index":3,"matrix":[0.9995,0.0165,0.0282,0,-0.0152,0.9989,-0.0451,0,-0.0289,0.0447,0.9986,0,0,14.7127,-0.3662,1],"rest":[1,0,0,0,0,1,0,0,0,0,1,0,0,14.7127,-0.3662,1],"parentBoneIndex":2,"length":31.8652
,"animation":{"dataType":3,"framePerSecond":24,"keys":[
{"frame":1,"values":[0.9995,0.0165,0.0282,0,-0.0152,0.9989,-0.0451,0,-0.0289,0.0447,0.9986,0,0,14.7127,-0.3662,1]},
{"frame":2,"values":[0.9995,0.0166,0.0285,0,-0.0152,0.9988,-0.0457,0,-0.0292,0.0453,0.9985,0,0,14.7127,-0.3662,1]},
{"frame":3,"values":[0.9995,0.0166,0.0286,0,-0.0152,0.9988,-0.0461,0,-0.0294,0.0456,0.9985,0,0,14.7127,-0.3662,1]},
{"frame":4,"values":[0.9995,0.0166,0.0287,0,-0.0153,0.9988,-0.0461,0,-0.0294,0.0457,0.9985,0,0,14.7127,-0.3662,1]},
{"frame":5,"values":[0.9995,0.0166,0.0285,0,-0.0153,0.9988,-0.0462,0,-0.0292,0.0457,0.9985,0,0,14.7127,-0.3662,1]},
{"frame":6,"values":[0.9995,0.0166,0.0281,0,-0.0153,0.9988,-0.0467,0,-0.0289,0.0463,0.9985,0,0,14.7127,-0.3662,1]},
{"frame":7,"values":[0.9995,0.017,0.0279,0,-0.0157,0.9987,-0.0476,0,-0.0286,0.0471,0.9985,0,0,14.7127,-0.3662,1]},
{"frame":8,"values":[0.9995,0.0179,0.0279,0,-0.0165,0.9987,-0.0483,0,-0.0287,0.0478,0.9984,0,0,14.7127,-0.3662,1]},
{"frame":9,"values":[0.9994,0.0185,0.0281,0,-0.0172,0.9987,-0.049,0,-0.029,0.0485,0.9984,0,0,14.7127,-0.3662,1]},
{"frame":10,"values":[0.9994,0.0187,0.0282,0,-0.0173,0.9986,-0.0494,0,-0.0291,0.0489,0.9984,0,0,14.7127,-0.3662,1]},
{"frame":11,"values":[0.9994,0.0184,0.0282,0,-0.017,0.9986,-0.0494,0,-0.0291,0.0489,0.9984,0,0,14.7127,-0.3662,1]},
{"frame":12,"values":[0.9994,0.0181,0.0284,0,-0.0167,0.9986,-0.0493,0,-0.0292,0.0488,0.9984,0,0,14.7127,-0.3662,1]},
{"frame":13,"values":[0.9994,0.0182,0.0289,0,-0.0168,0.9986,-0.0495,0,-0.0298,0.0489,0.9984,0,0,14.7127,-0.3662,1]},
{"frame":14,"values":[0.9994,0.0187,0.0299,0,-0.0172,0.9986,-0.0498,0,-0.0308,0.0493,0.9983,0,0,14.7127,-0.3662,1]},
{"frame":15,"values":[0.9993,0.0191,0.0307,0,-0.0175,0.9986,-0.0501,0,-0.0316,0.0496,0.9983,0,0,14.7127,-0.3662,1]},
{"frame":16,"values":[0.9993,0.0194,0.0311,0,-0.0178,0.9986,-0.0504,0,-0.032,0.0498,0.9982,0,0,14.7127,-0.3662,1]},
{"frame":17,"values":[0.9993,0.0196,0.0313,0,-0.018,0.9986,-0.0503,0,-0.0322,0.0497,0.9982,0,0,14.7127,-0.3662,1]},
{"frame":18,"values":[0.9993,0.0199,0.0314,0,-0.0183,0.9986,-0.05,0,-0.0323,0.0494,0.9983,0,0,14.7127,-0.3662,1]},
{"frame":19,"values":[0.9993,0.0206,0.0319,0,-0.019,0.9986,-0.0502,0,-0.0328,0.0495,0.9982,0,0,14.7127,-0.3662,1]},
{"frame":20,"values":[0.9993,0.0211,0.0324,0,-0.0195,0.9985,-0.051,0,-0.0335,0.0503,0.9982,0,0,14.7127,-0.3662,1]},
{"frame":21,"values":[0.9992,0.0208,0.0328,0,-0.0191,0.9985,-0.0518,0,-0.0338,0.0511,0.9981,0,0,14.7127,-0.3662,1]},
{"frame":22,"values":[0.9993,0.0203,0.0329,0,-0.0186,0.9985,-0.0517,0,-0.0339,0.051,0.9981,0,0,14.7127,-0.3662,1]},
{"frame":23,"values":[0.9993,0.02,0.0327,0,-0.0184,0.9986,-0.0506,0,-0.0336,0.05,0.9982,0,0,14.7127,-0.3662,1]},
{"frame":24,"values":[0.9993,0.0193,0.0319,0,-0.0178,0.9986,-0.0491,0,-0.0328,0.0485,0.9983,0,0,14.7127,-0.3662,1]},
{"frame":25,"values":[0.9993,0.0186,0.0314,0,-0.0171,0.9987,-0.0478,0,-0.0322,0.0472,0.9984,0,0,14.7127,-0.3662,1]},
{"frame":26,"values":[0.9994,0.0179,0.0312,0,-0.0164,0.9988,-0.0471,0,-0.032,0.0465,0.9984,0,0,14.7127,-0.3662,1]},
{"frame":27,"values":[0.9994,0.0167,0.0304,0,-0.0153,0.9988,-0.0466,0,-0.0311,0.0461,0.9985,0,0,14.7127,-0.3662,1]},
{"frame":28,"values":[0.9994,0.0155,0.0294,0,-0.0141,0.9988,-0.0465,0,-0.0301,0.0461,0.9985,0,0,14.7127,-0.3662,1]},
{"frame":29,"values":[0.9995,0.0144,0.0287,0,-0.0131,0.9988,-0.0465,0,-0.0294,0.0461,0.9985,0,0,14.7127,-0.3662,1]},
{"frame":30,"values":[0.9995,0.0136,0.0285,0,-0.0122,0.9988,-0.0468,0,-0.0291,0.0464,0.9985,0,0,14.7127,-0.3662,1]},
{"frame":31,"values":[0.9995,0.0133,0.0286,0,-0.0119,0.9988,-0.0479,0,-0.0292,0.0475,0.9984,0,0,14.7127,-0.3662,1]},
{"frame":32,"values":[0.9995,0.0132,0.0288,0,-0.0118,0.9988,-0.0485,0,-0.0294,0.0482,0.9984,0,0,14.7127,-0.3662,1]},
{"frame":33,"values":[0.9995,0.0131,0.0288,0,-0.0117,0.9988,-0.048,0,-0.0294,0.0477,0.9984,0,0,14.7127,-0.3662,1]},
{"frame":34,"values":[0.9995,0.0132,0.0285,0,-0.0118,0.9988,-0.0477,0,-0.0291,0.0474,0.9985,0,0,14.7127,-0.3662,1]},
{"frame":35,"values":[0.9995,0.0138,0.0287,0,-0.0124,0.9987,-0.0485,0,-0.0294,0.0481,0.9984,0,0,14.7127,-0.3662,1]},
{"frame":36,"values":[0.9995,0.0144,0.0295,0,-0.0129,0.9987,-0.0498,0,-0.0302,0.0494,0.9983,0,0,14.7127,-0.3662,1]},
{"frame":37,"values":[0.9994,0.0143,0.03,0,-0.0128,0.9986,-0.0513,0,-0.0307,0.0509,0.9982,0,0,14.7127,-0.3662,1]},
{"frame":38,"values":[0.9995,0.0137,0.03,0,-0.0121,0.9985,-0.0526,0,-0.0306,0.0522,0.9982,0,0,14.7127,-0.3662,1]},
{"frame":39,"values":[0.9995,0.0133,0.0299,0,-0.0117,0.9985,-0.0536,0,-0.0305,0.0533,0.9981,0,0,14.7127,-0.3662,1]},
