{"producer":{"name":"Blender","version":"2.90.0","exporter_version":"2.80.1","file":"option_armgesture.babylon"},
"autoClear":true,"clearColor":[0.0509,0.0509,0.0509],"gravity":[0,-9.81,0],
"materials":[{"name":"Material","id":"Material","customType":"BABYLON.PBRMaterial","backFaceCulling":true,"checkReadyOnlyOnce":false,"maxSimultaneousLights":4,"environmentIntensity":1,"albedo":[0.8,0.8,0.8],"reflectivity":[0.5,0.5,0.5],"roughness":0.4,"alpha":1,"transparencyMode":0,"alphaCutOff":0.4,"metallic":0}],
"multiMaterials":[],
"skeletons":[{"name":"Armature","id":0,"dimensionsAtRest":[232.1761,222.9347,36.3014],"bones":[
{"name":"Hips","index":0,"matrix":[0.9941,-0.053,-0.0945,0,0.0589,0.9965,0.06,0,-0.091,0.0652,-0.9937,0,0.4233,87.506,-1.2228,1],"rest":[1,0,0,0,0,1,0,0,0,0,-1,0,0,89.0054,0,1],"parentBoneIndex":-1,"length":14.2998
,"animation":{"dataType":3,"framePerSecond":24,"keys":[
{"frame":1,"values":[0.9941,-0.053,-0.0945,0,0.0589,0.9965,0.06,0,-0.091,0.0652,-0.9937,0,0.4233,87.506,-1.2228,1]},
{"frame":2,"values":[0.9941,-0.0528,-0.095,0,0.0587,0.9965,0.0597,0,-0.0915,0.0649,-0.9937,0,0.4245,87.4764,-1.2283,1]},
{"frame":3,"values":[0.9939,-0.0527,-0.0964,0,0.0586,0.9965,0.0594,0,-0.093,0.0647,-0.9936,0,0.4233,87.4085,-1.2406,1]},
{"frame":4,"values":[0.9936,-0.0533,-0.0995,0,0.0593,0.9965,0.0588,0,-0.096,0.0643,-0.9933,0,0.4172,87.3149,-1.2654,1]},
{"frame":5,"values":[0.993,-0.0549,-0.1048,0,0.0612,0.9965,0.0576,0,-0.1013,0.0636,-0.9928,0,0.4012,87.2113,-1.3019,1]},
{"frame":6,"values":[0.9919,-0.0574,-0.1134,0,0.0641,0.9964,0.0562,0,-0.1098,0.063,-0.992,0,0.3739,87.1059,-1.3528,1]},
{"frame":7,"values":[0.9902,-0.0603,-0.1256,0,0.0676,0.9962,0.0549,0,-0.1218,0.0629,-0.9906,0,0.3343,86.9826,-1.4313,1]},
{"frame":8,"values":[0.9879,-0.0634,-0.1417,0,0.0716,0.996,0.0536,0,-0.1377,0.0631,-0.9885,0,0.2792,86.8288,-1.5418,1]},
{"frame":9,"values":[0.9844,-0.0671,-0.1626,0,0.0766,0.9957,0.0526,0,-0.1584,0.0642,-0.9853,0,0.2101,86.6659,-1.6769,1]},
{"frame":10,"values":[0.979,-0.0721,-0.1905,0,0.0835,0.9951,0.0525,0,-0.1858,0.0673,-0.9803,0,0.1337,86.5162,-1.833,1]},
{"frame":11,"values":[0.9711,-0.0785,-0.2256,0,0.0927,0.9943,0.0531,0,-0.2201,0.0724,-0.9728,0,0.0595,86.3736,-2.012,1]},
{"frame":12,"values":[0.9602,-0.0863,-0.2658,0,0.104,0.9932,0.053,0,-0.2594,0.0786,-0.9626,0,-0.0033,86.2224,-2.2099,1]},
{"frame":13,"values":[0.947,-0.0946,-0.3069,0,0.1158,0.9919,0.0516,0,-0.2995,0.0844,-0.9503,0,-0.062,86.0807,-2.4154,1]},
{"frame":14,"values":[0.9331,-0.1028,-0.3445,0,0.1273,0.9906,0.0491,0,-0.3363,0.0897,-0.9375,0,-0.1261,85.947,-2.6074,1]},
{"frame":15,"values":[0.9198,-0.1115,-0.3763,0,0.1387,0.9893,0.0459,0,-0.3672,0.0944,-0.9253,0,-0.1935,85.8268,-2.7635,1]},
{"frame":16,"values":[0.908,-0.121,-0.4011,0,0.15,0.9878,0.0416,0,-0.3912,0.0979,-0.9151,0,-0.2725,85.7457,-2.8833,1]},
{"frame":17,"values":[0.8993,-0.1305,-0.4173,0,0.1599,0.9865,0.036,0,-0.407,0.099,-0.9081,0,-0.3913,85.7129,-2.9722,1]},
{"frame":18,"values":[0.8945,-0.1389,-0.425,0,0.1673,0.9854,0.0302,0,-0.4146,0.0981,-0.9047,0,-0.5647,85.67,-3.0196,1]},
{"frame":19,"values":[0.8906,-0.1459,-0.4308,0,0.1736,0.9845,0.0254,0,-0.4204,0.0974,-0.9021,0,-0.7622,85.5315,-3.0296,1]},
{"frame":20,"values":[0.8845,-0.1521,-0.441,0,0.1799,0.9834,0.0215,0,-0.4304,0.0984,-0.8972,0,-0.9224,85.3186,-3.0296,1]},
{"frame":21,"values":[0.877,-0.1576,-0.4539,0,0.1858,0.9824,0.0179,0,-0.4431,0.1,-0.8909,0,-1.0133,85.1431,-3.0325,1]},
{"frame":22,"values":[0.8707,-0.1617,-0.4645,0,0.1899,0.9817,0.0143,0,-0.4536,0.1006,-0.8855,0,-1.0423,85.0448,-3.0349,1]},
{"frame":23,"values":[0.8665,-0.1639,-0.4715,0,0.1918,0.9814,0.0113,0,-0.4608,0.1002,-0.8818,0,-1.0343,84.9659,-3.0351,1]},
{"frame":24,"values":[0.864,-0.1645,-0.4759,0,0.1921,0.9813,0.0094,0,-0.4655,0.0996,-0.8794,0,-1.009,84.8835,-3.0409,1]},
{"frame":25,"values":[0.8626,-0.1643,-0.4784,0,0.1915,0.9815,0.0083,0,-0.4682,0.0987,-0.8781,0,-0.9786,84.81,-3.0562,1]},
{"frame":26,"values":[0.8621,-0.1637,-0.4795,0,0.1907,0.9816,0.0078,0,-0.4695,0.0982,-0.8775,0,-0.951,84.7529,-3.0782,1]},
{"frame":27,"values":[0.8623,-0.1629,-0.4795,0,0.1901,0.9817,0.0082,0,-0.4694,0.0983,-0.8775,0,-0.9324,84.7125,-3.1009,1]},
{"frame":28,"values":[0.8631,-0.162,-0.4784,0,0.1894,0.9818,0.0094,0,-0.4682,0.0987,-0.8781,0,-0.9245,84.6797,-3.1172,1]},
{"frame":29,"values":[0.8646,-0.1606,-0.4761,0,0.1884,0.982,0.0108,0,-0.4658,0.0991,-0.8793,0,-0.9244,84.647,-3.1224,1]},
{"frame":30,"values":[0.8666,-0.1589,-0.473,0,0.1869,0.9823,0.0125,0,-0.4626,0.0992,-0.881,0,-0.929,84.6244,-3.1164,1]},
{"frame":31,"values":[0.8691,-0.157,-0.4691,0,0.1853,0.9826,0.0144,0,-0.4587,0.0994,-0.883,0,-0.9368,84.6183,-3.099,1]},
{"frame":32,"values":[0.8719,-0.155,-0.4645,0,0.1834,0.9829,0.0163,0,-0.454,0.0994,-0.8854,0,-0.9499,84.6216,-3.0673,1]},
{"frame":33,"values":[0.8751,-0.1531,-0.4592,0,0.1815,0.9832,0.018,0,-0.4487,0.0991,-0.8882,0,-0.9719,84.6262,-3.0179,1]},
{"frame":34,"values":[0.8784,-0.1514,-0.4533,0,0.1796,0.9835,0.0194,0,-0.4429,0.0985,-0.8911,0,-1.0016,84.6331,-2.951,1]},
{"frame":35,"values":[0.8818,-0.15,-0.4472,0,0.1778,0.9838,0.0206,0,-0.4369,0.0977,-0.8942,0,-1.0347,84.647,-2.8704,1]},
{"frame":36,"values":[0.8851,-0.1485,-0.4411,0,0.1761,0.9841,0.022,0,-0.4308,0.0972,-0.8972,0,-1.0687,84.667,-2.7808,1]},
{"frame":37,"values":[0.8883,-0.147,-0.4351,0,0.1744,0.9844,0.0235,0,-0.4249,0.0968,-0.9001,0,-1.105,84.6869,-2.6835,1]},
{"frame":38,"values":[0.8913,-0.1456,-0.4294,0,0.1729,0.9846,0.0249,0,-0.4192,0.0964,-0.9028,0,-1.1415,84.7064,-2.5791,1]},
{"frame":39,"values":[0.8941,-0.1442,-0.424,0,0.1713,0.9849,0.0262,0,-0.4138,0.096,-0.9053,0,-1.1742,84.7278,-2.4682,1]},
{"frame":40,"values":[0.8969,-0.1426,-0.4187,0,0.1695,0.9851,0.0276,0,-0.4085,0.0957,-0.9077,0,-1.204,84.7531,-2.3491,1]},
{"frame":41,"values":[0.8998,-0.1407,-0.4131,0,0.1675,0.9854,0.0291,0,-0.403,0.0954,-0.9102,0,-1.2341,84.7852,-2.2205,1]},
{"frame":42,"values":[0.9031,-0.1386,-0.4064,0,0.1651,0.9858,0.0306,0,-0.3964,0.0947,-0.9132,0,-1.268,84.8199,-2.0856,1]},
{"frame":43,"values":[0.9074,-0.1363,-0.3976,0,0.1621,0.9863,0.032,0,-0.3878,0.0935,-0.917,0,-1.3102,84.8545,-1.9516,1]},
{"frame":44,"values":[0.9127,-0.1338,-0.386,0,0.1587,0.9868,0.0333,0,-0.3764,0.0917,-0.9219,0,-1.3615,84.8948,-1.8243,1]},
{"frame":45,"values":[0.9194,-0.1307,-0.3709,0,0.1544,0.9874,0.035,0,-0.3617,0.0894,-0.928,0,-1.4168,84.9435,-1.7083,1]},
{"frame":46,"values":[0.9273,-0.1263,-0.3522,0,0.1486,0.9882,0.0368,0,-0.3434,0.0865,-0.9352,0,-1.4674,84.9918,-1.6101,1]},
{"frame":47,"values":[0.9366,-0.1201,-0.3292,0,0.1405,0.9893,0.0388,0,-0.321,0.0826,-0.9435,0,-1.504,85.0376,-1.5355,1]},
{"frame":48,"values":[0.9467,-0.1122,-0.3019,0,0.1305,0.9906,0.0409,0,-0.2944,0.0781,-0.9525,0,-1.5143,85.0941,-1.4886,1]},
{"frame":49,"values":[0.9568,-0.1028,-0.2721,0,0.1188,0.992,0.043,0,-0.2655,0.0735,-0.9613,0,-1.4812,85.1746,-1.4708,1]},
{"frame":50,"values":[0.9656,-0.0924,-0.2432,0,0.1064,0.9933,0.0452,0,-0.2373,0.0695,-0.9689,0,-1.385,85.2718,-1.4696,1]},
{"frame":51,"values":[0.9727,-0.0815,-0.2172,0,0.0939,0.9944,0.0475,0,-0.2122,0.0666,-0.975,0,-1.222,85.3694,-1.4616,1]},
{"frame":52,"values":[0.9784,-0.0709,-0.1943,0,0.0821,0.9954,0.0501,0,-0.1898,0.065,-0.9797,0,-1.0182,85.4606,-1.4372,1]},
{"frame":53,"values":[0.9829,-0.0614,-0.1736,0,0.0715,0.996,0.0529,0,-0.1696,0.0644,-0.9834,0,-0.8074,85.5357,-1.4034,1]},
{"frame":54,"values":[0.9865,-0.0535,-0.1546,0,0.0627,0.9965,0.0555,0,-0.151,0.0645,-0.9864,0,-0.6103,85.6042,-1.3713,1]},
{"frame":55,"values":[0.9895,-0.0471,-0.1369,0,0.0555,0.9968,0.0581,0,-0.1338,0.0651,-0.9889,0,-0.4349,85.6876,-1.3457,1]},
{"frame":56,"values":[0.9919,-0.0418,-0.1203,0,0.0493,0.997,0.0602,0,-0.1174,0.0656,-0.9909,0,-0.2866,85.7849,-1.3255,1]},
{"frame":57,"values":[0.9938,-0.0377,-0.1047,0,0.0444,0.9971,0.0621,0,-0.1021,0.0663,-0.9926,0,-0.1676,85.8786,-1.3099,1]},
{"frame":58,"values":[0.9953,-0.035,-0.0907,0,0.0409,0.9971,0.064,0,-0.0882,0.0674,-0.9938,0,-0.074,85.9614,-1.3008,1]},
{"frame":59,"values":[0.9963,-0.0333,-0.0788,0,0.0386,0.9971,0.066,0,-0.0763,0.0688,-0.9947,0,0.0035,86.0398,-1.2994,1]},
{"frame":60,"values":[0.9971,-0.0324,-0.0691,0,0.0371,0.997,0.0678,0,-0.0667,0.0702,-0.9953,0,0.0724,86.1178,-1.3032,1]},
{"frame":61,"values":[0.9976,-0.0322,-0.062,0,0.0365,0.9969,0.0692,0,-0.0596,0.0713,-0.9957,0,0.1341,86.1928,-1.3053,1]},
{"frame":62,"values":[0.9978,-0.0325,-0.0578,0,0.0365,0.9969,0.07,0,-0.0553,0.0719,-0.9959,0,0.1858,86.2684,-1.2978,1]},
{"frame":63,"values":[0.9979,-0.0333,-0.0562,0,0.0372,0.9968,0.0701,0,-0.0537,0.072,-0.996,0,0.2248,86.3494,-1.2782,1]},
{"frame":64,"values":[0.9978,-0.0346,-0.0567,0,0.0385,0.9968,0.0698,0,-0.0542,0.0718,-0.9959,0,0.2496,86.4357,-1.2513,1]},
{"frame":65,"values":[0.9976,-0.0363,-0.0586,0,0.0403,0.9968,0.0692,0,-0.0559,0.0714,-0.9959,0,0.2645,86.518,-1.2241,1]},
{"frame":66,"values":[0.9974,-0.0383,-0.0614,0,0.0425,0.9967,0.0686,0,-0.0586,0.071,-0.9958,0,0.27,86.597,-1.1978,1]},
{"frame":67,"values":[0.9971,-0.0405,-0.0646,0,0.0449,0.9967,0.0678,0,-0.0616,0.0705,-0.9956,0,0.2658,86.6794,-1.1719,1]},
{"frame":68,"values":[0.9968,-0.0426,-0.0677,0,0.0472,0.9966,0.0669,0,-0.0646,0.0699,-0.9955,0,0.2586,86.7642,-1.1482,1]},
{"frame":69,"values":[0.9965,-0.0445,-0.0707,0,0.0492,0.9966,0.066,0,-0.0675,0.0692,-0.9953,0,0.2572,86.8427,-1.1285,1]},
{"frame":70,"values":[0.9962,-0.0461,-0.0738,0,0.0509,0.9966,0.0651,0,-0.0705,0.0686,-0.9951,0,0.2636,86.9118,-1.1126,1]},
{"frame":71,"values":[0.9959,-0.0474,-0.0771,0,0.0524,0.9966,0.0643,0,-0.0738,0.0681,-0.9949,0,0.2753,86.9779,-1.0994,1]},
{"frame":72,"values":[0.9956,-0.0486,-0.0806,0,0.0538,0.9965,0.0636,0,-0.0772,0.0676,-0.9947,0,0.2884,87.0453,-1.0879,1]},
{"frame":73,"values":[0.9952,-0.0496,-0.0839,0,0.055,0.9965,0.0628,0,-0.0805,0.0671,-0.9945,0,0.3016,87.1087,-1.0761,1]},
{"frame":74,"values":[0.9949,-0.0504,-0.0871,0,0.0559,0.9965,0.0622,0,-0.0837,0.0667,-0.9943,0,0.3162,87.1682,-1.068,1]},
{"frame":75,"values":[0.9947,-0.0511,-0.0897,0,0.0568,0.9965,0.0618,0,-0.0863,0.0666,-0.994,0,0.3326,87.23,-1.074,1]},
{"frame":76,"values":[0.9944,-0.0518,-0.0917,0,0.0576,0.9964,0.0617,0,-0.0882,0.0667,-0.9939,0,0.3509,87.2961,-1.093,1]},
{"frame":77,"values":[0.9943,-0.0524,-0.0934,0,0.0583,0.9964,0.0618,0,-0.0898,0.0669,-0.9937,0,0.369,87.3573,-1.114,1]},
{"frame":78,"values":[0.9941,-0.0527,-0.0946,0,0.0587,0.9964,0.0619,0,-0.091,0.0671,-0.9936,0,0.3838,87.4038,-1.1322,1]},
{"frame":79,"values":[0.994,-0.0528,-0.0954,0,0.0589,0.9963,0.062,0,-0.0918,0.0672,-0.9935,0,0.3956,87.4361,-1.1505,1]},
{"frame":80,"values":[0.994,-0.0529,-0.0956,0,0.059,0.9963,0.0618,0,-0.092,0.0671,-0.9935,0,0.4063,87.4651,-1.1713,1]},
{"frame":81,"values":[0.994,-0.053,-0.0954,0,0.059,0.9964,0.0614,0,-0.0918,0.0666,-0.9935,0,0.4156,87.4894,-1.1918,1]},
{"frame":82,"values":[0.9941,-0.0531,-0.0949,0,0.059,0.9964,0.0608,0,-0.0914,0.066,-0.9936,0,0.4215,87.5037,-1.2088,1]},
{"frame":83,"values":[0.9941,-0.053,-0.0945,0,0.0589,0.9965,0.06,0,-0.091,0.0652,-0.9937,0,0.4233,87.5059,-1.2228,1]}],"loopBehavior":1,"name":"anim","property":"_matrix"}},
{"name":"Spine","index":1,"matrix":[0.9988,0.0427,-0.0242,0,-0.0412,0.9974,0.0587,0,0.0266,-0.0577,0.998,0,0.1169,10.681,0.3734,1],"rest":[1,0,0,0,0,1,0,0,0,0,1,0,0.1169,10.681,0.3734,1],"parentBoneIndex":0,"length":13.8405
,"animation":{"dataType":3,"framePerSecond":24,"keys":[
{"frame":1,"values":[0.9988,0.0427,-0.0242,0,-0.0412,0.9974,0.0587,0,0.0266,-0.0577,0.998,0,0.1169,10.681,0.3734,1]},
{"frame":2,"values":[0.9988,0.0426,-0.0242,0,-0.0411,0.9974,0.0586,0,0.0267,-0.0575,0.998,0,0.1169,10.681,0.3734,1]},
{"frame":3,"values":[0.9988,0.0424,-0.0243,0,-0.0409,0.9974,0.0585,0,0.0267,-0.0574,0.998,0,0.1169,10.681,0.3734,1]},
{"frame":4,"values":[0.9988,0.0424,-0.0243,0,-0.0409,0.9975,0.0584,0,0.0267,-0.0573,0.998,0,0.1169,10.681,0.3734,1]},
{"frame":5,"values":[0.9988,0.0426,-0.0241,0,-0.0411,0.9975,0.0581,0,0.0266,-0.0571,0.998,0,0.1169,10.681,0.3734,1]},
{"frame":6,"values":[0.9988,0.0428,-0.0235,0,-0.0414,0.9975,0.0578,0,0.0259,-0.0568,0.9981,0,0.1169,10.681,0.3734,1]},
{"frame":7,"values":[0.9988,0.0429,-0.0219,0,-0.0416,0.9975,0.0574,0,0.0243,-0.0564,0.9981,0,0.1169,10.681,0.3734,1]},
{"frame":8,"values":[0.9989,0.0427,-0.0196,0,-0.0416,0.9975,0.0568,0,0.0219,-0.0559,0.9982,0,0.1169,10.681,0.3734,1]},
{"frame":9,"values":[0.999,0.0423,-0.0167,0,-0.0413,0.9976,0.0559,0,0.019,-0.0551,0.9983,0,0.1169,10.681,0.3734,1]},
{"frame":10,"values":[0.999,0.0417,-0.0138,0,-0.0409,0.9977,0.0545,0,0.016,-0.0539,0.9984,0,0.1169,10.681,0.3734,1]},
{"frame":11,"values":[0.9991,0.041,-0.0114,0,-0.0404,0.9978,0.0528,0,0.0135,-0.0523,0.9985,0,0.1169,10.681,0.3734,1]},
{"frame":12,"values":[0.9991,0.0402,-0.0097,0,-0.0397,0.9979,0.0511,0,0.0117,-0.0507,0.9986,0,0.1169,10.681,0.3734,1]},
{"frame":13,"values":[0.9992,0.039,-0.0086,0,-0.0385,0.998,0.0498,0,0.0105,-0.0495,0.9987,0,0.1169,10.681,0.3734,1]},
{"frame":14,"values":[0.9993,0.0373,-0.0075,0,-0.0369,0.9981,0.0489,0,0.0093,-0.0486,0.9988,0,0.1169,10.681,0.3734,1]},
{"frame":15,"values":[0.9994,0.0348,-0.0064,0,-0.0344,0.9982,0.0482,0,0.0081,-0.0479,0.9988,0,0.1169,10.681,0.3734,1]},
{"frame":16,"values":[0.9995,0.0312,-0.0058,0,-0.0309,0.9984,0.0472,0,0.0073,-0.047,0.9989,0,0.1169,10.681,0.3734,1]},
{"frame":17,"values":[0.9996,0.0273,-0.0059,0,-0.0269,0.9986,0.0464,0,0.0072,-0.0462,0.9989,0,0.1169,10.681,0.3734,1]},
{"frame":18,"values":[0.9997,0.0241,-0.0059,0,-0.0238,0.9986,0.0462,0,0.007,-0.046,0.9989,0,0.1169,10.681,0.3734,1]},
{"frame":19,"values":[0.9997,0.0222,-0.0045,0,-0.0219,0.9987,0.0466,0,0.0056,-0.0465,0.9989,0,0.1169,10.681,0.3734,1]},
{"frame":20,"values":[0.9998,0.0211,-0.0025,0,-0.021,0.9987,0.0472,0,0.0035,-0.0471,0.9989,0,0.1169,10.681,0.3734,1]},
{"frame":21,"values":[0.9998,0.0203,-0.0014,0,-0.0202,0.9987,0.0474,0,0.0023,-0.0474,0.9989,0,0.1169,10.681,0.3734,1]},
{"frame":22,"values":[0.9998,0.0196,-0.0016,0,-0.0195,0.9987,0.0475,0,0.0026,-0.0475,0.9989,0,0.1169,10.681,0.3734,1]},
{"frame":23,"values":[0.9998,0.0191,-0.0022,0,-0.019,0.9987,0.0477,0,0.0031,-0.0477,0.9989,0,0.1169,10.681,0.3734,1]},
{"frame":24,"values":[0.9998,0.0188,-0.0023,0,-0.0187,0.9987,0.0481,0,0.0032,-0.0481,0.9988,0,0.1169,10.681,0.3734,1]},
{"frame":25,"values":[0.9998,0.0187,-0.0021,0,-0.0185,0.9987,0.0485,0,0.003,-0.0484,0.9988,0,0.1169,10.681,0.3734,1]},
{"frame":26,"values":[0.9998,0.0186,-0.002,0,-0.0185,0.9986,0.0487,0,0.0029,-0.0487,0.9988,0,0.1169,10.681,0.3734,1]},
{"frame":27,"values":[0.9998,0.0186,-0.002,0,-0.0185,0.9986,0.0489,0,0.0029,-0.0488,0.9988,0,0.1169,10.681,0.3734,1]},
{"frame":28,"values":[0.9998,0.0188,-0.002,0,-0.0187,0.9986,0.0491,0,0.0029,-0.049,0.9988,0,0.1169,10.681,0.3734,1]},
{"frame":29,"values":[0.9998,0.0192,-0.0019,0,-0.0191,0.9986,0.0493,0,0.0029,-0.0492,0.9988,0,0.1169,10.681,0.3734,1]},
{"frame":30,"values":[0.9998,0.0195,-0.002,0,-0.0194,0.9986,0.0494,0,0.003,-0.0494,0.9988,0,0.1169,10.681,0.3734,1]},
{"frame":31,"values":[0.9998,0.0198,-0.0021,0,-0.0197,0.9986,0.0496,0,0.0031,-0.0495,0.9988,0,0.1169,10.681,0.3734,1]},
{"frame":32,"values":[0.9998,0.0202,-0.0023,0,-0.02,0.9986,0.0497,0,0.0033,-0.0497,0.9988,0,0.1169,10.681,0.3734,1]},
{"frame":33,"values":[0.9998,0.0206,-0.0026,0,-0.0204,0.9985,0.0501,0,0.0036,-0.05,0.9987,0,0.1169,10.681,0.3734,1]},
{"frame":34,"values":[0.9998,0.0209,-0.0028,0,-0.0208,0.9985,0.0504,0,0.0039,-0.0504,0.9987,0,0.1169,10.681,0.3734,1]},
{"frame":35,"values":[0.9998,0.0213,-0.003,0,-0.0211,0.9985,0.0508,0,0.0041,-0.0507,0.9987,0,0.1169,10.681,0.3734,1]},
{"frame":36,"values":[0.9998,0.0215,-0.0033,0,-0.0213,0.9985,0.0512,0,0.0044,-0.0512,0.9987,0,0.1169,10.681,0.3734,1]},
{"frame":37,"values":[0.9998,0.0216,-0.0036,0,-0.0214,0.9984,0.0517,0,0.0047,-0.0517,0.9987,0,0.1169,10.681,0.3734,1]},
{"frame":38,"values":[0.9998,0.0218,-0.004,0,-0.0216,0.9984,0.0523,0,0.0052,-0.0522,0.9986,0,0.1169,10.681,0.3734,1]},
{"frame":39,"values":[0.9997,0.0221,-0.0044,0,-0.0218,0.9984,0.0528,0,0.0056,-0.0527,0.9986,0,0.1169,10.681,0.3734,1]},
{"frame":40,"values":[0.9997,0.0223,-0.0047,0,-0.022,0.9983,0.0532,0,0.0059,-0.0531,0.9986,0,0.1169,10.681,0.3734,1]},
{"frame":41,"values":[0.9997,0.0224,-0.0051,0,-0.0221,0.9983,0.0537,0,0.0063,-0.0536,0.9985,0,0.1169,10.681,0.3734,1]},
{"frame":42,"values":[0.9997,0.0225,-0.0059,0,-0.0221,0.9983,0.0545,0,0.0071,-0.0544,0.9985,0,0.1169,10.681,0.3734,1]},
{"frame":43,"values":[0.9997,0.0226,-0.007,0,-0.0222,0.9982,0.0555,0,0.0082,-0.0553,0.9984,0,0.1169,10.681,0.3734,1]},
{"frame":44,"values":[0.9997,0.0229,-0.0081,0,-0.0224,0.9981,0.0567,0,0.0094,-0.0565,0.9984,0,0.1169,10.681,0.3734,1]},
{"frame":45,"values":[0.9997,0.0233,-0.0091,0,-0.0228,0.9981,0.0578,0,0.0105,-0.0576,0.9983,0,0.1169,10.681,0.3734,1]},
{"frame":46,"values":[0.9997,0.0239,-0.0104,0,-0.0232,0.998,0.0591,0,0.0118,-0.0588,0.9982,0,0.1169,10.681,0.3734,1]},
{"frame":47,"values":[0.9996,0.025,-0.0121,0,-0.0242,0.9979,0.0607,0,0.0136,-0.0603,0.9981,0,0.1169,10.681,0.3734,1]},
{"frame":48,"values":[0.9995,0.027,-0.0142,0,-0.0261,0.9977,0.0623,0,0.0159,-0.0619,0.998,0,0.1169,10.681,0.3734,1]},
{"frame":49,"values":[0.9994,0.03,-0.0161,0,-0.0289,0.9975,0.0637,0,0.018,-0.0632,0.9978,0,0.1169,10.681,0.3734,1]},
{"frame":50,"values":[0.9993,0.0331,-0.0174,0,-0.0319,0.9974,0.0645,0,0.0195,-0.0639,0.9978,0,0.1169,10.681,0.3734,1]},
{"frame":51,"values":[0.9992,0.0356,-0.0183,0,-0.0344,0.9973,0.0645,0,0.0205,-0.0638,0.9978,0,0.1169,10.681,0.3734,1]},
{"frame":52,"values":[0.9991,0.0375,-0.0188,0,-0.0362,0.9973,0.0641,0,0.0212,-0.0633,0.9978,0,0.1169,10.681,0.3734,1]},
{"frame":53,"values":[0.9991,0.0389,-0.0195,0,-0.0376,0.9973,0.0636,0,0.0219,-0.0628,0.9978,0,0.1169,10.681,0.3734,1]},
{"frame":54,"values":[0.999,0.0403,-0.0204,0,-0.039,0.9973,0.063,0,0.0229,-0.0621,0.9978,0,0.1169,10.681,0.3734,1]},
{"frame":55,"values":[0.9989,0.0416,-0.0215,0,-0.0402,0.9973,0.0622,0,0.024,-0.0613,0.9978,0,0.1169,10.681,0.3734,1]},
{"frame":56,"values":[0.9988,0.0426,-0.0225,0,-0.0412,0.9973,0.0612,0,0.0251,-0.0602,0.9979,0,0.1169,10.681,0.3734,1]},
{"frame":57,"values":[0.9988,0.0433,-0.0233,0,-0.0419,0.9973,0.0603,0,0.0259,-0.0593,0.9979,0,0.1169,10.681,0.3734,1]},
{"frame":58,"values":[0.9988,0.0439,-0.0238,0,-0.0424,0.9973,0.0597,0,0.0264,-0.0586,0.9979,0,0.1169,10.681,0.3734,1]},
{"frame":59,"values":[0.9987,0.0443,-0.0241,0,-0.0428,0.9973,0.0592,0,0.0267,-0.0581,0.998,0,0.1169,10.681,0.3734,1]},
{"frame":60,"values":[0.9987,0.0445,-0.0242,0,-0.043,0.9973,0.0588,0,0.0268,-0.0577,0.998,0,0.1169,10.681,0.3734,1]},
{"frame":61,"values":[0.9987,0.0446,-0.0243,0,-0.0431,0.9974,0.0584,0,0.0269,-0.0573,0.998,0,0.1169,10.681,0.3734,1]},
{"frame":62,"values":[0.9987,0.0444,-0.0246,0,-0.0429,0.9974,0.0582,0,0.0271,-0.0571,0.998,0,0.1169,10.681,0.3734,1]},
{"frame":63,"values":[0.9987,0.0442,-0.0249,0,-0.0427,0.9974,0.0581,0,0.0274,-0.057,0.998,0,0.1169,10.681,0.3734,1]},
{"frame":64,"values":[0.9987,0.0438,-0.0252,0,-0.0423,0.9974,0.0582,0,0.0277,-0.0571,0.998,0,0.1169,10.681,0.3734,1]},
{"frame":65,"values":[0.9987,0.0434,-0.0254,0,-0.0419,0.9974,0.0585,0,0.0278,-0.0573,0.998,0,0.1169,10.681,0.3734,1]},
{"frame":66,"values":[0.9988,0.043,-0.0253,0,-0.0414,0.9974,0.0588,0,0.0277,-0.0577,0.998,0,0.1169,10.681,0.3734,1]},
{"frame":67,"values":[0.9988,0.0426,-0.0251,0,-0.041,0.9974,0.059,0,0.0275,-0.0579,0.9979,0,0.1169,10.681,0.3734,1]},
{"frame":68,"values":[0.9988,0.0422,-0.0248,0,-0.0407,0.9974,0.0591,0,0.0272,-0.058,0.9979,0,0.1169,10.681,0.3734,1]},
{"frame":69,"values":[0.9988,0.0419,-0.0245,0,-0.0404,0.9974,0.059,0,0.0269,-0.058,0.998,0,0.1169,10.681,0.3734,1]},
{"frame":70,"values":[0.9988,0.0417,-0.0243,0,-0.0402,0.9975,0.059,0,0.0267,-0.0579,0.998,0,0.1169,10.681,0.3734,1]},
{"frame":71,"values":[0.9988,0.0415,-0.0242,0,-0.04,0.9975,0.059,0,0.0266,-0.058,0.998,0,0.1169,10.681,0.3734,1]},
{"frame":72,"values":[0.9989,0.0415,-0.024,0,-0.04,0.9975,0.0591,0,0.0264,-0.0581,0.998,0,0.1169,10.681,0.3734,1]},
{"frame":73,"values":[0.9989,0.0414,-0.0239,0,-0.04,0.9974,0.0591,0,0.0263,-0.0581,0.998,0,0.1169,10.681,0.3734,1]},
{"frame":74,"values":[0.9989,0.0414,-0.0239,0,-0.0399,0.9975,0.0592,0,0.0263,-0.0581,0.998,0,0.1169,10.681,0.3734,1]},
{"frame":75,"values":[0.9989,0.0414,-0.0239,0,-0.0399,0.9975,0.0591,0,0.0263,-0.0581,0.998,0,0.1169,10.681,0.3734,1]},
{"frame":76,"values":[0.9989,0.0415,-0.0238,0,-0.0401,0.9975,0.059,0,0.0262,-0.058,0.998,0,0.1169,10.681,0.3734,1]},
{"frame":77,"values":[0.9988,0.0417,-0.0237,0,-0.0403,0.9974,0.059,0,0.0261,-0.0579,0.998,0,0.1169,10.681,0.3734,1]},
{"frame":78,"values":[0.9988,0.0419,-0.0238,0,-0.0404,0.9974,0.059,0,0.0262,-0.058,0.998,0,0.1169,10.681,0.3734,1]},
{"frame":79,"values":[0.9988,0.042,-0.0239,0,-0.0406,0.9974,0.0591,0,0.0263,-0.058,0.998,0,0.1169,10.681,0.3734,1]},
{"frame":80,"values":[0.9988,0.0422,-0.0239,0,-0.0407,0.9974,0.059,0,0.0264,-0.058,0.998,0,0.1169,10.681,0.3734,1]},
{"frame":81,"values":[0.9988,0.0424,-0.024,0,-0.0409,0.9974,0.0589,0,0.0264,-0.0578,0.998,0,0.1169,10.681,0.3734,1]},
{"frame":82,"values":[0.9988,0.0425,-0.0241,0,-0.0411,0.9974,0.0588,0,0.0265,-0.0577,0.998,0,0.1169,10.681,0.3734,1]},
{"frame":83,"values":[0.9988,0.0427,-0.0242,0,-0.0412,0.9974,0.0587,0,0.0266,-0.0577,0.998,0,0.1169,10.681,0.3734,1]}],"loopBehavior":1,"name":"anim","property":"_matrix"}},
{"name":"Spine1","index":2,"matrix":[0.9996,0.0272,-0.0054,0,-0.0271,0.9994,0.0203,0,0.0059,-0.0201,0.9998,0,0,13.8404,0.0535,1],"rest":[1,0,0,0,0,1,0,0,0,0,1,0,0,13.8404,0.0535,1],"parentBoneIndex":1,"length":14.7173
,"animation":{"dataType":3,"framePerSecond":24,"keys":[
{"frame":1,"values":[0.9996,0.0272,-0.0054,0,-0.0271,0.9994,0.0203,0,0.0059,-0.0201,0.9998,0,0,13.8404,0.0535,1]},
{"frame":2,"values":[0.9996,0.0273,-0.0055,0,-0.0272,0.9994,0.0202,0,0.006,-0.02,0.9998,0,0,13.8404,0.0535,1]},
{"frame":3,"values":[0.9996,0.0275,-0.0055,0,-0.0274,0.9994,0.0201,0,0.006,-0.02,0.9998,0,0,13.8404,0.0535,1]},
{"frame":4,"values":[0.9996,0.0279,-0.0054,0,-0.0278,0.9994,0.0199,0,0.006,-0.0197,0.9998,0,0,13.8404,0.0535,1]},
{"frame":5,"values":[0.9996,0.0284,-0.0052,0,-0.0283,0.9994,0.0195,0,0.0057,-0.0194,0.9998,0,0,13.8404,0.0535,1]},
{"frame":6,"values":[0.9996,0.0288,-0.0039,0,-0.0287,0.9994,0.0189,0,0.0045,-0.0188,0.9998,0,0,13.8404,0.0535,1]},
{"frame":7,"values":[0.9996,0.0288,-0.0013,0,-0.0288,0.9994,0.018,0,0.0018,-0.0179,0.9998,0,0,13.8404,0.0535,1]},
{"frame":8,"values":[0.9996,0.0285,0.0027,0,-0.0285,0.9995,0.0165,0,-0.0023,-0.0166,0.9999,0,0,13.8404,0.0535,1]},
{"frame":9,"values":[0.9996,0.0278,0.0076,0,-0.0279,0.9995,0.0146,0,-0.0072,-0.0148,0.9999,0,0,13.8404,0.0535,1]},
{"frame":10,"values":[0.9996,0.0268,0.0125,0,-0.0269,0.9996,0.0122,0,-0.0122,-0.0126,0.9998,0,0,13.8404,0.0535,1]},
{"frame":11,"values":[0.9995,0.0256,0.0166,0,-0.0257,0.9996,0.0097,0,-0.0164,-0.0101,0.9998,0,0,13.8404,0.0535,1]},
{"frame":12,"values":[0.9995,0.024,0.0194,0,-0.0241,0.9997,0.0074,0,-0.0192,-0.0078,0.9998,0,0,13.8404,0.0535,1]},
{"frame":13,"values":[0.9995,0.022,0.0212,0,-0.0222,0.9997,0.0055,0,-0.0211,-0.006,0.9998,0,0,13.8404,0.0535,1]},
{"frame":14,"values":[0.9995,0.0194,0.0229,0,-0.0195,0.9998,0.0041,0,-0.0228,-0.0045,0.9997,0,0,13.8404,0.0535,1]},
{"frame":15,"values":[0.9996,0.0159,0.0246,0,-0.0159,0.9999,0.0029,0,-0.0245,-0.0033,0.9997,0,0,13.8404,0.0535,1]},
{"frame":16,"values":[0.9996,0.0114,0.0253,0,-0.0114,0.9999,0.0017,0,-0.0253,-0.002,0.9997,0,0,13.8404,0.0535,1]},
{"frame":17,"values":[0.9997,0.0067,0.0248,0,-0.0067,1,0.001,0,-0.0248,-0.0011,0.9997,0,0,13.8404,0.0535,1]},
{"frame":18,"values":[0.9997,0.0027,0.0247,0,-0.0027,1,0.001,0,-0.0247,-0.0011,0.9997,0,0,13.8404,0.0535,1]},
{"frame":19,"values":[0.9996,-0.0002,0.027,0,0.0002,1,0.0016,0,-0.027,-0.0016,0.9996,0,0,13.8404,0.0535,1]},
{"frame":20,"values":[0.9995,-0.002,0.0306,0,0.0019,1,0.0021,0,-0.0306,-0.0021,0.9995,0,0,13.8404,0.0535,1]},
{"frame":21,"values":[0.9995,-0.003,0.0325,0,0.0029,1,0.0023,0,-0.0325,-0.0022,0.9995,0,0,13.8404,0.0535,1]},
{"frame":22,"values":[0.9995,-0.0037,0.0321,0,0.0036,1,0.0024,0,-0.0321,-0.0023,0.9995,0,0,13.8404,0.0535,1]},
{"frame":23,"values":[0.9995,-0.0042,0.0312,0,0.0041,1,0.0027,0,-0.0312,-0.0026,0.9995,0,0,13.8404,0.0535,1]},
{"frame":24,"values":[0.9995,-0.0043,0.0311,0,0.0042,1,0.0032,0,-0.0311,-0.0031,0.9995,0,0,13.8404,0.0535,1]},
{"frame":25,"values":[0.9995,-0.0042,0.0314,0,0.0041,1,0.0038,0,-0.0314,-0.0036,0.9995,0,0,13.8404,0.0535,1]},
{"frame":26,"values":[0.9995,-0.004,0.0315,0,0.0039,1,0.004,0,-0.0316,-0.0039,0.9995,0,0,13.8404,0.0535,1]},
{"frame":27,"values":[0.9995,-0.0039,0.0315,0,0.0038,1,0.0042,0,-0.0316,-0.0041,0.9995,0,0,13.8404,0.0535,1]},
{"frame":28,"values":[0.9995,-0.0035,0.0316,0,0.0034,1,0.0044,0,-0.0316,-0.0042,0.9995,0,0,13.8404,0.0535,1]},
{"frame":29,"values":[0.9995,-0.0029,0.0317,0,0.0028,1,0.0045,0,-0.0317,-0.0045,0.9995,0,0,13.8404,0.0535,1]},
{"frame":30,"values":[0.9995,-0.0023,0.0316,0,0.0021,1,0.0047,0,-0.0316,-0.0046,0.9995,0,0,13.8404,0.0535,1]},
{"frame":31,"values":[0.9995,-0.0018,0.0314,0,0.0016,1,0.0048,0,-0.0314,-0.0047,0.9995,0,0,13.8404,0.0535,1]},
{"frame":32,"values":[0.9995,-0.0013,0.0311,0,0.0011,1,0.0049,0,-0.0311,-0.0049,0.9995,0,0,13.8404,0.0535,1]},
{"frame":33,"values":[0.9995,-0.0006,0.0307,0,0.0005,1,0.0053,0,-0.0307,-0.0053,0.9995,0,0,13.8404,0.0535,1]},
{"frame":34,"values":[0.9995,0,0.0303,0,-0.0002,1,0.0058,0,-0.0303,-0.0058,0.9995,0,0,13.8404,0.0535,1]},
{"frame":35,"values":[0.9995,0.0005,0.03,0,-0.0006,1,0.0063,0,-0.03,-0.0063,0.9995,0,0,13.8404,0.0535,1]},
{"frame":36,"values":[0.9996,0.0007,0.0296,0,-0.0009,1,0.0068,0,-0.0296,-0.0068,0.9995,0,0,13.8404,0.0535,1]},
{"frame":37,"values":[0.9996,0.001,0.0291,0,-0.0012,1,0.0074,0,-0.0291,-0.0074,0.9995,0,0,13.8404,0.0535,1]},
{"frame":38,"values":[0.9996,0.0012,0.0284,0,-0.0015,1,0.008,0,-0.0284,-0.0081,0.9996,0,0,13.8404,0.0535,1]},
{"frame":39,"values":[0.9996,0.0016,0.0278,0,-0.0018,1,0.0085,0,-0.0278,-0.0086,0.9996,0,0,13.8404,0.0535,1]},
{"frame":40,"values":[0.9996,0.0019,0.0273,0,-0.0022,1,0.009,0,-0.0273,-0.0091,0.9996,0,0,13.8404,0.0535,1]},
{"frame":41,"values":[0.9996,0.0022,0.0266,0,-0.0025,0.9999,0.0098,0,-0.0266,-0.0098,0.9996,0,0,13.8404,0.0535,1]},
{"frame":42,"values":[0.9997,0.0025,0.0253,0,-0.0028,0.9999,0.0108,0,-0.0253,-0.0109,0.9996,0,0,13.8404,0.0535,1]},
{"frame":43,"values":[0.9997,0.0029,0.0234,0,-0.0032,0.9999,0.0122,0,-0.0234,-0.0123,0.9997,0,0,13.8404,0.0535,1]},
{"frame":44,"values":[0.9998,0.0034,0.0216,0,-0.0037,0.9999,0.0137,0,-0.0215,-0.0138,0.9997,0,0,13.8404,0.0535,1]},
{"frame":45,"values":[0.9998,0.0042,0.0198,0,-0.0045,0.9999,0.0154,0,-0.0198,-0.0154,0.9997,0,0,13.8404,0.0535,1]},
{"frame":46,"values":[0.9998,0.0053,0.0178,0,-0.0056,0.9998,0.0172,0,-0.0177,-0.0173,0.9997,0,0,13.8404,0.0535,1]},
{"frame":47,"values":[0.9999,0.0072,0.0148,0,-0.0075,0.9998,0.0195,0,-0.0147,-0.0196,0.9997,0,0,13.8404,0.0535,1]},
{"frame":48,"values":[0.9999,0.0103,0.0114,0,-0.0106,0.9997,0.0219,0,-0.0112,-0.022,0.9997,0,0,13.8404,0.0535,1]},
{"frame":49,"values":[0.9999,0.0143,0.0083,0,-0.0145,0.9996,0.0238,0,-0.008,-0.0239,0.9997,0,0,13.8404,0.0535,1]},
{"frame":50,"values":[0.9998,0.0184,0.0062,0,-0.0186,0.9995,0.0248,0,-0.0057,-0.0249,0.9997,0,0,13.8404,0.0535,1]},
{"frame":51,"values":[0.9997,0.0219,0.0049,0,-0.022,0.9994,0.025,0,-0.0043,-0.0251,0.9997,0,0,13.8404,0.0535,1]},
{"frame":52,"values":[0.9997,0.0246,0.004,0,-0.0246,0.9994,0.0248,0,-0.0033,-0.0249,0.9997,0,0,13.8404,0.0535,1]},
{"frame":53,"values":[0.9996,0.0268,0.0029,0,-0.0268,0.9993,0.0245,0,-0.0022,-0.0245,0.9997,0,0,13.8404,0.0535,1]},
{"frame":54,"values":[0.9996,0.0288,0.0014,0,-0.0288,0.9993,0.0239,0,-0.0007,-0.024,0.9997,0,0,13.8404,0.0535,1]},
{"frame":55,"values":[0.9995,0.0306,-0.0004,0,-0.0306,0.9993,0.0231,0,0.0011,-0.0231,0.9997,0,0,13.8404,0.0535,1]},
{"frame":56,"values":[0.9995,0.032,-0.002,0,-0.032,0.9992,0.0221,0,0.0027,-0.022,0.9998,0,0,13.8404,0.0535,1]},
{"frame":57,"values":[0.9994,0.033,-0.0033,0,-0.0329,0.9992,0.0212,0,0.004,-0.0211,0.9998,0,0,13.8404,0.0535,1]},
{"frame":58,"values":[0.9994,0.0337,-0.0041,0,-0.0336,0.9992,0.0205,0,0.0048,-0.0204,0.9998,0,0,13.8404,0.0535,1]},
{"frame":59,"values":[0.9994,0.0341,-0.0045,0,-0.0341,0.9992,0.02,0,0.0052,-0.0198,0.9998,0,0,13.8404,0.0535,1]},
{"frame":60,"values":[0.9994,0.0343,-0.0047,0,-0.0342,0.9992,0.0194,0,0.0053,-0.0192,0.9998,0,0,13.8404,0.0535,1]},
{"frame":61,"values":[0.9994,0.0343,-0.0048,0,-0.0342,0.9992,0.0189,0,0.0055,-0.0188,0.9998,0,0,13.8404,0.0535,1]},
{"frame":62,"values":[0.9994,0.034,-0.0053,0,-0.0339,0.9993,0.0187,0,0.0059,-0.0185,0.9998,0,0,13.8404,0.0535,1]},
{"frame":63,"values":[0.9994,0.0336,-0.0059,0,-0.0335,0.9993,0.0186,0,0.0065,-0.0184,0.9998,0,0,13.8404,0.0535,1]},
{"frame":64,"values":[0.9994,0.033,-0.0065,0,-0.0329,0.9993,0.0188,0,0.0071,-0.0186,0.9998,0,0,13.8404,0.0535,1]},
{"frame":65,"values":[0.9995,0.0323,-0.0067,0,-0.0321,0.9993,0.0192,0,0.0074,-0.019,0.9998,0,0,13.8404,0.0535,1]},
{"frame":66,"values":[0.9995,0.0315,-0.0067,0,-0.0313,0.9993,0.0197,0,0.0073,-0.0194,0.9998,0,0,13.8404,0.0535,1]},
{"frame":67,"values":[0.9995,0.0307,-0.0064,0,-0.0305,0.9993,0.02,0,0.007,-0.0198,0.9998,0,0,13.8404,0.0535,1]},
{"frame":68,"values":[0.9995,0.0299,-0.006,0,-0.0297,0.9994,0.0202,0,0.0066,-0.02,0.9998,0,0,13.8404,0.0535,1]},
{"frame":69,"values":[0.9996,0.0291,-0.0056,0,-0.029,0.9994,0.0201,0,0.0062,-0.02,0.9998,0,0,13.8404,0.0535,1]},
{"frame":70,"values":[0.9996,0.0285,-0.0053,0,-0.0284,0.9994,0.0201,0,0.0059,-0.02,0.9998,0,0,13.8404,0.0535,1]},
{"frame":71,"values":[0.9996,0.0281,-0.0051,0,-0.028,0.9994,0.0202,0,0.0057,-0.02,0.9998,0,0,13.8404,0.0535,1]},
{"frame":72,"values":[0.9996,0.0278,-0.0049,0,-0.0276,0.9994,0.0203,0,0.0055,-0.0201,0.9998,0,0,13.8404,0.0535,1]},
{"frame":73,"values":[0.9996,0.0275,-0.0048,0,-0.0274,0.9994,0.0204,0,0.0054,-0.0202,0.9998,0,0,13.8404,0.0535,1]},
{"frame":74,"values":[0.9996,0.0272,-0.0048,0,-0.0271,0.9994,0.0205,0,0.0053,-0.0203,0.9998,0,0,13.8404,0.0535,1]},
{"frame":75,"values":[0.9996,0.0269,-0.0047,0,-0.0268,0.9994,0.0204,0,0.0053,-0.0203,0.9998,0,0,13.8404,0.0535,1]},
{"frame":76,"values":[0.9996,0.0268,-0.0046,0,-0.0267,0.9994,0.0203,0,0.0051,-0.0202,0.9998,0,0,13.8404,0.0535,1]},
{"frame":77,"values":[0.9996,0.0268,-0.0045,0,-0.0267,0.9994,0.0203,0,0.0051,-0.0202,0.9998,0,0,13.8404,0.0535,1]},
{"frame":78,"values":[0.9996,0.0267,-0.0047,0,-0.0266,0.9994,0.0204,0,0.0052,-0.0203,0.9998,0,0,13.8404,0.0535,1]},
{"frame":79,"values":[0.9996,0.0268,-0.0048,0,-0.0267,0.9994,0.0205,0,0.0054,-0.0204,0.9998,0,0,13.8404,0.0535,1]},
{"frame":80,"values":[0.9996,0.0268,-0.005,0,-0.0267,0.9994,0.0205,0,0.0056,-0.0203,0.9998,0,0,13.8404,0.0535,1]},
{"frame":81,"values":[0.9996,0.027,-0.0051,0,-0.0269,0.9994,0.0203,0,0.0057,-0.0202,0.9998,0,0,13.8404,0.0535,1]},
{"frame":82,"values":[0.9996,0.0271,-0.0052,0,-0.027,0.9994,0.0202,0,0.0058,-0.0201,0.9998,0,0,13.8404,0.0535,1]},
{"frame":83,"values":[0.9996,0.0272,-0.0054,0,-0.0271,0.9994,0.0203,0,0.0059,-0.0201,0.9998,0,0,13.8404,0.0535,1]}],"loopBehavior":1,"name":"anim","property":"_matrix"}},
{"name":"Spine2","index":3,"matrix":[0.9996,0.0273,-0.0058,0,-0.0272,0.9994,0.0198,0,0.0063,-0.0197,0.9998,0,0,14.7127,-0.3662,1],"rest":[1,0,0,0,0,1,0,0,0,0,1,0,0,14.7127,-0.3662,1],"parentBoneIndex":2,"length":31.8652
,"animation":{"dataType":3,"framePerSecond":24,"keys":[
{"frame":1,"values":[0.9996,0.0273,-0.0058,0,-0.0272,0.9994,0.0198,0,0.0063,-0.0197,0.9998,0,0,14.7127,-0.3662,1]},
{"frame":2,"values":[0.9996,0.0274,-0.0059,0,-0.0272,0.9994,0.0198,0,0.0064,-0.0196,0.9998,0,0,14.7127,-0.3662,1]},
{"frame":3,"values":[0.9996,0.0276,-0.0059,0,-0.0275,0.9994,0.0197,0,0.0064,-0.0195,0.9998,0,0,14.7127,-0.3662,1]},
{"frame":4,"values":[0.9996,0.028,-0.0058,0,-0.0279,0.9994,0.0195,0,0.0064,-0.0193,0.9998,0,0,14.7127,-0.3662,1]},
{"frame":5,"values":[0.9996,0.0285,-0.0055,0,-0.0284,0.9994,0.0191,0,0.0061,-0.0189,0.9998,0,0,14.7127,-0.3662,1]},
{"frame":6,"values":[0.9996,0.0288,-0.0043,0,-0.0287,0.9994,0.0185,0,0.0048,-0.0183,0.9998,0,0,14.7127,-0.3662,1]},
{"frame":7,"values":[0.9996,0.0288,-0.0017,0,-0.0288,0.9994,0.0175,0,0.0022,-0.0175,0.9998,0,0,14.7127,-0.3662,1]},
{"frame":8,"values":[0.9996,0.0284,0.0024,0,-0.0285,0.9995,0.016,0,-0.0019,-0.0161,0.9999,0,0,14.7127,-0.3662,1]},
{"frame":9,"values":[0.9996,0.0277,0.0073,0,-0.0278,0.9995,0.0141,0,-0.0069,-0.0143,0.9999,0,0,14.7127,-0.3662,1]},
{"frame":10,"values":[0.9996,0.0267,0.0122,0,-0.0268,0.9996,0.0117,0,-0.0118,-0.012,0.9999,0,0,14.7127,-0.3662,1]},
{"frame":11,"values":[0.9995,0.0254,0.0162,0,-0.0255,0.9996,0.0091,0,-0.016,-0.0095,0.9998,0,0,14.7127,-0.3662,1]},
{"frame":12,"values":[0.9995,0.0238,0.0189,0,-0.0239,0.9997,0.0068,0,-0.0188,-0.0072,0.9998,0,0,14.7127,-0.3662,1]},
{"frame":13,"values":[0.9995,0.0218,0.0207,0,-0.0219,0.9997,0.0049,0,-0.0206,-0.0054,0.9998,0,0,14.7127,-0.3662,1]},
{"frame":14,"values":[0.9996,0.0192,0.0224,0,-0.0193,0.9998,0.0036,0,-0.0223,-0.004,0.9997,0,0,14.7127,-0.3662,1]},
{"frame":15,"values":[0.9996,0.0156,0.024,0,-0.0156,0.9999,0.0024,0,-0.0239,-0.0028,0.9997,0,0,14.7127,-0.3662,1]},
{"frame":16,"values":[0.9996,0.011,0.0246,0,-0.0111,0.9999,0.0013,0,-0.0246,-0.0016,0.9997,0,0,14.7127,-0.3662,1]},
{"frame":17,"values":[0.9997,0.0063,0.024,0,-0.0063,1,0.0007,0,-0.024,-0.0008,0.9997,0,0,14.7127,-0.3662,1]},
{"frame":18,"values":[0.9997,0.0023,0.0239,0,-0.0023,1,0.0008,0,-0.0239,-0.0008,0.9997,0,0,14.7127,-0.3662,1]},
{"frame":19,"values":[0.9997,-0.0006,0.0261,0,0.0006,1,0.0014,0,-0.0261,-0.0013,0.9997,0,0,14.7127,-0.3662,1]},
{"frame":20,"values":[0.9996,-0.0024,0.0296,0,0.0023,1,0.0019,0,-0.0296,-0.0018,0.9996,0,0,14.7127,-0.3662,1]},
{"frame":21,"values":[0.9995,-0.0034,0.0316,0,0.0033,1,0.0021,0,-0.0316,-0.002,0.9995,0,0,14.7127,-0.3662,1]},
{"frame":22,"values":[0.9995,-0.0041,0.0312,0,0.004,1,0.0022,0,-0.0312,-0.002,0.9995,0,0,14.7127,-0.3662,1]},
{"frame":23,"values":[0.9995,-0.0046,0.0302,0,0.0045,1,0.0024,0,-0.0302,-0.0023,0.9995,0,0,14.7127,-0.3662,1]},
{"frame":24,"values":[0.9995,-0.0047,0.0301,0,0.0046,1,0.003,0,-0.0302,-0.0028,0.9995,0,0,14.7127,-0.3662,1]},
{"frame":25,"values":[0.9995,-0.0046,0.0305,0,0.0045,1,0.0035,0,-0.0305,-0.0034,0.9995,0,0,14.7127,-0.3662,1]},
{"frame":26,"values":[0.9995,-0.0044,0.0306,0,0.0043,1,0.0038,0,-0.0306,-0.0037,0.9995,0,0,14.7127,-0.3662,1]},
{"frame":27,"values":[0.9995,-0.0043,0.0306,0,0.0042,1,0.004,0,-0.0306,-0.0038,0.9995,0,0,14.7127,-0.3662,1]},
{"frame":28,"values":[0.9995,-0.0039,0.0307,0,0.0038,1,0.0041,0,-0.0307,-0.004,0.9995,0,0,14.7127,-0.3662,1]},
{"frame":29,"values":[0.9995,-0.0033,0.0308,0,0.0031,1,0.0043,0,-0.0308,-0.0042,0.9995,0,0,14.7127,-0.3662,1]},
{"frame":30,"values":[0.9995,-0.0026,0.0308,0,0.0025,1,0.0044,0,-0.0308,-0.0043,0.9995,0,0,14.7127,-0.3662,1]},
{"frame":31,"values":[0.9995,-0.0021,0.0306,0,0.002,1,0.0045,0,-0.0306,-0.0044,0.9995,0,0,14.7127,-0.3662,1]},
{"frame":32,"values":[0.9995,-0.0016,0.0303,0,0.0015,1,0.0047,0,-0.0303,-0.0046,0.9995,0,0,14.7127,-0.3662,1]},
{"frame":33,"values":[0.9996,-0.001,0.0299,0,0.0008,1,0.0051,0,-0.0299,-0.005,0.9995,0,0,14.7127,-0.3662,1]},
{"frame":34,"values":[0.9996,-0.0003,0.0295,0,0.0002,1,0.0055,0,-0.0295,-0.0055,0.9995,0,0,14.7127,-0.3662,1]},
{"frame":35,"values":[0.9996,0.0001,0.0292,0,-0.0003,1,0.006,0,-0.0292,-0.006,0.9996,0,0,14.7127,-0.3662,1]},
{"frame":36,"values":[0.9996,0.0004,0.0288,0,-0.0006,1,0.0065,0,-0.0288,-0.0065,0.9996,0,0,14.7127,-0.3662,1]},
{"frame":37,"values":[0.9996,0.0007,0.0283,0,-0.0009,1,0.0071,0,-0.0283,-0.0071,0.9996,0,0,14.7127,-0.3662,1]},
{"frame":38,"values":[0.9996,0.001,0.0276,0,-0.0012,1,0.0077,0,-0.0276,-0.0077,0.9996,0,0,14.7127,-0.3662,1]},
{"frame":39,"values":[0.9996,0.0013,0.027,0,-0.0016,1,0.0082,0,-0.027,-0.0082,0.9996,0,0,14.7127,-0.3662,1]},
{"frame":40,"values":[0.9996,0.0017,0.0266,0,-0.0019,1,0.0087,0,-0.0266,-0.0088,0.9996,0,0,14.7127,-0.3662,1]},
{"frame":41,"values":[0.9997,0.002,0.0259,0,-0.0023,1,0.0094,0,-0.0258,-0.0095,0.9996,0,0,14.7127,-0.3662,1]},
{"frame":42,"values":[0.9997,0.0024,0.0245,0,-0.0026,0.9999,0.0105,0,-0.0245,-0.0106,0.9996,0,0,14.7127,-0.3662,1]},
{"frame":43,"values":[0.9997,0.0028,0.0227,0,-0.003,0.9999,0.0119,0,-0.0227,-0.0119,0.9997,0,0,14.7127,-0.3662,1]},
{"frame":44,"values":[0.9998,0.0033,0.0208,0,-0.0036,0.9999,0.0134,0,-0.0208,-0.0135,0.9997,0,0,14.7127,-0.3662,1]},
{"frame":45,"values":[0.9998,0.0041,0.0191,0,-0.0044,0.9999,0.015,0,-0.019,-0.0151,0.9997,0,0,14.7127,-0.3662,1]},
{"frame":46,"values":[0.9998,0.0052,0.0171,0,-0.0055,0.9998,0.0169,0,-0.017,-0.017,0.9997,0,0,14.7127,-0.3662,1]},
{"frame":47,"values":[0.9999,0.0072,0.0142,0,-0.0075,0.9998,0.0192,0,-0.014,-0.0193,0.9997,0,0,14.7127,-0.3662,1]},
{"frame":48,"values":[0.9999,0.0103,0.0108,0,-0.0106,0.9997,0.0215,0,-0.0106,-0.0216,0.9997,0,0,14.7127,-0.3662,1]},
{"frame":49,"values":[0.9999,0.0144,0.0078,0,-0.0146,0.9996,0.0234,0,-0.0075,-0.0235,0.9997,0,0,14.7127,-0.3662,1]},
{"frame":50,"values":[0.9998,0.0185,0.0057,0,-0.0187,0.9995,0.0244,0,-0.0052,-0.0245,0.9997,0,0,14.7127,-0.3662,1]},
{"frame":51,"values":[0.9997,0.022,0.0044,0,-0.0221,0.9995,0.0246,0,-0.0039,-0.0247,0.9997,0,0,14.7127,-0.3662,1]},
{"frame":52,"values":[0.9997,0.0246,0.0036,0,-0.0247,0.9994,0.0244,0,-0.003,-0.0245,0.9997,0,0,14.7127,-0.3662,1]},
{"frame":53,"values":[0.9996,0.0268,0.0025,0,-0.0269,0.9994,0.024,0,-0.0019,-0.0241,0.9997,0,0,14.7127,-0.3662,1]},
{"frame":54,"values":[0.9996,0.0289,0.0011,0,-0.0289,0.9993,0.0235,0,-0.0004,-0.0235,0.9997,0,0,14.7127,-0.3662,1]},
{"frame":55,"values":[0.9995,0.0307,-0.0007,0,-0.0307,0.9993,0.0226,0,0.0014,-0.0226,0.9997,0,0,14.7127,-0.3662,1]},
{"frame":56,"values":[0.9995,0.0321,-0.0023,0,-0.032,0.9993,0.0216,0,0.003,-0.0216,0.9998,0,0,14.7127,-0.3662,1]},
{"frame":57,"values":[0.9994,0.0331,-0.0036,0,-0.033,0.9992,0.0207,0,0.0042,-0.0206,0.9998,0,0,14.7127,-0.3662,1]},
{"frame":58,"values":[0.9994,0.0338,-0.0044,0,-0.0337,0.9992,0.0201,0,0.005,-0.0199,0.9998,0,0,14.7127,-0.3662,1]},
{"frame":59,"values":[0.9994,0.0342,-0.0048,0,-0.0341,0.9992,0.0195,0,0.0054,-0.0193,0.9998,0,0,14.7127,-0.3662,1]},
{"frame":60,"values":[0.9994,0.0344,-0.0049,0,-0.0343,0.9992,0.0189,0,0.0056,-0.0188,0.9998,0,0,14.7127,-0.3662,1]},
{"frame":61,"values":[0.9994,0.0343,-0.0051,0,-0.0342,0.9992,0.0185,0,0.0057,-0.0183,0.9998,0,0,14.7127,-0.3662,1]},
{"frame":62,"values":[0.9994,0.0341,-0.0055,0,-0.034,0.9993,0.0182,0,0.0062,-0.018,0.9998,0,0,14.7127,-0.3662,1]},
{"frame":63,"values":[0.9994,0.0337,-0.0062,0,-0.0335,0.9993,0.0182,0,0.0068,-0.018,0.9998,0,0,14.7127,-0.3662,1]},
{"frame":64,"values":[0.9994,0.0331,-0.0068,0,-0.0329,0.9993,0.0184,0,0.0074,-0.0181,0.9998,0,0,14.7127,-0.3662,1]},
{"frame":65,"values":[0.9995,0.0324,-0.0071,0,-0.0322,0.9993,0.0187,0,0.0077,-0.0185,0.9998,0,0,14.7127,-0.3662,1]},
{"frame":66,"values":[0.9995,0.0316,-0.007,0,-0.0314,0.9993,0.0192,0,0.0076,-0.019,0.9998,0,0,14.7127,-0.3662,1]},
{"frame":67,"values":[0.9995,0.0307,-0.0067,0,-0.0306,0.9993,0.0196,0,0.0073,-0.0194,0.9998,0,0,14.7127,-0.3662,1]},
{"frame":68,"values":[0.9995,0.03,-0.0063,0,-0.0298,0.9994,0.0197,0,0.0069,-0.0195,0.9998,0,0,14.7127,-0.3662,1]},
{"frame":69,"values":[0.9996,0.0292,-0.006,0,-0.0291,0.9994,0.0197,0,0.0065,-0.0195,0.9998,0,0,14.7127,-0.3662,1]},
{"frame":70,"values":[0.9996,0.0286,-0.0057,0,-0.0285,0.9994,0.0197,0,0.0063,-0.0195,0.9998,0,0,14.7127,-0.3662,1]},
{"frame":71,"values":[0.9996,0.0281,-0.0055,0,-0.028,0.9994,0.0197,0,0.006,-0.0196,0.9998,0,0,14.7127,-0.3662,1]},
{"frame":72,"values":[0.9996,0.0278,-0.0053,0,-0.0277,0.9994,0.0198,0,0.0058,-0.0197,0.9998,0,0,14.7127,-0.3662,1]},
{"frame":73,"values":[0.9996,0.0275,-0.0052,0,-0.0274,0.9994,0.0199,0,0.0057,-0.0198,0.9998,0,0,14.7127,-0.3662,1]},
{"frame":74,"values":[0.9996,0.0272,-0.0052,0,-0.0271,0.9994,0.02,0,0.0057,-0.0199,0.9998,0,0,14.7127,-0.3662,1]},
{"frame":75,"values":[0.9996,0.027,-0.0051,0,-0.0269,0.9994,0.02,0,0.0057,-0.0198,0.9998,0,0,14.7127,-0.3662,1]},
