{"producer":{"name":"Blender","version":"2.90.0","exporter_version":"2.80.1","file":"option_wave.babylon"},
"autoClear":true,"clearColor":[0.0509,0.0509,0.0509],"gravity":[0,-9.81,0],
"materials":[{"name":"Material","id":"Material","customType":"BABYLON.PBRMaterial","backFaceCulling":true,"checkReadyOnlyOnce":false,"maxSimultaneousLights":4,"environmentIntensity":1,"albedo":[0.8,0.8,0.8],"reflectivity":[0.5,0.5,0.5],"roughness":0.4,"alpha":1,"transparencyMode":0,"alphaCutOff":0.4,"metallic":0}],
"multiMaterials":[],
"skeletons":[{"name":"Armature","id":0,"dimensionsAtRest":[232.1761,222.9347,36.3014],"bones":[
{"name":"Hips","index":0,"matrix":[1,-0.001,0.0082,0,0.0006,0.9988,0.0481,0,0.0082,0.0481,-0.9988,0,-0.094,88.5077,-1.9752,1],"rest":[1,0,0,0,0,1,0,0,0,0,-1,0,0,89.0054,0,1],"parentBoneIndex":-1,"length":14.2998
,"animation":{"dataType":3,"framePerSecond":24,"keys":[
{"frame":1,"values":[1,-0.001,0.0082,0,0.0006,0.9988,0.0481,0,0.0082,0.0481,-0.9988,0,-0.094,88.5077,-1.9752,1]},
{"frame":2,"values":[1,-0.001,0.0075,0,0.0006,0.9988,0.0487,0,0.0076,0.0487,-0.9988,0,-0.0922,88.512,-2.002,1]},
{"frame":3,"values":[1,-0.001,0.0067,0,0.0007,0.9988,0.0491,0,0.0067,0.0491,-0.9988,0,-0.0947,88.5128,-2.0263,1]},
{"frame":4,"values":[1,-0.001,0.006,0,0.0007,0.9988,0.0488,0,0.006,0.0488,-0.9988,0,-0.1021,88.5108,-2.0405,1]},
{"frame":5,"values":[1,-0.0007,0.0056,0,0.0005,0.9988,0.0489,0,0.0056,0.0489,-0.9988,0,-0.1058,88.513,-2.0577,1]},
{"frame":6,"values":[1,-0.0006,0.005,0,0.0003,0.9988,0.049,0,0.005,0.049,-0.9988,0,-0.1096,88.5178,-2.0823,1]},
{"frame":7,"values":[1,-0.0004,0.0048,0,0.0001,0.9988,0.0488,0,0.0048,0.0488,-0.9988,0,-0.1201,88.5141,-2.1036,1]},
{"frame":8,"values":[1,0.0003,0.0043,0,-0.0005,0.9988,0.0487,0,0.0043,0.0487,-0.9988,0,-0.134,88.5082,-2.1224,1]},
{"frame":9,"values":[1,0.0008,0.0041,0,-0.001,0.9989,0.0479,0,0.0041,0.0479,-0.9988,0,-0.1583,88.5031,-2.1529,1]},
{"frame":10,"values":[1,0.0013,0.0053,0,-0.0015,0.9989,0.0465,0,0.0052,0.0466,-0.9989,0,-0.184,88.5016,-2.1974,1]},
{"frame":11,"values":[1,0.0017,0.0053,0,-0.0019,0.999,0.0449,0,0.0052,0.0449,-0.999,0,-0.1944,88.5052,-2.2418,1]},
{"frame":12,"values":[1,0.0013,0.0031,0,-0.0014,0.9991,0.0434,0,0.003,0.0434,-0.9991,0,-0.1867,88.5082,-2.2942,1]},
{"frame":13,"values":[1,0.0009,-0.0009,0,-0.0008,0.999,0.0439,0,-0.001,0.0439,-0.999,0,-0.1403,88.5097,-2.3424,1]},
{"frame":14,"values":[1,0.0007,-0.0064,0,-0.0004,0.999,0.0449,0,-0.0064,0.0449,-0.999,0,-0.0663,88.512,-2.3754,1]},
{"frame":15,"values":[0.9999,0.0003,-0.0105,0,0.0002,0.9989,0.0463,0,-0.0105,0.0463,-0.9989,0,0.0206,88.5172,-2.3882,1]},
{"frame":16,"values":[0.9999,0,-0.0124,0,0.0006,0.9988,0.0482,0,-0.0124,0.0482,-0.9988,0,0.1034,88.515,-2.394,1]},
{"frame":17,"values":[0.9999,-0.0004,-0.0134,0,0.0011,0.9987,0.0502,0,-0.0134,0.0502,-0.9986,0,0.159,88.5106,-2.4021,1]},
{"frame":18,"values":[0.9999,-0.0006,-0.0136,0,0.0013,0.9986,0.0525,0,-0.0135,0.0525,-0.9985,0,0.1814,88.5157,-2.4143,1]},
{"frame":19,"values":[0.9999,-0.0006,-0.0139,0,0.0014,0.9985,0.0542,0,-0.0139,0.0542,-0.9984,0,0.1753,88.5293,-2.429,1]},
{"frame":20,"values":[0.9999,-0.0004,-0.0153,0,0.0012,0.9985,0.0549,0,-0.0153,0.0549,-0.9984,0,0.1311,88.5504,-2.455,1]},
{"frame":21,"values":[0.9998,0.0008,-0.0178,0,0.0002,0.9985,0.0556,0,-0.0179,0.0556,-0.9983,0,0.0552,88.5743,-2.5135,1]},
{"frame":22,"values":[0.9998,0.0009,-0.0212,0,0.0003,0.9984,0.0564,0,-0.0212,0.0564,-0.9982,0,-0.0482,88.5908,-2.597,1]},
{"frame":23,"values":[0.9996,-0.0004,-0.0275,0,0.002,0.9984,0.0568,0,-0.0274,0.0568,-0.998,0,-0.1585,88.5955,-2.6864,1]},
{"frame":24,"values":[0.9994,-0.001,-0.0355,0,0.0031,0.9984,0.0568,0,-0.0354,0.0568,-0.9978,0,-0.2541,88.5895,-2.7726,1]},
{"frame":25,"values":[0.9992,-0.0018,-0.0411,0,0.0042,0.9983,0.0576,0,-0.0409,0.0577,-0.9975,0,-0.3272,88.5908,-2.8604,1]},
{"frame":26,"values":[0.9991,-0.0028,-0.0432,0,0.0053,0.9983,0.0583,0,-0.043,0.0584,-0.9974,0,-0.3781,88.5837,-2.9243,1]},
{"frame":27,"values":[0.9992,-0.0048,-0.0404,0,0.0071,0.9983,0.0581,0,-0.0401,0.0583,-0.9975,0,-0.398,88.5662,-2.9733,1]},
{"frame":28,"values":[0.9996,-0.0071,-0.0265,0,0.0085,0.9985,0.0545,0,-0.0261,0.0547,-0.9982,0,-0.3711,88.5409,-3.0245,1]},
{"frame":29,"values":[1,-0.007,-0.007,0,0.0073,0.9987,0.0502,0,-0.0067,0.0502,-0.9987,0,-0.2993,88.5423,-3.0728,1]},
{"frame":30,"values":[0.9999,-0.0049,0.0119,0,0.0043,0.9989,0.0465,0,0.0121,0.0464,-0.9988,0,-0.1992,88.5425,-3.1184,1]},
{"frame":31,"values":[0.9997,-0.0018,0.0257,0,0.0006,0.999,0.0454,0,0.0258,0.0454,-0.9986,0,-0.0834,88.547,-3.1729,1]},
{"frame":32,"values":[0.9994,-0.0007,0.0359,0,-0.0009,0.999,0.0447,0,0.0359,0.0447,-0.9984,0,0.0081,88.5311,-3.216,1]},
{"frame":33,"values":[0.9992,-0.0013,0.039,0,-0.0005,0.999,0.0444,0,0.039,0.0444,-0.9983,0,0.0874,88.5001,-3.2815,1]},
{"frame":34,"values":[0.9993,-0.0027,0.0367,0,0.001,0.9989,0.0458,0,0.0368,0.0457,-0.9983,0,0.1538,88.4889,-3.3441,1]},
{"frame":35,"values":[0.9995,-0.0023,0.0318,0,0.0009,0.999,0.0449,0,0.0318,0.0449,-0.9985,0,0.2065,88.4883,-3.395,1]},
{"frame":36,"values":[0.9997,-0.0008,0.0239,0,-0.0003,0.999,0.0439,0,0.0239,0.0439,-0.9987,0,0.2285,88.4854,-3.4293,1]},
{"frame":37,"values":[1,-0.0007,0.0038,0,0.0005,0.999,0.044,0,0.0038,0.044,-0.999,0,0.2718,88.4562,-3.4389,1]},
{"frame":38,"values":[0.9997,-0.0015,-0.0246,0,0.0027,0.9989,0.0459,0,-0.0245,0.046,-0.9986,0,0.3324,88.4485,-3.4337,1]},
{"frame":39,"values":[0.9985,-0.0028,-0.0543,0,0.0053,0.999,0.0449,0,-0.0542,0.0451,-0.9975,0,0.3661,88.4371,-3.4127,1]},
{"frame":40,"values":[0.9969,-0.0045,-0.0784,0,0.0078,0.9991,0.0422,0,-0.0782,0.0427,-0.996,0,0.3703,88.4604,-3.4016,1]},
{"frame":41,"values":[0.9954,-0.0063,-0.0956,0,0.0101,0.9991,0.04,0,-0.0953,0.0408,-0.9946,0,0.3625,88.4742,-3.394,1]},
{"frame":42,"values":[0.9943,-0.0089,-0.1066,0,0.013,0.9992,0.0381,0,-0.1062,0.0393,-0.9936,0,0.3452,88.4618,-3.4082,1]},
{"frame":43,"values":[0.9938,-0.0113,-0.1109,0,0.0155,0.9992,0.0371,0,-0.1104,0.0386,-0.9931,0,0.3257,88.4576,-3.4407,1]},
{"frame":44,"values":[0.9939,-0.0131,-0.1096,0,0.0172,0.9992,0.0366,0,-0.1091,0.0383,-0.9933,0,0.3169,88.4592,-3.4842,1]},
{"frame":45,"values":[0.9947,-0.0147,-0.102,0,0.0184,0.9992,0.0357,0,-0.1014,0.0374,-0.9941,0,0.3311,88.4509,-3.5405,1]},
{"frame":46,"values":[0.9958,-0.0164,-0.0903,0,0.0197,0.9992,0.0349,0,-0.0896,0.0365,-0.9953,0,0.384,88.425,-3.5978,1]},
{"frame":47,"values":[0.9968,-0.0165,-0.0777,0,0.0193,0.9992,0.0354,0,-0.0771,0.0368,-0.9963,0,0.4589,88.4206,-3.6661,1]},
{"frame":48,"values":[0.9978,-0.015,-0.065,0,0.0174,0.9992,0.0369,0,-0.0644,0.038,-0.9972,0,0.5266,88.4237,-3.7261,1]},
{"frame":49,"values":[0.9987,-0.0136,-0.049,0,0.0155,0.9991,0.0396,0,-0.0484,0.0403,-0.998,0,0.5782,88.4302,-3.749,1]},
{"frame":50,"values":[0.9994,-0.0135,-0.031,0,0.0147,0.999,0.0412,0,-0.0304,0.0417,-0.9987,0,0.5888,88.4257,-3.743,1]},
{"frame":51,"values":[0.9998,-0.0137,-0.0159,0,0.0144,0.999,0.0417,0,-0.0153,0.042,-0.999,0,0.581,88.4049,-3.7093,1]},
{"frame":52,"values":[0.9999,-0.0134,-0.0037,0,0.0135,0.9991,0.0399,0,-0.0032,0.0399,-0.9992,0,0.5548,88.4035,-3.6577,1]},
{"frame":53,"values":[0.9999,-0.0127,0.0065,0,0.0124,0.9992,0.0373,0,0.007,0.0372,-0.9993,0,0.5124,88.4209,-3.6183,1]},
{"frame":54,"values":[0.9998,-0.0118,0.013,0,0.0114,0.9993,0.0348,0,0.0134,0.0347,-0.9993,0,0.4529,88.434,-3.5735,1]},
{"frame":55,"values":[0.9998,-0.0108,0.0145,0,0.0103,0.9994,0.0329,0,0.0148,0.0327,-0.9994,0,0.3796,88.4442,-3.52,1]},
{"frame":56,"values":[0.9999,-0.0089,0.0057,0,0.0087,0.9994,0.0325,0,0.006,0.0325,-0.9995,0,0.3188,88.4326,-3.4301,1]},
{"frame":57,"values":[0.9999,-0.0071,-0.0103,0,0.0074,0.9994,0.0344,0,-0.01,0.0345,-0.9994,0,0.2506,88.4319,-3.3238,1]},
{"frame":58,"values":[0.9996,-0.0052,-0.0275,0,0.0062,0.9993,0.0362,0,-0.0273,0.0364,-0.999,0,0.1739,88.448,-3.2034,1]},
{"frame":59,"values":[0.9992,-0.0044,-0.0393,0,0.0058,0.9993,0.0357,0,-0.0391,0.0359,-0.9986,0,0.0759,88.4663,-3.077,1]},
{"frame":60,"values":[0.9991,-0.0042,-0.0419,0,0.0056,0.9994,0.0347,0,-0.0417,0.0349,-0.9985,0,-0.0587,88.4871,-2.9557,1]},
{"frame":61,"values":[0.9992,-0.0044,-0.0394,0,0.0058,0.9994,0.0347,0,-0.0392,0.0349,-0.9986,0,-0.2269,88.484,-2.8396,1]},
{"frame":62,"values":[0.9993,-0.0029,-0.0367,0,0.0043,0.9993,0.038,0,-0.0366,0.0381,-0.9986,0,-0.3811,88.4946,-2.7356,1]},
{"frame":63,"values":[0.9994,-0.0031,-0.0352,0,0.0045,0.9992,0.0399,0,-0.035,0.04,-0.9986,0,-0.5567,88.485,-2.6275,1]},
{"frame":64,"values":[0.9995,-0.0034,-0.0323,0,0.0048,0.9991,0.0416,0,-0.0322,0.0417,-0.9986,0,-0.7259,88.4681,-2.5088,1]},
{"frame":65,"values":[0.9997,-0.0035,-0.026,0,0.0046,0.9991,0.0429,0,-0.0259,0.043,-0.9987,0,-0.8773,88.46,-2.3873,1]},
{"frame":66,"values":[0.9999,-0.0019,-0.0157,0,0.0025,0.9991,0.0433,0,-0.0156,0.0433,-0.9989,0,-0.9912,88.4611,-2.2806,1]},
{"frame":67,"values":[1,0.0004,-0.0053,0,-0.0002,0.9991,0.0427,0,-0.0053,0.0427,-0.9991,0,-1.0857,88.461,-2.1724,1]},
{"frame":68,"values":[1,0.0018,0.0048,0,-0.002,0.999,0.0437,0,0.0047,0.0437,-0.999,0,-1.1544,88.4588,-2.0752,1]},
{"frame":69,"values":[0.9999,0.0042,0.0153,0,-0.0048,0.9991,0.0426,0,0.0151,0.0427,-0.999,0,-1.2084,88.4356,-1.9804,1]},
{"frame":70,"values":[0.9997,0.0059,0.0236,0,-0.0069,0.9991,0.0424,0,0.0233,0.0425,-0.9988,0,-1.2734,88.4213,-1.8952,1]},
{"frame":71,"values":[0.9996,0.0063,0.027,0,-0.0074,0.9991,0.042,0,0.0267,0.0422,-0.9988,0,-1.347,88.4003,-1.8106,1]},
{"frame":72,"values":[0.9997,0.0077,0.0251,0,-0.0088,0.9991,0.0426,0,0.0248,0.0428,-0.9988,0,-1.383,88.3739,-1.7077,1]},
{"frame":73,"values":[0.9998,0.0074,0.0161,0,-0.0082,0.9989,0.0469,0,0.0158,0.047,-0.9988,0,-1.4252,88.3659,-1.616,1]},
{"frame":74,"values":[1,0.0063,0.0039,0,-0.0065,0.9986,0.0519,0,0.0036,0.0519,-0.9986,0,-1.4612,88.3634,-1.5477,1]},
{"frame":75,"values":[0.9999,0.0064,-0.0086,0,-0.0059,0.9986,0.0535,0,-0.009,0.0534,-0.9985,0,-1.5052,88.3437,-1.4583,1]},
{"frame":76,"values":[0.9998,0.007,-0.019,0,-0.0059,0.9985,0.0538,0,-0.0193,0.0537,-0.9984,0,-1.5555,88.3318,-1.3699,1]},
{"frame":77,"values":[0.9996,0.0072,-0.0275,0,-0.0057,0.9985,0.0543,0,-0.0278,0.0541,-0.9981,0,-1.6141,88.3206,-1.2857,1]},
{"frame":78,"values":[0.9994,0.0076,-0.0328,0,-0.0058,0.9984,0.0554,0,-0.0332,0.0551,-0.9979,0,-1.6693,88.3147,-1.2172,1]},
{"frame":79,"values":[0.9993,0.008,-0.0366,0,-0.006,0.9984,0.0563,0,-0.037,0.056,-0.9977,0,-1.7248,88.3016,-1.169,1]},
{"frame":80,"values":[0.9991,0.0084,-0.0405,0,-0.006,0.9983,0.0572,0,-0.0409,0.0569,-0.9975,0,-1.7759,88.2883,-1.1151,1]},
{"frame":81,"values":[0.999,0.009,-0.0448,0,-0.0064,0.9983,0.0579,0,-0.0453,0.0576,-0.9973,0,-1.8236,88.298,-1.0538,1]},
{"frame":82,"values":[0.9988,0.0079,-0.0482,0,-0.005,0.9983,0.0583,0,-0.0486,0.058,-0.9971,0,-1.8823,88.3445,-0.9865,1]},
{"frame":83,"values":[0.9987,0.0069,-0.0497,0,-0.004,0.9982,0.0594,0,-0.05,0.0592,-0.997,0,-1.9408,88.4003,-0.931,1]},
{"frame":84,"values":[0.9986,0.0066,-0.0523,0,-0.0034,0.9981,0.0621,0,-0.0526,0.0618,-0.9967,0,-1.9906,88.4156,-0.8775,1]},
{"frame":85,"values":[0.9986,0.0067,-0.0531,0,-0.0033,0.998,0.0634,0,-0.0535,0.0631,-0.9966,0,-2.0124,88.3979,-0.8497,1]},
{"frame":86,"values":[0.9986,0.0068,-0.0526,0,-0.0035,0.998,0.0634,0,-0.053,0.0631,-0.9966,0,-2.0104,88.3922,-0.8476,1]},
{"frame":87,"values":[0.9987,0.0072,-0.0501,0,-0.004,0.998,0.0628,0,-0.0504,0.0625,-0.9968,0,-1.9752,88.4108,-0.8776,1]},
{"frame":88,"values":[0.9989,0.0081,-0.0469,0,-0.0052,0.9981,0.062,0,-0.0473,0.0617,-0.997,0,-1.897,88.4438,-0.9397,1]},
{"frame":89,"values":[0.9991,0.0084,-0.0418,0,-0.0059,0.9981,0.0613,0,-0.0423,0.061,-0.9972,0,-1.8042,88.4695,-1.0135,1]},
{"frame":90,"values":[0.9993,0.009,-0.0357,0,-0.0069,0.9981,0.0609,0,-0.0362,0.0606,-0.9975,0,-1.6813,88.4661,-1.0919,1]},
{"frame":91,"values":[0.9995,0.009,-0.0289,0,-0.0072,0.9981,0.0604,0,-0.0294,0.0602,-0.9978,0,-1.5601,88.4587,-1.1874,1]},
{"frame":92,"values":[0.9997,0.0081,-0.023,0,-0.0067,0.9982,0.0594,0,-0.0234,0.0592,-0.998,0,-1.4471,88.4587,-1.2784,1]},
{"frame":93,"values":[0.9998,0.0074,-0.0171,0,-0.0064,0.9983,0.0576,0,-0.0175,0.0574,-0.9982,0,-1.3415,88.4631,-1.3752,1]},
{"frame":94,"values":[0.9999,0.0067,-0.0109,0,-0.0061,0.9984,0.0566,0,-0.0112,0.0566,-0.9983,0,-1.2503,88.4567,-1.4528,1]},
{"frame":95,"values":[1,0.0064,-0.0057,0,-0.006,0.9984,0.0569,0,-0.006,0.0569,-0.9984,0,-1.1632,88.4463,-1.5185,1]},
{"frame":96,"values":[1,0.0049,-0.0028,0,-0.0047,0.9984,0.0571,0,-0.0031,0.0571,-0.9984,0,-1.0722,88.4407,-1.5722,1]},
{"frame":97,"values":[1,0.004,-0.0014,0,-0.0039,0.9984,0.0572,0,-0.0016,0.0572,-0.9984,0,-0.9588,88.4478,-1.6168,1]},
{"frame":98,"values":[1,0.0034,-0.0004,0,-0.0034,0.9985,0.0549,0,-0.0006,0.0549,-0.9985,0,-0.8407,88.4584,-1.6675,1]},
{"frame":99,"values":[1,0.0033,0.001,0,-0.0033,0.9987,0.0515,0,0.0008,0.0515,-0.9987,0,-0.7168,88.4699,-1.7129,1]},
{"frame":100,"values":[1,0.0034,0.0023,0,-0.0035,0.9988,0.0494,0,0.0022,0.0494,-0.9988,0,-0.589,88.4783,-1.7606,1]},
{"frame":101,"values":[1,0.0031,0.0048,0,-0.0034,0.9988,0.0485,0,0.0046,0.0485,-0.9988,0,-0.473,88.4859,-1.8106,1]},
{"frame":102,"values":[1,0.0032,0.0071,0,-0.0035,0.9988,0.0484,0,0.0069,0.0484,-0.9988,0,-0.3653,88.49,-1.8383,1]},
{"frame":103,"values":[1,0.0031,0.0087,0,-0.0035,0.9988,0.0482,0,0.0086,0.0482,-0.9988,0,-0.2718,88.4893,-1.8527,1]},
{"frame":104,"values":[0.9999,0.0033,0.0106,0,-0.0038,0.9988,0.0483,0,0.0104,0.0483,-0.9988,0,-0.1912,88.4954,-1.8638,1]},
{"frame":105,"values":[0.9999,0.0032,0.0131,0,-0.0038,0.9989,0.0477,0,0.0129,0.0478,-0.9988,0,-0.1293,88.5006,-1.8774,1]},
{"frame":106,"values":[0.9999,0.0032,0.0159,0,-0.004,0.9988,0.0478,0,0.0157,0.0479,-0.9987,0,-0.0857,88.504,-1.8868,1]},
{"frame":107,"values":[0.9998,0.0028,0.018,0,-0.0036,0.9988,0.0486,0,0.0179,0.0487,-0.9987,0,-0.0488,88.506,-1.8878,1]},
{"frame":108,"values":[0.9998,0.0023,0.0186,0,-0.0032,0.9988,0.0489,0,0.0185,0.049,-0.9986,0,-0.0231,88.5045,-1.8859,1]},
{"frame":109,"values":[0.9998,0.0022,0.0184,0,-0.0031,0.9988,0.0488,0,0.0183,0.0489,-0.9986,0,-0.0083,88.5009,-1.8865,1]},
{"frame":110,"values":[0.9998,0.0021,0.0173,0,-0.0029,0.9988,0.0481,0,0.0172,0.0481,-0.9987,0,-0.0034,88.4986,-1.891,1]},
{"frame":111,"values":[0.9999,0.0018,0.0157,0,-0.0026,0.9989,0.0474,0,0.0156,0.0474,-0.9988,0,-0.0045,88.5021,-1.9021,1]},
{"frame":112,"values":[0.9999,0.0011,0.0141,0,-0.0018,0.9989,0.0474,0,0.014,0.0475,-0.9988,0,-0.0158,88.5073,-1.9163,1]},
{"frame":113,"values":[0.9999,0.0003,0.0124,0,-0.0009,0.9989,0.0475,0,0.0124,0.0475,-0.9988,0,-0.0344,88.5082,-1.9335,1]},
{"frame":114,"values":[0.9999,-0.0001,0.0103,0,-0.0004,0.9989,0.0475,0,0.0103,0.0475,-0.9988,0,-0.0637,88.5018,-1.9491,1]},
{"frame":115,"values":[1,-0.001,0.0082,0,0.0006,0.9988,0.0481,0,0.0082,0.0481,-0.9988,0,-0.094,88.5077,-1.9752,1]}],"loopBehavior":1,"name":"anim","property":"_matrix"}},
{"name":"Spine","index":1,"matrix":[0.9999,-0.0127,0.0014,0,0.0127,0.9998,0.0123,0,-0.0016,-0.0123,0.9999,0,0.1169,10.681,0.3734,1],"rest":[1,0,0,0,0,1,0,0,0,0,1,0,0.1169,10.681,0.3734,1],"parentBoneIndex":0,"length":13.8405
,"animation":{"dataType":3,"framePerSecond":24,"keys":[
{"frame":1,"values":[0.9999,-0.0127,0.0014,0,0.0127,0.9998,0.0123,0,-0.0016,-0.0123,0.9999,0,0.1169,10.681,0.3734,1]},
{"frame":2,"values":[0.9999,-0.0127,0.0014,0,0.0127,0.9998,0.0124,0,-0.0016,-0.0124,0.9999,0,0.1169,10.681,0.3734,1]},
{"frame":3,"values":[0.9999,-0.0126,0.0014,0,0.0126,0.9998,0.0125,0,-0.0015,-0.0125,0.9999,0,0.1169,10.681,0.3734,1]},
{"frame":4,"values":[0.9999,-0.0123,0.0013,0,0.0123,0.9998,0.0126,0,-0.0015,-0.0126,0.9999,0,0.1169,10.681,0.3734,1]},
{"frame":5,"values":[0.9999,-0.0125,0.0012,0,0.0125,0.9998,0.0127,0,-0.0014,-0.0127,0.9999,0,0.1169,10.681,0.3734,1]},
{"frame":6,"values":[0.9999,-0.0128,0.0012,0,0.0128,0.9998,0.0128,0,-0.0013,-0.0128,0.9999,0,0.1169,10.681,0.3734,1]},
{"frame":7,"values":[0.9999,-0.0127,0.0014,0,0.0127,0.9998,0.0129,0,-0.0015,-0.0129,0.9999,0,0.1169,10.681,0.3734,1]},
{"frame":8,"values":[0.9999,-0.0124,0.0015,0,0.0124,0.9998,0.013,0,-0.0017,-0.013,0.9999,0,0.1169,10.681,0.3734,1]},
{"frame":9,"values":[0.9999,-0.0122,0.0016,0,0.0122,0.9998,0.013,0,-0.0017,-0.013,0.9999,0,0.1169,10.681,0.3734,1]},
{"frame":10,"values":[0.9999,-0.012,0.0019,0,0.012,0.9998,0.0129,0,-0.0021,-0.0129,0.9999,0,0.1169,10.681,0.3734,1]},
{"frame":11,"values":[0.9999,-0.012,0.0022,0,0.012,0.9998,0.0127,0,-0.0024,-0.0127,0.9999,0,0.1169,10.681,0.3734,1]},
{"frame":12,"values":[0.9999,-0.0124,0.0027,0,0.0124,0.9998,0.0124,0,-0.0028,-0.0123,0.9999,0,0.1169,10.681,0.3734,1]},
{"frame":13,"values":[0.9999,-0.0128,0.0036,0,0.0127,0.9998,0.0119,0,-0.0037,-0.0119,0.9999,0,0.1169,10.681,0.3734,1]},
{"frame":14,"values":[0.9999,-0.0136,0.0043,0,0.0135,0.9998,0.0113,0,-0.0045,-0.0112,0.9999,0,0.1169,10.681,0.3734,1]},
{"frame":15,"values":[0.9999,-0.0136,0.006,0,0.0136,0.9999,0.0106,0,-0.0061,-0.0106,0.9999,0,0.1169,10.681,0.3734,1]},
{"frame":16,"values":[0.9999,-0.0138,0.0075,0,0.0137,0.9999,0.01,0,-0.0076,-0.0099,0.9999,0,0.1169,10.681,0.3734,1]},
{"frame":17,"values":[0.9999,-0.0146,0.0083,0,0.0145,0.9998,0.0095,0,-0.0085,-0.0094,0.9999,0,0.1169,10.681,0.3734,1]},
{"frame":18,"values":[0.9998,-0.0152,0.0088,0,0.0151,0.9998,0.0095,0,-0.0089,-0.0094,0.9999,0,0.1169,10.681,0.3734,1]},
{"frame":19,"values":[0.9998,-0.0158,0.0091,0,0.0157,0.9998,0.0093,0,-0.0093,-0.0091,0.9999,0,0.1169,10.681,0.3734,1]},
{"frame":20,"values":[0.9998,-0.0166,0.0092,0,0.0166,0.9998,0.009,0,-0.0093,-0.0088,0.9999,0,0.1169,10.681,0.3734,1]},
{"frame":21,"values":[0.9998,-0.0171,0.0091,0,0.017,0.9998,0.0086,0,-0.0093,-0.0085,0.9999,0,0.1169,10.681,0.3734,1]},
{"frame":22,"values":[0.9998,-0.0174,0.0089,0,0.0173,0.9998,0.0084,0,-0.009,-0.0082,0.9999,0,0.1169,10.681,0.3734,1]},
{"frame":23,"values":[0.9998,-0.0176,0.008,0,0.0175,0.9998,0.008,0,-0.0081,-0.0078,0.9999,0,0.1169,10.681,0.3734,1]},
{"frame":24,"values":[0.9998,-0.0179,0.0063,0,0.0179,0.9998,0.0072,0,-0.0064,-0.0071,1,0,0.1169,10.681,0.3734,1]},
{"frame":25,"values":[0.9998,-0.0181,0.0046,0,0.0181,0.9998,0.0068,0,-0.0047,-0.0068,1,0,0.1169,10.681,0.3734,1]},
{"frame":26,"values":[0.9998,-0.0181,0.0032,0,0.018,0.9998,0.0068,0,-0.0033,-0.0068,1,0,0.1169,10.681,0.3734,1]},
{"frame":27,"values":[0.9998,-0.0179,0.0011,0,0.0179,0.9998,0.0064,0,-0.0013,-0.0064,1,0,0.1169,10.681,0.3734,1]},
{"frame":28,"values":[0.9998,-0.0181,0.001,0,0.0181,0.9998,0.0057,0,-0.0011,-0.0057,1,0,0.1169,10.681,0.3734,1]},
{"frame":29,"values":[0.9998,-0.0183,0.0027,0,0.0183,0.9998,0.0048,0,-0.0028,-0.0048,1,0,0.1169,10.681,0.3734,1]},
{"frame":30,"values":[0.9998,-0.0181,0.0055,0,0.018,0.9998,0.0044,0,-0.0056,-0.0043,1,0,0.1169,10.681,0.3734,1]},
{"frame":31,"values":[0.9998,-0.0179,0.0068,0,0.0179,0.9998,0.0041,0,-0.0069,-0.0039,1,0,0.1169,10.681,0.3734,1]},
{"frame":32,"values":[0.9998,-0.0175,0.0078,0,0.0174,0.9998,0.0038,0,-0.0079,-0.0037,1,0,0.1169,10.681,0.3734,1]},
{"frame":33,"values":[0.9998,-0.0165,0.0085,0,0.0164,0.9999,0.0035,0,-0.0085,-0.0034,1,0,0.1169,10.681,0.3734,1]},
{"frame":34,"values":[0.9998,-0.0155,0.0088,0,0.0155,0.9999,0.0035,0,-0.0089,-0.0034,1,0,0.1169,10.681,0.3734,1]},
{"frame":35,"values":[0.9999,-0.0146,0.0089,0,0.0146,0.9999,0.0032,0,-0.009,-0.003,1,0,0.1169,10.681,0.3734,1]},
{"frame":36,"values":[0.9999,-0.0136,0.0092,0,0.0136,0.9999,0.0028,0,-0.0092,-0.0027,1,0,0.1169,10.681,0.3734,1]},
{"frame":37,"values":[0.9999,-0.0119,0.0089,0,0.0118,0.9999,0.0036,0,-0.0089,-0.0035,1,0,0.1169,10.681,0.3734,1]},
{"frame":38,"values":[0.9999,-0.0102,0.0075,0,0.0102,0.9999,0.0046,0,-0.0075,-0.0045,1,0,0.1169,10.681,0.3734,1]},
{"frame":39,"values":[0.9999,-0.0094,0.0052,0,0.0094,0.9999,0.0044,0,-0.0052,-0.0044,1,0,0.1169,10.681,0.3734,1]},
{"frame":40,"values":[1,-0.0095,0.0032,0,0.0094,0.9999,0.0035,0,-0.0033,-0.0035,1,0,0.1169,10.681,0.3734,1]},
{"frame":41,"values":[0.9999,-0.0102,0.0016,0,0.0102,0.9999,0.0029,0,-0.0017,-0.0029,1,0,0.1169,10.681,0.3734,1]},
{"frame":42,"values":[0.9999,-0.0108,0.0005,0,0.0108,0.9999,0.0026,0,-0.0005,-0.0026,1,0,0.1169,10.681,0.3734,1]},
{"frame":43,"values":[0.9999,-0.0121,-0.0007,0,0.0121,0.9999,0.0025,0,0.0007,-0.0025,1,0,0.1169,10.681,0.3734,1]},
{"frame":44,"values":[0.9999,-0.0137,-0.002,0,0.0137,0.9999,0.0025,0,0.0019,-0.0025,1,0,0.1169,10.681,0.3734,1]},
{"frame":45,"values":[0.9999,-0.0143,-0.0017,0,0.0143,0.9999,0.0021,0,0.0017,-0.0021,1,0,0.1169,10.681,0.3734,1]},
{"frame":46,"values":[0.9999,-0.015,-0.0005,0,0.015,0.9999,0.0017,0,0.0005,-0.0017,1,0,0.1169,10.681,0.3734,1]},
{"frame":47,"values":[0.9999,-0.0154,0.0016,0,0.0154,0.9999,0.0014,0,-0.0016,-0.0013,1,0,0.1169,10.681,0.3734,1]},
{"frame":48,"values":[0.9999,-0.0161,0.003,0,0.0161,0.9999,0.001,0,-0.003,-0.0009,1,0,0.1169,10.681,0.3734,1]},
{"frame":49,"values":[0.9998,-0.0169,0.0042,0,0.0169,0.9999,0.0012,0,-0.0042,-0.0011,1,0,0.1169,10.681,0.3734,1]},
{"frame":50,"values":[0.9998,-0.0177,0.0056,0,0.0177,0.9998,0.0015,0,-0.0057,-0.0014,1,0,0.1169,10.681,0.3734,1]},
{"frame":51,"values":[0.9998,-0.0177,0.0069,0,0.0177,0.9998,0.0018,0,-0.0069,-0.0017,1,0,0.1169,10.681,0.3734,1]},
{"frame":52,"values":[0.9998,-0.0178,0.0072,0,0.0178,0.9998,0.0012,0,-0.0072,-0.0011,1,0,0.1169,10.681,0.3734,1]},
{"frame":53,"values":[0.9998,-0.0184,0.0074,0,0.0184,0.9998,0.0006,0,-0.0074,-0.0004,1,0,0.1169,10.681,0.3734,1]},
{"frame":54,"values":[0.9998,-0.0182,0.0074,0,0.0182,0.9998,0.0002,0,-0.0074,0,1,0,0.1169,10.681,0.3734,1]},
{"frame":55,"values":[0.9998,-0.0163,0.008,0,0.0163,0.9999,0.0002,0,-0.008,0,1,0,0.1169,10.681,0.3734,1]},
{"frame":56,"values":[0.9999,-0.0144,0.0082,0,0.0144,0.9999,0.001,0,-0.0082,-0.0009,1,0,0.1169,10.681,0.3734,1]},
{"frame":57,"values":[0.9999,-0.0123,0.0072,0,0.0123,0.9999,0.002,0,-0.0072,-0.002,1,0,0.1169,10.681,0.3734,1]},
{"frame":58,"values":[0.9999,-0.0108,0.0051,0,0.0108,0.9999,0.0028,0,-0.0051,-0.0028,1,0,0.1169,10.681,0.3734,1]},
{"frame":59,"values":[1,-0.0094,0.0031,0,0.0094,1,0.0029,0,-0.0031,-0.0029,1,0,0.1169,10.681,0.3734,1]},
{"frame":60,"values":[1,-0.0088,0.0024,0,0.0088,1,0.0031,0,-0.0024,-0.0031,1,0,0.1169,10.681,0.3734,1]},
{"frame":61,"values":[1,-0.0089,0.0026,0,0.0089,1,0.0037,0,-0.0027,-0.0037,1,0,0.1169,10.681,0.3734,1]},
{"frame":62,"values":[1,-0.0094,0.0026,0,0.0094,0.9999,0.005,0,-0.0027,-0.005,1,0,0.1169,10.681,0.3734,1]},
{"frame":63,"values":[1,-0.0098,0.0019,0,0.0098,0.9999,0.0062,0,-0.002,-0.0062,1,0,0.1169,10.681,0.3734,1]},
{"frame":64,"values":[0.9999,-0.0102,0.001,0,0.0102,0.9999,0.0073,0,-0.0011,-0.0073,1,0,0.1169,10.681,0.3734,1]},
{"frame":65,"values":[0.9999,-0.011,0.0004,0,0.011,0.9999,0.0085,0,-0.0005,-0.0085,1,0,0.1169,10.681,0.3734,1]},
{"frame":66,"values":[0.9999,-0.012,0.0005,0,0.012,0.9999,0.01,0,-0.0006,-0.01,0.9999,0,0.1169,10.681,0.3734,1]},
{"frame":67,"values":[0.9999,-0.0124,0.0002,0,0.0124,0.9999,0.011,0,-0.0003,-0.011,0.9999,0,0.1169,10.681,0.3734,1]},
{"frame":68,"values":[0.9999,-0.0131,-0.0007,0,0.0131,0.9998,0.012,0,0.0006,-0.012,0.9999,0,0.1169,10.681,0.3734,1]},
{"frame":69,"values":[0.9999,-0.0142,-0.0009,0,0.0142,0.9998,0.0124,0,0.0008,-0.0124,0.9999,0,0.1169,10.681,0.3734,1]},
{"frame":70,"values":[0.9999,-0.0129,0.0004,0,0.0129,0.9998,0.0136,0,-0.0006,-0.0136,0.9999,0,0.1169,10.681,0.3734,1]},
{"frame":71,"values":[0.9999,-0.0118,0.0025,0,0.0118,0.9998,0.0148,0,-0.0027,-0.0148,0.9999,0,0.1169,10.681,0.3734,1]},
{"frame":72,"values":[0.9999,-0.0113,0.0049,0,0.0112,0.9998,0.0154,0,-0.005,-0.0153,0.9999,0,0.1169,10.681,0.3734,1]},
{"frame":73,"values":[0.9999,-0.0114,0.0053,0,0.0113,0.9998,0.0164,0,-0.0055,-0.0163,0.9999,0,0.1169,10.681,0.3734,1]},
{"frame":74,"values":[0.9999,-0.0119,0.0049,0,0.0118,0.9998,0.0173,0,-0.0051,-0.0172,0.9998,0,0.1169,10.681,0.3734,1]},
{"frame":75,"values":[0.9999,-0.0122,0.0048,0,0.0121,0.9998,0.0175,0,-0.005,-0.0175,0.9998,0,0.1169,10.681,0.3734,1]},
{"frame":76,"values":[0.9999,-0.0124,0.005,0,0.0123,0.9998,0.0178,0,-0.0052,-0.0177,0.9998,0,0.1169,10.681,0.3734,1]},
{"frame":77,"values":[0.9999,-0.0126,0.0052,0,0.0125,0.9998,0.018,0,-0.0054,-0.0179,0.9998,0,0.1169,10.681,0.3734,1]},
{"frame":78,"values":[0.9999,-0.0128,0.0053,0,0.0127,0.9998,0.0182,0,-0.0056,-0.0182,0.9998,0,0.1169,10.681,0.3734,1]},
{"frame":79,"values":[0.9999,-0.0126,0.0055,0,0.0125,0.9998,0.0183,0,-0.0058,-0.0183,0.9998,0,0.1169,10.681,0.3734,1]},
{"frame":80,"values":[0.9999,-0.0127,0.0052,0,0.0126,0.9998,0.0183,0,-0.0055,-0.0183,0.9998,0,0.1169,10.681,0.3734,1]},
{"frame":81,"values":[0.9999,-0.0128,0.0046,0,0.0127,0.9998,0.0183,0,-0.0048,-0.0182,0.9998,0,0.1169,10.681,0.3734,1]},
{"frame":82,"values":[0.9999,-0.0127,0.0043,0,0.0126,0.9998,0.0183,0,-0.0046,-0.0182,0.9998,0,0.1169,10.681,0.3734,1]},
{"frame":83,"values":[0.9999,-0.0129,0.0043,0,0.0128,0.9997,0.0184,0,-0.0045,-0.0184,0.9998,0,0.1169,10.681,0.3734,1]},
{"frame":84,"values":[0.9999,-0.0132,0.0037,0,0.0131,0.9997,0.0188,0,-0.004,-0.0188,0.9998,0,0.1169,10.681,0.3734,1]},
{"frame":85,"values":[0.9999,-0.0132,0.0034,0,0.0131,0.9997,0.0188,0,-0.0037,-0.0188,0.9998,0,0.1169,10.681,0.3734,1]},
{"frame":86,"values":[0.9999,-0.013,0.0033,0,0.0129,0.9997,0.0185,0,-0.0036,-0.0185,0.9998,0,0.1169,10.681,0.3734,1]},
{"frame":87,"values":[0.9999,-0.0121,0.0034,0,0.012,0.9998,0.0179,0,-0.0036,-0.0179,0.9998,0,0.1169,10.681,0.3734,1]},
{"frame":88,"values":[0.9999,-0.0111,0.0034,0,0.011,0.9998,0.0172,0,-0.0036,-0.0171,0.9998,0,0.1169,10.681,0.3734,1]},
{"frame":89,"values":[0.9999,-0.0107,0.0035,0,0.0107,0.9998,0.0167,0,-0.0037,-0.0166,0.9999,0,0.1169,10.681,0.3734,1]},
{"frame":90,"values":[0.9999,-0.0101,0.0036,0,0.0101,0.9998,0.0164,0,-0.0037,-0.0164,0.9999,0,0.1169,10.681,0.3734,1]},
{"frame":91,"values":[0.9999,-0.0097,0.0035,0,0.0096,0.9998,0.0163,0,-0.0037,-0.0162,0.9999,0,0.1169,10.681,0.3734,1]},
{"frame":92,"values":[1,-0.0094,0.0033,0,0.0093,0.9998,0.016,0,-0.0034,-0.0159,0.9999,0,0.1169,10.681,0.3734,1]},
{"frame":93,"values":[0.9999,-0.0097,0.0031,0,0.0097,0.9998,0.0155,0,-0.0033,-0.0155,0.9999,0,0.1169,10.681,0.3734,1]},
{"frame":94,"values":[0.9999,-0.0096,0.0031,0,0.0096,0.9998,0.0152,0,-0.0032,-0.0152,0.9999,0,0.1169,10.681,0.3734,1]},
{"frame":95,"values":[0.9999,-0.0098,0.003,0,0.0098,0.9998,0.0151,0,-0.0031,-0.0151,0.9999,0,0.1169,10.681,0.3734,1]},
{"frame":96,"values":[0.9999,-0.0099,0.0026,0,0.0099,0.9998,0.0153,0,-0.0028,-0.0153,0.9999,0,0.1169,10.681,0.3734,1]},
{"frame":97,"values":[0.9999,-0.0098,0.0023,0,0.0098,0.9998,0.0152,0,-0.0025,-0.0152,0.9999,0,0.1169,10.681,0.3734,1]},
{"frame":98,"values":[0.9999,-0.0098,0.0021,0,0.0098,0.9998,0.0145,0,-0.0022,-0.0145,0.9999,0,0.1169,10.681,0.3734,1]},
{"frame":99,"values":[0.9999,-0.01,0.0019,0,0.01,0.9999,0.0136,0,-0.0021,-0.0136,0.9999,0,0.1169,10.681,0.3734,1]},
{"frame":100,"values":[0.9999,-0.01,0.0017,0,0.01,0.9999,0.0131,0,-0.0018,-0.0131,0.9999,0,0.1169,10.681,0.3734,1]},
{"frame":101,"values":[0.9999,-0.01,0.0014,0,0.0099,0.9999,0.0128,0,-0.0015,-0.0128,0.9999,0,0.1169,10.681,0.3734,1]},
{"frame":102,"values":[1,-0.0099,0.0009,0,0.0098,0.9999,0.0127,0,-0.001,-0.0127,0.9999,0,0.1169,10.681,0.3734,1]},
{"frame":103,"values":[1,-0.0097,0.0004,0,0.0097,0.9999,0.0125,0,-0.0006,-0.0125,0.9999,0,0.1169,10.681,0.3734,1]},
{"frame":104,"values":[1,-0.0096,0.0003,0,0.0096,0.9999,0.0124,0,-0.0004,-0.0124,0.9999,0,0.1169,10.681,0.3734,1]},
{"frame":105,"values":[1,-0.0096,0.0005,0,0.0096,0.9999,0.0124,0,-0.0006,-0.0124,0.9999,0,0.1169,10.681,0.3734,1]},
{"frame":106,"values":[1,-0.0096,0.0009,0,0.0096,0.9999,0.0123,0,-0.001,-0.0123,0.9999,0,0.1169,10.681,0.3734,1]},
{"frame":107,"values":[0.9999,-0.01,0.0011,0,0.01,0.9999,0.0124,0,-0.0013,-0.0123,0.9999,0,0.1169,10.681,0.3734,1]},
{"frame":108,"values":[0.9999,-0.0103,0.0013,0,0.0103,0.9999,0.0124,0,-0.0014,-0.0123,0.9999,0,0.1169,10.681,0.3734,1]},
{"frame":109,"values":[0.9999,-0.0106,0.0014,0,0.0105,0.9999,0.0123,0,-0.0015,-0.0123,0.9999,0,0.1169,10.681,0.3734,1]},
{"frame":110,"values":[0.9999,-0.0109,0.0015,0,0.0108,0.9999,0.0121,0,-0.0016,-0.0121,0.9999,0,0.1169,10.681,0.3734,1]},
{"frame":111,"values":[0.9999,-0.0111,0.0015,0,0.0111,0.9999,0.012,0,-0.0016,-0.0119,0.9999,0,0.1169,10.681,0.3734,1]},
{"frame":112,"values":[0.9999,-0.0115,0.0015,0,0.0115,0.9999,0.012,0,-0.0016,-0.0119,0.9999,0,0.1169,10.681,0.3734,1]},
{"frame":113,"values":[0.9999,-0.012,0.0015,0,0.012,0.9999,0.0122,0,-0.0016,-0.0121,0.9999,0,0.1169,10.681,0.3734,1]},
{"frame":114,"values":[0.9999,-0.0122,0.0015,0,0.0122,0.9999,0.0122,0,-0.0016,-0.0122,0.9999,0,0.1169,10.681,0.3734,1]},
{"frame":115,"values":[0.9999,-0.0127,0.0014,0,0.0127,0.9998,0.0123,0,-0.0016,-0.0123,0.9999,0,0.1169,10.681,0.3734,1]}],"loopBehavior":1,"name":"anim","property":"_matrix"}},
{"name":"Spine1","index":2,"matrix":[0.9998,-0.0191,0.0031,0,0.019,0.9995,0.0245,0,-0.0035,-0.0245,0.9997,0,0,13.8404,0.0535,1],"rest":[1,0,0,0,0,1,0,0,0,0,1,0,0,13.8404,0.0535,1],"parentBoneIndex":1,"length":14.7173
,"animation":{"dataType":3,"framePerSecond":24,"keys":[
{"frame":1,"values":[0.9998,-0.0191,0.0031,0,0.019,0.9995,0.0245,0,-0.0035,-0.0245,0.9997,0,0,13.8404,0.0535,1]},
{"frame":2,"values":[0.9998,-0.0192,0.0028,0,0.0191,0.9995,0.0249,0,-0.0032,-0.0248,0.9997,0,0,13.8404,0.0535,1]},
{"frame":3,"values":[0.9998,-0.019,0.0026,0,0.0189,0.9995,0.0251,0,-0.0031,-0.0251,0.9997,0,0,13.8404,0.0535,1]},
{"frame":4,"values":[0.9998,-0.0185,0.0027,0,0.0184,0.9995,0.0253,0,-0.0032,-0.0252,0.9997,0,0,13.8404,0.0535,1]},
{"frame":5,"values":[0.9998,-0.019,0.0028,0,0.0189,0.9995,0.0254,0,-0.0032,-0.0253,0.9997,0,0,13.8404,0.0535,1]},
{"frame":6,"values":[0.9998,-0.0197,0.0025,0,0.0196,0.9995,0.0257,0,-0.003,-0.0256,0.9997,0,0,13.8404,0.0535,1]},
{"frame":7,"values":[0.9998,-0.0194,0.0029,0,0.0193,0.9995,0.0259,0,-0.0034,-0.0258,0.9997,0,0,13.8404,0.0535,1]},
{"frame":8,"values":[0.9998,-0.0189,0.0032,0,0.0189,0.9995,0.0261,0,-0.0037,-0.0261,0.9997,0,0,13.8404,0.0535,1]},
{"frame":9,"values":[0.9998,-0.0188,0.0033,0,0.0187,0.9995,0.0262,0,-0.0038,-0.0262,0.9997,0,0,13.8404,0.0535,1]},
{"frame":10,"values":[0.9998,-0.0185,0.004,0,0.0184,0.9995,0.0259,0,-0.0045,-0.0259,0.9997,0,0,13.8404,0.0535,1]},
{"frame":11,"values":[0.9998,-0.0186,0.0046,0,0.0185,0.9995,0.0254,0,-0.0051,-0.0253,0.9997,0,0,13.8404,0.0535,1]},
{"frame":12,"values":[0.9998,-0.0192,0.0055,0,0.0191,0.9995,0.0248,0,-0.006,-0.0247,0.9997,0,0,13.8404,0.0535,1]},
{"frame":13,"values":[0.9998,-0.0198,0.0073,0,0.0196,0.9995,0.024,0,-0.0077,-0.0238,0.9997,0,0,13.8404,0.0535,1]},
{"frame":14,"values":[0.9997,-0.0213,0.0089,0,0.0211,0.9995,0.0227,0,-0.0093,-0.0225,0.9997,0,0,13.8404,0.0535,1]},
{"frame":15,"values":[0.9997,-0.0213,0.0121,0,0.021,0.9995,0.0214,0,-0.0126,-0.0211,0.9997,0,0,13.8404,0.0535,1]},
{"frame":16,"values":[0.9996,-0.0217,0.0152,0,0.0213,0.9996,0.0201,0,-0.0157,-0.0198,0.9997,0,0,13.8404,0.0535,1]},
{"frame":17,"values":[0.9996,-0.0231,0.0169,0,0.0228,0.9996,0.0192,0,-0.0173,-0.0188,0.9997,0,0,13.8404,0.0535,1]},
{"frame":18,"values":[0.9995,-0.0243,0.0178,0,0.024,0.9995,0.0191,0,-0.0183,-0.0187,0.9997,0,0,13.8404,0.0535,1]},
{"frame":19,"values":[0.9995,-0.0259,0.0184,0,0.0256,0.9995,0.0188,0,-0.0189,-0.0183,0.9997,0,0,13.8404,0.0535,1]},
{"frame":20,"values":[0.9994,-0.0277,0.0186,0,0.0274,0.9995,0.0181,0,-0.0191,-0.0176,0.9997,0,0,13.8404,0.0535,1]},
{"frame":21,"values":[0.9994,-0.0295,0.0184,0,0.0291,0.9994,0.0174,0,-0.0189,-0.0169,0.9997,0,0,13.8404,0.0535,1]},
{"frame":22,"values":[0.9994,-0.0305,0.0179,0,0.0302,0.9994,0.0169,0,-0.0184,-0.0164,0.9997,0,0,13.8404,0.0535,1]},
{"frame":23,"values":[0.9994,-0.0311,0.0161,0,0.0308,0.9994,0.0161,0,-0.0166,-0.0156,0.9997,0,0,13.8404,0.0535,1]},
{"frame":24,"values":[0.9994,-0.0318,0.0127,0,0.0316,0.9994,0.0146,0,-0.0131,-0.0142,0.9998,0,0,13.8404,0.0535,1]},
{"frame":25,"values":[0.9994,-0.0323,0.0094,0,0.0322,0.9994,0.0138,0,-0.0098,-0.0135,0.9999,0,0,13.8404,0.0535,1]},
{"frame":26,"values":[0.9995,-0.0319,0.0066,0,0.0318,0.9994,0.0137,0,-0.007,-0.0135,0.9999,0,0,13.8404,0.0535,1]},
{"frame":27,"values":[0.9995,-0.0307,0.0026,0,0.0307,0.9994,0.013,0,-0.003,-0.0129,0.9999,0,0,13.8404,0.0535,1]},
{"frame":28,"values":[0.9996,-0.0295,0.0023,0,0.0295,0.9995,0.0115,0,-0.0026,-0.0114,0.9999,0,0,13.8404,0.0535,1]},
{"frame":29,"values":[0.9996,-0.0294,0.0057,0,0.0293,0.9995,0.0097,0,-0.006,-0.0095,0.9999,0,0,13.8404,0.0535,1]},
{"frame":30,"values":[0.9995,-0.0289,0.0113,0,0.0288,0.9995,0.009,0,-0.0115,-0.0086,0.9999,0,0,13.8404,0.0535,1]},
{"frame":31,"values":[0.9995,-0.0291,0.0138,0,0.0289,0.9995,0.0083,0,-0.0141,-0.0079,0.9999,0,0,13.8404,0.0535,1]},
{"frame":32,"values":[0.9995,-0.0279,0.0158,0,0.0278,0.9996,0.0077,0,-0.016,-0.0073,0.9998,0,0,13.8404,0.0535,1]},
{"frame":33,"values":[0.9995,-0.0253,0.0172,0,0.0252,0.9997,0.0072,0,-0.0174,-0.0067,0.9998,0,0,13.8404,0.0535,1]},
{"frame":34,"values":[0.9996,-0.0222,0.0181,0,0.022,0.9997,0.0072,0,-0.0182,-0.0068,0.9998,0,0,13.8404,0.0535,1]},
{"frame":35,"values":[0.9996,-0.0205,0.0182,0,0.0203,0.9998,0.0064,0,-0.0183,-0.0061,0.9998,0,0,13.8404,0.0535,1]},
{"frame":36,"values":[0.9996,-0.0194,0.0187,0,0.0193,0.9998,0.0058,0,-0.0188,-0.0055,0.9998,0,0,13.8404,0.0535,1]},
{"frame":37,"values":[0.9997,-0.0163,0.0181,0,0.0162,0.9998,0.0073,0,-0.0183,-0.007,0.9998,0,0,13.8404,0.0535,1]},
{"frame":38,"values":[0.9998,-0.0133,0.0153,0,0.0132,0.9999,0.0093,0,-0.0155,-0.0091,0.9998,0,0,13.8404,0.0535,1]},
{"frame":39,"values":[0.9999,-0.0121,0.0107,0,0.012,0.9999,0.0089,0,-0.0108,-0.0088,0.9999,0,0,13.8404,0.0535,1]},
{"frame":40,"values":[0.9999,-0.0127,0.0068,0,0.0126,0.9999,0.0072,0,-0.0069,-0.0071,1,0,0,13.8404,0.0535,1]},
{"frame":41,"values":[0.9999,-0.0142,0.0036,0,0.0142,0.9999,0.0059,0,-0.0037,-0.0059,1,0,0,13.8404,0.0535,1]},
{"frame":42,"values":[0.9999,-0.0148,0.0014,0,0.0148,0.9999,0.0053,0,-0.0015,-0.0052,1,0,0,13.8404,0.0535,1]},
{"frame":43,"values":[0.9999,-0.0164,-0.001,0,0.0165,0.9999,0.0052,0,0.0009,-0.0052,1,0,0,13.8404,0.0535,1]},
{"frame":44,"values":[0.9998,-0.0185,-0.0035,0,0.0185,0.9998,0.005,0,0.0034,-0.005,1,0,0,13.8404,0.0535,1]},
{"frame":45,"values":[0.9998,-0.0186,-0.003,0,0.0186,0.9998,0.0042,0,0.0029,-0.0043,1,0,0,13.8404,0.0535,1]},
{"frame":46,"values":[0.9998,-0.0181,-0.0004,0,0.0181,0.9998,0.0035,0,0.0004,-0.0035,1,0,0,13.8404,0.0535,1]},
{"frame":47,"values":[0.9998,-0.0179,0.0038,0,0.0179,0.9998,0.0028,0,-0.0039,-0.0027,1,0,0,13.8404,0.0535,1]},
{"frame":48,"values":[0.9998,-0.0189,0.0067,0,0.0189,0.9998,0.002,0,-0.0067,-0.0019,1,0,0,13.8404,0.0535,1]},
{"frame":49,"values":[0.9998,-0.02,0.0091,0,0.02,0.9998,0.0025,0,-0.0091,-0.0023,1,0,0,13.8404,0.0535,1]},
{"frame":50,"values":[0.9997,-0.0208,0.012,0,0.0208,0.9998,0.0031,0,-0.0121,-0.0028,0.9999,0,0,13.8404,0.0535,1]},
{"frame":51,"values":[0.9997,-0.0196,0.0145,0,0.0195,0.9998,0.0036,0,-0.0146,-0.0033,0.9999,0,0,13.8404,0.0535,1]},
{"frame":52,"values":[0.9997,-0.0191,0.0151,0,0.0191,0.9998,0.0025,0,-0.0151,-0.0022,0.9999,0,0,13.8404,0.0535,1]},
{"frame":53,"values":[0.9997,-0.0207,0.0154,0,0.0206,0.9998,0.0012,0,-0.0155,-0.0009,0.9999,0,0,13.8404,0.0535,1]},
{"frame":54,"values":[0.9997,-0.021,0.0153,0,0.021,0.9998,0.0004,0,-0.0153,-0.0001,0.9999,0,0,13.8404,0.0535,1]},
{"frame":55,"values":[0.9997,-0.0182,0.0164,0,0.0182,0.9998,0.0004,0,-0.0164,-0.0001,0.9999,0,0,13.8404,0.0535,1]},
{"frame":56,"values":[0.9997,-0.0155,0.0167,0,0.0154,0.9999,0.0021,0,-0.0168,-0.0018,0.9999,0,0,13.8404,0.0535,1]},
{"frame":57,"values":[0.9998,-0.0132,0.0147,0,0.0131,0.9999,0.0041,0,-0.0147,-0.0039,0.9999,0,0,13.8404,0.0535,1]},
{"frame":58,"values":[0.9999,-0.0119,0.0104,0,0.0119,0.9999,0.0057,0,-0.0105,-0.0056,0.9999,0,0,13.8404,0.0535,1]},
{"frame":59,"values":[0.9999,-0.0108,0.0064,0,0.0108,0.9999,0.0059,0,-0.0065,-0.0058,1,0,0,13.8404,0.0535,1]},
{"frame":60,"values":[0.9999,-0.0106,0.0049,0,0.0106,0.9999,0.0062,0,-0.0049,-0.0061,1,0,0,13.8404,0.0535,1]},
{"frame":61,"values":[0.9999,-0.0112,0.0054,0,0.0112,0.9999,0.0075,0,-0.0055,-0.0074,1,0,0,13.8404,0.0535,1]},
{"frame":62,"values":[0.9999,-0.0129,0.0053,0,0.0129,0.9999,0.01,0,-0.0055,-0.01,0.9999,0,0,13.8404,0.0535,1]},
{"frame":63,"values":[0.9999,-0.0138,0.0039,0,0.0137,0.9998,0.0124,0,-0.0041,-0.0124,0.9999,0,0,13.8404,0.0535,1]},
{"frame":64,"values":[0.9999,-0.0145,0.002,0,0.0145,0.9998,0.0146,0,-0.0023,-0.0145,0.9999,0,0,13.8404,0.0535,1]},
{"frame":65,"values":[0.9999,-0.0163,0.0009,0,0.0163,0.9997,0.017,0,-0.0011,-0.017,0.9999,0,0,13.8404,0.0535,1]},
{"frame":66,"values":[0.9998,-0.0188,0.001,0,0.0188,0.9996,0.02,0,-0.0013,-0.02,0.9998,0,0,13.8404,0.0535,1]},
{"frame":67,"values":[0.9998,-0.0203,0.0003,0,0.0203,0.9996,0.0219,0,-0.0007,-0.0219,0.9998,0,0,13.8404,0.0535,1]},
{"frame":68,"values":[0.9998,-0.0222,-0.0016,0,0.0222,0.9995,0.0239,0,0.0011,-0.024,0.9997,0,0,13.8404,0.0535,1]},
{"frame":69,"values":[0.9997,-0.0253,-0.0021,0,0.0254,0.9994,0.0247,0,0.0015,-0.0248,0.9997,0,0,13.8404,0.0535,1]},
{"frame":70,"values":[0.9997,-0.0234,0.0005,0,0.0234,0.9994,0.0271,0,-0.0011,-0.0271,0.9996,0,0,13.8404,0.0535,1]},
{"frame":71,"values":[0.9998,-0.0213,0.0047,0,0.0212,0.9993,0.0296,0,-0.0053,-0.0295,0.9996,0,0,13.8404,0.0535,1]},
{"frame":72,"values":[0.9997,-0.0207,0.0094,0,0.0204,0.9993,0.0306,0,-0.01,-0.0304,0.9995,0,0,13.8404,0.0535,1]},
{"frame":73,"values":[0.9997,-0.0206,0.0104,0,0.0202,0.9993,0.0327,0,-0.011,-0.0324,0.9994,0,0,13.8404,0.0535,1]},
{"frame":74,"values":[0.9997,-0.0203,0.0097,0,0.02,0.9992,0.0344,0,-0.0104,-0.0342,0.9994,0,0,13.8404,0.0535,1]},
{"frame":75,"values":[0.9997,-0.0206,0.0094,0,0.0203,0.9992,0.0349,0,-0.0101,-0.0347,0.9993,0,0,13.8404,0.0535,1]},
{"frame":76,"values":[0.9997,-0.0212,0.0098,0,0.0208,0.9992,0.0354,0,-0.0106,-0.0352,0.9993,0,0,13.8404,0.0535,1]},
{"frame":77,"values":[0.9997,-0.0215,0.0102,0,0.0211,0.9991,0.0359,0,-0.0109,-0.0356,0.9993,0,0,13.8404,0.0535,1]},
{"frame":78,"values":[0.9997,-0.022,0.0105,0,0.0216,0.9991,0.0363,0,-0.0113,-0.0361,0.9993,0,0,13.8404,0.0535,1]},
{"frame":79,"values":[0.9997,-0.0219,0.0109,0,0.0215,0.9991,0.0365,0,-0.0117,-0.0363,0.9993,0,0,13.8404,0.0535,1]},
{"frame":80,"values":[0.9997,-0.0221,0.0103,0,0.0217,0.9991,0.0366,0,-0.0111,-0.0364,0.9993,0,0,13.8404,0.0535,1]},
{"frame":81,"values":[0.9997,-0.0222,0.009,0,0.0219,0.9991,0.0366,0,-0.0098,-0.0364,0.9993,0,0,13.8404,0.0535,1]},
{"frame":82,"values":[0.9997,-0.0212,0.0085,0,0.0209,0.9991,0.0365,0,-0.0093,-0.0363,0.9993,0,0,13.8404,0.0535,1]},
{"frame":83,"values":[0.9997,-0.0207,0.0085,0,0.0204,0.9991,0.0368,0,-0.0093,-0.0366,0.9993,0,0,13.8404,0.0535,1]},
{"frame":84,"values":[0.9998,-0.0203,0.0074,0,0.0201,0.9991,0.0375,0,-0.0081,-0.0374,0.9993,0,0,13.8404,0.0535,1]},
{"frame":85,"values":[0.9998,-0.0202,0.0068,0,0.02,0.9991,0.0376,0,-0.0075,-0.0374,0.9993,0,0,13.8404,0.0535,1]},
{"frame":86,"values":[0.9998,-0.0202,0.0064,0,0.0199,0.9991,0.0369,0,-0.0072,-0.0368,0.9993,0,0,13.8404,0.0535,1]},
{"frame":87,"values":[0.9998,-0.019,0.0066,0,0.0188,0.9992,0.0357,0,-0.0073,-0.0356,0.9993,0,0,13.8404,0.0535,1]},
{"frame":88,"values":[0.9998,-0.0177,0.0068,0,0.0174,0.9993,0.0342,0,-0.0074,-0.0341,0.9994,0,0,13.8404,0.0535,1]},
{"frame":89,"values":[0.9998,-0.0173,0.0071,0,0.0171,0.9993,0.0332,0,-0.0077,-0.0331,0.9994,0,0,13.8404,0.0535,1]},
{"frame":90,"values":[0.9998,-0.017,0.0071,0,0.0167,0.9993,0.0327,0,-0.0077,-0.0326,0.9994,0,0,13.8404,0.0535,1]},
{"frame":91,"values":[0.9998,-0.0163,0.0069,0,0.0161,0.9993,0.0324,0,-0.0074,-0.0323,0.9995,0,0,13.8404,0.0535,1]},
{"frame":92,"values":[0.9999,-0.0153,0.0064,0,0.0151,0.9994,0.0318,0,-0.0069,-0.0317,0.9995,0,0,13.8404,0.0535,1]},
{"frame":93,"values":[0.9999,-0.0154,0.0061,0,0.0152,0.9994,0.0309,0,-0.0066,-0.0308,0.9995,0,0,13.8404,0.0535,1]},
{"frame":94,"values":[0.9999,-0.0152,0.006,0,0.015,0.9994,0.0303,0,-0.0064,-0.0302,0.9995,0,0,13.8404,0.0535,1]},
{"frame":95,"values":[0.9999,-0.0155,0.0058,0,0.0153,0.9994,0.0303,0,-0.0063,-0.0302,0.9995,0,0,13.8404,0.0535,1]},
{"frame":96,"values":[0.9999,-0.0149,0.0051,0,0.0147,0.9994,0.0304,0,-0.0055,-0.0303,0.9995,0,0,13.8404,0.0535,1]},
{"frame":97,"values":[0.9999,-0.0145,0.0046,0,0.0143,0.9994,0.0303,0,-0.005,-0.0302,0.9995,0,0,13.8404,0.0535,1]},
