{"producer":{"name":"Blender","version":"2.90.0","exporter_version":"2.80.1","file":"option_angrypoint.babylon"},
"autoClear":true,"clearColor":[0.0509,0.0509,0.0509],"gravity":[0,-9.81,0],
"materials":[{"name":"Material","id":"Material","customType":"BABYLON.PBRMaterial","backFaceCulling":true,"checkReadyOnlyOnce":false,"maxSimultaneousLights":4,"environmentIntensity":1,"albedo":[0.8,0.8,0.8],"reflectivity":[0.5,0.5,0.5],"roughness":0.4,"alpha":1,"transparencyMode":0,"alphaCutOff":0.4,"metallic":0}],
"multiMaterials":[],
"skeletons":[{"name":"Armature","id":0,"dimensionsAtRest":[232.1761,222.9347,36.3014],"bones":[
{"name":"Hips","index":0,"matrix":[0.9941,-0.053,-0.0945,0,0.0589,0.9965,0.06,0,-0.091,0.0652,-0.9937,0,0.4234,87.506,-1.2228,1],"rest":[1,0,0,0,0,1,0,0,0,0,-1,0,0,89.0054,0,1],"parentBoneIndex":-1,"length":14.2998
,"animation":{"dataType":3,"framePerSecond":24,"keys":[
{"frame":1,"values":[0.9941,-0.053,-0.0945,0,0.0589,0.9965,0.06,0,-0.091,0.0652,-0.9937,0,0.4234,87.506,-1.2228,1]},
{"frame":2,"values":[0.9943,-0.052,-0.0931,0,0.0575,0.9966,0.0582,0,-0.0898,0.0632,-0.994,0,0.4235,87.4202,-1.3786,1]},
{"frame":3,"values":[0.9946,-0.0502,-0.0908,0,0.0553,0.997,0.0549,0,-0.0878,0.0596,-0.9944,0,0.4125,87.2841,-1.5233,1]},
{"frame":4,"values":[0.9951,-0.0473,-0.0864,0,0.0518,0.9974,0.0504,0,-0.0838,0.0546,-0.995,0,0.3986,87.1898,-1.6606,1]},
{"frame":5,"values":[0.996,-0.0432,-0.0779,0,0.0468,0.9979,0.0447,0,-0.0758,0.0482,-0.996,0,0.3846,87.2371,-1.803,1]},
{"frame":6,"values":[0.9974,-0.0378,-0.0614,0,0.04,0.9985,0.036,0,-0.0599,0.0384,-0.9975,0,0.3632,87.4082,-1.9218,1]},
{"frame":7,"values":[0.9989,-0.0317,-0.0345,0,0.0325,0.9992,0.0223,0,-0.0337,0.0234,-0.9992,0,0.3308,87.5764,-1.9411,1]},
{"frame":8,"values":[0.9997,-0.0259,0.002,0,0.0259,0.9997,0.0028,0,0.0021,0.0028,-1,0,0.2645,87.7297,-1.8019,1]},
{"frame":9,"values":[0.9991,-0.0211,0.0377,0,0.0218,0.9996,-0.0186,0,0.0373,-0.0194,-0.9991,0,0.1545,87.8434,-1.4871,1]},
{"frame":10,"values":[0.9981,-0.0188,0.058,0,0.021,0.9991,-0.0368,0,0.0573,-0.038,-0.9976,0,0.0095,87.8693,-1.0161,1]},
{"frame":11,"values":[0.9978,-0.0191,0.0638,0,0.0223,0.9985,-0.0509,0,0.0628,-0.0522,-0.9967,0,-0.1626,87.8214,-0.4955,1]},
{"frame":12,"values":[0.9966,-0.019,0.0805,0,0.0242,0.9977,-0.063,0,0.0791,-0.0648,-0.9948,0,-0.3794,87.8106,-0.1417,1]},
{"frame":13,"values":[0.9919,-0.0165,0.1257,0,0.0257,0.9971,-0.0717,0,0.1241,-0.0744,-0.9895,0,-0.6349,87.9196,-0.1111,1]},
{"frame":14,"values":[0.9841,-0.0139,0.1772,0,0.0266,0.9972,-0.0694,0,0.1757,-0.073,-0.9817,0,-0.8814,88.0523,-0.3109,1]},
{"frame":15,"values":[0.9787,-0.0141,0.2048,0,0.0266,0.998,-0.0582,0,0.2036,-0.0624,-0.9771,0,-1.085,88.0945,-0.5426,1]},
{"frame":16,"values":[0.9771,-0.0151,0.2124,0,0.0255,0.9986,-0.0462,0,0.2114,-0.0506,-0.9761,0,-1.245,88.0427,-0.7079,1]},
{"frame":17,"values":[0.9759,-0.0147,0.2177,0,0.0234,0.999,-0.0376,0,0.2169,-0.0418,-0.9753,0,-1.3688,88.0038,-0.8201,1]},
{"frame":18,"values":[0.9748,-0.0137,0.2225,0,0.0208,0.9993,-0.0297,0,0.2219,-0.0335,-0.9745,0,-1.4636,87.9965,-0.9042,1]},
{"frame":19,"values":[0.9745,-0.0134,0.224,0,0.0184,0.9996,-0.0203,0,0.2236,-0.0239,-0.9744,0,-1.5241,87.9428,-0.9596,1]},
{"frame":20,"values":[0.9748,-0.0133,0.2225,0,0.0162,0.9998,-0.0113,0,0.2224,-0.0146,-0.9749,0,-1.5776,87.894,-0.9643,1]},
{"frame":21,"values":[0.9757,-0.0134,0.2187,0,0.0146,0.9999,-0.0039,0,0.2186,-0.007,-0.9758,0,-1.6286,87.8751,-0.9177,1]},
{"frame":22,"values":[0.9769,-0.0133,0.2132,0,0.0131,0.9999,0.0021,0,0.2132,-0.0008,-0.977,0,-1.6741,87.8512,-0.8348,1]},
{"frame":23,"values":[0.9779,-0.0127,0.2085,0,0.0115,0.9999,0.0069,0,0.2086,0.0043,-0.978,0,-1.7062,87.789,-0.7267,1]},
{"frame":24,"values":[0.9788,-0.0122,0.2043,0,0.0102,0.9999,0.0105,0,0.2044,0.0082,-0.9788,0,-1.7143,87.761,-0.5953,1]},
{"frame":25,"values":[0.9803,-0.012,0.1972,0,0.0096,0.9999,0.0132,0,0.1974,0.011,-0.9803,0,-1.7018,87.7791,-0.434,1]},
{"frame":26,"values":[0.983,-0.0122,0.1833,0,0.0096,0.9998,0.0149,0,0.1834,0.0129,-0.9829,0,-1.6835,87.7874,-0.2373,1]},
{"frame":27,"values":[0.9868,-0.0124,0.1618,0,0.0099,0.9998,0.0163,0,0.1619,0.0145,-0.9867,0,-1.6625,87.731,-0.0034,1]},
{"frame":28,"values":[0.9909,-0.0127,0.1338,0,0.0104,0.9998,0.0181,0,0.134,0.0165,-0.9908,0,-1.6471,87.6502,0.2577,1]},
{"frame":29,"values":[0.9946,-0.0139,0.1029,0,0.0119,0.9997,0.0206,0,0.1032,0.0192,-0.9945,0,-1.6328,87.5876,0.5185,1]},
{"frame":30,"values":[0.9973,-0.0158,0.0718,0,0.0142,0.9996,0.0233,0,0.0721,0.0222,-0.9971,0,-1.6181,87.5353,0.7611,1]},
{"frame":31,"values":[0.999,-0.0179,0.0419,0,0.0168,0.9995,0.0263,0,0.0424,0.0256,-0.9988,0,-1.6,87.4884,0.974,1]},
{"frame":32,"values":[0.9997,-0.0199,0.0147,0,0.0194,0.9994,0.0298,0,0.0152,0.0295,-0.9994,0,-1.5784,87.4714,1.1456,1]},
{"frame":33,"values":[0.9997,-0.0218,-0.0094,0,0.0221,0.9992,0.0333,0,-0.0086,0.0335,-0.9994,0,-1.548,87.4813,1.2639,1]},
{"frame":34,"values":[0.9993,-0.0236,-0.0296,0,0.0247,0.999,0.0361,0,-0.0287,0.0368,-0.9989,0,-1.514,87.5211,1.3416,1]},
{"frame":35,"values":[0.9986,-0.0254,-0.0465,0,0.0272,0.9989,0.038,0,-0.0455,0.0392,-0.9982,0,-1.4751,87.5614,1.3902,1]},
{"frame":36,"values":[0.9978,-0.0279,-0.0594,0,0.0302,0.9988,0.0395,0,-0.0583,0.0412,-0.9975,0,-1.4068,87.5261,1.3967,1]},
{"frame":37,"values":[0.9972,-0.0298,-0.0683,0,0.0326,0.9986,0.0412,0,-0.067,0.0433,-0.9968,0,-1.3464,87.5129,1.3686,1]},
{"frame":38,"values":[0.9968,-0.0317,-0.0736,0,0.0349,0.9985,0.0433,0,-0.0721,0.0457,-0.9963,0,-1.2868,87.5173,1.3063,1]},
{"frame":39,"values":[0.9965,-0.0338,-0.0766,0,0.0374,0.9983,0.0454,0,-0.0749,0.0481,-0.996,0,-1.2223,87.5271,1.2146,1]},
{"frame":40,"values":[0.9963,-0.0359,-0.0777,0,0.0396,0.9981,0.0476,0,-0.0758,0.0506,-0.9958,0,-1.1517,87.5323,1.0905,1]},
{"frame":41,"values":[0.9963,-0.0374,-0.0773,0,0.0414,0.9979,0.0502,0,-0.0753,0.0532,-0.9957,0,-1.073,87.5323,0.9306,1]},
{"frame":42,"values":[0.9963,-0.0389,-0.0761,0,0.0431,0.9977,0.0531,0,-0.0739,0.0562,-0.9957,0,-0.9864,87.5356,0.7465,1]},
{"frame":43,"values":[0.9964,-0.0405,-0.075,0,0.0448,0.9974,0.0558,0,-0.0726,0.059,-0.9956,0,-0.8926,87.5454,0.5535,1]},
{"frame":44,"values":[0.9963,-0.0421,-0.0744,0,0.0465,0.9972,0.0582,0,-0.0718,0.0614,-0.9955,0,-0.7913,87.545,0.361,1]},
{"frame":45,"values":[0.9963,-0.0434,-0.0746,0,0.048,0.997,0.0601,0,-0.0718,0.0635,-0.9954,0,-0.684,87.5428,0.1748,1]},
{"frame":46,"values":[0.9961,-0.0446,-0.0759,0,0.0494,0.9969,0.0617,0,-0.0729,0.0652,-0.9952,0,-0.5747,87.5501,-0.0036,1]},
{"frame":47,"values":[0.9959,-0.0457,-0.0779,0,0.0507,0.9967,0.0628,0,-0.0747,0.0665,-0.995,0,-0.4653,87.5697,-0.1688,1]},
{"frame":48,"values":[0.9957,-0.0467,-0.0799,0,0.0518,0.9966,0.0634,0,-0.0767,0.0673,-0.9948,0,-0.3589,87.5831,-0.3137,1]},
{"frame":49,"values":[0.9955,-0.0477,-0.0819,0,0.053,0.9966,0.0637,0,-0.0785,0.0678,-0.9946,0,-0.2577,87.5804,-0.4379,1]},
{"frame":50,"values":[0.9953,-0.0487,-0.0838,0,0.0541,0.9965,0.0636,0,-0.0804,0.0678,-0.9945,0,-0.165,87.561,-0.5449,1]},
{"frame":51,"values":[0.9951,-0.0496,-0.0858,0,0.0551,0.9965,0.0633,0,-0.0824,0.0677,-0.9943,0,-0.0787,87.5442,-0.6399,1]},
{"frame":52,"values":[0.9948,-0.0505,-0.0879,0,0.0561,0.9964,0.0629,0,-0.0844,0.0675,-0.9941,0,0.0054,87.5494,-0.73,1]},
{"frame":53,"values":[0.9946,-0.0514,-0.0901,0,0.0572,0.9964,0.0623,0,-0.0866,0.0671,-0.994,0,0.0836,87.5626,-0.8162,1]},
{"frame":54,"values":[0.9944,-0.0522,-0.092,0,0.058,0.9964,0.0616,0,-0.0884,0.0666,-0.9939,0,0.1504,87.5629,-0.894,1]},
{"frame":55,"values":[0.9943,-0.0527,-0.093,0,0.0585,0.9964,0.0612,0,-0.0894,0.0662,-0.9938,0,0.21,87.5642,-0.9622,1]},
{"frame":56,"values":[0.9942,-0.053,-0.0934,0,0.0588,0.9964,0.0609,0,-0.0898,0.066,-0.9938,0,0.2661,87.5622,-1.0248,1]},
{"frame":57,"values":[0.9942,-0.0532,-0.0938,0,0.059,0.9964,0.0606,0,-0.0902,0.0657,-0.9938,0,0.3211,87.5528,-1.0878,1]},
{"frame":58,"values":[0.9941,-0.0533,-0.0942,0,0.0591,0.9964,0.0602,0,-0.0906,0.0654,-0.9937,0,0.3751,87.5402,-1.1539,1]},
{"frame":59,"values":[0.9941,-0.053,-0.0945,0,0.0589,0.9965,0.06,0,-0.091,0.0652,-0.9937,0,0.4233,87.5061,-1.2228,1]}],"loopBehavior":1,"name":"anim","property":"_matrix"}},
{"name":"Spine","index":1,"matrix":[0.9988,0.0427,-0.0242,0,-0.0412,0.9974,0.0587,0,0.0266,-0.0577,0.998,0,0.1169,10.681,0.3734,1],"rest":[1,0,0,0,0,1,0,0,0,0,1,0,0.1169,10.681,0.3734,1],"parentBoneIndex":0,"length":13.8405
,"animation":{"dataType":3,"framePerSecond":24,"keys":[
{"frame":1,"values":[0.9988,0.0427,-0.0242,0,-0.0412,0.9974,0.0587,0,0.0266,-0.0577,0.998,0,0.1169,10.681,0.3734,1]},
{"frame":2,"values":[0.9988,0.0428,-0.024,0,-0.0414,0.9974,0.0586,0,0.0265,-0.0575,0.998,0,0.1169,10.681,0.3734,1]},
{"frame":3,"values":[0.9988,0.0432,-0.0234,0,-0.0417,0.9974,0.0582,0,0.0258,-0.0571,0.998,0,0.1169,10.681,0.3734,1]},
{"frame":4,"values":[0.9988,0.0439,-0.0224,0,-0.0425,0.9974,0.0576,0,0.0248,-0.0565,0.9981,0,0.1169,10.681,0.3734,1]},
{"frame":5,"values":[0.9988,0.0451,-0.0216,0,-0.0438,0.9974,0.0572,0,0.0241,-0.0562,0.9981,0,0.1169,10.681,0.3734,1]},
{"frame":6,"values":[0.9987,0.0464,-0.0214,0,-0.0451,0.9973,0.0574,0,0.024,-0.0563,0.9981,0,0.1169,10.681,0.3734,1]},
{"frame":7,"values":[0.9986,0.0477,-0.0218,0,-0.0464,0.9972,0.058,0,0.0245,-0.057,0.9981,0,0.1169,10.681,0.3734,1]},
{"frame":8,"values":[0.9985,0.0489,-0.0228,0,-0.0475,0.9971,0.0597,0,0.0257,-0.0585,0.998,0,0.1169,10.681,0.3734,1]},
{"frame":9,"values":[0.9985,0.0497,-0.025,0,-0.048,0.9969,0.0627,0,0.028,-0.0614,0.9977,0,0.1169,10.681,0.3734,1]},
{"frame":10,"values":[0.9983,0.0503,-0.0278,0,-0.0483,0.9966,0.0668,0,0.0311,-0.0654,0.9974,0,0.1169,10.681,0.3734,1]},
{"frame":11,"values":[0.9982,0.0506,-0.0314,0,-0.0482,0.9963,0.0706,0,0.0348,-0.069,0.997,0,0.1169,10.681,0.3734,1]},
{"frame":12,"values":[0.9981,0.0505,-0.0359,0,-0.0478,0.9962,0.0726,0,0.0394,-0.0708,0.9967,0,0.1169,10.681,0.3734,1]},
{"frame":13,"values":[0.998,0.0509,-0.038,0,-0.048,0.9962,0.073,0,0.0416,-0.071,0.9966,0,0.1169,10.681,0.3734,1]},
{"frame":14,"values":[0.9981,0.0514,-0.0346,0,-0.0488,0.9962,0.0726,0,0.0382,-0.0707,0.9968,0,0.1169,10.681,0.3734,1]},
{"frame":15,"values":[0.9982,0.051,-0.0303,0,-0.0487,0.9962,0.0724,0,0.0339,-0.0708,0.9969,0,0.1169,10.681,0.3734,1]},
{"frame":16,"values":[0.9983,0.049,-0.0309,0,-0.0467,0.9963,0.072,0,0.0343,-0.0705,0.9969,0,0.1169,10.681,0.3734,1]},
{"frame":17,"values":[0.9983,0.0465,-0.0348,0,-0.044,0.9965,0.071,0,0.0379,-0.0693,0.9969,0,0.1169,10.681,0.3734,1]},
{"frame":18,"values":[0.9983,0.0445,-0.0375,0,-0.0418,0.9967,0.0698,0,0.0405,-0.0681,0.9969,0,0.1169,10.681,0.3734,1]},
{"frame":19,"values":[0.9983,0.0437,-0.0378,0,-0.0411,0.9968,0.0689,0,0.0407,-0.0672,0.9969,0,0.1169,10.681,0.3734,1]},
{"frame":20,"values":[0.9984,0.0434,-0.0371,0,-0.0408,0.9969,0.0677,0,0.04,-0.0661,0.997,0,0.1169,10.681,0.3734,1]},
{"frame":21,"values":[0.9984,0.0432,-0.037,0,-0.0407,0.9969,0.0667,0,0.0398,-0.0651,0.9971,0,0.1169,10.681,0.3734,1]},
{"frame":22,"values":[0.9984,0.043,-0.037,0,-0.0405,0.997,0.0664,0,0.0397,-0.0648,0.9971,0,0.1169,10.681,0.3734,1]},
{"frame":23,"values":[0.9984,0.0427,-0.0364,0,-0.0402,0.997,0.0664,0,0.0392,-0.0648,0.9971,0,0.1169,10.681,0.3734,1]},
{"frame":24,"values":[0.9985,0.0425,-0.0353,0,-0.0401,0.997,0.0662,0,0.038,-0.0647,0.9972,0,0.1169,10.681,0.3734,1]},
{"frame":25,"values":[0.9985,0.0421,-0.0338,0,-0.0398,0.997,0.0658,0,0.0365,-0.0643,0.9973,0,0.1169,10.681,0.3734,1]},
{"frame":26,"values":[0.9986,0.0413,-0.0323,0,-0.0391,0.9971,0.0653,0,0.0349,-0.0639,0.9973,0,0.1169,10.681,0.3734,1]},
{"frame":27,"values":[0.9987,0.04,-0.0308,0,-0.038,0.9972,0.065,0,0.0333,-0.0638,0.9974,0,0.1169,10.681,0.3734,1]},
{"frame":28,"values":[0.9988,0.0383,-0.0298,0,-0.0363,0.9972,0.0651,0,0.0322,-0.064,0.9974,0,0.1169,10.681,0.3734,1]},
{"frame":29,"values":[0.9989,0.0368,-0.029,0,-0.0348,0.9972,0.0655,0,0.0314,-0.0644,0.9974,0,0.1169,10.681,0.3734,1]},
{"frame":30,"values":[0.999,0.0356,-0.0286,0,-0.0337,0.9973,0.066,0,0.0308,-0.0649,0.9974,0,0.1169,10.681,0.3734,1]},
{"frame":31,"values":[0.999,0.0348,-0.0282,0,-0.0329,0.9973,0.0662,0,0.0304,-0.0652,0.9974,0,0.1169,10.681,0.3734,1]},
{"frame":32,"values":[0.999,0.0342,-0.0278,0,-0.0323,0.9973,0.0662,0,0.03,-0.0652,0.9974,0,0.1169,10.681,0.3734,1]},
{"frame":33,"values":[0.9991,0.0339,-0.0272,0,-0.032,0.9973,0.0658,0,0.0294,-0.0648,0.9975,0,0.1169,10.681,0.3734,1]},
{"frame":34,"values":[0.9991,0.0336,-0.0266,0,-0.0318,0.9974,0.065,0,0.0287,-0.0641,0.9975,0,0.1169,10.681,0.3734,1]},
{"frame":35,"values":[0.9991,0.0334,-0.0262,0,-0.0317,0.9974,0.0643,0,0.0282,-0.0634,0.9976,0,0.1169,10.681,0.3734,1]},
{"frame":36,"values":[0.9991,0.0342,-0.0259,0,-0.0325,0.9974,0.0638,0,0.0281,-0.0629,0.9976,0,0.1169,10.681,0.3734,1]},
{"frame":37,"values":[0.9991,0.0347,-0.0257,0,-0.033,0.9974,0.0635,0,0.0279,-0.0626,0.9976,0,0.1169,10.681,0.3734,1]},
{"frame":38,"values":[0.9991,0.0351,-0.0255,0,-0.0334,0.9974,0.0635,0,0.0277,-0.0626,0.9977,0,0.1169,10.681,0.3734,1]},
{"frame":39,"values":[0.999,0.0356,-0.0255,0,-0.0339,0.9974,0.0635,0,0.0277,-0.0625,0.9977,0,0.1169,10.681,0.3734,1]},
{"frame":40,"values":[0.999,0.0361,-0.0255,0,-0.0344,0.9974,0.0634,0,0.0277,-0.0625,0.9977,0,0.1169,10.681,0.3734,1]},
{"frame":41,"values":[0.999,0.0366,-0.0254,0,-0.035,0.9974,0.0633,0,0.0276,-0.0624,0.9977,0,0.1169,10.681,0.3734,1]},
{"frame":42,"values":[0.999,0.0372,-0.0251,0,-0.0355,0.9974,0.063,0,0.0274,-0.0621,0.9977,0,0.1169,10.681,0.3734,1]},
{"frame":43,"values":[0.999,0.0378,-0.025,0,-0.0362,0.9974,0.0626,0,0.0273,-0.0617,0.9977,0,0.1169,10.681,0.3734,1]},
{"frame":44,"values":[0.999,0.0384,-0.025,0,-0.0368,0.9974,0.0622,0,0.0273,-0.0612,0.9978,0,0.1169,10.681,0.3734,1]},
{"frame":45,"values":[0.9989,0.0389,-0.0248,0,-0.0373,0.9974,0.0618,0,0.0271,-0.0608,0.9978,0,0.1169,10.681,0.3734,1]},
{"frame":46,"values":[0.9989,0.0394,-0.0244,0,-0.0378,0.9974,0.0614,0,0.0268,-0.0604,0.9978,0,0.1169,10.681,0.3734,1]},
{"frame":47,"values":[0.9989,0.0398,-0.0242,0,-0.0383,0.9974,0.061,0,0.0265,-0.06,0.9978,0,0.1169,10.681,0.3734,1]},
{"frame":48,"values":[0.9989,0.0402,-0.024,0,-0.0387,0.9974,0.0607,0,0.0264,-0.0597,0.9979,0,0.1169,10.681,0.3734,1]},
{"frame":49,"values":[0.9989,0.0405,-0.0239,0,-0.039,0.9974,0.0604,0,0.0263,-0.0594,0.9979,0,0.1169,10.681,0.3734,1]},
{"frame":50,"values":[0.9989,0.0408,-0.0238,0,-0.0393,0.9974,0.0603,0,0.0262,-0.0593,0.9979,0,0.1169,10.681,0.3734,1]},
{"frame":51,"values":[0.9989,0.041,-0.0238,0,-0.0395,0.9974,0.0601,0,0.0262,-0.0591,0.9979,0,0.1169,10.681,0.3734,1]},
{"frame":52,"values":[0.9989,0.0413,-0.0239,0,-0.0398,0.9974,0.0599,0,0.0263,-0.0589,0.9979,0,0.1169,10.681,0.3734,1]},
{"frame":53,"values":[0.9988,0.0416,-0.0241,0,-0.0401,0.9974,0.0596,0,0.0265,-0.0586,0.9979,0,0.1169,10.681,0.3734,1]},
{"frame":54,"values":[0.9988,0.0417,-0.0241,0,-0.0402,0.9974,0.0593,0,0.0265,-0.0582,0.998,0,0.1169,10.681,0.3734,1]},
{"frame":55,"values":[0.9988,0.0418,-0.0241,0,-0.0403,0.9974,0.0591,0,0.0265,-0.0581,0.998,0,0.1169,10.681,0.3734,1]},
{"frame":56,"values":[0.9988,0.042,-0.0241,0,-0.0405,0.9974,0.0591,0,0.0265,-0.0581,0.998,0,0.1169,10.681,0.3734,1]},
{"frame":57,"values":[0.9988,0.0422,-0.024,0,-0.0407,0.9974,0.059,0,0.0265,-0.0579,0.998,0,0.1169,10.681,0.3734,1]},
{"frame":58,"values":[0.9988,0.0425,-0.024,0,-0.041,0.9974,0.0589,0,0.0265,-0.0579,0.998,0,0.1169,10.681,0.3734,1]},
{"frame":59,"values":[0.9988,0.0426,-0.024,0,-0.0411,0.9974,0.0589,0,0.0265,-0.0579,0.998,0,0.1169,10.681,0.3734,1]}],"loopBehavior":1,"name":"anim","property":"_matrix"}},
{"name":"Spine1","index":2,"matrix":[0.9996,0.0272,-0.0054,0,-0.0271,0.9994,0.0203,0,0.0059,-0.0201,0.9998,0,0,13.8404,0.0535,1],"rest":[1,0,0,0,0,1,0,0,0,0,1,0,0,13.8404,0.0535,1],"parentBoneIndex":1,"length":14.7173
,"animation":{"dataType":3,"framePerSecond":24,"keys":[
{"frame":1,"values":[0.9996,0.0272,-0.0054,0,-0.0271,0.9994,0.0203,0,0.0059,-0.0201,0.9998,0,0,13.8404,0.0535,1]},
{"frame":2,"values":[0.9996,0.0276,-0.005,0,-0.0275,0.9994,0.0197,0,0.0055,-0.0196,0.9998,0,0,13.8404,0.0535,1]},
{"frame":3,"values":[0.9996,0.0284,-0.0038,0,-0.0283,0.9994,0.0189,0,0.0043,-0.0188,0.9998,0,0,13.8404,0.0535,1]},
{"frame":4,"values":[0.9996,0.0296,-0.0019,0,-0.0295,0.9994,0.0182,0,0.0024,-0.0181,0.9998,0,0,13.8404,0.0535,1]},
{"frame":5,"values":[0.9995,0.0312,-0.0005,0,-0.0311,0.9994,0.018,0,0.001,-0.018,0.9998,0,0,13.8404,0.0535,1]},
{"frame":6,"values":[0.9995,0.033,-0.0003,0,-0.033,0.9993,0.0186,0,0.0009,-0.0186,0.9998,0,0,13.8404,0.0535,1]},
{"frame":7,"values":[0.9994,0.0351,-0.0009,0,-0.035,0.9992,0.0204,0,0.0016,-0.0204,0.9998,0,0,13.8404,0.0535,1]},
{"frame":8,"values":[0.9993,0.0371,-0.0029,0,-0.037,0.999,0.0241,0,0.0038,-0.024,0.9997,0,0,13.8404,0.0535,1]},
{"frame":9,"values":[0.9992,0.0389,-0.0066,0,-0.0387,0.9988,0.0294,0,0.0078,-0.0291,0.9995,0,0,13.8404,0.0535,1]},
{"frame":10,"values":[0.9991,0.0403,-0.0116,0,-0.0399,0.9986,0.0352,0,0.013,-0.0347,0.9993,0,0,13.8404,0.0535,1]},
{"frame":11,"values":[0.999,0.0412,-0.0178,0,-0.0405,0.9984,0.04,0,0.0194,-0.0392,0.999,0,0,13.8404,0.0535,1]},
{"frame":12,"values":[0.9988,0.0413,-0.0256,0,-0.0402,0.9983,0.0428,0,0.0273,-0.0417,0.9988,0,0,13.8404,0.0535,1]},
{"frame":13,"values":[0.9987,0.0412,-0.0292,0,-0.0399,0.9983,0.0432,0,0.031,-0.042,0.9986,0,0,13.8404,0.0535,1]},
{"frame":14,"values":[0.9989,0.0418,-0.0233,0,-0.0408,0.9983,0.0418,0,0.025,-0.0408,0.9989,0,0,13.8404,0.0535,1]},
{"frame":15,"values":[0.999,0.0417,-0.0161,0,-0.041,0.9983,0.041,0,0.0177,-0.0403,0.999,0,0,13.8404,0.0535,1]},
{"frame":16,"values":[0.999,0.0404,-0.0171,0,-0.0396,0.9984,0.0408,0,0.0188,-0.0401,0.999,0,0,13.8404,0.0535,1]},
{"frame":17,"values":[0.999,0.0389,-0.0239,0,-0.0379,0.9985,0.0398,0,0.0254,-0.0389,0.9989,0,0,13.8404,0.0535,1]},
{"frame":18,"values":[0.9989,0.0381,-0.0288,0,-0.037,0.9986,0.0384,0,0.0302,-0.0373,0.9988,0,0,13.8404,0.0535,1]},
{"frame":19,"values":[0.9989,0.0378,-0.0292,0,-0.0367,0.9986,0.0372,0,0.0305,-0.0361,0.9989,0,0,13.8404,0.0535,1]},
{"frame":20,"values":[0.9989,0.0375,-0.0279,0,-0.0365,0.9987,0.0356,0,0.0292,-0.0345,0.999,0,0,13.8404,0.0535,1]},
{"frame":21,"values":[0.9989,0.0372,-0.0276,0,-0.0362,0.9988,0.034,0,0.0288,-0.0329,0.999,0,0,13.8404,0.0535,1]},
{"frame":22,"values":[0.9989,0.0372,-0.0275,0,-0.0363,0.9988,0.0333,0,0.0287,-0.0323,0.9991,0,0,13.8404,0.0535,1]},
{"frame":23,"values":[0.9989,0.0375,-0.0265,0,-0.0366,0.9988,0.0331,0,0.0277,-0.0321,0.9991,0,0,13.8404,0.0535,1]},
{"frame":24,"values":[0.999,0.0373,-0.0245,0,-0.0365,0.9988,0.0325,0,0.0257,-0.0315,0.9992,0,0,13.8404,0.0535,1]},
{"frame":25,"values":[0.9991,0.0367,-0.0221,0,-0.036,0.9989,0.0314,0,0.0232,-0.0305,0.9993,0,0,13.8404,0.0535,1]},
{"frame":26,"values":[0.9992,0.0359,-0.0194,0,-0.0353,0.9989,0.0303,0,0.0205,-0.0295,0.9994,0,0,13.8404,0.0535,1]},
{"frame":27,"values":[0.9992,0.035,-0.017,0,-0.0344,0.999,0.0296,0,0.018,-0.029,0.9994,0,0,13.8404,0.0535,1]},
{"frame":28,"values":[0.9993,0.0338,-0.0152,0,-0.0333,0.999,0.0298,0,0.0162,-0.0292,0.9994,0,0,13.8404,0.0535,1]},
{"frame":29,"values":[0.9994,0.0325,-0.014,0,-0.032,0.999,0.0304,0,0.0149,-0.03,0.9994,0,0,13.8404,0.0535,1]},
{"frame":30,"values":[0.9994,0.0314,-0.0131,0,-0.031,0.999,0.0311,0,0.0141,-0.0307,0.9994,0,0,13.8404,0.0535,1]},
{"frame":31,"values":[0.9995,0.0306,-0.0124,0,-0.0302,0.999,0.0316,0,0.0134,-0.0312,0.9994,0,0,13.8404,0.0535,1]},
{"frame":32,"values":[0.9995,0.03,-0.0117,0,-0.0296,0.9991,0.0315,0,0.0126,-0.0312,0.9994,0,0,13.8404,0.0535,1]},
{"frame":33,"values":[0.9995,0.0293,-0.0106,0,-0.029,0.9991,0.0309,0,0.0115,-0.0306,0.9995,0,0,13.8404,0.0535,1]},
{"frame":34,"values":[0.9995,0.0287,-0.0094,0,-0.0285,0.9991,0.0299,0,0.0102,-0.0296,0.9995,0,0,13.8404,0.0535,1]},
{"frame":35,"values":[0.9996,0.0283,-0.0086,0,-0.0281,0.9992,0.029,0,0.0094,-0.0287,0.9995,0,0,13.8404,0.0535,1]},
{"frame":36,"values":[0.9996,0.028,-0.0082,0,-0.0278,0.9992,0.0284,0,0.009,-0.0282,0.9996,0,0,13.8404,0.0535,1]},
{"frame":37,"values":[0.9996,0.0278,-0.0078,0,-0.0275,0.9992,0.0282,0,0.0085,-0.0279,0.9996,0,0,13.8404,0.0535,1]},
{"frame":38,"values":[0.9996,0.0276,-0.0074,0,-0.0274,0.9992,0.0281,0,0.0082,-0.0279,0.9996,0,0,13.8404,0.0535,1]},
{"frame":39,"values":[0.9996,0.0275,-0.0074,0,-0.0273,0.9992,0.0281,0,0.0082,-0.0279,0.9996,0,0,13.8404,0.0535,1]},
{"frame":40,"values":[0.9996,0.0273,-0.0074,0,-0.0271,0.9992,0.028,0,0.0082,-0.0278,0.9996,0,0,13.8404,0.0535,1]},
{"frame":41,"values":[0.9996,0.0269,-0.0071,0,-0.0267,0.9993,0.0276,0,0.0079,-0.0274,0.9996,0,0,13.8404,0.0535,1]},
{"frame":42,"values":[0.9996,0.0266,-0.0067,0,-0.0264,0.9993,0.027,0,0.0075,-0.0268,0.9996,0,0,13.8404,0.0535,1]},
{"frame":43,"values":[0.9996,0.0265,-0.0065,0,-0.0263,0.9993,0.0263,0,0.0072,-0.0261,0.9996,0,0,13.8404,0.0535,1]},
{"frame":44,"values":[0.9996,0.0264,-0.0064,0,-0.0262,0.9993,0.0256,0,0.0071,-0.0254,0.9997,0,0,13.8404,0.0535,1]},
{"frame":45,"values":[0.9996,0.0263,-0.0061,0,-0.0262,0.9993,0.0249,0,0.0068,-0.0247,0.9997,0,0,13.8404,0.0535,1]},
{"frame":46,"values":[0.9996,0.0263,-0.0056,0,-0.0261,0.9994,0.0241,0,0.0062,-0.0239,0.9997,0,0,13.8404,0.0535,1]},
{"frame":47,"values":[0.9996,0.0263,-0.0051,0,-0.0261,0.9994,0.0233,0,0.0058,-0.0232,0.9997,0,0,13.8404,0.0535,1]},
{"frame":48,"values":[0.9996,0.0263,-0.0049,0,-0.0262,0.9994,0.0228,0,0.0055,-0.0227,0.9997,0,0,13.8404,0.0535,1]},
{"frame":49,"values":[0.9996,0.0263,-0.0047,0,-0.0262,0.9994,0.0225,0,0.0053,-0.0224,0.9997,0,0,13.8404,0.0535,1]},
{"frame":50,"values":[0.9996,0.0263,-0.0046,0,-0.0262,0.9994,0.0222,0,0.0052,-0.0221,0.9997,0,0,13.8404,0.0535,1]},
{"frame":51,"values":[0.9996,0.0263,-0.0046,0,-0.0262,0.9994,0.022,0,0.0052,-0.0219,0.9997,0,0,13.8404,0.0535,1]},
{"frame":52,"values":[0.9996,0.0264,-0.0048,0,-0.0263,0.9994,0.0217,0,0.0054,-0.0215,0.9998,0,0,13.8404,0.0535,1]},
{"frame":53,"values":[0.9996,0.0264,-0.0052,0,-0.0263,0.9994,0.0211,0,0.0057,-0.021,0.9998,0,0,13.8404,0.0535,1]},
{"frame":54,"values":[0.9996,0.0264,-0.0053,0,-0.0263,0.9994,0.0207,0,0.0058,-0.0206,0.9998,0,0,13.8404,0.0535,1]},
{"frame":55,"values":[0.9996,0.0264,-0.0053,0,-0.0263,0.9994,0.0206,0,0.0058,-0.0204,0.9998,0,0,13.8404,0.0535,1]},
{"frame":56,"values":[0.9996,0.0265,-0.0053,0,-0.0264,0.9994,0.0205,0,0.0058,-0.0204,0.9998,0,0,13.8404,0.0535,1]},
{"frame":57,"values":[0.9996,0.0266,-0.0053,0,-0.0265,0.9994,0.0204,0,0.0058,-0.0203,0.9998,0,0,13.8404,0.0535,1]},
{"frame":58,"values":[0.9996,0.0269,-0.0053,0,-0.0268,0.9994,0.0204,0,0.0058,-0.0202,0.9998,0,0,13.8404,0.0535,1]},
{"frame":59,"values":[0.9996,0.0272,-0.0053,0,-0.0271,0.9994,0.0204,0,0.0058,-0.0202,0.9998,0,0,13.8404,0.0535,1]}],"loopBehavior":1,"name":"anim","property":"_matrix"}},
{"name":"Spine2","index":3,"matrix":[0.9996,0.0273,-0.0058,0,-0.0272,0.9994,0.0198,0,0.0063,-0.0197,0.9998,0,0,14.7127,-0.3662,1],"rest":[1,0,0,0,0,1,0,0,0,0,1,0,0,14.7127,-0.3662,1],"parentBoneIndex":2,"length":31.8652
,"animation":{"dataType":3,"framePerSecond":24,"keys":[
{"frame":1,"values":[0.9996,0.0273,-0.0058,0,-0.0272,0.9994,0.0198,0,0.0063,-0.0197,0.9998,0,0,14.7127,-0.3662,1]},
{"frame":2,"values":[0.9996,0.0277,-0.0054,0,-0.0276,0.9994,0.0193,0,0.0059,-0.0191,0.9998,0,0,14.7127,-0.3662,1]},
{"frame":3,"values":[0.9996,0.0284,-0.0041,0,-0.0283,0.9994,0.0184,0,0.0047,-0.0183,0.9998,0,0,14.7127,-0.3662,1]},
{"frame":4,"values":[0.9996,0.0296,-0.0022,0,-0.0295,0.9994,0.0178,0,0.0027,-0.0177,0.9998,0,0,14.7127,-0.3662,1]},
{"frame":5,"values":[0.9995,0.0311,-0.0008,0,-0.0311,0.9994,0.0176,0,0.0013,-0.0175,0.9998,0,0,14.7127,-0.3662,1]},
{"frame":6,"values":[0.9995,0.033,-0.0005,0,-0.033,0.9993,0.0182,0,0.0011,-0.0181,0.9998,0,0,14.7127,-0.3662,1]},
{"frame":7,"values":[0.9994,0.035,-0.0011,0,-0.035,0.9992,0.02,0,0.0018,-0.0199,0.9998,0,0,14.7127,-0.3662,1]},
{"frame":8,"values":[0.9993,0.0371,-0.003,0,-0.037,0.999,0.0236,0,0.0039,-0.0235,0.9997,0,0,14.7127,-0.3662,1]},
{"frame":9,"values":[0.9992,0.0389,-0.0068,0,-0.0387,0.9988,0.029,0,0.0079,-0.0287,0.9996,0,0,14.7127,-0.3662,1]},
{"frame":10,"values":[0.9991,0.0405,-0.0117,0,-0.04,0.9986,0.0348,0,0.0131,-0.0343,0.9993,0,0,14.7127,-0.3662,1]},
{"frame":11,"values":[0.999,0.0415,-0.018,0,-0.0407,0.9984,0.0395,0,0.0196,-0.0387,0.9991,0,0,14.7127,-0.3662,1]},
{"frame":12,"values":[0.9988,0.0416,-0.0258,0,-0.0405,0.9983,0.0423,0,0.0275,-0.0412,0.9988,0,0,14.7127,-0.3662,1]},
{"frame":13,"values":[0.9987,0.0416,-0.0294,0,-0.0403,0.9983,0.0427,0,0.0311,-0.0415,0.9987,0,0,14.7127,-0.3662,1]},
{"frame":14,"values":[0.9988,0.0421,-0.0235,0,-0.0411,0.9983,0.0413,0,0.0252,-0.0403,0.9989,0,0,14.7127,-0.3662,1]},
{"frame":15,"values":[0.999,0.0419,-0.0163,0,-0.0412,0.9983,0.0406,0,0.0179,-0.0398,0.999,0,0,14.7127,-0.3662,1]},
{"frame":16,"values":[0.999,0.0406,-0.0174,0,-0.0399,0.9984,0.0404,0,0.019,-0.0397,0.999,0,0,14.7127,-0.3662,1]},
{"frame":17,"values":[0.9989,0.0392,-0.0242,0,-0.0382,0.9985,0.0394,0,0.0257,-0.0384,0.9989,0,0,14.7127,-0.3662,1]},
{"frame":18,"values":[0.9988,0.0385,-0.029,0,-0.0374,0.9986,0.038,0,0.0305,-0.0368,0.9989,0,0,14.7127,-0.3662,1]},
{"frame":19,"values":[0.9988,0.0382,-0.0295,0,-0.0371,0.9986,0.0368,0,0.0308,-0.0356,0.9989,0,0,14.7127,-0.3662,1]},
{"frame":20,"values":[0.9989,0.0378,-0.0283,0,-0.0368,0.9987,0.0351,0,0.0296,-0.034,0.999,0,0,14.7127,-0.3662,1]},
{"frame":21,"values":[0.9989,0.0375,-0.0279,0,-0.0366,0.9988,0.0335,0,0.0291,-0.0324,0.999,0,0,14.7127,-0.3662,1]},
{"frame":22,"values":[0.9989,0.0376,-0.0278,0,-0.0367,0.9988,0.0329,0,0.029,-0.0318,0.9991,0,0,14.7127,-0.3662,1]},
{"frame":23,"values":[0.9989,0.0378,-0.0268,0,-0.0369,0.9988,0.0327,0,0.028,-0.0316,0.9991,0,0,14.7127,-0.3662,1]},
{"frame":24,"values":[0.999,0.0376,-0.0249,0,-0.0368,0.9988,0.032,0,0.026,-0.0311,0.9992,0,0,14.7127,-0.3662,1]},
{"frame":25,"values":[0.9991,0.037,-0.0225,0,-0.0363,0.9989,0.0309,0,0.0236,-0.03,0.9993,0,0,14.7127,-0.3662,1]},
{"frame":26,"values":[0.9992,0.0361,-0.0198,0,-0.0355,0.9989,0.0298,0,0.0209,-0.0291,0.9994,0,0,14.7127,-0.3662,1]},
{"frame":27,"values":[0.9992,0.0352,-0.0174,0,-0.0346,0.999,0.0292,0,0.0184,-0.0286,0.9994,0,0,14.7127,-0.3662,1]},
{"frame":28,"values":[0.9993,0.034,-0.0157,0,-0.0335,0.999,0.0293,0,0.0167,-0.0288,0.9994,0,0,14.7127,-0.3662,1]},
{"frame":29,"values":[0.9994,0.0326,-0.0145,0,-0.0322,0.999,0.03,0,0.0154,-0.0295,0.9994,0,0,14.7127,-0.3662,1]},
{"frame":30,"values":[0.9994,0.0316,-0.0136,0,-0.0311,0.999,0.0307,0,0.0146,-0.0303,0.9994,0,0,14.7127,-0.3662,1]},
{"frame":31,"values":[0.9994,0.0308,-0.0129,0,-0.0304,0.9991,0.0311,0,0.0139,-0.0307,0.9994,0,0,14.7127,-0.3662,1]},
{"frame":32,"values":[0.9995,0.0301,-0.0121,0,-0.0297,0.9991,0.0311,0,0.0131,-0.0307,0.9994,0,0,14.7127,-0.3662,1]},
{"frame":33,"values":[0.9995,0.0294,-0.011,0,-0.0291,0.9991,0.0305,0,0.0119,-0.0301,0.9995,0,0,14.7127,-0.3662,1]},
{"frame":34,"values":[0.9995,0.0289,-0.0099,0,-0.0286,0.9992,0.0295,0,0.0107,-0.0292,0.9995,0,0,14.7127,-0.3662,1]},
{"frame":35,"values":[0.9996,0.0284,-0.0091,0,-0.0282,0.9992,0.0286,0,0.0099,-0.0283,0.9996,0,0,14.7127,-0.3662,1]},
{"frame":36,"values":[0.9996,0.0281,-0.0087,0,-0.0278,0.9992,0.028,0,0.0095,-0.0277,0.9996,0,0,14.7127,-0.3662,1]},
{"frame":37,"values":[0.9996,0.0278,-0.0082,0,-0.0276,0.9992,0.0277,0,0.009,-0.0275,0.9996,0,0,14.7127,-0.3662,1]},
{"frame":38,"values":[0.9996,0.0277,-0.0079,0,-0.0275,0.9992,0.0277,0,0.0087,-0.0275,0.9996,0,0,14.7127,-0.3662,1]},
{"frame":39,"values":[0.9996,0.0276,-0.0079,0,-0.0274,0.9992,0.0277,0,0.0086,-0.0275,0.9996,0,0,14.7127,-0.3662,1]},
{"frame":40,"values":[0.9996,0.0274,-0.0079,0,-0.0272,0.9993,0.0276,0,0.0086,-0.0273,0.9996,0,0,14.7127,-0.3662,1]},
{"frame":41,"values":[0.9996,0.027,-0.0076,0,-0.0268,0.9993,0.0272,0,0.0083,-0.027,0.9996,0,0,14.7127,-0.3662,1]},
{"frame":42,"values":[0.9996,0.0267,-0.0072,0,-0.0265,0.9993,0.0266,0,0.0079,-0.0264,0.9996,0,0,14.7127,-0.3662,1]},
{"frame":43,"values":[0.9996,0.0265,-0.007,0,-0.0263,0.9993,0.0258,0,0.0077,-0.0256,0.9996,0,0,14.7127,-0.3662,1]},
{"frame":44,"values":[0.9996,0.0264,-0.0069,0,-0.0262,0.9993,0.0251,0,0.0075,-0.0249,0.9997,0,0,14.7127,-0.3662,1]},
{"frame":45,"values":[0.9996,0.0264,-0.0066,0,-0.0262,0.9994,0.0244,0,0.0072,-0.0243,0.9997,0,0,14.7127,-0.3662,1]},
{"frame":46,"values":[0.9996,0.0263,-0.006,0,-0.0262,0.9994,0.0237,0,0.0067,-0.0235,0.9997,0,0,14.7127,-0.3662,1]},
{"frame":47,"values":[0.9996,0.0263,-0.0056,0,-0.0262,0.9994,0.0229,0,0.0062,-0.0228,0.9997,0,0,14.7127,-0.3662,1]},
{"frame":48,"values":[0.9996,0.0263,-0.0053,0,-0.0262,0.9994,0.0224,0,0.0059,-0.0222,0.9997,0,0,14.7127,-0.3662,1]},
{"frame":49,"values":[0.9996,0.0263,-0.0051,0,-0.0262,0.9994,0.022,0,0.0057,-0.0219,0.9997,0,0,14.7127,-0.3662,1]},
{"frame":50,"values":[0.9996,0.0263,-0.005,0,-0.0262,0.9994,0.0218,0,0.0056,-0.0217,0.9997,0,0,14.7127,-0.3662,1]},
{"frame":51,"values":[0.9996,0.0264,-0.005,0,-0.0263,0.9994,0.0216,0,0.0056,-0.0214,0.9998,0,0,14.7127,-0.3662,1]},
{"frame":52,"values":[0.9996,0.0264,-0.0052,0,-0.0263,0.9994,0.0212,0,0.0058,-0.0211,0.9998,0,0,14.7127,-0.3662,1]},
{"frame":53,"values":[0.9996,0.0264,-0.0056,0,-0.0263,0.9994,0.0207,0,0.0061,-0.0205,0.9998,0,0,14.7127,-0.3662,1]},
{"frame":54,"values":[0.9996,0.0265,-0.0057,0,-0.0263,0.9994,0.0203,0,0.0063,-0.0201,0.9998,0,0,14.7127,-0.3662,1]},
{"frame":55,"values":[0.9996,0.0265,-0.0058,0,-0.0264,0.9995,0.0201,0,0.0063,-0.02,0.9998,0,0,14.7127,-0.3662,1]},
{"frame":56,"values":[0.9996,0.0265,-0.0058,0,-0.0264,0.9994,0.0201,0,0.0063,-0.0199,0.9998,0,0,14.7127,-0.3662,1]},
{"frame":57,"values":[0.9996,0.0267,-0.0058,0,-0.0265,0.9994,0.02,0,0.0063,-0.0198,0.9998,0,0,14.7127,-0.3662,1]},
{"frame":58,"values":[0.9996,0.027,-0.0058,0,-0.0268,0.9994,0.0199,0,0.0063,-0.0198,0.9998,0,0,14.7127,-0.3662,1]},
{"frame":59,"values":[0.9996,0.0272,-0.0058,0,-0.0271,0.9994,0.0199,0,0.0063,-0.0198,0.9998,0,0,14.7127,-0.3662,1]}],"loopBehavior":1,"name":"anim","property":"_matrix"}},
{"name":"Neck","index":4,"matrix":[1,0.0078,0.0021,0,-0.0079,0.9952,0.098,0,-0.0014,-0.098,0.9952,0,0,35.4155,-3.3142,1],"rest":[1,0,0,0,0,1,0,0,0,0,1,0,0,35.4155,-3.3142,1],"parentBoneIndex":3,"length":16.9431
,"animation":{"dataType":3,"framePerSecond":24,"keys":[
{"frame":1,"values":[1,0.0078,0.0021,0,-0.0079,0.9952,0.098,0,-0.0014,-0.098,0.9952,0,0,35.4155,-3.3142,1]},
{"frame":2,"values":[1,0.0068,0.0025,0,-0.007,0.9949,0.101,0,-0.0018,-0.101,0.9949,0,0,35.4155,-3.3142,1]},
{"frame":3,"values":[1,0.0046,0.0032,0,-0.0049,0.9943,0.1068,0,-0.0027,-0.1068,0.9943,0,0,35.4155,-3.3142,1]},
{"frame":4,"values":[1,-0.0001,0.0043,0,-0.0004,0.9931,0.1172,0,-0.0043,-0.1172,0.9931,0,0,35.4155,-3.3142,1]},
{"frame":5,"values":[1,-0.0075,0.0059,0,0.0067,0.9913,0.1311,0,-0.0068,-0.1311,0.9914,0,0,35.4155,-3.3142,1]},
{"frame":6,"values":[0.9998,-0.0173,0.0082,0,0.016,0.9893,0.1452,0,-0.0106,-0.1451,0.9894,0,0,35.4155,-3.3142,1]},
{"frame":7,"values":[0.9996,-0.0269,0.0118,0,0.0247,0.9874,0.1562,0,-0.0158,-0.1558,0.9877,0,0,35.4155,-3.3142,1]},
{"frame":8,"values":[0.9993,-0.0327,0.0179,0,0.0293,0.9861,0.1636,0,-0.023,-0.163,0.9864,0,0,35.4155,-3.3142,1]},
{"frame":9,"values":[0.9991,-0.0343,0.0253,0,0.0295,0.9848,0.1712,0,-0.0308,-0.1703,0.9849,0,0,35.4155,-3.3142,1]},
{"frame":10,"values":[0.9989,-0.0354,0.0306,0,0.0292,0.9826,0.1836,0,-0.0365,-0.1826,0.9825,0,0,35.4155,-3.3142,1]},
{"frame":11,"values":[0.9987,-0.0381,0.0332,0,0.0307,0.9793,0.1998,0,-0.0402,-0.1986,0.9793,0,0,35.4155,-3.3142,1]},
{"frame":12,"values":[0.9986,-0.0385,0.0375,0,0.0298,0.9773,0.2098,0,-0.0447,-0.2084,0.977,0,0,35.4155,-3.3142,1]},
{"frame":13,"values":[0.9984,-0.0351,0.0442,0,0.025,0.977,0.2117,0,-0.0506,-0.2102,0.9763,0,0,35.4155,-3.3142,1]},
{"frame":14,"values":[0.9983,-0.0317,0.0487,0,0.0204,0.9762,0.2157,0,-0.0544,-0.2143,0.9752,0,0,35.4155,-3.3142,1]},
{"frame":15,"values":[0.9983,-0.0306,0.0503,0,0.0187,0.9751,0.2211,0,-0.0558,-0.2197,0.974,0,0,35.4155,-3.3142,1]},
{"frame":16,"values":[0.9981,-0.0314,0.0523,0,0.0192,0.9755,0.219,0,-0.0579,-0.2175,0.9743,0,0,35.4155,-3.3142,1]},
{"frame":17,"values":[0.9979,-0.0328,0.0553,0,0.0205,0.9774,0.2104,0,-0.061,-0.2089,0.976,0,0,35.4155,-3.3142,1]},
{"frame":18,"values":[0.9978,-0.0353,0.0563,0,0.0233,0.979,0.2023,0,-0.0623,-0.2006,0.9777,0,0,35.4155,-3.3142,1]},
{"frame":19,"values":[0.9977,-0.0389,0.0551,0,0.0272,0.9797,0.1985,0,-0.0617,-0.1965,0.9786,0,0,35.4155,-3.3142,1]},
{"frame":20,"values":[0.9977,-0.0421,0.0536,0,0.0307,0.9796,0.1985,0,-0.0609,-0.1964,0.9786,0,0,35.4155,-3.3142,1]},
{"frame":21,"values":[0.9976,-0.0449,0.0523,0,0.0336,0.9794,0.199,0,-0.0601,-0.1967,0.9786,0,0,35.4155,-3.3142,1]},
{"frame":22,"values":[0.9976,-0.0474,0.0505,0,0.0365,0.9796,0.1978,0,-0.0589,-0.1955,0.9789,0,0,35.4155,-3.3142,1]},
{"frame":23,"values":[0.9976,-0.0494,0.0485,0,0.039,0.9799,0.1956,0,-0.0572,-0.1933,0.9795,0,0,35.4155,-3.3142,1]},
{"frame":24,"values":[0.9977,-0.0502,0.0463,0,0.0404,0.9803,0.1934,0,-0.0551,-0.1911,0.98,0,0,35.4155,-3.3142,1]},
{"frame":25,"values":[0.9978,-0.0503,0.0437,0,0.041,0.9806,0.1916,0,-0.0525,-0.1894,0.9805,0,0,35.4155,-3.3142,1]},
{"frame":26,"values":[0.9979,-0.0502,0.0402,0,0.0417,0.9811,0.1892,0,-0.0489,-0.1871,0.9811,0,0,35.4155,-3.3142,1]},
{"frame":27,"values":[0.9981,-0.0501,0.0357,0,0.0427,0.9817,0.1855,0,-0.0443,-0.1837,0.982,0,0,35.4155,-3.3142,1]},
{"frame":28,"values":[0.9983,-0.0498,0.0303,0,0.0435,0.9825,0.1809,0,-0.0388,-0.1793,0.983,0,0,35.4155,-3.3142,1]},
{"frame":29,"values":[0.9985,-0.0486,0.0245,0,0.0436,0.9835,0.1756,0,-0.0326,-0.1743,0.9842,0,0,35.4155,-3.3142,1]},
{"frame":30,"values":[0.9987,-0.0468,0.0188,0,0.0429,0.9846,0.1697,0,-0.0264,-0.1687,0.9853,0,0,35.4155,-3.3142,1]},
{"frame":31,"values":[0.9989,-0.0446,0.0136,0,0.0418,0.9856,0.1641,0,-0.0207,-0.1633,0.9864,0,0,35.4155,-3.3142,1]},
{"frame":32,"values":[0.9991,-0.0419,0.0092,0,0.0399,0.9864,0.1597,0,-0.0157,-0.1592,0.9871,0,0,35.4155,-3.3142,1]},
{"frame":33,"values":[0.9992,-0.0384,0.0056,0,0.037,0.987,0.1562,0,-0.0115,-0.1559,0.9877,0,0,35.4155,-3.3142,1]},
{"frame":34,"values":[0.9994,-0.0341,0.0027,0,0.0333,0.9878,0.1522,0,-0.0079,-0.1521,0.9883,0,0,35.4155,-3.3142,1]},
{"frame":35,"values":[0.9996,-0.0299,0.0005,0,0.0295,0.9887,0.147,0,-0.0048,-0.147,0.9891,0,0,35.4155,-3.3142,1]},
{"frame":36,"values":[0.9997,-0.0258,-0.0011,0,0.0257,0.9896,0.1413,0,-0.0026,-0.1412,0.99,0,0,35.4155,-3.3142,1]},
{"frame":37,"values":[0.9998,-0.0217,-0.0019,0,0.0218,0.9905,0.1357,0,-0.0011,-0.1357,0.9908,0,0,35.4155,-3.3142,1]},
{"frame":38,"values":[0.9998,-0.0173,-0.002,0,0.0174,0.9913,0.1304,0,-0.0003,-0.1305,0.9915,0,0,35.4155,-3.3142,1]},
{"frame":39,"values":[0.9999,-0.0128,-0.0018,0,0.0129,0.992,0.1256,0,0.0002,-0.1256,0.9921,0,0,35.4155,-3.3142,1]},
{"frame":40,"values":[1,-0.0083,-0.0015,0,0.0084,0.9926,0.1213,0,0.0004,-0.1213,0.9926,0,0,35.4155,-3.3142,1]},
{"frame":41,"values":[1,-0.0042,-0.001,0,0.0043,0.993,0.1178,0,0.0005,-0.1178,0.993,0,0,35.4155,-3.3142,1]},
{"frame":42,"values":[1,-0.0008,-0.0003,0,0.0008,0.9934,0.1151,0,0.0002,-0.1151,0.9934,0,0,35.4155,-3.3142,1]},
{"frame":43,"values":[1,0.0021,0.0005,0,-0.0022,0.9936,0.1127,0,-0.0003,-0.1127,0.9936,0,0,35.4155,-3.3142,1]},
{"frame":44,"values":[1,0.0044,0.0014,0,-0.0046,0.9939,0.1102,0,-0.0009,-0.1102,0.9939,0,0,35.4155,-3.3142,1]},
{"frame":45,"values":[1,0.006,0.002,0,-0.0062,0.9941,0.108,0,-0.0013,-0.108,0.9941,0,0,35.4155,-3.3142,1]},
{"frame":46,"values":[1,0.0068,0.0024,0,-0.007,0.9943,0.1065,0,-0.0016,-0.1066,0.9943,0,0,35.4155,-3.3142,1]},
{"frame":47,"values":[1,0.0072,0.0027,0,-0.0074,0.9944,0.1053,0,-0.0019,-0.1053,0.9944,0,0,35.4155,-3.3142,1]},
{"frame":48,"values":[1,0.0073,0.0029,0,-0.0076,0.9946,0.1038,0,-0.0021,-0.1038,0.9946,0,0,35.4155,-3.3142,1]},
{"frame":49,"values":[1,0.0072,0.0029,0,-0.0075,0.9947,0.1023,0,-0.0021,-0.1023,0.9947,0,0,35.4155,-3.3142,1]},
{"frame":50,"values":[1,0.0069,0.0028,0,-0.0072,0.9949,0.1011,0,-0.002,-0.1011,0.9949,0,0,35.4155,-3.3142,1]},
{"frame":51,"values":[1,0.0066,0.0026,0,-0.0069,0.995,0.1001,0,-0.0019,-0.1001,0.995,0,0,35.4155,-3.3142,1]},
{"frame":52,"values":[1,0.0066,0.0023,0,-0.0068,0.995,0.0995,0,-0.0017,-0.0995,0.995,0,0,35.4155,-3.3142,1]},
{"frame":53,"values":[1,0.0066,0.0021,0,-0.0068,0.9951,0.0991,0,-0.0014,-0.0991,0.9951,0,0,35.4155,-3.3142,1]},
{"frame":54,"values":[1,0.0068,0.002,0,-0.007,0.9951,0.0986,0,-0.0013,-0.0986,0.9951,0,0,35.4155,-3.3142,1]},
{"frame":55,"values":[1,0.007,0.002,0,-0.0072,0.9952,0.098,0,-0.0013,-0.0981,0.9952,0,0,35.4155,-3.3142,1]},
{"frame":56,"values":[1,0.0072,0.002,0,-0.0074,0.9952,0.0976,0,-0.0013,-0.0977,0.9952,0,0,35.4155,-3.3142,1]},
{"frame":57,"values":[1,0.0075,0.0021,0,-0.0076,0.9952,0.0976,0,-0.0013,-0.0976,0.9952,0,0,35.4155,-3.3142,1]},
{"frame":58,"values":[1,0.0077,0.0021,0,-0.0078,0.9952,0.0979,0,-0.0013,-0.0979,0.9952,0,0,35.4155,-3.3142,1]},
{"frame":59,"values":[1,0.0077,0.0021,0,-0.0079,0.9952,0.098,0,-0.0013,-0.098,0.9952,0,0,35.4155,-3.3142,1]}],"loopBehavior":1,"name":"anim","property":"_matrix"}},
{"name":"Head","index":5,"matrix":[0.9997,-0.0046,-0.0236,0,0.0014,0.9913,-0.1317,0,0.024,0.1316,0.991,0,0,16.8992,1.2183,1],"rest":[1,0,0,0,0,1,0,0,0,0,1,0,0,16.8992,1.2183,1],"parentBoneIndex":4,"length":22.3142
,"animation":{"dataType":3,"framePerSecond":24,"keys":[
{"frame":1,"values":[0.9997,-0.0046,-0.0236,0,0.0014,0.9913,-0.1317,0,0.024,0.1316,0.991,0,0,16.8992,1.2183,1]},
{"frame":2,"values":[0.9996,-0.018,-0.0238,0,0.0147,0.9911,-0.1322,0,0.026,0.1318,0.9909,0,0,16.8992,1.2183,1]},
{"frame":3,"values":[0.9987,-0.0441,-0.024,0,0.0406,0.9904,-0.1323,0,0.0296,0.1311,0.9909,0,0,16.8992,1.2183,1]},
{"frame":4,"values":[0.9963,-0.0822,-0.023,0,0.0786,0.9885,-0.1288,0,0.0333,0.1265,0.9914,0,0,16.8992,1.2183,1]},
{"frame":5,"values":[0.9919,-0.1255,-0.0183,0,0.1223,0.9849,-0.1229,0,0.0335,0.1196,0.9923,0,0,16.8992,1.2183,1]},
{"frame":6,"values":[0.986,-0.1663,-0.0074,0,0.1644,0.9798,-0.1143,0,0.0263,0.1115,0.9934,0,0,16.8992,1.2183,1]},
{"frame":7,"values":[0.9801,-0.1982,0.0118,0,0.1984,0.9746,-0.104,0,0.0091,0.1043,0.9945,0,0,16.8992,1.2183,1]},
{"frame":8,"values":[0.9751,-0.2175,0.0436,0,0.2209,0.9699,-0.1026,0,-0.0199,0.1097,0.9938,0,0,16.8992,1.2183,1]},
{"frame":9,"values":[0.9706,-0.2265,0.0811,0,0.2351,0.9646,-0.1195,0,-0.0512,0.1351,0.9895,0,0,16.8992,1.2183,1]},
{"frame":10,"values":[0.9672,-0.2295,0.1091,0,0.2442,0.9582,-0.1493,0,-0.0703,0.171,0.9828,0,0,16.8992,1.2183,1]},
{"frame":11,"values":[0.9648,-0.2309,0.126,0,0.2506,0.9525,-0.1729,0,-0.0801,0.1984,0.9768,0,0,16.8992,1.2183,1]},
{"frame":12,"values":[0.9631,-0.2242,0.1491,0,0.2493,0.9517,-0.1792,0,-0.1017,0.2098,0.9724,0,0,16.8992,1.2183,1]},
{"frame":13,"values":[0.9611,-0.2077,0.1819,0,0.2397,0.9547,-0.1765,0,-0.137,0.2132,0.9673,0,0,16.8992,1.2183,1]},
{"frame":14,"values":[0.9596,-0.1949,0.2028,0,0.23,0.9588,-0.1667,0,-0.1619,0.2066,0.9649,0,0,16.8992,1.2183,1]},
{"frame":15,"values":[0.9597,-0.1868,0.21,0,0.219,0.9653,-0.1424,0,-0.1762,0.1826,0.9673,0,0,16.8992,1.2183,1]},
{"frame":16,"values":[0.9584,-0.1784,0.2228,0,0.2062,0.9725,-0.1086,0,-0.1973,0.15,0.9688,0,0,16.8992,1.2183,1]},
{"frame":17,"values":[0.9551,-0.1741,0.2398,0,0.198,0.977,-0.0791,0,-0.2205,0.123,0.9676,0,0,16.8992,1.2183,1]},
{"frame":18,"values":[0.9529,-0.1771,0.2464,0,0.1968,0.9788,-0.0574,0,-0.231,0.1032,0.9675,0,0,16.8992,1.2183,1]},
{"frame":19,"values":[0.9525,-0.1833,0.2431,0,0.1987,0.9792,-0.0404,0,-0.2306,0.0868,0.9692,0,0,16.8992,1.2183,1]},
{"frame":20,"values":[0.9526,-0.1896,0.2377,0,0.2016,0.9791,-0.0269,0,-0.2277,0.0735,0.971,0,0,16.8992,1.2183,1]},
{"frame":21,"values":[0.9528,-0.1954,0.2325,0,0.2048,0.9787,-0.0167,0,-0.2242,0.0635,0.9725,0,0,16.8992,1.2183,1]},
{"frame":22,"values":[0.9533,-0.2007,0.2256,0,0.2088,0.9779,-0.0123,0,-0.2181,0.0589,0.9741,0,0,16.8992,1.2183,1]},
{"frame":23,"values":[0.9546,-0.2036,0.2176,0,0.2117,0.9772,-0.014,0,-0.2098,0.0594,0.9759,0,0,16.8992,1.2183,1]},
{"frame":24,"values":[0.9569,-0.2011,0.2095,0,0.2098,0.9775,-0.0201,0,-0.2008,0.0632,0.9776,0,0,16.8992,1.2183,1]},
{"frame":25,"values":[0.9603,-0.1949,0.1994,0,0.2044,0.9785,-0.0281,0,-0.1896,0.0678,0.9795,0,0,16.8992,1.2183,1]},
