{"producer":{"name":"Blender","version":"2.90.0","exporter_version":"2.80.1","file":"option_loser.babylon"},
"autoClear":true,"clearColor":[0.0509,0.0509,0.0509],"gravity":[0,-9.81,0],
"materials":[{"name":"Material","id":"Material","customType":"BABYLON.PBRMaterial","backFaceCulling":true,"checkReadyOnlyOnce":false,"maxSimultaneousLights":4,"environmentIntensity":1,"albedo":[0.8,0.8,0.8],"reflectivity":[0.5,0.5,0.5],"roughness":0.4,"alpha":1,"transparencyMode":0,"alphaCutOff":0.4,"metallic":0}],
"multiMaterials":[],
"skeletons":[{"name":"Armature","id":0,"dimensionsAtRest":[232.1761,222.9347,36.3014],"bones":[
{"name":"Hips","index":0,"matrix":[0.9961,-0.0843,0.0261,0,0.0838,0.9963,0.0178,0,0.0275,0.0156,-0.9995,0,1.2045,85.901,-1.33,1],"rest":[1,0,0,0,0,1,0,0,0,0,-1,0,0,89.0054,0,1],"parentBoneIndex":-1,"length":14.2998
,"animation":{"dataType":3,"framePerSecond":24,"keys":[
{"frame":1,"values":[0.9961,-0.0843,0.0261,0,0.0838,0.9963,0.0178,0,0.0275,0.0156,-0.9995,0,1.2045,85.901,-1.33,1]},
{"frame":2,"values":[0.9965,-0.0807,0.0228,0,0.0801,0.9965,0.0248,0,0.0247,0.0229,-0.9994,0,1.9364,85.8109,-1.8838,1]},
{"frame":3,"values":[0.9969,-0.0763,0.0174,0,0.0757,0.9966,0.0327,0,0.0198,0.0313,-0.9993,0,2.7719,85.7037,-2.4977,1]},
{"frame":4,"values":[0.9975,-0.0709,0.0072,0,0.0706,0.9966,0.0417,0,0.0102,0.0411,-0.9991,0,3.7414,85.5988,-3.1801,1]},
{"frame":5,"values":[0.9978,-0.0652,-0.0095,0,0.0656,0.9966,0.0506,0,-0.0062,0.0511,-0.9987,0,4.8368,85.5314,-3.9421,1]},
{"frame":6,"values":[0.9977,-0.059,-0.0336,0,0.0608,0.9965,0.0581,0,-0.03,0.06,-0.9977,0,6.0105,85.4955,-4.7897,1]},
{"frame":7,"values":[0.9968,-0.0504,-0.0624,0,0.0544,0.9964,0.0646,0,-0.0589,0.0677,-0.996,0,7.2033,85.4112,-5.6958,1]},
{"frame":8,"values":[0.9949,-0.038,-0.0938,0,0.0448,0.9965,0.071,0,-0.0908,0.0748,-0.9931,0,8.3729,85.1931,-6.5977,1]},
{"frame":9,"values":[0.9916,-0.0245,-0.1267,0,0.0345,0.9964,0.0775,0,-0.1244,0.0813,-0.9889,0,9.5179,84.8978,-7.4288,1]},
{"frame":10,"values":[0.987,-0.013,-0.16,0,0.0267,0.9962,0.0834,0,-0.1583,0.0866,-0.9836,0,10.5832,84.5864,-8.1816,1]},
{"frame":11,"values":[0.9818,-0.0037,-0.1897,0,0.0207,0.9959,0.0882,0,-0.1886,0.0905,-0.9779,0,11.3925,84.2088,-8.9551,1]},
{"frame":12,"values":[0.9777,0.0054,-0.2098,0,0.0141,0.9957,0.0915,0,-0.2094,0.0924,-0.9734,0,11.7905,83.6624,-9.8993,1]},
{"frame":13,"values":[0.9761,0.0114,-0.2168,0,0.0086,0.9958,0.0912,0,-0.2169,0.0909,-0.9719,0,11.7349,83.2246,-11.0972,1]},
{"frame":14,"values":[0.9784,0.0125,-0.2063,0,0.0052,0.9964,0.085,0,-0.2066,0.0842,-0.9748,0,11.3582,83.0623,-12.4923,1]},
{"frame":15,"values":[0.9844,0.0108,-0.1754,0,0.0022,0.9973,0.0739,0,-0.1757,0.0731,-0.9817,0,10.8518,82.9613,-13.9557,1]},
{"frame":16,"values":[0.9929,0.0096,-0.1186,0,-0.0024,0.9982,0.0603,0,-0.119,0.0595,-0.9911,0,10.2678,82.751,-15.4933,1]},
{"frame":17,"values":[0.9991,0.009,-0.0426,0,-0.007,0.9989,0.046,0,-0.043,0.0456,-0.998,0,9.5212,82.466,-17.2238,1]},
{"frame":18,"values":[0.9993,0.0031,0.0381,0,-0.0043,0.9995,0.0311,0,0.038,0.0312,-0.9988,0,8.6188,82.2699,-19.1387,1]},
{"frame":19,"values":[0.9938,-0.0105,0.1104,0,0.0088,0.9998,0.016,0,0.1105,0.015,-0.9938,0,7.5979,82.2706,-21.1273,1]},
{"frame":20,"values":[0.9845,-0.0277,0.1732,0,0.0278,0.9996,0.0015,0,0.1732,-0.0034,-0.9849,0,6.5052,82.4389,-23.0513,1]},
{"frame":21,"values":[0.9724,-0.0425,0.2295,0,0.0462,0.9989,-0.0108,0,0.2287,-0.0211,-0.9733,0,5.5099,82.4851,-24.6684,1]},
{"frame":22,"values":[0.9625,-0.0517,0.2664,0,0.0596,0.998,-0.0217,0,0.2648,-0.0368,-0.9636,0,4.818,82.0679,-25.8702,1]},
{"frame":23,"values":[0.9613,-0.0498,0.2711,0,0.0626,0.9973,-0.039,0,0.2684,-0.0545,-0.9618,0,4.3516,81.8045,-26.7896,1]},
{"frame":24,"values":[0.9685,-0.0342,0.2466,0,0.0533,0.996,-0.0713,0,0.2432,-0.0822,-0.9665,0,3.9775,82.2438,-27.5182,1]},
{"frame":25,"values":[0.9765,-0.0147,0.2148,0,0.0405,0.9924,-0.1159,0,0.2115,-0.1218,-0.9698,0,3.719,83.0522,-28.0534,1]},
{"frame":26,"values":[0.9823,-0.0014,0.1871,0,0.0331,0.9855,-0.1665,0,0.1841,-0.1697,-0.9681,0,3.5294,83.7576,-28.4813,1]},
{"frame":27,"values":[0.9874,0.0022,0.1583,0,0.0331,0.9749,-0.22,0,0.1548,-0.2225,-0.9626,0,3.3437,84.209,-28.8829,1]},
{"frame":28,"values":[0.9922,-0.0024,0.1244,0,0.0377,0.9585,-0.2827,0,0.1186,-0.2852,-0.9511,0,3.1681,84.446,-29.1668,1]},
{"frame":29,"values":[0.9955,-0.0087,0.0941,0,0.0422,0.9319,-0.3602,0,0.0845,-0.3625,-0.9281,0,3.0101,84.4591,-29.1975,1]},
{"frame":30,"values":[0.9969,-0.009,0.0778,0,0.0432,0.8921,-0.4498,0,0.0654,-0.4518,-0.8897,0,2.8676,84.2262,-28.9992,1]},
{"frame":31,"values":[0.9974,-0.002,0.0717,0,0.0403,0.8428,-0.5367,0,0.0594,-0.5382,-0.8407,0,2.717,83.7368,-28.6602,1]},
{"frame":32,"values":[0.9978,0.0048,0.0654,0,0.0359,0.7947,-0.6059,0,0.0549,-0.607,-0.7928,0,2.5336,83.0403,-28.2304,1]},
{"frame":33,"values":[0.9985,0.0046,0.0547,0,0.0323,0.7565,-0.6532,0,0.0444,-0.654,-0.7552,0,2.3356,82.3139,-27.7884,1]},
{"frame":34,"values":[0.999,0,0.0443,0,0.0303,0.7312,-0.6815,0,0.0324,-0.6822,-0.7304,0,2.1761,81.7946,-27.4517,1]},
{"frame":35,"values":[0.9992,-0.0016,0.0403,0,0.0294,0.7142,-0.6993,0,0.0277,-0.6999,-0.7137,0,2.0721,81.5541,-27.2839,1]},
{"frame":36,"values":[0.999,0.0027,0.0449,0,0.03,0.7031,-0.7105,0,0.0335,-0.7111,-0.7023,0,2.006,81.4842,-27.2148,1]},
{"frame":37,"values":[0.9985,0.0088,0.0539,0,0.0325,0.6964,-0.7169,0,0.0438,-0.7176,-0.6951,0,1.9719,81.4487,-27.1513,1]},
{"frame":38,"values":[0.998,0.0128,0.0625,0,0.0361,0.6943,-0.7188,0,0.0526,-0.7196,-0.6924,0,1.9741,81.413,-27.058,1]},
{"frame":39,"values":[0.9976,0.0138,0.0685,0,0.0396,0.6962,-0.7168,0,0.0576,-0.7177,-0.6939,0,2.003,81.3846,-26.9415,1]},
{"frame":40,"values":[0.9973,0.0123,0.0726,0,0.043,0.7029,-0.71,0,0.0598,-0.7112,-0.7005,0,2.0426,81.3688,-26.8008,1]},
{"frame":41,"values":[0.9971,0.0094,0.0761,0,0.0465,0.7149,-0.6977,0,0.061,-0.6992,-0.7124,0,2.0893,81.3773,-26.6511,1]},
{"frame":42,"values":[0.9969,0.0053,0.0782,0,0.0492,0.7346,-0.6767,0,0.061,-0.6784,-0.7321,0,2.1617,81.4396,-26.5394,1]},
{"frame":43,"values":[0.9971,-0.0014,0.0767,0,0.0505,0.7644,-0.6428,0,0.0578,-0.6448,-0.7622,0,2.2862,81.5879,-26.5308,1]},
{"frame":44,"values":[0.9976,-0.0132,0.0682,0,0.0509,0.8065,-0.589,0,0.0473,-0.5911,-0.8052,0,2.4381,81.888,-26.6709,1]},
{"frame":45,"values":[0.9983,-0.0286,0.0513,0,0.051,0.8553,-0.5157,0,0.0292,-0.5174,-0.8552,0,2.5571,82.3807,-26.9901,1]},
{"frame":46,"values":[0.9988,-0.0416,0.0266,0,0.049,0.9017,-0.4296,0,0.0061,-0.4304,-0.9026,0,2.6341,83.009,-27.4367,1]},
{"frame":47,"values":[0.9988,-0.0485,-0.002,0,0.0448,0.9383,-0.343,0,-0.0185,-0.3425,-0.9393,0,2.7275,83.6825,-27.8781,1]},
{"frame":48,"values":[0.9982,-0.0516,-0.0307,0,0.0417,0.964,-0.2627,0,-0.0432,-0.261,-0.9644,0,2.8259,84.4047,-28.1676,1]},
{"frame":49,"values":[0.9971,-0.0535,-0.055,0,0.0424,0.9816,-0.1864,0,-0.064,-0.1835,-0.9809,0,2.848,85.002,-28.2859,1]},
{"frame":50,"values":[0.9966,-0.0486,-0.067,0,0.041,0.993,-0.1108,0,-0.0719,-0.1077,-0.9916,0,2.7584,85.0521,-28.2374,1]},
{"frame":51,"values":[0.9973,-0.037,-0.0627,0,0.0346,0.9986,-0.039,0,-0.064,-0.0367,-0.9973,0,2.5782,84.5159,-27.9334,1]},
{"frame":52,"values":[0.9986,-0.0278,-0.044,0,0.0286,0.9994,0.0188,0,-0.0434,0.0201,-0.9989,0,2.3042,83.9983,-27.2982,1]},
{"frame":53,"values":[0.9995,-0.0258,-0.0206,0,0.0269,0.9979,0.0583,0,-0.019,0.0589,-0.9981,0,1.9746,83.8882,-26.4225,1]},
{"frame":54,"values":[0.9996,-0.0268,-0.0002,0,0.0268,0.9964,0.0799,0,0.0019,0.0798,-0.9968,0,1.6554,84.0645,-25.4385,1]},
{"frame":55,"values":[0.9996,-0.0268,0.0132,0,0.0256,0.9957,0.0894,0,0.0156,0.0891,-0.9959,0,1.3807,84.0933,-24.1551,1]},
{"frame":56,"values":[0.9995,-0.0239,0.0205,0,0.022,0.9958,0.089,0,0.0225,0.0885,-0.9958,0,1.1449,83.9055,-22.2635,1]},
{"frame":57,"values":[0.9992,-0.0286,0.0276,0,0.0263,0.9964,0.0808,0,0.0298,0.08,-0.9963,0,0.9501,83.8713,-19.9101,1]},
{"frame":58,"values":[0.9983,-0.043,0.0383,0,0.0402,0.9968,0.0688,0,0.0412,0.0671,-0.9969,0,0.7698,84.0471,-17.3953,1]},
{"frame":59,"values":[0.9972,-0.0558,0.05,0,0.0529,0.9969,0.0582,0,0.0531,0.0554,-0.997,0,0.521,84.3603,-15.0729,1]},
{"frame":60,"values":[0.9966,-0.0579,0.0588,0,0.0549,0.9972,0.0502,0,0.0616,0.0468,-0.997,0,0.1934,84.8053,-13.1431,1]},
{"frame":61,"values":[0.9966,-0.051,0.0642,0,0.0484,0.998,0.0416,0,0.0662,0.0383,-0.9971,0,-0.1391,85.2796,-11.6018,1]},
{"frame":62,"values":[0.997,-0.0414,0.0647,0,0.0394,0.9987,0.0315,0,0.0659,0.0288,-0.9974,0,-0.4323,85.6686,-10.3365,1]},
{"frame":63,"values":[0.9977,-0.0336,0.0581,0,0.0323,0.9992,0.0228,0,0.0588,0.0209,-0.9981,0,-0.6753,85.9515,-9.264,1]},
{"frame":64,"values":[0.9986,-0.0287,0.0452,0,0.0279,0.9994,0.018,0,0.0457,0.0167,-0.9988,0,-0.867,86.1634,-8.3786,1]},
{"frame":65,"values":[0.999,-0.0272,0.0342,0,0.0266,0.9995,0.0159,0,0.0346,0.015,-0.9993,0,-0.9775,86.2584,-7.6947,1]},
{"frame":66,"values":[0.999,-0.0303,0.0326,0,0.0298,0.9994,0.015,0,0.0331,0.014,-0.9994,0,-0.9637,86.2108,-7.1598,1]},
{"frame":67,"values":[0.9985,-0.0385,0.0396,0,0.0379,0.9992,0.0145,0,0.0401,0.013,-0.9991,0,-0.8024,86.085,-6.6874,1]},
{"frame":68,"values":[0.9974,-0.0511,0.0511,0,0.0504,0.9986,0.0145,0,0.0518,0.0118,-0.9986,0,-0.4777,85.9439,-6.2165,1]},
{"frame":69,"values":[0.9958,-0.0647,0.0648,0,0.0639,0.9978,0.0152,0,0.0657,0.011,-0.9978,0,0.0095,85.8268,-5.7194,1]},
{"frame":70,"values":[0.994,-0.0754,0.0794,0,0.0742,0.9971,0.0176,0,0.0805,0.0116,-0.9967,0,0.6017,85.8014,-5.1743,1]},
{"frame":71,"values":[0.9925,-0.082,0.0904,0,0.0804,0.9965,0.0208,0,0.0918,0.0134,-0.9957,0,1.174,85.9014,-4.5811,1]},
{"frame":72,"values":[0.9922,-0.0846,0.0912,0,0.0829,0.9963,0.0226,0,0.0927,0.0149,-0.9956,0,1.6092,86.0413,-4.0069,1]},
{"frame":73,"values":[0.9931,-0.0841,0.0815,0,0.0826,0.9963,0.0225,0,0.0831,0.0156,-0.9964,0,1.8795,86.098,-3.496,1]},
{"frame":74,"values":[0.9944,-0.0815,0.0665,0,0.0802,0.9965,0.0214,0,0.0681,0.0159,-0.9976,0,2.0097,85.9971,-3.0308,1]},
{"frame":75,"values":[0.9954,-0.0801,0.0534,0,0.0791,0.9967,0.0202,0,0.0548,0.0159,-0.9984,0,2.0156,85.8699,-2.5959,1]},
{"frame":76,"values":[0.9958,-0.0809,0.0439,0,0.0801,0.9966,0.0193,0,0.0453,0.0157,-0.9988,0,1.9034,85.8179,-2.1902,1]},
{"frame":77,"values":[0.9959,-0.0826,0.0362,0,0.082,0.9965,0.0185,0,0.0376,0.0155,-0.9992,0,1.6811,85.8423,-1.8178,1]},
{"frame":78,"values":[0.996,-0.0839,0.0296,0,0.0834,0.9964,0.0181,0,0.0311,0.0155,-0.9994,0,1.3988,85.8863,-1.5021,1]},
{"frame":79,"values":[0.9961,-0.0843,0.0261,0,0.0838,0.9963,0.0178,0,0.0275,0.0156,-0.9995,0,1.2053,85.901,-1.3302,1]}],"loopBehavior":1,"name":"anim","property":"_matrix"}},
{"name":"Spine","index":1,"matrix":[0.9989,0.0426,0.022,0,-0.043,0.9988,0.0215,0,-0.0211,-0.0224,0.9995,0,0.1169,10.681,0.3734,1],"rest":[1,0,0,0,0,1,0,0,0,0,1,0,0.1169,10.681,0.3734,1],"parentBoneIndex":0,"length":13.8405
,"animation":{"dataType":3,"framePerSecond":24,"keys":[
{"frame":1,"values":[0.9989,0.0426,0.022,0,-0.043,0.9988,0.0215,0,-0.0211,-0.0224,0.9995,0,0.1169,10.681,0.3734,1]},
{"frame":2,"values":[0.9989,0.0423,0.0213,0,-0.0428,0.9988,0.0227,0,-0.0203,-0.0236,0.9995,0,0.1169,10.681,0.3734,1]},
{"frame":3,"values":[0.9989,0.0418,0.0202,0,-0.0423,0.9988,0.0251,0,-0.0191,-0.0259,0.9995,0,0.1169,10.681,0.3734,1]},
{"frame":4,"values":[0.9989,0.0419,0.0195,0,-0.0424,0.9987,0.0282,0,-0.0183,-0.029,0.9994,0,0.1169,10.681,0.3734,1]},
{"frame":5,"values":[0.9988,0.0432,0.021,0,-0.0439,0.9986,0.0308,0,-0.0197,-0.0317,0.9993,0,0.1169,10.681,0.3734,1]},
{"frame":6,"values":[0.9986,0.0448,0.0274,0,-0.0457,0.9984,0.0328,0,-0.0259,-0.034,0.9991,0,0.1169,10.681,0.3734,1]},
{"frame":7,"values":[0.9983,0.0438,0.0394,0,-0.0452,0.9984,0.0351,0,-0.0378,-0.0368,0.9986,0,0.1169,10.681,0.3734,1]},
{"frame":8,"values":[0.9976,0.0387,0.0568,0,-0.041,0.9984,0.0392,0,-0.0552,-0.0415,0.9976,0,0.1169,10.681,0.3734,1]},
{"frame":9,"values":[0.9965,0.032,0.0774,0,-0.0356,0.9983,0.0456,0,-0.0758,-0.0482,0.996,0,0.1169,10.681,0.3734,1]},
{"frame":10,"values":[0.9948,0.0242,0.0994,0,-0.0297,0.9981,0.0541,0,-0.0979,-0.0568,0.9936,0,0.1169,10.681,0.3734,1]},
{"frame":11,"values":[0.9926,0.0126,0.1204,0,-0.0204,0.9977,0.0643,0,-0.1193,-0.0663,0.9906,0,0.1169,10.681,0.3734,1]},
{"frame":12,"values":[0.9905,-0.006,0.1374,0,-0.0044,0.9972,0.0749,0,-0.1375,-0.0748,0.9877,0,0.1169,10.681,0.3734,1]},
{"frame":13,"values":[0.9886,-0.0258,0.1486,0,0.0134,0.9964,0.0837,0,-0.1502,-0.0807,0.9853,0,0.1169,10.681,0.3734,1]},
{"frame":14,"values":[0.9874,-0.0416,0.1528,0,0.0281,0.9956,0.0892,0,-0.1559,-0.0837,0.9842,0,0.1169,10.681,0.3734,1]},
{"frame":15,"values":[0.987,-0.0532,0.1519,0,0.0394,0.9949,0.0927,0,-0.1561,-0.0855,0.984,0,0.1169,10.681,0.3734,1]},
{"frame":16,"values":[0.9872,-0.0639,0.1463,0,0.0501,0.9941,0.0964,0,-0.1516,-0.0878,0.9845,0,0.1169,10.681,0.3734,1]},
{"frame":17,"values":[0.9882,-0.074,0.1341,0,0.0608,0.9931,0.1001,0,-0.1406,-0.0908,0.9859,0,0.1169,10.681,0.3734,1]},
{"frame":18,"values":[0.9908,-0.0764,0.1114,0,0.065,0.9927,0.102,0,-0.1184,-0.0939,0.9885,0,0.1169,10.681,0.3734,1]},
{"frame":19,"values":[0.9947,-0.0664,0.0783,0,0.0581,0.993,0.1033,0,-0.0846,-0.0982,0.9916,0,0.1169,10.681,0.3734,1]},
{"frame":20,"values":[0.9983,-0.0452,0.0363,0,0.041,0.9932,0.109,0,-0.0409,-0.1073,0.9934,0,0.1169,10.681,0.3734,1]},
{"frame":21,"values":[0.9998,-0.0174,-0.0099,0,0.0185,0.9924,0.1216,0,0.0077,-0.1218,0.9925,0,0.1169,10.681,0.3734,1]},
{"frame":22,"values":[0.9984,0.0133,-0.0552,0,-0.0056,0.9906,0.1369,0,0.0565,-0.1364,0.989,0,0.1169,10.681,0.3734,1]},
{"frame":23,"values":[0.995,0.0367,-0.0927,0,-0.0226,0.9887,0.1482,0,0.0971,-0.1454,0.9846,0,0.1169,10.681,0.3734,1]},
{"frame":24,"values":[0.9925,0.0456,-0.1137,0,-0.0277,0.9877,0.154,0,0.1193,-0.1496,0.9815,0,0.1169,10.681,0.3734,1]},
{"frame":25,"values":[0.9917,0.0463,-0.1196,0,-0.0269,0.9869,0.1588,0,0.1253,-0.1543,0.98,0,0.1169,10.681,0.3734,1]},
{"frame":26,"values":[0.9918,0.0455,-0.1194,0,-0.0253,0.9859,0.1655,0,0.1253,-0.1612,0.9789,0,0.1169,10.681,0.3734,1]},
{"frame":27,"values":[0.9916,0.0447,-0.1215,0,-0.0232,0.9846,0.173,0,0.1274,-0.1688,0.9774,0,0.1169,10.681,0.3734,1]},
{"frame":28,"values":[0.9916,0.0409,-0.1227,0,-0.0183,0.9835,0.1798,0,0.1281,-0.176,0.976,0,0.1169,10.681,0.3734,1]},
{"frame":29,"values":[0.9927,0.0335,-0.1163,0,-0.0114,0.9825,0.1858,0,0.1205,-0.1831,0.9757,0,0.1169,10.681,0.3734,1]},
{"frame":30,"values":[0.9945,0.0252,-0.1018,0,-0.0052,0.9814,0.1921,0,0.1048,-0.1905,0.9761,0,0.1169,10.681,0.3734,1]},
{"frame":31,"values":[0.9961,0.0182,-0.0864,0,-0.0005,0.9797,0.2004,0,0.0883,-0.1995,0.9759,0,0.1169,10.681,0.3734,1]},
{"frame":32,"values":[0.9971,0.0125,-0.0748,0,0.0036,0.9773,0.2118,0,0.0757,-0.2115,0.9744,0,0.1169,10.681,0.3734,1]},
{"frame":33,"values":[0.9977,0.0065,-0.0673,0,0.0089,0.9744,0.2249,0,0.067,-0.2249,0.9721,0,0.1169,10.681,0.3734,1]},
{"frame":34,"values":[0.9979,0.0003,-0.0642,0,0.0148,0.9719,0.2351,0,0.0625,-0.2356,0.9698,0,0.1169,10.681,0.3734,1]},
{"frame":35,"values":[0.9978,-0.0039,-0.0655,0,0.0195,0.9706,0.2399,0,0.0627,-0.2407,0.9686,0,0.1169,10.681,0.3734,1]},
{"frame":36,"values":[0.9975,-0.0047,-0.0702,0,0.0215,0.9705,0.24,0,0.067,-0.2409,0.9682,0,0.1169,10.681,0.3734,1]},
{"frame":37,"values":[0.9972,-0.0029,-0.0752,0,0.0208,0.9708,0.2389,0,0.0723,-0.2398,0.9681,0,0.1169,10.681,0.3734,1]},
{"frame":38,"values":[0.9969,-0.0001,-0.0786,0,0.0189,0.971,0.2384,0,0.0763,-0.2391,0.968,0,0.1169,10.681,0.3734,1]},
{"frame":39,"values":[0.9967,0.002,-0.0805,0,0.0173,0.971,0.2384,0,0.0787,-0.2391,0.9678,0,0.1169,10.681,0.3734,1]},
{"frame":40,"values":[0.9967,0.0023,-0.0815,0,0.0172,0.9711,0.2382,0,0.0797,-0.2389,0.9678,0,0.1169,10.681,0.3734,1]},
{"frame":41,"values":[0.9966,0.0015,-0.0823,0,0.0181,0.9713,0.237,0,0.0803,-0.2377,0.968,0,0.1169,10.681,0.3734,1]},
{"frame":42,"values":[0.9965,0.0008,-0.0838,0,0.019,0.9719,0.2347,0,0.0817,-0.2355,0.9684,0,0.1169,10.681,0.3734,1]},
{"frame":43,"values":[0.9962,0.0009,-0.0867,0,0.0194,0.9724,0.2326,0,0.0845,-0.2334,0.9687,0,0.1169,10.681,0.3734,1]},
{"frame":44,"values":[0.9959,0.0006,-0.0909,0,0.0205,0.9728,0.2309,0,0.0886,-0.2318,0.9687,0,0.1169,10.681,0.3734,1]},
{"frame":45,"values":[0.9954,-0.0026,-0.0953,0,0.0242,0.9737,0.2266,0,0.0922,-0.2278,0.9693,0,0.1169,10.681,0.3734,1]},
{"frame":46,"values":[0.9951,-0.0097,-0.098,0,0.0307,0.976,0.2156,0,0.0935,-0.2176,0.9716,0,0.1169,10.681,0.3734,1]},
{"frame":47,"values":[0.9949,-0.0169,-0.0994,0,0.0366,0.9793,0.1991,0,0.094,-0.2017,0.9749,0,0.1169,10.681,0.3734,1]},
{"frame":48,"values":[0.9946,-0.0197,-0.1023,0,0.038,0.9828,0.1805,0,0.097,-0.1834,0.9782,0,0.1169,10.681,0.3734,1]},
{"frame":49,"values":[0.9939,-0.0189,-0.1085,0,0.0364,0.9861,0.162,0,0.1039,-0.165,0.9808,0,0.1169,10.681,0.3734,1]},
{"frame":50,"values":[0.9932,-0.0225,-0.1144,0,0.0388,0.989,0.1425,0,0.1099,-0.146,0.9832,0,0.1169,10.681,0.3734,1]},
{"frame":51,"values":[0.9926,-0.0324,-0.1171,0,0.0467,0.9915,0.1215,0,0.1121,-0.1261,0.9857,0,0.1169,10.681,0.3734,1]},
{"frame":52,"values":[0.9921,-0.0427,-0.1183,0,0.0547,0.9935,0.1001,0,0.1133,-0.1058,0.9879,0,0.1169,10.681,0.3734,1]},
{"frame":53,"values":[0.9912,-0.0489,-0.1234,0,0.0591,0.995,0.0799,0,0.1189,-0.0865,0.9891,0,0.1169,10.681,0.3734,1]},
{"frame":54,"values":[0.9897,-0.0511,-0.1335,0,0.06,0.9961,0.0639,0,0.1297,-0.0713,0.989,0,0.1169,10.681,0.3734,1]},
{"frame":55,"values":[0.9885,-0.0476,-0.1438,0,0.0561,0.9969,0.0554,0,0.1408,-0.0629,0.988,0,0.1169,10.681,0.3734,1]},
{"frame":56,"values":[0.9879,-0.0387,-0.1504,0,0.0476,0.9973,0.0562,0,0.1478,-0.0627,0.987,0,0.1169,10.681,0.3734,1]},
{"frame":57,"values":[0.9882,-0.0201,-0.1521,0,0.0299,0.9976,0.0629,0,0.1505,-0.0667,0.9864,0,0.1169,10.681,0.3734,1]},
{"frame":58,"values":[0.9888,0.0026,-0.1491,0,0.0085,0.9973,0.0734,0,0.1489,-0.0738,0.9861,0,0.1169,10.681,0.3734,1]},
{"frame":59,"values":[0.99,0.0158,-0.1401,0,-0.0036,0.9962,0.0869,0,0.1409,-0.0855,0.9863,0,0.1169,10.681,0.3734,1]},
{"frame":60,"values":[0.9924,0.0118,-0.1227,0,0.0007,0.9949,0.1009,0,0.1233,-0.1002,0.9873,0,0.1169,10.681,0.3734,1]},
{"frame":61,"values":[0.9948,-0.0032,-0.1021,0,0.0145,0.9938,0.1103,0,0.1011,-0.1112,0.9886,0,0.1169,10.681,0.3734,1]},
{"frame":62,"values":[0.9959,-0.0196,-0.0883,0,0.0294,0.9934,0.1108,0,0.0856,-0.1129,0.9899,0,0.1169,10.681,0.3734,1]},
{"frame":63,"values":[0.9958,-0.0317,-0.0856,0,0.0406,0.9937,0.1045,0,0.0818,-0.1075,0.9908,0,0.1169,10.681,0.3734,1]},
{"frame":64,"values":[0.9954,-0.0384,-0.0883,0,0.0467,0.9944,0.0949,0,0.0841,-0.0986,0.9916,0,0.1169,10.681,0.3734,1]},
{"frame":65,"values":[0.9956,-0.0399,-0.0848,0,0.0471,0.9953,0.0843,0,0.081,-0.0879,0.9928,0,0.1169,10.681,0.3734,1]},
{"frame":66,"values":[0.997,-0.0355,-0.0681,0,0.0404,0.9965,0.073,0,0.0653,-0.0755,0.995,0,0.1169,10.681,0.3734,1]},
{"frame":67,"values":[0.9988,-0.0252,-0.0424,0,0.0277,0.9977,0.0616,0,0.0407,-0.0627,0.9972,0,0.1169,10.681,0.3734,1]},
{"frame":68,"values":[0.9998,-0.0091,-0.0149,0,0.0099,0.9986,0.0513,0,0.0144,-0.0514,0.9986,0,0.1169,10.681,0.3734,1]},
{"frame":69,"values":[0.9999,0.0098,0.0089,0,-0.0102,0.999,0.0425,0,-0.0085,-0.0426,0.9991,0,0.1169,10.681,0.3734,1]},
{"frame":70,"values":[0.9993,0.0278,0.0265,0,-0.0288,0.9989,0.0358,0,-0.0255,-0.0365,0.999,0,0.1169,10.681,0.3734,1]},
{"frame":71,"values":[0.9984,0.0417,0.0369,0,-0.0428,0.9986,0.0311,0,-0.0356,-0.0327,0.9988,0,0.1169,10.681,0.3734,1]},
{"frame":72,"values":[0.998,0.0497,0.039,0,-0.0508,0.9983,0.0284,0,-0.0375,-0.0303,0.9988,0,0.1169,10.681,0.3734,1]},
{"frame":73,"values":[0.998,0.0524,0.036,0,-0.0533,0.9982,0.0265,0,-0.0345,-0.0284,0.999,0,0.1169,10.681,0.3734,1]},
{"frame":74,"values":[0.9982,0.0508,0.0318,0,-0.0516,0.9984,0.025,0,-0.0305,-0.0266,0.9992,0,0.1169,10.681,0.3734,1]},
{"frame":75,"values":[0.9984,0.0484,0.0285,0,-0.0491,0.9985,0.0238,0,-0.0273,-0.0251,0.9993,0,0.1169,10.681,0.3734,1]},
{"frame":76,"values":[0.9986,0.0461,0.0257,0,-0.0466,0.9987,0.0227,0,-0.0247,-0.0239,0.9994,0,0.1169,10.681,0.3734,1]},
{"frame":77,"values":[0.9987,0.0442,0.0235,0,-0.0447,0.9988,0.022,0,-0.0225,-0.023,0.9995,0,0.1169,10.681,0.3734,1]},
{"frame":78,"values":[0.9988,0.043,0.0223,0,-0.0435,0.9988,0.0216,0,-0.0214,-0.0226,0.9995,0,0.1169,10.681,0.3734,1]},
{"frame":79,"values":[0.9989,0.0426,0.022,0,-0.043,0.9988,0.0215,0,-0.0211,-0.0224,0.9995,0,0.1169,10.681,0.3734,1]}],"loopBehavior":1,"name":"anim","property":"_matrix"}},
{"name":"Spine1","index":2,"matrix":[0.9946,0.1036,-0.0033,0,-0.1036,0.9945,0.0131,0,0.0046,-0.0127,0.9999,0,0,13.8404,0.0535,1],"rest":[1,0,0,0,0,1,0,0,0,0,1,0,0,13.8404,0.0535,1],"parentBoneIndex":1,"length":14.7173
,"animation":{"dataType":3,"framePerSecond":24,"keys":[
{"frame":1,"values":[0.9946,0.1036,-0.0033,0,-0.1036,0.9945,0.0131,0,0.0046,-0.0127,0.9999,0,0,13.8404,0.0535,1]},
{"frame":2,"values":[0.9947,0.1028,-0.0033,0,-0.1027,0.9946,0.0138,0,0.0047,-0.0134,0.9999,0,0,13.8404,0.0535,1]},
{"frame":3,"values":[0.9949,0.1011,-0.0033,0,-0.1011,0.9948,0.015,0,0.0048,-0.0146,0.9999,0,0,13.8404,0.0535,1]},
{"frame":4,"values":[0.9951,0.0991,-0.0032,0,-0.0991,0.9949,0.0168,0,0.0049,-0.0164,0.9999,0,0,13.8404,0.0535,1]},
{"frame":5,"values":[0.9953,0.0972,-0.0028,0,-0.0972,0.9951,0.0186,0,0.0046,-0.0182,0.9998,0,0,13.8404,0.0535,1]},
{"frame":6,"values":[0.9955,0.0948,-0.0015,0,-0.0947,0.9953,0.0201,0,0.0034,-0.0199,0.9998,0,0,13.8404,0.0535,1]},
{"frame":7,"values":[0.9959,0.0908,0.0009,0,-0.0908,0.9956,0.0216,0,0.0011,-0.0216,0.9998,0,0,13.8404,0.0535,1]},
{"frame":8,"values":[0.9964,0.0849,0.0043,0,-0.085,0.9961,0.0238,0,-0.0022,-0.0241,0.9997,0,0,13.8404,0.0535,1]},
{"frame":9,"values":[0.9969,0.0784,0.0083,0,-0.0786,0.9965,0.0272,0,-0.0061,-0.0278,0.9996,0,0,13.8404,0.0535,1]},
{"frame":10,"values":[0.9973,0.072,0.0125,0,-0.0723,0.9969,0.0316,0,-0.0102,-0.0325,0.9994,0,0,13.8404,0.0535,1]},
{"frame":11,"values":[0.9977,0.0654,0.0165,0,-0.066,0.9972,0.0361,0,-0.0141,-0.0371,0.9992,0,0,13.8404,0.0535,1]},
{"frame":12,"values":[0.9981,0.0586,0.0197,0,-0.0593,0.9974,0.0399,0,-0.0173,-0.041,0.999,0,0,13.8404,0.0535,1]},
{"frame":13,"values":[0.9984,0.0518,0.0218,0,-0.0527,0.9977,0.0429,0,-0.0195,-0.044,0.9988,0,0,13.8404,0.0535,1]},
{"frame":14,"values":[0.9987,0.0455,0.0224,0,-0.0464,0.9979,0.045,0,-0.0203,-0.046,0.9987,0,0,13.8404,0.0535,1]},
{"frame":15,"values":[0.999,0.0392,0.0222,0,-0.0402,0.9981,0.0459,0,-0.0204,-0.0468,0.9987,0,0,13.8404,0.0535,1]},
{"frame":16,"values":[0.9993,0.0323,0.0214,0,-0.0332,0.9984,0.0452,0,-0.0199,-0.0458,0.9988,0,0,13.8404,0.0535,1]},
{"frame":17,"values":[0.9995,0.0246,0.0198,0,-0.0255,0.9987,0.0432,0,-0.0187,-0.0437,0.9989,0,0,13.8404,0.0535,1]},
{"frame":18,"values":[0.9997,0.017,0.0169,0,-0.0177,0.999,0.0419,0,-0.0162,-0.0422,0.999,0,0,13.8404,0.0535,1]},
{"frame":19,"values":[0.9999,0.0106,0.0125,0,-0.0111,0.999,0.0432,0,-0.0121,-0.0434,0.999,0,0,13.8404,0.0535,1]},
{"frame":20,"values":[1,0.0073,0.0067,0,-0.0076,0.9988,0.0488,0,-0.0063,-0.0488,0.9988,0,0,13.8404,0.0535,1]},
{"frame":21,"values":[1,0.0087,-0.0003,0,-0.0086,0.9983,0.0573,0,0.0008,-0.0573,0.9984,0,0,13.8404,0.0535,1]},
{"frame":22,"values":[0.9998,0.0159,-0.0079,0,-0.0154,0.9976,0.0669,0,0.0089,-0.0668,0.9977,0,0,13.8404,0.0535,1]},
{"frame":23,"values":[0.9995,0.0265,-0.0147,0,-0.0253,0.9968,0.0762,0,0.0166,-0.0758,0.997,0,0,13.8404,0.0535,1]},
{"frame":24,"values":[0.9992,0.0359,-0.0189,0,-0.0342,0.9958,0.0846,0,0.0218,-0.0839,0.9962,0,0,13.8404,0.0535,1]},
{"frame":25,"values":[0.9989,0.0414,-0.0204,0,-0.0394,0.995,0.0914,0,0.0241,-0.0905,0.9956,0,0,13.8404,0.0535,1]},
{"frame":26,"values":[0.9988,0.0436,-0.0208,0,-0.0414,0.9945,0.0962,0,0.0248,-0.0952,0.9951,0,0,13.8404,0.0535,1]},
{"frame":27,"values":[0.9988,0.045,-0.0214,0,-0.0426,0.994,0.1012,0,0.0259,-0.1001,0.9946,0,0,13.8404,0.0535,1]},
{"frame":28,"values":[0.9987,0.0467,-0.0222,0,-0.044,0.993,0.1094,0,0.0271,-0.1083,0.9937,0,0,13.8404,0.0535,1]},
{"frame":29,"values":[0.9986,0.0478,-0.0217,0,-0.0448,0.9916,0.1213,0,0.0273,-0.1202,0.9924,0,0,13.8404,0.0535,1]},
{"frame":30,"values":[0.9987,0.0478,-0.0198,0,-0.0447,0.9899,0.1349,0,0.026,-0.1338,0.9907,0,0,13.8404,0.0535,1]},
{"frame":31,"values":[0.9987,0.0474,-0.0174,0,-0.0443,0.988,0.1483,0,0.0242,-0.1473,0.9888,0,0,13.8404,0.0535,1]},
{"frame":32,"values":[0.9988,0.0464,-0.0156,0,-0.0433,0.9861,0.1606,0,0.0228,-0.1598,0.9869,0,0,13.8404,0.0535,1]},
{"frame":33,"values":[0.9989,0.0442,-0.0146,0,-0.0411,0.9844,0.1708,0,0.0219,-0.17,0.9852,0,0,13.8404,0.0535,1]},
{"frame":34,"values":[0.999,0.0411,-0.0144,0,-0.0379,0.9835,0.177,0,0.0215,-0.1763,0.9841,0,0,13.8404,0.0535,1]},
{"frame":35,"values":[0.9991,0.0387,-0.0149,0,-0.0354,0.9831,0.1797,0,0.0216,-0.1791,0.9836,0,0,13.8404,0.0535,1]},
{"frame":36,"values":[0.9991,0.0382,-0.0156,0,-0.0348,0.9829,0.1806,0,0.0222,-0.1799,0.9834,0,0,13.8404,0.0535,1]},
{"frame":37,"values":[0.9991,0.0392,-0.0162,0,-0.0356,0.9828,0.181,0,0.0231,-0.1803,0.9833,0,0,13.8404,0.0535,1]},
{"frame":38,"values":[0.999,0.0404,-0.0167,0,-0.0367,0.9828,0.181,0,0.0237,-0.1802,0.9833,0,0,13.8404,0.0535,1]},
{"frame":39,"values":[0.999,0.0412,-0.017,0,-0.0375,0.9829,0.1801,0,0.0241,-0.1793,0.9835,0,0,13.8404,0.0535,1]},
{"frame":40,"values":[0.999,0.0418,-0.0172,0,-0.038,0.9833,0.178,0,0.0244,-0.1772,0.9839,0,0,13.8404,0.0535,1]},
{"frame":41,"values":[0.9989,0.0424,-0.0174,0,-0.0387,0.9838,0.1748,0,0.0245,-0.174,0.9844,0,0,13.8404,0.0535,1]},
{"frame":42,"values":[0.9989,0.0433,-0.0176,0,-0.0396,0.9845,0.1706,0,0.0248,-0.1697,0.9852,0,0,13.8404,0.0535,1]},
{"frame":43,"values":[0.9989,0.0434,-0.018,0,-0.0398,0.9855,0.165,0,0.0249,-0.1641,0.9861,0,0,13.8404,0.0535,1]},
{"frame":44,"values":[0.999,0.0415,-0.0186,0,-0.0381,0.987,0.1558,0,0.0248,-0.155,0.9876,0,0,13.8404,0.0535,1]},
{"frame":45,"values":[0.9991,0.0376,-0.0192,0,-0.0345,0.9894,0.1413,0,0.0244,-0.1405,0.9898,0,0,13.8404,0.0535,1]},
{"frame":46,"values":[0.9992,0.0334,-0.0197,0,-0.0307,0.992,0.1222,0,0.0236,-0.1215,0.9923,0,0,13.8404,0.0535,1]},
{"frame":47,"values":[0.9993,0.0308,-0.02,0,-0.0285,0.9942,0.1034,0,0.023,-0.1027,0.9944,0,0,13.8404,0.0535,1]},
{"frame":48,"values":[0.9993,0.0301,-0.0203,0,-0.0282,0.9957,0.0883,0,0.0228,-0.0876,0.9959,0,0,13.8404,0.0535,1]},
{"frame":49,"values":[0.9993,0.0301,-0.0207,0,-0.0285,0.9968,0.0753,0,0.0229,-0.0747,0.9969,0,0,13.8404,0.0535,1]},
{"frame":50,"values":[0.9993,0.0295,-0.0209,0,-0.0281,0.9977,0.0623,0,0.0227,-0.0617,0.9978,0,0,13.8404,0.0535,1]},
{"frame":51,"values":[0.9994,0.0283,-0.0204,0,-0.0272,0.9984,0.0496,0,0.0218,-0.049,0.9986,0,0,13.8404,0.0535,1]},
{"frame":52,"values":[0.9994,0.027,-0.0197,0,-0.0262,0.9989,0.0388,0,0.0208,-0.0383,0.9991,0,0,13.8404,0.0535,1]},
{"frame":53,"values":[0.9995,0.0262,-0.0199,0,-0.0256,0.9992,0.0302,0,0.0206,-0.0297,0.9993,0,0,13.8404,0.0535,1]},
{"frame":54,"values":[0.9994,0.0269,-0.0212,0,-0.0263,0.9994,0.0245,0,0.0218,-0.0239,0.9995,0,0,13.8404,0.0535,1]},
{"frame":55,"values":[0.9993,0.0297,-0.0229,0,-0.0292,0.9993,0.0226,0,0.0236,-0.022,0.9995,0,0,13.8404,0.0535,1]},
{"frame":56,"values":[0.9991,0.0358,-0.0244,0,-0.0352,0.9991,0.025,0,0.0252,-0.0241,0.9994,0,0,13.8404,0.0535,1]},
{"frame":57,"values":[0.9987,0.0447,-0.0255,0,-0.0439,0.9986,0.0294,0,0.0267,-0.0282,0.9992,0,0,13.8404,0.0535,1]},
{"frame":58,"values":[0.9982,0.0536,-0.026,0,-0.0527,0.998,0.0343,0,0.0278,-0.0328,0.9991,0,0,13.8404,0.0535,1]},
{"frame":59,"values":[0.998,0.0583,-0.0252,0,-0.0573,0.9976,0.0389,0,0.0274,-0.0374,0.9989,0,0,13.8404,0.0535,1]},
{"frame":60,"values":[0.9982,0.0565,-0.0222,0,-0.0555,0.9976,0.0421,0,0.0245,-0.0408,0.9989,0,0,13.8404,0.0535,1]},
{"frame":61,"values":[0.9985,0.0517,-0.0183,0,-0.0509,0.9978,0.043,0,0.0205,-0.042,0.9989,0,0,13.8404,0.0535,1]},
{"frame":62,"values":[0.9987,0.0486,-0.0158,0,-0.0479,0.998,0.0413,0,0.0178,-0.0405,0.999,0,0,13.8404,0.0535,1]},
{"frame":63,"values":[0.9987,0.0487,-0.0154,0,-0.0481,0.9981,0.0381,0,0.0173,-0.0373,0.9992,0,0,13.8404,0.0535,1]},
{"frame":64,"values":[0.9986,0.0504,-0.016,0,-0.0499,0.9982,0.0342,0,0.0177,-0.0333,0.9993,0,0,13.8404,0.0535,1]},
{"frame":65,"values":[0.9985,0.0516,-0.0155,0,-0.0511,0.9983,0.0297,0,0.017,-0.0288,0.9994,0,0,13.8404,0.0535,1]},
{"frame":66,"values":[0.9985,0.0523,-0.013,0,-0.0519,0.9983,0.0248,0,0.0142,-0.0241,0.9996,0,0,13.8404,0.0535,1]},
{"frame":67,"values":[0.9985,0.0537,-0.0092,0,-0.0535,0.9984,0.0201,0,0.0102,-0.0195,0.9998,0,0,13.8404,0.0535,1]},
{"frame":68,"values":[0.9983,0.0572,-0.0054,0,-0.0571,0.9982,0.0156,0,0.0062,-0.0153,0.9999,0,0,13.8404,0.0535,1]},
{"frame":69,"values":[0.998,0.063,-0.0023,0,-0.0629,0.9979,0.0118,0,0.003,-0.0116,0.9999,0,0,13.8404,0.0535,1]},
{"frame":70,"values":[0.9976,0.0699,-0.0002,0,-0.0699,0.9975,0.0092,0,0.0009,-0.0092,1,0,0,13.8404,0.0535,1]},
{"frame":71,"values":[0.9971,0.0763,0.0008,0,-0.0763,0.9971,0.008,0,-0.0002,-0.008,1,0,0,13.8404,0.0535,1]},
{"frame":72,"values":[0.9967,0.0812,0.0007,0,-0.0812,0.9967,0.0077,0,-0.0001,-0.0077,1,0,0,13.8404,0.0535,1]},
{"frame":73,"values":[0.9963,0.0854,-0.0001,0,-0.0854,0.9963,0.0081,0,0.0008,-0.008,1,0,0,13.8404,0.0535,1]},
{"frame":74,"values":[0.996,0.0896,-0.001,0,-0.0895,0.9959,0.0089,0,0.0018,-0.0088,1,0,0,13.8404,0.0535,1]},
{"frame":75,"values":[0.9956,0.0939,-0.0018,0,-0.0939,0.9955,0.0101,0,0.0027,-0.0099,0.9999,0,0,13.8404,0.0535,1]},
{"frame":76,"values":[0.9952,0.0981,-0.0024,0,-0.098,0.9951,0.0113,0,0.0035,-0.011,0.9999,0,0,13.8404,0.0535,1]},
{"frame":77,"values":[0.9949,0.1013,-0.0029,0,-0.1013,0.9948,0.0123,0,0.0041,-0.012,0.9999,0,0,13.8404,0.0535,1]},
{"frame":78,"values":[0.9947,0.1031,-0.0032,0,-0.103,0.9946,0.0129,0,0.0045,-0.0125,0.9999,0,0,13.8404,0.0535,1]},
{"frame":79,"values":[0.9946,0.1036,-0.0033,0,-0.1036,0.9945,0.0131,0,0.0046,-0.0127,0.9999,0,0,13.8404,0.0535,1]}],"loopBehavior":1,"name":"anim","property":"_matrix"}},
{"name":"Spine2","index":3,"matrix":[0.9947,0.1021,-0.0123,0,-0.1019,0.9947,0.0137,0,0.0136,-0.0124,0.9998,0,0,14.7127,-0.3662,1],"rest":[1,0,0,0,0,1,0,0,0,0,1,0,0,14.7127,-0.3662,1],"parentBoneIndex":2,"length":31.8652
,"animation":{"dataType":3,"framePerSecond":24,"keys":[
{"frame":1,"values":[0.9947,0.1021,-0.0123,0,-0.1019,0.9947,0.0137,0,0.0136,-0.0124,0.9998,0,0,14.7127,-0.3662,1]},
{"frame":2,"values":[0.9948,0.1013,-0.0122,0,-0.1011,0.9948,0.0143,0,0.0136,-0.013,0.9998,0,0,14.7127,-0.3662,1]},
{"frame":3,"values":[0.9949,0.0997,-0.0119,0,-0.0995,0.9949,0.0155,0,0.0134,-0.0143,0.9998,0,0,14.7127,-0.3662,1]},
{"frame":4,"values":[0.9951,0.0978,-0.0115,0,-0.0976,0.9951,0.0172,0,0.0131,-0.016,0.9998,0,0,14.7127,-0.3662,1]},
{"frame":5,"values":[0.9953,0.096,-0.0107,0,-0.0958,0.9952,0.019,0,0.0125,-0.0178,0.9998,0,0,14.7127,-0.3662,1]},
{"frame":6,"values":[0.9956,0.0936,-0.0091,0,-0.0934,0.9954,0.0204,0,0.011,-0.0195,0.9997,0,0,14.7127,-0.3662,1]},
{"frame":7,"values":[0.996,0.0897,-0.0065,0,-0.0895,0.9957,0.0219,0,0.0084,-0.0212,0.9997,0,0,14.7127,-0.3662,1]},
{"frame":8,"values":[0.9965,0.0839,-0.0027,0,-0.0838,0.9962,0.024,0,0.0047,-0.0237,0.9997,0,0,14.7127,-0.3662,1]},
{"frame":9,"values":[0.997,0.0775,0.0017,0,-0.0775,0.9966,0.0274,0,0.0004,-0.0274,0.9996,0,0,14.7127,-0.3662,1]},
{"frame":10,"values":[0.9975,0.071,0.0063,0,-0.0712,0.997,0.0317,0,-0.004,-0.032,0.9995,0,0,14.7127,-0.3662,1]},
{"frame":11,"values":[0.9979,0.0645,0.0107,0,-0.0648,0.9972,0.0361,0,-0.0083,-0.0367,0.9993,0,0,14.7127,-0.3662,1]},
{"frame":12,"values":[0.9982,0.0576,0.0142,0,-0.0582,0.9975,0.0398,0,-0.0119,-0.0405,0.9991,0,0,14.7127,-0.3662,1]},
{"frame":13,"values":[0.9986,0.0508,0.0166,0,-0.0515,0.9978,0.0427,0,-0.0144,-0.0435,0.999,0,0,14.7127,-0.3662,1]},
{"frame":14,"values":[0.9989,0.0445,0.0175,0,-0.0452,0.998,0.0447,0,-0.0155,-0.0455,0.9988,0,0,14.7127,-0.3662,1]},
{"frame":15,"values":[0.9991,0.0382,0.0177,0,-0.039,0.9982,0.0456,0,-0.0159,-0.0463,0.9988,0,0,14.7127,-0.3662,1]},
{"frame":16,"values":[0.9994,0.0314,0.0172,0,-0.0321,0.9985,0.0448,0,-0.0158,-0.0453,0.9988,0,0,14.7127,-0.3662,1]},
{"frame":17,"values":[0.9996,0.0239,0.0161,0,-0.0246,0.9988,0.0428,0,-0.015,-0.0432,0.999,0,0,14.7127,-0.3662,1]},
{"frame":18,"values":[0.9998,0.0164,0.0135,0,-0.0169,0.999,0.0415,0,-0.0129,-0.0417,0.999,0,0,14.7127,-0.3662,1]},
{"frame":19,"values":[0.9999,0.0101,0.0095,0,-0.0105,0.999,0.0429,0,-0.0091,-0.043,0.999,0,0,14.7127,-0.3662,1]},
{"frame":20,"values":[1,0.0069,0.0041,0,-0.0071,0.9988,0.0487,0,-0.0038,-0.0487,0.9988,0,0,14.7127,-0.3662,1]},
{"frame":21,"values":[1,0.0086,-0.0024,0,-0.0084,0.9983,0.0574,0,0.0029,-0.0574,0.9983,0,0,14.7127,-0.3662,1]},
{"frame":22,"values":[0.9998,0.0162,-0.0096,0,-0.0156,0.9976,0.067,0,0.0107,-0.0669,0.9977,0,0,14.7127,-0.3662,1]},
{"frame":23,"values":[0.9995,0.0272,-0.0163,0,-0.0259,0.9968,0.0762,0,0.0183,-0.0758,0.997,0,0,14.7127,-0.3662,1]},
{"frame":24,"values":[0.9991,0.0369,-0.0205,0,-0.0351,0.9958,0.0845,0,0.0235,-0.0837,0.9962,0,0,14.7127,-0.3662,1]},
{"frame":25,"values":[0.9988,0.0427,-0.022,0,-0.0405,0.995,0.0911,0,0.0258,-0.0901,0.9956,0,0,14.7127,-0.3662,1]},
{"frame":26,"values":[0.9987,0.0449,-0.0223,0,-0.0426,0.9945,0.0958,0,0.0265,-0.0947,0.9952,0,0,14.7127,-0.3662,1]},
{"frame":27,"values":[0.9987,0.0466,-0.0229,0,-0.044,0.9939,0.1006,0,0.0274,-0.0995,0.9947,0,0,14.7127,-0.3662,1]},
{"frame":28,"values":[0.9986,0.0484,-0.0235,0,-0.0456,0.993,0.1088,0,0.0286,-0.1076,0.9938,0,0,14.7127,-0.3662,1]},
{"frame":29,"values":[0.9985,0.0498,-0.0229,0,-0.0466,0.9916,0.1206,0,0.0287,-0.1194,0.9924,0,0,14.7127,-0.3662,1]},
{"frame":30,"values":[0.9985,0.0499,-0.0209,0,-0.0467,0.9899,0.1342,0,0.0274,-0.133,0.9907,0,0,14.7127,-0.3662,1]},
{"frame":31,"values":[0.9986,0.0495,-0.0187,0,-0.0462,0.988,0.1476,0,0.0257,-0.1466,0.9889,0,0,14.7127,-0.3662,1]},
{"frame":32,"values":[0.9987,0.0484,-0.0171,0,-0.0451,0.9861,0.16,0,0.0246,-0.1591,0.987,0,0,14.7127,-0.3662,1]},
{"frame":33,"values":[0.9988,0.0463,-0.0162,0,-0.0428,0.9845,0.1703,0,0.0239,-0.1694,0.9853,0,0,14.7127,-0.3662,1]},
{"frame":34,"values":[0.9989,0.0432,-0.0161,0,-0.0397,0.9835,0.1765,0,0.0235,-0.1757,0.9842,0,0,14.7127,-0.3662,1]},
{"frame":35,"values":[0.999,0.0409,-0.0166,0,-0.0373,0.9831,0.1792,0,0.0236,-0.1784,0.9837,0,0,14.7127,-0.3662,1]},
{"frame":36,"values":[0.999,0.0405,-0.0173,0,-0.0368,0.983,0.18,0,0.0243,-0.1792,0.9835,0,0,14.7127,-0.3662,1]},
{"frame":37,"values":[0.999,0.0416,-0.018,0,-0.0377,0.9829,0.1804,0,0.0251,-0.1796,0.9834,0,0,14.7127,-0.3662,1]},
{"frame":38,"values":[0.9989,0.0428,-0.0184,0,-0.0388,0.9828,0.1804,0,0.0258,-0.1795,0.9834,0,0,14.7127,-0.3662,1]},
{"frame":39,"values":[0.9989,0.0437,-0.0186,0,-0.0396,0.983,0.1795,0,0.0261,-0.1785,0.9836,0,0,14.7127,-0.3662,1]},
{"frame":40,"values":[0.9988,0.0442,-0.0189,0,-0.0402,0.9833,0.1774,0,0.0264,-0.1764,0.984,0,0,14.7127,-0.3662,1]},
{"frame":41,"values":[0.9988,0.0448,-0.0191,0,-0.0408,0.9839,0.1742,0,0.0266,-0.1732,0.9845,0,0,14.7127,-0.3662,1]},
{"frame":42,"values":[0.9988,0.0456,-0.0195,0,-0.0417,0.9846,0.1699,0,0.0269,-0.1689,0.9853,0,0,14.7127,-0.3662,1]},
{"frame":43,"values":[0.9988,0.0457,-0.0199,0,-0.0418,0.9855,0.1643,0,0.0271,-0.1633,0.9862,0,0,14.7127,-0.3662,1]},
{"frame":44,"values":[0.9988,0.0437,-0.0204,0,-0.04,0.9871,0.1552,0,0.0269,-0.1542,0.9877,0,0,14.7127,-0.3662,1]},
{"frame":45,"values":[0.999,0.0396,-0.0209,0,-0.0363,0.9894,0.1407,0,0.0262,-0.1398,0.9898,0,0,14.7127,-0.3662,1]},
{"frame":46,"values":[0.9992,0.0351,-0.0212,0,-0.0322,0.992,0.1217,0,0.0253,-0.1209,0.9923,0,0,14.7127,-0.3662,1]},
{"frame":47,"values":[0.9993,0.0321,-0.0214,0,-0.0297,0.9942,0.1029,0,0.0245,-0.1022,0.9945,0,0,14.7127,-0.3662,1]},
{"frame":48,"values":[0.9993,0.0312,-0.0217,0,-0.0292,0.9957,0.0878,0,0.0244,-0.0871,0.9959,0,0,14.7127,-0.3662,1]},
{"frame":49,"values":[0.9993,0.0309,-0.0223,0,-0.0292,0.9968,0.0749,0,0.0245,-0.0742,0.9969,0,0,14.7127,-0.3662,1]},
{"frame":50,"values":[0.9993,0.0301,-0.0225,0,-0.0286,0.9977,0.062,0,0.0243,-0.0613,0.9978,0,0,14.7127,-0.3662,1]},
{"frame":51,"values":[0.9993,0.0286,-0.0221,0,-0.0275,0.9984,0.0493,0,0.0235,-0.0487,0.9985,0,0,14.7127,-0.3662,1]},
{"frame":52,"values":[0.9994,0.0271,-0.0215,0,-0.0263,0.9989,0.0386,0,0.0225,-0.038,0.999,0,0,14.7127,-0.3662,1]},
{"frame":53,"values":[0.9994,0.0262,-0.0218,0,-0.0255,0.9992,0.03,0,0.0226,-0.0295,0.9993,0,0,14.7127,-0.3662,1]},
{"frame":54,"values":[0.9994,0.0267,-0.0233,0,-0.0261,0.9994,0.0243,0,0.0239,-0.0237,0.9994,0,0,14.7127,-0.3662,1]},
{"frame":55,"values":[0.9992,0.0295,-0.0253,0,-0.0289,0.9993,0.0225,0,0.0259,-0.0217,0.9994,0,0,14.7127,-0.3662,1]},
{"frame":56,"values":[0.999,0.0356,-0.027,0,-0.0349,0.9991,0.0248,0,0.0278,-0.0238,0.9993,0,0,14.7127,-0.3662,1]},
{"frame":57,"values":[0.9986,0.0445,-0.0284,0,-0.0437,0.9986,0.0291,0,0.0296,-0.0278,0.9992,0,0,14.7127,-0.3662,1]},
{"frame":58,"values":[0.9981,0.0535,-0.0292,0,-0.0525,0.998,0.0339,0,0.031,-0.0323,0.999,0,0,14.7127,-0.3662,1]},
{"frame":59,"values":[0.9979,0.0581,-0.0287,0,-0.057,0.9976,0.0385,0,0.0308,-0.0368,0.9988,0,0,14.7127,-0.3662,1]},
{"frame":60,"values":[0.9981,0.0563,-0.0259,0,-0.0552,0.9976,0.0419,0,0.0282,-0.0404,0.9988,0,0,14.7127,-0.3662,1]},
{"frame":61,"values":[0.9984,0.0514,-0.0223,0,-0.0504,0.9978,0.0429,0,0.0245,-0.0417,0.9988,0,0,14.7127,-0.3662,1]},
{"frame":62,"values":[0.9986,0.0482,-0.02,0,-0.0474,0.998,0.0413,0,0.022,-0.0403,0.9989,0,0,14.7127,-0.3662,1]},
{"frame":63,"values":[0.9986,0.0482,-0.0199,0,-0.0475,0.9981,0.0382,0,0.0217,-0.0372,0.9991,0,0,14.7127,-0.3662,1]},
{"frame":64,"values":[0.9985,0.0498,-0.0207,0,-0.0491,0.9982,0.0343,0,0.0224,-0.0332,0.9992,0,0,14.7127,-0.3662,1]},
{"frame":65,"values":[0.9985,0.0509,-0.0205,0,-0.0503,0.9983,0.0298,0,0.022,-0.0288,0.9993,0,0,14.7127,-0.3662,1]},
{"frame":66,"values":[0.9985,0.0514,-0.0182,0,-0.051,0.9984,0.0251,0,0.0195,-0.0241,0.9995,0,0,14.7127,-0.3662,1]},
{"frame":67,"values":[0.9985,0.0527,-0.0147,0,-0.0524,0.9984,0.0203,0,0.0157,-0.0195,0.9997,0,0,14.7127,-0.3662,1]},
{"frame":68,"values":[0.9984,0.0562,-0.0112,0,-0.056,0.9983,0.0158,0,0.0121,-0.0151,0.9998,0,0,14.7127,-0.3662,1]},
{"frame":69,"values":[0.998,0.0619,-0.0085,0,-0.0618,0.998,0.012,0,0.0092,-0.0114,0.9999,0,0,14.7127,-0.3662,1]},
{"frame":70,"values":[0.9976,0.0688,-0.0068,0,-0.0687,0.9976,0.0094,0,0.0075,-0.0089,0.9999,0,0,14.7127,-0.3662,1]},
{"frame":71,"values":[0.9972,0.0751,-0.0062,0,-0.0751,0.9971,0.0082,0,0.0068,-0.0077,0.9999,0,0,14.7127,-0.3662,1]},
{"frame":72,"values":[0.9968,0.08,-0.0066,0,-0.08,0.9968,0.0079,0,0.0072,-0.0074,0.9999,0,0,14.7127,-0.3662,1]},
{"frame":73,"values":[0.9964,0.0841,-0.0077,0,-0.0841,0.9964,0.0084,0,0.0084,-0.0077,0.9999,0,0,14.7127,-0.3662,1]},
{"frame":74,"values":[0.9961,0.0882,-0.0089,0,-0.0882,0.9961,0.0093,0,0.0097,-0.0085,0.9999,0,0,14.7127,-0.3662,1]},
{"frame":75,"values":[0.9957,0.0926,-0.01,0,-0.0925,0.9957,0.0105,0,0.011,-0.0096,0.9999,0,0,14.7127,-0.3662,1]},
{"frame":76,"values":[0.9953,0.0967,-0.011,0,-0.0965,0.9953,0.0118,0,0.0121,-0.0107,0.9999,0,0,14.7127,-0.3662,1]},
{"frame":77,"values":[0.9949,0.0998,-0.0118,0,-0.0997,0.9949,0.0129,0,0.013,-0.0117,0.9998,0,0,14.7127,-0.3662,1]},
{"frame":78,"values":[0.9948,0.1016,-0.0122,0,-0.1014,0.9948,0.0135,0,0.0135,-0.0122,0.9998,0,0,14.7127,-0.3662,1]},
{"frame":79,"values":[0.9947,0.1021,-0.0123,0,-0.1019,0.9947,0.0137,0,0.0136,-0.0124,0.9998,0,0,14.7127,-0.3662,1]}],"loopBehavior":1,"name":"anim","property":"_matrix"}},
{"name":"Neck","index":4,"matrix":[0.9993,-0.0379,0.0046,0,0.0378,0.9991,0.0184,0,-0.0053,-0.0182,0.9998,0,0,35.4155,-3.3142,1],"rest":[1,0,0,0,0,1,0,0,0,0,1,0,0,35.4155,-3.3142,1],"parentBoneIndex":3,"length":16.9431
,"animation":{"dataType":3,"framePerSecond":24,"keys":[
{"frame":1,"values":[0.9993,-0.0379,0.0046,0,0.0378,0.9991,0.0184,0,-0.0053,-0.0182,0.9998,0,0,35.4155,-3.3142,1]},
{"frame":2,"values":[0.9993,-0.0376,0.0048,0,0.0375,0.9991,0.0184,0,-0.0055,-0.0182,0.9998,0,0,35.4155,-3.3142,1]},
{"frame":3,"values":[0.9993,-0.0372,0.005,0,0.0371,0.9991,0.0183,0,-0.0057,-0.0181,0.9998,0,0,35.4155,-3.3142,1]},
{"frame":4,"values":[0.9993,-0.0366,0.0048,0,0.0365,0.9992,0.0179,0,-0.0054,-0.0177,0.9998,0,0,35.4155,-3.3142,1]},
{"frame":5,"values":[0.9994,-0.0357,0.0032,0,0.0356,0.9992,0.0169,0,-0.0038,-0.0168,0.9999,0,0,35.4155,-3.3142,1]},
