{"producer":{"name":"Blender","version":"2.90.0","exporter_version":"2.80.1","file":"option_neckstretch.babylon"},
"autoClear":true,"clearColor":[0.0509,0.0509,0.0509],"gravity":[0,-9.81,0],
"materials":[{"name":"Material","id":"Material","customType":"BABYLON.PBRMaterial","backFaceCulling":true,"checkReadyOnlyOnce":false,"maxSimultaneousLights":4,"environmentIntensity":1,"albedo":[0.8,0.8,0.8],"reflectivity":[0.5,0.5,0.5],"roughness":0.4,"alpha":1,"transparencyMode":0,"alphaCutOff":0.4,"metallic":0}],
"multiMaterials":[],
"skeletons":[{"name":"Armature","id":0,"dimensionsAtRest":[232.1761,222.9347,36.3014],"bones":[
{"name":"Hips","index":0,"matrix":[0.9979,-0.053,0.0362,0,0.0505,0.9965,0.0672,0,0.0397,0.0652,-0.9971,0,0.6489,87.506,-0.8806,1],"rest":[1,0,0,0,0,1,0,0,0,0,-1,0,0,89.0054,0,1],"parentBoneIndex":-1,"length":14.2998
,"animation":{"dataType":3,"framePerSecond":24,"keys":[
{"frame":1,"values":[0.9979,-0.053,0.0362,0,0.0505,0.9965,0.0672,0,0.0397,0.0652,-0.9971,0,0.6489,87.506,-0.8806,1]},
{"frame":2,"values":[0.998,-0.0528,0.0358,0,0.0504,0.9965,0.0668,0,0.0392,0.0648,-0.9971,0,0.6413,87.5027,-0.9051,1]},
{"frame":3,"values":[0.998,-0.0527,0.0354,0,0.0503,0.9965,0.0662,0,0.0387,0.0643,-0.9972,0,0.63,87.4955,-0.9305,1]},
{"frame":4,"values":[0.998,-0.0526,0.0349,0,0.0503,0.9966,0.0654,0,0.0383,0.0635,-0.9972,0,0.6153,87.4892,-0.9597,1]},
{"frame":5,"values":[0.998,-0.053,0.0347,0,0.0506,0.9966,0.0645,0,0.038,0.0627,-0.9973,0,0.5988,87.4927,-0.9957,1]},
{"frame":6,"values":[0.9979,-0.0539,0.0347,0,0.0516,0.9966,0.0638,0,0.038,0.0618,-0.9974,0,0.5793,87.5058,-1.0376,1]},
{"frame":7,"values":[0.9979,-0.0552,0.0348,0,0.053,0.9966,0.0629,0,0.0382,0.0609,-0.9974,0,0.5532,87.5165,-1.0793,1]},
{"frame":8,"values":[0.9978,-0.0566,0.0349,0,0.0544,0.9966,0.0618,0,0.0383,0.0598,-0.9975,0,0.5211,87.5096,-1.1169,1]},
{"frame":9,"values":[0.9977,-0.0581,0.0349,0,0.0559,0.9966,0.0604,0,0.0383,0.0584,-0.9976,0,0.4911,87.5057,-1.154,1]},
{"frame":10,"values":[0.9976,-0.0594,0.0345,0,0.0573,0.9966,0.0587,0,0.0379,0.0566,-0.9977,0,0.4652,87.5033,-1.1936,1]},
{"frame":11,"values":[0.9976,-0.0607,0.034,0,0.0587,0.9967,0.0565,0,0.0373,0.0544,-0.9978,0,0.4449,87.5017,-1.2358,1]},
{"frame":12,"values":[0.9975,-0.0621,0.0334,0,0.0603,0.9967,0.0542,0,0.0366,0.052,-0.998,0,0.4285,87.5009,-1.2785,1]},
{"frame":13,"values":[0.9974,-0.0639,0.0327,0,0.0621,0.9967,0.0518,0,0.0359,0.0496,-0.9981,0,0.4139,87.501,-1.321,1]},
{"frame":14,"values":[0.9973,-0.0654,0.0319,0,0.0638,0.9967,0.0497,0,0.035,0.0475,-0.9983,0,0.4058,87.5024,-1.3665,1]},
{"frame":15,"values":[0.9973,-0.0662,0.031,0,0.0647,0.9968,0.0478,0,0.0341,0.0457,-0.9984,0,0.4058,87.509,-1.415,1]},
{"frame":16,"values":[0.9973,-0.0663,0.0304,0,0.0649,0.9968,0.0461,0,0.0334,0.044,-0.9985,0,0.4122,87.5276,-1.464,1]},
{"frame":17,"values":[0.9974,-0.0659,0.0303,0,0.0645,0.9969,0.0444,0,0.0332,0.0424,-0.9986,0,0.4267,87.558,-1.5099,1]},
{"frame":18,"values":[0.9974,-0.0651,0.0305,0,0.0638,0.9971,0.0426,0,0.0331,0.0405,-0.9986,0,0.4468,87.5986,-1.5488,1]},
{"frame":19,"values":[0.9975,-0.0641,0.0306,0,0.0628,0.9972,0.0405,0,0.0331,0.0385,-0.9987,0,0.4693,87.6451,-1.5737,1]},
{"frame":20,"values":[0.9975,-0.0629,0.0307,0,0.0617,0.9974,0.0383,0,0.033,0.0363,-0.9988,0,0.4931,87.6908,-1.5761,1]},
{"frame":21,"values":[0.9976,-0.0618,0.0303,0,0.0607,0.9975,0.036,0,0.0324,0.0341,-0.9989,0,0.5221,87.715,-1.55,1]},
{"frame":22,"values":[0.9977,-0.0609,0.0291,0,0.0599,0.9976,0.0338,0,0.0311,0.032,-0.999,0,0.5589,87.7049,-1.4971,1]},
{"frame":23,"values":[0.9978,-0.0603,0.0275,0,0.0594,0.9977,0.0326,0,0.0294,0.0309,-0.9991,0,0.6018,87.675,-1.4288,1]},
{"frame":24,"values":[0.9979,-0.06,0.0258,0,0.0591,0.9977,0.0327,0,0.0277,0.0311,-0.9991,0,0.6495,87.6514,-1.3589,1]},
{"frame":25,"values":[0.9979,-0.0597,0.0239,0,0.0589,0.9977,0.0338,0,0.0259,0.0323,-0.9991,0,0.7036,87.6391,-1.2919,1]},
{"frame":26,"values":[0.998,-0.0594,0.0217,0,0.0586,0.9976,0.0356,0,0.0238,0.0343,-0.9991,0,0.7651,87.6289,-1.225,1]},
{"frame":27,"values":[0.998,-0.0593,0.0195,0,0.0585,0.9976,0.0382,0,0.0217,0.037,-0.9991,0,0.8309,87.6138,-1.1565,1]},
{"frame":28,"values":[0.9981,-0.0594,0.0176,0,0.0586,0.9974,0.0415,0,0.02,0.0404,-0.999,0,0.8921,87.5921,-1.088,1]},
{"frame":29,"values":[0.9981,-0.0595,0.016,0,0.0587,0.9973,0.0452,0,0.0186,0.0441,-0.9989,0,0.942,87.5719,-1.0215,1]},
{"frame":30,"values":[0.9981,-0.0597,0.0152,0,0.0589,0.9971,0.0488,0,0.0181,0.0478,-0.9987,0,0.9817,87.555,-0.9536,1]},
{"frame":31,"values":[0.9981,-0.0602,0.0156,0,0.0593,0.9969,0.0522,0,0.0187,0.0512,-0.9985,0,1.0151,87.5394,-0.8806,1]},
{"frame":32,"values":[0.998,-0.0609,0.017,0,0.0598,0.9967,0.0556,0,0.0203,0.0545,-0.9983,0,1.0429,87.5201,-0.8057,1]},
{"frame":33,"values":[0.9979,-0.0617,0.019,0,0.0605,0.9964,0.059,0,0.0226,0.0577,-0.9981,0,1.0651,87.512,-0.7335,1]},
{"frame":34,"values":[0.9978,-0.0625,0.0214,0,0.0611,0.9962,0.0623,0,0.0252,0.0609,-0.9978,0,1.0868,87.5148,-0.662,1]},
{"frame":35,"values":[0.9977,-0.0632,0.0238,0,0.0615,0.996,0.0654,0,0.0278,0.0638,-0.9976,0,1.1112,87.5051,-0.5879,1]},
{"frame":36,"values":[0.9976,-0.0636,0.0261,0,0.0617,0.9958,0.0683,0,0.0303,0.0665,-0.9973,0,1.1373,87.4742,-0.5089,1]},
{"frame":37,"values":[0.9976,-0.0636,0.028,0,0.0614,0.9956,0.0712,0,0.0324,0.0693,-0.9971,0,1.1676,87.4382,-0.4278,1]},
{"frame":38,"values":[0.9976,-0.0634,0.0294,0,0.0611,0.9954,0.0739,0,0.034,0.0719,-0.9968,0,1.2038,87.4136,-0.3531,1]},
{"frame":39,"values":[0.9975,-0.0633,0.0305,0,0.0609,0.9952,0.0763,0,0.0352,0.0743,-0.9966,0,1.2433,87.3977,-0.2902,1]},
{"frame":40,"values":[0.9975,-0.0632,0.0313,0,0.0606,0.9951,0.0783,0,0.0361,0.0762,-0.9964,0,1.2858,87.3819,-0.2357,1]},
{"frame":41,"values":[0.9975,-0.063,0.032,0,0.0602,0.995,0.08,0,0.0369,0.0778,-0.9963,0,1.3309,87.3666,-0.1857,1]},
{"frame":42,"values":[0.9975,-0.0628,0.0328,0,0.0599,0.9949,0.0814,0,0.0377,0.0793,-0.9961,0,1.3785,87.3516,-0.141,1]},
{"frame":43,"values":[0.9975,-0.0626,0.0335,0,0.0596,0.9948,0.0827,0,0.0385,0.0805,-0.996,0,1.4269,87.3248,-0.1034,1]},
{"frame":44,"values":[0.9975,-0.0624,0.0339,0,0.0593,0.9947,0.0836,0,0.0389,0.0814,-0.9959,0,1.476,87.3076,-0.0776,1]},
{"frame":45,"values":[0.9975,-0.062,0.034,0,0.0589,0.9947,0.0842,0,0.039,0.0819,-0.9959,0,1.5241,87.3017,-0.0673,1]},
{"frame":46,"values":[0.9975,-0.0615,0.0341,0,0.0585,0.9947,0.0842,0,0.0391,0.082,-0.9959,0,1.5723,87.2981,-0.0717,1]},
{"frame":47,"values":[0.9975,-0.0612,0.0344,0,0.0582,0.9948,0.0838,0,0.0393,0.0816,-0.9959,0,1.622,87.2953,-0.0898,1]},
{"frame":48,"values":[0.9975,-0.0612,0.0352,0,0.0581,0.9948,0.0831,0,0.0401,0.0808,-0.9959,0,1.6716,87.3004,-0.1236,1]},
{"frame":49,"values":[0.9974,-0.0617,0.0363,0,0.0586,0.9949,0.0821,0,0.0412,0.0797,-0.996,0,1.7188,87.3299,-0.1737,1]},
{"frame":50,"values":[0.9973,-0.0628,0.0377,0,0.0596,0.995,0.0805,0,0.0426,0.0781,-0.996,0,1.7638,87.4115,-0.2302,1]},
{"frame":51,"values":[0.9972,-0.0639,0.0391,0,0.0607,0.9951,0.0781,0,0.0439,0.0755,-0.9962,0,1.8024,87.5023,-0.2727,1]},
{"frame":52,"values":[0.9971,-0.0642,0.0409,0,0.061,0.9954,0.0745,0,0.0455,0.0718,-0.9964,0,1.8356,87.5936,-0.2937,1]},
{"frame":53,"values":[0.997,-0.0636,0.0434,0,0.0605,0.9957,0.0699,0,0.0477,0.0671,-0.9966,0,1.8769,87.6931,-0.2981,1]},
{"frame":54,"values":[0.9969,-0.0628,0.0468,0,0.0597,0.9961,0.0648,0,0.0507,0.0618,-0.9968,0,1.9288,87.7821,-0.2857,1]},
{"frame":55,"values":[0.9968,-0.0616,0.0504,0,0.0585,0.9965,0.0596,0,0.0539,0.0565,-0.9969,0,1.9788,87.8558,-0.2386,1]},
{"frame":56,"values":[0.9968,-0.0599,0.0532,0,0.057,0.9969,0.0544,0,0.0563,0.0512,-0.9971,0,2.0215,87.874,-0.146,1]},
{"frame":57,"values":[0.9969,-0.0574,0.0545,0,0.0548,0.9973,0.0493,0,0.0572,0.0461,-0.9973,0,2.0546,87.816,-0.0099,1]},
{"frame":58,"values":[0.997,-0.0542,0.0546,0,0.0518,0.9976,0.0449,0,0.0569,0.042,-0.9975,0,2.0768,87.6951,0.1425,1]},
{"frame":59,"values":[0.9972,-0.0508,0.0541,0,0.0486,0.9979,0.0423,0,0.0561,0.0396,-0.9976,0,2.0895,87.5513,0.2664,1]},
{"frame":60,"values":[0.9975,-0.0466,0.0536,0,0.0444,0.9982,0.0414,0,0.0555,0.0389,-0.9977,0,2.067,87.3188,0.3419,1]},
{"frame":61,"values":[0.9977,-0.0433,0.053,0,0.0411,0.9983,0.0413,0,0.0547,0.039,-0.9977,0,2.0368,87.223,0.3688,1]},
{"frame":62,"values":[0.9978,-0.0409,0.0519,0,0.0387,0.9984,0.042,0,0.0535,0.0399,-0.9978,0,1.9951,87.2139,0.3597,1]},
{"frame":63,"values":[0.9979,-0.0393,0.0506,0,0.0371,0.9983,0.0439,0,0.0523,0.0419,-0.9978,0,1.933,87.2301,0.3088,1]},
{"frame":64,"values":[0.998,-0.038,0.0499,0,0.0356,0.9983,0.0468,0,0.0516,0.0449,-0.9977,0,1.8518,87.2418,0.211,1]},
{"frame":65,"values":[0.9981,-0.0369,0.0496,0,0.0344,0.9982,0.0501,0,0.0514,0.0483,-0.9975,0,1.7606,87.2488,0.0754,1]},
{"frame":66,"values":[0.9981,-0.0365,0.0496,0,0.0339,0.998,0.0535,0,0.0515,0.0517,-0.9973,0,1.6706,87.2599,-0.0794,1]},
{"frame":67,"values":[0.9981,-0.0371,0.0496,0,0.0343,0.9978,0.0566,0,0.0516,0.0548,-0.9972,0,1.5818,87.288,-0.232,1]},
{"frame":68,"values":[0.998,-0.0384,0.0496,0,0.0355,0.9976,0.0592,0,0.0517,0.0574,-0.997,0,1.4867,87.3333,-0.3733,1]},
{"frame":69,"values":[0.998,-0.04,0.0495,0,0.0369,0.9974,0.0612,0,0.0518,0.0593,-0.9969,0,1.3793,87.3823,-0.5009,1]},
{"frame":70,"values":[0.9979,-0.0417,0.0493,0,0.0385,0.9973,0.0626,0,0.0518,0.0605,-0.9968,0,1.2658,87.4224,-0.6091,1]},
{"frame":71,"values":[0.9979,-0.0433,0.049,0,0.0402,0.9972,0.0635,0,0.0516,0.0614,-0.9968,0,1.1547,87.4552,-0.6952,1]},
{"frame":72,"values":[0.9978,-0.045,0.0482,0,0.0418,0.9971,0.0643,0,0.0509,0.0622,-0.9968,0,1.047,87.473,-0.7625,1]},
{"frame":73,"values":[0.9978,-0.0465,0.0465,0,0.0435,0.9969,0.065,0,0.0494,0.0628,-0.9968,0,0.9446,87.4743,-0.81,1]},
{"frame":74,"values":[0.9979,-0.0481,0.0439,0,0.0452,0.9968,0.0655,0,0.0469,0.0634,-0.9969,0,0.8517,87.47,-0.8391,1]},
{"frame":75,"values":[0.9979,-0.0498,0.041,0,0.047,0.9967,0.066,0,0.0441,0.0639,-0.997,0,0.7709,87.4739,-0.8578,1]},
{"frame":76,"values":[0.9979,-0.0515,0.0384,0,0.0488,0.9966,0.0666,0,0.0417,0.0646,-0.997,0,0.7028,87.4891,-0.8715,1]},
{"frame":77,"values":[0.9979,-0.053,0.0362,0,0.0505,0.9965,0.0672,0,0.0397,0.0652,-0.9971,0,0.6489,87.506,-0.8806,1]}],"loopBehavior":1,"name":"anim","property":"_matrix"}},
{"name":"Spine","index":1,"matrix":[0.9988,0.0427,-0.0242,0,-0.0412,0.9974,0.0587,0,0.0266,-0.0577,0.998,0,0.1169,10.681,0.3734,1],"rest":[1,0,0,0,0,1,0,0,0,0,1,0,0.1169,10.681,0.3734,1],"parentBoneIndex":0,"length":13.8405
,"animation":{"dataType":3,"framePerSecond":24,"keys":[
{"frame":1,"values":[0.9988,0.0427,-0.0242,0,-0.0412,0.9974,0.0587,0,0.0266,-0.0577,0.998,0,0.1169,10.681,0.3734,1]},
{"frame":2,"values":[0.9988,0.0427,-0.0241,0,-0.0412,0.9974,0.0587,0,0.0265,-0.0577,0.998,0,0.1169,10.681,0.3734,1]},
{"frame":3,"values":[0.9988,0.0426,-0.024,0,-0.0411,0.9974,0.0587,0,0.0265,-0.0577,0.998,0,0.1169,10.681,0.3734,1]},
{"frame":4,"values":[0.9988,0.0423,-0.0239,0,-0.0409,0.9974,0.0586,0,0.0263,-0.0576,0.998,0,0.1169,10.681,0.3734,1]},
{"frame":5,"values":[0.9988,0.042,-0.0237,0,-0.0405,0.9975,0.0584,0,0.0261,-0.0574,0.998,0,0.1169,10.681,0.3734,1]},
{"frame":6,"values":[0.9989,0.0416,-0.0235,0,-0.0401,0.9975,0.0583,0,0.0259,-0.0573,0.998,0,0.1169,10.681,0.3734,1]},
{"frame":7,"values":[0.9989,0.0411,-0.0233,0,-0.0397,0.9975,0.0582,0,0.0256,-0.0572,0.998,0,0.1169,10.681,0.3734,1]},
{"frame":8,"values":[0.9989,0.0404,-0.0231,0,-0.039,0.9975,0.0582,0,0.0254,-0.0572,0.998,0,0.1169,10.681,0.3734,1]},
{"frame":9,"values":[0.9989,0.0398,-0.0229,0,-0.0384,0.9976,0.0581,0,0.0252,-0.0572,0.998,0,0.1169,10.681,0.3734,1]},
{"frame":10,"values":[0.999,0.0392,-0.0227,0,-0.0378,0.9976,0.0582,0,0.0249,-0.0572,0.998,0,0.1169,10.681,0.3734,1]},
{"frame":11,"values":[0.999,0.0386,-0.0226,0,-0.0373,0.9976,0.0582,0,0.0248,-0.0573,0.998,0,0.1169,10.681,0.3734,1]},
{"frame":12,"values":[0.999,0.0381,-0.0225,0,-0.0367,0.9976,0.0583,0,0.0247,-0.0574,0.998,0,0.1169,10.681,0.3734,1]},
{"frame":13,"values":[0.999,0.0375,-0.0225,0,-0.0361,0.9976,0.0583,0,0.0246,-0.0574,0.998,0,0.1169,10.681,0.3734,1]},
{"frame":14,"values":[0.9991,0.0371,-0.0225,0,-0.0358,0.9977,0.0582,0,0.0246,-0.0573,0.9981,0,0.1169,10.681,0.3734,1]},
{"frame":15,"values":[0.9991,0.037,-0.0224,0,-0.0356,0.9977,0.0579,0,0.0245,-0.0571,0.9981,0,0.1169,10.681,0.3734,1]},
{"frame":16,"values":[0.9991,0.0369,-0.0221,0,-0.0356,0.9977,0.0576,0,0.0242,-0.0567,0.9981,0,0.1169,10.681,0.3734,1]},
{"frame":17,"values":[0.9991,0.0369,-0.0216,0,-0.0356,0.9977,0.0571,0,0.0237,-0.0563,0.9981,0,0.1169,10.681,0.3734,1]},
{"frame":18,"values":[0.9991,0.037,-0.0212,0,-0.0357,0.9978,0.0567,0,0.0233,-0.0559,0.9982,0,0.1169,10.681,0.3734,1]},
{"frame":19,"values":[0.9991,0.0371,-0.0211,0,-0.0359,0.9978,0.0563,0,0.0231,-0.0555,0.9982,0,0.1169,10.681,0.3734,1]},
{"frame":20,"values":[0.9991,0.0373,-0.021,0,-0.0361,0.9978,0.056,0,0.023,-0.0552,0.9982,0,0.1169,10.681,0.3734,1]},
{"frame":21,"values":[0.9991,0.0376,-0.0209,0,-0.0364,0.9978,0.0559,0,0.0229,-0.055,0.9982,0,0.1169,10.681,0.3734,1]},
{"frame":22,"values":[0.9991,0.0379,-0.0209,0,-0.0366,0.9978,0.056,0,0.023,-0.0552,0.9982,0,0.1169,10.681,0.3734,1]},
{"frame":23,"values":[0.999,0.0382,-0.0211,0,-0.037,0.9977,0.0563,0,0.0232,-0.0555,0.9982,0,0.1169,10.681,0.3734,1]},
{"frame":24,"values":[0.999,0.0387,-0.0213,0,-0.0375,0.9977,0.0565,0,0.0234,-0.0556,0.9982,0,0.1169,10.681,0.3734,1]},
{"frame":25,"values":[0.999,0.0392,-0.0214,0,-0.038,0.9977,0.0564,0,0.0235,-0.0556,0.9982,0,0.1169,10.681,0.3734,1]},
{"frame":26,"values":[0.999,0.0396,-0.0216,0,-0.0383,0.9977,0.0563,0,0.0237,-0.0554,0.9982,0,0.1169,10.681,0.3734,1]},
{"frame":27,"values":[0.999,0.0399,-0.022,0,-0.0386,0.9977,0.0562,0,0.0242,-0.0553,0.9982,0,0.1169,10.681,0.3734,1]},
{"frame":28,"values":[0.9989,0.0403,-0.0225,0,-0.039,0.9977,0.0561,0,0.0247,-0.0552,0.9982,0,0.1169,10.681,0.3734,1]},
{"frame":29,"values":[0.9989,0.0406,-0.0228,0,-0.0393,0.9977,0.0561,0,0.025,-0.0551,0.9982,0,0.1169,10.681,0.3734,1]},
{"frame":30,"values":[0.9989,0.0408,-0.0229,0,-0.0395,0.9977,0.0559,0,0.0251,-0.055,0.9982,0,0.1169,10.681,0.3734,1]},
{"frame":31,"values":[0.9989,0.0408,-0.0229,0,-0.0395,0.9977,0.0557,0,0.0251,-0.0548,0.9982,0,0.1169,10.681,0.3734,1]},
{"frame":32,"values":[0.9989,0.0408,-0.023,0,-0.0394,0.9977,0.0556,0,0.0252,-0.0546,0.9982,0,0.1169,10.681,0.3734,1]},
{"frame":33,"values":[0.9989,0.0406,-0.0231,0,-0.0393,0.9977,0.0554,0,0.0253,-0.0545,0.9982,0,0.1169,10.681,0.3734,1]},
{"frame":34,"values":[0.9989,0.0405,-0.0233,0,-0.0392,0.9977,0.0553,0,0.0255,-0.0544,0.9982,0,0.1169,10.681,0.3734,1]},
{"frame":35,"values":[0.9989,0.0404,-0.0235,0,-0.0391,0.9977,0.0553,0,0.0257,-0.0544,0.9982,0,0.1169,10.681,0.3734,1]},
{"frame":36,"values":[0.9989,0.0402,-0.0238,0,-0.0389,0.9977,0.0555,0,0.026,-0.0545,0.9982,0,0.1169,10.681,0.3734,1]},
{"frame":37,"values":[0.9989,0.0401,-0.024,0,-0.0387,0.9977,0.0557,0,0.0262,-0.0547,0.9982,0,0.1169,10.681,0.3734,1]},
{"frame":38,"values":[0.9989,0.0401,-0.0242,0,-0.0387,0.9977,0.0558,0,0.0264,-0.0548,0.9981,0,0.1169,10.681,0.3734,1]},
{"frame":39,"values":[0.9989,0.0403,-0.0244,0,-0.0389,0.9977,0.0556,0,0.0266,-0.0546,0.9982,0,0.1169,10.681,0.3734,1]},
{"frame":40,"values":[0.9989,0.0405,-0.0245,0,-0.0391,0.9977,0.0552,0,0.0267,-0.0542,0.9982,0,0.1169,10.681,0.3734,1]},
{"frame":41,"values":[0.9989,0.0406,-0.0245,0,-0.0392,0.9977,0.0548,0,0.0267,-0.0538,0.9982,0,0.1169,10.681,0.3734,1]},
{"frame":42,"values":[0.9989,0.0407,-0.0245,0,-0.0393,0.9977,0.0544,0,0.0267,-0.0533,0.9982,0,0.1169,10.681,0.3734,1]},
{"frame":43,"values":[0.9989,0.0407,-0.0246,0,-0.0393,0.9978,0.054,0,0.0268,-0.053,0.9982,0,0.1169,10.681,0.3734,1]},
{"frame":44,"values":[0.9989,0.0408,-0.0248,0,-0.0394,0.9978,0.0537,0,0.0269,-0.0526,0.9983,0,0.1169,10.681,0.3734,1]},
{"frame":45,"values":[0.9988,0.041,-0.0249,0,-0.0396,0.9978,0.0533,0,0.027,-0.0523,0.9983,0,0.1169,10.681,0.3734,1]},
{"frame":46,"values":[0.9988,0.0412,-0.025,0,-0.0398,0.9978,0.0531,0,0.0272,-0.052,0.9983,0,0.1169,10.681,0.3734,1]},
{"frame":47,"values":[0.9988,0.0414,-0.0252,0,-0.04,0.9978,0.0529,0,0.0273,-0.0518,0.9983,0,0.1169,10.681,0.3734,1]},
{"frame":48,"values":[0.9988,0.0416,-0.0254,0,-0.0402,0.9978,0.0528,0,0.0276,-0.0517,0.9983,0,0.1169,10.681,0.3734,1]},
{"frame":49,"values":[0.9988,0.042,-0.0257,0,-0.0406,0.9978,0.0526,0,0.0278,-0.0515,0.9983,0,0.1169,10.681,0.3734,1]},
{"frame":50,"values":[0.9987,0.043,-0.0257,0,-0.0416,0.9977,0.0526,0,0.0279,-0.0515,0.9983,0,0.1169,10.681,0.3734,1]},
{"frame":51,"values":[0.9987,0.0441,-0.0258,0,-0.0427,0.9977,0.0527,0,0.0281,-0.0515,0.9983,0,0.1169,10.681,0.3734,1]},
{"frame":52,"values":[0.9986,0.0453,-0.026,0,-0.0439,0.9977,0.0524,0,0.0283,-0.0512,0.9983,0,0.1169,10.681,0.3734,1]},
{"frame":53,"values":[0.9986,0.0463,-0.0261,0,-0.0449,0.9976,0.0518,0,0.0285,-0.0505,0.9983,0,0.1169,10.681,0.3734,1]},
{"frame":54,"values":[0.9985,0.0473,-0.0263,0,-0.0459,0.9976,0.0509,0,0.0287,-0.0497,0.9984,0,0.1169,10.681,0.3734,1]},
{"frame":55,"values":[0.9985,0.048,-0.0266,0,-0.0466,0.9976,0.0504,0,0.029,-0.0491,0.9984,0,0.1169,10.681,0.3734,1]},
{"frame":56,"values":[0.9984,0.0487,-0.027,0,-0.0473,0.9976,0.0505,0,0.0294,-0.0492,0.9984,0,0.1169,10.681,0.3734,1]},
{"frame":57,"values":[0.9984,0.0491,-0.0272,0,-0.0477,0.9975,0.0512,0,0.0297,-0.0499,0.9983,0,0.1169,10.681,0.3734,1]},
{"frame":58,"values":[0.9984,0.049,-0.0272,0,-0.0476,0.9975,0.0522,0,0.0297,-0.0509,0.9983,0,0.1169,10.681,0.3734,1]},
{"frame":59,"values":[0.9984,0.0488,-0.0273,0,-0.0473,0.9975,0.0532,0,0.0298,-0.0518,0.9982,0,0.1169,10.681,0.3734,1]},
{"frame":60,"values":[0.9985,0.0477,-0.0273,0,-0.0462,0.9975,0.0539,0,0.0299,-0.0526,0.9982,0,0.1169,10.681,0.3734,1]},
{"frame":61,"values":[0.9985,0.0475,-0.0272,0,-0.0459,0.9975,0.0545,0,0.0297,-0.0532,0.9981,0,0.1169,10.681,0.3734,1]},
{"frame":62,"values":[0.9985,0.0475,-0.0267,0,-0.046,0.9974,0.0552,0,0.0293,-0.0539,0.9981,0,0.1169,10.681,0.3734,1]},
{"frame":63,"values":[0.9985,0.0475,-0.0259,0,-0.046,0.9974,0.0563,0,0.0285,-0.055,0.9981,0,0.1169,10.681,0.3734,1]},
{"frame":64,"values":[0.9986,0.0475,-0.0252,0,-0.046,0.9973,0.0575,0,0.0278,-0.0562,0.998,0,0.1169,10.681,0.3734,1]},
{"frame":65,"values":[0.9986,0.0473,-0.0247,0,-0.0458,0.9972,0.0584,0,0.0274,-0.0572,0.998,0,0.1169,10.681,0.3734,1]},
{"frame":66,"values":[0.9986,0.0471,-0.0246,0,-0.0456,0.9972,0.0589,0,0.0273,-0.0577,0.998,0,0.1169,10.681,0.3734,1]},
{"frame":67,"values":[0.9986,0.0468,-0.0248,0,-0.0452,0.9972,0.0592,0,0.0275,-0.058,0.9979,0,0.1169,10.681,0.3734,1]},
{"frame":68,"values":[0.9986,0.0464,-0.0248,0,-0.0449,0.9972,0.0594,0,0.0275,-0.0582,0.9979,0,0.1169,10.681,0.3734,1]},
{"frame":69,"values":[0.9986,0.046,-0.0246,0,-0.0444,0.9972,0.0595,0,0.0273,-0.0584,0.9979,0,0.1169,10.681,0.3734,1]},
{"frame":70,"values":[0.9987,0.0454,-0.0242,0,-0.0439,0.9972,0.0597,0,0.0269,-0.0586,0.9979,0,0.1169,10.681,0.3734,1]},
{"frame":71,"values":[0.9987,0.045,-0.0238,0,-0.0435,0.9973,0.0598,0,0.0265,-0.0586,0.9979,0,0.1169,10.681,0.3734,1]},
{"frame":72,"values":[0.9987,0.0446,-0.0237,0,-0.0431,0.9973,0.0597,0,0.0263,-0.0586,0.9979,0,0.1169,10.681,0.3734,1]},
{"frame":73,"values":[0.9987,0.0441,-0.0238,0,-0.0426,0.9973,0.0596,0,0.0264,-0.0585,0.9979,0,0.1169,10.681,0.3734,1]},
{"frame":74,"values":[0.9988,0.0435,-0.024,0,-0.042,0.9973,0.0595,0,0.0265,-0.0584,0.9979,0,0.1169,10.681,0.3734,1]},
{"frame":75,"values":[0.9988,0.0431,-0.0242,0,-0.0416,0.9974,0.0594,0,0.0267,-0.0583,0.9979,0,0.1169,10.681,0.3734,1]},
{"frame":76,"values":[0.9988,0.0429,-0.0242,0,-0.0414,0.9974,0.0591,0,0.0267,-0.058,0.998,0,0.1169,10.681,0.3734,1]},
{"frame":77,"values":[0.9988,0.0427,-0.0242,0,-0.0412,0.9974,0.0587,0,0.0266,-0.0577,0.998,0,0.1169,10.681,0.3734,1]}],"loopBehavior":1,"name":"anim","property":"_matrix"}},
{"name":"Spine1","index":2,"matrix":[0.9996,0.0272,-0.0054,0,-0.0271,0.9994,0.0203,0,0.0059,-0.0201,0.9998,0,0,13.8404,0.0535,1],"rest":[1,0,0,0,0,1,0,0,0,0,1,0,0,13.8404,0.0535,1],"parentBoneIndex":1,"length":14.7173
,"animation":{"dataType":3,"framePerSecond":24,"keys":[
{"frame":1,"values":[0.9996,0.0272,-0.0054,0,-0.0271,0.9994,0.0203,0,0.0059,-0.0201,0.9998,0,0,13.8404,0.0535,1]},
{"frame":2,"values":[0.9996,0.0273,-0.0053,0,-0.0272,0.9994,0.0203,0,0.0058,-0.0201,0.9998,0,0,13.8404,0.0535,1]},
{"frame":3,"values":[0.9996,0.0273,-0.0052,0,-0.0271,0.9994,0.0203,0,0.0057,-0.0201,0.9998,0,0,13.8404,0.0535,1]},
{"frame":4,"values":[0.9996,0.027,-0.005,0,-0.0269,0.9994,0.0201,0,0.0055,-0.02,0.9998,0,0,13.8404,0.0535,1]},
{"frame":5,"values":[0.9996,0.0266,-0.0047,0,-0.0265,0.9994,0.0199,0,0.0052,-0.0198,0.9998,0,0,13.8404,0.0535,1]},
{"frame":6,"values":[0.9997,0.026,-0.0045,0,-0.0259,0.9995,0.0197,0,0.005,-0.0196,0.9998,0,0,13.8404,0.0535,1]},
{"frame":7,"values":[0.9997,0.0253,-0.0042,0,-0.0253,0.9995,0.0197,0,0.0047,-0.0196,0.9998,0,0,13.8404,0.0535,1]},
{"frame":8,"values":[0.9997,0.0246,-0.0039,0,-0.0246,0.9995,0.0197,0,0.0044,-0.0196,0.9998,0,0,13.8404,0.0535,1]},
{"frame":9,"values":[0.9997,0.0239,-0.0036,0,-0.0239,0.9995,0.0198,0,0.004,-0.0197,0.9998,0,0,13.8404,0.0535,1]},
{"frame":10,"values":[0.9997,0.0232,-0.0033,0,-0.0231,0.9995,0.0199,0,0.0038,-0.0198,0.9998,0,0,13.8404,0.0535,1]},
{"frame":11,"values":[0.9997,0.0225,-0.0031,0,-0.0224,0.9995,0.0201,0,0.0035,-0.02,0.9998,0,0,13.8404,0.0535,1]},
{"frame":12,"values":[0.9998,0.0218,-0.0029,0,-0.0217,0.9996,0.0203,0,0.0034,-0.0202,0.9998,0,0,13.8404,0.0535,1]},
{"frame":13,"values":[0.9998,0.0211,-0.0029,0,-0.0211,0.9996,0.0204,0,0.0034,-0.0204,0.9998,0,0,13.8404,0.0535,1]},
{"frame":14,"values":[0.9998,0.0206,-0.003,0,-0.0206,0.9996,0.0205,0,0.0034,-0.0204,0.9998,0,0,13.8404,0.0535,1]},
{"frame":15,"values":[0.9998,0.0204,-0.0028,0,-0.0203,0.9996,0.0204,0,0.0032,-0.0203,0.9998,0,0,13.8404,0.0535,1]},
{"frame":16,"values":[0.9998,0.0204,-0.0023,0,-0.0203,0.9996,0.0202,0,0.0027,-0.0202,0.9998,0,0,13.8404,0.0535,1]},
{"frame":17,"values":[0.9998,0.0206,-0.0015,0,-0.0206,0.9996,0.02,0,0.0019,-0.02,0.9998,0,0,13.8404,0.0535,1]},
{"frame":18,"values":[0.9998,0.021,-0.0009,0,-0.021,0.9996,0.0198,0,0.0013,-0.0198,0.9998,0,0,13.8404,0.0535,1]},
{"frame":19,"values":[0.9998,0.0215,-0.0006,0,-0.0215,0.9996,0.0197,0,0.0011,-0.0197,0.9998,0,0,13.8404,0.0535,1]},
{"frame":20,"values":[0.9998,0.022,-0.0005,0,-0.022,0.9996,0.0196,0,0.0009,-0.0196,0.9998,0,0,13.8404,0.0535,1]},
{"frame":21,"values":[0.9997,0.0225,-0.0003,0,-0.0225,0.9996,0.0195,0,0.0008,-0.0195,0.9998,0,0,13.8404,0.0535,1]},
{"frame":22,"values":[0.9997,0.023,-0.0004,0,-0.023,0.9995,0.0197,0,0.0008,-0.0197,0.9998,0,0,13.8404,0.0535,1]},
{"frame":23,"values":[0.9997,0.0234,-0.0006,0,-0.0234,0.9995,0.02,0,0.0011,-0.0199,0.9998,0,0,13.8404,0.0535,1]},
{"frame":24,"values":[0.9997,0.0239,-0.0009,0,-0.0239,0.9995,0.02,0,0.0013,-0.02,0.9998,0,0,13.8404,0.0535,1]},
{"frame":25,"values":[0.9997,0.0244,-0.001,0,-0.0244,0.9995,0.0197,0,0.0015,-0.0197,0.9998,0,0,13.8404,0.0535,1]},
{"frame":26,"values":[0.9997,0.0249,-0.0013,0,-0.0249,0.9995,0.0193,0,0.0018,-0.0193,0.9998,0,0,13.8404,0.0535,1]},
{"frame":27,"values":[0.9997,0.0253,-0.0019,0,-0.0253,0.9995,0.0189,0,0.0024,-0.0189,0.9998,0,0,13.8404,0.0535,1]},
{"frame":28,"values":[0.9997,0.0256,-0.0027,0,-0.0256,0.9995,0.0186,0,0.0032,-0.0185,0.9998,0,0,13.8404,0.0535,1]},
{"frame":29,"values":[0.9997,0.0258,-0.0032,0,-0.0258,0.9995,0.0183,0,0.0037,-0.0182,0.9998,0,0,13.8404,0.0535,1]},
{"frame":30,"values":[0.9997,0.026,-0.0033,0,-0.0259,0.9995,0.0178,0,0.0038,-0.0177,0.9998,0,0,13.8404,0.0535,1]},
{"frame":31,"values":[0.9997,0.026,-0.0033,0,-0.0259,0.9995,0.0174,0,0.0038,-0.0173,0.9998,0,0,13.8404,0.0535,1]},
{"frame":32,"values":[0.9997,0.0258,-0.0034,0,-0.0258,0.9995,0.017,0,0.0038,-0.0169,0.9999,0,0,13.8404,0.0535,1]},
{"frame":33,"values":[0.9997,0.0256,-0.0035,0,-0.0255,0.9995,0.0166,0,0.004,-0.0165,0.9999,0,0,13.8404,0.0535,1]},
{"frame":34,"values":[0.9997,0.0253,-0.0039,0,-0.0252,0.9995,0.0163,0,0.0043,-0.0162,0.9999,0,0,13.8404,0.0535,1]},
{"frame":35,"values":[0.9997,0.0251,-0.0043,0,-0.025,0.9996,0.0162,0,0.0047,-0.0161,0.9999,0,0,13.8404,0.0535,1]},
{"frame":36,"values":[0.9997,0.0248,-0.0047,0,-0.0248,0.9996,0.0163,0,0.0051,-0.0162,0.9999,0,0,13.8404,0.0535,1]},
{"frame":37,"values":[0.9997,0.0247,-0.005,0,-0.0246,0.9996,0.0165,0,0.0054,-0.0164,0.9999,0,0,13.8404,0.0535,1]},
{"frame":38,"values":[0.9997,0.0246,-0.0053,0,-0.0245,0.9996,0.0166,0,0.0057,-0.0164,0.9998,0,0,13.8404,0.0535,1]},
{"frame":39,"values":[0.9997,0.0246,-0.0055,0,-0.0245,0.9996,0.0163,0,0.0059,-0.0162,0.9999,0,0,13.8404,0.0535,1]},
{"frame":40,"values":[0.9997,0.0247,-0.0057,0,-0.0246,0.9996,0.0158,0,0.0061,-0.0157,0.9999,0,0,13.8404,0.0535,1]},
{"frame":41,"values":[0.9997,0.0248,-0.0057,0,-0.0247,0.9996,0.0153,0,0.0061,-0.0151,0.9999,0,0,13.8404,0.0535,1]},
{"frame":42,"values":[0.9997,0.0249,-0.0057,0,-0.0248,0.9996,0.0148,0,0.0061,-0.0146,0.9999,0,0,13.8404,0.0535,1]},
{"frame":43,"values":[0.9997,0.0249,-0.0058,0,-0.0248,0.9996,0.0143,0,0.0062,-0.0142,0.9999,0,0,13.8404,0.0535,1]},
{"frame":44,"values":[0.9997,0.0249,-0.006,0,-0.0249,0.9996,0.0139,0,0.0064,-0.0138,0.9999,0,0,13.8404,0.0535,1]},
{"frame":45,"values":[0.9997,0.0251,-0.0062,0,-0.025,0.9996,0.0135,0,0.0065,-0.0134,0.9999,0,0,13.8404,0.0535,1]},
{"frame":46,"values":[0.9997,0.0254,-0.0063,0,-0.0253,0.9996,0.0132,0,0.0067,-0.013,0.9999,0,0,13.8404,0.0535,1]},
{"frame":47,"values":[0.9997,0.0256,-0.0066,0,-0.0255,0.9996,0.013,0,0.0069,-0.0129,0.9999,0,0,13.8404,0.0535,1]},
{"frame":48,"values":[0.9996,0.0258,-0.007,0,-0.0257,0.9996,0.013,0,0.0073,-0.0128,0.9999,0,0,13.8404,0.0535,1]},
{"frame":49,"values":[0.9996,0.0261,-0.0074,0,-0.026,0.9996,0.013,0,0.0077,-0.0128,0.9999,0,0,13.8404,0.0535,1]},
{"frame":50,"values":[0.9996,0.0268,-0.0075,0,-0.0267,0.9996,0.0132,0,0.0079,-0.013,0.9999,0,0,13.8404,0.0535,1]},
{"frame":51,"values":[0.9996,0.028,-0.0076,0,-0.0279,0.9995,0.0135,0,0.0079,-0.0133,0.9999,0,0,13.8404,0.0535,1]},
{"frame":52,"values":[0.9995,0.0296,-0.0077,0,-0.0295,0.9995,0.0136,0,0.0081,-0.0134,0.9999,0,0,13.8404,0.0535,1]},
{"frame":53,"values":[0.9995,0.031,-0.0078,0,-0.0309,0.9994,0.0132,0,0.0082,-0.013,0.9999,0,0,13.8404,0.0535,1]},
{"frame":54,"values":[0.9995,0.0321,-0.008,0,-0.032,0.9994,0.0125,0,0.0084,-0.0122,0.9999,0,0,13.8404,0.0535,1]},
{"frame":55,"values":[0.9994,0.033,-0.0084,0,-0.0329,0.9994,0.0121,0,0.0088,-0.0118,0.9999,0,0,13.8404,0.0535,1]},
{"frame":56,"values":[0.9994,0.0339,-0.009,0,-0.0338,0.9994,0.0124,0,0.0094,-0.0121,0.9999,0,0,13.8404,0.0535,1]},
{"frame":57,"values":[0.9994,0.0344,-0.0093,0,-0.0343,0.9993,0.0134,0,0.0098,-0.0131,0.9999,0,0,13.8404,0.0535,1]},
{"frame":58,"values":[0.9994,0.0341,-0.0094,0,-0.034,0.9993,0.0147,0,0.0099,-0.0144,0.9998,0,0,13.8404,0.0535,1]},
{"frame":59,"values":[0.9994,0.0336,-0.0095,0,-0.0334,0.9993,0.0159,0,0.0101,-0.0156,0.9998,0,0,13.8404,0.0535,1]},
{"frame":60,"values":[0.9994,0.0334,-0.0097,0,-0.0333,0.9993,0.0166,0,0.0102,-0.0163,0.9998,0,0,13.8404,0.0535,1]},
{"frame":61,"values":[0.9994,0.0338,-0.0095,0,-0.0336,0.9993,0.0171,0,0.0101,-0.0168,0.9998,0,0,13.8404,0.0535,1]},
{"frame":62,"values":[0.9994,0.0343,-0.0088,0,-0.0341,0.9993,0.0178,0,0.0094,-0.0175,0.9998,0,0,13.8404,0.0535,1]},
{"frame":63,"values":[0.9994,0.0346,-0.0076,0,-0.0345,0.9992,0.0189,0,0.0083,-0.0186,0.9998,0,0,13.8404,0.0535,1]},
{"frame":64,"values":[0.9994,0.0347,-0.0065,0,-0.0346,0.9992,0.0202,0,0.0071,-0.0199,0.9998,0,0,13.8404,0.0535,1]},
{"frame":65,"values":[0.9994,0.0346,-0.0058,0,-0.0344,0.9992,0.0211,0,0.0065,-0.0209,0.9998,0,0,13.8404,0.0535,1]},
{"frame":66,"values":[0.9994,0.0342,-0.0057,0,-0.0341,0.9992,0.0216,0,0.0064,-0.0214,0.9998,0,0,13.8404,0.0535,1]},
{"frame":67,"values":[0.9994,0.0337,-0.006,0,-0.0336,0.9992,0.0218,0,0.0068,-0.0216,0.9997,0,0,13.8404,0.0535,1]},
{"frame":68,"values":[0.9994,0.033,-0.0062,0,-0.0329,0.9992,0.0219,0,0.0069,-0.0217,0.9997,0,0,13.8404,0.0535,1]},
{"frame":69,"values":[0.9995,0.0322,-0.0059,0,-0.032,0.9992,0.022,0,0.0066,-0.0218,0.9997,0,0,13.8404,0.0535,1]},
{"frame":70,"values":[0.9995,0.0313,-0.0053,0,-0.0312,0.9993,0.022,0,0.006,-0.0218,0.9997,0,0,13.8404,0.0535,1]},
{"frame":71,"values":[0.9995,0.0306,-0.0048,0,-0.0305,0.9993,0.0219,0,0.0054,-0.0217,0.9997,0,0,13.8404,0.0535,1]},
{"frame":72,"values":[0.9995,0.03,-0.0046,0,-0.0299,0.9993,0.0217,0,0.0052,-0.0215,0.9998,0,0,13.8404,0.0535,1]},
{"frame":73,"values":[0.9996,0.0293,-0.0047,0,-0.0292,0.9993,0.0214,0,0.0054,-0.0213,0.9998,0,0,13.8404,0.0535,1]},
{"frame":74,"values":[0.9996,0.0286,-0.0051,0,-0.0284,0.9994,0.0213,0,0.0057,-0.0211,0.9998,0,0,13.8404,0.0535,1]},
{"frame":75,"values":[0.9996,0.028,-0.0054,0,-0.0278,0.9994,0.0211,0,0.006,-0.0209,0.9998,0,0,13.8404,0.0535,1]},
{"frame":76,"values":[0.9996,0.0275,-0.0055,0,-0.0274,0.9994,0.0208,0,0.006,-0.0206,0.9998,0,0,13.8404,0.0535,1]},
{"frame":77,"values":[0.9996,0.0272,-0.0054,0,-0.0271,0.9994,0.0203,0,0.0059,-0.0201,0.9998,0,0,13.8404,0.0535,1]}],"loopBehavior":1,"name":"anim","property":"_matrix"}},
{"name":"Spine2","index":3,"matrix":[0.9996,0.0273,-0.0058,0,-0.0272,0.9994,0.0198,0,0.0063,-0.0197,0.9998,0,0,14.7127,-0.3662,1],"rest":[1,0,0,0,0,1,0,0,0,0,1,0,0,14.7127,-0.3662,1],"parentBoneIndex":2,"length":31.8652
,"animation":{"dataType":3,"framePerSecond":24,"keys":[
{"frame":1,"values":[0.9996,0.0273,-0.0058,0,-0.0272,0.9994,0.0198,0,0.0063,-0.0197,0.9998,0,0,14.7127,-0.3662,1]},
{"frame":2,"values":[0.9996,0.0273,-0.0057,0,-0.0272,0.9994,0.0198,0,0.0062,-0.0197,0.9998,0,0,14.7127,-0.3662,1]},
{"frame":3,"values":[0.9996,0.0273,-0.0056,0,-0.0272,0.9994,0.0198,0,0.0061,-0.0197,0.9998,0,0,14.7127,-0.3662,1]},
{"frame":4,"values":[0.9996,0.0271,-0.0054,0,-0.027,0.9994,0.0197,0,0.0059,-0.0196,0.9998,0,0,14.7127,-0.3662,1]},
{"frame":5,"values":[0.9996,0.0267,-0.0051,0,-0.0266,0.9995,0.0195,0,0.0057,-0.0194,0.9998,0,0,14.7127,-0.3662,1]},
{"frame":6,"values":[0.9996,0.0261,-0.0049,0,-0.026,0.9995,0.0193,0,0.0054,-0.0192,0.9998,0,0,14.7127,-0.3662,1]},
{"frame":7,"values":[0.9997,0.0254,-0.0046,0,-0.0253,0.9995,0.0193,0,0.0051,-0.0191,0.9998,0,0,14.7127,-0.3662,1]},
{"frame":8,"values":[0.9997,0.0247,-0.0043,0,-0.0246,0.9995,0.0193,0,0.0048,-0.0192,0.9998,0,0,14.7127,-0.3662,1]},
{"frame":9,"values":[0.9997,0.024,-0.004,0,-0.0239,0.9995,0.0194,0,0.0045,-0.0193,0.9998,0,0,14.7127,-0.3662,1]},
{"frame":10,"values":[0.9997,0.0232,-0.0038,0,-0.0232,0.9995,0.0195,0,0.0042,-0.0194,0.9998,0,0,14.7127,-0.3662,1]},
{"frame":11,"values":[0.9997,0.0225,-0.0036,0,-0.0225,0.9996,0.0197,0,0.004,-0.0196,0.9998,0,0,14.7127,-0.3662,1]},
{"frame":12,"values":[0.9998,0.0218,-0.0034,0,-0.0217,0.9996,0.0199,0,0.0039,-0.0198,0.9998,0,0,14.7127,-0.3662,1]},
{"frame":13,"values":[0.9998,0.0211,-0.0035,0,-0.0211,0.9996,0.02,0,0.0039,-0.0199,0.9998,0,0,14.7127,-0.3662,1]},
{"frame":14,"values":[0.9998,0.0206,-0.0035,0,-0.0206,0.9996,0.0201,0,0.0039,-0.02,0.9998,0,0,14.7127,-0.3662,1]},
{"frame":15,"values":[0.9998,0.0204,-0.0034,0,-0.0203,0.9996,0.02,0,0.0038,-0.0199,0.9998,0,0,14.7127,-0.3662,1]},
{"frame":16,"values":[0.9998,0.0204,-0.0028,0,-0.0203,0.9996,0.0198,0,0.0032,-0.0198,0.9998,0,0,14.7127,-0.3662,1]},
{"frame":17,"values":[0.9998,0.0206,-0.0021,0,-0.0206,0.9996,0.0196,0,0.0025,-0.0196,0.9998,0,0,14.7127,-0.3662,1]},
{"frame":18,"values":[0.9998,0.021,-0.0015,0,-0.0209,0.9996,0.0194,0,0.0019,-0.0194,0.9998,0,0,14.7127,-0.3662,1]},
{"frame":19,"values":[0.9998,0.0214,-0.0012,0,-0.0214,0.9996,0.0193,0,0.0016,-0.0193,0.9998,0,0,14.7127,-0.3662,1]},
{"frame":20,"values":[0.9998,0.0219,-0.001,0,-0.0219,0.9996,0.0192,0,0.0014,-0.0192,0.9998,0,0,14.7127,-0.3662,1]},
{"frame":21,"values":[0.9997,0.0225,-0.0009,0,-0.0225,0.9996,0.0191,0,0.0013,-0.0191,0.9998,0,0,14.7127,-0.3662,1]},
{"frame":22,"values":[0.9997,0.023,-0.0009,0,-0.0229,0.9996,0.0193,0,0.0013,-0.0193,0.9998,0,0,14.7127,-0.3662,1]},
{"frame":23,"values":[0.9997,0.0234,-0.0011,0,-0.0233,0.9995,0.0196,0,0.0016,-0.0196,0.9998,0,0,14.7127,-0.3662,1]},
{"frame":24,"values":[0.9997,0.0238,-0.0013,0,-0.0238,0.9995,0.0196,0,0.0018,-0.0196,0.9998,0,0,14.7127,-0.3662,1]},
{"frame":25,"values":[0.9997,0.0244,-0.0015,0,-0.0243,0.9995,0.0193,0,0.0019,-0.0193,0.9998,0,0,14.7127,-0.3662,1]},
{"frame":26,"values":[0.9997,0.0249,-0.0017,0,-0.0248,0.9995,0.0189,0,0.0022,-0.0189,0.9998,0,0,14.7127,-0.3662,1]},
{"frame":27,"values":[0.9997,0.0253,-0.0024,0,-0.0252,0.9995,0.0185,0,0.0029,-0.0185,0.9998,0,0,14.7127,-0.3662,1]},
{"frame":28,"values":[0.9997,0.0256,-0.0032,0,-0.0255,0.9995,0.0182,0,0.0036,-0.0181,0.9998,0,0,14.7127,-0.3662,1]},
{"frame":29,"values":[0.9997,0.0258,-0.0036,0,-0.0258,0.9995,0.0178,0,0.0041,-0.0177,0.9998,0,0,14.7127,-0.3662,1]},
{"frame":30,"values":[0.9997,0.026,-0.0038,0,-0.0259,0.9995,0.0174,0,0.0042,-0.0173,0.9998,0,0,14.7127,-0.3662,1]},
{"frame":31,"values":[0.9997,0.026,-0.0037,0,-0.0259,0.9995,0.017,0,0.0042,-0.0169,0.9998,0,0,14.7127,-0.3662,1]},
{"frame":32,"values":[0.9997,0.0258,-0.0038,0,-0.0258,0.9995,0.0165,0,0.0042,-0.0164,0.9999,0,0,14.7127,-0.3662,1]},
{"frame":33,"values":[0.9997,0.0256,-0.004,0,-0.0255,0.9995,0.0162,0,0.0044,-0.0161,0.9999,0,0,14.7127,-0.3662,1]},
{"frame":34,"values":[0.9997,0.0253,-0.0043,0,-0.0252,0.9996,0.0159,0,0.0047,-0.0158,0.9999,0,0,14.7127,-0.3662,1]},
{"frame":35,"values":[0.9997,0.0251,-0.0047,0,-0.025,0.9996,0.0158,0,0.0051,-0.0156,0.9999,0,0,14.7127,-0.3662,1]},
{"frame":36,"values":[0.9997,0.0249,-0.0051,0,-0.0248,0.9996,0.0158,0,0.0055,-0.0157,0.9999,0,0,14.7127,-0.3662,1]},
{"frame":37,"values":[0.9997,0.0247,-0.0054,0,-0.0246,0.9996,0.0161,0,0.0058,-0.0159,0.9999,0,0,14.7127,-0.3662,1]},
{"frame":38,"values":[0.9997,0.0246,-0.0057,0,-0.0245,0.9996,0.0161,0,0.0061,-0.016,0.9999,0,0,14.7127,-0.3662,1]},
{"frame":39,"values":[0.9997,0.0247,-0.006,0,-0.0246,0.9996,0.0159,0,0.0063,-0.0157,0.9999,0,0,14.7127,-0.3662,1]},
{"frame":40,"values":[0.9997,0.0248,-0.0061,0,-0.0247,0.9996,0.0154,0,0.0065,-0.0152,0.9999,0,0,14.7127,-0.3662,1]},
{"frame":41,"values":[0.9997,0.0249,-0.0061,0,-0.0248,0.9996,0.0148,0,0.0065,-0.0147,0.9999,0,0,14.7127,-0.3662,1]},
{"frame":42,"values":[0.9997,0.0249,-0.0061,0,-0.0248,0.9996,0.0143,0,0.0065,-0.0142,0.9999,0,0,14.7127,-0.3662,1]},
{"frame":43,"values":[0.9997,0.0249,-0.0062,0,-0.0248,0.9996,0.0139,0,0.0066,-0.0137,0.9999,0,0,14.7127,-0.3662,1]},
{"frame":44,"values":[0.9997,0.025,-0.0064,0,-0.0249,0.9996,0.0135,0,0.0068,-0.0133,0.9999,0,0,14.7127,-0.3662,1]},
{"frame":45,"values":[0.9997,0.0252,-0.0066,0,-0.0251,0.9996,0.0131,0,0.0069,-0.0129,0.9999,0,0,14.7127,-0.3662,1]},
{"frame":46,"values":[0.9997,0.0254,-0.0067,0,-0.0253,0.9996,0.0128,0,0.0071,-0.0126,0.9999,0,0,14.7127,-0.3662,1]},
{"frame":47,"values":[0.9996,0.0256,-0.007,0,-0.0255,0.9996,0.0126,0,0.0073,-0.0124,0.9999,0,0,14.7127,-0.3662,1]},
{"frame":48,"values":[0.9996,0.0258,-0.0074,0,-0.0257,0.9996,0.0125,0,0.0077,-0.0123,0.9999,0,0,14.7127,-0.3662,1]},
{"frame":49,"values":[0.9996,0.0261,-0.0078,0,-0.026,0.9996,0.0125,0,0.0081,-0.0123,0.9999,0,0,14.7127,-0.3662,1]},
{"frame":50,"values":[0.9996,0.0268,-0.0079,0,-0.0267,0.9996,0.0127,0,0.0082,-0.0125,0.9999,0,0,14.7127,-0.3662,1]},
{"frame":51,"values":[0.9996,0.028,-0.0079,0,-0.0279,0.9995,0.0131,0,0.0083,-0.0128,0.9999,0,0,14.7127,-0.3662,1]},
{"frame":52,"values":[0.9995,0.0296,-0.008,0,-0.0295,0.9995,0.0132,0,0.0084,-0.0129,0.9999,0,0,14.7127,-0.3662,1]},
{"frame":53,"values":[0.9995,0.031,-0.0081,0,-0.0309,0.9994,0.0127,0,0.0085,-0.0125,0.9999,0,0,14.7127,-0.3662,1]},
{"frame":54,"values":[0.9995,0.0321,-0.0082,0,-0.032,0.9994,0.012,0,0.0086,-0.0117,0.9999,0,0,14.7127,-0.3662,1]},
{"frame":55,"values":[0.9994,0.033,-0.0086,0,-0.0329,0.9994,0.0116,0,0.009,-0.0113,0.9999,0,0,14.7127,-0.3662,1]},
{"frame":56,"values":[0.9994,0.0339,-0.0092,0,-0.0338,0.9994,0.0119,0,0.0096,-0.0116,0.9999,0,0,14.7127,-0.3662,1]},
{"frame":57,"values":[0.9994,0.0344,-0.0095,0,-0.0343,0.9993,0.0129,0,0.0099,-0.0126,0.9999,0,0,14.7127,-0.3662,1]},
{"frame":58,"values":[0.9994,0.0342,-0.0096,0,-0.034,0.9993,0.0142,0,0.0101,-0.0139,0.9999,0,0,14.7127,-0.3662,1]},
{"frame":59,"values":[0.9994,0.0336,-0.0098,0,-0.0335,0.9993,0.0154,0,0.0103,-0.0151,0.9998,0,0,14.7127,-0.3662,1]},
{"frame":60,"values":[0.9994,0.0335,-0.0099,0,-0.0333,0.9993,0.0161,0,0.0104,-0.0158,0.9998,0,0,14.7127,-0.3662,1]},
{"frame":61,"values":[0.9994,0.0338,-0.0097,0,-0.0337,0.9993,0.0166,0,0.0103,-0.0163,0.9998,0,0,14.7127,-0.3662,1]},
{"frame":62,"values":[0.9994,0.0343,-0.009,0,-0.0342,0.9993,0.0173,0,0.0096,-0.017,0.9998,0,0,14.7127,-0.3662,1]},
{"frame":63,"values":[0.9994,0.0347,-0.0079,0,-0.0345,0.9992,0.0184,0,0.0085,-0.0182,0.9998,0,0,14.7127,-0.3662,1]},
{"frame":64,"values":[0.9994,0.0348,-0.0067,0,-0.0346,0.9992,0.0197,0,0.0074,-0.0194,0.9998,0,0,14.7127,-0.3662,1]},
{"frame":65,"values":[0.9994,0.0346,-0.006,0,-0.0345,0.9992,0.0206,0,0.0067,-0.0204,0.9998,0,0,14.7127,-0.3662,1]},
{"frame":66,"values":[0.9994,0.0343,-0.006,0,-0.0341,0.9992,0.0211,0,0.0067,-0.0209,0.9998,0,0,14.7127,-0.3662,1]},
{"frame":67,"values":[0.9994,0.0338,-0.0063,0,-0.0336,0.9992,0.0213,0,0.007,-0.0211,0.9998,0,0,14.7127,-0.3662,1]},
{"frame":68,"values":[0.9994,0.0331,-0.0065,0,-0.0329,0.9992,0.0214,0,0.0072,-0.0212,0.9997,0,0,14.7127,-0.3662,1]},
{"frame":69,"values":[0.9995,0.0322,-0.0062,0,-0.0321,0.9993,0.0215,0,0.0069,-0.0213,0.9997,0,0,14.7127,-0.3662,1]},
{"frame":70,"values":[0.9995,0.0314,-0.0056,0,-0.0313,0.9993,0.0215,0,0.0063,-0.0214,0.9998,0,0,14.7127,-0.3662,1]},
{"frame":71,"values":[0.9995,0.0307,-0.0051,0,-0.0306,0.9993,0.0214,0,0.0058,-0.0213,0.9998,0,0,14.7127,-0.3662,1]},
{"frame":72,"values":[0.9995,0.0301,-0.0049,0,-0.0299,0.9993,0.0212,0,0.0056,-0.021,0.9998,0,0,14.7127,-0.3662,1]},
{"frame":73,"values":[0.9996,0.0293,-0.0051,0,-0.0292,0.9994,0.021,0,0.0057,-0.0208,0.9998,0,0,14.7127,-0.3662,1]},
{"frame":74,"values":[0.9996,0.0286,-0.0054,0,-0.0285,0.9994,0.0208,0,0.006,-0.0207,0.9998,0,0,14.7127,-0.3662,1]},
{"frame":75,"values":[0.9996,0.028,-0.0058,0,-0.0279,0.9994,0.0207,0,0.0063,-0.0205,0.9998,0,0,14.7127,-0.3662,1]},
{"frame":76,"values":[0.9996,0.0276,-0.0059,0,-0.0275,0.9994,0.0203,0,0.0064,-0.0202,0.9998,0,0,14.7127,-0.3662,1]},
{"frame":77,"values":[0.9996,0.0273,-0.0058,0,-0.0272,0.9994,0.0198,0,0.0063,-0.0197,0.9998,0,0,14.7127,-0.3662,1]}],"loopBehavior":1,"name":"anim","property":"_matrix"}},
{"name":"Neck","index":4,"matrix":[1,0.0078,0.0021,0,-0.0079,0.9952,0.098,0,-0.0014,-0.098,0.9952,0,0,35.4155,-3.3142,1],"rest":[1,0,0,0,0,1,0,0,0,0,1,0,0,35.4155,-3.3142,1],"parentBoneIndex":3,"length":16.9431
,"animation":{"dataType":3,"framePerSecond":24,"keys":[
{"frame":1,"values":[1,0.0078,0.0021,0,-0.0079,0.9952,0.098,0,-0.0014,-0.098,0.9952,0,0,35.4155,-3.3142,1]},
{"frame":2,"values":[1,0.0022,0.0005,0,-0.0023,0.9951,0.0987,0,-0.0003,-0.0987,0.9951,0,0,35.4155,-3.3142,1]},
{"frame":3,"values":[1,-0.0042,-0.0014,0,0.0043,0.9951,0.0989,0,0.001,-0.0989,0.9951,0,0,35.4155,-3.3142,1]},
{"frame":4,"values":[0.9999,-0.0117,-0.0037,0,0.012,0.995,0.0988,0,0.0025,-0.0989,0.9951,0,0,35.4155,-3.3142,1]},
{"frame":5,"values":[0.9998,-0.0198,-0.0065,0,0.0204,0.9949,0.0985,0,0.0045,-0.0986,0.9951,0,0,35.4155,-3.3142,1]},
{"frame":6,"values":[0.9996,-0.0285,-0.0092,0,0.0293,0.9948,0.0977,0,0.0064,-0.0979,0.9952,0,0,35.4155,-3.3142,1]},
{"frame":7,"values":[0.9992,-0.0379,-0.0112,0,0.0388,0.9946,0.0961,0,0.0075,-0.0964,0.9953,0,0,35.4155,-3.3142,1]},
{"frame":8,"values":[0.9988,-0.0482,-0.0125,0,0.0492,0.9944,0.0938,0,0.0079,-0.0943,0.9955,0,0,35.4155,-3.3142,1]},
{"frame":9,"values":[0.9981,-0.0593,-0.0137,0,0.0603,0.994,0.0909,0,0.0082,-0.0915,0.9958,0,0,35.4155,-3.3142,1]},
{"frame":10,"values":[0.9973,-0.0712,-0.015,0,0.0722,0.9936,0.0869,0,0.0088,-0.0877,0.9961,0,0,35.4155,-3.3142,1]},
{"frame":11,"values":[0.9964,-0.0828,-0.0164,0,0.0839,0.9931,0.0819,0,0.0095,-0.083,0.9965,0,0,35.4155,-3.3142,1]},
{"frame":12,"values":[0.9955,-0.0927,-0.0174,0,0.0937,0.9926,0.0771,0,0.0102,-0.0784,0.9969,0,0,35.4155,-3.3142,1]},
{"frame":13,"values":[0.9948,-0.1002,-0.0178,0,0.1013,0.9921,0.0738,0,0.0103,-0.0752,0.9971,0,0,35.4155,-3.3142,1]},
{"frame":14,"values":[0.9941,-0.1068,-0.0175,0,0.1078,0.9915,0.0723,0,0.0097,-0.0737,0.9972,0,0,35.4155,-3.3142,1]},
