{"producer":{"name":"Blender","version":"2.90.0","exporter_version":"2.80.1","file":"option_wavecool.babylon"},
"autoClear":true,"clearColor":[0.0509,0.0509,0.0509],"gravity":[0,-9.81,0],
"materials":[{"name":"Material","id":"Material","customType":"BABYLON.PBRMaterial","backFaceCulling":true,"checkReadyOnlyOnce":false,"maxSimultaneousLights":4,"environmentIntensity":1,"albedo":[0.8,0.8,0.8],"reflectivity":[0.5,0.5,0.5],"roughness":0.4,"alpha":1,"transparencyMode":0,"alphaCutOff":0.4,"metallic":0}],
"multiMaterials":[],
"skeletons":[{"name":"Armature","id":0,"dimensionsAtRest":[232.1761,222.9347,36.3014],"bones":[
{"name":"Hips","index":0,"matrix":[0.9856,0.1548,-0.0684,0,-0.1415,0.9755,0.1684,0,-0.0928,0.1563,-0.9833,0,-1.6852,85.805,-0.0392,1],"rest":[1,0,0,0,0,1,0,0,0,0,-1,0,0,89.0054,0,1],"parentBoneIndex":-1,"length":14.2998
,"animation":{"dataType":3,"framePerSecond":24,"keys":[
{"frame":1,"values":[0.9856,0.1548,-0.0684,0,-0.1415,0.9755,0.1684,0,-0.0928,0.1563,-0.9833,0,-1.6852,85.805,-0.0392,1]},
{"frame":2,"values":[0.9846,0.1613,-0.068,0,-0.1472,0.9732,0.1768,0,-0.0947,0.1641,-0.9819,0,-1.7519,85.6927,-0.0419,1]},
{"frame":3,"values":[0.9829,0.1699,-0.0705,0,-0.154,0.9696,0.19,0,-0.1006,0.1759,-0.9793,0,-1.8701,85.4221,-0.0815,1]},
{"frame":4,"values":[0.9809,0.1789,-0.0758,0,-0.1597,0.9646,0.2097,0,-0.1106,0.1936,-0.9748,0,-2.0221,85.1039,-0.0688,1]},
{"frame":5,"values":[0.9789,0.1862,-0.0839,0,-0.1619,0.9579,0.2369,0,-0.1245,0.2183,-0.9679,0,-2.1982,84.5103,0.1059,1]},
{"frame":6,"values":[0.977,0.1887,-0.0997,0,-0.1566,0.9512,0.2659,0,-0.145,0.2442,-0.9588,0,-2.3673,84.0106,0.4247,1]},
{"frame":7,"values":[0.9762,0.1798,-0.1212,0,-0.1418,0.9522,0.2705,0,-0.1641,0.2468,-0.9551,0,-2.4781,83.9362,0.6758,1]},
{"frame":8,"values":[0.9744,0.1669,-0.1504,0,-0.1273,0.9617,0.2428,0,-0.1852,0.2174,-0.9583,0,-2.6216,84.2493,0.8531,1]},
{"frame":9,"values":[0.9726,0.1503,-0.1771,0,-0.1144,0.9735,0.1979,0,-0.2022,0.1722,-0.9641,0,-2.7499,84.7697,1.1685,1]},
{"frame":10,"values":[0.9704,0.1342,-0.201,0,-0.1078,0.9847,0.137,0,-0.2163,0.1113,-0.97,0,-2.8247,85.2222,1.67,1]},
{"frame":11,"values":[0.9676,0.1257,-0.219,0,-0.1099,0.9905,0.0826,0,-0.2273,0.0559,-0.9722,0,-2.8524,85.5415,2.3321,1]},
{"frame":12,"values":[0.9655,0.1244,-0.2287,0,-0.1205,0.9922,0.0312,0,-0.2308,0.0026,-0.973,0,-2.8132,85.712,3.1428,1]},
{"frame":13,"values":[0.9646,0.1272,-0.2308,0,-0.1333,0.991,-0.0112,0,-0.2273,-0.0416,-0.9729,0,-2.7719,85.6914,3.9477,1]},
{"frame":14,"values":[0.9633,0.1342,-0.2327,0,-0.1479,0.9881,-0.0421,0,-0.2242,-0.075,-0.9716,0,-2.7897,85.5087,4.8041,1]},
{"frame":15,"values":[0.9619,0.1387,-0.2354,0,-0.1578,0.9854,-0.0641,0,-0.2231,-0.0988,-0.9698,0,-2.8464,85.3707,5.6293,1]},
{"frame":16,"values":[0.9602,0.1409,-0.2413,0,-0.166,0.9823,-0.0869,0,-0.2247,-0.1235,-0.9666,0,-2.9651,85.274,6.2839,1]},
{"frame":17,"values":[0.9575,0.1432,-0.2506,0,-0.1741,0.979,-0.1058,0,-0.2301,-0.145,-0.9623,0,-3.1082,85.2188,6.7392,1]},
{"frame":18,"values":[0.9554,0.1435,-0.2581,0,-0.1782,0.9771,-0.1163,0,-0.2355,-0.1571,-0.9591,0,-3.2188,85.2344,7.0869,1]},
{"frame":19,"values":[0.9552,0.1431,-0.259,0,-0.1797,0.9759,-0.1234,0,-0.2351,-0.1645,-0.958,0,-3.2799,85.2858,7.4057,1]},
{"frame":20,"values":[0.9562,0.1417,-0.2561,0,-0.179,0.9753,-0.129,0,-0.2315,-0.1692,-0.958,0,-3.2775,85.3383,7.6579,1]},
{"frame":21,"values":[0.9568,0.1396,-0.2549,0,-0.1771,0.9755,-0.1304,0,-0.2305,-0.1699,-0.9581,0,-3.2454,85.395,7.7822,1]},
{"frame":22,"values":[0.9574,0.1386,-0.2532,0,-0.1734,0.9774,-0.1209,0,-0.2308,-0.1596,-0.9598,0,-3.1922,85.5222,7.7322,1]},
{"frame":23,"values":[0.9586,0.1366,-0.2497,0,-0.1659,0.981,-0.1004,0,-0.2312,-0.1377,-0.9631,0,-3.163,85.7754,7.3943,1]},
{"frame":24,"values":[0.9611,0.1312,-0.2432,0,-0.1531,0.9855,-0.0733,0,-0.23,-0.1077,-0.9672,0,-3.1959,86.0925,6.7361,1]},
{"frame":25,"values":[0.9647,0.1246,-0.2319,0,-0.1382,0.9894,-0.0435,0,-0.224,-0.074,-0.9718,0,-3.3088,86.3772,5.8982,1]},
{"frame":26,"values":[0.9696,0.1169,-0.215,0,-0.1219,0.9925,-0.0101,0,-0.2122,-0.036,-0.9766,0,-3.4147,86.5904,4.9657,1]},
{"frame":27,"values":[0.9746,0.1089,-0.1956,0,-0.1065,0.994,0.0231,0,-0.1969,0.0017,-0.9804,0,-3.4777,86.7109,4.0942,1]},
{"frame":28,"values":[0.9786,0.1039,-0.1775,0,-0.0956,0.9939,0.0549,0,-0.1821,0.0368,-0.9826,0,-3.4452,86.7173,3.3218,1]},
{"frame":29,"values":[0.9816,0.1086,-0.1572,0,-0.0957,0.9916,0.0872,0,-0.1653,0.0706,-0.9837,0,-3.3211,86.6058,2.6121,1]},
{"frame":30,"values":[0.9836,0.1214,-0.1333,0,-0.1063,0.9876,0.1153,0,-0.1457,0.0992,-0.9843,0,-3.1439,86.3768,2.0374,1]},
{"frame":31,"values":[0.9848,0.1357,-0.1086,0,-0.12,0.9829,0.1399,0,-0.1257,0.1247,-0.9842,0,-2.9645,86.0927,1.5289,1]},
{"frame":32,"values":[0.9851,0.1465,-0.0901,0,-0.1312,0.9788,0.1571,0,-0.1112,0.1429,-0.9835,0,-2.7011,85.9524,1.0607,1]},
{"frame":33,"values":[0.9852,0.1523,-0.0784,0,-0.1377,0.9765,0.1658,0,-0.1018,0.1525,-0.983,0,-2.4176,85.8704,0.6158,1]},
{"frame":34,"values":[0.9854,0.1547,-0.0718,0,-0.1408,0.9755,0.169,0,-0.0961,0.1564,-0.983,0,-2.082,85.8258,0.2684,1]},
{"frame":35,"values":[0.9855,0.155,-0.069,0,-0.1416,0.9754,0.1689,0,-0.0935,0.1567,-0.9832,0,-1.8018,85.8079,0.0414,1]},
{"frame":36,"values":[0.9856,0.1548,-0.0684,0,-0.1415,0.9755,0.1684,0,-0.0928,0.1563,-0.9833,0,-1.6852,85.805,-0.0392,1]}],"loopBehavior":1,"name":"anim","property":"_matrix"}},
{"name":"Spine","index":1,"matrix":[0.9961,-0.0839,-0.0256,0,0.0848,0.9956,0.0399,0,0.0222,-0.0419,0.9989,0,0.1169,10.681,0.3734,1],"rest":[1,0,0,0,0,1,0,0,0,0,1,0,0.1169,10.681,0.3734,1],"parentBoneIndex":0,"length":13.8405
,"animation":{"dataType":3,"framePerSecond":24,"keys":[
{"frame":1,"values":[0.9961,-0.0839,-0.0256,0,0.0848,0.9956,0.0399,0,0.0222,-0.0419,0.9989,0,0.1169,10.681,0.3734,1]},
{"frame":2,"values":[0.9961,-0.0839,-0.0258,0,0.0849,0.9956,0.0402,0,0.0224,-0.0423,0.9989,0,0.1169,10.681,0.3734,1]},
{"frame":3,"values":[0.9961,-0.0846,-0.0265,0,0.0857,0.9954,0.0432,0,0.0228,-0.0453,0.9987,0,0.1169,10.681,0.3734,1]},
{"frame":4,"values":[0.9959,-0.0858,-0.0276,0,0.0871,0.9949,0.0503,0,0.0231,-0.0525,0.9984,0,0.1169,10.681,0.3734,1]},
{"frame":5,"values":[0.996,-0.0846,-0.0288,0,0.0862,0.9945,0.0603,0,0.0235,-0.0625,0.9978,0,0.1169,10.681,0.3734,1]},
{"frame":6,"values":[0.9965,-0.0793,-0.0277,0,0.081,0.9943,0.0688,0,0.0221,-0.0708,0.9972,0,0.1169,10.681,0.3734,1]},
{"frame":7,"values":[0.9973,-0.0704,-0.0222,0,0.0718,0.9949,0.0706,0,0.0171,-0.072,0.9973,0,0.1169,10.681,0.3734,1]},
{"frame":8,"values":[0.9981,-0.0593,-0.0149,0,0.0602,0.9959,0.0673,0,0.0108,-0.068,0.9976,0,0.1169,10.681,0.3734,1]},
{"frame":9,"values":[0.9989,-0.046,-0.0058,0,0.0463,0.997,0.0626,0,0.0029,-0.0628,0.998,0,0.1169,10.681,0.3734,1]},
{"frame":10,"values":[0.9995,-0.031,0.0022,0,0.0308,0.9978,0.058,0,-0.004,-0.0579,0.9983,0,0.1169,10.681,0.3734,1]},
{"frame":11,"values":[0.9999,-0.0147,0.0077,0,0.0143,0.9983,0.0569,0,-0.0086,-0.0568,0.9983,0,0.1169,10.681,0.3734,1]},
{"frame":12,"values":[0.9999,0.001,0.0113,0,-0.0016,0.9983,0.058,0,-0.0113,-0.058,0.9983,0,0.1169,10.681,0.3734,1]},
{"frame":13,"values":[0.9998,0.0144,0.0126,0,-0.0152,0.998,0.0607,0,-0.0117,-0.0609,0.9981,0,0.1169,10.681,0.3734,1]},
{"frame":14,"values":[0.9996,0.0253,0.011,0,-0.026,0.9976,0.0645,0,-0.0094,-0.0647,0.9979,0,0.1169,10.681,0.3734,1]},
{"frame":15,"values":[0.9994,0.0343,0.0085,0,-0.0348,0.9971,0.0678,0,-0.0061,-0.0681,0.9977,0,0.1169,10.681,0.3734,1]},
{"frame":16,"values":[0.9991,0.0417,0.0059,0,-0.042,0.9967,0.0695,0,-0.0029,-0.0697,0.9976,0,0.1169,10.681,0.3734,1]},
{"frame":17,"values":[0.9989,0.0466,0.0041,0,-0.0468,0.9964,0.0709,0,-0.0008,-0.071,0.9975,0,0.1169,10.681,0.3734,1]},
{"frame":18,"values":[0.9988,0.0485,0.0034,0,-0.0486,0.9962,0.0729,0,0.0002,-0.073,0.9973,0,0.1169,10.681,0.3734,1]},
{"frame":19,"values":[0.9987,0.0502,0.0027,0,-0.0503,0.996,0.0744,0,0.001,-0.0744,0.9972,0,0.1169,10.681,0.3734,1]},
{"frame":20,"values":[0.9987,0.0512,0.0032,0,-0.0513,0.9959,0.0749,0,0.0007,-0.0749,0.9972,0,0.1169,10.681,0.3734,1]},
{"frame":21,"values":[0.9987,0.05,0.0045,0,-0.0501,0.996,0.0746,0,-0.0007,-0.0747,0.9972,0,0.1169,10.681,0.3734,1]},
{"frame":22,"values":[0.9989,0.0472,0.0051,0,-0.0474,0.9961,0.0741,0,-0.0016,-0.0742,0.9972,0,0.1169,10.681,0.3734,1]},
{"frame":23,"values":[0.9991,0.0425,0.005,0,-0.0428,0.9965,0.0718,0,-0.0019,-0.072,0.9974,0,0.1169,10.681,0.3734,1]},
{"frame":24,"values":[0.9994,0.0352,0.0049,0,-0.0355,0.9971,0.0668,0,-0.0026,-0.067,0.9978,0,0.1169,10.681,0.3734,1]},
{"frame":25,"values":[0.9997,0.0257,0.0051,0,-0.026,0.9978,0.0604,0,-0.0035,-0.0605,0.9982,0,0.1169,10.681,0.3734,1]},
{"frame":26,"values":[0.9999,0.0157,0.0054,0,-0.016,0.9984,0.0545,0,-0.0045,-0.0546,0.9985,0,0.1169,10.681,0.3734,1]},
{"frame":27,"values":[1,0.0055,0.0051,0,-0.0058,0.9987,0.0501,0,-0.0048,-0.0501,0.9987,0,0.1169,10.681,0.3734,1]},
{"frame":28,"values":[1,-0.006,0.0019,0,0.0059,0.9989,0.047,0,-0.0022,-0.047,0.9989,0,0.1169,10.681,0.3734,1]},
{"frame":29,"values":[0.9998,-0.02,-0.0033,0,0.0201,0.9987,0.0463,0,0.0024,-0.0463,0.9989,0,0.1169,10.681,0.3734,1]},
{"frame":30,"values":[0.9993,-0.0364,-0.0075,0,0.0367,0.9982,0.0469,0,0.0058,-0.0471,0.9989,0,0.1169,10.681,0.3734,1]},
{"frame":31,"values":[0.9985,-0.0535,-0.0106,0,0.0539,0.9974,0.0476,0,0.008,-0.0481,0.9988,0,0.1169,10.681,0.3734,1]},
{"frame":32,"values":[0.9977,-0.0667,-0.0149,0,0.0673,0.9966,0.048,0,0.0116,-0.0489,0.9987,0,0.1169,10.681,0.3734,1]},
{"frame":33,"values":[0.9969,-0.0759,-0.0207,0,0.0768,0.9959,0.0473,0,0.0171,-0.0487,0.9987,0,0.1169,10.681,0.3734,1]},
{"frame":34,"values":[0.9963,-0.0814,-0.0256,0,0.0825,0.9955,0.0456,0,0.0218,-0.0476,0.9986,0,0.1169,10.681,0.3734,1]},
{"frame":35,"values":[0.9961,-0.0838,-0.0264,0,0.0848,0.9955,0.0429,0,0.0227,-0.045,0.9987,0,0.1169,10.681,0.3734,1]},
{"frame":36,"values":[0.9961,-0.0839,-0.0256,0,0.0848,0.9956,0.0399,0,0.0222,-0.0419,0.9989,0,0.1169,10.681,0.3734,1]}],"loopBehavior":1,"name":"anim","property":"_matrix"}},
{"name":"Spine1","index":2,"matrix":[0.9984,-0.0463,-0.0339,0,0.0488,0.9956,0.0798,0,0.0301,-0.0813,0.9962,0,0,13.8404,0.0535,1],"rest":[1,0,0,0,0,1,0,0,0,0,1,0,0,13.8404,0.0535,1],"parentBoneIndex":1,"length":14.7173
,"animation":{"dataType":3,"framePerSecond":24,"keys":[
{"frame":1,"values":[0.9984,-0.0463,-0.0339,0,0.0488,0.9956,0.0798,0,0.0301,-0.0813,0.9962,0,0,13.8404,0.0535,1]},
{"frame":2,"values":[0.9983,-0.0467,-0.0339,0,0.0493,0.9955,0.0805,0,0.03,-0.082,0.9962,0,0,13.8404,0.0535,1]},
{"frame":3,"values":[0.9983,-0.0476,-0.0337,0,0.0504,0.995,0.0864,0,0.0294,-0.088,0.9957,0,0,13.8404,0.0535,1]},
{"frame":4,"values":[0.9983,-0.0489,-0.0331,0,0.052,0.9936,0.1006,0,0.028,-0.1022,0.9944,0,0,13.8404,0.0535,1]},
{"frame":5,"values":[0.9983,-0.0479,-0.033,0,0.0516,0.9913,0.1207,0,0.0269,-0.1222,0.9921,0,0,13.8404,0.0535,1]},
{"frame":6,"values":[0.9988,-0.0407,-0.0289,0,0.0443,0.9895,0.1379,0,0.023,-0.139,0.99,0,0,13.8404,0.0535,1]},
{"frame":7,"values":[0.9995,-0.0254,-0.0188,0,0.0278,0.9896,0.1414,0,0.015,-0.1419,0.9898,0,0,13.8404,0.0535,1]},
{"frame":8,"values":[0.9999,-0.0083,-0.0087,0,0.0094,0.9909,0.1345,0,0.0076,-0.1345,0.9909,0,0,13.8404,0.0535,1]},
{"frame":9,"values":[1,0.009,0.0031,0,-0.0093,0.9921,0.125,0,-0.002,-0.125,0.9922,0,0,13.8404,0.0535,1]},
{"frame":10,"values":[0.9996,0.0261,0.0125,0,-0.0274,0.9929,0.1156,0,-0.0094,-0.1159,0.9932,0,0,13.8404,0.0535,1]},
{"frame":11,"values":[0.999,0.0409,0.0191,0,-0.0428,0.9926,0.1133,0,-0.0144,-0.114,0.9934,0,0,13.8404,0.0535,1]},
{"frame":12,"values":[0.9983,0.0538,0.0246,0,-0.0562,0.9917,0.1154,0,-0.0182,-0.1166,0.993,0,0,13.8404,0.0535,1]},
{"frame":13,"values":[0.9974,0.0659,0.0274,0,-0.0688,0.9903,0.1207,0,-0.0192,-0.1223,0.9923,0,0,13.8404,0.0535,1]},
{"frame":14,"values":[0.9967,0.0768,0.0257,0,-0.0794,0.9886,0.1281,0,-0.0156,-0.1297,0.9914,0,0,13.8404,0.0535,1]},
{"frame":15,"values":[0.9961,0.0858,0.0225,0,-0.0881,0.987,0.1347,0,-0.0106,-0.1362,0.9906,0,0,13.8404,0.0535,1]},
{"frame":16,"values":[0.9954,0.0941,0.0191,0,-0.0958,0.9858,0.138,0,-0.0059,-0.1392,0.9902,0,0,13.8404,0.0535,1]},
{"frame":17,"values":[0.9949,0.0993,0.0173,0,-0.1008,0.9849,0.1407,0,-0.003,-0.1417,0.9899,0,0,13.8404,0.0535,1]},
{"frame":18,"values":[0.9948,0.1008,0.0168,0,-0.1022,0.9842,0.1446,0,-0.002,-0.1455,0.9894,0,0,13.8404,0.0535,1]},
{"frame":19,"values":[0.9946,0.103,0.0162,0,-0.1042,0.9836,0.1475,0,-0.0007,-0.1484,0.9889,0,0,13.8404,0.0535,1]},
{"frame":20,"values":[0.9942,0.1059,0.0169,0,-0.1073,0.9831,0.1484,0,-0.0009,-0.1493,0.9888,0,0,13.8404,0.0535,1]},
{"frame":21,"values":[0.9941,0.107,0.0182,0,-0.1085,0.9831,0.1477,0,-0.0021,-0.1488,0.9889,0,0,13.8404,0.0535,1]},
{"frame":22,"values":[0.9945,0.1035,0.0187,0,-0.1051,0.9836,0.1466,0,-0.0032,-0.1478,0.989,0,0,13.8404,0.0535,1]},
{"frame":23,"values":[0.9952,0.0959,0.0169,0,-0.0973,0.985,0.1422,0,-0.0031,-0.1431,0.9897,0,0,13.8404,0.0535,1]},
{"frame":24,"values":[0.9961,0.0872,0.0145,0,-0.0883,0.9873,0.1324,0,-0.0028,-0.1331,0.9911,0,0,13.8404,0.0535,1]},
{"frame":25,"values":[0.997,0.076,0.0125,0,-0.077,0.9898,0.1196,0,-0.0033,-0.1202,0.9927,0,0,13.8404,0.0535,1]},
{"frame":26,"values":[0.9979,0.0639,0.0115,0,-0.0648,0.9921,0.1078,0,-0.0045,-0.1084,0.9941,0,0,13.8404,0.0535,1]},
{"frame":27,"values":[0.9985,0.053,0.0104,0,-0.0538,0.9936,0.099,0,-0.0051,-0.0994,0.995,0,0,13.8404,0.0535,1]},
{"frame":28,"values":[0.9991,0.0421,0.0045,0,-0.0424,0.9948,0.0929,0,-0.0005,-0.093,0.9957,0,0,13.8404,0.0535,1]},
{"frame":29,"values":[0.9996,0.0289,-0.0043,0,-0.0284,0.9954,0.0917,0,0.007,-0.0915,0.9958,0,0,13.8404,0.0535,1]},
{"frame":30,"values":[0.9999,0.011,-0.0099,0,-0.01,0.9956,0.0931,0,0.0109,-0.093,0.9956,0,0,13.8404,0.0535,1]},
{"frame":31,"values":[0.9999,-0.0088,-0.0124,0,0.01,0.9955,0.0945,0,0.0115,-0.0946,0.9954,0,0,13.8404,0.0535,1]},
{"frame":32,"values":[0.9995,-0.0259,-0.0175,0,0.0274,0.995,0.0956,0,0.0149,-0.096,0.9953,0,0,13.8404,0.0535,1]},
{"frame":33,"values":[0.9989,-0.0381,-0.0267,0,0.0404,0.9947,0.0944,0,0.0229,-0.0953,0.9952,0,0,13.8404,0.0535,1]},
{"frame":34,"values":[0.9984,-0.0439,-0.0344,0,0.0469,0.9947,0.0913,0,0.0302,-0.0928,0.9952,0,0,13.8404,0.0535,1]},
{"frame":35,"values":[0.9983,-0.0459,-0.0352,0,0.0488,0.9951,0.0859,0,0.0311,-0.0874,0.9957,0,0,13.8404,0.0535,1]},
{"frame":36,"values":[0.9983,-0.0463,-0.034,0,0.0489,0.9956,0.0798,0,0.0302,-0.0813,0.9962,0,0,13.8404,0.0535,1]}],"loopBehavior":1,"name":"anim","property":"_matrix"}},
{"name":"Spine2","index":3,"matrix":[0.9984,-0.0461,-0.0332,0,0.0487,0.9956,0.0802,0,0.0294,-0.0816,0.9962,0,0,14.7127,-0.3662,1],"rest":[1,0,0,0,0,1,0,0,0,0,1,0,0,14.7127,-0.3662,1],"parentBoneIndex":2,"length":31.8652
,"animation":{"dataType":3,"framePerSecond":24,"keys":[
{"frame":1,"values":[0.9984,-0.0461,-0.0332,0,0.0487,0.9956,0.0802,0,0.0294,-0.0816,0.9962,0,0,14.7127,-0.3662,1]},
{"frame":2,"values":[0.9984,-0.0466,-0.0332,0,0.0491,0.9955,0.0808,0,0.0293,-0.0823,0.9962,0,0,14.7127,-0.3662,1]},
{"frame":3,"values":[0.9983,-0.0475,-0.0329,0,0.0502,0.995,0.0868,0,0.0286,-0.0883,0.9957,0,0,14.7127,-0.3662,1]},
{"frame":4,"values":[0.9983,-0.0488,-0.0322,0,0.0519,0.9935,0.101,0,0.0271,-0.1025,0.9944,0,0,14.7127,-0.3662,1]},
{"frame":5,"values":[0.9983,-0.0478,-0.0319,0,0.0514,0.9913,0.1211,0,0.0259,-0.1225,0.9921,0,0,14.7127,-0.3662,1]},
{"frame":6,"values":[0.9988,-0.0406,-0.0277,0,0.044,0.9894,0.1382,0,0.0218,-0.1392,0.99,0,0,14.7127,-0.3662,1]},
{"frame":7,"values":[0.9995,-0.0253,-0.0175,0,0.0275,0.9895,0.1416,0,0.0138,-0.142,0.9898,0,0,14.7127,-0.3662,1]},
{"frame":8,"values":[0.9999,-0.0082,-0.0075,0,0.0091,0.9909,0.1346,0,0.0064,-0.1346,0.9909,0,0,14.7127,-0.3662,1]},
{"frame":9,"values":[1,0.009,0.0042,0,-0.0095,0.9921,0.125,0,-0.003,-0.125,0.9921,0,0,14.7127,-0.3662,1]},
{"frame":10,"values":[0.9996,0.0262,0.0134,0,-0.0276,0.9929,0.1155,0,-0.0102,-0.1158,0.9932,0,0,14.7127,-0.3662,1]},
{"frame":11,"values":[0.999,0.0409,0.0199,0,-0.0429,0.9926,0.1133,0,-0.0151,-0.114,0.9934,0,0,14.7127,-0.3662,1]},
{"frame":12,"values":[0.9982,0.0538,0.0252,0,-0.0564,0.9917,0.1154,0,-0.0188,-0.1166,0.993,0,0,14.7127,-0.3662,1]},
{"frame":13,"values":[0.9974,0.066,0.028,0,-0.0689,0.9903,0.1207,0,-0.0198,-0.1223,0.9923,0,0,14.7127,-0.3662,1]},
{"frame":14,"values":[0.9967,0.0768,0.0262,0,-0.0796,0.9886,0.1281,0,-0.0161,-0.1298,0.9914,0,0,14.7127,-0.3662,1]},
{"frame":15,"values":[0.996,0.0858,0.0229,0,-0.0882,0.9869,0.1348,0,-0.011,-0.1363,0.9906,0,0,14.7127,-0.3662,1]},
{"frame":16,"values":[0.9954,0.0941,0.0195,0,-0.0959,0.9858,0.1381,0,-0.0062,-0.1393,0.9902,0,0,14.7127,-0.3662,1]},
{"frame":17,"values":[0.9949,0.0994,0.0176,0,-0.1009,0.9849,0.1408,0,-0.0034,-0.1419,0.9899,0,0,14.7127,-0.3662,1]},
{"frame":18,"values":[0.9948,0.1009,0.0171,0,-0.1023,0.9842,0.1447,0,-0.0022,-0.1457,0.9893,0,0,14.7127,-0.3662,1]},
{"frame":19,"values":[0.9945,0.103,0.0165,0,-0.1043,0.9835,0.1476,0,-0.001,-0.1485,0.9889,0,0,14.7127,-0.3662,1]},
{"frame":20,"values":[0.9942,0.106,0.0172,0,-0.1073,0.9831,0.1485,0,-0.0012,-0.1495,0.9888,0,0,14.7127,-0.3662,1]},
{"frame":21,"values":[0.9941,0.107,0.0186,0,-0.1086,0.983,0.1478,0,-0.0024,-0.149,0.9888,0,0,14.7127,-0.3662,1]},
{"frame":22,"values":[0.9944,0.1035,0.0191,0,-0.1052,0.9836,0.1467,0,-0.0036,-0.1479,0.989,0,0,14.7127,-0.3662,1]},
{"frame":23,"values":[0.9952,0.0959,0.0173,0,-0.0974,0.985,0.1423,0,-0.0034,-0.1433,0.9897,0,0,14.7127,-0.3662,1]},
{"frame":24,"values":[0.9961,0.0872,0.0149,0,-0.0884,0.9872,0.1325,0,-0.0031,-0.1333,0.9911,0,0,14.7127,-0.3662,1]},
{"frame":25,"values":[0.997,0.0761,0.0129,0,-0.0771,0.9898,0.1197,0,-0.0037,-0.1203,0.9927,0,0,14.7127,-0.3662,1]},
{"frame":26,"values":[0.9979,0.064,0.012,0,-0.0649,0.992,0.108,0,-0.005,-0.1085,0.9941,0,0,14.7127,-0.3662,1]},
{"frame":27,"values":[0.9985,0.0531,0.0109,0,-0.0539,0.9936,0.0991,0,-0.0055,-0.0996,0.995,0,0,14.7127,-0.3662,1]},
{"frame":28,"values":[0.9991,0.0422,0.005,0,-0.0425,0.9948,0.093,0,-0.0011,-0.0932,0.9956,0,0,14.7127,-0.3662,1]},
{"frame":29,"values":[0.9996,0.029,-0.0037,0,-0.0285,0.9954,0.0918,0,0.0063,-0.0917,0.9958,0,0,14.7127,-0.3662,1]},
{"frame":30,"values":[0.9999,0.011,-0.0092,0,-0.0101,0.9956,0.0932,0,0.0102,-0.0931,0.9956,0,0,14.7127,-0.3662,1]},
{"frame":31,"values":[0.9999,-0.0088,-0.0117,0,0.0098,0.9955,0.0947,0,0.0108,-0.0948,0.9954,0,0,14.7127,-0.3662,1]},
{"frame":32,"values":[0.9995,-0.0258,-0.0167,0,0.0273,0.995,0.0958,0,0.0141,-0.0962,0.9953,0,0,14.7127,-0.3662,1]},
{"frame":33,"values":[0.9989,-0.038,-0.0259,0,0.0403,0.9947,0.0947,0,0.0221,-0.0956,0.9952,0,0,14.7127,-0.3662,1]},
{"frame":34,"values":[0.9985,-0.0439,-0.0336,0,0.0468,0.9947,0.0917,0,0.0294,-0.0931,0.9952,0,0,14.7127,-0.3662,1]},
{"frame":35,"values":[0.9984,-0.0458,-0.0344,0,0.0486,0.9951,0.0863,0,0.0303,-0.0878,0.9957,0,0,14.7127,-0.3662,1]},
{"frame":36,"values":[0.9984,-0.0462,-0.0333,0,0.0487,0.9956,0.0802,0,0.0295,-0.0816,0.9962,0,0,14.7127,-0.3662,1]}],"loopBehavior":1,"name":"anim","property":"_matrix"}},
{"name":"Neck","index":4,"matrix":[0.9961,-0.0875,0.0104,0,0.0879,0.995,-0.0483,0,-0.0061,0.049,0.9988,0,0,35.4155,-3.3142,1],"rest":[1,0,0,0,0,1,0,0,0,0,1,0,0,35.4155,-3.3142,1],"parentBoneIndex":3,"length":16.9431
,"animation":{"dataType":3,"framePerSecond":24,"keys":[
{"frame":1,"values":[0.9961,-0.0875,0.0104,0,0.0879,0.995,-0.0483,0,-0.0061,0.049,0.9988,0,0,35.4155,-3.3142,1]},
{"frame":2,"values":[0.9956,-0.0934,0.0056,0,0.0936,0.9952,-0.0282,0,-0.0029,0.0286,0.9996,0,0,35.4155,-3.3142,1]},
{"frame":3,"values":[0.9952,-0.0975,-0.003,0,0.0976,0.9951,0.0129,0,0.0018,-0.0131,0.9999,0,0,35.4155,-3.3142,1]},
{"frame":4,"values":[0.9944,-0.1043,-0.014,0,0.1049,0.9928,0.058,0,0.0079,-0.0592,0.9982,0,0,35.4155,-3.3142,1]},
{"frame":5,"values":[0.994,-0.1067,-0.0252,0,0.1089,0.9875,0.1137,0,0.0127,-0.1157,0.9932,0,0,35.4155,-3.3142,1]},
{"frame":6,"values":[0.9952,-0.0917,-0.0353,0,0.0966,0.9791,0.1789,0,0.0182,-0.1814,0.9832,0,0,35.4155,-3.3142,1]},
{"frame":7,"values":[0.9962,-0.072,-0.0488,0,0.0813,0.9698,0.2299,0,0.0308,-0.233,0.972,0,0,35.4155,-3.3142,1]},
{"frame":8,"values":[0.9974,-0.046,-0.0547,0,0.0571,0.973,0.2238,0,0.043,-0.2263,0.9731,0,0,35.4155,-3.3142,1]},
{"frame":9,"values":[0.9986,-0.0084,-0.052,0,0.0179,0.9823,0.1866,0,0.0495,-0.1872,0.9811,0,0,35.4155,-3.3142,1]},
{"frame":10,"values":[0.9981,0.0338,-0.0509,0,-0.0269,0.9911,0.1304,0,0.0549,-0.1287,0.9902,0,0,35.4155,-3.3142,1]},
{"frame":11,"values":[0.9965,0.0663,-0.0504,0,-0.0623,0.995,0.0776,0,0.0552,-0.0742,0.9957,0,0,35.4155,-3.3142,1]},
{"frame":12,"values":[0.9946,0.0919,-0.0482,0,-0.091,0.9956,0.0215,0,0.0499,-0.017,0.9986,0,0,35.4155,-3.3142,1]},
{"frame":13,"values":[0.9932,0.1076,-0.0443,0,-0.1083,0.994,-0.0127,0,0.0427,0.0174,0.9989,0,0,35.4155,-3.3142,1]},
{"frame":14,"values":[0.9944,0.0961,-0.0436,0,-0.0974,0.9948,-0.0281,0,0.0407,0.0322,0.9987,0,0,35.4155,-3.3142,1]},
{"frame":15,"values":[0.9953,0.0855,-0.0447,0,-0.087,0.9957,-0.0327,0,0.0417,0.0364,0.9985,0,0,35.4155,-3.3142,1]},
{"frame":16,"values":[0.9957,0.0776,-0.0503,0,-0.0799,0.9958,-0.0451,0,0.0466,0.049,0.9977,0,0,35.4155,-3.3142,1]},
{"frame":17,"values":[0.9958,0.0723,-0.0557,0,-0.0759,0.995,-0.0644,0,0.0507,0.0683,0.9964,0,0,35.4155,-3.3142,1]},
{"frame":18,"values":[0.9948,0.0853,-0.0558,0,-0.0894,0.9932,-0.0751,0,0.049,0.0797,0.9956,0,0,35.4155,-3.3142,1]},
{"frame":19,"values":[0.9942,0.0939,-0.0525,0,-0.0979,0.9919,-0.0805,0,0.0446,0.0851,0.9954,0,0,35.4155,-3.3142,1]},
{"frame":20,"values":[0.9942,0.095,-0.0509,0,-0.0991,0.9914,-0.0854,0,0.0423,0.09,0.995,0,0,35.4155,-3.3142,1]},
{"frame":21,"values":[0.9943,0.093,-0.0521,0,-0.0977,0.9905,-0.0966,0,0.0427,0.1011,0.994,0,0,35.4155,-3.3142,1]},
{"frame":22,"values":[0.9945,0.0901,-0.053,0,-0.0957,0.9886,-0.1162,0,0.0419,0.1206,0.9918,0,0,35.4155,-3.3142,1]},
{"frame":23,"values":[0.9948,0.0862,-0.0549,0,-0.0928,0.9872,-0.13,0,0.043,0.1344,0.99,0,0,35.4155,-3.3142,1]},
{"frame":24,"values":[0.9954,0.0798,-0.0538,0,-0.0861,0.9881,-0.1278,0,0.043,0.1318,0.9903,0,0,35.4155,-3.3142,1]},
{"frame":25,"values":[0.9952,0.0848,-0.0497,0,-0.0902,0.9889,-0.1182,0,0.0391,0.1221,0.9917,0,0,35.4155,-3.3142,1]},
{"frame":26,"values":[0.9947,0.0924,-0.0442,0,-0.0969,0.9888,-0.1136,0,0.0332,0.1173,0.9925,0,0,35.4155,-3.3142,1]},
{"frame":27,"values":[0.9958,0.0827,-0.0396,0,-0.0865,0.9906,-0.1058,0,0.0305,0.1088,0.9936,0,0,35.4155,-3.3142,1]},
{"frame":28,"values":[0.9977,0.0612,-0.028,0,-0.0637,0.9931,-0.098,0,0.0218,0.0996,0.9948,0,0,35.4155,-3.3142,1]},
{"frame":29,"values":[0.9996,0.0246,-0.0142,0,-0.0259,0.9948,-0.0989,0,0.0117,0.0993,0.995,0,0,35.4155,-3.3142,1]},
{"frame":30,"values":[1,0.0028,-0.0028,0,-0.003,0.9949,-0.1011,0,0.0025,0.1011,0.9949,0,0,35.4155,-3.3142,1]},
{"frame":31,"values":[1,-0.0019,0.0026,0,0.0021,0.9956,-0.0938,0,-0.0024,0.0938,0.9956,0,0,35.4155,-3.3142,1]},
{"frame":32,"values":[0.9999,-0.0155,0.0064,0,0.016,0.9963,-0.0845,0,-0.0051,0.0846,0.9964,0,0,35.4155,-3.3142,1]},
{"frame":33,"values":[0.9993,-0.0359,0.0115,0,0.0367,0.9964,-0.076,0,-0.0087,0.0764,0.997,0,0,35.4155,-3.3142,1]},
{"frame":34,"values":[0.998,-0.0613,0.0135,0,0.0621,0.9961,-0.0631,0,-0.0096,0.0638,0.9979,0,0,35.4155,-3.3142,1]},
{"frame":35,"values":[0.9967,-0.0801,0.0128,0,0.0806,0.9955,-0.0497,0,-0.0087,0.0505,0.9987,0,0,35.4155,-3.3142,1]},
{"frame":36,"values":[0.9961,-0.0875,0.0104,0,0.0879,0.995,-0.0483,0,-0.0061,0.049,0.9988,0,0,35.4155,-3.3142,1]}],"loopBehavior":1,"name":"anim","property":"_matrix"}},
{"name":"Head","index":5,"matrix":[0.9986,0.0365,0.0389,0,-0.0353,0.9989,-0.0315,0,-0.04,0.0301,0.9987,0,0,16.8992,1.2183,1],"rest":[1,0,0,0,0,1,0,0,0,0,1,0,0,16.8992,1.2183,1],"parentBoneIndex":4,"length":22.3142
,"animation":{"dataType":3,"framePerSecond":24,"keys":[
{"frame":1,"values":[0.9986,0.0365,0.0389,0,-0.0353,0.9989,-0.0315,0,-0.04,0.0301,0.9987,0,0,16.8992,1.2183,1]},
{"frame":2,"values":[0.9981,0.0482,0.0389,0,-0.0466,0.998,-0.0423,0,-0.0409,0.0404,0.9983,0,0,16.8992,1.2183,1]},
{"frame":3,"values":[0.9975,0.0626,0.0343,0,-0.0596,0.9949,-0.0817,0,-0.0392,0.0794,0.9961,0,0,16.8992,1.2183,1]},
{"frame":4,"values":[0.9971,0.0716,0.0277,0,-0.0676,0.99,-0.1235,0,-0.0362,0.1212,0.992,0,0,16.8992,1.2183,1]},
{"frame":5,"values":[0.9975,0.0681,0.0183,0,-0.0638,0.9825,-0.1749,0,-0.0299,0.1733,0.9844,0,0,16.8992,1.2183,1]},
{"frame":6,"values":[0.9987,0.0499,0.0028,0,-0.0478,0.9703,-0.2372,0,-0.0146,0.2367,0.9715,0,0,16.8992,1.2183,1]},
{"frame":7,"values":[0.9996,0.0203,-0.017,0,-0.0241,0.9637,-0.2659,0,0.011,0.2662,0.9638,0,0,16.8992,1.2183,1]},
{"frame":8,"values":[0.9991,-0.0256,-0.0351,0,0.0159,0.967,-0.2545,0,0.0405,0.2537,0.9664,0,0,16.8992,1.2183,1]},
{"frame":9,"values":[0.9946,-0.0891,-0.0534,0,0.0746,0.9703,-0.2299,0,0.0723,0.2247,0.9717,0,0,16.8992,1.2183,1]},
{"frame":10,"values":[0.9856,-0.1512,-0.0756,0,0.1323,0.9683,-0.2117,0,0.1052,0.1987,0.9744,0,0,16.8992,1.2183,1]},
{"frame":11,"values":[0.9751,-0.202,-0.0921,0,0.18,0.9622,-0.2045,0,0.1299,0.1828,0.9745,0,0,16.8992,1.2183,1]},
{"frame":12,"values":[0.962,-0.2523,-0.1042,0,0.2292,0.9539,-0.1935,0,0.1482,0.1623,0.9756,0,0,16.8992,1.2183,1]},
{"frame":13,"values":[0.95,-0.2927,-0.109,0,0.2687,0.9438,-0.1925,0,0.1593,0.1535,0.9752,0,0,16.8992,1.2183,1]},
{"frame":14,"values":[0.9468,-0.3044,-0.1048,0,0.2795,0.9387,-0.2016,0,0.1597,0.1616,0.9738,0,0,16.8992,1.2183,1]},
{"frame":15,"values":[0.9435,-0.3153,-0.1024,0,0.2882,0.9328,-0.2165,0,0.1637,0.1748,0.9709,0,0,16.8992,1.2183,1]},
{"frame":16,"values":[0.9394,-0.3265,-0.1047,0,0.2972,0.9276,-0.2262,0,0.171,0.1813,0.9684,0,0,16.8992,1.2183,1]},
{"frame":17,"values":[0.9374,-0.3312,-0.108,0,0.3004,0.9254,-0.2308,0,0.1764,0.1839,0.967,0,0,16.8992,1.2183,1]},
{"frame":18,"values":[0.9333,-0.3415,-0.111,0,0.3084,0.9207,-0.2391,0,0.1839,0.1889,0.9646,0,0,16.8992,1.2183,1]},
{"frame":19,"values":[0.9311,-0.3478,-0.11,0,0.3137,0.9173,-0.2453,0,0.1862,0.1938,0.9632,0,0,16.8992,1.2183,1]},
{"frame":20,"values":[0.9308,-0.3491,-0.1087,0,0.3153,0.9169,-0.2448,0,0.1851,0.1936,0.9635,0,0,16.8992,1.2183,1]},
{"frame":21,"values":[0.9322,-0.3454,-0.1085,0,0.3113,0.9177,-0.247,0,0.1849,0.1965,0.9629,0,0,16.8992,1.2183,1]},
{"frame":22,"values":[0.9373,-0.3315,-0.1074,0,0.2977,0.9219,-0.2478,0,0.1812,0.2003,0.9628,0,0,16.8992,1.2183,1]},
{"frame":23,"values":[0.944,-0.3119,-0.1076,0,0.2799,0.9297,-0.2394,0,0.1747,0.1958,0.9649,0,0,16.8992,1.2183,1]},
{"frame":24,"values":[0.9515,-0.2888,-0.1056,0,0.2607,0.9397,-0.2213,0,0.1631,0.183,0.9695,0,0,16.8992,1.2183,1]},
{"frame":25,"values":[0.9601,-0.2595,-0.1043,0,0.2384,0.9543,-0.1803,0,0.1463,0.1482,0.9781,0,0,16.8992,1.2183,1]},
{"frame":26,"values":[0.9672,-0.2322,-0.1033,0,0.2192,0.9679,-0.1228,0,0.1285,0.0962,0.987,0,0,16.8992,1.2183,1]},
{"frame":27,"values":[0.977,-0.1918,-0.0932,0,0.1838,0.979,-0.0879,0,0.1081,0.0687,0.9918,0,0,16.8992,1.2183,1]},
{"frame":28,"values":[0.9863,-0.149,-0.0712,0,0.1443,0.9873,-0.0666,0,0.0802,0.0555,0.9952,0,0,16.8992,1.2183,1]},
{"frame":29,"values":[0.9942,-0.0994,-0.0406,0,0.0971,0.9937,-0.0552,0,0.0459,0.051,0.9976,0,0,16.8992,1.2183,1]},
{"frame":30,"values":[0.9972,-0.0716,-0.0194,0,0.0706,0.9963,-0.0482,0,0.0228,0.0467,0.9986,0,0,16.8992,1.2183,1]},
{"frame":31,"values":[0.9987,-0.0494,-0.0091,0,0.0489,0.9979,-0.0431,0,0.0112,0.0426,0.999,0,0,16.8992,1.2183,1]},
{"frame":32,"values":[0.9999,-0.0103,0.005,0,0.0105,0.9993,-0.0366,0,-0.0046,0.0366,0.9993,0,0,16.8992,1.2183,1]},
{"frame":33,"values":[0.9997,0.0161,0.0207,0,-0.0155,0.9995,-0.0273,0,-0.0211,0.027,0.9994,0,0,16.8992,1.2183,1]},
{"frame":34,"values":[0.9989,0.0329,0.0333,0,-0.032,0.9991,-0.0273,0,-0.0342,0.0262,0.9991,0,0,16.8992,1.2183,1]},
{"frame":35,"values":[0.9986,0.037,0.0391,0,-0.0357,0.9988,-0.0322,0,-0.0402,0.0307,0.9987,0,0,16.8992,1.2183,1]},
{"frame":36,"values":[0.9986,0.0365,0.0389,0,-0.0353,0.9989,-0.0315,0,-0.04,0.0301,0.9987,0,0,16.8992,1.2183,1]}],"loopBehavior":1,"name":"anim","property":"_matrix"}},
{"name":"HeadTop_End","index":6,"matrix":[1,0,0,0,0,1,0,0,0,0,1,0,0,22.2062,2.1925,1],"rest":[1,0,0,0,0,1,0,0,0,0,1,0,0,22.2062,2.1925,1],"parentBoneIndex":5,"length":22.3142
,"animation":{"dataType":3,"framePerSecond":24,"keys":[
{"frame":1,"values":[1,0,0,0,0,1,0,0,0,0,1,0,0,22.2062,2.1925,1]},
{"frame":36,"values":[1,0,0,0,0,1,0,0,0,0,1,0,0,22.2062,2.1925,1]}],"loopBehavior":1,"name":"anim","property":"_matrix"}},
{"name":"LeftShoulder","index":7,"matrix":[0.9675,-0.1171,0.224,0,0.0983,0.9908,0.0935,0,-0.2328,-0.0684,0.9701,0,12.8964,26.7163,-4.5484,1],"rest":[1,0,0,0,0,1,0,0,0,0,1,0,12.8964,26.7163,-4.5484,1],"parentBoneIndex":3,"length":19.7122
,"animation":{"dataType":3,"framePerSecond":24,"keys":[
{"frame":1,"values":[0.9675,-0.1171,0.224,0,0.0983,0.9908,0.0935,0,-0.2328,-0.0684,0.9701,0,12.8964,26.7163,-4.5484,1]},
{"frame":2,"values":[0.9669,-0.1133,0.2286,0,0.0943,0.9912,0.0927,0,-0.2371,-0.0681,0.9691,0,12.8964,26.7163,-4.5484,1]},
{"frame":3,"values":[0.9647,-0.1002,0.2435,0,0.0804,0.9927,0.0898,0,-0.2507,-0.067,0.9657,0,12.8964,26.7163,-4.5484,1]},
{"frame":4,"values":[0.9598,-0.0571,0.2749,0,0.0361,0.9961,0.0808,0,-0.2784,-0.0676,0.9581,0,12.8964,26.7163,-4.5484,1]},
{"frame":5,"values":[0.9489,0.0292,0.3142,0,-0.051,0.9968,0.0614,0,-0.3114,-0.0743,0.9474,0,12.8964,26.7163,-4.5484,1]},
{"frame":6,"values":[0.9302,0.1427,0.3383,0,-0.1641,0.9858,0.0354,0,-0.3284,-0.0884,0.9404,0,12.8964,26.7163,-4.5484,1]},
{"frame":7,"values":[0.9105,0.2279,0.345,0,-0.2485,0.9685,0.0161,0,-0.3305,-0.1004,0.9385,0,12.8964,26.7163,-4.5484,1]},
{"frame":8,"values":[0.9044,0.2544,0.3426,0,-0.2746,0.9615,0.0108,0,-0.3266,-0.1039,0.9394,0,12.8964,26.7163,-4.5484,1]},
{"frame":9,"values":[0.9043,0.2616,0.3374,0,-0.2815,0.9595,0.0105,0,-0.321,-0.1045,0.9413,0,12.8964,26.7163,-4.5484,1]},
{"frame":10,"values":[0.899,0.2797,0.3368,0,-0.2993,0.9541,0.0064,0,-0.3196,-0.1065,0.9415,0,12.8964,26.7163,-4.5484,1]},
{"frame":11,"values":[0.8868,0.306,0.3464,0,-0.3252,0.9456,-0.0027,0,-0.3284,-0.1103,0.9381,0,12.8964,26.7163,-4.5484,1]},
{"frame":12,"values":[0.8715,0.3329,0.36,0,-0.3518,0.936,-0.0139,0,-0.3416,-0.1145,0.9329,0,12.8964,26.7163,-4.5484,1]},
{"frame":13,"values":[0.8567,0.3536,0.3757,0,-0.372,0.9279,-0.025,0,-0.3574,-0.1183,0.9264,0,12.8964,26.7163,-4.5484,1]},
{"frame":14,"values":[0.8439,0.372,0.3865,0,-0.3899,0.9202,-0.0345,0,-0.3685,-0.1216,0.9216,0,12.8964,26.7163,-4.5484,1]},
{"frame":15,"values":[0.8328,0.388,0.3948,0,-0.4052,0.9132,-0.0427,0,-0.3771,-0.1244,0.9178,0,12.8964,26.7163,-4.5484,1]},
{"frame":16,"values":[0.8252,0.3972,0.4017,0,-0.4139,0.909,-0.0487,0,-0.3845,-0.126,0.9145,0,12.8964,26.7163,-4.5484,1]},
{"frame":17,"values":[0.8214,0.4075,0.3991,0,-0.4237,0.9043,-0.0514,0,-0.3819,-0.1269,0.9154,0,12.8964,26.7163,-4.5484,1]},
{"frame":18,"values":[0.8159,0.4231,0.394,0,-0.4387,0.897,-0.0546,0,-0.3765,-0.1284,0.9175,0,12.8964,26.7163,-4.5484,1]},
{"frame":19,"values":[0.8125,0.4281,0.3958,0,-0.4433,0.8945,-0.0576,0,-0.3787,-0.1287,0.9165,0,12.8964,26.7163,-4.5484,1]},
{"frame":20,"values":[0.8108,0.4292,0.398,0,-0.4439,0.8941,-0.0596,0,-0.3814,-0.1283,0.9154,0,12.8964,26.7163,-4.5484,1]},
{"frame":21,"values":[0.812,0.4318,0.3927,0,-0.4463,0.8929,-0.059,0,-0.3762,-0.1274,0.9178,0,12.8964,26.7163,-4.5484,1]},
{"frame":22,"values":[0.8162,0.4293,0.3866,0,-0.4437,0.8944,-0.0564,0,-0.37,-0.1255,0.9205,0,12.8964,26.7163,-4.5484,1]},
{"frame":23,"values":[0.8301,0.4117,0.376,0,-0.4265,0.9032,-0.0476,0,-0.3592,-0.1209,0.9254,0,12.8964,26.7163,-4.5484,1]},
{"frame":24,"values":[0.8575,0.3759,0.3514,0,-0.3914,0.9198,-0.0288,0,-0.334,-0.1129,0.9358,0,12.8964,26.7163,-4.5484,1]},
{"frame":25,"values":[0.8826,0.3338,0.331,0,-0.35,0.9367,-0.0114,0,-0.3138,-0.1057,0.9436,0,12.8964,26.7163,-4.5484,1]},
{"frame":26,"values":[0.9067,0.2879,0.3082,0,-0.3045,0.9525,0.0062,0,-0.2918,-0.0994,0.9513,0,12.8964,26.7163,-4.5484,1]},
{"frame":27,"values":[0.9299,0.2396,0.279,0,-0.2563,0.9663,0.0245,0,-0.2637,-0.0943,0.96,0,12.8964,26.7163,-4.5484,1]},
{"frame":28,"values":[0.9459,0.1806,0.2695,0,-0.1978,0.9795,0.0378,0,-0.2571,-0.0891,0.9623,0,12.8964,26.7163,-4.5484,1]},
{"frame":29,"values":[0.9581,0.112,0.2637,0,-0.1298,0.9902,0.051,0,-0.2554,-0.0831,0.9632,0,12.8964,26.7163,-4.5484,1]},
{"frame":30,"values":[0.9649,0.0443,0.2589,0,-0.0628,0.996,0.0633,0,-0.2551,-0.0774,0.9638,0,12.8964,26.7163,-4.5484,1]},
{"frame":31,"values":[0.9656,-0.0222,0.2592,0,0.003,0.9972,0.0743,0,-0.2602,-0.0709,0.963,0,12.8964,26.7163,-4.5484,1]},
{"frame":32,"values":[0.9648,-0.054,0.2575,0,0.0344,0.9962,0.0798,0,-0.2609,-0.0682,0.963,0,12.8964,26.7163,-4.5484,1]},
{"frame":33,"values":[0.9655,-0.077,0.2489,0,0.0576,0.9948,0.0846,0,-0.2541,-0.0673,0.9648,0,12.8964,26.7163,-4.5484,1]},
{"frame":34,"values":[0.9664,-0.0973,0.2378,0,0.0781,0.993,0.089,0,-0.2448,-0.0674,0.9672,0,12.8964,26.7163,-4.5484,1]},
{"frame":35,"values":[0.9672,-0.1115,0.2282,0,0.0925,0.9914,0.0922,0,-0.2365,-0.068,0.9692,0,12.8964,26.7163,-4.5484,1]},
{"frame":36,"values":[0.9675,-0.1171,0.224,0,0.0983,0.9908,0.0935,0,-0.2328,-0.0684,0.9701,0,12.8964,26.7163,-4.5484,1]}],"loopBehavior":1,"name":"anim","property":"_matrix"}},
{"name":"LeftArm","index":8,"matrix":[0.5913,-0.7975,-0.1199,0,0.8031,0.5958,-0.002,0,0.0731,-0.0951,0.9928,0,19.027,-4.857,-1.7184,1],"rest":[1,0,0,0,0,1,0,0,0,0,1,0,19.027,-4.857,-1.7184,1],"parentBoneIndex":7,"length":24.1799
,"animation":{"dataType":3,"framePerSecond":24,"keys":[
{"frame":1,"values":[0.5913,-0.7975,-0.1199,0,0.8031,0.5958,-0.002,0,0.0731,-0.0951,0.9928,0,19.027,-4.857,-1.7184,1]},
{"frame":2,"values":[0.5839,-0.8035,-0.1163,0,0.8084,0.5886,-0.008,0,0.0749,-0.0894,0.9932,0,19.027,-4.857,-1.7184,1]},
{"frame":3,"values":[0.5664,-0.816,-0.1149,0,0.82,0.572,-0.0204,0,0.0824,-0.0827,0.9932,0,19.027,-4.857,-1.7184,1]},
{"frame":4,"values":[0.5142,-0.851,-0.1071,0,0.8518,0.5213,-0.052,0,0.1001,-0.0645,0.9929,0,19.027,-4.857,-1.7184,1]},
{"frame":5,"values":[0.415,-0.9035,-0.1074,0,0.9025,0.4237,-0.0768,0,0.1149,-0.0651,0.9912,0,19.027,-4.857,-1.7184,1]},
{"frame":6,"values":[0.2826,-0.9532,-0.1074,0,0.952,0.2924,-0.0901,0,0.1173,-0.0768,0.9901,0,19.027,-4.857,-1.7184,1]},
{"frame":7,"values":[0.1878,-0.9713,-0.1457,0,0.9789,0.1972,-0.0534,0,0.0806,-0.1326,0.9879,0,19.027,-4.857,-1.7184,1]},
{"frame":8,"values":[0.1761,-0.9628,-0.2047,0,0.9844,0.1712,0.0418,0,-0.0052,-0.2088,0.9779,0,19.027,-4.857,-1.7184,1]},
{"frame":9,"values":[0.1933,-0.9455,-0.2621,0,0.9777,0.1634,0.1318,0,-0.0818,-0.2817,0.956,0,19.027,-4.857,-1.7184,1]},
{"frame":10,"values":[0.1955,-0.9345,-0.2974,0,0.9722,0.1448,0.184,0,-0.1289,-0.3251,0.9369,0,19.027,-4.857,-1.7184,1]},
{"frame":11,"values":[0.1941,-0.9284,-0.3168,0,0.9673,0.1274,0.2193,0,-0.1633,-0.349,0.9228,0,19.027,-4.857,-1.7184,1]},
{"frame":12,"values":[0.2093,-0.9212,-0.3281,0,0.9555,0.1213,0.2689,0,-0.2079,-0.3698,0.9056,0,19.027,-4.857,-1.7184,1]},
{"frame":13,"values":[0.2333,-0.9128,-0.3353,0,0.9425,0.1273,0.309,0,-0.2394,-0.3881,0.89,0,19.027,-4.857,-1.7184,1]},
{"frame":14,"values":[0.2566,-0.9087,-0.3292,0,0.9325,0.1433,0.3315,0,-0.2541,-0.392,0.8842,0,19.027,-4.857,-1.7184,1]},
{"frame":15,"values":[0.2695,-0.9062,-0.3259,0,0.9306,0.158,0.3302,0,-0.2477,-0.3923,0.8859,0,19.027,-4.857,-1.7184,1]},
{"frame":16,"values":[0.2771,-0.9032,-0.3277,0,0.9298,0.1661,0.3284,0,-0.2421,-0.3957,0.8859,0,19.027,-4.857,-1.7184,1]},
{"frame":17,"values":[0.2823,-0.8998,-0.3326,0,0.9241,0.1619,0.3463,0,-0.2577,-0.4051,0.8772,0,19.027,-4.857,-1.7184,1]},
{"frame":18,"values":[0.2835,-0.8975,-0.3377,0,0.916,0.1492,0.3725,0,-0.2839,-0.4149,0.8644,0,19.027,-4.857,-1.7184,1]},
{"frame":19,"values":[0.2872,-0.8945,-0.3427,0,0.908,0.1402,0.3949,0,-0.3052,-0.4245,0.8524,0,19.027,-4.857,-1.7184,1]},
{"frame":20,"values":[0.2825,-0.8953,-0.3444,0,0.9045,0.129,0.4066,0,-0.3196,-0.4263,0.8462,0,19.027,-4.857,-1.7184,1]},
{"frame":21,"values":[0.2676,-0.9004,-0.343,0,0.9042,0.1117,0.4123,0,-0.3329,-0.4205,0.844,0,19.027,-4.857,-1.7184,1]},
{"frame":22,"values":[0.2557,-0.9064,-0.3362,0,0.9057,0.103,0.4112,0,-0.3381,-0.4097,0.8473,0,19.027,-4.857,-1.7184,1]},
{"frame":23,"values":[0.2604,-0.9112,-0.3191,0,0.8992,0.1086,0.4237,0,-0.3515,-0.3973,0.8477,0,19.027,-4.857,-1.7184,1]},
{"frame":24,"values":[0.2875,-0.9142,-0.2855,0,0.8843,0.1388,0.4459,0,-0.368,-0.3806,0.8484,0,19.027,-4.857,-1.7184,1]},
{"frame":25,"values":[0.3116,-0.912,-0.2668,0,0.8801,0.1711,0.443,0,-0.3583,-0.3728,0.8559,0,19.027,-4.857,-1.7184,1]},
{"frame":26,"values":[0.3344,-0.9069,-0.2563,0,0.8821,0.2056,0.4238,0,-0.3316,-0.3678,0.8688,0,19.027,-4.857,-1.7184,1]},
{"frame":27,"values":[0.3615,-0.9011,-0.2395,0,0.8814,0.2465,0.403,0,-0.3041,-0.3568,0.8833,0,19.027,-4.857,-1.7184,1]},
{"frame":28,"values":[0.3999,-0.8863,-0.2334,0,0.8771,0.2962,0.3781,0,-0.266,-0.3559,0.8959,0,19.027,-4.857,-1.7184,1]},
{"frame":29,"values":[0.4567,-0.8626,-0.2175,0,0.8597,0.3651,0.3571,0,-0.2286,-0.3501,0.9084,0,19.027,-4.857,-1.7184,1]},
{"frame":30,"values":[0.5128,-0.8343,-0.2025,0,0.8384,0.436,0.327,0,-0.1845,-0.3375,0.9231,0,19.027,-4.857,-1.7184,1]},
{"frame":31,"values":[0.5656,-0.8014,-0.1946,0,0.8151,0.5074,0.2795,0,-0.1252,-0.3167,0.9402,0,19.027,-4.857,-1.7184,1]},
{"frame":32,"values":[0.5894,-0.7839,-0.1952,0,0.8051,0.5502,0.2215,0,-0.0663,-0.2877,0.9554,0,19.027,-4.857,-1.7184,1]},
{"frame":33,"values":[0.6018,-0.7777,-0.1817,0,0.7986,0.5831,0.1492,0,-0.0101,-0.2349,0.972,0,19.027,-4.857,-1.7184,1]},
{"frame":34,"values":[0.6022,-0.7836,-0.1528,0,0.7977,0.5984,0.0751,0,0.0326,-0.1671,0.9854,0,19.027,-4.857,-1.7184,1]},
{"frame":35,"values":[0.5967,-0.7924,-0.1266,0,0.8002,0.5994,0.0197,0,0.0603,-0.1131,0.9918,0,19.027,-4.857,-1.7184,1]},
{"frame":36,"values":[0.5913,-0.7975,-0.1199,0,0.8031,0.5958,-0.002,0,0.0731,-0.0951,0.9928,0,19.027,-4.857,-1.7184,1]}],"loopBehavior":1,"name":"anim","property":"_matrix"}},
{"name":"LeftForeArm","index":9,"matrix":[0.8895,-0.1775,0.4211,0,0.1044,0.9761,0.1908,0,-0.4449,-0.1258,0.8867,0,24.1799,0,0,1],"rest":[1,0,0,0,0,1,0,0,0,0,1,0,24.1799,0,0,1],"parentBoneIndex":8,"length":27.1564
,"animation":{"dataType":3,"framePerSecond":24,"keys":[
{"frame":1,"values":[0.8895,-0.1775,0.4211,0,0.1044,0.9761,0.1908,0,-0.4449,-0.1258,0.8867,0,24.1799,0,0,1]},
{"frame":2,"values":[0.8961,-0.1729,0.4089,0,0.1051,0.9775,0.1829,0,-0.4313,-0.121,0.8941,0,24.1799,0,0,1]},
{"frame":3,"values":[0.904,-0.1649,0.3945,0,0.1087,0.981,0.1609,0,-0.4135,-0.1026,0.9047,0,24.1799,0,0,1]},
{"frame":4,"values":[0.915,-0.1444,0.3769,0,0.1049,0.9868,0.1235,0,-0.3897,-0.0735,0.918,0,24.1799,0,0,1]},
{"frame":5,"values":[0.9147,-0.1147,0.3874,0,0.1041,0.9934,0.0484,0,-0.3904,-0.0039,0.9206,0,24.1799,0,0,1]},
{"frame":6,"values":[0.9132,-0.0803,0.3995,0,0.1017,0.9943,-0.0326,0,-0.3946,0.0704,0.9162,0,24.1799,0,0,1]},
{"frame":7,"values":[0.883,-0.0715,0.464,0,0.1204,0.9898,-0.0766,0,-0.4537,0.1235,0.8825,0,24.1799,0,0,1]},
{"frame":8,"values":[0.8286,-0.0715,0.5553,0,0.1577,0.9815,-0.109,0,-0.5372,0.1778,0.8245,0,24.1799,0,0,1]},
{"frame":9,"values":[0.764,-0.0592,0.6425,0,0.1805,0.9756,-0.1248,0,-0.6194,0.2114,0.756,0,24.1799,0,0,1]},
{"frame":10,"values":[0.7056,-0.0378,0.7076,0,0.1794,0.9756,-0.1268,0,-0.6855,0.2164,0.6952,0,24.1799,0,0,1]},
{"frame":11,"values":[0.6534,-0.0137,0.7569,0,0.1651,0.9784,-0.1248,0,-0.7388,0.2065,0.6415,0,24.1799,0,0,1]},
{"frame":12,"values":[0.594,0.0153,0.8043,0,0.1496,0.9803,-0.1291,0,-0.7904,0.197,0.58,0,24.1799,0,0,1]},
{"frame":13,"values":[0.5334,0.047,0.8445,0,0.1386,0.9801,-0.1422,0,-0.8344,0.1929,0.5163,0,24.1799,0,0,1]},
{"frame":14,"values":[0.494,0.0743,0.8663,0,0.1455,0.9752,-0.1665,0,-0.8572,0.2083,0.4709,0,24.1799,0,0,1]},
{"frame":15,"values":[0.4642,0.0983,0.8803,0,0.1651,0.9668,-0.195,0,-0.8702,0.2359,0.4325,0,24.1799,0,0,1]},
{"frame":16,"values":[0.4428,0.1202,0.8885,0,0.1969,0.9538,-0.2271,0,-0.8748,0.2755,0.3986,0,24.1799,0,0,1]},
{"frame":17,"values":[0.4163,0.1396,0.8985,0,0.2117,0.9461,-0.2451,0,-0.8842,0.2922,0.3643,0,24.1799,0,0,1]},
{"frame":18,"values":[0.3872,0.1549,0.9089,0,0.2096,0.9452,-0.2504,0,-0.8978,0.2875,0.3335,0,24.1799,0,0,1]},
