{"producer":{"name":"Blender","version":"2.90.0","exporter_version":"2.80.1","file":"option_clap.babylon"},
"autoClear":true,"clearColor":[0.0509,0.0509,0.0509],"gravity":[0,-9.81,0],
"materials":[{"name":"Material","id":"Material","customType":"BABYLON.PBRMaterial","backFaceCulling":true,"checkReadyOnlyOnce":false,"maxSimultaneousLights":4,"environmentIntensity":1,"albedo":[0.8,0.8,0.8],"reflectivity":[0.5,0.5,0.5],"roughness":0.4,"alpha":1,"transparencyMode":0,"alphaCutOff":0.4,"metallic":0}],
"multiMaterials":[],
"skeletons":[{"name":"Armature","id":0,"dimensionsAtRest":[232.1761,222.9347,36.3014],"bones":[
{"name":"Hips","index":0,"matrix":[0.9988,-0.0039,-0.048,0,0.0051,0.9997,0.0252,0,-0.0479,0.0254,-0.9985,0,-0.3846,84.1522,-0.7638,1],"rest":[1,0,0,0,0,1,0,0,0,0,-1,0,0,89.0054,0,1],"parentBoneIndex":-1,"length":14.2998
,"animation":{"dataType":3,"framePerSecond":24,"keys":[
{"frame":1,"values":[0.9988,-0.0039,-0.048,0,0.0051,0.9997,0.0252,0,-0.0479,0.0254,-0.9985,0,-0.3846,84.1522,-0.7638,1]},
{"frame":2,"values":[0.9989,-0.0032,-0.0475,0,0.0043,0.9997,0.0232,0,-0.0474,0.0234,-0.9986,0,-0.3547,84.1606,-0.7724,1]},
{"frame":3,"values":[0.9989,-0.0028,-0.0469,0,0.0038,0.9998,0.0211,0,-0.0468,0.0213,-0.9987,0,-0.3293,84.1583,-0.7948,1]},
{"frame":4,"values":[0.999,-0.0029,-0.0455,0,0.0038,0.9998,0.0201,0,-0.0454,0.0202,-0.9988,0,-0.303,84.1571,-0.8186,1]},
{"frame":5,"values":[0.999,-0.0031,-0.0444,0,0.004,0.9998,0.0203,0,-0.0444,0.0204,-0.9988,0,-0.2801,84.1442,-0.835,1]},
{"frame":6,"values":[0.999,-0.0026,-0.0449,0,0.0036,0.9998,0.0205,0,-0.0448,0.0207,-0.9988,0,-0.2653,84.112,-0.8514,1]},
{"frame":7,"values":[0.9989,-0.0019,-0.0461,0,0.0028,0.9998,0.0193,0,-0.046,0.0194,-0.9988,0,-0.2508,84.0972,-0.8799,1]},
{"frame":8,"values":[0.9989,-0.0015,-0.0468,0,0.0023,0.9998,0.0172,0,-0.0468,0.0173,-0.9988,0,-0.2324,84.1131,-0.9068,1]},
{"frame":9,"values":[0.9989,-0.001,-0.0461,0,0.0017,0.9999,0.0159,0,-0.0461,0.016,-0.9988,0,-0.22,84.1123,-0.9215,1]},
{"frame":10,"values":[0.9991,-0.0005,-0.043,0,0.0012,0.9999,0.0156,0,-0.043,0.0156,-0.999,0,-0.22,84.0991,-0.9395,1]},
{"frame":11,"values":[0.9992,-0.0008,-0.0389,0,0.0014,0.9999,0.0154,0,-0.0389,0.0155,-0.9991,0,-0.2297,84.1119,-0.9654,1]},
{"frame":12,"values":[0.9993,-0.0017,-0.0367,0,0.0023,0.9999,0.0165,0,-0.0367,0.0166,-0.9992,0,-0.2436,84.1264,-0.9793,1]},
{"frame":13,"values":[0.9993,-0.0024,-0.0374,0,0.0031,0.9998,0.0189,0,-0.0374,0.019,-0.9991,0,-0.2679,84.1227,-0.9903,1]},
{"frame":14,"values":[0.9992,-0.0027,-0.0403,0,0.0035,0.9998,0.02,0,-0.0402,0.0201,-0.999,0,-0.3033,84.1158,-1.0171,1]},
{"frame":15,"values":[0.999,-0.0033,-0.0436,0,0.0041,0.9998,0.0181,0,-0.0435,0.0182,-0.9989,0,-0.3312,84.1024,-1.0354,1]},
{"frame":16,"values":[0.999,-0.0041,-0.0452,0,0.0047,0.9999,0.0148,0,-0.0451,0.015,-0.9989,0,-0.3408,84.0915,-1.0185,1]},
{"frame":17,"values":[0.999,-0.0043,-0.0442,0,0.0049,0.9999,0.0134,0,-0.0441,0.0136,-0.9989,0,-0.343,84.1048,-0.9899,1]},
{"frame":18,"values":[0.9991,-0.0042,-0.0426,0,0.0048,0.9999,0.0138,0,-0.0425,0.014,-0.999,0,-0.3463,84.1346,-0.9789,1]},
{"frame":19,"values":[0.9991,-0.0044,-0.0425,0,0.005,0.9999,0.0148,0,-0.0424,0.015,-0.999,0,-0.3506,84.1487,-0.9701,1]},
{"frame":20,"values":[0.999,-0.0043,-0.0438,0,0.005,0.9999,0.0164,0,-0.0437,0.0166,-0.9989,0,-0.357,84.1402,-0.9491,1]},
{"frame":21,"values":[0.999,-0.0041,-0.0456,0,0.0049,0.9998,0.0181,0,-0.0455,0.0183,-0.9988,0,-0.3654,84.1268,-0.9266,1]},
{"frame":22,"values":[0.9989,-0.0038,-0.0474,0,0.0047,0.9998,0.0188,0,-0.0473,0.019,-0.9987,0,-0.3729,84.1185,-0.9148,1]},
{"frame":23,"values":[0.9988,-0.0038,-0.0488,0,0.0047,0.9998,0.0185,0,-0.0488,0.0187,-0.9986,0,-0.3783,84.1163,-0.9104,1]},
{"frame":24,"values":[0.9988,-0.0041,-0.0497,0,0.005,0.9998,0.018,0,-0.0496,0.0182,-0.9986,0,-0.3799,84.1208,-0.9,1]},
{"frame":25,"values":[0.9987,-0.0048,-0.05,0,0.0057,0.9998,0.0187,0,-0.0499,0.019,-0.9986,0,-0.3761,84.1327,-0.8752,1]},
{"frame":26,"values":[0.9987,-0.0052,-0.05,0,0.0062,0.9998,0.0208,0,-0.0499,0.0211,-0.9985,0,-0.3728,84.1459,-0.8372,1]},
{"frame":27,"values":[0.9988,-0.0049,-0.0495,0,0.0061,0.9997,0.0231,0,-0.0494,0.0234,-0.9985,0,-0.3753,84.1528,-0.7992,1]},
{"frame":28,"values":[0.9988,-0.0043,-0.0486,0,0.0055,0.9997,0.0246,0,-0.0485,0.0248,-0.9985,0,-0.3812,84.1529,-0.7739,1]},
{"frame":29,"values":[0.9988,-0.0039,-0.048,0,0.0051,0.9997,0.0252,0,-0.0479,0.0254,-0.9985,0,-0.3846,84.1522,-0.7638,1]}],"loopBehavior":1,"name":"anim","property":"_matrix"}},
{"name":"Spine","index":1,"matrix":[0.9999,-0.0103,0.0015,0,0.0104,0.9997,-0.0228,0,-0.0013,0.0228,0.9997,0,0.1169,10.681,0.3734,1],"rest":[1,0,0,0,0,1,0,0,0,0,1,0,0.1169,10.681,0.3734,1],"parentBoneIndex":0,"length":13.8405
,"animation":{"dataType":3,"framePerSecond":24,"keys":[
{"frame":1,"values":[0.9999,-0.0103,0.0015,0,0.0104,0.9997,-0.0228,0,-0.0013,0.0228,0.9997,0,0.1169,10.681,0.3734,1]},
{"frame":2,"values":[0.9999,-0.0119,0.0011,0,0.012,0.9996,-0.0241,0,-0.0008,0.0241,0.9997,0,0.1169,10.681,0.3734,1]},
{"frame":3,"values":[0.9999,-0.0133,0.0008,0,0.0133,0.9996,-0.026,0,-0.0005,0.026,0.9997,0,0.1169,10.681,0.3734,1]},
{"frame":4,"values":[0.9999,-0.0135,0.0008,0,0.0136,0.9995,-0.0275,0,-0.0005,0.0275,0.9996,0,0.1169,10.681,0.3734,1]},
{"frame":5,"values":[0.9999,-0.0123,0.0012,0,0.0124,0.9995,-0.0279,0,-0.0008,0.0279,0.9996,0,0.1169,10.681,0.3734,1]},
{"frame":6,"values":[0.9999,-0.0104,0.0015,0,0.0104,0.9996,-0.0271,0,-0.0012,0.0271,0.9996,0,0.1169,10.681,0.3734,1]},
{"frame":7,"values":[1,-0.0091,0.0015,0,0.0092,0.9996,-0.026,0,-0.0013,0.026,0.9997,0,0.1169,10.681,0.3734,1]},
{"frame":8,"values":[1,-0.0093,0.001,0,0.0093,0.9996,-0.0255,0,-0.0008,0.0255,0.9997,0,0.1169,10.681,0.3734,1]},
{"frame":9,"values":[0.9999,-0.0105,0.0003,0,0.0105,0.9996,-0.026,0,0,0.026,0.9997,0,0.1169,10.681,0.3734,1]},
{"frame":10,"values":[0.9999,-0.0121,0,0,0.0121,0.9995,-0.0276,0,0.0003,0.0276,0.9996,0,0.1169,10.681,0.3734,1]},
{"frame":11,"values":[0.9999,-0.0132,0.0006,0,0.0132,0.9995,-0.0293,0,-0.0002,0.0293,0.9996,0,0.1169,10.681,0.3734,1]},
{"frame":12,"values":[0.9999,-0.0128,0.0017,0,0.0128,0.9995,-0.0297,0,-0.0013,0.0297,0.9996,0,0.1169,10.681,0.3734,1]},
{"frame":13,"values":[0.9999,-0.0111,0.0024,0,0.0112,0.9995,-0.0285,0,-0.0021,0.0286,0.9996,0,0.1169,10.681,0.3734,1]},
{"frame":14,"values":[1,-0.0094,0.0024,0,0.0095,0.9996,-0.0271,0,-0.0021,0.0271,0.9996,0,0.1169,10.681,0.3734,1]},
{"frame":15,"values":[1,-0.0091,0.0018,0,0.0091,0.9996,-0.0274,0,-0.0015,0.0274,0.9996,0,0.1169,10.681,0.3734,1]},
{"frame":16,"values":[0.9999,-0.0099,0.0016,0,0.0099,0.9995,-0.0291,0,-0.0013,0.0291,0.9996,0,0.1169,10.681,0.3734,1]},
{"frame":17,"values":[0.9999,-0.0106,0.0022,0,0.0106,0.9995,-0.0303,0,-0.0019,0.0304,0.9995,0,0.1169,10.681,0.3734,1]},
{"frame":18,"values":[0.9999,-0.011,0.003,0,0.0111,0.9995,-0.0311,0,-0.0027,0.0311,0.9995,0,0.1169,10.681,0.3734,1]},
{"frame":19,"values":[0.9999,-0.0114,0.0036,0,0.0115,0.9994,-0.0315,0,-0.0032,0.0315,0.9995,0,0.1169,10.681,0.3734,1]},
{"frame":20,"values":[0.9999,-0.0112,0.0039,0,0.0113,0.9995,-0.0309,0,-0.0035,0.0309,0.9995,0,0.1169,10.681,0.3734,1]},
{"frame":21,"values":[0.9999,-0.01,0.004,0,0.0102,0.9995,-0.0296,0,-0.0037,0.0296,0.9996,0,0.1169,10.681,0.3734,1]},
{"frame":22,"values":[1,-0.0091,0.0037,0,0.0092,0.9996,-0.0285,0,-0.0035,0.0286,0.9996,0,0.1169,10.681,0.3734,1]},
{"frame":23,"values":[0.9999,-0.0098,0.0031,0,0.0099,0.9996,-0.028,0,-0.0028,0.028,0.9996,0,0.1169,10.681,0.3734,1]},
{"frame":24,"values":[0.9999,-0.0119,0.0024,0,0.012,0.9995,-0.0281,0,-0.0021,0.0281,0.9996,0,0.1169,10.681,0.3734,1]},
{"frame":25,"values":[0.9999,-0.0133,0.0025,0,0.0134,0.9995,-0.0292,0,-0.0021,0.0292,0.9996,0,0.1169,10.681,0.3734,1]},
{"frame":26,"values":[0.9999,-0.0131,0.0031,0,0.0132,0.9995,-0.0301,0,-0.0027,0.0302,0.9995,0,0.1169,10.681,0.3734,1]},
{"frame":27,"values":[0.9999,-0.0121,0.0032,0,0.0122,0.9995,-0.0288,0,-0.0029,0.0288,0.9996,0,0.1169,10.681,0.3734,1]},
{"frame":28,"values":[0.9999,-0.0111,0.0024,0,0.0111,0.9996,-0.0253,0,-0.0021,0.0253,0.9997,0,0.1169,10.681,0.3734,1]},
{"frame":29,"values":[0.9999,-0.0103,0.0015,0,0.0104,0.9997,-0.0228,0,-0.0013,0.0228,0.9997,0,0.1169,10.681,0.3734,1]}],"loopBehavior":1,"name":"anim","property":"_matrix"}},
{"name":"Spine1","index":2,"matrix":[0.9999,-0.0109,0.0077,0,0.0111,0.9995,-0.0305,0,-0.0073,0.0306,0.9995,0,0,13.8404,0.0535,1],"rest":[1,0,0,0,0,1,0,0,0,0,1,0,0,13.8404,0.0535,1],"parentBoneIndex":1,"length":14.7173
,"animation":{"dataType":3,"framePerSecond":24,"keys":[
{"frame":1,"values":[0.9999,-0.0109,0.0077,0,0.0111,0.9995,-0.0305,0,-0.0073,0.0306,0.9995,0,0,13.8404,0.0535,1]},
{"frame":2,"values":[0.9999,-0.0136,0.0071,0,0.0139,0.9994,-0.0324,0,-0.0067,0.0324,0.9995,0,0,13.8404,0.0535,1]},
{"frame":3,"values":[0.9999,-0.0154,0.0069,0,0.0156,0.9993,-0.0354,0,-0.0064,0.0355,0.9993,0,0,13.8404,0.0535,1]},
{"frame":4,"values":[0.9999,-0.0154,0.0071,0,0.0157,0.9992,-0.038,0,-0.0065,0.0381,0.9993,0,0,13.8404,0.0535,1]},
{"frame":5,"values":[0.9999,-0.014,0.0076,0,0.0143,0.9991,-0.0389,0,-0.007,0.039,0.9992,0,0,13.8404,0.0535,1]},
{"frame":6,"values":[0.9999,-0.0123,0.0078,0,0.0126,0.9992,-0.0382,0,-0.0073,0.0383,0.9992,0,0,13.8404,0.0535,1]},
{"frame":7,"values":[0.9999,-0.0118,0.0073,0,0.012,0.9992,-0.0373,0,-0.0069,0.0374,0.9993,0,0,13.8404,0.0535,1]},
{"frame":8,"values":[0.9999,-0.0128,0.0064,0,0.013,0.9992,-0.0368,0,-0.006,0.0369,0.9993,0,0,13.8404,0.0535,1]},
{"frame":9,"values":[0.9999,-0.0146,0.0055,0,0.0148,0.9992,-0.0371,0,-0.0049,0.0372,0.9993,0,0,13.8404,0.0535,1]},
{"frame":10,"values":[0.9998,-0.0165,0.0054,0,0.0167,0.9991,-0.0389,0,-0.0048,0.039,0.9992,0,0,13.8404,0.0535,1]},
{"frame":11,"values":[0.9998,-0.0179,0.0069,0,0.0181,0.999,-0.0415,0,-0.0062,0.0416,0.9991,0,0,13.8404,0.0535,1]},
{"frame":12,"values":[0.9998,-0.0178,0.0092,0,0.0182,0.9989,-0.0421,0,-0.0084,0.0422,0.9991,0,0,13.8404,0.0535,1]},
{"frame":13,"values":[0.9998,-0.0165,0.0104,0,0.0169,0.999,-0.0403,0,-0.0097,0.0404,0.9991,0,0,13.8404,0.0535,1]},
{"frame":14,"values":[0.9998,-0.0152,0.0097,0,0.0155,0.9991,-0.0386,0,-0.0091,0.0388,0.9992,0,0,13.8404,0.0535,1]},
{"frame":15,"values":[0.9999,-0.0143,0.0081,0,0.0146,0.9991,-0.0397,0,-0.0076,0.0399,0.9992,0,0,13.8404,0.0535,1]},
{"frame":16,"values":[0.9999,-0.0139,0.0078,0,0.0142,0.999,-0.0425,0,-0.0072,0.0426,0.9991,0,0,13.8404,0.0535,1]},
{"frame":17,"values":[0.9999,-0.0139,0.0091,0,0.0143,0.9989,-0.0443,0,-0.0085,0.0444,0.999,0,0,13.8404,0.0535,1]},
{"frame":18,"values":[0.9998,-0.0144,0.0111,0,0.0149,0.9989,-0.0452,0,-0.0105,0.0454,0.9989,0,0,13.8404,0.0535,1]},
{"frame":19,"values":[0.9998,-0.0146,0.0126,0,0.0152,0.9988,-0.0457,0,-0.0119,0.0459,0.9989,0,0,13.8404,0.0535,1]},
{"frame":20,"values":[0.9998,-0.0142,0.0132,0,0.0148,0.9989,-0.0447,0,-0.0126,0.0449,0.9989,0,0,13.8404,0.0535,1]},
{"frame":21,"values":[0.9998,-0.0129,0.013,0,0.0134,0.999,-0.0433,0,-0.0124,0.0435,0.999,0,0,13.8404,0.0535,1]},
{"frame":22,"values":[0.9999,-0.0112,0.012,0,0.0117,0.999,-0.0423,0,-0.0115,0.0424,0.999,0,0,13.8404,0.0535,1]},
{"frame":23,"values":[0.9999,-0.0108,0.0106,0,0.0112,0.9991,-0.0412,0,-0.0101,0.0413,0.9991,0,0,13.8404,0.0535,1]},
{"frame":24,"values":[0.9999,-0.0117,0.0094,0,0.0121,0.9991,-0.0407,0,-0.0089,0.0408,0.9991,0,0,13.8404,0.0535,1]},
{"frame":25,"values":[0.9999,-0.0123,0.0098,0,0.0128,0.999,-0.0421,0,-0.0093,0.0422,0.9991,0,0,13.8404,0.0535,1]},
{"frame":26,"values":[0.9999,-0.0118,0.0115,0,0.0123,0.999,-0.0435,0,-0.0109,0.0436,0.999,0,0,13.8404,0.0535,1]},
{"frame":27,"values":[0.9999,-0.0111,0.0116,0,0.0116,0.9991,-0.0409,0,-0.0112,0.0411,0.9991,0,0,13.8404,0.0535,1]},
{"frame":28,"values":[0.9999,-0.0109,0.0096,0,0.0112,0.9993,-0.0349,0,-0.0092,0.035,0.9993,0,0,13.8404,0.0535,1]},
{"frame":29,"values":[0.9999,-0.0109,0.0077,0,0.0111,0.9995,-0.0305,0,-0.0073,0.0306,0.9995,0,0,13.8404,0.0535,1]}],"loopBehavior":1,"name":"anim","property":"_matrix"}},
{"name":"Spine2","index":3,"matrix":[0.9999,-0.0104,0.008,0,0.0107,0.9995,-0.0305,0,-0.0076,0.0306,0.9995,0,0,14.7127,-0.3662,1],"rest":[1,0,0,0,0,1,0,0,0,0,1,0,0,14.7127,-0.3662,1],"parentBoneIndex":2,"length":31.8652
,"animation":{"dataType":3,"framePerSecond":24,"keys":[
{"frame":1,"values":[0.9999,-0.0104,0.008,0,0.0107,0.9995,-0.0305,0,-0.0076,0.0306,0.9995,0,0,14.7127,-0.3662,1]},
{"frame":2,"values":[0.9999,-0.0131,0.0075,0,0.0134,0.9994,-0.0323,0,-0.0071,0.0324,0.9995,0,0,14.7127,-0.3662,1]},
{"frame":3,"values":[0.9999,-0.0149,0.0073,0,0.0151,0.9993,-0.0353,0,-0.0068,0.0354,0.9994,0,0,14.7127,-0.3662,1]},
{"frame":4,"values":[0.9999,-0.0149,0.0075,0,0.0152,0.9992,-0.0379,0,-0.0069,0.038,0.9993,0,0,14.7127,-0.3662,1]},
{"frame":5,"values":[0.9999,-0.0135,0.0079,0,0.0138,0.9992,-0.0388,0,-0.0074,0.0389,0.9992,0,0,14.7127,-0.3662,1]},
{"frame":6,"values":[0.9999,-0.0119,0.0081,0,0.0122,0.9992,-0.0381,0,-0.0077,0.0382,0.9992,0,0,14.7127,-0.3662,1]},
{"frame":7,"values":[0.9999,-0.0114,0.0076,0,0.0117,0.9992,-0.0372,0,-0.0072,0.0373,0.9993,0,0,14.7127,-0.3662,1]},
{"frame":8,"values":[0.9999,-0.0125,0.0068,0,0.0127,0.9992,-0.0367,0,-0.0063,0.0368,0.9993,0,0,14.7127,-0.3662,1]},
{"frame":9,"values":[0.9999,-0.0142,0.0059,0,0.0145,0.9992,-0.0369,0,-0.0053,0.037,0.9993,0,0,14.7127,-0.3662,1]},
{"frame":10,"values":[0.9999,-0.0161,0.0059,0,0.0163,0.9991,-0.0387,0,-0.0052,0.0388,0.9992,0,0,14.7127,-0.3662,1]},
{"frame":11,"values":[0.9998,-0.0174,0.0074,0,0.0177,0.999,-0.0412,0,-0.0067,0.0414,0.9991,0,0,14.7127,-0.3662,1]},
{"frame":12,"values":[0.9998,-0.0174,0.0096,0,0.0178,0.999,-0.0418,0,-0.0089,0.042,0.9991,0,0,14.7127,-0.3662,1]},
{"frame":13,"values":[0.9998,-0.0161,0.0108,0,0.0165,0.9991,-0.04,0,-0.0102,0.0402,0.9991,0,0,14.7127,-0.3662,1]},
{"frame":14,"values":[0.9998,-0.0148,0.0101,0,0.0152,0.9991,-0.0384,0,-0.0095,0.0386,0.9992,0,0,14.7127,-0.3662,1]},
{"frame":15,"values":[0.9999,-0.0141,0.0085,0,0.0144,0.9991,-0.0395,0,-0.0079,0.0397,0.9992,0,0,14.7127,-0.3662,1]},
{"frame":16,"values":[0.9999,-0.0136,0.0081,0,0.0139,0.999,-0.0424,0,-0.0075,0.0425,0.9991,0,0,14.7127,-0.3662,1]},
{"frame":17,"values":[0.9999,-0.0136,0.0095,0,0.014,0.9989,-0.0441,0,-0.0089,0.0442,0.999,0,0,14.7127,-0.3662,1]},
{"frame":18,"values":[0.9998,-0.014,0.0115,0,0.0145,0.9989,-0.0451,0,-0.0109,0.0452,0.9989,0,0,14.7127,-0.3662,1]},
{"frame":19,"values":[0.9998,-0.0143,0.013,0,0.0149,0.9989,-0.0455,0,-0.0123,0.0457,0.9989,0,0,14.7127,-0.3662,1]},
{"frame":20,"values":[0.9998,-0.0138,0.0136,0,0.0144,0.9989,-0.0446,0,-0.013,0.0447,0.9989,0,0,14.7127,-0.3662,1]},
{"frame":21,"values":[0.9998,-0.0126,0.0133,0,0.0132,0.999,-0.0432,0,-0.0128,0.0433,0.999,0,0,14.7127,-0.3662,1]},
{"frame":22,"values":[0.9999,-0.011,0.0123,0,0.0115,0.999,-0.0422,0,-0.0118,0.0423,0.999,0,0,14.7127,-0.3662,1]},
{"frame":23,"values":[0.9999,-0.0104,0.0109,0,0.0109,0.9991,-0.0411,0,-0.0104,0.0412,0.9991,0,0,14.7127,-0.3662,1]},
{"frame":24,"values":[0.9999,-0.0113,0.0097,0,0.0116,0.9991,-0.0406,0,-0.0092,0.0407,0.9991,0,0,14.7127,-0.3662,1]},
{"frame":25,"values":[0.9999,-0.0118,0.0102,0,0.0122,0.999,-0.042,0,-0.0097,0.0421,0.9991,0,0,14.7127,-0.3662,1]},
{"frame":26,"values":[0.9999,-0.0112,0.0118,0,0.0117,0.999,-0.0434,0,-0.0113,0.0435,0.999,0,0,14.7127,-0.3662,1]},
{"frame":27,"values":[0.9999,-0.0106,0.0119,0,0.0111,0.9991,-0.0409,0,-0.0115,0.041,0.9991,0,0,14.7127,-0.3662,1]},
{"frame":28,"values":[0.9999,-0.0104,0.0099,0,0.0108,0.9993,-0.0349,0,-0.0095,0.035,0.9993,0,0,14.7127,-0.3662,1]},
{"frame":29,"values":[0.9999,-0.0104,0.008,0,0.0107,0.9995,-0.0305,0,-0.0076,0.0306,0.9995,0,0,14.7127,-0.3662,1]}],"loopBehavior":1,"name":"anim","property":"_matrix"}},
{"name":"Neck","index":4,"matrix":[0.9999,0.0157,-0.007,0,-0.0166,0.99,-0.14,0,0.0048,0.1401,0.9901,0,0,35.4155,-3.3142,1],"rest":[1,0,0,0,0,1,0,0,0,0,1,0,0,35.4155,-3.3142,1],"parentBoneIndex":3,"length":16.943
,"animation":{"dataType":3,"framePerSecond":24,"keys":[
{"frame":1,"values":[0.9999,0.0157,-0.007,0,-0.0166,0.99,-0.14,0,0.0048,0.1401,0.9901,0,0,35.4155,-3.3142,1]},
{"frame":2,"values":[0.9999,0.0152,-0.0047,0,-0.0157,0.9899,-0.1408,0,0.0025,0.1408,0.99,0,0,35.4155,-3.3142,1]},
{"frame":3,"values":[0.9999,0.0138,-0.003,0,-0.0141,0.9901,-0.1394,0,0.0011,0.1394,0.9902,0,0,35.4155,-3.3142,1]},
{"frame":4,"values":[0.9999,0.013,-0.0027,0,-0.0133,0.9904,-0.1378,0,0.0009,0.1378,0.9905,0,0,35.4155,-3.3142,1]},
{"frame":5,"values":[0.9999,0.0133,-0.0035,0,-0.0137,0.9902,-0.1389,0,0.0016,0.1389,0.9903,0,0,35.4155,-3.3142,1]},
{"frame":6,"values":[0.9999,0.0131,-0.0047,0,-0.0136,0.9896,-0.1429,0,0.0028,0.143,0.9897,0,0,35.4155,-3.3142,1]},
{"frame":7,"values":[0.9999,0.0121,-0.0052,0,-0.0128,0.989,-0.1472,0,0.0034,0.1473,0.9891,0,0,35.4155,-3.3142,1]},
{"frame":8,"values":[0.9999,0.011,-0.0046,0,-0.0116,0.9887,-0.1496,0,0.0029,0.1497,0.9887,0,0,35.4155,-3.3142,1]},
{"frame":9,"values":[0.9999,0.01,-0.0037,0,-0.0105,0.9889,-0.1485,0,0.0022,0.1485,0.9889,0,0,35.4155,-3.3142,1]},
{"frame":10,"values":[0.9999,0.0106,-0.0036,0,-0.011,0.9898,-0.142,0,0.0021,0.1421,0.9899,0,0,35.4155,-3.3142,1]},
{"frame":11,"values":[0.9999,0.0134,-0.0042,0,-0.0138,0.9909,-0.1335,0,0.0023,0.1336,0.991,0,0,35.4155,-3.3142,1]},
{"frame":12,"values":[0.9999,0.0159,-0.0051,0,-0.0164,0.9915,-0.129,0,0.003,0.129,0.9916,0,0,35.4155,-3.3142,1]},
{"frame":13,"values":[0.9999,0.0154,-0.006,0,-0.0161,0.9914,-0.13,0,0.004,0.1301,0.9915,0,0,35.4155,-3.3142,1]},
{"frame":14,"values":[0.9999,0.0128,-0.0064,0,-0.0135,0.9909,-0.1341,0,0.0046,0.1342,0.9909,0,0,35.4155,-3.3142,1]},
{"frame":15,"values":[0.9999,0.0105,-0.0061,0,-0.0112,0.9904,-0.1377,0,0.0046,0.1377,0.9905,0,0,35.4155,-3.3142,1]},
{"frame":16,"values":[0.9999,0.0093,-0.006,0,-0.01,0.9903,-0.1386,0,0.0046,0.1386,0.9903,0,0,35.4155,-3.3142,1]},
{"frame":17,"values":[0.9999,0.0085,-0.0063,0,-0.0093,0.9906,-0.1362,0,0.0051,0.1363,0.9907,0,0,35.4155,-3.3142,1]},
{"frame":18,"values":[0.9999,0.0086,-0.0066,0,-0.0094,0.9911,-0.1329,0,0.0054,0.1329,0.9911,0,0,35.4155,-3.3142,1]},
{"frame":19,"values":[0.9999,0.0101,-0.0065,0,-0.0108,0.9912,-0.1319,0,0.0052,0.132,0.9912,0,0,35.4155,-3.3142,1]},
{"frame":20,"values":[0.9999,0.0108,-0.0067,0,-0.0116,0.991,-0.133,0,0.0052,0.1331,0.9911,0,0,35.4155,-3.3142,1]},
{"frame":21,"values":[0.9999,0.0087,-0.0072,0,-0.0096,0.991,-0.1334,0,0.006,0.1335,0.991,0,0,35.4155,-3.3142,1]},
{"frame":22,"values":[1,0.0056,-0.0078,0,-0.0066,0.9911,-0.133,0,0.007,0.133,0.9911,0,0,35.4155,-3.3142,1]},
{"frame":23,"values":[1,0.0051,-0.0079,0,-0.0061,0.9911,-0.1331,0,0.0071,0.1331,0.9911,0,0,35.4155,-3.3142,1]},
{"frame":24,"values":[0.9999,0.0072,-0.0074,0,-0.0081,0.9913,-0.1313,0,0.0064,0.1313,0.9913,0,0,35.4155,-3.3142,1]},
{"frame":25,"values":[0.9999,0.0092,-0.007,0,-0.01,0.9918,-0.1271,0,0.0057,0.1271,0.9919,0,0,35.4155,-3.3142,1]},
{"frame":26,"values":[0.9999,0.0105,-0.0071,0,-0.0113,0.9922,-0.1245,0,0.0058,0.1245,0.9922,0,0,35.4155,-3.3142,1]},
{"frame":27,"values":[0.9999,0.0122,-0.0073,0,-0.013,0.9918,-0.1273,0,0.0057,0.1274,0.9918,0,0,35.4155,-3.3142,1]},
{"frame":28,"values":[0.9999,0.0144,-0.0072,0,-0.0152,0.9908,-0.1345,0,0.0052,0.1346,0.9909,0,0,35.4155,-3.3142,1]},
{"frame":29,"values":[0.9999,0.0157,-0.007,0,-0.0166,0.99,-0.14,0,0.0048,0.1401,0.9901,0,0,35.4155,-3.3142,1]}],"loopBehavior":1,"name":"anim","property":"_matrix"}},
{"name":"Head","index":5,"matrix":[0.9965,0.0709,-0.0451,0,-0.0725,0.9967,-0.0355,0,0.0424,0.0386,0.9984,0,0,16.8992,1.2183,1],"rest":[1,0,0,0,0,1,0,0,0,0,1,0,0,16.8992,1.2183,1],"parentBoneIndex":4,"length":22.3142
,"animation":{"dataType":3,"framePerSecond":24,"keys":[
{"frame":1,"values":[0.9965,0.0709,-0.0451,0,-0.0725,0.9967,-0.0355,0,0.0424,0.0386,0.9984,0,0,16.8992,1.2183,1]},
{"frame":2,"values":[0.997,0.0701,-0.0329,0,-0.0712,0.9968,-0.0358,0,0.0303,0.038,0.9988,0,0,16.8992,1.2183,1]},
{"frame":3,"values":[0.9974,0.0685,-0.0235,0,-0.0692,0.9971,-0.032,0,0.0212,0.0336,0.9992,0,0,16.8992,1.2183,1]},
{"frame":4,"values":[0.9978,0.0631,-0.0213,0,-0.0636,0.9976,-0.0281,0,0.0195,0.0294,0.9994,0,0,16.8992,1.2183,1]},
{"frame":5,"values":[0.9982,0.0545,-0.0263,0,-0.0552,0.9981,-0.0282,0,0.0247,0.0296,0.9993,0,0,16.8992,1.2183,1]},
{"frame":6,"values":[0.9984,0.0469,-0.0328,0,-0.0479,0.9984,-0.0315,0,0.0313,0.0331,0.999,0,0,16.8992,1.2183,1]},
{"frame":7,"values":[0.9985,0.0431,-0.0348,0,-0.0443,0.9985,-0.0335,0,0.0333,0.035,0.9988,0,0,16.8992,1.2183,1]},
{"frame":8,"values":[0.9986,0.0433,-0.0308,0,-0.0443,0.9984,-0.034,0,0.0292,0.0353,0.9989,0,0,16.8992,1.2183,1]},
{"frame":9,"values":[0.9986,0.0461,-0.0253,0,-0.047,0.9982,-0.0362,0,0.0236,0.0373,0.999,0,0,16.8992,1.2183,1]},
{"frame":10,"values":[0.9986,0.0467,-0.0247,0,-0.0476,0.9982,-0.0367,0,0.0229,0.0378,0.999,0,0,16.8992,1.2183,1]},
{"frame":11,"values":[0.9985,0.0462,-0.0296,0,-0.0471,0.9984,-0.0309,0,0.0281,0.0322,0.9991,0,0,16.8992,1.2183,1]},
{"frame":12,"values":[0.9983,0.0461,-0.0367,0,-0.047,0.9986,-0.0248,0,0.0355,0.0265,0.999,0,0,16.8992,1.2183,1]},
{"frame":13,"values":[0.9981,0.0461,-0.0415,0,-0.0472,0.9985,-0.0261,0,0.0402,0.028,0.9988,0,0,16.8992,1.2183,1]},
{"frame":14,"values":[0.9981,0.0451,-0.041,0,-0.0465,0.9984,-0.0315,0,0.0395,0.0334,0.9987,0,0,16.8992,1.2183,1]},
{"frame":15,"values":[0.9984,0.042,-0.0376,0,-0.0434,0.9984,-0.0349,0,0.0361,0.0365,0.9987,0,0,16.8992,1.2183,1]},
{"frame":16,"values":[0.9985,0.04,-0.0361,0,-0.0413,0.9985,-0.0369,0,0.0346,0.0383,0.9987,0,0,16.8992,1.2183,1]},
{"frame":17,"values":[0.9984,0.0417,-0.0373,0,-0.0431,0.9984,-0.0373,0,0.0357,0.0388,0.9986,0,0,16.8992,1.2183,1]},
{"frame":18,"values":[0.9982,0.045,-0.0385,0,-0.0463,0.9984,-0.0334,0,0.037,0.0351,0.9987,0,0,16.8992,1.2183,1]},
{"frame":19,"values":[0.9983,0.0439,-0.0397,0,-0.045,0.9986,-0.0293,0,0.0383,0.0311,0.9988,0,0,16.8992,1.2183,1]},
{"frame":20,"values":[0.9983,0.04,-0.0414,0,-0.0412,0.9987,-0.0284,0,0.0402,0.0301,0.9987,0,0,16.8992,1.2183,1]},
{"frame":21,"values":[0.9983,0.0395,-0.0423,0,-0.0406,0.9988,-0.0256,0,0.0413,0.0272,0.9988,0,0,16.8992,1.2183,1]},
{"frame":22,"values":[0.9983,0.0407,-0.0421,0,-0.0416,0.9989,-0.0198,0,0.0412,0.0215,0.9989,0,0,16.8992,1.2183,1]},
{"frame":23,"values":[0.9982,0.0439,-0.0418,0,-0.0447,0.9988,-0.0183,0,0.0409,0.0202,0.999,0,0,16.8992,1.2183,1]},
{"frame":24,"values":[0.9979,0.0502,-0.0406,0,-0.0511,0.9985,-0.0211,0,0.0394,0.0231,0.999,0,0,16.8992,1.2183,1]},
{"frame":25,"values":[0.9976,0.0566,-0.0396,0,-0.0575,0.9981,-0.0214,0,0.0383,0.0236,0.999,0,0,16.8992,1.2183,1]},
{"frame":26,"values":[0.9973,0.0608,-0.0407,0,-0.0616,0.9979,-0.0193,0,0.0395,0.0218,0.999,0,0,16.8992,1.2183,1]},
{"frame":27,"values":[0.997,0.0643,-0.0431,0,-0.0653,0.9976,-0.0218,0,0.0416,0.0245,0.9988,0,0,16.8992,1.2183,1]},
{"frame":28,"values":[0.9967,0.0683,-0.0447,0,-0.0697,0.9971,-0.0295,0,0.0426,0.0325,0.9986,0,0,16.8992,1.2183,1]},
{"frame":29,"values":[0.9965,0.0709,-0.0451,0,-0.0725,0.9967,-0.0355,0,0.0424,0.0386,0.9984,0,0,16.8992,1.2183,1]}],"loopBehavior":1,"name":"anim","property":"_matrix"}},
{"name":"HeadTop_End","index":6,"matrix":[1,0,0,0,0,1,0,0,0,0,1,0,0,22.2062,2.1925,1],"rest":[1,0,0,0,0,1,0,0,0,0,1,0,0,22.2062,2.1925,1],"parentBoneIndex":5,"length":22.3142
,"animation":{"dataType":3,"framePerSecond":24,"keys":[
{"frame":1,"values":[1,0,0,0,0,1,0,0,0,0,1,0,0,22.2062,2.1925,1]},
{"frame":29,"values":[1,0,0,0,0,1,0,0,0,0,1,0,0,22.2062,2.1925,1]}],"loopBehavior":1,"name":"anim","property":"_matrix"}},
{"name":"LeftShoulder","index":7,"matrix":[0.9722,0.2339,0.0075,0,-0.2339,0.9722,-0.0076,0,-0.0091,0.0056,0.9999,0,12.8964,26.7163,-4.5484,1],"rest":[1,0,0,0,0,1,0,0,0,0,1,0,12.8964,26.7163,-4.5484,1],"parentBoneIndex":3,"length":19.7122
,"animation":{"dataType":3,"framePerSecond":24,"keys":[
{"frame":1,"values":[0.9722,0.2339,0.0075,0,-0.2339,0.9722,-0.0076,0,-0.0091,0.0056,0.9999,0,12.8964,26.7163,-4.5484,1]},
{"frame":2,"values":[0.9716,0.2365,0.0125,0,-0.2364,0.9716,-0.0071,0,-0.0138,0.004,0.9999,0,12.8964,26.7163,-4.5484,1]},
{"frame":3,"values":[0.971,0.2387,0.0143,0,-0.2386,0.9711,-0.007,0,-0.0155,0.0034,0.9999,0,12.8964,26.7163,-4.5484,1]},
{"frame":4,"values":[0.9711,0.2385,0.0117,0,-0.2384,0.9711,-0.0072,0,-0.0131,0.0042,0.9999,0,12.8964,26.7163,-4.5484,1]},
{"frame":5,"values":[0.9714,0.2373,0.0083,0,-0.2372,0.9714,-0.0074,0,-0.0098,0.0053,0.9999,0,12.8964,26.7163,-4.5484,1]},
{"frame":6,"values":[0.9713,0.2378,0.0095,0,-0.2377,0.9713,-0.0073,0,-0.0109,0.0049,0.9999,0,12.8964,26.7163,-4.5484,1]},
{"frame":7,"values":[0.9706,0.2401,0.0147,0,-0.24,0.9707,-0.007,0,-0.016,0.0032,0.9999,0,12.8964,26.7163,-4.5484,1]},
{"frame":8,"values":[0.9705,0.2406,0.0177,0,-0.2405,0.9706,-0.0067,0,-0.0188,0.0023,0.9998,0,12.8964,26.7163,-4.5484,1]},
{"frame":9,"values":[0.971,0.2387,0.0166,0,-0.2386,0.9711,-0.0069,0,-0.0177,0.0027,0.9998,0,12.8964,26.7163,-4.5484,1]},
{"frame":10,"values":[0.9714,0.237,0.0151,0,-0.237,0.9715,-0.007,0,-0.0163,0.0033,0.9999,0,12.8964,26.7163,-4.5484,1]},
{"frame":11,"values":[0.9715,0.2368,0.0144,0,-0.2367,0.9716,-0.0071,0,-0.0157,0.0035,0.9999,0,12.8964,26.7163,-4.5484,1]},
{"frame":12,"values":[0.9715,0.2367,0.014,0,-0.2367,0.9716,-0.0071,0,-0.0153,0.0036,0.9999,0,12.8964,26.7163,-4.5484,1]},
{"frame":13,"values":[0.9713,0.2374,0.0163,0,-0.2373,0.9714,-0.0069,0,-0.0175,0.0029,0.9998,0,12.8964,26.7163,-4.5484,1]},
{"frame":14,"values":[0.9707,0.2392,0.0223,0,-0.2391,0.971,-0.0066,0,-0.0232,0.001,0.9997,0,12.8964,26.7163,-4.5484,1]},
{"frame":15,"values":[0.9705,0.2396,0.0257,0,-0.2395,0.9709,-0.0064,0,-0.0265,0.0001,0.9996,0,12.8964,26.7163,-4.5484,1]},
{"frame":16,"values":[0.9713,0.2368,0.0217,0,-0.2367,0.9715,-0.0068,0,-0.0227,0.0015,0.9997,0,12.8964,26.7163,-4.5484,1]},
{"frame":17,"values":[0.972,0.2343,0.0158,0,-0.2342,0.9722,-0.0073,0,-0.0171,0.0034,0.9998,0,12.8964,26.7163,-4.5484,1]},
{"frame":18,"values":[0.9721,0.234,0.0125,0,-0.234,0.9722,-0.0074,0,-0.0139,0.0043,0.9999,0,12.8964,26.7163,-4.5484,1]},
{"frame":19,"values":[0.9721,0.2343,0.0097,0,-0.2342,0.9722,-0.0075,0,-0.0111,0.005,0.9999,0,12.8964,26.7163,-4.5484,1]},
{"frame":20,"values":[0.9719,0.2351,0.0096,0,-0.235,0.972,-0.0075,0,-0.0111,0.005,0.9999,0,12.8964,26.7163,-4.5484,1]},
{"frame":21,"values":[0.9713,0.2371,0.0162,0,-0.2371,0.9715,-0.007,0,-0.0174,0.003,0.9998,0,12.8964,26.7163,-4.5484,1]},
{"frame":22,"values":[0.9714,0.2365,0.0227,0,-0.2364,0.9716,-0.0067,0,-0.0236,0.0011,0.9997,0,12.8964,26.7163,-4.5484,1]},
{"frame":23,"values":[0.9727,0.2314,0.0198,0,-0.2313,0.9729,-0.0071,0,-0.021,0.0023,0.9998,0,12.8964,26.7163,-4.5484,1]},
{"frame":24,"values":[0.9737,0.2273,0.0128,0,-0.2272,0.9738,-0.0078,0,-0.0142,0.0047,0.9999,0,12.8964,26.7163,-4.5484,1]},
{"frame":25,"values":[0.974,0.2266,0.009,0,-0.2265,0.974,-0.0081,0,-0.0106,0.0058,0.9999,0,12.8964,26.7163,-4.5484,1]},
{"frame":26,"values":[0.9739,0.227,0.0082,0,-0.2269,0.9739,-0.008,0,-0.0098,0.0059,0.9999,0,12.8964,26.7163,-4.5484,1]},
{"frame":27,"values":[0.9735,0.2284,0.0077,0,-0.2283,0.9736,-0.0079,0,-0.0093,0.0059,0.9999,0,12.8964,26.7163,-4.5484,1]},
{"frame":28,"values":[0.9728,0.2314,0.0074,0,-0.2313,0.9729,-0.0077,0,-0.009,0.0058,0.9999,0,12.8964,26.7163,-4.5484,1]},
{"frame":29,"values":[0.9722,0.2339,0.0075,0,-0.2339,0.9722,-0.0076,0,-0.0091,0.0056,0.9999,0,12.8964,26.7163,-4.5484,1]}],"loopBehavior":1,"name":"anim","property":"_matrix"}},
{"name":"LeftArm","index":8,"matrix":[0.0464,-0.4757,0.8784,0,0.8473,0.4845,0.2177,0,-0.5291,0.7341,0.4256,0,19.027,-4.857,-1.7184,1],"rest":[1,0,0,0,0,1,0,0,0,0,1,0,19.027,-4.857,-1.7184,1],"parentBoneIndex":7,"length":24.1799
,"animation":{"dataType":3,"framePerSecond":24,"keys":[
{"frame":1,"values":[0.0464,-0.4757,0.8784,0,0.8473,0.4845,0.2177,0,-0.5291,0.7341,0.4256,0,19.027,-4.857,-1.7184,1]},
{"frame":2,"values":[0.0942,-0.4848,0.8695,0,0.8591,0.4809,0.175,0,-0.503,0.7305,0.4619,0,19.027,-4.857,-1.7184,1]},
{"frame":3,"values":[0.1223,-0.4864,0.8651,0,0.8785,0.4587,0.1337,0,-0.4619,0.7436,0.4834,0,19.027,-4.857,-1.7184,1]},
{"frame":4,"values":[0.1105,-0.481,0.8697,0,0.9007,0.4184,0.117,0,-0.4202,0.7704,0.4795,0,19.027,-4.857,-1.7184,1]},
{"frame":5,"values":[0.0786,-0.4744,0.8768,0,0.905,0.4027,0.1367,0,-0.418,0.7828,0.461,0,19.027,-4.857,-1.7184,1]},
{"frame":6,"values":[0.0433,-0.4747,0.8791,0,0.8801,0.4345,0.1913,0,-0.4727,0.7655,0.4366,0,19.027,-4.857,-1.7184,1]},
{"frame":7,"values":[0.0088,-0.4803,0.877,0,0.8507,0.4646,0.2459,0,-0.5256,0.7439,0.4127,0,19.027,-4.857,-1.7184,1]},
{"frame":8,"values":[-0.0011,-0.4817,0.8764,0,0.846,0.4668,0.2577,0,-0.5332,0.7417,0.407,0,19.027,-4.857,-1.7184,1]},
{"frame":9,"values":[0.0324,-0.4748,0.8795,0,0.8511,0.4744,0.2248,0,-0.5239,0.7413,0.4195,0,19.027,-4.857,-1.7184,1]},
{"frame":10,"values":[0.0798,-0.4625,0.883,0,0.8568,0.4845,0.1763,0,-0.5094,0.7425,0.435,0,19.027,-4.857,-1.7184,1]},
{"frame":11,"values":[0.0956,-0.4507,0.8875,0,0.8753,0.4626,0.1406,0,-0.474,0.7634,0.4388,0,19.027,-4.857,-1.7184,1]},
{"frame":12,"values":[0.0772,-0.4461,0.8916,0,0.8945,0.4259,0.1357,0,-0.4403,0.7871,0.4319,0,19.027,-4.857,-1.7184,1]},
{"frame":13,"values":[0.0516,-0.4552,0.8889,0,0.8896,0.4255,0.1663,0,-0.4539,0.7822,0.4268,0,19.027,-4.857,-1.7184,1]},
{"frame":14,"values":[0.0293,-0.4716,0.8813,0,0.8681,0.4491,0.2114,0,-0.4955,0.7589,0.4225,0,19.027,-4.857,-1.7184,1]},
{"frame":15,"values":[0.0205,-0.4836,0.8751,0,0.8597,0.4553,0.2315,0,-0.5104,0.7476,0.4251,0,19.027,-4.857,-1.7184,1]},
{"frame":16,"values":[0.0379,-0.4849,0.8738,0,0.8704,0.4456,0.2095,0,-0.4909,0.7525,0.4389,0,19.027,-4.857,-1.7184,1]},
{"frame":17,"values":[0.0628,-0.4768,0.8768,0,0.8925,0.4199,0.1644,0,-0.4466,0.7723,0.4519,0,19.027,-4.857,-1.7184,1]},
{"frame":18,"values":[0.0725,-0.4643,0.8827,0,0.9197,0.3734,0.1209,0,-0.3858,0.8031,0.4542,0,19.027,-4.857,-1.7184,1]},
{"frame":19,"values":[0.066,-0.4573,0.8869,0,0.9345,0.3399,0.1058,0,-0.3498,0.8218,0.4497,0,19.027,-4.857,-1.7184,1]},
{"frame":20,"values":[0.0435,-0.4626,0.8855,0,0.919,0.3661,0.1461,0,-0.3917,0.8075,0.4411,0,19.027,-4.857,-1.7184,1]},
{"frame":21,"values":[0.0056,-0.4717,0.8817,0,0.879,0.4227,0.2205,0,-0.4768,0.7738,0.417,0,19.027,-4.857,-1.7184,1]},
{"frame":22,"values":[-0.0318,-0.4743,0.8798,0,0.8509,0.4489,0.2728,0,-0.5244,0.7573,0.3893,0,19.027,-4.857,-1.7184,1]},
{"frame":23,"values":[-0.0346,-0.4715,0.8812,0,0.8501,0.4497,0.274,0,-0.5255,0.7586,0.3852,0,19.027,-4.857,-1.7184,1]},
{"frame":24,"values":[-0.0009,-0.469,0.8832,0,0.8591,0.4517,0.2408,0,-0.5118,0.759,0.4025,0,19.027,-4.857,-1.7184,1]},
{"frame":25,"values":[0.0214,-0.4641,0.8855,0,0.8781,0.4322,0.2053,0,-0.478,0.7732,0.4168,0,19.027,-4.857,-1.7184,1]},
{"frame":26,"values":[0.0095,-0.4556,0.8902,0,0.9036,0.3851,0.1875,0,-0.4282,0.8026,0.4153,0,19.027,-4.857,-1.7184,1]},
{"frame":27,"values":[0.0028,-0.4553,0.8903,0,0.9055,0.3789,0.191,0,-0.4243,0.8057,0.4133,0,19.027,-4.857,-1.7184,1]},
{"frame":28,"values":[0.0242,-0.4674,0.8837,0,0.876,0.4358,0.2065,0,-0.4816,0.7692,0.42,0,19.027,-4.857,-1.7184,1]},
{"frame":29,"values":[0.0464,-0.4758,0.8783,0,0.8473,0.4844,0.2177,0,-0.5291,0.7341,0.4256,0,19.027,-4.857,-1.7184,1]}],"loopBehavior":1,"name":"anim","property":"_matrix"}},
{"name":"LeftForeArm","index":9,"matrix":[0.4118,-0.2693,0.8706,0,-0.2693,0.8767,0.3986,0,-0.8706,-0.3986,0.2885,0,24.1799,0,0,1],"rest":[1,0,0,0,0,1,0,0,0,0,1,0,24.1799,0,0,1],"parentBoneIndex":8,"length":27.1564
,"animation":{"dataType":3,"framePerSecond":24,"keys":[
{"frame":1,"values":[0.4118,-0.2693,0.8706,0,-0.2693,0.8767,0.3986,0,-0.8706,-0.3986,0.2885,0,24.1799,0,0,1]},
{"frame":2,"values":[0.4069,-0.2715,0.8722,0,-0.2715,0.8757,0.3993,0,-0.8722,-0.3993,0.2826,0,24.1799,0,0,1]},
{"frame":3,"values":[0.4326,-0.2598,0.8634,0,-0.2598,0.8811,0.3953,0,-0.8634,-0.3953,0.3137,0,24.1799,0,0,1]},
{"frame":4,"values":[0.4671,-0.244,0.8499,0,-0.244,0.8883,0.3891,0,-0.8499,-0.3891,0.3554,0,24.1799,0,0,1]},
{"frame":5,"values":[0.4885,-0.2342,0.8406,0,-0.2342,0.8928,0.3848,0,-0.8406,-0.3848,0.3813,0,24.1799,0,0,1]},
{"frame":6,"values":[0.4775,-0.2392,0.8455,0,-0.2392,0.8905,0.3871,0,-0.8455,-0.3871,0.3679,0,24.1799,0,0,1]},
{"frame":7,"values":[0.4291,-0.2614,0.8646,0,-0.2614,0.8803,0.3958,0,-0.8646,-0.3958,0.3095,0,24.1799,0,0,1]},
{"frame":8,"values":[0.3851,-0.2815,0.8789,0,-0.2815,0.8711,0.4024,0,-0.8789,-0.4024,0.2562,0,24.1799,0,0,1]},
{"frame":9,"values":[0.3974,-0.2759,0.8752,0,-0.2759,0.8737,0.4007,0,-0.8752,-0.4007,0.2711,0,24.1799,0,0,1]},
{"frame":10,"values":[0.4472,-0.2531,0.8579,0,-0.2531,0.8841,0.3928,0,-0.8579,-0.3928,0.3313,0,24.1799,0,0,1]},
{"frame":11,"values":[0.4862,-0.2353,0.8416,0,-0.2353,0.8923,0.3853,0,-0.8416,-0.3853,0.3785,0,24.1799,0,0,1]},
{"frame":12,"values":[0.486,-0.2353,0.8417,0,-0.2353,0.8923,0.3853,0,-0.8417,-0.3853,0.3783,0,24.1799,0,0,1]},
{"frame":13,"values":[0.446,-0.2537,0.8584,0,-0.2537,0.8839,0.393,0,-0.8584,-0.393,0.3298,0,24.1799,0,0,1]},
{"frame":14,"values":[0.3874,-0.2805,0.8782,0,-0.2805,0.8716,0.4021,0,-0.8782,-0.4021,0.259,0,24.1799,0,0,1]},
{"frame":15,"values":[0.3532,-0.2961,0.8874,0,-0.2961,0.8644,0.4063,0,-0.8874,-0.4063,0.2177,0,24.1799,0,0,1]},
{"frame":16,"values":[0.3681,-0.2893,0.8836,0,-0.2893,0.8675,0.4046,0,-0.8836,-0.4046,0.2356,0,24.1799,0,0,1]},
{"frame":17,"values":[0.4032,-0.2732,0.8734,0,-0.2732,0.8749,0.3999,0,-0.8734,-0.3999,0.2781,0,24.1799,0,0,1]},
{"frame":18,"values":[0.4343,-0.259,0.8627,0,-0.259,0.8814,0.395,0,-0.8627,-0.395,0.3157,0,24.1799,0,0,1]},
{"frame":19,"values":[0.4502,-0.2517,0.8567,0,-0.2517,0.8847,0.3922,0,-0.8567,-0.3922,0.3349,0,24.1799,0,0,1]},
{"frame":20,"values":[0.4478,-0.2528,0.8577,0,-0.2528,0.8842,0.3927,0,-0.8577,-0.3927,0.332,0,24.1799,0,0,1]},
{"frame":21,"values":[0.4338,-0.2592,0.8629,0,-0.2592,0.8813,0.3951,0,-0.8629,-0.3951,0.3151,0,24.1799,0,0,1]},
{"frame":22,"values":[0.4148,-0.2679,0.8696,0,-0.2679,0.8773,0.3981,0,-0.8696,-0.3981,0.2921,0,24.1799,0,0,1]},
{"frame":23,"values":[0.4043,-0.2727,0.873,0,-0.2727,0.8751,0.3997,0,-0.873,-0.3997,0.2795,0,24.1799,0,0,1]},
{"frame":24,"values":[0.413,-0.2688,0.8702,0,-0.2688,0.8769,0.3984,0,-0.8702,-0.3984,0.2899,0,24.1799,0,0,1]},
{"frame":25,"values":[0.434,-0.2591,0.8628,0,-0.2591,0.8814,0.395,0,-0.8628,-0.395,0.3154,0,24.1799,0,0,1]},
{"frame":26,"values":[0.4529,-0.2505,0.8557,0,-0.2505,0.8853,0.3918,0,-0.8557,-0.3918,0.3382,0,24.1799,0,0,1]},
{"frame":27,"values":[0.4539,-0.25,0.8552,0,-0.25,0.8855,0.3916,0,-0.8553,-0.3916,0.3394,0,24.1799,0,0,1]},
{"frame":28,"values":[0.4345,-0.2589,0.8626,0,-0.2589,0.8815,0.395,0,-0.8627,-0.395,0.316,0,24.1799,0,0,1]},
{"frame":29,"values":[0.4113,-0.2696,0.8708,0,-0.2695,0.8766,0.3987,0,-0.8708,-0.3987,0.2878,0,24.1799,0,0,1]}],"loopBehavior":1,"name":"anim","property":"_matrix"}},
{"name":"LeftHand","index":10,"matrix":[0.7926,0.586,0.1684,0,-0.4977,0.7814,-0.3765,0,-0.3522,0.2146,0.911,0,27.1564,0.0001,0,1],"rest":[1,0,0,0,0,1,0,0,0,0,1,0,27.1564,0.0001,0,1],"parentBoneIndex":9,"length":13.2912
,"animation":{"dataType":3,"framePerSecond":24,"keys":[
{"frame":1,"values":[0.7926,0.586,0.1684,0,-0.4977,0.7814,-0.3765,0,-0.3522,0.2146,0.911,0,27.1564,0.0001,0,1]},
{"frame":2,"values":[0.8217,0.5649,0.0751,0,-0.5075,0.7853,-0.3547,0,-0.2594,0.2534,0.9319,0,27.1564,0.0001,0,1]},
{"frame":3,"values":[0.8477,0.5305,-0.001,0,-0.4884,0.7795,-0.3922,0,-0.2073,0.3329,0.9199,0,27.1564,0.0001,0,1]},
{"frame":4,"values":[0.8642,0.503,-0.0149,0,-0.454,0.7667,-0.4539,0,-0.2169,0.399,0.8909,0,27.1564,0.0001,0,1]},
{"frame":5,"values":[0.8632,0.4985,0.0803,0,-0.3906,0.7601,-0.5193,0,-0.3199,0.4169,0.8508,0,27.1564,0.0001,0,1]},
{"frame":6,"values":[0.8305,0.5202,0.199,0,-0.3192,0.7373,-0.5954,0,-0.4564,0.431,0.7784,0,27.1564,0.0001,0,1]},
{"frame":7,"values":[0.8197,0.5549,0.1424,0,-0.3747,0.7074,-0.5994,0,-0.4333,0.4379,0.7877,0,27.1564,0.0001,0,1]},
{"frame":8,"values":[0.8339,0.5499,-0.0474,0,-0.507,0.7291,-0.4597,0,-0.2182,0.4074,0.8868,0,27.1564,0.0001,0,1]},
{"frame":9,"values":[0.8658,0.4996,-0.0291,0,-0.4482,0.7483,-0.489,0,-0.2225,0.4364,0.8718,0,27.1564,0.0001,0,1]},
{"frame":10,"values":[0.8965,0.4383,0.0641,0,-0.3299,0.7572,-0.5637,0,-0.2956,0.4843,0.8235,0,27.1564,0.0001,0,1]},
{"frame":11,"values":[0.9095,0.412,0.055,0,-0.3209,0.7802,-0.537,0,-0.2641,0.4707,0.8418,0,27.1564,0.0001,0,1]},
{"frame":12,"values":[0.897,0.4403,0.0406,0,-0.3635,0.7865,-0.4993,0,-0.2517,0.4331,0.8655,0,27.1564,0.0001,0,1]},
{"frame":13,"values":[0.867,0.4961,0.0464,0,-0.4106,0.7641,-0.4975,0,-0.2823,0.4123,0.8662,0,27.1564,0.0001,0,1]},
{"frame":14,"values":[0.8408,0.537,-0.0682,0,-0.5077,0.7385,-0.4436,0,-0.1878,0.4077,0.8936,0,27.1564,0.0001,0,1]},
{"frame":15,"values":[0.8372,0.5129,-0.1898,0,-0.5452,0.7557,-0.3629,0,-0.0427,0.4073,0.9123,0,27.1564,0.0001,0,1]},
{"frame":16,"values":[0.8901,0.4511,-0.0649,0,-0.4231,0.7652,-0.4852,0,-0.1692,0.4594,0.872,0,27.1564,0.0001,0,1]},
{"frame":17,"values":[0.9142,0.4052,0.0087,0,-0.3525,0.8053,-0.4767,0,-0.2002,0.4327,0.879,0,27.1564,0.0001,0,1]},
{"frame":18,"values":[0.9169,0.3991,0.0043,0,-0.3738,0.8623,-0.3418,0,-0.1401,0.3118,0.9398,0,27.1564,0.0001,0,1]},
{"frame":19,"values":[0.9063,0.4219,0.0261,0,-0.4016,0.8786,-0.2585,0,-0.132,0.2238,0.9657,0,27.1564,0.0001,0,1]},
{"frame":20,"values":[0.8826,0.4654,0.0657,0,-0.432,0.8583,-0.2769,0,-0.1853,0.216,0.9586,0,27.1564,0.0001,0,1]},
{"frame":21,"values":[0.8521,0.5194,0.0641,0,-0.4639,0.8062,-0.3672,0,-0.2424,0.2832,0.9279,0,27.1564,0.0001,0,1]},
{"frame":22,"values":[0.8272,0.5534,-0.098,0,-0.549,0.7585,-0.351,0,-0.1199,0.3441,0.9312,0,27.1564,0.0001,0,1]},
{"frame":23,"values":[0.8457,0.5299,-0.0634,0,-0.5097,0.7666,-0.3905,0,-0.1583,0.3626,0.9184,0,27.1564,0.0001,0,1]},
{"frame":24,"values":[0.8852,0.456,0.0926,0,-0.3481,0.7811,-0.5183,0,-0.3087,0.4266,0.8501,0,27.1564,0.0001,0,1]},
{"frame":25,"values":[0.9013,0.4266,0.0751,0,-0.3449,0.8116,-0.4715,0,-0.2621,0.3991,0.8786,0,27.1564,0.0001,0,1]},
{"frame":26,"values":[0.9014,0.431,-0.0409,0,-0.4155,0.8347,-0.3615,0,-0.1217,0.3428,0.9315,0,27.1564,0.0001,0,1]},
{"frame":27,"values":[0.8877,0.4579,-0.0488,0,-0.452,0.8462,-0.2822,0,-0.0879,0.2726,0.9581,0,27.1564,0.0001,0,1]},
{"frame":28,"values":[0.8518,0.5199,0.065,0,-0.4843,0.8286,-0.2809,0,-0.1999,0.2078,0.9575,0,27.1564,0.0001,0,1]},
{"frame":29,"values":[0.7928,0.5859,0.1678,0,-0.4977,0.7814,-0.3764,0,-0.3517,0.2149,0.9111,0,27.1564,0.0001,0,1]}],"loopBehavior":1,"name":"anim","property":"_matrix"}},
{"name":"LeftHandIndex1","index":11,"matrix":[1,0,0,0,0,1,0,0,0,0,1,0,16.4412,0,0,1],"rest":[1,0,0,0,0,1,0,0,0,0,1,0,16.4412,0,0,1],"parentBoneIndex":10,"length":4.8219
,"animation":{"dataType":3,"framePerSecond":24,"keys":[
{"frame":1,"values":[1,0,0,0,0,1,0,0,0,0,1,0,16.4412,0,0,1]},
{"frame":29,"values":[1,0,0,0,0,1,0,0,0,0,1,0,16.4412,0,0,1]}],"loopBehavior":1,"name":"anim","property":"_matrix"}},
{"name":"LeftHandIndex2","index":12,"matrix":[1,0,0,0,0,1,0,0,0,0,1,0,4.8219,0.0001,0,1],"rest":[1,0,0,0,0,1,0,0,0,0,1,0,4.8219,0.0001,0,1],"parentBoneIndex":11,"length":6.3865
,"animation":{"dataType":3,"framePerSecond":24,"keys":[
{"frame":1,"values":[1,0,0,0,0,1,0,0,0,0,1,0,4.8219,0.0001,0,1]},
{"frame":29,"values":[1,0,0,0,0,1,0,0,0,0,1,0,4.8219,0.0001,0,1]}],"loopBehavior":1,"name":"anim","property":"_matrix"}},
{"name":"LeftHandIndex3","index":13,"matrix":[0.9994,0.0344,-0.002,0,-0.0344,0.9994,0,0,0.002,0,1,0,6.3865,0,0,1],"rest":[0.9994,0.0344,-0.002,0,-0.0344,0.9994,0,0,0.002,0,1,0,6.3865,0,0,1],"parentBoneIndex":12,"length":5.189
,"animation":{"dataType":3,"framePerSecond":24,"keys":[
{"frame":1,"values":[0.9994,0.0344,-0.002,0,-0.0344,0.9994,0,0,0.002,0,1,0,6.3865,0,0,1]},
{"frame":29,"values":[0.9994,0.0344,-0.002,0,-0.0344,0.9994,0,0,0.002,0,1,0,6.3865,0,0,1]}],"loopBehavior":1,"name":"anim","property":"_matrix"}},
{"name":"LeftHandIndex4","index":14,"matrix":[1,0,0,0,0,1,0,0,0,0,1,0,5.1859,-0.1787,0.0103,1],"rest":[1,0,0,0,0,1,0,0,0,0,1,0,5.1859,-0.1787,0.0103,1],"parentBoneIndex":13,"length":5.189
,"animation":{"dataType":3,"framePerSecond":24,"keys":[
{"frame":1,"values":[1,0,0,0,0,1,0,0,0,0,1,0,5.1859,-0.1787,0.0103,1]},
{"frame":29,"values":[1,0,0,0,0,1,0,0,0,0,1,0,5.1859,-0.1787,0.0103,1]}],"loopBehavior":1,"name":"anim","property":"_matrix"}},
