{"producer":{"name":"Blender","version":"2.90.0","exporter_version":"2.80.1","file":"option_weightshift.babylon"},
"autoClear":true,"clearColor":[0.0509,0.0509,0.0509],"gravity":[0,-9.81,0],
"materials":[{"name":"Material","id":"Material","customType":"BABYLON.PBRMaterial","backFaceCulling":true,"checkReadyOnlyOnce":false,"maxSimultaneousLights":4,"environmentIntensity":1,"albedo":[0.8,0.8,0.8],"reflectivity":[0.5,0.5,0.5],"roughness":0.4,"alpha":1,"transparencyMode":0,"alphaCutOff":0.4,"metallic":0}],
"multiMaterials":[],
"skeletons":[{"name":"Armature","id":0,"dimensionsAtRest":[232.1761,222.9347,36.3014],"bones":[
{"name":"Hips","index":0,"matrix":[0.9878,0.0981,-0.1212,0,-0.1039,0.9937,-0.0424,0,-0.1163,-0.0545,-0.9917,0,-0.8663,80.5566,2.7575,1],"rest":[1,0,0,0,0,1,0,0,0,0,-1,0,0,89.0054,0,1],"parentBoneIndex":-1,"length":14.2998
,"animation":{"dataType":3,"framePerSecond":24,"keys":[
{"frame":1,"values":[0.9878,0.0981,-0.1212,0,-0.1039,0.9937,-0.0424,0,-0.1163,-0.0545,-0.9917,0,-0.8663,80.5566,2.7575,1]},
{"frame":2,"values":[0.9887,0.0914,-0.1189,0,-0.0961,0.9948,-0.0343,0,-0.1151,-0.0453,-0.9923,0,-1.0968,80.7085,2.8487,1]},
{"frame":3,"values":[0.9885,0.0899,-0.1214,0,-0.0939,0.9952,-0.0274,0,-0.1184,-0.0385,-0.9922,0,-1.3936,80.6606,3.2397,1]},
{"frame":4,"values":[0.9852,0.0946,-0.1427,0,-0.0982,0.995,-0.0181,0,-0.1403,-0.0319,-0.9896,0,-1.9165,80.2862,3.9328,1]},
{"frame":5,"values":[0.9807,0.0932,-0.1717,0,-0.0951,0.9955,-0.0028,0,-0.1706,-0.0191,-0.9852,0,-2.634,80.0511,4.7692,1]},
{"frame":6,"values":[0.9795,0.0767,-0.186,0,-0.0783,0.9969,-0.0013,0,-0.1854,-0.0159,-0.9825,0,-3.4977,80.3225,5.4047,1]},
{"frame":7,"values":[0.9848,0.0415,-0.1688,0,-0.0446,0.9989,-0.0144,0,-0.168,-0.0217,-0.9855,0,-4.4197,81.1731,5.418,1]},
{"frame":8,"values":[0.9935,0.0063,-0.1135,0,-0.0088,0.9997,-0.0213,0,-0.1133,-0.0222,-0.9933,0,-5.4217,82.2208,5.0719,1]},
{"frame":9,"values":[0.9995,-0.0182,-0.0247,0,0.0176,0.9996,-0.023,0,-0.0251,-0.0226,-0.9994,0,-6.5743,83.05,4.4267,1]},
{"frame":10,"values":[0.9964,-0.0351,0.0771,0,0.0359,0.9993,-0.0079,0,0.0767,-0.0107,-0.997,0,-7.7003,83.7534,3.8839,1]},
{"frame":11,"values":[0.9829,-0.0559,0.1753,0,0.0517,0.9983,0.0287,0,0.1766,0.0192,-0.9841,0,-8.6258,84.4272,3.4453,1]},
{"frame":12,"values":[0.9643,-0.0549,0.2591,0,0.0462,0.9982,0.0394,0,0.2607,0.026,-0.9651,0,-9.7532,84.8582,3.0562,1]},
{"frame":13,"values":[0.94,-0.0398,0.3388,0,0.0293,0.9989,0.036,0,0.3399,0.0239,-0.9402,0,-11.1042,85.2286,2.5211,1]},
{"frame":14,"values":[0.9086,-0.0161,0.4175,0,0.0005,0.9993,0.0373,0,0.4178,0.0336,-0.9079,0,-12.2893,85.4951,1.9208,1]},
{"frame":15,"values":[0.8693,0.0053,0.4942,0,-0.0287,0.9988,0.0397,0,0.4934,0.0487,-0.8684,0,-13.1356,85.5262,1.432,1]},
{"frame":16,"values":[0.8242,0.0209,0.566,0,-0.0508,0.998,0.037,0,0.5641,0.0592,-0.8236,0,-14.028,85.4239,1.0816,1]},
{"frame":17,"values":[0.7838,0.0308,0.6202,0,-0.0665,0.9972,0.0346,0,0.6174,0.0683,-0.7837,0,-14.8495,84.9197,0.8244,1]},
{"frame":18,"values":[0.7572,0.0353,0.6522,0,-0.0711,0.9971,0.0285,0,0.6493,0.0679,-0.7575,0,-15.3715,84.1666,0.5622,1]},
{"frame":19,"values":[0.7463,0.0362,0.6646,0,-0.0722,0.997,0.0267,0,0.6617,0.0679,-0.7467,0,-15.9482,83.9423,0.2767,1]},
{"frame":20,"values":[0.744,0.0314,0.6674,0,-0.0691,0.9972,0.0301,0,0.6646,0.0685,-0.7441,0,-16.6113,84.0718,-0.0809,1]},
{"frame":21,"values":[0.7498,0.024,0.6613,0,-0.0594,0.9977,0.0312,0,0.659,0.0627,-0.7495,0,-16.8134,84.1532,-0.3575,1]},
{"frame":22,"values":[0.7657,0.0265,0.6427,0,-0.0562,0.9981,0.0259,0,0.6408,0.0559,-0.7657,0,-16.8051,84.3448,-0.6595,1]},
{"frame":23,"values":[0.793,0.0332,0.6083,0,-0.0586,0.998,0.0219,0,0.6064,0.053,-0.7934,0,-16.6323,84.5934,-0.9692,1]},
{"frame":24,"values":[0.8292,0.0406,0.5574,0,-0.0622,0.9979,0.0198,0,0.5554,0.0511,-0.83,0,-16.3728,84.8664,-1.2867,1]},
{"frame":25,"values":[0.8667,0.0403,0.4973,0,-0.0593,0.998,0.0224,0,0.4954,0.0489,-0.8673,0,-15.7919,84.7097,-1.5711,1]},
{"frame":26,"values":[0.9007,0.0242,0.4338,0,-0.0437,0.9984,0.0349,0,0.4322,0.0504,-0.9004,0,-15.047,84.6535,-1.7846,1]},
{"frame":27,"values":[0.9281,0.006,0.3722,0,-0.0244,0.9987,0.0446,0,0.3714,0.0505,-0.9271,0,-14.2187,84.5615,-1.9695,1]},
{"frame":28,"values":[0.9503,0.0014,0.3114,0,-0.0161,0.9989,0.0448,0,0.311,0.0476,-0.9492,0,-13.4918,84.6579,-2.0031,1]},
{"frame":29,"values":[0.9688,0.0096,0.2478,0,-0.02,0.999,0.0397,0,0.2471,0.0434,-0.968,0,-12.8248,84.8813,-1.9446,1]},
{"frame":30,"values":[0.9835,0.0211,0.1798,0,-0.0283,0.9989,0.0376,0,0.1788,0.0421,-0.983,0,-11.9762,85.1026,-1.8673,1]},
{"frame":31,"values":[0.9938,0.0248,0.1088,0,-0.0294,0.9987,0.0408,0,0.1076,0.0437,-0.9932,0,-11.045,85.0791,-1.6375,1]},
{"frame":32,"values":[0.9991,0.0217,0.0378,0,-0.0235,0.9986,0.047,0,0.0367,0.0479,-0.9982,0,-10.137,84.7826,-1.1878,1]},
{"frame":33,"values":[0.9997,0.0134,-0.0204,0,-0.0123,0.9985,0.0537,0,-0.0211,0.0535,-0.9983,0,-9.1502,84.3955,-0.4918,1]},
{"frame":34,"values":[0.9982,0.0105,-0.0591,0,-0.0067,0.9979,0.064,0,-0.0596,0.0635,-0.9962,0,-8.135,83.9079,0.3083,1]},
{"frame":35,"values":[0.9961,0.0111,-0.088,0,-0.005,0.9976,0.0689,0,-0.0886,0.0682,-0.9937,0,-7.1425,83.3274,1.1346,1]},
{"frame":36,"values":[0.994,0.0105,-0.1088,0,-0.0034,0.9978,0.0656,0,-0.1093,0.0648,-0.9919,0,-6.1867,82.9102,1.7424,1]},
{"frame":37,"values":[0.9926,0.0069,-0.1209,0,-0.0003,0.9985,0.0546,0,-0.1211,0.0541,-0.9912,0,-5.297,82.6397,2.1844,1]},
{"frame":38,"values":[0.9927,0.0045,-0.1202,0,0.0009,0.999,0.0446,0,-0.1203,0.0444,-0.9917,0,-4.4271,82.403,2.5666,1]},
{"frame":39,"values":[0.9941,-0.0002,-0.108,0,0.0038,0.9994,0.0331,0,-0.108,0.0333,-0.9936,0,-3.5308,82.178,2.8977,1]},
{"frame":40,"values":[0.9958,-0.004,-0.091,0,0.0064,0.9996,0.0261,0,-0.0908,0.0266,-0.9955,0,-2.6741,81.9836,3.1791,1]},
{"frame":41,"values":[0.9969,-0.0015,-0.0785,0,0.0031,0.9998,0.0211,0,-0.0785,0.0213,-0.9967,0,-1.966,81.8503,3.3772,1]},
{"frame":42,"values":[0.9971,0.0061,-0.0756,0,-0.0048,0.9998,0.0171,0,-0.0756,0.0166,-0.997,0,-1.4597,81.6924,3.3903,1]},
{"frame":43,"values":[0.9967,0.0217,-0.0788,0,-0.0211,0.9997,0.0089,0,-0.079,0.0072,-0.9968,0,-1.1926,81.5095,3.2608,1]},
{"frame":44,"values":[0.9947,0.0501,-0.0895,0,-0.0509,0.9987,-0.0067,0,-0.089,-0.0112,-0.996,0,-1.1114,81.2439,3.0699,1]},
{"frame":45,"values":[0.9917,0.0752,-0.1047,0,-0.0782,0.9966,-0.0252,0,-0.1024,-0.0332,-0.9942,0,-1.1975,80.9316,2.9439,1]},
{"frame":46,"values":[0.9891,0.0904,-0.1162,0,-0.0956,0.9946,-0.0399,0,-0.112,-0.0506,-0.9924,0,-1.2168,80.6863,2.9011,1]},
{"frame":47,"values":[0.9876,0.1004,-0.1207,0,-0.1063,0.9934,-0.0438,0,-0.1155,-0.0561,-0.9917,0,-1.0954,80.5574,2.8532,1]},
{"frame":48,"values":[0.9878,0.0981,-0.1212,0,-0.1039,0.9937,-0.0424,0,-0.1163,-0.0545,-0.9917,0,-0.8663,80.5566,2.7575,1]}],"loopBehavior":1,"name":"anim","property":"_matrix"}},
{"name":"Spine","index":1,"matrix":[0.988,-0.1511,-0.0322,0,0.1515,0.9884,0.0089,0,0.0305,-0.0137,0.9994,0,0.1169,10.681,0.3734,1],"rest":[1,0,0,0,0,1,0,0,0,0,1,0,0.1169,10.681,0.3734,1],"parentBoneIndex":0,"length":13.8405
,"animation":{"dataType":3,"framePerSecond":24,"keys":[
{"frame":1,"values":[0.988,-0.1511,-0.0322,0,0.1515,0.9884,0.0089,0,0.0305,-0.0137,0.9994,0,0.1169,10.681,0.3734,1]},
{"frame":2,"values":[0.9871,-0.1568,-0.0338,0,0.1577,0.9871,0.0278,0,0.029,-0.0328,0.999,0,0.1169,10.681,0.3734,1]},
{"frame":3,"values":[0.9856,-0.1648,-0.0375,0,0.1668,0.9842,0.0592,0,0.0271,-0.0646,0.9975,0,0.1169,10.681,0.3734,1]},
{"frame":4,"values":[0.983,-0.179,-0.041,0,0.1824,0.9776,0.1047,0,0.0214,-0.1104,0.9937,0,0.1169,10.681,0.3734,1]},
{"frame":5,"values":[0.9793,-0.1973,-0.0442,0,0.2019,0.9664,0.159,0,0.0113,-0.1646,0.9863,0,0.1169,10.681,0.3734,1]},
{"frame":6,"values":[0.9771,-0.2099,-0.0354,0,0.2128,0.9584,0.1903,0,-0.006,-0.1935,0.9811,0,0.1169,10.681,0.3734,1]},
{"frame":7,"values":[0.98,-0.1987,-0.008,0,0.1965,0.961,0.1947,0,-0.031,-0.1923,0.9808,0,0.1169,10.681,0.3734,1]},
{"frame":8,"values":[0.9842,-0.1766,0.0136,0,0.1705,0.9657,0.196,0,-0.0478,-0.1906,0.9805,0,0.1169,10.681,0.3734,1]},
{"frame":9,"values":[0.9874,-0.1551,0.0309,0,0.1465,0.9706,0.1913,0,-0.0596,-0.1843,0.9811,0,0.1169,10.681,0.3734,1]},
{"frame":10,"values":[0.991,-0.1277,0.0404,0,0.1173,0.973,0.1988,0,-0.0647,-0.1922,0.9792,0,0.1169,10.681,0.3734,1]},
{"frame":11,"values":[0.9964,-0.0754,0.0392,0,0.0641,0.9698,0.2353,0,-0.0557,-0.2319,0.9711,0,0.1169,10.681,0.3734,1]},
{"frame":12,"values":[0.9979,-0.0425,0.0496,0,0.0292,0.9696,0.2429,0,-0.0584,-0.241,0.9688,0,0.1169,10.681,0.3734,1]},
{"frame":13,"values":[0.998,-0.0278,0.0576,0,0.0133,0.9713,0.2375,0,-0.0625,-0.2363,0.9697,0,0.1169,10.681,0.3734,1]},
{"frame":14,"values":[0.9981,-0.0177,0.0596,0,0.0028,0.9702,0.2422,0,-0.0621,-0.2415,0.9684,0,0.1169,10.681,0.3734,1]},
{"frame":15,"values":[0.9976,-0.0046,0.0687,0,-0.0127,0.9685,0.2488,0,-0.0677,-0.249,0.9661,0,0.1169,10.681,0.3734,1]},
{"frame":16,"values":[0.9969,0.0094,0.078,0,-0.0286,0.9678,0.25,0,-0.0732,-0.2514,0.9651,0,0.1169,10.681,0.3734,1]},
{"frame":17,"values":[0.997,0.0202,0.0749,0,-0.0386,0.9666,0.2534,0,-0.0673,-0.2555,0.9645,0,0.1169,10.681,0.3734,1]},
{"frame":18,"values":[0.9977,0.0305,0.0605,0,-0.0447,0.9676,0.2486,0,-0.0509,-0.2507,0.9667,0,0.1169,10.681,0.3734,1]},
{"frame":19,"values":[0.9985,0.0354,0.0416,0,-0.0448,0.967,0.2506,0,-0.0314,-0.2521,0.9672,0,0.1169,10.681,0.3734,1]},
{"frame":20,"values":[0.9987,0.0404,0.0295,0,-0.0467,0.9653,0.2571,0,-0.0181,-0.2582,0.9659,0,0.1169,10.681,0.3734,1]},
{"frame":21,"values":[0.9982,0.0549,0.0223,0,-0.0587,0.9662,0.251,0,-0.0078,-0.2519,0.9677,0,0.1169,10.681,0.3734,1]},
{"frame":22,"values":[0.9982,0.0585,0.009,0,-0.059,0.9686,0.2413,0,0.0054,-0.2414,0.9704,0,0.1169,10.681,0.3734,1]},
{"frame":23,"values":[0.9981,0.0609,-0.0103,0,-0.0567,0.9703,0.2353,0,0.0244,-0.2343,0.9719,0,0.1169,10.681,0.3734,1]},
{"frame":24,"values":[0.9974,0.0641,-0.0342,0,-0.0545,0.9713,0.2317,0,0.0481,-0.2293,0.9722,0,0.1169,10.681,0.3734,1]},
{"frame":25,"values":[0.9957,0.0795,-0.0473,0,-0.0669,0.9721,0.2249,0,0.0638,-0.2207,0.9732,0,0.1169,10.681,0.3734,1]},
{"frame":26,"values":[0.9933,0.106,-0.0467,0,-0.093,0.9701,0.2243,0,0.0691,-0.2184,0.9734,0,0.1169,10.681,0.3734,1]},
{"frame":27,"values":[0.9921,0.1226,-0.0249,0,-0.114,0.9684,0.222,0,0.0514,-0.2174,0.9747,0,0.1169,10.681,0.3734,1]},
{"frame":28,"values":[0.9929,0.1187,0.0086,0,-0.1176,0.9683,0.2201,0,0.0178,-0.2196,0.9754,0,0.1169,10.681,0.3734,1]},
{"frame":29,"values":[0.9947,0.0986,0.0305,0,-0.1028,0.9704,0.2183,0,-0.0081,-0.2203,0.9754,0,0.1169,10.681,0.3734,1]},
{"frame":30,"values":[0.9963,0.0762,0.0404,0,-0.0831,0.9739,0.2113,0,-0.0232,-0.2139,0.9766,0,0.1169,10.681,0.3734,1]},
{"frame":31,"values":[0.9973,0.0603,0.0411,0,-0.0676,0.9758,0.2081,0,-0.0276,-0.2103,0.9772,0,0.1169,10.681,0.3734,1]},
{"frame":32,"values":[0.9984,0.0432,0.0358,0,-0.0498,0.9761,0.2114,0,-0.0258,-0.2128,0.9768,0,0.1169,10.681,0.3734,1]},
{"frame":33,"values":[0.9991,0.0284,0.032,0,-0.0348,0.9741,0.2236,0,-0.0249,-0.2245,0.9742,0,0.1169,10.681,0.3734,1]},
{"frame":34,"values":[0.9993,0.0057,0.0364,0,-0.0144,0.9698,0.2435,0,-0.0339,-0.2438,0.9692,0,0.1169,10.681,0.3734,1]},
{"frame":35,"values":[0.9989,-0.0262,0.0385,0,0.0155,0.9668,0.2549,0,-0.0439,-0.2541,0.9662,0,0.1169,10.681,0.3734,1]},
{"frame":36,"values":[0.9982,-0.0497,0.0329,0,0.0401,0.9685,0.2459,0,-0.0441,-0.2442,0.9687,0,0.1169,10.681,0.3734,1]},
{"frame":37,"values":[0.9975,-0.064,0.0289,0,0.0562,0.9741,0.2192,0,-0.0422,-0.2171,0.9752,0,0.1169,10.681,0.3734,1]},
{"frame":38,"values":[0.9968,-0.0749,0.0292,0,0.0677,0.9782,0.1961,0,-0.0433,-0.1935,0.9802,0,0.1169,10.681,0.3734,1]},
{"frame":39,"values":[0.9968,-0.0732,0.0308,0,0.0664,0.9813,0.1807,0,-0.0434,-0.178,0.9831,0,0.1169,10.681,0.3734,1]},
{"frame":40,"values":[0.997,-0.0714,0.0293,0,0.0653,0.9829,0.1724,0,-0.0411,-0.1699,0.9846,0,0.1169,10.681,0.3734,1]},
{"frame":41,"values":[0.997,-0.0752,0.0197,0,0.0711,0.9844,0.1611,0,-0.0315,-0.1592,0.9867,0,0.1169,10.681,0.3734,1]},
{"frame":42,"values":[0.9965,-0.0828,0.0062,0,0.0812,0.987,0.1388,0,-0.0176,-0.1378,0.9903,0,0.1169,10.681,0.3734,1]},
{"frame":43,"values":[0.9955,-0.0949,-0.007,0,0.0951,0.9897,0.1066,0,-0.0031,-0.1067,0.9943,0,0.1169,10.681,0.3734,1]},
{"frame":44,"values":[0.9929,-0.1171,-0.0202,0,0.1182,0.9906,0.0685,0,0.012,-0.0704,0.9974,0,0.1169,10.681,0.3734,1]},
{"frame":45,"values":[0.9899,-0.1386,-0.0315,0,0.1397,0.9895,0.0382,0,0.0259,-0.0422,0.9988,0,0.1169,10.681,0.3734,1]},
{"frame":46,"values":[0.9879,-0.1504,-0.0365,0,0.1513,0.9882,0.0228,0,0.0326,-0.028,0.9991,0,0.1169,10.681,0.3734,1]},
{"frame":47,"values":[0.987,-0.1565,-0.0363,0,0.1571,0.9875,0.0126,0,0.0339,-0.0181,0.9993,0,0.1169,10.681,0.3734,1]},
{"frame":48,"values":[0.988,-0.1511,-0.0322,0,0.1515,0.9884,0.0089,0,0.0305,-0.0137,0.9994,0,0.1169,10.681,0.3734,1]}],"loopBehavior":1,"name":"anim","property":"_matrix"}},
{"name":"Spine1","index":2,"matrix":[0.9997,0.0223,-0.0092,0,-0.0229,0.9975,-0.0666,0,0.0077,0.0668,0.9977,0,0,13.8404,0.0535,1],"rest":[1,0,0,0,0,1,0,0,0,0,1,0,0,13.8404,0.0535,1],"parentBoneIndex":1,"length":14.7173
,"animation":{"dataType":3,"framePerSecond":24,"keys":[
{"frame":1,"values":[0.9997,0.0223,-0.0092,0,-0.0229,0.9975,-0.0666,0,0.0077,0.0668,0.9977,0,0,13.8404,0.0535,1]},
{"frame":2,"values":[0.9997,0.0226,-0.0093,0,-0.0232,0.9975,-0.0672,0,0.0077,0.0674,0.9977,0,0,13.8404,0.0535,1]},
{"frame":3,"values":[0.9997,0.0228,-0.0093,0,-0.0233,0.9975,-0.0673,0,0.0078,0.0675,0.9977,0,0,13.8404,0.0535,1]},
{"frame":4,"values":[0.9998,0.0206,-0.0087,0,-0.0211,0.9977,-0.0648,0,0.0073,0.065,0.9979,0,0,13.8404,0.0535,1]},
{"frame":5,"values":[0.9998,0.0165,-0.0076,0,-0.0169,0.998,-0.0612,0,0.0065,0.0614,0.9981,0,0,13.8404,0.0535,1]},
{"frame":6,"values":[0.9999,0.0138,-0.0047,0,-0.0141,0.9979,-0.0631,0,0.0038,0.0632,0.998,0,0,13.8404,0.0535,1]},
{"frame":7,"values":[0.9999,0.0148,0.0012,0,-0.0147,0.9975,-0.0684,0,-0.0023,0.0684,0.9977,0,0,13.8404,0.0535,1]},
{"frame":8,"values":[0.9998,0.0178,0.0056,0,-0.0173,0.9972,-0.0733,0,-0.0069,0.0732,0.9973,0,0,13.8404,0.0535,1]},
{"frame":9,"values":[0.9997,0.0214,0.0088,0,-0.0207,0.9969,-0.0757,0,-0.0104,0.0755,0.9971,0,0,13.8404,0.0535,1]},
{"frame":10,"values":[0.9996,0.0257,0.0103,0,-0.0249,0.9968,-0.0754,0,-0.0122,0.0752,0.9971,0,0,13.8404,0.0535,1]},
{"frame":11,"values":[0.9994,0.0326,0.0092,0,-0.0318,0.9969,-0.0723,0,-0.0115,0.0719,0.9973,0,0,13.8404,0.0535,1]},
{"frame":12,"values":[0.9992,0.0374,0.0109,0,-0.0365,0.9967,-0.073,0,-0.0136,0.0726,0.9973,0,0,13.8404,0.0535,1]},
{"frame":13,"values":[0.9992,0.0389,0.0119,0,-0.0379,0.9964,-0.0761,0,-0.0149,0.0756,0.997,0,0,13.8404,0.0535,1]},
{"frame":14,"values":[0.9991,0.0402,0.0115,0,-0.0392,0.9962,-0.0774,0,-0.0146,0.0769,0.9969,0,0,13.8404,0.0535,1]},
{"frame":15,"values":[0.999,0.0437,0.013,0,-0.0426,0.9961,-0.0768,0,-0.0163,0.0761,0.997,0,0,13.8404,0.0535,1]},
{"frame":16,"values":[0.9987,0.0496,0.0144,0,-0.0483,0.9959,-0.0765,0,-0.0181,0.0757,0.997,0,0,13.8404,0.0535,1]},
{"frame":17,"values":[0.9984,0.0556,0.0123,0,-0.0545,0.9956,-0.0762,0,-0.0164,0.0754,0.997,0,0,13.8404,0.0535,1]},
{"frame":18,"values":[0.9981,0.061,0.0069,0,-0.0603,0.9953,-0.0761,0,-0.0115,0.0756,0.9971,0,0,13.8404,0.0535,1]},
{"frame":19,"values":[0.9977,0.0672,0.0004,0,-0.067,0.9949,-0.0759,0,-0.0055,0.0757,0.9971,0,0,13.8404,0.0535,1]},
{"frame":20,"values":[0.9972,0.0742,-0.004,0,-0.0742,0.9942,-0.0777,0,-0.0018,0.0778,0.997,0,0,13.8404,0.0535,1]},
{"frame":21,"values":[0.9967,0.0812,-0.0074,0,-0.0815,0.9934,-0.0807,0,0.0008,0.0811,0.9967,0,0,13.8404,0.0535,1]},
{"frame":22,"values":[0.9962,0.0865,-0.0124,0,-0.0873,0.9927,-0.0827,0,0.0052,0.0835,0.9965,0,0,13.8404,0.0535,1]},
{"frame":23,"values":[0.9956,0.0916,-0.0189,0,-0.0929,0.9922,-0.0833,0,0.0112,0.0847,0.9963,0,0,13.8404,0.0535,1]},
{"frame":24,"values":[0.9949,0.0975,-0.0265,0,-0.0994,0.9916,-0.0829,0,0.0182,0.0851,0.9962,0,0,13.8404,0.0535,1]},
{"frame":25,"values":[0.994,0.1051,-0.0314,0,-0.1073,0.9909,-0.0814,0,0.0226,0.0843,0.9962,0,0,13.8404,0.0535,1]},
{"frame":26,"values":[0.993,0.1135,-0.0326,0,-0.1157,0.9902,-0.0787,0,0.0233,0.082,0.9964,0,0,13.8404,0.0535,1]},
{"frame":27,"values":[0.9923,0.1204,-0.0277,0,-0.1222,0.9896,-0.0763,0,0.0182,0.0791,0.9967,0,0,13.8404,0.0535,1]},
{"frame":28,"values":[0.9924,0.1218,-0.0189,0,-0.1229,0.9896,-0.0744,0,0.0097,0.0762,0.997,0,0,13.8404,0.0535,1]},
{"frame":29,"values":[0.993,0.1178,-0.0129,0,-0.1184,0.9903,-0.0729,0,0.0042,0.0739,0.9973,0,0,13.8404,0.0535,1]},
{"frame":30,"values":[0.9936,0.112,-0.0103,0,-0.1125,0.991,-0.072,0,0.0022,0.0727,0.9973,0,0,13.8404,0.0535,1]},
{"frame":31,"values":[0.9942,0.107,-0.0099,0,-0.1074,0.9916,-0.0716,0,0.0022,0.0722,0.9974,0,0,13.8404,0.0535,1]},
{"frame":32,"values":[0.9946,0.1029,-0.0111,0,-0.1034,0.9921,-0.071,0,0.0037,0.0718,0.9974,0,0,13.8404,0.0535,1]},
{"frame":33,"values":[0.995,0.099,-0.0115,0,-0.0995,0.9927,-0.0682,0,0.0047,0.069,0.9976,0,0,13.8404,0.0535,1]},
{"frame":34,"values":[0.9955,0.0945,-0.0088,0,-0.0948,0.9935,-0.063,0,0.0028,0.0635,0.998,0,0,13.8404,0.0535,1]},
{"frame":35,"values":[0.996,0.0888,-0.0069,0,-0.0891,0.9942,-0.06,0,0.0015,0.0603,0.9982,0,0,13.8404,0.0535,1]},
{"frame":36,"values":[0.9965,0.0835,-0.0072,0,-0.0838,0.9947,-0.0597,0,0.0022,0.0601,0.9982,0,0,13.8404,0.0535,1]},
{"frame":37,"values":[0.9968,0.0792,-0.0079,0,-0.0795,0.9948,-0.0629,0,0.0029,0.0633,0.998,0,0,13.8404,0.0535,1]},
{"frame":38,"values":[0.9972,0.0746,-0.0073,0,-0.0749,0.9949,-0.0674,0,0.0022,0.0677,0.9977,0,0,13.8404,0.0535,1]},
{"frame":39,"values":[0.9975,0.0705,-0.006,0,-0.0708,0.9951,-0.069,0,0.0011,0.0693,0.9976,0,0,13.8404,0.0535,1]},
{"frame":40,"values":[0.9978,0.0665,-0.005,0,-0.0667,0.9955,-0.0678,0,0.0005,0.0679,0.9977,0,0,13.8404,0.0535,1]},
{"frame":41,"values":[0.998,0.0625,-0.006,0,-0.0628,0.9959,-0.0659,0,0.0018,0.0661,0.9978,0,0,13.8404,0.0535,1]},
{"frame":42,"values":[0.9983,0.0577,-0.0081,0,-0.0581,0.9962,-0.0648,0,0.0043,0.0651,0.9979,0,0,13.8404,0.0535,1]},
{"frame":43,"values":[0.9986,0.0519,-0.0103,0,-0.0525,0.9965,-0.0656,0,0.0069,0.066,0.9978,0,0,13.8404,0.0535,1]},
{"frame":44,"values":[0.9989,0.0448,-0.0126,0,-0.0455,0.9967,-0.0679,0,0.0095,0.0684,0.9976,0,0,13.8404,0.0535,1]},
{"frame":45,"values":[0.9992,0.0377,-0.0142,0,-0.0385,0.9969,-0.0692,0,0.0116,0.0697,0.9975,0,0,13.8404,0.0535,1]},
{"frame":46,"values":[0.9994,0.0316,-0.0137,0,-0.0325,0.9971,-0.0688,0,0.0115,0.0692,0.9975,0,0,13.8404,0.0535,1]},
{"frame":47,"values":[0.9996,0.026,-0.012,0,-0.0268,0.9973,-0.0678,0,0.0102,0.068,0.9976,0,0,13.8404,0.0535,1]},
{"frame":48,"values":[0.9997,0.0223,-0.0093,0,-0.0228,0.9975,-0.0666,0,0.0077,0.0668,0.9977,0,0,13.8404,0.0535,1]}],"loopBehavior":1,"name":"anim","property":"_matrix"}},
{"name":"Spine2","index":3,"matrix":[0.9996,-0.0295,0.0022,0,0.0296,0.9973,-0.0671,0,-0.0002,0.0671,0.9977,0,0,14.7127,-0.3662,1],"rest":[1,0,0,0,0,1,0,0,0,0,1,0,0,14.7127,-0.3662,1],"parentBoneIndex":2,"length":31.8652
,"animation":{"dataType":3,"framePerSecond":24,"keys":[
{"frame":1,"values":[0.9996,-0.0295,0.0022,0,0.0296,0.9973,-0.0671,0,-0.0002,0.0671,0.9977,0,0,14.7127,-0.3662,1]},
{"frame":2,"values":[0.9996,-0.0292,0.0022,0,0.0293,0.9973,-0.0677,0,-0.0002,0.0677,0.9977,0,0,14.7127,-0.3662,1]},
{"frame":3,"values":[0.9996,-0.0291,0.0021,0,0.0291,0.9973,-0.0678,0,-0.0001,0.0678,0.9977,0,0,14.7127,-0.3662,1]},
{"frame":4,"values":[0.9995,-0.0313,0.0026,0,0.0314,0.9974,-0.0653,0,-0.0006,0.0653,0.9979,0,0,14.7127,-0.3662,1]},
{"frame":5,"values":[0.9994,-0.0354,0.0036,0,0.0356,0.9975,-0.0617,0,-0.0014,0.0618,0.9981,0,0,14.7127,-0.3662,1]},
{"frame":6,"values":[0.9993,-0.0379,0.0066,0,0.0383,0.9973,-0.0634,0,-0.0041,0.0637,0.998,0,0,14.7127,-0.3662,1]},
{"frame":7,"values":[0.9993,-0.0366,0.0126,0,0.0374,0.997,-0.0684,0,-0.0101,0.0688,0.9976,0,0,14.7127,-0.3662,1]},
{"frame":8,"values":[0.9993,-0.0334,0.0171,0,0.0346,0.9967,-0.073,0,-0.0147,0.0735,0.9972,0,0,14.7127,-0.3662,1]},
{"frame":9,"values":[0.9994,-0.0296,0.0205,0,0.0311,0.9967,-0.0752,0,-0.0182,0.0758,0.997,0,0,14.7127,-0.3662,1]},
{"frame":10,"values":[0.9994,-0.0253,0.0219,0,0.0268,0.9968,-0.0748,0,-0.02,0.0754,0.997,0,0,14.7127,-0.3662,1]},
{"frame":11,"values":[0.9996,-0.0184,0.0206,0,0.0199,0.9972,-0.0717,0,-0.0192,0.072,0.9972,0,0,14.7127,-0.3662,1]},
{"frame":12,"values":[0.9997,-0.0135,0.0222,0,0.015,0.9973,-0.0723,0,-0.0212,0.0726,0.9971,0,0,14.7127,-0.3662,1]},
{"frame":13,"values":[0.9997,-0.0119,0.0234,0,0.0136,0.9971,-0.0753,0,-0.0224,0.0756,0.9969,0,0,14.7127,-0.3662,1]},
{"frame":14,"values":[0.9997,-0.0106,0.023,0,0.0123,0.997,-0.0766,0,-0.0221,0.0769,0.9968,0,0,14.7127,-0.3662,1]},
{"frame":15,"values":[0.9997,-0.0069,0.0245,0,0.0087,0.9971,-0.0758,0,-0.0239,0.076,0.9968,0,0,14.7127,-0.3662,1]},
{"frame":16,"values":[0.9997,-0.0009,0.0259,0,0.0029,0.9971,-0.0754,0,-0.0258,0.0755,0.9968,0,0,14.7127,-0.3662,1]},
{"frame":17,"values":[0.9997,0.0051,0.0239,0,-0.0033,0.9972,-0.0752,0,-0.0243,0.0751,0.9969,0,0,14.7127,-0.3662,1]},
{"frame":18,"values":[0.9998,0.0105,0.0187,0,-0.0091,0.9971,-0.0753,0,-0.0194,0.0751,0.997,0,0,14.7127,-0.3662,1]},
{"frame":19,"values":[0.9998,0.0166,0.0124,0,-0.0156,0.997,-0.0752,0,-0.0137,0.075,0.9971,0,0,14.7127,-0.3662,1]},
{"frame":20,"values":[0.9997,0.0237,0.0085,0,-0.0229,0.9968,-0.0771,0,-0.0103,0.0769,0.997,0,0,14.7127,-0.3662,1]},
{"frame":21,"values":[0.9995,0.0308,0.0056,0,-0.0303,0.9963,-0.0802,0,-0.008,0.08,0.9968,0,0,14.7127,-0.3662,1]},
{"frame":22,"values":[0.9993,0.0362,0.0009,0,-0.036,0.996,-0.0822,0,-0.0039,0.0822,0.9966,0,0,14.7127,-0.3662,1]},
{"frame":23,"values":[0.9991,0.0413,-0.0054,0,-0.0416,0.9957,-0.0829,0,0.0019,0.0831,0.9965,0,0,14.7127,-0.3662,1]},
{"frame":24,"values":[0.9988,0.0472,-0.0128,0,-0.0481,0.9954,-0.0826,0,0.0088,0.0831,0.9965,0,0,14.7127,-0.3662,1]},
{"frame":25,"values":[0.9983,0.0548,-0.0176,0,-0.056,0.9951,-0.0811,0,0.013,0.0819,0.9966,0,0,14.7127,-0.3662,1]},
{"frame":26,"values":[0.9978,0.0632,-0.0186,0,-0.0644,0.9948,-0.0783,0,0.0136,0.0794,0.9968,0,0,14.7127,-0.3662,1]},
{"frame":27,"values":[0.9974,0.0702,-0.0138,0,-0.0711,0.9946,-0.0757,0,0.0084,0.0765,0.997,0,0,14.7127,-0.3662,1]},
{"frame":28,"values":[0.9974,0.0719,-0.0052,0,-0.0721,0.9947,-0.0736,0,-0.0002,0.0738,0.9973,0,0,14.7127,-0.3662,1]},
{"frame":29,"values":[0.9977,0.0681,0.0007,0,-0.0679,0.9951,-0.072,0,-0.0056,0.0718,0.9974,0,0,14.7127,-0.3662,1]},
{"frame":30,"values":[0.998,0.0624,0.0033,0,-0.062,0.9955,-0.071,0,-0.0077,0.0707,0.9975,0,0,14.7127,-0.3662,1]},
{"frame":31,"values":[0.9984,0.0573,0.0036,0,-0.0569,0.9959,-0.0705,0,-0.0076,0.0702,0.9975,0,0,14.7127,-0.3662,1]},
{"frame":32,"values":[0.9986,0.0532,0.0025,0,-0.0529,0.9961,-0.07,0,-0.0062,0.0697,0.9975,0,0,14.7127,-0.3662,1]},
{"frame":33,"values":[0.9988,0.0491,0.002,0,-0.0489,0.9965,-0.0671,0,-0.0053,0.067,0.9977,0,0,14.7127,-0.3662,1]},
{"frame":34,"values":[0.999,0.0446,0.0044,0,-0.0442,0.9971,-0.0618,0,-0.0072,0.0616,0.9981,0,0,14.7127,-0.3662,1]},
{"frame":35,"values":[0.9992,0.0389,0.0064,0,-0.0385,0.9975,-0.0588,0,-0.0087,0.0585,0.9982,0,0,14.7127,-0.3662,1]},
{"frame":36,"values":[0.9994,0.0335,0.006,0,-0.0331,0.9977,-0.0586,0,-0.0079,0.0584,0.9983,0,0,14.7127,-0.3662,1]},
{"frame":37,"values":[0.9996,0.0291,0.0054,0,-0.0287,0.9977,-0.0619,0,-0.0072,0.0617,0.9981,0,0,14.7127,-0.3662,1]},
{"frame":38,"values":[0.9997,0.0245,0.0061,0,-0.0241,0.9975,-0.0664,0,-0.0077,0.0662,0.9978,0,0,14.7127,-0.3662,1]},
{"frame":39,"values":[0.9998,0.0204,0.0073,0,-0.0199,0.9975,-0.0681,0,-0.0086,0.0679,0.9977,0,0,14.7127,-0.3662,1]},
{"frame":40,"values":[0.9998,0.0162,0.0079,0,-0.0156,0.9976,-0.0669,0,-0.009,0.0668,0.9977,0,0,14.7127,-0.3662,1]},
{"frame":41,"values":[0.9999,0.012,0.0067,0,-0.0115,0.9978,-0.0651,0,-0.0075,0.0651,0.9979,0,0,14.7127,-0.3662,1]},
{"frame":42,"values":[1,0.0069,0.0044,0,-0.0066,0.9979,-0.0644,0,-0.0048,0.0644,0.9979,0,0,14.7127,-0.3662,1]},
{"frame":43,"values":[1,0.0009,0.002,0,-0.0007,0.9979,-0.0654,0,-0.002,0.0654,0.9979,0,0,14.7127,-0.3662,1]},
{"frame":44,"values":[1,-0.0064,-0.0003,0,0.0064,0.9977,-0.068,0,0.0008,0.068,0.9977,0,0,14.7127,-0.3662,1]},
{"frame":45,"values":[0.9999,-0.0138,-0.0021,0,0.0136,0.9975,-0.0695,0,0.003,0.0694,0.9976,0,0,14.7127,-0.3662,1]},
{"frame":46,"values":[0.9998,-0.02,-0.0019,0,0.0198,0.9974,-0.0692,0,0.0033,0.0692,0.9976,0,0,14.7127,-0.3662,1]},
{"frame":47,"values":[0.9997,-0.0257,-0.0004,0,0.0256,0.9973,-0.0682,0,0.0022,0.0682,0.9977,0,0,14.7127,-0.3662,1]},
{"frame":48,"values":[0.9996,-0.0296,0.002,0,0.0296,0.9973,-0.0671,0,-0.0001,0.0671,0.9977,0,0,14.7127,-0.3662,1]}],"loopBehavior":1,"name":"anim","property":"_matrix"}},
{"name":"Neck","index":4,"matrix":[1,-0.006,-0.0074,0,0.0068,0.9939,0.1105,0,0.0067,-0.1105,0.9938,0,0,35.4155,-3.3142,1],"rest":[1,0,0,0,0,1,0,0,0,0,1,0,0,35.4155,-3.3142,1],"parentBoneIndex":3,"length":16.943
,"animation":{"dataType":3,"framePerSecond":24,"keys":[
{"frame":1,"values":[1,-0.006,-0.0074,0,0.0068,0.9939,0.1105,0,0.0067,-0.1105,0.9938,0,0,35.4155,-3.3142,1]},
{"frame":2,"values":[1,-0.0069,-0.0068,0,0.0075,0.9949,0.1002,0,0.0061,-0.1002,0.9949,0,0,35.4155,-3.3142,1]},
{"frame":3,"values":[0.9998,-0.0151,-0.0085,0,0.0158,0.9959,0.0893,0,0.0071,-0.0894,0.996,0,0,35.4155,-3.3142,1]},
{"frame":4,"values":[0.9997,-0.0197,-0.0151,0,0.0208,0.9967,0.0789,0,0.0135,-0.0792,0.9968,0,0,35.4155,-3.3142,1]},
{"frame":5,"values":[0.9996,-0.0169,-0.0224,0,0.0184,0.9974,0.0696,0,0.0211,-0.07,0.9973,0,0,35.4155,-3.3142,1]},
{"frame":6,"values":[0.9996,-0.007,-0.0259,0,0.0087,0.9976,0.0685,0,0.0253,-0.0687,0.9973,0,0,35.4155,-3.3142,1]},
{"frame":7,"values":[0.9996,0.0096,-0.0253,0,-0.0077,0.9972,0.0742,0,0.026,-0.074,0.9969,0,0,35.4155,-3.3142,1]},
{"frame":8,"values":[0.9996,0.0247,-0.0156,0,-0.0234,0.9965,0.0803,0,0.0175,-0.0799,0.9966,0,0,35.4155,-3.3142,1]},
{"frame":9,"values":[0.9992,0.0393,-0.0028,0,-0.0389,0.9957,0.0842,0,0.0061,-0.084,0.9964,0,0,35.4155,-3.3142,1]},
{"frame":10,"values":[0.9987,0.0495,0.0094,0,-0.0501,0.9949,0.0875,0,-0.0051,-0.0879,0.9961,0,0,35.4155,-3.3142,1]},
{"frame":11,"values":[0.9982,0.0563,0.0191,0,-0.0576,0.9952,0.0793,0,-0.0145,-0.0803,0.9967,0,0,35.4155,-3.3142,1]},
{"frame":12,"values":[0.998,0.0579,0.027,0,-0.0596,0.996,0.0659,0,-0.023,-0.0674,0.9975,0,0,35.4155,-3.3142,1]},
{"frame":13,"values":[0.9977,0.0591,0.0335,0,-0.0608,0.9967,0.0538,0,-0.0302,-0.0558,0.998,0,0,35.4155,-3.3142,1]},
{"frame":14,"values":[0.9976,0.0587,0.038,0,-0.0605,0.997,0.0493,0,-0.035,-0.0515,0.9981,0,0,35.4155,-3.3142,1]},
{"frame":15,"values":[0.9976,0.0562,0.0415,0,-0.0583,0.997,0.0515,0,-0.0385,-0.0538,0.9978,0,0,35.4155,-3.3142,1]},
{"frame":16,"values":[0.9974,0.0553,0.0452,0,-0.058,0.9966,0.0593,0,-0.0418,-0.0617,0.9972,0,0,35.4155,-3.3142,1]},
{"frame":17,"values":[0.9971,0.0573,0.0497,0,-0.0606,0.9958,0.0687,0,-0.0455,-0.0715,0.9964,0,0,35.4155,-3.3142,1]},
{"frame":18,"values":[0.9968,0.0591,0.0536,0,-0.0632,0.995,0.0777,0,-0.0488,-0.0808,0.9955,0,0,35.4155,-3.3142,1]},
{"frame":19,"values":[0.9967,0.0589,0.0564,0,-0.0636,0.9944,0.0845,0,-0.0511,-0.0878,0.9948,0,0,35.4155,-3.3142,1]},
{"frame":20,"values":[0.9968,0.0541,0.0581,0,-0.0592,0.9942,0.0899,0,-0.0529,-0.0931,0.9943,0,0,35.4155,-3.3142,1]},
{"frame":21,"values":[0.9971,0.0479,0.0593,0,-0.0533,0.9943,0.0923,0,-0.0545,-0.0952,0.994,0,0,35.4155,-3.3142,1]},
{"frame":22,"values":[0.9973,0.0419,0.0608,0,-0.0475,0.9945,0.0937,0,-0.0565,-0.0964,0.9937,0,0,35.4155,-3.3142,1]},
{"frame":23,"values":[0.9974,0.0354,0.0623,0,-0.0414,0.9945,0.0963,0,-0.0586,-0.0987,0.9934,0,0,35.4155,-3.3142,1]},
{"frame":24,"values":[0.9976,0.029,0.0628,0,-0.0353,0.9943,0.1008,0,-0.0595,-0.1027,0.9929,0,0,35.4155,-3.3142,1]},
{"frame":25,"values":[0.9979,0.0232,0.0613,0,-0.0297,0.9938,0.1073,0,-0.0584,-0.1089,0.9923,0,0,35.4155,-3.3142,1]},
{"frame":26,"values":[0.9981,0.0214,0.0575,0,-0.0279,0.9929,0.1156,0,-0.0547,-0.117,0.9916,0,0,35.4155,-3.3142,1]},
{"frame":27,"values":[0.9984,0.0233,0.0513,0,-0.0295,0.9919,0.1234,0,-0.048,-0.1247,0.991,0,0,35.4155,-3.3142,1]},
{"frame":28,"values":[0.9987,0.0265,0.0442,0,-0.032,0.9912,0.1284,0,-0.0404,-0.1297,0.9907,0,0,35.4155,-3.3142,1]},
{"frame":29,"values":[0.9989,0.0293,0.0374,0,-0.0339,0.9908,0.1307,0,-0.0332,-0.1318,0.9907,0,0,35.4155,-3.3142,1]},
{"frame":30,"values":[0.9992,0.0264,0.0307,0,-0.0303,0.9905,0.1344,0,-0.0269,-0.1352,0.9905,0,0,35.4155,-3.3142,1]},
{"frame":31,"values":[0.9995,0.0212,0.0238,0,-0.0243,0.9901,0.1381,0,-0.0207,-0.1386,0.9901,0,0,35.4155,-3.3142,1]},
{"frame":32,"values":[0.9997,0.0161,0.016,0,-0.0182,0.9899,0.1403,0,-0.0136,-0.1406,0.99,0,0,35.4155,-3.3142,1]},
{"frame":33,"values":[0.9999,0.0116,0.0081,0,-0.0126,0.9903,0.138,0,-0.0064,-0.1381,0.9904,0,0,35.4155,-3.3142,1]},
{"frame":34,"values":[1,0.0079,0.0004,0,-0.0079,0.9911,0.1332,0,0.0007,-0.1332,0.9911,0,0,35.4155,-3.3142,1]},
{"frame":35,"values":[1,0.004,-0.0067,0,-0.0031,0.9915,0.13,0,0.0071,-0.13,0.9915,0,0,35.4155,-3.3142,1]},
{"frame":36,"values":[0.9999,-0.0007,-0.0115,0,0.0022,0.9918,0.1281,0,0.0113,-0.1281,0.9917,0,0,35.4155,-3.3142,1]},
{"frame":37,"values":[0.9999,-0.0048,-0.0156,0,0.0067,0.9916,0.1291,0,0.0148,-0.1292,0.9915,0,0,35.4155,-3.3142,1]},
{"frame":38,"values":[0.9998,-0.0072,-0.0185,0,0.0095,0.9916,0.1291,0,0.0174,-0.1292,0.9915,0,0,35.4155,-3.3142,1]},
{"frame":39,"values":[0.9997,-0.01,-0.02,0,0.0125,0.9917,0.1276,0,0.0186,-0.1278,0.9916,0,0,35.4155,-3.3142,1]},
{"frame":40,"values":[0.9997,-0.012,-0.0194,0,0.0144,0.992,0.1256,0,0.0178,-0.1259,0.9919,0,0,35.4155,-3.3142,1]},
{"frame":41,"values":[0.9997,-0.0146,-0.018,0,0.0167,0.9922,0.1233,0,0.0161,-0.1236,0.9922,0,0,35.4155,-3.3142,1]},
{"frame":42,"values":[0.9997,-0.0158,-0.0163,0,0.0177,0.9925,0.1208,0,0.0142,-0.121,0.9925,0,0,35.4155,-3.3142,1]},
{"frame":43,"values":[0.9998,-0.0155,-0.0142,0,0.0171,0.9928,0.1185,0,0.0122,-0.1187,0.9929,0,0,35.4155,-3.3142,1]},
{"frame":44,"values":[0.9998,-0.0143,-0.0123,0,0.0156,0.9931,0.1166,0,0.0106,-0.1167,0.9931,0,0,35.4155,-3.3142,1]},
{"frame":45,"values":[0.9999,-0.0124,-0.0108,0,0.0135,0.9933,0.1149,0,0.0093,-0.115,0.9933,0,0,35.4155,-3.3142,1]},
{"frame":46,"values":[0.9999,-0.0103,-0.0094,0,0.0113,0.9935,0.1134,0,0.0082,-0.1135,0.9935,0,0,35.4155,-3.3142,1]},
{"frame":47,"values":[0.9999,-0.0081,-0.0083,0,0.0089,0.9937,0.1119,0,0.0074,-0.112,0.9937,0,0,35.4155,-3.3142,1]},
{"frame":48,"values":[1,-0.006,-0.0074,0,0.0068,0.9939,0.1105,0,0.0067,-0.1105,0.9938,0,0,35.4155,-3.3142,1]}],"loopBehavior":1,"name":"anim","property":"_matrix"}},
{"name":"Head","index":5,"matrix":[0.9882,0.1237,-0.0902,0,-0.135,0.982,-0.1323,0,0.0722,0.1429,0.9871,0,0,16.8992,1.2183,1],"rest":[1,0,0,0,0,1,0,0,0,0,1,0,0,16.8992,1.2183,1],"parentBoneIndex":4,"length":22.3142
,"animation":{"dataType":3,"framePerSecond":24,"keys":[
{"frame":1,"values":[0.9882,0.1237,-0.0902,0,-0.135,0.982,-0.1323,0,0.0722,0.1429,0.9871,0,0,16.8992,1.2183,1]},
{"frame":2,"values":[0.9925,0.1045,-0.064,0,-0.1113,0.9872,-0.1138,0,0.0513,0.1201,0.9914,0,0,16.8992,1.2183,1]},
{"frame":3,"values":[0.9977,0.033,-0.0593,0,-0.0405,0.9905,-0.1313,0,0.0544,0.1334,0.9896,0,0,16.8992,1.2183,1]},
{"frame":4,"values":[0.9953,-0.0378,-0.0887,0,0.0179,0.9764,-0.2151,0,0.0947,0.2125,0.9725,0,0,16.8992,1.2183,1]},
{"frame":5,"values":[0.9901,-0.0398,-0.1344,0,0.0043,0.9669,-0.255,0,0.1401,0.2519,0.9575,0,0,16.8992,1.2183,1]},
{"frame":6,"values":[0.9845,-0.0057,-0.1754,0,-0.0217,0.9879,-0.1535,0,0.1741,0.1549,0.9725,0,0,16.8992,1.2183,1]},
{"frame":7,"values":[0.9813,0.067,-0.1804,0,-0.0597,0.9972,0.0457,0,0.1829,-0.0341,0.9825,0,0,16.8992,1.2183,1]},
{"frame":8,"values":[0.9813,0.1398,-0.1323,0,-0.1008,0.9589,0.2654,0,0.1639,-0.2471,0.955,0,0,16.8992,1.2183,1]},
{"frame":9,"values":[0.98,0.1944,-0.0421,0,-0.1606,0.8985,0.4086,0,0.1173,-0.3937,0.9117,0,0,16.8992,1.2183,1]},
{"frame":10,"values":[0.9726,0.2251,0.0581,0,-0.2296,0.8911,0.3914,0,0.0364,-0.394,0.9184,0,0,16.8992,1.2183,1]},
{"frame":11,"values":[0.9682,0.2163,0.1255,0,-0.2416,0.9385,0.2467,0,-0.0644,-0.2692,0.9609,0,0,16.8992,1.2183,1]},
{"frame":12,"values":[0.9689,0.1954,0.1521,0,-0.2151,0.9683,0.1266,0,-0.1225,-0.1554,0.9802,0,0,16.8992,1.2183,1]},
{"frame":13,"values":[0.9645,0.1889,0.1843,0,-0.2037,0.9769,0.0648,0,-0.1678,-0.1,0.9807,0,0,16.8992,1.2183,1]},
{"frame":14,"values":[0.9572,0.1823,0.2249,0,-0.1958,0.9799,0.0387,0,-0.2133,-0.081,0.9736,0,0,16.8992,1.2183,1]},
{"frame":15,"values":[0.9485,0.1776,0.2623,0,-0.1956,0.9797,0.044,0,-0.2492,-0.0931,0.964,0,0,16.8992,1.2183,1]},
{"frame":16,"values":[0.9384,0.1778,0.2964,0,-0.2022,0.9779,0.0534,0,-0.2804,-0.1101,0.9536,0,0,16.8992,1.2183,1]},
{"frame":17,"values":[0.9261,0.1853,0.3286,0,-0.2127,0.9759,0.0492,0,-0.3115,-0.1155,0.9432,0,0,16.8992,1.2183,1]},
{"frame":18,"values":[0.913,0.2005,0.3554,0,-0.2282,0.9729,0.0375,0,-0.3383,-0.1153,0.934,0,0,16.8992,1.2183,1]},
{"frame":19,"values":[0.9013,0.2175,0.3745,0,-0.2429,0.9698,0.0215,0,-0.3586,-0.1103,0.927,0,0,16.8992,1.2183,1]},
{"frame":20,"values":[0.8944,0.2226,0.3879,0,-0.2424,0.9702,0.0022,0,-0.3758,-0.096,0.9217,0,0,16.8992,1.2183,1]},
{"frame":21,"values":[0.8962,0.2068,0.3925,0,-0.2176,0.9759,-0.0174,0,-0.3866,-0.0698,0.9196,0,0,16.8992,1.2183,1]},
{"frame":22,"values":[0.9011,0.1811,0.3939,0,-0.1827,0.9826,-0.0338,0,-0.3932,-0.0415,0.9185,0,0,16.8992,1.2183,1]},
{"frame":23,"values":[0.9096,0.1411,0.3907,0,-0.1351,0.9899,-0.0431,0,-0.3928,-0.0136,0.9195,0,0,16.8992,1.2183,1]},
{"frame":24,"values":[0.921,0.0998,0.3765,0,-0.0895,0.995,-0.0448,0,-0.3791,0.0075,0.9253,0,0,16.8992,1.2183,1]},
{"frame":25,"values":[0.9359,0.063,0.3467,0,-0.0483,0.9975,-0.0511,0,-0.349,0.031,0.9366,0,0,16.8992,1.2183,1]},
{"frame":26,"values":[0.9509,0.0515,0.3051,0,-0.0301,0.9968,-0.0743,0,-0.308,0.0615,0.9494,0,0,16.8992,1.2183,1]},
{"frame":27,"values":[0.9654,0.0706,0.2509,0,-0.0484,0.9944,-0.0937,0,-0.2561,0.0783,0.9635,0,0,16.8992,1.2183,1]},
{"frame":28,"values":[0.9726,0.1186,0.1997,0,-0.097,0.9886,-0.1148,0,-0.2111,0.0923,0.9731,0,0,16.8992,1.2183,1]},
{"frame":29,"values":[0.976,0.1544,0.1538,0,-0.1349,0.9823,-0.1303,0,-0.1712,0.1064,0.9795,0,0,16.8992,1.2183,1]},
{"frame":30,"values":[0.9793,0.1664,0.1152,0,-0.1513,0.98,-0.1289,0,-0.1343,0.1088,0.9849,0,0,16.8992,1.2183,1]},
{"frame":31,"values":[0.9837,0.1624,0.0775,0,-0.1531,0.9816,-0.1142,0,-0.0946,0.1005,0.9904,0,0,16.8992,1.2183,1]},
{"frame":32,"values":[0.9867,0.159,0.0338,0,-0.1547,0.9822,-0.1066,0,-0.0502,0.1,0.9937,0,0,16.8992,1.2183,1]},
{"frame":33,"values":[0.9877,0.1561,-0.0122,0,-0.1565,0.9809,-0.1157,0,-0.0061,0.1162,0.9932,0,0,16.8992,1.2183,1]},
{"frame":34,"values":[0.9882,0.1413,-0.0596,0,-0.1483,0.9794,-0.1369,0,0.039,0.1441,0.9888,0,0,16.8992,1.2183,1]},
{"frame":35,"values":[0.9872,0.1274,-0.0954,0,-0.1416,0.9768,-0.1604,0,0.0728,0.1719,0.9824,0,0,16.8992,1.2183,1]},
{"frame":36,"values":[0.9874,0.1153,-0.1088,0,-0.1324,0.9772,-0.1659,0,0.0872,0.1782,0.9801,0,0,16.8992,1.2183,1]},
{"frame":37,"values":[0.9876,0.1068,-0.1151,0,-0.1237,0.9806,-0.152,0,0.0967,0.1643,0.9817,0,0,16.8992,1.2183,1]},
{"frame":38,"values":[0.988,0.0998,-0.1176,0,-0.1156,0.9838,-0.137,0,0.102,0.1489,0.9836,0,0,16.8992,1.2183,1]},
{"frame":39,"values":[0.9895,0.0814,-0.1193,0,-0.0966,0.9872,-0.1272,0,0.1074,0.1374,0.9847,0,0,16.8992,1.2183,1]},
{"frame":40,"values":[0.9922,0.0534,-0.1129,0,-0.0678,0.9896,-0.1272,0,0.105,0.1338,0.9854,0,0,16.8992,1.2183,1]},
{"frame":41,"values":[0.9934,0.0379,-0.1084,0,-0.0518,0.9904,-0.1281,0,0.1025,0.1329,0.9858,0,0,16.8992,1.2183,1]},
{"frame":42,"values":[0.9938,0.0343,-0.1056,0,-0.0479,0.9905,-0.1287,0,0.1002,0.1329,0.986,0,0,16.8992,1.2183,1]},
{"frame":43,"values":[0.994,0.0381,-0.1027,0,-0.0513,0.9903,-0.1291,0,0.0968,0.1336,0.9863,0,0,16.8992,1.2183,1]},
{"frame":44,"values":[0.9937,0.0499,-0.1003,0,-0.0627,0.9896,-0.1296,0,0.0928,0.1351,0.9865,0,0,16.8992,1.2183,1]},
{"frame":45,"values":[0.993,0.0666,-0.0979,0,-0.0792,0.9883,-0.1303,0,0.0881,0.1372,0.9866,0,0,16.8992,1.2183,1]},
{"frame":46,"values":[0.9917,0.0857,-0.0954,0,-0.0978,0.9865,-0.1311,0,0.0828,0.1394,0.9868,0,0,16.8992,1.2183,1]},
{"frame":47,"values":[0.9901,0.1053,-0.0928,0,-0.117,0.9843,-0.1319,0,0.0774,0.1414,0.9869,0,0,16.8992,1.2183,1]},
{"frame":48,"values":[0.9882,0.1237,-0.0902,0,-0.135,0.982,-0.1323,0,0.0722,0.1429,0.9871,0,0,16.8992,1.2183,1]}],"loopBehavior":1,"name":"anim","property":"_matrix"}},
{"name":"HeadTop_End","index":6,"matrix":[1,0,0,0,0,1,0,0,0,0,1,0,0,22.2062,2.1925,1],"rest":[1,0,0,0,0,1,0,0,0,0,1,0,0,22.2062,2.1925,1],"parentBoneIndex":5,"length":22.3142
,"animation":{"dataType":3,"framePerSecond":24,"keys":[
{"frame":1,"values":[1,0,0,0,0,1,0,0,0,0,1,0,0,22.2062,2.1925,1]},
{"frame":48,"values":[1,0,0,0,0,1,0,0,0,0,1,0,0,22.2062,2.1925,1]}],"loopBehavior":1,"name":"anim","property":"_matrix"}},
{"name":"LeftShoulder","index":7,"matrix":[0.9655,-0.2402,0.1003,0,0.2274,0.9659,0.1239,0,-0.1266,-0.0968,0.9872,0,12.8964,26.7163,-4.5484,1],"rest":[1,0,0,0,0,1,0,0,0,0,1,0,12.8964,26.7163,-4.5484,1],"parentBoneIndex":3,"length":19.7122
,"animation":{"dataType":3,"framePerSecond":24,"keys":[
{"frame":1,"values":[0.9655,-0.2402,0.1003,0,0.2274,0.9659,0.1239,0,-0.1266,-0.0968,0.9872,0,12.8964,26.7163,-4.5484,1]},
{"frame":2,"values":[0.9659,-0.2388,0.1004,0,0.226,0.9662,0.1237,0,-0.1265,-0.0968,0.9872,0,12.8964,26.7163,-4.5484,1]},
{"frame":3,"values":[0.9669,-0.2382,0.091,0,0.2265,0.9663,0.1225,0,-0.1171,-0.0978,0.9883,0,12.8964,26.7163,-4.5484,1]},
{"frame":4,"values":[0.9697,-0.2298,0.083,0,0.2191,0.9683,0.1202,0,-0.1079,-0.0984,0.9893,0,12.8964,26.7163,-4.5484,1]},
{"frame":5,"values":[0.972,-0.2182,0.0873,0,0.2073,0.971,0.1191,0,-0.1108,-0.0977,0.989,0,12.8964,26.7163,-4.5484,1]},
{"frame":6,"values":[0.9717,-0.2116,0.1046,0,0.1988,0.9727,0.12,0,-0.1271,-0.0958,0.9872,0,12.8964,26.7163,-4.5484,1]},
{"frame":7,"values":[0.9716,-0.206,0.1163,0,0.1921,0.974,0.1204,0,-0.1381,-0.0947,0.9859,0,12.8964,26.7163,-4.5484,1]},
{"frame":8,"values":[0.9728,-0.1944,0.126,0,0.1796,0.9764,0.1198,0,-0.1463,-0.0939,0.9848,0,12.8964,26.7163,-4.5484,1]},
{"frame":9,"values":[0.9761,-0.1719,0.1332,0,0.1568,0.9807,0.1171,0,-0.1507,-0.0934,0.9841,0,12.8964,26.7163,-4.5484,1]},
{"frame":10,"values":[0.9787,-0.1403,0.15,0,0.124,0.9858,0.1135,0,-0.1638,-0.0925,0.9821,0,12.8964,26.7163,-4.5484,1]},
{"frame":11,"values":[0.9749,-0.1274,0.1826,0,0.1078,0.9877,0.1134,0,-0.1948,-0.0908,0.9766,0,12.8964,26.7163,-4.5484,1]},
{"frame":12,"values":[0.9734,-0.1268,0.191,0,0.1063,0.9878,0.1139,0,-0.2031,-0.0905,0.975,0,12.8964,26.7163,-4.5484,1]},
{"frame":13,"values":[0.975,-0.1193,0.1875,0,0.0994,0.9887,0.1122,0,-0.1988,-0.0907,0.9758,0,12.8964,26.7163,-4.5484,1]},
{"frame":14,"values":[0.9756,-0.1173,0.1856,0,0.0977,0.989,0.1112,0,-0.1966,-0.0904,0.9763,0,12.8964,26.7163,-4.5484,1]},
{"frame":15,"values":[0.9744,-0.1247,0.1873,0,0.105,0.9882,0.1118,0,-0.199,-0.0893,0.9759,0,12.8964,26.7163,-4.5484,1]},
{"frame":16,"values":[0.9729,-0.1316,0.1899,0,0.1118,0.9875,0.1114,0,-0.2022,-0.0871,0.9755,0,12.8964,26.7163,-4.5484,1]},
{"frame":17,"values":[0.9732,-0.1276,0.1912,0,0.1083,0.9882,0.1087,0,-0.2028,-0.0851,0.9755,0,12.8964,26.7163,-4.5484,1]},
{"frame":18,"values":[0.9745,-0.1291,0.1835,0,0.111,0.9881,0.1061,0,-0.1951,-0.083,0.9773,0,12.8964,26.7163,-4.5484,1]},
{"frame":19,"values":[0.9755,-0.136,0.1727,0,0.1192,0.9874,0.1042,0,-0.1847,-0.081,0.9795,0,12.8964,26.7163,-4.5484,1]},
{"frame":20,"values":[0.9766,-0.1461,0.1579,0,0.131,0.9861,0.1026,0,-0.1707,-0.0796,0.9821,0,12.8964,26.7163,-4.5484,1]},
{"frame":21,"values":[0.9777,-0.1553,0.1416,0,0.1417,0.9847,0.1011,0,-0.1551,-0.0788,0.9848,0,12.8964,26.7163,-4.5484,1]},
{"frame":22,"values":[0.9783,-0.1623,0.1286,0,0.15,0.9836,0.1,0,-0.1428,-0.0785,0.9866,0,12.8964,26.7163,-4.5484,1]},
{"frame":23,"values":[0.9791,-0.1677,0.1152,0,0.1567,0.9827,0.0989,0,-0.1298,-0.0788,0.9884,0,12.8964,26.7163,-4.5484,1]},
{"frame":24,"values":[0.9804,-0.1693,0.1008,0,0.1596,0.9824,0.0974,0,-0.1155,-0.0794,0.9901,0,12.8964,26.7163,-4.5484,1]},
