{"producer":{"name":"Blender","version":"2.90.0","exporter_version":"2.80.1","file":"riffle_walk.babylon"},
"autoClear":true,"clearColor":[0.0509,0.0509,0.0509],"gravity":[0,-9.81,0],
"materials":[{"name":"Material","id":"Material","customType":"BABYLON.PBRMaterial","backFaceCulling":true,"checkReadyOnlyOnce":false,"maxSimultaneousLights":4,"environmentIntensity":1,"albedo":[0.8,0.8,0.8],"reflectivity":[0.5,0.5,0.5],"roughness":0.4,"alpha":1,"transparencyMode":0,"alphaCutOff":0.4,"metallic":0}],
"multiMaterials":[],
"skeletons":[{"name":"Armature","id":0,"dimensionsAtRest":[232.1761,222.9347,36.3014],"bones":[
{"name":"Hips","index":0,"matrix":[0.7641,-0.0845,-0.6395,0,0.107,0.9943,-0.0036,0,-0.6361,0.0657,-0.7688,0,0.1454,73.6893,-1.0275,1],"rest":[1,0,0,0,0,1,0,0,0,0,-1,0,0,89.0054,0,1],"parentBoneIndex":-1,"length":14.2998
,"animation":{"dataType":3,"framePerSecond":24,"keys":[
{"frame":1,"values":[0.7641,-0.0845,-0.6395,0,0.107,0.9943,-0.0036,0,-0.6361,0.0657,-0.7688,0,0.1454,73.6893,-1.0275,1]},
{"frame":2,"values":[0.7415,-0.079,-0.6663,0,0.0969,0.9952,-0.0101,0,-0.6639,0.0571,-0.7456,0,-0.0363,74.8381,-0.0736,1]},
{"frame":3,"values":[0.7159,-0.0732,-0.6944,0,0.0856,0.9962,-0.0168,0,-0.693,0.0474,-0.7194,0,-0.2337,75.417,0.8572,1]},
{"frame":4,"values":[0.6893,-0.0703,-0.721,0,0.0759,0.9968,-0.0246,0,-0.7204,0.0378,-0.6925,0,-0.3782,75.3475,1.634,1]},
{"frame":5,"values":[0.6653,-0.0685,-0.7434,0,0.0674,0.9972,-0.0316,0,-0.7435,0.0291,-0.6681,0,-0.4442,74.9758,2.4052,1]},
{"frame":6,"values":[0.6483,-0.0687,-0.7583,0,0.0617,0.9974,-0.0376,0,-0.7589,0.0225,-0.6508,0,-0.1798,74.2709,3.0171,1]},
{"frame":7,"values":[0.642,-0.0711,-0.7634,0,0.0601,0.9973,-0.0424,0,-0.7644,0.0186,-0.6445,0,0.3089,73.4803,2.9931,1]},
{"frame":8,"values":[0.6478,-0.0745,-0.7582,0,0.0617,0.9971,-0.0453,0,-0.7593,0.0174,-0.6505,0,0.8929,72.2953,2.1144,1]},
{"frame":9,"values":[0.6617,-0.077,-0.7458,0,0.0645,0.9969,-0.0457,0,-0.747,0.0179,-0.6646,0,1.3849,70.8665,1.8086,1]},
{"frame":10,"values":[0.6831,-0.0734,-0.7266,0,0.0648,0.9971,-0.0398,0,-0.7274,0.0199,-0.6859,0,1.8036,70.6444,2.346,1]},
{"frame":11,"values":[0.7089,-0.0643,-0.7024,0,0.062,0.9977,-0.0288,0,-0.7026,0.0231,-0.7112,0,2.1344,71.6458,3.3875,1]},
{"frame":12,"values":[0.7373,-0.0574,-0.6731,0,0.0609,0.998,-0.0183,0,-0.6728,0.0275,-0.7393,0,2.5186,72.9084,4.3483,1]},
{"frame":13,"values":[0.7663,-0.053,-0.6402,0,0.0616,0.9981,-0.009,0,-0.6395,0.0325,-0.7681,0,2.9041,74.1666,5.3514,1]},
{"frame":14,"values":[0.7944,-0.0517,-0.6052,0,0.0642,0.9979,-0.0009,0,-0.604,0.0381,-0.7961,0,3.1348,75.1133,6.3658,1]},
{"frame":15,"values":[0.8199,-0.0538,-0.5699,0,0.0691,0.9976,0.0053,0,-0.5683,0.0438,-0.8217,0,3.224,75.4507,7.1571,1]},
{"frame":16,"values":[0.842,-0.0561,-0.5365,0,0.0738,0.9972,0.0115,0,-0.5343,0.0493,-0.8438,0,3.1722,74.631,7.916,1]},
{"frame":17,"values":[0.8603,-0.0599,-0.5062,0,0.0791,0.9967,0.0164,0,-0.5036,0.0542,-0.8623,0,2.9963,73.084,8.4609,1]},
{"frame":18,"values":[0.8735,-0.0644,-0.4825,0,0.0845,0.9962,0.0199,0,-0.4794,0.0582,-0.8756,0,2.7136,71.4855,8.4809,1]},
{"frame":19,"values":[0.8815,-0.0637,-0.4679,0,0.0849,0.9961,0.0243,0,-0.4645,0.0611,-0.8835,0,2.1969,70.2032,7.165,1]},
{"frame":20,"values":[0.8798,-0.0608,-0.4715,0,0.0834,0.9961,0.0271,0,-0.4681,0.0632,-0.8814,0,1.7109,70.0784,5.3726,1]},
{"frame":21,"values":[0.87,-0.0632,-0.4889,0,0.0866,0.9959,0.0254,0,-0.4853,0.0645,-0.872,0,1.4015,69.2586,3.9887,1]},
{"frame":22,"values":[0.85,-0.0727,-0.5217,0,0.0962,0.9952,0.018,0,-0.5179,0.0655,-0.853,0,1.168,69.1518,3.917,1]},
{"frame":23,"values":[0.8225,-0.0775,-0.5635,0,0.1014,0.9948,0.0112,0,-0.5597,0.0664,-0.826,0,0.8075,70.5166,3.131,1]},
{"frame":24,"values":[0.7921,-0.0813,-0.605,0,0.105,0.9945,0.0038,0,-0.6013,0.0665,-0.7962,0,0.3719,72.2182,1.0228,1]},
{"frame":25,"values":[0.7641,-0.0845,-0.6395,0,0.107,0.9943,-0.0036,0,-0.6361,0.0657,-0.7688,0,0.1455,73.6893,-1.0275,1]}],"loopBehavior":1,"name":"anim","property":"_matrix"}},
{"name":"Spine","index":1,"matrix":[0.9995,-0.0287,-0.0092,0,0.03,0.9794,0.1995,0,0.0032,-0.1997,0.9798,0,0.1169,10.681,0.3734,1],"rest":[1,0,0,0,0,1,0,0,0,0,1,0,0.1169,10.681,0.3734,1],"parentBoneIndex":0,"length":13.8405
,"animation":{"dataType":3,"framePerSecond":24,"keys":[
{"frame":1,"values":[0.9995,-0.0287,-0.0092,0,0.03,0.9794,0.1995,0,0.0032,-0.1997,0.9798,0,0.1169,10.681,0.3734,1]},
{"frame":2,"values":[0.999,-0.0337,-0.0308,0,0.0387,0.9828,0.1805,0,0.0242,-0.1815,0.9831,0,0.1169,10.681,0.3734,1]},
{"frame":3,"values":[0.9978,-0.0395,-0.0526,0,0.0475,0.9859,0.1602,0,0.0455,-0.1624,0.9857,0,0.1169,10.681,0.3734,1]},
{"frame":4,"values":[0.9963,-0.0427,-0.0743,0,0.053,0.9884,0.1425,0,0.0674,-0.1459,0.987,0,0.1169,10.681,0.3734,1]},
{"frame":5,"values":[0.9946,-0.044,-0.094,0,0.056,0.9901,0.1288,0,0.0874,-0.1333,0.9872,0,0.1169,10.681,0.3734,1]},
{"frame":6,"values":[0.9934,-0.0373,-0.1081,0,0.0507,0.991,0.1237,0,0.1025,-0.1284,0.9864,0,0.1169,10.681,0.3734,1]},
{"frame":7,"values":[0.9933,-0.022,-0.1138,0,0.0363,0.9914,0.1259,0,0.1101,-0.1292,0.9855,0,0.1169,10.681,0.3734,1]},
{"frame":8,"values":[0.9939,-0.004,-0.1103,0,0.0191,0.9905,0.1361,0,0.1087,-0.1373,0.9845,0,0.1169,10.681,0.3734,1]},
{"frame":9,"values":[0.9947,0.012,-0.102,0,0.0036,0.9885,0.1514,0,0.1027,-0.1509,0.9832,0,0.1169,10.681,0.3734,1]},
{"frame":10,"values":[0.9958,0.0199,-0.0891,0,-0.0043,0.985,0.1726,0,0.0912,-0.1715,0.981,0,0.1169,10.681,0.3734,1]},
{"frame":11,"values":[0.997,0.0192,-0.0749,0,-0.0036,0.9792,0.2027,0,0.0772,-0.2018,0.9764,0,0.1169,10.681,0.3734,1]},
{"frame":12,"values":[0.9982,0.0208,-0.057,0,-0.0066,0.971,0.2391,0,0.0603,-0.2383,0.9693,0,0.1169,10.681,0.3734,1]},
{"frame":13,"values":[0.999,0.0264,-0.0359,0,-0.0155,0.9612,0.2756,0,0.0418,-0.2747,0.9606,0,0.1169,10.681,0.3734,1]},
{"frame":14,"values":[0.9994,0.0314,-0.0139,0,-0.0256,0.9509,0.3086,0,0.0229,-0.308,0.9511,0,0.1169,10.681,0.3734,1]},
{"frame":15,"values":[0.9992,0.0401,0.0088,0,-0.0407,0.9409,0.3362,0,0.0053,-0.3362,0.9418,0,0.1169,10.681,0.3734,1]},
{"frame":16,"values":[0.9982,0.0511,0.0324,0,-0.0593,0.9337,0.353,0,-0.0122,-0.3543,0.9351,0,0.1169,10.681,0.3734,1]},
{"frame":17,"values":[0.9969,0.058,0.054,0,-0.0736,0.9311,0.3574,0,-0.0295,-0.3602,0.9324,0,0.1169,10.681,0.3734,1]},
{"frame":18,"values":[0.9957,0.0594,0.0705,0,-0.0804,0.9338,0.3488,0,-0.0451,-0.3529,0.9346,0,0.1169,10.681,0.3734,1]},
{"frame":19,"values":[0.9953,0.0532,0.0808,0,-0.0772,0.9401,0.3319,0,-0.0583,-0.3366,0.9398,0,0.1169,10.681,0.3734,1]},
{"frame":20,"values":[0.9963,0.0388,0.0763,0,-0.061,0.9474,0.3142,0,-0.0601,-0.3177,0.9463,0,0.1169,10.681,0.3734,1]},
{"frame":21,"values":[0.9976,0.0215,0.0664,0,-0.0405,0.9537,0.2981,0,-0.0569,-0.3,0.9522,0,0.1169,10.681,0.3734,1]},
{"frame":22,"values":[0.9988,0.0079,0.0489,0,-0.0212,0.9605,0.2773,0,-0.0447,-0.278,0.9595,0,0.1169,10.681,0.3734,1]},
{"frame":23,"values":[0.9996,-0.0092,0.0257,0,0.0024,0.9676,0.2523,0,-0.0272,-0.2522,0.9673,0,0.1169,10.681,0.3734,1]},
{"frame":24,"values":[0.9997,-0.0246,0.0043,0,0.023,0.9745,0.2232,0,-0.0097,-0.2231,0.9748,0,0.1169,10.681,0.3734,1]},
{"frame":25,"values":[0.9996,-0.0281,-0.0088,0,0.0293,0.9791,0.2014,0,0.0029,-0.2016,0.9795,0,0.1169,10.681,0.3734,1]}],"loopBehavior":1,"name":"anim","property":"_matrix"}},
{"name":"Spine1","index":2,"matrix":[0.975,0.113,-0.1912,0,-0.0561,0.9583,0.2803,0,0.2149,-0.2626,0.9407,0,0,13.8404,0.0535,1],"rest":[1,0,0,0,0,1,0,0,0,0,1,0,0,13.8404,0.0535,1],"parentBoneIndex":1,"length":14.7173
,"animation":{"dataType":3,"framePerSecond":24,"keys":[
{"frame":1,"values":[0.975,0.113,-0.1912,0,-0.0561,0.9583,0.2803,0,0.2149,-0.2626,0.9407,0,0,13.8404,0.0535,1]},
{"frame":2,"values":[0.9747,0.1138,-0.1924,0,-0.0556,0.957,0.2847,0,0.2165,-0.2668,0.9391,0,0,13.8404,0.0535,1]},
{"frame":3,"values":[0.9748,0.1109,-0.1935,0,-0.052,0.9567,0.2864,0,0.2169,-0.2691,0.9384,0,0,13.8404,0.0535,1]},
{"frame":4,"values":[0.9749,0.106,-0.1956,0,-0.0468,0.9572,0.2856,0,0.2175,-0.2693,0.9382,0,0,13.8404,0.0535,1]},
{"frame":5,"values":[0.975,0.1008,-0.1979,0,-0.0414,0.958,0.2836,0,0.2182,-0.2683,0.9383,0,0,13.8404,0.0535,1]},
{"frame":6,"values":[0.9752,0.095,-0.1997,0,-0.0359,0.959,0.281,0,0.2183,-0.2668,0.9387,0,0,13.8404,0.0535,1]},
{"frame":7,"values":[0.9756,0.0904,-0.2,0,-0.0316,0.9596,0.2796,0,0.2172,-0.2664,0.9391,0,0,13.8404,0.0535,1]},
{"frame":8,"values":[0.976,0.0881,-0.1991,0,-0.0299,0.96,0.2785,0,0.2156,-0.2659,0.9396,0,0,13.8404,0.0535,1]},
{"frame":9,"values":[0.9763,0.0884,-0.1976,0,-0.0308,0.9603,0.2774,0,0.2143,-0.2647,0.9402,0,0,13.8404,0.0535,1]},
{"frame":10,"values":[0.9766,0.0888,-0.1959,0,-0.0325,0.9612,0.2738,0,0.2127,-0.261,0.9416,0,0,13.8404,0.0535,1]},
{"frame":11,"values":[0.9765,0.088,-0.1966,0,-0.0336,0.9637,0.2649,0,0.2127,-0.2521,0.944,0,0,13.8404,0.0535,1]},
{"frame":12,"values":[0.9768,0.0826,-0.1974,0,-0.0312,0.9676,0.2505,0,0.2117,-0.2386,0.9478,0,0,13.8404,0.0535,1]},
{"frame":13,"values":[0.9774,0.0724,-0.1984,0,-0.0247,0.9721,0.2333,0,0.2098,-0.2231,0.9519,0,0,13.8404,0.0535,1]},
{"frame":14,"values":[0.9779,0.0611,-0.1997,0,-0.0169,0.9763,0.2158,0,0.2082,-0.2077,0.9558,0,0,13.8404,0.0535,1]},
{"frame":15,"values":[0.9783,0.0481,-0.2014,0,-0.0071,0.9798,0.1997,0,0.2069,-0.194,0.9589,0,0,13.8404,0.0535,1]},
{"frame":16,"values":[0.9788,0.0339,-0.202,0,0.0047,0.9822,0.1876,0,0.2048,-0.1846,0.9612,0,0,13.8404,0.0535,1]},
{"frame":17,"values":[0.9792,0.0248,-0.2013,0,0.0125,0.9832,0.1819,0,0.2024,-0.1807,0.9625,0,0,13.8404,0.0535,1]},
{"frame":18,"values":[0.9796,0.0224,-0.1995,0,0.015,0.9829,0.1837,0,0.2002,-0.183,0.9625,0,0,13.8404,0.0535,1]},
{"frame":19,"values":[0.9799,0.0253,-0.198,0,0.0132,0.9815,0.1911,0,0.1992,-0.1899,0.9614,0,0,13.8404,0.0535,1]},
{"frame":20,"values":[0.9797,0.0351,-0.1974,0,0.0056,0.9794,0.2017,0,0.2005,-0.1987,0.9593,0,0,13.8404,0.0535,1]},
{"frame":21,"values":[0.9791,0.0514,-0.197,0,-0.0082,0.9767,0.2143,0,0.2034,-0.2082,0.9567,0,0,13.8404,0.0535,1]},
{"frame":22,"values":[0.9781,0.0715,-0.1955,0,-0.025,0.9727,0.2305,0,0.2067,-0.2206,0.9532,0,0,13.8404,0.0535,1]},
{"frame":23,"values":[0.9768,0.0903,-0.1941,0,-0.0401,0.9678,0.2483,0,0.2103,-0.2348,0.949,0,0,13.8404,0.0535,1]},
{"frame":24,"values":[0.9755,0.1067,-0.1925,0,-0.0526,0.9623,0.2667,0,0.2137,-0.25,0.9444,0,0,13.8404,0.0535,1]},
{"frame":25,"values":[0.9751,0.1123,-0.1912,0,-0.0558,0.9588,0.2784,0,0.2145,-0.2608,0.9413,0,0,13.8404,0.0535,1]}],"loopBehavior":1,"name":"anim","property":"_matrix"}},
{"name":"Spine2","index":3,"matrix":[0.9652,0.1288,-0.2276,0,-0.0705,0.9662,0.2481,0,0.2518,-0.2234,0.9416,0,0,14.7127,-0.3662,1],"rest":[1,0,0,0,0,1,0,0,0,0,1,0,0,14.7127,-0.3662,1],"parentBoneIndex":2,"length":31.8652
,"animation":{"dataType":3,"framePerSecond":24,"keys":[
{"frame":1,"values":[0.9652,0.1288,-0.2276,0,-0.0705,0.9662,0.2481,0,0.2518,-0.2234,0.9416,0,0,14.7127,-0.3662,1]},
{"frame":2,"values":[0.9647,0.1307,-0.2287,0,-0.0709,0.965,0.2524,0,0.2537,-0.2273,0.9402,0,0,14.7127,-0.3662,1]},
{"frame":3,"values":[0.9649,0.1285,-0.2289,0,-0.0681,0.9646,0.2547,0,0.2535,-0.2302,0.9395,0,0,14.7127,-0.3662,1]},
{"frame":4,"values":[0.9653,0.1239,-0.2299,0,-0.0632,0.9649,0.2548,0,0.2534,-0.2314,0.9393,0,0,14.7127,-0.3662,1]},
{"frame":5,"values":[0.9657,0.1187,-0.2311,0,-0.058,0.9656,0.2536,0,0.2532,-0.2315,0.9393,0,0,14.7127,-0.3662,1]},
{"frame":6,"values":[0.9662,0.113,-0.2317,0,-0.0525,0.9663,0.2519,0,0.2524,-0.2312,0.9396,0,0,14.7127,-0.3662,1]},
{"frame":7,"values":[0.9669,0.1085,-0.231,0,-0.0484,0.9667,0.2515,0,0.2506,-0.232,0.9399,0,0,14.7127,-0.3662,1]},
{"frame":8,"values":[0.9675,0.1062,-0.2295,0,-0.0467,0.9669,0.2509,0,0.2486,-0.232,0.9404,0,0,14.7127,-0.3662,1]},
{"frame":9,"values":[0.9678,0.1062,-0.2282,0,-0.0473,0.9671,0.2498,0,0.2472,-0.231,0.941,0,0,14.7127,-0.3662,1]},
{"frame":10,"values":[0.9682,0.1057,-0.2267,0,-0.0481,0.9681,0.2461,0,0.2455,-0.2274,0.9424,0,0,14.7127,-0.3662,1]},
{"frame":11,"values":[0.9683,0.1026,-0.2276,0,-0.0471,0.9703,0.2371,0,0.2452,-0.2189,0.9444,0,0,14.7127,-0.3662,1]},
{"frame":12,"values":[0.9692,0.0939,-0.2278,0,-0.0419,0.9738,0.2234,0,0.2428,-0.207,0.9477,0,0,14.7127,-0.3662,1]},
{"frame":13,"values":[0.9705,0.0802,-0.2272,0,-0.0322,0.9777,0.2076,0,0.2388,-0.1942,0.9515,0,0,14.7127,-0.3662,1]},
{"frame":14,"values":[0.9718,0.0655,-0.2267,0,-0.0213,0.9812,0.1918,0,0.235,-0.1816,0.9549,0,0,14.7127,-0.3662,1]},
{"frame":15,"values":[0.9728,0.0495,-0.2263,0,-0.0087,0.984,0.1779,0,0.2314,-0.1711,0.9577,0,0,14.7127,-0.3662,1]},
{"frame":16,"values":[0.9739,0.0337,-0.2244,0,0.0047,0.9857,0.1682,0,0.2269,-0.1648,0.9599,0,0,14.7127,-0.3662,1]},
{"frame":17,"values":[0.9747,0.0242,-0.222,0,0.0129,0.9864,0.1641,0,0.223,-0.1628,0.9611,0,0,14.7127,-0.3662,1]},
{"frame":18,"values":[0.9753,0.0225,-0.2196,0,0.0147,0.986,0.1663,0,0.2203,-0.1655,0.9613,0,0,14.7127,-0.3662,1]},
{"frame":19,"values":[0.9755,0.0272,-0.2184,0,0.0113,0.9848,0.1733,0,0.2198,-0.1715,0.9603,0,0,14.7127,-0.3662,1]},
{"frame":20,"values":[0.9748,0.0387,-0.2196,0,0.002,0.9833,0.1822,0,0.223,-0.178,0.9584,0,0,14.7127,-0.3662,1]},
{"frame":21,"values":[0.9733,0.0565,-0.2223,0,-0.0132,0.9813,0.1918,0,0.229,-0.1838,0.9559,0,0,14.7127,-0.3662,1]},
{"frame":22,"values":[0.9712,0.0787,-0.2247,0,-0.0319,0.9783,0.2047,0,0.236,-0.1916,0.9527,0,0,14.7127,-0.3662,1]},
{"frame":23,"values":[0.9687,0.1002,-0.227,0,-0.0493,0.9744,0.2194,0,0.2432,-0.2013,0.9489,0,0,14.7127,-0.3662,1]},
{"frame":24,"values":[0.9662,0.1195,-0.2285,0,-0.0643,0.9698,0.2353,0,0.2497,-0.2126,0.9447,0,0,14.7127,-0.3662,1]},
{"frame":25,"values":[0.9653,0.1276,-0.228,0,-0.0696,0.9667,0.2463,0,0.2518,-0.2218,0.942,0,0,14.7127,-0.3662,1]}],"loopBehavior":1,"name":"anim","property":"_matrix"}},
{"name":"Neck","index":4,"matrix":[0.9928,0.0979,0.0686,0,-0.0894,0.989,-0.1174,0,-0.0794,0.1104,0.9907,0,0,35.4155,-3.3142,1],"rest":[1,0,0,0,0,1,0,0,0,0,1,0,0,35.4155,-3.3142,1],"parentBoneIndex":3,"length":16.943
,"animation":{"dataType":3,"framePerSecond":24,"keys":[
{"frame":1,"values":[0.9928,0.0979,0.0686,0,-0.0894,0.989,-0.1174,0,-0.0794,0.1104,0.9907,0,0,35.4155,-3.3142,1]},
{"frame":2,"values":[0.9932,0.0975,0.064,0,-0.0898,0.9894,-0.1138,0,-0.0744,0.1073,0.9914,0,0,35.4155,-3.3142,1]},
{"frame":3,"values":[0.9935,0.0971,0.0596,0,-0.0901,0.9898,-0.1101,0,-0.0697,0.1041,0.9921,0,0,35.4155,-3.3142,1]},
{"frame":4,"values":[0.9938,0.0968,0.0555,0,-0.0905,0.9902,-0.1067,0,-0.0653,0.101,0.9927,0,0,35.4155,-3.3142,1]},
{"frame":5,"values":[0.994,0.0965,0.052,0,-0.0908,0.9905,-0.1033,0,-0.0614,0.0979,0.9933,0,0,35.4155,-3.3142,1]},
{"frame":6,"values":[0.9941,0.0964,0.0492,0,-0.0911,0.9908,-0.0997,0,-0.0584,0.0946,0.9938,0,0,35.4155,-3.3142,1]},
{"frame":7,"values":[0.9942,0.0964,0.0486,0,-0.0913,0.9911,-0.0968,0,-0.0575,0.0918,0.9941,0,0,35.4155,-3.3142,1]},
{"frame":8,"values":[0.994,0.0964,0.0519,0,-0.0911,0.9912,-0.0959,0,-0.0607,0.0906,0.994,0,0,35.4155,-3.3142,1]},
{"frame":9,"values":[0.9938,0.0964,0.0558,0,-0.0907,0.9911,-0.0977,0,-0.0647,0.0921,0.9936,0,0,35.4155,-3.3142,1]},
{"frame":10,"values":[0.9935,0.0967,0.0602,0,-0.0903,0.9907,-0.1021,0,-0.0696,0.096,0.9929,0,0,35.4155,-3.3142,1]},
{"frame":11,"values":[0.9931,0.0972,0.0651,0,-0.0898,0.99,-0.1085,0,-0.075,0.1019,0.992,0,0,35.4155,-3.3142,1]},
{"frame":12,"values":[0.9927,0.0978,0.0705,0,-0.0894,0.9894,-0.1148,0,-0.081,0.1076,0.9909,0,0,35.4155,-3.3142,1]},
{"frame":13,"values":[0.9922,0.0985,0.0765,0,-0.089,0.9889,-0.1188,0,-0.0873,0.111,0.99,0,0,35.4155,-3.3142,1]},
{"frame":14,"values":[0.9917,0.0989,0.0826,0,-0.0886,0.9889,-0.1192,0,-0.0935,0.1109,0.9894,0,0,35.4155,-3.3142,1]},
{"frame":15,"values":[0.9911,0.099,0.0886,0,-0.0883,0.9891,-0.1179,0,-0.0993,0.109,0.9891,0,0,35.4155,-3.3142,1]},
{"frame":16,"values":[0.9906,0.099,0.0943,0,-0.0879,0.9895,-0.115,0,-0.1047,0.1057,0.9889,0,0,35.4155,-3.3142,1]},
{"frame":17,"values":[0.9902,0.0988,0.0992,0,-0.0876,0.9899,-0.1113,0,-0.1092,0.1015,0.9888,0,0,35.4155,-3.3142,1]},
{"frame":18,"values":[0.9898,0.0983,0.103,0,-0.0873,0.9904,-0.1069,0,-0.1126,0.0968,0.9889,0,0,35.4155,-3.3142,1]},
{"frame":19,"values":[0.9896,0.0978,0.1056,0,-0.087,0.9909,-0.1024,0,-0.1147,0.0921,0.9891,0,0,35.4155,-3.3142,1]},
{"frame":20,"values":[0.9898,0.0972,0.1041,0,-0.0871,0.9914,-0.0981,0,-0.1128,0.088,0.9897,0,0,35.4155,-3.3142,1]},
{"frame":21,"values":[0.9904,0.0968,0.099,0,-0.0874,0.9916,-0.0951,0,-0.1074,0.0855,0.9905,0,0,35.4155,-3.3142,1]},
{"frame":22,"values":[0.991,0.0969,0.092,0,-0.088,0.9915,-0.0963,0,-0.1006,0.0874,0.9911,0,0,35.4155,-3.3142,1]},
{"frame":23,"values":[0.9917,0.0973,0.0841,0,-0.0886,0.9908,-0.1018,0,-0.0932,0.0936,0.9912,0,0,35.4155,-3.3142,1]},
{"frame":24,"values":[0.9923,0.0977,0.0759,0,-0.0891,0.99,-0.1097,0,-0.0859,0.1021,0.9911,0,0,35.4155,-3.3142,1]},
{"frame":25,"values":[0.9928,0.0979,0.0686,0,-0.0894,0.9891,-0.1174,0,-0.0794,0.1104,0.9907,0,0,35.4155,-3.3142,1]}],"loopBehavior":1,"name":"anim","property":"_matrix"}},
{"name":"Head","index":5,"matrix":[0.9778,-0.1142,-0.1759,0,0.0851,0.9826,-0.1651,0,0.1917,0.1465,0.9705,0,0,16.8992,1.2183,1],"rest":[1,0,0,0,0,1,0,0,0,0,1,0,0,16.8992,1.2183,1],"parentBoneIndex":4,"length":22.3142
,"animation":{"dataType":3,"framePerSecond":24,"keys":[
{"frame":1,"values":[0.9778,-0.1142,-0.1759,0,0.0851,0.9826,-0.1651,0,0.1917,0.1465,0.9705,0,0,16.8992,1.2183,1]},
{"frame":2,"values":[0.976,-0.115,-0.185,0,0.0868,0.9843,-0.154,0,0.1998,0.1342,0.9706,0,0,16.8992,1.2183,1]},
{"frame":3,"values":[0.9757,-0.1114,-0.1889,0,0.0835,0.9852,-0.1499,0,0.2028,0.1305,0.9705,0,0,16.8992,1.2183,1]},
{"frame":4,"values":[0.976,-0.1056,-0.1906,0,0.0772,0.9855,-0.1508,0,0.2038,0.1324,0.97,0,0,16.8992,1.2183,1]},
{"frame":5,"values":[0.9762,-0.1007,-0.192,0,0.0713,0.9855,-0.154,0,0.2047,0.1367,0.9692,0,0,16.8992,1.2183,1]},
{"frame":6,"values":[0.9765,-0.1003,-0.191,0,0.0703,0.985,-0.1577,0,0.204,0.1406,0.9688,0,0,16.8992,1.2183,1]},
{"frame":7,"values":[0.9765,-0.1066,-0.1873,0,0.0764,0.9838,-0.1619,0,0.2015,0.1438,0.9689,0,0,16.8992,1.2183,1]},
{"frame":8,"values":[0.9764,-0.1176,-0.181,0,0.0872,0.982,-0.1678,0,0.1975,0.148,0.9691,0,0,16.8992,1.2183,1]},
{"frame":9,"values":[0.9761,-0.1298,-0.1741,0,0.0987,0.9793,-0.177,0,0.1934,0.1556,0.9687,0,0,16.8992,1.2183,1]},
{"frame":10,"values":[0.9763,-0.1381,-0.1664,0,0.1066,0.9769,-0.1852,0,0.1881,0.1631,0.9685,0,0,16.8992,1.2183,1]},
{"frame":11,"values":[0.9778,-0.1388,-0.1572,0,0.1077,0.9756,-0.1915,0,0.1799,0.1703,0.9688,0,0,16.8992,1.2183,1]},
{"frame":12,"values":[0.9807,-0.1315,-0.1448,0,0.1019,0.9754,-0.1955,0,0.167,0.177,0.9699,0,0,16.8992,1.2183,1]},
{"frame":13,"values":[0.9842,-0.118,-0.1316,0,0.0908,0.9763,-0.1964,0,0.1517,0.1814,0.9716,0,0,16.8992,1.2183,1]},
{"frame":14,"values":[0.9879,-0.1003,-0.1182,0,0.0757,0.9776,-0.1966,0,0.1353,0.1853,0.9733,0,0,16.8992,1.2183,1]},
{"frame":15,"values":[0.9911,-0.0814,-0.1054,0,0.0597,0.979,-0.1949,0,0.119,0.1868,0.9752,0,0,16.8992,1.2183,1]},
{"frame":16,"values":[0.9935,-0.0646,-0.0935,0,0.0458,0.9805,-0.191,0,0.104,0.1855,0.9771,0,0,16.8992,1.2183,1]},
{"frame":17,"values":[0.9951,-0.0519,-0.0839,0,0.0356,0.982,-0.1854,0,0.092,0.1815,0.9791,0,0,16.8992,1.2183,1]},
{"frame":18,"values":[0.9959,-0.0461,-0.0772,0,0.0316,0.9834,-0.1789,0,0.0842,0.1757,0.9808,0,0,16.8992,1.2183,1]},
{"frame":19,"values":[0.9962,-0.0477,-0.0726,0,0.0345,0.9843,-0.1732,0,0.0797,0.1701,0.9822,0,0,16.8992,1.2183,1]},
{"frame":20,"values":[0.9956,-0.0559,-0.075,0,0.0423,0.9841,-0.1726,0,0.0835,0.1687,0.9821,0,0,16.8992,1.2183,1]},
{"frame":21,"values":[0.994,-0.0685,-0.085,0,0.0525,0.9827,-0.1777,0,0.0957,0.1721,0.9804,0,0,16.8992,1.2183,1]},
{"frame":22,"values":[0.9912,-0.0834,-0.1032,0,0.0638,0.9815,-0.1806,0,0.1164,0.1725,0.9781,0,0,16.8992,1.2183,1]},
{"frame":23,"values":[0.987,-0.0976,-0.1278,0,0.074,0.9813,-0.1778,0,0.1428,0.1661,0.9757,0,0,16.8992,1.2183,1]},
{"frame":24,"values":[0.9819,-0.1079,-0.156,0,0.0812,0.9824,-0.1681,0,0.1713,0.1524,0.9734,0,0,16.8992,1.2183,1]},
{"frame":25,"values":[0.9778,-0.1142,-0.1759,0,0.0851,0.9826,-0.1651,0,0.1917,0.1465,0.9705,0,0,16.8992,1.2183,1]}],"loopBehavior":1,"name":"anim","property":"_matrix"}},
{"name":"HeadTop_End","index":6,"matrix":[1,0,0,0,0,1,0,0,0,0,1,0,0,22.2062,2.1925,1],"rest":[1,0,0,0,0,1,0,0,0,0,1,0,0,22.2062,2.1925,1],"parentBoneIndex":5,"length":22.3142
,"animation":{"dataType":3,"framePerSecond":24,"keys":[
{"frame":1,"values":[1,0,0,0,0,1,0,0,0,0,1,0,0,22.2062,2.1925,1]},
{"frame":25,"values":[1,0,0,0,0,1,0,0,0,0,1,0,0,22.2062,2.1925,1]}],"loopBehavior":1,"name":"anim","property":"_matrix"}},
{"name":"LeftShoulder","index":7,"matrix":[0.8897,-0.0501,0.4538,0,0.0656,0.9977,-0.0185,0,-0.4518,0.0462,0.8909,0,12.8964,26.7163,-4.5484,1],"rest":[1,0,0,0,0,1,0,0,0,0,1,0,12.8964,26.7163,-4.5484,1],"parentBoneIndex":3,"length":19.7122
,"animation":{"dataType":3,"framePerSecond":24,"keys":[
{"frame":1,"values":[0.8897,-0.0501,0.4538,0,0.0656,0.9977,-0.0185,0,-0.4518,0.0462,0.8909,0,12.8964,26.7163,-4.5484,1]},
{"frame":2,"values":[0.9042,-0.0515,0.424,0,0.0685,0.9973,-0.025,0,-0.4216,0.0516,0.9053,0,12.8964,26.7163,-4.5484,1]},
{"frame":3,"values":[0.9195,-0.0527,0.3896,0,0.071,0.9969,-0.0327,0,-0.3867,0.0577,0.9204,0,12.8964,26.7163,-4.5484,1]},
{"frame":4,"values":[0.9334,-0.0535,0.3548,0,0.0726,0.9965,-0.0406,0,-0.3514,0.0636,0.9341,0,12.8964,26.7163,-4.5484,1]},
{"frame":5,"values":[0.9445,-0.0546,0.3239,0,0.0739,0.9961,-0.0476,0,-0.3201,0.0689,0.9449,0,12.8964,26.7163,-4.5484,1]},
{"frame":6,"values":[0.9515,-0.0541,0.3029,0,0.0733,0.9959,-0.0523,0,-0.2989,0.072,0.9516,0,12.8964,26.7163,-4.5484,1]},
{"frame":7,"values":[0.9537,-0.054,0.296,0,0.0731,0.9959,-0.0539,0,-0.2918,0.073,0.9537,0,12.8964,26.7163,-4.5484,1]},
{"frame":8,"values":[0.9521,-0.0528,0.3012,0,0.0717,0.9961,-0.0522,0,-0.2973,0.0713,0.9521,0,12.8964,26.7163,-4.5484,1]},
{"frame":9,"values":[0.9473,-0.0525,0.316,0,0.0712,0.9963,-0.0478,0,-0.3123,0.0677,0.9476,0,12.8964,26.7163,-4.5484,1]},
{"frame":10,"values":[0.9393,-0.0524,0.3389,0,0.0702,0.9967,-0.0404,0,-0.3357,0.0617,0.9399,0,12.8964,26.7163,-4.5484,1]},
{"frame":11,"values":[0.9292,-0.0525,0.3658,0,0.0688,0.9971,-0.0318,0,-0.3631,0.0548,0.9301,0,12.8964,26.7163,-4.5484,1]},
{"frame":12,"values":[0.9169,-0.0526,0.3957,0,0.0669,0.9975,-0.0225,0,-0.3935,0.0471,0.9181,0,12.8964,26.7163,-4.5484,1]},
{"frame":13,"values":[0.9033,-0.0526,0.4258,0,0.0642,0.9979,-0.0129,0,-0.4242,0.0389,0.9047,0,12.8964,26.7163,-4.5484,1]},
{"frame":14,"values":[0.8886,-0.0526,0.4557,0,0.0607,0.9981,-0.0033,0,-0.4547,0.0306,0.8901,0,12.8964,26.7163,-4.5484,1]},
{"frame":15,"values":[0.8738,-0.0524,0.4835,0,0.0567,0.9984,0.0058,0,-0.4831,0.0223,0.8753,0,12.8964,26.7163,-4.5484,1]},
{"frame":16,"values":[0.8585,-0.052,0.5102,0,0.0522,0.9985,0.014,0,-0.5102,0.0146,0.8599,0,12.8964,26.7163,-4.5484,1]},
{"frame":17,"values":[0.847,-0.0521,0.529,0,0.0479,0.9986,0.0216,0,-0.5294,0.0071,0.8483,0,12.8964,26.7163,-4.5484,1]},
{"frame":18,"values":[0.8366,-0.052,0.5453,0,0.0439,0.9986,0.0279,0,-0.546,0.0006,0.8378,0,12.8964,26.7163,-4.5484,1]},
{"frame":19,"values":[0.8318,-0.0524,0.5526,0,0.0409,0.9986,0.0332,0,-0.5536,-0.005,0.8328,0,12.8964,26.7163,-4.5484,1]},
{"frame":20,"values":[0.8302,-0.0533,0.5549,0,0.039,0.9985,0.0374,0,-0.5561,-0.0094,0.8311,0,12.8964,26.7163,-4.5484,1]},
{"frame":21,"values":[0.838,-0.0545,0.5429,0,0.0401,0.9985,0.0383,0,-0.5442,-0.0103,0.8389,0,12.8964,26.7163,-4.5484,1]},
{"frame":22,"values":[0.8488,-0.0542,0.5259,0,0.0455,0.9985,0.0295,0,-0.5267,-0.0012,0.85,0,12.8964,26.7163,-4.5484,1]},
{"frame":23,"values":[0.8627,-0.062,0.502,0,0.0626,0.9979,0.0156,0,-0.5019,0.018,0.8647,0,12.8964,26.7163,-4.5484,1]},
{"frame":24,"values":[0.8776,-0.0592,0.4757,0,0.0683,0.9977,-0.002,0,-0.4745,0.0342,0.8796,0,12.8964,26.7163,-4.5484,1]},
{"frame":25,"values":[0.8893,-0.0565,0.4538,0,0.0726,0.9972,-0.0181,0,-0.4515,0.0491,0.8909,0,12.8964,26.7163,-4.5484,1]}],"loopBehavior":1,"name":"anim","property":"_matrix"}},
{"name":"LeftArm","index":8,"matrix":[0.4276,-0.3358,0.8392,0,0.8718,0.3986,-0.2847,0,-0.2389,0.8534,0.4632,0,19.027,-4.857,-1.7184,1],"rest":[1,0,0,0,0,1,0,0,0,0,1,0,19.027,-4.857,-1.7184,1],"parentBoneIndex":7,"length":24.1799
,"animation":{"dataType":3,"framePerSecond":24,"keys":[
{"frame":1,"values":[0.4276,-0.3358,0.8392,0,0.8718,0.3986,-0.2847,0,-0.2389,0.8534,0.4632,0,19.027,-4.857,-1.7184,1]},
{"frame":2,"values":[0.4031,-0.3381,0.8504,0,0.8811,0.3945,-0.2608,0,-0.2474,0.8544,0.4569,0,19.027,-4.857,-1.7184,1]},
{"frame":3,"values":[0.3819,-0.3365,0.8608,0,0.8872,0.3944,-0.2394,0,-0.259,0.8551,0.4492,0,19.027,-4.857,-1.7184,1]},
{"frame":4,"values":[0.3568,-0.3367,0.8714,0,0.8934,0.3957,-0.2129,0,-0.2731,0.8544,0.442,0,19.027,-4.857,-1.7184,1]},
{"frame":5,"values":[0.3328,-0.3375,0.8806,0,0.8984,0.3972,-0.1873,0,-0.2865,0.8535,0.4354,0,19.027,-4.857,-1.7184,1]},
{"frame":6,"values":[0.3085,-0.3388,0.8888,0,0.9023,0.4001,-0.1606,0,-0.3012,0.8515,0.4292,0,19.027,-4.857,-1.7184,1]},
{"frame":7,"values":[0.3009,-0.3326,0.8938,0,0.903,0.4007,-0.1549,0,-0.3067,0.8537,0.4209,0,19.027,-4.857,-1.7184,1]},
{"frame":8,"values":[0.3077,-0.321,0.8957,0,0.9007,0.4019,-0.1653,0,-0.3069,0.8576,0.4128,0,19.027,-4.857,-1.7184,1]},
{"frame":9,"values":[0.32,-0.3067,0.8964,0,0.8954,0.407,-0.1804,0,-0.3095,0.8604,0.4048,0,19.027,-4.857,-1.7184,1]},
{"frame":10,"values":[0.3418,-0.2862,0.8952,0,0.8851,0.4181,-0.2043,0,-0.3158,0.8621,0.3962,0,19.027,-4.857,-1.7184,1]},
{"frame":11,"values":[0.3606,-0.2661,0.894,0,0.8743,0.4303,-0.2246,0,-0.3249,0.8626,0.3878,0,19.027,-4.857,-1.7184,1]},
{"frame":12,"values":[0.3828,-0.247,0.8902,0,0.8583,0.4514,-0.2439,0,-0.3416,0.8575,0.3848,0,19.027,-4.857,-1.7184,1]},
{"frame":13,"values":[0.4098,-0.2259,0.8838,0,0.8394,0.4725,-0.2685,0,-0.3569,0.8519,0.3832,0,19.027,-4.857,-1.7184,1]},
{"frame":14,"values":[0.4384,-0.2071,0.8746,0,0.8192,0.4923,-0.2941,0,-0.3697,0.8454,0.3855,0,19.027,-4.857,-1.7184,1]},
{"frame":15,"values":[0.4598,-0.198,0.8656,0,0.8029,0.5093,-0.31,0,-0.3795,0.8375,0.3932,0,19.027,-4.857,-1.7184,1]},
{"frame":16,"values":[0.4846,-0.1911,0.8536,0,0.7883,0.5184,-0.3315,0,-0.3791,0.8335,0.4019,0,19.027,-4.857,-1.7184,1]},
{"frame":17,"values":[0.5035,-0.1818,0.8447,0,0.7761,0.5248,-0.3496,0,-0.3797,0.8316,0.4053,0,19.027,-4.857,-1.7184,1]},
{"frame":18,"values":[0.5211,-0.1751,0.8353,0,0.7669,0.5257,-0.3682,0,-0.3747,0.8325,0.4082,0,19.027,-4.857,-1.7184,1]},
{"frame":19,"values":[0.5251,-0.1772,0.8324,0,0.7681,0.5199,-0.3738,0,-0.3665,0.8356,0.4092,0,19.027,-4.857,-1.7184,1]},
{"frame":20,"values":[0.5188,-0.19,0.8335,0,0.7776,0.5099,-0.3678,0,-0.3551,0.839,0.4123,0,19.027,-4.857,-1.7184,1]},
{"frame":21,"values":[0.5,-0.2082,0.8406,0,0.795,0.4953,-0.3502,0,-0.3434,0.8434,0.4132,0,19.027,-4.857,-1.7184,1]},
{"frame":22,"values":[0.4825,-0.2357,0.8436,0,0.8142,0.4758,-0.3327,0,-0.3229,0.8474,0.4215,0,19.027,-4.857,-1.7184,1]},
{"frame":23,"values":[0.467,-0.2638,0.844,0,0.8318,0.455,-0.318,0,-0.3001,0.8505,0.4319,0,19.027,-4.857,-1.7184,1]},
{"frame":24,"values":[0.4412,-0.3022,0.845,0,0.8545,0.4293,-0.2926,0,-0.2743,0.8511,0.4476,0,19.027,-4.857,-1.7184,1]},
{"frame":25,"values":[0.4301,-0.3354,0.8381,0,0.8684,0.4076,-0.2825,0,-0.2468,0.8493,0.4666,0,19.027,-4.857,-1.7184,1]}],"loopBehavior":1,"name":"anim","property":"_matrix"}},
{"name":"LeftForeArm","index":9,"matrix":[0.2606,-0.0575,0.9637,0,0.9033,-0.3377,-0.2645,0,0.3407,0.9395,-0.036,0,24.1799,0,0,1],"rest":[1,0,0,0,0,1,0,0,0,0,1,0,24.1799,0,0,1],"parentBoneIndex":8,"length":27.1564
,"animation":{"dataType":3,"framePerSecond":24,"keys":[
{"frame":1,"values":[0.2606,-0.0575,0.9637,0,0.9033,-0.3377,-0.2645,0,0.3407,0.9395,-0.036,0,24.1799,0,0,1]},
{"frame":2,"values":[0.2817,-0.0577,0.9578,0,0.8878,-0.363,-0.283,0,0.364,0.93,-0.0511,0,24.1799,0,0,1]},
{"frame":3,"values":[0.2932,-0.0598,0.9542,0,0.8673,-0.4033,-0.2918,0,0.4023,0.9131,-0.0664,0,24.1799,0,0,1]},
{"frame":4,"values":[0.3071,-0.0593,0.9498,0,0.8591,-0.4122,-0.3035,0,0.4095,0.9092,-0.0757,0,24.1799,0,0,1]},
{"frame":5,"values":[0.3221,-0.0585,0.9449,0,0.852,-0.4172,-0.3163,0,0.4127,0.9069,-0.0846,0,24.1799,0,0,1]},
{"frame":6,"values":[0.3425,-0.0471,0.9383,0,0.8613,-0.3833,-0.3337,0,0.3753,0.9224,-0.0907,0,24.1799,0,0,1]},
{"frame":7,"values":[0.3656,-0.0513,0.9294,0,0.8462,-0.3976,-0.3548,0,0.3877,0.9161,-0.1019,0,24.1799,0,0,1]},
{"frame":8,"values":[0.3811,-0.0605,0.9226,0,0.8272,-0.4234,-0.3694,0,0.413,0.9039,-0.1113,0,24.1799,0,0,1]},
{"frame":9,"values":[0.3955,-0.0649,0.9162,0,0.8164,-0.4321,-0.383,0,0.4208,0.8995,-0.1179,0,24.1799,0,0,1]},
{"frame":10,"values":[0.4012,-0.0692,0.9134,0,0.8073,-0.4444,-0.3883,0,0.4328,0.8931,-0.1225,0,24.1799,0,0,1]},
{"frame":11,"values":[0.4131,-0.0794,0.9072,0,0.7821,-0.4794,-0.3981,0,0.4666,0.874,-0.1359,0,24.1799,0,0,1]},
{"frame":12,"values":[0.4066,-0.0744,0.9106,0,0.7891,-0.4738,-0.391,0,0.4605,0.8775,-0.1339,0,24.1799,0,0,1]},
{"frame":13,"values":[0.3922,-0.0737,0.9169,0,0.7884,-0.4866,-0.3763,0,0.4739,0.8705,-0.1327,0,24.1799,0,0,1]},
{"frame":14,"values":[0.3689,-0.0738,0.9265,0,0.7904,-0.4997,-0.3544,0,0.4892,0.863,-0.126,0,24.1799,0,0,1]},
{"frame":15,"values":[0.349,-0.0662,0.9348,0,0.8095,-0.4813,-0.3363,0,0.4722,0.8741,-0.1143,0,24.1799,0,0,1]},
{"frame":16,"values":[0.331,-0.0694,0.9411,0,0.8088,-0.493,-0.3208,0,0.4862,0.8673,-0.1071,0,24.1799,0,0,1]},
{"frame":17,"values":[0.3155,-0.072,0.9462,0,0.8081,-0.5023,-0.3077,0,0.4974,0.8617,-0.1003,0,24.1799,0,0,1]},
{"frame":18,"values":[0.3,-0.0726,0.9512,0,0.8136,-0.5011,-0.2949,0,0.498,0.8623,-0.0913,0,24.1799,0,0,1]},
{"frame":19,"values":[0.2963,-0.0693,0.9526,0,0.8266,-0.481,-0.2921,0,0.4784,0.874,-0.0852,0,24.1799,0,0,1]},
{"frame":20,"values":[0.2985,-0.0642,0.9522,0,0.8412,-0.4536,-0.2943,0,0.4509,0.8889,-0.0814,0,24.1799,0,0,1]},
{"frame":21,"values":[0.2985,-0.0595,0.9526,0,0.8532,-0.4306,-0.2942,0,0.4277,0.9006,-0.0778,0,24.1799,0,0,1]},
{"frame":22,"values":[0.2904,-0.0561,0.9553,0,0.8633,-0.4154,-0.2868,0,0.4129,0.9079,-0.0722,0,24.1799,0,0,1]},
{"frame":23,"values":[0.2863,-0.0684,0.9557,0,0.848,-0.4462,-0.2859,0,0.446,0.8923,-0.0697,0,24.1799,0,0,1]},
{"frame":24,"values":[0.2799,-0.0587,0.9582,0,0.8813,-0.3801,-0.2808,0,0.3807,0.9231,-0.0546,0,24.1799,0,0,1]},
{"frame":25,"values":[0.2611,-0.0543,0.9638,0,0.8846,-0.3861,-0.2614,0,0.3863,0.9209,-0.0528,0,24.1799,0,0,1]}],"loopBehavior":1,"name":"anim","property":"_matrix"}},
{"name":"LeftHand","index":10,"matrix":[0.9879,0.1094,-0.11,0,-0.1468,0.8886,-0.4346,0,0.0502,0.4454,0.8939,0,27.1564,0.0001,0,1],"rest":[1,0,0,0,0,1,0,0,0,0,1,0,27.1564,0.0001,0,1],"parentBoneIndex":9,"length":13.2912
,"animation":{"dataType":3,"framePerSecond":24,"keys":[
{"frame":1,"values":[0.9879,0.1094,-0.11,0,-0.1468,0.8886,-0.4346,0,0.0502,0.4454,0.8939,0,27.1564,0.0001,0,1]},
{"frame":2,"values":[0.989,0.0945,-0.1137,0,-0.1335,0.9019,-0.4107,0,0.0638,0.4214,0.9046,0,27.1564,0.0001,0,1]},
{"frame":3,"values":[0.989,0.0972,-0.1117,0,-0.1326,0.9174,-0.3753,0,0.066,0.386,0.9202,0,27.1564,0.0001,0,1]},
{"frame":4,"values":[0.9888,0.0955,-0.1146,0,-0.1315,0.921,-0.3668,0,0.0705,0.3778,0.9232,0,27.1564,0.0001,0,1]},
{"frame":5,"values":[0.9887,0.091,-0.119,0,-0.1284,0.9238,-0.3607,0,0.0771,0.3719,0.9251,0,27.1564,0.0001,0,1]},
{"frame":6,"values":[0.9887,0.0737,-0.1309,0,-0.1199,0.9121,-0.3919,0,0.0905,0.4032,0.9106,0,27.1564,0.0001,0,1]},
{"frame":7,"values":[0.9898,0.0533,-0.1325,0,-0.1008,0.9179,-0.3838,0,0.1011,0.3933,0.9139,0,27.1564,0.0001,0,1]},
{"frame":8,"values":[0.9909,0.0349,-0.1299,0,-0.0814,0.9245,-0.3723,0,0.1071,0.3795,0.919,0,27.1564,0.0001,0,1]},
{"frame":9,"values":[0.9915,0.013,-0.1297,0,-0.0617,0.9231,-0.3796,0,0.1148,0.3844,0.916,0,27.1564,0.0001,0,1]},
{"frame":10,"values":[0.9922,0.0004,-0.1247,0,-0.0491,0.9206,-0.3875,0,0.1147,0.3906,0.9134,0,27.1564,0.0001,0,1]},
{"frame":11,"values":[0.9926,-0.0156,-0.1204,0,-0.0296,0.931,-0.3639,0,0.1178,0.3648,0.9236,0,27.1564,0.0001,0,1]},
{"frame":12,"values":[0.9933,-0.0122,-0.1153,0,-0.0331,0.9231,-0.3832,0,0.1111,0.3844,0.9165,0,27.1564,0.0001,0,1]},
{"frame":13,"values":[0.9941,0.0062,-0.1081,0,-0.0473,0.9229,-0.3821,0,0.0974,0.385,0.9178,0,27.1564,0.0001,0,1]},
{"frame":14,"values":[0.9943,0.0351,-0.1003,0,-0.0707,0.9231,-0.378,0,0.0794,0.383,0.9203,0,27.1564,0.0001,0,1]},
{"frame":15,"values":[0.9929,0.0589,-0.1032,0,-0.0954,0.9129,-0.3969,0,0.0709,0.404,0.912,0,27.1564,0.0001,0,1]},
{"frame":16,"values":[0.9912,0.0835,-0.1032,0,-0.117,0.9165,-0.3825,0,0.0627,0.3912,0.9182,0,27.1564,0.0001,0,1]},
{"frame":17,"values":[0.989,0.1086,-0.1009,0,-0.1387,0.9177,-0.3722,0,0.0522,0.3821,0.9227,0,27.1564,0.0001,0,1]},
{"frame":18,"values":[0.9861,0.1328,-0.0995,0,-0.1607,0.914,-0.3724,0,0.0415,0.3833,0.9227,0,27.1564,0.0001,0,1]},
{"frame":19,"values":[0.9841,0.1414,-0.1077,0,-0.1724,0.9069,-0.3844,0,0.0434,0.3968,0.9169,0,27.1564,0.0001,0,1]},
{"frame":20,"values":[0.9842,0.1345,-0.1151,0,-0.1696,0.9026,-0.3955,0,0.0507,0.4088,0.9112,0,27.1564,0.0001,0,1]},
{"frame":21,"values":[0.9855,0.1247,-0.115,0,-0.1609,0.9018,-0.401,0,0.0537,0.4137,0.9088,0,27.1564,0.0001,0,1]},
{"frame":22,"values":[0.9868,0.1199,-0.109,0,-0.154,0.9025,-0.4021,0,0.0502,0.4136,0.9091,0,27.1564,0.0001,0,1]},
{"frame":23,"values":[0.9885,0.1162,-0.0966,0,-0.1435,0.9227,-0.3579,0,0.0475,0.3676,0.9288,0,27.1564,0.0001,0,1]},
{"frame":24,"values":[0.9886,0.1069,-0.1062,0,-0.1411,0.9034,-0.405,0,0.0526,0.4154,0.9081,0,27.1564,0.0001,0,1]},
{"frame":25,"values":[0.9876,0.1164,-0.1051,0,-0.1486,0.9092,-0.3889,0,0.0503,0.3997,0.9153,0,27.1564,0.0001,0,1]}],"loopBehavior":1,"name":"anim","property":"_matrix"}},
{"name":"LeftHandIndex1","index":11,"matrix":[0.9347,-0.3535,-0.0377,0,0.3548,0.9208,0.1619,0,-0.0225,-0.1647,0.9861,0,16.4412,0,0,1],"rest":[1,0,0,0,0,1,0,0,0,0,1,0,16.4412,0,0,1],"parentBoneIndex":10,"length":4.8219
,"animation":{"dataType":3,"framePerSecond":24,"keys":[
{"frame":1,"values":[0.9347,-0.3535,-0.0377,0,0.3548,0.9208,0.1619,0,-0.0225,-0.1647,0.9861,0,16.4412,0,0,1]},
{"frame":25,"values":[0.9347,-0.3535,-0.0377,0,0.3548,0.9208,0.1619,0,-0.0225,-0.1647,0.9861,0,16.4412,0,0,1]}],"loopBehavior":1,"name":"anim","property":"_matrix"}},
{"name":"LeftHandIndex2","index":12,"matrix":[0.8781,-0.4761,-0.0488,0,0.4761,0.8793,-0.0124,0,0.0488,-0.0124,0.9987,0,4.8219,0.0001,0,1],"rest":[1,0,0,0,0,1,0,0,0,0,1,0,4.8219,0.0001,0,1],"parentBoneIndex":11,"length":6.3865
,"animation":{"dataType":3,"framePerSecond":24,"keys":[
{"frame":1,"values":[0.8781,-0.4761,-0.0488,0,0.4761,0.8793,-0.0124,0,0.0488,-0.0124,0.9987,0,4.8219,0.0001,0,1]},
{"frame":25,"values":[0.8781,-0.4761,-0.0488,0,0.4761,0.8793,-0.0124,0,0.0488,-0.0124,0.9987,0,4.8219,0.0001,0,1]}],"loopBehavior":1,"name":"anim","property":"_matrix"}},
{"name":"LeftHandIndex3","index":13,"matrix":[0.8931,-0.4469,-0.0513,0,0.447,0.8945,-0.0107,0,0.0507,-0.0134,0.9986,0,6.3865,0,0,1],"rest":[0.9994,0.0344,-0.002,0,-0.0344,0.9994,0,0,0.002,0,1,0,6.3865,0,0,1],"parentBoneIndex":12,"length":5.189
,"animation":{"dataType":3,"framePerSecond":24,"keys":[
{"frame":1,"values":[0.8931,-0.4469,-0.0513,0,0.447,0.8945,-0.0107,0,0.0507,-0.0134,0.9986,0,6.3865,0,0,1]},
{"frame":25,"values":[0.8931,-0.4469,-0.0513,0,0.447,0.8945,-0.0107,0,0.0507,-0.0134,0.9986,0,6.3865,0,0,1]}],"loopBehavior":1,"name":"anim","property":"_matrix"}},
{"name":"LeftHandIndex4","index":14,"matrix":[1,0,0,0,0,1,0,0,0,0,1,0,5.1859,-0.1787,0.0103,1],"rest":[1,0,0,0,0,1,0,0,0,0,1,0,5.1859,-0.1787,0.0103,1],"parentBoneIndex":13,"length":5.189
,"animation":{"dataType":3,"framePerSecond":24,"keys":[
{"frame":1,"values":[1,0,0,0,0,1,0,0,0,0,1,0,5.1859,-0.1787,0.0103,1]},
{"frame":25,"values":[1,0,0,0,0,1,0,0,0,0,1,0,5.1859,-0.1787,0.0103,1]}],"loopBehavior":1,"name":"anim","property":"_matrix"}},
{"name":"LeftHandThumb1","index":15,"matrix":[0.9854,-0.0402,-0.1655,0,0.0416,0.9991,0.0052,0,0.1651,-0.012,0.9862,0,6.5349,-5.0326,5.9003,1],"rest":[1,0,0,0,0,1,0,0,0,0,1,0,6.5349,-5.0326,5.9003,1],"parentBoneIndex":10,"length":4.9292
,"animation":{"dataType":3,"framePerSecond":24,"keys":[
{"frame":1,"values":[0.9854,-0.0402,-0.1655,0,0.0416,0.9991,0.0052,0,0.1651,-0.012,0.9862,0,6.5349,-5.0326,5.9003,1]},
{"frame":25,"values":[0.9854,-0.0402,-0.1655,0,0.0416,0.9991,0.0052,0,0.1651,-0.012,0.9862,0,6.5349,-5.0326,5.9003,1]}],"loopBehavior":1,"name":"anim","property":"_matrix"}},
{"name":"LeftHandThumb2","index":16,"matrix":[0.9755,0.0462,-0.2153,0,-0.023,0.9938,0.1092,0,0.219,-0.1016,0.9704,0,3.8182,-2.2044,2.2044,1],"rest":[1,0,0,0,0,1,0,0,0,0,1,0,3.8182,-2.2044,2.2044,1],"parentBoneIndex":15,"length":4.1984
,"animation":{"dataType":3,"framePerSecond":24,"keys":[
{"frame":1,"values":[0.9755,0.0462,-0.2153,0,-0.023,0.9938,0.1092,0,0.219,-0.1016,0.9704,0,3.8182,-2.2044,2.2044,1]},
{"frame":25,"values":[0.9755,0.0462,-0.2153,0,-0.023,0.9938,0.1092,0,0.219,-0.1016,0.9704,0,3.8182,-2.2044,2.2044,1]}],"loopBehavior":1,"name":"anim","property":"_matrix"}},
{"name":"LeftHandThumb3","index":17,"matrix":[0.9525,0.1484,0.266,0,-0.0267,0.9106,-0.4123,0,-0.3034,0.3856,0.8713,0,3.2521,-1.8776,1.8776,1],"rest":[1,0,0,0,0,1,0,0,0,0,1,0,3.2521,-1.8776,1.8776,1],"parentBoneIndex":16,"length":6.78
,"animation":{"dataType":3,"framePerSecond":24,"keys":[
{"frame":1,"values":[0.9525,0.1484,0.266,0,-0.0267,0.9106,-0.4123,0,-0.3034,0.3856,0.8713,0,3.2521,-1.8776,1.8776,1]},
{"frame":25,"values":[0.9525,0.1484,0.266,0,-0.0267,0.9106,-0.4123,0,-0.3034,0.3856,0.8713,0,3.2521,-1.8776,1.8776,1]}],"loopBehavior":1,"name":"anim","property":"_matrix"}},
{"name":"LeftHandThumb4","index":18,"matrix":[1,0,0,0,0,1,0,0,0,0,1,0,5.2518,-3.0321,3.0321,1],"rest":[1,0,0,0,0,1,0,0,0,0,1,0,5.2518,-3.0321,3.0321,1],"parentBoneIndex":17,"length":6.78
,"animation":{"dataType":3,"framePerSecond":24,"keys":[
{"frame":1,"values":[1,0,0,0,0,1,0,0,0,0,1,0,5.2518,-3.0321,3.0321,1]},
{"frame":25,"values":[1,0,0,0,0,1,0,0,0,0,1,0,5.2518,-3.0321,3.0321,1]}],"loopBehavior":1,"name":"anim","property":"_matrix"}},
{"name":"RightShoulder","index":19,"matrix":[0.9931,-0.0023,0.1169,0,0.0025,1,-0.0011,0,-0.1169,0.0014,0.9931,0,-12.8963,26.7163,-4.5484,1],"rest":[1,0,0,0,0,1,0,0,0,0,1,0,-12.8963,26.7163,-4.5484,1],"parentBoneIndex":3,"length":19.7122
,"animation":{"dataType":3,"framePerSecond":24,"keys":[
{"frame":1,"values":[0.9931,-0.0023,0.1169,0,0.0025,1,-0.0011,0,-0.1169,0.0014,0.9931,0,-12.8963,26.7163,-4.5484,1]},
{"frame":2,"values":[0.9949,-0.0028,0.1005,0,0.0034,1,-0.006,0,-0.1005,0.0063,0.9949,0,-12.8963,26.7163,-4.5484,1]},
{"frame":3,"values":[0.9966,-0.003,0.0828,0,0.004,0.9999,-0.0113,0,-0.0828,0.0116,0.9965,0,-12.8963,26.7163,-4.5484,1]},
{"frame":4,"values":[0.9979,-0.0034,0.0648,0,0.0045,0.9999,-0.0164,0,-0.0647,0.0166,0.9978,0,-12.8963,26.7163,-4.5484,1]},
{"frame":5,"values":[0.9989,-0.0037,0.047,0,0.0047,0.9998,-0.021,0,-0.047,0.0212,0.9987,0,-12.8963,26.7163,-4.5484,1]},
{"frame":6,"values":[0.9995,-0.004,0.0312,0,0.0048,0.9997,-0.025,0,-0.031,0.0251,0.9992,0,-12.8963,26.7163,-4.5484,1]},
{"frame":7,"values":[0.9998,-0.0043,0.0181,0,0.0048,0.9996,-0.0282,0,-0.018,0.0283,0.9994,0,-12.8963,26.7163,-4.5484,1]},
{"frame":8,"values":[0.9999,-0.0045,0.009,0,0.0048,0.9995,-0.0305,0,-0.0089,0.0306,0.9995,0,-12.8963,26.7163,-4.5484,1]},
{"frame":9,"values":[1,-0.0061,0.0041,0,0.0062,0.9995,-0.0316,0,-0.0039,0.0316,0.9995,0,-12.8963,26.7163,-4.5484,1]},
{"frame":10,"values":[1,-0.0056,0.0039,0,0.0057,0.9995,-0.0318,0,-0.0037,0.0318,0.9995,0,-12.8963,26.7163,-4.5484,1]},
{"frame":11,"values":[0.9999,-0.0058,0.0124,0,0.0061,0.9995,-0.0295,0,-0.0122,0.0296,0.9995,0,-12.8963,26.7163,-4.5484,1]},
{"frame":12,"values":[0.9997,-0.0042,0.0242,0,0.0048,0.9996,-0.0267,0,-0.0241,0.0268,0.9994,0,-12.8963,26.7163,-4.5484,1]},
{"frame":13,"values":[0.9993,-0.005,0.0379,0,0.0058,0.9997,-0.023,0,-0.0378,0.0232,0.999,0,-12.8963,26.7163,-4.5484,1]},
{"frame":14,"values":[0.9986,-0.0036,0.0535,0,0.0047,0.9998,-0.0194,0,-0.0534,0.0196,0.9984,0,-12.8963,26.7163,-4.5484,1]},
{"frame":15,"values":[0.9975,-0.0034,0.0701,0,0.0045,0.9999,-0.0155,0,-0.0701,0.0157,0.9974,0,-12.8963,26.7163,-4.5484,1]},
