{"producer":{"name":"Blender","version":"2.90.0","exporter_version":"2.80.1","file":"riffle_strafeleft.babylon"},
"autoClear":true,"clearColor":[0.0509,0.0509,0.0509],"gravity":[0,-9.81,0],
"materials":[{"name":"Material","id":"Material","customType":"BABYLON.PBRMaterial","backFaceCulling":true,"checkReadyOnlyOnce":false,"maxSimultaneousLights":4,"environmentIntensity":1,"albedo":[0.8,0.8,0.8],"reflectivity":[0.5,0.5,0.5],"roughness":0.4,"alpha":1,"transparencyMode":0,"alphaCutOff":0.4,"metallic":0}],
"multiMaterials":[],
"skeletons":[{"name":"Armature","id":0,"dimensionsAtRest":[232.1761,222.9347,36.3014],"bones":[
{"name":"Hips","index":0,"matrix":[0.6622,0.0535,-0.7474,0,-0.0623,0.9979,0.0163,0,-0.7467,-0.0358,-0.6642,0,-2.0106,74.0022,-1.8328,1],"rest":[1,0,0,0,0,1,0,0,0,0,-1,0,0,89.0054,0,1],"parentBoneIndex":-1,"length":14.2998
,"animation":{"dataType":3,"framePerSecond":24,"keys":[
{"frame":1,"values":[0.6622,0.0535,-0.7474,0,-0.0623,0.9979,0.0163,0,-0.7467,-0.0358,-0.6642,0,-2.0106,74.0022,-1.8328,1]},
{"frame":2,"values":[0.6848,0.0496,-0.727,0,-0.0631,0.998,0.0085,0,-0.726,-0.0401,-0.6866,0,-2.6385,74.4523,-1.7836,1]},
{"frame":3,"values":[0.7062,0.048,-0.7064,0,-0.0657,0.9978,0.0021,0,-0.7049,-0.045,-0.7078,0,-3.0408,73.8739,-1.8835,1]},
{"frame":4,"values":[0.7264,0.0496,-0.6855,0,-0.0703,0.9975,-0.0023,0,-0.6837,-0.0499,-0.7281,0,-3.6915,72.5642,-2.082,1]},
{"frame":5,"values":[0.7453,0.0544,-0.6645,0,-0.0766,0.9971,-0.0043,0,-0.6623,-0.0541,-0.7473,0,-4.7183,70.6493,-2.2834,1]},
{"frame":6,"values":[0.7631,0.0586,-0.6436,0,-0.0815,0.9967,-0.0058,0,-0.6411,-0.0569,-0.7654,0,-5.9075,68.0628,-2.557,1]},
{"frame":7,"values":[0.7798,0.0595,-0.6232,0,-0.0819,0.9966,-0.0073,0,-0.6206,-0.0568,-0.7821,0,-6.1639,65.9438,-2.9668,1]},
{"frame":8,"values":[0.7844,0.0548,-0.6178,0,-0.0762,0.9971,-0.0083,0,-0.6156,-0.0536,-0.7863,0,-5.3817,65.8824,-3.2348,1]},
{"frame":9,"values":[0.7562,0.0424,-0.653,0,-0.0649,0.9978,-0.0103,0,-0.6512,-0.0502,-0.7573,0,-3.8813,67.7317,-3.2225,1]},
{"frame":10,"values":[0.726,0.0317,-0.687,0,-0.0533,0.9985,-0.0102,0,-0.6857,-0.044,-0.7266,0,-3.1634,69.1554,-3.4066,1]},
{"frame":11,"values":[0.6946,0.0236,-0.719,0,-0.0428,0.999,-0.0086,0,-0.7181,-0.0368,-0.695,0,-3.1298,70.4604,-3.6226,1]},
{"frame":12,"values":[0.6624,0.0201,-0.7489,0,-0.0344,0.9994,-0.0036,0,-0.7484,-0.0281,-0.6627,0,-3.7318,72.1388,-3.7619,1]},
{"frame":13,"values":[0.6296,0.0215,-0.7766,0,-0.028,0.9996,0.005,0,-0.7764,-0.0186,-0.6299,0,-4.3419,73.5266,-3.7823,1]},
{"frame":14,"values":[0.5952,0.0224,-0.8033,0,-0.0203,0.9997,0.0129,0,-0.8033,-0.0087,-0.5955,0,-4.7025,74.1811,-3.7372,1]},
{"frame":15,"values":[0.5583,0.0198,-0.8294,0,-0.0099,0.9998,0.0172,0,-0.8296,0.0014,-0.5584,0,-4.885,74.3376,-3.6953,1]},
{"frame":16,"values":[0.5182,0.0176,-0.8551,0,0.0004,0.9998,0.0208,0,-0.8553,0.0111,-0.5181,0,-5.2036,73.7291,-3.5661,1]},
{"frame":17,"values":[0.4741,0.014,-0.8804,0,0.0111,0.9997,0.0219,0,-0.8804,0.0202,-0.4738,0,-5.4913,72.1223,-3.3468,1]},
{"frame":18,"values":[0.4257,0.0082,-0.9048,0,0.022,0.9996,0.0194,0,-0.9046,0.0282,-0.4254,0,-6.0072,70.25,-3.0516,1]},
{"frame":19,"values":[0.3734,0.0019,-0.9277,0,0.0316,0.9994,0.0147,0,-0.9271,0.0348,-0.3731,0,-6.6574,68.746,-2.7273,1]},
{"frame":20,"values":[0.3433,0.0024,-0.9392,0,0.0317,0.9994,0.0141,0,-0.9387,0.0346,-0.343,0,-7.0881,67.9752,-2.4176,1]},
{"frame":21,"values":[0.3905,0.0103,-0.9205,0,0.0178,0.9997,0.0187,0,-0.9204,0.0236,-0.3902,0,-7.4103,67.7139,-2.3192,1]},
{"frame":22,"values":[0.4533,0.0204,-0.8911,0,-0.0019,0.9998,0.0219,0,-0.8913,0.0082,-0.4533,0,-6.8695,68.099,-2.3666,1]},
{"frame":23,"values":[0.5273,0.033,-0.849,0,-0.0242,0.9994,0.0239,0,-0.8493,-0.0079,-0.5278,0,-5.5945,69.8862,-2.1126,1]},
{"frame":24,"values":[0.5994,0.0433,-0.7993,0,-0.0444,0.9988,0.0208,0,-0.7993,-0.023,-0.6006,0,-3.9646,72.1295,-1.8938,1]},
{"frame":25,"values":[0.6622,0.0535,-0.7474,0,-0.0623,0.9979,0.0163,0,-0.7467,-0.0358,-0.6642,0,-2.0106,74.0022,-1.8319,1]}],"loopBehavior":1,"name":"anim","property":"_matrix"}},
{"name":"Spine","index":1,"matrix":[0.9978,-0.0667,-0.0047,0,0.0667,0.9978,-0.0004,0,0.0047,0.0001,1,0,0.1169,10.681,0.3734,1],"rest":[1,0,0,0,0,1,0,0,0,0,1,0,0.1169,10.681,0.3734,1],"parentBoneIndex":0,"length":13.8405
,"animation":{"dataType":3,"framePerSecond":24,"keys":[
{"frame":1,"values":[0.9978,-0.0667,-0.0047,0,0.0667,0.9978,-0.0004,0,0.0047,0.0001,1,0,0.1169,10.681,0.3734,1]},
{"frame":2,"values":[0.9979,-0.0636,0.0123,0,0.0636,0.998,-0.0015,0,-0.0122,0.0023,0.9999,0,0.1169,10.681,0.3734,1]},
{"frame":3,"values":[0.9976,-0.0625,0.0287,0,0.0626,0.998,-0.0029,0,-0.0285,0.0047,0.9996,0,0.1169,10.681,0.3734,1]},
{"frame":4,"values":[0.9969,-0.0649,0.0445,0,0.0652,0.9979,-0.0052,0,-0.044,0.008,0.999,0,0.1169,10.681,0.3734,1]},
{"frame":5,"values":[0.9957,-0.0707,0.0595,0,0.0712,0.9974,-0.0067,0,-0.0589,0.0109,0.9982,0,0.1169,10.681,0.3734,1]},
{"frame":6,"values":[0.9944,-0.0765,0.0733,0,0.0772,0.997,-0.0075,0,-0.0725,0.0131,0.9973,0,0.1169,10.681,0.3734,1]},
{"frame":7,"values":[0.993,-0.0818,0.0852,0,0.0829,0.9965,-0.0095,0,-0.0841,0.0165,0.9963,0,0.1169,10.681,0.3734,1]},
{"frame":8,"values":[0.9932,-0.0816,0.0835,0,0.0826,0.9965,-0.009,0,-0.0824,0.0159,0.9965,0,0.1169,10.681,0.3734,1]},
{"frame":9,"values":[0.9956,-0.0661,0.066,0,0.0667,0.9977,-0.0068,0,-0.0654,0.0112,0.9978,0,0.1169,10.681,0.3734,1]},
{"frame":10,"values":[0.9972,-0.0589,0.0463,0,0.0592,0.9982,-0.0051,0,-0.0459,0.0078,0.9989,0,0.1169,10.681,0.3734,1]},
{"frame":11,"values":[0.9981,-0.0567,0.026,0,0.0567,0.9984,-0.0019,0,-0.0259,0.0034,0.9997,0,0.1169,10.681,0.3734,1]},
{"frame":12,"values":[0.998,-0.0636,0.0034,0,0.0636,0.998,0.0027,0,-0.0035,-0.0025,1,0,0.1169,10.681,0.3734,1]},
{"frame":13,"values":[0.9969,-0.0767,-0.0199,0,0.0768,0.997,0.0066,0,0.0194,-0.0082,0.9998,0,0.1169,10.681,0.3734,1]},
{"frame":14,"values":[0.9951,-0.0877,-0.0447,0,0.0883,0.996,0.0105,0,0.0436,-0.0144,0.9989,0,0.1169,10.681,0.3734,1]},
{"frame":15,"values":[0.993,-0.0942,-0.0706,0,0.0955,0.9953,0.0154,0,0.0688,-0.0221,0.9974,0,0.1169,10.681,0.3734,1]},
{"frame":16,"values":[0.9905,-0.0978,-0.0964,0,0.1002,0.9947,0.0209,0,0.0938,-0.0304,0.9951,0,0.1169,10.681,0.3734,1]},
{"frame":17,"values":[0.9878,-0.0949,-0.1232,0,0.0988,0.9948,0.0263,0,0.12,-0.0382,0.992,0,0.1169,10.681,0.3734,1]},
{"frame":18,"values":[0.9853,-0.0816,-0.1504,0,0.0873,0.9957,0.0321,0,0.1471,-0.0447,0.9881,0,0.1169,10.681,0.3734,1]},
{"frame":19,"values":[0.9835,-0.06,-0.171,0,0.0673,0.997,0.0376,0,0.1682,-0.0485,0.9846,0,0.1169,10.681,0.3734,1]},
{"frame":20,"values":[0.984,-0.0418,-0.1729,0,0.0496,0.9979,0.0411,0,0.1708,-0.049,0.9841,0,0.1169,10.681,0.3734,1]},
{"frame":21,"values":[0.9871,-0.0527,-0.1511,0,0.0585,0.9977,0.0345,0,0.149,-0.0429,0.9879,0,0.1169,10.681,0.3734,1]},
{"frame":22,"values":[0.9909,-0.0606,-0.1205,0,0.0642,0.9976,0.0265,0,0.1186,-0.034,0.9924,0,0.1169,10.681,0.3734,1]},
{"frame":23,"values":[0.9946,-0.0654,-0.0805,0,0.0669,0.9976,0.017,0,0.0792,-0.0223,0.9966,0,0.1169,10.681,0.3734,1]},
{"frame":24,"values":[0.997,-0.0665,-0.0395,0,0.0668,0.9977,0.0072,0,0.039,-0.0098,0.9992,0,0.1169,10.681,0.3734,1]},
{"frame":25,"values":[0.9978,-0.0667,-0.0047,0,0.0667,0.9978,-0.0004,0,0.0047,0.0001,1,0,0.1169,10.681,0.3734,1]}],"loopBehavior":1,"name":"anim","property":"_matrix"}},
{"name":"Spine1","index":2,"matrix":[0.9806,0.1105,-0.1619,0,-0.0408,0.923,0.3826,0,0.1917,-0.3686,0.9096,0,0,13.8404,0.0535,1],"rest":[1,0,0,0,0,1,0,0,0,0,1,0,0,13.8404,0.0535,1],"parentBoneIndex":1,"length":14.7173
,"animation":{"dataType":3,"framePerSecond":24,"keys":[
{"frame":1,"values":[0.9806,0.1105,-0.1619,0,-0.0408,0.923,0.3826,0,0.1917,-0.3686,0.9096,0,0,13.8404,0.0535,1]},
{"frame":2,"values":[0.9807,0.1101,-0.1618,0,-0.0405,0.923,0.3828,0,0.1915,-0.3688,0.9096,0,0,13.8404,0.0535,1]},
{"frame":3,"values":[0.9807,0.1102,-0.1614,0,-0.0405,0.9226,0.3836,0,0.1912,-0.3696,0.9093,0,0,13.8404,0.0535,1]},
{"frame":4,"values":[0.9807,0.1109,-0.1612,0,-0.0409,0.922,0.3851,0,0.1914,-0.3711,0.9087,0,0,13.8404,0.0535,1]},
{"frame":5,"values":[0.9806,0.1113,-0.1612,0,-0.0411,0.9215,0.3861,0,0.1916,-0.372,0.9083,0,0,13.8404,0.0535,1]},
{"frame":6,"values":[0.9804,0.111,-0.1628,0,-0.0403,0.9217,0.3857,0,0.1928,-0.3716,0.9082,0,0,13.8404,0.0535,1]},
{"frame":7,"values":[0.9803,0.1123,-0.1623,0,-0.0414,0.9211,0.3871,0,0.193,-0.3728,0.9076,0,0,13.8404,0.0535,1]},
{"frame":8,"values":[0.981,0.1117,-0.1585,0,-0.0423,0.921,0.3872,0,0.1893,-0.3731,0.9083,0,0,13.8404,0.0535,1]},
{"frame":9,"values":[0.9804,0.1056,-0.1666,0,-0.0338,0.9222,0.3853,0,0.1943,-0.3721,0.9076,0,0,13.8404,0.0535,1]},
{"frame":10,"values":[0.9802,0.1023,-0.1696,0,-0.0299,0.9228,0.3842,0,0.1958,-0.3715,0.9075,0,0,13.8404,0.0535,1]},
{"frame":11,"values":[0.9804,0.1,-0.1697,0,-0.028,0.9236,0.3824,0,0.195,-0.3702,0.9083,0,0,13.8404,0.0535,1]},
{"frame":12,"values":[0.9808,0.0999,-0.1673,0,-0.0294,0.9246,0.3798,0,0.1926,-0.3676,0.9098,0,0,13.8404,0.0535,1]},
{"frame":13,"values":[0.9811,0.1021,-0.1645,0,-0.0328,0.925,0.3785,0,0.1908,-0.3659,0.9109,0,0,13.8404,0.0535,1]},
{"frame":14,"values":[0.981,0.1042,-0.1634,0,-0.0354,0.9253,0.3775,0,0.1905,-0.3646,0.9115,0,0,13.8404,0.0535,1]},
{"frame":15,"values":[0.9809,0.1068,-0.1627,0,-0.0384,0.9259,0.3759,0,0.1907,-0.3625,0.9123,0,0,13.8404,0.0535,1]},
{"frame":16,"values":[0.9807,0.1089,-0.1624,0,-0.0411,0.9267,0.3735,0,0.1912,-0.3596,0.9133,0,0,13.8404,0.0535,1]},
{"frame":17,"values":[0.9804,0.1095,-0.1635,0,-0.0416,0.9274,0.3717,0,0.1924,-0.3577,0.9138,0,0,13.8404,0.0535,1]},
{"frame":18,"values":[0.98,0.1071,-0.1675,0,-0.0383,0.9284,0.3697,0,0.195,-0.3559,0.9139,0,0,13.8404,0.0535,1]},
{"frame":19,"values":[0.9787,0.1019,-0.1781,0,-0.0296,0.929,0.3689,0,0.2031,-0.3557,0.9123,0,0,13.8404,0.0535,1]},
{"frame":20,"values":[0.9773,0.0949,-0.1896,0,-0.0188,0.9295,0.3682,0,0.2112,-0.3563,0.9102,0,0,13.8404,0.0535,1]},
{"frame":21,"values":[0.9792,0.0984,-0.1775,0,-0.0263,0.9289,0.3694,0,0.2012,-0.3571,0.9122,0,0,13.8404,0.0535,1]},
{"frame":22,"values":[0.9808,0.1008,-0.1671,0,-0.0321,0.928,0.3713,0,0.1925,-0.3587,0.9134,0,0,13.8404,0.0535,1]},
{"frame":23,"values":[0.9809,0.1039,-0.1647,0,-0.0352,0.9265,0.3747,0,0.1915,-0.3617,0.9124,0,0,13.8404,0.0535,1]},
{"frame":24,"values":[0.9807,0.1077,-0.1631,0,-0.0384,0.9243,0.3797,0,0.1917,-0.3661,0.9106,0,0,13.8404,0.0535,1]},
{"frame":25,"values":[0.9806,0.1105,-0.1618,0,-0.0409,0.923,0.3825,0,0.1916,-0.3685,0.9097,0,0,13.8404,0.0535,1]}],"loopBehavior":1,"name":"anim","property":"_matrix"}},
{"name":"Spine2","index":3,"matrix":[0.9681,0.1589,-0.1936,0,-0.0831,0.933,0.3503,0,0.2363,-0.323,0.9164,0,0,14.7127,-0.3662,1],"rest":[1,0,0,0,0,1,0,0,0,0,1,0,0,14.7127,-0.3662,1],"parentBoneIndex":2,"length":31.8652
,"animation":{"dataType":3,"framePerSecond":24,"keys":[
{"frame":1,"values":[0.9681,0.1589,-0.1936,0,-0.0831,0.933,0.3503,0,0.2363,-0.323,0.9164,0,0,14.7127,-0.3662,1]},
{"frame":2,"values":[0.9682,0.1585,-0.1936,0,-0.0827,0.933,0.3503,0,0.2361,-0.3231,0.9164,0,0,14.7127,-0.3662,1]},
{"frame":3,"values":[0.9682,0.1587,-0.1936,0,-0.0827,0.9327,0.3511,0,0.2363,-0.3239,0.9161,0,0,14.7127,-0.3662,1]},
{"frame":4,"values":[0.968,0.1597,-0.1936,0,-0.0833,0.9321,0.3525,0,0.2367,-0.3251,0.9156,0,0,14.7127,-0.3662,1]},
{"frame":5,"values":[0.9679,0.1602,-0.1936,0,-0.0835,0.9317,0.3535,0,0.237,-0.326,0.9152,0,0,14.7127,-0.3662,1]},
{"frame":6,"values":[0.9679,0.1588,-0.1948,0,-0.0817,0.9319,0.3535,0,0.2377,-0.3262,0.9149,0,0,14.7127,-0.3662,1]},
{"frame":7,"values":[0.9678,0.1598,-0.1945,0,-0.0825,0.9313,0.3549,0,0.2378,-0.3274,0.9145,0,0,14.7127,-0.3662,1]},
{"frame":8,"values":[0.9684,0.1608,-0.1909,0,-0.0848,0.9312,0.3544,0,0.2347,-0.3271,0.9154,0,0,14.7127,-0.3662,1]},
{"frame":9,"values":[0.9686,0.1527,-0.1963,0,-0.0751,0.9321,0.3543,0,0.2371,-0.3284,0.9143,0,0,14.7127,-0.3662,1]},
{"frame":10,"values":[0.9689,0.1486,-0.1978,0,-0.0708,0.9326,0.354,0,0.2371,-0.329,0.9141,0,0,14.7127,-0.3662,1]},
{"frame":11,"values":[0.9694,0.1461,-0.1971,0,-0.069,0.9332,0.3525,0,0.2355,-0.3282,0.9148,0,0,14.7127,-0.3662,1]},
{"frame":12,"values":[0.9697,0.1466,-0.1953,0,-0.0708,0.9342,0.3495,0,0.2337,-0.3251,0.9163,0,0,14.7127,-0.3662,1]},
{"frame":13,"values":[0.9696,0.1495,-0.1938,0,-0.0747,0.9348,0.3473,0,0.2331,-0.3223,0.9175,0,0,14.7127,-0.3662,1]},
{"frame":14,"values":[0.9692,0.1519,-0.1938,0,-0.0775,0.9351,0.3457,0,0.2338,-0.3201,0.9181,0,0,14.7127,-0.3662,1]},
{"frame":15,"values":[0.9686,0.1548,-0.1945,0,-0.0806,0.9357,0.3434,0,0.2352,-0.3169,0.9188,0,0,14.7127,-0.3662,1]},
{"frame":16,"values":[0.9681,0.1568,-0.1957,0,-0.0829,0.9367,0.3403,0,0.2366,-0.3132,0.9197,0,0,14.7127,-0.3662,1]},
{"frame":17,"values":[0.9677,0.157,-0.1973,0,-0.0831,0.9373,0.3384,0,0.2381,-0.3111,0.9201,0,0,14.7127,-0.3662,1]},
{"frame":18,"values":[0.9677,0.1534,-0.2003,0,-0.079,0.9382,0.3371,0,0.2396,-0.3104,0.9199,0,0,14.7127,-0.3662,1]},
{"frame":19,"values":[0.9674,0.1448,-0.2079,0,-0.0677,0.9385,0.3386,0,0.2441,-0.3134,0.9177,0,0,14.7127,-0.3662,1]},
{"frame":20,"values":[0.9673,0.1341,-0.2154,0,-0.0542,0.9385,0.3409,0,0.2479,-0.318,0.9151,0,0,14.7127,-0.3662,1]},
{"frame":21,"values":[0.9684,0.141,-0.2055,0,-0.0645,0.9382,0.34,0,0.2408,-0.316,0.9177,0,0,14.7127,-0.3662,1]},
{"frame":22,"values":[0.9694,0.1467,-0.1967,0,-0.0728,0.9375,0.3402,0,0.2344,-0.3155,0.9195,0,0,14.7127,-0.3662,1]},
{"frame":23,"values":[0.9691,0.1508,-0.1952,0,-0.0766,0.9362,0.343,0,0.2345,-0.3174,0.9188,0,0,14.7127,-0.3662,1]},
{"frame":24,"values":[0.9685,0.1555,-0.1947,0,-0.0802,0.9342,0.3475,0,0.2359,-0.3209,0.9173,0,0,14.7127,-0.3662,1]},
{"frame":25,"values":[0.9681,0.1588,-0.1941,0,-0.0829,0.9331,0.3499,0,0.2366,-0.3227,0.9164,0,0,14.7127,-0.3662,1]}],"loopBehavior":1,"name":"anim","property":"_matrix"}},
{"name":"Neck","index":4,"matrix":[0.9992,0.036,-0.0201,0,-0.0384,0.9897,-0.1378,0,0.0149,0.1385,0.9903,0,0,35.4155,-3.3142,1],"rest":[1,0,0,0,0,1,0,0,0,0,1,0,0,35.4155,-3.3142,1],"parentBoneIndex":3,"length":16.9431
,"animation":{"dataType":3,"framePerSecond":24,"keys":[
{"frame":1,"values":[0.9992,0.036,-0.0201,0,-0.0384,0.9897,-0.1378,0,0.0149,0.1385,0.9903,0,0,35.4155,-3.3142,1]},
{"frame":2,"values":[0.9992,0.0354,-0.0162,0,-0.0373,0.9898,-0.1378,0,0.0112,0.1383,0.9903,0,0,35.4155,-3.3142,1]},
{"frame":3,"values":[0.9993,0.0349,-0.0132,0,-0.0364,0.9898,-0.1378,0,0.0083,0.1382,0.9904,0,0,35.4155,-3.3142,1]},
{"frame":4,"values":[0.9993,0.0345,-0.011,0,-0.0357,0.9898,-0.1378,0,0.0061,0.1381,0.9904,0,0,35.4155,-3.3142,1]},
{"frame":5,"values":[0.9994,0.0344,-0.0095,0,-0.0353,0.9898,-0.1378,0,0.0046,0.1381,0.9904,0,0,35.4155,-3.3142,1]},
{"frame":6,"values":[0.9994,0.0343,-0.0087,0,-0.0352,0.9898,-0.1378,0,0.0039,0.1381,0.9904,0,0,35.4155,-3.3142,1]},
{"frame":7,"values":[0.9994,0.0343,-0.0085,0,-0.0351,0.9898,-0.1378,0,0.0037,0.1381,0.9904,0,0,35.4155,-3.3142,1]},
{"frame":8,"values":[0.9994,0.0343,-0.0089,0,-0.0352,0.9898,-0.1378,0,0.0041,0.1381,0.9904,0,0,35.4155,-3.3142,1]},
{"frame":9,"values":[0.9994,0.0344,-0.0101,0,-0.0355,0.9898,-0.1378,0,0.0052,0.1381,0.9904,0,0,35.4155,-3.3142,1]},
{"frame":10,"values":[0.9993,0.0348,-0.0125,0,-0.0362,0.9898,-0.1378,0,0.0076,0.1382,0.9904,0,0,35.4155,-3.3142,1]},
{"frame":11,"values":[0.9993,0.0353,-0.0154,0,-0.037,0.9898,-0.1378,0,0.0104,0.1383,0.9903,0,0,35.4155,-3.3142,1]},
{"frame":12,"values":[0.9992,0.0358,-0.019,0,-0.0381,0.9897,-0.1378,0,0.0138,0.1384,0.9903,0,0,35.4155,-3.3142,1]},
{"frame":13,"values":[0.9991,0.0364,-0.0228,0,-0.0392,0.9897,-0.1378,0,0.0176,0.1386,0.9902,0,0,35.4155,-3.3142,1]},
{"frame":14,"values":[0.9989,0.0371,-0.0271,0,-0.0405,0.9896,-0.1378,0,0.0217,0.1388,0.9901,0,0,35.4155,-3.3142,1]},
{"frame":15,"values":[0.9988,0.0378,-0.0316,0,-0.0418,0.9896,-0.1378,0,0.026,0.1389,0.99,0,0,35.4155,-3.3142,1]},
{"frame":16,"values":[0.9986,0.0385,-0.0359,0,-0.0431,0.9895,-0.1378,0,0.0303,0.1391,0.9898,0,0,35.4155,-3.3142,1]},
{"frame":17,"values":[0.9984,0.0391,-0.0399,0,-0.0443,0.9895,-0.1377,0,0.0341,0.1393,0.9897,0,0,35.4155,-3.3142,1]},
{"frame":18,"values":[0.9983,0.0396,-0.043,0,-0.0452,0.9894,-0.1377,0,0.0371,0.1394,0.9895,0,0,35.4155,-3.3142,1]},
{"frame":19,"values":[0.9982,0.0399,-0.0451,0,-0.0458,0.9894,-0.1377,0,0.0391,0.1395,0.9894,0,0,35.4155,-3.3142,1]},
{"frame":20,"values":[0.9982,0.04,-0.0455,0,-0.0459,0.9894,-0.1377,0,0.0395,0.1395,0.9894,0,0,35.4155,-3.3142,1]},
{"frame":21,"values":[0.9983,0.0396,-0.0431,0,-0.0452,0.9894,-0.1377,0,0.0372,0.1394,0.9895,0,0,35.4155,-3.3142,1]},
{"frame":22,"values":[0.9985,0.0388,-0.038,0,-0.0437,0.9895,-0.1378,0,0.0323,0.1392,0.9897,0,0,35.4155,-3.3142,1]},
{"frame":23,"values":[0.9988,0.0378,-0.0316,0,-0.0418,0.9896,-0.1378,0,0.026,0.1389,0.99,0,0,35.4155,-3.3142,1]},
{"frame":24,"values":[0.999,0.0368,-0.0252,0,-0.0399,0.9897,-0.1378,0,0.0198,0.1387,0.9901,0,0,35.4155,-3.3142,1]},
{"frame":25,"values":[0.9992,0.036,-0.0201,0,-0.0384,0.9897,-0.1378,0,0.0149,0.1385,0.9903,0,0,35.4155,-3.3142,1]}],"loopBehavior":1,"name":"anim","property":"_matrix"}},
{"name":"Head","index":5,"matrix":[0.9081,-0.2306,-0.3496,0,0.1611,0.9628,-0.2169,0,0.3866,0.1407,0.9115,0,0,16.8992,1.2183,1],"rest":[1,0,0,0,0,1,0,0,0,0,1,0,0,16.8992,1.2183,1],"parentBoneIndex":4,"length":22.3142
,"animation":{"dataType":3,"framePerSecond":24,"keys":[
{"frame":1,"values":[0.9081,-0.2306,-0.3496,0,0.1611,0.9628,-0.2169,0,0.3866,0.1407,0.9115,0,0,16.8992,1.2183,1]},
{"frame":2,"values":[0.9106,-0.2309,-0.3428,0,0.1632,0.9629,-0.2151,0,0.3797,0.1399,0.9145,0,0,16.8992,1.2183,1]},
{"frame":3,"values":[0.9126,-0.2311,-0.3374,0,0.1649,0.9629,-0.2137,0,0.3742,0.1394,0.9168,0,0,16.8992,1.2183,1]},
{"frame":4,"values":[0.914,-0.2313,-0.3334,0,0.1661,0.9629,-0.2126,0,0.3702,0.1389,0.9185,0,0,16.8992,1.2183,1]},
{"frame":5,"values":[0.9149,-0.2314,-0.3307,0,0.1669,0.9629,-0.2119,0,0.3674,0.1387,0.9196,0,0,16.8992,1.2183,1]},
{"frame":6,"values":[0.9155,-0.2314,-0.3292,0,0.1673,0.9629,-0.2116,0,0.366,0.1386,0.9202,0,0,16.8992,1.2183,1]},
{"frame":7,"values":[0.9156,-0.2314,-0.3289,0,0.1674,0.9629,-0.2114,0,0.3656,0.1386,0.9204,0,0,16.8992,1.2183,1]},
{"frame":8,"values":[0.9153,-0.2314,-0.3296,0,0.1672,0.9629,-0.2116,0,0.3663,0.1386,0.9201,0,0,16.8992,1.2183,1]},
{"frame":9,"values":[0.9146,-0.2313,-0.3318,0,0.1666,0.9629,-0.2122,0,0.3686,0.1388,0.9192,0,0,16.8992,1.2183,1]},
{"frame":10,"values":[0.913,-0.2312,-0.3361,0,0.1653,0.9629,-0.2134,0,0.373,0.1393,0.9173,0,0,16.8992,1.2183,1]},
{"frame":11,"values":[0.9111,-0.231,-0.3413,0,0.1636,0.9629,-0.2147,0,0.3782,0.1398,0.9151,0,0,16.8992,1.2183,1]},
{"frame":12,"values":[0.9088,-0.2307,-0.3477,0,0.1616,0.9628,-0.2164,0,0.3847,0.1405,0.9123,0,0,16.8992,1.2183,1]},
{"frame":13,"values":[0.9063,-0.2302,-0.3545,0,0.1592,0.9628,-0.2182,0,0.3916,0.1413,0.9092,0,0,16.8992,1.2183,1]},
{"frame":14,"values":[0.9034,-0.2298,-0.3621,0,0.1566,0.9628,-0.2202,0,0.3992,0.1422,0.9058,0,0,16.8992,1.2183,1]},
{"frame":15,"values":[0.9003,-0.2293,-0.3701,0,0.1538,0.9628,-0.2223,0,0.4072,0.1432,0.902,0,0,16.8992,1.2183,1]},
{"frame":16,"values":[0.8972,-0.2288,-0.3778,0,0.1511,0.9627,-0.2243,0,0.415,0.1441,0.8983,0,0,16.8992,1.2183,1]},
{"frame":17,"values":[0.8943,-0.2284,-0.3848,0,0.1485,0.9627,-0.2261,0,0.4221,0.145,0.8949,0,0,16.8992,1.2183,1]},
{"frame":18,"values":[0.892,-0.2281,-0.3903,0,0.1466,0.9627,-0.2275,0,0.4276,0.1457,0.8921,0,0,16.8992,1.2183,1]},
{"frame":19,"values":[0.8905,-0.2279,-0.3939,0,0.1454,0.9627,-0.2284,0,0.4312,0.1461,0.8903,0,0,16.8992,1.2183,1]},
{"frame":20,"values":[0.8901,-0.2279,-0.3946,0,0.1451,0.9626,-0.2286,0,0.432,0.1462,0.8899,0,0,16.8992,1.2183,1]},
{"frame":21,"values":[0.8919,-0.2281,-0.3905,0,0.1465,0.9627,-0.2275,0,0.4278,0.1457,0.8921,0,0,16.8992,1.2183,1]},
{"frame":22,"values":[0.8957,-0.2286,-0.3814,0,0.1498,0.9627,-0.2252,0,0.4187,0.1446,0.8965,0,0,16.8992,1.2183,1]},
{"frame":23,"values":[0.9003,-0.2293,-0.3701,0,0.1538,0.9628,-0.2223,0,0.4073,0.1432,0.902,0,0,16.8992,1.2183,1]},
{"frame":24,"values":[0.9047,-0.23,-0.3587,0,0.1578,0.9628,-0.2193,0,0.3958,0.1418,0.9073,0,0,16.8992,1.2183,1]},
{"frame":25,"values":[0.9081,-0.2305,-0.3496,0,0.1609,0.9628,-0.2169,0,0.3866,0.1407,0.9114,0,0,16.8992,1.2183,1]}],"loopBehavior":1,"name":"anim","property":"_matrix"}},
{"name":"HeadTop_End","index":6,"matrix":[1,0,0,0,0,1,0,0,0,0,1,0,0,22.2062,2.1925,1],"rest":[1,0,0,0,0,1,0,0,0,0,1,0,0,22.2062,2.1925,1],"parentBoneIndex":5,"length":22.3142
,"animation":{"dataType":3,"framePerSecond":24,"keys":[
{"frame":1,"values":[1,0,0,0,0,1,0,0,0,0,1,0,0,22.2062,2.1925,1]},
{"frame":25,"values":[1,0,0,0,0,1,0,0,0,0,1,0,0,22.2062,2.1925,1]}],"loopBehavior":1,"name":"anim","property":"_matrix"}},
{"name":"LeftShoulder","index":7,"matrix":[0.8277,-0.0603,0.558,0,0.085,0.9962,-0.0183,0,-0.5548,0.0625,0.8296,0,12.8964,26.7163,-4.5484,1],"rest":[1,0,0,0,0,1,0,0,0,0,1,0,12.8964,26.7163,-4.5484,1],"parentBoneIndex":3,"length":19.7122
,"animation":{"dataType":3,"framePerSecond":24,"keys":[
{"frame":1,"values":[0.8277,-0.0603,0.558,0,0.085,0.9962,-0.0183,0,-0.5548,0.0625,0.8296,0,12.8964,26.7163,-4.5484,1]},
{"frame":2,"values":[0.8158,-0.0711,0.5739,0,0.1065,0.9939,-0.0283,0,-0.5684,0.0843,0.8184,0,12.8964,26.7163,-4.5484,1]},
{"frame":3,"values":[0.8013,-0.0798,0.593,0,0.128,0.991,-0.0395,0,-0.5845,0.1076,0.8042,0,12.8964,26.7163,-4.5484,1]},
{"frame":4,"values":[0.7858,-0.0764,0.6137,0,0.1335,0.9899,-0.0477,0,-0.6038,0.1194,0.7881,0,12.8964,26.7163,-4.5484,1]},
{"frame":5,"values":[0.7717,-0.0602,0.6332,0,0.1193,0.9915,-0.0512,0,-0.6247,0.1151,0.7723,0,12.8964,26.7163,-4.5484,1]},
{"frame":6,"values":[0.76,-0.0372,0.6489,0,0.0919,0.9945,-0.0506,0,-0.6434,0.0981,0.7592,0,12.8964,26.7163,-4.5484,1]},
{"frame":7,"values":[0.7509,-0.0126,0.6603,0,0.0578,0.9972,-0.0467,0,-0.6579,0.0733,0.7495,0,12.8964,26.7163,-4.5484,1]},
{"frame":8,"values":[0.7364,0.0107,0.6764,0,0.0231,0.9989,-0.0409,0,-0.6761,0.0458,0.7354,0,12.8964,26.7163,-4.5484,1]},
{"frame":9,"values":[0.732,0.0134,0.6812,0,0.0099,0.9995,-0.0303,0,-0.6812,0.0289,0.7315,0,12.8964,26.7163,-4.5484,1]},
{"frame":10,"values":[0.7724,0.0102,0.6351,0,0.0049,0.9997,-0.022,0,-0.6351,0.0201,0.7721,0,12.8964,26.7163,-4.5484,1]},
{"frame":11,"values":[0.7922,0.0049,0.6102,0,0.0083,0.9998,-0.0188,0,-0.6102,0.0199,0.792,0,12.8964,26.7163,-4.5484,1]},
{"frame":12,"values":[0.814,-0.0188,0.5806,0,0.0332,0.9993,-0.0143,0,-0.58,0.0309,0.8141,0,12.8964,26.7163,-4.5484,1]},
{"frame":13,"values":[0.8354,-0.0449,0.5479,0,0.0598,0.9982,-0.0094,0,-0.5464,0.0406,0.8365,0,12.8964,26.7163,-4.5484,1]},
{"frame":14,"values":[0.8549,-0.0692,0.5141,0,0.0829,0.9966,-0.0036,0,-0.5121,0.0457,0.8577,0,12.8964,26.7163,-4.5484,1]},
{"frame":15,"values":[0.8722,-0.0874,0.4813,0,0.0978,0.9952,0.0036,0,-0.4793,0.044,0.8766,0,12.8964,26.7163,-4.5484,1]},
{"frame":16,"values":[0.8874,-0.0936,0.4514,0,0.0984,0.9951,0.0127,0,-0.4503,0.0331,0.8922,0,12.8964,26.7163,-4.5484,1]},
{"frame":17,"values":[0.9005,-0.0872,0.4261,0,0.0854,0.9961,0.0234,0,-0.4265,0.0154,0.9044,0,12.8964,26.7163,-4.5484,1]},
{"frame":18,"values":[0.9101,-0.0721,0.4081,0,0.064,0.9974,0.0336,0,-0.4094,-0.0045,0.9123,0,12.8964,26.7163,-4.5484,1]},
{"frame":19,"values":[0.9157,-0.0541,0.3983,0,0.0409,0.9983,0.0416,0,-0.3999,-0.0218,0.9163,0,12.8964,26.7163,-4.5484,1]},
{"frame":20,"values":[0.9154,-0.0391,0.4006,0,0.0229,0.9987,0.0451,0,-0.4019,-0.0321,0.9151,0,12.8964,26.7163,-4.5484,1]},
{"frame":21,"values":[0.909,-0.0317,0.4157,0,0.0158,0.999,0.0417,0,-0.4166,-0.0313,0.9086,0,12.8964,26.7163,-4.5484,1]},
{"frame":22,"values":[0.893,-0.035,0.4488,0,0.024,0.9993,0.0301,0,-0.4495,-0.0162,0.8931,0,12.8964,26.7163,-4.5484,1]},
{"frame":23,"values":[0.873,-0.0435,0.4857,0,0.0418,0.999,0.0145,0,-0.4859,0.0077,0.874,0,12.8964,26.7163,-4.5484,1]},
{"frame":24,"values":[0.8498,-0.0532,0.5244,0,0.0642,0.9979,-0.0028,0,-0.5232,0.036,0.8515,0,12.8964,26.7163,-4.5484,1]},
{"frame":25,"values":[0.8277,-0.0603,0.558,0,0.085,0.9962,-0.0183,0,-0.5548,0.0625,0.8296,0,12.8964,26.7163,-4.5484,1]}],"loopBehavior":1,"name":"anim","property":"_matrix"}},
{"name":"LeftArm","index":8,"matrix":[0.6239,-0.371,0.6878,0,0.7764,0.3945,-0.4915,0,-0.089,0.8407,0.5341,0,19.027,-4.857,-1.7184,1],"rest":[1,0,0,0,0,1,0,0,0,0,1,0,19.027,-4.857,-1.7184,1],"parentBoneIndex":7,"length":24.1799
,"animation":{"dataType":3,"framePerSecond":24,"keys":[
{"frame":1,"values":[0.6239,-0.371,0.6878,0,0.7764,0.3945,-0.4915,0,-0.089,0.8407,0.5341,0,19.027,-4.857,-1.7184,1]},
{"frame":2,"values":[0.6281,-0.3719,0.6835,0,0.7728,0.401,-0.492,0,-0.0911,0.8372,0.5393,0,19.027,-4.857,-1.7184,1]},
{"frame":3,"values":[0.637,-0.3716,0.6754,0,0.7658,0.4054,-0.4992,0,-0.0883,0.8352,0.5428,0,19.027,-4.857,-1.7184,1]},
{"frame":4,"values":[0.6466,-0.3739,0.6649,0,0.7591,0.4018,-0.5122,0,-0.0756,0.8359,0.5436,0,19.027,-4.857,-1.7184,1]},
{"frame":5,"values":[0.657,-0.3769,0.6529,0,0.7519,0.3896,-0.5318,0,-0.0539,0.8404,0.5394,0,19.027,-4.857,-1.7184,1]},
{"frame":6,"values":[0.6665,-0.3717,0.6462,0,0.7445,0.3772,-0.5509,0,-0.039,0.8483,0.5281,0,19.027,-4.857,-1.7184,1]},
{"frame":7,"values":[0.6778,-0.3606,0.6407,0,0.7346,0.368,-0.57,0,-0.0302,0.8571,0.5143,0,19.027,-4.857,-1.7184,1]},
{"frame":8,"values":[0.694,-0.3661,0.62,0,0.7199,0.3604,-0.5931,0,-0.0063,0.858,0.5137,0,19.027,-4.857,-1.7184,1]},
{"frame":9,"values":[0.7057,-0.3768,0.6,0,0.7084,0.3611,-0.6065,0,0.0119,0.853,0.5217,0,19.027,-4.857,-1.7184,1]},
{"frame":10,"values":[0.6715,-0.3753,0.6389,0,0.7409,0.3533,-0.5711,0,-0.0114,0.8569,0.5154,0,19.027,-4.857,-1.7184,1]},
{"frame":11,"values":[0.6604,-0.3857,0.6443,0,0.7509,0.347,-0.562,0,-0.0068,0.8549,0.5188,0,19.027,-4.857,-1.7184,1]},
{"frame":12,"values":[0.6539,-0.3885,0.6493,0,0.7561,0.365,-0.5432,0,-0.026,0.8461,0.5324,0,19.027,-4.857,-1.7184,1]},
{"frame":13,"values":[0.6478,-0.3855,0.6571,0,0.7602,0.3834,-0.5245,0,-0.0498,0.8393,0.5414,0,19.027,-4.857,-1.7184,1]},
{"frame":14,"values":[0.6404,-0.3826,0.6659,0,0.7645,0.4006,-0.5051,0,-0.0735,0.8326,0.549,0,19.027,-4.857,-1.7184,1]},
{"frame":15,"values":[0.6315,-0.3897,0.6703,0,0.7705,0.4123,-0.4861,0,-0.0869,0.8235,0.5607,0,19.027,-4.857,-1.7184,1]},
{"frame":16,"values":[0.6247,-0.4008,0.6701,0,0.7759,0.4147,-0.4754,0,-0.0873,0.8169,0.5701,0,19.027,-4.857,-1.7184,1]},
{"frame":17,"values":[0.6156,-0.4148,0.6701,0,0.784,0.4089,-0.4671,0,-0.0803,0.8128,0.577,0,19.027,-4.857,-1.7184,1]},
{"frame":18,"values":[0.6029,-0.4166,0.6804,0,0.7936,0.4012,-0.4574,0,-0.0824,0.8157,0.5725,0,19.027,-4.857,-1.7184,1]},
{"frame":19,"values":[0.5878,-0.4119,0.6963,0,0.8049,0.3845,-0.452,0,-0.0815,0.8262,0.5575,0,19.027,-4.857,-1.7184,1]},
{"frame":20,"values":[0.5798,-0.4189,0.6988,0,0.8126,0.3605,-0.458,0,-0.0601,0.8334,0.5494,0,19.027,-4.857,-1.7184,1]},
{"frame":21,"values":[0.59,-0.4194,0.6899,0,0.8055,0.3634,-0.468,0,-0.0544,0.8319,0.5523,0,19.027,-4.857,-1.7184,1]},
{"frame":22,"values":[0.6062,-0.4168,0.6774,0,0.7941,0.3642,-0.4865,0,-0.0439,0.8328,0.5518,0,19.027,-4.857,-1.7184,1]},
{"frame":23,"values":[0.61,-0.4029,0.6823,0,0.7904,0.3695,-0.4885,0,-0.0553,0.8373,0.5439,0,19.027,-4.857,-1.7184,1]},
{"frame":24,"values":[0.615,-0.388,0.6864,0,0.7852,0.3805,-0.4885,0,-0.0716,0.8395,0.5387,0,19.027,-4.857,-1.7184,1]},
{"frame":25,"values":[0.6245,-0.3715,0.687,0,0.776,0.3946,-0.492,0,-0.0883,0.8404,0.5347,0,19.027,-4.857,-1.7184,1]}],"loopBehavior":1,"name":"anim","property":"_matrix"}},
{"name":"LeftForeArm","index":9,"matrix":[0.1333,-0.0591,0.9893,0,0.9342,-0.3259,-0.1453,0,0.331,0.9435,0.0117,0,24.1799,0,0,1],"rest":[1,0,0,0,0,1,0,0,0,0,1,0,24.1799,0,0,1],"parentBoneIndex":8,"length":27.1564
,"animation":{"dataType":3,"framePerSecond":24,"keys":[
{"frame":1,"values":[0.1333,-0.0591,0.9893,0,0.9342,-0.3259,-0.1453,0,0.331,0.9435,0.0117,0,24.1799,0,0,1]},
{"frame":2,"values":[0.1288,-0.0561,0.9901,0,0.948,-0.286,-0.1396,0,0.291,0.9566,0.0164,0,24.1799,0,0,1]},
{"frame":3,"values":[0.1207,-0.0545,0.9912,0,0.9555,-0.2643,-0.1309,0,0.2691,0.9629,0.0202,0,24.1799,0,0,1]},
{"frame":4,"values":[0.1203,-0.0577,0.9911,0,0.9427,-0.3063,-0.1322,0,0.3112,0.9502,0.0175,0,24.1799,0,0,1]},
{"frame":5,"values":[0.1152,-0.059,0.9916,0,0.9391,-0.3188,-0.1281,0,0.3237,0.946,0.0187,0,24.1799,0,0,1]},
{"frame":6,"values":[0.1097,-0.0596,0.9922,0,0.9394,-0.3199,-0.1231,0,0.3247,0.9456,0.0209,0,24.1799,0,0,1]},
{"frame":7,"values":[0.09,-0.0607,0.9941,0,0.938,-0.3304,-0.1051,0,0.3348,0.9419,0.0271,0,24.1799,0,0,1]},
{"frame":8,"values":[0.0717,-0.0612,0.9955,0,0.9373,-0.3372,-0.0882,0,0.3411,0.9394,0.0332,0,24.1799,0,0,1]},
{"frame":9,"values":[0.0719,-0.061,0.9955,0,0.9424,-0.3227,-0.0879,0,0.3266,0.9445,0.0343,0,24.1799,0,0,1]},
{"frame":10,"values":[0.0887,-0.0604,0.9942,0,0.9453,-0.3096,-0.1031,0,0.314,0.949,0.0297,0,24.1799,0,0,1]},
{"frame":11,"values":[0.078,-0.0601,0.9951,0,0.9466,-0.3088,-0.0928,0,0.3128,0.9492,0.0328,0,24.1799,0,0,1]},
{"frame":12,"values":[0.0763,-0.0601,0.9953,0,0.9423,-0.3221,-0.0917,0,0.3261,0.9448,0.0321,0,24.1799,0,0,1]},
{"frame":13,"values":[0.069,-0.0603,0.9958,0,0.936,-0.3415,-0.0856,0,0.3452,0.9379,0.0329,0,24.1799,0,0,1]},
{"frame":14,"values":[0.0486,-0.0606,0.997,0,0.93,-0.3613,-0.0673,0,0.3643,0.9305,0.0388,0,24.1799,0,0,1]},
{"frame":15,"values":[0.0298,-0.0609,0.9977,0,0.9238,-0.3796,-0.0508,0,0.3818,0.9231,0.045,0,24.1799,0,0,1]},
{"frame":16,"values":[0.0091,-0.0613,0.9981,0,0.9187,-0.3937,-0.0325,0,0.3949,0.9172,0.0528,0,24.1799,0,0,1]},
{"frame":17,"values":[-0.0049,-0.0615,0.9981,0,0.9179,-0.3963,-0.0199,0,0.3968,0.9161,0.0584,0,24.1799,0,0,1]},
{"frame":18,"values":[-0.0017,-0.0588,0.9983,0,0.9352,-0.3537,-0.0192,0,0.3542,0.9335,0.0556,0,24.1799,0,0,1]},
{"frame":19,"values":[0.0186,-0.0586,0.9981,0,0.9411,-0.3361,-0.0373,0,0.3376,0.94,0.0489,0,24.1799,0,0,1]},
{"frame":20,"values":[0.0346,-0.059,0.9977,0,0.9476,-0.3151,-0.0515,0,0.3175,0.9472,0.045,0,24.1799,0,0,1]},
{"frame":21,"values":[0.0257,-0.0582,0.998,0,0.9516,-0.3044,-0.0423,0,0.3063,0.9508,0.0475,0,24.1799,0,0,1]},
{"frame":22,"values":[0.0297,-0.058,0.9979,0,0.9502,-0.3083,-0.0462,0,0.3103,0.9495,0.0459,0,24.1799,0,0,1]},
{"frame":23,"values":[0.0692,-0.0585,0.9959,0,0.9458,-0.3138,-0.0841,0,0.3174,0.9477,0.0336,0,24.1799,0,0,1]},
{"frame":24,"values":[0.1084,-0.0551,0.9926,0,0.9564,-0.2666,-0.1192,0,0.2712,0.9622,0.0238,0,24.1799,0,0,1]},
{"frame":25,"values":[0.1324,-0.0591,0.9894,0,0.9341,-0.3264,-0.1445,0,0.3315,0.9434,0.012,0,24.1799,0,0,1]}],"loopBehavior":1,"name":"anim","property":"_matrix"}},
{"name":"LeftHand","index":10,"matrix":[0.9974,0.0715,0.0108,0,-0.0542,0.838,-0.543,0,-0.0479,0.541,0.8396,0,27.1564,0.0001,0,1],"rest":[1,0,0,0,0,1,0,0,0,0,1,0,27.1564,0.0001,0,1],"parentBoneIndex":9,"length":13.2912
,"animation":{"dataType":3,"framePerSecond":24,"keys":[
{"frame":1,"values":[0.9974,0.0715,0.0108,0,-0.0542,0.838,-0.543,0,-0.0479,0.541,0.8396,0,27.1564,0.0001,0,1]},
{"frame":2,"values":[0.9962,0.0867,-0.007,0,-0.0756,0.8228,-0.5633,0,-0.043,0.5617,0.8262,0,27.1564,0.0001,0,1]},
{"frame":3,"values":[0.9941,0.1059,-0.0246,0,-0.1009,0.8152,-0.5703,0,-0.0403,0.5694,0.821,0,27.1564,0.0001,0,1]},
{"frame":4,"values":[0.9935,0.1096,-0.0298,0,-0.1088,0.8436,-0.5259,0,-0.0325,0.5257,0.85,0,27.1564,0.0001,0,1]},
{"frame":5,"values":[0.9934,0.1096,-0.0353,0,-0.1121,0.8509,-0.5132,0,-0.0262,0.5137,0.8576,0,27.1564,0.0001,0,1]},
{"frame":6,"values":[0.9929,0.1129,-0.0369,0,-0.1156,0.8478,-0.5175,0,-0.0271,0.5182,0.8549,0,27.1564,0.0001,0,1]},
{"frame":7,"values":[0.9916,0.1274,-0.0244,0,-0.1213,0.844,-0.5224,0,-0.046,0.521,0.8523,0,27.1564,0.0001,0,1]},
{"frame":8,"values":[0.992,0.1261,-0.0054,0,-0.11,0.8424,-0.5275,0,-0.062,0.5239,0.8495,0,27.1564,0.0001,0,1]},
{"frame":9,"values":[0.9945,0.1046,0.0002,0,-0.0876,0.8342,-0.5445,0,-0.0571,0.5415,0.8387,0,27.1564,0.0001,0,1]},
{"frame":10,"values":[0.9955,0.0944,0.0017,0,-0.0779,0.8317,-0.5498,0,-0.0533,0.5472,0.8353,0,27.1564,0.0001,0,1]},
{"frame":11,"values":[0.9946,0.1038,0.0037,0,-0.0849,0.8324,-0.5476,0,-0.06,0.5443,0.8367,0,27.1564,0.0001,0,1]},
{"frame":12,"values":[0.9941,0.1081,0.0112,0,-0.0854,0.8409,-0.5344,0,-0.0672,0.5303,0.8451,0,27.1564,0.0001,0,1]},
{"frame":13,"values":[0.9926,0.1197,0.0204,0,-0.0918,0.8495,-0.5195,0,-0.0795,0.5138,0.8542,0,27.1564,0.0001,0,1]},
{"frame":14,"values":[0.9897,0.1392,0.0332,0,-0.1035,0.8564,-0.5059,0,-0.0988,0.4972,0.862,0,27.1564,0.0001,0,1]},
{"frame":15,"values":[0.9884,0.1449,0.046,0,-0.1038,0.864,-0.4927,0,-0.1111,0.4822,0.869,0,27.1564,0.0001,0,1]},
{"frame":16,"values":[0.9873,0.147,0.0601,0,-0.0993,0.8669,-0.4885,0,-0.1239,0.4763,0.8705,0,27.1564,0.0001,0,1]},
{"frame":17,"values":[0.9874,0.139,0.0752,0,-0.0841,0.865,-0.4946,0,-0.1339,0.4821,0.8658,0,27.1564,0.0001,0,1]},
{"frame":18,"values":[0.9867,0.1359,0.0889,0,-0.0668,0.8384,-0.5409,0,-0.1481,0.5278,0.8364,0,27.1564,0.0001,0,1]},
{"frame":19,"values":[0.9869,0.127,0.0995,0,-0.0503,0.8282,-0.5581,0,-0.1533,0.5458,0.8238,0,27.1564,0.0001,0,1]},
{"frame":20,"values":[0.9894,0.113,0.0916,0,-0.0402,0.8178,-0.574,0,-0.1398,0.5643,0.8137,0,27.1564,0.0001,0,1]},
{"frame":21,"values":[0.9881,0.1176,0.0993,0,-0.0364,0.8055,-0.5915,0,-0.1495,0.5808,0.8002,0,27.1564,0.0001,0,1]},
{"frame":22,"values":[0.9891,0.1181,0.0879,0,-0.0443,0.8082,-0.5872,0,-0.1403,0.5769,0.8047,0,27.1564,0.0001,0,1]},
{"frame":23,"values":[0.9933,0.0976,0.0615,0,-0.0453,0.8202,-0.5702,0,-0.1061,0.5636,0.8192,0,27.1564,0.0001,0,1]},
{"frame":24,"values":[0.9964,0.0801,0.0276,0,-0.0477,0.7999,-0.5983,0,-0.07,0.5948,0.8008,0,27.1564,0.0001,0,1]},
{"frame":25,"values":[0.9974,0.0717,0.0107,0,-0.0543,0.8379,-0.5431,0,-0.0479,0.5411,0.8396,0,27.1564,0.0001,0,1]}],"loopBehavior":1,"name":"anim","property":"_matrix"}},
{"name":"LeftHandIndex1","index":11,"matrix":[0.9347,-0.3535,-0.0377,0,0.3548,0.9208,0.1619,0,-0.0225,-0.1647,0.9861,0,16.4412,0,0,1],"rest":[1,0,0,0,0,1,0,0,0,0,1,0,16.4412,0,0,1],"parentBoneIndex":10,"length":4.8219
,"animation":{"dataType":3,"framePerSecond":24,"keys":[
{"frame":1,"values":[0.9347,-0.3535,-0.0377,0,0.3548,0.9208,0.1619,0,-0.0225,-0.1647,0.9861,0,16.4412,0,0,1]},
{"frame":25,"values":[0.9347,-0.3535,-0.0377,0,0.3548,0.9208,0.1619,0,-0.0225,-0.1647,0.9861,0,16.4412,0,0,1]}],"loopBehavior":1,"name":"anim","property":"_matrix"}},
{"name":"LeftHandIndex2","index":12,"matrix":[0.8781,-0.4761,-0.0488,0,0.4761,0.8793,-0.0124,0,0.0488,-0.0124,0.9987,0,4.8219,0.0001,0,1],"rest":[1,0,0,0,0,1,0,0,0,0,1,0,4.8219,0.0001,0,1],"parentBoneIndex":11,"length":6.3865
,"animation":{"dataType":3,"framePerSecond":24,"keys":[
{"frame":1,"values":[0.8781,-0.4761,-0.0488,0,0.4761,0.8793,-0.0124,0,0.0488,-0.0124,0.9987,0,4.8219,0.0001,0,1]},
{"frame":25,"values":[0.8781,-0.4761,-0.0488,0,0.4761,0.8793,-0.0124,0,0.0488,-0.0124,0.9987,0,4.8219,0.0001,0,1]}],"loopBehavior":1,"name":"anim","property":"_matrix"}},
{"name":"LeftHandIndex3","index":13,"matrix":[0.8931,-0.4469,-0.0513,0,0.447,0.8945,-0.0107,0,0.0507,-0.0134,0.9986,0,6.3865,0,0,1],"rest":[0.9994,0.0344,-0.002,0,-0.0344,0.9994,0,0,0.002,0,1,0,6.3865,0,0,1],"parentBoneIndex":12,"length":5.189
,"animation":{"dataType":3,"framePerSecond":24,"keys":[
{"frame":1,"values":[0.8931,-0.4469,-0.0513,0,0.447,0.8945,-0.0107,0,0.0507,-0.0134,0.9986,0,6.3865,0,0,1]},
{"frame":25,"values":[0.8931,-0.4469,-0.0513,0,0.447,0.8945,-0.0107,0,0.0507,-0.0134,0.9986,0,6.3865,0,0,1]}],"loopBehavior":1,"name":"anim","property":"_matrix"}},
{"name":"LeftHandIndex4","index":14,"matrix":[1,0,0,0,0,1,0,0,0,0,1,0,5.1859,-0.1787,0.0103,1],"rest":[1,0,0,0,0,1,0,0,0,0,1,0,5.1859,-0.1787,0.0103,1],"parentBoneIndex":13,"length":5.189
,"animation":{"dataType":3,"framePerSecond":24,"keys":[
{"frame":1,"values":[1,0,0,0,0,1,0,0,0,0,1,0,5.1859,-0.1787,0.0103,1]},
{"frame":25,"values":[1,0,0,0,0,1,0,0,0,0,1,0,5.1859,-0.1787,0.0103,1]}],"loopBehavior":1,"name":"anim","property":"_matrix"}},
{"name":"LeftHandThumb1","index":15,"matrix":[0.9854,-0.0402,-0.1655,0,0.0416,0.9991,0.0052,0,0.1651,-0.012,0.9862,0,6.5349,-5.0326,5.9003,1],"rest":[1,0,0,0,0,1,0,0,0,0,1,0,6.5349,-5.0326,5.9003,1],"parentBoneIndex":10,"length":4.9292
,"animation":{"dataType":3,"framePerSecond":24,"keys":[
{"frame":1,"values":[0.9854,-0.0402,-0.1655,0,0.0416,0.9991,0.0052,0,0.1651,-0.012,0.9862,0,6.5349,-5.0326,5.9003,1]},
{"frame":25,"values":[0.9854,-0.0402,-0.1655,0,0.0416,0.9991,0.0052,0,0.1651,-0.012,0.9862,0,6.5349,-5.0326,5.9003,1]}],"loopBehavior":1,"name":"anim","property":"_matrix"}},
{"name":"LeftHandThumb2","index":16,"matrix":[0.9755,0.0462,-0.2153,0,-0.023,0.9938,0.1092,0,0.219,-0.1016,0.9704,0,3.8182,-2.2044,2.2044,1],"rest":[1,0,0,0,0,1,0,0,0,0,1,0,3.8182,-2.2044,2.2044,1],"parentBoneIndex":15,"length":4.1984
,"animation":{"dataType":3,"framePerSecond":24,"keys":[
{"frame":1,"values":[0.9755,0.0462,-0.2153,0,-0.023,0.9938,0.1092,0,0.219,-0.1016,0.9704,0,3.8182,-2.2044,2.2044,1]},
{"frame":25,"values":[0.9755,0.0462,-0.2153,0,-0.023,0.9938,0.1092,0,0.219,-0.1016,0.9704,0,3.8182,-2.2044,2.2044,1]}],"loopBehavior":1,"name":"anim","property":"_matrix"}},
{"name":"LeftHandThumb3","index":17,"matrix":[0.9525,0.1484,0.266,0,-0.0267,0.9106,-0.4123,0,-0.3034,0.3856,0.8713,0,3.2521,-1.8776,1.8776,1],"rest":[1,0,0,0,0,1,0,0,0,0,1,0,3.2521,-1.8776,1.8776,1],"parentBoneIndex":16,"length":6.78
,"animation":{"dataType":3,"framePerSecond":24,"keys":[
{"frame":1,"values":[0.9525,0.1484,0.266,0,-0.0267,0.9106,-0.4123,0,-0.3034,0.3856,0.8713,0,3.2521,-1.8776,1.8776,1]},
{"frame":25,"values":[0.9525,0.1484,0.266,0,-0.0267,0.9106,-0.4123,0,-0.3034,0.3856,0.8713,0,3.2521,-1.8776,1.8776,1]}],"loopBehavior":1,"name":"anim","property":"_matrix"}},
{"name":"LeftHandThumb4","index":18,"matrix":[1,0,0,0,0,1,0,0,0,0,1,0,5.2518,-3.0321,3.0321,1],"rest":[1,0,0,0,0,1,0,0,0,0,1,0,5.2518,-3.0321,3.0321,1],"parentBoneIndex":17,"length":6.78
,"animation":{"dataType":3,"framePerSecond":24,"keys":[
{"frame":1,"values":[1,0,0,0,0,1,0,0,0,0,1,0,5.2518,-3.0321,3.0321,1]},
{"frame":25,"values":[1,0,0,0,0,1,0,0,0,0,1,0,5.2518,-3.0321,3.0321,1]}],"loopBehavior":1,"name":"anim","property":"_matrix"}},
{"name":"RightShoulder","index":19,"matrix":[0.9931,-0.0023,0.1169,0,0.0025,1,-0.0011,0,-0.1169,0.0014,0.9931,0,-12.8963,26.7163,-4.5484,1],"rest":[1,0,0,0,0,1,0,0,0,0,1,0,-12.8963,26.7163,-4.5484,1],"parentBoneIndex":3,"length":19.7122
,"animation":{"dataType":3,"framePerSecond":24,"keys":[
{"frame":1,"values":[0.9931,-0.0023,0.1169,0,0.0025,1,-0.0011,0,-0.1169,0.0014,0.9931,0,-12.8963,26.7163,-4.5484,1]},
{"frame":2,"values":[0.9901,0.0112,0.1396,0,-0.007,0.9995,-0.0304,0,-0.1399,0.0291,0.9897,0,-12.8963,26.7163,-4.5484,1]},
{"frame":3,"values":[0.9864,0.022,0.1627,0,-0.0134,0.9985,-0.0538,0,-0.1637,0.0509,0.9852,0,-12.8963,26.7163,-4.5484,1]},
{"frame":4,"values":[0.9826,0.0253,0.1841,0,-0.0145,0.9981,-0.0594,0,-0.1852,0.0556,0.9811,0,-12.8963,26.7163,-4.5484,1]},
{"frame":5,"values":[0.9794,0.0265,0.2,0,-0.0142,0.9979,-0.0626,0,-0.2013,0.0585,0.9778,0,-12.8963,26.7163,-4.5484,1]},
{"frame":6,"values":[0.9763,0.0266,0.2146,0,-0.0135,0.998,-0.0622,0,-0.2158,0.0579,0.9747,0,-12.8963,26.7163,-4.5484,1]},
{"frame":7,"values":[0.9743,0.0246,0.2239,0,-0.012,0.9983,-0.0573,0,-0.2249,0.0532,0.9729,0,-12.8963,26.7163,-4.5484,1]},
{"frame":8,"values":[0.9739,0.0323,0.2247,0,-0.0223,0.9986,-0.0472,0,-0.2259,0.041,0.9733,0,-12.8963,26.7163,-4.5484,1]},
{"frame":9,"values":[0.9756,0.0472,0.2145,0,-0.0413,0.9986,-0.0318,0,-0.2157,0.0222,0.9762,0,-12.8963,26.7163,-4.5484,1]},
{"frame":10,"values":[0.9794,0.0398,0.1981,0,-0.0386,0.9992,-0.0101,0,-0.1983,0.0022,0.9801,0,-12.8963,26.7163,-4.5484,1]},
{"frame":11,"values":[0.984,0.0253,0.1763,0,-0.0281,0.9995,0.0137,0,-0.1759,-0.0184,0.9842,0,-12.8963,26.7163,-4.5484,1]},
{"frame":12,"values":[0.9888,0.0142,0.1489,0,-0.0206,0.9989,0.0414,0,-0.1481,-0.044,0.988,0,-12.8963,26.7163,-4.5484,1]},
{"frame":13,"values":[0.9929,0.0096,0.1188,0,-0.0181,0.9973,0.0705,0,-0.1178,-0.0722,0.9904,0,-12.8963,26.7163,-4.5484,1]},
{"frame":14,"values":[0.9961,0.0045,0.0882,0,-0.0132,0.9951,0.0981,0,-0.0873,-0.0988,0.9913,0,-12.8963,26.7163,-4.5484,1]},
