{"producer":{"name":"Blender","version":"2.90.0","exporter_version":"2.80.1","file":"riffle_run.babylon"},
"autoClear":true,"clearColor":[0.0509,0.0509,0.0509],"gravity":[0,-9.81,0],
"materials":[{"name":"Material","id":"Material","customType":"BABYLON.PBRMaterial","backFaceCulling":true,"checkReadyOnlyOnce":false,"maxSimultaneousLights":4,"environmentIntensity":1,"albedo":[0.8,0.8,0.8],"reflectivity":[0.5,0.5,0.5],"roughness":0.4,"alpha":1,"transparencyMode":0,"alphaCutOff":0.4,"metallic":0}],
"multiMaterials":[],
"skeletons":[{"name":"Armature","id":0,"dimensionsAtRest":[232.1761,222.9347,36.3014],"bones":[
{"name":"Hips","index":0,"matrix":[0.9701,-0.0465,-0.2383,0,0.0061,0.9859,-0.1675,0,-0.2427,-0.161,-0.9566,0,-0.1341,69.9217,0.1938,1],"rest":[1,0,0,0,0,1,0,0,0,0,-1,0,0,89.0054,0,1],"parentBoneIndex":-1,"length":14.2998
,"animation":{"dataType":3,"framePerSecond":24,"keys":[
{"frame":1,"values":[0.9701,-0.0465,-0.2383,0,0.0061,0.9859,-0.1675,0,-0.2427,-0.161,-0.9566,0,-0.1341,69.9217,0.1938,1]},
{"frame":2,"values":[0.9736,-0.017,-0.2276,0,-0.0223,0.9853,-0.1692,0,-0.2271,-0.1698,-0.9589,0,-0.2353,70.8627,-0.3438,1]},
{"frame":3,"values":[0.9803,0.0069,-0.1974,0,-0.042,0.9839,-0.1738,0,-0.193,-0.1787,-0.9648,0,-0.3255,73.0641,-1.1918,1]},
{"frame":4,"values":[0.9849,0.0155,-0.1727,0,-0.0449,0.9848,-0.1678,0,-0.1675,-0.173,-0.9706,0,-0.3495,75.7808,-1.8505,1]},
{"frame":5,"values":[0.9836,0.0174,-0.1795,0,-0.0434,0.9889,-0.1424,0,-0.175,-0.1479,-0.9734,0,-0.7152,75.2043,0.0141,1]},
{"frame":6,"values":[0.9887,0.0151,-0.1488,0,-0.0343,0.9913,-0.1268,0,-0.1456,-0.1305,-0.9807,0,-0.8835,71.5634,0.3583,1]},
{"frame":7,"values":[0.9942,0.0408,-0.1,0,-0.0508,0.9937,-0.0997,0,-0.0953,-0.1042,-0.99,0,-0.8371,69.4362,0.903,1]},
{"frame":8,"values":[0.9905,0.059,-0.124,0,-0.0694,0.9943,-0.0812,0,-0.1185,-0.089,-0.989,0,-0.6274,68.712,0.5976,1]},
{"frame":9,"values":[0.9895,0.0471,-0.1369,0,-0.0601,0.9939,-0.0924,0,-0.1318,-0.0997,-0.9863,0,-0.4281,68.2011,-0.8681,1]},
{"frame":10,"values":[0.9943,0.0059,-0.106,0,-0.0175,0.9939,-0.1089,0,-0.1047,-0.1101,-0.9884,0,-0.4169,68.9201,-2.1926,1]},
{"frame":11,"values":[0.9953,-0.0411,-0.0874,0,0.0279,0.9887,-0.1473,0,-0.0925,-0.1442,-0.9852,0,-0.3203,71.2823,-2.4749,1]},
{"frame":12,"values":[0.9922,-0.069,-0.1042,0,0.0494,0.9823,-0.1806,0,-0.1148,-0.174,-0.978,0,0.2062,75.025,-1.9586,1]},
{"frame":13,"values":[0.9895,-0.06,-0.1318,0,0.0331,0.9798,-0.1971,0,-0.141,-0.1906,-0.9715,0,0.7155,77.6536,-1.4677,1]},
{"frame":14,"values":[0.9885,-0.0416,-0.1456,0,0.0118,0.9798,-0.1996,0,-0.1509,-0.1956,-0.969,0,1.0958,77.3652,-0.2913,1]},
{"frame":15,"values":[0.9879,-0.0354,-0.1512,0,0.0049,0.9803,-0.1974,0,-0.1552,-0.1942,-0.9686,0,1.0755,74.4344,0.4217,1]},
{"frame":16,"values":[0.9817,-0.0592,-0.1808,0,0.0244,0.9817,-0.189,0,-0.1887,-0.1811,-0.9652,0,0.9563,72.2274,1.244,1]},
{"frame":17,"values":[0.9688,-0.07,-0.2376,0,0.0315,0.9863,-0.1619,0,-0.2457,-0.1494,-0.9578,0,0.553,71.016,1.0421,1]},
{"frame":18,"values":[0.9683,-0.052,-0.2442,0,0.0125,0.987,-0.1605,0,-0.2494,-0.1524,-0.9563,0,-0.0272,70.134,0.3745,1]}],"loopBehavior":1,"name":"anim","property":"_matrix"}},
{"name":"Spine","index":1,"matrix":[0.9974,0.037,0.0616,0,-0.0461,0.987,0.1539,0,-0.0551,-0.1563,0.9862,0,0.1169,10.681,0.3734,1],"rest":[1,0,0,0,0,1,0,0,0,0,1,0,0.1169,10.681,0.3734,1],"parentBoneIndex":0,"length":13.8405
,"animation":{"dataType":3,"framePerSecond":24,"keys":[
{"frame":1,"values":[0.9974,0.037,0.0616,0,-0.0461,0.987,0.1539,0,-0.0551,-0.1563,0.9862,0,0.1169,10.681,0.3734,1]},
{"frame":2,"values":[0.998,0.0086,0.0621,0,-0.0178,0.9887,0.1489,0,-0.0601,-0.1497,0.9869,0,0.1169,10.681,0.3734,1]},
{"frame":3,"values":[0.9976,-0.0106,0.0686,0,0.0007,0.9898,0.1427,0,-0.0694,-0.1423,0.9874,0,0.1169,10.681,0.3734,1]},
{"frame":4,"values":[0.9974,-0.0141,0.07,0,0.0046,0.991,0.1339,0,-0.0713,-0.1333,0.9885,0,0.1169,10.681,0.3734,1]},
{"frame":5,"values":[0.9975,-0.0261,0.0655,0,0.0171,0.9908,0.1344,0,-0.0684,-0.133,0.9888,0,0.1169,10.681,0.3734,1]},
{"frame":6,"values":[0.9955,-0.0397,0.0858,0,0.028,0.9907,0.1334,0,-0.0903,-0.1304,0.9873,0,0.1169,10.681,0.3734,1]},
{"frame":7,"values":[0.9922,-0.0658,0.1058,0,0.0483,0.986,0.1596,0,-0.1148,-0.1533,0.9815,0,0.1169,10.681,0.3734,1]},
{"frame":8,"values":[0.9932,-0.0772,0.0873,0,0.0613,0.9832,0.1717,0,-0.0991,-0.1652,0.9813,0,0.1169,10.681,0.3734,1]},
{"frame":9,"values":[0.9937,-0.0596,0.095,0,0.0437,0.986,0.161,0,-0.1033,-0.1558,0.9824,0,0.1169,10.681,0.3734,1]},
{"frame":10,"values":[0.9916,-0.0194,0.1276,0,-0.0014,0.987,0.1608,0,-0.129,-0.1596,0.9787,0,0.1169,10.681,0.3734,1]},
{"frame":11,"values":[0.9886,0.0281,0.1476,0,-0.0505,0.9874,0.1501,0,-0.1415,-0.1558,0.9776,0,0.1169,10.681,0.3734,1]},
{"frame":12,"values":[0.9886,0.0615,0.1373,0,-0.0819,0.9855,0.1484,0,-0.1262,-0.1579,0.9794,0,0.1169,10.681,0.3734,1]},
{"frame":13,"values":[0.9891,0.0638,0.1326,0,-0.082,0.9873,0.1362,0,-0.1222,-0.1456,0.9818,0,0.1169,10.681,0.3734,1]},
{"frame":14,"values":[0.9896,0.0648,0.1286,0,-0.0806,0.9893,0.1219,0,-0.1194,-0.131,0.9842,0,0.1169,10.681,0.3734,1]},
{"frame":15,"values":[0.9906,0.0679,0.1184,0,-0.0822,0.9894,0.1199,0,-0.109,-0.1286,0.9857,0,0.1169,10.681,0.3734,1]},
{"frame":16,"values":[0.9927,0.0757,0.0942,0,-0.0885,0.9863,0.1396,0,-0.0823,-0.1469,0.9857,0,0.1169,10.681,0.3734,1]},
{"frame":17,"values":[0.9945,0.0598,0.0863,0,-0.0741,0.982,0.1736,0,-0.0744,-0.179,0.981,0,0.1169,10.681,0.3734,1]},
{"frame":18,"values":[0.9967,0.04,0.0705,0,-0.051,0.9854,0.1626,0,-0.0629,-0.1656,0.9842,0,0.1169,10.681,0.3734,1]}],"loopBehavior":1,"name":"anim","property":"_matrix"}},
{"name":"Spine1","index":2,"matrix":[0.9998,-0.0024,0.0172,0,0.0014,0.9983,0.0588,0,-0.0173,-0.0587,0.9981,0,0,13.8404,0.0535,1],"rest":[1,0,0,0,0,1,0,0,0,0,1,0,0,13.8404,0.0535,1],"parentBoneIndex":1,"length":14.7173
,"animation":{"dataType":3,"framePerSecond":24,"keys":[
{"frame":1,"values":[0.9998,-0.0024,0.0172,0,0.0014,0.9983,0.0588,0,-0.0173,-0.0587,0.9981,0,0,13.8404,0.0535,1]},
{"frame":2,"values":[0.9998,-0.0061,0.0187,0,0.0051,0.9984,0.0554,0,-0.019,-0.0553,0.9983,0,0,13.8404,0.0535,1]},
{"frame":3,"values":[0.9998,-0.0059,0.0215,0,0.0047,0.9985,0.0554,0,-0.0218,-0.0553,0.9982,0,0,13.8404,0.0535,1]},
{"frame":4,"values":[0.9998,-0.0034,0.0217,0,0.0021,0.9983,0.0574,0,-0.0219,-0.0573,0.9981,0,0,13.8404,0.0535,1]},
{"frame":5,"values":[0.9998,-0.0014,0.021,0,0,0.9977,0.068,0,-0.0211,-0.068,0.9975,0,0,13.8404,0.0535,1]},
{"frame":6,"values":[0.9995,0.0007,0.0302,0,-0.0027,0.9978,0.0663,0,-0.0301,-0.0663,0.9973,0,0,13.8404,0.0535,1]},
{"frame":7,"values":[0.9993,-0.0015,0.0379,0,-0.0007,0.9982,0.06,0,-0.0379,-0.06,0.9975,0,0,13.8404,0.0535,1]},
{"frame":8,"values":[0.9995,-0.0026,0.0304,0,0.0007,0.9981,0.0611,0,-0.0305,-0.0611,0.9977,0,0,13.8404,0.0535,1]},
{"frame":9,"values":[0.9995,0.0026,0.0299,0,-0.0044,0.9982,0.0593,0,-0.0297,-0.0594,0.9978,0,0,13.8404,0.0535,1]},
{"frame":10,"values":[0.9993,0.0107,0.0368,0,-0.0128,0.9982,0.0586,0,-0.0361,-0.0591,0.9976,0,0,13.8404,0.0535,1]},
{"frame":11,"values":[0.999,0.0154,0.0413,0,-0.0176,0.9984,0.0546,0,-0.0403,-0.0553,0.9977,0,0,13.8404,0.0535,1]},
{"frame":12,"values":[0.999,0.0206,0.0392,0,-0.0228,0.9982,0.0561,0,-0.0379,-0.0569,0.9977,0,0,13.8404,0.0535,1]},
{"frame":13,"values":[0.9991,0.0171,0.0388,0,-0.0192,0.9984,0.0535,0,-0.0378,-0.0542,0.9978,0,0,13.8404,0.0535,1]},
{"frame":14,"values":[0.9993,0.0111,0.0365,0,-0.0129,0.9986,0.0509,0,-0.0359,-0.0513,0.998,0,0,13.8404,0.0535,1]},
{"frame":15,"values":[0.9995,0.0071,0.031,0,-0.0085,0.9989,0.0457,0,-0.0307,-0.0459,0.9985,0,0,13.8404,0.0535,1]},
{"frame":16,"values":[0.9997,0.0076,0.0227,0,-0.0084,0.9993,0.0365,0,-0.0224,-0.0367,0.9991,0,0,13.8404,0.0535,1]},
{"frame":17,"values":[0.9998,0.0015,0.0218,0,-0.0027,0.9984,0.0563,0,-0.0217,-0.0563,0.9982,0,0,13.8404,0.0535,1]},
{"frame":18,"values":[0.9998,-0.0027,0.0193,0,0.0015,0.998,0.0637,0,-0.0194,-0.0637,0.9978,0,0,13.8404,0.0535,1]}],"loopBehavior":1,"name":"anim","property":"_matrix"}},
{"name":"Spine2","index":3,"matrix":[0.9998,-0.0025,0.0175,0,0.0015,0.9983,0.0586,0,-0.0176,-0.0586,0.9981,0,0,14.7127,-0.3662,1],"rest":[1,0,0,0,0,1,0,0,0,0,1,0,0,14.7127,-0.3662,1],"parentBoneIndex":2,"length":31.8652
,"animation":{"dataType":3,"framePerSecond":24,"keys":[
{"frame":1,"values":[0.9998,-0.0025,0.0175,0,0.0015,0.9983,0.0586,0,-0.0176,-0.0586,0.9981,0,0,14.7127,-0.3662,1]},
{"frame":2,"values":[0.9998,-0.0063,0.0189,0,0.0052,0.9985,0.0553,0,-0.0192,-0.0552,0.9983,0,0,14.7127,-0.3662,1]},
{"frame":3,"values":[0.9997,-0.0061,0.0216,0,0.0049,0.9985,0.0553,0,-0.0219,-0.0552,0.9982,0,0,14.7127,-0.3662,1]},
{"frame":4,"values":[0.9998,-0.0037,0.0217,0,0.0024,0.9984,0.0574,0,-0.0219,-0.0573,0.9981,0,0,14.7127,-0.3662,1]},
{"frame":5,"values":[0.9998,-0.0019,0.0213,0,0.0005,0.9977,0.0679,0,-0.0214,-0.0679,0.9975,0,0,14.7127,-0.3662,1]},
{"frame":6,"values":[0.9995,0,0.0306,0,-0.0021,0.9978,0.0661,0,-0.0305,-0.0661,0.9973,0,0,14.7127,-0.3662,1]},
{"frame":7,"values":[0.9993,-0.002,0.0381,0,-0.0003,0.9982,0.06,0,-0.0381,-0.0599,0.9975,0,0,14.7127,-0.3662,1]},
{"frame":8,"values":[0.9995,-0.0028,0.0305,0,0.001,0.9981,0.0611,0,-0.0306,-0.0611,0.9977,0,0,14.7127,-0.3662,1]},
{"frame":9,"values":[0.9995,0.0024,0.03,0,-0.0041,0.9982,0.0593,0,-0.0299,-0.0594,0.9978,0,0,14.7127,-0.3662,1]},
{"frame":10,"values":[0.9993,0.0104,0.0369,0,-0.0126,0.9982,0.0587,0,-0.0363,-0.0591,0.9976,0,0,14.7127,-0.3662,1]},
{"frame":11,"values":[0.999,0.0151,0.0414,0,-0.0173,0.9984,0.0546,0,-0.0405,-0.0552,0.9977,0,0,14.7127,-0.3662,1]},
{"frame":12,"values":[0.999,0.0202,0.0394,0,-0.0224,0.9982,0.056,0,-0.0382,-0.0568,0.9977,0,0,14.7127,-0.3662,1]},
{"frame":13,"values":[0.9991,0.0167,0.0391,0,-0.0188,0.9984,0.0533,0,-0.0381,-0.054,0.9978,0,0,14.7127,-0.3662,1]},
{"frame":14,"values":[0.9993,0.0106,0.0368,0,-0.0125,0.9986,0.0507,0,-0.0362,-0.0511,0.998,0,0,14.7127,-0.3662,1]},
{"frame":15,"values":[0.9995,0.0068,0.0312,0,-0.0082,0.9989,0.0455,0,-0.0309,-0.0457,0.9985,0,0,14.7127,-0.3662,1]},
{"frame":16,"values":[0.9997,0.0077,0.0228,0,-0.0085,0.9993,0.0364,0,-0.0226,-0.0365,0.9991,0,0,14.7127,-0.3662,1]},
{"frame":17,"values":[0.9998,0.0014,0.0221,0,-0.0026,0.9984,0.0561,0,-0.022,-0.0561,0.9982,0,0,14.7127,-0.3662,1]},
{"frame":18,"values":[0.9998,-0.0029,0.0196,0,0.0017,0.998,0.0636,0,-0.0197,-0.0635,0.9978,0,0,14.7127,-0.3662,1]}],"loopBehavior":1,"name":"anim","property":"_matrix"}},
{"name":"Neck","index":4,"matrix":[0.9977,0.0269,-0.0621,0,-0.0222,0.9969,0.0751,0,0.0639,-0.0735,0.9952,0,0,35.4155,-3.3142,1],"rest":[1,0,0,0,0,1,0,0,0,0,1,0,0,35.4155,-3.3142,1],"parentBoneIndex":3,"length":16.9431
,"animation":{"dataType":3,"framePerSecond":24,"keys":[
{"frame":1,"values":[0.9977,0.0269,-0.0621,0,-0.0222,0.9969,0.0751,0,0.0639,-0.0735,0.9952,0,0,35.4155,-3.3142,1]},
{"frame":2,"values":[0.9977,0.0262,-0.0626,0,-0.0213,0.9967,0.0786,0,0.0644,-0.077,0.9949,0,0,35.4155,-3.3142,1]},
{"frame":3,"values":[0.9978,0.0271,-0.0604,0,-0.0218,0.9959,0.0873,0,0.0625,-0.0858,0.9943,0,0,35.4155,-3.3142,1]},
{"frame":4,"values":[0.9979,0.0317,-0.056,0,-0.0261,0.9948,0.0986,0,0.0588,-0.0969,0.9936,0,0,35.4155,-3.3142,1]},
{"frame":5,"values":[0.998,0.0352,-0.0532,0,-0.0301,0.9952,0.0933,0,0.0562,-0.0915,0.9942,0,0,35.4155,-3.3142,1]},
{"frame":6,"values":[0.9978,0.0436,-0.0504,0,-0.0388,0.995,0.092,0,0.0542,-0.0899,0.9945,0,0,35.4155,-3.3142,1]},
{"frame":7,"values":[0.9981,0.0399,-0.0467,0,-0.0354,0.9948,0.0952,0,0.0503,-0.0934,0.9944,0,0,35.4155,-3.3142,1]},
{"frame":8,"values":[0.9985,0.0278,-0.0482,0,-0.0228,0.9945,0.1023,0,0.0508,-0.1011,0.9936,0,0,35.4155,-3.3142,1]},
{"frame":9,"values":[0.9983,0.0267,-0.0512,0,-0.0215,0.9947,0.1008,0,0.0536,-0.0995,0.9936,0,0,35.4155,-3.3142,1]},
{"frame":10,"values":[0.9982,0.0342,-0.0497,0,-0.0294,0.9952,0.0936,0,0.0527,-0.0919,0.9944,0,0,35.4155,-3.3142,1]},
{"frame":11,"values":[0.9978,0.0478,-0.0461,0,-0.0433,0.9945,0.0955,0,0.0504,-0.0933,0.9944,0,0,35.4155,-3.3142,1]},
{"frame":12,"values":[0.9976,0.0567,-0.0406,0,-0.053,0.9947,0.0884,0,0.0454,-0.086,0.9953,0,0,35.4155,-3.3142,1]},
{"frame":13,"values":[0.9973,0.0618,-0.0405,0,-0.0579,0.9942,0.0905,0,0.0459,-0.0879,0.9951,0,0,35.4155,-3.3142,1]},
{"frame":14,"values":[0.9974,0.0595,-0.0414,0,-0.0555,0.9942,0.0923,0,0.0467,-0.0898,0.9949,0,0,35.4155,-3.3142,1]},
{"frame":15,"values":[0.9976,0.0569,-0.0398,0,-0.0532,0.9947,0.0875,0,0.0445,-0.0852,0.9954,0,0,35.4155,-3.3142,1]},
{"frame":16,"values":[0.9978,0.0504,-0.0434,0,-0.0463,0.9949,0.0901,0,0.0477,-0.0879,0.995,0,0,35.4155,-3.3142,1]},
{"frame":17,"values":[0.9976,0.0307,-0.0617,0,-0.0258,0.9966,0.0786,0,0.0639,-0.0769,0.995,0,0,35.4155,-3.3142,1]},
{"frame":18,"values":[0.9976,0.0263,-0.0638,0,-0.0217,0.9973,0.0707,0,0.0655,-0.0692,0.9955,0,0,35.4155,-3.3142,1]}],"loopBehavior":1,"name":"anim","property":"_matrix"}},
{"name":"Head","index":5,"matrix":[0.9376,0.1977,-0.2861,0,-0.2102,0.9776,-0.0132,0,0.2771,0.0725,0.9581,0,0,16.8992,1.2183,1],"rest":[1,0,0,0,0,1,0,0,0,0,1,0,0,16.8992,1.2183,1],"parentBoneIndex":4,"length":22.3142
,"animation":{"dataType":3,"framePerSecond":24,"keys":[
{"frame":1,"values":[0.9376,0.1977,-0.2861,0,-0.2102,0.9776,-0.0132,0,0.2771,0.0725,0.9581,0,0,16.8992,1.2183,1]},
{"frame":2,"values":[0.9351,0.2124,-0.2835,0,-0.2279,0.9734,-0.0224,0,0.2712,0.0856,0.9587,0,0,16.8992,1.2183,1]},
{"frame":3,"values":[0.9372,0.2181,-0.2722,0,-0.2327,0.9723,-0.0221,0,0.2599,0.0841,0.962,0,0,16.8992,1.2183,1]},
{"frame":4,"values":[0.9426,0.2099,-0.2598,0,-0.2217,0.975,-0.0166,0,0.2498,0.0732,0.9655,0,0,16.8992,1.2183,1]},
{"frame":5,"values":[0.9452,0.2072,-0.2525,0,-0.2152,0.9766,-0.0041,0,0.2457,0.0582,0.9676,0,0,16.8992,1.2183,1]},
{"frame":6,"values":[0.9434,0.2183,-0.2497,0,-0.229,0.9733,-0.0142,0,0.2399,0.0705,0.9682,0,0,16.8992,1.2183,1]},
{"frame":7,"values":[0.9468,0.2315,-0.2236,0,-0.2461,0.9685,-0.0392,0,0.2075,0.0922,0.9739,0,0,16.8992,1.2183,1]},
{"frame":8,"values":[0.9497,0.2333,-0.2088,0,-0.2437,0.9695,-0.0251,0,0.1966,0.0748,0.9776,0,0,16.8992,1.2183,1]},
{"frame":9,"values":[0.9485,0.2252,-0.2227,0,-0.2327,0.9725,-0.0077,0,0.2149,0.0591,0.9748,0,0,16.8992,1.2183,1]},
{"frame":10,"values":[0.9462,0.2302,-0.2272,0,-0.2392,0.9709,-0.0122,0,0.2178,0.0659,0.9738,0,0,16.8992,1.2183,1]},
{"frame":11,"values":[0.9473,0.216,-0.2365,0,-0.226,0.974,-0.0154,0,0.227,0.068,0.9715,0,0,16.8992,1.2183,1]},
{"frame":12,"values":[0.9539,0.1894,-0.2328,0,-0.197,0.9804,-0.0096,0,0.2264,0.055,0.9725,0,0,16.8992,1.2183,1]},
{"frame":13,"values":[0.9531,0.1802,-0.2432,0,-0.1846,0.9828,0.0047,0,0.2399,0.0404,0.97,0,0,16.8992,1.2183,1]},
{"frame":14,"values":[0.9529,0.1812,-0.2431,0,-0.1821,0.9831,0.0189,0,0.2425,0.0262,0.9698,0,0,16.8992,1.2183,1]},
{"frame":15,"values":[0.9556,0.1847,-0.2298,0,-0.1864,0.9824,0.0145,0,0.2284,0.029,0.9731,0,0,16.8992,1.2183,1]},
{"frame":16,"values":[0.9527,0.1935,-0.2345,0,-0.2006,0.9796,-0.0065,0,0.2284,0.0533,0.9721,0,0,16.8992,1.2183,1]},
{"frame":17,"values":[0.9358,0.2004,-0.2899,0,-0.2162,0.9761,-0.0231,0,0.2783,0.0843,0.9568,0,0,16.8992,1.2183,1]},
{"frame":18,"values":[0.9353,0.1981,-0.2931,0,-0.2106,0.9775,-0.0112,0,0.2843,0.0722,0.956,0,0,16.8992,1.2183,1]}],"loopBehavior":1,"name":"anim","property":"_matrix"}},
{"name":"HeadTop_End","index":6,"matrix":[1,0,0,0,0,1,0,0,0,0,1,0,0,22.2062,2.1925,1],"rest":[1,0,0,0,0,1,0,0,0,0,1,0,0,22.2062,2.1925,1],"parentBoneIndex":5,"length":22.3142
,"animation":{"dataType":3,"framePerSecond":24,"keys":[
{"frame":1,"values":[1,0,0,0,0,1,0,0,0,0,1,0,0,22.2062,2.1925,1]},
{"frame":18,"values":[1,0,0,0,0,1,0,0,0,0,1,0,0,22.2062,2.1925,1]}],"loopBehavior":1,"name":"anim","property":"_matrix"}},
{"name":"LeftShoulder","index":7,"matrix":[0.958,0.2146,0.1904,0,-0.2164,0.9762,-0.0113,0,-0.1883,-0.0304,0.9816,0,12.8964,26.7163,-4.5484,1],"rest":[1,0,0,0,0,1,0,0,0,0,1,0,12.8964,26.7163,-4.5484,1],"parentBoneIndex":3,"length":19.7122
,"animation":{"dataType":3,"framePerSecond":24,"keys":[
{"frame":1,"values":[0.958,0.2146,0.1904,0,-0.2164,0.9762,-0.0113,0,-0.1883,-0.0304,0.9816,0,12.8964,26.7163,-4.5484,1]},
{"frame":2,"values":[0.95,0.2229,0.2185,0,-0.2251,0.9742,-0.0154,0,-0.2163,-0.0345,0.9757,0,12.8964,26.7163,-4.5484,1]},
{"frame":3,"values":[0.9368,0.2313,0.2624,0,-0.2341,0.972,-0.0209,0,-0.2599,-0.0419,0.9647,0,12.8964,26.7163,-4.5484,1]},
{"frame":4,"values":[0.9199,0.2349,0.314,0,-0.2386,0.9707,-0.0271,0,-0.3111,-0.0499,0.9491,0,12.8964,26.7163,-4.5484,1]},
{"frame":5,"values":[0.9091,0.2395,0.3407,0,-0.2435,0.9694,-0.0318,0,-0.3379,-0.0541,0.9396,0,12.8964,26.7163,-4.5484,1]},
{"frame":6,"values":[0.893,0.2476,0.3759,0,-0.2525,0.9669,-0.0369,0,-0.3726,-0.0619,0.9259,0,12.8964,26.7163,-4.5484,1]},
{"frame":7,"values":[0.8779,0.2501,0.4083,0,-0.256,0.9658,-0.0411,0,-0.4046,-0.0684,0.9119,0,12.8964,26.7163,-4.5484,1]},
{"frame":8,"values":[0.8762,0.2383,0.419,0,-0.2438,0.9689,-0.0413,0,-0.4158,-0.0659,0.9071,0,12.8964,26.7163,-4.5484,1]},
{"frame":9,"values":[0.88,0.2224,0.4197,0,-0.2271,0.9731,-0.0395,0,-0.4172,-0.0606,0.9068,0,12.8964,26.7163,-4.5484,1]},
{"frame":10,"values":[0.882,0.2187,0.4174,0,-0.2235,0.974,-0.038,0,-0.4148,-0.0598,0.9079,0,12.8964,26.7163,-4.5484,1]},
{"frame":11,"values":[0.8815,0.2408,0.4061,0,-0.247,0.9683,-0.0381,0,-0.4024,-0.0667,0.913,0,12.8964,26.7163,-4.5484,1]},
{"frame":12,"values":[0.8814,0.2598,0.3945,0,-0.267,0.963,-0.0378,0,-0.3897,-0.072,0.9181,0,12.8964,26.7163,-4.5484,1]},
{"frame":13,"values":[0.8895,0.252,0.3812,0,-0.2588,0.9653,-0.0342,0,-0.3766,-0.0682,0.9239,0,12.8964,26.7163,-4.5484,1]},
{"frame":14,"values":[0.8975,0.2368,0.372,0,-0.2431,0.9695,-0.0307,0,-0.368,-0.0628,0.9277,0,12.8964,26.7163,-4.5484,1]},
{"frame":15,"values":[0.9,0.2311,0.3696,0,-0.2372,0.971,-0.0295,0,-0.3657,-0.0612,0.9287,0,12.8964,26.7163,-4.5484,1]},
{"frame":16,"values":[0.9111,0.2218,0.3474,0,-0.2273,0.9735,-0.0254,0,-0.3438,-0.0558,0.9374,0,12.8964,26.7163,-4.5484,1]},
{"frame":17,"values":[0.9571,0.1965,0.213,0,-0.1987,0.98,-0.0116,0,-0.211,-0.0312,0.977,0,12.8964,26.7163,-4.5484,1]},
{"frame":18,"values":[0.9613,0.2096,0.1788,0,-0.2112,0.9774,-0.0105,0,-0.1769,-0.0277,0.9838,0,12.8964,26.7163,-4.5484,1]}],"loopBehavior":1,"name":"anim","property":"_matrix"}},
{"name":"LeftArm","index":8,"matrix":[0.377,0.1749,0.9096,0,0.8265,0.3797,-0.4156,0,-0.4181,0.9084,-0.0014,0,19.027,-4.857,-1.7184,1],"rest":[1,0,0,0,0,1,0,0,0,0,1,0,19.027,-4.857,-1.7184,1],"parentBoneIndex":7,"length":24.1799
,"animation":{"dataType":3,"framePerSecond":24,"keys":[
{"frame":1,"values":[0.377,0.1749,0.9096,0,0.8265,0.3797,-0.4156,0,-0.4181,0.9084,-0.0014,0,19.027,-4.857,-1.7184,1]},
{"frame":2,"values":[0.4079,0.1676,0.8975,0,0.8,0.4082,-0.4398,0,-0.4401,0.8974,0.0325,0,19.027,-4.857,-1.7184,1]},
{"frame":3,"values":[0.454,0.118,0.8832,0,0.7912,0.4025,-0.4605,0,-0.4098,0.9078,0.0893,0,19.027,-4.857,-1.7184,1]},
{"frame":4,"values":[0.4913,0.0636,0.8687,0,0.7873,0.3942,-0.4741,0,-0.3726,0.9168,0.1436,0,19.027,-4.857,-1.7184,1]},
{"frame":5,"values":[0.514,0.0423,0.8568,0,0.7831,0.3846,-0.4887,0,-0.3502,0.9221,0.1646,0,19.027,-4.857,-1.7184,1]},
{"frame":6,"values":[0.5494,0.0259,0.8351,0,0.7646,0.3873,-0.5151,0,-0.3368,0.9216,0.193,0,19.027,-4.857,-1.7184,1]},
{"frame":7,"values":[0.5523,0.032,0.833,0,0.7615,0.3872,-0.5198,0,-0.3392,0.9214,0.1895,0,19.027,-4.857,-1.7184,1]},
{"frame":8,"values":[0.5425,0.049,0.8386,0,0.7712,0.3668,-0.5204,0,-0.3331,0.929,0.1612,0,19.027,-4.857,-1.7184,1]},
{"frame":9,"values":[0.5678,0.0274,0.8227,0,0.7592,0.3688,-0.5363,0,-0.3181,0.9291,0.1886,0,19.027,-4.857,-1.7184,1]},
{"frame":10,"values":[0.5876,0.0069,0.8091,0,0.7503,0.3697,-0.548,0,-0.3029,0.9291,0.2121,0,19.027,-4.857,-1.7184,1]},
{"frame":11,"values":[0.5949,-0.0378,0.8029,0,0.7633,0.3394,-0.5496,0,-0.2517,0.9399,0.2308,0,19.027,-4.857,-1.7184,1]},
{"frame":12,"values":[0.5954,-0.0715,0.8003,0,0.7796,0.2922,-0.5539,0,-0.1943,0.9537,0.2297,0,19.027,-4.857,-1.7184,1]},
{"frame":13,"values":[0.5907,-0.0797,0.803,0,0.7854,0.2849,-0.5495,0,-0.185,0.9552,0.2309,0,19.027,-4.857,-1.7184,1]},
{"frame":14,"values":[0.5717,-0.0565,0.8185,0,0.7935,0.2919,-0.5341,0,-0.2087,0.9548,0.2117,0,19.027,-4.857,-1.7184,1]},
{"frame":15,"values":[0.5469,-0.0204,0.837,0,0.8015,0.3016,-0.5164,0,-0.2419,0.9532,0.1812,0,19.027,-4.857,-1.7184,1]},
{"frame":16,"values":[0.5067,0.018,0.8619,0,0.8138,0.3201,-0.4851,0,-0.2846,0.9472,0.1476,0,19.027,-4.857,-1.7184,1]},
{"frame":17,"values":[0.4219,0.116,0.8992,0,0.8274,0.3563,-0.4341,0,-0.3707,0.9271,0.0544,0,19.027,-4.857,-1.7184,1]},
{"frame":18,"values":[0.3806,0.17,0.909,0,0.8313,0.3677,-0.4168,0,-0.405,0.9143,-0.0014,0,19.027,-4.857,-1.7184,1]}],"loopBehavior":1,"name":"anim","property":"_matrix"}},
{"name":"LeftForeArm","index":9,"matrix":[0.8635,0,0.5043,0,0,1,0,0,-0.5043,0,0.8635,0,24.1799,0,0,1],"rest":[1,0,0,0,0,1,0,0,0,0,1,0,24.1799,0,0,1],"parentBoneIndex":8,"length":27.1564
,"animation":{"dataType":3,"framePerSecond":24,"keys":[
{"frame":1,"values":[0.8635,0,0.5043,0,0,1,0,0,-0.5043,0,0.8635,0,24.1799,0,0,1]},
{"frame":2,"values":[0.8659,0,0.5003,0,0,1,0,0,-0.5003,0,0.8659,0,24.1799,0,0,1]},
{"frame":3,"values":[0.8307,0,0.5567,0,0,1,0,0,-0.5567,0,0.8307,0,24.1799,0,0,1]},
{"frame":4,"values":[0.8075,0,0.5898,0,0,1,0,0,-0.5898,0,0.8075,0,24.1799,0,0,1]},
{"frame":5,"values":[0.8055,0,0.5925,0,0,1,0,0,-0.5925,0,0.8055,0,24.1799,0,0,1]},
{"frame":6,"values":[0.7992,0,0.6011,0,0,1,0,0,-0.6011,0,0.7992,0,24.1799,0,0,1]},
{"frame":7,"values":[0.8089,0,0.5879,0,0,1,0,0,-0.5879,0,0.8089,0,24.1799,0,0,1]},
{"frame":8,"values":[0.8185,0,0.5745,0,0,1,0,0,-0.5745,0,0.8185,0,24.1799,0,0,1]},
{"frame":9,"values":[0.7897,0,0.6135,0,0,1,0,0,-0.6135,0,0.7897,0,24.1799,0,0,1]},
{"frame":10,"values":[0.7556,0,0.655,0,0,1,0,0,-0.655,0,0.7556,0,24.1799,0,0,1]},
{"frame":11,"values":[0.6946,0,0.7194,0,0,1,0,0,-0.7194,0,0.6946,0,24.1799,0,0,1]},
{"frame":12,"values":[0.6201,0,0.7845,0,0,1,0,0,-0.7845,0,0.6201,0,24.1799,0,0,1]},
{"frame":13,"values":[0.6175,0,0.7866,0,0,1,0,0,-0.7866,0,0.6175,0,24.1799,0,0,1]},
{"frame":14,"values":[0.6725,0,0.7401,0,0,1,0,0,-0.7401,0,0.6725,0,24.1799,0,0,1]},
{"frame":15,"values":[0.7286,0,0.6849,0,0,1,0,0,-0.6849,0,0.7286,0,24.1799,0,0,1]},
{"frame":16,"values":[0.7812,0,0.6243,0,0,1,0,0,-0.6243,0,0.7812,0,24.1799,0,0,1]},
{"frame":17,"values":[0.8142,0,0.5806,0,0,1,0,0,-0.5806,0,0.8142,0,24.1799,0,0,1]},
{"frame":18,"values":[0.8508,0,0.5255,0,0,1,0,0,-0.5255,0,0.8508,0,24.1799,0,0,1]}],"loopBehavior":1,"name":"anim","property":"_matrix"}},
{"name":"LeftHand","index":10,"matrix":[0.9474,-0.3123,-0.0701,0,-0.254,-0.6003,-0.7584,0,0.1948,0.7363,-0.648,0,27.1564,0.0001,0,1],"rest":[1,0,0,0,0,1,0,0,0,0,1,0,27.1564,0.0001,0,1],"parentBoneIndex":9,"length":13.2912
,"animation":{"dataType":3,"framePerSecond":24,"keys":[
{"frame":1,"values":[0.9474,-0.3123,-0.0701,0,-0.254,-0.6003,-0.7584,0,0.1948,0.7363,-0.648,0,27.1564,0.0001,0,1]},
{"frame":2,"values":[0.9495,-0.3094,-0.0525,0,-0.2449,-0.626,-0.7404,0,0.1962,0.7158,-0.6702,0,27.1564,0.0001,0,1]},
{"frame":3,"values":[0.9468,-0.3121,-0.0791,0,-0.266,-0.6198,-0.7383,0,0.1814,0.7201,-0.6698,0,27.1564,0.0001,0,1]},
{"frame":4,"values":[0.9444,-0.3148,-0.0953,0,-0.2785,-0.6109,-0.7411,0,0.1751,0.7264,-0.6646,0,27.1564,0.0001,0,1]},
{"frame":5,"values":[0.941,-0.3239,-0.0977,0,-0.2843,-0.6007,-0.7472,0,0.1833,0.7309,-0.6574,0,27.1564,0.0001,0,1]},
{"frame":6,"values":[0.9323,-0.3442,-0.1112,0,-0.308,-0.594,-0.7431,0,0.1897,0.7271,-0.6598,0,27.1564,0.0001,0,1]},
{"frame":7,"values":[0.929,-0.3523,-0.1137,0,-0.312,-0.58,-0.7525,0,0.1992,0.7345,-0.6488,0,27.1564,0.0001,0,1]},
{"frame":8,"values":[0.9249,-0.3619,-0.1163,0,-0.3149,-0.5583,-0.7676,0,0.2128,0.7466,-0.6303,0,27.1564,0.0001,0,1]},
{"frame":9,"values":[0.9223,-0.3624,-0.1344,0,-0.3335,-0.5703,-0.7507,0,0.1954,0.7372,-0.6468,0,27.1564,0.0001,0,1]},
{"frame":10,"values":[0.9236,-0.3508,-0.1546,0,-0.3453,-0.5859,-0.7331,0,0.1666,0.7305,-0.6623,0,27.1564,0.0001,0,1]},
{"frame":11,"values":[0.9211,-0.3362,-0.1965,0,-0.3674,-0.5832,-0.7245,0,0.129,0.7395,-0.6607,0,27.1564,0.0001,0,1]},
{"frame":12,"values":[0.9134,-0.326,-0.2438,0,-0.3959,-0.5718,-0.7185,0,0.0948,0.7528,-0.6513,0,27.1564,0.0001,0,1]},
{"frame":13,"values":[0.9152,-0.3197,-0.2453,0,-0.3917,-0.5633,-0.7275,0,0.0944,0.7619,-0.6408,0,27.1564,0.0001,0,1]},
{"frame":14,"values":[0.9251,-0.3183,-0.2069,0,-0.3596,-0.5599,-0.7465,0,0.1217,0.765,-0.6324,0,27.1564,0.0001,0,1]},
{"frame":15,"values":[0.9324,-0.3186,-0.1705,0,-0.3305,-0.5614,-0.7587,0,0.146,0.7638,-0.6288,0,27.1564,0.0001,0,1]},
{"frame":16,"values":[0.9392,-0.3148,-0.1374,0,-0.3008,-0.5606,-0.7715,0,0.1659,0.7659,-0.6212,0,27.1564,0.0001,0,1]},
{"frame":17,"values":[0.9403,-0.3154,-0.1275,0,-0.2942,-0.5653,-0.7707,0,0.171,0.7622,-0.6243,0,27.1564,0.0001,0,1]},
{"frame":18,"values":[0.9441,-0.3166,-0.0916,0,-0.2703,-0.5848,-0.7648,0,0.1886,0.7469,-0.6377,0,27.1564,0.0001,0,1]}],"loopBehavior":1,"name":"anim","property":"_matrix"}},
{"name":"LeftHandIndex1","index":11,"matrix":[0.7994,-0.5985,-0.0527,0,0.5969,0.8011,-0.044,0,0.0686,0.0037,0.9976,0,16.4412,0,0,1],"rest":[1,0,0,0,0,1,0,0,0,0,1,0,16.4412,0,0,1],"parentBoneIndex":10,"length":4.8219
,"animation":{"dataType":3,"framePerSecond":24,"keys":[
{"frame":1,"values":[0.7994,-0.5985,-0.0527,0,0.5969,0.8011,-0.044,0,0.0686,0.0037,0.9976,0,16.4412,0,0,1]},
{"frame":2,"values":[0.8021,-0.5948,-0.0535,0,0.5932,0.8039,-0.0436,0,0.069,0.0032,0.9976,0,16.4412,0,0,1]},
{"frame":3,"values":[0.8042,-0.5921,-0.0523,0,0.5905,0.8059,-0.0433,0,0.0677,0.0039,0.9977,0,16.4412,0,0,1]},
{"frame":4,"values":[0.8001,-0.5976,-0.0526,0,0.596,0.8018,-0.0439,0,0.0684,0.0038,0.9976,0,16.4412,0,0,1]},
{"frame":5,"values":[0.803,-0.5937,-0.0519,0,0.5922,0.8046,-0.0435,0,0.0676,0.0041,0.9977,0,16.4412,0,0,1]},
{"frame":6,"values":[0.8061,-0.5895,-0.0513,0,0.588,0.8077,-0.043,0,0.0667,0.0045,0.9978,0,16.4412,0,0,1]},
{"frame":7,"values":[0.8102,-0.5841,-0.0497,0,0.5826,0.8117,-0.0423,0,0.065,0.0054,0.9979,0,16.4412,0,0,1]},
{"frame":8,"values":[0.807,-0.5885,-0.0503,0,0.5869,0.8085,-0.0428,0,0.0659,0.0051,0.9978,0,16.4412,0,0,1]},
{"frame":9,"values":[0.7994,-0.5985,-0.0528,0,0.5969,0.8011,-0.044,0,0.0686,0.0037,0.9976,0,16.4412,0,0,1]},
{"frame":10,"values":[0.8005,-0.597,-0.0529,0,0.5954,0.8022,-0.0438,0,0.0686,0.0036,0.9976,0,16.4412,0,0,1]},
{"frame":11,"values":[0.8019,-0.5951,-0.0524,0,0.5935,0.8036,-0.0436,0,0.0681,0.0039,0.9977,0,16.4412,0,0,1]},
{"frame":12,"values":[0.8036,-0.5929,-0.0521,0,0.5913,0.8053,-0.0434,0,0.0676,0.0041,0.9977,0,16.4412,0,0,1]},
{"frame":13,"values":[0.8025,-0.5944,-0.0521,0,0.5929,0.8041,-0.0435,0,0.0677,0.0041,0.9977,0,16.4412,0,0,1]},
{"frame":14,"values":[0.7995,-0.5983,-0.0527,0,0.5967,0.8012,-0.044,0,0.0685,0.0037,0.9976,0,16.4412,0,0,1]},
{"frame":15,"values":[0.7977,-0.6007,-0.0532,0,0.599,0.7995,-0.0443,0,0.0691,0.0035,0.9976,0,16.4412,0,0,1]},
{"frame":16,"values":[0.7919,-0.6082,-0.0541,0,0.6065,0.7938,-0.0452,0,0.0704,0.003,0.9975,0,16.4412,0,0,1]},
{"frame":17,"values":[0.7992,-0.5988,-0.0516,0,0.5972,0.8009,-0.0441,0,0.0677,0.0044,0.9977,0,16.4412,0,0,1]},
{"frame":18,"values":[0.8009,-0.5966,-0.0515,0,0.595,0.8025,-0.0438,0,0.0675,0.0044,0.9977,0,16.4412,0,0,1]}],"loopBehavior":1,"name":"anim","property":"_matrix"}},
{"name":"LeftHandIndex2","index":12,"matrix":[0.4959,-0.8639,-0.0885,0,0.8639,0.5011,-0.0511,0,0.0885,-0.0511,0.9948,0,4.8219,0.0001,0,1],"rest":[1,0,0,0,0,1,0,0,0,0,1,0,4.8219,0.0001,0,1],"parentBoneIndex":11,"length":6.3865
,"animation":{"dataType":3,"framePerSecond":24,"keys":[
{"frame":1,"values":[0.4959,-0.8639,-0.0885,0,0.8639,0.5011,-0.0511,0,0.0885,-0.0511,0.9948,0,4.8219,0.0001,0,1]},
{"frame":2,"values":[0.494,-0.865,-0.0886,0,0.865,0.4992,-0.0513,0,0.0886,-0.0513,0.9947,0,4.8219,0.0001,0,1]},
{"frame":3,"values":[0.4951,-0.8643,-0.0886,0,0.8643,0.5004,-0.0512,0,0.0886,-0.0512,0.9948,0,4.8219,0.0001,0,1]},
{"frame":4,"values":[0.4957,-0.864,-0.0885,0,0.864,0.5009,-0.0511,0,0.0885,-0.0511,0.9948,0,4.8219,0.0001,0,1]},
{"frame":5,"values":[0.4977,-0.8628,-0.0884,0,0.8628,0.503,-0.0509,0,0.0884,-0.0509,0.9948,0,4.8219,0.0001,0,1]},
{"frame":6,"values":[0.4997,-0.8617,-0.0883,0,0.8617,0.5049,-0.0507,0,0.0883,-0.0507,0.9948,0,4.8219,0.0001,0,1]},
{"frame":7,"values":[0.5024,-0.8602,-0.0881,0,0.8602,0.5075,-0.0505,0,0.0881,-0.0505,0.9948,0,4.8219,0.0001,0,1]},
{"frame":8,"values":[0.5016,-0.8606,-0.0882,0,0.8606,0.5068,-0.0505,0,0.0882,-0.0505,0.9948,0,4.8219,0.0001,0,1]},
{"frame":9,"values":[0.4957,-0.8639,-0.0885,0,0.8639,0.501,-0.0511,0,0.0885,-0.0511,0.9948,0,4.8219,0.0001,0,1]},
{"frame":10,"values":[0.4949,-0.8644,-0.0886,0,0.8644,0.5001,-0.0512,0,0.0886,-0.0512,0.9948,0,4.8219,0.0001,0,1]},
{"frame":11,"values":[0.4955,-0.8641,-0.0885,0,0.8641,0.5008,-0.0512,0,0.0885,-0.0512,0.9948,0,4.8219,0.0001,0,1]},
{"frame":12,"values":[0.4958,-0.8639,-0.0885,0,0.8639,0.5011,-0.0511,0,0.0885,-0.0511,0.9948,0,4.8219,0.0001,0,1]},
{"frame":13,"values":[0.4949,-0.8644,-0.0886,0,0.8644,0.5002,-0.0512,0,0.0886,-0.0512,0.9948,0,4.8219,0.0001,0,1]},
{"frame":14,"values":[0.4959,-0.8639,-0.0885,0,0.8639,0.5011,-0.0511,0,0.0885,-0.0511,0.9948,0,4.8219,0.0001,0,1]},
{"frame":15,"values":[0.4955,-0.8641,-0.0885,0,0.8641,0.5007,-0.0512,0,0.0886,-0.0512,0.9948,0,4.8219,0.0001,0,1]},
{"frame":16,"values":[0.4929,-0.8655,-0.0887,0,0.8655,0.4982,-0.0514,0,0.0887,-0.0514,0.9947,0,4.8219,0.0001,0,1]},
{"frame":17,"values":[0.4961,-0.8638,-0.0885,0,0.8638,0.5013,-0.0511,0,0.0885,-0.0511,0.9948,0,4.8219,0.0001,0,1]},
{"frame":18,"values":[0.4974,-0.863,-0.0884,0,0.863,0.5027,-0.051,0,0.0884,-0.051,0.9948,0,4.8219,0.0001,0,1]}],"loopBehavior":1,"name":"anim","property":"_matrix"}},
{"name":"LeftHandIndex3","index":13,"matrix":[0.9251,-0.3771,-0.0442,0,0.3771,0.9261,-0.0075,0,0.0437,-0.0097,0.999,0,6.3865,0,0,1],"rest":[0.9994,0.0344,-0.002,0,-0.0344,0.9994,0,0,0.002,0,1,0,6.3865,0,0,1],"parentBoneIndex":12,"length":5.189
,"animation":{"dataType":3,"framePerSecond":24,"keys":[
{"frame":1,"values":[0.9251,-0.3771,-0.0442,0,0.3771,0.9261,-0.0075,0,0.0437,-0.0097,0.999,0,6.3865,0,0,1]},
{"frame":2,"values":[0.9243,-0.379,-0.0443,0,0.379,0.9254,-0.0076,0,0.0439,-0.0098,0.999,0,6.3865,0,0,1]},
{"frame":3,"values":[0.9248,-0.3779,-0.0442,0,0.378,0.9258,-0.0075,0,0.0438,-0.0098,0.999,0,6.3865,0,0,1]},
{"frame":4,"values":[0.925,-0.3773,-0.0442,0,0.3773,0.926,-0.0075,0,0.0437,-0.0097,0.999,0,6.3865,0,0,1]},
{"frame":5,"values":[0.9259,-0.3752,-0.044,0,0.3752,0.9269,-0.0074,0,0.0435,-0.0096,0.999,0,6.3865,0,0,1]},
{"frame":6,"values":[0.9268,-0.3731,-0.0437,0,0.3732,0.9277,-0.0073,0,0.0433,-0.0096,0.999,0,6.3865,0,0,1]},
{"frame":7,"values":[0.9278,-0.3705,-0.0435,0,0.3705,0.9288,-0.0072,0,0.0431,-0.0094,0.999,0,6.3865,0,0,1]},
{"frame":8,"values":[0.9275,-0.3712,-0.0436,0,0.3712,0.9285,-0.0072,0,0.0431,-0.0095,0.999,0,6.3865,0,0,1]},
{"frame":9,"values":[0.9251,-0.3772,-0.0442,0,0.3773,0.9261,-0.0075,0,0.0437,-0.0097,0.999,0,6.3865,0,0,1]},
{"frame":10,"values":[0.9247,-0.3781,-0.0443,0,0.3782,0.9257,-0.0075,0,0.0438,-0.0098,0.999,0,6.3865,0,0,1]},
{"frame":11,"values":[0.925,-0.3775,-0.0442,0,0.3775,0.926,-0.0075,0,0.0438,-0.0098,0.999,0,6.3865,0,0,1]},
{"frame":12,"values":[0.9251,-0.3772,-0.0442,0,0.3772,0.9261,-0.0075,0,0.0437,-0.0097,0.999,0,6.3865,0,0,1]},
{"frame":13,"values":[0.9247,-0.3782,-0.0443,0,0.3782,0.9257,-0.0075,0,0.0438,-0.0098,0.999,0,6.3865,0,0,1]},
{"frame":14,"values":[0.9251,-0.3771,-0.0442,0,0.3772,0.9261,-0.0075,0,0.0437,-0.0097,0.999,0,6.3865,0,0,1]},
{"frame":15,"values":[0.925,-0.3774,-0.0442,0,0.3775,0.926,-0.0075,0,0.0437,-0.0098,0.999,0,6.3865,0,0,1]},
{"frame":16,"values":[0.9239,-0.3801,-0.0445,0,0.3802,0.9249,-0.0076,0,0.044,-0.0099,0.999,0,6.3865,0,0,1]},
{"frame":17,"values":[0.9251,-0.3771,-0.0442,0,0.3771,0.9261,-0.0075,0,0.0437,-0.0097,0.999,0,6.3865,0,0,1]},
{"frame":18,"values":[0.9257,-0.3756,-0.044,0,0.3756,0.9267,-0.0074,0,0.0436,-0.0097,0.999,0,6.3865,0,0,1]}],"loopBehavior":1,"name":"anim","property":"_matrix"}},
{"name":"LeftHandIndex4","index":14,"matrix":[1,0,0,0,0,1,0,0,0,0,1,0,5.1859,-0.1787,0.0103,1],"rest":[1,0,0,0,0,1,0,0,0,0,1,0,5.1859,-0.1787,0.0103,1],"parentBoneIndex":13,"length":5.189
,"animation":{"dataType":3,"framePerSecond":24,"keys":[
{"frame":1,"values":[1,0,0,0,0,1,0,0,0,0,1,0,5.1859,-0.1787,0.0103,1]},
{"frame":18,"values":[1,0,0,0,0,1,0,0,0,0,1,0,5.1859,-0.1787,0.0103,1]}],"loopBehavior":1,"name":"anim","property":"_matrix"}},
{"name":"LeftHandThumb1","index":15,"matrix":[0.9847,0.0677,-0.1608,0,-0.0535,0.9944,0.091,0,0.1661,-0.081,0.9828,0,6.5349,-5.0326,5.9003,1],"rest":[1,0,0,0,0,1,0,0,0,0,1,0,6.5349,-5.0326,5.9003,1],"parentBoneIndex":10,"length":4.9292
,"animation":{"dataType":3,"framePerSecond":24,"keys":[
{"frame":1,"values":[0.9847,0.0677,-0.1608,0,-0.0535,0.9944,0.091,0,0.1661,-0.081,0.9828,0,6.5349,-5.0326,5.9003,1]},
{"frame":2,"values":[0.9837,0.0708,-0.1652,0,-0.0556,0.994,0.0946,0,0.1709,-0.0839,0.9817,0,6.5349,-5.0326,5.9003,1]},
{"frame":3,"values":[0.9835,0.0709,-0.1663,0,-0.0555,0.9939,0.0954,0,0.1721,-0.0846,0.9814,0,6.5349,-5.0326,5.9003,1]},
{"frame":4,"values":[0.9845,0.0681,-0.1617,0,-0.0538,0.9943,0.0917,0,0.167,-0.0816,0.9826,0,6.5349,-5.0326,5.9003,1]},
{"frame":5,"values":[0.9843,0.0697,-0.1624,0,-0.0551,0.9942,0.0924,0,0.1679,-0.082,0.9824,0,6.5349,-5.0326,5.9003,1]},
{"frame":6,"values":[0.9849,0.0662,-0.16,0,-0.0522,0.9946,0.0902,0,0.1651,-0.0805,0.983,0,6.5349,-5.0326,5.9003,1]},
{"frame":7,"values":[0.9858,0.064,-0.1553,0,-0.051,0.9949,0.0864,0,0.16,-0.0773,0.9841,0,6.5349,-5.0326,5.9003,1]},
{"frame":8,"values":[0.9851,0.0667,-0.1586,0,-0.053,0.9946,0.0892,0,0.1637,-0.0795,0.9833,0,6.5349,-5.0326,5.9003,1]},
{"frame":9,"values":[0.9846,0.0678,-0.1612,0,-0.0536,0.9944,0.0912,0,0.1664,-0.0812,0.9827,0,6.5349,-5.0326,5.9003,1]},
{"frame":10,"values":[0.984,0.0694,-0.164,0,-0.0545,0.9941,0.0935,0,0.1696,-0.0831,0.982,0,6.5349,-5.0326,5.9003,1]},
{"frame":11,"values":[0.9842,0.0689,-0.1631,0,-0.0542,0.9942,0.0928,0,0.1685,-0.0825,0.9822,0,6.5349,-5.0326,5.9003,1]},
{"frame":12,"values":[0.9851,0.0663,-0.1585,0,-0.0527,0.9946,0.0891,0,0.1636,-0.0794,0.9833,0,6.5349,-5.0326,5.9003,1]},
{"frame":13,"values":[0.9855,0.0652,-0.1568,0,-0.0518,0.9948,0.0876,0,0.1617,-0.0782,0.9837,0,6.5349,-5.0326,5.9003,1]},
{"frame":14,"values":[0.9847,0.0677,-0.1608,0,-0.0535,0.9944,0.091,0,0.1661,-0.081,0.9828,0,6.5349,-5.0326,5.9003,1]},
{"frame":15,"values":[0.9852,0.0653,-0.1585,0,-0.0516,0.9947,0.0889,0,0.1634,-0.0794,0.9834,0,6.5349,-5.0326,5.9003,1]},
{"frame":16,"values":[0.9846,0.0657,-0.1618,0,-0.0514,0.9945,0.0914,0,0.1669,-0.0817,0.9826,0,6.5349,-5.0326,5.9003,1]},
{"frame":17,"values":[0.9861,0.0609,-0.1547,0,-0.048,0.9952,0.0856,0,0.1591,-0.077,0.9843,0,6.5349,-5.0326,5.9003,1]},
{"frame":18,"values":[0.9851,0.066,-0.1588,0,-0.0522,0.9946,0.0893,0,0.1639,-0.0796,0.9833,0,6.5349,-5.0326,5.9003,1]}],"loopBehavior":1,"name":"anim","property":"_matrix"}},
{"name":"LeftHandThumb2","index":16,"matrix":[0.9908,0.1168,0.0683,0,-0.1329,0.9356,0.3272,0,-0.0257,-0.3333,0.9425,0,3.8182,-2.2044,2.2044,1],"rest":[1,0,0,0,0,1,0,0,0,0,1,0,3.8182,-2.2044,2.2044,1],"parentBoneIndex":15,"length":4.1984
,"animation":{"dataType":3,"framePerSecond":24,"keys":[
{"frame":1,"values":[0.9908,0.1168,0.0683,0,-0.1329,0.9356,0.3272,0,-0.0257,-0.3333,0.9425,0,3.8182,-2.2044,2.2044,1]},
{"frame":18,"values":[0.9908,0.1168,0.0683,0,-0.1329,0.9356,0.3272,0,-0.0257,-0.3333,0.9425,0,3.8182,-2.2044,2.2044,1]}],"loopBehavior":1,"name":"anim","property":"_matrix"}},
{"name":"LeftHandThumb3","index":17,"matrix":[0.9856,0.0392,0.1644,0,-0.0257,0.9962,-0.0834,0,-0.167,0.078,0.9829,0,3.2521,-1.8776,1.8776,1],"rest":[1,0,0,0,0,1,0,0,0,0,1,0,3.2521,-1.8776,1.8776,1],"parentBoneIndex":16,"length":6.78
,"animation":{"dataType":3,"framePerSecond":24,"keys":[
{"frame":1,"values":[0.9856,0.0392,0.1644,0,-0.0257,0.9962,-0.0834,0,-0.167,0.078,0.9829,0,3.2521,-1.8776,1.8776,1]},
{"frame":2,"values":[0.9854,0.0396,0.1658,0,-0.0259,0.9962,-0.0837,0,-0.1685,0.0782,0.9826,0,3.2521,-1.8776,1.8776,1]},
{"frame":3,"values":[0.9852,0.0398,0.1668,0,-0.026,0.9961,-0.084,0,-0.1695,0.0784,0.9824,0,3.2521,-1.8776,1.8776,1]},
{"frame":4,"values":[0.9856,0.0393,0.1648,0,-0.0257,0.9962,-0.0835,0,-0.1674,0.078,0.9828,0,3.2521,-1.8776,1.8776,1]},
{"frame":5,"values":[0.9856,0.0392,0.1645,0,-0.0257,0.9962,-0.0834,0,-0.1671,0.078,0.9828,0,3.2521,-1.8776,1.8776,1]},
{"frame":6,"values":[0.9857,0.039,0.1637,0,-0.0256,0.9962,-0.0833,0,-0.1663,0.0779,0.983,0,3.2521,-1.8776,1.8776,1]},
{"frame":7,"values":[0.9872,0.0368,0.1552,0,-0.0243,0.9964,-0.0812,0,-0.1577,0.0764,0.9845,0,3.2521,-1.8776,1.8776,1]},
{"frame":8,"values":[0.9866,0.0377,0.1586,0,-0.0248,0.9963,-0.082,0,-0.1611,0.077,0.9839,0,3.2521,-1.8776,1.8776,1]},
{"frame":9,"values":[0.9855,0.0393,0.1648,0,-0.0258,0.9962,-0.0835,0,-0.1675,0.0781,0.9828,0,3.2521,-1.8776,1.8776,1]},
{"frame":10,"values":[0.9851,0.0399,0.1673,0,-0.0261,0.9961,-0.0841,0,-0.17,0.0785,0.9823,0,3.2521,-1.8776,1.8776,1]},
{"frame":11,"values":[0.9851,0.0399,0.1671,0,-0.0261,0.9961,-0.0841,0,-0.1698,0.0785,0.9824,0,3.2521,-1.8776,1.8776,1]},
{"frame":12,"values":[0.9848,0.0404,0.1692,0,-0.0264,0.9961,-0.0846,0,-0.1719,0.0788,0.982,0,3.2521,-1.8776,1.8776,1]},
{"frame":13,"values":[0.9851,0.04,0.1675,0,-0.0261,0.9961,-0.0842,0,-0.1703,0.0785,0.9823,0,3.2521,-1.8776,1.8776,1]},
{"frame":14,"values":[0.9856,0.0392,0.1644,0,-0.0257,0.9962,-0.0834,0,-0.167,0.078,0.9829,0,3.2521,-1.8776,1.8776,1]},
{"frame":15,"values":[0.9857,0.0391,0.1641,0,-0.0256,0.9962,-0.0833,0,-0.1667,0.0779,0.9829,0,3.2521,-1.8776,1.8776,1]},
{"frame":16,"values":[0.9858,0.0389,0.1634,0,-0.0255,0.9962,-0.0832,0,-0.166,0.0778,0.983,0,3.2521,-1.8776,1.8776,1]},
{"frame":17,"values":[0.9861,0.0384,0.1615,0,-0.0253,0.9963,-0.0827,0,-0.1641,0.0775,0.9834,0,3.2521,-1.8776,1.8776,1]},
{"frame":18,"values":[0.9857,0.039,0.1638,0,-0.0256,0.9962,-0.0833,0,-0.1664,0.0779,0.983,0,3.2521,-1.8776,1.8776,1]}],"loopBehavior":1,"name":"anim","property":"_matrix"}},
{"name":"LeftHandThumb4","index":18,"matrix":[1,0,0,0,0,1,0,0,0,0,1,0,5.2518,-3.0321,3.0321,1],"rest":[1,0,0,0,0,1,0,0,0,0,1,0,5.2518,-3.0321,3.0321,1],"parentBoneIndex":17,"length":6.78
,"animation":{"dataType":3,"framePerSecond":24,"keys":[
{"frame":1,"values":[1,0,0,0,0,1,0,0,0,0,1,0,5.2518,-3.0321,3.0321,1]},
{"frame":18,"values":[1,0,0,0,0,1,0,0,0,0,1,0,5.2518,-3.0321,3.0321,1]}],"loopBehavior":1,"name":"anim","property":"_matrix"}},
{"name":"RightShoulder","index":19,"matrix":[0.9957,0.0329,-0.0862,0,-0.0318,0.9994,0.0147,0,0.0866,-0.0119,0.9962,0,-12.8963,26.7163,-4.5484,1],"rest":[1,0,0,0,0,1,0,0,0,0,1,0,-12.8963,26.7163,-4.5484,1],"parentBoneIndex":3,"length":19.7122
,"animation":{"dataType":3,"framePerSecond":24,"keys":[
{"frame":1,"values":[0.9957,0.0329,-0.0862,0,-0.0318,0.9994,0.0147,0,0.0866,-0.0119,0.9962,0,-12.8963,26.7163,-4.5484,1]},
{"frame":2,"values":[0.9958,0.024,-0.0886,0,-0.0229,0.9996,0.0143,0,0.0889,-0.0122,0.996,0,-12.8963,26.7163,-4.5484,1]},
{"frame":3,"values":[0.9957,0.0308,-0.0876,0,-0.0296,0.9995,0.0147,0,0.088,-0.0121,0.9961,0,-12.8963,26.7163,-4.5484,1]},
{"frame":4,"values":[0.9951,0.0478,-0.0862,0,-0.0466,0.9988,0.0159,0,0.0869,-0.0118,0.9961,0,-12.8963,26.7163,-4.5484,1]},
{"frame":5,"values":[0.9949,0.0576,-0.0829,0,-0.0565,0.9983,0.0164,0,0.0837,-0.0116,0.9964,0,-12.8963,26.7163,-4.5484,1]},
{"frame":6,"values":[0.995,0.0692,-0.0719,0,-0.0682,0.9975,0.0159,0,0.0728,-0.011,0.9973,0,-12.8963,26.7163,-4.5484,1]},
{"frame":7,"values":[0.9958,0.0562,-0.0724,0,-0.0553,0.9984,0.0151,0,0.0731,-0.011,0.9973,0,-12.8963,26.7163,-4.5484,1]},
{"frame":8,"values":[0.9959,0.0426,-0.0798,0,-0.0415,0.999,0.0149,0,0.0804,-0.0115,0.9967,0,-12.8963,26.7163,-4.5484,1]},
{"frame":9,"values":[0.9963,0.0327,-0.0796,0,-0.0317,0.9994,0.0141,0,0.08,-0.0116,0.9967,0,-12.8963,26.7163,-4.5484,1]},
{"frame":10,"values":[0.9974,0.0157,-0.0705,0,-0.0149,0.9998,0.0119,0,0.0706,-0.0108,0.9974,0,-12.8963,26.7163,-4.5484,1]},
