{"producer":{"name":"Blender","version":"2.90.0","exporter_version":"2.80.1","file":"riffle_turnright.babylon"},
"autoClear":true,"clearColor":[0.0509,0.0509,0.0509],"gravity":[0,-9.81,0],
"materials":[{"name":"Material","id":"Material","customType":"BABYLON.PBRMaterial","backFaceCulling":true,"checkReadyOnlyOnce":false,"maxSimultaneousLights":4,"environmentIntensity":1,"albedo":[0.8,0.8,0.8],"reflectivity":[0.5,0.5,0.5],"roughness":0.4,"alpha":1,"transparencyMode":0,"alphaCutOff":0.4,"metallic":0}],
"multiMaterials":[],
"skeletons":[{"name":"Armature","id":0,"dimensionsAtRest":[232.1761,222.9347,36.3014],"bones":[
{"name":"Hips","index":0,"matrix":[0.5761,0.0344,-0.8167,0,0.0693,0.9935,0.0907,0,-0.8144,0.1088,-0.57,0,-1.3019,81.3074,-0.3657,1],"rest":[1,0,0,0,0,1,0,0,0,0,-1,0,0,89.0054,0,1],"parentBoneIndex":-1,"length":14.2998
,"animation":{"dataType":3,"framePerSecond":24,"keys":[
{"frame":1,"values":[0.5761,0.0344,-0.8167,0,0.0693,0.9935,0.0907,0,-0.8144,0.1088,-0.57,0,-1.3019,81.3074,-0.3657,1]},
{"frame":2,"values":[0.5761,0.0344,-0.8167,0,0.0693,0.9935,0.0907,0,-0.8144,0.1088,-0.57,0,-1.4033,81.4781,-0.3389,1]},
{"frame":3,"values":[0.5761,0.0344,-0.8167,0,0.0693,0.9935,0.0907,0,-0.8144,0.1088,-0.57,0,-1.7925,81.3292,-0.1859,1]},
{"frame":4,"values":[0.5761,0.0344,-0.8167,0,0.0693,0.9935,0.0907,0,-0.8144,0.1088,-0.57,0,-3.0763,81.0728,0.4097,1]},
{"frame":5,"values":[0.5761,0.0344,-0.8167,0,0.0693,0.9935,0.0907,0,-0.8144,0.1088,-0.57,0,-5.4257,80.7629,1.5242,1]},
{"frame":6,"values":[0.5761,0.0344,-0.8167,0,0.0693,0.9935,0.0907,0,-0.8144,0.1088,-0.57,0,-8.182,80.59,3.0053,1]},
{"frame":7,"values":[0.5761,0.0344,-0.8167,0,0.0693,0.9935,0.0907,0,-0.8144,0.1088,-0.57,0,-10.6157,80.822,4.637,1]},
{"frame":8,"values":[0.5761,0.0344,-0.8167,0,0.0693,0.9935,0.0907,0,-0.8144,0.1088,-0.57,0,-12.444,81.2659,6.2649,1]},
{"frame":9,"values":[0.5761,0.0344,-0.8167,0,0.0693,0.9935,0.0907,0,-0.8144,0.1088,-0.57,0,-13.8048,81.615,7.4312,1]},
{"frame":10,"values":[0.5761,0.0344,-0.8167,0,0.0693,0.9935,0.0907,0,-0.8144,0.1088,-0.57,0,-14.8236,81.7183,7.7687,1]},
{"frame":11,"values":[0.5761,0.0344,-0.8167,0,0.0693,0.9935,0.0907,0,-0.8144,0.1088,-0.57,0,-15.6364,81.5476,7.2357,1]},
{"frame":12,"values":[0.5761,0.0344,-0.8167,0,0.0693,0.9935,0.0907,0,-0.8144,0.1088,-0.57,0,-16.0192,81.1055,6.0748,1]},
{"frame":13,"values":[0.5761,0.0344,-0.8167,0,0.0693,0.9935,0.0907,0,-0.8144,0.1088,-0.57,0,-16.0682,80.4803,4.6774,1]},
{"frame":14,"values":[0.5761,0.0344,-0.8167,0,0.0693,0.9935,0.0907,0,-0.8144,0.1088,-0.57,0,-15.8086,79.8281,3.3075,1]},
{"frame":15,"values":[0.5761,0.0344,-0.8167,0,0.0693,0.9935,0.0907,0,-0.8144,0.1088,-0.57,0,-15.4174,79.354,2.0843,1]},
{"frame":16,"values":[0.5761,0.0344,-0.8167,0,0.0693,0.9935,0.0907,0,-0.8144,0.1088,-0.57,0,-14.6111,79.0621,1.0945,1]},
{"frame":17,"values":[0.5761,0.0344,-0.8167,0,0.0693,0.9935,0.0907,0,-0.8144,0.1088,-0.57,0,-13.5315,78.9936,0.3355,1]},
{"frame":18,"values":[0.5761,0.0344,-0.8167,0,0.0693,0.9935,0.0907,0,-0.8144,0.1088,-0.57,0,-12.4903,79.0511,-0.1238,1]},
{"frame":19,"values":[0.5761,0.0344,-0.8167,0,0.0693,0.9935,0.0907,0,-0.8144,0.1088,-0.57,0,-11.401,79.1146,-0.2121,1]},
{"frame":20,"values":[0.5761,0.0344,-0.8167,0,0.0693,0.9935,0.0907,0,-0.8144,0.1088,-0.57,0,-9.829,79.2443,-0.0807,1]},
{"frame":21,"values":[0.5761,0.0344,-0.8167,0,0.0693,0.9935,0.0907,0,-0.8144,0.1088,-0.57,0,-7.605,79.5739,0.1018,1]},
{"frame":22,"values":[0.5761,0.0344,-0.8167,0,0.0693,0.9935,0.0907,0,-0.8144,0.1088,-0.57,0,-5.1833,80.0305,0.39,1]},
{"frame":23,"values":[0.5761,0.0344,-0.8167,0,0.0693,0.9935,0.0907,0,-0.8144,0.1088,-0.57,0,-3.1934,80.5881,0.7303,1]},
{"frame":24,"values":[0.5761,0.0344,-0.8167,0,0.0693,0.9935,0.0907,0,-0.8144,0.1088,-0.57,0,-1.4997,81.0568,1.0768,1]},
{"frame":25,"values":[0.5761,0.0344,-0.8167,0,0.0693,0.9935,0.0907,0,-0.8144,0.1088,-0.57,0,-0.3658,81.3074,1.3019,1]}],"loopBehavior":1,"name":"anim","property":"_matrix"}},
{"name":"Spine","index":1,"matrix":[0.9999,0.0093,-0.0072,0,-0.0086,0.9957,0.0919,0,0.0081,-0.0918,0.9957,0,0.1169,10.681,0.3734,1],"rest":[1,0,0,0,0,1,0,0,0,0,1,0,0.1169,10.681,0.3734,1],"parentBoneIndex":0,"length":13.8405
,"animation":{"dataType":3,"framePerSecond":24,"keys":[
{"frame":1,"values":[0.9999,0.0093,-0.0072,0,-0.0086,0.9957,0.0919,0,0.0081,-0.0918,0.9957,0,0.1169,10.681,0.3734,1]},
{"frame":2,"values":[0.9999,0.0099,-0.0081,0,-0.0091,0.9957,0.0926,0,0.009,-0.0925,0.9957,0,0.1169,10.681,0.3734,1]},
{"frame":3,"values":[0.9999,0.0086,-0.009,0,-0.0077,0.9956,0.0932,0,0.0098,-0.0931,0.9956,0,0.1169,10.681,0.3734,1]},
{"frame":4,"values":[0.9999,0.0052,-0.0102,0,-0.0042,0.9956,0.0935,0,0.0106,-0.0935,0.9956,0,0.1169,10.681,0.3734,1]},
{"frame":5,"values":[0.9999,0.0002,-0.0113,0,0.0008,0.9956,0.0934,0,0.0112,-0.0934,0.9956,0,0.1169,10.681,0.3734,1]},
{"frame":6,"values":[0.9999,-0.0037,-0.0127,0,0.0049,0.9956,0.0931,0,0.0123,-0.0931,0.9956,0,0.1169,10.681,0.3734,1]},
{"frame":7,"values":[0.9999,-0.0058,-0.015,0,0.0072,0.9955,0.094,0,0.0144,-0.0941,0.9955,0,0.1169,10.681,0.3734,1]},
{"frame":8,"values":[0.9998,-0.0069,-0.0175,0,0.0086,0.9954,0.0955,0,0.0167,-0.0957,0.9953,0,0.1169,10.681,0.3734,1]},
{"frame":9,"values":[0.9998,-0.0081,-0.0195,0,0.01,0.9952,0.097,0,0.0186,-0.0972,0.9951,0,0.1169,10.681,0.3734,1]},
{"frame":10,"values":[0.9997,-0.0092,-0.0211,0,0.0113,0.9951,0.0985,0,0.0201,-0.0987,0.9949,0,0.1169,10.681,0.3734,1]},
{"frame":11,"values":[0.9997,-0.0089,-0.0217,0,0.011,0.995,0.0996,0,0.0207,-0.0998,0.9948,0,0.1169,10.681,0.3734,1]},
{"frame":12,"values":[0.9997,-0.008,-0.0212,0,0.0101,0.9949,0.1005,0,0.0202,-0.1006,0.9947,0,0.1169,10.681,0.3734,1]},
{"frame":13,"values":[0.9998,-0.0075,-0.0187,0,0.0093,0.9949,0.1008,0,0.0178,-0.1009,0.9947,0,0.1169,10.681,0.3734,1]},
{"frame":14,"values":[1,-0.0053,-0.0055,0,0.0058,0.9948,0.1014,0,0.0049,-0.1014,0.9948,0,0.1169,10.681,0.3734,1]},
{"frame":15,"values":[0.9999,-0.0009,0.0152,0,-0.0006,0.9948,0.1021,0,-0.0152,-0.1021,0.9947,0,0.1169,10.681,0.3734,1]},
{"frame":16,"values":[0.9994,0.0046,0.0357,0,-0.0082,0.9948,0.1016,0,-0.035,-0.1018,0.9942,0,0.1169,10.681,0.3734,1]},
{"frame":17,"values":[0.9988,0.0098,0.047,0,-0.0145,0.9949,0.1002,0,-0.0458,-0.1008,0.9939,0,0.1169,10.681,0.3734,1]},
{"frame":18,"values":[0.9988,0.0136,0.0475,0,-0.0182,0.995,0.0985,0,-0.0459,-0.0993,0.994,0,0.1169,10.681,0.3734,1]},
{"frame":19,"values":[0.9988,0.0153,0.0466,0,-0.0198,0.9952,0.096,0,-0.0449,-0.0968,0.9943,0,0.1169,10.681,0.3734,1]},
{"frame":20,"values":[0.9989,0.0156,0.0451,0,-0.0197,0.9954,0.0934,0,-0.0434,-0.0942,0.9946,0,0.1169,10.681,0.3734,1]},
{"frame":21,"values":[0.999,0.0147,0.0426,0,-0.0186,0.9957,0.0911,0,-0.0411,-0.0918,0.9949,0,0.1169,10.681,0.3734,1]},
{"frame":22,"values":[0.9992,0.012,0.0386,0,-0.0154,0.9958,0.0897,0,-0.0373,-0.0902,0.9952,0,0.1169,10.681,0.3734,1]},
{"frame":23,"values":[0.9994,0.0092,0.0328,0,-0.0121,0.9959,0.0893,0,-0.0319,-0.0896,0.9955,0,0.1169,10.681,0.3734,1]},
{"frame":24,"values":[0.9999,0.0086,0.0141,0,-0.0098,0.9958,0.0905,0,-0.0133,-0.0907,0.9958,0,0.1169,10.681,0.3734,1]},
{"frame":25,"values":[0.9999,0.0093,-0.0072,0,-0.0086,0.9957,0.0919,0,0.0081,-0.0918,0.9957,0,0.1169,10.681,0.3734,1]}],"loopBehavior":1,"name":"anim","property":"_matrix"}},
{"name":"Spine1","index":2,"matrix":[0.9998,0.0069,-0.019,0,-0.0052,0.9963,0.0854,0,0.0196,-0.0853,0.9962,0,0,13.8404,0.0535,1],"rest":[1,0,0,0,0,1,0,0,0,0,1,0,0,13.8404,0.0535,1],"parentBoneIndex":1,"length":14.7173
,"animation":{"dataType":3,"framePerSecond":24,"keys":[
{"frame":1,"values":[0.9998,0.0069,-0.019,0,-0.0052,0.9963,0.0854,0,0.0196,-0.0853,0.9962,0,0,13.8404,0.0535,1]},
{"frame":2,"values":[0.9998,0.0068,-0.0201,0,-0.005,0.9963,0.0855,0,0.0206,-0.0854,0.9961,0,0,13.8404,0.0535,1]},
{"frame":3,"values":[0.9998,0.0063,-0.0193,0,-0.0047,0.9963,0.0853,0,0.0198,-0.0852,0.9962,0,0,13.8404,0.0535,1]},
{"frame":4,"values":[0.9998,0.0052,-0.0168,0,-0.0037,0.9964,0.0849,0,0.0171,-0.0849,0.9962,0,0,13.8404,0.0535,1]},
{"frame":5,"values":[0.9999,0.0035,-0.0129,0,-0.0024,0.9964,0.0843,0,0.0131,-0.0842,0.9964,0,0,13.8404,0.0535,1]},
{"frame":6,"values":[1,0.0019,-0.0091,0,-0.0012,0.9965,0.0836,0,0.0092,-0.0836,0.9965,0,0,13.8404,0.0535,1]},
{"frame":7,"values":[1,0.001,-0.0071,0,-0.0004,0.9965,0.0832,0,0.0071,-0.0832,0.9965,0,0,13.8404,0.0535,1]},
{"frame":8,"values":[1,0.0005,-0.0058,0,0,0.9965,0.083,0,0.0058,-0.083,0.9965,0,0,13.8404,0.0535,1]},
{"frame":9,"values":[1,0.0002,-0.0043,0,0.0001,0.9966,0.0829,0,0.0043,-0.0829,0.9965,0,0,13.8404,0.0535,1]},
{"frame":10,"values":[1,0.0001,-0.0029,0,0.0002,0.9966,0.0828,0,0.0029,-0.0828,0.9966,0,0,13.8404,0.0535,1]},
{"frame":11,"values":[1,0,-0.0014,0,0.0001,0.9966,0.0828,0,0.0014,-0.0828,0.9966,0,0,13.8404,0.0535,1]},
{"frame":12,"values":[1,0.0001,-0.001,0,0,0.9966,0.0827,0,0.001,-0.0827,0.9966,0,0,13.8404,0.0535,1]},
{"frame":13,"values":[1,-0.0001,0.0001,0,0,0.9966,0.0827,0,-0.0001,-0.0827,0.9966,0,0,13.8404,0.0535,1]},
{"frame":14,"values":[0.9998,-0.0016,0.0192,0,0,0.9966,0.0819,0,-0.0192,-0.0818,0.9965,0,0,13.8404,0.0535,1]},
{"frame":15,"values":[0.9985,-0.0044,0.0545,0,0,0.9968,0.0802,0,-0.0547,-0.0801,0.9953,0,0,13.8404,0.0535,1]},
{"frame":16,"values":[0.9958,-0.0067,0.0911,0,-0.0005,0.9969,0.0782,0,-0.0914,-0.0779,0.9928,0,0,13.8404,0.0535,1]},
{"frame":17,"values":[0.9937,-0.0074,0.1115,0,-0.0012,0.997,0.077,0,-0.1117,-0.0767,0.9908,0,0,13.8404,0.0535,1]},
{"frame":18,"values":[0.9942,-0.0062,0.107,0,-0.0022,0.997,0.0775,0,-0.1071,-0.0773,0.9912,0,0,13.8404,0.0535,1]},
{"frame":19,"values":[0.9961,-0.0037,0.0877,0,-0.0032,0.9969,0.0788,0,-0.0877,-0.0788,0.993,0,0,13.8404,0.0535,1]},
{"frame":20,"values":[0.9982,-0.0007,0.0602,0,-0.0042,0.9967,0.0806,0,-0.06,-0.0807,0.9949,0,0,13.8404,0.0535,1]},
{"frame":21,"values":[0.9995,0.0025,0.0302,0,-0.0049,0.9966,0.0825,0,-0.0299,-0.0826,0.9961,0,0,13.8404,0.0535,1]},
{"frame":22,"values":[1,0.0051,0.0039,0,-0.0054,0.9965,0.084,0,-0.0035,-0.084,0.9965,0,0,13.8404,0.0535,1]},
{"frame":23,"values":[0.9999,0.0066,-0.013,0,-0.0055,0.9964,0.085,0,0.0135,-0.085,0.9963,0,0,13.8404,0.0535,1]},
{"frame":24,"values":[0.9998,0.0069,-0.0179,0,-0.0053,0.9963,0.0853,0,0.0184,-0.0852,0.9962,0,0,13.8404,0.0535,1]},
{"frame":25,"values":[0.9998,0.0069,-0.019,0,-0.0052,0.9963,0.0854,0,0.0196,-0.0853,0.9962,0,0,13.8404,0.0535,1]}],"loopBehavior":1,"name":"anim","property":"_matrix"}},
{"name":"Spine2","index":3,"matrix":[0.9998,0.0032,-0.0178,0,-0.0006,0.9892,0.1469,0,0.0181,-0.1468,0.989,0,0,14.7127,-0.3662,1],"rest":[1,0,0,0,0,1,0,0,0,0,1,0,0,14.7127,-0.3662,1],"parentBoneIndex":2,"length":31.8652
,"animation":{"dataType":3,"framePerSecond":24,"keys":[
{"frame":1,"values":[0.9998,0.0032,-0.0178,0,-0.0006,0.9892,0.1469,0,0.0181,-0.1468,0.989,0,0,14.7127,-0.3662,1]},
{"frame":2,"values":[0.9997,0.0016,-0.023,0,0.0017,0.9894,0.1452,0,0.023,-0.1452,0.9891,0,0,14.7127,-0.3662,1]},
{"frame":3,"values":[0.999,-0.0002,-0.0448,0,0.0066,0.9898,0.1422,0,0.0443,-0.1423,0.9888,0,0,14.7127,-0.3662,1]},
{"frame":4,"values":[0.9942,0.0002,-0.1073,0,0.015,0.99,0.1404,0,0.1063,-0.1412,0.9843,0,0,14.7127,-0.3662,1]},
{"frame":5,"values":[0.9783,0.0029,-0.207,0,0.0269,0.9896,0.1411,0,0.2052,-0.1436,0.9681,0,0,14.7127,-0.3662,1]},
{"frame":6,"values":[0.9531,0.0069,-0.3027,0,0.0383,0.9889,0.1433,0,0.3003,-0.1482,0.9423,0,0,14.7127,-0.3662,1]},
{"frame":7,"values":[0.9338,0.0098,-0.3577,0,0.0452,0.9884,0.1449,0,0.355,-0.1515,0.9225,0,0,14.7127,-0.3662,1]},
{"frame":8,"values":[0.9207,0.0124,-0.39,0,0.0489,0.9879,0.1469,0,0.3871,-0.1543,0.909,0,0,14.7127,-0.3662,1]},
{"frame":9,"values":[0.9106,0.0148,-0.4129,0,0.0514,0.9875,0.1487,0,0.41,-0.1567,0.8985,0,0,14.7127,-0.3662,1]},
{"frame":10,"values":[0.9035,0.0166,-0.4283,0,0.053,0.9872,0.1501,0,0.4253,-0.1583,0.8911,0,0,14.7127,-0.3662,1]},
{"frame":11,"values":[0.8989,0.0187,-0.4377,0,0.0534,0.987,0.1519,0,0.4349,-0.1599,0.8862,0,0,14.7127,-0.3662,1]},
{"frame":12,"values":[0.8965,0.0201,-0.4426,0,0.0533,0.9868,0.1528,0,0.4398,-0.1606,0.8836,0,0,14.7127,-0.3662,1]},
{"frame":13,"values":[0.8964,0.0202,-0.4427,0,0.0533,0.9868,0.1529,0,0.44,-0.1607,0.8835,0,0,14.7127,-0.3662,1]},
{"frame":14,"values":[0.9048,0.0206,-0.4253,0,0.0493,0.987,0.1527,0,0.4229,-0.1591,0.8921,0,0,14.7127,-0.3662,1]},
{"frame":15,"values":[0.9223,0.0205,-0.3858,0,0.0416,0.9875,0.1521,0,0.3841,-0.1564,0.9099,0,0,14.7127,-0.3662,1]},
{"frame":16,"values":[0.9439,0.0192,-0.3297,0,0.0328,0.9879,0.1514,0,0.3286,-0.1537,0.9319,0,0,14.7127,-0.3662,1]},
{"frame":17,"values":[0.9646,0.0149,-0.2635,0,0.0259,0.9882,0.1507,0,0.2626,-0.1522,0.9528,0,0,14.7127,-0.3662,1]},
{"frame":18,"values":[0.9805,0.0084,-0.1964,0,0.0216,0.9884,0.1501,0,0.1954,-0.1514,0.969,0,0,14.7127,-0.3662,1]},
{"frame":19,"values":[0.9905,0.0045,-0.1376,0,0.0163,0.9887,0.1493,0,0.1367,-0.1501,0.9792,0,0,14.7127,-0.3662,1]},
{"frame":20,"values":[0.996,0.0027,-0.0891,0,0.0106,0.9889,0.1484,0,0.0885,-0.1487,0.9849,0,0,14.7127,-0.3662,1]},
{"frame":21,"values":[0.9986,0.0024,-0.0521,0,0.0053,0.989,0.1476,0,0.0519,-0.1476,0.9877,0,0,14.7127,-0.3662,1]},
{"frame":22,"values":[0.9996,0.0028,-0.0278,0,0.0013,0.9891,0.1469,0,0.0279,-0.1469,0.9888,0,0,14.7127,-0.3662,1]},
{"frame":23,"values":[0.9999,0.0033,-0.0165,0,-0.0008,0.9892,0.1467,0,0.0168,-0.1467,0.989,0,0,14.7127,-0.3662,1]},
{"frame":24,"values":[0.9999,0.0033,-0.0166,0,-0.0008,0.9892,0.1468,0,0.0169,-0.1467,0.989,0,0,14.7127,-0.3662,1]},
{"frame":25,"values":[0.9998,0.0032,-0.0178,0,-0.0006,0.9892,0.1469,0,0.0181,-0.1468,0.989,0,0,14.7127,-0.3662,1]}],"loopBehavior":1,"name":"anim","property":"_matrix"}},
{"name":"Neck","index":4,"matrix":[0.9953,0.0011,-0.0972,0,0.0032,0.999,0.0439,0,0.0971,-0.044,0.9943,0,0,35.4155,-3.3142,1],"rest":[1,0,0,0,0,1,0,0,0,0,1,0,0,35.4155,-3.3142,1],"parentBoneIndex":3,"length":16.9431
,"animation":{"dataType":3,"framePerSecond":24,"keys":[
{"frame":1,"values":[0.9953,0.0011,-0.0972,0,0.0032,0.999,0.0439,0,0.0971,-0.044,0.9943,0,0,35.4155,-3.3142,1]},
{"frame":2,"values":[0.9952,0.0011,-0.0979,0,0.0032,0.999,0.0444,0,0.0978,-0.0445,0.9942,0,0,35.4155,-3.3142,1]},
{"frame":3,"values":[0.9951,0.0017,-0.0992,0,0.0027,0.999,0.0452,0,0.0992,-0.0452,0.994,0,0,35.4155,-3.3142,1]},
{"frame":4,"values":[0.9969,0.0032,-0.0781,0,0.0001,0.9991,0.0422,0,0.0781,-0.0421,0.9961,0,0,35.4155,-3.3142,1]},
{"frame":5,"values":[0.9989,0.0055,-0.0456,0,-0.0038,0.9993,0.0377,0,0.0458,-0.0375,0.9982,0,0,35.4155,-3.3142,1]},
{"frame":6,"values":[0.9999,0.0086,-0.0119,0,-0.0082,0.9994,0.0335,0,0.0121,-0.0334,0.9994,0,0,35.4155,-3.3142,1]},
{"frame":7,"values":[0.9998,0.0117,0.0134,0,-0.0121,0.9995,0.0308,0,-0.013,-0.031,0.9994,0,0,35.4155,-3.3142,1]},
{"frame":8,"values":[0.9995,0.0143,0.0276,0,-0.0152,0.9994,0.0299,0,-0.0272,-0.0303,0.9992,0,0,35.4155,-3.3142,1]},
{"frame":9,"values":[0.9992,0.0169,0.0371,0,-0.018,0.9994,0.0297,0,-0.0366,-0.0303,0.9989,0,0,35.4155,-3.3142,1]},
{"frame":10,"values":[0.9989,0.0193,0.0425,0,-0.0206,0.9993,0.03,0,-0.0419,-0.0308,0.9986,0,0,35.4155,-3.3142,1]},
{"frame":11,"values":[0.9988,0.0213,0.0442,0,-0.0227,0.9993,0.0308,0,-0.0435,-0.0317,0.9985,0,0,35.4155,-3.3142,1]},
{"frame":12,"values":[0.9988,0.0228,0.0428,0,-0.0241,0.9992,0.0319,0,-0.042,-0.0329,0.9986,0,0,35.4155,-3.3142,1]},
{"frame":13,"values":[0.999,0.0236,0.0384,0,-0.0249,0.9991,0.0334,0,-0.0376,-0.0343,0.9987,0,0,35.4155,-3.3142,1]},
{"frame":14,"values":[0.9993,0.0235,0.029,0,-0.0246,0.9991,0.0357,0,-0.0281,-0.0364,0.9989,0,0,35.4155,-3.3142,1]},
{"frame":15,"values":[0.9997,0.0227,0.012,0,-0.0231,0.999,0.0394,0,-0.0111,-0.0397,0.9992,0,0,35.4155,-3.3142,1]},
{"frame":16,"values":[0.9997,0.0216,-0.0074,0,-0.0212,0.9988,0.0431,0,0.0083,-0.043,0.999,0,0,35.4155,-3.3142,1]},
{"frame":17,"values":[0.9995,0.0204,-0.0238,0,-0.0193,0.9988,0.0453,0,0.0247,-0.0448,0.9987,0,0,35.4155,-3.3142,1]},
{"frame":18,"values":[0.9993,0.019,-0.0333,0,-0.0175,0.9988,0.0451,0,0.0341,-0.0445,0.9984,0,0,35.4155,-3.3142,1]},
{"frame":19,"values":[0.9991,0.0173,-0.0381,0,-0.0157,0.9989,0.0441,0,0.0389,-0.0434,0.9983,0,0,35.4155,-3.3142,1]},
{"frame":20,"values":[0.999,0.0153,-0.0416,0,-0.0135,0.999,0.0428,0,0.0422,-0.0422,0.9982,0,0,35.4155,-3.3142,1]},
{"frame":21,"values":[0.9988,0.013,-0.0469,0,-0.011,0.9991,0.0419,0,0.0474,-0.0413,0.998,0,0,35.4155,-3.3142,1]},
{"frame":22,"values":[0.9983,0.01,-0.058,0,-0.0075,0.9991,0.0418,0,0.0583,-0.0413,0.9974,0,0,35.4155,-3.3142,1]},
{"frame":23,"values":[0.9972,0.0059,-0.0747,0,-0.0027,0.9991,0.0425,0,0.0749,-0.0422,0.9963,0,0,35.4155,-3.3142,1]},
{"frame":24,"values":[0.996,0.0026,-0.0895,0,0.0013,0.9991,0.0434,0,0.0895,-0.0433,0.995,0,0,35.4155,-3.3142,1]},
{"frame":25,"values":[0.9953,0.0011,-0.0972,0,0.0032,0.999,0.044,0,0.0971,-0.0441,0.9943,0,0,35.4155,-3.3142,1]}],"loopBehavior":1,"name":"anim","property":"_matrix"}},
{"name":"Head","index":5,"matrix":[0.7901,-0.1028,-0.6042,0,0.1018,0.9942,-0.0361,0,0.6044,-0.033,0.796,0,0,16.8992,1.2183,1],"rest":[1,0,0,0,0,1,0,0,0,0,1,0,0,16.8992,1.2183,1],"parentBoneIndex":4,"length":22.3142
,"animation":{"dataType":3,"framePerSecond":24,"keys":[
{"frame":1,"values":[0.7901,-0.1028,-0.6042,0,0.1018,0.9942,-0.0361,0,0.6044,-0.033,0.796,0,0,16.8992,1.2183,1]},
{"frame":2,"values":[0.7887,-0.1002,-0.6066,0,0.0998,0.9944,-0.0345,0,0.6067,-0.0333,0.7943,0,0,16.8992,1.2183,1]},
{"frame":3,"values":[0.7847,-0.0955,-0.6125,0,0.096,0.9949,-0.0321,0,0.6124,-0.0336,0.7898,0,0,16.8992,1.2183,1]},
{"frame":4,"values":[0.8383,-0.1034,-0.5353,0,0.0929,0.9946,-0.0466,0,0.5372,-0.0106,0.8434,0,0,16.8992,1.2183,1]},
{"frame":5,"values":[0.9067,-0.1123,-0.4065,0,0.0921,0.9934,-0.0689,0,0.4116,0.025,0.911,0,0,16.8992,1.2183,1]},
{"frame":6,"values":[0.9571,-0.1142,-0.2664,0,0.093,0.9915,-0.0906,0,0.2745,0.0619,0.9596,0,0,16.8992,1.2183,1]},
{"frame":7,"values":[0.9801,-0.1097,-0.1654,0,0.093,0.9901,-0.1055,0,0.1753,0.088,0.9806,0,0,16.8992,1.2183,1]},
{"frame":8,"values":[0.9873,-0.1032,-0.1209,0,0.0896,0.9896,-0.1129,0,0.1313,0.1007,0.9862,0,0,16.8992,1.2183,1]},
{"frame":9,"values":[0.9898,-0.0962,-0.1047,0,0.0838,0.9895,-0.1174,0,0.1149,0.1075,0.9876,0,0,16.8992,1.2183,1]},
{"frame":10,"values":[0.9898,-0.0898,-0.1106,0,0.0764,0.9899,-0.1195,0,0.1202,0.1098,0.9867,0,0,16.8992,1.2183,1]},
{"frame":11,"values":[0.9873,-0.0841,-0.1349,0,0.0681,0.9905,-0.1192,0,0.1436,0.1085,0.9837,0,0,16.8992,1.2183,1]},
{"frame":12,"values":[0.9818,-0.0794,-0.1723,0,0.0597,0.9914,-0.1168,0,0.1801,0.1044,0.9781,0,0,16.8992,1.2183,1]},
{"frame":13,"values":[0.9728,-0.0758,-0.2189,0,0.0521,0.9923,-0.1122,0,0.2258,0.0978,0.9693,0,0,16.8992,1.2183,1]},
{"frame":14,"values":[0.9551,-0.0729,-0.2871,0,0.0448,0.9936,-0.1032,0,0.2928,0.0858,0.9523,0,0,16.8992,1.2183,1]},
{"frame":15,"values":[0.9184,-0.0683,-0.3898,0,0.037,0.9955,-0.0873,0,0.394,0.0658,0.9168,0,0,16.8992,1.2183,1]},
{"frame":16,"values":[0.8693,-0.0613,-0.4905,0,0.031,0.9971,-0.0697,0,0.4934,0.0454,0.8686,0,0,16.8992,1.2183,1]},
{"frame":17,"values":[0.8288,-0.0554,-0.5569,0,0.0287,0.998,-0.0566,0,0.5589,0.0309,0.8287,0,0,16.8992,1.2183,1]},
{"frame":18,"values":[0.8114,-0.0549,-0.5819,0,0.0304,0.9982,-0.0518,0,0.5837,0.0244,0.8116,0,0,16.8992,1.2183,1]},
{"frame":19,"values":[0.8009,-0.0585,-0.596,0,0.0346,0.9981,-0.0514,0,0.5978,0.0205,0.8014,0,0,16.8992,1.2183,1]},
{"frame":20,"values":[0.794,-0.0644,-0.6045,0,0.0409,0.9978,-0.0525,0,0.6065,0.0169,0.7949,0,0,16.8992,1.2183,1]},
{"frame":21,"values":[0.7894,-0.0709,-0.6098,0,0.049,0.9974,-0.0525,0,0.6119,0.0115,0.7908,0,0,16.8992,1.2183,1]},
{"frame":22,"values":[0.7849,-0.0777,-0.6148,0,0.0598,0.997,-0.0497,0,0.6168,0.0023,0.7871,0,0,16.8992,1.2183,1]},
{"frame":23,"values":[0.7802,-0.0866,-0.6195,0,0.0743,0.9962,-0.0457,0,0.6211,-0.0104,0.7836,0,0,16.8992,1.2183,1]},
{"frame":24,"values":[0.7835,-0.0962,-0.6138,0,0.0906,0.9951,-0.0402,0,0.6147,-0.0241,0.7884,0,0,16.8992,1.2183,1]},
{"frame":25,"values":[0.7901,-0.1028,-0.6042,0,0.1018,0.9942,-0.0361,0,0.6044,-0.033,0.796,0,0,16.8992,1.2183,1]}],"loopBehavior":1,"name":"anim","property":"_matrix"}},
{"name":"HeadTop_End","index":6,"matrix":[1,0,0,0,0,1,0,0,0,0,1,0,0,22.2062,2.1925,1],"rest":[1,0,0,0,0,1,0,0,0,0,1,0,0,22.2062,2.1925,1],"parentBoneIndex":5,"length":22.3142
,"animation":{"dataType":3,"framePerSecond":24,"keys":[
{"frame":1,"values":[1,0,0,0,0,1,0,0,0,0,1,0,0,22.2062,2.1925,1]},
{"frame":25,"values":[1,0,0,0,0,1,0,0,0,0,1,0,0,22.2062,2.1925,1]}],"loopBehavior":1,"name":"anim","property":"_matrix"}},
{"name":"LeftShoulder","index":7,"matrix":[0.9086,-0.1048,0.4043,0,0.0356,0.9839,0.175,0,-0.4162,-0.1446,0.8977,0,12.8964,26.7163,-4.5484,1],"rest":[1,0,0,0,0,1,0,0,0,0,1,0,12.8964,26.7163,-4.5484,1],"parentBoneIndex":3,"length":19.7122
,"animation":{"dataType":3,"framePerSecond":24,"keys":[
{"frame":1,"values":[0.9086,-0.1048,0.4043,0,0.0356,0.9839,0.175,0,-0.4162,-0.1446,0.8977,0,12.8964,26.7163,-4.5484,1]},
{"frame":2,"values":[0.9072,-0.1145,0.4048,0,0.0454,0.9833,0.1763,0,-0.4182,-0.1416,0.8972,0,12.8964,26.7163,-4.5484,1]},
{"frame":3,"values":[0.907,-0.1161,0.4049,0,0.047,0.9832,0.1765,0,-0.4186,-0.1411,0.8972,0,12.8964,26.7163,-4.5484,1]},
{"frame":24,"values":[0.9077,-0.1115,0.4046,0,0.0424,0.9835,0.1759,0,-0.4176,-0.1425,0.8974,0,12.8964,26.7163,-4.5484,1]},
{"frame":25,"values":[0.9086,-0.1048,0.4043,0,0.0356,0.9839,0.175,0,-0.4162,-0.1446,0.8977,0,12.8964,26.7163,-4.5484,1]}],"loopBehavior":1,"name":"anim","property":"_matrix"}},
{"name":"LeftArm","index":8,"matrix":[0.4855,-0.8137,0.3195,0,0.8625,0.386,-0.3273,0,0.143,0.4345,0.8893,0,19.027,-4.857,-1.7184,1],"rest":[1,0,0,0,0,1,0,0,0,0,1,0,19.027,-4.857,-1.7184,1],"parentBoneIndex":7,"length":24.1799
,"animation":{"dataType":3,"framePerSecond":24,"keys":[
{"frame":1,"values":[0.4855,-0.8137,0.3195,0,0.8625,0.386,-0.3273,0,0.143,0.4345,0.8893,0,19.027,-4.857,-1.7184,1]},
{"frame":2,"values":[0.4818,-0.811,0.3319,0,0.8672,0.3868,-0.3138,0,0.1261,0.439,0.8896,0,19.027,-4.857,-1.7184,1]},
{"frame":3,"values":[0.4702,-0.8115,0.3469,0,0.8762,0.3822,-0.2936,0,0.1057,0.442,0.8908,0,19.027,-4.857,-1.7184,1]},
{"frame":4,"values":[0.4545,-0.8129,0.3642,0,0.8853,0.367,-0.2855,0,0.0984,0.4522,0.8865,0,19.027,-4.857,-1.7184,1]},
{"frame":5,"values":[0.4418,-0.8132,0.3787,0,0.8912,0.3495,-0.2893,0,0.1029,0.4653,0.8791,0,19.027,-4.857,-1.7184,1]},
{"frame":6,"values":[0.436,-0.814,0.3838,0,0.8926,0.3366,-0.3,0,0.115,0.4734,0.8733,0,19.027,-4.857,-1.7184,1]},
{"frame":7,"values":[0.4383,-0.8163,0.3763,0,0.8888,0.3312,-0.3168,0,0.134,0.4733,0.8706,0,19.027,-4.857,-1.7184,1]},
{"frame":8,"values":[0.4494,-0.8191,0.3567,0,0.8776,0.3302,-0.3475,0,0.1668,0.4692,0.8672,0,19.027,-4.857,-1.7184,1]},
{"frame":9,"values":[0.466,-0.8183,0.3365,0,0.8609,0.3316,-0.3859,0,0.2042,0.4696,0.859,0,19.027,-4.857,-1.7184,1]},
{"frame":10,"values":[0.4848,-0.8117,0.3256,0,0.8434,0.3353,-0.4197,0,0.2315,0.4781,0.8472,0,19.027,-4.857,-1.7184,1]},
{"frame":11,"values":[0.5055,-0.7971,0.3304,0,0.8287,0.3418,-0.4432,0,0.2403,0.4979,0.8333,0,19.027,-4.857,-1.7184,1]},
{"frame":12,"values":[0.5168,-0.7873,0.3363,0,0.8216,0.3458,-0.4532,0,0.2405,0.5105,0.8255,0,19.027,-4.857,-1.7184,1]},
{"frame":13,"values":[0.5188,-0.783,0.3432,0,0.8228,0.3483,-0.4492,0,0.2321,0.5154,0.8249,0,19.027,-4.857,-1.7184,1]},
{"frame":14,"values":[0.5184,-0.7787,0.3534,0,0.8281,0.3542,-0.4344,0,0.2131,0.5179,0.8285,0,19.027,-4.857,-1.7184,1]},
{"frame":15,"values":[0.5177,-0.7762,0.3599,0,0.834,0.3637,-0.415,0,0.1912,0.515,0.8356,0,19.027,-4.857,-1.7184,1]},
{"frame":16,"values":[0.519,-0.7722,0.3666,0,0.8367,0.3712,-0.4027,0,0.1749,0.5157,0.8387,0,19.027,-4.857,-1.7184,1]},
{"frame":17,"values":[0.5211,-0.7711,0.3657,0,0.8372,0.3787,-0.3946,0,0.1658,0.5118,0.843,0,19.027,-4.857,-1.7184,1]},
{"frame":18,"values":[0.5231,-0.7706,0.3641,0,0.8378,0.3864,-0.3857,0,0.1565,0.5068,0.8478,0,19.027,-4.857,-1.7184,1]},
{"frame":19,"values":[0.5236,-0.7711,0.3623,0,0.8389,0.3924,-0.3772,0,0.1487,0.5014,0.8523,0,19.027,-4.857,-1.7184,1]},
{"frame":20,"values":[0.523,-0.7736,0.3578,0,0.84,0.3969,-0.3698,0,0.1441,0.494,0.8574,0,19.027,-4.857,-1.7184,1]},
{"frame":21,"values":[0.5206,-0.7794,0.3487,0,0.8411,0.3979,-0.3664,0,0.1468,0.484,0.8626,0,19.027,-4.857,-1.7184,1]},
{"frame":22,"values":[0.5148,-0.7866,0.341,0,0.8439,0.395,-0.363,0,0.1509,0.4747,0.8671,0,19.027,-4.857,-1.7184,1]},
{"frame":23,"values":[0.5075,-0.7937,0.3354,0,0.8482,0.3918,-0.3563,0,0.1514,0.4653,0.8721,0,19.027,-4.857,-1.7184,1]},
{"frame":24,"values":[0.4958,-0.8043,0.3275,0,0.8559,0.3887,-0.3411,0,0.1471,0.4494,0.8811,0,19.027,-4.857,-1.7184,1]},
{"frame":25,"values":[0.4855,-0.8138,0.3195,0,0.8625,0.386,-0.3273,0,0.143,0.4345,0.8893,0,19.027,-4.857,-1.7184,1]}],"loopBehavior":1,"name":"anim","property":"_matrix"}},
{"name":"LeftForeArm","index":9,"matrix":[0.0655,0.0068,0.9978,0,0.9717,-0.2277,-0.0622,0,0.2268,0.9737,-0.0215,0,24.1799,0,0,1],"rest":[1,0,0,0,0,1,0,0,0,0,1,0,24.1799,0,0,1],"parentBoneIndex":8,"length":27.1564
,"animation":{"dataType":3,"framePerSecond":24,"keys":[
{"frame":1,"values":[0.0655,0.0068,0.9978,0,0.9717,-0.2277,-0.0622,0,0.2268,0.9737,-0.0215,0,24.1799,0,0,1]},
{"frame":2,"values":[0.0816,0.0251,0.9964,0,0.9732,-0.2175,-0.0742,0,0.2148,0.9757,-0.0422,0,24.1799,0,0,1]},
{"frame":3,"values":[0.0929,0.0557,0.9941,0,0.9751,-0.2072,-0.0795,0,0.2016,0.9767,-0.0735,0,24.1799,0,0,1]},
{"frame":4,"values":[0.1017,0.0898,0.9908,0,0.977,-0.1968,-0.0824,0,0.1876,0.9763,-0.1077,0,24.1799,0,0,1]},
{"frame":5,"values":[0.1029,0.1282,0.9864,0,0.9795,-0.1857,-0.0781,0,0.1731,0.9742,-0.1447,0,24.1799,0,0,1]},
{"frame":6,"values":[0.0941,0.1595,0.9827,0,0.9821,-0.1769,-0.0653,0,0.1635,0.9712,-0.1733,0,24.1799,0,0,1]},
{"frame":7,"values":[0.0749,0.1668,0.9831,0,0.9835,-0.175,-0.0452,0,0.1645,0.9703,-0.1771,0,24.1799,0,0,1]},
{"frame":8,"values":[0.0468,0.1496,0.9876,0,0.9835,-0.1798,-0.0194,0,0.1747,0.9723,-0.1555,0,24.1799,0,0,1]},
{"frame":9,"values":[0.0283,0.1172,0.9927,0,0.982,-0.189,-0.0057,0,0.1869,0.975,-0.1204,0,24.1799,0,0,1]},
{"frame":10,"values":[0.0283,0.0781,0.9965,0,0.9796,-0.2005,-0.0121,0,0.1988,0.9766,-0.0822,0,24.1799,0,0,1]},
{"frame":11,"values":[0.0462,0.0411,0.9981,0,0.9766,-0.2118,-0.0364,0,0.2099,0.9765,-0.0499,0,24.1799,0,0,1]},
{"frame":12,"values":[0.0591,0.0145,0.9981,0,0.9739,-0.2201,-0.0545,0,0.2189,0.9754,-0.0272,0,24.1799,0,0,1]},
{"frame":13,"values":[0.0681,0.0069,0.9977,0,0.9728,-0.2226,-0.0649,0,0.2216,0.9749,-0.0219,0,24.1799,0,0,1]},
{"frame":14,"values":[0.0781,0.0069,0.9969,0,0.9721,-0.2226,-0.0746,0,0.2214,0.9749,-0.0241,0,24.1799,0,0,1]},
{"frame":15,"values":[0.0849,0.0069,0.9964,0,0.9715,-0.2226,-0.0813,0,0.2212,0.9749,-0.0256,0,24.1799,0,0,1]},
{"frame":16,"values":[0.1,0.0069,0.995,0,0.9702,-0.2226,-0.096,0,0.2208,0.9749,-0.0289,0,24.1799,0,0,1]},
{"frame":17,"values":[0.1096,0.0069,0.9939,0,0.9692,-0.2226,-0.1054,0,0.2205,0.9749,-0.0311,0,24.1799,0,0,1]},
{"frame":18,"values":[0.1181,0.0069,0.993,0,0.9683,-0.2226,-0.1136,0,0.2202,0.9749,-0.0329,0,24.1799,0,0,1]},
{"frame":19,"values":[0.1257,0.0069,0.9921,0,0.9674,-0.2226,-0.121,0,0.22,0.9749,-0.0346,0,24.1799,0,0,1]},
{"frame":20,"values":[0.1291,0.0069,0.9916,0,0.9669,-0.2226,-0.1244,0,0.2198,0.9749,-0.0354,0,24.1799,0,0,1]},
{"frame":21,"values":[0.126,0.0069,0.992,0,0.9673,-0.2226,-0.1214,0,0.22,0.9749,-0.0347,0,24.1799,0,0,1]},
{"frame":22,"values":[0.1197,0.0069,0.9928,0,0.9681,-0.2226,-0.1152,0,0.2202,0.9749,-0.0333,0,24.1799,0,0,1]},
{"frame":23,"values":[0.1105,0.0069,0.9939,0,0.9691,-0.2226,-0.1062,0,0.2205,0.9749,-0.0312,0,24.1799,0,0,1]},
{"frame":24,"values":[0.0885,0.0068,0.996,0,0.9707,-0.2248,-0.0847,0,0.2234,0.9744,-0.0265,0,24.1799,0,0,1]},
{"frame":25,"values":[0.0655,0.0068,0.9978,0,0.9717,-0.2277,-0.0622,0,0.2268,0.9737,-0.0215,0,24.1799,0,0,1]}],"loopBehavior":1,"name":"anim","property":"_matrix"}},
{"name":"LeftHand","index":10,"matrix":[0.9852,-0.0355,0.1679,0,0.1086,0.8864,-0.45,0,-0.1328,0.4616,0.8771,0,27.1564,0.0001,0,1],"rest":[1,0,0,0,0,1,0,0,0,0,1,0,27.1564,0.0001,0,1],"parentBoneIndex":9,"length":13.2912
,"animation":{"dataType":3,"framePerSecond":24,"keys":[
{"frame":1,"values":[0.9852,-0.0355,0.1679,0,0.1086,0.8864,-0.45,0,-0.1328,0.4616,0.8771,0,27.1564,0.0001,0,1]},
{"frame":2,"values":[0.9867,-0.0386,0.1577,0,0.1062,0.8882,-0.4471,0,-0.1228,0.4579,0.8805,0,27.1564,0.0001,0,1]},
{"frame":3,"values":[0.9884,-0.0363,0.1476,0,0.099,0.8905,-0.444,0,-0.1153,0.4535,0.8838,0,27.1564,0.0001,0,1]},
{"frame":4,"values":[0.9917,-0.0337,0.124,0,0.0851,0.8954,-0.437,0,-0.0963,0.4439,0.8909,0,27.1564,0.0001,0,1]},
{"frame":5,"values":[0.9956,-0.0314,0.0885,0,0.0666,0.9,-0.4308,0,-0.0661,0.4348,0.8981,0,27.1564,0.0001,0,1]},
{"frame":6,"values":[0.9981,-0.0269,0.0551,0,0.048,0.902,-0.4291,0,-0.0381,0.4309,0.9016,0,27.1564,0.0001,0,1]},
{"frame":7,"values":[0.9989,-0.0234,0.0395,0,0.0381,0.902,-0.4301,0,-0.0255,0.4311,0.9019,0,27.1564,0.0001,0,1]},
{"frame":8,"values":[0.9991,-0.0191,0.0375,0,0.0335,0.9003,-0.4339,0,-0.0255,0.4348,0.9002,0,27.1564,0.0001,0,1]},
{"frame":9,"values":[0.999,-0.0175,0.0407,0,0.0336,0.8974,-0.44,0,-0.0288,0.4409,0.8971,0,27.1564,0.0001,0,1]},
{"frame":10,"values":[0.9986,-0.0196,0.0489,0,0.0394,0.8935,-0.4473,0,-0.035,0.4486,0.893,0,27.1564,0.0001,0,1]},
{"frame":11,"values":[0.9977,-0.0212,0.0647,0,0.0483,0.8899,-0.4536,0,-0.0479,0.4556,0.8889,0,27.1564,0.0001,0,1]},
{"frame":12,"values":[0.9965,-0.0216,0.0812,0,0.0564,0.8883,-0.4558,0,-0.0623,0.4588,0.8864,0,27.1564,0.0001,0,1]},
{"frame":13,"values":[0.9955,-0.0215,0.092,0,0.0613,0.8884,-0.455,0,-0.0719,0.4586,0.8857,0,27.1564,0.0001,0,1]},
{"frame":14,"values":[0.9943,-0.021,0.1044,0,0.0664,0.889,-0.4531,0,-0.0833,0.4574,0.8853,0,27.1564,0.0001,0,1]},
{"frame":15,"values":[0.9926,-0.0228,0.1194,0,0.0747,0.8893,-0.4513,0,-0.0959,0.4568,0.8844,0,27.1564,0.0001,0,1]},
{"frame":16,"values":[0.9915,-0.0276,0.127,0,0.0826,0.8883,-0.4517,0,-0.1003,0.4584,0.8831,0,27.1564,0.0001,0,1]},
{"frame":17,"values":[0.991,-0.033,0.1294,0,0.089,0.886,-0.4551,0,-0.0996,0.4626,0.881,0,27.1564,0.0001,0,1]},
{"frame":18,"values":[0.9905,-0.0381,0.1325,0,0.0954,0.8831,-0.4594,0,-0.0995,0.4677,0.8783,0,27.1564,0.0001,0,1]},
{"frame":19,"values":[0.9898,-0.0424,0.1362,0,0.1015,0.8803,-0.4634,0,-0.1002,0.4725,0.8756,0,27.1564,0.0001,0,1]},
{"frame":20,"values":[0.9892,-0.0463,0.1394,0,0.1069,0.8776,-0.4673,0,-0.1007,0.4772,0.873,0,27.1564,0.0001,0,1]},
{"frame":21,"values":[0.9892,-0.0493,0.1382,0,0.1093,0.8759,-0.4699,0,-0.0979,0.48,0.8718,0,27.1564,0.0001,0,1]},
{"frame":22,"values":[0.9893,-0.0505,0.1366,0,0.1094,0.8767,-0.4684,0,-0.0961,0.4784,0.8729,0,27.1564,0.0001,0,1]},
{"frame":23,"values":[0.989,-0.0495,0.1391,0,0.1092,0.8792,-0.4639,0,-0.0993,0.474,0.8749,0,27.1564,0.0001,0,1]},
{"frame":24,"values":[0.9873,-0.043,0.1528,0,0.109,0.8832,-0.4561,0,-0.1154,0.467,0.8767,0,27.1564,0.0001,0,1]},
{"frame":25,"values":[0.9852,-0.0355,0.1679,0,0.1086,0.8864,-0.45,0,-0.1328,0.4616,0.8771,0,27.1564,0.0001,0,1]}],"loopBehavior":1,"name":"anim","property":"_matrix"}},
{"name":"LeftHandIndex1","index":11,"matrix":[0.9347,-0.3535,-0.0377,0,0.3548,0.9208,0.1619,0,-0.0225,-0.1647,0.9861,0,16.4412,0,0,1],"rest":[1,0,0,0,0,1,0,0,0,0,1,0,16.4412,0,0,1],"parentBoneIndex":10,"length":4.8219
,"animation":{"dataType":3,"framePerSecond":24,"keys":[
{"frame":1,"values":[0.9347,-0.3535,-0.0377,0,0.3548,0.9208,0.1619,0,-0.0225,-0.1647,0.9861,0,16.4412,0,0,1]},
{"frame":25,"values":[0.9347,-0.3535,-0.0377,0,0.3548,0.9208,0.1619,0,-0.0225,-0.1647,0.9861,0,16.4412,0,0,1]}],"loopBehavior":1,"name":"anim","property":"_matrix"}},
{"name":"LeftHandIndex2","index":12,"matrix":[0.8781,-0.4761,-0.0488,0,0.4761,0.8793,-0.0124,0,0.0488,-0.0124,0.9987,0,4.8219,0.0001,0,1],"rest":[1,0,0,0,0,1,0,0,0,0,1,0,4.8219,0.0001,0,1],"parentBoneIndex":11,"length":6.3865
,"animation":{"dataType":3,"framePerSecond":24,"keys":[
{"frame":1,"values":[0.8781,-0.4761,-0.0488,0,0.4761,0.8793,-0.0124,0,0.0488,-0.0124,0.9987,0,4.8219,0.0001,0,1]},
{"frame":25,"values":[0.8781,-0.4761,-0.0488,0,0.4761,0.8793,-0.0124,0,0.0488,-0.0124,0.9987,0,4.8219,0.0001,0,1]}],"loopBehavior":1,"name":"anim","property":"_matrix"}},
{"name":"LeftHandIndex3","index":13,"matrix":[0.8931,-0.4469,-0.0513,0,0.447,0.8945,-0.0107,0,0.0507,-0.0134,0.9986,0,6.3865,0,0,1],"rest":[0.9994,0.0344,-0.002,0,-0.0344,0.9994,0,0,0.002,0,1,0,6.3865,0,0,1],"parentBoneIndex":12,"length":5.189
,"animation":{"dataType":3,"framePerSecond":24,"keys":[
{"frame":1,"values":[0.8931,-0.4469,-0.0513,0,0.447,0.8945,-0.0107,0,0.0507,-0.0134,0.9986,0,6.3865,0,0,1]},
{"frame":25,"values":[0.8931,-0.4469,-0.0513,0,0.447,0.8945,-0.0107,0,0.0507,-0.0134,0.9986,0,6.3865,0,0,1]}],"loopBehavior":1,"name":"anim","property":"_matrix"}},
{"name":"LeftHandIndex4","index":14,"matrix":[1,0,0,0,0,1,0,0,0,0,1,0,5.1859,-0.1787,0.0103,1],"rest":[1,0,0,0,0,1,0,0,0,0,1,0,5.1859,-0.1787,0.0103,1],"parentBoneIndex":13,"length":5.189
,"animation":{"dataType":3,"framePerSecond":24,"keys":[
{"frame":1,"values":[1,0,0,0,0,1,0,0,0,0,1,0,5.1859,-0.1787,0.0103,1]},
{"frame":25,"values":[1,0,0,0,0,1,0,0,0,0,1,0,5.1859,-0.1787,0.0103,1]}],"loopBehavior":1,"name":"anim","property":"_matrix"}},
{"name":"LeftHandThumb1","index":15,"matrix":[0.9854,-0.0402,-0.1655,0,0.0416,0.9991,0.0052,0,0.1651,-0.012,0.9862,0,6.5349,-5.0326,5.9003,1],"rest":[1,0,0,0,0,1,0,0,0,0,1,0,6.5349,-5.0326,5.9003,1],"parentBoneIndex":10,"length":4.9292
,"animation":{"dataType":3,"framePerSecond":24,"keys":[
{"frame":1,"values":[0.9854,-0.0402,-0.1655,0,0.0416,0.9991,0.0052,0,0.1651,-0.012,0.9862,0,6.5349,-5.0326,5.9003,1]},
{"frame":25,"values":[0.9854,-0.0402,-0.1655,0,0.0416,0.9991,0.0052,0,0.1651,-0.012,0.9862,0,6.5349,-5.0326,5.9003,1]}],"loopBehavior":1,"name":"anim","property":"_matrix"}},
{"name":"LeftHandThumb2","index":16,"matrix":[0.9755,0.0462,-0.2153,0,-0.023,0.9938,0.1092,0,0.219,-0.1016,0.9704,0,3.8182,-2.2044,2.2044,1],"rest":[1,0,0,0,0,1,0,0,0,0,1,0,3.8182,-2.2044,2.2044,1],"parentBoneIndex":15,"length":4.1984
,"animation":{"dataType":3,"framePerSecond":24,"keys":[
{"frame":1,"values":[0.9755,0.0462,-0.2153,0,-0.023,0.9938,0.1092,0,0.219,-0.1016,0.9704,0,3.8182,-2.2044,2.2044,1]},
{"frame":25,"values":[0.9755,0.0462,-0.2153,0,-0.023,0.9938,0.1092,0,0.219,-0.1016,0.9704,0,3.8182,-2.2044,2.2044,1]}],"loopBehavior":1,"name":"anim","property":"_matrix"}},
{"name":"LeftHandThumb3","index":17,"matrix":[0.9525,0.1484,0.266,0,-0.0267,0.9106,-0.4123,0,-0.3034,0.3856,0.8713,0,3.2521,-1.8776,1.8776,1],"rest":[1,0,0,0,0,1,0,0,0,0,1,0,3.2521,-1.8776,1.8776,1],"parentBoneIndex":16,"length":6.78
,"animation":{"dataType":3,"framePerSecond":24,"keys":[
{"frame":1,"values":[0.9525,0.1484,0.266,0,-0.0267,0.9106,-0.4123,0,-0.3034,0.3856,0.8713,0,3.2521,-1.8776,1.8776,1]},
{"frame":25,"values":[0.9525,0.1484,0.266,0,-0.0267,0.9106,-0.4123,0,-0.3034,0.3856,0.8713,0,3.2521,-1.8776,1.8776,1]}],"loopBehavior":1,"name":"anim","property":"_matrix"}},
{"name":"LeftHandThumb4","index":18,"matrix":[1,0,0,0,0,1,0,0,0,0,1,0,5.2518,-3.0321,3.0321,1],"rest":[1,0,0,0,0,1,0,0,0,0,1,0,5.2518,-3.0321,3.0321,1],"parentBoneIndex":17,"length":6.78
,"animation":{"dataType":3,"framePerSecond":24,"keys":[
{"frame":1,"values":[1,0,0,0,0,1,0,0,0,0,1,0,5.2518,-3.0321,3.0321,1]},
{"frame":25,"values":[1,0,0,0,0,1,0,0,0,0,1,0,5.2518,-3.0321,3.0321,1]}],"loopBehavior":1,"name":"anim","property":"_matrix"}},
{"name":"RightShoulder","index":19,"matrix":[0.9374,0.0393,-0.3459,0,0.0224,0.9848,0.1725,0,0.3474,-0.1695,0.9223,0,-12.8963,26.7163,-4.5484,1],"rest":[1,0,0,0,0,1,0,0,0,0,1,0,-12.8963,26.7163,-4.5484,1],"parentBoneIndex":3,"length":19.7122
,"animation":{"dataType":3,"framePerSecond":24,"keys":[
{"frame":1,"values":[0.9374,0.0393,-0.3459,0,0.0224,0.9848,0.1725,0,0.3474,-0.1695,0.9223,0,-12.8963,26.7163,-4.5484,1]},
{"frame":2,"values":[0.9381,0.0276,-0.3452,0,0.0339,0.9847,0.171,0,0.3447,-0.1721,0.9228,0,-12.8963,26.7163,-4.5484,1]},
{"frame":3,"values":[0.9386,0.0257,-0.3442,0,0.0356,0.9847,0.1707,0,0.3433,-0.1725,0.9233,0,-12.8963,26.7163,-4.5484,1]},
{"frame":4,"values":[0.9391,0.0257,-0.3426,0,0.0352,0.9847,0.1706,0,0.3417,-0.1723,0.9239,0,-12.8963,26.7163,-4.5484,1]},
{"frame":5,"values":[0.9403,0.0258,-0.3393,0,0.0346,0.9847,0.1707,0,0.3385,-0.1722,0.9251,0,-12.8963,26.7163,-4.5484,1]},
{"frame":6,"values":[0.9409,0.0258,-0.3378,0,0.0343,0.9847,0.1707,0,0.3371,-0.1721,0.9256,0,-12.8963,26.7163,-4.5484,1]},
{"frame":7,"values":[0.941,0.0258,-0.3373,0,0.0342,0.9847,0.1707,0,0.3366,-0.1721,0.9258,0,-12.8963,26.7163,-4.5484,1]},
{"frame":8,"values":[0.9412,0.0258,-0.3368,0,0.0341,0.9847,0.1707,0,0.3361,-0.1721,0.926,0,-12.8963,26.7163,-4.5484,1]},
{"frame":9,"values":[0.9415,0.0258,-0.336,0,0.0339,0.9847,0.1707,0,0.3353,-0.1721,0.9263,0,-12.8963,26.7163,-4.5484,1]},
{"frame":11,"values":[0.9418,0.0258,-0.3352,0,0.0337,0.9847,0.1707,0,0.3345,-0.1721,0.9265,0,-12.8963,26.7163,-4.5484,1]},
{"frame":12,"values":[0.942,0.0259,-0.3347,0,0.0336,0.9847,0.1708,0,0.334,-0.1721,0.9267,0,-12.8963,26.7163,-4.5484,1]},
{"frame":13,"values":[0.9419,0.0258,-0.335,0,0.0337,0.9847,0.1707,0,0.3343,-0.1721,0.9266,0,-12.8963,26.7163,-4.5484,1]},
{"frame":14,"values":[0.9417,0.0258,-0.3355,0,0.0338,0.9847,0.1707,0,0.3347,-0.1721,0.9265,0,-12.8963,26.7163,-4.5484,1]},
{"frame":15,"values":[0.9416,0.0258,-0.3358,0,0.0339,0.9847,0.1707,0,0.3351,-0.1721,0.9263,0,-12.8963,26.7163,-4.5484,1]},
{"frame":16,"values":[0.9413,0.0258,-0.3366,0,0.034,0.9847,0.1707,0,0.3359,-0.1721,0.926,0,-12.8963,26.7163,-4.5484,1]},
{"frame":17,"values":[0.9412,0.0258,-0.3369,0,0.0341,0.9847,0.1707,0,0.3362,-0.1722,0.9259,0,-12.8963,26.7163,-4.5484,1]},
{"frame":18,"values":[0.9408,0.0258,-0.3379,0,0.0343,0.9847,0.1707,0,0.3372,-0.1721,0.9256,0,-12.8963,26.7163,-4.5484,1]},
{"frame":19,"values":[0.9406,0.0258,-0.3385,0,0.0344,0.9847,0.1706,0,0.3377,-0.1722,0.9254,0,-12.8963,26.7163,-4.5484,1]},
{"frame":20,"values":[0.9405,0.0258,-0.3389,0,0.0345,0.9847,0.1707,0,0.3381,-0.1722,0.9252,0,-12.8963,26.7163,-4.5484,1]},
{"frame":21,"values":[0.9401,0.0258,-0.34,0,0.0347,0.9847,0.1707,0,0.3392,-0.1722,0.9248,0,-12.8963,26.7163,-4.5484,1]},
{"frame":22,"values":[0.9398,0.0258,-0.3409,0,0.0349,0.9847,0.1707,0,0.3401,-0.1723,0.9245,0,-12.8963,26.7163,-4.5484,1]},
{"frame":23,"values":[0.9393,0.0258,-0.3421,0,0.0352,0.9847,0.1707,0,0.3412,-0.1724,0.924,0,-12.8963,26.7163,-4.5484,1]},
{"frame":24,"values":[0.9385,0.0313,-0.3438,0,0.03,0.9847,0.1715,0,0.3439,-0.1713,0.9232,0,-12.8963,26.7163,-4.5484,1]},
{"frame":25,"values":[0.9374,0.0393,-0.3459,0,0.0224,0.9848,0.1725,0,0.3474,-0.1695,0.9223,0,-12.8963,26.7163,-4.5484,1]}],"loopBehavior":1,"name":"anim","property":"_matrix"}},
{"name":"RightArm","index":20,"matrix":[0.5586,0.7629,-0.3255,0,-0.618,0.6446,0.4502,0,0.5532,-0.0504,0.8315,0,-19.027,-4.857,-1.7184,1],"rest":[1,0,0,0,0,1,0,0,0,0,1,0,-19.027,-4.857,-1.7184,1],"parentBoneIndex":19,"length":24.1799
,"animation":{"dataType":3,"framePerSecond":24,"keys":[
{"frame":1,"values":[0.5586,0.7629,-0.3255,0,-0.618,0.6446,0.4502,0,0.5532,-0.0504,0.8315,0,-19.027,-4.857,-1.7184,1]},
{"frame":2,"values":[0.5595,0.7596,-0.3316,0,-0.6047,0.6477,0.4635,0,0.5669,-0.0588,0.8217,0,-19.027,-4.857,-1.7184,1]},
{"frame":3,"values":[0.5553,0.7604,-0.3369,0,-0.6018,0.647,0.4682,0,0.574,-0.0573,0.8169,0,-19.027,-4.857,-1.7184,1]},
{"frame":4,"values":[0.5458,0.7595,-0.3539,0,-0.5971,0.6488,0.4717,0,0.5879,-0.0461,0.8076,0,-19.027,-4.857,-1.7184,1]},
{"frame":5,"values":[0.5273,0.7575,-0.385,0,-0.5868,0.6523,0.4798,0,0.6146,-0.0271,0.7884,0,-19.027,-4.857,-1.7184,1]},
{"frame":6,"values":[0.5073,0.756,-0.4137,0,-0.5768,0.6545,0.4887,0,0.6402,-0.0093,0.7681,0,-19.027,-4.857,-1.7184,1]},
{"frame":7,"values":[0.4958,0.7556,-0.428,0,-0.5712,0.655,0.4947,0,0.6541,-0.0008,0.7564,0,-19.027,-4.857,-1.7184,1]},
{"frame":8,"values":[0.4889,0.7548,-0.4373,0,-0.569,0.6559,0.4961,0,0.6613,0.0063,0.7501,0,-19.027,-4.857,-1.7184,1]},
{"frame":9,"values":[0.4832,0.7511,-0.4498,0,-0.5676,0.6599,0.4922,0,0.6666,0.0175,0.7452,0,-19.027,-4.857,-1.7184,1]},
