{"producer":{"name":"Blender","version":"2.90.0","exporter_version":"2.80.1","file":"riffle_turnleft.babylon"},
"autoClear":true,"clearColor":[0.0509,0.0509,0.0509],"gravity":[0,-9.81,0],
"materials":[{"name":"Material","id":"Material","customType":"BABYLON.PBRMaterial","backFaceCulling":true,"checkReadyOnlyOnce":false,"maxSimultaneousLights":4,"environmentIntensity":1,"albedo":[0.8,0.8,0.8],"reflectivity":[0.5,0.5,0.5],"roughness":0.4,"alpha":1,"transparencyMode":0,"alphaCutOff":0.4,"metallic":0}],
"multiMaterials":[],
"skeletons":[{"name":"Armature","id":0,"dimensionsAtRest":[232.1761,222.9347,36.3014],"bones":[
{"name":"Hips","index":0,"matrix":[0.5758,0.0344,-0.8169,0,0.0693,0.9935,0.0907,0,-0.8147,0.1088,-0.5696,0,-1.302,81.3074,-0.3652,1],"rest":[1,0,0,0,0,1,0,0,0,0,-1,0,0,89.0054,0,1],"parentBoneIndex":-1,"length":14.2998
,"animation":{"dataType":3,"framePerSecond":24,"keys":[
{"frame":1,"values":[0.5758,0.0344,-0.8169,0,0.0693,0.9935,0.0907,0,-0.8147,0.1088,-0.5696,0,-1.302,81.3074,-0.3652,1]},
{"frame":2,"values":[0.5758,0.0344,-0.8169,0,0.0693,0.9935,0.0907,0,-0.8147,0.1088,-0.5696,0,-1.2391,80.7822,-1.6399,1]},
{"frame":3,"values":[0.5758,0.0344,-0.8169,0,0.0693,0.9935,0.0907,0,-0.8147,0.1088,-0.5696,0,-1.0127,80.0662,-3.1995,1]},
{"frame":4,"values":[0.5758,0.0344,-0.8169,0,0.0693,0.9935,0.0907,0,-0.8147,0.1088,-0.5696,0,-0.6885,79.3984,-5.3347,1]},
{"frame":5,"values":[0.5758,0.0344,-0.8169,0,0.0693,0.9935,0.0907,0,-0.8147,0.1088,-0.5696,0,-0.3513,78.9236,-7.953,1]},
{"frame":6,"values":[0.5758,0.0344,-0.8169,0,0.0693,0.9935,0.0907,0,-0.8147,0.1088,-0.5696,0,0.007,78.7206,-10.3774,1]},
{"frame":7,"values":[0.5758,0.0344,-0.8169,0,0.0693,0.9935,0.0907,0,-0.8147,0.1088,-0.5696,0,0.3274,78.6925,-12.0296,1]},
{"frame":8,"values":[0.5758,0.0344,-0.8169,0,0.0693,0.9935,0.0907,0,-0.8147,0.1088,-0.5696,0,0.4044,78.7147,-13.1324,1]},
{"frame":9,"values":[0.5758,0.0344,-0.8169,0,0.0693,0.9935,0.0907,0,-0.8147,0.1088,-0.5696,0,0.0655,78.7292,-14.1595,1]},
{"frame":10,"values":[0.5758,0.0344,-0.8169,0,0.0693,0.9935,0.0907,0,-0.8147,0.1088,-0.5696,0,-0.6711,78.7878,-15.133,1]},
{"frame":11,"values":[0.5758,0.0344,-0.8169,0,0.0693,0.9935,0.0907,0,-0.8147,0.1088,-0.5696,0,-1.7306,78.9941,-15.8031,1]},
{"frame":12,"values":[0.5758,0.0344,-0.8169,0,0.0693,0.9935,0.0907,0,-0.8147,0.1088,-0.5696,0,-3.0545,79.4267,-16.1606,1]},
{"frame":13,"values":[0.5758,0.0344,-0.8169,0,0.0693,0.9935,0.0907,0,-0.8147,0.1088,-0.5696,0,-4.5479,80.0457,-16.3575,1]},
{"frame":14,"values":[0.5758,0.0344,-0.8169,0,0.0693,0.9935,0.0907,0,-0.8147,0.1088,-0.5696,0,-6.0802,80.6366,-16.2901,1]},
{"frame":15,"values":[0.5758,0.0344,-0.8169,0,0.0693,0.9935,0.0907,0,-0.8147,0.1088,-0.5696,0,-7.3582,81.0507,-15.8798,1]},
{"frame":16,"values":[0.5758,0.0344,-0.8169,0,0.0693,0.9935,0.0907,0,-0.8147,0.1088,-0.5696,0,-7.9805,81.2341,-15.0128,1]},
{"frame":17,"values":[0.5758,0.0344,-0.8169,0,0.0693,0.9935,0.0907,0,-0.8147,0.1088,-0.5696,0,-7.7036,81.1655,-13.9234,1]},
{"frame":18,"values":[0.5758,0.0344,-0.8169,0,0.0693,0.9935,0.0907,0,-0.8147,0.1088,-0.5696,0,-6.5649,80.8686,-12.4727,1]},
{"frame":19,"values":[0.5758,0.0344,-0.8169,0,0.0693,0.9935,0.0907,0,-0.8147,0.1088,-0.5696,0,-4.9459,80.4512,-10.5567,1]},
{"frame":20,"values":[0.5758,0.0344,-0.8169,0,0.0693,0.9935,0.0907,0,-0.8147,0.1088,-0.5696,0,-3.2501,80.2158,-8.1115,1]},
{"frame":21,"values":[0.5758,0.0344,-0.8169,0,0.0693,0.9935,0.0907,0,-0.8147,0.1088,-0.5696,0,-1.6819,80.3764,-5.3494,1]},
{"frame":22,"values":[0.5758,0.0344,-0.8169,0,0.0693,0.9935,0.0907,0,-0.8147,0.1088,-0.5696,0,-0.4849,80.6658,-3.005,1]},
{"frame":23,"values":[0.5758,0.0344,-0.8169,0,0.0693,0.9935,0.0907,0,-0.8147,0.1088,-0.5696,0,0.1797,80.9032,-1.7501,1]},
{"frame":24,"values":[0.5758,0.0344,-0.8169,0,0.0693,0.9935,0.0907,0,-0.8147,0.1088,-0.5696,0,0.3479,81.1528,-1.3831,1]},
{"frame":25,"values":[0.5758,0.0344,-0.8169,0,0.0693,0.9935,0.0907,0,-0.8147,0.1088,-0.5696,0,0.3651,81.3074,-1.3021,1]}],"loopBehavior":1,"name":"anim","property":"_matrix"}},
{"name":"Spine","index":1,"matrix":[0.9999,0.0093,-0.0072,0,-0.0086,0.9957,0.0919,0,0.0081,-0.0918,0.9957,0,0.1169,10.681,0.3734,1],"rest":[1,0,0,0,0,1,0,0,0,0,1,0,0.1169,10.681,0.3734,1],"parentBoneIndex":0,"length":13.8405
,"animation":{"dataType":3,"framePerSecond":24,"keys":[
{"frame":1,"values":[0.9999,0.0093,-0.0072,0,-0.0086,0.9957,0.0919,0,0.0081,-0.0918,0.9957,0,0.1169,10.681,0.3734,1]},
{"frame":2,"values":[0.9999,0.0115,-0.0051,0,-0.011,0.9958,0.0907,0,0.0062,-0.0907,0.9959,0,0.1169,10.681,0.3734,1]},
{"frame":3,"values":[0.9999,0.0105,-0.0051,0,-0.01,0.9958,0.0909,0,0.006,-0.0909,0.9958,0,0.1169,10.681,0.3734,1]},
{"frame":4,"values":[0.9999,0.0087,-0.0057,0,-0.0081,0.9958,0.0914,0,0.0065,-0.0914,0.9958,0,0.1169,10.681,0.3734,1]},
{"frame":5,"values":[1,0.0064,-0.0068,0,-0.0058,0.9957,0.0922,0,0.0074,-0.0922,0.9957,0,0.1169,10.681,0.3734,1]},
{"frame":6,"values":[1,0.0042,-0.0083,0,-0.0034,0.9956,0.0934,0,0.0086,-0.0934,0.9956,0,0.1169,10.681,0.3734,1]},
{"frame":7,"values":[0.9999,0.0016,-0.01,0,-0.0007,0.9955,0.0948,0,0.0101,-0.0947,0.9955,0,0.1169,10.681,0.3734,1]},
{"frame":8,"values":[0.9999,-0.0005,-0.0117,0,0.0016,0.9954,0.0961,0,0.0116,-0.0961,0.9953,0,0.1169,10.681,0.3734,1]},
{"frame":9,"values":[0.9999,-0.0019,-0.0135,0,0.0032,0.9952,0.0974,0,0.0132,-0.0974,0.9952,0,0.1169,10.681,0.3734,1]},
{"frame":10,"values":[0.9999,-0.0027,-0.0153,0,0.0042,0.9951,0.0985,0,0.0149,-0.0985,0.995,0,0.1169,10.681,0.3734,1]},
{"frame":11,"values":[0.9998,-0.0038,-0.017,0,0.0055,0.995,0.0992,0,0.0165,-0.0993,0.9949,0,0.1169,10.681,0.3734,1]},
{"frame":12,"values":[0.9998,-0.0048,-0.018,0,0.0066,0.995,0.0996,0,0.0174,-0.0997,0.9949,0,0.1169,10.681,0.3734,1]},
{"frame":13,"values":[0.9998,-0.0057,-0.0191,0,0.0076,0.995,0.0998,0,0.0185,-0.0999,0.9948,0,0.1169,10.681,0.3734,1]},
{"frame":14,"values":[0.9998,-0.0066,-0.0204,0,0.0086,0.995,0.0996,0,0.0196,-0.0998,0.9948,0,0.1169,10.681,0.3734,1]},
{"frame":15,"values":[0.9998,-0.0073,-0.0209,0,0.0093,0.9951,0.0988,0,0.0201,-0.099,0.9949,0,0.1169,10.681,0.3734,1]},
{"frame":16,"values":[0.9998,-0.008,-0.0202,0,0.0099,0.9952,0.0977,0,0.0193,-0.0979,0.995,0,0.1169,10.681,0.3734,1]},
{"frame":17,"values":[0.9998,-0.007,-0.0184,0,0.0087,0.9953,0.0963,0,0.0177,-0.0964,0.9952,0,0.1169,10.681,0.3734,1]},
{"frame":18,"values":[0.9999,-0.0022,-0.0159,0,0.0037,0.9956,0.0941,0,0.0156,-0.0941,0.9954,0,0.1169,10.681,0.3734,1]},
{"frame":19,"values":[0.9999,0.0059,-0.0127,0,-0.0047,0.9959,0.0904,0,0.0132,-0.0903,0.9958,0,0.1169,10.681,0.3734,1]},
{"frame":20,"values":[0.9998,0.0157,-0.0097,0,-0.0149,0.9962,0.0855,0,0.011,-0.0853,0.9963,0,0.1169,10.681,0.3734,1]},
{"frame":21,"values":[0.9996,0.027,-0.0077,0,-0.0263,0.9965,0.0799,0,0.0098,-0.0796,0.9968,0,0.1169,10.681,0.3734,1]},
{"frame":22,"values":[0.9993,0.036,-0.0065,0,-0.0355,0.9966,0.0744,0,0.0092,-0.0741,0.9972,0,0.1169,10.681,0.3734,1]},
{"frame":23,"values":[0.9992,0.0408,-0.0054,0,-0.0403,0.9967,0.0707,0,0.0082,-0.0704,0.9975,0,0.1169,10.681,0.3734,1]},
{"frame":24,"values":[0.9997,0.0227,-0.0062,0,-0.0221,0.9963,0.0827,0,0.0081,-0.0825,0.9966,0,0.1169,10.681,0.3734,1]},
{"frame":25,"values":[0.9999,0.0093,-0.0072,0,-0.0086,0.9957,0.0919,0,0.0081,-0.0918,0.9957,0,0.1169,10.681,0.3734,1]}],"loopBehavior":1,"name":"anim","property":"_matrix"}},
{"name":"Spine1","index":2,"matrix":[0.9998,0.0069,-0.019,0,-0.0052,0.9963,0.0854,0,0.0196,-0.0853,0.9962,0,0,13.8404,0.0535,1],"rest":[1,0,0,0,0,1,0,0,0,0,1,0,0,13.8404,0.0535,1],"parentBoneIndex":1,"length":14.7173
,"animation":{"dataType":3,"framePerSecond":24,"keys":[
{"frame":1,"values":[0.9998,0.0069,-0.019,0,-0.0052,0.9963,0.0854,0,0.0196,-0.0853,0.9962,0,0,13.8404,0.0535,1]},
{"frame":2,"values":[0.9999,0.0067,-0.0146,0,-0.0054,0.9964,0.085,0,0.0151,-0.0849,0.9963,0,0,13.8404,0.0535,1]},
{"frame":3,"values":[0.9999,0.0058,-0.0121,0,-0.0048,0.9964,0.0848,0,0.0126,-0.0847,0.9963,0,0,13.8404,0.0535,1]},
{"frame":4,"values":[0.9999,0.0048,-0.01,0,-0.004,0.9964,0.0845,0,0.0104,-0.0844,0.9964,0,0,13.8404,0.0535,1]},
{"frame":5,"values":[1,0.004,-0.0083,0,-0.0033,0.9964,0.0842,0,0.0086,-0.0842,0.9964,0,0,13.8404,0.0535,1]},
{"frame":6,"values":[1,0.0033,-0.0069,0,-0.0027,0.9965,0.084,0,0.0072,-0.0839,0.9964,0,0,13.8404,0.0535,1]},
{"frame":7,"values":[1,0.0027,-0.0057,0,-0.0022,0.9965,0.0836,0,0.0059,-0.0836,0.9965,0,0,13.8404,0.0535,1]},
{"frame":8,"values":[1,0.0021,-0.0046,0,-0.0017,0.9965,0.0835,0,0.0048,-0.0835,0.9965,0,0,13.8404,0.0535,1]},
{"frame":9,"values":[1,0.0015,-0.0035,0,-0.0012,0.9965,0.0832,0,0.0036,-0.0832,0.9965,0,0,13.8404,0.0535,1]},
{"frame":10,"values":[1,0.0011,-0.0025,0,-0.0008,0.9965,0.083,0,0.0026,-0.083,0.9965,0,0,13.8404,0.0535,1]},
{"frame":11,"values":[1,0.0006,-0.0016,0,-0.0005,0.9966,0.0829,0,0.0017,-0.0829,0.9966,0,0,13.8404,0.0535,1]},
{"frame":12,"values":[1,0.0003,0.0002,0,-0.0003,0.9966,0.0827,0,-0.0001,-0.0827,0.9966,0,0,13.8404,0.0535,1]},
{"frame":13,"values":[1,0.0001,0.001,0,-0.0002,0.9966,0.0826,0,-0.001,-0.0826,0.9966,0,0,13.8404,0.0535,1]},
{"frame":14,"values":[1,0.0001,0.0014,0,-0.0002,0.9966,0.0826,0,-0.0013,-0.0826,0.9966,0,0,13.8404,0.0535,1]},
{"frame":15,"values":[1,0.0001,0.0011,0,-0.0002,0.9966,0.0827,0,-0.001,-0.0827,0.9966,0,0,13.8404,0.0535,1]},
{"frame":16,"values":[1,0.0002,-0.0004,0,-0.0001,0.9966,0.0827,0,0.0004,-0.0827,0.9966,0,0,13.8404,0.0535,1]},
{"frame":17,"values":[1,0.0004,-0.0016,0,-0.0002,0.9966,0.0828,0,0.0016,-0.0828,0.9966,0,0,13.8404,0.0535,1]},
{"frame":18,"values":[1,-0.0006,-0.003,0,0.0009,0.9965,0.0832,0,0.0029,-0.0832,0.9965,0,0,13.8404,0.0535,1]},
{"frame":19,"values":[1,-0.0035,-0.0041,0,0.0039,0.9964,0.0843,0,0.0038,-0.0843,0.9964,0,0,13.8404,0.0535,1]},
{"frame":20,"values":[1,-0.0065,-0.006,0,0.007,0.9962,0.0866,0,0.0054,-0.0866,0.9962,0,0,13.8404,0.0535,1]},
{"frame":21,"values":[0.9999,-0.0088,-0.0096,0,0.0096,0.9959,0.0901,0,0.0087,-0.0902,0.9959,0,0,13.8404,0.0535,1]},
{"frame":22,"values":[0.9999,-0.009,-0.0134,0,0.0102,0.9956,0.0934,0,0.0125,-0.0935,0.9955,0,0,13.8404,0.0535,1]},
{"frame":23,"values":[0.9998,-0.0085,-0.0158,0,0.01,0.9954,0.0954,0,0.0149,-0.0955,0.9953,0,0,13.8404,0.0535,1]},
{"frame":24,"values":[0.9998,0.0011,-0.0178,0,0.0005,0.996,0.0894,0,0.0179,-0.0894,0.9958,0,0,13.8404,0.0535,1]},
{"frame":25,"values":[0.9998,0.0069,-0.019,0,-0.0052,0.9963,0.0854,0,0.0196,-0.0853,0.9962,0,0,13.8404,0.0535,1]}],"loopBehavior":1,"name":"anim","property":"_matrix"}},
{"name":"Spine2","index":3,"matrix":[0.9998,0.0032,-0.0178,0,-0.0006,0.9892,0.1469,0,0.0181,-0.1468,0.989,0,0,14.7127,-0.3662,1],"rest":[1,0,0,0,0,1,0,0,0,0,1,0,0,14.7127,-0.3662,1],"parentBoneIndex":2,"length":31.8652
,"animation":{"dataType":3,"framePerSecond":24,"keys":[
{"frame":1,"values":[0.9998,0.0032,-0.0178,0,-0.0006,0.9892,0.1469,0,0.0181,-0.1468,0.989,0,0,14.7127,-0.3662,1]},
{"frame":2,"values":[0.9993,0.0051,-0.0378,0,0.0005,0.989,0.1477,0,0.0381,-0.1476,0.9883,0,0,14.7127,-0.3662,1]},
{"frame":3,"values":[0.9958,0.0087,-0.0916,0,0.0052,0.9886,0.1502,0,0.0919,-0.15,0.9844,0,0,14.7127,-0.3662,1]},
{"frame":4,"values":[0.9874,0.0131,-0.1577,0,0.0113,0.9881,0.1532,0,0.1578,-0.153,0.9755,0,0,14.7127,-0.3662,1]},
{"frame":5,"values":[0.9766,0.0167,-0.2146,0,0.0172,0.9877,0.1553,0,0.2145,-0.1554,0.9643,0,0,14.7127,-0.3662,1]},
{"frame":6,"values":[0.9661,0.0185,-0.2575,0,0.0227,0.9875,0.1559,0,0.2571,-0.1565,0.9536,0,0,14.7127,-0.3662,1]},
{"frame":7,"values":[0.9546,0.0193,-0.2972,0,0.0285,0.9874,0.1556,0,0.2965,-0.1571,0.942,0,0,14.7127,-0.3662,1]},
{"frame":8,"values":[0.9427,0.0196,-0.3331,0,0.0343,0.9873,0.1551,0,0.3319,-0.1576,0.9301,0,0,14.7127,-0.3662,1]},
{"frame":9,"values":[0.9312,0.0198,-0.3639,0,0.0394,0.9872,0.1545,0,0.3623,-0.1582,0.9185,0,0,14.7127,-0.3662,1]},
{"frame":10,"values":[0.9201,0.0202,-0.3912,0,0.0439,0.9871,0.1542,0,0.3893,-0.159,0.9073,0,0,14.7127,-0.3662,1]},
{"frame":11,"values":[0.9093,0.0203,-0.4157,0,0.0482,0.9869,0.1537,0,0.4134,-0.1598,0.8964,0,0,14.7127,-0.3662,1]},
{"frame":12,"values":[0.9011,0.0203,-0.4332,0,0.0513,0.9869,0.1531,0,0.4306,-0.1602,0.8882,0,0,14.7127,-0.3662,1]},
{"frame":13,"values":[0.8972,0.0203,-0.4412,0,0.0528,0.9868,0.1529,0,0.4385,-0.1605,0.8843,0,0,14.7127,-0.3662,1]},
{"frame":14,"values":[0.8975,0.0202,-0.4404,0,0.0528,0.9868,0.1528,0,0.4377,-0.1604,0.8847,0,0,14.7127,-0.3662,1]},
{"frame":15,"values":[0.9,0.0189,-0.4355,0,0.0528,0.987,0.1519,0,0.4327,-0.1597,0.8873,0,0,14.7127,-0.3662,1]},
{"frame":16,"values":[0.9046,0.0168,-0.426,0,0.0524,0.9873,0.1502,0,0.4231,-0.1582,0.8922,0,0,14.7127,-0.3662,1]},
{"frame":17,"values":[0.9117,0.015,-0.4105,0,0.0507,0.9876,0.1487,0,0.4077,-0.1564,0.8996,0,0,14.7127,-0.3662,1]},
{"frame":18,"values":[0.9219,0.0116,-0.3873,0,0.0494,0.9879,0.1472,0,0.3843,-0.1548,0.9101,0,0,14.7127,-0.3662,1]},
{"frame":19,"values":[0.935,0.0061,-0.3546,0,0.049,0.988,0.1462,0,0.3513,-0.1541,0.9235,0,0,14.7127,-0.3662,1]},
{"frame":20,"values":[0.9542,0,-0.299,0,0.0459,0.9881,0.1465,0,0.2955,-0.1535,0.9429,0,0,14.7127,-0.3662,1]},
{"frame":21,"values":[0.9792,-0.0076,-0.2027,0,0.0382,0.9884,0.1471,0,0.1992,-0.1518,0.9681,0,0,14.7127,-0.3662,1]},
{"frame":22,"values":[0.9946,-0.0128,-0.1027,0,0.0281,0.9884,0.149,0,0.0997,-0.1511,0.9835,0,0,14.7127,-0.3662,1]},
{"frame":23,"values":[0.9991,-0.0143,-0.0403,0,0.0203,0.9881,0.1524,0,0.0376,-0.1531,0.9875,0,0,14.7127,-0.3662,1]},
{"frame":24,"values":[0.9998,-0.0037,-0.022,0,0.0069,0.9888,0.1491,0,0.0212,-0.1493,0.9886,0,0,14.7127,-0.3662,1]},
{"frame":25,"values":[0.9998,0.0032,-0.0178,0,-0.0006,0.9892,0.1469,0,0.0181,-0.1468,0.989,0,0,14.7127,-0.3662,1]}],"loopBehavior":1,"name":"anim","property":"_matrix"}},
{"name":"Neck","index":4,"matrix":[0.9953,0.0011,-0.0972,0,0.0032,0.999,0.044,0,0.0971,-0.0441,0.9943,0,0,35.4155,-3.3142,1],"rest":[1,0,0,0,0,1,0,0,0,0,1,0,0,35.4155,-3.3142,1],"parentBoneIndex":3,"length":16.9431
,"animation":{"dataType":3,"framePerSecond":24,"keys":[
{"frame":1,"values":[0.9953,0.0011,-0.0972,0,0.0032,0.999,0.044,0,0.0971,-0.0441,0.9943,0,0,35.4155,-3.3142,1]},
{"frame":2,"values":[0.9947,0.002,-0.1029,0,0.0028,0.9989,0.0459,0,0.1028,-0.0459,0.9936,0,0,35.4155,-3.3142,1]},
{"frame":3,"values":[0.9934,0.0047,-0.1148,0,0.001,0.9987,0.05,0,0.1149,-0.0498,0.9921,0,0,35.4155,-3.3142,1]},
{"frame":4,"values":[0.9919,0.0079,-0.1269,0,-0.001,0.9985,0.0544,0,0.1272,-0.0538,0.9904,0,0,35.4155,-3.3142,1]},
{"frame":5,"values":[0.9911,0.0099,-0.1329,0,-0.0024,0.9984,0.0569,0,0.1333,-0.0561,0.9895,0,0,35.4155,-3.3142,1]},
{"frame":6,"values":[0.9911,0.0105,-0.1329,0,-0.0029,0.9983,0.0574,0,0.1333,-0.0565,0.9895,0,0,35.4155,-3.3142,1]},
{"frame":7,"values":[0.9911,0.0108,-0.1324,0,-0.0032,0.9983,0.0575,0,0.1328,-0.0566,0.9895,0,0,35.4155,-3.3142,1]},
{"frame":8,"values":[0.9912,0.011,-0.1318,0,-0.0035,0.9983,0.0575,0,0.1322,-0.0565,0.9896,0,0,35.4155,-3.3142,1]},
{"frame":9,"values":[0.9913,0.0111,-0.1309,0,-0.0037,0.9983,0.0573,0,0.1314,-0.0563,0.9897,0,0,35.4155,-3.3142,1]},
{"frame":10,"values":[0.9915,0.0113,-0.1299,0,-0.0039,0.9984,0.0572,0,0.1304,-0.0562,0.9899,0,0,35.4155,-3.3142,1]},
{"frame":11,"values":[0.9916,0.0114,-0.1288,0,-0.0041,0.9984,0.057,0,0.1292,-0.056,0.99,0,0,35.4155,-3.3142,1]},
{"frame":12,"values":[0.9918,0.0115,-0.1274,0,-0.0043,0.9984,0.0567,0,0.1278,-0.0557,0.9902,0,0,35.4155,-3.3142,1]},
{"frame":13,"values":[0.992,0.0115,-0.1254,0,-0.0044,0.9984,0.0565,0,0.1259,-0.0555,0.9905,0,0,35.4155,-3.3142,1]},
{"frame":14,"values":[0.9923,0.0112,-0.123,0,-0.0043,0.9984,0.056,0,0.1235,-0.0551,0.9908,0,0,35.4155,-3.3142,1]},
{"frame":15,"values":[0.9927,0.0105,-0.1203,0,-0.0039,0.9985,0.0552,0,0.1207,-0.0543,0.9912,0,0,35.4155,-3.3142,1]},
{"frame":16,"values":[0.993,0.0095,-0.1174,0,-0.0032,0.9985,0.054,0,0.1178,-0.0533,0.9916,0,0,35.4155,-3.3142,1]},
{"frame":17,"values":[0.9934,0.008,-0.1145,0,-0.0019,0.9986,0.0529,0,0.1148,-0.0524,0.992,0,0,35.4155,-3.3142,1]},
{"frame":18,"values":[0.9937,0.0059,-0.1118,0,0,0.9986,0.0522,0,0.112,-0.0519,0.9924,0,0,35.4155,-3.3142,1]},
{"frame":19,"values":[0.994,0.0046,-0.109,0,0.001,0.9987,0.051,0,0.1091,-0.0508,0.9927,0,0,35.4155,-3.3142,1]},
{"frame":20,"values":[0.9943,0.0035,-0.1064,0,0.0018,0.9988,0.0496,0,0.1064,-0.0495,0.9931,0,0,35.4155,-3.3142,1]},
{"frame":21,"values":[0.9946,0.0025,-0.1037,0,0.0024,0.9989,0.0474,0,0.1037,-0.0474,0.9935,0,0,35.4155,-3.3142,1]},
{"frame":22,"values":[0.9948,0.0011,-0.1015,0,0.0036,0.999,0.0455,0,0.1015,-0.0457,0.9938,0,0,35.4155,-3.3142,1]},
{"frame":23,"values":[0.995,0.0001,-0.0997,0,0.0043,0.999,0.044,0,0.0996,-0.0442,0.994,0,0,35.4155,-3.3142,1]},
{"frame":24,"values":[0.9952,-0.0003,-0.0982,0,0.0047,0.999,0.0447,0,0.0981,-0.045,0.9942,0,0,35.4155,-3.3142,1]},
{"frame":25,"values":[0.9953,0.0011,-0.0972,0,0.0032,0.999,0.044,0,0.0971,-0.0441,0.9943,0,0,35.4155,-3.3142,1]}],"loopBehavior":1,"name":"anim","property":"_matrix"}},
{"name":"Head","index":5,"matrix":[0.7901,-0.1028,-0.6042,0,0.1018,0.9942,-0.0361,0,0.6044,-0.033,0.796,0,0,16.8992,1.2183,1],"rest":[1,0,0,0,0,1,0,0,0,0,1,0,0,16.8992,1.2183,1],"parentBoneIndex":4,"length":22.3142
,"animation":{"dataType":3,"framePerSecond":24,"keys":[
{"frame":1,"values":[0.7901,-0.1028,-0.6042,0,0.1018,0.9942,-0.0361,0,0.6044,-0.033,0.796,0,0,16.8992,1.2183,1]},
{"frame":2,"values":[0.7407,-0.0918,-0.6655,0,0.0955,0.9949,-0.031,0,0.665,-0.0406,0.7457,0,0,16.8992,1.2183,1]},
{"frame":3,"values":[0.6261,-0.0668,-0.7768,0,0.0828,0.9964,-0.0189,0,0.7753,-0.0525,0.6294,0,0,16.8992,1.2183,1]},
{"frame":4,"values":[0.5123,-0.041,-0.8578,0,0.0703,0.9975,-0.0057,0,0.8559,-0.0574,0.5139,0,0,16.8992,1.2183,1]},
{"frame":5,"values":[0.4646,-0.0296,-0.885,0,0.0623,0.9981,-0.0007,0,0.8833,-0.0549,0.4655,0,0,16.8992,1.2183,1]},
{"frame":6,"values":[0.452,-0.0315,-0.8915,0,0.0604,0.9982,-0.0046,0,0.89,-0.0518,0.453,0,0,16.8992,1.2183,1]},
{"frame":7,"values":[0.4456,-0.0349,-0.8945,0,0.0594,0.9982,-0.0093,0,0.8933,-0.049,0.4469,0,0,16.8992,1.2183,1]},
{"frame":8,"values":[0.4443,-0.039,-0.895,0,0.0589,0.9982,-0.0143,0,0.894,-0.0463,0.4458,0,0,16.8992,1.2183,1]},
{"frame":9,"values":[0.4474,-0.0431,-0.8933,0,0.0584,0.9981,-0.0189,0,0.8924,-0.0437,0.449,0,0,16.8992,1.2183,1]},
{"frame":10,"values":[0.454,-0.0468,-0.8898,0,0.0578,0.9981,-0.023,0,0.8891,-0.041,0.4558,0,0,16.8992,1.2183,1]},
{"frame":11,"values":[0.4638,-0.0502,-0.8845,0,0.0573,0.998,-0.0266,0,0.8841,-0.0383,0.4658,0,0,16.8992,1.2183,1]},
{"frame":12,"values":[0.4768,-0.0545,-0.8773,0,0.057,0.9979,-0.031,0,0.8772,-0.0353,0.4789,0,0,16.8992,1.2183,1]},
{"frame":13,"values":[0.4932,-0.0594,-0.8679,0,0.0571,0.9977,-0.0358,0,0.868,-0.0319,0.4955,0,0,16.8992,1.2183,1]},
{"frame":14,"values":[0.5133,-0.0653,-0.8557,0,0.0582,0.9975,-0.0412,0,0.8562,-0.0286,0.5158,0,0,16.8992,1.2183,1]},
{"frame":15,"values":[0.5492,-0.0752,-0.8323,0,0.061,0.9969,-0.0497,0,0.8334,-0.0235,0.5521,0,0,16.8992,1.2183,1]},
{"frame":16,"values":[0.5903,-0.0843,-0.8028,0,0.0651,0.9963,-0.0567,0,0.8046,-0.0188,0.5936,0,0,16.8992,1.2183,1]},
{"frame":17,"values":[0.6263,-0.0921,-0.7742,0,0.0703,0.9956,-0.0616,0,0.7764,-0.0158,0.63,0,0,16.8992,1.2183,1]},
{"frame":18,"values":[0.6653,-0.0961,-0.7404,0,0.0752,0.9953,-0.0616,0,0.7428,-0.0147,0.6693,0,0,16.8992,1.2183,1]},
{"frame":19,"values":[0.7014,-0.0959,-0.7063,0,0.0794,0.9953,-0.0563,0,0.7083,-0.0165,0.7057,0,0,16.8992,1.2183,1]},
{"frame":20,"values":[0.7347,-0.0913,-0.6722,0,0.0826,0.9956,-0.045,0,0.6734,-0.0225,0.739,0,0,16.8992,1.2183,1]},
{"frame":21,"values":[0.7606,-0.0886,-0.6431,0,0.0866,0.9956,-0.0348,0,0.6434,-0.0293,0.765,0,0,16.8992,1.2183,1]},
{"frame":22,"values":[0.7775,-0.0894,-0.6225,0,0.0912,0.9954,-0.0291,0,0.6222,-0.0341,0.7821,0,0,16.8992,1.2183,1]},
{"frame":23,"values":[0.7852,-0.0938,-0.6121,0,0.0956,0.995,-0.0299,0,0.6119,-0.0351,0.7902,0,0,16.8992,1.2183,1]},
{"frame":24,"values":[0.789,-0.0995,-0.6062,0,0.0996,0.9945,-0.0337,0,0.6062,-0.0338,0.7946,0,0,16.8992,1.2183,1]},
{"frame":25,"values":[0.7901,-0.1028,-0.6042,0,0.1018,0.9942,-0.0361,0,0.6044,-0.033,0.796,0,0,16.8992,1.2183,1]}],"loopBehavior":1,"name":"anim","property":"_matrix"}},
{"name":"HeadTop_End","index":6,"matrix":[1,0,0,0,0,1,0,0,0,0,1,0,0,22.2062,2.1925,1],"rest":[1,0,0,0,0,1,0,0,0,0,1,0,0,22.2062,2.1925,1],"parentBoneIndex":5,"length":22.3142
,"animation":{"dataType":3,"framePerSecond":24,"keys":[
{"frame":1,"values":[1,0,0,0,0,1,0,0,0,0,1,0,0,22.2062,2.1925,1]},
{"frame":25,"values":[1,0,0,0,0,1,0,0,0,0,1,0,0,22.2062,2.1925,1]}],"loopBehavior":1,"name":"anim","property":"_matrix"}},
{"name":"LeftShoulder","index":7,"matrix":[0.9086,-0.1048,0.4043,0,0.0356,0.9839,0.175,0,-0.4162,-0.1446,0.8977,0,12.8964,26.7163,-4.5484,1],"rest":[1,0,0,0,0,1,0,0,0,0,1,0,12.8964,26.7163,-4.5484,1],"parentBoneIndex":3,"length":19.7122
,"animation":{"dataType":3,"framePerSecond":24,"keys":[
{"frame":1,"values":[0.9086,-0.1048,0.4043,0,0.0356,0.9839,0.175,0,-0.4162,-0.1446,0.8977,0,12.8964,26.7163,-4.5484,1]},
{"frame":2,"values":[0.907,-0.1161,0.4049,0,0.047,0.9832,0.1765,0,-0.4186,-0.1411,0.8972,0,12.8964,26.7163,-4.5484,1]},
{"frame":23,"values":[0.907,-0.1159,0.4049,0,0.0469,0.9832,0.1765,0,-0.4185,-0.1411,0.8972,0,12.8964,26.7163,-4.5484,1]},
{"frame":24,"values":[0.9079,-0.1097,0.4046,0,0.0405,0.9836,0.1757,0,-0.4172,-0.1431,0.8975,0,12.8964,26.7163,-4.5484,1]},
{"frame":25,"values":[0.9086,-0.1048,0.4043,0,0.0356,0.9839,0.175,0,-0.4162,-0.1446,0.8977,0,12.8964,26.7163,-4.5484,1]}],"loopBehavior":1,"name":"anim","property":"_matrix"}},
{"name":"LeftArm","index":8,"matrix":[0.4856,-0.8136,0.3197,0,0.8624,0.3861,-0.3274,0,0.1429,0.4347,0.8892,0,19.027,-4.857,-1.7184,1],"rest":[1,0,0,0,0,1,0,0,0,0,1,0,19.027,-4.857,-1.7184,1],"parentBoneIndex":7,"length":24.1799
,"animation":{"dataType":3,"framePerSecond":24,"keys":[
{"frame":1,"values":[0.4856,-0.8136,0.3197,0,0.8624,0.3861,-0.3274,0,0.1429,0.4347,0.8892,0,19.027,-4.857,-1.7184,1]},
{"frame":2,"values":[0.4979,-0.8047,0.3232,0,0.8525,0.3857,-0.3528,0,0.1593,0.4512,0.8781,0,19.027,-4.857,-1.7184,1]},
{"frame":3,"values":[0.5026,-0.7988,0.3308,0,0.8489,0.3835,-0.3637,0,0.1636,0.4636,0.8708,0,19.027,-4.857,-1.7184,1]},
{"frame":4,"values":[0.5055,-0.7937,0.3385,0,0.847,0.3815,-0.3703,0,0.1647,0.4739,0.865,0,19.027,-4.857,-1.7184,1]},
{"frame":5,"values":[0.5078,-0.7882,0.3476,0,0.8461,0.3805,-0.3733,0,0.162,0.4837,0.8601,0,19.027,-4.857,-1.7184,1]},
{"frame":6,"values":[0.5085,-0.7837,0.3567,0,0.846,0.3775,-0.3764,0,0.1603,0.4932,0.855,0,19.027,-4.857,-1.7184,1]},
{"frame":7,"values":[0.5083,-0.7821,0.3605,0,0.8451,0.3725,-0.3834,0,0.1656,0.4996,0.8503,0,19.027,-4.857,-1.7184,1]},
{"frame":8,"values":[0.5088,-0.7814,0.3613,0,0.8433,0.3681,-0.3916,0,0.173,0.5039,0.8462,0,19.027,-4.857,-1.7184,1]},
{"frame":9,"values":[0.5105,-0.7798,0.3624,0,0.8409,0.3646,-0.4,0,0.1798,0.5089,0.8419,0,19.027,-4.857,-1.7184,1]},
{"frame":10,"values":[0.5126,-0.7785,0.3622,0,0.8381,0.362,-0.4081,0,0.1866,0.5128,0.838,0,19.027,-4.857,-1.7184,1]},
{"frame":11,"values":[0.5153,-0.7804,0.3541,0,0.833,0.3591,-0.4208,0,0.2013,0.5118,0.8352,0,19.027,-4.857,-1.7184,1]},
{"frame":12,"values":[0.5193,-0.7811,0.3468,0,0.8253,0.3531,-0.4406,0,0.2217,0.515,0.828,0,19.027,-4.857,-1.7184,1]},
{"frame":13,"values":[0.5211,-0.7845,0.3363,0,0.8191,0.3488,-0.4554,0,0.24,0.5127,0.8243,0,19.027,-4.857,-1.7184,1]},
{"frame":14,"values":[0.519,-0.7887,0.3295,0,0.8179,0.3462,-0.4596,0,0.2484,0.508,0.8248,0,19.027,-4.857,-1.7184,1]},
{"frame":15,"values":[0.5073,-0.7986,0.3239,0,0.8252,0.3418,-0.4496,0,0.2483,0.4954,0.8324,0,19.027,-4.857,-1.7184,1]},
{"frame":16,"values":[0.4862,-0.8134,0.3194,0,0.8403,0.3348,-0.4264,0,0.2399,0.4757,0.8463,0,19.027,-4.857,-1.7184,1]},
{"frame":17,"values":[0.4669,-0.8203,0.3303,0,0.8583,0.3306,-0.3924,0,0.2127,0.4667,0.8584,0,19.027,-4.857,-1.7184,1]},
{"frame":18,"values":[0.4493,-0.8219,0.3502,0,0.876,0.3283,-0.3534,0,0.1754,0.4655,0.8675,0,19.027,-4.857,-1.7184,1]},
{"frame":19,"values":[0.438,-0.8195,0.3695,0,0.8875,0.3289,-0.3227,0,0.1429,0.4693,0.8714,0,19.027,-4.857,-1.7184,1]},
{"frame":20,"values":[0.4358,-0.8174,0.3767,0,0.8914,0.3342,-0.3061,0,0.1243,0.4692,0.8743,0,19.027,-4.857,-1.7184,1]},
{"frame":21,"values":[0.4421,-0.8165,0.3713,0,0.8899,0.3472,-0.296,0,0.1128,0.4613,0.8801,0,19.027,-4.857,-1.7184,1]},
{"frame":22,"values":[0.4547,-0.8162,0.3564,0,0.884,0.3649,-0.2922,0,0.1084,0.4479,0.8875,0,19.027,-4.857,-1.7184,1]},
{"frame":23,"values":[0.4706,-0.8148,0.3387,0,0.8747,0.3803,-0.3004,0,0.116,0.4376,0.8917,0,19.027,-4.857,-1.7184,1]},
{"frame":24,"values":[0.4801,-0.8145,0.3257,0,0.8672,0.3845,-0.3165,0,0.1326,0.4344,0.8909,0,19.027,-4.857,-1.7184,1]},
{"frame":25,"values":[0.4856,-0.8136,0.3197,0,0.8624,0.3861,-0.3274,0,0.1429,0.4347,0.8892,0,19.027,-4.857,-1.7184,1]}],"loopBehavior":1,"name":"anim","property":"_matrix"}},
{"name":"LeftForeArm","index":9,"matrix":[0.0659,0.0068,0.9978,0,0.9717,-0.2278,-0.0627,0,0.2269,0.9737,-0.0216,0,24.1799,0,0,1],"rest":[1,0,0,0,0,1,0,0,0,0,1,0,24.1799,0,0,1],"parentBoneIndex":8,"length":27.1564
,"animation":{"dataType":3,"framePerSecond":24,"keys":[
{"frame":1,"values":[0.0659,0.0068,0.9978,0,0.9717,-0.2278,-0.0627,0,0.2269,0.9737,-0.0216,0,24.1799,0,0,1]},
{"frame":2,"values":[0.0817,0.0069,0.9966,0,0.9718,-0.2226,-0.0781,0,0.2213,0.9749,-0.0249,0,24.1799,0,0,1]},
{"frame":3,"values":[0.0969,0.0069,0.9953,0,0.9705,-0.2226,-0.0929,0,0.2209,0.9749,-0.0282,0,24.1799,0,0,1]},
{"frame":4,"values":[0.1069,0.0069,0.9943,0,0.9695,-0.2226,-0.1027,0,0.2206,0.9749,-0.0304,0,24.1799,0,0,1]},
{"frame":5,"values":[0.1138,0.0069,0.9935,0,0.9688,-0.2226,-0.1094,0,0.2204,0.9749,-0.032,0,24.1799,0,0,1]},
{"frame":6,"values":[0.1169,0.0069,0.9931,0,0.9684,-0.2226,-0.1124,0,0.2203,0.9749,-0.0327,0,24.1799,0,0,1]},
{"frame":7,"values":[0.1133,0.0069,0.9935,0,0.9688,-0.2226,-0.1089,0,0.2204,0.9749,-0.0319,0,24.1799,0,0,1]},
{"frame":8,"values":[0.1058,0.0069,0.9944,0,0.9696,-0.2226,-0.1016,0,0.2206,0.9749,-0.0302,0,24.1799,0,0,1]},
{"frame":9,"values":[0.0983,0.0069,0.9951,0,0.9703,-0.2226,-0.0943,0,0.2208,0.9749,-0.0286,0,24.1799,0,0,1]},
{"frame":10,"values":[0.0888,0.0069,0.996,0,0.9712,-0.2226,-0.0851,0,0.2211,0.9749,-0.0264,0,24.1799,0,0,1]},
{"frame":11,"values":[0.0731,0.0069,0.9973,0,0.9724,-0.2226,-0.0698,0,0.2215,0.9749,-0.023,0,24.1799,0,0,1]},
{"frame":12,"values":[0.0657,0.0069,0.9978,0,0.9729,-0.2226,-0.0625,0,0.2216,0.9749,-0.0213,0,24.1799,0,0,1]},
{"frame":13,"values":[0.0555,0.0069,0.9984,0,0.9735,-0.2225,-0.0526,0,0.2218,0.9749,-0.0191,0,24.1799,0,0,1]},
{"frame":14,"values":[0.0467,0.0146,0.9988,0,0.9746,-0.2201,-0.0423,0,0.2192,0.9754,-0.0245,0,24.1799,0,0,1]},
{"frame":15,"values":[0.0337,0.0411,0.9986,0,0.977,-0.2118,-0.0243,0,0.2105,0.9765,-0.0473,0,24.1799,0,0,1]},
{"frame":16,"values":[0.0158,0.0782,0.9968,0,0.9797,-0.2005,0.0002,0,0.1998,0.9766,-0.0797,0,24.1799,0,0,1]},
{"frame":17,"values":[0.0158,0.1172,0.993,0,0.9819,-0.1891,0.0067,0,0.1886,0.9749,-0.1181,0,24.1799,0,0,1]},
{"frame":18,"values":[0.0344,0.1497,0.9881,0,0.9836,-0.1803,-0.0069,0,0.1772,0.9722,-0.1534,0,24.1799,0,0,1]},
{"frame":19,"values":[0.0619,0.1669,0.984,0,0.9839,-0.1757,-0.0321,0,0.1675,0.9702,-0.1751,0,24.1799,0,0,1]},
{"frame":20,"values":[0.0803,0.1597,0.9839,0,0.9828,-0.1776,-0.0514,0,0.1665,0.9711,-0.1712,0,24.1799,0,0,1]},
{"frame":21,"values":[0.0878,0.1284,0.9878,0,0.9805,-0.1861,-0.063,0,0.1758,0.9741,-0.1422,0,24.1799,0,0,1]},
{"frame":22,"values":[0.0857,0.0899,0.9923,0,0.9781,-0.1974,-0.0665,0,0.1899,0.9762,-0.1048,0,24.1799,0,0,1]},
{"frame":23,"values":[0.0762,0.0558,0.9955,0,0.9761,-0.2079,-0.063,0,0.2034,0.9766,-0.0703,0,24.1799,0,0,1]},
{"frame":24,"values":[0.0698,0.0242,0.9973,0,0.9733,-0.2208,-0.0628,0,0.2187,0.975,-0.0389,0,24.1799,0,0,1]},
{"frame":25,"values":[0.0659,0.0068,0.9978,0,0.9717,-0.2278,-0.0627,0,0.2269,0.9737,-0.0216,0,24.1799,0,0,1]}],"loopBehavior":1,"name":"anim","property":"_matrix"}},
{"name":"LeftHand","index":10,"matrix":[0.9852,-0.0357,0.1678,0,0.1088,0.8864,-0.45,0,-0.1327,0.4616,0.8771,0,27.1564,0.0001,0,1],"rest":[1,0,0,0,0,1,0,0,0,0,1,0,27.1564,0.0001,0,1],"parentBoneIndex":9,"length":13.2912
,"animation":{"dataType":3,"framePerSecond":24,"keys":[
{"frame":1,"values":[0.9852,-0.0357,0.1678,0,0.1088,0.8864,-0.45,0,-0.1327,0.4616,0.8771,0,27.1564,0.0001,0,1]},
{"frame":2,"values":[0.9883,-0.0353,0.1485,0,0.1004,0.8831,-0.4582,0,-0.115,0.4678,0.8763,0,27.1564,0.0001,0,1]},
{"frame":3,"values":[0.9892,-0.0398,0.1414,0,0.1016,0.8805,-0.463,0,-0.1061,0.4724,0.875,0,27.1564,0.0001,0,1]},
{"frame":4,"values":[0.9894,-0.042,0.1393,0,0.1028,0.8794,-0.4649,0,-0.103,0.4743,0.8743,0,27.1564,0.0001,0,1]},
{"frame":5,"values":[0.9891,-0.0417,0.1413,0,0.1035,0.8796,-0.4644,0,-0.1049,0.4739,0.8743,0,27.1564,0.0001,0,1]},
{"frame":6,"values":[0.989,-0.0393,0.1426,0,0.1015,0.8817,-0.4608,0,-0.1076,0.4702,0.876,0,27.1564,0.0001,0,1]},
{"frame":7,"values":[0.9896,-0.0358,0.1394,0,0.0963,0.8843,-0.4568,0,-0.1069,0.4655,0.8786,0,27.1564,0.0001,0,1]},
{"frame":8,"values":[0.9903,-0.0315,0.1354,0,0.0902,0.8865,-0.4539,0,-0.1057,0.4617,0.8807,0,27.1564,0.0001,0,1]},
{"frame":9,"values":[0.9909,-0.0261,0.1318,0,0.0835,0.8882,-0.4519,0,-0.1053,0.4588,0.8823,0,27.1564,0.0001,0,1]},
{"frame":10,"values":[0.9915,-0.0198,0.129,0,0.0764,0.8893,-0.4509,0,-0.1058,0.4569,0.8832,0,27.1564,0.0001,0,1]},
{"frame":11,"values":[0.9926,-0.0138,0.121,0,0.0675,0.8892,-0.4524,0,-0.1014,0.4572,0.8836,0,27.1564,0.0001,0,1]},
{"frame":12,"values":[0.9943,-0.0111,0.1059,0,0.0584,0.8882,-0.4558,0,-0.089,0.4594,0.8838,0,27.1564,0.0001,0,1]},
{"frame":13,"values":[0.9956,-0.0112,0.0933,0,0.053,0.8872,-0.4584,0,-0.0776,0.4613,0.8838,0,27.1564,0.0001,0,1]},
{"frame":14,"values":[0.9965,-0.0113,0.0825,0,0.0481,0.8871,-0.4591,0,-0.068,0.4615,0.8845,0,27.1564,0.0001,0,1]},
{"frame":15,"values":[0.9978,-0.011,0.0659,0,0.04,0.8888,-0.4565,0,-0.0535,0.4581,0.8873,0,27.1564,0.0001,0,1]},
{"frame":16,"values":[0.9987,-0.0094,0.05,0,0.0309,0.8927,-0.4497,0,-0.0404,0.4506,0.8918,0,27.1564,0.0001,0,1]},
{"frame":17,"values":[0.9991,-0.0074,0.042,0,0.0252,0.8968,-0.4417,0,-0.0343,0.4423,0.8962,0,27.1564,0.0001,0,1]},
{"frame":18,"values":[0.9992,-0.0095,0.0392,0,0.0256,0.9001,-0.4349,0,-0.0311,0.4356,0.8996,0,27.1564,0.0001,0,1]},
{"frame":19,"values":[0.9991,-0.0136,0.0412,0,0.0301,0.902,-0.4306,0,-0.0313,0.4314,0.9016,0,27.1564,0.0001,0,1]},
{"frame":20,"values":[0.9982,-0.0166,0.0569,0,0.0395,0.9022,-0.4295,0,-0.0442,0.431,0.9012,0,27.1564,0.0001,0,1]},
{"frame":21,"values":[0.9957,-0.02,0.0904,0,0.0572,0.9003,-0.4316,0,-0.0727,0.4349,0.8975,0,27.1564,0.0001,0,1]},
{"frame":22,"values":[0.9918,-0.0216,0.1262,0,0.0753,0.8957,-0.4383,0,-0.1036,0.4442,0.8899,0,27.1564,0.0001,0,1]},
{"frame":23,"values":[0.9884,-0.0237,0.1501,0,0.0891,0.8907,-0.4458,0,-0.1231,0.454,0.8824,0,27.1564,0.0001,0,1]},
{"frame":24,"values":[0.9862,-0.0315,0.1626,0,0.1023,0.8877,-0.4488,0,-0.1302,0.4593,0.8787,0,27.1564,0.0001,0,1]},
{"frame":25,"values":[0.9852,-0.0357,0.1678,0,0.1088,0.8864,-0.45,0,-0.1327,0.4616,0.8771,0,27.1564,0.0001,0,1]}],"loopBehavior":1,"name":"anim","property":"_matrix"}},
{"name":"LeftHandIndex1","index":11,"matrix":[0.9347,-0.3535,-0.0377,0,0.3548,0.9208,0.1619,0,-0.0225,-0.1647,0.9861,0,16.4412,0,0,1],"rest":[1,0,0,0,0,1,0,0,0,0,1,0,16.4412,0,0,1],"parentBoneIndex":10,"length":4.8219
,"animation":{"dataType":3,"framePerSecond":24,"keys":[
{"frame":1,"values":[0.9347,-0.3535,-0.0377,0,0.3548,0.9208,0.1619,0,-0.0225,-0.1647,0.9861,0,16.4412,0,0,1]},
{"frame":25,"values":[0.9347,-0.3535,-0.0377,0,0.3548,0.9208,0.1619,0,-0.0225,-0.1647,0.9861,0,16.4412,0,0,1]}],"loopBehavior":1,"name":"anim","property":"_matrix"}},
{"name":"LeftHandIndex2","index":12,"matrix":[0.8781,-0.4761,-0.0488,0,0.4761,0.8793,-0.0124,0,0.0488,-0.0124,0.9987,0,4.8219,0.0001,0,1],"rest":[1,0,0,0,0,1,0,0,0,0,1,0,4.8219,0.0001,0,1],"parentBoneIndex":11,"length":6.3865
,"animation":{"dataType":3,"framePerSecond":24,"keys":[
{"frame":1,"values":[0.8781,-0.4761,-0.0488,0,0.4761,0.8793,-0.0124,0,0.0488,-0.0124,0.9987,0,4.8219,0.0001,0,1]},
{"frame":25,"values":[0.8781,-0.4761,-0.0488,0,0.4761,0.8793,-0.0124,0,0.0488,-0.0124,0.9987,0,4.8219,0.0001,0,1]}],"loopBehavior":1,"name":"anim","property":"_matrix"}},
{"name":"LeftHandIndex3","index":13,"matrix":[0.8931,-0.4469,-0.0513,0,0.447,0.8945,-0.0107,0,0.0507,-0.0134,0.9986,0,6.3865,0,0,1],"rest":[0.9994,0.0344,-0.002,0,-0.0344,0.9994,0,0,0.002,0,1,0,6.3865,0,0,1],"parentBoneIndex":12,"length":5.189
,"animation":{"dataType":3,"framePerSecond":24,"keys":[
{"frame":1,"values":[0.8931,-0.4469,-0.0513,0,0.447,0.8945,-0.0107,0,0.0507,-0.0134,0.9986,0,6.3865,0,0,1]},
{"frame":25,"values":[0.8931,-0.4469,-0.0513,0,0.447,0.8945,-0.0107,0,0.0507,-0.0134,0.9986,0,6.3865,0,0,1]}],"loopBehavior":1,"name":"anim","property":"_matrix"}},
{"name":"LeftHandIndex4","index":14,"matrix":[1,0,0,0,0,1,0,0,0,0,1,0,5.1859,-0.1787,0.0103,1],"rest":[1,0,0,0,0,1,0,0,0,0,1,0,5.1859,-0.1787,0.0103,1],"parentBoneIndex":13,"length":5.189
,"animation":{"dataType":3,"framePerSecond":24,"keys":[
{"frame":1,"values":[1,0,0,0,0,1,0,0,0,0,1,0,5.1859,-0.1787,0.0103,1]},
{"frame":25,"values":[1,0,0,0,0,1,0,0,0,0,1,0,5.1859,-0.1787,0.0103,1]}],"loopBehavior":1,"name":"anim","property":"_matrix"}},
{"name":"LeftHandThumb1","index":15,"matrix":[0.9854,-0.0402,-0.1655,0,0.0416,0.9991,0.0052,0,0.1651,-0.012,0.9862,0,6.5349,-5.0326,5.9003,1],"rest":[1,0,0,0,0,1,0,0,0,0,1,0,6.5349,-5.0326,5.9003,1],"parentBoneIndex":10,"length":4.9292
,"animation":{"dataType":3,"framePerSecond":24,"keys":[
{"frame":1,"values":[0.9854,-0.0402,-0.1655,0,0.0416,0.9991,0.0052,0,0.1651,-0.012,0.9862,0,6.5349,-5.0326,5.9003,1]},
{"frame":25,"values":[0.9854,-0.0402,-0.1655,0,0.0416,0.9991,0.0052,0,0.1651,-0.012,0.9862,0,6.5349,-5.0326,5.9003,1]}],"loopBehavior":1,"name":"anim","property":"_matrix"}},
{"name":"LeftHandThumb2","index":16,"matrix":[0.9755,0.0462,-0.2153,0,-0.023,0.9938,0.1092,0,0.219,-0.1016,0.9704,0,3.8182,-2.2044,2.2044,1],"rest":[1,0,0,0,0,1,0,0,0,0,1,0,3.8182,-2.2044,2.2044,1],"parentBoneIndex":15,"length":4.1984
,"animation":{"dataType":3,"framePerSecond":24,"keys":[
{"frame":1,"values":[0.9755,0.0462,-0.2153,0,-0.023,0.9938,0.1092,0,0.219,-0.1016,0.9704,0,3.8182,-2.2044,2.2044,1]},
{"frame":25,"values":[0.9755,0.0462,-0.2153,0,-0.023,0.9938,0.1092,0,0.219,-0.1016,0.9704,0,3.8182,-2.2044,2.2044,1]}],"loopBehavior":1,"name":"anim","property":"_matrix"}},
{"name":"LeftHandThumb3","index":17,"matrix":[0.9525,0.1484,0.266,0,-0.0267,0.9106,-0.4123,0,-0.3034,0.3856,0.8713,0,3.2521,-1.8776,1.8776,1],"rest":[1,0,0,0,0,1,0,0,0,0,1,0,3.2521,-1.8776,1.8776,1],"parentBoneIndex":16,"length":6.78
,"animation":{"dataType":3,"framePerSecond":24,"keys":[
{"frame":1,"values":[0.9525,0.1484,0.266,0,-0.0267,0.9106,-0.4123,0,-0.3034,0.3856,0.8713,0,3.2521,-1.8776,1.8776,1]},
{"frame":25,"values":[0.9525,0.1484,0.266,0,-0.0267,0.9106,-0.4123,0,-0.3034,0.3856,0.8713,0,3.2521,-1.8776,1.8776,1]}],"loopBehavior":1,"name":"anim","property":"_matrix"}},
{"name":"LeftHandThumb4","index":18,"matrix":[1,0,0,0,0,1,0,0,0,0,1,0,5.2518,-3.0321,3.0321,1],"rest":[1,0,0,0,0,1,0,0,0,0,1,0,5.2518,-3.0321,3.0321,1],"parentBoneIndex":17,"length":6.78
,"animation":{"dataType":3,"framePerSecond":24,"keys":[
{"frame":1,"values":[1,0,0,0,0,1,0,0,0,0,1,0,5.2518,-3.0321,3.0321,1]},
{"frame":25,"values":[1,0,0,0,0,1,0,0,0,0,1,0,5.2518,-3.0321,3.0321,1]}],"loopBehavior":1,"name":"anim","property":"_matrix"}},
{"name":"RightShoulder","index":19,"matrix":[0.9374,0.0393,-0.3459,0,0.0224,0.9848,0.1725,0,0.3474,-0.1695,0.9223,0,-12.8963,26.7163,-4.5484,1],"rest":[1,0,0,0,0,1,0,0,0,0,1,0,-12.8963,26.7163,-4.5484,1],"parentBoneIndex":3,"length":19.7122
,"animation":{"dataType":3,"framePerSecond":24,"keys":[
{"frame":1,"values":[0.9374,0.0393,-0.3459,0,0.0224,0.9848,0.1725,0,0.3474,-0.1695,0.9223,0,-12.8963,26.7163,-4.5484,1]},
{"frame":2,"values":[0.9396,0.0258,-0.3414,0,0.035,0.9847,0.1707,0,0.3406,-0.1724,0.9243,0,-12.8963,26.7163,-4.5484,1]},
{"frame":3,"values":[0.9402,0.0258,-0.3396,0,0.0347,0.9847,0.1707,0,0.3388,-0.1723,0.9249,0,-12.8963,26.7163,-4.5484,1]},
{"frame":4,"values":[0.9407,0.0258,-0.3384,0,0.0344,0.9847,0.1707,0,0.3376,-0.1722,0.9254,0,-12.8963,26.7163,-4.5484,1]},
{"frame":5,"values":[0.9408,0.0258,-0.3379,0,0.0343,0.9847,0.1707,0,0.3371,-0.1721,0.9256,0,-12.8963,26.7163,-4.5484,1]},
{"frame":6,"values":[0.9412,0.0258,-0.3368,0,0.0341,0.9847,0.1707,0,0.3361,-0.1722,0.926,0,-12.8963,26.7163,-4.5484,1]},
{"frame":7,"values":[0.9412,0.0258,-0.3368,0,0.0341,0.9847,0.1707,0,0.336,-0.1721,0.926,0,-12.8963,26.7163,-4.5484,1]},
{"frame":8,"values":[0.9415,0.0258,-0.336,0,0.0339,0.9847,0.1707,0,0.3353,-0.1721,0.9263,0,-12.8963,26.7163,-4.5484,1]},
{"frame":10,"values":[0.9417,0.0258,-0.3355,0,0.0338,0.9847,0.1707,0,0.3348,-0.1721,0.9264,0,-12.8963,26.7163,-4.5484,1]},
{"frame":11,"values":[0.9418,0.0258,-0.3351,0,0.0337,0.9847,0.1707,0,0.3344,-0.1721,0.9266,0,-12.8963,26.7163,-4.5484,1]},
{"frame":12,"values":[0.9422,0.0259,-0.334,0,0.0335,0.9847,0.1708,0,0.3334,-0.1721,0.927,0,-12.8963,26.7163,-4.5484,1]},
{"frame":13,"values":[0.9422,0.0259,-0.3342,0,0.0335,0.9847,0.1707,0,0.3335,-0.1721,0.9269,0,-12.8963,26.7163,-4.5484,1]},
{"frame":14,"values":[0.9422,0.0258,-0.3342,0,0.0335,0.9847,0.1707,0,0.3335,-0.172,0.9269,0,-12.8963,26.7163,-4.5484,1]},
{"frame":15,"values":[0.9421,0.0259,-0.3342,0,0.0335,0.9847,0.1707,0,0.3335,-0.1721,0.9269,0,-12.8963,26.7163,-4.5484,1]},
{"frame":16,"values":[0.9418,0.0258,-0.3351,0,0.0337,0.9847,0.1707,0,0.3344,-0.1721,0.9266,0,-12.8963,26.7163,-4.5484,1]},
{"frame":17,"values":[0.9416,0.0258,-0.3357,0,0.0338,0.9847,0.1707,0,0.335,-0.172,0.9264,0,-12.8963,26.7163,-4.5484,1]},
{"frame":18,"values":[0.9416,0.0258,-0.3357,0,0.0338,0.9847,0.1707,0,0.335,-0.1721,0.9264,0,-12.8963,26.7163,-4.5484,1]},
{"frame":19,"values":[0.9415,0.0258,-0.3361,0,0.0339,0.9847,0.1707,0,0.3354,-0.1721,0.9262,0,-12.8963,26.7163,-4.5484,1]},
{"frame":20,"values":[0.9413,0.0258,-0.3365,0,0.034,0.9847,0.1707,0,0.3358,-0.1721,0.9261,0,-12.8963,26.7163,-4.5484,1]},
{"frame":21,"values":[0.9408,0.0258,-0.3379,0,0.0343,0.9847,0.1707,0,0.3372,-0.1722,0.9256,0,-12.8963,26.7163,-4.5484,1]},
{"frame":22,"values":[0.9401,0.0258,-0.34,0,0.0347,0.9847,0.1707,0,0.3392,-0.1723,0.9248,0,-12.8963,26.7163,-4.5484,1]},
{"frame":23,"values":[0.9393,0.0259,-0.3422,0,0.035,0.9847,0.1707,0,0.3414,-0.1723,0.924,0,-12.8963,26.7163,-4.5484,1]},
{"frame":24,"values":[0.9382,0.0335,-0.3444,0,0.0279,0.9847,0.1717,0,0.3449,-0.1707,0.923,0,-12.8963,26.7163,-4.5484,1]},
{"frame":25,"values":[0.9374,0.0393,-0.3459,0,0.0224,0.9848,0.1725,0,0.3474,-0.1695,0.9223,0,-12.8963,26.7163,-4.5484,1]}],"loopBehavior":1,"name":"anim","property":"_matrix"}},
{"name":"RightArm","index":20,"matrix":[0.5586,0.7628,-0.3258,0,-0.6179,0.6447,0.4501,0,0.5533,-0.0501,0.8314,0,-19.027,-4.857,-1.7184,1],"rest":[1,0,0,0,0,1,0,0,0,0,1,0,-19.027,-4.857,-1.7184,1],"parentBoneIndex":19,"length":24.1799
,"animation":{"dataType":3,"framePerSecond":24,"keys":[
{"frame":1,"values":[0.5586,0.7628,-0.3258,0,-0.6179,0.6447,0.4501,0,0.5533,-0.0501,0.8314,0,-19.027,-4.857,-1.7184,1]},
{"frame":2,"values":[0.5472,0.7519,-0.3677,0,-0.5955,0.6585,0.4603,0,0.5882,-0.0329,0.808,0,-19.027,-4.857,-1.7184,1]},
{"frame":3,"values":[0.5383,0.7483,-0.3877,0,-0.5943,0.6632,0.4549,0,0.5976,-0.0144,0.8017,0,-19.027,-4.857,-1.7184,1]},
{"frame":4,"values":[0.5331,0.7445,-0.4019,0,-0.5947,0.6676,0.4478,0,0.6017,0.0002,0.7987,0,-19.027,-4.857,-1.7184,1]},
{"frame":5,"values":[0.532,0.7398,-0.4119,0,-0.5959,0.6727,0.4387,0,0.6016,0.0121,0.7987,0,-19.027,-4.857,-1.7184,1]},
{"frame":6,"values":[0.5324,0.7346,-0.4206,0,-0.5959,0.6782,0.4301,0,0.6012,0.0217,0.7988,0,-19.027,-4.857,-1.7184,1]},
{"frame":7,"values":[0.5316,0.731,-0.4277,0,-0.5953,0.6818,0.4253,0,0.6025,0.0285,0.7976,0,-19.027,-4.857,-1.7184,1]},
{"frame":8,"values":[0.5296,0.7281,-0.4352,0,-0.594,0.6846,0.4226,0,0.6056,0.0347,0.795,0,-19.027,-4.857,-1.7184,1]},
{"frame":9,"values":[0.5276,0.725,-0.4427,0,-0.5933,0.6875,0.4188,0,0.608,0.0417,0.7929,0,-19.027,-4.857,-1.7184,1]},
