{"producer":{"name":"Blender","version":"2.90.0","exporter_version":"2.80.1","file":"riffle_runstraferight.babylon"},
"autoClear":true,"clearColor":[0.0509,0.0509,0.0509],"gravity":[0,-9.81,0],
"materials":[{"name":"Material","id":"Material","customType":"BABYLON.PBRMaterial","backFaceCulling":true,"checkReadyOnlyOnce":false,"maxSimultaneousLights":4,"environmentIntensity":1,"albedo":[0.8,0.8,0.8],"reflectivity":[0.5,0.5,0.5],"roughness":0.4,"alpha":1,"transparencyMode":0,"alphaCutOff":0.4,"metallic":0}],
"multiMaterials":[],
"skeletons":[{"name":"Armature","id":0,"dimensionsAtRest":[232.1761,222.9347,36.3014],"bones":[
{"name":"Hips","index":0,"matrix":[0.2995,0.0709,-0.9515,0,-0.0707,0.9961,0.052,0,-0.9515,-0.0517,-0.3033,0,-3.5376,70.4712,-1.8748,1],"rest":[1,0,0,0,0,1,0,0,0,0,-1,0,0,89.0054,0,1],"parentBoneIndex":-1,"length":14.2998
,"animation":{"dataType":3,"framePerSecond":24,"keys":[
{"frame":1,"values":[0.2995,0.0709,-0.9515,0,-0.0707,0.9961,0.052,0,-0.9515,-0.0517,-0.3033,0,-3.5376,70.4712,-1.8748,1]},
{"frame":2,"values":[0.3707,0.1606,-0.9148,0,-0.1438,0.983,0.1143,0,-0.9176,-0.0892,-0.3875,0,-5.2387,77.1815,0.7978,1]},
{"frame":3,"values":[0.4215,0.201,-0.8843,0,-0.2036,0.9712,0.1238,0,-0.8837,-0.1278,-0.4503,0,-4.2202,78.915,2.4307,1]},
{"frame":4,"values":[0.432,0.1531,-0.8888,0,-0.1769,0.9807,0.0829,0,-0.8843,-0.1214,-0.4508,0,-1.4941,78.314,2.6955,1]},
{"frame":5,"values":[0.455,0.1051,-0.8843,0,-0.1106,0.992,0.061,0,-0.8836,-0.07,-0.463,0,-0.9454,73.9272,2.6078,1]},
{"frame":6,"values":[0.5066,0.0982,-0.8566,0,-0.057,0.9951,0.0804,0,-0.8603,-0.0081,-0.5097,0,-0.7169,72.2277,2.2803,1]},
{"frame":7,"values":[0.49,0.0382,-0.8709,0,-0.0926,0.9957,-0.0084,0,-0.8668,-0.0848,-0.4914,0,-1.2958,74.4586,1.5148,1]},
{"frame":8,"values":[0.4195,0.0158,-0.9076,0,-0.1515,0.987,-0.0529,0,-0.895,-0.1597,-0.4165,0,-3.4063,77.4933,0.2529,1]},
{"frame":9,"values":[0.3072,0.0334,-0.9511,0,-0.1789,0.9836,-0.0232,0,-0.9347,-0.1773,-0.3081,0,-2.8156,78.9501,-1.1288,1]},
{"frame":10,"values":[0.2648,0.0126,-0.9642,0,-0.1437,0.9893,-0.0265,0,-0.9535,-0.1456,-0.2637,0,-0.4091,78.2181,-2.0804,1]},
{"frame":11,"values":[0.2624,0.012,-0.9649,0,-0.0941,0.9955,-0.0132,0,-0.9604,-0.0943,-0.2623,0,-0.4407,74.5265,-2.5697,1]},
{"frame":12,"values":[0.2664,0.0276,-0.9635,0,-0.0673,0.9977,0.01,0,-0.9615,-0.0622,-0.2677,0,-0.1076,70.9634,-2.6216,1]},
{"frame":13,"values":[0.2995,0.0707,-0.9515,0,-0.0706,0.9962,0.0518,0,-0.9515,-0.0517,-0.3033,0,-3.5421,70.4845,-1.8755,1]}],"loopBehavior":1,"name":"anim","property":"_matrix"}},
{"name":"Spine","index":1,"matrix":[0.9983,0.0203,-0.055,0,-0.0105,0.9849,0.1727,0,0.0577,-0.1719,0.9834,0,0.1169,10.681,0.3734,1],"rest":[1,0,0,0,0,1,0,0,0,0,1,0,0.1169,10.681,0.3734,1],"parentBoneIndex":0,"length":13.8405
,"animation":{"dataType":3,"framePerSecond":24,"keys":[
{"frame":1,"values":[0.9983,0.0203,-0.055,0,-0.0105,0.9849,0.1727,0,0.0577,-0.1719,0.9834,0,0.1169,10.681,0.3734,1]},
{"frame":2,"values":[0.9975,-0.0319,-0.0636,0,0.0427,0.9834,0.1763,0,0.0569,-0.1786,0.9823,0,0.1169,10.681,0.3734,1]},
{"frame":3,"values":[0.9968,-0.0459,-0.0647,0,0.0561,0.9846,0.1657,0,0.0561,-0.1688,0.9841,0,0.1169,10.681,0.3734,1]},
{"frame":4,"values":[0.9983,0.0108,-0.0569,0,-0.0031,0.9912,0.1325,0,0.0578,-0.1321,0.9896,0,0.1169,10.681,0.3734,1]},
{"frame":5,"values":[0.9986,0.0145,-0.0514,0,-0.0065,0.9881,0.1535,0,0.053,-0.1529,0.9868,0,0.1169,10.681,0.3734,1]},
{"frame":6,"values":[0.9994,-0.0235,-0.0258,0,0.0283,0.9788,0.2029,0,0.0205,-0.2035,0.9789,0,0.1169,10.681,0.3734,1]},
{"frame":7,"values":[0.9992,0.0377,0.0128,0,-0.0391,0.9904,0.1325,0,-0.0077,-0.1329,0.9911,0,0.1169,10.681,0.3734,1]},
{"frame":8,"values":[0.996,0.0854,0.0252,0,-0.0873,0.9924,0.0863,0,-0.0176,-0.0882,0.996,0,0.1169,10.681,0.3734,1]},
{"frame":9,"values":[0.9998,0.0188,0.0021,0,-0.019,0.9928,0.1183,0,0.0002,-0.1183,0.993,0,0.1169,10.681,0.3734,1]},
{"frame":10,"values":[0.9998,0.0143,-0.0139,0,-0.0121,0.9891,0.1464,0,0.0158,-0.1462,0.9891,0,0.1169,10.681,0.3734,1]},
{"frame":11,"values":[0.9997,0.0203,-0.0152,0,-0.0176,0.9868,0.1612,0,0.0182,-0.1609,0.9868,0,0.1169,10.681,0.3734,1]},
{"frame":12,"values":[0.9991,0.0269,-0.0337,0,-0.0209,0.9857,0.1674,0,0.0377,-0.1665,0.9853,0,0.1169,10.681,0.3734,1]},
{"frame":13,"values":[0.9983,0.0204,-0.055,0,-0.0106,0.9849,0.1729,0,0.0577,-0.172,0.9834,0,0.1169,10.681,0.3734,1]}],"loopBehavior":1,"name":"anim","property":"_matrix"}},
{"name":"Spine1","index":2,"matrix":[0.9963,-0.0318,-0.0795,0,0.0447,0.985,0.1666,0,0.073,-0.1695,0.9828,0,0,13.8404,0.0535,1],"rest":[1,0,0,0,0,1,0,0,0,0,1,0,0,13.8404,0.0535,1],"parentBoneIndex":1,"length":14.7173
,"animation":{"dataType":3,"framePerSecond":24,"keys":[
{"frame":1,"values":[0.9963,-0.0318,-0.0795,0,0.0447,0.985,0.1666,0,0.073,-0.1695,0.9828,0,0,13.8404,0.0535,1]},
{"frame":2,"values":[0.993,-0.0717,-0.0935,0,0.0857,0.9842,0.155,0,0.081,-0.1619,0.9835,0,0,13.8404,0.0535,1]},
{"frame":3,"values":[0.9896,-0.0972,-0.1063,0,0.1124,0.9826,0.1481,0,0.09,-0.1585,0.9833,0,0,13.8404,0.0535,1]},
{"frame":4,"values":[0.9882,-0.1115,-0.1051,0,0.1283,0.9771,0.1698,0,0.0838,-0.1812,0.9799,0,0,13.8404,0.0535,1]},
{"frame":5,"values":[0.9942,-0.066,-0.0852,0,0.0808,0.9795,0.1845,0,0.0712,-0.1903,0.9791,0,0,13.8404,0.0535,1]},
{"frame":6,"values":[0.9988,-0.0136,-0.0465,0,0.0224,0.9808,0.1939,0,0.0429,-0.1947,0.9799,0,0,13.8404,0.0535,1]},
{"frame":7,"values":[0.9992,-0.0387,-0.002,0,0.0385,0.9857,0.1638,0,-0.0043,-0.1637,0.9865,0,0,13.8404,0.0535,1]},
{"frame":8,"values":[0.9976,-0.0687,0.0104,0,0.0664,0.9872,0.1451,0,-0.0203,-0.144,0.9894,0,0,13.8404,0.0535,1]},
{"frame":9,"values":[0.9994,-0.0327,-0.0104,0,0.0338,0.992,0.1219,0,0.0064,-0.1222,0.9925,0,0,13.8404,0.0535,1]},
{"frame":10,"values":[0.9993,-0.0077,-0.0357,0,0.0128,0.9895,0.1437,0,0.0342,-0.1441,0.989,0,0,13.8404,0.0535,1]},
{"frame":11,"values":[0.9985,0.0113,-0.0527,0,-0.0024,0.9863,0.1652,0,0.0538,-0.1649,0.9848,0,0,13.8404,0.0535,1]},
{"frame":12,"values":[0.9978,0.0012,-0.0656,0,0.0099,0.9857,0.168,0,0.0649,-0.1683,0.9836,0,0,13.8404,0.0535,1]},
{"frame":13,"values":[0.9963,-0.0318,-0.0794,0,0.0447,0.985,0.1664,0,0.0729,-0.1694,0.9829,0,0,13.8404,0.0535,1]}],"loopBehavior":1,"name":"anim","property":"_matrix"}},
{"name":"Spine2","index":3,"matrix":[0.9965,-0.0214,-0.0812,0,0.0349,0.9851,0.1684,0,0.0764,-0.1707,0.9824,0,0,14.7127,-0.3662,1],"rest":[1,0,0,0,0,1,0,0,0,0,1,0,0,14.7127,-0.3662,1],"parentBoneIndex":2,"length":31.8652
,"animation":{"dataType":3,"framePerSecond":24,"keys":[
{"frame":1,"values":[0.9965,-0.0214,-0.0812,0,0.0349,0.9851,0.1684,0,0.0764,-0.1707,0.9824,0,0,14.7127,-0.3662,1]},
{"frame":2,"values":[0.9937,-0.0581,-0.0958,0,0.0727,0.9849,0.1573,0,0.0852,-0.1633,0.9829,0,0,14.7127,-0.3662,1]},
{"frame":3,"values":[0.9903,-0.09,-0.1061,0,0.1056,0.9828,0.1515,0,0.0906,-0.1612,0.9827,0,0,14.7127,-0.3662,1]},
{"frame":4,"values":[0.9895,-0.1035,-0.1009,0,0.1203,0.9768,0.1769,0,0.0802,-0.1872,0.979,0,0,14.7127,-0.3662,1]},
{"frame":5,"values":[0.995,-0.0598,-0.0803,0,0.0742,0.9791,0.1895,0,0.0673,-0.1945,0.9786,0,0,14.7127,-0.3662,1]},
{"frame":6,"values":[0.9988,-0.0094,-0.047,0,0.0184,0.9808,0.1944,0,0.0443,-0.195,0.9798,0,0,14.7127,-0.3662,1]},
{"frame":7,"values":[0.9994,-0.0346,0.0017,0,0.0338,0.9859,0.164,0,-0.0073,-0.1639,0.9865,0,0,14.7127,-0.3662,1]},
{"frame":8,"values":[0.9976,-0.0683,0.0145,0,0.0655,0.9873,0.1449,0,-0.0243,-0.1436,0.9893,0,0,14.7127,-0.3662,1]},
{"frame":9,"values":[0.9994,-0.0325,-0.0115,0,0.0336,0.9919,0.1224,0,0.0074,-0.1228,0.9924,0,0,14.7127,-0.3662,1]},
{"frame":10,"values":[0.9993,-0.0038,-0.0364,0,0.009,0.9896,0.1437,0,0.0354,-0.1439,0.989,0,0,14.7127,-0.3662,1]},
{"frame":11,"values":[0.9985,0.0165,-0.0518,0,-0.0077,0.9863,0.1649,0,0.0538,-0.1643,0.9849,0,0,14.7127,-0.3662,1]},
{"frame":12,"values":[0.9978,0.0073,-0.066,0,0.0039,0.9856,0.1688,0,0.0663,-0.1687,0.9834,0,0,14.7127,-0.3662,1]},
{"frame":13,"values":[0.9965,-0.0214,-0.0812,0,0.0349,0.9851,0.1683,0,0.0764,-0.1705,0.9824,0,0,14.7127,-0.3662,1]}],"loopBehavior":1,"name":"anim","property":"_matrix"}},
{"name":"Neck","index":4,"matrix":[0.9918,-0.0287,-0.1249,0,0.0189,0.9967,-0.0788,0,0.1268,0.0758,0.989,0,0,35.4155,-3.3142,1],"rest":[1,0,0,0,0,1,0,0,0,0,1,0,0,35.4155,-3.3142,1],"parentBoneIndex":3,"length":16.943
,"animation":{"dataType":3,"framePerSecond":24,"keys":[
{"frame":1,"values":[0.9918,-0.0287,-0.1249,0,0.0189,0.9967,-0.0788,0,0.1268,0.0758,0.989,0,0,35.4155,-3.3142,1]},
{"frame":2,"values":[0.9922,-0.049,-0.1146,0,0.04,0.996,-0.0795,0,0.118,0.0743,0.9902,0,0,35.4155,-3.3142,1]},
{"frame":3,"values":[0.9919,-0.0664,-0.1084,0,0.0588,0.9957,-0.0719,0,0.1127,0.065,0.9915,0,0,35.4155,-3.3142,1]},
{"frame":4,"values":[0.9919,-0.0616,-0.1107,0,0.0554,0.9968,-0.0583,0,0.1139,0.0517,0.9921,0,0,35.4155,-3.3142,1]},
{"frame":5,"values":[0.9929,-0.0427,-0.1112,0,0.0374,0.9981,-0.0492,0,0.113,0.0447,0.9926,0,0,35.4155,-3.3142,1]},
{"frame":6,"values":[0.9941,-0.0278,-0.1046,0,0.0223,0.9983,-0.0535,0,0.1059,0.0509,0.9931,0,0,35.4155,-3.3142,1]},
{"frame":7,"values":[0.993,-0.027,-0.1148,0,0.0211,0.9984,-0.0523,0,0.116,0.0495,0.992,0,0,35.4155,-3.3142,1]},
{"frame":8,"values":[0.9904,-0.0417,-0.1321,0,0.0363,0.9984,-0.0433,0,0.1337,0.0381,0.9903,0,0,35.4155,-3.3142,1]},
{"frame":9,"values":[0.9866,-0.0654,-0.1492,0,0.0612,0.9976,-0.0325,0,0.151,0.0229,0.9883,0,0,35.4155,-3.3142,1]},
{"frame":10,"values":[0.9853,-0.0726,-0.1544,0,0.0692,0.9972,-0.0272,0,0.156,0.0161,0.9876,0,0,35.4155,-3.3142,1]},
{"frame":11,"values":[0.9867,-0.0696,-0.147,0,0.0656,0.9974,-0.0313,0,0.1488,0.0212,0.9886,0,0,35.4155,-3.3142,1]},
{"frame":12,"values":[0.9895,-0.0486,-0.1358,0,0.0408,0.9974,-0.059,0,0.1384,0.0528,0.989,0,0,35.4155,-3.3142,1]},
{"frame":13,"values":[0.9918,-0.0287,-0.1249,0,0.0189,0.9967,-0.0788,0,0.1268,0.0757,0.989,0,0,35.4155,-3.3142,1]}],"loopBehavior":1,"name":"anim","property":"_matrix"}},
{"name":"Head","index":5,"matrix":[0.7894,-0.2201,-0.5731,0,0.1972,0.975,-0.1029,0,0.5814,-0.0318,0.813,0,0,16.8992,1.2183,1],"rest":[1,0,0,0,0,1,0,0,0,0,1,0,0,16.8992,1.2183,1],"parentBoneIndex":4,"length":22.3142
,"animation":{"dataType":3,"framePerSecond":24,"keys":[
{"frame":1,"values":[0.7894,-0.2201,-0.5731,0,0.1972,0.975,-0.1029,0,0.5814,-0.0318,0.813,0,0,16.8992,1.2183,1]},
{"frame":2,"values":[0.8405,-0.1675,-0.5152,0,0.1374,0.9858,-0.0963,0,0.524,0.0102,0.8516,0,0,16.8992,1.2183,1]},
{"frame":3,"values":[0.8623,-0.1178,-0.4925,0,0.0867,0.9926,-0.0856,0,0.4989,0.0311,0.8661,0,0,16.8992,1.2183,1]},
{"frame":4,"values":[0.8407,-0.1066,-0.5309,0,0.0634,0.9931,-0.0991,0,0.5378,0.0496,0.8416,0,0,16.8992,1.2183,1]},
{"frame":5,"values":[0.8251,-0.14,-0.5473,0,0.0975,0.9896,-0.106,0,0.5565,0.0341,0.8302,0,0,16.8992,1.2183,1]},
{"frame":6,"values":[0.8315,-0.1834,-0.5244,0,0.1344,0.9823,-0.1306,0,0.539,0.0381,0.8414,0,0,16.8992,1.2183,1]},
{"frame":7,"values":[0.7969,-0.1186,-0.5923,0,0.0821,0.9927,-0.0883,0,0.5985,0.0217,0.8009,0,0,16.8992,1.2183,1]},
{"frame":8,"values":[0.7554,-0.1062,-0.6466,0,0.062,0.9939,-0.0908,0,0.6523,0.0285,0.7574,0,0,16.8992,1.2183,1]},
{"frame":9,"values":[0.7087,-0.1357,-0.6923,0,0.115,0.9904,-0.0764,0,0.6961,-0.0255,0.7175,0,0,16.8992,1.2183,1]},
{"frame":10,"values":[0.7,-0.2063,-0.6837,0,0.1718,0.9779,-0.1192,0,0.6931,-0.0341,0.72,0,0,16.8992,1.2183,1]},
{"frame":11,"values":[0.7193,-0.2177,-0.6597,0,0.2015,0.9742,-0.1018,0,0.6648,-0.0597,0.7446,0,0,16.8992,1.2183,1]},
{"frame":12,"values":[0.752,-0.2147,-0.6232,0,0.2052,0.9747,-0.0882,0,0.6264,-0.0615,0.777,0,0,16.8992,1.2183,1]},
{"frame":13,"values":[0.7894,-0.2202,-0.5731,0,0.1972,0.9749,-0.1029,0,0.5814,-0.0318,0.813,0,0,16.8992,1.2183,1]}],"loopBehavior":1,"name":"anim","property":"_matrix"}},
{"name":"HeadTop_End","index":6,"matrix":[1,0,0,0,0,1,0,0,0,0,1,0,0,22.2062,2.1925,1],"rest":[1,0,0,0,0,1,0,0,0,0,1,0,0,22.2062,2.1925,1],"parentBoneIndex":5,"length":22.3142
,"animation":{"dataType":3,"framePerSecond":24,"keys":[
{"frame":1,"values":[1,0,0,0,0,1,0,0,0,0,1,0,0,22.2062,2.1925,1]},
{"frame":13,"values":[1,0,0,0,0,1,0,0,0,0,1,0,0,22.2062,2.1925,1]}],"loopBehavior":1,"name":"anim","property":"_matrix"}},
{"name":"LeftShoulder","index":7,"matrix":[0.9657,-0.0236,0.2584,0,-0.0002,0.9958,0.0919,0,-0.2595,-0.0888,0.9617,0,12.8964,26.7163,-4.5484,1],"rest":[1,0,0,0,0,1,0,0,0,0,1,0,12.8964,26.7163,-4.5484,1],"parentBoneIndex":3,"length":19.7122
,"animation":{"dataType":3,"framePerSecond":24,"keys":[
{"frame":1,"values":[0.9657,-0.0236,0.2584,0,-0.0002,0.9958,0.0919,0,-0.2595,-0.0888,0.9617,0,12.8964,26.7163,-4.5484,1]},
{"frame":2,"values":[0.9676,-0.043,0.249,0,0.0214,0.9958,0.0889,0,-0.2517,-0.0807,0.9644,0,12.8964,26.7163,-4.5484,1]},
{"frame":3,"values":[0.9694,-0.0306,0.2434,0,0.0074,0.9954,0.0959,0,-0.2452,-0.0911,0.9652,0,12.8964,26.7163,-4.5484,1]},
{"frame":4,"values":[0.9643,-0.0406,0.2618,0,0.0146,0.9948,0.1003,0,-0.2646,-0.0929,0.9599,0,12.8964,26.7163,-4.5484,1]},
{"frame":5,"values":[0.9498,-0.0581,0.3074,0,0.0281,0.9945,0.1013,0,-0.3116,-0.0876,0.9462,0,12.8964,26.7163,-4.5484,1]},
{"frame":6,"values":[0.9399,-0.0489,0.3379,0,0.0135,0.9942,0.1065,0,-0.3412,-0.0956,0.9351,0,12.8964,26.7163,-4.5484,1]},
{"frame":7,"values":[0.9378,-0.0276,0.346,0,-0.0091,0.9946,0.1038,0,-0.347,-0.1005,0.9325,0,12.8964,26.7163,-4.5484,1]},
{"frame":8,"values":[0.9425,-0.0457,0.3311,0,0.0088,0.9936,0.1122,0,-0.3341,-0.1028,0.9369,0,12.8964,26.7163,-4.5484,1]},
{"frame":9,"values":[0.9366,-0.141,0.3207,0,0.1029,0.9858,0.1329,0,-0.3349,-0.0914,0.9378,0,12.8964,26.7163,-4.5484,1]},
{"frame":10,"values":[0.9319,-0.1918,0.3079,0,0.1568,0.9784,0.1349,0,-0.3272,-0.0775,0.9418,0,12.8964,26.7163,-4.5484,1]},
{"frame":11,"values":[0.9432,-0.1609,0.2905,0,0.1333,0.9847,0.1125,0,-0.3042,-0.0674,0.9502,0,12.8964,26.7163,-4.5484,1]},
{"frame":12,"values":[0.9605,-0.0518,0.2734,0,0.0251,0.9947,0.1001,0,-0.2771,-0.0892,0.9567,0,12.8964,26.7163,-4.5484,1]},
{"frame":13,"values":[0.9657,-0.0236,0.2584,0,-0.0002,0.9958,0.0919,0,-0.2595,-0.0888,0.9617,0,12.8964,26.7163,-4.5484,1]}],"loopBehavior":1,"name":"anim","property":"_matrix"}},
{"name":"LeftArm","index":8,"matrix":[0.6772,-0.6721,0.2996,0,0.6396,0.3362,-0.6913,0,0.3638,0.6597,0.6575,0,19.027,-4.857,-1.7184,1],"rest":[1,0,0,0,0,1,0,0,0,0,1,0,19.027,-4.857,-1.7184,1],"parentBoneIndex":7,"length":24.1799
,"animation":{"dataType":3,"framePerSecond":24,"keys":[
{"frame":1,"values":[0.6772,-0.6721,0.2996,0,0.6396,0.3362,-0.6913,0,0.3638,0.6597,0.6575,0,19.027,-4.857,-1.7184,1]},
{"frame":2,"values":[0.7296,-0.5261,0.437,0,0.658,0.3658,-0.6582,0,0.1864,0.7677,0.6131,0,19.027,-4.857,-1.7184,1]},
{"frame":3,"values":[0.7303,-0.4268,0.5334,0,0.6818,0.4061,-0.6085,0,0.0431,0.808,0.5876,0,19.027,-4.857,-1.7184,1]},
{"frame":4,"values":[0.7418,-0.3984,0.5395,0,0.6697,0.397,-0.6276,0,0.0358,0.8268,0.5613,0,19.027,-4.857,-1.7184,1]},
{"frame":5,"values":[0.7552,-0.4475,0.479,0,0.6426,0.3611,-0.6757,0,0.1294,0.8181,0.5603,0,19.027,-4.857,-1.7184,1]},
{"frame":6,"values":[0.7402,-0.5007,0.4487,0,0.6455,0.3424,-0.6828,0,0.1882,0.7951,0.5766,0,19.027,-4.857,-1.7184,1]},
{"frame":7,"values":[0.7461,-0.5997,0.2893,0,0.556,0.322,-0.7663,0,0.3663,0.7326,0.5737,0,19.027,-4.857,-1.7184,1]},
{"frame":8,"values":[0.7232,-0.6715,0.1618,0,0.4635,0.298,-0.8345,0,0.5121,0.6785,0.5267,0,19.027,-4.857,-1.7184,1]},
{"frame":9,"values":[0.6799,-0.724,0.116,0,0.4444,0.281,-0.8506,0,0.5833,0.6299,0.5128,0,19.027,-4.857,-1.7184,1]},
{"frame":10,"values":[0.6682,-0.7288,0.1495,0,0.4959,0.2864,-0.8198,0,0.5546,0.6219,0.5528,0,19.027,-4.857,-1.7184,1]},
{"frame":11,"values":[0.636,-0.7532,0.1679,0,0.5684,0.3102,-0.762,0,0.5219,0.5801,0.6254,0,19.027,-4.857,-1.7184,1]},
{"frame":12,"values":[0.6148,-0.7647,0.1929,0,0.6281,0.3267,-0.7063,0,0.4771,0.5554,0.6812,0,19.027,-4.857,-1.7184,1]},
{"frame":13,"values":[0.6771,-0.6722,0.2994,0,0.6395,0.3363,-0.6913,0,0.364,0.6595,0.6576,0,19.027,-4.857,-1.7184,1]}],"loopBehavior":1,"name":"anim","property":"_matrix"}},
{"name":"LeftForeArm","index":9,"matrix":[-0.1744,-0.0597,0.9829,0,0.9126,-0.3847,0.1385,0,0.3698,0.9211,0.1216,0,24.1799,0,0,1],"rest":[1,0,0,0,0,1,0,0,0,0,1,0,24.1799,0,0,1],"parentBoneIndex":8,"length":27.1564
,"animation":{"dataType":3,"framePerSecond":24,"keys":[
{"frame":1,"values":[-0.1744,-0.0597,0.9829,0,0.9126,-0.3847,0.1385,0,0.3698,0.9211,0.1216,0,24.1799,0,0,1]},
{"frame":2,"values":[-0.0207,-0.0621,0.9979,0,0.9279,-0.3729,-0.004,0,0.3723,0.9258,0.0653,0,24.1799,0,0,1]},
{"frame":3,"values":[0.0899,-0.0624,0.994,0,0.92,-0.377,-0.1069,0,0.3814,0.9241,0.0235,0,24.1799,0,0,1]},
{"frame":4,"values":[0.1036,-0.0618,0.9927,0,0.9204,-0.3724,-0.1193,0,0.3771,0.926,0.0183,0,24.1799,0,0,1]},
{"frame":5,"values":[0.029,-0.0621,0.9976,0,0.9211,-0.3859,-0.0508,0,0.3881,0.9205,0.046,0,24.1799,0,0,1]},
{"frame":6,"values":[-0.0071,-0.0625,0.998,0,0.926,-0.3772,-0.017,0,0.3776,0.924,0.0605,0,24.1799,0,0,1]},
{"frame":7,"values":[-0.1679,-0.0596,0.984,0,0.9093,-0.3949,0.1313,0,0.3808,0.9168,0.1206,0,24.1799,0,0,1]},
{"frame":8,"values":[-0.3139,-0.0557,0.9478,0,0.8679,-0.4216,0.2626,0,0.385,0.9051,0.1807,0,24.1799,0,0,1]},
{"frame":9,"values":[-0.4474,-0.0518,0.8928,0,0.8282,-0.4007,0.3918,0,0.3375,0.9147,0.2222,0,24.1799,0,0,1]},
{"frame":10,"values":[-0.4597,-0.0516,0.8866,0,0.8276,-0.387,0.4066,0,0.3222,0.9206,0.2206,0,24.1799,0,0,1]},
{"frame":11,"values":[-0.4095,-0.0534,0.9108,0,0.8474,-0.3922,0.358,0,0.3381,0.9183,0.2059,0,24.1799,0,0,1]},
{"frame":12,"values":[-0.3258,-0.0561,0.9438,0,0.8765,-0.3921,0.2793,0,0.3544,0.9182,0.1769,0,24.1799,0,0,1]},
{"frame":13,"values":[-0.1745,-0.0597,0.9828,0,0.9126,-0.3847,0.1386,0,0.3698,0.9211,0.1216,0,24.1799,0,0,1]}],"loopBehavior":1,"name":"anim","property":"_matrix"}},
{"name":"LeftHand","index":10,"matrix":[0.9854,0.1566,0.0666,0,-0.0803,0.7729,-0.6295,0,-0.1501,0.6149,0.7742,0,27.1564,0.0001,0,1],"rest":[1,0,0,0,0,1,0,0,0,0,1,0,27.1564,0.0001,0,1],"parentBoneIndex":9,"length":13.2912
,"animation":{"dataType":3,"framePerSecond":24,"keys":[
{"frame":1,"values":[0.9854,0.1566,0.0666,0,-0.0803,0.7729,-0.6295,0,-0.1501,0.6149,0.7742,0,27.1564,0.0001,0,1]},
{"frame":2,"values":[0.9917,0.1262,-0.0244,0,-0.1135,0.7706,-0.6271,0,-0.0603,0.6247,0.7786,0,27.1564,0.0001,0,1]},
{"frame":3,"values":[0.996,0.0766,-0.046,0,-0.0885,0.7767,-0.6236,0,-0.012,0.6252,0.7804,0,27.1564,0.0001,0,1]},
{"frame":4,"values":[0.9951,0.0879,-0.0447,0,-0.0971,0.7955,-0.5981,0,-0.017,0.5995,0.8002,0,27.1564,0.0001,0,1]},
{"frame":5,"values":[0.9911,0.1309,-0.025,0,-0.121,0.8056,-0.58,0,-0.0557,0.5779,0.8142,0,27.1564,0.0001,0,1]},
{"frame":6,"values":[0.9912,0.123,0.0485,0,-0.0714,0.807,-0.5862,0,-0.1113,0.5776,0.8087,0,27.1564,0.0001,0,1]},
{"frame":7,"values":[0.9689,0.23,0.0912,0,-0.1377,0.8073,-0.5739,0,-0.2056,0.5435,0.8139,0,27.1564,0.0001,0,1]},
{"frame":8,"values":[0.9543,0.2853,0.0888,0,-0.1885,0.8053,-0.5622,0,-0.2319,0.5197,0.8223,0,27.1564,0.0001,0,1]},
{"frame":9,"values":[0.9416,0.3252,0.088,0,-0.2207,0.7928,-0.5681,0,-0.2545,0.5155,0.8182,0,27.1564,0.0001,0,1]},
{"frame":10,"values":[0.9512,0.2907,0.1039,0,-0.1851,0.8064,-0.5616,0,-0.247,0.5149,0.8209,0,27.1564,0.0001,0,1]},
{"frame":11,"values":[0.9647,0.2285,0.1313,0,-0.1159,0.8152,-0.5675,0,-0.2367,0.5322,0.8128,0,27.1564,0.0001,0,1]},
{"frame":12,"values":[0.9737,0.1735,0.1477,0,-0.0492,0.7931,-0.6071,0,-0.2225,0.5839,0.7808,0,27.1564,0.0001,0,1]},
{"frame":13,"values":[0.9854,0.1567,0.0667,0,-0.0803,0.7728,-0.6295,0,-0.1501,0.6149,0.7741,0,27.1564,0.0001,0,1]}],"loopBehavior":1,"name":"anim","property":"_matrix"}},
{"name":"LeftHandIndex1","index":11,"matrix":[0.9347,-0.3535,-0.0377,0,0.3548,0.9208,0.1619,0,-0.0225,-0.1647,0.9861,0,16.4412,0,0,1],"rest":[1,0,0,0,0,1,0,0,0,0,1,0,16.4412,0,0,1],"parentBoneIndex":10,"length":4.8219
,"animation":{"dataType":3,"framePerSecond":24,"keys":[
{"frame":1,"values":[0.9347,-0.3535,-0.0377,0,0.3548,0.9208,0.1619,0,-0.0225,-0.1647,0.9861,0,16.4412,0,0,1]},
{"frame":13,"values":[0.9347,-0.3535,-0.0377,0,0.3548,0.9208,0.1619,0,-0.0225,-0.1647,0.9861,0,16.4412,0,0,1]}],"loopBehavior":1,"name":"anim","property":"_matrix"}},
{"name":"LeftHandIndex2","index":12,"matrix":[0.8781,-0.4761,-0.0488,0,0.4761,0.8793,-0.0124,0,0.0488,-0.0124,0.9987,0,4.8219,0.0001,0,1],"rest":[1,0,0,0,0,1,0,0,0,0,1,0,4.8219,0.0001,0,1],"parentBoneIndex":11,"length":6.3865
,"animation":{"dataType":3,"framePerSecond":24,"keys":[
{"frame":1,"values":[0.8781,-0.4761,-0.0488,0,0.4761,0.8793,-0.0124,0,0.0488,-0.0124,0.9987,0,4.8219,0.0001,0,1]},
{"frame":13,"values":[0.8781,-0.4761,-0.0488,0,0.4761,0.8793,-0.0124,0,0.0488,-0.0124,0.9987,0,4.8219,0.0001,0,1]}],"loopBehavior":1,"name":"anim","property":"_matrix"}},
{"name":"LeftHandIndex3","index":13,"matrix":[0.8931,-0.4469,-0.0513,0,0.447,0.8945,-0.0107,0,0.0507,-0.0134,0.9986,0,6.3865,0,0,1],"rest":[0.9994,0.0344,-0.002,0,-0.0344,0.9994,0,0,0.002,0,1,0,6.3865,0,0,1],"parentBoneIndex":12,"length":5.189
,"animation":{"dataType":3,"framePerSecond":24,"keys":[
{"frame":1,"values":[0.8931,-0.4469,-0.0513,0,0.447,0.8945,-0.0107,0,0.0507,-0.0134,0.9986,0,6.3865,0,0,1]},
{"frame":13,"values":[0.8931,-0.4469,-0.0513,0,0.447,0.8945,-0.0107,0,0.0507,-0.0134,0.9986,0,6.3865,0,0,1]}],"loopBehavior":1,"name":"anim","property":"_matrix"}},
{"name":"LeftHandIndex4","index":14,"matrix":[1,0,0,0,0,1,0,0,0,0,1,0,5.1859,-0.1787,0.0103,1],"rest":[1,0,0,0,0,1,0,0,0,0,1,0,5.1859,-0.1787,0.0103,1],"parentBoneIndex":13,"length":5.189
,"animation":{"dataType":3,"framePerSecond":24,"keys":[
{"frame":1,"values":[1,0,0,0,0,1,0,0,0,0,1,0,5.1859,-0.1787,0.0103,1]},
{"frame":13,"values":[1,0,0,0,0,1,0,0,0,0,1,0,5.1859,-0.1787,0.0103,1]}],"loopBehavior":1,"name":"anim","property":"_matrix"}},
{"name":"LeftHandThumb1","index":15,"matrix":[0.9854,-0.0402,-0.1655,0,0.0416,0.9991,0.0052,0,0.1651,-0.012,0.9862,0,6.5349,-5.0326,5.9003,1],"rest":[1,0,0,0,0,1,0,0,0,0,1,0,6.5349,-5.0326,5.9003,1],"parentBoneIndex":10,"length":4.9292
,"animation":{"dataType":3,"framePerSecond":24,"keys":[
{"frame":1,"values":[0.9854,-0.0402,-0.1655,0,0.0416,0.9991,0.0052,0,0.1651,-0.012,0.9862,0,6.5349,-5.0326,5.9003,1]},
{"frame":13,"values":[0.9854,-0.0402,-0.1655,0,0.0416,0.9991,0.0052,0,0.1651,-0.012,0.9862,0,6.5349,-5.0326,5.9003,1]}],"loopBehavior":1,"name":"anim","property":"_matrix"}},
{"name":"LeftHandThumb2","index":16,"matrix":[0.9755,0.0462,-0.2153,0,-0.023,0.9938,0.1092,0,0.219,-0.1016,0.9704,0,3.8182,-2.2044,2.2044,1],"rest":[1,0,0,0,0,1,0,0,0,0,1,0,3.8182,-2.2044,2.2044,1],"parentBoneIndex":15,"length":4.1984
,"animation":{"dataType":3,"framePerSecond":24,"keys":[
{"frame":1,"values":[0.9755,0.0462,-0.2153,0,-0.023,0.9938,0.1092,0,0.219,-0.1016,0.9704,0,3.8182,-2.2044,2.2044,1]},
{"frame":13,"values":[0.9755,0.0462,-0.2153,0,-0.023,0.9938,0.1092,0,0.219,-0.1016,0.9704,0,3.8182,-2.2044,2.2044,1]}],"loopBehavior":1,"name":"anim","property":"_matrix"}},
{"name":"LeftHandThumb3","index":17,"matrix":[0.9525,0.1484,0.266,0,-0.0267,0.9106,-0.4123,0,-0.3034,0.3856,0.8713,0,3.2521,-1.8776,1.8776,1],"rest":[1,0,0,0,0,1,0,0,0,0,1,0,3.2521,-1.8776,1.8776,1],"parentBoneIndex":16,"length":6.78
,"animation":{"dataType":3,"framePerSecond":24,"keys":[
{"frame":1,"values":[0.9525,0.1484,0.266,0,-0.0267,0.9106,-0.4123,0,-0.3034,0.3856,0.8713,0,3.2521,-1.8776,1.8776,1]},
{"frame":13,"values":[0.9525,0.1484,0.266,0,-0.0267,0.9106,-0.4123,0,-0.3034,0.3856,0.8713,0,3.2521,-1.8776,1.8776,1]}],"loopBehavior":1,"name":"anim","property":"_matrix"}},
{"name":"LeftHandThumb4","index":18,"matrix":[1,0,0,0,0,1,0,0,0,0,1,0,5.2518,-3.0321,3.0321,1],"rest":[1,0,0,0,0,1,0,0,0,0,1,0,5.2518,-3.0321,3.0321,1],"parentBoneIndex":17,"length":6.78
,"animation":{"dataType":3,"framePerSecond":24,"keys":[
{"frame":1,"values":[1,0,0,0,0,1,0,0,0,0,1,0,5.2518,-3.0321,3.0321,1]},
{"frame":13,"values":[1,0,0,0,0,1,0,0,0,0,1,0,5.2518,-3.0321,3.0321,1]}],"loopBehavior":1,"name":"anim","property":"_matrix"}},
{"name":"RightShoulder","index":19,"matrix":[0.8826,0.0232,-0.4695,0,0.0628,0.984,0.1666,0,0.4659,-0.1765,0.8671,0,-12.8963,26.7163,-4.5484,1],"rest":[1,0,0,0,0,1,0,0,0,0,1,0,-12.8963,26.7163,-4.5484,1],"parentBoneIndex":3,"length":19.7122
,"animation":{"dataType":3,"framePerSecond":24,"keys":[
{"frame":1,"values":[0.8826,0.0232,-0.4695,0,0.0628,0.984,0.1666,0,0.4659,-0.1765,0.8671,0,-12.8963,26.7163,-4.5484,1]},
{"frame":2,"values":[0.8744,0.0236,-0.4845,0,0.0682,0.9829,0.171,0,0.4803,-0.1826,0.8579,0,-12.8963,26.7163,-4.5484,1]},
{"frame":3,"values":[0.8678,0.0253,-0.4963,0,0.0754,0.9804,0.1818,0,0.4912,-0.1952,0.8489,0,-12.8963,26.7163,-4.5484,1]},
{"frame":4,"values":[0.861,0.0273,-0.5078,0,0.0836,0.9774,0.1942,0,0.5017,-0.2097,0.8393,0,-12.8963,26.7163,-4.5484,1]},
{"frame":5,"values":[0.8514,0.0289,-0.5238,0,0.0929,0.9744,0.2046,0,0.5163,-0.2229,0.8269,0,-12.8963,26.7163,-4.5484,1]},
{"frame":6,"values":[0.8469,0.0276,-0.531,0,0.0925,0.9758,0.1981,0,0.5237,-0.2168,0.8239,0,-12.8963,26.7163,-4.5484,1]},
{"frame":7,"values":[0.854,0.0251,-0.5197,0,0.0827,0.9796,0.1831,0,0.5137,-0.1994,0.8345,0,-12.8963,26.7163,-4.5484,1]},
{"frame":8,"values":[0.8638,0.0247,-0.5033,0,0.0763,0.9808,0.1792,0,0.4981,-0.1932,0.8454,0,-12.8963,26.7163,-4.5484,1]},
{"frame":9,"values":[0.8774,0.025,-0.4792,0,0.0694,0.9815,0.1783,0,0.4748,-0.1897,0.8594,0,-12.8963,26.7163,-4.5484,1]},
{"frame":10,"values":[0.8883,0.0249,-0.4586,0,0.063,0.9825,0.1754,0,0.4549,-0.1847,0.8712,0,-12.8963,26.7163,-4.5484,1]},
{"frame":11,"values":[0.8917,0.0243,-0.452,0,0.0601,0.9833,0.1716,0,0.4486,-0.1802,0.8754,0,-12.8963,26.7163,-4.5484,1]},
{"frame":12,"values":[0.889,0.0236,-0.4573,0,0.0602,0.984,0.1679,0,0.454,-0.1768,0.8733,0,-12.8963,26.7163,-4.5484,1]},
{"frame":13,"values":[0.8826,0.0232,-0.4695,0,0.0628,0.984,0.1666,0,0.4659,-0.1765,0.8671,0,-12.8963,26.7163,-4.5484,1]}],"loopBehavior":1,"name":"anim","property":"_matrix"}},
{"name":"RightArm","index":20,"matrix":[0.4847,0.4119,-0.7716,0,-0.4478,0.8747,0.1857,0,0.7513,0.2555,0.6085,0,-19.027,-4.857,-1.7184,1],"rest":[1,0,0,0,0,1,0,0,0,0,1,0,-19.027,-4.857,-1.7184,1],"parentBoneIndex":19,"length":24.1799
,"animation":{"dataType":3,"framePerSecond":24,"keys":[
{"frame":1,"values":[0.4847,0.4119,-0.7716,0,-0.4478,0.8747,0.1857,0,0.7513,0.2555,0.6085,0,-19.027,-4.857,-1.7184,1]},
{"frame":2,"values":[0.5118,0.3995,-0.7606,0,-0.4569,0.8763,0.1528,0,0.7275,0.2693,0.631,0,-19.027,-4.857,-1.7184,1]},
{"frame":3,"values":[0.5525,0.4061,-0.7279,0,-0.4804,0.8688,0.12,0,0.6811,0.2834,0.6751,0,-19.027,-4.857,-1.7184,1]},
{"frame":4,"values":[0.5603,0.3962,-0.7274,0,-0.5007,0.8616,0.0836,0,0.6598,0.3174,0.6811,0,-19.027,-4.857,-1.7184,1]},
{"frame":5,"values":[0.5632,0.3979,-0.7242,0,-0.5269,0.8481,0.0561,0,0.6365,0.35,0.6873,0,-19.027,-4.857,-1.7184,1]},
{"frame":6,"values":[0.6071,0.381,-0.6974,0,-0.5163,0.8562,0.0182,0,0.604,0.349,0.7165,0,-19.027,-4.857,-1.7184,1]},
{"frame":7,"values":[0.5616,0.3362,-0.756,0,-0.4424,0.8942,0.069,0,0.6992,0.2957,0.6509,0,-19.027,-4.857,-1.7184,1]},
{"frame":8,"values":[0.4936,0.3268,-0.806,0,-0.3861,0.9127,0.1337,0,0.7793,0.2452,0.5767,0,-19.027,-4.857,-1.7184,1]},
{"frame":9,"values":[0.5008,0.3806,-0.7774,0,-0.3746,0.905,0.2018,0,0.7803,0.1902,0.5958,0,-19.027,-4.857,-1.7184,1]},
{"frame":10,"values":[0.518,0.4132,-0.749,0,-0.3927,0.8927,0.2209,0,0.7599,0.1797,0.6247,0,-19.027,-4.857,-1.7184,1]},
{"frame":11,"values":[0.519,0.4311,-0.7381,0,-0.4182,0.8811,0.2206,0,0.7455,0.1942,0.6376,0,-19.027,-4.857,-1.7184,1]},
{"frame":12,"values":[0.5059,0.4364,-0.7441,0,-0.439,0.8728,0.2134,0,0.7426,0.2187,0.6331,0,-19.027,-4.857,-1.7184,1]},
{"frame":13,"values":[0.4847,0.412,-0.7716,0,-0.4477,0.8746,0.1858,0,0.7514,0.2554,0.6084,0,-19.027,-4.857,-1.7184,1]}],"loopBehavior":1,"name":"anim","property":"_matrix"}},
{"name":"RightForeArm","index":21,"matrix":[-0.2266,-0.2389,-0.9442,0,-0.3522,0.924,-0.1492,0,0.9081,0.2988,-0.2935,0,-24.1799,0,0,1],"rest":[1,0,0,0,0,1,0,0,0,0,1,0,-24.1799,0,0,1],"parentBoneIndex":20,"length":27.1564
,"animation":{"dataType":3,"framePerSecond":24,"keys":[
{"frame":1,"values":[-0.2266,-0.2389,-0.9442,0,-0.3522,0.924,-0.1492,0,0.9081,0.2988,-0.2935,0,-24.1799,0,0,1]},
{"frame":2,"values":[-0.2384,-0.2381,-0.9415,0,-0.3535,0.9242,-0.1443,0,0.9046,0.2984,-0.3045,0,-24.1799,0,0,1]},
{"frame":3,"values":[-0.2662,-0.2362,-0.9345,0,-0.3477,0.9278,-0.1354,0,0.899,0.2889,-0.3291,0,-24.1799,0,0,1]},
{"frame":4,"values":[-0.2355,-0.2383,-0.9422,0,-0.3735,0.9172,-0.1386,0,0.8973,0.3192,-0.305,0,-24.1799,0,0,1]},
{"frame":5,"values":[-0.251,-0.2374,-0.9384,0,-0.3624,0.922,-0.1363,0,0.8976,0.3059,-0.3175,0,-24.1799,0,0,1]},
{"frame":6,"values":[-0.2373,-0.2382,-0.9418,0,-0.3471,0.9263,-0.1468,0,0.9073,0.2921,-0.3025,0,-24.1799,0,0,1]},
{"frame":7,"values":[-0.162,-0.242,-0.9567,0,-0.338,0.9244,-0.1766,0,0.9271,0.2948,-0.2316,0,-24.1799,0,0,1]},
{"frame":8,"values":[-0.1468,-0.2426,-0.959,0,-0.3343,0.9246,-0.1827,0,0.931,0.2938,-0.2168,0,-24.1799,0,0,1]},
{"frame":9,"values":[-0.2471,-0.2376,-0.9394,0,-0.3364,0.9302,-0.1468,0,0.9087,0.2797,-0.3098,0,-24.1799,0,0,1]},
{"frame":10,"values":[-0.2923,-0.2345,-0.9271,0,-0.3375,0.9324,-0.1294,0,0.8948,0.275,-0.3517,0,-24.1799,0,0,1]},
{"frame":11,"values":[-0.2943,-0.2344,-0.9265,0,-0.3417,0.9312,-0.127,0,0.8925,0.2792,-0.3542,0,-24.1799,0,0,1]},
{"frame":12,"values":[-0.276,-0.2357,-0.9318,0,-0.3477,0.9283,-0.1318,0,0.896,0.2876,-0.3382,0,-24.1799,0,0,1]},
{"frame":13,"values":[-0.2265,-0.2389,-0.9443,0,-0.3522,0.9239,-0.1492,0,0.9081,0.2988,-0.2934,0,-24.1799,0,0,1]}],"loopBehavior":1,"name":"anim","property":"_matrix"}},
{"name":"RightHand","index":22,"matrix":[0.9948,-0.0168,0.1004,0,0.034,0.9843,-0.1731,0,-0.0959,0.1756,0.9798,0,-27.1564,0,0,1],"rest":[1,0,0,0,0,1,0,0,0,0,1,0,-27.1564,0,0,1],"parentBoneIndex":21,"length":13.0853
,"animation":{"dataType":3,"framePerSecond":24,"keys":[
{"frame":1,"values":[0.9948,-0.0168,0.1004,0,0.034,0.9843,-0.1731,0,-0.0959,0.1756,0.9798,0,-27.1564,0,0,1]},
{"frame":2,"values":[0.9855,-0.1446,0.0889,0,0.1553,0.9795,-0.1281,0,-0.0685,0.1401,0.9878,0,-27.1564,0,0,1]},
{"frame":3,"values":[0.9742,-0.2159,0.066,0,0.2219,0.9696,-0.1033,0,-0.0417,0.1153,0.9925,0,-27.1564,0,0,1]},
{"frame":4,"values":[0.9842,-0.1767,0.0128,0,0.1771,0.9793,-0.0978,0,0.0048,0.0985,0.9951,0,-27.1564,0,0,1]},
{"frame":5,"values":[0.9927,-0.1069,0.0557,0,0.1121,0.9885,-0.1012,0,-0.0443,0.1067,0.9933,0,-27.1564,0,0,1]},
{"frame":6,"values":[0.9987,-0.0186,0.0483,0,0.0266,0.9851,-0.1698,0,-0.0444,0.1709,0.9843,0,-27.1564,0,0,1]},
{"frame":7,"values":[0.9997,0.0048,-0.0246,0,-0.0119,0.9538,-0.3002,0,0.022,0.3004,0.9535,0,-27.1564,0,0,1]},
{"frame":8,"values":[0.9984,0.0062,-0.056,0,-0.0239,0.9468,-0.321,0,0.0511,0.3218,0.9454,0,-27.1564,0,0,1]},
{"frame":9,"values":[0.9991,0.0417,-0.0021,0,-0.0406,0.9578,-0.2846,0,-0.0099,0.2844,0.9587,0,-27.1564,0,0,1]},
{"frame":10,"values":[0.9961,0.0833,0.0278,0,-0.0746,0.97,-0.2313,0,-0.0462,0.2284,0.9725,0,-27.1564,0,0,1]},
{"frame":11,"values":[0.9915,0.1083,0.0721,0,-0.0916,0.9746,-0.2045,0,-0.0924,0.1961,0.9762,0,-27.1564,0,0,1]},
{"frame":12,"values":[0.9925,0.0725,0.0987,0,-0.0525,0.98,-0.192,0,-0.1106,0.1854,0.9764,0,-27.1564,0,0,1]},
{"frame":13,"values":[0.9948,-0.0168,0.1003,0,0.0341,0.9843,-0.1732,0,-0.0958,0.1757,0.9798,0,-27.1564,0,0,1]}],"loopBehavior":1,"name":"anim","property":"_matrix"}},
{"name":"RightHandThumb1","index":23,"matrix":[0.993,-0.1075,0.0498,0,0.0921,0.9647,0.2466,0,-0.0745,-0.2403,0.9678,0,-6.5912,-4.8522,5.9881,1],"rest":[1,0,0,0,0,1,0,0,0,0,1,0,-6.5912,-4.8522,5.9881,1],"parentBoneIndex":22,"length":4.9292
,"animation":{"dataType":3,"framePerSecond":24,"keys":[
{"frame":1,"values":[0.993,-0.1075,0.0498,0,0.0921,0.9647,0.2466,0,-0.0745,-0.2403,0.9678,0,-6.5912,-4.8522,5.9881,1]},
{"frame":13,"values":[0.993,-0.1075,0.0498,0,0.0921,0.9647,0.2466,0,-0.0745,-0.2403,0.9678,0,-6.5912,-4.8522,5.9881,1]}],"loopBehavior":1,"name":"anim","property":"_matrix"}},
{"name":"RightHandThumb2","index":24,"matrix":[0.934,-0.0892,0.3458,0,0.0427,0.9893,0.1398,0,-0.3546,-0.1158,0.9278,0,-3.8182,-2.2044,2.2044,1],"rest":[1,0,0,0,0,1,0,0,0,0,1,0,-3.8182,-2.2044,2.2044,1],"parentBoneIndex":23,"length":4.1984
,"animation":{"dataType":3,"framePerSecond":24,"keys":[
{"frame":1,"values":[0.934,-0.0892,0.3458,0,0.0427,0.9893,0.1398,0,-0.3546,-0.1158,0.9278,0,-3.8182,-2.2044,2.2044,1]},
{"frame":13,"values":[0.934,-0.0892,0.3458,0,0.0427,0.9893,0.1398,0,-0.3546,-0.1158,0.9278,0,-3.8182,-2.2044,2.2044,1]}],"loopBehavior":1,"name":"anim","property":"_matrix"}},
{"name":"RightHandThumb3","index":25,"matrix":[0.8594,-0.2953,0.4175,0,0.2902,0.9538,0.0772,0,-0.421,0.0548,0.9054,0,-3.2521,-1.8776,1.8776,1],"rest":[1,0,0,0,0,1,0,0,0,0,1,0,-3.2521,-1.8776,1.8776,1],"parentBoneIndex":24,"length":6.78
,"animation":{"dataType":3,"framePerSecond":24,"keys":[
{"frame":1,"values":[0.8594,-0.2953,0.4175,0,0.2902,0.9538,0.0772,0,-0.421,0.0548,0.9054,0,-3.2521,-1.8776,1.8776,1]},
{"frame":13,"values":[0.8594,-0.2953,0.4175,0,0.2902,0.9538,0.0772,0,-0.421,0.0548,0.9054,0,-3.2521,-1.8776,1.8776,1]}],"loopBehavior":1,"name":"anim","property":"_matrix"}},
{"name":"RightHandThumb4","index":26,"matrix":[1,0,0,0,0,1,0,0,0,0,1,0,-5.2518,-3.0321,3.0321,1],"rest":[1,0,0,0,0,1,0,0,0,0,1,0,-5.2518,-3.0321,3.0321,1],"parentBoneIndex":25,"length":6.78
,"animation":{"dataType":3,"framePerSecond":24,"keys":[
{"frame":1,"values":[1,0,0,0,0,1,0,0,0,0,1,0,-5.2518,-3.0321,3.0321,1]},
{"frame":13,"values":[1,0,0,0,0,1,0,0,0,0,1,0,-5.2518,-3.0321,3.0321,1]}],"loopBehavior":1,"name":"anim","property":"_matrix"}},
{"name":"RightHandIndex1","index":27,"matrix":[0.9908,0.0896,0.1018,0,-0.0897,0.996,-0.0029,0,-0.1016,-0.0062,0.9948,0,-16.0294,0,0,1],"rest":[1,0,0,0,0,1,0,0,0,0,1,0,-16.0294,0,0,1],"parentBoneIndex":22,"length":5.2133
,"animation":{"dataType":3,"framePerSecond":24,"keys":[
{"frame":1,"values":[0.9908,0.0896,0.1018,0,-0.0897,0.996,-0.0029,0,-0.1016,-0.0062,0.9948,0,-16.0294,0,0,1]},
{"frame":13,"values":[0.9908,0.0896,0.1018,0,-0.0897,0.996,-0.0029,0,-0.1016,-0.0062,0.9948,0,-16.0294,0,0,1]}],"loopBehavior":1,"name":"anim","property":"_matrix"}},
{"name":"RightHandIndex2","index":28,"matrix":[0.9794,0.1886,0.0723,0,-0.189,0.982,-0.0011,0,-0.0712,-0.0125,0.9974,0,-5.2133,0,0,1],"rest":[0.9984,-0.0112,0.056,0,0.0112,0.9999,0.0003,0,-0.056,0.0003,0.9984,0,-5.2133,0,0,1],"parentBoneIndex":27,"length":6.3865
,"animation":{"dataType":3,"framePerSecond":24,"keys":[
{"frame":1,"values":[0.9794,0.1886,0.0723,0,-0.189,0.982,-0.0011,0,-0.0712,-0.0125,0.9974,0,-5.2133,0,0,1]},
{"frame":13,"values":[0.9794,0.1886,0.0723,0,-0.189,0.982,-0.0011,0,-0.0712,-0.0125,0.9974,0,-5.2133,0,0,1]}],"loopBehavior":1,"name":"anim","property":"_matrix"}},
{"name":"RightHandIndex3","index":29,"matrix":[0.8514,0.5215,0.056,0,-0.5231,0.8521,0.0179,0,-0.0383,-0.0446,0.9983,0,-6.3761,-0.0716,0.3577,1],"rest":[0.9994,-0.0344,0.0024,0,0.0344,0.9994,-0.0019,0,-0.0023,0.0019,1,0,-6.3761,-0.0716,0.3577,1],"parentBoneIndex":28,"length":5.189
,"animation":{"dataType":3,"framePerSecond":24,"keys":[
{"frame":1,"values":[0.8514,0.5215,0.056,0,-0.5231,0.8521,0.0179,0,-0.0383,-0.0446,0.9983,0,-6.3761,-0.0716,0.3577,1]},
{"frame":13,"values":[0.8514,0.5215,0.056,0,-0.5231,0.8521,0.0179,0,-0.0383,-0.0446,0.9983,0,-6.3761,-0.0716,0.3577,1]}],"loopBehavior":1,"name":"anim","property":"_matrix"}},
{"name":"RightHandIndex4","index":30,"matrix":[1,0,0,0,0,1,0,0,0,0,1,0,-5.1748,-0.2367,0.3024,1],"rest":[1,0,0,0,0,1,0,0,0,0,1,0,-5.1748,-0.2367,0.3024,1],"parentBoneIndex":29,"length":5.189
,"animation":{"dataType":3,"framePerSecond":24,"keys":[
{"frame":1,"values":[1,0,0,0,0,1,0,0,0,0,1,0,-5.1748,-0.2367,0.3024,1]},
{"frame":13,"values":[1,0,0,0,0,1,0,0,0,0,1,0,-5.1748,-0.2367,0.3024,1]}],"loopBehavior":1,"name":"anim","property":"_matrix"}},
{"name":"LeftUpLeg","index":31,"matrix":[0.9734,0.0713,0.2177,0,0.1829,0.3299,-0.9261,0,-0.1379,0.9413,0.3081,0,14.073,-7.9041,-1.463,1],"rest":[1,-0.0002,0,0,0.0002,1,0,0,0,0,1,0,14.073,-7.9041,-1.463,1],"parentBoneIndex":0,"length":34.3184
,"animation":{"dataType":3,"framePerSecond":24,"keys":[
{"frame":1,"values":[0.9734,0.0713,0.2177,0,0.1829,0.3299,-0.9261,0,-0.1379,0.9413,0.3081,0,14.073,-7.9041,-1.463,1]},
{"frame":2,"values":[0.9707,-0.0854,0.2248,0,0.2403,0.3122,-0.9191,0,0.0083,0.9462,0.3235,0,14.073,-7.9041,-1.463,1]},
{"frame":3,"values":[0.9419,-0.1842,0.2809,0,0.3327,0.3955,-0.8561,0,0.0466,0.8998,0.4338,0,14.073,-7.9041,-1.463,1]},
{"frame":4,"values":[0.9419,-0.187,0.279,0,0.3354,0.5687,-0.7511,0,-0.0182,0.801,0.5984,0,14.073,-7.9041,-1.463,1]},
{"frame":5,"values":[0.9483,-0.157,0.2759,0,0.3158,0.5541,-0.7702,0,-0.032,0.8175,0.575,0,14.073,-7.9041,-1.463,1]},
{"frame":6,"values":[0.9611,-0.1186,0.2495,0,0.2661,0.6406,-0.7203,0,-0.0744,0.7587,0.6472,0,14.073,-7.9041,-1.463,1]},
{"frame":7,"values":[0.9771,0.0497,0.207,0,0.083,0.8066,-0.5852,0,-0.196,0.589,0.784,0,14.073,-7.9041,-1.463,1]},
{"frame":8,"values":[0.9746,0.1126,0.1937,0,-0.0562,0.9597,-0.2754,0,-0.2169,0.2575,0.9416,0,14.073,-7.9041,-1.463,1]},
{"frame":9,"values":[0.9802,0.0601,0.1888,0,-0.0003,0.9534,-0.3016,0,-0.1982,0.2956,0.9345,0,14.073,-7.9041,-1.463,1]},
{"frame":10,"values":[0.9819,0.0258,0.1875,0,0.0448,0.9308,-0.3628,0,-0.1839,0.3647,0.9128,0,14.073,-7.9041,-1.463,1]},
{"frame":11,"values":[0.977,0.0281,0.2112,0,0.0397,0.9498,-0.3102,0,-0.2093,0.3115,0.9269,0,14.073,-7.9041,-1.463,1]},
{"frame":12,"values":[0.9817,0.0699,0.1773,0,0.0774,0.7037,-0.7063,0,-0.1742,0.7071,0.6853,0,14.073,-7.9041,-1.463,1]},
{"frame":13,"values":[0.9911,0.0303,0.1294,0,0.112,0.3334,-0.9361,0,-0.0715,0.9423,0.3271,0,14.073,-7.9041,-1.463,1]}],"loopBehavior":1,"name":"anim","property":"_matrix"}},
{"name":"LeftLeg","index":32,"matrix":[0.9967,0.012,-0.0807,0,0.0811,-0.2504,0.9647,0,-0.0086,-0.9681,-0.2505,0,-0.104,-34.0733,4.0932,1],"rest":[1,0,0,0,0,1,0,0,0,0,1,0,-0.104,-34.0733,4.0932,1],"parentBoneIndex":31,"length":30.5601
,"animation":{"dataType":3,"framePerSecond":24,"keys":[
{"frame":1,"values":[0.9967,0.012,-0.0807,0,0.0811,-0.2504,0.9647,0,-0.0086,-0.9681,-0.2505,0,-0.104,-34.0733,4.0932,1]},
{"frame":2,"values":[0.9981,0.0037,-0.0614,0,0.0556,0.3749,0.9254,0,0.0265,-0.9271,0.374,0,-0.104,-34.0733,4.0932,1]},
{"frame":3,"values":[0.9991,-0.0083,-0.0411,0,0.0279,0.8638,0.5031,0,0.0313,-0.5038,0.8632,0,-0.104,-34.0733,4.0932,1]},
{"frame":4,"values":[0.9992,0.0208,-0.0331,0,-0.0128,0.9742,0.2251,0,0.0369,-0.2245,0.9738,0,-0.104,-34.0733,4.0932,1]},
{"frame":5,"values":[0.9997,0.01,-0.0214,0,0.0041,0.8196,0.5729,0,0.0233,-0.5728,0.8194,0,-0.104,-34.0733,4.0932,1]},
{"frame":6,"values":[0.9986,-0.0435,-0.0299,0,0.0496,0.575,0.8166,0,-0.0183,-0.817,0.5764,0,-0.104,-34.0733,4.0932,1]},
{"frame":7,"values":[0.9963,-0.0833,-0.0203,0,0.059,0.4942,0.8673,0,-0.0622,-0.8653,0.4973,0,-0.104,-34.0733,4.0932,1]},
{"frame":8,"values":[0.9999,-0.0062,-0.0087,0,0.0107,0.6586,0.7524,0,0.0011,-0.7525,0.6586,0,-0.104,-34.0733,4.0932,1]},
{"frame":9,"values":[0.9876,0.1497,-0.0477,0,-0.0245,0.4466,0.8944,0,0.1552,-0.8821,0.4447,0,-0.104,-34.0733,4.0932,1]},
{"frame":10,"values":[0.9968,0.065,-0.0464,0,0.036,0.1524,0.9877,0,0.0713,-0.9862,0.1495,0,-0.104,-34.0733,4.0932,1]},
{"frame":11,"values":[0.9974,0.0237,-0.068,0,0.0716,-0.2223,0.9724,0,0.0079,-0.9747,-0.2234,0,-0.104,-34.0733,4.0932,1]},
{"frame":12,"values":[0.9964,0.0144,-0.0836,0,0.0814,-0.4403,0.8942,0,-0.024,-0.8978,-0.4398,0,-0.104,-34.0733,4.0932,1]},
{"frame":13,"values":[0.9968,0.0049,-0.0793,0,0.078,-0.25,0.9651,0,-0.0151,-0.9682,-0.2496,0,-0.104,-34.0733,4.0932,1]}],"loopBehavior":1,"name":"anim","property":"_matrix"}},
{"name":"LeftFoot","index":33,"matrix":[0.9862,-0.0002,0.1655,0,-0.1353,0.5754,0.8066,0,-0.0954,-0.8179,0.5674,0,0.1149,-29.8994,-6.319,1],"rest":[1,0.0002,0,0,-0.0002,1,0,0,0,0,1,0,0.1149,-29.8994,-6.319,1],"parentBoneIndex":32,"length":25.4713
,"animation":{"dataType":3,"framePerSecond":24,"keys":[
{"frame":1,"values":[0.9862,-0.0002,0.1655,0,-0.1353,0.5754,0.8066,0,-0.0954,-0.8179,0.5674,0,0.1149,-29.8994,-6.319,1]},
