{"producer":{"name":"Blender","version":"2.90.0","exporter_version":"2.80.1","file":"run.babylon"},
"autoClear":true,"clearColor":[0.0509,0.0509,0.0509],"gravity":[0,-9.81,0],
"materials":[{"name":"Material","id":"Material","customType":"BABYLON.PBRMaterial","backFaceCulling":true,"checkReadyOnlyOnce":false,"maxSimultaneousLights":4,"environmentIntensity":1,"albedo":[0.8,0.8,0.8],"reflectivity":[0.5,0.5,0.5],"roughness":0.4,"alpha":1,"transparencyMode":0,"alphaCutOff":0.4,"metallic":0}],
"multiMaterials":[],
"skeletons":[{"name":"Armature","id":0,"dimensionsAtRest":[232.1761,222.9347,36.3014],"bones":[
{"name":"Hips","index":0,"matrix":[0.9967,-0.057,0.057,0,0.0621,0.9939,-0.0916,0,0.0514,-0.0948,-0.9942,0,-0.0641,78.4511,-0.7404,1],"rest":[1,0,0,0,0,1,0,0,0,0,-1,0,0,89.0054,0,1],"parentBoneIndex":-1,"length":14.2998
,"animation":{"dataType":3,"framePerSecond":24,"keys":[
{"frame":1,"values":[0.9967,-0.057,0.057,0,0.0621,0.9939,-0.0916,0,0.0514,-0.0948,-0.9942,0,-0.0641,78.4511,-0.7404,1]},
{"frame":2,"values":[0.9983,-0.0356,0.0465,0,0.0398,0.9949,-0.0927,0,0.0429,-0.0944,-0.9946,0,0.5085,81.5646,-2.7095,1]},
{"frame":3,"values":[0.9973,-0.0076,0.0726,0,0.0139,0.9961,-0.0867,0,0.0716,-0.0875,-0.9936,0,0.6224,85.2804,-4.9043,1]},
{"frame":4,"values":[0.9952,0.0223,0.095,0,-0.0133,0.9954,-0.0946,0,0.0967,-0.0929,-0.991,0,0.4535,86.2837,-5.4754,1]},
{"frame":5,"values":[0.9984,0.0136,0.0554,0,-0.0095,0.9973,-0.073,0,0.0563,-0.0723,-0.9958,0,0.4634,85.1758,-5.0683,1]},
{"frame":6,"values":[0.9977,0.0174,0.0648,0,-0.0143,0.9988,-0.0478,0,0.0655,-0.0468,-0.9968,0,0.4342,84.1672,-4.1561,1]},
{"frame":7,"values":[0.9951,0.0271,0.0948,0,-0.0231,0.9988,-0.0434,0,0.0958,-0.041,-0.9946,0,0.192,81.6949,-2.7575,1]},
{"frame":8,"values":[0.9955,0.0308,0.0897,0,-0.0263,0.9984,-0.0501,0,0.0911,-0.0475,-0.9947,0,-0.2217,77.3397,-1.6401,1]},
{"frame":9,"values":[0.9954,0.0356,0.0888,0,-0.0299,0.9975,-0.0645,0,0.0908,-0.0616,-0.994,0,-0.6114,76.0409,-0.7705,1]},
{"frame":10,"values":[0.9956,-0.0001,0.0933,0,0.007,0.9973,-0.0734,0,0.093,-0.0738,-0.9929,0,-0.4201,78.2294,-1.9384,1]},
{"frame":11,"values":[0.9982,-0.0413,0.0446,0,0.0455,0.9941,-0.0985,0,0.0403,-0.1003,-0.9941,0,-0.1568,81.9475,-3.736,1]},
{"frame":12,"values":[0.9973,-0.0735,0.0084,0,0.074,0.9868,-0.1443,0,-0.0024,-0.1445,-0.9895,0,0.0202,84.6944,-3.9643,1]},
{"frame":13,"values":[0.9977,-0.0667,0.0108,0,0.0676,0.9882,-0.1375,0,0.0015,-0.138,-0.9904,0,0.2068,84.9675,-3.2321,1]},
{"frame":14,"values":[0.9982,-0.0582,0.0128,0,0.0593,0.9919,-0.1125,0,0.0062,-0.1131,-0.9936,0,0.1169,83.2669,-2.8578,1]},
{"frame":15,"values":[0.9979,-0.0568,0.0297,0,0.0597,0.9924,-0.1076,0,0.0234,-0.1091,-0.9938,0,0.059,81.3064,-1.6414,1]},
{"frame":16,"values":[0.9967,-0.0524,0.0615,0,0.0588,0.9925,-0.1071,0,0.0555,-0.1104,-0.9923,0,-0.1302,78.1961,-0.9071,1]},
{"frame":17,"values":[0.9934,-0.0844,0.0774,0,0.0916,0.9912,-0.0952,0,0.0686,-0.1017,-0.9924,0,-0.1386,76.9161,-0.0937,1]},
{"frame":18,"values":[0.9967,-0.057,0.057,0,0.0621,0.9939,-0.0916,0,0.0514,-0.0948,-0.9942,0,-0.0641,78.4511,-0.7404,1]}],"loopBehavior":1,"name":"anim","property":"_matrix"}},
{"name":"Spine","index":1,"matrix":[0.9991,0.0357,-0.0207,0,-0.0338,0.9957,0.0864,0,0.0237,-0.0856,0.996,0,0.1169,10.681,0.3734,1],"rest":[1,0,0,0,0,1,0,0,0,0,1,0,0.1169,10.681,0.3734,1],"parentBoneIndex":0,"length":13.8405
,"animation":{"dataType":3,"framePerSecond":24,"keys":[
{"frame":1,"values":[0.9991,0.0357,-0.0207,0,-0.0338,0.9957,0.0864,0,0.0237,-0.0856,0.996,0,0.1169,10.681,0.3734,1]},
{"frame":2,"values":[0.9984,0.0282,-0.049,0,-0.0244,0.9967,0.0773,0,0.051,-0.076,0.9958,0,0.1169,10.681,0.3734,1]},
{"frame":3,"values":[0.9974,0.012,-0.0712,0,-0.0073,0.9978,0.0656,0,0.0718,-0.0649,0.9953,0,0.1169,10.681,0.3734,1]},
{"frame":4,"values":[0.9962,-0.0165,-0.0851,0,0.0209,0.9984,0.0516,0,0.0841,-0.0532,0.995,0,0.1169,10.681,0.3734,1]},
{"frame":5,"values":[0.995,-0.0237,-0.097,0,0.0286,0.9983,0.0501,0,0.0956,-0.0526,0.994,0,0.1169,10.681,0.3734,1]},
{"frame":6,"values":[0.9952,-0.0283,-0.0936,0,0.0339,0.9977,0.0581,0,0.0917,-0.061,0.9939,0,0.1169,10.681,0.3734,1]},
{"frame":7,"values":[0.996,-0.0334,-0.0833,0,0.0393,0.9967,0.0705,0,0.0807,-0.0735,0.994,0,0.1169,10.681,0.3734,1]},
{"frame":8,"values":[0.9976,-0.0393,-0.057,0,0.044,0.9955,0.0838,0,0.0535,-0.0861,0.9948,0,0.1169,10.681,0.3734,1]},
{"frame":9,"values":[0.999,-0.0449,-0.009,0,0.0455,0.9946,0.0936,0,0.0047,-0.0939,0.9956,0,0.1169,10.681,0.3734,1]},
{"frame":10,"values":[0.999,-0.032,0.0322,0,0.0288,0.9951,0.0943,0,-0.035,-0.0933,0.995,0,0.1169,10.681,0.3734,1]},
{"frame":11,"values":[0.998,-0.0089,0.0625,0,0.0037,0.9965,0.0833,0,-0.063,-0.0829,0.9946,0,0.1169,10.681,0.3734,1]},
{"frame":12,"values":[0.9965,0.0223,0.0809,0,-0.028,0.9971,0.0707,0,-0.0791,-0.0727,0.9942,0,0.1169,10.681,0.3734,1]},
{"frame":13,"values":[0.9951,0.0364,0.0919,0,-0.0433,0.9963,0.0736,0,-0.0889,-0.0773,0.993,0,0.1169,10.681,0.3734,1]},
{"frame":14,"values":[0.9952,0.0395,0.0895,0,-0.0466,0.9958,0.0788,0,-0.086,-0.0825,0.9929,0,0.1169,10.681,0.3734,1]},
{"frame":15,"values":[0.9956,0.0442,0.0824,0,-0.051,0.9953,0.0819,0,-0.0783,-0.0857,0.9932,0,0.1169,10.681,0.3734,1]},
{"frame":16,"values":[0.9972,0.0421,0.0621,0,-0.0474,0.9951,0.0866,0,-0.0582,-0.0893,0.9943,0,0.1169,10.681,0.3734,1]},
{"frame":17,"values":[0.9985,0.0488,0.0239,0,-0.0508,0.9944,0.0925,0,-0.0193,-0.0936,0.9954,0,0.1169,10.681,0.3734,1]},
{"frame":18,"values":[0.9991,0.0357,-0.0207,0,-0.0338,0.9957,0.0864,0,0.0237,-0.0856,0.996,0,0.1169,10.681,0.3734,1]}],"loopBehavior":1,"name":"anim","property":"_matrix"}},
{"name":"Spine1","index":2,"matrix":[0.9984,0.038,-0.043,0,-0.03,0.9845,0.1726,0,0.0489,-0.171,0.9841,0,0,13.8404,0.0535,1],"rest":[1,0,0,0,0,1,0,0,0,0,1,0,0,13.8404,0.0535,1],"parentBoneIndex":1,"length":14.7173
,"animation":{"dataType":3,"framePerSecond":24,"keys":[
{"frame":1,"values":[0.9984,0.038,-0.043,0,-0.03,0.9845,0.1726,0,0.0489,-0.171,0.9841,0,0,13.8404,0.0535,1]},
{"frame":2,"values":[0.9952,0.0244,-0.0945,0,-0.0096,0.988,0.1543,0,0.0971,-0.1526,0.9835,0,0,13.8404,0.0535,1]},
{"frame":3,"values":[0.9907,0.005,-0.1361,0,0.0129,0.9914,0.1305,0,0.1356,-0.131,0.9821,0,0,13.8404,0.0535,1]},
{"frame":4,"values":[0.9874,-0.0162,-0.1577,0,0.0326,0.9942,0.1021,0,0.1551,-0.1059,0.9822,0,0,13.8404,0.0535,1]},
{"frame":5,"values":[0.9858,-0.0199,-0.1669,0,0.0369,0.9944,0.099,0,0.164,-0.1038,0.981,0,0,13.8404,0.0535,1]},
{"frame":6,"values":[0.9885,-0.0198,-0.15,0,0.0375,0.9926,0.1156,0,0.1466,-0.1199,0.9819,0,0,13.8404,0.0535,1]},
{"frame":7,"values":[0.9917,-0.0228,-0.1266,0,0.0407,0.9893,0.1405,0,0.122,-0.1444,0.982,0,0,13.8404,0.0535,1]},
{"frame":8,"values":[0.9959,-0.028,-0.086,0,0.0421,0.9851,0.167,0,0.08,-0.1699,0.9822,0,0,13.8404,0.0535,1]},
{"frame":9,"values":[0.9996,-0.0277,-0.0066,0,0.0285,0.982,0.1867,0,0.0013,-0.1869,0.9824,0,0,13.8404,0.0535,1]},
{"frame":10,"values":[0.9979,-0.0033,0.0644,0,-0.0089,0.9822,0.1877,0,-0.0639,-0.1879,0.9801,0,0,13.8404,0.0535,1]},
{"frame":11,"values":[0.9929,0.0278,0.1159,0,-0.0468,0.9852,0.1647,0,-0.1096,-0.169,0.9795,0,0,13.8404,0.0535,1]},
{"frame":12,"values":[0.9871,0.0541,0.1506,0,-0.0753,0.9875,0.1385,0,-0.1412,-0.148,0.9788,0,0,13.8404,0.0535,1]},
{"frame":13,"values":[0.9838,0.055,0.1706,0,-0.0802,0.9863,0.144,0,-0.1603,-0.1554,0.9748,0,0,13.8404,0.0535,1]},
{"frame":14,"values":[0.9867,0.054,0.1533,0,-0.078,0.9848,0.1551,0,-0.1426,-0.165,0.9759,0,0,13.8404,0.0535,1]},
{"frame":15,"values":[0.9891,0.0554,0.1367,0,-0.0775,0.9838,0.1619,0,-0.1255,-0.1707,0.9773,0,0,13.8404,0.0535,1]},
{"frame":16,"values":[0.9933,0.0574,0.1006,0,-0.0741,0.9823,0.1718,0,-0.089,-0.1781,0.98,0,0,13.8404,0.0535,1]},
{"frame":17,"values":[0.997,0.0664,0.0395,0,-0.0725,0.9802,0.1841,0,-0.0265,-0.1864,0.9821,0,0,13.8404,0.0535,1]},
{"frame":18,"values":[0.9984,0.038,-0.043,0,-0.03,0.9845,0.1726,0,0.0489,-0.171,0.9841,0,0,13.8404,0.0535,1]}],"loopBehavior":1,"name":"anim","property":"_matrix"}},
{"name":"Spine2","index":3,"matrix":[0.9984,0.038,-0.043,0,-0.03,0.9845,0.1726,0,0.0489,-0.171,0.9841,0,0,14.7127,-0.3662,1],"rest":[1,0,0,0,0,1,0,0,0,0,1,0,0,14.7127,-0.3662,1],"parentBoneIndex":2,"length":31.8652
,"animation":{"dataType":3,"framePerSecond":24,"keys":[
{"frame":1,"values":[0.9984,0.038,-0.043,0,-0.03,0.9845,0.1726,0,0.0489,-0.171,0.9841,0,0,14.7127,-0.3662,1]},
{"frame":2,"values":[0.9952,0.0244,-0.0945,0,-0.0096,0.988,0.1543,0,0.0971,-0.1526,0.9835,0,0,14.7127,-0.3662,1]},
{"frame":3,"values":[0.9907,0.005,-0.1361,0,0.0129,0.9914,0.1305,0,0.1356,-0.131,0.9821,0,0,14.7127,-0.3662,1]},
{"frame":4,"values":[0.9874,-0.0162,-0.1577,0,0.0326,0.9942,0.1021,0,0.1551,-0.1059,0.9822,0,0,14.7127,-0.3662,1]},
{"frame":5,"values":[0.9858,-0.0199,-0.1669,0,0.0369,0.9944,0.099,0,0.164,-0.1038,0.981,0,0,14.7127,-0.3662,1]},
{"frame":6,"values":[0.9885,-0.0198,-0.15,0,0.0375,0.9926,0.1156,0,0.1466,-0.1199,0.9819,0,0,14.7127,-0.3662,1]},
{"frame":7,"values":[0.9917,-0.0228,-0.1266,0,0.0407,0.9893,0.1405,0,0.122,-0.1444,0.982,0,0,14.7127,-0.3662,1]},
{"frame":8,"values":[0.9959,-0.028,-0.086,0,0.0421,0.9851,0.167,0,0.08,-0.1699,0.9822,0,0,14.7127,-0.3662,1]},
{"frame":9,"values":[0.9996,-0.0277,-0.0066,0,0.0285,0.982,0.1867,0,0.0013,-0.1869,0.9824,0,0,14.7127,-0.3662,1]},
{"frame":10,"values":[0.9979,-0.0033,0.0644,0,-0.0089,0.9822,0.1877,0,-0.0639,-0.1879,0.9801,0,0,14.7127,-0.3662,1]},
{"frame":11,"values":[0.9929,0.0278,0.1159,0,-0.0468,0.9852,0.1647,0,-0.1096,-0.169,0.9795,0,0,14.7127,-0.3662,1]},
{"frame":12,"values":[0.9871,0.0541,0.1506,0,-0.0753,0.9875,0.1385,0,-0.1412,-0.148,0.9788,0,0,14.7127,-0.3662,1]},
{"frame":13,"values":[0.9838,0.055,0.1706,0,-0.0802,0.9863,0.144,0,-0.1603,-0.1554,0.9748,0,0,14.7127,-0.3662,1]},
{"frame":14,"values":[0.9867,0.054,0.1533,0,-0.078,0.9848,0.1551,0,-0.1426,-0.165,0.9759,0,0,14.7127,-0.3662,1]},
{"frame":15,"values":[0.9891,0.0554,0.1367,0,-0.0775,0.9838,0.1619,0,-0.1255,-0.1707,0.9773,0,0,14.7127,-0.3662,1]},
{"frame":16,"values":[0.9933,0.0574,0.1006,0,-0.0741,0.9823,0.1718,0,-0.089,-0.1781,0.98,0,0,14.7127,-0.3662,1]},
{"frame":17,"values":[0.997,0.0664,0.0395,0,-0.0725,0.9802,0.1841,0,-0.0265,-0.1864,0.9821,0,0,14.7127,-0.3662,1]},
{"frame":18,"values":[0.9984,0.038,-0.043,0,-0.03,0.9845,0.1726,0,0.0489,-0.171,0.9841,0,0,14.7127,-0.3662,1]}],"loopBehavior":1,"name":"anim","property":"_matrix"}},
{"name":"Neck","index":4,"matrix":[0.9985,-0.0004,0.0554,0,0.0076,0.9915,-0.1301,0,-0.0549,0.1303,0.99,0,0,35.4155,-3.3142,1],"rest":[1,0,0,0,0,1,0,0,0,0,1,0,0,35.4155,-3.3142,1],"parentBoneIndex":3,"length":16.9431
,"animation":{"dataType":3,"framePerSecond":24,"keys":[
{"frame":1,"values":[0.9985,-0.0004,0.0554,0,0.0076,0.9915,-0.1301,0,-0.0549,0.1303,0.99,0,0,35.4155,-3.3142,1]},
{"frame":2,"values":[0.9963,-0.0096,0.0856,0,0.0198,0.9927,-0.1192,0,-0.0839,0.1204,0.9892,0,0,35.4155,-3.3142,1]},
{"frame":3,"values":[0.9927,0.0017,0.1209,0,0.0101,0.9952,-0.0968,0,-0.1205,0.0973,0.9879,0,0,35.4155,-3.3142,1]},
{"frame":4,"values":[0.9902,0.0092,0.1394,0,0.0001,0.9978,-0.0668,0,-0.1397,0.0662,0.988,0,0,35.4155,-3.3142,1]},
{"frame":5,"values":[0.9897,0.0282,0.1406,0,-0.0244,0.9993,-0.0283,0,-0.1413,0.0246,0.9897,0,0,35.4155,-3.3142,1]},
{"frame":6,"values":[0.9919,0.0153,0.1265,0,-0.0113,0.9994,-0.0319,0,-0.1269,0.0302,0.9915,0,0,35.4155,-3.3142,1]},
{"frame":7,"values":[0.9931,0.0211,0.1152,0,-0.0141,0.998,-0.0612,0,-0.1163,0.0592,0.9915,0,0,35.4155,-3.3142,1]},
{"frame":8,"values":[0.9951,0.0399,0.0906,0,-0.031,0.9947,-0.0977,0,-0.0941,0.0944,0.9911,0,0,35.4155,-3.3142,1]},
{"frame":9,"values":[0.9989,0.0221,0.0415,0,-0.0172,0.9933,-0.1142,0,-0.0437,0.1133,0.9926,0,0,35.4155,-3.3142,1]},
{"frame":10,"values":[0.9997,0.0247,0.0088,0,-0.0232,0.9898,-0.1403,0,-0.0122,0.1401,0.9901,0,0,35.4155,-3.3142,1]},
{"frame":11,"values":[0.9989,-0.02,-0.0416,0,0.014,0.9898,-0.142,0,0.044,0.1412,0.989,0,0,35.4155,-3.3142,1]},
{"frame":12,"values":[0.9968,-0.0257,-0.0758,0,0.0125,0.9853,-0.1703,0,0.079,0.1688,0.9825,0,0,35.4155,-3.3142,1]},
{"frame":13,"values":[0.9954,-0.027,-0.0922,0,0.0096,0.9829,-0.1837,0,0.0956,0.1819,0.9787,0,0,35.4155,-3.3142,1]},
{"frame":14,"values":[0.996,-0.0353,-0.0818,0,0.0221,0.9873,-0.1573,0,0.0863,0.1549,0.9842,0,0,35.4155,-3.3142,1]},
{"frame":15,"values":[0.9963,-0.0478,-0.0719,0,0.0368,0.9883,-0.1477,0,0.0781,0.1445,0.9864,0,0,35.4155,-3.3142,1]},
{"frame":16,"values":[0.997,-0.0612,-0.0481,0,0.0528,0.9857,-0.1601,0,0.0572,0.1571,0.9859,0,0,35.4155,-3.3142,1]},
{"frame":17,"values":[0.9991,-0.043,-0.0006,0,0.0423,0.9865,-0.158,0,0.0074,0.1578,0.9874,0,0,35.4155,-3.3142,1]},
{"frame":18,"values":[0.9985,-0.0004,0.0554,0,0.0076,0.9915,-0.1301,0,-0.0549,0.1303,0.99,0,0,35.4155,-3.3142,1]}],"loopBehavior":1,"name":"anim","property":"_matrix"}},
{"name":"Head","index":5,"matrix":[0.9876,-0.0577,0.146,0,0.0908,0.9686,-0.2312,0,-0.1281,0.2416,0.9619,0,0,16.8992,1.2183,1],"rest":[1,0,0,0,0,1,0,0,0,0,1,0,0,16.8992,1.2183,1],"parentBoneIndex":4,"length":22.3142
,"animation":{"dataType":3,"framePerSecond":24,"keys":[
{"frame":1,"values":[0.9876,-0.0577,0.146,0,0.0908,0.9686,-0.2312,0,-0.1281,0.2416,0.9619,0,0,16.8992,1.2183,1]},
{"frame":2,"values":[0.9715,-0.0372,0.2339,0,0.0847,0.9769,-0.1962,0,-0.2212,0.2105,0.9522,0,0,16.8992,1.2183,1]},
{"frame":3,"values":[0.9477,-0.0258,0.3182,0,0.0734,0.9876,-0.1386,0,-0.3107,0.1547,0.9378,0,0,16.8992,1.2183,1]},
{"frame":4,"values":[0.9322,-0.0122,0.3616,0,0.0489,0.9945,-0.0927,0,-0.3585,0.1041,0.9277,0,0,16.8992,1.2183,1]},
{"frame":5,"values":[0.9413,-0.0269,0.3366,0,0.0645,0.9928,-0.1009,0,-0.3315,0.1167,0.9362,0,0,16.8992,1.2183,1]},
{"frame":6,"values":[0.9457,0.0078,0.325,0,0.0237,0.9954,-0.0928,0,-0.3242,0.0954,0.9412,0,0,16.8992,1.2183,1]},
{"frame":7,"values":[0.95,0.055,0.3072,0,-0.018,0.9923,-0.1222,0,-0.3116,0.1106,0.9438,0,0,16.8992,1.2183,1]},
{"frame":8,"values":[0.9666,0.0953,0.2379,0,-0.0444,0.9765,-0.2107,0,-0.2524,0.1931,0.9482,0,0,16.8992,1.2183,1]},
{"frame":9,"values":[0.9842,0.1185,0.1319,0,-0.0795,0.9598,-0.2692,0,-0.1585,0.2544,0.954,0,0,16.8992,1.2183,1]},
{"frame":10,"values":[0.9965,0.071,0.0433,0,-0.0574,0.9641,-0.2594,0,-0.0602,0.256,0.9648,0,0,16.8992,1.2183,1]},
{"frame":11,"values":[0.9976,0.0331,-0.0612,0,-0.0457,0.9752,-0.2164,0,0.0525,0.2186,0.9744,0,0,16.8992,1.2183,1]},
{"frame":12,"values":[0.9877,-0.0132,-0.1556,0,-0.012,0.9871,-0.1599,0,0.1557,0.1598,0.9748,0,0,16.8992,1.2183,1]},
{"frame":13,"values":[0.9782,-0.0347,-0.2049,0,-0.0023,0.9841,-0.1777,0,0.2078,0.1743,0.9625,0,0,16.8992,1.2183,1]},
{"frame":14,"values":[0.9807,-0.0741,-0.181,0,0.035,0.977,-0.2105,0,0.1925,0.2001,0.9607,0,0,16.8992,1.2183,1]},
{"frame":15,"values":[0.9855,-0.0861,-0.1462,0,0.0527,0.9743,-0.219,0,0.1613,0.2081,0.9647,0,0,16.8992,1.2183,1]},
{"frame":16,"values":[0.9952,-0.0684,-0.0704,0,0.0489,0.9673,-0.2488,0,0.0851,0.2442,0.966,0,0,16.8992,1.2183,1]},
{"frame":17,"values":[0.9972,-0.0654,0.0367,0,0.0728,0.9613,-0.2659,0,-0.0179,0.2678,0.9633,0,0,16.8992,1.2183,1]},
{"frame":18,"values":[0.9876,-0.0577,0.146,0,0.0908,0.9686,-0.2312,0,-0.1281,0.2416,0.9619,0,0,16.8992,1.2183,1]}],"loopBehavior":1,"name":"anim","property":"_matrix"}},
{"name":"HeadTop_End","index":6,"matrix":[1,0,0,0,0,1,0,0,0,0,1,0,0,22.2062,2.1925,1],"rest":[1,0,0,0,0,1,0,0,0,0,1,0,0,22.2062,2.1925,1],"parentBoneIndex":5,"length":22.3142
,"animation":{"dataType":3,"framePerSecond":24,"keys":[
{"frame":1,"values":[1,0,0,0,0,1,0,0,0,0,1,0,0,22.2062,2.1925,1]},
{"frame":18,"values":[1,0,0,0,0,1,0,0,0,0,1,0,0,22.2062,2.1925,1]}],"loopBehavior":1,"name":"anim","property":"_matrix"}},
{"name":"LeftShoulder","index":7,"matrix":[0.9904,-0.1369,0.0186,0,0.1365,0.9904,0.0217,0,-0.0214,-0.019,0.9996,0,12.8964,26.7163,-4.5484,1],"rest":[1,0,0,0,0,1,0,0,0,0,1,0,12.8964,26.7163,-4.5484,1],"parentBoneIndex":3,"length":19.7122
,"animation":{"dataType":3,"framePerSecond":24,"keys":[
{"frame":1,"values":[0.9904,-0.1369,0.0186,0,0.1365,0.9904,0.0217,0,-0.0214,-0.019,0.9996,0,12.8964,26.7163,-4.5484,1]},
{"frame":2,"values":[0.9922,-0.1245,-0.0003,0,0.1245,0.992,0.0204,0,-0.0022,-0.0203,0.9998,0,12.8964,26.7163,-4.5484,1]},
{"frame":3,"values":[0.9938,-0.1087,-0.0216,0,0.1092,0.9938,0.019,0,0.0194,-0.0212,0.9996,0,12.8964,26.7163,-4.5484,1]},
{"frame":4,"values":[0.9946,-0.0959,-0.0393,0,0.0966,0.9952,0.0177,0,0.0375,-0.0214,0.9991,0,12.8964,26.7163,-4.5484,1]},
{"frame":5,"values":[0.9944,-0.0952,-0.0448,0,0.0961,0.9952,0.0169,0,0.0429,-0.0211,0.9989,0,12.8964,26.7163,-4.5484,1]},
{"frame":6,"values":[0.9931,-0.1133,-0.0294,0,0.1138,0.9933,0.0175,0,0.0272,-0.0207,0.9994,0,12.8964,26.7163,-4.5484,1]},
{"frame":7,"values":[0.9899,-0.1415,0.0053,0,0.1413,0.9898,0.0202,0,-0.0081,-0.0193,0.9998,0,12.8964,26.7163,-4.5484,1]},
{"frame":8,"values":[0.9856,-0.1622,0.0487,0,0.1611,0.9866,0.0248,0,-0.0521,-0.0166,0.9985,0,12.8964,26.7163,-4.5484,1]},
{"frame":9,"values":[0.9823,-0.1662,0.0861,0,0.1642,0.986,0.0296,0,-0.0898,-0.0149,0.9958,0,12.8964,26.7163,-4.5484,1]},
{"frame":10,"values":[0.9813,-0.1605,0.1059,0,0.1579,0.9869,0.0325,0,-0.1097,-0.0152,0.9939,0,12.8964,26.7163,-4.5484,1]},
{"frame":11,"values":[0.9817,-0.1576,0.1067,0,0.1549,0.9874,0.0328,0,-0.1106,-0.0157,0.9937,0,12.8964,26.7163,-4.5484,1]},
{"frame":12,"values":[0.982,-0.1606,0.0996,0,0.1582,0.9869,0.0318,0,-0.1034,-0.0155,0.9945,0,12.8964,26.7163,-4.5484,1]},
{"frame":13,"values":[0.9815,-0.1656,0.0965,0,0.1633,0.9861,0.0313,0,-0.1003,-0.015,0.9948,0,12.8964,26.7163,-4.5484,1]},
{"frame":14,"values":[0.9805,-0.1697,0.0988,0,0.1674,0.9854,0.0315,0,-0.1027,-0.0144,0.9946,0,12.8964,26.7163,-4.5484,1]},
{"frame":15,"values":[0.9805,-0.1707,0.0979,0,0.1684,0.9852,0.0314,0,-0.1018,-0.0143,0.9947,0,12.8964,26.7163,-4.5484,1]},
{"frame":16,"values":[0.9827,-0.1647,0.0852,0,0.1627,0.9862,0.0297,0,-0.0889,-0.0154,0.9959,0,12.8964,26.7163,-4.5484,1]},
{"frame":17,"values":[0.9869,-0.1511,0.0573,0,0.1498,0.9884,0.0263,0,-0.0606,-0.0174,0.998,0,12.8964,26.7163,-4.5484,1]},
{"frame":18,"values":[0.9904,-0.1369,0.0186,0,0.1365,0.9904,0.0217,0,-0.0214,-0.019,0.9996,0,12.8964,26.7163,-4.5484,1]}],"loopBehavior":1,"name":"anim","property":"_matrix"}},
{"name":"LeftArm","index":8,"matrix":[0.4119,-0.7924,-0.4499,0,0.8686,0.4907,-0.0691,0,0.2755,-0.3623,0.8904,0,19.027,-4.857,-1.7184,1],"rest":[1,0,0,0,0,1,0,0,0,0,1,0,19.027,-4.857,-1.7184,1],"parentBoneIndex":7,"length":24.1799
,"animation":{"dataType":3,"framePerSecond":24,"keys":[
{"frame":1,"values":[0.4119,-0.7924,-0.4499,0,0.8686,0.4907,-0.0691,0,0.2755,-0.3623,0.8904,0,19.027,-4.857,-1.7184,1]},
{"frame":2,"values":[0.4587,-0.7356,-0.4985,0,0.8328,0.5516,-0.0476,0,0.31,-0.3934,0.8656,0,19.027,-4.857,-1.7184,1]},
{"frame":3,"values":[0.5307,-0.6668,-0.5233,0,0.7868,0.6171,0.0115,0,0.3152,-0.4178,0.8521,0,19.027,-4.857,-1.7184,1]},
{"frame":4,"values":[0.5973,-0.6032,-0.5285,0,0.7412,0.667,0.0763,0,0.3065,-0.4373,0.8455,0,19.027,-4.857,-1.7184,1]},
{"frame":5,"values":[0.641,-0.5697,-0.5143,0,0.7097,0.6951,0.1147,0,0.2922,-0.4385,0.8499,0,19.027,-4.857,-1.7184,1]},
{"frame":6,"values":[0.673,-0.5869,-0.4501,0,0.6929,0.7132,0.1062,0,0.2587,-0.3834,0.8866,0,19.027,-4.857,-1.7184,1]},
{"frame":7,"values":[0.6961,-0.6471,-0.3111,0,0.6927,0.7192,0.054,0,0.1888,-0.2531,0.9488,0,19.027,-4.857,-1.7184,1]},
{"frame":8,"values":[0.6806,-0.7214,-0.1274,0,0.7261,0.6874,-0.0133,0,0.0972,-0.0835,0.9918,0,19.027,-4.857,-1.7184,1]},
{"frame":9,"values":[0.6304,-0.7759,0.0212,0,0.7755,0.6284,-0.0611,0,0.0341,0.055,0.9979,0,19.027,-4.857,-1.7184,1]},
{"frame":10,"values":[0.5981,-0.7962,0.0914,0,0.801,0.5903,-0.0999,0,0.0256,0.133,0.9908,0,19.027,-4.857,-1.7184,1]},
{"frame":11,"values":[0.6085,-0.7873,0.0994,0,0.7913,0.5927,-0.1499,0,0.0591,0.1699,0.9837,0,19.027,-4.857,-1.7184,1]},
{"frame":12,"values":[0.637,-0.7666,0.0807,0,0.7639,0.6138,-0.1994,0,0.1034,0.1887,0.9766,0,19.027,-4.857,-1.7184,1]},
{"frame":13,"values":[0.6508,-0.7578,0.0471,0,0.7463,0.627,-0.2234,0,0.1397,0.1805,0.9736,0,19.027,-4.857,-1.7184,1]},
{"frame":14,"values":[0.6357,-0.7717,-0.0205,0,0.7523,0.6252,-0.2078,0,0.1732,0.1167,0.9779,0,19.027,-4.857,-1.7184,1]},
{"frame":15,"values":[0.5919,-0.7962,-0.1253,0,0.7804,0.605,-0.1579,0,0.2015,-0.0044,0.9795,0,19.027,-4.857,-1.7184,1]},
{"frame":16,"values":[0.5335,-0.812,-0.2367,0,0.8181,0.5664,-0.0991,0,0.2145,-0.1408,0.9665,0,19.027,-4.857,-1.7184,1]},
{"frame":17,"values":[0.4743,-0.8114,-0.3415,0,0.8502,0.5228,-0.0613,0,0.2283,-0.2612,0.9379,0,19.027,-4.857,-1.7184,1]},
{"frame":18,"values":[0.4119,-0.7924,-0.4499,0,0.8686,0.4907,-0.0691,0,0.2755,-0.3623,0.8904,0,19.027,-4.857,-1.7184,1]}],"loopBehavior":1,"name":"anim","property":"_matrix"}},
{"name":"LeftForeArm","index":9,"matrix":[-0.2501,-0.0641,0.9661,0,0.1066,0.9899,0.0933,0,-0.9623,0.1263,-0.2408,0,24.1799,0,0,1],"rest":[1,0,0,0,0,1,0,0,0,0,1,0,24.1799,0,0,1],"parentBoneIndex":8,"length":27.1564
,"animation":{"dataType":3,"framePerSecond":24,"keys":[
{"frame":1,"values":[-0.2501,-0.0641,0.9661,0,0.1066,0.9899,0.0933,0,-0.9623,0.1263,-0.2408,0,24.1799,0,0,1]},
{"frame":2,"values":[-0.1084,-0.1236,0.9864,0,0.0467,0.9905,0.1293,0,-0.993,0.0601,-0.1016,0,24.1799,0,0,1]},
{"frame":3,"values":[0.0375,-0.1609,0.9863,0,-0.0071,0.9869,0.1613,0,-0.9993,-0.013,0.0359,0,24.1799,0,0,1]},
{"frame":4,"values":[0.139,-0.1762,0.9745,0,-0.04,0.9822,0.1833,0,-0.9895,-0.0645,0.1294,0,24.1799,0,0,1]},
{"frame":5,"values":[0.1777,-0.184,0.9667,0,-0.0443,0.9799,0.1946,0,-0.9831,-0.0774,0.166,0,24.1799,0,0,1]},
{"frame":6,"values":[0.1675,-0.1959,0.9662,0,-0.0188,0.9792,0.2018,0,-0.9857,-0.0519,0.1603,0,24.1799,0,0,1]},
{"frame":7,"values":[0.1386,-0.204,0.9691,0,0.0262,0.979,0.2023,0,-0.99,-0.0027,0.141,0,24.1799,0,0,1]},
{"frame":8,"values":[0.1038,-0.1881,0.9767,0,0.0751,0.9806,0.1809,0,-0.9918,0.0545,0.1159,0,24.1799,0,0,1]},
{"frame":9,"values":[0.0502,-0.1375,0.9892,0,0.115,0.9847,0.1311,0,-0.9921,0.1072,0.0652,0,24.1799,0,0,1]},
{"frame":10,"values":[-0.0449,-0.0572,0.9974,0,0.1457,0.9873,0.0632,0,-0.9883,0.1482,-0.036,0,24.1799,0,0,1]},
{"frame":11,"values":[-0.1791,0.0369,0.9831,0,0.1763,0.9843,-0.0048,0,-0.9679,0.1725,-0.1828,0,24.1799,0,0,1]},
{"frame":12,"values":[-0.3167,0.1196,0.941,0,0.2073,0.9768,-0.0543,0,-0.9256,0.1778,-0.3341,0,24.1799,0,0,1]},
{"frame":13,"values":[-0.4216,0.166,0.8915,0,0.2275,0.971,-0.0732,0,-0.8778,0.172,-0.4472,0,24.1799,0,0,1]},
{"frame":14,"values":[-0.4803,0.1685,0.8607,0,0.2336,0.9705,-0.0597,0,-0.8454,0.1724,-0.5055,0,24.1799,0,0,1]},
{"frame":15,"values":[-0.4853,0.131,0.8645,0,0.2308,0.9728,-0.0179,0,-0.8433,0.1909,-0.5024,0,24.1799,0,0,1]},
{"frame":16,"values":[-0.4358,0.0656,0.8976,0,0.2189,0.9751,0.0351,0,-0.873,0.2118,-0.4393,0,24.1799,0,0,1]},
{"frame":17,"values":[-0.3454,-0.0088,0.9384,0,0.1821,0.9803,0.0762,0,-0.9206,0.1972,-0.337,0,24.1799,0,0,1]},
{"frame":18,"values":[-0.2501,-0.0641,0.9661,0,0.1066,0.9899,0.0933,0,-0.9623,0.1263,-0.2408,0,24.1799,0,0,1]}],"loopBehavior":1,"name":"anim","property":"_matrix"}},
{"name":"LeftHand","index":10,"matrix":[0.9333,-0.015,0.3589,0,-0.0442,0.9868,0.1561,0,-0.3565,-0.1615,0.9202,0,27.1564,0.0001,0,1],"rest":[1,0,0,0,0,1,0,0,0,0,1,0,27.1564,0.0001,0,1],"parentBoneIndex":9,"length":13.2912
,"animation":{"dataType":3,"framePerSecond":24,"keys":[
{"frame":1,"values":[0.9333,-0.015,0.3589,0,-0.0442,0.9868,0.1561,0,-0.3565,-0.1615,0.9202,0,27.1564,0.0001,0,1]},
{"frame":2,"values":[0.9317,-0.0268,0.3624,0,-0.0493,0.9788,0.199,0,-0.36,-0.2033,0.9105,0,27.1564,0.0001,0,1]},
{"frame":3,"values":[0.93,-0.0252,0.3668,0,-0.0558,0.9764,0.2085,0,-0.3634,-0.2144,0.9066,0,27.1564,0.0001,0,1]},
{"frame":4,"values":[0.9288,-0.0187,0.3702,0,-0.0585,0.9789,0.196,0,-0.366,-0.2037,0.908,0,27.1564,0.0001,0,1]},
{"frame":5,"values":[0.9281,-0.0144,0.3721,0,-0.0537,0.9836,0.1719,0,-0.3685,-0.1795,0.9121,0,27.1564,0.0001,0,1]},
{"frame":6,"values":[0.9265,-0.0113,0.3761,0,-0.0428,0.9899,0.1351,0,-0.3738,-0.1413,0.9167,0,27.1564,0.0001,0,1]},
{"frame":7,"values":[0.9229,0.0007,0.3851,0,-0.0363,0.9957,0.0851,0,-0.3834,-0.0925,0.919,0,27.1564,0.0001,0,1]},
{"frame":8,"values":[0.9171,0.0301,0.3975,0,-0.0468,0.9984,0.0324,0,-0.3959,-0.0483,0.917,0,27.1564,0.0001,0,1]},
{"frame":9,"values":[0.9098,0.067,0.4097,0,-0.0711,0.9975,-0.0054,0,-0.409,-0.0242,0.9122,0,27.1564,0.0001,0,1]},
{"frame":10,"values":[0.9027,0.0915,0.4204,0,-0.0913,0.9956,-0.0206,0,-0.4204,-0.0198,0.9071,0,27.1564,0.0001,0,1]},
{"frame":11,"values":[0.899,0.0922,0.4281,0,-0.0921,0.9955,-0.021,0,-0.4281,-0.0206,0.9035,0,27.1564,0.0001,0,1]},
{"frame":12,"values":[0.8995,0.074,0.4306,0,-0.0741,0.9971,-0.0167,0,-0.4306,-0.0169,0.9024,0,27.1564,0.0001,0,1]},
{"frame":13,"values":[0.9022,0.047,0.4288,0,-0.049,0.9988,-0.0065,0,-0.4286,-0.0152,0.9034,0,27.1564,0.0001,0,1]},
{"frame":14,"values":[0.906,0.0191,0.4229,0,-0.0292,0.9994,0.0173,0,-0.4224,-0.028,0.906,0,27.1564,0.0001,0,1]},
{"frame":15,"values":[0.9096,0.0049,0.4154,0,-0.0273,0.9985,0.0481,0,-0.4145,-0.0551,0.9084,0,27.1564,0.0001,0,1]},
{"frame":16,"values":[0.9112,0.0133,0.4117,0,-0.0456,0.9966,0.0687,0,-0.4093,-0.0814,0.9087,0,27.1564,0.0001,0,1]},
{"frame":17,"values":[0.9154,0.0211,0.4021,0,-0.0625,0.994,0.0902,0,-0.3978,-0.1077,0.9112,0,27.1564,0.0001,0,1]},
{"frame":18,"values":[0.9333,-0.015,0.3589,0,-0.0442,0.9868,0.1561,0,-0.3565,-0.1615,0.9202,0,27.1564,0.0001,0,1]}],"loopBehavior":1,"name":"anim","property":"_matrix"}},
{"name":"LeftHandIndex1","index":11,"matrix":[0.2058,-0.9726,0.1081,0,0.9737,0.2146,0.0771,0,-0.0981,0.0893,0.9912,0,16.4412,0,0,1],"rest":[1,0,0,0,0,1,0,0,0,0,1,0,16.4412,0,0,1],"parentBoneIndex":10,"length":4.8219
,"animation":{"dataType":3,"framePerSecond":24,"keys":[
{"frame":1,"values":[0.2058,-0.9726,0.1081,0,0.9737,0.2146,0.0771,0,-0.0981,0.0893,0.9912,0,16.4412,0,0,1]},
{"frame":2,"values":[0.2442,-0.9638,0.1069,0,0.9648,0.2526,0.0729,0,-0.0973,0.0854,0.9916,0,16.4412,0,0,1]},
{"frame":3,"values":[0.3249,-0.94,0.104,0,0.941,0.3323,0.0643,0,-0.095,0.077,0.9925,0,16.4412,0,0,1]},
{"frame":4,"values":[0.4042,-0.9091,0.1003,0,0.91,0.4108,0.0558,0,-0.0919,0.0688,0.9934,0,16.4412,0,0,1]},
{"frame":5,"values":[0.4422,-0.8915,0.0983,0,0.8924,0.4483,0.0517,0,-0.0901,0.0648,0.9938,0,16.4412,0,0,1]},
{"frame":6,"values":[0.4344,-0.8953,0.0987,0,0.8962,0.4406,0.0525,0,-0.0905,0.0656,0.9937,0,16.4412,0,0,1]},
{"frame":7,"values":[0.4107,-0.9063,0.1,0,0.9072,0.4172,0.0551,0,-0.0916,0.0681,0.9935,0,16.4412,0,0,1]},
{"frame":8,"values":[0.3753,-0.9213,0.1018,0,0.9222,0.3822,0.0588,0,-0.0931,0.0718,0.9931,0,16.4412,0,0,1]},
{"frame":9,"values":[0.3325,-0.9374,0.1037,0,0.9383,0.3399,0.0634,0,-0.0947,0.0762,0.9926,0,16.4412,0,0,1]},
{"frame":10,"values":[0.2866,-0.9522,0.1055,0,0.9532,0.2945,0.0684,0,-0.0962,0.081,0.9921,0,16.4412,0,0,1]},
{"frame":11,"values":[0.2425,-0.9642,0.107,0,0.9653,0.2509,0.0731,0,-0.0973,0.0856,0.9916,0,16.4412,0,0,1]},
{"frame":12,"values":[0.205,-0.9728,0.1081,0,0.9738,0.2138,0.0771,0,-0.0982,0.0894,0.9911,0,16.4412,0,0,1]},
{"frame":13,"values":[0.1794,-0.9778,0.1087,0,0.9788,0.1884,0.0799,0,-0.0986,0.0921,0.9909,0,16.4412,0,0,1]},
{"frame":14,"values":[0.1701,-0.9794,0.1089,0,0.9805,0.1793,0.0809,0,-0.0988,0.093,0.9908,0,16.4412,0,0,1]},
{"frame":15,"values":[0.1761,-0.9783,0.1088,0,0.9794,0.1852,0.0803,0,-0.0987,0.0924,0.9908,0,16.4412,0,0,1]},
{"frame":16,"values":[0.1883,-0.9761,0.1085,0,0.9772,0.1972,0.079,0,-0.0985,0.0912,0.991,0,16.4412,0,0,1]},
{"frame":17,"values":[0.2002,-0.9738,0.1082,0,0.9748,0.2091,0.0777,0,-0.0982,0.0899,0.9911,0,16.4412,0,0,1]},
{"frame":18,"values":[0.2058,-0.9726,0.1081,0,0.9736,0.2146,0.0771,0,-0.0982,0.0894,0.9911,0,16.4412,0,0,1]}],"loopBehavior":1,"name":"anim","property":"_matrix"}},
{"name":"LeftHandIndex2","index":12,"matrix":[0.0679,-0.9911,0.1145,0,0.995,0.0757,0.0649,0,-0.073,0.1096,0.9913,0,4.8219,0.0001,0,1],"rest":[1,0,0,0,0,1,0,0,0,0,1,0,4.8219,0.0001,0,1],"parentBoneIndex":11,"length":6.3865
,"animation":{"dataType":3,"framePerSecond":24,"keys":[
{"frame":1,"values":[0.0679,-0.9911,0.1145,0,0.995,0.0757,0.0649,0,-0.073,0.1096,0.9913,0,4.8219,0.0001,0,1]},
{"frame":2,"values":[0.1071,-0.9879,0.1121,0,0.9916,0.1144,0.0606,0,-0.0727,0.1047,0.9918,0,4.8219,0.0001,0,1]},
{"frame":3,"values":[0.1902,-0.976,0.1064,0,0.9791,0.1965,0.0519,0,-0.0715,0.0943,0.993,0,4.8219,0.0001,0,1]},
{"frame":4,"values":[0.273,-0.9568,0.0999,0,0.9595,0.2783,0.0435,0,-0.0694,0.084,0.994,0,4.8219,0.0001,0,1]},
{"frame":5,"values":[0.313,-0.9449,0.0965,0,0.9473,0.3178,0.0396,0,-0.0681,0.079,0.9945,0,4.8219,0.0001,0,1]},
{"frame":6,"values":[0.3047,-0.9475,0.0972,0,0.95,0.3097,0.0404,0,-0.0684,0.08,0.9944,0,4.8219,0.0001,0,1]},
{"frame":7,"values":[0.2798,-0.9549,0.0993,0,0.9576,0.285,0.0428,0,-0.0692,0.0831,0.9941,0,4.8219,0.0001,0,1]},
{"frame":8,"values":[0.2427,-0.9647,0.1024,0,0.9676,0.2484,0.0465,0,-0.0703,0.0878,0.9937,0,4.8219,0.0001,0,1]},
{"frame":9,"values":[0.1981,-0.9744,0.1058,0,0.9776,0.2043,0.051,0,-0.0714,0.0934,0.9931,0,4.8219,0.0001,0,1]},
{"frame":10,"values":[0.1507,-0.9825,0.1092,0,0.9859,0.1574,0.056,0,-0.0722,0.0993,0.9924,0,4.8219,0.0001,0,1]},
{"frame":11,"values":[0.1053,-0.9881,0.1122,0,0.9918,0.1126,0.0608,0,-0.0727,0.1049,0.9918,0,4.8219,0.0001,0,1]},
{"frame":12,"values":[0.067,-0.9911,0.1146,0,0.9951,0.0748,0.065,0,-0.073,0.1097,0.9913,0,4.8219,0.0001,0,1]},
{"frame":13,"values":[0.041,-0.9924,0.1161,0,0.9965,0.0491,0.0678,0,-0.073,0.1129,0.9909,0,4.8219,0.0001,0,1]},
{"frame":14,"values":[0.0316,-0.9927,0.1166,0,0.9968,0.0399,0.0689,0,-0.073,0.1141,0.9908,0,4.8219,0.0001,0,1]},
{"frame":15,"values":[0.0377,-0.9925,0.1163,0,0.9966,0.0459,0.0682,0,-0.073,0.1133,0.9909,0,4.8219,0.0001,0,1]},
{"frame":16,"values":[0.05,-0.992,0.1156,0,0.9961,0.058,0.0668,0,-0.073,0.1118,0.991,0,4.8219,0.0001,0,1]},
{"frame":17,"values":[0.0622,-0.9914,0.1149,0,0.9954,0.0701,0.0655,0,-0.073,0.1103,0.9912,0,4.8219,0.0001,0,1]},
{"frame":18,"values":[0.0679,-0.9911,0.1145,0,0.995,0.0757,0.0649,0,-0.073,0.1096,0.9913,0,4.8219,0.0001,0,1]}],"loopBehavior":1,"name":"anim","property":"_matrix"}},
{"name":"LeftHandIndex3","index":13,"matrix":[0.9994,0.0344,-0.002,0,-0.0344,0.9994,0,0,0.002,0,1,0,6.3865,0,0,1],"rest":[0.9994,0.0344,-0.002,0,-0.0344,0.9994,0,0,0.002,0,1,0,6.3865,0,0,1],"parentBoneIndex":12,"length":5.189
,"animation":{"dataType":3,"framePerSecond":24,"keys":[
{"frame":1,"values":[0.9994,0.0344,-0.002,0,-0.0344,0.9994,0,0,0.002,0,1,0,6.3865,0,0,1]},
{"frame":18,"values":[0.9994,0.0344,-0.002,0,-0.0344,0.9994,0,0,0.002,0,1,0,6.3865,0,0,1]}],"loopBehavior":1,"name":"anim","property":"_matrix"}},
{"name":"LeftHandIndex4","index":14,"matrix":[1,0,0,0,0,1,0,0,0,0,1,0,5.1859,-0.1787,0.0103,1],"rest":[1,0,0,0,0,1,0,0,0,0,1,0,5.1859,-0.1787,0.0103,1],"parentBoneIndex":13,"length":5.189
,"animation":{"dataType":3,"framePerSecond":24,"keys":[
{"frame":1,"values":[1,0,0,0,0,1,0,0,0,0,1,0,5.1859,-0.1787,0.0103,1]},
{"frame":18,"values":[1,0,0,0,0,1,0,0,0,0,1,0,5.1859,-0.1787,0.0103,1]}],"loopBehavior":1,"name":"anim","property":"_matrix"}},
{"name":"LeftHandThumb1","index":15,"matrix":[0.9859,-0.1064,0.1288,0,0.1143,0.9919,-0.0553,0,-0.1218,0.0692,0.9901,0,6.5349,-5.0326,5.9003,1],"rest":[1,0,0,0,0,1,0,0,0,0,1,0,6.5349,-5.0326,5.9003,1],"parentBoneIndex":10,"length":4.9292
,"animation":{"dataType":3,"framePerSecond":24,"keys":[
{"frame":1,"values":[0.9859,-0.1064,0.1288,0,0.1143,0.9919,-0.0553,0,-0.1218,0.0692,0.9901,0,6.5349,-5.0326,5.9003,1]},
{"frame":18,"values":[0.9859,-0.1064,0.1288,0,0.1143,0.9919,-0.0553,0,-0.1218,0.0692,0.9901,0,6.5349,-5.0326,5.9003,1]}],"loopBehavior":1,"name":"anim","property":"_matrix"}},
{"name":"LeftHandThumb2","index":16,"matrix":[0.9739,0.068,-0.2168,0,-0.0406,0.9909,0.1284,0,0.2235,-0.1163,0.9677,0,3.8182,-2.2044,2.2044,1],"rest":[1,0,0,0,0,1,0,0,0,0,1,0,3.8182,-2.2044,2.2044,1],"parentBoneIndex":15,"length":4.1984
,"animation":{"dataType":3,"framePerSecond":24,"keys":[
{"frame":1,"values":[0.9739,0.068,-0.2168,0,-0.0406,0.9909,0.1284,0,0.2235,-0.1163,0.9677,0,3.8182,-2.2044,2.2044,1]},
{"frame":18,"values":[0.9739,0.068,-0.2168,0,-0.0406,0.9909,0.1284,0,0.2235,-0.1163,0.9677,0,3.8182,-2.2044,2.2044,1]}],"loopBehavior":1,"name":"anim","property":"_matrix"}},
{"name":"LeftHandThumb3","index":17,"matrix":[1,0,0,0,0,1,0,0,0,0,1,0,3.2521,-1.8776,1.8776,1],"rest":[1,0,0,0,0,1,0,0,0,0,1,0,3.2521,-1.8776,1.8776,1],"parentBoneIndex":16,"length":6.78
,"animation":{"dataType":3,"framePerSecond":24,"keys":[
{"frame":1,"values":[1,0,0,0,0,1,0,0,0,0,1,0,3.2521,-1.8776,1.8776,1]},
{"frame":18,"values":[1,0,0,0,0,1,0,0,0,0,1,0,3.2521,-1.8776,1.8776,1]}],"loopBehavior":1,"name":"anim","property":"_matrix"}},
{"name":"LeftHandThumb4","index":18,"matrix":[1,0,0,0,0,1,0,0,0,0,1,0,5.2518,-3.0321,3.0321,1],"rest":[1,0,0,0,0,1,0,0,0,0,1,0,5.2518,-3.0321,3.0321,1],"parentBoneIndex":17,"length":6.78
,"animation":{"dataType":3,"framePerSecond":24,"keys":[
{"frame":1,"values":[1,0,0,0,0,1,0,0,0,0,1,0,5.2518,-3.0321,3.0321,1]},
{"frame":18,"values":[1,0,0,0,0,1,0,0,0,0,1,0,5.2518,-3.0321,3.0321,1]}],"loopBehavior":1,"name":"anim","property":"_matrix"}},
{"name":"RightShoulder","index":19,"matrix":[0.9841,0.1452,-0.1024,0,-0.143,0.9893,0.0286,0,0.1055,-0.0135,0.9943,0,-12.8963,26.7163,-4.5484,1],"rest":[1,0,0,0,0,1,0,0,0,0,1,0,-12.8963,26.7163,-4.5484,1],"parentBoneIndex":3,"length":19.7122
,"animation":{"dataType":3,"framePerSecond":24,"keys":[
{"frame":1,"values":[0.9841,0.1452,-0.1024,0,-0.143,0.9893,0.0286,0,0.1055,-0.0135,0.9943,0,-12.8963,26.7163,-4.5484,1]},
{"frame":2,"values":[0.9832,0.1241,-0.1341,0,-0.1206,0.9921,0.034,0,0.1373,-0.0173,0.9904,0,-12.8963,26.7163,-4.5484,1]},
{"frame":3,"values":[0.981,0.1321,-0.1417,0,-0.1284,0.9911,0.0352,0,0.1451,-0.0163,0.9893,0,-12.8963,26.7163,-4.5484,1]},
{"frame":4,"values":[0.9817,0.1343,-0.1347,0,-0.1309,0.9908,0.0341,0,0.1381,-0.0158,0.9903,0,-12.8963,26.7163,-4.5484,1]},
{"frame":5,"values":[0.9803,0.1242,-0.1538,0,-0.1199,0.9921,0.0371,0,0.1572,-0.0179,0.9874,0,-12.8963,26.7163,-4.5484,1]},
{"frame":6,"values":[0.9822,0.1149,-0.1486,0,-0.1107,0.9932,0.0362,0,0.1517,-0.0191,0.9882,0,-12.8963,26.7163,-4.5484,1]},
{"frame":7,"values":[0.9835,0.1255,-0.1303,0,-0.1222,0.992,0.0333,0,0.1335,-0.0169,0.9909,0,-12.8963,26.7163,-4.5484,1]},
{"frame":8,"values":[0.9863,0.1269,-0.1051,0,-0.1245,0.9918,0.0293,0,0.108,-0.0158,0.994,0,-12.8963,26.7163,-4.5484,1]},
{"frame":9,"values":[0.9895,0.114,-0.0888,0,-0.112,0.9933,0.0269,0,0.0913,-0.0167,0.9957,0,-12.8963,26.7163,-4.5484,1]},
{"frame":10,"values":[0.9909,0.1274,-0.0438,0,-0.1267,0.9918,0.0192,0,0.0459,-0.0135,0.9989,0,-12.8963,26.7163,-4.5484,1]},
{"frame":11,"values":[0.9952,0.0963,-0.0201,0,-0.0959,0.9952,0.017,0,0.0217,-0.015,0.9997,0,-12.8963,26.7163,-4.5484,1]},
{"frame":12,"values":[0.9983,0.0588,-0.0007,0,-0.0588,0.9981,0.0163,0,0.0017,-0.0163,0.9999,0,-12.8963,26.7163,-4.5484,1]},
{"frame":13,"values":[0.9986,0.042,0.0333,0,-0.0425,0.999,0.013,0,-0.0327,-0.0144,0.9994,0,-12.8963,26.7163,-4.5484,1]},
{"frame":14,"values":[0.9981,0.0483,0.0371,0,-0.0488,0.9987,0.0119,0,-0.0365,-0.0137,0.9992,0,-12.8963,26.7163,-4.5484,1]},
{"frame":15,"values":[0.9969,0.0758,0.0223,0,-0.0761,0.997,0.0117,0,-0.0213,-0.0134,0.9997,0,-12.8963,26.7163,-4.5484,1]},
{"frame":16,"values":[0.9933,0.1155,0.0043,0,-0.1155,0.9932,0.0117,0,-0.0029,-0.0121,0.9999,0,-12.8963,26.7163,-4.5484,1]},
{"frame":17,"values":[0.9882,0.145,-0.0498,0,-0.1442,0.9894,0.0194,0,0.052,-0.012,0.9986,0,-12.8963,26.7163,-4.5484,1]},
{"frame":18,"values":[0.9841,0.1452,-0.1024,0,-0.143,0.9893,0.0286,0,0.1055,-0.0135,0.9943,0,-12.8963,26.7163,-4.5484,1]}],"loopBehavior":1,"name":"anim","property":"_matrix"}},
{"name":"RightArm","index":20,"matrix":[0.6254,0.7564,0.1917,0,-0.7579,0.6472,-0.0813,0,-0.1856,-0.0945,0.9781,0,-19.027,-4.857,-1.7184,1],"rest":[1,0,0,0,0,1,0,0,0,0,1,0,-19.027,-4.857,-1.7184,1],"parentBoneIndex":19,"length":24.1799
,"animation":{"dataType":3,"framePerSecond":24,"keys":[
{"frame":1,"values":[0.6254,0.7564,0.1917,0,-0.7579,0.6472,-0.0813,0,-0.1856,-0.0945,0.9781,0,-19.027,-4.857,-1.7184,1]},
{"frame":2,"values":[0.64,0.7653,0.0685,0,-0.7578,0.6434,-0.1086,0,-0.1272,0.0176,0.9917,0,-19.027,-4.857,-1.7184,1]},
{"frame":3,"values":[0.6357,0.7703,0.0503,0,-0.762,0.6366,-0.1184,0,-0.1233,0.0369,0.9917,0,-19.027,-4.857,-1.7184,1]},
{"frame":4,"values":[0.6563,0.7541,0.0256,0,-0.7477,0.6545,-0.1121,0,-0.1013,0.0544,0.9934,0,-19.027,-4.857,-1.7184,1]},
{"frame":5,"values":[0.6646,0.747,0.0175,0,-0.7433,0.6634,-0.0858,0,-0.0757,0.044,0.9962,0,-19.027,-4.857,-1.7184,1]},
{"frame":6,"values":[0.654,0.7531,0.0713,0,-0.7502,0.6578,-0.0665,0,-0.097,-0.01,0.9952,0,-19.027,-4.857,-1.7184,1]},
{"frame":7,"values":[0.6123,0.766,0.1958,0,-0.7725,0.6324,-0.0581,0,-0.1684,-0.1156,0.9789,0,-19.027,-4.857,-1.7184,1]},
{"frame":8,"values":[0.5636,0.7811,0.2688,0,-0.8017,0.5956,-0.0497,0,-0.1989,-0.1875,0.9619,0,-19.027,-4.857,-1.7184,1]},
{"frame":9,"values":[0.5508,0.7689,0.3247,0,-0.8034,0.5939,-0.0432,0,-0.2261,-0.2371,0.9448,0,-19.027,-4.857,-1.7184,1]},
{"frame":10,"values":[0.5693,0.6923,0.4434,0,-0.7619,0.6469,-0.0319,0,-0.3089,-0.3197,0.8958,0,-19.027,-4.857,-1.7184,1]},
{"frame":11,"values":[0.5771,0.5682,0.5867,0,-0.6976,0.7164,-0.0077,0,-0.4247,-0.4048,0.8098,0,-19.027,-4.857,-1.7184,1]},
{"frame":12,"values":[0.5628,0.489,0.6664,0,-0.6608,0.7505,0.0073,0,-0.4966,-0.4445,0.7455,0,-19.027,-4.857,-1.7184,1]},
{"frame":13,"values":[0.5302,0.4858,0.6949,0,-0.6778,0.7352,0.0032,0,-0.5094,-0.4727,0.7191,0,-19.027,-4.857,-1.7184,1]},
{"frame":14,"values":[0.5003,0.5137,0.697,0,-0.7107,0.7034,-0.0083,0,-0.4945,-0.4912,0.717,0,-19.027,-4.857,-1.7184,1]},
{"frame":15,"values":[0.5424,0.5562,0.6296,0,-0.7146,0.6995,-0.0023,0,-0.4417,-0.4487,0.7769,0,-19.027,-4.857,-1.7184,1]},
{"frame":16,"values":[0.5913,0.6307,0.5026,0,-0.7245,0.6891,-0.0125,0,-0.3542,-0.3567,0.8645,0,-19.027,-4.857,-1.7184,1]},
{"frame":17,"values":[0.624,0.7209,0.3015,0,-0.7455,0.6649,-0.0468,0,-0.2342,-0.1956,0.9523,0,-19.027,-4.857,-1.7184,1]},
{"frame":18,"values":[0.6254,0.7564,0.1917,0,-0.7579,0.6472,-0.0813,0,-0.1856,-0.0945,0.9781,0,-19.027,-4.857,-1.7184,1]}],"loopBehavior":1,"name":"anim","property":"_matrix"}},
{"name":"RightForeArm","index":21,"matrix":[0.0226,-0.0183,-0.9996,0,-0.1594,0.987,-0.0217,0,0.987,0.1598,0.0194,0,-24.1799,0,0,1],"rest":[1,0,0,0,0,1,0,0,0,0,1,0,-24.1799,0,0,1],"parentBoneIndex":20,"length":27.1564
,"animation":{"dataType":3,"framePerSecond":24,"keys":[
{"frame":1,"values":[0.0226,-0.0183,-0.9996,0,-0.1594,0.987,-0.0217,0,0.987,0.1598,0.0194,0,-24.1799,0,0,1]},
{"frame":2,"values":[-0.041,-0.0637,-0.9971,0,-0.1916,0.9799,-0.0547,0,0.9806,0.1889,-0.0524,0,-24.1799,0,0,1]},
{"frame":3,"values":[-0.1301,-0.0998,-0.9865,0,-0.2774,0.9588,-0.0604,0,0.9519,0.2658,-0.1524,0,-24.1799,0,0,1]},
{"frame":4,"values":[-0.2132,-0.1093,-0.9709,0,-0.2683,0.9621,-0.0494,0,0.9395,0.25,-0.2344,0,-24.1799,0,0,1]},
{"frame":5,"values":[-0.2524,-0.0891,-0.9635,0,-0.266,0.9638,-0.0194,0,0.9303,0.2514,-0.267,0,-24.1799,0,0,1]},
{"frame":6,"values":[-0.2451,-0.0719,-0.9668,0,-0.2637,0.9646,-0.0049,0,0.9329,0.2538,-0.2553,0,-24.1799,0,0,1]},
{"frame":7,"values":[-0.1989,-0.0536,-0.9786,0,-0.2414,0.9704,-0.0041,0,0.9498,0.2354,-0.206,0,-24.1799,0,0,1]},
{"frame":8,"values":[-0.0198,0.0002,-0.9998,0,-0.1961,0.9806,0.0041,0,0.9804,0.1961,-0.0194,0,-24.1799,0,0,1]},
{"frame":9,"values":[0.2127,0.0946,-0.9725,0,-0.1488,0.9868,0.0634,0,0.9657,0.1313,0.224,0,-24.1799,0,0,1]},
{"frame":10,"values":[0.2638,0.1528,-0.9524,0,-0.1434,0.9826,0.1179,0,0.9538,0.1055,0.2812,0,-24.1799,0,0,1]},
{"frame":11,"values":[0.2122,0.1782,-0.9608,0,-0.1395,0.9787,0.1507,0,0.9672,0.1021,0.2325,0,-24.1799,0,0,1]},
{"frame":12,"values":[0.1719,0.1718,-0.97,0,-0.1495,0.9778,0.1467,0,0.9737,0.1198,0.1938,0,-24.1799,0,0,1]},
{"frame":13,"values":[0.1385,0.1514,-0.9787,0,-0.1221,0.9833,0.1348,0,0.9828,0.1009,0.1547,0,-24.1799,0,0,1]},
{"frame":14,"values":[0.094,0.1245,-0.9878,0,-0.1213,0.9862,0.1127,0,0.9882,0.1093,0.1078,0,-24.1799,0,0,1]},
{"frame":15,"values":[0.0407,0.111,-0.993,0,-0.1076,0.9885,0.1061,0,0.9934,0.1025,0.0522,0,-24.1799,0,0,1]},
