{"producer":{"name":"Blender","version":"2.90.0","exporter_version":"2.80.1","file":"runstrafeleft.babylon"},
"autoClear":true,"clearColor":[0.0509,0.0509,0.0509],"gravity":[0,-9.81,0],
"materials":[{"name":"Material","id":"Material","customType":"BABYLON.PBRMaterial","backFaceCulling":true,"checkReadyOnlyOnce":false,"maxSimultaneousLights":4,"environmentIntensity":1,"albedo":[0.8,0.8,0.8],"reflectivity":[0.5,0.5,0.5],"roughness":0.4,"alpha":1,"transparencyMode":0,"alphaCutOff":0.4,"metallic":0}],
"multiMaterials":[],
"skeletons":[{"name":"Armature","id":0,"dimensionsAtRest":[232.1761,222.9347,36.3014],"bones":[
{"name":"Hips","index":0,"matrix":[0.272,-0.128,0.9537,0,0.3441,0.9385,0.0279,0,0.8987,-0.3206,-0.2993,0,-0.6328,73.9508,-0.5487,1],"rest":[1,0,0,0,0,1,0,0,0,0,-1,0,0,89.0054,0,1],"parentBoneIndex":-1,"length":14.2998
,"animation":{"dataType":3,"framePerSecond":24,"keys":[
{"frame":1,"values":[0.272,-0.128,0.9537,0,0.3441,0.9385,0.0279,0,0.8987,-0.3206,-0.2993,0,-0.6328,73.9508,-0.5487,1]},
{"frame":2,"values":[0.28,-0.1068,0.954,0,0.3362,0.9418,0.0068,0,0.8992,-0.3188,-0.2996,0,-0.6319,74.3242,-0.3262,1]},
{"frame":3,"values":[0.281,-0.0234,0.9594,0,0.3208,0.9445,-0.0709,0,0.9045,-0.3277,-0.2729,0,-0.4416,76.3446,0.1387,1]},
{"frame":4,"values":[0.2567,0.0295,0.966,0,0.3321,0.936,-0.1168,0,0.9076,-0.3508,-0.2304,0,-0.4802,77.4724,0.037,1]},
{"frame":5,"values":[0.2318,0.0174,0.9726,0,0.3505,0.9312,-0.1002,0,0.9074,-0.3642,-0.2098,0,-1.2258,78.0847,0.1072,1]},
{"frame":6,"values":[0.213,0.0053,0.977,0,0.3408,0.9368,-0.0794,0,0.9157,-0.3499,-0.1977,0,-2.7187,77.1258,0.0086,1]},
{"frame":7,"values":[0.178,0.0285,0.9836,0,0.3277,0.9408,-0.0865,0,0.9279,-0.3378,-0.1582,0,-3.1618,75.398,-0.1059,1]},
{"frame":8,"values":[0.1701,0.0326,0.9849,0,0.3326,0.9389,-0.0886,0,0.9276,-0.3426,-0.1489,0,-4.0754,74.3059,-0.0928,1]},
{"frame":9,"values":[0.1556,0.0223,0.9876,0,0.3434,0.9362,-0.0753,0,0.9262,-0.3509,-0.138,0,-3.5228,74.095,-0.1062,1]},
{"frame":10,"values":[0.1246,-0.0323,0.9917,0,0.362,0.932,-0.0151,0,0.9238,-0.3609,-0.1278,0,-2.6128,75.3504,0.0693,1]},
{"frame":11,"values":[0.1215,-0.0791,0.9894,0,0.3625,0.9315,0.0299,0,0.924,-0.355,-0.1419,0,-0.3395,77.4288,0.5048,1]},
{"frame":12,"values":[0.1472,-0.1105,0.9829,0,0.3558,0.9331,0.0516,0,0.9229,-0.3421,-0.1767,0,0.4203,77.7987,0.7909,1]},
{"frame":13,"values":[0.1729,-0.0643,0.9828,0,0.3326,0.9431,0.0032,0,0.9271,-0.3263,-0.1845,0,0.8755,76.2338,0.5699,1]},
{"frame":14,"values":[0.2214,-0.0518,0.9738,0,0.2996,0.9539,-0.0174,0,0.928,-0.2956,-0.2267,0,0.1372,76.322,0.3334,1]},
{"frame":15,"values":[0.2343,-0.0782,0.969,0,0.2912,0.9566,0.0068,0,0.9275,-0.2806,-0.2469,0,-0.5866,75.9833,0.0445,1]},
{"frame":16,"values":[0.2412,-0.1153,0.9636,0,0.3341,0.9421,0.0291,0,0.9112,-0.3149,-0.2658,0,-1.1431,73.7097,-0.3893,1]},
{"frame":17,"values":[0.272,-0.128,0.9537,0,0.3441,0.9385,0.0279,0,0.8987,-0.3206,-0.2993,0,-0.6328,73.9508,-0.5487,1]}],"loopBehavior":1,"name":"anim","property":"_matrix"}},
{"name":"Spine","index":1,"matrix":[0.9823,0.1184,0.1452,0,-0.1396,0.9793,0.1463,0,-0.1249,-0.164,0.9785,0,0.1169,10.681,0.3734,1],"rest":[1,0,0,0,0,1,0,0,0,0,1,0,0.1169,10.681,0.3734,1],"parentBoneIndex":0,"length":13.8405
,"animation":{"dataType":3,"framePerSecond":24,"keys":[
{"frame":1,"values":[0.9823,0.1184,0.1452,0,-0.1396,0.9793,0.1463,0,-0.1249,-0.164,0.9785,0,0.1169,10.681,0.3734,1]},
{"frame":2,"values":[0.9912,0.0852,0.1015,0,-0.0996,0.9843,0.1456,0,-0.0875,-0.1544,0.9841,0,0.1169,10.681,0.3734,1]},
{"frame":3,"values":[0.9976,0.0188,0.0669,0,-0.0273,0.9914,0.1279,0,-0.0639,-0.1294,0.9895,0,0.1169,10.681,0.3734,1]},
{"frame":4,"values":[0.9993,-0.0233,0.0288,0,0.0199,0.9933,0.1136,0,-0.0312,-0.113,0.9931,0,0.1169,10.681,0.3734,1]},
{"frame":5,"values":[0.9999,-0.0157,0.0049,0,0.015,0.9933,0.1147,0,-0.0067,-0.1147,0.9934,0,0.1169,10.681,0.3734,1]},
{"frame":6,"values":[0.9997,0.008,0.0209,0,-0.0106,0.9923,0.1231,0,-0.0198,-0.1233,0.9922,0,0.1169,10.681,0.3734,1]},
{"frame":7,"values":[0.9971,0.0113,0.0756,0,-0.021,0.9914,0.1295,0,-0.0735,-0.1307,0.9887,0,0.1169,10.681,0.3734,1]},
{"frame":8,"values":[0.989,-0.0031,0.1476,0,-0.0182,0.9896,0.1425,0,-0.1466,-0.1436,0.9787,0,0.1169,10.681,0.3734,1]},
{"frame":9,"values":[0.9785,0.0142,0.2056,0,-0.0463,0.9873,0.1523,0,-0.2009,-0.1585,0.9667,0,0.1169,10.681,0.3734,1]},
{"frame":10,"values":[0.9617,0.0803,0.262,0,-0.1203,0.9828,0.1402,0,-0.2463,-0.1664,0.9548,0,0.1169,10.681,0.3734,1]},
{"frame":11,"values":[0.9366,0.1409,0.3209,0,-0.1874,0.9751,0.1189,0,-0.2962,-0.1715,0.9396,0,0.1169,10.681,0.3734,1]},
{"frame":12,"values":[0.9185,0.1573,0.3627,0,-0.2073,0.9728,0.1032,0,-0.3366,-0.17,0.9262,0,0.1169,10.681,0.3734,1]},
{"frame":13,"values":[0.9141,0.1293,0.3842,0,-0.1778,0.9796,0.0934,0,-0.3643,-0.1537,0.9185,0,0.1169,10.681,0.3734,1]},
{"frame":14,"values":[0.9298,0.1038,0.3532,0,-0.1471,0.9842,0.0982,0,-0.3375,-0.1432,0.9304,0,0.1169,10.681,0.3734,1]},
{"frame":15,"values":[0.9537,0.1157,0.2777,0,-0.1519,0.982,0.1126,0,-0.2597,-0.1495,0.954,0,0.1169,10.681,0.3734,1]},
{"frame":16,"values":[0.9731,0.1309,0.1895,0,-0.1569,0.9791,0.1294,0,-0.1686,-0.1557,0.9733,0,0.1169,10.681,0.3734,1]},
{"frame":17,"values":[0.9823,0.1184,0.1452,0,-0.1396,0.9793,0.1463,0,-0.1249,-0.164,0.9785,0,0.1169,10.681,0.3734,1]}],"loopBehavior":1,"name":"anim","property":"_matrix"}},
{"name":"Spine1","index":2,"matrix":[0.9974,0.0396,0.0596,0,-0.0429,0.9975,0.0566,0,-0.0572,-0.059,0.9966,0,0,13.8404,0.0535,1],"rest":[1,0,0,0,0,1,0,0,0,0,1,0,0,13.8404,0.0535,1],"parentBoneIndex":1,"length":14.7173
,"animation":{"dataType":3,"framePerSecond":24,"keys":[
{"frame":1,"values":[0.9974,0.0396,0.0596,0,-0.0429,0.9975,0.0566,0,-0.0572,-0.059,0.9966,0,0,13.8404,0.0535,1]},
{"frame":2,"values":[0.9986,0.032,0.0429,0,-0.0343,0.9978,0.0561,0,-0.041,-0.0575,0.9975,0,0,13.8404,0.0535,1]},
{"frame":3,"values":[0.9995,0.0143,0.0276,0,-0.0158,0.9986,0.0515,0,-0.0269,-0.0519,0.9983,0,0,13.8404,0.0535,1]},
{"frame":4,"values":[0.9999,0.0017,0.0144,0,-0.0024,0.9988,0.0482,0,-0.0143,-0.0483,0.9987,0,0,13.8404,0.0535,1]},
{"frame":5,"values":[1,0.0045,0.0083,0,-0.0049,0.9989,0.0476,0,-0.0081,-0.0476,0.9988,0,0,13.8404,0.0535,1]},
{"frame":6,"values":[0.9998,0.0126,0.0174,0,-0.0134,0.9987,0.0482,0,-0.0167,-0.0484,0.9987,0,0,13.8404,0.0535,1]},
{"frame":7,"values":[0.9992,0.015,0.0378,0,-0.0169,0.9986,0.0506,0,-0.037,-0.0512,0.998,0,0,13.8404,0.0535,1]},
{"frame":8,"values":[0.998,0.0155,0.0608,0,-0.019,0.9982,0.0567,0,-0.0598,-0.0577,0.9965,0,0,13.8404,0.0535,1]},
{"frame":9,"values":[0.9962,0.0235,0.0839,0,-0.0286,0.9977,0.0607,0,-0.0823,-0.0629,0.9946,0,0,13.8404,0.0535,1]},
{"frame":10,"values":[0.9933,0.0405,0.1086,0,-0.0468,0.9973,0.0567,0,-0.106,-0.0614,0.9925,0,0,13.8404,0.0535,1]},
{"frame":11,"values":[0.9901,0.0543,0.1297,0,-0.0614,0.9968,0.0514,0,-0.1264,-0.0589,0.9902,0,0,13.8404,0.0535,1]},
{"frame":12,"values":[0.9887,0.0556,0.1392,0,-0.0627,0.9969,0.0471,0,-0.1362,-0.0553,0.9891,0,0,13.8404,0.0535,1]},
{"frame":13,"values":[0.9892,0.0503,0.1379,0,-0.0565,0.9975,0.0413,0,-0.1355,-0.0486,0.9896,0,0,13.8404,0.0535,1]},
{"frame":14,"values":[0.9908,0.0471,0.1269,0,-0.0526,0.9978,0.0399,0,-0.1248,-0.0462,0.9911,0,0,13.8404,0.0535,1]},
{"frame":15,"values":[0.9934,0.0468,0.1046,0,-0.0518,0.9976,0.0451,0,-0.1022,-0.0502,0.9935,0,0,13.8404,0.0535,1]},
{"frame":16,"values":[0.9962,0.0456,0.0745,0,-0.0495,0.9975,0.0509,0,-0.072,-0.0544,0.9959,0,0,13.8404,0.0535,1]},
{"frame":17,"values":[0.9974,0.0396,0.0596,0,-0.0429,0.9975,0.0566,0,-0.0572,-0.059,0.9966,0,0,13.8404,0.0535,1]}],"loopBehavior":1,"name":"anim","property":"_matrix"}},
{"name":"Spine2","index":3,"matrix":[0.9974,0.0404,0.0593,0,-0.0438,0.9975,0.0562,0,-0.0569,-0.0587,0.9967,0,0,14.7127,-0.3662,1],"rest":[1,0,0,0,0,1,0,0,0,0,1,0,0,14.7127,-0.3662,1],"parentBoneIndex":2,"length":31.8652
,"animation":{"dataType":3,"framePerSecond":24,"keys":[
{"frame":1,"values":[0.9974,0.0404,0.0593,0,-0.0438,0.9975,0.0562,0,-0.0569,-0.0587,0.9967,0,0,14.7127,-0.3662,1]},
{"frame":2,"values":[0.9986,0.0325,0.0428,0,-0.0349,0.9978,0.0558,0,-0.0409,-0.0573,0.9975,0,0,14.7127,-0.3662,1]},
{"frame":3,"values":[0.9995,0.0146,0.0279,0,-0.016,0.9986,0.0512,0,-0.0272,-0.0516,0.9983,0,0,14.7127,-0.3662,1]},
{"frame":4,"values":[0.9999,0.0018,0.0149,0,-0.0025,0.9988,0.0481,0,-0.0148,-0.0481,0.9987,0,0,14.7127,-0.3662,1]},
{"frame":5,"values":[1,0.0046,0.0086,0,-0.005,0.9989,0.0475,0,-0.0084,-0.0475,0.9988,0,0,14.7127,-0.3662,1]},
{"frame":6,"values":[0.9998,0.0128,0.0175,0,-0.0136,0.9988,0.0481,0,-0.0169,-0.0483,0.9987,0,0,14.7127,-0.3662,1]},
{"frame":7,"values":[0.9992,0.0153,0.0378,0,-0.0172,0.9986,0.0504,0,-0.037,-0.051,0.998,0,0,14.7127,-0.3662,1]},
{"frame":8,"values":[0.998,0.0162,0.0607,0,-0.0196,0.9982,0.0565,0,-0.0597,-0.0576,0.9966,0,0,14.7127,-0.3662,1]},
{"frame":9,"values":[0.9962,0.0245,0.0837,0,-0.0297,0.9977,0.0605,0,-0.082,-0.0628,0.9947,0,0,14.7127,-0.3662,1]},
{"frame":10,"values":[0.9932,0.0418,0.1082,0,-0.0481,0.9973,0.0563,0,-0.1056,-0.0611,0.9925,0,0,14.7127,-0.3662,1]},
{"frame":11,"values":[0.99,0.0558,0.1293,0,-0.0628,0.9967,0.0504,0,-0.1261,-0.0581,0.9903,0,0,14.7127,-0.3662,1]},
{"frame":12,"values":[0.9886,0.0574,0.1389,0,-0.0643,0.9969,0.0459,0,-0.1358,-0.0543,0.9892,0,0,14.7127,-0.3662,1]},
{"frame":13,"values":[0.9891,0.0527,0.1373,0,-0.0588,0.9975,0.0404,0,-0.1348,-0.0481,0.9897,0,0,14.7127,-0.3662,1]},
{"frame":14,"values":[0.9908,0.0496,0.1261,0,-0.055,0.9977,0.0395,0,-0.1239,-0.0461,0.9912,0,0,14.7127,-0.3662,1]},
{"frame":15,"values":[0.9934,0.0487,0.1039,0,-0.0536,0.9976,0.0448,0,-0.1015,-0.05,0.9936,0,0,14.7127,-0.3662,1]},
{"frame":16,"values":[0.9962,0.0467,0.0741,0,-0.0505,0.9974,0.0505,0,-0.0715,-0.0541,0.996,0,0,14.7127,-0.3662,1]},
{"frame":17,"values":[0.9974,0.0404,0.0593,0,-0.0438,0.9975,0.0562,0,-0.0569,-0.0587,0.9967,0,0,14.7127,-0.3662,1]}],"loopBehavior":1,"name":"anim","property":"_matrix"}},
{"name":"Neck","index":4,"matrix":[0.9921,-0.0377,0.1199,0,0.0398,0.9991,-0.015,0,-0.1192,0.0197,0.9927,0,0,35.4155,-3.3142,1],"rest":[1,0,0,0,0,1,0,0,0,0,1,0,0,35.4155,-3.3142,1],"parentBoneIndex":3,"length":16.9431
,"animation":{"dataType":3,"framePerSecond":24,"keys":[
{"frame":1,"values":[0.9921,-0.0377,0.1199,0,0.0398,0.9991,-0.015,0,-0.1192,0.0197,0.9927,0,0,35.4155,-3.3142,1]},
{"frame":2,"values":[0.9901,-0.0346,0.1357,0,0.0365,0.9993,-0.0121,0,-0.1352,0.0169,0.9907,0,0,35.4155,-3.3142,1]},
{"frame":3,"values":[0.9877,-0.0222,0.1546,0,0.0242,0.9996,-0.0113,0,-0.1543,0.0149,0.9879,0,0,35.4155,-3.3142,1]},
{"frame":4,"values":[0.9847,-0.0078,0.1738,0,0.0124,0.9996,-0.0251,0,-0.1735,0.0268,0.9845,0,0,35.4155,-3.3142,1]},
{"frame":5,"values":[0.9832,-0.0028,0.1827,0,0.0101,0.9992,-0.0389,0,-0.1824,0.0401,0.9824,0,0,35.4155,-3.3142,1]},
{"frame":6,"values":[0.9848,-0.0071,0.1737,0,0.0133,0.9993,-0.0349,0,-0.1734,0.0367,0.9842,0,0,35.4155,-3.3142,1]},
{"frame":7,"values":[0.9879,-0.0142,0.1544,0,0.0185,0.9995,-0.0265,0,-0.154,0.029,0.9877,0,0,35.4155,-3.3142,1]},
{"frame":8,"values":[0.9906,-0.0197,0.1351,0,0.0244,0.9992,-0.033,0,-0.1344,0.036,0.9903,0,0,35.4155,-3.3142,1]},
{"frame":9,"values":[0.9926,-0.0295,0.1177,0,0.0346,0.9985,-0.0418,0,-0.1163,0.0456,0.9922,0,0,35.4155,-3.3142,1]},
{"frame":10,"values":[0.9942,-0.0495,0.096,0,0.0526,0.9981,-0.031,0,-0.0943,0.0358,0.9949,0,0,35.4155,-3.3142,1]},
{"frame":11,"values":[0.9954,-0.0639,0.0714,0,0.0647,0.9979,-0.0092,0,-0.0706,0.0138,0.9974,0,0,35.4155,-3.3142,1]},
{"frame":12,"values":[0.9964,-0.0651,0.055,0,0.0646,0.9979,0.0109,0,-0.0556,-0.0074,0.9984,0,0,35.4155,-3.3142,1]},
{"frame":13,"values":[0.9964,-0.0682,0.051,0,0.0671,0.9975,0.0235,0,-0.0524,-0.02,0.9984,0,0,35.4155,-3.3142,1]},
{"frame":14,"values":[0.9954,-0.0735,0.0622,0,0.0725,0.9972,0.0185,0,-0.0634,-0.0139,0.9979,0,0,35.4155,-3.3142,1]},
{"frame":15,"values":[0.9941,-0.0612,0.0895,0,0.0615,0.9981,-0.0011,0,-0.0892,0.0066,0.996,0,0,35.4155,-3.3142,1]},
{"frame":16,"values":[0.9924,-0.0364,0.1172,0,0.0386,0.9991,-0.0165,0,-0.1165,0.0209,0.993,0,0,35.4155,-3.3142,1]},
{"frame":17,"values":[0.9921,-0.0377,0.1199,0,0.0398,0.9991,-0.015,0,-0.1192,0.0197,0.9927,0,0,35.4155,-3.3142,1]}],"loopBehavior":1,"name":"anim","property":"_matrix"}},
{"name":"Head","index":5,"matrix":[0.6541,0.4809,0.5839,0,-0.1944,0.8529,-0.4846,0,-0.731,0.2035,0.6513,0,0,16.8992,1.2183,1],"rest":[1,0,0,0,0,1,0,0,0,0,1,0,0,16.8992,1.2183,1],"parentBoneIndex":4,"length":22.3142
,"animation":{"dataType":3,"framePerSecond":24,"keys":[
{"frame":1,"values":[0.6541,0.4809,0.5839,0,-0.1944,0.8529,-0.4846,0,-0.731,0.2035,0.6513,0,0,16.8992,1.2183,1]},
{"frame":2,"values":[0.6203,0.4626,0.6335,0,-0.18,0.87,-0.4591,0,-0.7635,0.1708,0.6229,0,0,16.8992,1.2183,1]},
{"frame":3,"values":[0.5578,0.4593,0.6913,0,-0.1987,0.8826,-0.426,0,-0.8058,0.1003,0.5836,0,0,16.8992,1.2183,1]},
{"frame":4,"values":[0.4995,0.4664,0.7301,0,-0.2004,0.8821,-0.4263,0,-0.8428,0.0666,0.534,0,0,16.8992,1.2183,1]},
{"frame":5,"values":[0.4875,0.4682,0.7369,0,-0.176,0.8794,-0.4423,0,-0.8552,0.0859,0.5111,0,0,16.8992,1.2183,1]},
{"frame":6,"values":[0.5228,0.4603,0.7175,0,-0.1622,0.88,-0.4464,0,-0.8369,0.117,0.5348,0,0,16.8992,1.2183,1]},
{"frame":7,"values":[0.5671,0.4651,0.6797,0,-0.1739,0.8743,-0.4532,0,-0.8051,0.1388,0.5767,0,0,16.8992,1.2183,1]},
{"frame":8,"values":[0.6003,0.4916,0.6308,0,-0.1994,0.8558,-0.4772,0,-0.7745,0.1607,0.6118,0,0,16.8992,1.2183,1]},
{"frame":9,"values":[0.6341,0.4978,0.5917,0,-0.2133,0.8482,-0.4849,0,-0.7432,0.1812,0.644,0,0,16.8992,1.2183,1]},
{"frame":10,"values":[0.6828,0.4654,0.5632,0,-0.2104,0.8635,-0.4584,0,-0.6996,0.1945,0.6875,0,0,16.8992,1.2183,1]},
{"frame":11,"values":[0.7332,0.4324,0.5248,0,-0.2133,0.8791,-0.4263,0,-0.6456,0.2006,0.7368,0,0,16.8992,1.2183,1]},
{"frame":12,"values":[0.7627,0.4182,0.4934,0,-0.2302,0.8884,-0.3972,0,-0.6044,0.1894,0.7738,0,0,16.8992,1.2183,1]},
{"frame":13,"values":[0.7685,0.4057,0.4948,0,-0.2393,0.8994,-0.3658,0,-0.5934,0.1627,0.7883,0,0,16.8992,1.2183,1]},
{"frame":14,"values":[0.7514,0.3931,0.53,0,-0.2242,0.9075,-0.3551,0,-0.6206,0.148,0.7701,0,0,16.8992,1.2183,1]},
{"frame":15,"values":[0.7099,0.4027,0.5777,0,-0.1948,0.9006,-0.3885,0,-0.6768,0.1633,0.7179,0,0,16.8992,1.2183,1]},
{"frame":16,"values":[0.6645,0.4423,0.6023,0,-0.1779,0.8765,-0.4474,0,-0.7258,0.1901,0.6611,0,0,16.8992,1.2183,1]},
{"frame":17,"values":[0.6541,0.4809,0.5839,0,-0.1944,0.8529,-0.4846,0,-0.731,0.2035,0.6513,0,0,16.8992,1.2183,1]}],"loopBehavior":1,"name":"anim","property":"_matrix"}},
{"name":"HeadTop_End","index":6,"matrix":[1,0,0,0,0,1,0,0,0,0,1,0,0,22.2062,2.1925,1],"rest":[1,0,0,0,0,1,0,0,0,0,1,0,0,22.2062,2.1925,1],"parentBoneIndex":5,"length":22.3142
,"animation":{"dataType":3,"framePerSecond":24,"keys":[
{"frame":1,"values":[1,0,0,0,0,1,0,0,0,0,1,0,0,22.2062,2.1925,1]},
{"frame":17,"values":[1,0,0,0,0,1,0,0,0,0,1,0,0,22.2062,2.1925,1]}],"loopBehavior":1,"name":"anim","property":"_matrix"}},
{"name":"LeftShoulder","index":7,"matrix":[0.962,-0.183,0.2027,0,0.1776,0.9831,0.0451,0,-0.2075,-0.0074,0.9782,0,12.8964,26.7163,-4.5484,1],"rest":[1,0,0,0,0,1,0,0,0,0,1,0,12.8964,26.7163,-4.5484,1],"parentBoneIndex":3,"length":19.7122
,"animation":{"dataType":3,"framePerSecond":24,"keys":[
{"frame":1,"values":[0.962,-0.183,0.2027,0,0.1776,0.9831,0.0451,0,-0.2075,-0.0074,0.9782,0,12.8964,26.7163,-4.5484,1]},
{"frame":2,"values":[0.9648,-0.1742,0.1968,0,0.1691,0.9847,0.043,0,-0.2013,-0.0082,0.9795,0,12.8964,26.7163,-4.5484,1]},
{"frame":3,"values":[0.967,-0.1604,0.1977,0,0.1552,0.987,0.0412,0,-0.2018,-0.0092,0.9794,0,12.8964,26.7163,-4.5484,1]},
{"frame":4,"values":[0.9629,-0.1512,0.2233,0,0.145,0.9885,0.0439,0,-0.2274,-0.0099,0.9738,0,12.8964,26.7163,-4.5484,1]},
{"frame":5,"values":[0.956,-0.1533,0.2503,0,0.1457,0.9881,0.0485,0,-0.2547,-0.0099,0.967,0,12.8964,26.7163,-4.5484,1]},
{"frame":6,"values":[0.9506,-0.1666,0.262,0,0.1583,0.986,0.0526,0,-0.2671,-0.0085,0.9636,0,12.8964,26.7163,-4.5484,1]},
{"frame":7,"values":[0.9455,-0.1907,0.2641,0,0.182,0.9816,0.0571,0,-0.2701,-0.0059,0.9628,0,12.8964,26.7163,-4.5484,1]},
{"frame":8,"values":[0.9411,-0.2124,0.263,0,0.2036,0.9772,0.0607,0,-0.2699,-0.0036,0.9629,0,12.8964,26.7163,-4.5484,1]},
{"frame":9,"values":[0.9403,-0.2086,0.2689,0,0.1995,0.978,0.0612,0,-0.2758,-0.0039,0.9612,0,12.8964,26.7163,-4.5484,1]},
{"frame":10,"values":[0.944,-0.1771,0.2785,0,0.1677,0.9842,0.0574,0,-0.2842,-0.0075,0.9587,0,12.8964,26.7163,-4.5484,1]},
{"frame":11,"values":[0.9515,-0.1451,0.2714,0,0.1364,0.9893,0.051,0,-0.2759,-0.0115,0.9611,0,12.8964,26.7163,-4.5484,1]},
{"frame":12,"values":[0.9605,-0.1309,0.2458,0,0.1236,0.9913,0.0447,0,-0.2495,-0.0126,0.9683,0,12.8964,26.7163,-4.5484,1]},
{"frame":13,"values":[0.965,-0.1335,0.2258,0,0.1273,0.991,0.0421,0,-0.2294,-0.0119,0.9733,0,12.8964,26.7163,-4.5484,1]},
{"frame":14,"values":[0.9631,-0.148,0.225,0,0.1417,0.9889,0.0441,0,-0.229,-0.0106,0.9734,0,12.8964,26.7163,-4.5484,1]},
{"frame":15,"values":[0.9574,-0.1647,0.237,0,0.1576,0.9863,0.0487,0,-0.2418,-0.0093,0.9703,0,12.8964,26.7163,-4.5484,1]},
{"frame":16,"values":[0.9547,-0.1747,0.2409,0,0.1674,0.9846,0.0509,0,-0.2461,-0.0083,0.9692,0,12.8964,26.7163,-4.5484,1]},
{"frame":17,"values":[0.962,-0.183,0.2027,0,0.1776,0.9831,0.0451,0,-0.2075,-0.0074,0.9782,0,12.8964,26.7163,-4.5484,1]}],"loopBehavior":1,"name":"anim","property":"_matrix"}},
{"name":"LeftArm","index":8,"matrix":[0.5689,-0.7101,-0.4149,0,0.8044,0.5854,0.101,0,0.1712,-0.3911,0.9043,0,19.027,-4.857,-1.7184,1],"rest":[1,0,0,0,0,1,0,0,0,0,1,0,19.027,-4.857,-1.7184,1],"parentBoneIndex":7,"length":24.1799
,"animation":{"dataType":3,"framePerSecond":24,"keys":[
{"frame":1,"values":[0.5689,-0.7101,-0.4149,0,0.8044,0.5854,0.101,0,0.1712,-0.3911,0.9043,0,19.027,-4.857,-1.7184,1]},
{"frame":2,"values":[0.4711,-0.7875,-0.3973,0,0.8647,0.5013,0.0316,0,0.1743,-0.3584,0.9172,0,19.027,-4.857,-1.7184,1]},
{"frame":3,"values":[0.407,-0.7825,-0.4712,0,0.8736,0.4841,-0.0495,0,0.2669,-0.3915,0.8806,0,19.027,-4.857,-1.7184,1]},
{"frame":4,"values":[0.4076,-0.7453,-0.5276,0,0.8314,0.5419,-0.1233,0,0.3778,-0.3884,0.8405,0,19.027,-4.857,-1.7184,1]},
{"frame":5,"values":[0.4444,-0.7342,-0.5133,0,0.7965,0.586,-0.1486,0,0.4099,-0.3428,0.8453,0,19.027,-4.857,-1.7184,1]},
{"frame":6,"values":[0.4805,-0.7533,-0.4492,0,0.8042,0.5827,-0.1169,0,0.3498,-0.3051,0.8858,0,19.027,-4.857,-1.7184,1]},
{"frame":7,"values":[0.5324,-0.768,-0.356,0,0.8038,0.5905,-0.0717,0,0.2653,-0.248,0.9317,0,19.027,-4.857,-1.7184,1]},
{"frame":8,"values":[0.6319,-0.7437,-0.2182,0,0.7522,0.6563,-0.0588,0,0.1869,-0.127,0.9741,0,19.027,-4.857,-1.7184,1]},
{"frame":9,"values":[0.7417,-0.6693,-0.0439,0,0.6638,0.7419,-0.0944,0,0.0958,0.0409,0.9946,0,19.027,-4.857,-1.7184,1]},
{"frame":10,"values":[0.8132,-0.5765,0.0802,0,0.5811,0.7961,-0.1692,0,0.0336,0.1842,0.9823,0,19.027,-4.857,-1.7184,1]},
{"frame":11,"values":[0.8537,-0.517,0.0621,0,0.5117,0.8109,-0.284,0,0.0964,0.2742,0.9568,0,19.027,-4.857,-1.7184,1]},
{"frame":12,"values":[0.8505,-0.5175,-0.0939,0,0.4312,0.7882,-0.4391,0,0.3012,0.333,0.8935,0,19.027,-4.857,-1.7184,1]},
{"frame":13,"values":[0.8023,-0.5512,-0.2291,0,0.3693,0.7599,-0.5349,0,0.469,0.3445,0.8132,0,19.027,-4.857,-1.7184,1]},
{"frame":14,"values":[0.7779,-0.5656,-0.2737,0,0.4263,0.7951,-0.4314,0,0.4616,0.2189,0.8596,0,19.027,-4.857,-1.7184,1]},
{"frame":15,"values":[0.7553,-0.5971,-0.27,0,0.58,0.8009,-0.1486,0,0.305,-0.0443,0.9513,0,19.027,-4.857,-1.7184,1]},
{"frame":16,"values":[0.6808,-0.6664,-0.3038,0,0.7148,0.695,0.0772,0,0.1597,-0.2698,0.9496,0,19.027,-4.857,-1.7184,1]},
{"frame":17,"values":[0.5689,-0.7101,-0.4149,0,0.8044,0.5854,0.101,0,0.1712,-0.3911,0.9043,0,19.027,-4.857,-1.7184,1]}],"loopBehavior":1,"name":"anim","property":"_matrix"}},
{"name":"LeftForeArm","index":9,"matrix":[0.0446,0.1055,0.9934,0,0.1055,0.9884,-0.1097,0,-0.9934,0.1097,0.033,0,24.1799,0,0,1],"rest":[1,0,0,0,0,1,0,0,0,0,1,0,24.1799,0,0,1],"parentBoneIndex":8,"length":27.1564
,"animation":{"dataType":3,"framePerSecond":24,"keys":[
{"frame":1,"values":[0.0446,0.1055,0.9934,0,0.1055,0.9884,-0.1097,0,-0.9934,0.1097,0.033,0,24.1799,0,0,1]},
{"frame":2,"values":[0.7142,0.0316,0.6993,0,0.0316,0.9965,-0.0772,0,-0.6993,0.0772,0.7107,0,24.1799,0,0,1]},
{"frame":3,"values":[0.9216,0.0086,0.388,0,0.0087,0.999,-0.0428,0,-0.388,0.0428,0.9207,0,24.1799,0,0,1]},
{"frame":4,"values":[0.9573,0.0047,0.2891,0,0.0047,0.9995,-0.0319,0,-0.2891,0.0319,0.9568,0,24.1799,0,0,1]},
{"frame":5,"values":[0.9671,0.0036,0.2544,0,0.0036,0.9996,-0.0281,0,-0.2544,0.0281,0.9667,0,24.1799,0,0,1]},
{"frame":6,"values":[0.9532,0.0052,0.3024,0,0.0052,0.9994,-0.0334,0,-0.3024,0.0334,0.9526,0,24.1799,0,0,1]},
{"frame":7,"values":[0.8659,0.0148,0.5,0,0.0148,0.9984,-0.0552,0,-0.5,0.0552,0.8643,0,24.1799,0,0,1]},
{"frame":8,"values":[0.6268,0.0412,0.7781,0,0.0412,0.9955,-0.0859,0,-0.7781,0.0859,0.6222,0,24.1799,0,0,1]},
{"frame":9,"values":[0.2832,0.0791,0.9558,0,0.0791,0.9913,-0.1055,0,-0.9558,0.1055,0.2745,0,24.1799,0,0,1]},
{"frame":10,"values":[-0.0794,0.1192,0.9897,0,0.1192,0.9868,-0.1093,0,-0.9897,0.1093,-0.0926,0,24.1799,0,0,1]},
{"frame":11,"values":[-0.4123,0.1559,0.8976,0,0.1559,0.9828,-0.0991,0,-0.8976,0.0991,-0.4295,0,24.1799,0,0,1]},
{"frame":12,"values":[-0.6348,0.1805,0.7513,0,0.1805,0.9801,-0.0829,0,-0.7513,0.0829,-0.6547,0,24.1799,0,0,1]},
{"frame":13,"values":[-0.7429,0.1924,0.6412,0,0.1924,0.9788,-0.0708,0,-0.6412,0.0708,-0.7641,0,24.1799,0,0,1]},
{"frame":14,"values":[-0.7536,0.1936,0.6281,0,0.1936,0.9786,-0.0693,0,-0.6281,0.0693,-0.775,0,24.1799,0,0,1]},
{"frame":15,"values":[-0.6445,0.1816,0.7427,0,0.1816,0.98,-0.082,0,-0.7427,0.082,-0.6645,0,24.1799,0,0,1]},
{"frame":16,"values":[-0.3565,0.1498,0.9222,0,0.1498,0.9835,-0.1018,0,-0.9222,0.1018,-0.373,0,24.1799,0,0,1]},
{"frame":17,"values":[0.0446,0.1055,0.9934,0,0.1055,0.9884,-0.1097,0,-0.9934,0.1097,0.033,0,24.1799,0,0,1]}],"loopBehavior":1,"name":"anim","property":"_matrix"}},
{"name":"LeftHand","index":10,"matrix":[0.8504,0.5034,0.153,0,-0.4628,0.5771,0.6729,0,0.2504,-0.643,0.7238,0,27.1564,0.0001,0,1],"rest":[1,0,0,0,0,1,0,0,0,0,1,0,27.1564,0.0001,0,1],"parentBoneIndex":9,"length":13.2912
,"animation":{"dataType":3,"framePerSecond":24,"keys":[
{"frame":1,"values":[0.8504,0.5034,0.153,0,-0.4628,0.5771,0.6729,0,0.2504,-0.643,0.7238,0,27.1564,0.0001,0,1]},
{"frame":2,"values":[0.8758,0.2209,0.4292,0,-0.4697,0.5954,0.6519,0,-0.1115,-0.7725,0.6252,0,27.1564,0.0001,0,1]},
{"frame":3,"values":[0.8045,-0.0003,0.594,0,-0.4771,0.5953,0.6465,0,-0.3538,-0.8035,0.4788,0,27.1564,0.0001,0,1]},
{"frame":4,"values":[0.87,-0.2199,0.4412,0,-0.2422,0.5889,0.7711,0,-0.4294,-0.7778,0.4591,0,27.1564,0.0001,0,1]},
{"frame":5,"values":[0.8995,-0.4352,0.0382,0,0.1727,0.4346,0.8839,0,-0.4013,-0.7885,0.4661,0,27.1564,0.0001,0,1]},
{"frame":6,"values":[0.8314,-0.4811,-0.2781,0,0.458,0.3099,0.8332,0,-0.3146,-0.8201,0.478,0,27.1564,0.0001,0,1]},
{"frame":7,"values":[0.8149,-0.4263,-0.3926,0,0.5673,0.4483,0.6908,0,-0.1185,-0.7856,0.6072,0,27.1564,0.0001,0,1]},
{"frame":8,"values":[0.8314,-0.3373,-0.4415,0,0.5326,0.7099,0.4607,0,0.1581,-0.6183,0.7699,0,27.1564,0.0001,0,1]},
{"frame":9,"values":[0.8178,-0.257,-0.515,0,0.4331,0.8641,0.2565,0,0.3791,-0.4328,0.8179,0,27.1564,0.0001,0,1]},
{"frame":10,"values":[0.8073,-0.1939,-0.5573,0,0.3792,0.8941,0.2382,0,0.4521,-0.4036,0.7954,0,27.1564,0.0001,0,1]},
{"frame":11,"values":[0.8769,-0.1122,-0.4673,0,0.3089,0.8766,0.3691,0,0.3682,-0.468,0.8033,0,27.1564,0.0001,0,1]},
{"frame":12,"values":[0.9835,0.0085,-0.1807,0,0.0899,0.8437,0.5292,0,0.157,-0.5367,0.829,0,27.1564,0.0001,0,1]},
{"frame":13,"values":[0.9944,0.0532,0.0912,0,-0.0994,0.7627,0.639,0,-0.0356,-0.6445,0.7637,0,27.1564,0.0001,0,1]},
{"frame":14,"values":[0.9943,0.0774,0.0737,0,-0.1061,0.6336,0.7663,0,0.0126,-0.7697,0.6382,0,27.1564,0.0001,0,1]},
{"frame":15,"values":[0.9661,0.2506,-0.0616,0,-0.0835,0.5294,0.8443,0,0.2442,-0.8105,0.5324,0,27.1564,0.0001,0,1]},
{"frame":16,"values":[0.8886,0.4577,-0.0295,0,-0.2404,0.5195,0.82,0,0.3906,-0.7216,0.5716,0,27.1564,0.0001,0,1]},
{"frame":17,"values":[0.8504,0.5034,0.153,0,-0.4628,0.5771,0.6729,0,0.2504,-0.643,0.7238,0,27.1564,0.0001,0,1]}],"loopBehavior":1,"name":"anim","property":"_matrix"}},
{"name":"LeftHandIndex1","index":11,"matrix":[0.9451,-0.3224,0.053,0,0.3242,0.9455,-0.0295,0,-0.0406,0.0451,0.9982,0,16.4412,0,0,1],"rest":[1,0,0,0,0,1,0,0,0,0,1,0,16.4412,0,0,1],"parentBoneIndex":10,"length":4.8219
,"animation":{"dataType":3,"framePerSecond":24,"keys":[
{"frame":1,"values":[0.9451,-0.3224,0.053,0,0.3242,0.9455,-0.0295,0,-0.0406,0.0451,0.9982,0,16.4412,0,0,1]},
{"frame":2,"values":[0.9453,-0.3219,0.053,0,0.3237,0.9457,-0.0295,0,-0.0406,0.045,0.9982,0,16.4412,0,0,1]},
{"frame":3,"values":[0.9483,-0.3129,0.0534,0,0.3146,0.9488,-0.0287,0,-0.0417,0.044,0.9982,0,16.4412,0,0,1]},
{"frame":4,"values":[0.9373,-0.3444,0.0525,0,0.3463,0.9376,-0.0316,0,-0.0383,0.0478,0.9981,0,16.4412,0,0,1]},
{"frame":5,"values":[0.8949,-0.4435,0.0491,0,0.4455,0.8943,-0.0412,0,-0.0256,0.0588,0.9979,0,16.4412,0,0,1]},
{"frame":6,"values":[0.8421,-0.5373,0.046,0,0.5392,0.8406,-0.0516,0,-0.0109,0.0682,0.9976,0,16.4412,0,0,1]},
{"frame":7,"values":[0.8238,-0.5652,0.0449,0,0.5669,0.822,-0.0549,0,-0.0059,0.0707,0.9975,0,16.4412,0,0,1]},
{"frame":8,"values":[0.8291,-0.5573,0.045,0,0.5591,0.8274,-0.0539,0,-0.0072,0.0699,0.9975,0,16.4412,0,0,1]},
{"frame":9,"values":[0.8306,-0.555,0.0452,0,0.5568,0.8289,-0.0536,0,-0.0077,0.0697,0.9975,0,16.4412,0,0,1]},
{"frame":10,"values":[0.8292,-0.5571,0.0451,0,0.5589,0.8275,-0.0539,0,-0.0073,0.0699,0.9975,0,16.4412,0,0,1]},
{"frame":11,"values":[0.8299,-0.5562,0.0451,0,0.5579,0.8281,-0.0538,0,-0.0075,0.0698,0.9975,0,16.4412,0,0,1]},
{"frame":12,"values":[0.8288,-0.5578,0.045,0,0.5596,0.827,-0.054,0,-0.0071,0.0699,0.9975,0,16.4412,0,0,1]},
{"frame":13,"values":[0.827,-0.5604,0.045,0,0.5622,0.8252,-0.0543,0,-0.0067,0.0702,0.9975,0,16.4412,0,0,1]},
{"frame":14,"values":[0.8436,-0.5349,0.0461,0,0.5368,0.8422,-0.0513,0,-0.0114,0.068,0.9976,0,16.4412,0,0,1]},
{"frame":15,"values":[0.8851,-0.4628,0.0487,0,0.4647,0.8844,-0.0433,0,-0.023,0.061,0.9979,0,16.4412,0,0,1]},
{"frame":16,"values":[0.926,-0.3741,0.0516,0,0.376,0.926,-0.0344,0,-0.0349,0.0513,0.9981,0,16.4412,0,0,1]},
{"frame":17,"values":[0.9451,-0.3224,0.053,0,0.3242,0.9455,-0.0295,0,-0.0406,0.0451,0.9982,0,16.4412,0,0,1]}],"loopBehavior":1,"name":"anim","property":"_matrix"}},
{"name":"LeftHandIndex2","index":12,"matrix":[0.9965,-0.0831,-0.0085,0,0.0831,0.9965,-0.0004,0,0.0085,-0.0004,1,0,4.8219,0.0001,0,1],"rest":[1,0,0,0,0,1,0,0,0,0,1,0,4.8219,0.0001,0,1],"parentBoneIndex":11,"length":6.3865
,"animation":{"dataType":3,"framePerSecond":24,"keys":[
{"frame":1,"values":[0.9965,-0.0831,-0.0085,0,0.0831,0.9965,-0.0004,0,0.0085,-0.0004,1,0,4.8219,0.0001,0,1]},
{"frame":2,"values":[0.9965,-0.0827,-0.0085,0,0.0827,0.9966,-0.0004,0,0.0085,-0.0004,1,0,4.8219,0.0001,0,1]},
{"frame":3,"values":[0.9973,-0.0729,-0.0075,0,0.0729,0.9973,-0.0003,0,0.0075,-0.0003,1,0,4.8219,0.0001,0,1]},
{"frame":4,"values":[0.9942,-0.1071,-0.011,0,0.1071,0.9942,-0.0006,0,0.011,-0.0006,0.9999,0,4.8219,0.0001,0,1]},
{"frame":5,"values":[0.976,-0.2164,-0.0222,0,0.2164,0.9763,-0.0024,0,0.0222,-0.0024,0.9998,0,4.8219,0.0001,0,1]},
{"frame":6,"values":[0.9458,-0.323,-0.0331,0,0.323,0.9464,-0.0055,0,0.0331,-0.0055,0.9994,0,4.8219,0.0001,0,1]},
{"frame":7,"values":[0.9341,-0.3552,-0.0364,0,0.3552,0.9347,-0.0067,0,0.0364,-0.0067,0.9993,0,4.8219,0.0001,0,1]},
{"frame":8,"values":[0.9375,-0.3461,-0.0355,0,0.3461,0.9382,-0.0063,0,0.0355,-0.0063,0.9994,0,4.8219,0.0001,0,1]},
{"frame":9,"values":[0.9385,-0.3435,-0.0352,0,0.3435,0.9391,-0.0062,0,0.0352,-0.0062,0.9994,0,4.8219,0.0001,0,1]},
{"frame":10,"values":[0.9376,-0.3459,-0.0355,0,0.3459,0.9382,-0.0063,0,0.0355,-0.0063,0.9994,0,4.8219,0.0001,0,1]},
{"frame":11,"values":[0.938,-0.3448,-0.0353,0,0.3448,0.9387,-0.0063,0,0.0353,-0.0063,0.9994,0,4.8219,0.0001,0,1]},
{"frame":12,"values":[0.9373,-0.3467,-0.0355,0,0.3467,0.938,-0.0064,0,0.0355,-0.0064,0.9993,0,4.8219,0.0001,0,1]},
{"frame":13,"values":[0.9362,-0.3498,-0.0358,0,0.3498,0.9368,-0.0065,0,0.0358,-0.0065,0.9993,0,4.8219,0.0001,0,1]},
{"frame":14,"values":[0.9468,-0.3202,-0.0328,0,0.3202,0.9473,-0.0054,0,0.0328,-0.0054,0.9994,0,4.8219,0.0001,0,1]},
{"frame":15,"values":[0.9709,-0.2381,-0.0244,0,0.2381,0.9712,-0.0029,0,0.0244,-0.0029,0.9997,0,4.8219,0.0001,0,1]},
{"frame":16,"values":[0.9901,-0.1395,-0.0143,0,0.1395,0.9902,-0.001,0,0.0143,-0.001,0.9999,0,4.8219,0.0001,0,1]},
{"frame":17,"values":[0.9965,-0.0831,-0.0085,0,0.0831,0.9965,-0.0004,0,0.0085,-0.0004,1,0,4.8219,0.0001,0,1]}],"loopBehavior":1,"name":"anim","property":"_matrix"}},
{"name":"LeftHandIndex3","index":13,"matrix":[0.9704,0.2405,0.0191,0,-0.2405,0.9706,-0.0029,0,-0.0193,-0.0018,0.9998,0,6.3865,0,0,1],"rest":[0.9994,0.0344,-0.002,0,-0.0344,0.9994,0,0,0.002,0,1,0,6.3865,0,0,1],"parentBoneIndex":12,"length":5.189
,"animation":{"dataType":3,"framePerSecond":24,"keys":[
{"frame":1,"values":[0.9704,0.2405,0.0191,0,-0.2405,0.9706,-0.0029,0,-0.0193,-0.0018,0.9998,0,6.3865,0,0,1]},
{"frame":2,"values":[0.9703,0.241,0.0192,0,-0.241,0.9705,-0.0029,0,-0.0193,-0.0018,0.9998,0,6.3865,0,0,1]},
{"frame":3,"values":[0.9679,0.2504,0.0201,0,-0.2504,0.9681,-0.0032,0,-0.0203,-0.002,0.9998,0,6.3865,0,0,1]},
{"frame":4,"values":[0.9759,0.2174,0.0168,0,-0.2174,0.9761,-0.0024,0,-0.0169,-0.0013,0.9999,0,6.3865,0,0,1]},
{"frame":5,"values":[0.9939,0.1097,0.0057,0,-0.1097,0.994,-0.0005,0,-0.0057,-0.0001,1,0,6.3865,0,0,1]},
{"frame":6,"values":[1,0.0007,-0.0054,0,-0.0006,1,0.0001,0,0.0054,-0.0001,1,0,6.3865,0,0,1]},
{"frame":7,"values":[0.9994,-0.0331,-0.0089,0,0.0331,0.9995,0,0,0.0089,-0.0003,1,0,6.3865,0,0,1]},
{"frame":8,"values":[0.9997,-0.0235,-0.0079,0,0.0235,0.9997,0.0001,0,0.0079,-0.0003,1,0,6.3865,0,0,1]},
{"frame":9,"values":[0.9998,-0.0207,-0.0076,0,0.0207,0.9998,0.0001,0,0.0076,-0.0002,1,0,6.3865,0,0,1]},
{"frame":10,"values":[0.9997,-0.0233,-0.0079,0,0.0233,0.9997,0.0001,0,0.0079,-0.0003,1,0,6.3865,0,0,1]},
{"frame":11,"values":[0.9997,-0.0221,-0.0078,0,0.0221,0.9998,0.0001,0,0.0078,-0.0002,1,0,6.3865,0,0,1]},
{"frame":12,"values":[0.9997,-0.0241,-0.008,0,0.0241,0.9997,0.0001,0,0.008,-0.0003,1,0,6.3865,0,0,1]},
{"frame":13,"values":[0.9996,-0.0273,-0.0083,0,0.0273,0.9996,0.0001,0,0.0083,-0.0003,1,0,6.3865,0,0,1]},
{"frame":14,"values":[1,0.0036,-0.0051,0,-0.0036,1,0.0001,0,0.0051,-0.0001,1,0,6.3865,0,0,1]},
{"frame":15,"values":[0.9961,0.0879,0.0035,0,-0.0879,0.9961,-0.0003,0,-0.0035,0,1,0,6.3865,0,0,1]},
{"frame":16,"values":[0.9825,0.1859,0.0135,0,-0.1859,0.9826,-0.0017,0,-0.0136,-0.0009,0.9999,0,6.3865,0,0,1]},
{"frame":17,"values":[0.9704,0.2405,0.0191,0,-0.2405,0.9706,-0.0029,0,-0.0193,-0.0018,0.9998,0,6.3865,0,0,1]}],"loopBehavior":1,"name":"anim","property":"_matrix"}},
{"name":"LeftHandIndex4","index":14,"matrix":[1,0,0,0,0,1,0,0,0,0,1,0,5.1859,-0.1787,0.0103,1],"rest":[1,0,0,0,0,1,0,0,0,0,1,0,5.1859,-0.1787,0.0103,1],"parentBoneIndex":13,"length":5.189
,"animation":{"dataType":3,"framePerSecond":24,"keys":[
{"frame":1,"values":[1,0,0,0,0,1,0,0,0,0,1,0,5.1859,-0.1787,0.0103,1]},
{"frame":17,"values":[1,0,0,0,0,1,0,0,0,0,1,0,5.1859,-0.1787,0.0103,1]}],"loopBehavior":1,"name":"anim","property":"_matrix"}},
{"name":"LeftHandThumb1","index":15,"matrix":[0.9735,-0.1176,0.1959,0,0.1398,0.9848,-0.1035,0,-0.1808,0.1281,0.9751,0,6.5349,-5.0326,5.9003,1],"rest":[1,0,0,0,0,1,0,0,0,0,1,0,6.5349,-5.0326,5.9003,1],"parentBoneIndex":10,"length":4.9292
,"animation":{"dataType":3,"framePerSecond":24,"keys":[
{"frame":1,"values":[0.9735,-0.1176,0.1959,0,0.1398,0.9848,-0.1035,0,-0.1808,0.1281,0.9751,0,6.5349,-5.0326,5.9003,1]},
{"frame":2,"values":[0.9734,-0.1178,0.1964,0,0.14,0.9847,-0.1036,0,-0.1812,0.1283,0.975,0,6.5349,-5.0326,5.9003,1]},
{"frame":3,"values":[0.9714,-0.1194,0.2055,0,0.1437,0.9837,-0.1079,0,-0.1893,0.1343,0.9727,0,6.5349,-5.0326,5.9003,1]},
{"frame":4,"values":[0.9784,-0.1125,0.1734,0,0.13,0.9871,-0.0935,0,-0.1607,0.114,0.9804,0,6.5349,-5.0326,5.9003,1]},
{"frame":5,"values":[0.9938,-0.0859,0.0699,0,0.0891,0.9951,-0.0438,0,-0.0658,0.0497,0.9966,0,6.5349,-5.0326,5.9003,1]},
{"frame":6,"values":[0.9981,-0.0513,-0.033,0,0.0517,0.9986,0.0091,0,0.0324,-0.0108,0.9994,0,6.5349,-5.0326,5.9003,1]},
{"frame":7,"values":[0.9972,-0.0394,-0.0643,0,0.0412,0.9988,0.0263,0,0.0632,-0.0289,0.9976,0,6.5349,-5.0326,5.9003,1]},
{"frame":8,"values":[0.9975,-0.0432,-0.0553,0,0.0444,0.9988,0.0216,0,0.0543,-0.024,0.9982,0,6.5349,-5.0326,5.9003,1]},
{"frame":9,"values":[0.9976,-0.0441,-0.0528,0,0.0452,0.9988,0.0202,0,0.0518,-0.0225,0.9984,0,6.5349,-5.0326,5.9003,1]},
{"frame":10,"values":[0.9975,-0.0431,-0.0552,0,0.0444,0.9988,0.0214,0,0.0542,-0.0238,0.9982,0,6.5349,-5.0326,5.9003,1]},
{"frame":11,"values":[0.9976,-0.0436,-0.0541,0,0.0448,0.9988,0.0208,0,0.0531,-0.0232,0.9983,0,6.5349,-5.0326,5.9003,1]},
{"frame":12,"values":[0.9975,-0.043,-0.0559,0,0.0442,0.9988,0.0219,0,0.0549,-0.0243,0.9982,0,6.5349,-5.0326,5.9003,1]},
{"frame":13,"values":[0.9974,-0.0416,-0.0589,0,0.0431,0.9988,0.0235,0,0.0579,-0.0259,0.998,0,6.5349,-5.0326,5.9003,1]},
{"frame":14,"values":[0.9982,-0.0523,-0.0302,0,0.0525,0.9986,0.0076,0,0.0298,-0.0092,0.9995,0,6.5349,-5.0326,5.9003,1]},
{"frame":15,"values":[0.9956,-0.0792,0.0491,0,0.0809,0.9962,-0.0337,0,-0.0462,0.0375,0.9982,0,6.5349,-5.0326,5.9003,1]},
{"frame":16,"values":[0.9841,-0.1052,0.1429,0,0.1173,0.9899,-0.0794,0,-0.1331,0.095,0.9865,0,6.5349,-5.0326,5.9003,1]},
{"frame":17,"values":[0.9735,-0.1176,0.1959,0,0.1398,0.9848,-0.1035,0,-0.1808,0.1281,0.9751,0,6.5349,-5.0326,5.9003,1]}],"loopBehavior":1,"name":"anim","property":"_matrix"}},
{"name":"LeftHandThumb2","index":16,"matrix":[0.9641,0.2589,-0.0594,0,-0.2538,0.9638,0.0814,0,0.0783,-0.0634,0.9949,0,3.8182,-2.2044,2.2044,1],"rest":[1,0,0,0,0,1,0,0,0,0,1,0,3.8182,-2.2044,2.2044,1],"parentBoneIndex":15,"length":4.1984
,"animation":{"dataType":3,"framePerSecond":24,"keys":[
{"frame":1,"values":[0.9641,0.2589,-0.0594,0,-0.2538,0.9638,0.0814,0,0.0783,-0.0634,0.9949,0,3.8182,-2.2044,2.2044,1]},
{"frame":2,"values":[0.9641,0.2588,-0.059,0,-0.2537,0.9638,0.0813,0,0.0779,-0.0634,0.9949,0,3.8182,-2.2044,2.2044,1]},
{"frame":3,"values":[0.9651,0.257,-0.0499,0,-0.2527,0.9643,0.0787,0,0.0683,-0.0633,0.9957,0,3.8182,-2.2044,2.2044,1]},
{"frame":4,"values":[0.9612,0.2634,-0.0816,0,-0.2563,0.9626,0.0878,0,0.1017,-0.0635,0.9928,0,3.8182,-2.2044,2.2044,1]},
{"frame":5,"values":[0.9413,0.284,-0.1826,0,-0.2658,0.9568,0.1181,0,0.2082,-0.0626,0.9761,0,3.8182,-2.2044,2.2044,1]},
{"frame":6,"values":[0.9103,0.3043,-0.2808,0,-0.2718,0.9507,0.1491,0,0.3123,-0.0594,0.9481,0,3.8182,-2.2044,2.2044,1]},
{"frame":7,"values":[0.8985,0.3105,-0.3104,0,-0.273,0.9488,0.1589,0,0.3438,-0.058,0.9373,0,3.8182,-2.2044,2.2044,1]},
{"frame":8,"values":[0.9019,0.3087,-0.302,0,-0.2727,0.9494,0.1561,0,0.3349,-0.0584,0.9405,0,3.8182,-2.2044,2.2044,1]},
{"frame":9,"values":[0.9029,0.3082,-0.2995,0,-0.2726,0.9495,0.1553,0,0.3323,-0.0585,0.9414,0,3.8182,-2.2044,2.2044,1]},
{"frame":10,"values":[0.902,0.3087,-0.3018,0,-0.2727,0.9494,0.156,0,0.3347,-0.0584,0.9405,0,3.8182,-2.2044,2.2044,1]},
{"frame":11,"values":[0.9024,0.3085,-0.3007,0,-0.2727,0.9494,0.1557,0,0.3336,-0.0585,0.9409,0,3.8182,-2.2044,2.2044,1]},
{"frame":12,"values":[0.9017,0.3088,-0.3025,0,-0.2727,0.9493,0.1563,0,0.3354,-0.0584,0.9403,0,3.8182,-2.2044,2.2044,1]},
{"frame":13,"values":[0.9006,0.3094,-0.3053,0,-0.2728,0.9491,0.1572,0,0.3384,-0.0583,0.9392,0,3.8182,-2.2044,2.2044,1]},
{"frame":14,"values":[0.9112,0.3038,-0.2782,0,-0.2717,0.9509,0.1483,0,0.3096,-0.0596,0.949,0,3.8182,-2.2044,2.2044,1]},
{"frame":15,"values":[0.9359,0.2881,-0.2025,0,-0.2673,0.9556,0.1243,0,0.2293,-0.0622,0.9714,0,3.8182,-2.2044,2.2044,1]},
{"frame":16,"values":[0.9565,0.2695,-0.1116,0,-0.2594,0.9609,0.0966,0,0.1332,-0.0635,0.989,0,3.8182,-2.2044,2.2044,1]},
{"frame":17,"values":[0.9641,0.2589,-0.0594,0,-0.2538,0.9638,0.0814,0,0.0783,-0.0634,0.9949,0,3.8182,-2.2044,2.2044,1]}],"loopBehavior":1,"name":"anim","property":"_matrix"}},
{"name":"LeftHandThumb3","index":17,"matrix":[0.8153,0.3659,0.4488,0,-0.0924,0.8474,-0.5229,0,-0.5716,0.3849,0.7247,0,3.2521,-1.8776,1.8776,1],"rest":[1,0,0,0,0,1,0,0,0,0,1,0,3.2521,-1.8776,1.8776,1],"parentBoneIndex":16,"length":6.78
,"animation":{"dataType":3,"framePerSecond":24,"keys":[
{"frame":1,"values":[0.8153,0.3659,0.4488,0,-0.0924,0.8474,-0.5229,0,-0.5716,0.3849,0.7247,0,3.2521,-1.8776,1.8776,1]},
{"frame":2,"values":[0.8152,0.3659,0.449,0,-0.0923,0.8473,-0.523,0,-0.5718,0.3849,0.7245,0,3.2521,-1.8776,1.8776,1]},
{"frame":3,"values":[0.812,0.3667,0.4541,0,-0.089,0.8467,-0.5246,0,-0.5768,0.3855,0.7201,0,3.2521,-1.8776,1.8776,1]},
{"frame":4,"values":[0.823,0.364,0.4361,0,-0.1004,0.8488,-0.519,0,-0.5591,0.3834,0.7351,0,3.2521,-1.8776,1.8776,1]},
{"frame":5,"values":[0.8555,0.3558,0.3762,0,-0.1363,0.8556,-0.4993,0,-0.4996,0.3758,0.7805,0,3.2521,-1.8776,1.8776,1]},
{"frame":6,"values":[0.8832,0.3483,0.314,0,-0.1706,0.8623,-0.4768,0,-0.4368,0.3676,0.821,0,3.2521,-1.8776,1.8776,1]},
{"frame":7,"values":[0.8908,0.3461,0.2943,0,-0.1808,0.8643,-0.4693,0,-0.4168,0.3649,0.8326,0,3.2521,-1.8776,1.8776,1]},
{"frame":8,"values":[0.8887,0.3467,0.2999,0,-0.1779,0.8638,-0.4715,0,-0.4225,0.3656,0.8293,0,3.2521,-1.8776,1.8776,1]},
{"frame":9,"values":[0.8881,0.3469,0.3015,0,-0.1771,0.8636,-0.4721,0,-0.4242,0.3659,0.8284,0,3.2521,-1.8776,1.8776,1]},
{"frame":10,"values":[0.8887,0.3467,0.3,0,-0.1778,0.8637,-0.4715,0,-0.4227,0.3657,0.8292,0,3.2521,-1.8776,1.8776,1]},
{"frame":11,"values":[0.8884,0.3468,0.3007,0,-0.1775,0.8637,-0.4718,0,-0.4234,0.3658,0.8288,0,3.2521,-1.8776,1.8776,1]},
{"frame":12,"values":[0.8888,0.3467,0.2996,0,-0.1781,0.8638,-0.4713,0,-0.4222,0.3656,0.8295,0,3.2521,-1.8776,1.8776,1]},
{"frame":13,"values":[0.8896,0.3465,0.2977,0,-0.179,0.864,-0.4706,0,-0.4202,0.3653,0.8306,0,3.2521,-1.8776,1.8776,1]},
{"frame":14,"values":[0.8826,0.3485,0.3157,0,-0.1697,0.8621,-0.4774,0,-0.4385,0.3678,0.82,0,3.2521,-1.8776,1.8776,1]},
{"frame":15,"values":[0.8614,0.3543,0.3639,0,-0.1433,0.857,-0.495,0,-0.4872,0.3742,0.789,0,3.2521,-1.8776,1.8776,1]},
{"frame":16,"values":[0.833,0.3615,0.4187,0,-0.1111,0.8509,-0.5135,0,-0.5419,0.3812,0.749,0,3.2521,-1.8776,1.8776,1]},
{"frame":17,"values":[0.8153,0.3659,0.4488,0,-0.0924,0.8474,-0.5229,0,-0.5716,0.3849,0.7247,0,3.2521,-1.8776,1.8776,1]}],"loopBehavior":1,"name":"anim","property":"_matrix"}},
{"name":"LeftHandThumb4","index":18,"matrix":[1,0,0,0,0,1,0,0,0,0,1,0,5.2518,-3.0321,3.0321,1],"rest":[1,0,0,0,0,1,0,0,0,0,1,0,5.2518,-3.0321,3.0321,1],"parentBoneIndex":17,"length":6.78
,"animation":{"dataType":3,"framePerSecond":24,"keys":[
{"frame":1,"values":[1,0,0,0,0,1,0,0,0,0,1,0,5.2518,-3.0321,3.0321,1]},
{"frame":17,"values":[1,0,0,0,0,1,0,0,0,0,1,0,5.2518,-3.0321,3.0321,1]}],"loopBehavior":1,"name":"anim","property":"_matrix"}},
{"name":"RightShoulder","index":19,"matrix":[0.9569,0.2783,-0.0833,0,-0.2765,0.9604,0.0327,0,0.0891,-0.0083,0.996,0,-12.8963,26.7163,-4.5484,1],"rest":[1,0,0,0,0,1,0,0,0,0,1,0,-12.8963,26.7163,-4.5484,1],"parentBoneIndex":3,"length":19.7122
,"animation":{"dataType":3,"framePerSecond":24,"keys":[
{"frame":1,"values":[0.9569,0.2783,-0.0833,0,-0.2765,0.9604,0.0327,0,0.0891,-0.0083,0.996,0,-12.8963,26.7163,-4.5484,1]},
{"frame":2,"values":[0.9565,0.2681,-0.1149,0,-0.2654,0.9634,0.0382,0,0.1209,-0.0061,0.9926,0,-12.8963,26.7163,-4.5484,1]},
{"frame":3,"values":[0.9691,0.2198,-0.1123,0,-0.2174,0.9755,0.0334,0,0.1169,-0.008,0.9931,0,-12.8963,26.7163,-4.5484,1]},
{"frame":4,"values":[0.9819,0.1788,-0.063,0,-0.1778,0.9838,0.0212,0,0.0658,-0.0096,0.9978,0,-12.8963,26.7163,-4.5484,1]},
{"frame":5,"values":[0.9855,0.1688,-0.019,0,-0.1686,0.9856,0.0129,0,0.0209,-0.0095,0.9997,0,-12.8963,26.7163,-4.5484,1]},
{"frame":6,"values":[0.984,0.178,-0.0101,0,-0.1778,0.984,0.0121,0,0.0121,-0.0101,0.9999,0,-12.8963,26.7163,-4.5484,1]},
{"frame":7,"values":[0.9827,0.1849,-0.0068,0,-0.1849,0.9827,0.0119,0,0.0089,-0.0105,0.9999,0,-12.8963,26.7163,-4.5484,1]},
