{"producer":{"name":"Blender","version":"2.90.0","exporter_version":"2.80.1","file":"runstraferight.babylon"},
"autoClear":true,"clearColor":[0.0509,0.0509,0.0509],"gravity":[0,-9.81,0],
"materials":[{"name":"Material","id":"Material","customType":"BABYLON.PBRMaterial","backFaceCulling":true,"checkReadyOnlyOnce":false,"maxSimultaneousLights":4,"environmentIntensity":1,"albedo":[0.8,0.8,0.8],"reflectivity":[0.5,0.5,0.5],"roughness":0.4,"alpha":1,"transparencyMode":0,"alphaCutOff":0.4,"metallic":0}],
"multiMaterials":[],
"skeletons":[{"name":"Armature","id":0,"dimensionsAtRest":[232.1761,222.9347,36.3014],"bones":[
{"name":"Hips","index":0,"matrix":[0.1633,-0.0348,-0.986,0,-0.3367,0.9374,-0.0888,0,-0.9273,-0.3465,-0.1413,0,-0.307,74.1535,-1.4896,1],"rest":[1,0,0,0,0,1,0,0,0,0,-1,0,0,89.0054,0,1],"parentBoneIndex":-1,"length":14.2998
,"animation":{"dataType":3,"framePerSecond":24,"keys":[
{"frame":1,"values":[0.1633,-0.0348,-0.986,0,-0.3367,0.9374,-0.0888,0,-0.9273,-0.3465,-0.1413,0,-0.307,74.1535,-1.4896,1]},
{"frame":2,"values":[0.1361,0.01,-0.9906,0,-0.3537,0.9345,-0.0392,0,-0.9254,-0.3557,-0.1308,0,-1.4818,74.7599,-1.346,1]},
{"frame":3,"values":[0.1187,0.068,-0.9906,0,-0.3633,0.9315,0.0205,0,-0.9241,-0.3574,-0.1353,0,-3.026,76.4495,-0.9604,1]},
{"frame":4,"values":[0.1329,0.1008,-0.986,0,-0.3609,0.9314,0.0466,0,-0.9231,-0.3496,-0.1602,0,-4.9904,77.846,-0.7028,1]},
{"frame":5,"values":[0.163,0.0905,-0.9825,0,-0.3433,0.9388,0.0295,0,-0.925,-0.3325,-0.1841,0,-5.1493,76.5373,-0.6426,1]},
{"frame":6,"values":[0.202,0.0569,-0.9777,0,-0.3099,0.9507,-0.0087,0,-0.9291,-0.3047,-0.2097,0,-4.6153,76.1892,-0.8343,1]},
{"frame":7,"values":[0.2308,0.0569,-0.9713,0,-0.2907,0.9567,-0.0131,0,-0.9286,-0.2854,-0.2373,0,-4.3694,76.0247,-1.2294,1]},
{"frame":8,"values":[0.2415,0.0953,-0.9657,0,-0.3137,0.9494,0.0152,0,-0.9183,-0.2993,-0.2592,0,-3.8346,74.406,-1.6059,1]},
{"frame":9,"values":[0.2596,0.1344,-0.9563,0,-0.3453,0.9377,0.0381,0,-0.9019,-0.3203,-0.2899,0,-3.5654,73.6091,-1.8885,1]},
{"frame":10,"values":[0.2776,0.1224,-0.9529,0,-0.3431,0.9391,0.0207,0,-0.8974,-0.3212,-0.3026,0,-3.8349,74.0059,-1.743,1]},
{"frame":11,"values":[0.2814,0.0592,-0.9578,0,-0.3264,0.9445,-0.0375,0,-0.9024,-0.3231,-0.2851,0,-3.8475,75.2725,-1.4799,1]},
{"frame":12,"values":[0.2669,-0.0034,-0.9637,0,-0.3287,0.9397,-0.0944,0,-0.9059,-0.342,-0.2497,0,-4.3562,77.2139,-1.3242,1]},
{"frame":13,"values":[0.2423,-0.0247,-0.9699,0,-0.3434,0.9328,-0.1096,0,-0.9074,-0.3596,-0.2175,0,-4.0205,78.0984,-1.2323,1]},
{"frame":14,"values":[0.2181,-0.0157,-0.9758,0,-0.345,0.9341,-0.0921,0,-0.9129,-0.3567,-0.1983,0,-2.3021,77.5853,-1.3381,1]},
{"frame":15,"values":[0.1944,-0.0124,-0.9808,0,-0.3333,0.9396,-0.0779,0,-0.9226,-0.342,-0.1785,0,-1.54,76.0531,-1.4081,1]},
{"frame":16,"values":[0.173,-0.0283,-0.9845,0,-0.3282,0.9408,-0.0847,0,-0.9286,-0.3378,-0.1535,0,-0.7842,74.773,-1.4346,1]},
{"frame":17,"values":[0.1633,-0.0348,-0.986,0,-0.3367,0.9374,-0.0888,0,-0.9273,-0.3465,-0.1413,0,-0.307,74.1536,-1.4896,1]}],"loopBehavior":1,"name":"anim","property":"_matrix"}},
{"name":"Spine","index":1,"matrix":[0.983,-0.0006,-0.1838,0,0.0287,0.9882,0.1505,0,0.1815,-0.1532,0.9714,0,0.1169,10.681,0.3734,1],"rest":[1,0,0,0,0,1,0,0,0,0,1,0,0.1169,10.681,0.3734,1],"parentBoneIndex":0,"length":13.8405
,"animation":{"dataType":3,"framePerSecond":24,"keys":[
{"frame":1,"values":[0.983,-0.0006,-0.1838,0,0.0287,0.9882,0.1505,0,0.1815,-0.1532,0.9714,0,0.1169,10.681,0.3734,1]},
{"frame":2,"values":[0.9695,-0.055,-0.239,0,0.0919,0.985,0.146,0,0.2273,-0.1635,0.96,0,0.1169,10.681,0.3734,1]},
{"frame":3,"values":[0.9465,-0.1212,-0.299,0,0.1657,0.9778,0.1282,0,0.2768,-0.1709,0.9456,0,0.1169,10.681,0.3734,1]},
{"frame":4,"values":[0.9244,-0.1541,-0.3488,0,0.2032,0.9731,0.1085,0,0.3227,-0.1712,0.9309,0,0.1169,10.681,0.3734,1]},
{"frame":5,"values":[0.913,-0.1468,-0.3806,0,0.1968,0.9758,0.0957,0,0.3574,-0.1623,0.9198,0,0.1169,10.681,0.3734,1]},
{"frame":6,"values":[0.9213,-0.1143,-0.3716,0,0.1602,0.9825,0.095,0,0.3543,-0.1471,0.9235,0,0.1169,10.681,0.3734,1]},
{"frame":7,"values":[0.9446,-0.1044,-0.3112,0,0.1435,0.984,0.1054,0,0.2953,-0.1442,0.9445,0,0.1169,10.681,0.3734,1]},
{"frame":8,"values":[0.9664,-0.1223,-0.2261,0,0.1527,0.9806,0.1226,0,0.2067,-0.153,0.9664,0,0.1169,10.681,0.3734,1]},
{"frame":9,"values":[0.979,-0.1327,-0.1548,0,0.1549,0.9778,0.1411,0,0.1327,-0.1621,0.9778,0,0.1169,10.681,0.3734,1]},
{"frame":10,"values":[0.9879,-0.103,-0.1156,0,0.1196,0.9818,0.1474,0,0.0983,-0.1594,0.9823,0,0.1169,10.681,0.3734,1]},
{"frame":11,"values":[0.9957,-0.043,-0.0822,0,0.054,0.9892,0.136,0,0.0755,-0.1398,0.9873,0,0.1169,10.681,0.3734,1]},
{"frame":12,"values":[0.9991,0.0065,-0.0415,0,-0.0015,0.9929,0.1187,0,0.042,-0.1185,0.9921,0,0.1169,10.681,0.3734,1]},
{"frame":13,"values":[0.9997,0.0208,-0.0101,0,-0.0195,0.9934,0.1127,0,0.0124,-0.1125,0.9936,0,0.1169,10.681,0.3734,1]},
{"frame":14,"values":[0.9999,0.0045,-0.0113,0,-0.0031,0.9929,0.1187,0,0.0117,-0.1187,0.9929,0,0.1169,10.681,0.3734,1]},
{"frame":15,"values":[0.9987,-0.0124,-0.0491,0,0.0186,0.9917,0.1271,0,0.0471,-0.1279,0.9907,0,0.1169,10.681,0.3734,1]},
{"frame":16,"values":[0.993,-0.0053,-0.1182,0,0.0216,0.9903,0.1372,0,0.1163,-0.1388,0.9835,0,0.1169,10.681,0.3734,1]},
{"frame":17,"values":[0.983,-0.0006,-0.1838,0,0.0287,0.9882,0.1505,0,0.1815,-0.1532,0.9714,0,0.1169,10.681,0.3734,1]}],"loopBehavior":1,"name":"anim","property":"_matrix"}},
{"name":"Spine1","index":2,"matrix":[0.997,-0.0189,-0.0744,0,0.0234,0.9979,0.06,0,0.0731,-0.0616,0.9954,0,0,13.8404,0.0535,1],"rest":[1,0,0,0,0,1,0,0,0,0,1,0,0,13.8404,0.0535,1],"parentBoneIndex":1,"length":14.7173
,"animation":{"dataType":3,"framePerSecond":24,"keys":[
{"frame":1,"values":[0.997,-0.0189,-0.0744,0,0.0234,0.9979,0.06,0,0.0731,-0.0616,0.9954,0,0,13.8404,0.0535,1]},
{"frame":2,"values":[0.9945,-0.034,-0.0992,0,0.04,0.9975,0.0585,0,0.0969,-0.0621,0.9934,0,0,13.8404,0.0535,1]},
{"frame":3,"values":[0.9913,-0.0495,-0.122,0,0.0565,0.9969,0.054,0,0.119,-0.0604,0.9911,0,0,13.8404,0.0535,1]},
{"frame":4,"values":[0.9891,-0.056,-0.1364,0,0.0631,0.9968,0.0487,0,0.1333,-0.0568,0.9895,0,0,13.8404,0.0535,1]},
{"frame":5,"values":[0.9887,-0.053,-0.1402,0,0.0596,0.9973,0.0433,0,0.1376,-0.0511,0.9892,0,0,13.8404,0.0535,1]},
{"frame":6,"values":[0.99,-0.0482,-0.1328,0,0.054,0.9977,0.0401,0,0.1306,-0.0469,0.9903,0,0,13.8404,0.0535,1]},
{"frame":7,"values":[0.9924,-0.0465,-0.1138,0,0.0516,0.9978,0.0423,0,0.1116,-0.0478,0.9926,0,0,13.8404,0.0535,1]},
{"frame":8,"values":[0.9952,-0.0461,-0.0866,0,0.0504,0.9975,0.0486,0,0.0841,-0.0527,0.9951,0,0,13.8404,0.0535,1]},
{"frame":9,"values":[0.997,-0.0437,-0.0634,0,0.0472,0.9974,0.0548,0,0.0608,-0.0576,0.9965,0,0,13.8404,0.0535,1]},
{"frame":10,"values":[0.9982,-0.036,-0.0483,0,0.0387,0.9976,0.0567,0,0.0462,-0.0584,0.9972,0,0,13.8404,0.0535,1]},
{"frame":11,"values":[0.9992,-0.0211,-0.0341,0,0.0229,0.9983,0.0537,0,0.0329,-0.0544,0.998,0,0,13.8404,0.0535,1]},
{"frame":12,"values":[0.9998,-0.006,-0.0191,0,0.0069,0.9988,0.0494,0,0.0188,-0.0496,0.9986,0,0,13.8404,0.0535,1]},
{"frame":13,"values":[1,-0.0021,-0.0092,0,0.0026,0.9989,0.0474,0,0.0091,-0.0474,0.9988,0,0,13.8404,0.0535,1]},
{"frame":14,"values":[0.9999,-0.009,-0.0124,0,0.0096,0.9988,0.0476,0,0.012,-0.0477,0.9988,0,0,13.8404,0.0535,1]},
{"frame":15,"values":[0.9995,-0.0145,-0.0285,0,0.0159,0.9986,0.0495,0,0.0278,-0.0499,0.9984,0,0,13.8404,0.0535,1]},
{"frame":16,"values":[0.9986,-0.0157,-0.0514,0,0.0184,0.9984,0.054,0,0.0505,-0.0549,0.9972,0,0,13.8404,0.0535,1]},
{"frame":17,"values":[0.997,-0.0189,-0.0744,0,0.0234,0.9979,0.06,0,0.0731,-0.0616,0.9954,0,0,13.8404,0.0535,1]}],"loopBehavior":1,"name":"anim","property":"_matrix"}},
{"name":"Spine2","index":3,"matrix":[0.997,-0.0198,-0.0743,0,0.0243,0.9979,0.0599,0,0.0729,-0.0615,0.9954,0,0,14.7127,-0.3662,1],"rest":[1,0,0,0,0,1,0,0,0,0,1,0,0,14.7127,-0.3662,1],"parentBoneIndex":2,"length":31.8652
,"animation":{"dataType":3,"framePerSecond":24,"keys":[
{"frame":1,"values":[0.997,-0.0198,-0.0743,0,0.0243,0.9979,0.0599,0,0.0729,-0.0615,0.9954,0,0,14.7127,-0.3662,1]},
{"frame":2,"values":[0.9945,-0.0353,-0.0988,0,0.0412,0.9975,0.0582,0,0.0965,-0.0619,0.9934,0,0,14.7127,-0.3662,1]},
{"frame":3,"values":[0.9913,-0.051,-0.1217,0,0.0578,0.9969,0.0532,0,0.1186,-0.0598,0.9911,0,0,14.7127,-0.3662,1]},
{"frame":4,"values":[0.989,-0.0577,-0.1361,0,0.0647,0.9968,0.0476,0,0.1329,-0.0558,0.9896,0,0,14.7127,-0.3662,1]},
{"frame":5,"values":[0.9886,-0.0552,-0.1397,0,0.0617,0.9972,0.0422,0,0.137,-0.0504,0.9893,0,0,14.7127,-0.3662,1]},
{"frame":6,"values":[0.9899,-0.0507,-0.1321,0,0.0564,0.9976,0.0395,0,0.1298,-0.0466,0.9904,0,0,14.7127,-0.3662,1]},
{"frame":7,"values":[0.9924,-0.0487,-0.1131,0,0.0537,0.9977,0.0419,0,0.1108,-0.0477,0.9927,0,0,14.7127,-0.3662,1]},
{"frame":8,"values":[0.9952,-0.0475,-0.0861,0,0.0518,0.9975,0.0482,0,0.0836,-0.0525,0.9951,0,0,14.7127,-0.3662,1]},
{"frame":9,"values":[0.997,-0.0446,-0.0631,0,0.048,0.9974,0.0544,0,0.0605,-0.0572,0.9965,0,0,14.7127,-0.3662,1]},
{"frame":10,"values":[0.9982,-0.0366,-0.0482,0,0.0393,0.9976,0.0563,0,0.046,-0.0581,0.9972,0,0,14.7127,-0.3662,1]},
{"frame":11,"values":[0.9992,-0.0215,-0.0343,0,0.0234,0.9983,0.0534,0,0.0331,-0.0541,0.998,0,0,14.7127,-0.3662,1]},
{"frame":12,"values":[0.9998,-0.0061,-0.0195,0,0.0071,0.9988,0.0492,0,0.0192,-0.0494,0.9986,0,0,14.7127,-0.3662,1]},
{"frame":13,"values":[1,-0.0022,-0.0096,0,0.0026,0.9989,0.0473,0,0.0095,-0.0473,0.9988,0,0,14.7127,-0.3662,1]},
{"frame":14,"values":[0.9999,-0.0091,-0.0126,0,0.0097,0.9988,0.0475,0,0.0122,-0.0476,0.9988,0,0,14.7127,-0.3662,1]},
{"frame":15,"values":[0.9995,-0.0148,-0.0286,0,0.0162,0.9987,0.0493,0,0.0278,-0.0498,0.9984,0,0,14.7127,-0.3662,1]},
{"frame":16,"values":[0.9985,-0.0162,-0.0514,0,0.0189,0.9984,0.0539,0,0.0504,-0.0547,0.9972,0,0,14.7127,-0.3662,1]},
{"frame":17,"values":[0.997,-0.0198,-0.0743,0,0.0243,0.9979,0.0599,0,0.0729,-0.0615,0.9954,0,0,14.7127,-0.3662,1]}],"loopBehavior":1,"name":"anim","property":"_matrix"}},
{"name":"Neck","index":4,"matrix":[0.9919,0.0242,-0.1248,0,-0.0294,0.9988,-0.0399,0,0.1237,0.0433,0.9914,0,0,35.4155,-3.3142,1],"rest":[1,0,0,0,0,1,0,0,0,0,1,0,0,35.4155,-3.3142,1],"parentBoneIndex":3,"length":16.943
,"animation":{"dataType":3,"framePerSecond":24,"keys":[
{"frame":1,"values":[0.9919,0.0242,-0.1248,0,-0.0294,0.9988,-0.0399,0,0.1237,0.0433,0.9914,0,0,35.4155,-3.3142,1]},
{"frame":2,"values":[0.9936,0.0422,-0.1048,0,-0.0463,0.9983,-0.0363,0,0.1031,0.0409,0.9938,0,0,35.4155,-3.3142,1]},
{"frame":3,"values":[0.995,0.0585,-0.0812,0,-0.0602,0.998,-0.0192,0,0.08,0.024,0.9965,0,0,35.4155,-3.3142,1]},
{"frame":4,"values":[0.9961,0.0648,-0.0605,0,-0.0647,0.9979,0.0035,0,0.0607,0.0004,0.9982,0,0,35.4155,-3.3142,1]},
{"frame":5,"values":[0.9964,0.0679,-0.0499,0,-0.067,0.9975,0.0207,0,0.0512,-0.0173,0.9985,0,0,35.4155,-3.3142,1]},
{"frame":6,"values":[0.9958,0.0724,-0.0558,0,-0.0713,0.9972,0.022,0,0.0573,-0.018,0.9982,0,0,35.4155,-3.3142,1]},
{"frame":7,"values":[0.9947,0.0664,-0.0787,0,-0.066,0.9978,0.0073,0,0.079,-0.0021,0.9969,0,0,35.4155,-3.3142,1]},
{"frame":8,"values":[0.9932,0.0467,-0.1063,0,-0.0481,0.9988,-0.0111,0,0.1057,0.0162,0.9943,0,0,35.4155,-3.3142,1]},
{"frame":9,"values":[0.9919,0.0344,-0.1219,0,-0.0369,0.9992,-0.0182,0,0.1212,0.0225,0.9924,0,0,35.4155,-3.3142,1]},
{"frame":10,"values":[0.9909,0.0344,-0.1303,0,-0.0365,0.9992,-0.0133,0,0.1297,0.0179,0.9914,0,0,35.4155,-3.3142,1]},
{"frame":11,"values":[0.9889,0.0285,-0.1457,0,-0.0303,0.9995,-0.0102,0,0.1454,0.0145,0.9893,0,0,35.4155,-3.3142,1]},
{"frame":12,"values":[0.9859,0.0137,-0.1669,0,-0.0172,0.9997,-0.0195,0,0.1666,0.0221,0.9858,0,0,35.4155,-3.3142,1]},
{"frame":13,"values":[0.9835,0.0033,-0.1811,0,-0.0096,0.9994,-0.0341,0,0.1809,0.0352,0.9829,0,0,35.4155,-3.3142,1]},
{"frame":14,"values":[0.9839,0.0045,-0.1788,0,-0.0113,0.9992,-0.0372,0,0.1785,0.0386,0.9832,0,0,35.4155,-3.3142,1]},
{"frame":15,"values":[0.9866,0.0112,-0.163,0,-0.0164,0.9994,-0.0301,0,0.1626,0.0324,0.9862,0,0,35.4155,-3.3142,1]},
{"frame":16,"values":[0.9896,0.0177,-0.1427,0,-0.0221,0.9993,-0.0292,0,0.1421,0.032,0.9893,0,0,35.4155,-3.3142,1]},
{"frame":17,"values":[0.9919,0.0242,-0.1248,0,-0.0294,0.9988,-0.0399,0,0.1237,0.0433,0.9914,0,0,35.4155,-3.3142,1]}],"loopBehavior":1,"name":"anim","property":"_matrix"}},
{"name":"Head","index":5,"matrix":[0.6191,-0.5008,-0.6049,0,0.2105,0.8479,-0.4866,0,0.7566,0.1739,0.6303,0,0,16.8992,1.2183,1],"rest":[1,0,0,0,0,1,0,0,0,0,1,0,0,16.8992,1.2183,1],"parentBoneIndex":4,"length":22.3142
,"animation":{"dataType":3,"framePerSecond":24,"keys":[
{"frame":1,"values":[0.6191,-0.5008,-0.6049,0,0.2105,0.8479,-0.4866,0,0.7566,0.1739,0.6303,0,0,16.8992,1.2183,1]},
{"frame":2,"values":[0.6635,-0.4783,-0.5754,0,0.2109,0.8574,-0.4695,0,0.7179,0.1902,0.6697,0,0,16.8992,1.2183,1]},
{"frame":3,"values":[0.7138,-0.4458,-0.5402,0,0.2113,0.8724,-0.4408,0,0.6677,0.2005,0.7169,0,0,16.8992,1.2183,1]},
{"frame":4,"values":[0.7531,-0.4231,-0.5038,0,0.2236,0.8848,-0.4089,0,0.6187,0.1954,0.7609,0,0,16.8992,1.2183,1]},
{"frame":5,"values":[0.7704,-0.4096,-0.4886,0,0.2377,0.8956,-0.376,0,0.5916,0.1735,0.7873,0,0,16.8992,1.2183,1]},
{"frame":6,"values":[0.761,-0.3961,-0.5137,0,0.2316,0.9056,-0.3552,0,0.6059,0.1513,0.781,0,0,16.8992,1.2183,1]},
{"frame":7,"values":[0.7266,-0.3958,-0.5616,0,0.2067,0.9054,-0.3708,0,0.6552,0.1533,0.7397,0,0,16.8992,1.2183,1]},
{"frame":8,"values":[0.6826,-0.4274,-0.5928,0,0.1852,0.8858,-0.4254,0,0.7069,0.1806,0.6838,0,0,16.8992,1.2183,1]},
{"frame":9,"values":[0.6558,-0.4635,-0.5959,0,0.1791,0.8623,-0.4736,0,0.7333,0.2039,0.6486,0,0,16.8992,1.2183,1]},
{"frame":10,"values":[0.6346,-0.4702,-0.6134,0,0.1828,0.8624,-0.472,0,0.751,0.1874,0.6332,0,0,16.8992,1.2183,1]},
{"frame":11,"values":[0.5856,-0.4621,-0.666,0,0.1928,0.8774,-0.4393,0,0.7873,0.1289,0.6029,0,0,16.8992,1.2183,1]},
{"frame":12,"values":[0.5202,-0.4624,-0.718,0,0.2002,0.8833,-0.4238,0,0.8303,0.0767,0.5521,0,0,16.8992,1.2183,1]},
{"frame":13,"values":[0.4858,-0.467,-0.7389,0,0.1873,0.8813,-0.4339,0,0.8538,0.0724,0.5155,0,0,16.8992,1.2183,1]},
{"frame":14,"values":[0.5052,-0.4635,-0.7279,0,0.1666,0.88,-0.4447,0,0.8467,0.1034,0.5219,0,0,16.8992,1.2183,1]},
{"frame":15,"values":[0.5492,-0.4624,-0.6961,0,0.1663,0.8768,-0.4513,0,0.819,0.1321,0.5584,0,0,16.8992,1.2183,1]},
{"frame":16,"values":[0.5885,-0.4795,-0.651,0,0.188,0.8643,-0.4666,0,0.7863,0.1522,0.5987,0,0,16.8992,1.2183,1]},
{"frame":17,"values":[0.6191,-0.5008,-0.6049,0,0.2105,0.8479,-0.4866,0,0.7566,0.1739,0.6303,0,0,16.8992,1.2183,1]}],"loopBehavior":1,"name":"anim","property":"_matrix"}},
{"name":"HeadTop_End","index":6,"matrix":[1,0,0,0,0,1,0,0,0,0,1,0,0,22.2062,2.1925,1],"rest":[1,0,0,0,0,1,0,0,0,0,1,0,0,22.2062,2.1925,1],"parentBoneIndex":5,"length":22.3142
,"animation":{"dataType":3,"framePerSecond":24,"keys":[
{"frame":1,"values":[1,0,0,0,0,1,0,0,0,0,1,0,0,22.2062,2.1925,1]},
{"frame":17,"values":[1,0,0,0,0,1,0,0,0,0,1,0,0,22.2062,2.1925,1]}],"loopBehavior":1,"name":"anim","property":"_matrix"}},
{"name":"LeftShoulder","index":7,"matrix":[0.981,-0.1901,-0.038,0,0.1904,0.9817,0.0041,0,0.0366,-0.0113,0.9993,0,12.8964,26.7163,-4.5484,1],"rest":[1,0,0,0,0,1,0,0,0,0,1,0,12.8964,26.7163,-4.5484,1],"parentBoneIndex":3,"length":19.7122
,"animation":{"dataType":3,"framePerSecond":24,"keys":[
{"frame":1,"values":[0.981,-0.1901,-0.038,0,0.1904,0.9817,0.0041,0,0.0366,-0.0113,0.9993,0,12.8964,26.7163,-4.5484,1]},
{"frame":2,"values":[0.9824,-0.1551,-0.1039,0,0.1554,0.9878,-0.006,0,0.1036,-0.0103,0.9946,0,12.8964,26.7163,-4.5484,1]},
{"frame":3,"values":[0.9829,-0.0723,-0.1692,0,0.0711,0.9974,-0.0133,0,0.1697,0.001,0.9855,0,12.8964,26.7163,-4.5484,1]},
{"frame":4,"values":[0.9789,0.0282,-0.2024,0,-0.0319,0.9994,-0.0151,0,0.2019,0.0212,0.9792,0,12.8964,26.7163,-4.5484,1]},
{"frame":5,"values":[0.9753,0.0961,-0.199,0,-0.101,0.9948,-0.0146,0,0.1966,0.0344,0.9799,0,12.8964,26.7163,-4.5484,1]},
{"frame":6,"values":[0.9799,0.0942,-0.1761,0,-0.0986,0.995,-0.0159,0,0.1737,0.0329,0.9843,0,12.8964,26.7163,-4.5484,1]},
{"frame":7,"values":[0.9899,0.0127,-0.1411,0,-0.0151,0.9998,-0.0155,0,0.1409,0.0175,0.9899,0,12.8964,26.7163,-4.5484,1]},
{"frame":8,"values":[0.9888,-0.1308,-0.0723,0,0.1309,0.9914,-0.004,0,0.0722,-0.0055,0.9974,0,12.8964,26.7163,-4.5484,1]},
{"frame":9,"values":[0.9673,-0.2521,0.028,0,0.2516,0.9676,0.0196,0,-0.032,-0.0119,0.9994,0,12.8964,26.7163,-4.5484,1]},
{"frame":10,"values":[0.9542,-0.2799,0.1059,0,0.2775,0.96,0.037,0,-0.112,-0.006,0.9937,0,12.8964,26.7163,-4.5484,1]},
{"frame":11,"values":[0.9629,-0.2408,0.1215,0,0.238,0.9706,0.0372,0,-0.1269,-0.0069,0.9919,0,12.8964,26.7163,-4.5484,1]},
{"frame":12,"values":[0.978,-0.1911,0.0831,0,0.1896,0.9815,0.0258,0,-0.0865,-0.0095,0.9962,0,12.8964,26.7163,-4.5484,1]},
{"frame":13,"values":[0.9852,-0.168,0.0345,0,0.1676,0.9857,0.0154,0,-0.0366,-0.0094,0.9993,0,12.8964,26.7163,-4.5484,1]},
{"frame":14,"values":[0.985,-0.172,0.0115,0,0.1718,0.9851,0.0119,0,-0.0133,-0.0098,0.9999,0,12.8964,26.7163,-4.5484,1]},
{"frame":15,"values":[0.9833,-0.1819,0.0083,0,0.1818,0.9833,0.0121,0,-0.0104,-0.0104,0.9999,0,12.8964,26.7163,-4.5484,1]},
{"frame":16,"values":[0.9822,-0.1878,-0.0035,0,0.1878,0.9821,0.0102,0,0.0015,-0.0107,0.9999,0,12.8964,26.7163,-4.5484,1]},
{"frame":17,"values":[0.981,-0.1901,-0.038,0,0.1904,0.9817,0.0041,0,0.0366,-0.0113,0.9993,0,12.8964,26.7163,-4.5484,1]}],"loopBehavior":1,"name":"anim","property":"_matrix"}},
{"name":"LeftArm","index":8,"matrix":[0.7635,-0.6435,-0.0537,0,0.6379,0.7386,0.2181,0,-0.1007,-0.2008,0.9744,0,19.027,-4.857,-1.7184,1],"rest":[1,0,0,0,0,1,0,0,0,0,1,0,19.027,-4.857,-1.7184,1],"parentBoneIndex":7,"length":24.1799
,"animation":{"dataType":3,"framePerSecond":24,"keys":[
{"frame":1,"values":[0.7635,-0.6435,-0.0537,0,0.6379,0.7386,0.2181,0,-0.1007,-0.2008,0.9744,0,19.027,-4.857,-1.7184,1]},
{"frame":2,"values":[0.7246,-0.6541,-0.2173,0,0.6892,0.687,0.2303,0,-0.0013,-0.3166,0.9486,0,19.027,-4.857,-1.7184,1]},
{"frame":3,"values":[0.6699,-0.6281,-0.3959,0,0.7378,0.6228,0.2603,0,0.0831,-0.4664,0.8806,0,19.027,-4.857,-1.7184,1]},
{"frame":4,"values":[0.606,-0.5848,-0.5392,0,0.7826,0.5596,0.2726,0,0.1423,-0.5872,0.7969,0,19.027,-4.857,-1.7184,1]},
{"frame":5,"values":[0.5604,-0.5585,-0.6116,0,0.8087,0.5284,0.2585,0,0.1788,-0.6395,0.7477,0,19.027,-4.857,-1.7184,1]},
{"frame":6,"values":[0.5402,-0.5728,-0.6166,0,0.8191,0.5259,0.229,0,0.1931,-0.6287,0.7533,0,19.027,-4.857,-1.7184,1]},
{"frame":7,"values":[0.5516,-0.6121,-0.5667,0,0.8103,0.5545,0.1898,0,0.1981,-0.5638,0.8018,0,19.027,-4.857,-1.7184,1]},
{"frame":8,"values":[0.6377,-0.6349,-0.4361,0,0.7495,0.6421,0.1612,0,0.1777,-0.4297,0.8853,0,19.027,-4.857,-1.7184,1]},
{"frame":9,"values":[0.7669,-0.6056,-0.2124,0,0.6387,0.7526,0.1602,0,0.0629,-0.2585,0.964,0,19.027,-4.857,-1.7184,1]},
{"frame":10,"values":[0.844,-0.5342,0.048,0,0.5179,0.835,0.1859,0,-0.1394,-0.1321,0.9814,0,19.027,-4.857,-1.7184,1]},
{"frame":11,"values":[0.8578,-0.4563,0.2365,0,0.4136,0.8861,0.2094,0,-0.3051,-0.0818,0.9488,0,19.027,-4.857,-1.7184,1]},
{"frame":12,"values":[0.8575,-0.3881,0.3378,0,0.3428,0.9205,0.1875,0,-0.3837,-0.045,0.9223,0,19.027,-4.857,-1.7184,1]},
{"frame":13,"values":[0.8564,-0.3488,0.3806,0,0.3235,0.9371,0.1309,0,-0.4024,0.0111,0.9154,0,19.027,-4.857,-1.7184,1]},
{"frame":14,"values":[0.8562,-0.388,0.3412,0,0.3711,0.9213,0.1164,0,-0.3595,0.027,0.9328,0,19.027,-4.857,-1.7184,1]},
{"frame":15,"values":[0.8426,-0.4895,0.2244,0,0.4626,0.8713,0.1639,0,-0.2757,-0.0344,0.9606,0,19.027,-4.857,-1.7184,1]},
{"frame":16,"values":[0.8054,-0.5874,0.0792,0,0.5621,0.7994,0.2124,0,-0.1881,-0.1265,0.974,0,19.027,-4.857,-1.7184,1]},
{"frame":17,"values":[0.7635,-0.6435,-0.0537,0,0.6379,0.7386,0.2181,0,-0.1007,-0.2008,0.9744,0,19.027,-4.857,-1.7184,1]}],"loopBehavior":1,"name":"anim","property":"_matrix"}},
{"name":"LeftForeArm","index":9,"matrix":[0.5056,0.0572,0.8609,0,0.0572,0.9934,-0.0996,0,-0.8609,0.0996,0.4989,0,24.1799,0,0,1],"rest":[1,0,0,0,0,1,0,0,0,0,1,0,24.1799,0,0,1],"parentBoneIndex":8,"length":27.1564
,"animation":{"dataType":3,"framePerSecond":24,"keys":[
{"frame":1,"values":[0.5056,0.0572,0.8609,0,0.0572,0.9934,-0.0996,0,-0.8609,0.0996,0.4989,0,24.1799,0,0,1]},
{"frame":2,"values":[0.6404,0.0416,0.7669,0,0.0416,0.9952,-0.0887,0,-0.7669,0.0887,0.6356,0,24.1799,0,0,1]},
{"frame":3,"values":[0.6567,0.0397,0.7531,0,0.0397,0.9954,-0.0871,0,-0.7531,0.0871,0.6521,0,24.1799,0,0,1]},
{"frame":4,"values":[0.5929,0.0471,0.8039,0,0.0471,0.9945,-0.093,0,-0.8039,0.093,0.5874,0,24.1799,0,0,1]},
{"frame":5,"values":[0.5329,0.054,0.8444,0,0.054,0.9937,-0.0977,0,-0.8444,0.0977,0.5267,0,24.1799,0,0,1]},
{"frame":6,"values":[0.5037,0.0574,0.862,0,0.0574,0.9934,-0.0997,0,-0.862,0.0997,0.497,0,24.1799,0,0,1]},
{"frame":7,"values":[0.4746,0.0608,0.8781,0,0.0608,0.993,-0.1016,0,-0.8781,0.1016,0.4676,0,24.1799,0,0,1]},
{"frame":8,"values":[0.4538,0.0632,0.8889,0,0.0632,0.9927,-0.1028,0,-0.8889,0.1028,0.4465,0,24.1799,0,0,1]},
{"frame":9,"values":[0.4526,0.0633,0.8895,0,0.0633,0.9927,-0.1029,0,-0.8895,0.1029,0.4452,0,24.1799,0,0,1]},
{"frame":10,"values":[0.4181,0.0673,0.9059,0,0.0673,0.9922,-0.1048,0,-0.9059,0.1048,0.4104,0,24.1799,0,0,1]},
{"frame":11,"values":[0.3162,0.0791,0.9454,0,0.0791,0.9908,-0.1094,0,-0.9454,0.1094,0.3071,0,24.1799,0,0,1]},
{"frame":12,"values":[0.1905,0.0937,0.9772,0,0.0937,0.9892,-0.1131,0,-0.9772,0.1131,0.1797,0,24.1799,0,0,1]},
{"frame":13,"values":[0.1055,0.1035,0.989,0,0.1035,0.988,-0.1144,0,-0.989,0.1144,0.0935,0,24.1799,0,0,1]},
{"frame":14,"values":[0.0915,0.1051,0.9902,0,0.1051,0.9878,-0.1146,0,-0.9902,0.1146,0.0794,0,24.1799,0,0,1]},
{"frame":15,"values":[0.1529,0.098,0.9834,0,0.098,0.9887,-0.1138,0,-0.9834,0.1138,0.1415,0,24.1799,0,0,1]},
{"frame":16,"values":[0.303,0.0806,0.9496,0,0.0806,0.9907,-0.1099,0,-0.9496,0.1099,0.2937,0,24.1799,0,0,1]},
{"frame":17,"values":[0.5056,0.0572,0.8609,0,0.0572,0.9934,-0.0996,0,-0.8609,0.0996,0.4989,0,24.1799,0,0,1]}],"loopBehavior":1,"name":"anim","property":"_matrix"}},
{"name":"LeftHand","index":10,"matrix":[0.9634,0.0633,0.2606,0,-0.1558,0.9231,0.3517,0,-0.2183,-0.3794,0.8991,0,27.1564,0.0001,0,1],"rest":[1,0,0,0,0,1,0,0,0,0,1,0,27.1564,0.0001,0,1],"parentBoneIndex":9,"length":13.2912
,"animation":{"dataType":3,"framePerSecond":24,"keys":[
{"frame":1,"values":[0.9634,0.0633,0.2606,0,-0.1558,0.9231,0.3517,0,-0.2183,-0.3794,0.8991,0,27.1564,0.0001,0,1]},
{"frame":2,"values":[0.9163,0.0593,0.3961,0,-0.2342,0.8816,0.4098,0,-0.3249,-0.4682,0.8217,0,27.1564,0.0001,0,1]},
{"frame":3,"values":[0.8633,0.1087,0.4929,0,-0.3373,0.8507,0.4032,0,-0.3755,-0.5143,0.7711,0,27.1564,0.0001,0,1]},
{"frame":4,"values":[0.861,0.132,0.4911,0,-0.358,0.8432,0.401,0,-0.3612,-0.5211,0.7733,0,27.1564,0.0001,0,1]},
{"frame":5,"values":[0.8971,0.0943,0.4316,0,-0.301,0.8456,0.4408,0,-0.3234,-0.5254,0.787,0,27.1564,0.0001,0,1]},
{"frame":6,"values":[0.9313,0.0369,0.3625,0,-0.2247,0.8413,0.4917,0,-0.2868,-0.5394,0.7917,0,27.1564,0.0001,0,1]},
{"frame":7,"values":[0.9601,-0.0239,0.2785,0,-0.1313,0.8411,0.5248,0,-0.2468,-0.5404,0.8044,0,27.1564,0.0001,0,1]},
{"frame":8,"values":[0.9733,-0.1409,0.1815,0,0.0218,0.8429,0.5376,0,-0.2287,-0.5192,0.8235,0,27.1564,0.0001,0,1]},
{"frame":9,"values":[0.9528,-0.2775,0.1228,0,0.1813,0.845,0.503,0,-0.2434,-0.457,0.8555,0,27.1564,0.0001,0,1]},
{"frame":10,"values":[0.9234,-0.3675,0.1106,0,0.2975,0.8675,0.3986,0,-0.2424,-0.3352,0.9104,0,27.1564,0.0001,0,1]},
{"frame":11,"values":[0.9028,-0.4178,0.1022,0,0.3771,0.8831,0.2791,0,-0.2069,-0.2135,0.9548,0,27.1564,0.0001,0,1]},
{"frame":12,"values":[0.9288,-0.3503,0.1212,0,0.3203,0.9231,0.213,0,-0.1865,-0.159,0.9695,0,27.1564,0.0001,0,1]},
{"frame":13,"values":[0.9768,-0.0881,0.1954,0,0.0501,0.9802,0.1914,0,-0.2084,-0.1772,0.9619,0,27.1564,0.0001,0,1]},
{"frame":14,"values":[0.9388,0.2098,0.273,0,-0.2646,0.9471,0.1818,0,-0.2205,-0.2429,0.9447,0,27.1564,0.0001,0,1]},
{"frame":15,"values":[0.9084,0.3043,0.2867,0,-0.3658,0.9105,0.1928,0,-0.2024,-0.2801,0.9384,0,27.1564,0.0001,0,1]},
{"frame":16,"values":[0.946,0.1989,0.2561,0,-0.2645,0.9302,0.2546,0,-0.1876,-0.3086,0.9325,0,27.1564,0.0001,0,1]},
{"frame":17,"values":[0.9634,0.0633,0.2606,0,-0.1558,0.9231,0.3517,0,-0.2183,-0.3794,0.8991,0,27.1564,0.0001,0,1]}],"loopBehavior":1,"name":"anim","property":"_matrix"}},
{"name":"LeftHandIndex1","index":11,"matrix":[0.9968,-0.0155,0.0788,0,0.0166,0.9998,-0.0128,0,-0.0786,0.0141,0.9968,0,16.4412,0,0,1],"rest":[1,0,0,0,0,1,0,0,0,0,1,0,16.4412,0,0,1],"parentBoneIndex":10,"length":4.8219
,"animation":{"dataType":3,"framePerSecond":24,"keys":[
{"frame":1,"values":[0.9968,-0.0155,0.0788,0,0.0166,0.9998,-0.0128,0,-0.0786,0.0141,0.9968,0,16.4412,0,0,1]},
{"frame":2,"values":[0.9941,-0.0755,0.0779,0,0.077,0.9969,-0.0161,0,-0.0764,0.022,0.9968,0,16.4412,0,0,1]},
{"frame":3,"values":[0.9828,-0.1686,0.0752,0,0.1707,0.9851,-0.0219,0,-0.0703,0.0343,0.9969,0,16.4412,0,0,1]},
{"frame":4,"values":[0.9552,-0.2876,0.0702,0,0.2902,0.9565,-0.0304,0,-0.0584,0.0494,0.9971,0,16.4412,0,0,1]},
{"frame":5,"values":[0.9079,-0.4145,0.0634,0,0.4173,0.9078,-0.0411,0,-0.0405,0.0638,0.9971,0,16.4412,0,0,1]},
{"frame":6,"values":[0.8441,-0.5334,0.0554,0,0.5359,0.8426,-0.0529,0,-0.0184,0.0744,0.9971,0,16.4412,0,0,1]},
{"frame":7,"values":[0.774,-0.6314,0.0474,0,0.6332,0.7713,-0.0643,0,0.004,0.0797,0.9968,0,16.4412,0,0,1]},
{"frame":8,"values":[0.7134,-0.6996,0.0409,0,0.7004,0.71,-0.0732,0,0.0222,0.0809,0.9965,0,16.4412,0,0,1]},
{"frame":9,"values":[0.6778,-0.7343,0.0374,0,0.7345,0.674,-0.0782,0,0.0322,0.0805,0.9962,0,16.4412,0,0,1]},
{"frame":10,"values":[0.6904,-0.7225,0.0373,0,0.7229,0.6868,-0.0762,0,0.0294,0.0796,0.9964,0,16.4412,0,0,1]},
{"frame":11,"values":[0.7493,-0.661,0.0396,0,0.6621,0.7465,-0.0671,0,0.0148,0.0765,0.997,0,16.4412,0,0,1]},
{"frame":12,"values":[0.8297,-0.5566,0.0431,0,0.5582,0.828,-0.0535,0,-0.0059,0.0684,0.9976,0,16.4412,0,0,1]},
{"frame":13,"values":[0.9018,-0.4295,0.048,0,0.4314,0.9013,-0.0397,0,-0.0262,0.0565,0.9981,0,16.4412,0,0,1]},
{"frame":14,"values":[0.9566,-0.286,0.0556,0,0.2878,0.9573,-0.0277,0,-0.0453,0.0425,0.9981,0,16.4412,0,0,1]},
{"frame":15,"values":[0.988,-0.14,0.0659,0,0.1415,0.9898,-0.0185,0,-0.0626,0.0276,0.9977,0,16.4412,0,0,1]},
{"frame":16,"values":[0.9964,-0.0399,0.0747,0,0.041,0.9991,-0.0137,0,-0.0741,0.0167,0.9971,0,16.4412,0,0,1]},
{"frame":17,"values":[0.9968,-0.0155,0.0788,0,0.0166,0.9998,-0.0128,0,-0.0786,0.0141,0.9968,0,16.4412,0,0,1]}],"loopBehavior":1,"name":"anim","property":"_matrix"}},
{"name":"LeftHandIndex2","index":12,"matrix":[0.9997,-0.0227,-0.0023,0,0.0227,0.9997,0,0,0.0023,0,1,0,4.8219,0.0001,0,1],"rest":[1,0,0,0,0,1,0,0,0,0,1,0,4.8219,0.0001,0,1],"parentBoneIndex":11,"length":6.3865
,"animation":{"dataType":3,"framePerSecond":24,"keys":[
{"frame":1,"values":[0.9997,-0.0227,-0.0023,0,0.0227,0.9997,0,0,0.0023,0,1,0,4.8219,0.0001,0,1]},
{"frame":2,"values":[0.9969,-0.0784,-0.008,0,0.0784,0.9969,-0.0003,0,0.008,-0.0003,1,0,4.8219,0.0001,0,1]},
{"frame":3,"values":[0.9883,-0.152,-0.0156,0,0.152,0.9884,-0.0012,0,0.0156,-0.0012,0.9999,0,4.8219,0.0001,0,1]},
{"frame":4,"values":[0.9706,-0.2393,-0.0245,0,0.2393,0.9709,-0.003,0,0.0245,-0.003,0.9997,0,4.8219,0.0001,0,1]},
{"frame":5,"values":[0.9436,-0.3295,-0.0338,0,0.3295,0.9441,-0.0057,0,0.0338,-0.0057,0.9994,0,4.8219,0.0001,0,1]},
{"frame":6,"values":[0.9096,-0.4132,-0.0423,0,0.4132,0.9106,-0.0092,0,0.0424,-0.0092,0.9991,0,4.8219,0.0001,0,1]},
{"frame":7,"values":[0.8739,-0.4835,-0.0496,0,0.4835,0.8752,-0.0128,0,0.0496,-0.0128,0.9987,0,4.8219,0.0001,0,1]},
{"frame":8,"values":[0.8428,-0.5354,-0.0549,0,0.5354,0.8445,-0.0159,0,0.0549,-0.0159,0.9984,0,4.8219,0.0001,0,1]},
{"frame":9,"values":[0.8245,-0.5629,-0.0577,0,0.5629,0.8264,-0.0178,0,0.0577,-0.0178,0.9982,0,4.8219,0.0001,0,1]},
{"frame":10,"values":[0.8392,-0.5411,-0.0554,0,0.5411,0.8408,-0.0163,0,0.0554,-0.0163,0.9983,0,4.8219,0.0001,0,1]},
{"frame":11,"values":[0.8892,-0.4551,-0.0466,0,0.4551,0.8904,-0.0112,0,0.0466,-0.0112,0.9988,0,4.8219,0.0001,0,1]},
{"frame":12,"values":[0.9485,-0.3152,-0.0323,0,0.3152,0.949,-0.0052,0,0.0323,-0.0052,0.9995,0,4.8219,0.0001,0,1]},
{"frame":13,"values":[0.9851,-0.1709,-0.0175,0,0.1709,0.9853,-0.0015,0,0.0175,-0.0015,0.9998,0,4.8219,0.0001,0,1]},
{"frame":14,"values":[0.9977,-0.0673,-0.0069,0,0.0673,0.9977,-0.0002,0,0.0069,-0.0002,1,0,4.8219,0.0001,0,1]},
{"frame":15,"values":[0.9999,-0.0126,-0.0013,0,0.0126,0.9999,0,0,0.0013,0,1,0,4.8219,0.0001,0,1]},
{"frame":16,"values":[1,-0.0022,-0.0002,0,0.0022,1,0,0,0.0002,0,1,0,4.8219,0.0001,0,1]},
{"frame":17,"values":[0.9997,-0.0227,-0.0023,0,0.0227,0.9997,0,0,0.0023,0,1,0,4.8219,0.0001,0,1]}],"loopBehavior":1,"name":"anim","property":"_matrix"}},
{"name":"LeftHandIndex3","index":13,"matrix":[0.9638,0.2659,0.0217,0,-0.2658,0.964,-0.0036,0,-0.0219,-0.0023,0.9998,0,6.3865,0,0,1],"rest":[0.9994,0.0344,-0.002,0,-0.0344,0.9994,0,0,0.002,0,1,0,6.3865,0,0,1],"parentBoneIndex":12,"length":5.189
,"animation":{"dataType":3,"framePerSecond":24,"keys":[
{"frame":1,"values":[0.9638,0.2659,0.0217,0,-0.2658,0.964,-0.0036,0,-0.0219,-0.0023,0.9998,0,6.3865,0,0,1]},
{"frame":2,"values":[0.9768,0.2135,0.0164,0,-0.2135,0.9769,-0.0023,0,-0.0165,-0.0013,0.9999,0,6.3865,0,0,1]},
{"frame":3,"values":[0.9895,0.1441,0.0093,0,-0.1441,0.9896,-0.001,0,-0.0093,-0.0004,1,0,6.3865,0,0,1]},
{"frame":4,"values":[0.9981,0.0613,0.0008,0,-0.0613,0.9981,-0.0001,0,-0.0008,0.0001,1,0,6.3865,0,0,1]},
{"frame":5,"values":[0.9996,-0.0256,-0.0081,0,0.0256,0.9997,0.0001,0,0.0081,-0.0003,1,0,6.3865,0,0,1]},
{"frame":6,"values":[0.994,-0.1078,-0.0166,0,0.1078,0.9942,-0.0005,0,0.0165,-0.0013,0.9999,0,6.3865,0,0,1]},
{"frame":7,"values":[0.9837,-0.1785,-0.0238,0,0.1785,0.9839,-0.0016,0,0.0237,-0.0027,0.9997,0,6.3865,0,0,1]},
{"frame":8,"values":[0.9722,-0.2322,-0.0293,0,0.2322,0.9727,-0.0027,0,0.0291,-0.0042,0.9996,0,6.3865,0,0,1]},
{"frame":9,"values":[0.9648,-0.2611,-0.0323,0,0.2612,0.9653,-0.0035,0,0.0321,-0.0051,0.9995,0,6.3865,0,0,1]},
{"frame":10,"values":[0.9715,-0.2352,-0.0296,0,0.2352,0.9719,-0.0028,0,0.0294,-0.0043,0.9996,0,6.3865,0,0,1]},
{"frame":11,"values":[0.9903,-0.1379,-0.0196,0,0.1379,0.9905,-0.0009,0,0.0196,-0.0018,0.9998,0,6.3865,0,0,1]},
{"frame":12,"values":[0.9999,0.0135,-0.0041,0,-0.0135,0.9999,0.0001,0,0.0041,0,1,0,6.3865,0,0,1]},
{"frame":13,"values":[0.9871,0.1595,0.0108,0,-0.1595,0.9872,-0.0012,0,-0.0109,-0.0005,0.9999,0,6.3865,0,0,1]},
{"frame":14,"values":[0.9675,0.2522,0.0203,0,-0.2522,0.9677,-0.0032,0,-0.0205,-0.002,0.9998,0,6.3865,0,0,1]},
{"frame":15,"values":[0.9567,0.2901,0.0242,0,-0.2901,0.957,-0.0043,0,-0.0244,-0.0029,0.9997,0,6.3865,0,0,1]},
{"frame":16,"values":[0.9573,0.2882,0.024,0,-0.2882,0.9576,-0.0043,0,-0.0242,-0.0029,0.9997,0,6.3865,0,0,1]},
{"frame":17,"values":[0.9638,0.2659,0.0217,0,-0.2658,0.964,-0.0036,0,-0.0219,-0.0023,0.9998,0,6.3865,0,0,1]}],"loopBehavior":1,"name":"anim","property":"_matrix"}},
{"name":"LeftHandIndex4","index":14,"matrix":[1,0,0,0,0,1,0,0,0,0,1,0,5.1859,-0.1787,0.0103,1],"rest":[1,0,0,0,0,1,0,0,0,0,1,0,5.1859,-0.1787,0.0103,1],"parentBoneIndex":13,"length":5.189
,"animation":{"dataType":3,"framePerSecond":24,"keys":[
{"frame":1,"values":[1,0,0,0,0,1,0,0,0,0,1,0,5.1859,-0.1787,0.0103,1]},
{"frame":17,"values":[1,0,0,0,0,1,0,0,0,0,1,0,5.1859,-0.1787,0.0103,1]}],"loopBehavior":1,"name":"anim","property":"_matrix"}},
{"name":"LeftHandThumb1","index":15,"matrix":[0.9771,-0.1139,0.1798,0,0.1328,0.9864,-0.0967,0,-0.1663,0.1184,0.9789,0,6.5349,-5.0326,5.9003,1],"rest":[1,0,0,0,0,1,0,0,0,0,1,0,6.5349,-5.0326,5.9003,1],"parentBoneIndex":10,"length":4.9292
,"animation":{"dataType":3,"framePerSecond":24,"keys":[
{"frame":1,"values":[0.9771,-0.1139,0.1798,0,0.1328,0.9864,-0.0967,0,-0.1663,0.1184,0.9789,0,6.5349,-5.0326,5.9003,1]},
{"frame":2,"values":[0.9823,-0.1077,0.1534,0,0.1217,0.989,-0.0846,0,-0.1426,0.1017,0.9845,0,6.5349,-5.0326,5.9003,1]},
{"frame":3,"values":[0.9876,-0.0996,0.121,0,0.1084,0.9917,-0.0692,0,-0.1131,0.0814,0.9902,0,6.5349,-5.0326,5.9003,1]},
{"frame":4,"values":[0.9924,-0.0894,0.084,0,0.0939,0.9943,-0.051,0,-0.079,0.0585,0.9952,0,6.5349,-5.0326,5.9003,1]},
{"frame":5,"values":[0.9959,-0.0781,0.0462,0,0.0796,0.9963,-0.0319,0,-0.0435,0.0355,0.9984,0,6.5349,-5.0326,5.9003,1]},
{"frame":6,"values":[0.9977,-0.0668,0.0112,0,0.0669,0.9977,-0.0136,0,-0.0102,0.0143,0.9998,0,6.5349,-5.0326,5.9003,1]},
{"frame":7,"values":[0.9982,-0.0565,-0.0186,0,0.0566,0.9984,0.0024,0,0.0184,-0.0034,0.9998,0,6.5349,-5.0326,5.9003,1]},
{"frame":8,"values":[0.998,-0.0482,-0.0415,0,0.0488,0.9987,0.0149,0,0.0407,-0.0169,0.999,0,6.5349,-5.0326,5.9003,1]},
{"frame":9,"values":[0.9976,-0.0435,-0.054,0,0.0447,0.9988,0.0219,0,0.0529,-0.0242,0.9983,0,6.5349,-5.0326,5.9003,1]},
{"frame":10,"values":[0.998,-0.0488,-0.04,0,0.0494,0.9987,0.0141,0,0.0393,-0.016,0.9991,0,6.5349,-5.0326,5.9003,1]},
{"frame":11,"values":[0.9978,-0.0663,0.0097,0,0.0664,0.9977,-0.0128,0,-0.0088,0.0135,0.9999,0,6.5349,-5.0326,5.9003,1]},
{"frame":12,"values":[0.9922,-0.09,0.0861,0,0.0947,0.9941,-0.0521,0,-0.0809,0.0598,0.9949,0,6.5349,-5.0326,5.9003,1]},
{"frame":13,"values":[0.9814,-0.1089,0.1583,0,0.1237,0.9885,-0.0868,0,-0.1471,0.1048,0.9836,0,6.5349,-5.0326,5.9003,1]},
{"frame":14,"values":[0.9727,-0.1183,0.1996,0,0.1414,0.9843,-0.1057,0,-0.184,0.1311,0.9742,0,6.5349,-5.0326,5.9003,1]},
{"frame":15,"values":[0.9705,-0.1202,0.2092,0,0.1455,0.9832,-0.11,0,-0.1925,0.1372,0.9717,0,6.5349,-5.0326,5.9003,1]},
{"frame":16,"values":[0.9731,-0.1179,0.1981,0,0.1407,0.9845,-0.105,0,-0.1826,0.13,0.9745,0,6.5349,-5.0326,5.9003,1]},
{"frame":17,"values":[0.9771,-0.1139,0.1798,0,0.1328,0.9864,-0.0967,0,-0.1663,0.1184,0.9789,0,6.5349,-5.0326,5.9003,1]}],"loopBehavior":1,"name":"anim","property":"_matrix"}},
{"name":"LeftHandThumb2","index":16,"matrix":[0.9621,0.2622,-0.0757,0,-0.2557,0.963,0.0856,0,0.0953,-0.063,0.9934,0,3.8182,-2.2044,2.2044,1],"rest":[1,0,0,0,0,1,0,0,0,0,1,0,3.8182,-2.2044,2.2044,1],"parentBoneIndex":15,"length":4.1984
,"animation":{"dataType":3,"framePerSecond":24,"keys":[
{"frame":1,"values":[0.9621,0.2622,-0.0757,0,-0.2557,0.963,0.0856,0,0.0953,-0.063,0.9934,0,3.8182,-2.2044,2.2044,1]},
{"frame":2,"values":[0.9582,0.2674,-0.1017,0,-0.2584,0.9615,0.0934,0,0.1227,-0.0632,0.9904,0,3.8182,-2.2044,2.2044,1]},
{"frame":3,"values":[0.9525,0.2739,-0.1334,0,-0.2616,0.9597,0.103,0,0.1562,-0.0632,0.9857,0,3.8182,-2.2044,2.2044,1]},
{"frame":4,"values":[0.9446,0.2813,-0.1693,0,-0.2647,0.9576,0.114,0,0.1942,-0.0629,0.9789,0,3.8182,-2.2044,2.2044,1]},
{"frame":5,"values":[0.935,0.2888,-0.2058,0,-0.2675,0.9554,0.1255,0,0.2328,-0.0623,0.9705,0,3.8182,-2.2044,2.2044,1]},
{"frame":6,"values":[0.9248,0.2958,-0.2393,0,-0.2696,0.9533,0.1363,0,0.2685,-0.0615,0.9613,0,3.8182,-2.2044,2.2044,1]},
{"frame":7,"values":[0.9151,0.3017,-0.2677,0,-0.2711,0.9515,0.1455,0,0.2986,-0.0606,0.9524,0,3.8182,-2.2044,2.2044,1]},
{"frame":8,"values":[0.9069,0.3062,-0.2894,0,-0.2721,0.9501,0.1527,0,0.3217,-0.0598,0.9449,0,3.8182,-2.2044,2.2044,1]},
{"frame":9,"values":[0.9022,0.3087,-0.3012,0,-0.2725,0.9493,0.1566,0,0.3343,-0.0592,0.9406,0,3.8182,-2.2044,2.2044,1]},
{"frame":10,"values":[0.9074,0.306,-0.288,0,-0.2721,0.9502,0.1522,0,0.3202,-0.0598,0.9455,0,3.8182,-2.2044,2.2044,1]},
{"frame":11,"values":[0.9243,0.296,-0.2407,0,-0.2697,0.9532,0.1367,0,0.27,-0.0615,0.9609,0,3.8182,-2.2044,2.2044,1]},
{"frame":12,"values":[0.9451,0.2808,-0.1673,0,-0.2645,0.9577,0.1134,0,0.1921,-0.0629,0.9794,0,3.8182,-2.2044,2.2044,1]},
{"frame":13,"values":[0.959,0.2665,-0.0969,0,-0.258,0.9618,0.0919,0,0.1176,-0.0631,0.991,0,3.8182,-2.2044,2.2044,1]},
{"frame":14,"values":[0.9645,0.2582,-0.0561,0,-0.2535,0.964,0.0798,0,0.0747,-0.0628,0.9952,0,3.8182,-2.2044,2.2044,1]},
{"frame":15,"values":[0.9655,0.2563,-0.0466,0,-0.2523,0.9646,0.077,0,0.0647,-0.0626,0.9959,0,3.8182,-2.2044,2.2044,1]},
{"frame":16,"values":[0.9643,0.2585,-0.0576,0,-0.2536,0.964,0.0803,0,0.0763,-0.0628,0.9951,0,3.8182,-2.2044,2.2044,1]},
{"frame":17,"values":[0.9621,0.2622,-0.0757,0,-0.2557,0.963,0.0856,0,0.0953,-0.063,0.9934,0,3.8182,-2.2044,2.2044,1]}],"loopBehavior":1,"name":"anim","property":"_matrix"}},
{"name":"LeftHandThumb3","index":17,"matrix":[0.8219,0.3648,0.4375,0,-0.0979,0.8471,-0.5224,0,-0.5611,0.3865,0.7319,0,3.2521,-1.8776,1.8776,1],"rest":[1,0,0,0,0,1,0,0,0,0,1,0,3.2521,-1.8776,1.8776,1],"parentBoneIndex":16,"length":6.78
,"animation":{"dataType":3,"framePerSecond":24,"keys":[
{"frame":1,"values":[0.8219,0.3648,0.4375,0,-0.0979,0.8471,-0.5224,0,-0.5611,0.3865,0.7319,0,3.2521,-1.8776,1.8776,1]},
{"frame":2,"values":[0.8307,0.3626,0.4225,0,-0.1072,0.8489,-0.5176,0,-0.5463,0.3846,0.744,0,3.2521,-1.8776,1.8776,1]},
{"frame":3,"values":[0.841,0.3599,0.4039,0,-0.1186,0.8511,-0.5115,0,-0.5279,0.3822,0.7585,0,3.2521,-1.8776,1.8776,1]},
{"frame":4,"values":[0.8522,0.357,0.3824,0,-0.1314,0.8536,-0.5041,0,-0.5064,0.3794,0.7744,0,3.2521,-1.8776,1.8776,1]},
{"frame":5,"values":[0.8631,0.3541,0.36,0,-0.1443,0.8561,-0.4962,0,-0.4839,0.3763,0.7901,0,3.2521,-1.8776,1.8776,1]},
{"frame":6,"values":[0.8727,0.3515,0.3388,0,-0.1561,0.8585,-0.4885,0,-0.4626,0.3734,0.8041,0,3.2521,-1.8776,1.8776,1]},
{"frame":7,"values":[0.8804,0.3493,0.3206,0,-0.166,0.8605,-0.4817,0,-0.4441,0.3709,0.8156,0,3.2521,-1.8776,1.8776,1]},
{"frame":8,"values":[0.8862,0.3477,0.3064,0,-0.1736,0.862,-0.4762,0,-0.4297,0.3688,0.8242,0,3.2521,-1.8776,1.8776,1]},
{"frame":9,"values":[0.8892,0.3468,0.2985,0,-0.1777,0.8628,-0.4732,0,-0.4217,0.3677,0.8288,0,3.2521,-1.8776,1.8776,1]},
{"frame":10,"values":[0.8858,0.3478,0.3073,0,-0.1731,0.8619,-0.4766,0,-0.4306,0.369,0.8237,0,3.2521,-1.8776,1.8776,1]},
{"frame":11,"values":[0.8731,0.3514,0.338,0,-0.1566,0.8586,-0.4882,0,-0.4617,0.3733,0.8047,0,3.2521,-1.8776,1.8776,1]},
{"frame":12,"values":[0.8516,0.3572,0.3836,0,-0.1307,0.8535,-0.5045,0,-0.5076,0.3795,0.7735,0,3.2521,-1.8776,1.8776,1]},
{"frame":13,"values":[0.8291,0.363,0.4253,0,-0.1055,0.8485,-0.5185,0,-0.5491,0.385,0.7418,0,3.2521,-1.8776,1.8776,1]},
{"frame":14,"values":[0.8151,0.3664,0.4486,0,-0.0908,0.8457,-0.5259,0,-0.5721,0.3879,0.7226,0,3.2521,-1.8776,1.8776,1]},
{"frame":15,"values":[0.8118,0.3672,0.454,0,-0.0873,0.8451,-0.5275,0,-0.5774,0.3886,0.7181,0,3.2521,-1.8776,1.8776,1]},
{"frame":16,"values":[0.8157,0.3663,0.4478,0,-0.0913,0.8458,-0.5256,0,-0.5712,0.3878,0.7234,0,3.2521,-1.8776,1.8776,1]},
{"frame":17,"values":[0.8219,0.3648,0.4375,0,-0.0979,0.8471,-0.5224,0,-0.5611,0.3865,0.7319,0,3.2521,-1.8776,1.8776,1]}],"loopBehavior":1,"name":"anim","property":"_matrix"}},
{"name":"LeftHandThumb4","index":18,"matrix":[1,0,0,0,0,1,0,0,0,0,1,0,5.2518,-3.0321,3.0321,1],"rest":[1,0,0,0,0,1,0,0,0,0,1,0,5.2518,-3.0321,3.0321,1],"parentBoneIndex":17,"length":6.78
,"animation":{"dataType":3,"framePerSecond":24,"keys":[
{"frame":1,"values":[1,0,0,0,0,1,0,0,0,0,1,0,5.2518,-3.0321,3.0321,1]},
{"frame":17,"values":[1,0,0,0,0,1,0,0,0,0,1,0,5.2518,-3.0321,3.0321,1]}],"loopBehavior":1,"name":"anim","property":"_matrix"}},
{"name":"RightShoulder","index":19,"matrix":[0.9402,0.2135,-0.2653,0,-0.2045,0.9769,0.0612,0,0.2722,-0.0033,0.9622,0,-12.8963,26.7163,-4.5484,1],"rest":[1,0,0,0,0,1,0,0,0,0,1,0,-12.8963,26.7163,-4.5484,1],"parentBoneIndex":3,"length":19.7122
,"animation":{"dataType":3,"framePerSecond":24,"keys":[
{"frame":1,"values":[0.9402,0.2135,-0.2653,0,-0.2045,0.9769,0.0612,0,0.2722,-0.0033,0.9622,0,-12.8963,26.7163,-4.5484,1]},
{"frame":2,"values":[0.9424,0.1888,-0.2762,0,-0.1795,0.982,0.0589,0,0.2824,-0.0059,0.9593,0,-12.8963,26.7163,-4.5484,1]},
{"frame":3,"values":[0.9483,0.1564,-0.2762,0,-0.1473,0.9876,0.0535,0,0.2811,-0.01,0.9596,0,-12.8963,26.7163,-4.5484,1]},
{"frame":4,"values":[0.9572,0.1335,-0.2569,0,-0.1257,0.991,0.0467,0,0.2608,-0.0125,0.9653,0,-12.8963,26.7163,-4.5484,1]},
{"frame":5,"values":[0.9641,0.1291,-0.232,0,-0.1226,0.9916,0.0422,0,0.2354,-0.0122,0.9718,0,-12.8963,26.7163,-4.5484,1]},
{"frame":6,"values":[0.9646,0.1406,-0.2233,0,-0.1345,0.99,0.0427,0,0.227,-0.0111,0.9738,0,-12.8963,26.7163,-4.5484,1]},
{"frame":7,"values":[0.9597,0.157,-0.2333,0,-0.1501,0.9876,0.0468,0,0.2377,-0.0099,0.9713,0,-12.8963,26.7163,-4.5484,1]},
