{"producer":{"name":"Blender","version":"2.90.0","exporter_version":"2.80.1","file":"sit_wait.babylon"},
"autoClear":true,"clearColor":[0.0509,0.0509,0.0509],"gravity":[0,-9.81,0],
"materials":[{"name":"Material","id":"Material","customType":"BABYLON.PBRMaterial","backFaceCulling":true,"checkReadyOnlyOnce":false,"maxSimultaneousLights":4,"environmentIntensity":1,"albedo":[0.8,0.8,0.8],"reflectivity":[0.5,0.5,0.5],"roughness":0.4,"alpha":1,"transparencyMode":0,"alphaCutOff":0.4,"metallic":0}],
"multiMaterials":[],
"skeletons":[{"name":"Armature","id":0,"dimensionsAtRest":[232.1761,222.9347,36.3014],"bones":[
{"name":"Hips","index":0,"matrix":[0.9991,0.0322,-0.028,0,-0.0272,0.9859,0.1649,0,-0.0329,0.164,-0.9859,0,0.2257,47.6672,-8.6353,1],"rest":[1,0,0,0,0,1,0,0,0,0,-1,0,0,89.0054,0,1],"parentBoneIndex":-1,"length":14.2998
,"animation":{"dataType":3,"framePerSecond":24,"keys":[
{"frame":1,"values":[0.9991,0.0322,-0.028,0,-0.0272,0.9859,0.1649,0,-0.0329,0.164,-0.9859,0,0.2257,47.6672,-8.6353,1]},
{"frame":2,"values":[0.9991,0.0322,-0.028,0,-0.0272,0.986,0.1648,0,-0.0329,0.1638,-0.9859,0,0.2228,47.6678,-8.6384,1]},
{"frame":3,"values":[0.9991,0.0322,-0.028,0,-0.0272,0.986,0.1644,0,-0.0329,0.1635,-0.986,0,0.22,47.6683,-8.6427,1]},
{"frame":4,"values":[0.9991,0.0323,-0.028,0,-0.0272,0.9861,0.164,0,-0.0329,0.163,-0.9861,0,0.217,47.6687,-8.6479,1]},
{"frame":5,"values":[0.9991,0.0323,-0.028,0,-0.0273,0.9862,0.1633,0,-0.0329,0.1624,-0.9862,0,0.2139,47.6691,-8.6538,1]},
{"frame":6,"values":[0.9991,0.0323,-0.0281,0,-0.0273,0.9863,0.1626,0,-0.0329,0.1617,-0.9863,0,0.2109,47.6693,-8.6603,1]},
{"frame":7,"values":[0.9991,0.0323,-0.0281,0,-0.0274,0.9865,0.1618,0,-0.0329,0.1608,-0.9864,0,0.2079,47.6695,-8.6672,1]},
{"frame":8,"values":[0.9991,0.0323,-0.0281,0,-0.0274,0.9866,0.1609,0,-0.033,0.16,-0.9866,0,0.2053,47.6696,-8.6743,1]},
{"frame":9,"values":[0.9991,0.0324,-0.0282,0,-0.0274,0.9867,0.16,0,-0.033,0.1591,-0.9867,0,0.2032,47.6697,-8.6813,1]},
{"frame":10,"values":[0.9991,0.0324,-0.0282,0,-0.0275,0.9869,0.1591,0,-0.033,0.1582,-0.9869,0,0.2015,47.6697,-8.6882,1]},
{"frame":11,"values":[0.9991,0.0324,-0.0282,0,-0.0275,0.987,0.1583,0,-0.033,0.1573,-0.987,0,0.1999,47.6698,-8.6949,1]},
{"frame":12,"values":[0.9991,0.0324,-0.0283,0,-0.0276,0.9871,0.1575,0,-0.033,0.1566,-0.9871,0,0.1986,47.6698,-8.7011,1]},
{"frame":13,"values":[0.9991,0.0324,-0.0283,0,-0.0276,0.9872,0.1568,0,-0.033,0.1559,-0.9872,0,0.1976,47.6699,-8.7068,1]},
{"frame":14,"values":[0.9991,0.0324,-0.0283,0,-0.0276,0.9873,0.1562,0,-0.033,0.1553,-0.9873,0,0.1973,47.67,-8.7116,1]},
{"frame":15,"values":[0.9991,0.0324,-0.0283,0,-0.0276,0.9874,0.1557,0,-0.033,0.1548,-0.9874,0,0.1972,47.6701,-8.7163,1]},
{"frame":16,"values":[0.9991,0.0324,-0.0283,0,-0.0276,0.9875,0.1552,0,-0.033,0.1543,-0.9875,0,0.1974,47.6702,-8.7207,1]},
{"frame":17,"values":[0.9991,0.0323,-0.0284,0,-0.0276,0.9876,0.1548,0,-0.033,0.1539,-0.9875,0,0.198,47.67,-8.7241,1]},
{"frame":18,"values":[0.9991,0.0323,-0.0284,0,-0.0275,0.9876,0.1544,0,-0.033,0.1535,-0.9876,0,0.1987,47.6698,-8.7273,1]},
{"frame":19,"values":[0.9991,0.0322,-0.0284,0,-0.0274,0.9877,0.1541,0,-0.033,0.1532,-0.9876,0,0.1996,47.6697,-8.7304,1]},
{"frame":20,"values":[0.9991,0.032,-0.0284,0,-0.0273,0.9877,0.1538,0,-0.033,0.1528,-0.9877,0,0.2007,47.6694,-8.7334,1]},
{"frame":21,"values":[0.9991,0.0319,-0.0285,0,-0.0272,0.9878,0.1534,0,-0.033,0.1525,-0.9877,0,0.202,47.6691,-8.7363,1]},
{"frame":22,"values":[0.9991,0.0318,-0.0285,0,-0.0271,0.9878,0.1531,0,-0.033,0.1522,-0.9878,0,0.2034,47.6687,-8.739,1]},
{"frame":23,"values":[0.9991,0.0317,-0.0285,0,-0.0269,0.9879,0.1528,0,-0.033,0.1519,-0.9878,0,0.2049,47.6683,-8.7415,1]},
{"frame":24,"values":[0.9991,0.0315,-0.0286,0,-0.0268,0.9879,0.1526,0,-0.033,0.1517,-0.9879,0,0.2065,47.6678,-8.744,1]},
{"frame":25,"values":[0.9991,0.0314,-0.0286,0,-0.0267,0.988,0.1523,0,-0.033,0.1514,-0.9879,0,0.2082,47.6674,-8.7462,1]},
{"frame":26,"values":[0.9991,0.0312,-0.0286,0,-0.0265,0.988,0.1521,0,-0.033,0.1512,-0.988,0,0.21,47.667,-8.7485,1]},
{"frame":27,"values":[0.9991,0.0311,-0.0286,0,-0.0264,0.9881,0.1518,0,-0.033,0.1509,-0.988,0,0.2117,47.6664,-8.7506,1]},
{"frame":28,"values":[0.9991,0.031,-0.0287,0,-0.0263,0.9881,0.1516,0,-0.033,0.1507,-0.988,0,0.2134,47.6658,-8.7527,1]},
{"frame":29,"values":[0.9991,0.0308,-0.0287,0,-0.0262,0.9881,0.1513,0,-0.033,0.1505,-0.9881,0,0.215,47.6652,-8.7549,1]},
{"frame":30,"values":[0.9991,0.0307,-0.0287,0,-0.026,0.9882,0.1511,0,-0.033,0.1502,-0.9881,0,0.2165,47.6645,-8.7569,1]},
{"frame":31,"values":[0.9991,0.0306,-0.0287,0,-0.0259,0.9882,0.1509,0,-0.033,0.15,-0.9881,0,0.218,47.6638,-8.759,1]},
{"frame":32,"values":[0.9991,0.0305,-0.0288,0,-0.0258,0.9882,0.1507,0,-0.033,0.1498,-0.9882,0,0.2191,47.6631,-8.7611,1]},
{"frame":33,"values":[0.9991,0.0304,-0.0288,0,-0.0257,0.9883,0.1505,0,-0.033,0.1497,-0.9882,0,0.2201,47.6622,-8.7627,1]},
{"frame":34,"values":[0.9991,0.0303,-0.0288,0,-0.0257,0.9883,0.1504,0,-0.033,0.1495,-0.9882,0,0.221,47.6611,-8.7643,1]},
{"frame":35,"values":[0.9991,0.0303,-0.0288,0,-0.0256,0.9883,0.1502,0,-0.033,0.1494,-0.9882,0,0.2217,47.6601,-8.766,1]},
{"frame":36,"values":[0.9991,0.0303,-0.0288,0,-0.0256,0.9883,0.1501,0,-0.033,0.1492,-0.9883,0,0.2221,47.6588,-8.7676,1]},
{"frame":37,"values":[0.9991,0.0303,-0.0288,0,-0.0256,0.9883,0.15,0,-0.033,0.1492,-0.9883,0,0.222,47.6576,-8.7683,1]},
{"frame":38,"values":[0.9991,0.0303,-0.0288,0,-0.0257,0.9883,0.1501,0,-0.033,0.1492,-0.9883,0,0.2211,47.6565,-8.7679,1]},
{"frame":39,"values":[0.9991,0.0305,-0.0288,0,-0.0258,0.9883,0.1503,0,-0.033,0.1494,-0.9882,0,0.2198,47.6555,-8.7659,1]},
{"frame":40,"values":[0.9991,0.0307,-0.0287,0,-0.026,0.9883,0.1505,0,-0.033,0.1497,-0.9882,0,0.2178,47.6543,-8.7627,1]},
{"frame":41,"values":[0.9991,0.031,-0.0287,0,-0.0263,0.9882,0.1509,0,-0.033,0.15,-0.9881,0,0.2148,47.653,-8.7588,1]},
{"frame":42,"values":[0.9991,0.0312,-0.0286,0,-0.0266,0.9881,0.1513,0,-0.033,0.1504,-0.9881,0,0.2113,47.6519,-8.7542,1]},
{"frame":43,"values":[0.9991,0.0315,-0.0286,0,-0.0268,0.988,0.1518,0,-0.033,0.1509,-0.988,0,0.2076,47.6509,-8.749,1]},
{"frame":44,"values":[0.9991,0.0318,-0.0285,0,-0.0271,0.9879,0.1524,0,-0.033,0.1515,-0.9879,0,0.2038,47.6502,-8.7431,1]},
{"frame":45,"values":[0.9991,0.0322,-0.0285,0,-0.0275,0.9878,0.1532,0,-0.033,0.1523,-0.9878,0,0.1992,47.6501,-8.7352,1]},
{"frame":46,"values":[0.9991,0.0325,-0.0284,0,-0.0278,0.9876,0.1542,0,-0.033,0.1533,-0.9876,0,0.1952,47.651,-8.7269,1]},
{"frame":47,"values":[0.9991,0.0328,-0.0283,0,-0.028,0.9875,0.1552,0,-0.033,0.1543,-0.9875,0,0.1918,47.6524,-8.7189,1]},
{"frame":48,"values":[0.9991,0.033,-0.0282,0,-0.0282,0.9873,0.1563,0,-0.033,0.1553,-0.9873,0,0.1891,47.6549,-8.7109,1]},
{"frame":49,"values":[0.9991,0.033,-0.0281,0,-0.0282,0.9871,0.1575,0,-0.0329,0.1566,-0.9871,0,0.1895,47.6572,-8.7018,1]},
{"frame":50,"values":[0.9991,0.0331,-0.0279,0,-0.0283,0.9869,0.1588,0,-0.0328,0.1579,-0.9869,0,0.1911,47.6594,-8.6925,1]},
{"frame":51,"values":[0.9991,0.0332,-0.0276,0,-0.0283,0.9867,0.1602,0,-0.0326,0.1593,-0.9867,0,0.1939,47.6616,-8.683,1]},
{"frame":52,"values":[0.9991,0.0332,-0.0274,0,-0.0284,0.9864,0.1616,0,-0.0324,0.1607,-0.9865,0,0.1966,47.6631,-8.6724,1]},
{"frame":53,"values":[0.9991,0.0333,-0.0273,0,-0.0284,0.9862,0.163,0,-0.0324,0.1621,-0.9862,0,0.1988,47.6648,-8.6612,1]},
{"frame":54,"values":[0.9991,0.0333,-0.0272,0,-0.0284,0.986,0.1644,0,-0.0323,0.1635,-0.986,0,0.2008,47.6665,-8.6498,1]},
{"frame":55,"values":[0.9991,0.0334,-0.0271,0,-0.0284,0.9857,0.1659,0,-0.0323,0.1649,-0.9858,0,0.2025,47.668,-8.6381,1]},
{"frame":56,"values":[0.9991,0.0334,-0.027,0,-0.0284,0.9855,0.1673,0,-0.0322,0.1664,-0.9855,0,0.2042,47.6695,-8.6263,1]},
{"frame":57,"values":[0.9991,0.0334,-0.027,0,-0.0284,0.9853,0.1687,0,-0.0322,0.1678,-0.9853,0,0.2058,47.6707,-8.6146,1]},
{"frame":58,"values":[0.9991,0.0334,-0.0269,0,-0.0284,0.985,0.1702,0,-0.0322,0.1693,-0.985,0,0.2074,47.6717,-8.6026,1]},
{"frame":59,"values":[0.9991,0.0334,-0.0269,0,-0.0283,0.9848,0.1716,0,-0.0322,0.1707,-0.9848,0,0.2094,47.6727,-8.5908,1]},
{"frame":60,"values":[0.9991,0.0334,-0.0268,0,-0.0283,0.9845,0.1731,0,-0.0322,0.1721,-0.9845,0,0.2115,47.6735,-8.5789,1]},
{"frame":61,"values":[0.9991,0.0334,-0.0268,0,-0.0282,0.9843,0.1745,0,-0.0322,0.1736,-0.9843,0,0.2138,47.6741,-8.567,1]},
{"frame":62,"values":[0.9991,0.0334,-0.0267,0,-0.0282,0.984,0.1759,0,-0.0322,0.175,-0.984,0,0.2157,47.6745,-8.5552,1]},
{"frame":63,"values":[0.9991,0.0334,-0.0267,0,-0.0281,0.9837,0.1774,0,-0.0322,0.1764,-0.9838,0,0.2176,47.6748,-8.5435,1]},
{"frame":64,"values":[0.9991,0.0333,-0.0267,0,-0.028,0.9835,0.1788,0,-0.0322,0.1779,-0.9835,0,0.2196,47.6748,-8.5317,1]},
{"frame":65,"values":[0.9991,0.0333,-0.0267,0,-0.028,0.9832,0.1802,0,-0.0323,0.1793,-0.9833,0,0.2213,47.6747,-8.5201,1]},
{"frame":66,"values":[0.9991,0.0333,-0.0267,0,-0.0279,0.983,0.1815,0,-0.0323,0.1806,-0.983,0,0.2235,47.6736,-8.5084,1]},
{"frame":67,"values":[0.9991,0.0333,-0.0268,0,-0.0278,0.9827,0.1828,0,-0.0324,0.1819,-0.9828,0,0.2266,47.6721,-8.4971,1]},
{"frame":68,"values":[0.9991,0.0332,-0.0268,0,-0.0277,0.9825,0.1841,0,-0.0325,0.1832,-0.9825,0,0.2299,47.6704,-8.4859,1]},
{"frame":69,"values":[0.9991,0.0332,-0.0268,0,-0.0276,0.9823,0.1853,0,-0.0325,0.1844,-0.9823,0,0.2335,47.6688,-8.475,1]},
{"frame":70,"values":[0.9991,0.0331,-0.0268,0,-0.0276,0.9821,0.1864,0,-0.0325,0.1855,-0.9821,0,0.2369,47.6677,-8.4643,1]},
{"frame":71,"values":[0.9991,0.0331,-0.0268,0,-0.0275,0.9819,0.1873,0,-0.0325,0.1864,-0.9819,0,0.2399,47.6669,-8.4549,1]},
{"frame":72,"values":[0.9991,0.0331,-0.0268,0,-0.0274,0.9818,0.188,0,-0.0325,0.1871,-0.9818,0,0.2428,47.6665,-8.446,1]},
{"frame":73,"values":[0.9991,0.033,-0.0267,0,-0.0274,0.9817,0.1887,0,-0.0325,0.1878,-0.9817,0,0.2453,47.6664,-8.4381,1]},
{"frame":74,"values":[0.9991,0.033,-0.0267,0,-0.0273,0.9816,0.189,0,-0.0325,0.1881,-0.9816,0,0.2463,47.6664,-8.4345,1]},
{"frame":75,"values":[0.9991,0.0329,-0.0267,0,-0.0273,0.9816,0.1891,0,-0.0325,0.1882,-0.9816,0,0.2469,47.6666,-8.432,1]},
{"frame":76,"values":[0.9991,0.0329,-0.0267,0,-0.0273,0.9815,0.1893,0,-0.0325,0.1884,-0.9816,0,0.2475,47.6668,-8.4295,1]},
{"frame":77,"values":[0.9991,0.0329,-0.0267,0,-0.0272,0.9815,0.1895,0,-0.0325,0.1886,-0.9815,0,0.2481,47.6672,-8.4272,1]},
{"frame":78,"values":[0.9991,0.0328,-0.0267,0,-0.0272,0.9815,0.1896,0,-0.0325,0.1887,-0.9815,0,0.2486,47.6675,-8.4248,1]},
{"frame":79,"values":[0.9991,0.0328,-0.0267,0,-0.0271,0.9815,0.1897,0,-0.0325,0.1888,-0.9815,0,0.2492,47.6678,-8.4227,1]},
{"frame":80,"values":[0.9991,0.0328,-0.0268,0,-0.0271,0.9815,0.1898,0,-0.0325,0.1889,-0.9815,0,0.2495,47.668,-8.4214,1]},
{"frame":81,"values":[0.9991,0.0327,-0.0268,0,-0.0271,0.9815,0.1898,0,-0.0325,0.1889,-0.9815,0,0.2495,47.6682,-8.4209,1]},
{"frame":82,"values":[0.9991,0.0327,-0.0268,0,-0.027,0.9815,0.1898,0,-0.0325,0.1889,-0.9815,0,0.2494,47.6685,-8.4209,1]},
{"frame":83,"values":[0.9991,0.0327,-0.0269,0,-0.027,0.9815,0.1897,0,-0.0326,0.1888,-0.9815,0,0.2492,47.6687,-8.4214,1]},
{"frame":84,"values":[0.9991,0.0327,-0.0269,0,-0.027,0.9815,0.1895,0,-0.0326,0.1886,-0.9815,0,0.249,47.669,-8.4225,1]},
{"frame":85,"values":[0.9991,0.0327,-0.027,0,-0.027,0.9816,0.1893,0,-0.0326,0.1884,-0.9816,0,0.2487,47.6694,-8.4241,1]},
{"frame":86,"values":[0.9991,0.0327,-0.027,0,-0.027,0.9816,0.1889,0,-0.0327,0.188,-0.9816,0,0.2481,47.6698,-8.427,1]},
{"frame":87,"values":[0.9991,0.0327,-0.0271,0,-0.027,0.9817,0.1883,0,-0.0328,0.1874,-0.9817,0,0.2473,47.6705,-8.4314,1]},
{"frame":88,"values":[0.9991,0.0327,-0.0272,0,-0.027,0.9819,0.1874,0,-0.0328,0.1865,-0.9819,0,0.2458,47.6716,-8.4391,1]},
{"frame":89,"values":[0.9991,0.0327,-0.0273,0,-0.027,0.9821,0.1862,0,-0.0329,0.1853,-0.9821,0,0.2439,47.6728,-8.4478,1]},
{"frame":90,"values":[0.9991,0.0327,-0.0275,0,-0.0271,0.9823,0.1851,0,-0.033,0.1842,-0.9823,0,0.2423,47.674,-8.4566,1]},
{"frame":91,"values":[0.9991,0.0328,-0.0275,0,-0.0272,0.9826,0.184,0,-0.0331,0.183,-0.9825,0,0.241,47.6753,-8.4655,1]},
{"frame":92,"values":[0.9991,0.0328,-0.0276,0,-0.0272,0.9828,0.1828,0,-0.0331,0.1819,-0.9828,0,0.2399,47.6765,-8.4744,1]},
{"frame":93,"values":[0.9991,0.0328,-0.0277,0,-0.0273,0.983,0.1816,0,-0.0332,0.1807,-0.983,0,0.2389,47.6776,-8.4836,1]},
{"frame":94,"values":[0.9991,0.0329,-0.0277,0,-0.0273,0.9832,0.1803,0,-0.0332,0.1793,-0.9832,0,0.2377,47.6777,-8.4952,1]},
{"frame":95,"values":[0.9991,0.0329,-0.0278,0,-0.0274,0.9835,0.1788,0,-0.0332,0.1779,-0.9835,0,0.2364,47.6774,-8.508,1]},
{"frame":96,"values":[0.9991,0.0328,-0.0279,0,-0.0274,0.9838,0.1773,0,-0.0332,0.1764,-0.9838,0,0.2349,47.6767,-8.5213,1]},
{"frame":97,"values":[0.9991,0.0328,-0.0279,0,-0.0274,0.984,0.1758,0,-0.0332,0.1749,-0.984,0,0.2335,47.6759,-8.535,1]},
{"frame":98,"values":[0.9991,0.0327,-0.028,0,-0.0274,0.9843,0.1743,0,-0.0332,0.1734,-0.9843,0,0.232,47.6749,-8.549,1]},
{"frame":99,"values":[0.9991,0.0327,-0.028,0,-0.0273,0.9846,0.1727,0,-0.0332,0.1718,-0.9846,0,0.2306,47.6738,-8.5634,1]},
{"frame":100,"values":[0.9991,0.0326,-0.028,0,-0.0273,0.9849,0.1711,0,-0.0332,0.1702,-0.9849,0,0.2296,47.6726,-8.5782,1]},
{"frame":101,"values":[0.9991,0.0325,-0.028,0,-0.0273,0.9852,0.1691,0,-0.0331,0.1682,-0.9852,0,0.2288,47.6709,-8.5949,1]},
{"frame":102,"values":[0.9991,0.0324,-0.028,0,-0.0272,0.9856,0.1671,0,-0.033,0.1662,-0.9855,0,0.228,47.6693,-8.6117,1]},
{"frame":103,"values":[0.9991,0.0323,-0.028,0,-0.0272,0.9858,0.1655,0,-0.0329,0.1646,-0.9858,0,0.227,47.6679,-8.626,1]},
{"frame":104,"values":[0.9991,0.0322,-0.028,0,-0.0272,0.9859,0.1649,0,-0.0329,0.164,-0.9859,0,0.2257,47.6672,-8.6353,1]}],"loopBehavior":1,"name":"anim","property":"_matrix"}},
{"name":"Spine","index":1,"matrix":[0.9982,-0.0599,-0.0091,0,0.0593,0.9366,0.3452,0,-0.0122,-0.3451,0.9385,0,0.1169,10.681,0.3734,1],"rest":[1,0,0,0,0,1,0,0,0,0,1,0,0.1169,10.681,0.3734,1],"parentBoneIndex":0,"length":13.8405
,"animation":{"dataType":3,"framePerSecond":24,"keys":[
{"frame":1,"values":[0.9982,-0.0599,-0.0091,0,0.0593,0.9366,0.3452,0,-0.0122,-0.3451,0.9385,0,0.1169,10.681,0.3734,1]},
{"frame":2,"values":[0.9982,-0.0599,-0.0091,0,0.0593,0.9367,0.3451,0,-0.0122,-0.345,0.9385,0,0.1169,10.681,0.3734,1]},
{"frame":3,"values":[0.9982,-0.0599,-0.009,0,0.0593,0.9369,0.3446,0,-0.0122,-0.3445,0.9387,0,0.1169,10.681,0.3734,1]},
{"frame":4,"values":[0.9982,-0.0599,-0.009,0,0.0593,0.9372,0.3438,0,-0.0122,-0.3437,0.939,0,0.1169,10.681,0.3734,1]},
{"frame":5,"values":[0.9982,-0.0599,-0.0089,0,0.0594,0.9375,0.3428,0,-0.0122,-0.3427,0.9394,0,0.1169,10.681,0.3734,1]},
{"frame":6,"values":[0.9982,-0.06,-0.0088,0,0.0594,0.9379,0.3417,0,-0.0122,-0.3416,0.9398,0,0.1169,10.681,0.3734,1]},
{"frame":7,"values":[0.9982,-0.06,-0.0087,0,0.0594,0.9384,0.3404,0,-0.0122,-0.3403,0.9402,0,0.1169,10.681,0.3734,1]},
{"frame":8,"values":[0.9982,-0.06,-0.0086,0,0.0594,0.9389,0.339,0,-0.0123,-0.3389,0.9407,0,0.1169,10.681,0.3734,1]},
{"frame":9,"values":[0.9982,-0.0601,-0.0085,0,0.0594,0.9394,0.3377,0,-0.0123,-0.3375,0.9412,0,0.1169,10.681,0.3734,1]},
{"frame":10,"values":[0.9982,-0.0601,-0.0084,0,0.0594,0.9399,0.3363,0,-0.0123,-0.3362,0.9417,0,0.1169,10.681,0.3734,1]},
{"frame":11,"values":[0.9982,-0.0601,-0.0083,0,0.0594,0.9403,0.335,0,-0.0123,-0.3349,0.9422,0,0.1169,10.681,0.3734,1]},
{"frame":12,"values":[0.9982,-0.0602,-0.0082,0,0.0595,0.9408,0.3338,0,-0.0123,-0.3337,0.9426,0,0.1169,10.681,0.3734,1]},
{"frame":13,"values":[0.9982,-0.0602,-0.0082,0,0.0595,0.9411,0.3328,0,-0.0124,-0.3327,0.943,0,0.1169,10.681,0.3734,1]},
{"frame":14,"values":[0.9982,-0.0602,-0.0081,0,0.0595,0.9414,0.332,0,-0.0124,-0.3319,0.9432,0,0.1169,10.681,0.3734,1]},
{"frame":15,"values":[0.9981,-0.0603,-0.008,0,0.0595,0.9417,0.3312,0,-0.0124,-0.3311,0.9435,0,0.1169,10.681,0.3734,1]},
{"frame":16,"values":[0.9981,-0.0603,-0.008,0,0.0596,0.942,0.3304,0,-0.0124,-0.3303,0.9438,0,0.1169,10.681,0.3734,1]},
{"frame":17,"values":[0.9981,-0.0603,-0.0079,0,0.0596,0.9422,0.3296,0,-0.0124,-0.3294,0.9441,0,0.1169,10.681,0.3734,1]},
{"frame":18,"values":[0.9981,-0.0604,-0.0079,0,0.0596,0.9425,0.3288,0,-0.0124,-0.3286,0.9444,0,0.1169,10.681,0.3734,1]},
{"frame":19,"values":[0.9981,-0.0604,-0.0078,0,0.0596,0.9428,0.3279,0,-0.0124,-0.3278,0.9447,0,0.1169,10.681,0.3734,1]},
{"frame":20,"values":[0.9981,-0.0604,-0.0078,0,0.0596,0.9431,0.3271,0,-0.0124,-0.3269,0.945,0,0.1169,10.681,0.3734,1]},
{"frame":21,"values":[0.9981,-0.0604,-0.0078,0,0.0597,0.9434,0.3262,0,-0.0124,-0.3261,0.9453,0,0.1169,10.681,0.3734,1]},
{"frame":22,"values":[0.9981,-0.0605,-0.0077,0,0.0597,0.9437,0.3254,0,-0.0124,-0.3252,0.9455,0,0.1169,10.681,0.3734,1]},
{"frame":23,"values":[0.9981,-0.0605,-0.0077,0,0.0597,0.944,0.3245,0,-0.0124,-0.3244,0.9458,0,0.1169,10.681,0.3734,1]},
{"frame":24,"values":[0.9981,-0.0605,-0.0077,0,0.0597,0.9443,0.3237,0,-0.0124,-0.3235,0.9461,0,0.1169,10.681,0.3734,1]},
{"frame":25,"values":[0.9981,-0.0605,-0.0076,0,0.0597,0.9446,0.3228,0,-0.0123,-0.3227,0.9464,0,0.1169,10.681,0.3734,1]},
{"frame":26,"values":[0.9981,-0.0605,-0.0076,0,0.0597,0.9449,0.322,0,-0.0123,-0.3219,0.9467,0,0.1169,10.681,0.3734,1]},
{"frame":27,"values":[0.9981,-0.0605,-0.0076,0,0.0597,0.9451,0.3212,0,-0.0122,-0.321,0.947,0,0.1169,10.681,0.3734,1]},
{"frame":28,"values":[0.9981,-0.0605,-0.0077,0,0.0597,0.9454,0.3203,0,-0.0121,-0.3202,0.9473,0,0.1169,10.681,0.3734,1]},
{"frame":29,"values":[0.9981,-0.0605,-0.0077,0,0.0597,0.9457,0.3195,0,-0.012,-0.3193,0.9476,0,0.1169,10.681,0.3734,1]},
{"frame":30,"values":[0.9981,-0.0604,-0.0077,0,0.0597,0.946,0.3187,0,-0.012,-0.3185,0.9478,0,0.1169,10.681,0.3734,1]},
{"frame":31,"values":[0.9981,-0.0604,-0.0077,0,0.0597,0.9463,0.3178,0,-0.0119,-0.3177,0.9481,0,0.1169,10.681,0.3734,1]},
{"frame":32,"values":[0.9981,-0.0604,-0.0078,0,0.0597,0.9465,0.317,0,-0.0118,-0.3169,0.9484,0,0.1169,10.681,0.3734,1]},
{"frame":33,"values":[0.9981,-0.0604,-0.0078,0,0.0597,0.9468,0.3163,0,-0.0117,-0.3161,0.9486,0,0.1169,10.681,0.3734,1]},
{"frame":34,"values":[0.9981,-0.0603,-0.0078,0,0.0597,0.947,0.3155,0,-0.0117,-0.3154,0.9489,0,0.1169,10.681,0.3734,1]},
{"frame":35,"values":[0.9982,-0.0603,-0.0078,0,0.0597,0.9473,0.3148,0,-0.0116,-0.3147,0.9491,0,0.1169,10.681,0.3734,1]},
{"frame":36,"values":[0.9982,-0.0602,-0.0078,0,0.0596,0.9475,0.3141,0,-0.0116,-0.314,0.9494,0,0.1169,10.681,0.3734,1]},
{"frame":37,"values":[0.9982,-0.0602,-0.0078,0,0.0596,0.9477,0.3136,0,-0.0115,-0.3135,0.9495,0,0.1169,10.681,0.3734,1]},
{"frame":38,"values":[0.9982,-0.0601,-0.0078,0,0.0595,0.9478,0.3133,0,-0.0115,-0.3132,0.9496,0,0.1169,10.681,0.3734,1]},
{"frame":39,"values":[0.9982,-0.0601,-0.0078,0,0.0595,0.9478,0.3133,0,-0.0114,-0.3131,0.9496,0,0.1169,10.681,0.3734,1]},
{"frame":40,"values":[0.9982,-0.06,-0.0079,0,0.0594,0.9478,0.3133,0,-0.0114,-0.3132,0.9496,0,0.1169,10.681,0.3734,1]},
{"frame":41,"values":[0.9982,-0.0599,-0.0079,0,0.0594,0.9477,0.3136,0,-0.0113,-0.3135,0.9495,0,0.1169,10.681,0.3734,1]},
{"frame":42,"values":[0.9982,-0.0598,-0.008,0,0.0593,0.9476,0.3139,0,-0.0112,-0.3138,0.9494,0,0.1169,10.681,0.3734,1]},
{"frame":43,"values":[0.9982,-0.0597,-0.008,0,0.0592,0.9475,0.3144,0,-0.0112,-0.3143,0.9493,0,0.1169,10.681,0.3734,1]},
{"frame":44,"values":[0.9982,-0.0596,-0.008,0,0.0591,0.9473,0.315,0,-0.0112,-0.3149,0.9491,0,0.1169,10.681,0.3734,1]},
{"frame":45,"values":[0.9982,-0.0593,-0.008,0,0.0588,0.947,0.3159,0,-0.0112,-0.3158,0.9487,0,0.1169,10.681,0.3734,1]},
{"frame":46,"values":[0.9982,-0.0592,-0.0079,0,0.0586,0.9466,0.3171,0,-0.0113,-0.317,0.9483,0,0.1169,10.681,0.3734,1]},
{"frame":47,"values":[0.9982,-0.0591,-0.0077,0,0.0585,0.9461,0.3184,0,-0.0116,-0.3183,0.9479,0,0.1169,10.681,0.3734,1]},
{"frame":48,"values":[0.9982,-0.0591,-0.0075,0,0.0584,0.9457,0.3197,0,-0.0118,-0.3195,0.9475,0,0.1169,10.681,0.3734,1]},
{"frame":49,"values":[0.9982,-0.0591,-0.0073,0,0.0583,0.9452,0.3211,0,-0.0121,-0.321,0.947,0,0.1169,10.681,0.3734,1]},
{"frame":50,"values":[0.9982,-0.0591,-0.007,0,0.0582,0.9447,0.3227,0,-0.0125,-0.3225,0.9465,0,0.1169,10.681,0.3734,1]},
{"frame":51,"values":[0.9982,-0.0592,-0.0067,0,0.0581,0.9442,0.3242,0,-0.0129,-0.3241,0.9459,0,0.1169,10.681,0.3734,1]},
{"frame":52,"values":[0.9982,-0.0592,-0.0065,0,0.0581,0.9436,0.3258,0,-0.0132,-0.3256,0.9454,0,0.1169,10.681,0.3734,1]},
{"frame":53,"values":[0.9982,-0.0592,-0.0063,0,0.058,0.9431,0.3274,0,-0.0134,-0.3272,0.9449,0,0.1169,10.681,0.3734,1]},
{"frame":54,"values":[0.9982,-0.0592,-0.0062,0,0.0579,0.9425,0.329,0,-0.0136,-0.3288,0.9443,0,0.1169,10.681,0.3734,1]},
{"frame":55,"values":[0.9982,-0.0592,-0.0061,0,0.0579,0.942,0.3306,0,-0.0138,-0.3304,0.9438,0,0.1169,10.681,0.3734,1]},
{"frame":56,"values":[0.9982,-0.0592,-0.006,0,0.0578,0.9415,0.3322,0,-0.014,-0.3319,0.9432,0,0.1169,10.681,0.3734,1]},
{"frame":57,"values":[0.9982,-0.0592,-0.0059,0,0.0578,0.9409,0.3337,0,-0.0142,-0.3335,0.9427,0,0.1169,10.681,0.3734,1]},
{"frame":58,"values":[0.9982,-0.0592,-0.0059,0,0.0577,0.9403,0.3353,0,-0.0143,-0.335,0.9421,0,0.1169,10.681,0.3734,1]},
{"frame":59,"values":[0.9982,-0.0592,-0.0058,0,0.0577,0.9398,0.3369,0,-0.0145,-0.3366,0.9415,0,0.1169,10.681,0.3734,1]},
{"frame":60,"values":[0.9982,-0.0592,-0.0058,0,0.0576,0.9392,0.3385,0,-0.0146,-0.3382,0.9409,0,0.1169,10.681,0.3734,1]},
{"frame":61,"values":[0.9982,-0.0591,-0.0058,0,0.0576,0.9386,0.3401,0,-0.0147,-0.3399,0.9404,0,0.1169,10.681,0.3734,1]},
{"frame":62,"values":[0.9982,-0.0591,-0.0058,0,0.0575,0.938,0.3418,0,-0.0148,-0.3415,0.9398,0,0.1169,10.681,0.3734,1]},
{"frame":63,"values":[0.9982,-0.0591,-0.0058,0,0.0575,0.9374,0.3434,0,-0.0148,-0.3432,0.9392,0,0.1169,10.681,0.3734,1]},
{"frame":64,"values":[0.9982,-0.059,-0.0059,0,0.0574,0.9368,0.3452,0,-0.0148,-0.3449,0.9385,0,0.1169,10.681,0.3734,1]},
{"frame":65,"values":[0.9982,-0.059,-0.006,0,0.0574,0.9361,0.3469,0,-0.0149,-0.3466,0.9379,0,0.1169,10.681,0.3734,1]},
{"frame":66,"values":[0.9982,-0.0589,-0.0061,0,0.0573,0.9356,0.3485,0,-0.0149,-0.3482,0.9373,0,0.1169,10.681,0.3734,1]},
{"frame":67,"values":[0.9982,-0.0589,-0.0061,0,0.0573,0.9352,0.3494,0,-0.0149,-0.3492,0.9369,0,0.1169,10.681,0.3734,1]},
{"frame":68,"values":[0.9983,-0.0588,-0.0061,0,0.0572,0.9349,0.3502,0,-0.0149,-0.3499,0.9367,0,0.1169,10.681,0.3734,1]},
{"frame":69,"values":[0.9983,-0.0587,-0.0062,0,0.0572,0.9348,0.3506,0,-0.0148,-0.3503,0.9365,0,0.1169,10.681,0.3734,1]},
{"frame":70,"values":[0.9983,-0.0587,-0.0062,0,0.0571,0.9347,0.3508,0,-0.0148,-0.3506,0.9364,0,0.1169,10.681,0.3734,1]},
{"frame":71,"values":[0.9983,-0.0586,-0.0062,0,0.057,0.9348,0.3505,0,-0.0147,-0.3503,0.9365,0,0.1169,10.681,0.3734,1]},
{"frame":72,"values":[0.9983,-0.0585,-0.0062,0,0.0569,0.9351,0.3499,0,-0.0147,-0.3497,0.9368,0,0.1169,10.681,0.3734,1]},
{"frame":73,"values":[0.9983,-0.0584,-0.0062,0,0.0568,0.9353,0.3492,0,-0.0146,-0.349,0.937,0,0.1169,10.681,0.3734,1]},
{"frame":74,"values":[0.9983,-0.0583,-0.0062,0,0.0568,0.9357,0.3483,0,-0.0145,-0.348,0.9374,0,0.1169,10.681,0.3734,1]},
{"frame":75,"values":[0.9983,-0.0582,-0.0062,0,0.0567,0.936,0.3473,0,-0.0144,-0.3471,0.9377,0,0.1169,10.681,0.3734,1]},
{"frame":76,"values":[0.9983,-0.058,-0.0061,0,0.0566,0.9364,0.3463,0,-0.0143,-0.3461,0.9381,0,0.1169,10.681,0.3734,1]},
{"frame":77,"values":[0.9983,-0.0579,-0.0061,0,0.0565,0.9368,0.3453,0,-0.0143,-0.3451,0.9385,0,0.1169,10.681,0.3734,1]},
{"frame":78,"values":[0.9983,-0.0578,-0.0061,0,0.0564,0.9372,0.3443,0,-0.0142,-0.3441,0.9388,0,0.1169,10.681,0.3734,1]},
{"frame":79,"values":[0.9983,-0.0577,-0.0061,0,0.0563,0.9375,0.3433,0,-0.0141,-0.343,0.9392,0,0.1169,10.681,0.3734,1]},
{"frame":80,"values":[0.9983,-0.0576,-0.0061,0,0.0562,0.9379,0.3423,0,-0.014,-0.3421,0.9396,0,0.1169,10.681,0.3734,1]},
{"frame":81,"values":[0.9983,-0.0575,-0.0061,0,0.0561,0.9383,0.3413,0,-0.0139,-0.3411,0.9399,0,0.1169,10.681,0.3734,1]},
{"frame":82,"values":[0.9983,-0.0574,-0.0061,0,0.0561,0.9386,0.3403,0,-0.0138,-0.3401,0.9403,0,0.1169,10.681,0.3734,1]},
{"frame":83,"values":[0.9983,-0.0573,-0.0061,0,0.056,0.939,0.3393,0,-0.0137,-0.3391,0.9407,0,0.1169,10.681,0.3734,1]},
{"frame":84,"values":[0.9983,-0.0572,-0.0061,0,0.0559,0.9394,0.3384,0,-0.0136,-0.3382,0.941,0,0.1169,10.681,0.3734,1]},
{"frame":85,"values":[0.9983,-0.0571,-0.0061,0,0.0558,0.9397,0.3375,0,-0.0135,-0.3372,0.9413,0,0.1169,10.681,0.3734,1]},
{"frame":86,"values":[0.9984,-0.057,-0.0061,0,0.0558,0.94,0.3366,0,-0.0135,-0.3364,0.9416,0,0.1169,10.681,0.3734,1]},
{"frame":87,"values":[0.9984,-0.057,-0.0061,0,0.0558,0.9402,0.336,0,-0.0134,-0.3358,0.9418,0,0.1169,10.681,0.3734,1]},
{"frame":88,"values":[0.9983,-0.0572,-0.0062,0,0.056,0.9403,0.3357,0,-0.0134,-0.3355,0.9419,0,0.1169,10.681,0.3734,1]},
{"frame":89,"values":[0.9983,-0.0575,-0.0063,0,0.0562,0.9404,0.3355,0,-0.0134,-0.3353,0.942,0,0.1169,10.681,0.3734,1]},
{"frame":90,"values":[0.9983,-0.0578,-0.0064,0,0.0566,0.9404,0.3353,0,-0.0134,-0.3351,0.9421,0,0.1169,10.681,0.3734,1]},
{"frame":91,"values":[0.9983,-0.0581,-0.0065,0,0.057,0.9404,0.3352,0,-0.0133,-0.335,0.9421,0,0.1169,10.681,0.3734,1]},
{"frame":92,"values":[0.9983,-0.0585,-0.0067,0,0.0573,0.9404,0.3351,0,-0.0133,-0.3349,0.9422,0,0.1169,10.681,0.3734,1]},
{"frame":93,"values":[0.9982,-0.0589,-0.0068,0,0.0577,0.9405,0.335,0,-0.0133,-0.3348,0.9422,0,0.1169,10.681,0.3734,1]},
{"frame":94,"values":[0.9982,-0.0592,-0.0069,0,0.0581,0.9405,0.3349,0,-0.0134,-0.3347,0.9422,0,0.1169,10.681,0.3734,1]},
{"frame":95,"values":[0.9982,-0.0595,-0.007,0,0.0584,0.9405,0.3348,0,-0.0134,-0.3346,0.9423,0,0.1169,10.681,0.3734,1]},
{"frame":96,"values":[0.9982,-0.0598,-0.0071,0,0.0588,0.9405,0.3347,0,-0.0134,-0.3345,0.9423,0,0.1169,10.681,0.3734,1]},
{"frame":97,"values":[0.9982,-0.0601,-0.0072,0,0.0591,0.9405,0.3347,0,-0.0134,-0.3345,0.9423,0,0.1169,10.681,0.3734,1]},
{"frame":98,"values":[0.9982,-0.0603,-0.0073,0,0.0592,0.9402,0.3355,0,-0.0134,-0.3353,0.942,0,0.1169,10.681,0.3734,1]},
{"frame":99,"values":[0.9982,-0.0603,-0.0074,0,0.0593,0.9397,0.3367,0,-0.0134,-0.3366,0.9416,0,0.1169,10.681,0.3734,1]},
{"frame":100,"values":[0.9982,-0.0603,-0.0075,0,0.0593,0.9391,0.3384,0,-0.0133,-0.3382,0.941,0,0.1169,10.681,0.3734,1]},
{"frame":101,"values":[0.9982,-0.0602,-0.008,0,0.0593,0.9384,0.3405,0,-0.013,-0.3404,0.9402,0,0.1169,10.681,0.3734,1]},
{"frame":102,"values":[0.9982,-0.0601,-0.0085,0,0.0593,0.9375,0.3428,0,-0.0126,-0.3426,0.9394,0,0.1169,10.681,0.3734,1]},
{"frame":103,"values":[0.9982,-0.0599,-0.0089,0,0.0593,0.9369,0.3445,0,-0.0123,-0.3444,0.9387,0,0.1169,10.681,0.3734,1]},
{"frame":104,"values":[0.9982,-0.0599,-0.0091,0,0.0593,0.9366,0.3452,0,-0.0122,-0.3451,0.9385,0,0.1169,10.681,0.3734,1]}],"loopBehavior":1,"name":"anim","property":"_matrix"}},
{"name":"Spine1","index":2,"matrix":[1,-0.0067,0.0016,0,0.0067,0.9992,0.0395,0,-0.0019,-0.0395,0.9992,0,0,13.8404,0.0535,1],"rest":[1,0,0,0,0,1,0,0,0,0,1,0,0,13.8404,0.0535,1],"parentBoneIndex":1,"length":14.7173
,"animation":{"dataType":3,"framePerSecond":24,"keys":[
{"frame":1,"values":[1,-0.0067,0.0016,0,0.0067,0.9992,0.0395,0,-0.0019,-0.0395,0.9992,0,0,13.8404,0.0535,1]},
{"frame":2,"values":[1,-0.0067,0.0016,0,0.0067,0.9992,0.0401,0,-0.0019,-0.0401,0.9992,0,0,13.8404,0.0535,1]},
{"frame":3,"values":[1,-0.0068,0.0016,0,0.0067,0.9991,0.0416,0,-0.0019,-0.0416,0.9991,0,0,13.8404,0.0535,1]},
{"frame":4,"values":[1,-0.0068,0.0016,0,0.0067,0.999,0.0441,0,-0.0019,-0.0441,0.999,0,0,13.8404,0.0535,1]},
{"frame":5,"values":[1,-0.0068,0.0015,0,0.0067,0.9989,0.0472,0,-0.0019,-0.0472,0.9989,0,0,13.8404,0.0535,1]},
{"frame":6,"values":[1,-0.0068,0.0015,0,0.0067,0.9987,0.0509,0,-0.0019,-0.0509,0.9987,0,0,13.8404,0.0535,1]},
{"frame":7,"values":[1,-0.0068,0.0015,0,0.0067,0.9985,0.055,0,-0.0019,-0.0549,0.9985,0,0,13.8404,0.0535,1]},
{"frame":8,"values":[1,-0.0068,0.0015,0,0.0067,0.9982,0.0592,0,-0.0019,-0.0592,0.9982,0,0,13.8404,0.0535,1]},
{"frame":9,"values":[1,-0.0068,0.0014,0,0.0067,0.998,0.0636,0,-0.0019,-0.0636,0.998,0,0,13.8404,0.0535,1]},
{"frame":10,"values":[1,-0.0068,0.0014,0,0.0067,0.9977,0.0678,0,-0.0019,-0.0678,0.9977,0,0,13.8404,0.0535,1]},
{"frame":11,"values":[1,-0.0068,0.0014,0,0.0067,0.9974,0.0718,0,-0.0019,-0.0718,0.9974,0,0,13.8404,0.0535,1]},
{"frame":12,"values":[1,-0.0068,0.0014,0,0.0067,0.9971,0.0754,0,-0.0019,-0.0754,0.9972,0,0,13.8404,0.0535,1]},
{"frame":13,"values":[1,-0.0068,0.0013,0,0.0067,0.9969,0.0785,0,-0.0019,-0.0784,0.9969,0,0,13.8404,0.0535,1]},
{"frame":14,"values":[1,-0.0068,0.0013,0,0.0067,0.9967,0.0805,0,-0.0019,-0.0805,0.9968,0,0,13.8404,0.0535,1]},
{"frame":15,"values":[1,-0.0068,0.0013,0,0.0067,0.9966,0.0823,0,-0.0019,-0.0823,0.9966,0,0,13.8404,0.0535,1]},
{"frame":16,"values":[1,-0.0068,0.0013,0,0.0067,0.9965,0.0837,0,-0.0019,-0.0837,0.9965,0,0,13.8404,0.0535,1]},
{"frame":17,"values":[1,-0.0068,0.0013,0,0.0067,0.9965,0.0836,0,-0.0019,-0.0836,0.9965,0,0,13.8404,0.0535,1]},
{"frame":18,"values":[1,-0.0068,0.0013,0,0.0067,0.9965,0.0833,0,-0.0019,-0.0833,0.9965,0,0,13.8404,0.0535,1]},
{"frame":19,"values":[1,-0.0068,0.0013,0,0.0067,0.9965,0.0828,0,-0.0019,-0.0828,0.9966,0,0,13.8404,0.0535,1]},
{"frame":20,"values":[1,-0.0068,0.0013,0,0.0067,0.9966,0.082,0,-0.0019,-0.082,0.9966,0,0,13.8404,0.0535,1]},
{"frame":21,"values":[1,-0.0068,0.0013,0,0.0067,0.9967,0.081,0,-0.0019,-0.081,0.9967,0,0,13.8404,0.0535,1]},
{"frame":22,"values":[1,-0.0068,0.0013,0,0.0067,0.9968,0.0799,0,-0.0019,-0.0798,0.9968,0,0,13.8404,0.0535,1]},
{"frame":23,"values":[1,-0.0068,0.0013,0,0.0067,0.9969,0.0785,0,-0.0019,-0.0785,0.9969,0,0,13.8404,0.0535,1]},
{"frame":24,"values":[1,-0.0068,0.0013,0,0.0067,0.997,0.077,0,-0.0019,-0.077,0.997,0,0,13.8404,0.0535,1]},
{"frame":25,"values":[1,-0.0068,0.0014,0,0.0067,0.9971,0.0754,0,-0.0019,-0.0754,0.9971,0,0,13.8404,0.0535,1]},
{"frame":26,"values":[1,-0.0068,0.0014,0,0.0067,0.9973,0.0737,0,-0.0019,-0.0737,0.9973,0,0,13.8404,0.0535,1]},
{"frame":27,"values":[1,-0.0068,0.0014,0,0.0067,0.9974,0.0719,0,-0.0019,-0.0719,0.9974,0,0,13.8404,0.0535,1]},
{"frame":28,"values":[1,-0.0068,0.0014,0,0.0067,0.9975,0.07,0,-0.0019,-0.07,0.9975,0,0,13.8404,0.0535,1]},
{"frame":29,"values":[1,-0.0068,0.0014,0,0.0067,0.9977,0.0681,0,-0.0019,-0.0681,0.9977,0,0,13.8404,0.0535,1]},
{"frame":30,"values":[1,-0.0068,0.0014,0,0.0067,0.9978,0.0661,0,-0.0019,-0.0661,0.9978,0,0,13.8404,0.0535,1]},
{"frame":31,"values":[1,-0.0068,0.0014,0,0.0067,0.9979,0.0641,0,-0.0019,-0.0641,0.9979,0,0,13.8404,0.0535,1]},
{"frame":32,"values":[1,-0.0068,0.0014,0,0.0067,0.9981,0.062,0,-0.0019,-0.062,0.9981,0,0,13.8404,0.0535,1]},
{"frame":33,"values":[1,-0.0068,0.0015,0,0.0067,0.9982,0.0593,0,-0.0019,-0.0593,0.9982,0,0,13.8404,0.0535,1]},
{"frame":34,"values":[1,-0.0068,0.0015,0,0.0067,0.9984,0.0567,0,-0.0019,-0.0567,0.9984,0,0,13.8404,0.0535,1]},
{"frame":35,"values":[1,-0.0068,0.0015,0,0.0067,0.9985,0.0542,0,-0.0019,-0.0542,0.9985,0,0,13.8404,0.0535,1]},
{"frame":36,"values":[1,-0.0068,0.0015,0,0.0067,0.9986,0.0518,0,-0.0019,-0.0518,0.9987,0,0,13.8404,0.0535,1]},
{"frame":37,"values":[1,-0.0068,0.0015,0,0.0067,0.9987,0.0497,0,-0.0019,-0.0497,0.9988,0,0,13.8404,0.0535,1]},
{"frame":38,"values":[1,-0.0068,0.0015,0,0.0067,0.9988,0.0479,0,-0.0019,-0.0479,0.9989,0,0,13.8404,0.0535,1]},
{"frame":39,"values":[1,-0.0068,0.0016,0,0.0067,0.9989,0.0464,0,-0.0019,-0.0464,0.9989,0,0,13.8404,0.0535,1]},
{"frame":40,"values":[1,-0.0068,0.0016,0,0.0067,0.999,0.045,0,-0.0019,-0.045,0.999,0,0,13.8404,0.0535,1]},
{"frame":41,"values":[1,-0.0068,0.0016,0,0.0067,0.999,0.0438,0,-0.0019,-0.0438,0.999,0,0,13.8404,0.0535,1]},
{"frame":42,"values":[1,-0.0068,0.0016,0,0.0067,0.9991,0.0428,0,-0.0019,-0.0428,0.9991,0,0,13.8404,0.0535,1]},
{"frame":43,"values":[1,-0.0068,0.0016,0,0.0067,0.9991,0.042,0,-0.0019,-0.042,0.9991,0,0,13.8404,0.0535,1]},
{"frame":44,"values":[1,-0.0068,0.0016,0,0.0067,0.9991,0.0415,0,-0.0019,-0.0415,0.9991,0,0,13.8404,0.0535,1]},
{"frame":45,"values":[1,-0.0068,0.0016,0,0.0067,0.9991,0.0418,0,-0.0019,-0.0418,0.9991,0,0,13.8404,0.0535,1]},
{"frame":46,"values":[1,-0.0068,0.0016,0,0.0067,0.9991,0.0425,0,-0.0019,-0.0425,0.9991,0,0,13.8404,0.0535,1]},
{"frame":47,"values":[1,-0.0068,0.0016,0,0.0067,0.999,0.0434,0,-0.0019,-0.0434,0.9991,0,0,13.8404,0.0535,1]},
{"frame":48,"values":[1,-0.0068,0.0016,0,0.0067,0.999,0.0445,0,-0.0019,-0.0445,0.999,0,0,13.8404,0.0535,1]},
{"frame":49,"values":[1,-0.0068,0.0016,0,0.0067,0.9989,0.046,0,-0.0019,-0.046,0.9989,0,0,13.8404,0.0535,1]},
{"frame":50,"values":[1,-0.0068,0.0015,0,0.0067,0.9988,0.0477,0,-0.0019,-0.0477,0.9989,0,0,13.8404,0.0535,1]},
{"frame":51,"values":[1,-0.0068,0.0015,0,0.0067,0.9987,0.0495,0,-0.0019,-0.0495,0.9988,0,0,13.8404,0.0535,1]},
{"frame":52,"values":[1,-0.0068,0.0015,0,0.0067,0.9986,0.0516,0,-0.0019,-0.0516,0.9987,0,0,13.8404,0.0535,1]},
{"frame":53,"values":[1,-0.0068,0.0015,0,0.0067,0.9985,0.0537,0,-0.0019,-0.0537,0.9986,0,0,13.8404,0.0535,1]},
{"frame":54,"values":[1,-0.0068,0.0015,0,0.0067,0.9984,0.0559,0,-0.0019,-0.0559,0.9984,0,0,13.8404,0.0535,1]},
{"frame":55,"values":[1,-0.0068,0.0015,0,0.0067,0.9983,0.0582,0,-0.0019,-0.0581,0.9983,0,0,13.8404,0.0535,1]},
{"frame":56,"values":[1,-0.0068,0.0015,0,0.0067,0.9982,0.0604,0,-0.0019,-0.0604,0.9982,0,0,13.8404,0.0535,1]},
{"frame":57,"values":[1,-0.0068,0.0014,0,0.0067,0.998,0.0627,0,-0.0019,-0.0627,0.998,0,0,13.8404,0.0535,1]},
{"frame":58,"values":[1,-0.0068,0.0014,0,0.0067,0.9979,0.065,0,-0.0019,-0.065,0.9979,0,0,13.8404,0.0535,1]},
{"frame":59,"values":[1,-0.0068,0.0014,0,0.0067,0.9977,0.0674,0,-0.0019,-0.0674,0.9977,0,0,13.8404,0.0535,1]},
{"frame":60,"values":[1,-0.0068,0.0014,0,0.0067,0.9975,0.0697,0,-0.0019,-0.0697,0.9976,0,0,13.8404,0.0535,1]},
{"frame":61,"values":[1,-0.0068,0.0014,0,0.0067,0.9974,0.0721,0,-0.0019,-0.0721,0.9974,0,0,13.8404,0.0535,1]},
{"frame":62,"values":[1,-0.0068,0.0014,0,0.0067,0.9972,0.0745,0,-0.0019,-0.0744,0.9972,0,0,13.8404,0.0535,1]},
{"frame":63,"values":[1,-0.0068,0.0013,0,0.0067,0.997,0.0768,0,-0.0019,-0.0768,0.997,0,0,13.8404,0.0535,1]},
{"frame":64,"values":[1,-0.0068,0.0013,0,0.0067,0.9968,0.0792,0,-0.0019,-0.0792,0.9969,0,0,13.8404,0.0535,1]},
{"frame":65,"values":[1,-0.0068,0.0013,0,0.0067,0.9967,0.0815,0,-0.0019,-0.0815,0.9967,0,0,13.8404,0.0535,1]},
{"frame":66,"values":[1,-0.0068,0.0013,0,0.0067,0.9965,0.0838,0,-0.0019,-0.0838,0.9965,0,0,13.8404,0.0535,1]},
{"frame":67,"values":[1,-0.0068,0.0013,0,0.0067,0.9963,0.0861,0,-0.0019,-0.0861,0.9963,0,0,13.8404,0.0535,1]},
{"frame":68,"values":[1,-0.0068,0.0013,0,0.0067,0.9961,0.0883,0,-0.0019,-0.0883,0.9961,0,0,13.8404,0.0535,1]},
{"frame":69,"values":[1,-0.0068,0.0013,0,0.0067,0.9959,0.0904,0,-0.0019,-0.0904,0.9959,0,0,13.8404,0.0535,1]},
{"frame":70,"values":[1,-0.0068,0.0012,0,0.0067,0.9957,0.0924,0,-0.0019,-0.0924,0.9957,0,0,13.8404,0.0535,1]},
{"frame":71,"values":[1,-0.0068,0.0012,0,0.0067,0.9955,0.0942,0,-0.0019,-0.0942,0.9956,0,0,13.8404,0.0535,1]},
{"frame":72,"values":[1,-0.0068,0.0012,0,0.0067,0.9954,0.0958,0,-0.0019,-0.0958,0.9954,0,0,13.8404,0.0535,1]},
{"frame":73,"values":[1,-0.0068,0.0012,0,0.0067,0.9952,0.0973,0,-0.0019,-0.0972,0.9953,0,0,13.8404,0.0535,1]},
{"frame":74,"values":[1,-0.0068,0.0012,0,0.0067,0.9952,0.0978,0,-0.0019,-0.0978,0.9952,0,0,13.8404,0.0535,1]},
{"frame":75,"values":[1,-0.0068,0.0012,0,0.0067,0.9952,0.0981,0,-0.0019,-0.0981,0.9952,0,0,13.8404,0.0535,1]},
{"frame":76,"values":[1,-0.0068,0.0012,0,0.0067,0.9951,0.0984,0,-0.0019,-0.0984,0.9951,0,0,13.8404,0.0535,1]},
{"frame":77,"values":[1,-0.0068,0.0012,0,0.0067,0.9951,0.0987,0,-0.0019,-0.0987,0.9951,0,0,13.8404,0.0535,1]},
{"frame":78,"values":[1,-0.0068,0.0012,0,0.0067,0.9951,0.0989,0,-0.0019,-0.0989,0.9951,0,0,13.8404,0.0535,1]},
{"frame":79,"values":[1,-0.0068,0.0012,0,0.0067,0.995,0.0992,0,-0.0019,-0.0992,0.9951,0,0,13.8404,0.0535,1]},
{"frame":81,"values":[1,-0.0068,0.0012,0,0.0067,0.9951,0.0991,0,-0.0019,-0.0991,0.9951,0,0,13.8404,0.0535,1]},
{"frame":82,"values":[1,-0.0068,0.0012,0,0.0067,0.9951,0.0989,0,-0.0019,-0.0989,0.9951,0,0,13.8404,0.0535,1]},
{"frame":83,"values":[1,-0.0068,0.0012,0,0.0067,0.9951,0.0985,0,-0.0019,-0.0985,0.9951,0,0,13.8404,0.0535,1]},
{"frame":84,"values":[1,-0.0068,0.0012,0,0.0067,0.9952,0.098,0,-0.0019,-0.098,0.9952,0,0,13.8404,0.0535,1]},
{"frame":85,"values":[1,-0.0068,0.0012,0,0.0067,0.9952,0.0975,0,-0.0019,-0.0974,0.9952,0,0,13.8404,0.0535,1]},
{"frame":86,"values":[1,-0.0068,0.0012,0,0.0067,0.9953,0.0966,0,-0.0019,-0.0966,0.9953,0,0,13.8404,0.0535,1]},
{"frame":87,"values":[1,-0.0068,0.0012,0,0.0067,0.9954,0.0953,0,-0.0019,-0.0953,0.9954,0,0,13.8404,0.0535,1]},
{"frame":88,"values":[1,-0.0068,0.0012,0,0.0067,0.9956,0.0936,0,-0.0019,-0.0936,0.9956,0,0,13.8404,0.0535,1]},
{"frame":89,"values":[1,-0.0068,0.0012,0,0.0067,0.9958,0.0916,0,-0.0019,-0.0916,0.9958,0,0,13.8404,0.0535,1]},
{"frame":90,"values":[1,-0.0068,0.0013,0,0.0067,0.996,0.0896,0,-0.0019,-0.0896,0.996,0,0,13.8404,0.0535,1]},
{"frame":91,"values":[1,-0.0068,0.0013,0,0.0067,0.9961,0.0874,0,-0.0019,-0.0874,0.9962,0,0,13.8404,0.0535,1]},
{"frame":92,"values":[1,-0.0068,0.0013,0,0.0067,0.9963,0.0853,0,-0.0019,-0.0853,0.9964,0,0,13.8404,0.0535,1]},
{"frame":93,"values":[1,-0.0068,0.0013,0,0.0067,0.9965,0.0831,0,-0.0019,-0.0831,0.9965,0,0,13.8404,0.0535,1]},
{"frame":94,"values":[1,-0.0068,0.0013,0,0.0067,0.9967,0.081,0,-0.0019,-0.081,0.9967,0,0,13.8404,0.0535,1]},
{"frame":95,"values":[1,-0.0068,0.0013,0,0.0067,0.9969,0.0788,0,-0.0019,-0.0788,0.9969,0,0,13.8404,0.0535,1]},
{"frame":96,"values":[1,-0.0068,0.0013,0,0.0067,0.997,0.0766,0,-0.0019,-0.0766,0.9971,0,0,13.8404,0.0535,1]},
{"frame":97,"values":[1,-0.0068,0.0014,0,0.0067,0.9973,0.0735,0,-0.0019,-0.0735,0.9973,0,0,13.8404,0.0535,1]},
{"frame":98,"values":[1,-0.0068,0.0014,0,0.0067,0.9976,0.0691,0,-0.0019,-0.0691,0.9976,0,0,13.8404,0.0535,1]},
{"frame":99,"values":[1,-0.0068,0.0014,0,0.0067,0.9979,0.0644,0,-0.0019,-0.0644,0.9979,0,0,13.8404,0.0535,1]},
{"frame":100,"values":[1,-0.0068,0.0015,0,0.0067,0.9982,0.0593,0,-0.0019,-0.0593,0.9982,0,0,13.8404,0.0535,1]},
{"frame":101,"values":[1,-0.0068,0.0015,0,0.0067,0.9986,0.053,0,-0.0019,-0.053,0.9986,0,0,13.8404,0.0535,1]},
{"frame":102,"values":[1,-0.0068,0.0015,0,0.0067,0.9989,0.0465,0,-0.0019,-0.0465,0.9989,0,0,13.8404,0.0535,1]},
{"frame":103,"values":[1,-0.0068,0.0016,0,0.0067,0.9991,0.0416,0,-0.0019,-0.0416,0.9991,0,0,13.8404,0.0535,1]},
{"frame":104,"values":[1,-0.0067,0.0016,0,0.0067,0.9992,0.0395,0,-0.0019,-0.0395,0.9992,0,0,13.8404,0.0535,1]}],"loopBehavior":1,"name":"anim","property":"_matrix"}},
{"name":"Spine2","index":3,"matrix":[1,-0.0068,0.0017,0,0.0067,0.9992,0.0395,0,-0.0019,-0.0395,0.9992,0,0,14.7127,-0.3662,1],"rest":[1,0,0,0,0,1,0,0,0,0,1,0,0,14.7127,-0.3662,1],"parentBoneIndex":2,"length":31.8652
,"animation":{"dataType":3,"framePerSecond":24,"keys":[
{"frame":1,"values":[1,-0.0068,0.0017,0,0.0067,0.9992,0.0395,0,-0.0019,-0.0395,0.9992,0,0,14.7127,-0.3662,1]},
{"frame":2,"values":[1,-0.0068,0.0017,0,0.0067,0.9992,0.0394,0,-0.0019,-0.0394,0.9992,0,0,14.7127,-0.3662,1]},
{"frame":3,"values":[1,-0.0068,0.0017,0,0.0067,0.9992,0.0393,0,-0.0019,-0.0392,0.9992,0,0,14.7127,-0.3662,1]},
{"frame":4,"values":[1,-0.0068,0.0017,0,0.0067,0.9992,0.039,0,-0.0019,-0.039,0.9992,0,0,14.7127,-0.3662,1]},
{"frame":5,"values":[1,-0.0068,0.0017,0,0.0067,0.9992,0.0386,0,-0.0019,-0.0386,0.9993,0,0,14.7127,-0.3662,1]},
{"frame":6,"values":[1,-0.0068,0.0017,0,0.0067,0.9992,0.0382,0,-0.0019,-0.0382,0.9993,0,0,14.7127,-0.3662,1]},
{"frame":7,"values":[1,-0.0068,0.0017,0,0.0067,0.9993,0.0378,0,-0.0019,-0.0378,0.9993,0,0,14.7127,-0.3662,1]},
{"frame":8,"values":[1,-0.0068,0.0017,0,0.0067,0.9993,0.0373,0,-0.0019,-0.0373,0.9993,0,0,14.7127,-0.3662,1]},
{"frame":9,"values":[1,-0.0068,0.0017,0,0.0067,0.9993,0.0368,0,-0.0019,-0.0368,0.9993,0,0,14.7127,-0.3662,1]},
{"frame":10,"values":[1,-0.0068,0.0017,0,0.0067,0.9993,0.0363,0,-0.0019,-0.0363,0.9993,0,0,14.7127,-0.3662,1]},
{"frame":11,"values":[1,-0.0068,0.0017,0,0.0067,0.9993,0.0358,0,-0.0019,-0.0358,0.9994,0,0,14.7127,-0.3662,1]},
{"frame":12,"values":[1,-0.0068,0.0017,0,0.0067,0.9994,0.0354,0,-0.0019,-0.0353,0.9994,0,0,14.7127,-0.3662,1]},
{"frame":13,"values":[1,-0.0068,0.0017,0,0.0067,0.9994,0.035,0,-0.0019,-0.0349,0.9994,0,0,14.7127,-0.3662,1]},
{"frame":14,"values":[1,-0.0068,0.0017,0,0.0067,0.9994,0.0346,0,-0.0019,-0.0346,0.9994,0,0,14.7127,-0.3662,1]},
