{"producer":{"name":"Blender","version":"2.90.0","exporter_version":"2.80.1","file":"sleep_wait.babylon"},
"autoClear":true,"clearColor":[0.0509,0.0509,0.0509],"gravity":[0,-9.81,0],
"materials":[{"name":"Material","id":"Material","customType":"BABYLON.PBRMaterial","backFaceCulling":true,"checkReadyOnlyOnce":false,"maxSimultaneousLights":4,"environmentIntensity":1,"albedo":[0.8,0.8,0.8],"reflectivity":[0.5,0.5,0.5],"roughness":0.4,"alpha":1,"transparencyMode":0,"alphaCutOff":0.4,"metallic":0}],
"multiMaterials":[],
"skeletons":[{"name":"Armature","id":0,"dimensionsAtRest":[232.1761,222.9347,36.3014],"bones":[
{"name":"Hips","index":0,"matrix":[0.9994,-0.029,-0.021,0,0.0246,0.1293,0.9913,0,0.026,0.9912,-0.1299,0,-0.0317,7.7418,1.891,1],"rest":[1,0,0,0,0,1,0,0,0,0,-1,0,0,89.0054,0,1],"parentBoneIndex":-1,"length":14.2998
,"animation":{"dataType":3,"framePerSecond":24,"keys":[
{"frame":1,"values":[0.9994,-0.029,-0.021,0,0.0246,0.1293,0.9913,0,0.026,0.9912,-0.1299,0,-0.0317,7.7418,1.891,1]},
{"frame":2,"values":[0.9993,-0.0299,-0.022,0,0.0257,0.1275,0.9915,0,0.0268,0.9914,-0.1282,0,-0.0218,7.7362,1.9069,1]},
{"frame":3,"values":[0.9993,-0.0297,-0.022,0,0.0257,0.1277,0.9915,0,0.0266,0.9914,-0.1283,0,-0.0218,7.7356,1.906,1]},
{"frame":4,"values":[0.9993,-0.0295,-0.0221,0,0.0257,0.1278,0.9915,0,0.0264,0.9914,-0.1285,0,-0.0218,7.7347,1.9059,1]},
{"frame":5,"values":[0.9993,-0.0293,-0.0221,0,0.0257,0.128,0.9914,0,0.0262,0.9913,-0.1286,0,-0.0215,7.7338,1.9082,1]},
{"frame":6,"values":[0.9993,-0.0292,-0.0221,0,0.0257,0.128,0.9914,0,0.0262,0.9913,-0.1287,0,-0.0206,7.7327,1.9131,1]},
{"frame":7,"values":[0.9993,-0.0292,-0.0221,0,0.0257,0.128,0.9914,0,0.0261,0.9913,-0.1286,0,-0.02,7.7314,1.9173,1]},
{"frame":8,"values":[0.9993,-0.0292,-0.0222,0,0.0257,0.1278,0.9915,0,0.0261,0.9914,-0.1285,0,-0.0195,7.7298,1.922,1]},
{"frame":9,"values":[0.9993,-0.0292,-0.0222,0,0.0257,0.1276,0.9915,0,0.0262,0.9914,-0.1283,0,-0.0197,7.7279,1.9261,1]},
{"frame":10,"values":[0.9993,-0.0293,-0.0222,0,0.0257,0.1273,0.9915,0,0.0263,0.9914,-0.128,0,-0.0203,7.7255,1.929,1]},
{"frame":11,"values":[0.9993,-0.0294,-0.0222,0,0.0257,0.127,0.9916,0,0.0264,0.9915,-0.1277,0,-0.0215,7.723,1.9314,1]},
{"frame":12,"values":[0.9993,-0.0295,-0.0222,0,0.0257,0.1267,0.9916,0,0.0264,0.9915,-0.1273,0,-0.0232,7.7207,1.9339,1]},
{"frame":13,"values":[0.9993,-0.0295,-0.0221,0,0.0257,0.1264,0.9916,0,0.0265,0.9915,-0.1271,0,-0.0247,7.719,1.9366,1]},
{"frame":14,"values":[0.9993,-0.0295,-0.0221,0,0.0257,0.1262,0.9917,0,0.0265,0.9916,-0.1268,0,-0.0259,7.7181,1.9383,1]},
{"frame":15,"values":[0.9993,-0.0295,-0.0221,0,0.0256,0.126,0.9917,0,0.0265,0.9916,-0.1267,0,-0.0264,7.7181,1.9402,1]},
{"frame":16,"values":[0.9993,-0.0295,-0.022,0,0.0256,0.1261,0.9917,0,0.0264,0.9916,-0.1267,0,-0.0269,7.7191,1.9418,1]},
{"frame":17,"values":[0.9993,-0.0294,-0.022,0,0.0255,0.1262,0.9917,0,0.0264,0.9916,-0.1269,0,-0.0268,7.7211,1.9435,1]},
{"frame":18,"values":[0.9993,-0.0293,-0.0219,0,0.0255,0.1264,0.9917,0,0.0263,0.9915,-0.1271,0,-0.0261,7.7242,1.9452,1]},
{"frame":19,"values":[0.9993,-0.0292,-0.0219,0,0.0254,0.1267,0.9916,0,0.0262,0.9915,-0.1273,0,-0.0253,7.7282,1.9459,1]},
{"frame":20,"values":[0.9993,-0.0291,-0.0219,0,0.0254,0.127,0.9916,0,0.0261,0.9915,-0.1277,0,-0.0249,7.7332,1.9457,1]},
{"frame":21,"values":[0.9993,-0.029,-0.0219,0,0.0254,0.1274,0.9915,0,0.026,0.9914,-0.128,0,-0.0249,7.7389,1.9439,1]},
{"frame":22,"values":[0.9993,-0.0289,-0.0219,0,0.0254,0.1278,0.9915,0,0.0258,0.9914,-0.1285,0,-0.0248,7.7451,1.9417,1]},
{"frame":23,"values":[0.9993,-0.0288,-0.0219,0,0.0255,0.1283,0.9914,0,0.0257,0.9913,-0.129,0,-0.0245,7.7515,1.9394,1]},
{"frame":24,"values":[0.9993,-0.0287,-0.022,0,0.0255,0.1288,0.9913,0,0.0256,0.9913,-0.1294,0,-0.0246,7.7574,1.9353,1]},
{"frame":25,"values":[0.9993,-0.0286,-0.022,0,0.0255,0.1292,0.9913,0,0.0255,0.9912,-0.1298,0,-0.0245,7.7625,1.9328,1]},
{"frame":26,"values":[0.9993,-0.0286,-0.022,0,0.0255,0.1294,0.9913,0,0.0255,0.9912,-0.1301,0,-0.0246,7.7663,1.9321,1]},
{"frame":27,"values":[0.9993,-0.0287,-0.022,0,0.0255,0.1295,0.9912,0,0.0256,0.9912,-0.1302,0,-0.0251,7.769,1.9317,1]},
{"frame":28,"values":[0.9993,-0.0288,-0.0219,0,0.0255,0.1295,0.9912,0,0.0257,0.9912,-0.1302,0,-0.0257,7.7706,1.9312,1]},
{"frame":29,"values":[0.9993,-0.0288,-0.0219,0,0.0254,0.1294,0.9913,0,0.0258,0.9912,-0.1301,0,-0.0265,7.7716,1.9295,1]},
{"frame":30,"values":[0.9993,-0.0289,-0.0218,0,0.0254,0.1293,0.9913,0,0.0258,0.9912,-0.1299,0,-0.0269,7.7723,1.9274,1]},
{"frame":31,"values":[0.9993,-0.0289,-0.0218,0,0.0253,0.1292,0.9913,0,0.0258,0.9912,-0.1298,0,-0.0271,7.773,1.9259,1]},
{"frame":32,"values":[0.9993,-0.029,-0.0217,0,0.0253,0.1291,0.9913,0,0.0259,0.9912,-0.1297,0,-0.0269,7.7736,1.9248,1]},
{"frame":33,"values":[0.9993,-0.0291,-0.0217,0,0.0253,0.129,0.9913,0,0.026,0.9912,-0.1296,0,-0.0266,7.774,1.923,1]},
{"frame":34,"values":[0.9993,-0.0292,-0.0216,0,0.0252,0.1289,0.9913,0,0.0261,0.9912,-0.1296,0,-0.0273,7.7741,1.9207,1]},
{"frame":35,"values":[0.9993,-0.0292,-0.0215,0,0.0251,0.1289,0.9913,0,0.0262,0.9912,-0.1295,0,-0.028,7.7739,1.9173,1]},
{"frame":36,"values":[0.9993,-0.0293,-0.0215,0,0.0251,0.1289,0.9913,0,0.0263,0.9912,-0.1295,0,-0.0275,7.7735,1.9112,1]},
{"frame":37,"values":[0.9993,-0.0293,-0.0216,0,0.0252,0.1289,0.9913,0,0.0263,0.9912,-0.1295,0,-0.027,7.7727,1.9047,1]},
{"frame":38,"values":[0.9993,-0.0294,-0.0216,0,0.0252,0.1289,0.9913,0,0.0263,0.9912,-0.1295,0,-0.0266,7.7719,1.8979,1]},
{"frame":39,"values":[0.9993,-0.0294,-0.0216,0,0.0252,0.1289,0.9913,0,0.0264,0.9912,-0.1295,0,-0.026,7.7711,1.8917,1]},
{"frame":40,"values":[0.9993,-0.0295,-0.0216,0,0.0252,0.1289,0.9913,0,0.0265,0.9912,-0.1295,0,-0.025,7.7704,1.8876,1]},
{"frame":41,"values":[0.9993,-0.0296,-0.0216,0,0.0252,0.1289,0.9913,0,0.0266,0.9912,-0.1296,0,-0.0239,7.7698,1.8849,1]},
{"frame":42,"values":[0.9993,-0.0296,-0.0216,0,0.0252,0.1289,0.9913,0,0.0266,0.9912,-0.1296,0,-0.0238,7.7692,1.8809,1]},
{"frame":43,"values":[0.9993,-0.0297,-0.0217,0,0.0253,0.1289,0.9913,0,0.0266,0.9912,-0.1296,0,-0.0234,7.7687,1.8779,1]},
{"frame":44,"values":[0.9993,-0.0297,-0.0218,0,0.0254,0.129,0.9913,0,0.0266,0.9912,-0.1297,0,-0.023,7.7683,1.8734,1]},
{"frame":45,"values":[0.9993,-0.0296,-0.0219,0,0.0256,0.1291,0.9913,0,0.0265,0.9912,-0.1298,0,-0.0228,7.7675,1.8668,1]},
{"frame":46,"values":[0.9993,-0.0295,-0.0221,0,0.0258,0.1293,0.9913,0,0.0264,0.9912,-0.1299,0,-0.0221,7.7663,1.8598,1]},
{"frame":47,"values":[0.9993,-0.0294,-0.0223,0,0.026,0.1294,0.9913,0,0.0263,0.9912,-0.1301,0,-0.0207,7.7649,1.854,1]},
{"frame":48,"values":[0.9993,-0.0294,-0.0225,0,0.0261,0.1295,0.9912,0,0.0262,0.9911,-0.1302,0,-0.0189,7.7639,1.8501,1]},
{"frame":49,"values":[0.9993,-0.0294,-0.0225,0,0.0262,0.1296,0.9912,0,0.0262,0.9911,-0.1302,0,-0.0175,7.7633,1.8473,1]},
{"frame":50,"values":[0.9993,-0.0294,-0.0225,0,0.0261,0.1296,0.9912,0,0.0263,0.9911,-0.1303,0,-0.0164,7.7628,1.8442,1]},
{"frame":51,"values":[0.9993,-0.0296,-0.0225,0,0.0261,0.1296,0.9912,0,0.0264,0.9911,-0.1303,0,-0.0152,7.7624,1.8412,1]},
{"frame":52,"values":[0.9993,-0.0297,-0.0224,0,0.0261,0.1296,0.9912,0,0.0266,0.9911,-0.1303,0,-0.0139,7.7621,1.8382,1]},
{"frame":53,"values":[0.9993,-0.0299,-0.0223,0,0.026,0.1296,0.9912,0,0.0267,0.9911,-0.1303,0,-0.0129,7.762,1.8355,1]},
{"frame":54,"values":[0.9993,-0.03,-0.0222,0,0.026,0.1297,0.9912,0,0.0268,0.9911,-0.1304,0,-0.0117,7.7618,1.8339,1]},
{"frame":55,"values":[0.9993,-0.0301,-0.0222,0,0.0259,0.1297,0.9912,0,0.027,0.9911,-0.1304,0,-0.011,7.7616,1.8327,1]},
{"frame":56,"values":[0.9993,-0.0302,-0.0221,0,0.0259,0.1297,0.9912,0,0.027,0.9911,-0.1304,0,-0.0108,7.7612,1.8321,1]},
{"frame":57,"values":[0.9993,-0.0303,-0.0221,0,0.0258,0.1297,0.9912,0,0.0271,0.9911,-0.1304,0,-0.0109,7.7606,1.8316,1]},
{"frame":58,"values":[0.9993,-0.0303,-0.022,0,0.0258,0.1298,0.9912,0,0.0272,0.9911,-0.1305,0,-0.0112,7.7597,1.8311,1]},
{"frame":59,"values":[0.9993,-0.0304,-0.022,0,0.0258,0.1298,0.9912,0,0.0273,0.9911,-0.1305,0,-0.0113,7.7586,1.8316,1]},
{"frame":60,"values":[0.9993,-0.0304,-0.0221,0,0.0258,0.1298,0.9912,0,0.0273,0.9911,-0.1305,0,-0.0112,7.7575,1.8338,1]},
{"frame":61,"values":[0.9993,-0.0303,-0.0222,0,0.0259,0.1299,0.9912,0,0.0271,0.9911,-0.1306,0,-0.0112,7.7566,1.8368,1]},
{"frame":62,"values":[0.9993,-0.0301,-0.0223,0,0.0261,0.1301,0.9912,0,0.027,0.991,-0.1308,0,-0.0113,7.7561,1.84,1]},
{"frame":63,"values":[0.9993,-0.03,-0.0225,0,0.0262,0.1303,0.9911,0,0.0268,0.991,-0.131,0,-0.0107,7.756,1.8442,1]},
{"frame":64,"values":[0.9993,-0.0299,-0.0226,0,0.0263,0.1303,0.9911,0,0.0267,0.991,-0.131,0,-0.01,7.7556,1.8483,1]},
{"frame":65,"values":[0.9993,-0.0299,-0.0227,0,0.0264,0.1303,0.9911,0,0.0267,0.991,-0.131,0,-0.0099,7.7551,1.8503,1]},
{"frame":66,"values":[0.9993,-0.0299,-0.0227,0,0.0264,0.1303,0.9911,0,0.0267,0.991,-0.131,0,-0.0099,7.7544,1.8513,1]},
{"frame":67,"values":[0.9993,-0.03,-0.0227,0,0.0264,0.1302,0.9911,0,0.0268,0.991,-0.1309,0,-0.0095,7.7537,1.8525,1]},
{"frame":68,"values":[0.9993,-0.0301,-0.0226,0,0.0264,0.1302,0.9911,0,0.0269,0.991,-0.1309,0,-0.009,7.753,1.8535,1]},
{"frame":69,"values":[0.9993,-0.0302,-0.0226,0,0.0264,0.1302,0.9911,0,0.027,0.991,-0.1309,0,-0.0085,7.7523,1.8541,1]},
{"frame":70,"values":[0.9993,-0.0302,-0.0226,0,0.0264,0.1303,0.9911,0,0.027,0.991,-0.131,0,-0.008,7.7518,1.8548,1]},
{"frame":71,"values":[0.9993,-0.0302,-0.0226,0,0.0264,0.1304,0.9911,0,0.027,0.991,-0.1311,0,-0.0075,7.7515,1.8561,1]},
{"frame":72,"values":[0.9993,-0.0303,-0.0226,0,0.0263,0.1305,0.9911,0,0.0271,0.991,-0.1312,0,-0.008,7.7512,1.8555,1]},
{"frame":73,"values":[0.9993,-0.0304,-0.0225,0,0.0263,0.1306,0.9911,0,0.0272,0.991,-0.1313,0,-0.0091,7.7512,1.8542,1]},
{"frame":74,"values":[0.9993,-0.0305,-0.0225,0,0.0264,0.1307,0.9911,0,0.0273,0.991,-0.1314,0,-0.0099,7.7519,1.8543,1]},
{"frame":75,"values":[0.9993,-0.0306,-0.0225,0,0.0264,0.131,0.991,0,0.0274,0.9909,-0.1317,0,-0.0109,7.7533,1.8542,1]},
{"frame":76,"values":[0.9993,-0.0307,-0.0225,0,0.0264,0.1314,0.991,0,0.0275,0.9909,-0.1321,0,-0.0122,7.7549,1.8526,1]},
{"frame":77,"values":[0.9993,-0.0309,-0.0225,0,0.0264,0.1318,0.9909,0,0.0276,0.9908,-0.1325,0,-0.0134,7.7564,1.8506,1]},
{"frame":78,"values":[0.9993,-0.031,-0.0225,0,0.0264,0.1321,0.9909,0,0.0277,0.9908,-0.1328,0,-0.014,7.7574,1.8506,1]},
{"frame":79,"values":[0.9993,-0.031,-0.0225,0,0.0264,0.1322,0.9909,0,0.0278,0.9907,-0.1329,0,-0.0139,7.7577,1.8526,1]},
{"frame":80,"values":[0.9993,-0.031,-0.0225,0,0.0264,0.1322,0.9909,0,0.0277,0.9907,-0.1329,0,-0.0136,7.7574,1.856,1]},
{"frame":81,"values":[0.9993,-0.031,-0.0225,0,0.0264,0.1321,0.9909,0,0.0278,0.9908,-0.1328,0,-0.0137,7.7567,1.8591,1]},
{"frame":82,"values":[0.9993,-0.0311,-0.0224,0,0.0264,0.1321,0.9909,0,0.0278,0.9908,-0.1328,0,-0.0148,7.7562,1.8599,1]},
{"frame":83,"values":[0.9993,-0.0311,-0.0224,0,0.0263,0.132,0.9909,0,0.0279,0.9908,-0.1327,0,-0.016,7.7557,1.8606,1]},
{"frame":84,"values":[0.9993,-0.0312,-0.0223,0,0.0262,0.1319,0.9909,0,0.0279,0.9908,-0.1327,0,-0.0167,7.7551,1.8625,1]},
{"frame":85,"values":[0.9993,-0.0312,-0.0222,0,0.0262,0.1318,0.9909,0,0.028,0.9908,-0.1325,0,-0.0172,7.7546,1.864,1]},
{"frame":86,"values":[0.9993,-0.0312,-0.0221,0,0.026,0.1317,0.991,0,0.0281,0.9908,-0.1324,0,-0.018,7.7541,1.8649,1]},
{"frame":87,"values":[0.9993,-0.0313,-0.0219,0,0.0259,0.1314,0.991,0,0.0281,0.9908,-0.1321,0,-0.0186,7.7536,1.8666,1]},
{"frame":88,"values":[0.9993,-0.0312,-0.0217,0,0.0256,0.1311,0.991,0,0.0281,0.9909,-0.1318,0,-0.0191,7.7529,1.8698,1]},
{"frame":89,"values":[0.9993,-0.0311,-0.0215,0,0.0254,0.1306,0.9911,0,0.028,0.9909,-0.1313,0,-0.0192,7.7521,1.8755,1]},
{"frame":90,"values":[0.9993,-0.0309,-0.0213,0,0.0251,0.1301,0.9912,0,0.0278,0.991,-0.1308,0,-0.0195,7.7508,1.881,1]},
{"frame":91,"values":[0.9993,-0.0305,-0.021,0,0.0248,0.1296,0.9913,0,0.0275,0.9911,-0.1303,0,-0.0209,7.749,1.8838,1]},
{"frame":92,"values":[0.9993,-0.0302,-0.0208,0,0.0246,0.1292,0.9913,0,0.0272,0.9912,-0.1299,0,-0.0223,7.7472,1.8869,1]},
{"frame":93,"values":[0.9993,-0.0299,-0.0207,0,0.0244,0.1289,0.9914,0,0.027,0.9912,-0.1296,0,-0.0231,7.7456,1.8905,1]},
{"frame":94,"values":[0.9993,-0.0298,-0.0206,0,0.0243,0.1287,0.9914,0,0.0269,0.9912,-0.1294,0,-0.0233,7.7446,1.8943,1]},
{"frame":95,"values":[0.9993,-0.0298,-0.0205,0,0.0242,0.1286,0.9914,0,0.0269,0.9912,-0.1293,0,-0.0237,7.744,1.8967,1]},
{"frame":96,"values":[0.9993,-0.0298,-0.0204,0,0.0241,0.1285,0.9914,0,0.0269,0.9913,-0.1292,0,-0.0242,7.7434,1.8961,1]},
{"frame":97,"values":[0.9993,-0.0299,-0.0204,0,0.024,0.1285,0.9914,0,0.027,0.9913,-0.1291,0,-0.0245,7.7429,1.8945,1]},
{"frame":98,"values":[0.9993,-0.0299,-0.0203,0,0.024,0.1284,0.9914,0,0.0271,0.9913,-0.129,0,-0.0248,7.7423,1.8938,1]},
{"frame":99,"values":[0.9993,-0.03,-0.0202,0,0.0239,0.1283,0.9914,0,0.0271,0.9913,-0.1289,0,-0.0256,7.7418,1.8939,1]},
{"frame":100,"values":[0.9993,-0.0299,-0.0202,0,0.0239,0.1283,0.9915,0,0.0271,0.9913,-0.1289,0,-0.0271,7.7415,1.8941,1]},
{"frame":101,"values":[0.9994,-0.0298,-0.0202,0,0.0239,0.1283,0.9914,0,0.0269,0.9913,-0.1289,0,-0.0287,7.7415,1.8932,1]},
{"frame":102,"values":[0.9994,-0.0296,-0.0203,0,0.024,0.1285,0.9914,0,0.0267,0.9913,-0.1291,0,-0.03,7.7418,1.8915,1]},
{"frame":103,"values":[0.9994,-0.0294,-0.0205,0,0.0241,0.1286,0.9914,0,0.0265,0.9913,-0.1293,0,-0.0312,7.7422,1.8895,1]},
{"frame":104,"values":[0.9994,-0.0293,-0.0206,0,0.0242,0.1288,0.9914,0,0.0264,0.9912,-0.1294,0,-0.0319,7.7428,1.8883,1]},
{"frame":105,"values":[0.9994,-0.029,-0.021,0,0.0246,0.1293,0.9913,0,0.026,0.9912,-0.1299,0,-0.0317,7.7418,1.891,1]}],"loopBehavior":1,"name":"anim","property":"_matrix"}},
{"name":"Spine","index":1,"matrix":[1,0.0086,-0.0012,0,-0.0085,0.9975,0.0697,0,0.0018,-0.0697,0.9976,0,0.1169,10.681,0.3734,1],"rest":[1,0,0,0,0,1,0,0,0,0,1,0,0.1169,10.681,0.3734,1],"parentBoneIndex":0,"length":13.8405
,"animation":{"dataType":3,"framePerSecond":24,"keys":[
{"frame":1,"values":[1,0.0086,-0.0012,0,-0.0085,0.9975,0.0697,0,0.0018,-0.0697,0.9976,0,0.1169,10.681,0.3734,1]},
{"frame":2,"values":[1,0.009,-0.001,0,-0.0089,0.9975,0.0702,0,0.0017,-0.0701,0.9975,0,0.1169,10.681,0.3734,1]},
{"frame":3,"values":[1,0.009,-0.0011,0,-0.0089,0.9975,0.0702,0,0.0018,-0.0702,0.9975,0,0.1169,10.681,0.3734,1]},
{"frame":4,"values":[1,0.009,-0.0012,0,-0.0089,0.9975,0.0703,0,0.0018,-0.0703,0.9975,0,0.1169,10.681,0.3734,1]},
{"frame":5,"values":[1,0.009,-0.0013,0,-0.0089,0.9975,0.0705,0,0.0019,-0.0705,0.9975,0,0.1169,10.681,0.3734,1]},
{"frame":6,"values":[1,0.009,-0.0014,0,-0.0088,0.9975,0.0707,0,0.002,-0.0707,0.9975,0,0.1169,10.681,0.3734,1]},
{"frame":7,"values":[1,0.009,-0.0014,0,-0.0088,0.9974,0.0709,0,0.0021,-0.0709,0.9975,0,0.1169,10.681,0.3734,1]},
{"frame":8,"values":[1,0.009,-0.0015,0,-0.0088,0.9974,0.0712,0,0.0022,-0.0712,0.9975,0,0.1169,10.681,0.3734,1]},
{"frame":9,"values":[1,0.009,-0.0016,0,-0.0088,0.9974,0.0715,0,0.0023,-0.0715,0.9974,0,0.1169,10.681,0.3734,1]},
{"frame":10,"values":[1,0.009,-0.0016,0,-0.0088,0.9974,0.0718,0,0.0023,-0.0718,0.9974,0,0.1169,10.681,0.3734,1]},
{"frame":11,"values":[1,0.009,-0.0016,0,-0.0088,0.9974,0.0721,0,0.0023,-0.0721,0.9974,0,0.1169,10.681,0.3734,1]},
{"frame":12,"values":[1,0.009,-0.0016,0,-0.0088,0.9973,0.0723,0,0.0023,-0.0723,0.9974,0,0.1169,10.681,0.3734,1]},
{"frame":13,"values":[1,0.009,-0.0016,0,-0.0088,0.9973,0.0725,0,0.0023,-0.0724,0.9974,0,0.1169,10.681,0.3734,1]},
{"frame":14,"values":[1,0.0089,-0.0016,0,-0.0088,0.9973,0.0726,0,0.0023,-0.0726,0.9974,0,0.1169,10.681,0.3734,1]},
{"frame":16,"values":[1,0.0089,-0.0016,0,-0.0087,0.9973,0.0725,0,0.0023,-0.0725,0.9974,0,0.1169,10.681,0.3734,1]},
{"frame":17,"values":[1,0.0089,-0.0016,0,-0.0087,0.9973,0.0724,0,0.0023,-0.0724,0.9974,0,0.1169,10.681,0.3734,1]},
{"frame":18,"values":[1,0.0089,-0.0016,0,-0.0087,0.9974,0.0722,0,0.0022,-0.0722,0.9974,0,0.1169,10.681,0.3734,1]},
{"frame":19,"values":[1,0.0089,-0.0015,0,-0.0087,0.9974,0.072,0,0.0022,-0.0719,0.9974,0,0.1169,10.681,0.3734,1]},
{"frame":20,"values":[1,0.0088,-0.0015,0,-0.0087,0.9974,0.0716,0,0.0021,-0.0716,0.9974,0,0.1169,10.681,0.3734,1]},
{"frame":21,"values":[1,0.0088,-0.0014,0,-0.0087,0.9974,0.0713,0,0.0021,-0.0713,0.9975,0,0.1169,10.681,0.3734,1]},
{"frame":22,"values":[1,0.0088,-0.0014,0,-0.0087,0.9975,0.0708,0,0.002,-0.0708,0.9975,0,0.1169,10.681,0.3734,1]},
{"frame":23,"values":[1,0.0088,-0.0014,0,-0.0087,0.9975,0.0703,0,0.002,-0.0703,0.9975,0,0.1169,10.681,0.3734,1]},
{"frame":24,"values":[1,0.0088,-0.0015,0,-0.0087,0.9975,0.0698,0,0.0021,-0.0698,0.9976,0,0.1169,10.681,0.3734,1]},
{"frame":25,"values":[1,0.0088,-0.0015,0,-0.0087,0.9976,0.0693,0,0.0021,-0.0692,0.9976,0,0.1169,10.681,0.3734,1]},
{"frame":26,"values":[1,0.0088,-0.0014,0,-0.0087,0.9976,0.0688,0,0.002,-0.0688,0.9976,0,0.1169,10.681,0.3734,1]},
{"frame":27,"values":[1,0.0088,-0.0013,0,-0.0086,0.9976,0.0684,0,0.0019,-0.0684,0.9977,0,0.1169,10.681,0.3734,1]},
{"frame":28,"values":[1,0.0087,-0.0013,0,-0.0086,0.9976,0.0682,0,0.0019,-0.0682,0.9977,0,0.1169,10.681,0.3734,1]},
{"frame":29,"values":[1,0.0087,-0.0012,0,-0.0086,0.9976,0.068,0,0.0018,-0.068,0.9977,0,0.1169,10.681,0.3734,1]},
{"frame":30,"values":[1,0.0087,-0.0011,0,-0.0086,0.9977,0.0679,0,0.0017,-0.0679,0.9977,0,0.1169,10.681,0.3734,1]},
{"frame":31,"values":[1,0.0087,-0.0011,0,-0.0086,0.9977,0.0678,0,0.0017,-0.0678,0.9977,0,0.1169,10.681,0.3734,1]},
{"frame":32,"values":[1,0.0087,-0.001,0,-0.0086,0.9977,0.0677,0,0.0016,-0.0677,0.9977,0,0.1169,10.681,0.3734,1]},
{"frame":33,"values":[1,0.0087,-0.001,0,-0.0086,0.9977,0.0676,0,0.0016,-0.0676,0.9977,0,0.1169,10.681,0.3734,1]},
{"frame":34,"values":[1,0.0087,-0.0009,0,-0.0086,0.9977,0.0676,0,0.0015,-0.0676,0.9977,0,0.1169,10.681,0.3734,1]},
{"frame":35,"values":[1,0.0086,-0.0009,0,-0.0086,0.9977,0.0676,0,0.0015,-0.0676,0.9977,0,0.1169,10.681,0.3734,1]},
{"frame":36,"values":[1,0.0087,-0.001,0,-0.0086,0.9977,0.0676,0,0.0015,-0.0676,0.9977,0,0.1169,10.681,0.3734,1]},
{"frame":37,"values":[1,0.0087,-0.001,0,-0.0086,0.9977,0.0677,0,0.0016,-0.0677,0.9977,0,0.1169,10.681,0.3734,1]},
{"frame":38,"values":[1,0.0087,-0.001,0,-0.0086,0.9977,0.0679,0,0.0016,-0.0679,0.9977,0,0.1169,10.681,0.3734,1]},
{"frame":39,"values":[1,0.0087,-0.001,0,-0.0087,0.9976,0.0681,0,0.0016,-0.068,0.9977,0,0.1169,10.681,0.3734,1]},
{"frame":40,"values":[1,0.0088,-0.001,0,-0.0087,0.9976,0.0683,0,0.0016,-0.0682,0.9977,0,0.1169,10.681,0.3734,1]},
{"frame":41,"values":[1,0.0088,-0.0011,0,-0.0087,0.9976,0.0685,0,0.0017,-0.0685,0.9977,0,0.1169,10.681,0.3734,1]},
{"frame":42,"values":[1,0.0089,-0.0011,0,-0.0088,0.9976,0.0687,0,0.0017,-0.0687,0.9976,0,0.1169,10.681,0.3734,1]},
{"frame":43,"values":[1,0.0089,-0.0012,0,-0.0088,0.9976,0.069,0,0.0018,-0.0689,0.9976,0,0.1169,10.681,0.3734,1]},
{"frame":44,"values":[1,0.0089,-0.0012,0,-0.0088,0.9976,0.0691,0,0.0019,-0.0691,0.9976,0,0.1169,10.681,0.3734,1]},
{"frame":45,"values":[1,0.009,-0.0013,0,-0.0089,0.9976,0.0693,0,0.0019,-0.0693,0.9976,0,0.1169,10.681,0.3734,1]},
{"frame":46,"values":[1,0.0091,-0.0014,0,-0.0089,0.9975,0.0695,0,0.002,-0.0695,0.9976,0,0.1169,10.681,0.3734,1]},
{"frame":47,"values":[1,0.0092,-0.0015,0,-0.009,0.9975,0.0697,0,0.0021,-0.0696,0.9976,0,0.1169,10.681,0.3734,1]},
{"frame":48,"values":[1,0.0092,-0.0016,0,-0.0091,0.9975,0.0698,0,0.0022,-0.0698,0.9976,0,0.1169,10.681,0.3734,1]},
{"frame":49,"values":[1,0.0093,-0.0016,0,-0.0091,0.9975,0.0699,0,0.0022,-0.0699,0.9975,0,0.1169,10.681,0.3734,1]},
{"frame":50,"values":[1,0.0093,-0.0016,0,-0.0091,0.9975,0.0701,0,0.0022,-0.07,0.9975,0,0.1169,10.681,0.3734,1]},
{"frame":51,"values":[1,0.0093,-0.0015,0,-0.0091,0.9975,0.0701,0,0.0021,-0.0701,0.9975,0,0.1169,10.681,0.3734,1]},
{"frame":52,"values":[1,0.0093,-0.0014,0,-0.0092,0.9975,0.0702,0,0.0021,-0.0702,0.9975,0,0.1169,10.681,0.3734,1]},
{"frame":53,"values":[1,0.0093,-0.0013,0,-0.0092,0.9975,0.0702,0,0.002,-0.0702,0.9975,0,0.1169,10.681,0.3734,1]},
{"frame":54,"values":[1,0.0093,-0.0012,0,-0.0092,0.9975,0.0702,0,0.0019,-0.0702,0.9975,0,0.1169,10.681,0.3734,1]},
{"frame":55,"values":[1,0.0094,-0.0012,0,-0.0093,0.9975,0.0702,0,0.0018,-0.0701,0.9975,0,0.1169,10.681,0.3734,1]},
{"frame":56,"values":[1,0.0094,-0.0011,0,-0.0093,0.9975,0.07,0,0.0018,-0.07,0.9975,0,0.1169,10.681,0.3734,1]},
{"frame":57,"values":[1,0.0094,-0.0011,0,-0.0093,0.9975,0.0698,0,0.0018,-0.0698,0.9976,0,0.1169,10.681,0.3734,1]},
{"frame":58,"values":[1,0.0093,-0.0011,0,-0.0092,0.9975,0.0695,0,0.0017,-0.0695,0.9976,0,0.1169,10.681,0.3734,1]},
{"frame":59,"values":[1,0.0093,-0.0011,0,-0.0092,0.9976,0.0692,0,0.0017,-0.0692,0.9976,0,0.1169,10.681,0.3734,1]},
{"frame":60,"values":[1,0.0093,-0.0011,0,-0.0092,0.9976,0.0689,0,0.0017,-0.0689,0.9976,0,0.1169,10.681,0.3734,1]},
{"frame":61,"values":[1,0.0093,-0.0011,0,-0.0092,0.9976,0.0686,0,0.0018,-0.0686,0.9976,0,0.1169,10.681,0.3734,1]},
{"frame":62,"values":[1,0.0093,-0.0012,0,-0.0092,0.9976,0.0683,0,0.0018,-0.0683,0.9977,0,0.1169,10.681,0.3734,1]},
{"frame":63,"values":[1,0.0093,-0.0012,0,-0.0092,0.9976,0.0681,0,0.0019,-0.0681,0.9977,0,0.1169,10.681,0.3734,1]},
{"frame":64,"values":[1,0.0094,-0.0013,0,-0.0092,0.9976,0.0679,0,0.0019,-0.0679,0.9977,0,0.1169,10.681,0.3734,1]},
{"frame":65,"values":[1,0.0093,-0.0013,0,-0.0092,0.9977,0.0678,0,0.002,-0.0678,0.9977,0,0.1169,10.681,0.3734,1]},
{"frame":66,"values":[1,0.0093,-0.0014,0,-0.0092,0.9977,0.0677,0,0.002,-0.0677,0.9977,0,0.1169,10.681,0.3734,1]},
{"frame":67,"values":[1,0.0093,-0.0013,0,-0.0092,0.9977,0.0676,0,0.002,-0.0676,0.9977,0,0.1169,10.681,0.3734,1]},
{"frame":68,"values":[1,0.0093,-0.0013,0,-0.0092,0.9977,0.0675,0,0.002,-0.0675,0.9977,0,0.1169,10.681,0.3734,1]},
{"frame":69,"values":[1,0.0093,-0.0013,0,-0.0092,0.9977,0.0675,0,0.0019,-0.0675,0.9977,0,0.1169,10.681,0.3734,1]},
{"frame":70,"values":[1,0.0093,-0.0013,0,-0.0091,0.9977,0.0675,0,0.002,-0.0675,0.9977,0,0.1169,10.681,0.3734,1]},
{"frame":71,"values":[1,0.0092,-0.0014,0,-0.0091,0.9977,0.0675,0,0.002,-0.0674,0.9977,0,0.1169,10.681,0.3734,1]},
{"frame":72,"values":[1,0.0092,-0.0014,0,-0.0091,0.9977,0.0675,0,0.002,-0.0675,0.9977,0,0.1169,10.681,0.3734,1]},
{"frame":73,"values":[1,0.0092,-0.0014,0,-0.0091,0.9977,0.0676,0,0.002,-0.0676,0.9977,0,0.1169,10.681,0.3734,1]},
{"frame":74,"values":[1,0.0092,-0.0014,0,-0.009,0.9977,0.0677,0,0.002,-0.0677,0.9977,0,0.1169,10.681,0.3734,1]},
{"frame":75,"values":[1,0.0092,-0.0014,0,-0.009,0.9977,0.0678,0,0.002,-0.0678,0.9977,0,0.1169,10.681,0.3734,1]},
{"frame":76,"values":[1,0.0091,-0.0014,0,-0.009,0.9977,0.0679,0,0.002,-0.0678,0.9977,0,0.1169,10.681,0.3734,1]},
{"frame":77,"values":[1,0.0091,-0.0014,0,-0.009,0.9976,0.0679,0,0.002,-0.0679,0.9977,0,0.1169,10.681,0.3734,1]},
{"frame":78,"values":[1,0.0091,-0.0014,0,-0.009,0.9976,0.0681,0,0.002,-0.0681,0.9977,0,0.1169,10.681,0.3734,1]},
{"frame":79,"values":[1,0.0091,-0.0014,0,-0.009,0.9976,0.0683,0,0.0021,-0.0683,0.9977,0,0.1169,10.681,0.3734,1]},
{"frame":80,"values":[1,0.0091,-0.0015,0,-0.0089,0.9976,0.0686,0,0.0021,-0.0686,0.9976,0,0.1169,10.681,0.3734,1]},
{"frame":81,"values":[1,0.009,-0.0015,0,-0.0089,0.9976,0.0689,0,0.0021,-0.0689,0.9976,0,0.1169,10.681,0.3734,1]},
{"frame":82,"values":[1,0.009,-0.0015,0,-0.0088,0.9976,0.0691,0,0.0021,-0.0691,0.9976,0,0.1169,10.681,0.3734,1]},
{"frame":83,"values":[1,0.0089,-0.0015,0,-0.0088,0.9976,0.0693,0,0.0021,-0.0693,0.9976,0,0.1169,10.681,0.3734,1]},
{"frame":84,"values":[1,0.0088,-0.0015,0,-0.0087,0.9975,0.0695,0,0.0021,-0.0695,0.9976,0,0.1169,10.681,0.3734,1]},
{"frame":85,"values":[1,0.0088,-0.0015,0,-0.0087,0.9975,0.0697,0,0.0021,-0.0697,0.9976,0,0.1169,10.681,0.3734,1]},
{"frame":86,"values":[1,0.0087,-0.0015,0,-0.0086,0.9975,0.0699,0,0.0021,-0.0698,0.9976,0,0.1169,10.681,0.3734,1]},
{"frame":87,"values":[1,0.0087,-0.0014,0,-0.0086,0.9975,0.07,0,0.002,-0.07,0.9975,0,0.1169,10.681,0.3734,1]},
{"frame":88,"values":[1,0.0086,-0.0014,0,-0.0085,0.9975,0.0701,0,0.002,-0.07,0.9975,0,0.1169,10.681,0.3734,1]},
{"frame":89,"values":[1,0.0086,-0.0013,0,-0.0085,0.9975,0.0702,0,0.0019,-0.0702,0.9975,0,0.1169,10.681,0.3734,1]},
{"frame":90,"values":[1,0.0086,-0.0013,0,-0.0084,0.9975,0.0703,0,0.0019,-0.0703,0.9975,0,0.1169,10.681,0.3734,1]},
{"frame":91,"values":[1,0.0085,-0.0013,0,-0.0084,0.9975,0.0705,0,0.0019,-0.0705,0.9975,0,0.1169,10.681,0.3734,1]},
{"frame":92,"values":[1,0.0085,-0.0013,0,-0.0084,0.9975,0.0706,0,0.0019,-0.0706,0.9975,0,0.1169,10.681,0.3734,1]},
{"frame":95,"values":[1,0.0085,-0.0013,0,-0.0084,0.9975,0.0705,0,0.0019,-0.0705,0.9975,0,0.1169,10.681,0.3734,1]},
{"frame":96,"values":[1,0.0085,-0.0012,0,-0.0084,0.9975,0.0704,0,0.0018,-0.0704,0.9975,0,0.1169,10.681,0.3734,1]},
{"frame":97,"values":[1,0.0085,-0.0012,0,-0.0084,0.9975,0.0703,0,0.0018,-0.0703,0.9975,0,0.1169,10.681,0.3734,1]},
{"frame":98,"values":[1,0.0085,-0.0012,0,-0.0084,0.9975,0.0702,0,0.0018,-0.0702,0.9975,0,0.1169,10.681,0.3734,1]},
{"frame":99,"values":[1,0.0085,-0.0011,0,-0.0084,0.9975,0.0701,0,0.0017,-0.0701,0.9975,0,0.1169,10.681,0.3734,1]},
{"frame":101,"values":[1,0.0085,-0.0011,0,-0.0084,0.9975,0.07,0,0.0017,-0.07,0.9975,0,0.1169,10.681,0.3734,1]},
{"frame":102,"values":[1,0.0085,-0.0011,0,-0.0084,0.9975,0.0699,0,0.0017,-0.0699,0.9976,0,0.1169,10.681,0.3734,1]},
{"frame":103,"values":[1,0.0085,-0.0011,0,-0.0084,0.9975,0.0698,0,0.0017,-0.0698,0.9976,0,0.1169,10.681,0.3734,1]},
{"frame":104,"values":[1,0.0086,-0.0012,0,-0.0085,0.9975,0.0698,0,0.0018,-0.0697,0.9976,0,0.1169,10.681,0.3734,1]},
{"frame":105,"values":[1,0.0086,-0.0012,0,-0.0085,0.9975,0.0697,0,0.0018,-0.0697,0.9976,0,0.1169,10.681,0.3734,1]}],"loopBehavior":1,"name":"anim","property":"_matrix"}},
{"name":"Spine1","index":2,"matrix":[0.9999,0.0165,-0.0018,0,-0.0161,0.9901,0.1391,0,0.0041,-0.1391,0.9903,0,0,13.8404,0.0535,1],"rest":[1,0,0,0,0,1,0,0,0,0,1,0,0,13.8404,0.0535,1],"parentBoneIndex":1,"length":14.7173
,"animation":{"dataType":3,"framePerSecond":24,"keys":[
{"frame":1,"values":[0.9999,0.0165,-0.0018,0,-0.0161,0.9901,0.1391,0,0.0041,-0.1391,0.9903,0,0,13.8404,0.0535,1]},
{"frame":2,"values":[0.9999,0.017,-0.0014,0,-0.0166,0.99,0.14,0,0.0038,-0.1399,0.9902,0,0,13.8404,0.0535,1]},
{"frame":3,"values":[0.9999,0.017,-0.0016,0,-0.0166,0.99,0.1401,0,0.0039,-0.1401,0.9901,0,0,13.8404,0.0535,1]},
{"frame":4,"values":[0.9999,0.017,-0.0017,0,-0.0166,0.99,0.1403,0,0.0041,-0.1403,0.9901,0,0,13.8404,0.0535,1]},
{"frame":5,"values":[0.9999,0.017,-0.0019,0,-0.0165,0.9899,0.1406,0,0.0043,-0.1405,0.9901,0,0,13.8404,0.0535,1]},
{"frame":6,"values":[0.9999,0.0169,-0.0021,0,-0.0165,0.9899,0.141,0,0.0044,-0.1409,0.99,0,0,13.8404,0.0535,1]},
{"frame":7,"values":[0.9999,0.0169,-0.0022,0,-0.0164,0.9898,0.1415,0,0.0046,-0.1414,0.9899,0,0,13.8404,0.0535,1]},
{"frame":8,"values":[0.9999,0.0169,-0.0024,0,-0.0164,0.9897,0.1421,0,0.0048,-0.142,0.9899,0,0,13.8404,0.0535,1]},
{"frame":9,"values":[0.9999,0.0169,-0.0026,0,-0.0164,0.9896,0.1427,0,0.0049,-0.1426,0.9898,0,0,13.8404,0.0535,1]},
{"frame":10,"values":[0.9999,0.0169,-0.0026,0,-0.0164,0.9895,0.1433,0,0.005,-0.1432,0.9897,0,0,13.8404,0.0535,1]},
{"frame":11,"values":[0.9999,0.0169,-0.0026,0,-0.0164,0.9895,0.1438,0,0.005,-0.1437,0.9896,0,0,13.8404,0.0535,1]},
{"frame":12,"values":[0.9999,0.0169,-0.0026,0,-0.0163,0.9894,0.1442,0,0.005,-0.1442,0.9895,0,0,13.8404,0.0535,1]},
{"frame":13,"values":[0.9999,0.0168,-0.0026,0,-0.0163,0.9894,0.1446,0,0.005,-0.1445,0.9895,0,0,13.8404,0.0535,1]},
{"frame":14,"values":[0.9999,0.0168,-0.0026,0,-0.0162,0.9893,0.1448,0,0.005,-0.1447,0.9895,0,0,13.8404,0.0535,1]},
{"frame":15,"values":[0.9999,0.0167,-0.0026,0,-0.0162,0.9893,0.1449,0,0.005,-0.1448,0.9895,0,0,13.8404,0.0535,1]},
{"frame":16,"values":[0.9999,0.0167,-0.0026,0,-0.0162,0.9893,0.1447,0,0.005,-0.1447,0.9895,0,0,13.8404,0.0535,1]},
{"frame":17,"values":[0.9999,0.0167,-0.0026,0,-0.0161,0.9894,0.1444,0,0.005,-0.1444,0.9895,0,0,13.8404,0.0535,1]},
{"frame":18,"values":[0.9999,0.0166,-0.0026,0,-0.0161,0.9894,0.144,0,0.0049,-0.144,0.9896,0,0,13.8404,0.0535,1]},
{"frame":19,"values":[0.9999,0.0166,-0.0024,0,-0.0161,0.9895,0.1435,0,0.0048,-0.1435,0.9896,0,0,13.8404,0.0535,1]},
{"frame":20,"values":[0.9999,0.0166,-0.0023,0,-0.0161,0.9896,0.1429,0,0.0046,-0.1429,0.9897,0,0,13.8404,0.0535,1]},
{"frame":21,"values":[0.9999,0.0165,-0.0022,0,-0.0161,0.9897,0.1422,0,0.0046,-0.1421,0.9898,0,0,13.8404,0.0535,1]},
{"frame":22,"values":[0.9999,0.0165,-0.0022,0,-0.0161,0.9898,0.1413,0,0.0045,-0.1413,0.99,0,0,13.8404,0.0535,1]},
{"frame":23,"values":[0.9999,0.0165,-0.0022,0,-0.0161,0.99,0.1403,0,0.0045,-0.1402,0.9901,0,0,13.8404,0.0535,1]},
{"frame":24,"values":[0.9999,0.0165,-0.0023,0,-0.0161,0.9901,0.1392,0,0.0045,-0.1391,0.9903,0,0,13.8404,0.0535,1]},
{"frame":25,"values":[0.9999,0.0165,-0.0023,0,-0.016,0.9903,0.1382,0,0.0045,-0.1381,0.9904,0,0,13.8404,0.0535,1]},
{"frame":26,"values":[0.9999,0.0165,-0.0022,0,-0.016,0.9904,0.1373,0,0.0044,-0.1372,0.9905,0,0,13.8404,0.0535,1]},
{"frame":27,"values":[0.9999,0.0164,-0.0021,0,-0.016,0.9905,0.1366,0,0.0043,-0.1365,0.9906,0,0,13.8404,0.0535,1]},
{"frame":28,"values":[0.9999,0.0164,-0.0019,0,-0.016,0.9906,0.136,0,0.0041,-0.136,0.9907,0,0,13.8404,0.0535,1]},
{"frame":29,"values":[0.9999,0.0164,-0.0017,0,-0.016,0.9906,0.1357,0,0.004,-0.1357,0.9907,0,0,13.8404,0.0535,1]},
{"frame":30,"values":[0.9999,0.0164,-0.0016,0,-0.016,0.9907,0.1355,0,0.0038,-0.1354,0.9908,0,0,13.8404,0.0535,1]},
{"frame":31,"values":[0.9999,0.0164,-0.0016,0,-0.016,0.9907,0.1353,0,0.0037,-0.1352,0.9908,0,0,13.8404,0.0535,1]},
{"frame":32,"values":[0.9999,0.0163,-0.0015,0,-0.016,0.9907,0.1351,0,0.0037,-0.135,0.9908,0,0,13.8404,0.0535,1]},
{"frame":33,"values":[0.9999,0.0164,-0.0013,0,-0.016,0.9907,0.1349,0,0.0035,-0.1349,0.9909,0,0,13.8404,0.0535,1]},
{"frame":34,"values":[0.9999,0.0164,-0.0013,0,-0.0161,0.9907,0.1349,0,0.0035,-0.1348,0.9909,0,0,13.8404,0.0535,1]},
{"frame":35,"values":[0.9999,0.0164,-0.0013,0,-0.016,0.9907,0.1349,0,0.0034,-0.1348,0.9909,0,0,13.8404,0.0535,1]},
{"frame":36,"values":[0.9999,0.0164,-0.0013,0,-0.016,0.9907,0.1349,0,0.0035,-0.1349,0.9909,0,0,13.8404,0.0535,1]},
{"frame":37,"values":[0.9999,0.0164,-0.0014,0,-0.016,0.9907,0.1351,0,0.0036,-0.1351,0.9908,0,0,13.8404,0.0535,1]},
{"frame":38,"values":[0.9999,0.0164,-0.0014,0,-0.016,0.9907,0.1354,0,0.0036,-0.1354,0.9908,0,0,13.8404,0.0535,1]},
{"frame":39,"values":[0.9999,0.0164,-0.0014,0,-0.016,0.9906,0.1358,0,0.0036,-0.1358,0.9907,0,0,13.8404,0.0535,1]},
{"frame":40,"values":[0.9999,0.0164,-0.0014,0,-0.016,0.9906,0.1362,0,0.0036,-0.1362,0.9907,0,0,13.8404,0.0535,1]},
{"frame":41,"values":[0.9999,0.0164,-0.0014,0,-0.016,0.9905,0.1366,0,0.0037,-0.1366,0.9906,0,0,13.8404,0.0535,1]},
{"frame":42,"values":[0.9999,0.0164,-0.0015,0,-0.016,0.9904,0.1371,0,0.0038,-0.1371,0.9906,0,0,13.8404,0.0535,1]},
{"frame":43,"values":[0.9999,0.0163,-0.0017,0,-0.016,0.9904,0.1376,0,0.0039,-0.1375,0.9905,0,0,13.8404,0.0535,1]},
{"frame":44,"values":[0.9999,0.0164,-0.0018,0,-0.016,0.9903,0.1379,0,0.004,-0.1379,0.9904,0,0,13.8404,0.0535,1]},
{"frame":45,"values":[0.9999,0.0164,-0.0019,0,-0.016,0.9903,0.1383,0,0.0042,-0.1382,0.9904,0,0,13.8404,0.0535,1]},
{"frame":46,"values":[0.9999,0.0165,-0.0021,0,-0.0161,0.9902,0.1386,0,0.0044,-0.1386,0.9903,0,0,13.8404,0.0535,1]},
{"frame":47,"values":[0.9999,0.0167,-0.0023,0,-0.0162,0.9902,0.139,0,0.0045,-0.1389,0.9903,0,0,13.8404,0.0535,1]},
{"frame":48,"values":[0.9999,0.0167,-0.0024,0,-0.0162,0.9901,0.1393,0,0.0047,-0.1392,0.9902,0,0,13.8404,0.0535,1]},
{"frame":49,"values":[0.9999,0.0167,-0.0025,0,-0.0162,0.9901,0.1396,0,0.0048,-0.1395,0.9902,0,0,13.8404,0.0535,1]},
{"frame":50,"values":[0.9999,0.0167,-0.0024,0,-0.0162,0.9901,0.1398,0,0.0047,-0.1397,0.9902,0,0,13.8404,0.0535,1]},
{"frame":51,"values":[0.9999,0.0166,-0.0023,0,-0.0162,0.99,0.14,0,0.0046,-0.1399,0.9902,0,0,13.8404,0.0535,1]},
{"frame":52,"values":[0.9999,0.0166,-0.0021,0,-0.0162,0.99,0.1401,0,0.0044,-0.14,0.9901,0,0,13.8404,0.0535,1]},
{"frame":53,"values":[0.9999,0.0166,-0.0019,0,-0.0162,0.99,0.1401,0,0.0042,-0.1401,0.9901,0,0,13.8404,0.0535,1]},
{"frame":54,"values":[0.9999,0.0167,-0.0017,0,-0.0163,0.99,0.1401,0,0.004,-0.14,0.9901,0,0,13.8404,0.0535,1]},
{"frame":55,"values":[0.9999,0.0168,-0.0016,0,-0.0164,0.99,0.14,0,0.0039,-0.1399,0.9902,0,0,13.8404,0.0535,1]},
{"frame":56,"values":[0.9999,0.0168,-0.0015,0,-0.0165,0.9901,0.1397,0,0.0038,-0.1396,0.9902,0,0,13.8404,0.0535,1]},
{"frame":57,"values":[0.9999,0.0168,-0.0015,0,-0.0164,0.9901,0.1392,0,0.0038,-0.1392,0.9903,0,0,13.8404,0.0535,1]},
{"frame":58,"values":[0.9999,0.0168,-0.0014,0,-0.0164,0.9902,0.1387,0,0.0037,-0.1386,0.9903,0,0,13.8404,0.0535,1]},
{"frame":59,"values":[0.9999,0.0167,-0.0014,0,-0.0164,0.9903,0.1381,0,0.0037,-0.138,0.9904,0,0,13.8404,0.0535,1]},
{"frame":60,"values":[0.9999,0.0167,-0.0014,0,-0.0163,0.9904,0.1375,0,0.0037,-0.1375,0.9905,0,0,13.8404,0.0535,1]},
{"frame":61,"values":[0.9999,0.0167,-0.0015,0,-0.0163,0.9904,0.1369,0,0.0038,-0.1369,0.9906,0,0,13.8404,0.0535,1]},
{"frame":62,"values":[0.9999,0.0167,-0.0016,0,-0.0163,0.9905,0.1364,0,0.0039,-0.1363,0.9907,0,0,13.8404,0.0535,1]},
{"frame":63,"values":[0.9999,0.0167,-0.0017,0,-0.0163,0.9906,0.1359,0,0.004,-0.1359,0.9907,0,0,13.8404,0.0535,1]},
{"frame":64,"values":[0.9999,0.0167,-0.0019,0,-0.0163,0.9906,0.1356,0,0.0041,-0.1355,0.9908,0,0,13.8404,0.0535,1]},
{"frame":65,"values":[0.9999,0.0167,-0.002,0,-0.0163,0.9907,0.1353,0,0.0042,-0.1353,0.9908,0,0,13.8404,0.0535,1]},
{"frame":66,"values":[0.9999,0.0167,-0.002,0,-0.0163,0.9907,0.135,0,0.0042,-0.135,0.9908,0,0,13.8404,0.0535,1]},
{"frame":67,"values":[0.9999,0.0167,-0.002,0,-0.0163,0.9907,0.1349,0,0.0042,-0.1348,0.9909,0,0,13.8404,0.0535,1]},
{"frame":68,"values":[0.9999,0.0167,-0.0019,0,-0.0163,0.9907,0.1348,0,0.0042,-0.1347,0.9909,0,0,13.8404,0.0535,1]},
{"frame":69,"values":[0.9999,0.0167,-0.0019,0,-0.0163,0.9908,0.1347,0,0.0042,-0.1347,0.9909,0,0,13.8404,0.0535,1]},
{"frame":70,"values":[0.9999,0.0167,-0.002,0,-0.0163,0.9908,0.1346,0,0.0042,-0.1346,0.9909,0,0,13.8404,0.0535,1]},
{"frame":71,"values":[0.9999,0.0167,-0.002,0,-0.0162,0.9908,0.1346,0,0.0042,-0.1346,0.9909,0,0,13.8404,0.0535,1]},
{"frame":72,"values":[0.9999,0.0166,-0.0021,0,-0.0162,0.9907,0.1347,0,0.0043,-0.1347,0.9909,0,0,13.8404,0.0535,1]},
{"frame":73,"values":[0.9999,0.0166,-0.002,0,-0.0162,0.9907,0.135,0,0.0043,-0.1349,0.9908,0,0,13.8404,0.0535,1]},
{"frame":74,"values":[0.9999,0.0167,-0.002,0,-0.0162,0.9907,0.1352,0,0.0043,-0.1351,0.9908,0,0,13.8404,0.0535,1]},
{"frame":75,"values":[0.9999,0.0167,-0.0021,0,-0.0162,0.9907,0.1353,0,0.0043,-0.1352,0.9908,0,0,13.8404,0.0535,1]},
{"frame":76,"values":[0.9999,0.0167,-0.0021,0,-0.0163,0.9907,0.1354,0,0.0044,-0.1354,0.9908,0,0,13.8404,0.0535,1]},
{"frame":77,"values":[0.9999,0.0168,-0.0021,0,-0.0163,0.9906,0.1356,0,0.0044,-0.1355,0.9908,0,0,13.8404,0.0535,1]},
{"frame":78,"values":[0.9999,0.0168,-0.0021,0,-0.0163,0.9906,0.1359,0,0.0044,-0.1358,0.9907,0,0,13.8404,0.0535,1]},
{"frame":79,"values":[0.9999,0.0167,-0.0022,0,-0.0163,0.9905,0.1363,0,0.0045,-0.1363,0.9907,0,0,13.8404,0.0535,1]},
{"frame":80,"values":[0.9999,0.0167,-0.0023,0,-0.0162,0.9905,0.1369,0,0.0045,-0.1368,0.9906,0,0,13.8404,0.0535,1]},
{"frame":81,"values":[0.9999,0.0166,-0.0023,0,-0.0162,0.9904,0.1375,0,0.0046,-0.1374,0.9905,0,0,13.8404,0.0535,1]},
{"frame":82,"values":[0.9999,0.0166,-0.0023,0,-0.0161,0.9903,0.1379,0,0.0045,-0.1379,0.9904,0,0,13.8404,0.0535,1]},
{"frame":83,"values":[0.9999,0.0165,-0.0023,0,-0.016,0.9903,0.1384,0,0.0045,-0.1383,0.9904,0,0,13.8404,0.0535,1]},
{"frame":84,"values":[0.9999,0.0165,-0.0023,0,-0.016,0.9902,0.1387,0,0.0045,-0.1387,0.9903,0,0,13.8404,0.0535,1]},
{"frame":85,"values":[0.9999,0.0164,-0.0023,0,-0.0159,0.9902,0.1391,0,0.0045,-0.139,0.9903,0,0,13.8404,0.0535,1]},
{"frame":86,"values":[0.9999,0.0164,-0.0023,0,-0.0159,0.9901,0.1394,0,0.0045,-0.1393,0.9902,0,0,13.8404,0.0535,1]},
{"frame":87,"values":[0.9999,0.0163,-0.0022,0,-0.0158,0.9901,0.1396,0,0.0045,-0.1395,0.9902,0,0,13.8404,0.0535,1]},
{"frame":88,"values":[0.9999,0.0163,-0.0022,0,-0.0158,0.9901,0.1398,0,0.0044,-0.1397,0.9902,0,0,13.8404,0.0535,1]},
{"frame":89,"values":[0.9999,0.0162,-0.0021,0,-0.0158,0.99,0.14,0,0.0043,-0.14,0.9901,0,0,13.8404,0.0535,1]},
{"frame":90,"values":[0.9999,0.0162,-0.0019,0,-0.0157,0.99,0.1403,0,0.0042,-0.1402,0.9901,0,0,13.8404,0.0535,1]},
{"frame":91,"values":[0.9999,0.0162,-0.0019,0,-0.0158,0.9899,0.1406,0,0.0042,-0.1405,0.9901,0,0,13.8404,0.0535,1]},
{"frame":92,"values":[0.9999,0.0162,-0.0019,0,-0.0158,0.9899,0.1408,0,0.0042,-0.1408,0.99,0,0,13.8404,0.0535,1]},
{"frame":93,"values":[0.9999,0.0163,-0.0019,0,-0.0158,0.9899,0.1409,0,0.0042,-0.1409,0.99,0,0,13.8404,0.0535,1]},
{"frame":94,"values":[0.9999,0.0163,-0.0019,0,-0.0159,0.9899,0.1408,0,0.0042,-0.1408,0.99,0,0,13.8404,0.0535,1]},
{"frame":95,"values":[0.9999,0.0164,-0.0019,0,-0.016,0.9899,0.1407,0,0.0042,-0.1406,0.9901,0,0,13.8404,0.0535,1]},
{"frame":96,"values":[0.9999,0.0165,-0.0019,0,-0.016,0.99,0.1404,0,0.0042,-0.1404,0.9901,0,0,13.8404,0.0535,1]},
{"frame":97,"values":[0.9999,0.0165,-0.0018,0,-0.016,0.99,0.1402,0,0.0041,-0.1402,0.9901,0,0,13.8404,0.0535,1]},
{"frame":98,"values":[0.9999,0.0165,-0.0017,0,-0.016,0.99,0.14,0,0.004,-0.14,0.9901,0,0,13.8404,0.0535,1]},
{"frame":99,"values":[0.9999,0.0164,-0.0016,0,-0.016,0.99,0.1399,0,0.0039,-0.1399,0.9902,0,0,13.8404,0.0535,1]},
{"frame":100,"values":[0.9999,0.0164,-0.0016,0,-0.016,0.99,0.1398,0,0.0038,-0.1398,0.9902,0,0,13.8404,0.0535,1]},
{"frame":101,"values":[0.9999,0.0164,-0.0016,0,-0.016,0.9901,0.1397,0,0.0038,-0.1397,0.9902,0,0,13.8404,0.0535,1]},
{"frame":102,"values":[0.9999,0.0164,-0.0016,0,-0.016,0.9901,0.1395,0,0.0039,-0.1395,0.9902,0,0,13.8404,0.0535,1]},
{"frame":103,"values":[0.9999,0.0165,-0.0017,0,-0.0161,0.9901,0.1393,0,0.004,-0.1393,0.9902,0,0,13.8404,0.0535,1]},
{"frame":104,"values":[0.9999,0.0165,-0.0018,0,-0.0161,0.9901,0.1392,0,0.004,-0.1391,0.9903,0,0,13.8404,0.0535,1]},
{"frame":105,"values":[0.9999,0.0165,-0.0018,0,-0.0161,0.9901,0.1391,0,0.0041,-0.1391,0.9903,0,0,13.8404,0.0535,1]}],"loopBehavior":1,"name":"anim","property":"_matrix"}},
{"name":"Spine2","index":3,"matrix":[0.9999,0.0165,-0.0018,0,-0.0161,0.9901,0.1391,0,0.0041,-0.1391,0.9903,0,0,14.7127,-0.3662,1],"rest":[1,0,0,0,0,1,0,0,0,0,1,0,0,14.7127,-0.3662,1],"parentBoneIndex":2,"length":31.8652
,"animation":{"dataType":3,"framePerSecond":24,"keys":[
{"frame":1,"values":[0.9999,0.0165,-0.0018,0,-0.0161,0.9901,0.1391,0,0.0041,-0.1391,0.9903,0,0,14.7127,-0.3662,1]},
{"frame":2,"values":[0.9999,0.017,-0.0014,0,-0.0166,0.99,0.14,0,0.0038,-0.1399,0.9902,0,0,14.7127,-0.3662,1]},
{"frame":3,"values":[0.9999,0.017,-0.0016,0,-0.0166,0.99,0.1401,0,0.0039,-0.1401,0.9901,0,0,14.7127,-0.3662,1]},
{"frame":4,"values":[0.9999,0.017,-0.0017,0,-0.0166,0.99,0.1403,0,0.0041,-0.1403,0.9901,0,0,14.7127,-0.3662,1]},
{"frame":5,"values":[0.9999,0.017,-0.0019,0,-0.0165,0.9899,0.1406,0,0.0043,-0.1405,0.9901,0,0,14.7127,-0.3662,1]},
{"frame":6,"values":[0.9999,0.0169,-0.0021,0,-0.0165,0.9899,0.141,0,0.0044,-0.1409,0.99,0,0,14.7127,-0.3662,1]},
{"frame":7,"values":[0.9999,0.0169,-0.0022,0,-0.0164,0.9898,0.1415,0,0.0046,-0.1414,0.9899,0,0,14.7127,-0.3662,1]},
{"frame":8,"values":[0.9999,0.0169,-0.0024,0,-0.0164,0.9897,0.1421,0,0.0048,-0.142,0.9899,0,0,14.7127,-0.3662,1]},
{"frame":9,"values":[0.9999,0.0169,-0.0026,0,-0.0164,0.9896,0.1427,0,0.0049,-0.1426,0.9898,0,0,14.7127,-0.3662,1]},
{"frame":10,"values":[0.9999,0.0169,-0.0026,0,-0.0164,0.9895,0.1433,0,0.005,-0.1432,0.9897,0,0,14.7127,-0.3662,1]},
{"frame":11,"values":[0.9999,0.0169,-0.0026,0,-0.0164,0.9895,0.1438,0,0.005,-0.1437,0.9896,0,0,14.7127,-0.3662,1]},
{"frame":12,"values":[0.9999,0.0169,-0.0026,0,-0.0163,0.9894,0.1442,0,0.005,-0.1442,0.9895,0,0,14.7127,-0.3662,1]},
{"frame":13,"values":[0.9999,0.0168,-0.0026,0,-0.0163,0.9894,0.1446,0,0.005,-0.1445,0.9895,0,0,14.7127,-0.3662,1]},
{"frame":14,"values":[0.9999,0.0168,-0.0026,0,-0.0162,0.9893,0.1448,0,0.005,-0.1447,0.9895,0,0,14.7127,-0.3662,1]},
{"frame":15,"values":[0.9999,0.0167,-0.0026,0,-0.0162,0.9893,0.1449,0,0.005,-0.1448,0.9895,0,0,14.7127,-0.3662,1]},
{"frame":16,"values":[0.9999,0.0167,-0.0026,0,-0.0162,0.9893,0.1447,0,0.005,-0.1447,0.9895,0,0,14.7127,-0.3662,1]},
{"frame":17,"values":[0.9999,0.0167,-0.0026,0,-0.0161,0.9894,0.1444,0,0.005,-0.1444,0.9895,0,0,14.7127,-0.3662,1]},
