{"producer":{"name":"Blender","version":"2.90.0","exporter_version":"2.80.1","file":"strafeleft.babylon"},
"autoClear":true,"clearColor":[0.0509,0.0509,0.0509],"gravity":[0,-9.81,0],
"materials":[{"name":"Material","id":"Material","customType":"BABYLON.PBRMaterial","backFaceCulling":true,"checkReadyOnlyOnce":false,"maxSimultaneousLights":4,"environmentIntensity":1,"albedo":[0.8,0.8,0.8],"reflectivity":[0.5,0.5,0.5],"roughness":0.4,"alpha":1,"transparencyMode":0,"alphaCutOff":0.4,"metallic":0}],
"multiMaterials":[],
"skeletons":[{"name":"Armature","id":0,"dimensionsAtRest":[232.1761,222.9347,36.3014],"bones":[
{"name":"Hips","index":0,"matrix":[0.4039,-0.0433,0.9138,0,0.1361,0.9906,-0.0132,0,0.9046,-0.1297,-0.406,0,1.5797,83.2541,-0.6975,1],"rest":[1,0,0,0,0,1,0,0,0,0,-1,0,0,89.0054,0,1],"parentBoneIndex":-1,"length":14.2998
,"animation":{"dataType":3,"framePerSecond":24,"keys":[
{"frame":1,"values":[0.4039,-0.0433,0.9138,0,0.1361,0.9906,-0.0132,0,0.9046,-0.1297,-0.406,0,1.5797,83.2541,-0.6975,1]},
{"frame":2,"values":[0.4064,-0.0164,0.9136,0,0.1286,0.9909,-0.0394,0,0.9046,-0.1335,-0.4048,0,1.065,84.3368,-1.2861,1]},
{"frame":3,"values":[0.4144,-0.0136,0.91,0,0.132,0.9902,-0.0453,0,0.9005,-0.1389,-0.4121,0,0.5486,84.6981,-1.6798,1]},
{"frame":4,"values":[0.4324,-0.0378,0.9009,0,0.1455,0.9889,-0.0284,0,0.8899,-0.1434,-0.4331,0,0.2347,83.9761,-1.8466,1]},
{"frame":5,"values":[0.4631,-0.0741,0.8832,0,0.1558,0.9878,0.0012,0,0.8725,-0.1371,-0.469,0,0.3818,82.0476,-1.9278,1]},
{"frame":6,"values":[0.4823,-0.0848,0.8719,0,0.1548,0.9879,0.0105,0,0.8622,-0.1299,-0.4896,0,0.0069,80.0506,-2.0433,1]},
{"frame":7,"values":[0.4879,-0.0558,0.8711,0,0.1339,0.9909,-0.0116,0,0.8626,-0.1223,-0.4909,0,-0.6145,78.1714,-2.1559,1]},
{"frame":8,"values":[0.484,-0.0406,0.8741,0,0.1137,0.9934,-0.0168,0,0.8677,-0.1075,-0.4854,0,0.851,77.7805,-1.8485,1]},
{"frame":9,"values":[0.4837,-0.0139,0.8751,0,0.1039,0.9937,-0.0416,0,0.869,-0.111,-0.4821,0,1.0753,76.3634,-1.6257,1]},
{"frame":10,"values":[0.4871,0.0251,0.873,0,0.0825,0.9938,-0.0746,0,0.8694,-0.1084,-0.482,0,0.2814,75.9695,-1.6568,1]},
{"frame":11,"values":[0.4909,0.05,0.8698,0,0.0633,0.9937,-0.0928,0,0.8689,-0.1007,-0.4847,0,0.0383,77.0083,-1.6134,1]},
{"frame":12,"values":[0.465,0.0478,0.884,0,0.0613,0.9944,-0.086,0,0.8832,-0.0941,-0.4595,0,0.3968,79.2345,-1.4518,1]},
{"frame":13,"values":[0.4373,0.0413,0.8983,0,0.0592,0.9955,-0.0746,0,0.8973,-0.0858,-0.4329,0,0.859,81.4941,-1.4095,1]},
{"frame":14,"values":[0.413,0.0231,0.9104,0,0.0652,0.9964,-0.0549,0,0.9084,-0.082,-0.41,0,1.2593,83.3839,-1.3735,1]},
{"frame":15,"values":[0.3753,0.0038,0.9269,0,0.0813,0.996,-0.037,0,0.9233,-0.0892,-0.3735,0,1.547,84.2046,-1.4678,1]},
{"frame":16,"values":[0.3254,0.0016,0.9456,0,0.0948,0.9949,-0.0343,0,0.9408,-0.1008,-0.3236,0,1.6571,83.9933,-1.6931,1]},
{"frame":17,"values":[0.2403,0.0156,0.9706,0,0.097,0.9945,-0.04,0,0.9659,-0.1037,-0.2374,0,1.7653,82.5672,-1.8398,1]},
{"frame":18,"values":[0.1457,0.0431,0.9884,0,0.0942,0.9939,-0.0572,0,0.9848,-0.1014,-0.1407,0,2.2412,80.1602,-1.9633,1]},
{"frame":19,"values":[0.0959,0.0526,0.994,0,0.0967,0.9934,-0.0619,0,0.9907,-0.1021,-0.0902,0,2.3652,78.4434,-1.7974,1]},
{"frame":20,"values":[0.1052,0.0326,0.9939,0,0.104,0.9936,-0.0436,0,0.989,-0.108,-0.1012,0,3.2268,77.4249,-1.5504,1]},
{"frame":21,"values":[0.1588,-0.0113,0.9873,0,0.1135,0.9935,-0.0069,0,0.9808,-0.1131,-0.159,0,4.0109,77.1475,-1.345,1]},
{"frame":22,"values":[0.2236,-0.0717,0.972,0,0.1274,0.9909,0.0438,0,0.9663,-0.114,-0.2307,0,3.0983,76.6882,-0.8981,1]},
{"frame":23,"values":[0.2846,-0.1121,0.9521,0,0.1399,0.9874,0.0744,0,0.9484,-0.112,-0.2967,0,1.7949,76.9351,-0.6328,1]},
{"frame":24,"values":[0.3366,-0.1057,0.9357,0,0.141,0.9881,0.0609,0,0.931,-0.1115,-0.3475,0,1.8444,79.1981,-0.6444,1]},
{"frame":25,"values":[0.3814,-0.0743,0.9214,0,0.1366,0.9904,0.0233,0,0.9143,-0.117,-0.3878,0,1.8042,81.3574,-0.6241,1]},
{"frame":26,"values":[0.4039,-0.0433,0.9138,0,0.1361,0.9906,-0.0132,0,0.9046,-0.1297,-0.406,0,1.5797,83.2541,-0.6975,1]}],"loopBehavior":1,"name":"anim","property":"_matrix"}},
{"name":"Spine","index":1,"matrix":[0.9906,0.0301,0.1334,0,-0.0439,0.9938,0.1017,0,-0.1295,-0.1066,0.9858,0,0.1169,10.681,0.3734,1],"rest":[1,0,0,0,0,1,0,0,0,0,1,0,0.1169,10.681,0.3734,1],"parentBoneIndex":0,"length":13.8405
,"animation":{"dataType":3,"framePerSecond":24,"keys":[
{"frame":1,"values":[0.9906,0.0301,0.1334,0,-0.0439,0.9938,0.1017,0,-0.1295,-0.1066,0.9858,0,0.1169,10.681,0.3734,1]},
{"frame":2,"values":[0.9925,-0.0037,0.1222,0,-0.0089,0.9947,0.1021,0,-0.1219,-0.1024,0.9872,0,0.1169,10.681,0.3734,1]},
{"frame":3,"values":[0.9944,-0.0094,0.1053,0,-0.0013,0.9949,0.1011,0,-0.1057,-0.1006,0.9893,0,0.1169,10.681,0.3734,1]},
{"frame":4,"values":[0.9969,0.0148,0.0773,0,-0.0223,0.9951,0.0961,0,-0.0755,-0.0976,0.9924,0,0.1169,10.681,0.3734,1]},
{"frame":5,"values":[0.998,0.0458,0.044,0,-0.0498,0.9944,0.0928,0,-0.0395,-0.0948,0.9947,0,0.1169,10.681,0.3734,1]},
{"frame":6,"values":[0.9988,0.041,0.0283,0,-0.0435,0.9944,0.0965,0,-0.0241,-0.0977,0.9949,0,0.1169,10.681,0.3734,1]},
{"frame":7,"values":[0.9997,-0.0027,0.0249,0,0.0002,0.9947,0.1029,0,-0.0251,-0.1028,0.9944,0,0.1169,10.681,0.3734,1]},
{"frame":8,"values":[0.9993,-0.008,0.0358,0,0.0044,0.995,0.0997,0,-0.0364,-0.0995,0.9944,0,0.1169,10.681,0.3734,1]},
{"frame":9,"values":[0.9986,-0.0316,0.0433,0,0.0274,0.9953,0.0926,0,-0.046,-0.0913,0.9948,0,0.1169,10.681,0.3734,1]},
{"frame":10,"values":[0.9968,-0.0649,0.0476,0,0.06,0.9935,0.0964,0,-0.0536,-0.0933,0.9942,0,0.1169,10.681,0.3734,1]},
{"frame":11,"values":[0.995,-0.0808,0.0587,0,0.0746,0.9921,0.1009,0,-0.0664,-0.096,0.9932,0,0.1169,10.681,0.3734,1]},
{"frame":12,"values":[0.9942,-0.0654,0.0857,0,0.0565,0.9932,0.1022,0,-0.0918,-0.0967,0.9911,0,0.1169,10.681,0.3734,1]},
{"frame":13,"values":[0.9932,-0.0478,0.1063,0,0.0368,0.994,0.1028,0,-0.1105,-0.0981,0.989,0,0.1169,10.681,0.3734,1]},
{"frame":14,"values":[0.9922,-0.0228,0.1227,0,0.0102,0.9947,0.1026,0,-0.1244,-0.1006,0.9871,0,0.1169,10.681,0.3734,1]},
{"frame":15,"values":[0.9885,0.0012,0.1514,0,-0.0163,0.995,0.0983,0,-0.1505,-0.0996,0.9836,0,0.1169,10.681,0.3734,1]},
{"frame":16,"values":[0.9811,0.0073,0.1934,0,-0.0251,0.9956,0.0901,0,-0.1919,-0.0933,0.977,0,0.1169,10.681,0.3734,1]},
{"frame":17,"values":[0.9646,0.0066,0.2638,0,-0.0294,0.9962,0.0824,0,-0.2623,-0.0872,0.9611,0,0.1169,10.681,0.3734,1]},
{"frame":18,"values":[0.9426,-0.0021,0.334,0,-0.0252,0.9967,0.0774,0,-0.333,-0.0814,0.9394,0,0.1169,10.681,0.3734,1]},
{"frame":19,"values":[0.929,-0.001,0.37,0,-0.0313,0.9962,0.0811,0,-0.3687,-0.0869,0.9255,0,0.1169,10.681,0.3734,1]},
{"frame":20,"values":[0.9298,0.0235,0.3673,0,-0.0541,0.9958,0.0734,0,-0.364,-0.0881,0.9272,0,0.1169,10.681,0.3734,1]},
{"frame":21,"values":[0.9371,0.0633,0.3432,0,-0.0932,0.9931,0.0713,0,-0.3364,-0.0988,0.9365,0,0.1169,10.681,0.3734,1]},
{"frame":22,"values":[0.944,0.1144,0.3093,0,-0.1438,0.9868,0.0741,0,-0.2968,-0.1145,0.9481,0,0.1169,10.681,0.3734,1]},
{"frame":23,"values":[0.9597,0.1325,0.2476,0,-0.158,0.9837,0.0861,0,-0.2322,-0.1217,0.965,0,0.1169,10.681,0.3734,1]},
{"frame":24,"values":[0.9745,0.1125,0.1944,0,-0.133,0.9864,0.0961,0,-0.181,-0.1195,0.9762,0,0.1169,10.681,0.3734,1]},
{"frame":25,"values":[0.9852,0.0724,0.1556,0,-0.0888,0.9909,0.1012,0,-0.1469,-0.1135,0.9826,0,0.1169,10.681,0.3734,1]},
{"frame":26,"values":[0.9906,0.0301,0.1334,0,-0.0439,0.9938,0.1017,0,-0.1295,-0.1066,0.9858,0,0.1169,10.681,0.3734,1]}],"loopBehavior":1,"name":"anim","property":"_matrix"}},
{"name":"Spine1","index":2,"matrix":[0.9957,0.0193,0.0902,0,-0.0259,0.997,0.0728,0,-0.0885,-0.0749,0.9933,0,0,13.8404,0.0535,1],"rest":[1,0,0,0,0,1,0,0,0,0,1,0,0,13.8404,0.0535,1],"parentBoneIndex":1,"length":14.7173
,"animation":{"dataType":3,"framePerSecond":24,"keys":[
{"frame":1,"values":[0.9957,0.0193,0.0902,0,-0.0259,0.997,0.0728,0,-0.0885,-0.0749,0.9933,0,0,13.8404,0.0535,1]},
{"frame":2,"values":[0.9965,0.009,0.0833,0,-0.0151,0.9972,0.0734,0,-0.0824,-0.0744,0.9938,0,0,13.8404,0.0535,1]},
{"frame":3,"values":[0.9969,0.0043,0.079,0,-0.0101,0.9973,0.0729,0,-0.0785,-0.0734,0.9942,0,0,13.8404,0.0535,1]},
{"frame":4,"values":[0.9973,0.0089,0.0723,0,-0.0138,0.9976,0.0685,0,-0.0716,-0.0693,0.995,0,0,13.8404,0.0535,1]},
{"frame":5,"values":[0.9979,0.0185,0.0625,0,-0.0225,0.9977,0.0638,0,-0.0612,-0.0651,0.996,0,0,13.8404,0.0535,1]},
{"frame":6,"values":[0.9983,0.02,0.0554,0,-0.0236,0.9975,0.0661,0,-0.0539,-0.0673,0.9963,0,0,13.8404,0.0535,1]},
{"frame":7,"values":[0.9985,0.0082,0.0535,0,-0.0121,0.9974,0.0717,0,-0.0528,-0.0723,0.996,0,0,13.8404,0.0535,1]},
{"frame":8,"values":[0.9985,-0.0002,0.0555,0,-0.0038,0.9974,0.0715,0,-0.0554,-0.0716,0.9959,0,0,13.8404,0.0535,1]},
{"frame":9,"values":[0.9981,-0.0081,0.0604,0,0.004,0.9976,0.0685,0,-0.0609,-0.0681,0.9958,0,0,13.8404,0.0535,1]},
{"frame":10,"values":[0.998,-0.0211,0.0595,0,0.0168,0.9973,0.0716,0,-0.0609,-0.0704,0.9957,0,0,13.8404,0.0535,1]},
{"frame":11,"values":[0.9979,-0.026,0.0599,0,0.0215,0.997,0.0737,0,-0.0617,-0.0723,0.9955,0,0,13.8404,0.0535,1]},
{"frame":12,"values":[0.9973,-0.0187,0.0714,0,0.0134,0.9972,0.0734,0,-0.0726,-0.0722,0.9947,0,0,13.8404,0.0535,1]},
{"frame":13,"values":[0.9969,-0.012,0.0781,0,0.0063,0.9973,0.073,0,-0.0788,-0.0723,0.9943,0,0,13.8404,0.0535,1]},
{"frame":14,"values":[0.9967,-0.0027,0.0814,0,-0.0033,0.9973,0.0731,0,-0.0814,-0.0731,0.994,0,0,13.8404,0.0535,1]},
{"frame":15,"values":[0.996,0.008,0.0889,0,-0.0143,0.9974,0.0703,0,-0.0881,-0.0713,0.9936,0,0,13.8404,0.0535,1]},
{"frame":16,"values":[0.995,0.0117,0.0991,0,-0.0181,0.9978,0.064,0,-0.0982,-0.0655,0.993,0,0,13.8404,0.0535,1]},
{"frame":17,"values":[0.9938,0.0082,0.1106,0,-0.0146,0.9982,0.0579,0,-0.11,-0.0592,0.9922,0,0,13.8404,0.0535,1]},
{"frame":18,"values":[0.9925,0.0042,0.1219,0,-0.0109,0.9985,0.0538,0,-0.1215,-0.0547,0.9911,0,0,13.8404,0.0535,1]},
{"frame":19,"values":[0.9919,0.006,0.127,0,-0.0133,0.9983,0.057,0,-0.1264,-0.0582,0.9903,0,0,13.8404,0.0535,1]},
{"frame":20,"values":[0.9917,0.0173,0.1273,0,-0.0247,0.9981,0.0569,0,-0.1261,-0.0596,0.9902,0,0,13.8404,0.0535,1]},
{"frame":21,"values":[0.9921,0.0317,0.1216,0,-0.0389,0.9976,0.0576,0,-0.1195,-0.0619,0.9909,0,0,13.8404,0.0535,1]},
{"frame":22,"values":[0.992,0.0424,0.1186,0,-0.0501,0.9967,0.0631,0,-0.1155,-0.0686,0.9909,0,0,13.8404,0.0535,1]},
{"frame":23,"values":[0.9912,0.0458,0.1241,0,-0.0544,0.9963,0.0668,0,-0.1206,-0.073,0.99,0,0,13.8404,0.0535,1]},
{"frame":24,"values":[0.9921,0.0414,0.1184,0,-0.0498,0.9963,0.0694,0,-0.1151,-0.0748,0.9905,0,0,13.8404,0.0535,1]},
{"frame":25,"values":[0.9941,0.0308,0.1038,0,-0.0384,0.9967,0.0719,0,-0.1012,-0.0754,0.992,0,0,13.8404,0.0535,1]},
{"frame":26,"values":[0.9957,0.0193,0.0902,0,-0.0259,0.997,0.0728,0,-0.0885,-0.0749,0.9933,0,0,13.8404,0.0535,1]}],"loopBehavior":1,"name":"anim","property":"_matrix"}},
{"name":"Spine2","index":3,"matrix":[0.9957,0.019,0.0907,0,-0.0256,0.997,0.0724,0,-0.089,-0.0744,0.9932,0,0,14.7127,-0.3662,1],"rest":[1,0,0,0,0,1,0,0,0,0,1,0,0,14.7127,-0.3662,1],"parentBoneIndex":2,"length":31.8652
,"animation":{"dataType":3,"framePerSecond":24,"keys":[
{"frame":1,"values":[0.9957,0.019,0.0907,0,-0.0256,0.997,0.0724,0,-0.089,-0.0744,0.9932,0,0,14.7127,-0.3662,1]},
{"frame":2,"values":[0.9964,0.0086,0.0839,0,-0.0147,0.9972,0.0729,0,-0.083,-0.0739,0.9938,0,0,14.7127,-0.3662,1]},
{"frame":3,"values":[0.9968,0.0038,0.0794,0,-0.0096,0.9973,0.0725,0,-0.079,-0.0731,0.9942,0,0,14.7127,-0.3662,1]},
{"frame":4,"values":[0.9973,0.0085,0.0723,0,-0.0135,0.9976,0.0685,0,-0.0716,-0.0693,0.995,0,0,14.7127,-0.3662,1]},
{"frame":5,"values":[0.9979,0.0184,0.062,0,-0.0224,0.9977,0.0642,0,-0.0607,-0.0654,0.996,0,0,14.7127,-0.3662,1]},
{"frame":6,"values":[0.9983,0.0199,0.055,0,-0.0235,0.9975,0.0664,0,-0.0535,-0.0675,0.9963,0,0,14.7127,-0.3662,1]},
{"frame":7,"values":[0.9985,0.008,0.0536,0,-0.0119,0.9974,0.0716,0,-0.0529,-0.0722,0.996,0,0,14.7127,-0.3662,1]},
{"frame":8,"values":[0.9985,-0.0005,0.0556,0,-0.0035,0.9974,0.0715,0,-0.0555,-0.0715,0.9959,0,0,14.7127,-0.3662,1]},
{"frame":9,"values":[0.9981,-0.0087,0.0609,0,0.0046,0.9977,0.0681,0,-0.0613,-0.0677,0.9958,0,0,14.7127,-0.3662,1]},
{"frame":10,"values":[0.998,-0.0217,0.0601,0,0.0174,0.9973,0.071,0,-0.0615,-0.0698,0.9957,0,0,14.7127,-0.3662,1]},
{"frame":11,"values":[0.9978,-0.0265,0.0604,0,0.022,0.9971,0.0732,0,-0.0621,-0.0717,0.9955,0,0,14.7127,-0.3662,1]},
{"frame":12,"values":[0.9972,-0.0191,0.0717,0,0.0139,0.9972,0.073,0,-0.0729,-0.0718,0.9948,0,0,14.7127,-0.3662,1]},
{"frame":13,"values":[0.9968,-0.0123,0.0784,0,0.0066,0.9973,0.0727,0,-0.0791,-0.0719,0.9943,0,0,14.7127,-0.3662,1]},
{"frame":14,"values":[0.9966,-0.003,0.0818,0,-0.0029,0.9974,0.0727,0,-0.0818,-0.0727,0.994,0,0,14.7127,-0.3662,1]},
{"frame":15,"values":[0.996,0.0078,0.0895,0,-0.0141,0.9975,0.0696,0,-0.0887,-0.0706,0.9936,0,0,14.7127,-0.3662,1]},
{"frame":16,"values":[0.9949,0.0118,0.0999,0,-0.0182,0.9979,0.0629,0,-0.0989,-0.0644,0.993,0,0,14.7127,-0.3662,1]},
{"frame":17,"values":[0.9937,0.0089,0.1114,0,-0.0153,0.9983,0.0565,0,-0.1107,-0.0579,0.9922,0,0,14.7127,-0.3662,1]},
{"frame":18,"values":[0.9924,0.0056,0.1226,0,-0.0121,0.9986,0.0523,0,-0.1221,-0.0534,0.9911,0,0,14.7127,-0.3662,1]},
{"frame":19,"values":[0.9918,0.007,0.1277,0,-0.0142,0.9984,0.0554,0,-0.1271,-0.0567,0.9903,0,0,14.7127,-0.3662,1]},
{"frame":20,"values":[0.9916,0.0179,0.1279,0,-0.0251,0.9981,0.0554,0,-0.1267,-0.0581,0.9902,0,0,14.7127,-0.3662,1]},
{"frame":21,"values":[0.992,0.0314,0.1223,0,-0.0385,0.9977,0.0561,0,-0.1203,-0.0603,0.9909,0,0,14.7127,-0.3662,1]},
{"frame":22,"values":[0.992,0.0417,0.1193,0,-0.0494,0.9969,0.0619,0,-0.1163,-0.0673,0.9909,0,0,14.7127,-0.3662,1]},
{"frame":23,"values":[0.9912,0.0452,0.1247,0,-0.0537,0.9964,0.0656,0,-0.1213,-0.0717,0.99,0,0,14.7127,-0.3662,1]},
{"frame":24,"values":[0.9921,0.0411,0.1188,0,-0.0495,0.9964,0.0686,0,-0.1156,-0.0739,0.9905,0,0,14.7127,-0.3662,1]},
{"frame":25,"values":[0.9941,0.0307,0.1041,0,-0.0382,0.9967,0.0713,0,-0.1016,-0.0749,0.992,0,0,14.7127,-0.3662,1]},
{"frame":26,"values":[0.9957,0.019,0.0907,0,-0.0256,0.997,0.0724,0,-0.089,-0.0744,0.9932,0,0,14.7127,-0.3662,1]}],"loopBehavior":1,"name":"anim","property":"_matrix"}},
{"name":"Neck","index":4,"matrix":[0.9945,-0.0147,0.1038,0,0.0056,0.9962,0.0874,0,-0.1047,-0.0863,0.9907,0,0,35.4155,-3.3142,1],"rest":[1,0,0,0,0,1,0,0,0,0,1,0,0,35.4155,-3.3142,1],"parentBoneIndex":3,"length":16.9431
,"animation":{"dataType":3,"framePerSecond":24,"keys":[
{"frame":1,"values":[0.9945,-0.0147,0.1038,0,0.0056,0.9962,0.0874,0,-0.1047,-0.0863,0.9907,0,0,35.4155,-3.3142,1]},
{"frame":2,"values":[0.9944,-0.0158,0.1045,0,0.007,0.9965,0.0836,0,-0.1054,-0.0824,0.991,0,0,35.4155,-3.3142,1]},
{"frame":3,"values":[0.9943,-0.0191,0.1049,0,0.011,0.9969,0.0777,0,-0.1061,-0.0761,0.9914,0,0,35.4155,-3.3142,1]},
{"frame":4,"values":[0.9941,-0.0228,0.1064,0,0.0154,0.9974,0.0701,0,-0.1077,-0.068,0.9919,0,0,35.4155,-3.3142,1]},
{"frame":5,"values":[0.9939,-0.0264,0.1075,0,0.0193,0.9975,0.0673,0,-0.109,-0.0648,0.9919,0,0,35.4155,-3.3142,1]},
{"frame":6,"values":[0.9938,-0.0261,0.1077,0,0.0191,0.9977,0.0656,0,-0.1091,-0.0632,0.992,0,0,35.4155,-3.3142,1]},
{"frame":7,"values":[0.9939,-0.0223,0.1082,0,0.0151,0.9976,0.0672,0,-0.1094,-0.0651,0.9919,0,0,35.4155,-3.3142,1]},
{"frame":8,"values":[0.994,-0.0219,0.1067,0,0.0143,0.9973,0.0714,0,-0.108,-0.0694,0.9917,0,0,35.4155,-3.3142,1]},
{"frame":9,"values":[0.9942,-0.0223,0.105,0,0.0149,0.9974,0.07,0,-0.1063,-0.0681,0.992,0,0,35.4155,-3.3142,1]},
{"frame":10,"values":[0.9943,-0.0202,0.1045,0,0.0132,0.9977,0.0667,0,-0.1056,-0.0649,0.9923,0,0,35.4155,-3.3142,1]},
{"frame":11,"values":[0.9946,-0.0246,0.101,0,0.018,0.9976,0.0663,0,-0.1024,-0.0641,0.9927,0,0,35.4155,-3.3142,1]},
{"frame":12,"values":[0.9948,-0.0329,0.0967,0,0.0262,0.9972,0.0698,0,-0.0987,-0.0669,0.9929,0,0,35.4155,-3.3142,1]},
{"frame":13,"values":[0.9947,-0.0384,0.0951,0,0.031,0.9964,0.0783,0,-0.0977,-0.0749,0.9924,0,0,35.4155,-3.3142,1]},
{"frame":14,"values":[0.9947,-0.0408,0.0946,0,0.0327,0.9958,0.085,0,-0.0976,-0.0814,0.9919,0,0,35.4155,-3.3142,1]},
{"frame":15,"values":[0.9947,-0.0403,0.0945,0,0.0321,0.9957,0.0865,0,-0.0975,-0.0831,0.9918,0,0,35.4155,-3.3142,1]},
{"frame":16,"values":[0.9949,-0.0342,0.0952,0,0.0261,0.996,0.0852,0,-0.0977,-0.0823,0.9918,0,0,35.4155,-3.3142,1]},
{"frame":17,"values":[0.9948,-0.031,0.0966,0,0.0233,0.9965,0.0801,0,-0.0988,-0.0774,0.9921,0,0,35.4155,-3.3142,1]},
{"frame":18,"values":[0.9946,-0.0307,0.099,0,0.0235,0.997,0.0732,0,-0.1009,-0.0705,0.9924,0,0,35.4155,-3.3142,1]},
{"frame":19,"values":[0.9945,-0.028,0.1013,0,0.0212,0.9975,0.0677,0,-0.1029,-0.0652,0.9926,0,0,35.4155,-3.3142,1]},
{"frame":20,"values":[0.9945,-0.0298,0.1007,0,0.023,0.9975,0.0674,0,-0.1025,-0.0647,0.9926,0,0,35.4155,-3.3142,1]},
{"frame":21,"values":[0.9947,-0.0304,0.0981,0,0.0237,0.9974,0.0685,0,-0.1,-0.0658,0.9928,0,0,35.4155,-3.3142,1]},
{"frame":22,"values":[0.995,-0.0302,0.0952,0,0.0235,0.9972,0.0712,0,-0.0971,-0.0686,0.9929,0,0,35.4155,-3.3142,1]},
{"frame":23,"values":[0.995,-0.0186,0.0978,0,0.011,0.9969,0.0774,0,-0.099,-0.0759,0.9922,0,0,35.4155,-3.3142,1]},
{"frame":24,"values":[0.9948,-0.0165,0.1003,0,0.0087,0.9969,0.0776,0,-0.1012,-0.0763,0.9919,0,0,35.4155,-3.3142,1]},
{"frame":25,"values":[0.9947,-0.0168,0.1015,0,0.0085,0.9966,0.0824,0,-0.1026,-0.0811,0.9914,0,0,35.4155,-3.3142,1]},
{"frame":26,"values":[0.9945,-0.0147,0.1038,0,0.0056,0.9962,0.0874,0,-0.1047,-0.0863,0.9907,0,0,35.4155,-3.3142,1]}],"loopBehavior":1,"name":"anim","property":"_matrix"}},
{"name":"Head","index":5,"matrix":[0.8113,0.1647,0.561,0,-0.0844,0.9824,-0.1664,0,-0.5786,0.0877,0.8109,0,0,16.8992,1.2183,1],"rest":[1,0,0,0,0,1,0,0,0,0,1,0,0,16.8992,1.2183,1],"parentBoneIndex":4,"length":22.3142
,"animation":{"dataType":3,"framePerSecond":24,"keys":[
{"frame":1,"values":[0.8113,0.1647,0.561,0,-0.0844,0.9824,-0.1664,0,-0.5786,0.0877,0.8109,0,0,16.8992,1.2183,1]},
{"frame":2,"values":[0.8081,0.1705,0.5639,0,-0.0912,0.9819,-0.1661,0,-0.582,0.0827,0.809,0,0,16.8992,1.2183,1]},
{"frame":3,"values":[0.8035,0.1821,0.5667,0,-0.0966,0.9793,-0.1776,0,-0.5874,0.088,0.8045,0,0,16.8992,1.2183,1]},
{"frame":4,"values":[0.7994,0.1887,0.5704,0,-0.0944,0.9771,-0.191,0,-0.5933,0.0988,0.7989,0,0,16.8992,1.2183,1]},
{"frame":5,"values":[0.7969,0.1959,0.5714,0,-0.0905,0.974,-0.2078,0,-0.5973,0.1139,0.7939,0,0,16.8992,1.2183,1]},
{"frame":6,"values":[0.7941,0.2145,0.5686,0,-0.1005,0.9691,-0.2253,0,-0.5994,0.1218,0.7911,0,0,16.8992,1.2183,1]},
{"frame":7,"values":[0.7892,0.2296,0.5696,0,-0.1164,0.9666,-0.2284,0,-0.6031,0.114,0.7895,0,0,16.8992,1.2183,1]},
{"frame":8,"values":[0.7881,0.2273,0.5721,0,-0.1314,0.97,-0.2044,0,-0.6014,0.0859,0.7943,0,0,16.8992,1.2183,1]},
{"frame":9,"values":[0.7857,0.2349,0.5723,0,-0.1483,0.9696,-0.1944,0,-0.6006,0.0679,0.7967,0,0,16.8992,1.2183,1]},
{"frame":10,"values":[0.7802,0.2608,0.5686,0,-0.1639,0.9624,-0.2165,0,-0.6036,0.0757,0.7936,0,0,16.8992,1.2183,1]},
{"frame":11,"values":[0.7914,0.2507,0.5575,0,-0.1533,0.9643,-0.2161,0,-0.5917,0.0856,0.8016,0,0,16.8992,1.2183,1]},
{"frame":12,"values":[0.8055,0.219,0.5506,0,-0.1308,0.972,-0.1953,0,-0.578,0.0853,0.8116,0,0,16.8992,1.2183,1]},
{"frame":13,"values":[0.8089,0.197,0.5539,0,-0.1177,0.9774,-0.1757,0,-0.576,0.0769,0.8138,0,0,16.8992,1.2183,1]},
{"frame":14,"values":[0.8102,0.1816,0.5573,0,-0.1078,0.9808,-0.1628,0,-0.5761,0.0718,0.8142,0,0,16.8992,1.2183,1]},
{"frame":15,"values":[0.8123,0.1722,0.5572,0,-0.1006,0.9825,-0.157,0,-0.5745,0.0714,0.8154,0,0,16.8992,1.2183,1]},
{"frame":16,"values":[0.8115,0.1778,0.5566,0,-0.1057,0.9815,-0.1594,0,-0.5747,0.0705,0.8153,0,0,16.8992,1.2183,1]},
{"frame":17,"values":[0.8045,0.192,0.5621,0,-0.1191,0.9792,-0.1639,0,-0.5819,0.0649,0.8107,0,0,16.8992,1.2183,1]},
{"frame":18,"values":[0.795,0.2008,0.5725,0,-0.124,0.9775,-0.1706,0,-0.5938,0.0646,0.802,0,0,16.8992,1.2183,1]},
{"frame":19,"values":[0.7908,0.2073,0.576,0,-0.1164,0.9747,-0.191,0,-0.601,0.084,0.7948,0,0,16.8992,1.2183,1]},
{"frame":20,"values":[0.7969,0.2004,0.5699,0,-0.0954,0.9733,-0.209,0,-0.5965,0.1122,0.7947,0,0,16.8992,1.2183,1]},
{"frame":21,"values":[0.813,0.1756,0.5552,0,-0.0713,0.9763,-0.2045,0,-0.5779,0.1266,0.8062,0,0,16.8992,1.2183,1]},
{"frame":22,"values":[0.8266,0.1616,0.5391,0,-0.058,0.9772,-0.204,0,-0.5598,0.1374,0.8172,0,0,16.8992,1.2183,1]},
{"frame":23,"values":[0.8252,0.164,0.5405,0,-0.0614,0.9773,-0.2028,0,-0.5615,0.1341,0.8165,0,0,16.8992,1.2183,1]},
{"frame":24,"values":[0.8185,0.1664,0.5499,0,-0.0738,0.9797,-0.1865,0,-0.5697,0.112,0.8142,0,0,16.8992,1.2183,1]},
{"frame":25,"values":[0.8159,0.1633,0.5547,0,-0.0793,0.9818,-0.1723,0,-0.5728,0.0966,0.814,0,0,16.8992,1.2183,1]},
{"frame":26,"values":[0.8113,0.1647,0.561,0,-0.0844,0.9824,-0.1664,0,-0.5786,0.0877,0.8109,0,0,16.8992,1.2183,1]}],"loopBehavior":1,"name":"anim","property":"_matrix"}},
{"name":"HeadTop_End","index":6,"matrix":[1,0,0,0,0,1,0,0,0,0,1,0,0,22.2062,2.1925,1],"rest":[1,0,0,0,0,1,0,0,0,0,1,0,0,22.2062,2.1925,1],"parentBoneIndex":5,"length":22.3142
,"animation":{"dataType":3,"framePerSecond":24,"keys":[
{"frame":1,"values":[1,0,0,0,0,1,0,0,0,0,1,0,0,22.2062,2.1925,1]},
{"frame":26,"values":[1,0,0,0,0,1,0,0,0,0,1,0,0,22.2062,2.1925,1]}],"loopBehavior":1,"name":"anim","property":"_matrix"}},
{"name":"LeftShoulder","index":7,"matrix":[0.9795,-0.146,0.1385,0,0.1431,0.9892,0.0307,0,-0.1414,-0.0102,0.9899,0,12.8964,26.7163,-4.5484,1],"rest":[1,0,0,0,0,1,0,0,0,0,1,0,12.8964,26.7163,-4.5484,1],"parentBoneIndex":3,"length":19.7122
,"animation":{"dataType":3,"framePerSecond":24,"keys":[
{"frame":1,"values":[0.9795,-0.146,0.1385,0,0.1431,0.9892,0.0307,0,-0.1414,-0.0102,0.9899,0,12.8964,26.7163,-4.5484,1]},
{"frame":2,"values":[0.9807,-0.1489,0.1268,0,0.1459,0.9888,0.0322,0,-0.1302,-0.0131,0.9914,0,12.8964,26.7163,-4.5484,1]},
{"frame":3,"values":[0.9821,-0.1501,0.1141,0,0.1471,0.9885,0.0343,0,-0.118,-0.0169,0.9929,0,12.8964,26.7163,-4.5484,1]},
{"frame":4,"values":[0.9834,-0.1508,0.1006,0,0.1477,0.9883,0.0369,0,-0.105,-0.0214,0.9942,0,12.8964,26.7163,-4.5484,1]},
{"frame":5,"values":[0.9849,-0.1502,0.0862,0,0.1473,0.9883,0.039,0,-0.0911,-0.0257,0.9955,0,12.8964,26.7163,-4.5484,1]},
{"frame":6,"values":[0.9865,-0.1473,0.0719,0,0.1448,0.9887,0.0399,0,-0.077,-0.029,0.9966,0,12.8964,26.7163,-4.5484,1]},
{"frame":7,"values":[0.9875,-0.1456,0.06,0,0.1434,0.9889,0.0398,0,-0.0651,-0.0307,0.9974,0,12.8964,26.7163,-4.5484,1]},
{"frame":8,"values":[0.9876,-0.1479,0.0529,0,0.1459,0.9885,0.0386,0,-0.058,-0.0304,0.9979,0,12.8964,26.7163,-4.5484,1]},
{"frame":9,"values":[0.9871,-0.1512,0.0536,0,0.1494,0.9881,0.0355,0,-0.0583,-0.027,0.9979,0,12.8964,26.7163,-4.5484,1]},
{"frame":10,"values":[0.9862,-0.153,0.0627,0,0.1515,0.988,0.0292,0,-0.0664,-0.0193,0.9976,0,12.8964,26.7163,-4.5484,1]},
{"frame":11,"values":[0.9851,-0.1543,0.0753,0,0.1533,0.988,0.0189,0,-0.0774,-0.0071,0.997,0,12.8964,26.7163,-4.5484,1]},
{"frame":12,"values":[0.984,-0.1539,0.0892,0,0.1541,0.988,0.0054,0,-0.089,0.0084,0.996,0,12.8964,26.7163,-4.5484,1]},
{"frame":13,"values":[0.9832,-0.15,0.1043,0,0.1518,0.9884,-0.0096,0,-0.1017,0.0253,0.9945,0,12.8964,26.7163,-4.5484,1]},
{"frame":14,"values":[0.9825,-0.1442,0.1178,0,0.1481,0.9887,-0.025,0,-0.1129,0.042,0.9927,0,12.8964,26.7163,-4.5484,1]},
{"frame":15,"values":[0.9819,-0.1384,0.129,0,0.1445,0.9887,-0.0392,0,-0.1221,0.0571,0.9909,0,12.8964,26.7163,-4.5484,1]},
{"frame":16,"values":[0.9808,-0.1332,0.1426,0,0.1415,0.9887,-0.0497,0,-0.1344,0.0689,0.9885,0,12.8964,26.7163,-4.5484,1]},
{"frame":17,"values":[0.9782,-0.1316,0.1606,0,0.1419,0.9884,-0.0544,0,-0.1516,0.076,0.9855,0,12.8964,26.7163,-4.5484,1]},
{"frame":18,"values":[0.9752,-0.1346,0.1759,0,0.146,0.9879,-0.0533,0,-0.1666,0.0777,0.983,0,12.8964,26.7163,-4.5484,1]},
{"frame":19,"values":[0.9736,-0.1394,0.1805,0,0.1504,0.9874,-0.0484,0,-0.1715,0.0742,0.9824,0,12.8964,26.7163,-4.5484,1]},
{"frame":20,"values":[0.9738,-0.1449,0.1752,0,0.1542,0.9872,-0.0409,0,-0.167,0.0669,0.9837,0,12.8964,26.7163,-4.5484,1]},
{"frame":21,"values":[0.9747,-0.1496,0.166,0,0.1568,0.9871,-0.0311,0,-0.1592,0.0563,0.9856,0,12.8964,26.7163,-4.5484,1]},
{"frame":22,"values":[0.9755,-0.1508,0.16,0,0.1558,0.9876,-0.019,0,-0.1551,0.0435,0.9869,0,12.8964,26.7163,-4.5484,1]},
{"frame":23,"values":[0.9761,-0.1497,0.1576,0,0.1524,0.9883,-0.0054,0,-0.155,0.0293,0.9875,0,12.8964,26.7163,-4.5484,1]},
{"frame":24,"values":[0.9767,-0.1494,0.1539,0,0.1499,0.9887,0.0082,0,-0.1534,0.015,0.9881,0,12.8964,26.7163,-4.5484,1]},
{"frame":25,"values":[0.9779,-0.1489,0.147,0,0.1475,0.9889,0.0204,0,-0.1484,0.0017,0.9889,0,12.8964,26.7163,-4.5484,1]},
{"frame":26,"values":[0.9795,-0.146,0.1385,0,0.1431,0.9892,0.0307,0,-0.1414,-0.0102,0.9899,0,12.8964,26.7163,-4.5484,1]}],"loopBehavior":1,"name":"anim","property":"_matrix"}},
{"name":"LeftArm","index":8,"matrix":[0.507,-0.7258,0.465,0,0.5668,0.6871,0.4545,0,-0.6494,0.0332,0.7597,0,19.027,-4.857,-1.7184,1],"rest":[1,0,0,0,0,1,0,0,0,0,1,0,19.027,-4.857,-1.7184,1],"parentBoneIndex":7,"length":24.1799
,"animation":{"dataType":3,"framePerSecond":24,"keys":[
{"frame":1,"values":[0.507,-0.7258,0.465,0,0.5668,0.6871,0.4545,0,-0.6494,0.0332,0.7597,0,19.027,-4.857,-1.7184,1]},
{"frame":2,"values":[0.5654,-0.7285,0.3869,0,0.5745,0.6844,0.4489,0,-0.5918,-0.0315,0.8054,0,19.027,-4.857,-1.7184,1]},
{"frame":3,"values":[0.6049,-0.7392,0.2961,0,0.5952,0.6668,0.4485,0,-0.5289,-0.0951,0.8433,0,19.027,-4.857,-1.7184,1]},
{"frame":4,"values":[0.6228,-0.7553,0.2041,0,0.6273,0.638,0.4466,0,-0.4675,-0.1501,0.8712,0,19.027,-4.857,-1.7184,1]},
{"frame":5,"values":[0.6158,-0.7768,0.1319,0,0.6682,0.6036,0.435,0,-0.4175,-0.1798,0.8907,0,19.027,-4.857,-1.7184,1]},
{"frame":6,"values":[0.5848,-0.8056,0.0954,0,0.7138,0.5669,0.4113,0,-0.3854,-0.1724,0.9065,0,19.027,-4.857,-1.7184,1]},
{"frame":7,"values":[0.5436,-0.8352,0.0829,0,0.7576,0.5308,0.3799,0,-0.3613,-0.1437,0.9213,0,19.027,-4.857,-1.7184,1]},
{"frame":8,"values":[0.5071,-0.8585,0.0765,0,0.7928,0.4994,0.3493,0,-0.3381,-0.1165,0.9339,0,19.027,-4.857,-1.7184,1]},
{"frame":9,"values":[0.4808,-0.8734,0.0775,0,0.8123,0.4769,0.3357,0,-0.3302,-0.0985,0.9388,0,19.027,-4.857,-1.7184,1]},
{"frame":10,"values":[0.49,-0.8661,0.0982,0,0.7955,0.4904,0.3558,0,-0.3564,-0.0962,0.9294,0,19.027,-4.857,-1.7184,1]},
{"frame":11,"values":[0.5227,-0.8408,0.1406,0,0.7472,0.5313,0.3993,0,-0.4105,-0.1036,0.906,0,19.027,-4.857,-1.7184,1]},
{"frame":12,"values":[0.5438,-0.8152,0.1995,0,0.6985,0.5714,0.4309,0,-0.4652,-0.095,0.8801,0,19.027,-4.857,-1.7184,1]},
{"frame":13,"values":[0.542,-0.7976,0.2647,0,0.6749,0.6008,0.4283,0,-0.5007,-0.0535,0.864,0,19.027,-4.857,-1.7184,1]},
{"frame":14,"values":[0.5359,-0.7805,0.3219,0,0.6674,0.6251,0.4047,0,-0.5171,-0.0021,0.8559,0,19.027,-4.857,-1.7184,1]},
{"frame":15,"values":[0.5418,-0.7589,0.3613,0,0.6529,0.6507,0.3877,0,-0.5293,0.0259,0.848,0,19.027,-4.857,-1.7184,1]},
{"frame":16,"values":[0.5587,-0.7329,0.3883,0,0.6185,0.6801,0.3938,0,-0.5526,0.0201,0.8332,0,19.027,-4.857,-1.7184,1]},
{"frame":17,"values":[0.575,-0.7006,0.4226,0,0.5582,0.7136,0.4234,0,-0.5982,-0.0076,0.8013,0,19.027,-4.857,-1.7184,1]},
{"frame":18,"values":[0.5734,-0.6669,0.4759,0,0.4849,0.7445,0.459,0,-0.6604,-0.0324,0.7502,0,19.027,-4.857,-1.7184,1]},
{"frame":19,"values":[0.5432,-0.6506,0.5307,0,0.4416,0.759,0.4785,0,-0.7141,-0.0256,0.6996,0,19.027,-4.857,-1.7184,1]},
{"frame":20,"values":[0.4924,-0.6656,0.5609,0,0.4612,0.746,0.4804,0,-0.7382,0.0221,0.6743,0,19.027,-4.857,-1.7184,1]},
{"frame":21,"values":[0.4371,-0.7017,0.5626,0,0.5214,0.7074,0.4772,0,-0.7328,0.0848,0.6751,0,19.027,-4.857,-1.7184,1]},
{"frame":22,"values":[0.4039,-0.7287,0.5531,0,0.5665,0.6739,0.4742,0,-0.7183,0.1219,0.685,0,19.027,-4.857,-1.7184,1]},
{"frame":23,"values":[0.4094,-0.7336,0.5424,0,0.5765,0.6688,0.4694,0,-0.7071,0.1205,0.6968,0,19.027,-4.857,-1.7184,1]},
{"frame":24,"values":[0.4361,-0.7287,0.5279,0,0.5714,0.6775,0.4632,0,-0.6952,0.0997,0.7119,0,19.027,-4.857,-1.7184,1]},
{"frame":25,"values":[0.469,-0.726,0.5029,0,0.568,0.684,0.4578,0,-0.6763,0.0709,0.7332,0,19.027,-4.857,-1.7184,1]},
{"frame":26,"values":[0.507,-0.7258,0.465,0,0.5668,0.6871,0.4545,0,-0.6494,0.0332,0.7597,0,19.027,-4.857,-1.7184,1]}],"loopBehavior":1,"name":"anim","property":"_matrix"}},
{"name":"LeftForeArm","index":9,"matrix":[0.9637,0.004,0.2671,0,0.004,0.9996,-0.0295,0,-0.2671,0.0295,0.9632,0,24.1799,0,0,1],"rest":[1,0,0,0,0,1,0,0,0,0,1,0,24.1799,0,0,1],"parentBoneIndex":8,"length":27.1564
,"animation":{"dataType":3,"framePerSecond":24,"keys":[
{"frame":1,"values":[0.9637,0.004,0.2671,0,0.004,0.9996,-0.0295,0,-0.2671,0.0295,0.9632,0,24.1799,0,0,1]},
{"frame":2,"values":[0.9569,0.0048,0.2904,0,0.0048,0.9995,-0.0321,0,-0.2904,0.0321,0.9564,0,24.1799,0,0,1]},
{"frame":3,"values":[0.9406,0.0066,0.3396,0,0.0066,0.9993,-0.0375,0,-0.3396,0.0375,0.9398,0,24.1799,0,0,1]},
{"frame":4,"values":[0.9213,0.0087,0.3887,0,0.0087,0.999,-0.0429,0,-0.3887,0.0429,0.9204,0,24.1799,0,0,1]},
{"frame":5,"values":[0.9175,0.0091,0.3976,0,0.0091,0.999,-0.0439,0,-0.3976,0.0439,0.9165,0,24.1799,0,0,1]},
{"frame":6,"values":[0.9377,0.0069,0.3473,0,0.0069,0.9992,-0.0383,0,-0.3473,0.0383,0.937,0,24.1799,0,0,1]},
{"frame":7,"values":[0.9647,0.0039,0.2632,0,0.0039,0.9996,-0.0291,0,-0.2632,0.0291,0.9643,0,24.1799,0,0,1]},
{"frame":8,"values":[0.9828,0.0019,0.1848,0,0.0019,0.9998,-0.0204,0,-0.1848,0.0204,0.9826,0,24.1799,0,0,1]},
{"frame":9,"values":[0.9908,0.001,0.1353,0,0.001,0.9999,-0.0149,0,-0.1353,0.0149,0.9907,0,24.1799,0,0,1]},
{"frame":10,"values":[0.993,0.0008,0.1182,0,0.0008,0.9999,-0.013,0,-0.1182,0.013,0.9929,0,24.1799,0,0,1]},
{"frame":11,"values":[0.9924,0.0008,0.1228,0,0.0008,0.9999,-0.0136,0,-0.1228,0.0136,0.9923,0,24.1799,0,0,1]},
{"frame":12,"values":[0.9903,0.0011,0.1389,0,0.0011,0.9999,-0.0153,0,-0.1389,0.0153,0.9902,0,24.1799,0,0,1]},
{"frame":13,"values":[0.9864,0.0015,0.1642,0,0.0015,0.9998,-0.0181,0,-0.1642,0.0181,0.9863,0,24.1799,0,0,1]},
{"frame":14,"values":[0.9793,0.0023,0.2025,0,0.0023,0.9997,-0.0224,0,-0.2025,0.0224,0.979,0,24.1799,0,0,1]},
{"frame":15,"values":[0.9673,0.0036,0.2535,0,0.0036,0.9996,-0.028,0,-0.2535,0.028,0.9669,0,24.1799,0,0,1]},
{"frame":16,"values":[0.9512,0.0054,0.3086,0,0.0054,0.9994,-0.0341,0,-0.3086,0.0341,0.9506,0,24.1799,0,0,1]},
{"frame":17,"values":[0.9345,0.0072,0.3558,0,0.0072,0.9992,-0.0393,0,-0.3558,0.0393,0.9337,0,24.1799,0,0,1]},
{"frame":18,"values":[0.923,0.0085,0.3847,0,0.0085,0.9991,-0.0425,0,-0.3847,0.0425,0.9221,0,24.1799,0,0,1]},
{"frame":19,"values":[0.9211,0.0087,0.3891,0,0.0087,0.999,-0.043,0,-0.3891,0.043,0.9202,0,24.1799,0,0,1]},
{"frame":20,"values":[0.9282,0.0079,0.372,0,0.0079,0.9991,-0.0411,0,-0.372,0.0411,0.9273,0,24.1799,0,0,1]},
{"frame":21,"values":[0.9402,0.0066,0.3405,0,0.0066,0.9993,-0.0376,0,-0.3405,0.0376,0.9395,0,24.1799,0,0,1]},
{"frame":22,"values":[0.953,0.0052,0.3028,0,0.0052,0.9994,-0.0334,0,-0.3028,0.0334,0.9525,0,24.1799,0,0,1]},
{"frame":23,"values":[0.9641,0.004,0.2656,0,0.004,0.9996,-0.0293,0,-0.2656,0.0293,0.9636,0,24.1799,0,0,1]},
{"frame":24,"values":[0.9708,0.0032,0.2399,0,0.0032,0.9996,-0.0265,0,-0.2399,0.0265,0.9704,0,24.1799,0,0,1]},
{"frame":25,"values":[0.9707,0.0032,0.2404,0,0.0032,0.9996,-0.0265,0,-0.2404,0.0265,0.9703,0,24.1799,0,0,1]},
{"frame":26,"values":[0.9637,0.004,0.2671,0,0.004,0.9996,-0.0295,0,-0.2671,0.0295,0.9632,0,24.1799,0,0,1]}],"loopBehavior":1,"name":"anim","property":"_matrix"}},
{"name":"LeftHand","index":10,"matrix":[0.9968,0.0763,0.0247,0,-0.0763,0.9971,0.0021,0,-0.0245,-0.0039,0.9997,0,27.1564,0.0001,0,1],"rest":[1,0,0,0,0,1,0,0,0,0,1,0,27.1564,0.0001,0,1],"parentBoneIndex":9,"length":13.2912
,"animation":{"dataType":3,"framePerSecond":24,"keys":[
{"frame":1,"values":[0.9968,0.0763,0.0247,0,-0.0763,0.9971,0.0021,0,-0.0245,-0.0039,0.9997,0,27.1564,0.0001,0,1]},
{"frame":2,"values":[0.9956,0.0743,0.0577,0,-0.0722,0.9967,-0.0371,0,-0.0603,0.0327,0.9976,0,27.1564,0.0001,0,1]},
{"frame":3,"values":[0.9952,0.07,0.0687,0,-0.0649,0.9951,-0.0748,0,-0.0736,0.07,0.9948,0,27.1564,0.0001,0,1]},
{"frame":4,"values":[0.996,0.0647,0.0619,0,-0.059,0.9942,-0.0902,0,-0.0674,0.0862,0.994,0,27.1564,0.0001,0,1]},
{"frame":5,"values":[0.9965,0.0576,0.0607,0,-0.0528,0.9955,-0.0781,0,-0.0649,0.0746,0.9951,0,27.1564,0.0001,0,1]},
{"frame":6,"values":[0.9968,0.0498,0.063,0,-0.0464,0.9975,-0.0534,0,-0.0655,0.0503,0.9966,0,27.1564,0.0001,0,1]},
{"frame":7,"values":[0.9978,0.0481,0.0451,0,-0.0466,0.9983,-0.0338,0,-0.0466,0.0317,0.9984,0,27.1564,0.0001,0,1]},
{"frame":8,"values":[0.9981,0.0604,0.0113,0,-0.0601,0.9979,-0.0241,0,-0.0127,0.0234,0.9996,0,27.1564,0.0001,0,1]},
{"frame":9,"values":[0.9963,0.0848,-0.0121,0,-0.0851,0.996,-0.0257,0,0.0099,0.0266,0.9996,0,27.1564,0.0001,0,1]},
{"frame":10,"values":[0.9924,0.1205,-0.0234,0,-0.1213,0.9919,-0.0384,0,0.0186,0.041,0.999,0,27.1564,0.0001,0,1]},
{"frame":11,"values":[0.9836,0.1765,-0.0359,0,-0.1778,0.9834,-0.0369,0,0.0288,0.0427,0.9987,0,27.1564,0.0001,0,1]},
{"frame":12,"values":[0.9662,0.2538,-0.0462,0,-0.2535,0.9673,0.0125,0,0.0478,-0.0003,0.9989,0,27.1564,0.0001,0,1]},
{"frame":13,"values":[0.945,0.3247,-0.0402,0,-0.3206,0.9435,0.0839,0,0.0652,-0.0664,0.9957,0,27.1564,0.0001,0,1]},
{"frame":14,"values":[0.931,0.3645,-0.0208,0,-0.3603,0.9265,0.1084,0,0.0588,-0.0934,0.9939,0,27.1564,0.0001,0,1]},
{"frame":15,"values":[0.9236,0.3831,-0.0086,0,-0.3816,0.9215,0.0722,0,0.0355,-0.0634,0.9974,0,27.1564,0.0001,0,1]},
{"frame":16,"values":[0.9154,0.4023,-0.0125,0,-0.4019,0.9153,0.0252,0,0.0215,-0.018,0.9996,0,27.1564,0.0001,0,1]},
{"frame":17,"values":[0.9066,0.4218,-0.0167,0,-0.4219,0.9067,-0.0025,0,0.0141,0.0093,0.9999,0,27.1564,0.0001,0,1]},
{"frame":18,"values":[0.9046,0.4263,0.0028,0,-0.4261,0.9043,-0.0254,0,-0.0134,0.0218,0.9997,0,27.1564,0.0001,0,1]},
{"frame":19,"values":[0.912,0.4063,0.0558,0,-0.4033,0.9132,-0.0586,0,-0.0747,0.0309,0.9967,0,27.1564,0.0001,0,1]},
{"frame":20,"values":[0.9234,0.3653,0.1178,0,-0.3554,0.9297,-0.0968,0,-0.1449,0.0475,0.9883,0,27.1564,0.0001,0,1]},
{"frame":21,"values":[0.9396,0.3112,0.1428,0,-0.2942,0.9471,-0.1279,0,-0.1751,0.0781,0.9815,0,27.1564,0.0001,0,1]},
{"frame":22,"values":[0.9616,0.2511,0.1105,0,-0.2343,0.9613,-0.1453,0,-0.1427,0.1138,0.9832,0,27.1564,0.0001,0,1]},
{"frame":23,"values":[0.9805,0.1893,0.0532,0,-0.1805,0.9737,-0.1388,0,-0.0781,0.1265,0.9889,0,27.1564,0.0001,0,1]},
{"frame":24,"values":[0.9908,0.1336,0.0222,0,-0.1309,0.9867,-0.096,0,-0.0347,0.0922,0.9951,0,27.1564,0.0001,0,1]},
{"frame":25,"values":[0.9953,0.094,0.0227,0,-0.0933,0.9952,-0.0306,0,-0.0255,0.0283,0.9993,0,27.1564,0.0001,0,1]},
{"frame":26,"values":[0.9968,0.0763,0.0247,0,-0.0763,0.9971,0.0021,0,-0.0245,-0.0039,0.9997,0,27.1564,0.0001,0,1]}],"loopBehavior":1,"name":"anim","property":"_matrix"}},
{"name":"LeftHandIndex1","index":11,"matrix":[0.9008,-0.4339,0.0163,0,0.4342,0.9,-0.0375,0,0.0016,0.0408,0.9992,0,16.4412,0,0,1],"rest":[1,0,0,0,0,1,0,0,0,0,1,0,16.4412,0,0,1],"parentBoneIndex":10,"length":4.8219
,"animation":{"dataType":3,"framePerSecond":24,"keys":[
{"frame":1,"values":[0.9008,-0.4339,0.0163,0,0.4342,0.9,-0.0375,0,0.0016,0.0408,0.9992,0,16.4412,0,0,1]},
{"frame":2,"values":[0.907,-0.4203,0.0263,0,0.421,0.9063,-0.0371,0,-0.0083,0.0448,0.999,0,16.4412,0,0,1]},
{"frame":3,"values":[0.9081,-0.4179,0.0272,0,0.4187,0.9074,-0.037,0,-0.0092,0.045,0.9989,0,16.4412,0,0,1]},
{"frame":4,"values":[0.9053,-0.4242,0.0229,0,0.4248,0.9045,-0.0372,0,-0.005,0.0434,0.999,0,16.4412,0,0,1]},
{"frame":5,"values":[0.8969,-0.442,0.0116,0,0.4421,0.8962,-0.0371,0,0.006,0.0384,0.9992,0,16.4412,0,0,1]},
{"frame":6,"values":[0.8835,-0.4683,-0.0097,0,0.4677,0.8832,-0.0348,0,0.0248,0.0263,0.9993,0,16.4412,0,0,1]},
{"frame":7,"values":[0.8739,-0.4853,-0.0273,0,0.4844,0.8742,-0.0323,0,0.0395,0.015,0.9991,0,16.4412,0,0,1]},
{"frame":8,"values":[0.8749,-0.4836,-0.0261,0,0.4828,0.8751,-0.0324,0,0.0385,0.0158,0.9991,0,16.4412,0,0,1]},
{"frame":9,"values":[0.8837,-0.4678,-0.0134,0,0.4672,0.8835,-0.0338,0,0.0276,0.0236,0.9993,0,16.4412,0,0,1]},
{"frame":10,"values":[0.8892,-0.4574,-0.0062,0,0.457,0.8888,-0.0344,0,0.0213,0.0277,0.9994,0,16.4412,0,0,1]},
{"frame":11,"values":[0.8808,-0.4734,-0.0109,0,0.4728,0.8805,-0.035,0,0.0262,0.0257,0.9993,0,16.4412,0,0,1]},
{"frame":12,"values":[0.8691,-0.4944,-0.0159,0,0.4936,0.8689,-0.0364,0,0.0318,0.0238,0.9992,0,16.4412,0,0,1]},
{"frame":13,"values":[0.8774,-0.4798,-0.0056,0,0.4793,0.8769,-0.0372,0,0.0228,0.0299,0.9993,0,16.4412,0,0,1]},
{"frame":14,"values":[0.8999,-0.4358,0.0159,0,0.4361,0.8992,-0.037,0,0.0018,0.0402,0.9992,0,16.4412,0,0,1]},
{"frame":15,"values":[0.9126,-0.4077,0.03,0,0.4086,0.912,-0.0363,0,-0.0126,0.0454,0.9989,0,16.4412,0,0,1]},
{"frame":16,"values":[0.9149,-0.4022,0.034,0,0.4033,0.9144,-0.0362,0,-0.0166,0.0468,0.9988,0,16.4412,0,0,1]},
{"frame":17,"values":[0.921,-0.3875,0.0399,0,0.3889,0.9206,-0.0354,0,-0.023,0.0481,0.9986,0,16.4412,0,0,1]},
{"frame":18,"values":[0.929,-0.3675,0.0432,0,0.369,0.9288,-0.0339,0,-0.0277,0.0474,0.9985,0,16.4412,0,0,1]},
{"frame":19,"values":[0.9223,-0.3857,0.0244,0,0.3863,0.9218,-0.0327,0,-0.0099,0.0396,0.9992,0,16.4412,0,0,1]},
{"frame":20,"values":[0.8984,-0.4392,-0.01,0,0.4387,0.8981,-0.031,0,0.0226,0.0234,0.9995,0,16.4412,0,0,1]},
{"frame":21,"values":[0.8813,-0.4715,-0.0321,0,0.4707,0.8818,-0.0289,0,0.0419,0.0104,0.9991,0,16.4412,0,0,1]},
{"frame":22,"values":[0.8862,-0.4624,-0.0307,0,0.4617,0.8866,-0.0279,0,0.0401,0.0105,0.9991,0,16.4412,0,0,1]},
{"frame":23,"values":[0.8976,-0.4407,-0.0113,0,0.4402,0.8974,-0.0305,0,0.0236,0.0224,0.9995,0,16.4412,0,0,1]},
{"frame":24,"values":[0.9025,-0.4305,0.008,0,0.4305,0.9019,-0.0348,0,0.0078,0.0348,0.9994,0,16.4412,0,0,1]},
{"frame":25,"values":[0.9024,-0.4307,0.015,0,0.4309,0.9016,-0.0367,0,0.0023,0.0396,0.9992,0,16.4412,0,0,1]},
{"frame":26,"values":[0.9008,-0.4339,0.0163,0,0.4342,0.9,-0.0375,0,0.0016,0.0408,0.9992,0,16.4412,0,0,1]}],"loopBehavior":1,"name":"anim","property":"_matrix"}},
{"name":"LeftHandIndex2","index":12,"matrix":[0.9779,-0.2082,-0.0213,0,0.2082,0.9781,-0.0022,0,0.0213,-0.0022,0.9998,0,4.8219,0.0001,0,1],"rest":[1,0,0,0,0,1,0,0,0,0,1,0,4.8219,0.0001,0,1],"parentBoneIndex":11,"length":6.3865
,"animation":{"dataType":3,"framePerSecond":24,"keys":[
{"frame":1,"values":[0.9779,-0.2082,-0.0213,0,0.2082,0.9781,-0.0022,0,0.0213,-0.0022,0.9998,0,4.8219,0.0001,0,1]},
{"frame":2,"values":[0.9779,-0.2078,-0.0213,0,0.2078,0.9782,-0.0022,0,0.0213,-0.0022,0.9998,0,4.8219,0.0001,0,1]},
{"frame":3,"values":[0.9779,-0.208,-0.0213,0,0.208,0.9781,-0.0022,0,0.0213,-0.0022,0.9998,0,4.8219,0.0001,0,1]},
{"frame":4,"values":[0.9778,-0.2084,-0.0214,0,0.2084,0.978,-0.0023,0,0.0214,-0.0023,0.9998,0,4.8219,0.0001,0,1]},
{"frame":5,"values":[0.9778,-0.2087,-0.0214,0,0.2087,0.978,-0.0023,0,0.0214,-0.0023,0.9998,0,4.8219,0.0001,0,1]},
{"frame":6,"values":[0.9777,-0.209,-0.0214,0,0.209,0.9779,-0.0023,0,0.0214,-0.0023,0.9998,0,4.8219,0.0001,0,1]},
{"frame":7,"values":[0.9776,-0.2092,-0.0214,0,0.2092,0.9779,-0.0023,0,0.0214,-0.0023,0.9998,0,4.8219,0.0001,0,1]},
{"frame":8,"values":[0.9777,-0.209,-0.0214,0,0.209,0.9779,-0.0023,0,0.0214,-0.0023,0.9998,0,4.8219,0.0001,0,1]},
{"frame":9,"values":[0.9777,-0.2087,-0.0214,0,0.2087,0.978,-0.0023,0,0.0214,-0.0023,0.9998,0,4.8219,0.0001,0,1]},
{"frame":11,"values":[0.9777,-0.209,-0.0214,0,0.209,0.9779,-0.0023,0,0.0214,-0.0023,0.9998,0,4.8219,0.0001,0,1]},
{"frame":12,"values":[0.9776,-0.2093,-0.0214,0,0.2093,0.9779,-0.0023,0,0.0214,-0.0023,0.9998,0,4.8219,0.0001,0,1]},
{"frame":13,"values":[0.9776,-0.2092,-0.0214,0,0.2092,0.9779,-0.0023,0,0.0214,-0.0023,0.9998,0,4.8219,0.0001,0,1]},
{"frame":14,"values":[0.9778,-0.2085,-0.0214,0,0.2085,0.978,-0.0023,0,0.0214,-0.0023,0.9998,0,4.8219,0.0001,0,1]},
{"frame":15,"values":[0.9779,-0.2079,-0.0213,0,0.2079,0.9781,-0.0022,0,0.0213,-0.0022,0.9998,0,4.8219,0.0001,0,1]},
{"frame":16,"values":[0.978,-0.2076,-0.0213,0,0.2076,0.9782,-0.0022,0,0.0213,-0.0022,0.9998,0,4.8219,0.0001,0,1]},
{"frame":17,"values":[0.978,-0.2075,-0.0213,0,0.2075,0.9782,-0.0022,0,0.0213,-0.0022,0.9998,0,4.8219,0.0001,0,1]},
