{"producer":{"name":"Blender","version":"2.90.0","exporter_version":"2.80.1","file":"straferight.babylon"},
"autoClear":true,"clearColor":[0.0509,0.0509,0.0509],"gravity":[0,-9.81,0],
"materials":[{"name":"Material","id":"Material","customType":"BABYLON.PBRMaterial","backFaceCulling":true,"checkReadyOnlyOnce":false,"maxSimultaneousLights":4,"environmentIntensity":1,"albedo":[0.8,0.8,0.8],"reflectivity":[0.5,0.5,0.5],"roughness":0.4,"alpha":1,"transparencyMode":0,"alphaCutOff":0.4,"metallic":0}],
"multiMaterials":[],
"skeletons":[{"name":"Armature","id":0,"dimensionsAtRest":[232.1761,222.9347,36.3014],"bones":[
{"name":"Hips","index":0,"matrix":[0.4032,-0.014,-0.915,0,-0.0697,0.9965,-0.046,0,-0.9125,-0.0823,-0.4008,0,-1.5168,83.7,-1.3552,1],"rest":[1,0,0,0,0,1,0,0,0,0,-1,0,0,89.0054,0,1],"parentBoneIndex":-1,"length":14.2998
,"animation":{"dataType":3,"framePerSecond":24,"keys":[
{"frame":1,"values":[0.4032,-0.014,-0.915,0,-0.0697,0.9965,-0.046,0,-0.9125,-0.0823,-0.4008,0,-1.5168,83.7,-1.3552,1]},
{"frame":2,"values":[0.3613,0,-0.9324,0,-0.0867,0.9957,-0.0336,0,-0.9284,-0.093,-0.3598,0,-1.7494,84.187,-1.5044,1]},
{"frame":3,"values":[0.3034,-0.0021,-0.9529,0,-0.0971,0.9947,-0.0331,0,-0.9479,-0.1026,-0.3015,0,-1.7497,83.6921,-1.7023,1]},
{"frame":4,"values":[0.2098,-0.0225,-0.9775,0,-0.0964,0.9944,-0.0436,0,-0.973,-0.1034,-0.2065,0,-2.0086,81.7617,-1.8459,1]},
{"frame":5,"values":[0.122,-0.0492,-0.9913,0,-0.094,0.9937,-0.0609,0,-0.9881,-0.1006,-0.1166,0,-2.3896,79.4614,-1.9104,1]},
{"frame":6,"values":[0.0916,-0.0508,-0.9945,0,-0.0982,0.9934,-0.0598,0,-0.9909,-0.1032,-0.086,0,-2.5282,77.9819,-1.6591,1]},
{"frame":7,"values":[0.1167,-0.0238,-0.9929,0,-0.1061,0.9937,-0.0363,0,-0.9875,-0.1096,-0.1135,0,-3.7231,77.1347,-1.5215,1]},
{"frame":8,"values":[0.1718,0.0125,-0.9851,0,-0.113,0.9936,-0.0071,0,-0.9786,-0.1125,-0.1721,0,-4.296,76.312,-1.3133,1]},
{"frame":9,"values":[0.237,0.0752,-0.9686,0,-0.1279,0.9907,0.0457,0,-0.9631,-0.1131,-0.2444,0,-2.7681,75.7701,-0.8187,1]},
{"frame":10,"values":[0.2976,0.1086,-0.9485,0,-0.1393,0.9878,0.0694,0,-0.9445,-0.1114,-0.3091,0,-1.8889,76.86,-0.6136,1]},
{"frame":11,"values":[0.3491,0.0959,-0.9322,0,-0.1393,0.989,0.0496,0,-0.9267,-0.1126,-0.3586,0,-1.967,79.4281,-0.5947,1]},
{"frame":12,"values":[0.3893,0.0703,-0.9184,0,-0.1383,0.9902,0.0172,0,-0.9107,-0.1203,-0.3952,0,-1.8769,81.6949,-0.5403,1]},
{"frame":13,"values":[0.4036,0.0453,-0.9138,0,-0.1375,0.9904,-0.0116,0,-0.9045,-0.1304,-0.406,0,-1.6075,83.6513,-0.7457,1]},
{"frame":14,"values":[0.4085,0.0292,-0.9123,0,-0.1352,0.9904,-0.0289,0,-0.9027,-0.1352,-0.4085,0,-1.1607,84.8277,-1.2697,1]},
{"frame":15,"values":[0.4182,0.033,-0.9078,0,-0.1414,0.9895,-0.0291,0,-0.8973,-0.1406,-0.4185,0,-0.7279,85.0452,-1.6038,1]},
{"frame":16,"values":[0.4407,0.0562,-0.8959,0,-0.1527,0.9882,-0.0131,0,-0.8846,-0.1425,-0.4441,0,-0.5241,83.6476,-1.7956,1]},
{"frame":17,"values":[0.4716,0.0811,-0.8781,0,-0.1565,0.9876,0.0072,0,-0.8678,-0.134,-0.4785,0,-0.5561,81.3102,-1.9415,1]},
{"frame":18,"values":[0.4833,0.0882,-0.871,0,-0.155,0.9878,0.014,0,-0.8616,-0.1283,-0.4911,0,-0.1292,79.6312,-1.9772,1]},
{"frame":19,"values":[0.4819,0.0661,-0.8737,0,-0.1335,0.991,0.0013,0,-0.866,-0.116,-0.4864,0,-0.2806,78.5271,-1.946,1]},
{"frame":20,"values":[0.4851,0.0345,-0.8738,0,-0.1098,0.9937,-0.0217,0,-0.8675,-0.1065,-0.4859,0,-1.3335,77.2259,-1.7461,1]},
{"frame":21,"values":[0.4834,0.0076,-0.8754,0,-0.1012,0.9937,-0.0472,0,-0.8695,-0.1114,-0.4811,0,-1.1418,76.0163,-1.5657,1]},
{"frame":22,"values":[0.4906,-0.033,-0.8707,0,-0.0757,0.9939,-0.0803,0,-0.8681,-0.1053,-0.4851,0,-0.3513,76.0087,-1.6431,1]},
{"frame":23,"values":[0.4855,-0.0461,-0.873,0,-0.064,0.994,-0.0881,0,-0.8719,-0.0987,-0.4797,0,-0.3789,77.5367,-1.5164,1]},
{"frame":24,"values":[0.4552,-0.0432,-0.8893,0,-0.0618,0.9949,-0.0799,0,-0.8882,-0.0914,-0.4502,0,-0.7457,79.8468,-1.4027,1]},
{"frame":25,"values":[0.4305,-0.0345,-0.9019,0,-0.061,0.9959,-0.0672,0,-0.9005,-0.084,-0.4266,0,-1.1797,82.0796,-1.3692,1]},
{"frame":26,"values":[0.4032,-0.014,-0.915,0,-0.0697,0.9965,-0.046,0,-0.9125,-0.0823,-0.4008,0,-1.5168,83.7,-1.3552,1]}],"loopBehavior":1,"name":"anim","property":"_matrix"}},
{"name":"Spine","index":1,"matrix":[0.9915,0.0119,-0.1294,0,0.0014,0.9948,0.102,0,0.1299,-0.1013,0.9863,0,0.1169,10.681,0.3734,1],"rest":[1,0,0,0,0,1,0,0,0,0,1,0,0.1169,10.681,0.3734,1],"parentBoneIndex":0,"length":13.8405
,"animation":{"dataType":3,"framePerSecond":24,"keys":[
{"frame":1,"values":[0.9915,0.0119,-0.1294,0,0.0014,0.9948,0.102,0,0.1299,-0.1013,0.9863,0,0.1169,10.681,0.3734,1]},
{"frame":2,"values":[0.9866,-0.0061,-0.1629,0,0.022,0.9951,0.0959,0,0.1616,-0.0982,0.982,0,0.1169,10.681,0.3734,1]},
{"frame":3,"values":[0.9772,-0.0093,-0.2122,0,0.0287,0.9956,0.0889,0,0.2104,-0.0929,0.9732,0,0.1169,10.681,0.3734,1]},
{"frame":4,"values":[0.9579,-0.0058,-0.2871,0,0.03,0.9964,0.0798,0,0.2856,-0.0851,0.9546,0,0.1169,10.681,0.3734,1]},
{"frame":5,"values":[0.9364,0.0037,-0.351,0,0.0254,0.9966,0.0783,0,0.3501,-0.0822,0.9331,0,0.1169,10.681,0.3734,1]},
{"frame":6,"values":[0.9273,-0.0031,-0.3744,0,0.035,0.9963,0.0784,0,0.3727,-0.0858,0.924,0,0.1169,10.681,0.3734,1]},
{"frame":7,"values":[0.9315,-0.0315,-0.3623,0,0.0616,0.9955,0.0718,0,0.3584,-0.0892,0.9293,0,0.1169,10.681,0.3734,1]},
{"frame":8,"values":[0.937,-0.0634,-0.3434,0,0.0915,0.9936,0.0662,0,0.337,-0.0934,0.9369,0,0.1169,10.681,0.3734,1]},
{"frame":9,"values":[0.9474,-0.1113,-0.3001,0,0.1395,0.9874,0.0742,0,0.2881,-0.1122,0.951,0,0.1169,10.681,0.3734,1]},
{"frame":10,"values":[0.9644,-0.1233,-0.2339,0,0.1473,0.9852,0.0878,0,0.2196,-0.1191,0.9683,0,0.1169,10.681,0.3734,1]},
{"frame":11,"values":[0.9778,-0.1002,-0.1842,0,0.1198,0.9879,0.098,0,0.1722,-0.1179,0.978,0,0.1169,10.681,0.3734,1]},
{"frame":12,"values":[0.9868,-0.0662,-0.1477,0,0.0818,0.9914,0.1018,0,0.1397,-0.1126,0.9838,0,0.1169,10.681,0.3734,1]},
{"frame":13,"values":[0.9911,-0.0322,-0.1292,0,0.0456,0.9937,0.1024,0,0.1251,-0.1074,0.9863,0,0.1169,10.681,0.3734,1]},
{"frame":14,"values":[0.9933,-0.0109,-0.1153,0,0.0227,0.9945,0.1019,0,0.1135,-0.1039,0.9881,0,0.1169,10.681,0.3734,1]},
{"frame":15,"values":[0.9953,-0.0135,-0.0962,0,0.0231,0.9948,0.0995,0,0.0944,-0.1012,0.9904,0,0.1169,10.681,0.3734,1]},
{"frame":16,"values":[0.9972,-0.0347,-0.0658,0,0.0409,0.9947,0.094,0,0.0622,-0.0964,0.9934,0,0.1169,10.681,0.3734,1]},
{"frame":17,"values":[0.9981,-0.0487,-0.0366,0,0.0519,0.9943,0.0935,0,0.0318,-0.0952,0.9949,0,0.1169,10.681,0.3734,1]},
{"frame":18,"values":[0.9988,-0.0422,-0.0268,0,0.0446,0.9943,0.097,0,0.0225,-0.098,0.9949,0,0.1169,10.681,0.3734,1]},
{"frame":19,"values":[0.9994,-0.0164,-0.0306,0,0.0194,0.9947,0.1005,0,0.0288,-0.101,0.9945,0,0.1169,10.681,0.3734,1]},
{"frame":20,"values":[0.9992,0.0119,-0.0375,0,-0.0082,0.9953,0.0968,0,0.0385,-0.0964,0.9946,0,0.1169,10.681,0.3734,1]},
{"frame":21,"values":[0.9984,0.035,-0.0444,0,-0.0308,0.9953,0.0917,0,0.0474,-0.0902,0.9948,0,0.1169,10.681,0.3734,1]},
{"frame":22,"values":[0.9964,0.0689,-0.0484,0,-0.064,0.9932,0.0976,0,0.0548,-0.0942,0.994,0,0.1169,10.681,0.3734,1]},
{"frame":23,"values":[0.9952,0.0719,-0.0658,0,-0.065,0.9928,0.1007,0,0.0726,-0.0959,0.9927,0,0.1169,10.681,0.3734,1]},
{"frame":24,"values":[0.9941,0.0559,-0.0933,0,-0.0463,0.9937,0.1021,0,0.0984,-0.0972,0.9904,0,0.1169,10.681,0.3734,1]},
{"frame":25,"values":[0.9931,0.0381,-0.1107,0,-0.0267,0.9943,0.1027,0,0.114,-0.0991,0.9885,0,0.1169,10.681,0.3734,1]},
{"frame":26,"values":[0.9915,0.0119,-0.1294,0,0.0014,0.9948,0.102,0,0.1299,-0.1013,0.9863,0,0.1169,10.681,0.3734,1]}],"loopBehavior":1,"name":"anim","property":"_matrix"}},
{"name":"Spine1","index":2,"matrix":[0.9965,-0.001,-0.0831,0,0.0071,0.9973,0.0728,0,0.0828,-0.0731,0.9939,0,0,13.8404,0.0535,1],"rest":[1,0,0,0,0,1,0,0,0,0,1,0,0,13.8404,0.0535,1],"parentBoneIndex":1,"length":14.7173
,"animation":{"dataType":3,"framePerSecond":24,"keys":[
{"frame":1,"values":[0.9965,-0.001,-0.0831,0,0.0071,0.9973,0.0728,0,0.0828,-0.0731,0.9939,0,0,13.8404,0.0535,1]},
{"frame":2,"values":[0.9957,-0.0102,-0.0919,0,0.0166,0.9975,0.0686,0,0.0909,-0.0698,0.9934,0,0,13.8404,0.0535,1]},
{"frame":3,"values":[0.9947,-0.0111,-0.1025,0,0.0175,0.9979,0.0625,0,0.1016,-0.0639,0.9928,0,0,13.8404,0.0535,1]},
{"frame":4,"values":[0.9934,-0.0068,-0.1143,0,0.0133,0.9983,0.0563,0,0.1138,-0.0574,0.9918,0,0,13.8404,0.0535,1]},
{"frame":5,"values":[0.9922,-0.0039,-0.1242,0,0.0106,0.9985,0.0538,0,0.1238,-0.0547,0.9908,0,0,13.8404,0.0535,1]},
{"frame":6,"values":[0.9918,-0.0087,-0.1274,0,0.0161,0.9983,0.0567,0,0.1267,-0.0583,0.9902,0,0,13.8404,0.0535,1]},
{"frame":7,"values":[0.9918,-0.0216,-0.1263,0,0.0289,0.998,0.0562,0,0.1249,-0.0594,0.9904,0,0,13.8404,0.0535,1]},
{"frame":8,"values":[0.9922,-0.0357,-0.1195,0,0.0426,0.9975,0.0555,0,0.1172,-0.0601,0.9913,0,0,13.8404,0.0535,1]},
{"frame":9,"values":[0.9918,-0.0436,-0.1203,0,0.0514,0.9967,0.0626,0,0.1172,-0.0683,0.9908,0,0,13.8404,0.0535,1]},
{"frame":10,"values":[0.9912,-0.0451,-0.124,0,0.0537,0.9963,0.0665,0,0.1206,-0.0726,0.99,0,0,13.8404,0.0535,1]},
{"frame":11,"values":[0.9927,-0.0381,-0.1141,0,0.0464,0.9964,0.0704,0,0.111,-0.0752,0.991,0,0,13.8404,0.0535,1]},
{"frame":12,"values":[0.9947,-0.028,-0.0993,0,0.0353,0.9967,0.0725,0,0.097,-0.0757,0.9924,0,0,13.8404,0.0535,1]},
{"frame":13,"values":[0.996,-0.017,-0.0878,0,0.0235,0.997,0.0735,0,0.0863,-0.0753,0.9934,0,0,13.8404,0.0535,1]},
{"frame":14,"values":[0.9966,-0.0088,-0.0816,0,0.0148,0.9972,0.0736,0,0.0808,-0.0746,0.9939,0,0,13.8404,0.0535,1]},
{"frame":15,"values":[0.997,-0.0067,-0.0774,0,0.0123,0.9973,0.0719,0,0.0767,-0.0726,0.9944,0,0,13.8404,0.0535,1]},
{"frame":16,"values":[0.9975,-0.013,-0.0693,0,0.0176,0.9976,0.0662,0,0.0683,-0.0673,0.9954,0,0,13.8404,0.0535,1]},
{"frame":17,"values":[0.998,-0.0202,-0.0598,0,0.024,0.9977,0.0639,0,0.0584,-0.0652,0.9962,0,0,13.8404,0.0535,1]},
{"frame":18,"values":[0.9983,-0.0196,-0.0541,0,0.0232,0.9975,0.0666,0,0.0527,-0.0678,0.9963,0,0,13.8404,0.0535,1]},
{"frame":19,"values":[0.9985,-0.0088,-0.0534,0,0.0126,0.9974,0.0705,0,0.0527,-0.0711,0.9961,0,0,13.8404,0.0535,1]},
{"frame":20,"values":[0.9984,0.0022,-0.0569,0,0.0018,0.9975,0.0702,0,0.0569,-0.0702,0.9959,0,0,13.8404,0.0535,1]},
{"frame":21,"values":[0.9981,0.0106,-0.0609,0,-0.0065,0.9977,0.0681,0,0.0615,-0.0676,0.9958,0,0,13.8404,0.0535,1]},
{"frame":22,"values":[0.998,0.0238,-0.0583,0,-0.0195,0.9972,0.0722,0,0.0599,-0.0709,0.9957,0,0,13.8404,0.0535,1]},
{"frame":23,"values":[0.9977,0.0234,-0.0629,0,-0.0187,0.9971,0.0732,0,0.0644,-0.0719,0.9953,0,0,13.8404,0.0535,1]},
{"frame":24,"values":[0.9971,0.016,-0.0746,0,-0.0105,0.9973,0.073,0,0.0755,-0.072,0.9945,0,0,13.8404,0.0535,1]},
{"frame":25,"values":[0.9968,0.0093,-0.0789,0,-0.0035,0.9973,0.073,0,0.0794,-0.0725,0.9942,0,0,13.8404,0.0535,1]},
{"frame":26,"values":[0.9965,-0.001,-0.0831,0,0.0071,0.9973,0.0728,0,0.0828,-0.0731,0.9939,0,0,13.8404,0.0535,1]}],"loopBehavior":1,"name":"anim","property":"_matrix"}},
{"name":"Spine2","index":3,"matrix":[0.9965,-0.0007,-0.0835,0,0.0067,0.9974,0.0723,0,0.0833,-0.0726,0.9939,0,0,14.7127,-0.3662,1],"rest":[1,0,0,0,0,1,0,0,0,0,1,0,0,14.7127,-0.3662,1],"parentBoneIndex":2,"length":31.8652
,"animation":{"dataType":3,"framePerSecond":24,"keys":[
{"frame":1,"values":[0.9965,-0.0007,-0.0835,0,0.0067,0.9974,0.0723,0,0.0833,-0.0726,0.9939,0,0,14.7127,-0.3662,1]},
{"frame":2,"values":[0.9957,-0.0101,-0.0925,0,0.0164,0.9976,0.0678,0,0.0916,-0.069,0.9934,0,0,14.7127,-0.3662,1]},
{"frame":3,"values":[0.9946,-0.0113,-0.1033,0,0.0177,0.998,0.0612,0,0.1024,-0.0627,0.9928,0,0,14.7127,-0.3662,1]},
{"frame":4,"values":[0.9933,-0.0078,-0.1151,0,0.0142,0.9984,0.0549,0,0.1145,-0.0562,0.9918,0,0,14.7127,-0.3662,1]},
{"frame":5,"values":[0.9921,-0.0053,-0.125,0,0.0119,0.9986,0.0523,0,0.1245,-0.0533,0.9908,0,0,14.7127,-0.3662,1]},
{"frame":6,"values":[0.9917,-0.0097,-0.1281,0,0.0169,0.9983,0.0551,0,0.1274,-0.0569,0.9902,0,0,14.7127,-0.3662,1]},
{"frame":7,"values":[0.9917,-0.0219,-0.1269,0,0.0291,0.9981,0.0546,0,0.1255,-0.0578,0.9904,0,0,14.7127,-0.3662,1]},
{"frame":8,"values":[0.9921,-0.0357,-0.1201,0,0.0425,0.9976,0.054,0,0.1179,-0.0587,0.9913,0,0,14.7127,-0.3662,1]},
{"frame":9,"values":[0.9917,-0.0432,-0.1209,0,0.0509,0.9968,0.0613,0,0.1179,-0.0669,0.9908,0,0,14.7127,-0.3662,1]},
{"frame":10,"values":[0.9912,-0.0448,-0.1246,0,0.0532,0.9964,0.0653,0,0.1212,-0.0714,0.9901,0,0,14.7127,-0.3662,1]},
{"frame":11,"values":[0.9927,-0.0379,-0.1145,0,0.0461,0.9965,0.0696,0,0.1114,-0.0744,0.991,0,0,14.7127,-0.3662,1]},
{"frame":12,"values":[0.9946,-0.0277,-0.0997,0,0.035,0.9968,0.0721,0,0.0974,-0.0752,0.9924,0,0,14.7127,-0.3662,1]},
{"frame":13,"values":[0.996,-0.0167,-0.0882,0,0.0232,0.997,0.0732,0,0.0867,-0.075,0.9934,0,0,14.7127,-0.3662,1]},
{"frame":14,"values":[0.9966,-0.0083,-0.082,0,0.0143,0.9972,0.0733,0,0.0812,-0.0743,0.9939,0,0,14.7127,-0.3662,1]},
{"frame":15,"values":[0.997,-0.0063,-0.0775,0,0.0118,0.9974,0.0718,0,0.0769,-0.0725,0.9944,0,0,14.7127,-0.3662,1]},
{"frame":16,"values":[0.9975,-0.0127,-0.0691,0,0.0174,0.9976,0.0665,0,0.0681,-0.0675,0.9954,0,0,14.7127,-0.3662,1]},
{"frame":17,"values":[0.998,-0.0201,-0.0593,0,0.0239,0.9976,0.0643,0,0.0579,-0.0656,0.9962,0,0,14.7127,-0.3662,1]},
{"frame":18,"values":[0.9984,-0.0195,-0.0537,0,0.0231,0.9975,0.0669,0,0.0523,-0.068,0.9963,0,0,14.7127,-0.3662,1]},
{"frame":19,"values":[0.9985,-0.0086,-0.0533,0,0.0124,0.9974,0.0706,0,0.0526,-0.0712,0.9961,0,0,14.7127,-0.3662,1]},
{"frame":20,"values":[0.9984,0.0026,-0.0571,0,0.0014,0.9975,0.07,0,0.0571,-0.07,0.9959,0,0,14.7127,-0.3662,1]},
{"frame":21,"values":[0.9981,0.0112,-0.0614,0,-0.007,0.9977,0.0677,0,0.062,-0.0671,0.9958,0,0,14.7127,-0.3662,1]},
{"frame":22,"values":[0.998,0.0243,-0.0588,0,-0.0201,0.9972,0.0717,0,0.0604,-0.0704,0.9957,0,0,14.7127,-0.3662,1]},
{"frame":23,"values":[0.9977,0.0238,-0.0632,0,-0.0192,0.9972,0.0728,0,0.0648,-0.0714,0.9953,0,0,14.7127,-0.3662,1]},
{"frame":24,"values":[0.9971,0.0164,-0.0748,0,-0.0109,0.9973,0.0726,0,0.0758,-0.0716,0.9945,0,0,14.7127,-0.3662,1]},
{"frame":25,"values":[0.9968,0.0096,-0.0792,0,-0.0039,0.9973,0.0727,0,0.0797,-0.0721,0.9942,0,0,14.7127,-0.3662,1]},
{"frame":26,"values":[0.9965,-0.0007,-0.0835,0,0.0067,0.9974,0.0723,0,0.0833,-0.0726,0.9939,0,0,14.7127,-0.3662,1]}],"loopBehavior":1,"name":"anim","property":"_matrix"}},
{"name":"Neck","index":4,"matrix":[0.9947,0.0411,-0.0945,0,-0.033,0.9957,0.086,0,0.0976,-0.0824,0.9918,0,0,35.4155,-3.3142,1],"rest":[1,0,0,0,0,1,0,0,0,0,1,0,0,35.4155,-3.3142,1],"parentBoneIndex":3,"length":16.9431
,"animation":{"dataType":3,"framePerSecond":24,"keys":[
{"frame":1,"values":[0.9947,0.0411,-0.0945,0,-0.033,0.9957,0.086,0,0.0976,-0.0824,0.9918,0,0,35.4155,-3.3142,1]},
{"frame":2,"values":[0.9948,0.039,-0.0946,0,-0.0308,0.9958,0.0864,0,0.0975,-0.083,0.9918,0,0,35.4155,-3.3142,1]},
{"frame":3,"values":[0.9949,0.0318,-0.0957,0,-0.0238,0.9962,0.0838,0,0.098,-0.0811,0.9919,0,0,35.4155,-3.3142,1]},
{"frame":4,"values":[0.9948,0.0312,-0.0972,0,-0.0236,0.9967,0.0782,0,0.0993,-0.0755,0.9922,0,0,35.4155,-3.3142,1]},
{"frame":5,"values":[0.9945,0.03,-0.0999,0,-0.023,0.9972,0.0707,0,0.1017,-0.068,0.9925,0,0,35.4155,-3.3142,1]},
{"frame":6,"values":[0.9944,0.0284,-0.1014,0,-0.0216,0.9975,0.0672,0,0.1031,-0.0646,0.9926,0,0,35.4155,-3.3142,1]},
{"frame":7,"values":[0.9945,0.0294,-0.1002,0,-0.0226,0.9974,0.0679,0,0.1019,-0.0653,0.9926,0,0,35.4155,-3.3142,1]},
{"frame":8,"values":[0.9948,0.0313,-0.097,0,-0.0247,0.9973,0.0689,0,0.0989,-0.0661,0.9929,0,0,35.4155,-3.3142,1]},
{"frame":9,"values":[0.9951,0.0266,-0.0956,0,-0.0196,0.9971,0.0733,0,0.0972,-0.0711,0.9927,0,0,35.4155,-3.3142,1]},
{"frame":10,"values":[0.995,0.0171,-0.0988,0,-0.0094,0.9969,0.0777,0,0.0998,-0.0764,0.9921,0,0,35.4155,-3.3142,1]},
{"frame":11,"values":[0.9948,0.0166,-0.1006,0,-0.0087,0.9969,0.0784,0,0.1016,-0.0771,0.9918,0,0,35.4155,-3.3142,1]},
{"frame":12,"values":[0.9946,0.0166,-0.1021,0,-0.0079,0.9964,0.0844,0,0.1031,-0.0832,0.9912,0,0,35.4155,-3.3142,1]},
{"frame":13,"values":[0.9945,0.0147,-0.104,0,-0.0057,0.9963,0.0863,0,0.1049,-0.0852,0.9908,0,0,35.4155,-3.3142,1]},
{"frame":14,"values":[0.9944,0.0166,-0.1046,0,-0.008,0.9966,0.0822,0,0.1056,-0.0809,0.9911,0,0,35.4155,-3.3142,1]},
{"frame":15,"values":[0.9942,0.0203,-0.1052,0,-0.0124,0.9971,0.0752,0,0.1064,-0.0735,0.9916,0,0,35.4155,-3.3142,1]},
{"frame":16,"values":[0.994,0.0241,-0.1069,0,-0.0168,0.9975,0.0687,0,0.1083,-0.0665,0.9919,0,0,35.4155,-3.3142,1]},
{"frame":17,"values":[0.9938,0.0268,-0.1076,0,-0.0197,0.9976,0.0668,0,0.1091,-0.0643,0.992,0,0,35.4155,-3.3142,1]},
{"frame":18,"values":[0.9939,0.0251,-0.1078,0,-0.0181,0.9977,0.0655,0,0.1092,-0.0631,0.992,0,0,35.4155,-3.3142,1]},
{"frame":19,"values":[0.9939,0.0217,-0.108,0,-0.0143,0.9975,0.0687,0,0.1092,-0.0667,0.9918,0,0,35.4155,-3.3142,1]},
{"frame":20,"values":[0.9941,0.0224,-0.106,0,-0.0148,0.9973,0.0718,0,0.1073,-0.0698,0.9918,0,0,35.4155,-3.3142,1]},
{"frame":21,"values":[0.9942,0.0215,-0.105,0,-0.0143,0.9975,0.0688,0,0.1062,-0.0669,0.9921,0,0,35.4155,-3.3142,1]},
{"frame":22,"values":[0.9944,0.0205,-0.1039,0,-0.0137,0.9977,0.0662,0,0.105,-0.0645,0.9924,0,0,35.4155,-3.3142,1]},
{"frame":23,"values":[0.9947,0.0272,-0.0995,0,-0.0206,0.9976,0.0668,0,0.1011,-0.0644,0.9928,0,0,35.4155,-3.3142,1]},
{"frame":24,"values":[0.9948,0.0351,-0.0958,0,-0.0282,0.997,0.072,0,0.0981,-0.0689,0.9928,0,0,35.4155,-3.3142,1]},
{"frame":25,"values":[0.9947,0.0394,-0.0949,0,-0.0317,0.9962,0.0808,0,0.0977,-0.0774,0.9922,0,0,35.4155,-3.3142,1]},
{"frame":26,"values":[0.9947,0.0411,-0.0945,0,-0.033,0.9957,0.086,0,0.0976,-0.0824,0.9918,0,0,35.4155,-3.3142,1]}],"loopBehavior":1,"name":"anim","property":"_matrix"}},
{"name":"Head","index":5,"matrix":[0.8108,-0.1775,-0.5577,0,0.1049,0.9815,-0.16,0,0.5758,0.0712,0.8145,0,0,16.8992,1.2183,1],"rest":[1,0,0,0,0,1,0,0,0,0,1,0,0,16.8992,1.2183,1],"parentBoneIndex":4,"length":22.3142
,"animation":{"dataType":3,"framePerSecond":24,"keys":[
{"frame":1,"values":[0.8108,-0.1775,-0.5577,0,0.1049,0.9815,-0.16,0,0.5758,0.0712,0.8145,0,0,16.8992,1.2183,1]},
{"frame":2,"values":[0.8126,-0.1722,-0.5568,0,0.1006,0.9825,-0.1569,0,0.5741,0.0715,0.8157,0,0,16.8992,1.2183,1]},
{"frame":3,"values":[0.8102,-0.1825,-0.5571,0,0.1099,0.9807,-0.1614,0,0.5758,0.0695,0.8146,0,0,16.8992,1.2183,1]},
{"frame":4,"values":[0.8015,-0.1951,-0.5653,0,0.1218,0.9787,-0.1651,0,0.5855,0.0634,0.8082,0,0,16.8992,1.2183,1]},
{"frame":5,"values":[0.7926,-0.2029,-0.5749,0,0.1232,0.9768,-0.175,0,0.5971,0.0679,0.7993,0,0,16.8992,1.2183,1]},
{"frame":6,"values":[0.7914,-0.2075,-0.575,0,0.1111,0.9738,-0.1984,0,0.6011,0.0932,0.7938,0,0,16.8992,1.2183,1]},
{"frame":7,"values":[0.8012,-0.1937,-0.5662,0,0.0877,0.9739,-0.2092,0,0.592,0.1179,0.7973,0,0,16.8992,1.2183,1]},
{"frame":8,"values":[0.8181,-0.1691,-0.5497,0,0.0655,0.977,-0.203,0,0.5713,0.1301,0.8104,0,0,16.8992,1.2183,1]},
{"frame":9,"values":[0.8278,-0.1619,-0.5372,0,0.0576,0.977,-0.2055,0,0.5581,0.1392,0.818,0,0,16.8992,1.2183,1]},
{"frame":10,"values":[0.8229,-0.165,-0.5438,0,0.0648,0.9779,-0.1987,0,0.5645,0.1283,0.8154,0,0,16.8992,1.2183,1]},
{"frame":11,"values":[0.8176,-0.1658,-0.5514,0,0.0765,0.9804,-0.1813,0,0.5706,0.106,0.8143,0,0,16.8992,1.2183,1]},
{"frame":12,"values":[0.8148,-0.1627,-0.5565,0,0.0802,0.9822,-0.1698,0,0.5742,0.0937,0.8133,0,0,16.8992,1.2183,1]},
{"frame":13,"values":[0.8106,-0.1656,-0.5617,0,0.0865,0.9825,-0.1649,0,0.5792,0.085,0.8107,0,0,16.8992,1.2183,1]},
{"frame":14,"values":[0.8067,-0.1738,-0.5648,0,0.0932,0.9812,-0.1688,0,0.5836,0.0835,0.8078,0,0,16.8992,1.2183,1]},
{"frame":15,"values":[0.8022,-0.1847,-0.5678,0,0.0968,0.9786,-0.1816,0,0.5892,0.0907,0.8029,0,0,16.8992,1.2183,1]},
{"frame":16,"values":[0.7984,-0.1897,-0.5714,0,0.0922,0.9764,-0.1954,0,0.595,0.1034,0.7971,0,0,16.8992,1.2183,1]},
{"frame":17,"values":[0.7962,-0.2012,-0.5705,0,0.0926,0.9725,-0.2138,0,0.5979,0.1174,0.793,0,0,16.8992,1.2183,1]},
{"frame":18,"values":[0.7928,-0.2203,-0.5683,0,0.105,0.9678,-0.2288,0,0.6004,0.1217,0.7904,0,0,16.8992,1.2183,1]},
{"frame":19,"values":[0.7882,-0.2302,-0.5707,0,0.121,0.9673,-0.223,0,0.6034,0.1067,0.7903,0,0,16.8992,1.2183,1]},
{"frame":20,"values":[0.7883,-0.2262,-0.5722,0,0.136,0.971,-0.1966,0,0.6001,0.0772,0.7962,0,0,16.8992,1.2183,1]},
{"frame":21,"values":[0.7833,-0.2436,-0.5719,0,0.1544,0.9674,-0.2005,0,0.6021,0.0688,0.7954,0,0,16.8992,1.2183,1]},
{"frame":22,"values":[0.7813,-0.2633,-0.5658,0,0.1643,0.9614,-0.2205,0,0.6021,0.0793,0.7945,0,0,16.8992,1.2183,1]},
{"frame":23,"values":[0.7967,-0.2409,-0.5543,0,0.1459,0.9667,-0.2104,0,0.5865,0.0868,0.8053,0,0,16.8992,1.2183,1]},
{"frame":24,"values":[0.8075,-0.2108,-0.5509,0,0.1257,0.974,-0.1886,0,0.5763,0.0831,0.813,0,0,16.8992,1.2183,1]},
{"frame":25,"values":[0.8092,-0.1919,-0.5553,0,0.1147,0.9786,-0.1711,0,0.5762,0.0748,0.8139,0,0,16.8992,1.2183,1]},
{"frame":26,"values":[0.8108,-0.1775,-0.5577,0,0.1049,0.9815,-0.16,0,0.5758,0.0712,0.8145,0,0,16.8992,1.2183,1]}],"loopBehavior":1,"name":"anim","property":"_matrix"}},
{"name":"HeadTop_End","index":6,"matrix":[1,0,0,0,0,1,0,0,0,0,1,0,0,22.2062,2.1925,1],"rest":[1,0,0,0,0,1,0,0,0,0,1,0,0,22.2062,2.1925,1],"parentBoneIndex":5,"length":22.3142
,"animation":{"dataType":3,"framePerSecond":24,"keys":[
{"frame":1,"values":[1,0,0,0,0,1,0,0,0,0,1,0,0,22.2062,2.1925,1]},
{"frame":26,"values":[1,0,0,0,0,1,0,0,0,0,1,0,0,22.2062,2.1925,1]}],"loopBehavior":1,"name":"anim","property":"_matrix"}},
{"name":"LeftShoulder","index":7,"matrix":[0.9933,-0.1089,-0.0379,0,0.1096,0.9938,0.0184,0,0.0357,-0.0225,0.9991,0,12.8964,26.7163,-4.5484,1],"rest":[1,0,0,0,0,1,0,0,0,0,1,0,12.8964,26.7163,-4.5484,1],"parentBoneIndex":3,"length":19.7122
,"animation":{"dataType":3,"framePerSecond":24,"keys":[
{"frame":1,"values":[0.9933,-0.1089,-0.0379,0,0.1096,0.9938,0.0184,0,0.0357,-0.0225,0.9991,0,12.8964,26.7163,-4.5484,1]},
{"frame":2,"values":[0.992,-0.1065,-0.0682,0,0.1082,0.9939,0.0225,0,0.0654,-0.0297,0.9974,0,12.8964,26.7163,-4.5484,1]},
{"frame":3,"values":[0.9896,-0.1064,-0.0963,0,0.1093,0.9937,0.0253,0,0.0931,-0.0355,0.995,0,12.8964,26.7163,-4.5484,1]},
{"frame":4,"values":[0.9873,-0.1067,-0.1179,0,0.1105,0.9935,0.0263,0,0.1143,-0.039,0.9927,0,12.8964,26.7163,-4.5484,1]},
{"frame":5,"values":[0.9861,-0.1061,-0.1281,0,0.1102,0.9936,0.0258,0,0.1245,-0.0396,0.9914,0,12.8964,26.7163,-4.5484,1]},
{"frame":6,"values":[0.9857,-0.1105,-0.1275,0,0.1145,0.9931,0.0245,0,0.1239,-0.0388,0.9915,0,12.8964,26.7163,-4.5484,1]},
{"frame":7,"values":[0.9858,-0.1199,-0.1175,0,0.1234,0.9921,0.0229,0,0.1138,-0.0371,0.9928,0,12.8964,26.7163,-4.5484,1]},
{"frame":8,"values":[0.9874,-0.1247,-0.0978,0,0.1273,0.9916,0.0212,0,0.0944,-0.0334,0.995,0,12.8964,26.7163,-4.5484,1]},
{"frame":9,"values":[0.9882,-0.1311,-0.0793,0,0.1329,0.991,0.0186,0,0.0762,-0.0289,0.9967,0,12.8964,26.7163,-4.5484,1]},
{"frame":10,"values":[0.9874,-0.1443,-0.0657,0,0.1456,0.9892,0.015,0,0.0628,-0.0244,0.9977,0,12.8964,26.7163,-4.5484,1]},
{"frame":11,"values":[0.9876,-0.1484,-0.0504,0,0.1491,0.9888,0.0115,0,0.0482,-0.0189,0.9987,0,12.8964,26.7163,-4.5484,1]},
{"frame":12,"values":[0.9885,-0.1474,-0.0352,0,0.1478,0.989,0.0084,0,0.0336,-0.0135,0.9993,0,12.8964,26.7163,-4.5484,1]},
{"frame":13,"values":[0.9888,-0.1475,-0.0218,0,0.1477,0.989,0.0061,0,0.0207,-0.0093,0.9997,0,12.8964,26.7163,-4.5484,1]},
{"frame":14,"values":[0.9895,-0.1443,-0.0072,0,0.1443,0.9895,0.0042,0,0.0065,-0.0052,1,0,12.8964,26.7163,-4.5484,1]},
{"frame":15,"values":[0.9899,-0.141,0.0106,0,0.141,0.99,0.002,0,-0.0108,-0.0005,0.9999,0,12.8964,26.7163,-4.5484,1]},
{"frame":16,"values":[0.9898,-0.1386,0.0324,0,0.1387,0.9903,0.0003,0,-0.0322,0.0042,0.9995,0,12.8964,26.7163,-4.5484,1]},
{"frame":17,"values":[0.9881,-0.142,0.0595,0,0.1423,0.9898,-0.0002,0,-0.0589,0.0087,0.9982,0,12.8964,26.7163,-4.5484,1]},
{"frame":18,"values":[0.9864,-0.1442,0.0791,0,0.1447,0.9895,-0.0011,0,-0.0781,0.0125,0.9969,0,12.8964,26.7163,-4.5484,1]},
{"frame":19,"values":[0.9857,-0.1436,0.0887,0,0.1443,0.9895,-0.0022,0,-0.0874,0.015,0.9961,0,12.8964,26.7163,-4.5484,1]},
{"frame":20,"values":[0.986,-0.1395,0.0914,0,0.1404,0.9901,-0.0027,0,-0.0901,0.0155,0.9958,0,12.8964,26.7163,-4.5484,1]},
{"frame":21,"values":[0.9867,-0.1351,0.0902,0,0.1358,0.9907,-0.0015,0,-0.0892,0.0137,0.9959,0,12.8964,26.7163,-4.5484,1]},
{"frame":22,"values":[0.9883,-0.1296,0.0808,0,0.1299,0.9915,0.0014,0,-0.0803,0.0091,0.9967,0,12.8964,26.7163,-4.5484,1]},
{"frame":23,"values":[0.9904,-0.1254,0.0589,0,0.1253,0.9921,0.0051,0,-0.0591,0.0023,0.9982,0,12.8964,26.7163,-4.5484,1]},
{"frame":24,"values":[0.9923,-0.1204,0.0276,0,0.1202,0.9927,0.0092,0,-0.0285,-0.0058,0.9996,0,12.8964,26.7163,-4.5484,1]},
{"frame":25,"values":[0.9936,-0.1132,-0.0058,0,0.1133,0.9935,0.0137,0,0.0042,-0.0143,0.9999,0,12.8964,26.7163,-4.5484,1]},
{"frame":26,"values":[0.9933,-0.1089,-0.0379,0,0.1096,0.9938,0.0184,0,0.0357,-0.0225,0.9991,0,12.8964,26.7163,-4.5484,1]}],"loopBehavior":1,"name":"anim","property":"_matrix"}},
{"name":"LeftArm","index":8,"matrix":[0.429,-0.883,0.1906,0,0.8376,0.4679,0.2821,0,-0.3383,0.0387,0.9403,0,19.027,-4.857,-1.7184,1],"rest":[1,0,0,0,0,1,0,0,0,0,1,0,19.027,-4.857,-1.7184,1],"parentBoneIndex":7,"length":24.1799
,"animation":{"dataType":3,"framePerSecond":24,"keys":[
{"frame":1,"values":[0.429,-0.883,0.1906,0,0.8376,0.4679,0.2821,0,-0.3383,0.0387,0.9403,0,19.027,-4.857,-1.7184,1]},
{"frame":2,"values":[0.4548,-0.8795,0.1404,0,0.8307,0.4758,0.2891,0,-0.321,-0.0149,0.947,0,19.027,-4.857,-1.7184,1]},
{"frame":3,"values":[0.4764,-0.8768,0.0661,0,0.8314,0.4736,0.2907,0,-0.2862,-0.0835,0.9545,0,19.027,-4.857,-1.7184,1]},
{"frame":4,"values":[0.4819,-0.8762,-0.011,0,0.8434,0.4604,0.2769,0,-0.2376,-0.1427,0.9608,0,19.027,-4.857,-1.7184,1]},
{"frame":5,"values":[0.4776,-0.8775,-0.0428,0,0.8543,0.4524,0.2561,0,-0.2054,-0.1589,0.9657,0,19.027,-4.857,-1.7184,1]},
{"frame":6,"values":[0.4875,-0.8726,-0.0301,0,0.8494,0.4659,0.2478,0,-0.2022,-0.1464,0.9683,0,19.027,-4.857,-1.7184,1]},
{"frame":7,"values":[0.5152,-0.857,-0.0133,0,0.8304,0.4953,0.2551,0,-0.212,-0.1425,0.9668,0,19.027,-4.857,-1.7184,1]},
{"frame":8,"values":[0.5413,-0.8408,0.0072,0,0.8098,0.5236,0.2647,0,-0.2263,-0.1374,0.9643,0,19.027,-4.857,-1.7184,1]},
{"frame":9,"values":[0.5509,-0.8335,0.0428,0,0.7977,0.541,0.2665,0,-0.2453,-0.1126,0.9629,0,19.027,-4.857,-1.7184,1]},
{"frame":10,"values":[0.5429,-0.8359,0.0801,0,0.7981,0.5433,0.2603,0,-0.2612,-0.0774,0.9622,0,19.027,-4.857,-1.7184,1]},
{"frame":11,"values":[0.5236,-0.845,0.109,0,0.807,0.5329,0.2546,0,-0.2732,-0.0453,0.9609,0,19.027,-4.857,-1.7184,1]},
{"frame":12,"values":[0.5034,-0.8532,0.1366,0,0.8129,0.5212,0.2599,0,-0.293,-0.0198,0.9559,0,19.027,-4.857,-1.7184,1]},
{"frame":13,"values":[0.4869,-0.8577,0.1652,0,0.8122,0.5142,0.2757,0,-0.3214,-0.0001,0.9469,0,19.027,-4.857,-1.7184,1]},
{"frame":14,"values":[0.4714,-0.8612,0.1899,0,0.8139,0.5078,0.2824,0,-0.3396,0.0214,0.9403,0,19.027,-4.857,-1.7184,1]},
{"frame":15,"values":[0.4725,-0.8551,0.2134,0,0.8091,0.5169,0.2798,0,-0.3496,0.0404,0.936,0,19.027,-4.857,-1.7184,1]},
{"frame":16,"values":[0.4915,-0.8393,0.2325,0,0.7976,0.541,0.2669,0,-0.3498,0.0543,0.9353,0,19.027,-4.857,-1.7184,1]},
{"frame":17,"values":[0.5091,-0.8237,0.2496,0,0.7892,0.5625,0.2466,0,-0.3435,0.0714,0.9364,0,19.027,-4.857,-1.7184,1]},
{"frame":18,"values":[0.5058,-0.8203,0.2669,0,0.7949,0.5634,0.2252,0,-0.3351,0.0982,0.9371,0,19.027,-4.857,-1.7184,1]},
{"frame":19,"values":[0.4853,-0.8275,0.2824,0,0.8089,0.5475,0.2141,0,-0.3318,0.1245,0.9351,0,19.027,-4.857,-1.7184,1]},
{"frame":20,"values":[0.4623,-0.8373,0.2919,0,0.8219,0.5282,0.2134,0,-0.3329,0.1413,0.9323,0,19.027,-4.857,-1.7184,1]},
{"frame":21,"values":[0.4359,-0.8499,0.296,0,0.836,0.5042,0.2165,0,-0.3332,0.153,0.9303,0,19.027,-4.857,-1.7184,1]},
{"frame":22,"values":[0.4056,-0.8639,0.2986,0,0.8476,0.4777,0.2309,0,-0.3421,0.1594,0.926,0,19.027,-4.857,-1.7184,1]},
{"frame":23,"values":[0.388,-0.8737,0.2933,0,0.8489,0.4627,0.2556,0,-0.359,0.1498,0.9212,0,19.027,-4.857,-1.7184,1]},
{"frame":24,"values":[0.3909,-0.8799,0.2701,0,0.8453,0.4593,0.273,0,-0.3643,0.1216,0.9233,0,19.027,-4.857,-1.7184,1]},
{"frame":25,"values":[0.4069,-0.8836,0.2317,0,0.8426,0.461,0.2784,0,-0.3528,0.0819,0.9321,0,19.027,-4.857,-1.7184,1]},
{"frame":26,"values":[0.429,-0.883,0.1906,0,0.8376,0.4679,0.2821,0,-0.3383,0.0387,0.9403,0,19.027,-4.857,-1.7184,1]}],"loopBehavior":1,"name":"anim","property":"_matrix"}},
{"name":"LeftForeArm","index":9,"matrix":[0.8743,0.0139,0.4852,0,0.0139,0.9985,-0.0536,0,-0.4852,0.0536,0.8727,0,24.1799,0,0,1],"rest":[1,0,0,0,0,1,0,0,0,0,1,0,24.1799,0,0,1],"parentBoneIndex":8,"length":27.1564
,"animation":{"dataType":3,"framePerSecond":24,"keys":[
{"frame":1,"values":[0.8743,0.0139,0.4852,0,0.0139,0.9985,-0.0536,0,-0.4852,0.0536,0.8727,0,24.1799,0,0,1]},
{"frame":2,"values":[0.9033,0.0107,0.4289,0,0.0107,0.9988,-0.0473,0,-0.4289,0.0473,0.9021,0,24.1799,0,0,1]},
{"frame":3,"values":[0.9159,0.0093,0.4013,0,0.0093,0.999,-0.0443,0,-0.4013,0.0443,0.9149,0,24.1799,0,0,1]},
{"frame":4,"values":[0.9254,0.0082,0.3789,0,0.0082,0.9991,-0.0418,0,-0.3789,0.0418,0.9245,0,24.1799,0,0,1]},
{"frame":5,"values":[0.9527,0.0052,0.3037,0,0.0052,0.9994,-0.0335,0,-0.3037,0.0335,0.9522,0,24.1799,0,0,1]},
{"frame":6,"values":[0.9798,0.0022,0.1997,0,0.0022,0.9998,-0.022,0,-0.1997,0.022,0.9796,0,24.1799,0,0,1]},
{"frame":7,"values":[0.9911,0.001,0.133,0,0.001,0.9999,-0.0147,0,-0.133,0.0147,0.991,0,24.1799,0,0,1]},
{"frame":8,"values":[0.9944,0.0006,0.1057,0,0.0006,0.9999,-0.0117,0,-0.1057,0.0117,0.9943,0,24.1799,0,0,1]},
{"frame":9,"values":[0.9952,0.0005,0.0982,0,0.0005,0.9999,-0.0108,0,-0.0982,0.0108,0.9951,0,24.1799,0,0,1]},
{"frame":10,"values":[0.9941,0.0007,0.1087,0,0.0007,0.9999,-0.012,0,-0.1087,0.012,0.994,0,24.1799,0,0,1]},
{"frame":11,"values":[0.9912,0.001,0.1325,0,0.001,0.9999,-0.0146,0,-0.1325,0.0146,0.9911,0,24.1799,0,0,1]},
{"frame":12,"values":[0.9865,0.0015,0.1637,0,0.0015,0.9998,-0.0181,0,-0.1637,0.0181,0.9863,0,24.1799,0,0,1]},
{"frame":13,"values":[0.9793,0.0023,0.2022,0,0.0023,0.9997,-0.0223,0,-0.2022,0.0223,0.9791,0,24.1799,0,0,1]},
{"frame":14,"values":[0.9676,0.0036,0.2524,0,0.0036,0.9996,-0.0279,0,-0.2524,0.0279,0.9672,0,24.1799,0,0,1]},
{"frame":15,"values":[0.9525,0.0052,0.3045,0,0.0052,0.9994,-0.0336,0,-0.3045,0.0336,0.9519,0,24.1799,0,0,1]},
{"frame":16,"values":[0.9352,0.0072,0.3541,0,0.0072,0.9992,-0.0391,0,-0.3541,0.0391,0.9344,0,24.1799,0,0,1]},
{"frame":17,"values":[0.9183,0.009,0.3957,0,0.009,0.999,-0.0437,0,-0.3957,0.0437,0.9173,0,24.1799,0,0,1]},
{"frame":18,"values":[0.9033,0.0107,0.4288,0,0.0107,0.9988,-0.0473,0,-0.4288,0.0473,0.9021,0,24.1799,0,0,1]},
{"frame":19,"values":[0.887,0.0125,0.4616,0,0.0125,0.9986,-0.051,0,-0.4616,0.051,0.8856,0,24.1799,0,0,1]},
{"frame":20,"values":[0.866,0.0148,0.4998,0,0.0148,0.9984,-0.0552,0,-0.4998,0.0552,0.8644,0,24.1799,0,0,1]},
{"frame":21,"values":[0.8451,0.0171,0.5344,0,0.0171,0.9981,-0.059,0,-0.5344,0.059,0.8432,0,24.1799,0,0,1]},
{"frame":22,"values":[0.831,0.0187,0.5559,0,0.0187,0.9979,-0.0614,0,-0.5559,0.0614,0.8289,0,24.1799,0,0,1]},
{"frame":23,"values":[0.825,0.0193,0.5648,0,0.0193,0.9979,-0.0624,0,-0.5648,0.0624,0.8229,0,24.1799,0,0,1]},
{"frame":24,"values":[0.8272,0.0191,0.5616,0,0.0191,0.9979,-0.062,0,-0.5616,0.062,0.8251,0,24.1799,0,0,1]},
{"frame":25,"values":[0.8438,0.0172,0.5364,0,0.0172,0.9981,-0.0592,0,-0.5364,0.0592,0.8419,0,24.1799,0,0,1]},
{"frame":26,"values":[0.8743,0.0139,0.4852,0,0.0139,0.9985,-0.0536,0,-0.4852,0.0536,0.8727,0,24.1799,0,0,1]}],"loopBehavior":1,"name":"anim","property":"_matrix"}},
{"name":"LeftHand","index":10,"matrix":[0.9599,0.0837,0.2677,0,-0.1012,0.9935,0.0525,0,-0.2616,-0.0775,0.9621,0,27.1564,0.0001,0,1],"rest":[1,0,0,0,0,1,0,0,0,0,1,0,27.1564,0.0001,0,1],"parentBoneIndex":9,"length":13.2912
,"animation":{"dataType":3,"framePerSecond":24,"keys":[
{"frame":1,"values":[0.9599,0.0837,0.2677,0,-0.1012,0.9935,0.0525,0,-0.2616,-0.0775,0.9621,0,27.1564,0.0001,0,1]},
{"frame":2,"values":[0.9812,0.0675,0.1808,0,-0.0802,0.9947,0.0637,0,-0.1755,-0.077,0.9815,0,27.1564,0.0001,0,1]},
{"frame":3,"values":[0.9946,0.0493,0.0909,0,-0.0581,0.9936,0.0972,0,-0.0855,-0.1019,0.9911,0,27.1564,0.0001,0,1]},
{"frame":4,"values":[0.9992,0.0381,0.0114,0,-0.0391,0.9922,0.1184,0,-0.0068,-0.1188,0.9929,0,27.1564,0.0001,0,1]},
{"frame":5,"values":[0.9991,0.0375,-0.0186,0,-0.0352,0.993,0.1128,0,0.0227,-0.112,0.9934,0,27.1564,0.0001,0,1]},
{"frame":6,"values":[0.9987,0.0502,-0.0121,0,-0.0488,0.9939,0.0985,0,0.017,-0.0977,0.9951,0,27.1564,0.0001,0,1]},
{"frame":7,"values":[0.9969,0.0764,-0.018,0,-0.0742,0.9922,0.1006,0,0.0256,-0.0989,0.9948,0,27.1564,0.0001,0,1]},
{"frame":8,"values":[0.9939,0.1053,-0.0323,0,-0.1011,0.9884,0.1131,0,0.0439,-0.1092,0.9931,0,27.1564,0.0001,0,1]},
{"frame":9,"values":[0.9936,0.1117,-0.0156,0,-0.1093,0.9878,0.1113,0,0.0278,-0.1089,0.9937,0,27.1564,0.0001,0,1]},
{"frame":10,"values":[0.9962,0.0776,0.0388,0,-0.0809,0.9925,0.0915,0,-0.0314,-0.0943,0.9951,0,27.1564,0.0001,0,1]},
{"frame":11,"values":[0.9957,0.0194,0.091,0,-0.0261,0.997,0.073,0,-0.0893,-0.075,0.9932,0,27.1564,0.0001,0,1]},
{"frame":12,"values":[0.9921,-0.0321,0.1216,0,0.024,0.9974,0.068,0,-0.1234,-0.0645,0.9903,0,27.1564,0.0001,0,1]},
{"frame":13,"values":[0.9879,-0.0557,0.1446,0,0.0462,0.9966,0.0683,0,-0.1479,-0.0608,0.9871,0,27.1564,0.0001,0,1]},
{"frame":14,"values":[0.9851,-0.0642,0.1596,0,0.0525,0.9957,0.0768,0,-0.1639,-0.0673,0.9842,0,27.1564,0.0001,0,1]},
{"frame":15,"values":[0.9829,-0.0691,0.1709,0,0.0538,0.9942,0.0926,0,-0.1763,-0.0819,0.9809,0,27.1564,0.0001,0,1]},
{"frame":16,"values":[0.9817,-0.0672,0.1782,0,0.0499,0.9937,0.0999,0,-0.1838,-0.0892,0.9789,0,27.1564,0.0001,0,1]},
{"frame":17,"values":[0.9811,-0.0561,0.1854,0,0.0394,0.9949,0.0925,0,-0.1896,-0.0834,0.9783,0,27.1564,0.0001,0,1]},
{"frame":18,"values":[0.9795,-0.0356,0.1982,0,0.0199,0.9966,0.0805,0,-0.2003,-0.0749,0.9769,0,27.1564,0.0001,0,1]},
{"frame":19,"values":[0.9755,-0.009,0.2196,0,-0.0101,0.9963,0.0854,0,-0.2196,-0.0856,0.9718,0,27.1564,0.0001,0,1]},
{"frame":20,"values":[0.9675,0.0197,0.2521,0,-0.0482,0.993,0.1074,0,-0.2482,-0.1161,0.9617,0,27.1564,0.0001,0,1]},
{"frame":21,"values":[0.9493,0.0508,0.3102,0,-0.0874,0.9906,0.1054,0,-0.3019,-0.1271,0.9448,0,27.1564,0.0001,0,1]},
{"frame":22,"values":[0.9142,0.0803,0.3972,0,-0.1209,0.9896,0.0782,0,-0.3868,-0.1195,0.9144,0,27.1564,0.0001,0,1]},
{"frame":23,"values":[0.8814,0.0967,0.4624,0,-0.1484,0.986,0.0767,0,-0.4485,-0.1362,0.8834,0,27.1564,0.0001,0,1]},
{"frame":24,"values":[0.8873,0.0985,0.4505,0,-0.1545,0.9839,0.0893,0,-0.4344,-0.1488,0.8883,0,27.1564,0.0001,0,1]},
{"frame":25,"values":[0.9257,0.0933,0.3665,0,-0.129,0.9889,0.0742,0,-0.3555,-0.116,0.9274,0,27.1564,0.0001,0,1]},
{"frame":26,"values":[0.9599,0.0837,0.2677,0,-0.1012,0.9935,0.0525,0,-0.2616,-0.0775,0.9621,0,27.1564,0.0001,0,1]}],"loopBehavior":1,"name":"anim","property":"_matrix"}},
{"name":"LeftHandIndex1","index":11,"matrix":[0.9369,-0.3337,0.1039,0,0.3389,0.9402,-0.0356,0,-0.0858,0.0686,0.9939,0,16.4412,0,0,1],"rest":[1,0,0,0,0,1,0,0,0,0,1,0,16.4412,0,0,1],"parentBoneIndex":10,"length":4.8219
,"animation":{"dataType":3,"framePerSecond":24,"keys":[
{"frame":1,"values":[0.9369,-0.3337,0.1039,0,0.3389,0.9402,-0.0356,0,-0.0858,0.0686,0.9939,0,16.4412,0,0,1]},
{"frame":2,"values":[0.9297,-0.3542,0.1013,0,0.3593,0.9325,-0.0371,0,-0.0813,0.0709,0.9942,0,16.4412,0,0,1]},
{"frame":3,"values":[0.9167,-0.3866,0.1006,0,0.392,0.9191,-0.0402,0,-0.0769,0.0763,0.9941,0,16.4412,0,0,1]},
{"frame":4,"values":[0.9103,-0.4014,0.1016,0,0.407,0.9125,-0.042,0,-0.0758,0.0796,0.9939,0,16.4412,0,0,1]},
{"frame":5,"values":[0.9128,-0.3955,0.1014,0,0.4011,0.9151,-0.0414,0,-0.0765,0.0785,0.994,0,16.4412,0,0,1]},
{"frame":6,"values":[0.915,-0.3911,0.0989,0,0.3964,0.9172,-0.0404,0,-0.075,0.0762,0.9943,0,16.4412,0,0,1]},
{"frame":7,"values":[0.911,-0.4007,0.0971,0,0.4059,0.913,-0.041,0,-0.0722,0.0768,0.9944,0,16.4412,0,0,1]},
{"frame":8,"values":[0.8991,-0.4263,0.0991,0,0.432,0.9008,-0.0443,0,-0.0704,0.0826,0.9941,0,16.4412,0,0,1]},
{"frame":9,"values":[0.8835,-0.4569,0.1033,0,0.4633,0.8849,-0.0485,0,-0.0692,0.0907,0.9935,0,16.4412,0,0,1]},
{"frame":10,"values":[0.8782,-0.4664,0.1063,0,0.4732,0.8795,-0.05,0,-0.0702,0.0942,0.9931,0,16.4412,0,0,1]},
{"frame":11,"values":[0.8878,-0.4472,0.1083,0,0.454,0.8897,-0.0482,0,-0.0749,0.0919,0.9929,0,16.4412,0,0,1]},
{"frame":12,"values":[0.9034,-0.4145,0.1101,0,0.4211,0.9059,-0.045,0,-0.0811,0.087,0.9929,0,16.4412,0,0,1]},
{"frame":13,"values":[0.9148,-0.3887,0.1097,0,0.395,0.9177,-0.0423,0,-0.0842,0.0821,0.9931,0,16.4412,0,0,1]},
{"frame":14,"values":[0.9119,-0.3961,0.108,0,0.4023,0.9145,-0.0429,0,-0.0818,0.0825,0.9932,0,16.4412,0,0,1]},
{"frame":15,"values":[0.8972,-0.429,0.1052,0,0.4353,0.8991,-0.0458,0,-0.0749,0.0869,0.9934,0,16.4412,0,0,1]},
{"frame":16,"values":[0.8721,-0.4789,0.1002,0,0.4851,0.873,-0.0503,0,-0.0634,0.0925,0.9937,0,16.4412,0,0,1]},
{"frame":17,"values":[0.8531,-0.513,0.0957,0,0.519,0.8531,-0.0535,0,-0.0542,0.0953,0.994,0,16.4412,0,0,1]},
{"frame":18,"values":[0.8582,-0.5043,0.0956,0,0.5103,0.8584,-0.0526,0,-0.0556,0.0939,0.994,0,16.4412,0,0,1]},
{"frame":19,"values":[0.8789,-0.4666,0.0994,0,0.4727,0.8799,-0.0489,0,-0.0647,0.09,0.9938,0,16.4412,0,0,1]},
{"frame":20,"values":[0.899,-0.4257,0.1028,0,0.4317,0.9009,-0.045,0,-0.0735,0.0848,0.9937,0,16.4412,0,0,1]},
{"frame":21,"values":[0.9194,-0.3793,0.1042,0,0.3849,0.9221,-0.0402,0,-0.0808,0.0771,0.9937,0,16.4412,0,0,1]},
{"frame":22,"values":[0.9346,-0.3393,0.1066,0,0.3447,0.938,-0.0367,0,-0.0876,0.0711,0.9936,0,16.4412,0,0,1]},
{"frame":23,"values":[0.9379,-0.3292,0.1094,0,0.3348,0.9416,-0.0363,0,-0.091,0.0707,0.9933,0,16.4412,0,0,1]},
{"frame":24,"values":[0.9359,-0.3348,0.1093,0,0.3404,0.9395,-0.0368,0,-0.0904,0.0717,0.9933,0,16.4412,0,0,1]},
{"frame":25,"values":[0.9364,-0.3343,0.1069,0,0.3396,0.9399,-0.0363,0,-0.0883,0.0703,0.9936,0,16.4412,0,0,1]},
{"frame":26,"values":[0.9369,-0.3337,0.1039,0,0.3389,0.9402,-0.0356,0,-0.0858,0.0686,0.9939,0,16.4412,0,0,1]}],"loopBehavior":1,"name":"anim","property":"_matrix"}},
{"name":"LeftHandIndex2","index":12,"matrix":[0.8744,-0.4826,-0.0495,0,0.4826,0.8758,-0.0127,0,0.0495,-0.0127,0.9987,0,4.8219,0.0001,0,1],"rest":[1,0,0,0,0,1,0,0,0,0,1,0,4.8219,0.0001,0,1],"parentBoneIndex":11,"length":6.3865
,"animation":{"dataType":3,"framePerSecond":24,"keys":[
{"frame":1,"values":[0.8744,-0.4826,-0.0495,0,0.4826,0.8758,-0.0127,0,0.0495,-0.0127,0.9987,0,4.8219,0.0001,0,1]},
{"frame":2,"values":[0.8745,-0.4824,-0.0494,0,0.4824,0.8758,-0.0127,0,0.0494,-0.0127,0.9987,0,4.8219,0.0001,0,1]},
{"frame":3,"values":[0.875,-0.4817,-0.0494,0,0.4817,0.8763,-0.0127,0,0.0494,-0.0127,0.9987,0,4.8219,0.0001,0,1]},
{"frame":4,"values":[0.8756,-0.4805,-0.0492,0,0.4805,0.8769,-0.0126,0,0.0492,-0.0126,0.9987,0,4.8219,0.0001,0,1]},
{"frame":5,"values":[0.8767,-0.4786,-0.049,0,0.4786,0.878,-0.0125,0,0.049,-0.0125,0.9987,0,4.8219,0.0001,0,1]},
{"frame":6,"values":[0.8773,-0.4775,-0.0489,0,0.4775,0.8785,-0.0124,0,0.0489,-0.0124,0.9987,0,4.8219,0.0001,0,1]},
{"frame":7,"values":[0.8776,-0.4769,-0.0489,0,0.4769,0.8789,-0.0124,0,0.0489,-0.0124,0.9987,0,4.8219,0.0001,0,1]},
{"frame":8,"values":[0.8785,-0.4752,-0.0487,0,0.4752,0.8798,-0.0123,0,0.0487,-0.0123,0.9987,0,4.8219,0.0001,0,1]},
{"frame":9,"values":[0.8788,-0.4746,-0.0486,0,0.4746,0.8801,-0.0123,0,0.0486,-0.0123,0.9987,0,4.8219,0.0001,0,1]},
{"frame":10,"values":[0.8779,-0.4763,-0.0488,0,0.4763,0.8792,-0.0124,0,0.0488,-0.0124,0.9987,0,4.8219,0.0001,0,1]},
{"frame":11,"values":[0.8772,-0.4777,-0.049,0,0.4777,0.8784,-0.0125,0,0.049,-0.0125,0.9987,0,4.8219,0.0001,0,1]},
{"frame":12,"values":[0.877,-0.4779,-0.049,0,0.4779,0.8783,-0.0125,0,0.049,-0.0125,0.9987,0,4.8219,0.0001,0,1]},
{"frame":13,"values":[0.8765,-0.4789,-0.0491,0,0.4789,0.8778,-0.0125,0,0.0491,-0.0125,0.9987,0,4.8219,0.0001,0,1]},
{"frame":14,"values":[0.8756,-0.4804,-0.0492,0,0.4804,0.8769,-0.0126,0,0.0492,-0.0126,0.9987,0,4.8219,0.0001,0,1]},
{"frame":15,"values":[0.8755,-0.4807,-0.0493,0,0.4807,0.8768,-0.0126,0,0.0493,-0.0126,0.9987,0,4.8219,0.0001,0,1]},
