{"producer":{"name":"Blender","version":"2.90.0","exporter_version":"2.80.1","file":"turnleft.babylon"},
"autoClear":true,"clearColor":[0.0509,0.0509,0.0509],"gravity":[0,-9.81,0],
"materials":[{"name":"Material","id":"Material","customType":"BABYLON.PBRMaterial","backFaceCulling":true,"checkReadyOnlyOnce":false,"maxSimultaneousLights":4,"environmentIntensity":1,"albedo":[0.8,0.8,0.8],"reflectivity":[0.5,0.5,0.5],"roughness":0.4,"alpha":1,"transparencyMode":0,"alphaCutOff":0.4,"metallic":0}],
"multiMaterials":[],
"skeletons":[{"name":"Armature","id":0,"dimensionsAtRest":[232.1761,222.9347,36.3014],"bones":[
{"name":"Hips","index":0,"matrix":[0.9917,-0.0666,-0.1104,0,0.0733,0.9957,0.0574,0,-0.1061,0.0651,-0.9922,0,0.5811,86.5546,-1.2593,1],"rest":[1,0,0,0,0,1,0,0,0,0,-1,0,0,89.0054,0,1],"parentBoneIndex":-1,"length":14.2998
,"animation":{"dataType":3,"framePerSecond":24,"keys":[
{"frame":1,"values":[0.9917,-0.0666,-0.1104,0,0.0733,0.9957,0.0574,0,-0.1061,0.0651,-0.9922,0,0.5811,86.5546,-1.2593,1]},
{"frame":2,"values":[0.9917,-0.0666,-0.1104,0,0.0733,0.9957,0.0574,0,-0.1061,0.0651,-0.9922,0,0.4927,86.3173,-0.5304,1]},
{"frame":3,"values":[0.9917,-0.0666,-0.1104,0,0.0733,0.9957,0.0574,0,-0.1061,0.0651,-0.9922,0,0.2122,86.1402,0.3582,1]},
{"frame":4,"values":[0.9917,-0.0666,-0.1104,0,0.0733,0.9957,0.0574,0,-0.1061,0.0651,-0.9922,0,-0.3813,86.3275,1.49,1]},
{"frame":5,"values":[0.9917,-0.0666,-0.1104,0,0.0733,0.9957,0.0574,0,-0.1061,0.0651,-0.9922,0,-1.2332,86.8113,2.6862,1]},
{"frame":6,"values":[0.9917,-0.0666,-0.1104,0,0.0733,0.9957,0.0574,0,-0.1061,0.0651,-0.9922,0,-2.06,86.9851,3.8227,1]},
{"frame":7,"values":[0.9917,-0.0666,-0.1104,0,0.0733,0.9957,0.0574,0,-0.1061,0.0651,-0.9922,0,-2.8207,86.9669,4.9066,1]},
{"frame":8,"values":[0.9917,-0.0666,-0.1104,0,0.0733,0.9957,0.0574,0,-0.1061,0.0651,-0.9922,0,-3.4452,86.8792,5.9434,1]},
{"frame":9,"values":[0.9917,-0.0666,-0.1104,0,0.0733,0.9957,0.0574,0,-0.1061,0.0651,-0.9922,0,-3.7477,86.6999,6.9057,1]},
{"frame":10,"values":[0.9917,-0.0666,-0.1104,0,0.0733,0.9957,0.0574,0,-0.1061,0.0651,-0.9922,0,-3.574,86.5709,7.7998,1]},
{"frame":11,"values":[0.9917,-0.0666,-0.1104,0,0.0733,0.9957,0.0574,0,-0.1061,0.0651,-0.9922,0,-3.2719,86.2075,8.6236,1]},
{"frame":12,"values":[0.9917,-0.0666,-0.1104,0,0.0733,0.9957,0.0574,0,-0.1061,0.0651,-0.9922,0,-3.255,85.6057,9.2007,1]},
{"frame":13,"values":[0.9917,-0.0666,-0.1104,0,0.0733,0.9957,0.0574,0,-0.1061,0.0651,-0.9922,0,-3.2652,85.2696,9.5065,1]},
{"frame":14,"values":[0.9917,-0.0666,-0.1104,0,0.0733,0.9957,0.0574,0,-0.1061,0.0651,-0.9922,0,-3.2803,85.3049,9.1527,1]},
{"frame":15,"values":[0.9917,-0.0666,-0.1104,0,0.0733,0.9957,0.0574,0,-0.1061,0.0651,-0.9922,0,-3.1645,85.6158,8.2604,1]},
{"frame":16,"values":[0.9917,-0.0666,-0.1104,0,0.0733,0.9957,0.0574,0,-0.1061,0.0651,-0.9922,0,-2.8461,86.1674,7.209,1]},
{"frame":17,"values":[0.9917,-0.0666,-0.1104,0,0.0733,0.9957,0.0574,0,-0.1061,0.0651,-0.9922,0,-2.2273,86.6558,5.9747,1]},
{"frame":18,"values":[0.9917,-0.0666,-0.1104,0,0.0733,0.9957,0.0574,0,-0.1061,0.0651,-0.9922,0,-1.1359,86.8037,4.4229,1]},
{"frame":19,"values":[0.9917,-0.0666,-0.1104,0,0.0733,0.9957,0.0574,0,-0.1061,0.0651,-0.9922,0,-0.1292,86.7496,3.0089,1]},
{"frame":20,"values":[0.9917,-0.0666,-0.1104,0,0.0733,0.9957,0.0574,0,-0.1061,0.0651,-0.9922,0,0.6017,86.7071,1.875,1]},
{"frame":21,"values":[0.9917,-0.0666,-0.1104,0,0.0733,0.9957,0.0574,0,-0.1061,0.0651,-0.9922,0,1.0307,86.6311,1.1291,1]},
{"frame":22,"values":[0.9917,-0.0666,-0.1104,0,0.0733,0.9957,0.0574,0,-0.1061,0.0651,-0.9922,0,1.2242,86.5772,0.6822,1]},
{"frame":23,"values":[0.9917,-0.0666,-0.1104,0,0.0733,0.9957,0.0574,0,-0.1061,0.0651,-0.9922,0,1.2594,86.5545,0.5811,1]}],"loopBehavior":1,"name":"anim","property":"_matrix"}},
{"name":"Spine","index":1,"matrix":[0.9979,0.0603,-0.0241,0,-0.0587,0.9965,0.0589,0,0.0276,-0.0574,0.998,0,0.1169,10.681,0.3734,1],"rest":[1,0,0,0,0,1,0,0,0,0,1,0,0.1169,10.681,0.3734,1],"parentBoneIndex":0,"length":13.8405
,"animation":{"dataType":3,"framePerSecond":24,"keys":[
{"frame":1,"values":[0.9979,0.0603,-0.0241,0,-0.0587,0.9965,0.0589,0,0.0276,-0.0574,0.998,0,0.1169,10.681,0.3734,1]},
{"frame":2,"values":[0.9976,0.0623,-0.029,0,-0.0604,0.9963,0.0611,0,0.0327,-0.0592,0.9977,0,0.1169,10.681,0.3734,1]},
{"frame":3,"values":[0.9975,0.0621,-0.0327,0,-0.0599,0.9961,0.0643,0,0.0366,-0.0621,0.9974,0,0.1169,10.681,0.3734,1]},
{"frame":4,"values":[0.9979,0.0543,-0.0365,0,-0.0517,0.9963,0.068,0,0.0401,-0.066,0.997,0,0.1169,10.681,0.3734,1]},
{"frame":5,"values":[0.9983,0.042,-0.0415,0,-0.039,0.9967,0.0707,0,0.0444,-0.0689,0.9966,0,0.1169,10.681,0.3734,1]},
{"frame":6,"values":[0.9984,0.0305,-0.0469,0,-0.0272,0.9971,0.0706,0,0.049,-0.0692,0.9964,0,0.1169,10.681,0.3734,1]},
{"frame":7,"values":[0.9985,0.0224,-0.0505,0,-0.019,0.9975,0.0685,0,0.0519,-0.0674,0.9964,0,0.1169,10.681,0.3734,1]},
{"frame":8,"values":[0.9984,0.0172,-0.053,0,-0.0137,0.9977,0.066,0,0.054,-0.0652,0.9964,0,0.1169,10.681,0.3734,1]},
{"frame":9,"values":[0.9981,0.0206,-0.0579,0,-0.0169,0.9978,0.0636,0,0.0591,-0.0625,0.9963,0,0.1169,10.681,0.3734,1]},
{"frame":10,"values":[0.9975,0.0305,-0.0642,0,-0.0266,0.9978,0.0606,0,0.0659,-0.0588,0.9961,0,0.1169,10.681,0.3734,1]},
{"frame":11,"values":[0.9972,0.035,-0.0661,0,-0.0311,0.9978,0.0585,0,0.068,-0.0563,0.9961,0,0.1169,10.681,0.3734,1]},
{"frame":12,"values":[0.9976,0.0298,-0.0618,0,-0.0262,0.9979,0.0588,0,0.0634,-0.0571,0.9964,0,0.1169,10.681,0.3734,1]},
{"frame":13,"values":[0.9982,0.0284,-0.0537,0,-0.0251,0.9979,0.0603,0,0.0553,-0.0589,0.9967,0,0.1169,10.681,0.3734,1]},
{"frame":14,"values":[0.9984,0.0312,-0.0465,0,-0.0283,0.9977,0.0616,0,0.0483,-0.0602,0.997,0,0.1169,10.681,0.3734,1]},
{"frame":15,"values":[0.9986,0.033,-0.0423,0,-0.0302,0.9974,0.0652,0,0.0444,-0.0638,0.997,0,0.1169,10.681,0.3734,1]},
{"frame":16,"values":[0.9987,0.0326,-0.0384,0,-0.0298,0.997,0.071,0,0.0406,-0.0698,0.9967,0,0.1169,10.681,0.3734,1]},
{"frame":17,"values":[0.9991,0.0277,-0.0314,0,-0.0253,0.9969,0.0741,0,0.0334,-0.0733,0.9968,0,0.1169,10.681,0.3734,1]},
{"frame":18,"values":[0.9995,0.0208,-0.0227,0,-0.0191,0.9972,0.0721,0,0.0242,-0.0716,0.9971,0,0.1169,10.681,0.3734,1]},
{"frame":19,"values":[0.9997,0.0155,-0.0164,0,-0.0144,0.9976,0.0681,0,0.0174,-0.0678,0.9975,0,0.1169,10.681,0.3734,1]},
{"frame":20,"values":[0.9997,0.0205,-0.0143,0,-0.0196,0.9977,0.0646,0,0.0156,-0.0643,0.9978,0,0.1169,10.681,0.3734,1]},
{"frame":21,"values":[0.9993,0.0347,-0.0164,0,-0.0336,0.9975,0.0618,0,0.0185,-0.0612,0.998,0,0.1169,10.681,0.3734,1]},
{"frame":22,"values":[0.9985,0.0502,-0.0209,0,-0.0488,0.997,0.0599,0,0.0238,-0.0588,0.998,0,0.1169,10.681,0.3734,1]},
{"frame":23,"values":[0.9979,0.0602,-0.0241,0,-0.0587,0.9965,0.0589,0,0.0276,-0.0574,0.998,0,0.1169,10.681,0.3734,1]}],"loopBehavior":1,"name":"anim","property":"_matrix"}},
{"name":"Spine1","index":2,"matrix":[0.9995,0.0296,-0.0056,0,-0.0295,0.9994,0.0204,0,0.0062,-0.0202,0.9998,0,0,13.8404,0.0535,1],"rest":[1,0,0,0,0,1,0,0,0,0,1,0,0,13.8404,0.0535,1],"parentBoneIndex":1,"length":14.7173
,"animation":{"dataType":3,"framePerSecond":24,"keys":[
{"frame":1,"values":[0.9995,0.0296,-0.0056,0,-0.0295,0.9994,0.0204,0,0.0062,-0.0202,0.9998,0,0,13.8404,0.0535,1]},
{"frame":2,"values":[0.9995,0.0303,-0.0088,0,-0.0301,0.9993,0.0226,0,0.0095,-0.0223,0.9997,0,0,13.8404,0.0535,1]},
{"frame":3,"values":[0.9994,0.0336,-0.0114,0,-0.0333,0.9991,0.0255,0,0.0123,-0.0251,0.9996,0,0,13.8404,0.0535,1]},
{"frame":4,"values":[0.9991,0.0391,-0.0149,0,-0.0386,0.9988,0.0292,0,0.016,-0.0286,0.9995,0,0,13.8404,0.0535,1]},
{"frame":5,"values":[0.9988,0.0456,-0.0197,0,-0.0449,0.9985,0.0323,0,0.0211,-0.0314,0.9993,0,0,13.8404,0.0535,1]},
{"frame":6,"values":[0.9983,0.053,-0.0246,0,-0.0522,0.9981,0.0332,0,0.0264,-0.0318,0.9991,0,0,13.8404,0.0535,1]},
{"frame":7,"values":[0.9977,0.0614,-0.0279,0,-0.0605,0.9976,0.0322,0,0.0298,-0.0304,0.9991,0,0,13.8404,0.0535,1]},
{"frame":8,"values":[0.997,0.0706,-0.0304,0,-0.0697,0.9971,0.0308,0,0.0325,-0.0286,0.9991,0,0,13.8404,0.0535,1]},
{"frame":9,"values":[0.9962,0.0797,-0.0355,0,-0.0787,0.9965,0.029,0,0.0377,-0.0261,0.9989,0,0,13.8404,0.0535,1]},
{"frame":10,"values":[0.9954,0.0858,-0.0422,0,-0.0848,0.9961,0.0255,0,0.0442,-0.0218,0.9988,0,0,13.8404,0.0535,1]},
{"frame":11,"values":[0.9952,0.087,-0.0453,0,-0.086,0.9961,0.0218,0,0.0471,-0.0178,0.9987,0,0,13.8404,0.0535,1]},
{"frame":12,"values":[0.9952,0.0877,-0.0428,0,-0.0868,0.996,0.0205,0,0.0444,-0.0167,0.9989,0,0,13.8404,0.0535,1]},
{"frame":13,"values":[0.9953,0.0901,-0.0365,0,-0.0894,0.9958,0.0207,0,0.0383,-0.0173,0.9991,0,0,13.8404,0.0535,1]},
{"frame":14,"values":[0.9955,0.0899,-0.0313,0,-0.0893,0.9958,0.0206,0,0.033,-0.0177,0.9993,0,0,13.8404,0.0535,1]},
{"frame":15,"values":[0.9959,0.0849,-0.0313,0,-0.0843,0.9962,0.0227,0,0.0331,-0.0199,0.9993,0,0,13.8404,0.0535,1]},
{"frame":16,"values":[0.9964,0.0783,-0.0323,0,-0.0774,0.9966,0.0269,0,0.0343,-0.0243,0.9991,0,0,13.8404,0.0535,1]},
{"frame":17,"values":[0.9973,0.0699,-0.0242,0,-0.0692,0.9972,0.0277,0,0.0261,-0.0259,0.9993,0,0,13.8404,0.0535,1]},
{"frame":18,"values":[0.9982,0.059,-0.0107,0,-0.0587,0.998,0.0244,0,0.0121,-0.0237,0.9996,0,0,13.8404,0.0535,1]},
{"frame":19,"values":[0.9988,0.0489,-0.0028,0,-0.0488,0.9986,0.0221,0,0.0038,-0.022,0.9998,0,0,13.8404,0.0535,1]},
{"frame":20,"values":[0.9991,0.0423,-0.0004,0,-0.0423,0.9989,0.0218,0,0.0013,-0.0218,0.9998,0,0,13.8404,0.0535,1]},
{"frame":21,"values":[0.9993,0.0374,-0.0007,0,-0.0374,0.9991,0.0215,0,0.0015,-0.0214,0.9998,0,0,13.8404,0.0535,1]},
{"frame":22,"values":[0.9995,0.0327,-0.0032,0,-0.0327,0.9993,0.0207,0,0.0039,-0.0206,0.9998,0,0,13.8404,0.0535,1]},
{"frame":23,"values":[0.9995,0.0296,-0.0057,0,-0.0295,0.9994,0.0204,0,0.0063,-0.0202,0.9998,0,0,13.8404,0.0535,1]}],"loopBehavior":1,"name":"anim","property":"_matrix"}},
{"name":"Spine2","index":3,"matrix":[0.9995,0.0297,-0.0061,0,-0.0296,0.9994,0.0199,0,0.0067,-0.0198,0.9998,0,0,14.7127,-0.3662,1],"rest":[1,0,0,0,0,1,0,0,0,0,1,0,0,14.7127,-0.3662,1],"parentBoneIndex":2,"length":31.8652
,"animation":{"dataType":3,"framePerSecond":24,"keys":[
{"frame":1,"values":[0.9995,0.0297,-0.0061,0,-0.0296,0.9994,0.0199,0,0.0067,-0.0198,0.9998,0,0,14.7127,-0.3662,1]},
{"frame":2,"values":[0.9995,0.029,-0.0093,0,-0.0288,0.9993,0.022,0,0.0099,-0.0217,0.9997,0,0,14.7127,-0.3662,1]},
{"frame":3,"values":[0.9995,0.0292,-0.0118,0,-0.0289,0.9993,0.0248,0,0.0125,-0.0245,0.9996,0,0,14.7127,-0.3662,1]},
{"frame":4,"values":[0.9995,0.0296,-0.0148,0,-0.0292,0.9992,0.0285,0,0.0157,-0.028,0.9995,0,0,14.7127,-0.3662,1]},
{"frame":5,"values":[0.9994,0.0297,-0.0191,0,-0.0291,0.9991,0.0314,0,0.02,-0.0308,0.9993,0,0,14.7127,-0.3662,1]},
{"frame":6,"values":[0.9993,0.0298,-0.0234,0,-0.0291,0.9991,0.0319,0,0.0243,-0.0312,0.9992,0,0,14.7127,-0.3662,1]},
{"frame":7,"values":[0.9992,0.0302,-0.0258,0,-0.0294,0.9991,0.0307,0,0.0267,-0.0299,0.9992,0,0,14.7127,-0.3662,1]},
{"frame":8,"values":[0.9991,0.0311,-0.0275,0,-0.0303,0.9991,0.0291,0,0.0284,-0.0282,0.9992,0,0,14.7127,-0.3662,1]},
{"frame":9,"values":[0.999,0.0321,-0.0317,0,-0.0313,0.9992,0.0269,0,0.0326,-0.0258,0.9991,0,0,14.7127,-0.3662,1]},
{"frame":10,"values":[0.9988,0.0307,-0.0375,0,-0.0299,0.9993,0.0229,0,0.0382,-0.0217,0.999,0,0,14.7127,-0.3662,1]},
{"frame":11,"values":[0.9989,0.0253,-0.0398,0,-0.0245,0.9995,0.0189,0,0.0402,-0.0179,0.999,0,0,14.7127,-0.3662,1]},
{"frame":12,"values":[0.9991,0.0205,-0.0368,0,-0.0198,0.9996,0.0178,0,0.0371,-0.017,0.9992,0,0,14.7127,-0.3662,1]},
{"frame":13,"values":[0.9994,0.0187,-0.0303,0,-0.0182,0.9997,0.0185,0,0.0306,-0.0179,0.9994,0,0,14.7127,-0.3662,1]},
{"frame":14,"values":[0.9996,0.0166,-0.0247,0,-0.0161,0.9997,0.019,0,0.025,-0.0186,0.9995,0,0,14.7127,-0.3662,1]},
{"frame":15,"values":[0.9996,0.0147,-0.0247,0,-0.0142,0.9997,0.0217,0,0.025,-0.0214,0.9995,0,0,14.7127,-0.3662,1]},
{"frame":16,"values":[0.9995,0.0171,-0.0265,0,-0.0163,0.9995,0.0265,0,0.0269,-0.026,0.9993,0,0,14.7127,-0.3662,1]},
{"frame":17,"values":[0.9996,0.0214,-0.0196,0,-0.0209,0.9994,0.0276,0,0.0202,-0.0272,0.9994,0,0,14.7127,-0.3662,1]},
{"frame":18,"values":[0.9997,0.0244,-0.0074,0,-0.0243,0.9994,0.0244,0,0.008,-0.0242,0.9997,0,0,14.7127,-0.3662,1]},
{"frame":19,"values":[0.9996,0.028,-0.001,0,-0.028,0.9994,0.022,0,0.0016,-0.022,0.9998,0,0,14.7127,-0.3662,1]},
{"frame":20,"values":[0.9995,0.0324,-0.0001,0,-0.0324,0.9992,0.0215,0,0.0008,-0.0215,0.9998,0,0,14.7127,-0.3662,1]},
{"frame":21,"values":[0.9994,0.0341,-0.0012,0,-0.034,0.9992,0.021,0,0.0019,-0.021,0.9998,0,0,14.7127,-0.3662,1]},
{"frame":22,"values":[0.9995,0.0319,-0.0037,0,-0.0319,0.9993,0.0203,0,0.0044,-0.0201,0.9998,0,0,14.7127,-0.3662,1]},
{"frame":23,"values":[0.9995,0.0297,-0.0061,0,-0.0296,0.9994,0.0199,0,0.0067,-0.0198,0.9998,0,0,14.7127,-0.3662,1]}],"loopBehavior":1,"name":"anim","property":"_matrix"}},
{"name":"Neck","index":4,"matrix":[1,0.0078,0.0021,0,-0.0079,0.9952,0.098,0,-0.0014,-0.098,0.9952,0,0,35.4155,-3.3142,1],"rest":[1,0,0,0,0,1,0,0,0,0,1,0,0,35.4155,-3.3142,1],"parentBoneIndex":3,"length":16.9431
,"animation":{"dataType":3,"framePerSecond":24,"keys":[
{"frame":1,"values":[1,0.0078,0.0021,0,-0.0079,0.9952,0.098,0,-0.0014,-0.098,0.9952,0,0,35.4155,-3.3142,1]},
{"frame":2,"values":[0.9999,0.0009,-0.0158,0,0.0007,0.9953,0.0967,0,0.0158,-0.0967,0.9952,0,0,35.4155,-3.3142,1]},
{"frame":3,"values":[0.9988,-0.0091,-0.0474,0,0.0139,0.9946,0.1024,0,0.0462,-0.1029,0.9936,0,0,35.4155,-3.3142,1]},
{"frame":4,"values":[0.996,-0.0184,-0.0871,0,0.0283,0.9931,0.1136,0,0.0844,-0.1156,0.9897,0,0,35.4155,-3.3142,1]},
{"frame":5,"values":[0.9921,-0.0235,-0.1235,0,0.0391,0.9914,0.1252,0,0.1195,-0.1291,0.9844,0,0,35.4155,-3.3142,1]},
{"frame":6,"values":[0.9887,-0.0246,-0.1476,0,0.0446,0.9901,0.1334,0,0.1429,-0.1385,0.98,0,0,35.4155,-3.3142,1]},
{"frame":7,"values":[0.987,-0.0245,-0.159,0,0.0466,0.9895,0.1369,0,0.154,-0.1425,0.9777,0,0,35.4155,-3.3142,1]},
{"frame":8,"values":[0.9865,-0.0247,-0.1622,0,0.0474,0.9894,0.1375,0,0.1571,-0.1433,0.9771,0,0,35.4155,-3.3142,1]},
{"frame":9,"values":[0.9868,-0.0253,-0.1602,0,0.0477,0.9893,0.1381,0,0.155,-0.1439,0.9774,0,0,35.4155,-3.3142,1]},
{"frame":10,"values":[0.9876,-0.0258,-0.1548,0,0.0477,0.9891,0.1392,0,0.1496,-0.1448,0.9781,0,0,35.4155,-3.3142,1]},
{"frame":11,"values":[0.9888,-0.0249,-0.1472,0,0.0455,0.9894,0.1382,0,0.1422,-0.1433,0.9794,0,0,35.4155,-3.3142,1]},
{"frame":12,"values":[0.9903,-0.0212,-0.1371,0,0.0399,0.9901,0.1349,0,0.1329,-0.139,0.9813,0,0,35.4155,-3.3142,1]},
{"frame":13,"values":[0.9922,-0.0168,-0.1239,0,0.0332,0.9907,0.1317,0,0.1205,-0.1348,0.9835,0,0,35.4155,-3.3142,1]},
{"frame":14,"values":[0.9941,-0.014,-0.108,0,0.028,0.9912,0.1291,0,0.1053,-0.1313,0.9857,0,0,35.4155,-3.3142,1]},
{"frame":15,"values":[0.9959,-0.0112,-0.0901,0,0.0224,0.992,0.1246,0,0.088,-0.1261,0.9881,0,0,35.4155,-3.3142,1]},
{"frame":16,"values":[0.9975,-0.0061,-0.0707,0,0.0144,0.9929,0.1177,0,0.0695,-0.1184,0.9905,0,0,35.4155,-3.3142,1]},
{"frame":17,"values":[0.9987,0.0004,-0.0507,0,0.0052,0.9939,0.11,0,0.0505,-0.1101,0.9926,0,0,35.4155,-3.3142,1]},
{"frame":18,"values":[0.9995,0.0062,-0.0318,0,-0.0029,0.9946,0.1033,0,0.0322,-0.1032,0.9941,0,0,35.4155,-3.3142,1]},
{"frame":19,"values":[0.9998,0.0092,-0.0164,0,-0.0075,0.995,0.0993,0,0.0172,-0.0992,0.9949,0,0,35.4155,-3.3142,1]},
{"frame":20,"values":[0.9999,0.0092,-0.0065,0,-0.0085,0.9951,0.0981,0,0.0074,-0.0981,0.9952,0,0,35.4155,-3.3142,1]},
{"frame":21,"values":[1,0.0083,-0.0012,0,-0.0081,0.9951,0.0981,0,0.002,-0.098,0.9952,0,0,35.4155,-3.3142,1]},
{"frame":22,"values":[1,0.0079,0.0012,0,-0.0079,0.9952,0.098,0,-0.0004,-0.098,0.9952,0,0,35.4155,-3.3142,1]},
{"frame":23,"values":[1,0.0078,0.0021,0,-0.0079,0.9952,0.098,0,-0.0014,-0.098,0.9952,0,0,35.4155,-3.3142,1]}],"loopBehavior":1,"name":"anim","property":"_matrix"}},
{"name":"Head","index":5,"matrix":[0.9997,-0.0046,-0.0236,0,0.0014,0.9913,-0.1317,0,0.024,0.1316,0.991,0,0,16.8992,1.2183,1],"rest":[1,0,0,0,0,1,0,0,0,0,1,0,0,16.8992,1.2183,1],"parentBoneIndex":4,"length":22.3142
,"animation":{"dataType":3,"framePerSecond":24,"keys":[
{"frame":1,"values":[0.9997,-0.0046,-0.0236,0,0.0014,0.9913,-0.1317,0,0.024,0.1316,0.991,0,0,16.8992,1.2183,1]},
{"frame":2,"values":[0.997,-0.0252,-0.0738,0,0.0148,0.9903,-0.1384,0,0.0765,0.1369,0.9876,0,0,16.8992,1.2183,1]},
{"frame":3,"values":[0.9874,-0.0543,-0.1484,0,0.0342,0.9903,-0.1344,0,0.1543,0.1276,0.9798,0,0,16.8992,1.2183,1]},
{"frame":4,"values":[0.9676,-0.0825,-0.2386,0,0.0559,0.9916,-0.1165,0,0.2462,0.0994,0.9641,0,0,16.8992,1.2183,1]},
{"frame":5,"values":[0.9404,-0.1011,-0.3246,0,0.076,0.9931,-0.0891,0,0.3314,0.0591,0.9416,0,0,16.8992,1.2183,1]},
{"frame":6,"values":[0.9142,-0.1115,-0.3896,0,0.0937,0.9935,-0.0645,0,0.3943,0.0224,0.9187,0,0,16.8992,1.2183,1]},
{"frame":7,"values":[0.8948,-0.1209,-0.4297,0,0.1095,0.9927,-0.0513,0,0.4328,-0.0012,0.9015,0,0,16.8992,1.2183,1]},
{"frame":8,"values":[0.8836,-0.1316,-0.4493,0,0.1234,0.9912,-0.0475,0,0.4516,-0.0135,0.8921,0,0,16.8992,1.2183,1]},
{"frame":9,"values":[0.8798,-0.1407,-0.454,0,0.134,0.9899,-0.047,0,0.456,-0.0195,0.8898,0,0,16.8992,1.2183,1]},
{"frame":10,"values":[0.8803,-0.1459,-0.4515,0,0.1403,0.989,-0.0461,0,0.4532,-0.0227,0.8911,0,0,16.8992,1.2183,1]},
{"frame":11,"values":[0.8817,-0.1483,-0.448,0,0.1432,0.9887,-0.0453,0,0.4496,-0.0242,0.8929,0,0,16.8992,1.2183,1]},
{"frame":12,"values":[0.8833,-0.1522,-0.4434,0,0.1463,0.9881,-0.0478,0,0.4454,-0.0227,0.8951,0,0,16.8992,1.2183,1]},
{"frame":13,"values":[0.8883,-0.1602,-0.4303,0,0.1511,0.987,-0.0554,0,0.4336,-0.0158,0.901,0,0,16.8992,1.2183,1]},
{"frame":14,"values":[0.9005,-0.1644,-0.4026,0,0.1516,0.9864,-0.0636,0,0.4076,-0.0038,0.9131,0,0,16.8992,1.2183,1]},
{"frame":15,"values":[0.9205,-0.1546,-0.3588,0,0.1387,0.9879,-0.0699,0,0.3653,0.0146,0.9308,0,0,16.8992,1.2183,1]},
{"frame":16,"values":[0.9436,-0.1322,-0.3036,0,0.1137,0.9904,-0.078,0,0.311,0.0391,0.9496,0,0,16.8992,1.2183,1]},
{"frame":17,"values":[0.9646,-0.1038,-0.2425,0,0.0842,0.9924,-0.0897,0,0.2499,0.0661,0.966,0,0,16.8992,1.2183,1]},
{"frame":18,"values":[0.9808,-0.0741,-0.1804,0,0.0561,0.9931,-0.1027,0,0.1868,0.0906,0.9782,0,0,16.8992,1.2183,1]},
{"frame":19,"values":[0.9913,-0.0475,-0.1226,0,0.0335,0.9929,-0.1142,0,0.1272,0.1091,0.9859,0,0,16.8992,1.2183,1]},
{"frame":20,"values":[0.9967,-0.0281,-0.0764,0,0.0186,0.9923,-0.1224,0,0.0793,0.1206,0.9895,0,0,16.8992,1.2183,1]},
{"frame":21,"values":[0.9988,-0.0157,-0.0461,0,0.0097,0.9918,-0.1273,0,0.0477,0.1267,0.9908,0,0,16.8992,1.2183,1]},
{"frame":22,"values":[0.9995,-0.0083,-0.0303,0,0.0043,0.9915,-0.1302,0,0.0311,0.13,0.991,0,0,16.8992,1.2183,1]},
{"frame":23,"values":[0.9997,-0.0045,-0.0236,0,0.0014,0.9913,-0.1316,0,0.024,0.1315,0.991,0,0,16.8992,1.2183,1]}],"loopBehavior":1,"name":"anim","property":"_matrix"}},
{"name":"HeadTop_End","index":6,"matrix":[1,0,0,0,0,1,0,0,0,0,1,0,0,22.2062,2.1925,1],"rest":[1,0,0,0,0,1,0,0,0,0,1,0,0,22.2062,2.1925,1],"parentBoneIndex":5,"length":22.3142
,"animation":{"dataType":3,"framePerSecond":24,"keys":[
{"frame":1,"values":[1,0,0,0,0,1,0,0,0,0,1,0,0,22.2062,2.1925,1]},
{"frame":23,"values":[1,0,0,0,0,1,0,0,0,0,1,0,0,22.2062,2.1925,1]}],"loopBehavior":1,"name":"anim","property":"_matrix"}},
{"name":"LeftShoulder","index":7,"matrix":[0.9321,-0.2187,0.2889,0,0.2036,0.9756,0.0818,0,-0.2997,-0.0175,0.9539,0,12.8964,26.7163,-4.5484,1],"rest":[1,0,0,0,0,1,0,0,0,0,1,0,12.8964,26.7163,-4.5484,1],"parentBoneIndex":3,"length":19.7122
,"animation":{"dataType":3,"framePerSecond":24,"keys":[
{"frame":1,"values":[0.9321,-0.2187,0.2889,0,0.2036,0.9756,0.0818,0,-0.2997,-0.0175,0.9539,0,12.8964,26.7163,-4.5484,1]},
{"frame":2,"values":[0.93,-0.2243,0.2913,0,0.2091,0.9744,0.0829,0,-0.3024,-0.0161,0.953,0,12.8964,26.7163,-4.5484,1]},
{"frame":3,"values":[0.9269,-0.2334,0.2941,0,0.2181,0.9723,0.0844,0,-0.3056,-0.0141,0.9521,0,12.8964,26.7163,-4.5484,1]},
{"frame":4,"values":[0.9241,-0.2432,0.2949,0,0.2279,0.9699,0.0856,0,-0.3068,-0.0119,0.9517,0,12.8964,26.7163,-4.5484,1]},
{"frame":5,"values":[0.9222,-0.252,0.2933,0,0.237,0.9677,0.0864,0,-0.3056,-0.0102,0.9521,0,12.8964,26.7163,-4.5484,1]},
{"frame":6,"values":[0.9205,-0.2613,0.2904,0,0.2466,0.9652,0.0871,0,-0.303,-0.0086,0.9529,0,12.8964,26.7163,-4.5484,1]},
{"frame":7,"values":[0.9183,-0.2717,0.2879,0,0.2572,0.9623,0.0879,0,-0.3009,-0.0067,0.9536,0,12.8964,26.7163,-4.5484,1]},
{"frame":8,"values":[0.9157,-0.2821,0.2863,0,0.2678,0.9594,0.089,0,-0.2998,-0.0048,0.954,0,12.8964,26.7163,-4.5484,1]},
{"frame":9,"values":[0.9141,-0.2937,0.2796,0,0.2792,0.9559,0.0912,0,-0.2941,-0.0052,0.9558,0,12.8964,26.7163,-4.5484,1]},
{"frame":10,"values":[0.9154,-0.3082,0.259,0,0.2934,0.9513,0.0947,0,-0.2756,-0.0107,0.9612,0,12.8964,26.7163,-4.5484,1]},
{"frame":11,"values":[0.9197,-0.3227,0.2239,0,0.308,0.9463,0.0987,0,-0.2437,-0.0218,0.9696,0,12.8964,26.7163,-4.5484,1]},
{"frame":12,"values":[0.9247,-0.3328,0.1851,0,0.3188,0.9424,0.1018,0,-0.2083,-0.0351,0.9774,0,12.8964,26.7163,-4.5484,1]},
{"frame":13,"values":[0.9278,-0.3408,0.152,0,0.3277,0.9389,0.1052,0,-0.1786,-0.0478,0.9828,0,12.8964,26.7163,-4.5484,1]},
{"frame":14,"values":[0.928,-0.3513,0.1238,0,0.3389,0.9343,0.1107,0,-0.1546,-0.0607,0.9861,0,12.8964,26.7163,-4.5484,1]},
{"frame":15,"values":[0.9263,-0.3639,0.0977,0,0.3523,0.9285,0.1177,0,-0.1336,-0.0746,0.9882,0,12.8964,26.7163,-4.5484,1]},
{"frame":16,"values":[0.9245,-0.3729,0.0792,0,0.3621,0.9239,0.1234,0,-0.1192,-0.0854,0.9892,0,12.8964,26.7163,-4.5484,1]},
{"frame":17,"values":[0.9278,-0.3645,0.0796,0,0.3535,0.9271,0.1247,0,-0.1193,-0.0876,0.989,0,12.8964,26.7163,-4.5484,1]},
{"frame":18,"values":[0.9375,-0.3326,0.102,0,0.3202,0.9396,0.1206,0,-0.136,-0.0804,0.9874,0,12.8964,26.7163,-4.5484,1]},
{"frame":19,"values":[0.9452,-0.2954,0.1392,0,0.2812,0.953,0.1133,0,-0.1661,-0.0679,0.9838,0,12.8964,26.7163,-4.5484,1]},
{"frame":20,"values":[0.9456,-0.2674,0.1855,0,0.2517,0.9622,0.1041,0,-0.2063,-0.0517,0.9771,0,12.8964,26.7163,-4.5484,1]},
{"frame":21,"values":[0.9409,-0.2445,0.2344,0,0.2284,0.969,0.094,0,-0.2501,-0.0349,0.9676,0,12.8964,26.7163,-4.5484,1]},
{"frame":22,"values":[0.9352,-0.2268,0.2718,0,0.2112,0.9737,0.0858,0,-0.2841,-0.0228,0.9585,0,12.8964,26.7163,-4.5484,1]},
{"frame":23,"values":[0.9321,-0.2187,0.2889,0,0.2036,0.9756,0.0818,0,-0.2997,-0.0175,0.9539,0,12.8964,26.7163,-4.5484,1]}],"loopBehavior":1,"name":"anim","property":"_matrix"}},
{"name":"LeftArm","index":8,"matrix":[0.325,-0.9442,0.0539,0,0.8818,0.3232,0.3436,0,-0.3418,-0.0642,0.9376,0,19.027,-4.857,-1.7184,1],"rest":[1,0,0,0,0,1,0,0,0,0,1,0,19.027,-4.857,-1.7184,1],"parentBoneIndex":7,"length":24.1799
,"animation":{"dataType":3,"framePerSecond":24,"keys":[
{"frame":1,"values":[0.325,-0.9442,0.0539,0,0.8818,0.3232,0.3436,0,-0.3418,-0.0642,0.9376,0,19.027,-4.857,-1.7184,1]},
{"frame":2,"values":[0.3404,-0.9362,0.0874,0,0.876,0.3496,0.3322,0,-0.3416,-0.0365,0.9392,0,19.027,-4.857,-1.7184,1]},
{"frame":3,"values":[0.3645,-0.922,0.1303,0,0.8649,0.3871,0.3195,0,-0.345,-0.0037,0.9386,0,19.027,-4.857,-1.7184,1]},
{"frame":4,"values":[0.3944,-0.9033,0.1688,0,0.8519,0.4283,0.3014,0,-0.3445,0.025,0.9384,0,19.027,-4.857,-1.7184,1]},
{"frame":5,"values":[0.4269,-0.885,0.1858,0,0.8417,0.464,0.2763,0,-0.3307,0.0385,0.9429,0,19.027,-4.857,-1.7184,1]},
{"frame":6,"values":[0.4615,-0.8697,0.1751,0,0.8334,0.4927,0.2506,0,-0.3042,0.0302,0.9521,0,19.027,-4.857,-1.7184,1]},
{"frame":7,"values":[0.4966,-0.8559,0.1445,0,0.8233,0.5172,0.2337,0,-0.2748,0.0029,0.9615,0,19.027,-4.857,-1.7184,1]},
{"frame":8,"values":[0.5272,-0.8436,0.1025,0,0.8129,0.5358,0.2282,0,-0.2474,-0.037,0.9682,0,19.027,-4.857,-1.7184,1]},
{"frame":9,"values":[0.5451,-0.8366,0.0554,0,0.8076,0.5416,0.2332,0,-0.225,-0.0824,0.9709,0,19.027,-4.857,-1.7184,1]},
{"frame":10,"values":[0.5469,-0.8371,0.0098,0,0.8098,0.5319,0.2477,0,-0.2126,-0.1275,0.9688,0,19.027,-4.857,-1.7184,1]},
{"frame":11,"values":[0.5366,-0.8435,-0.0247,0,0.8156,0.5109,0.2718,0,-0.2167,-0.166,0.962,0,19.027,-4.857,-1.7184,1]},
{"frame":12,"values":[0.5208,-0.8525,-0.0443,0,0.8196,0.4849,0.3053,0,-0.2388,-0.1953,0.9512,0,19.027,-4.857,-1.7184,1]},
{"frame":13,"values":[0.505,-0.8616,-0.05,0,0.819,0.4601,0.3429,0,-0.2724,-0.2142,0.938,0,19.027,-4.857,-1.7184,1]},
{"frame":14,"values":[0.4936,-0.8684,-0.0473,0,0.8155,0.4434,0.3719,0,-0.302,-0.2221,0.9271,0,19.027,-4.857,-1.7184,1]},
{"frame":15,"values":[0.4887,-0.8716,-0.037,0,0.8098,0.4375,0.3908,0,-0.3245,-0.221,0.9197,0,19.027,-4.857,-1.7184,1]},
{"frame":16,"values":[0.4867,-0.8734,-0.0199,0,0.8009,0.437,0.4093,0,-0.3488,-0.2151,0.9122,0,19.027,-4.857,-1.7184,1]},
{"frame":17,"values":[0.4751,-0.8799,-0.0004,0,0.7976,0.4305,0.4225,0,-0.3716,-0.201,0.9064,0,19.027,-4.857,-1.7184,1]},
{"frame":18,"values":[0.4469,-0.8945,0.0133,0,0.81,0.4109,0.4184,0,-0.3797,-0.1762,0.9082,0,19.027,-4.857,-1.7184,1]},
{"frame":19,"values":[0.412,-0.911,0.0208,0,0.8307,0.3849,0.4023,0,-0.3745,-0.1484,0.9152,0,19.027,-4.857,-1.7184,1]},
{"frame":20,"values":[0.3796,-0.9248,0.026,0,0.85,0.3597,0.3849,0,-0.3653,-0.124,0.9226,0,19.027,-4.857,-1.7184,1]},
{"frame":21,"values":[0.352,-0.9353,0.0362,0,0.8651,0.3399,0.3689,0,-0.3574,-0.0986,0.9287,0,19.027,-4.857,-1.7184,1]},
{"frame":22,"values":[0.3335,-0.9415,0.0484,0,0.8757,0.3283,0.3541,0,-0.3493,-0.0757,0.9339,0,19.027,-4.857,-1.7184,1]},
{"frame":23,"values":[0.325,-0.9442,0.0539,0,0.8818,0.3232,0.3436,0,-0.3418,-0.0642,0.9376,0,19.027,-4.857,-1.7184,1]}],"loopBehavior":1,"name":"anim","property":"_matrix"}},
{"name":"LeftForeArm","index":9,"matrix":[0.9997,0,0.0255,0,0,1,0,0,-0.0255,0,0.9997,0,24.1799,0,0,1],"rest":[1,0,0,0,0,1,0,0,0,0,1,0,24.1799,0,0,1],"parentBoneIndex":8,"length":27.1564
,"animation":{"dataType":3,"framePerSecond":24,"keys":[
{"frame":1,"values":[0.9997,0,0.0255,0,0,1,0,0,-0.0255,0,0.9997,0,24.1799,0,0,1]},
{"frame":2,"values":[0.9992,0,0.0412,0,0,1,0,0,-0.0412,0,0.9992,0,24.1799,0,0,1]},
{"frame":3,"values":[0.9987,0,0.0503,0,0,1,0,0,-0.0503,0,0.9987,0,24.1799,0,0,1]},
{"frame":4,"values":[0.9977,0,0.0681,0,0,1,0,0,-0.0681,0,0.9977,0,24.1799,0,0,1]},
{"frame":5,"values":[0.994,0,0.1095,0,0,1,0,0,-0.1095,0,0.994,0,24.1799,0,0,1]},
{"frame":6,"values":[0.9847,0,0.1741,0,0,1,0,0,-0.1741,0,0.9847,0,24.1799,0,0,1]},
{"frame":7,"values":[0.9693,0,0.2457,0,0,1,0,0,-0.2457,0,0.9693,0,24.1799,0,0,1]},
{"frame":8,"values":[0.9497,0,0.3131,0,0,1,0,0,-0.3131,0,0.9497,0,24.1799,0,0,1]},
{"frame":9,"values":[0.9317,0,0.3633,0,0,1,0,0,-0.3633,0,0.9317,0,24.1799,0,0,1]},
{"frame":10,"values":[0.9209,0,0.3898,0,0,1,0,0,-0.3898,0,0.9209,0,24.1799,0,0,1]},
{"frame":11,"values":[0.9181,0,0.3964,0,0,1,0,0,-0.3964,0,0.9181,0,24.1799,0,0,1]},
{"frame":13,"values":[0.9207,0,0.3902,0,0,1,0,0,-0.3902,0,0.9207,0,24.1799,0,0,1]},
{"frame":14,"values":[0.9274,0,0.3741,0,0,1,0,0,-0.3741,0,0.9274,0,24.1799,0,0,1]},
{"frame":15,"values":[0.9372,0,0.3487,0,0,1,0,0,-0.3487,0,0.9372,0,24.1799,0,0,1]},
{"frame":16,"values":[0.9487,0,0.3162,0,0,1,0,0,-0.3162,0,0.9487,0,24.1799,0,0,1]},
{"frame":17,"values":[0.9613,0,0.2754,0,0,1,0,0,-0.2754,0,0.9613,0,24.1799,0,0,1]},
{"frame":18,"values":[0.9756,0,0.2196,0,0,1,0,0,-0.2196,0,0.9756,0,24.1799,0,0,1]},
{"frame":19,"values":[0.9871,0,0.16,0,0,1,0,0,-0.16,0,0.9871,0,24.1799,0,0,1]},
{"frame":20,"values":[0.9938,0,0.1113,0,0,1,0,0,-0.1113,0,0.9938,0,24.1799,0,0,1]},
{"frame":21,"values":[0.9975,0,0.0702,0,0,1,0,0,-0.0702,0,0.9975,0,24.1799,0,0,1]},
{"frame":22,"values":[0.9993,0,0.0385,0,0,1,0,0,-0.0385,0,0.9993,0,24.1799,0,0,1]},
{"frame":23,"values":[0.9997,0,0.0255,0,0,1,0,0,-0.0255,0,0.9997,0,24.1799,0,0,1]}],"loopBehavior":1,"name":"anim","property":"_matrix"}},
{"name":"LeftHand","index":10,"matrix":[0.9939,-0.0772,0.0789,0,0.1077,0.833,-0.5427,0,-0.0238,0.5479,0.8362,0,27.1564,0.0001,0,1],"rest":[1,0,0,0,0,1,0,0,0,0,1,0,27.1564,0.0001,0,1],"parentBoneIndex":9,"length":13.2912
,"animation":{"dataType":3,"framePerSecond":24,"keys":[
{"frame":1,"values":[0.9939,-0.0772,0.0789,0,0.1077,0.833,-0.5427,0,-0.0238,0.5479,0.8362,0,27.1564,0.0001,0,1]},
{"frame":2,"values":[0.9954,-0.0397,0.0874,0,0.0805,0.8407,-0.5354,0,-0.0522,0.54,0.8401,0,27.1564,0.0001,0,1]},
{"frame":3,"values":[0.9973,0.0057,0.0734,0,0.0316,0.8669,-0.4975,0,-0.0665,0.4985,0.8644,0,27.1564,0.0001,0,1]},
{"frame":4,"values":[0.9969,0.0587,0.0524,0,-0.0293,0.895,-0.4451,0,-0.073,0.4422,0.894,0,27.1564,0.0001,0,1]},
{"frame":5,"values":[0.9928,0.1128,0.0415,0,-0.0867,0.9112,-0.4027,0,-0.0833,0.3962,0.9144,0,27.1564,0.0001,0,1]},
{"frame":6,"values":[0.986,0.1621,0.0391,0,-0.1354,0.9149,-0.3802,0,-0.0974,0.3696,0.9241,0,27.1564,0.0001,0,1]},
{"frame":7,"values":[0.9787,0.2023,0.0363,0,-0.1745,0.9114,-0.3728,0,-0.1085,0.3585,0.9272,0,27.1564,0.0001,0,1]},
{"frame":8,"values":[0.9744,0.222,0.0345,0,-0.1931,0.9062,-0.3761,0,-0.1148,0.3599,0.9259,0,27.1564,0.0001,0,1]},
{"frame":9,"values":[0.9734,0.2267,0.0336,0,-0.1972,0.9031,-0.3815,0,-0.1168,0.3648,0.9237,0,27.1564,0.0001,0,1]},
{"frame":10,"values":[0.973,0.2288,0.0308,0,-0.1993,0.8996,-0.3885,0,-0.1166,0.3719,0.9209,0,27.1564,0.0001,0,1]},
{"frame":11,"values":[0.9743,0.2237,0.0252,0,-0.1949,0.8943,-0.4028,0,-0.1126,0.3875,0.9149,0,27.1564,0.0001,0,1]},
{"frame":12,"values":[0.977,0.2115,0.0286,0,-0.1798,0.8877,-0.4238,0,-0.115,0.4089,0.9053,0,27.1564,0.0001,0,1]},
{"frame":13,"values":[0.9759,0.2135,0.0448,0,-0.1711,0.8764,-0.4501,0,-0.1354,0.4316,0.8919,0,27.1564,0.0001,0,1]},
{"frame":14,"values":[0.9688,0.2405,0.0605,0,-0.1823,0.856,-0.4838,0,-0.1681,0.4577,0.8731,0,27.1564,0.0001,0,1]},
{"frame":15,"values":[0.9602,0.2706,0.0693,0,-0.1959,0.8291,-0.5236,0,-0.1991,0.4892,0.8491,0,27.1564,0.0001,0,1]},
{"frame":16,"values":[0.9575,0.2782,0.0763,0,-0.1889,0.8047,-0.5629,0,-0.218,0.5245,0.823,0,27.1564,0.0001,0,1]},
{"frame":17,"values":[0.9619,0.2621,0.0776,0,-0.1656,0.7848,-0.5972,0,-0.2175,0.5616,0.7983,0,27.1564,0.0001,0,1]},
{"frame":18,"values":[0.9736,0.2189,0.0649,0,-0.1328,0.774,-0.6191,0,-0.1857,0.5941,0.7827,0,27.1564,0.0001,0,1]},
{"frame":19,"values":[0.9879,0.1455,0.0541,0,-0.0814,0.7824,-0.6175,0,-0.1322,0.6056,0.7847,0,27.1564,0.0001,0,1]},
{"frame":20,"values":[0.9966,0.0561,0.0596,0,-0.0098,0.8051,-0.5931,0,-0.0813,0.5905,0.8029,0,27.1564,0.0001,0,1]},
{"frame":21,"values":[0.9972,-0.0216,0.0718,0,0.0585,0.8236,-0.5642,0,-0.047,0.5668,0.8225,0,27.1564,0.0001,0,1]},
{"frame":22,"values":[0.9948,-0.0655,0.0781,0,0.0977,0.8313,-0.5472,0,-0.0291,0.552,0.8334,0,27.1564,0.0001,0,1]},
{"frame":23,"values":[0.9939,-0.0772,0.0789,0,0.1077,0.833,-0.5427,0,-0.0238,0.5479,0.8362,0,27.1564,0.0001,0,1]}],"loopBehavior":1,"name":"anim","property":"_matrix"}},
{"name":"LeftHandIndex1","index":11,"matrix":[0.9911,-0.1322,0.0167,0,0.1321,0.9912,0.0024,0,-0.0169,-0.0002,0.9999,0,16.4412,0,0,1],"rest":[1,0,0,0,0,1,0,0,0,0,1,0,16.4412,0,0,1],"parentBoneIndex":10,"length":4.8219
,"animation":{"dataType":3,"framePerSecond":24,"keys":[
{"frame":1,"values":[0.9911,-0.1322,0.0167,0,0.1321,0.9912,0.0024,0,-0.0169,-0.0002,0.9999,0,16.4412,0,0,1]},
{"frame":2,"values":[0.9909,-0.1338,0.0169,0,0.1338,0.991,0.0023,0,-0.0171,-0.0001,0.9999,0,16.4412,0,0,1]},
{"frame":3,"values":[0.9903,-0.1382,0.0155,0,0.1382,0.9904,0.0025,0,-0.0157,-0.0004,0.9999,0,16.4412,0,0,1]},
{"frame":4,"values":[0.989,-0.1471,0.0125,0,0.1471,0.9891,0.003,0,-0.0128,-0.0011,0.9999,0,16.4412,0,0,1]},
{"frame":5,"values":[0.9879,-0.1548,0.0101,0,0.1547,0.9879,0.0033,0,-0.0105,-0.0017,0.9999,0,16.4412,0,0,1]},
{"frame":6,"values":[0.9873,-0.1584,0.0089,0,0.1583,0.9874,0.0035,0,-0.0093,-0.002,1,0,16.4412,0,0,1]},
{"frame":7,"values":[0.987,-0.1603,0.008,0,0.1603,0.9871,0.0037,0,-0.0085,-0.0023,1,0,16.4412,0,0,1]},
{"frame":8,"values":[0.9871,-0.1597,0.0078,0,0.1597,0.9872,0.0038,0,-0.0083,-0.0026,1,0,16.4412,0,0,1]},
{"frame":9,"values":[0.9878,-0.1556,0.0086,0,0.1556,0.9878,0.0039,0,-0.0091,-0.0025,1,0,16.4412,0,0,1]},
{"frame":10,"values":[0.9886,-0.1499,0.0112,0,0.1499,0.9887,0.0033,0,-0.0116,-0.0016,0.9999,0,16.4412,0,0,1]},
{"frame":11,"values":[0.9894,-0.1443,0.0141,0,0.1443,0.9895,0.0025,0,-0.0143,-0.0004,0.9999,0,16.4412,0,0,1]},
{"frame":12,"values":[0.99,-0.1402,0.0143,0,0.1401,0.9901,0.0028,0,-0.0146,-0.0008,0.9999,0,16.4412,0,0,1]},
{"frame":13,"values":[0.9902,-0.1392,0.0123,0,0.1392,0.9903,0.0039,0,-0.0128,-0.0021,0.9999,0,16.4412,0,0,1]},
{"frame":14,"values":[0.9904,-0.1379,0.0123,0,0.1379,0.9904,0.004,0,-0.0127,-0.0023,0.9999,0,16.4412,0,0,1]},
{"frame":15,"values":[0.9911,-0.1325,0.0154,0,0.1324,0.9912,0.0031,0,-0.0157,-0.0011,0.9999,0,16.4412,0,0,1]},
{"frame":16,"values":[0.9917,-0.1274,0.0183,0,0.1273,0.9919,0.0023,0,-0.0184,0,0.9998,0,16.4412,0,0,1]},
{"frame":17,"values":[0.9918,-0.126,0.0191,0,0.126,0.992,0.002,0,-0.0192,0.0004,0.9998,0,16.4412,0,0,1]},
{"frame":18,"values":[0.9919,-0.1256,0.0194,0,0.1256,0.9921,0.0019,0,-0.0195,0.0005,0.9998,0,16.4412,0,0,1]},
{"frame":19,"values":[0.992,-0.1246,0.0199,0,0.1246,0.9922,0.0019,0,-0.0199,0.0006,0.9998,0,16.4412,0,0,1]},
{"frame":20,"values":[0.992,-0.1244,0.0198,0,0.1244,0.9922,0.0019,0,-0.0199,0.0006,0.9998,0,16.4412,0,0,1]},
{"frame":21,"values":[0.9918,-0.1264,0.0188,0,0.1263,0.992,0.0022,0,-0.019,0.0002,0.9998,0,16.4412,0,0,1]},
{"frame":22,"values":[0.9914,-0.1297,0.0175,0,0.1296,0.9916,0.0025,0,-0.0177,-0.0002,0.9998,0,16.4412,0,0,1]},
{"frame":23,"values":[0.9911,-0.1322,0.0167,0,0.1321,0.9912,0.0026,0,-0.0169,-0.0003,0.9999,0,16.4412,0,0,1]}],"loopBehavior":1,"name":"anim","property":"_matrix"}},
{"name":"LeftHandIndex2","index":12,"matrix":[0.9538,-0.2988,-0.0306,0,0.2988,0.9543,-0.0047,0,0.0306,-0.0047,0.9995,0,4.8219,0.0001,0,1],"rest":[1,0,0,0,0,1,0,0,0,0,1,0,4.8219,0.0001,0,1],"parentBoneIndex":11,"length":6.3865
,"animation":{"dataType":3,"framePerSecond":24,"keys":[
{"frame":1,"values":[0.9538,-0.2988,-0.0306,0,0.2988,0.9543,-0.0047,0,0.0306,-0.0047,0.9995,0,4.8219,0.0001,0,1]},
{"frame":15,"values":[0.9539,-0.2986,-0.0306,0,0.2986,0.9544,-0.0047,0,0.0306,-0.0047,0.9995,0,4.8219,0.0001,0,1]},
{"frame":23,"values":[0.9539,-0.2986,-0.0306,0,0.2986,0.9544,-0.0047,0,0.0306,-0.0047,0.9995,0,4.8219,0.0001,0,1]}],"loopBehavior":1,"name":"anim","property":"_matrix"}},
{"name":"LeftHandIndex3","index":13,"matrix":[0.9942,-0.106,-0.0164,0,0.106,0.9944,-0.0005,0,0.0163,-0.0013,0.9999,0,6.3865,0,0,1],"rest":[0.9994,0.0344,-0.002,0,-0.0344,0.9994,0,0,0.002,0,1,0,6.3865,0,0,1],"parentBoneIndex":12,"length":5.189
,"animation":{"dataType":3,"framePerSecond":24,"keys":[
{"frame":1,"values":[0.9942,-0.106,-0.0164,0,0.106,0.9944,-0.0005,0,0.0163,-0.0013,0.9999,0,6.3865,0,0,1]},
{"frame":15,"values":[0.9943,-0.1058,-0.0164,0,0.1058,0.9944,-0.0005,0,0.0163,-0.0013,0.9999,0,6.3865,0,0,1]},
{"frame":16,"values":[0.9943,-0.1057,-0.0164,0,0.1058,0.9944,-0.0005,0,0.0163,-0.0013,0.9999,0,6.3865,0,0,1]},
{"frame":23,"values":[0.9943,-0.1057,-0.0164,0,0.1058,0.9944,-0.0005,0,0.0163,-0.0013,0.9999,0,6.3865,0,0,1]}],"loopBehavior":1,"name":"anim","property":"_matrix"}},
{"name":"LeftHandIndex4","index":14,"matrix":[1,0,0,0,0,1,0,0,0,0,1,0,5.1859,-0.1787,0.0103,1],"rest":[1,0,0,0,0,1,0,0,0,0,1,0,5.1859,-0.1787,0.0103,1],"parentBoneIndex":13,"length":5.189
,"animation":{"dataType":3,"framePerSecond":24,"keys":[
{"frame":1,"values":[1,0,0,0,0,1,0,0,0,0,1,0,5.1859,-0.1787,0.0103,1]},
{"frame":23,"values":[1,0,0,0,0,1,0,0,0,0,1,0,5.1859,-0.1787,0.0103,1]}],"loopBehavior":1,"name":"anim","property":"_matrix"}},
{"name":"LeftHandThumb1","index":15,"matrix":[0.9957,0.0838,-0.0385,0,-0.0842,0.9964,-0.0084,0,0.0377,0.0116,0.9992,0,6.5349,-5.0326,5.9003,1],"rest":[1,0,0,0,0,1,0,0,0,0,1,0,6.5349,-5.0326,5.9003,1],"parentBoneIndex":10,"length":4.9292
,"animation":{"dataType":3,"framePerSecond":24,"keys":[
{"frame":1,"values":[0.9957,0.0838,-0.0385,0,-0.0842,0.9964,-0.0084,0,0.0377,0.0116,0.9992,0,6.5349,-5.0326,5.9003,1]},
{"frame":23,"values":[0.9957,0.0838,-0.0385,0,-0.0842,0.9964,-0.0084,0,0.0377,0.0116,0.9992,0,6.5349,-5.0326,5.9003,1]}],"loopBehavior":1,"name":"anim","property":"_matrix"}},
{"name":"LeftHandThumb2","index":16,"matrix":[0.8634,0.3714,-0.3415,0,-0.2649,0.9097,0.3197,0,0.4294,-0.1855,0.8838,0,3.8182,-2.2044,2.2044,1],"rest":[1,0,0,0,0,1,0,0,0,0,1,0,3.8182,-2.2044,2.2044,1],"parentBoneIndex":15,"length":4.1984
,"animation":{"dataType":3,"framePerSecond":24,"keys":[
{"frame":1,"values":[0.8634,0.3714,-0.3415,0,-0.2649,0.9097,0.3197,0,0.4294,-0.1855,0.8838,0,3.8182,-2.2044,2.2044,1]},
{"frame":2,"values":[0.8635,0.3706,-0.3422,0,-0.2654,0.9107,0.3166,0,0.429,-0.1825,0.8847,0,3.8182,-2.2044,2.2044,1]},
{"frame":3,"values":[0.8625,0.3728,-0.3421,0,-0.2642,0.9085,0.3238,0,0.4315,-0.1889,0.8821,0,3.8182,-2.2044,2.2044,1]},
{"frame":4,"values":[0.8599,0.3777,-0.3435,0,-0.2621,0.904,0.3378,0,0.4381,-0.2004,0.8763,0,3.8182,-2.2044,2.2044,1]},
{"frame":5,"values":[0.8584,0.3801,-0.3444,0,-0.2612,0.9018,0.3442,0,0.4415,-0.2055,0.8734,0,3.8182,-2.2044,2.2044,1]},
{"frame":6,"values":[0.86,0.3793,-0.3415,0,-0.2614,0.902,0.3436,0,0.4383,-0.2062,0.8748,0,3.8182,-2.2044,2.2044,1]},
{"frame":7,"values":[0.8626,0.3778,-0.3366,0,-0.2617,0.9024,0.3422,0,0.433,-0.2071,0.8773,0,3.8182,-2.2044,2.2044,1]},
{"frame":8,"values":[0.8647,0.3765,-0.3325,0,-0.2617,0.9027,0.3416,0,0.4288,-0.2084,0.8791,0,3.8182,-2.2044,2.2044,1]},
{"frame":9,"values":[0.8673,0.3746,-0.3277,0,-0.2613,0.9031,0.3407,0,0.4236,-0.2098,0.8812,0,3.8182,-2.2044,2.2044,1]},
{"frame":10,"values":[0.8734,0.3707,-0.316,0,-0.2614,0.9041,0.3381,0,0.411,-0.2127,0.8865,0,3.8182,-2.2044,2.2044,1]},
{"frame":11,"values":[0.8838,0.3643,-0.2936,0,-0.2626,0.9055,0.3333,0,0.3873,-0.2175,0.896,0,3.8182,-2.2044,2.2044,1]},
{"frame":12,"values":[0.8915,0.3594,-0.2758,0,-0.2634,0.9065,0.33,0,0.3686,-0.2215,0.9028,0,3.8182,-2.2044,2.2044,1]},
{"frame":13,"values":[0.8887,0.3609,-0.2827,0,-0.2626,0.9062,0.3314,0,0.3758,-0.2203,0.9002,0,3.8182,-2.2044,2.2044,1]},
{"frame":14,"values":[0.8813,0.3649,-0.3002,0,-0.2616,0.9059,0.3332,0,0.3935,-0.2151,0.8938,0,3.8182,-2.2044,2.2044,1]},
{"frame":15,"values":[0.8813,0.3616,-0.3044,0,-0.2623,0.9099,0.3214,0,0.3932,-0.2034,0.8967,0,3.8182,-2.2044,2.2044,1]},
{"frame":16,"values":[0.886,0.3556,-0.2977,0,-0.2637,0.9143,0.3073,0,0.3815,-0.1938,0.9039,0,3.8182,-2.2044,2.2044,1]},
{"frame":17,"values":[0.8853,0.3552,-0.3003,0,-0.2645,0.9155,0.303,0,0.3826,-0.1888,0.9044,0,3.8182,-2.2044,2.2044,1]},
{"frame":18,"values":[0.8801,0.358,-0.3119,0,-0.2651,0.9154,0.3029,0,0.394,-0.1839,0.9005,0,3.8182,-2.2044,2.2044,1]},
{"frame":19,"values":[0.8768,0.3594,-0.3193,0,-0.2657,0.9158,0.3012,0,0.4007,-0.1792,0.8985,0,3.8182,-2.2044,2.2044,1]},
{"frame":20,"values":[0.8752,0.3606,-0.3225,0,-0.266,0.9155,0.3018,0,0.404,-0.1784,0.8972,0,3.8182,-2.2044,2.2044,1]},
{"frame":21,"values":[0.8716,0.364,-0.3283,0,-0.2658,0.9137,0.3073,0,0.4118,-0.1806,0.8932,0,3.8182,-2.2044,2.2044,1]},
{"frame":22,"values":[0.8666,0.3685,-0.3363,0,-0.2654,0.9113,0.3148,0,0.4225,-0.1836,0.8876,0,3.8182,-2.2044,2.2044,1]},
{"frame":23,"values":[0.8634,0.3714,-0.3414,0,-0.2649,0.9098,0.3196,0,0.4293,-0.1855,0.8839,0,3.8182,-2.2044,2.2044,1]}],"loopBehavior":1,"name":"anim","property":"_matrix"}},
{"name":"LeftHandThumb3","index":17,"matrix":[0.9857,0.1377,-0.0967,0,-0.1565,0.9614,-0.2264,0,0.0618,0.2383,0.9692,0,3.2521,-1.8776,1.8776,1],"rest":[1,0,0,0,0,1,0,0,0,0,1,0,3.2521,-1.8776,1.8776,1],"parentBoneIndex":16,"length":6.78
,"animation":{"dataType":3,"framePerSecond":24,"keys":[
{"frame":1,"values":[0.9857,0.1377,-0.0967,0,-0.1565,0.9614,-0.2264,0,0.0618,0.2383,0.9692,0,3.2521,-1.8776,1.8776,1]},
{"frame":2,"values":[0.9856,0.1376,-0.0984,0,-0.1568,0.9613,-0.2265,0,0.0634,0.2386,0.969,0,3.2521,-1.8776,1.8776,1]},
{"frame":3,"values":[0.9858,0.1386,-0.0945,0,-0.1569,0.9612,-0.2269,0,0.0594,0.2385,0.9693,0,3.2521,-1.8776,1.8776,1]},
{"frame":4,"values":[0.9862,0.1424,-0.0841,0,-0.158,0.9615,-0.2247,0,0.0489,0.2349,0.9708,0,3.2521,-1.8776,1.8776,1]},
{"frame":5,"values":[0.9863,0.1468,-0.0747,0,-0.1599,0.9624,-0.2195,0,0.0396,0.2284,0.9728,0,3.2521,-1.8776,1.8776,1]},
{"frame":6,"values":[0.9863,0.1498,-0.0694,0,-0.1613,0.9635,-0.2137,0,0.0349,0.222,0.9744,0,3.2521,-1.8776,1.8776,1]},
