{"producer":{"name":"Blender","version":"2.90.0","exporter_version":"2.80.1","file":"turnright.babylon"},
"autoClear":true,"clearColor":[0.0509,0.0509,0.0509],"gravity":[0,-9.81,0],
"materials":[{"name":"Material","id":"Material","customType":"BABYLON.PBRMaterial","backFaceCulling":true,"checkReadyOnlyOnce":false,"maxSimultaneousLights":4,"environmentIntensity":1,"albedo":[0.8,0.8,0.8],"reflectivity":[0.5,0.5,0.5],"roughness":0.4,"alpha":1,"transparencyMode":0,"alphaCutOff":0.4,"metallic":0}],
"multiMaterials":[],
"skeletons":[{"name":"Armature","id":0,"dimensionsAtRest":[232.1761,222.9347,36.3014],"bones":[
{"name":"Hips","index":0,"matrix":[0.9925,-0.053,0.11,0,0.0454,0.9965,0.0707,0,0.1134,0.0652,-0.9914,0,0.6627,87.5013,-1.1105,1],"rest":[1,0,0,0,0,1,0,0,0,0,-1,0,0,89.0054,0,1],"parentBoneIndex":-1,"length":14.2998
,"animation":{"dataType":3,"framePerSecond":24,"keys":[
{"frame":1,"values":[0.9925,-0.053,0.11,0,0.0454,0.9965,0.0707,0,0.1134,0.0652,-0.9914,0,0.6627,87.5013,-1.1105,1]},
{"frame":2,"values":[0.9925,-0.053,0.11,0,0.0454,0.9965,0.0707,0,0.1134,0.0652,-0.9914,0,1.3532,86.9349,-0.6335,1]},
{"frame":3,"values":[0.9925,-0.053,0.11,0,0.0454,0.9965,0.0707,0,0.1134,0.0652,-0.9914,0,2.9587,86.0393,0.19,1]},
{"frame":4,"values":[0.9925,-0.053,0.11,0,0.0454,0.9965,0.0707,0,0.1134,0.0652,-0.9914,0,5.0235,85.8264,0.8976,1]},
{"frame":5,"values":[0.9925,-0.053,0.11,0,0.0454,0.9965,0.0707,0,0.1134,0.0652,-0.9914,0,6.8529,85.9306,1.5447,1]},
{"frame":6,"values":[0.9925,-0.053,0.11,0,0.0454,0.9965,0.0707,0,0.1134,0.0652,-0.9914,0,8.2646,85.8124,2.0465,1]},
{"frame":7,"values":[0.9925,-0.053,0.11,0,0.0454,0.9965,0.0707,0,0.1134,0.0652,-0.9914,0,9.273,85.4208,2.5223,1]},
{"frame":8,"values":[0.9925,-0.053,0.11,0,0.0454,0.9965,0.0707,0,0.1134,0.0652,-0.9914,0,9.8884,85.1028,2.9869,1]},
{"frame":9,"values":[0.9925,-0.053,0.11,0,0.0454,0.9965,0.0707,0,0.1134,0.0652,-0.9914,0,10.1608,85.0163,3.6015,1]},
{"frame":10,"values":[0.9925,-0.053,0.11,0,0.0454,0.9965,0.0707,0,0.1134,0.0652,-0.9914,0,9.9464,85.2871,4.3002,1]},
{"frame":11,"values":[0.9925,-0.053,0.11,0,0.0454,0.9965,0.0707,0,0.1134,0.0652,-0.9914,0,9.4695,85.3702,5.1119,1]},
{"frame":12,"values":[0.9925,-0.053,0.11,0,0.0454,0.9965,0.0707,0,0.1134,0.0652,-0.9914,0,9.0079,85.1876,5.8863,1]},
{"frame":13,"values":[0.9925,-0.053,0.11,0,0.0454,0.9965,0.0707,0,0.1134,0.0652,-0.9914,0,8.4926,84.9486,6.4586,1]},
{"frame":14,"values":[0.9925,-0.053,0.11,0,0.0454,0.9965,0.0707,0,0.1134,0.0652,-0.9914,0,7.9356,85.1455,6.7166,1]},
{"frame":15,"values":[0.9925,-0.053,0.11,0,0.0454,0.9965,0.0707,0,0.1134,0.0652,-0.9914,0,7.276,85.6467,6.6008,1]},
{"frame":16,"values":[0.9925,-0.053,0.11,0,0.0454,0.9965,0.0707,0,0.1134,0.0652,-0.9914,0,6.4242,86.3335,6.2082,1]},
{"frame":17,"values":[0.9925,-0.053,0.11,0,0.0454,0.9965,0.0707,0,0.1134,0.0652,-0.9914,0,5.368,86.8783,5.4995,1]},
{"frame":18,"values":[0.9925,-0.053,0.11,0,0.0454,0.9965,0.0707,0,0.1134,0.0652,-0.9914,0,4.0247,87.0653,4.5732,1]},
{"frame":19,"values":[0.9925,-0.053,0.11,0,0.0454,0.9965,0.0707,0,0.1134,0.0652,-0.9914,0,2.5335,86.7277,3.4744,1]},
{"frame":20,"values":[0.9925,-0.053,0.11,0,0.0454,0.9965,0.0707,0,0.1134,0.0652,-0.9914,0,1.2205,86.506,2.4076,1]},
{"frame":21,"values":[0.9925,-0.053,0.11,0,0.0454,0.9965,0.0707,0,0.1134,0.0652,-0.9914,0,0.1188,86.8277,1.4029,1]},
{"frame":22,"values":[0.9925,-0.053,0.11,0,0.0454,0.9965,0.0707,0,0.1134,0.0652,-0.9914,0,-0.7641,87.2183,0.2641,1]},
{"frame":23,"values":[0.9925,-0.053,0.11,0,0.0454,0.9965,0.0707,0,0.1134,0.0652,-0.9914,0,-1.2268,87.4929,-0.4015,1]}],"loopBehavior":1,"name":"anim","property":"_matrix"}},
{"name":"Spine","index":1,"matrix":[0.9988,0.0426,-0.0242,0,-0.0412,0.9974,0.0587,0,0.0266,-0.0577,0.998,0,0.1169,10.681,0.3734,1],"rest":[1,0,0,0,0,1,0,0,0,0,1,0,0.1169,10.681,0.3734,1],"parentBoneIndex":0,"length":13.8405
,"animation":{"dataType":3,"framePerSecond":24,"keys":[
{"frame":1,"values":[0.9988,0.0426,-0.0242,0,-0.0412,0.9974,0.0587,0,0.0266,-0.0577,0.998,0,0.1169,10.681,0.3734,1]},
{"frame":2,"values":[0.9991,0.037,-0.0197,0,-0.0357,0.9975,0.0611,0,0.0219,-0.0604,0.9979,0,0.1169,10.681,0.3734,1]},
{"frame":3,"values":[0.9994,0.0298,-0.0162,0,-0.0287,0.9976,0.0638,0,0.0181,-0.0633,0.9978,0,0.1169,10.681,0.3734,1]},
{"frame":4,"values":[0.9993,0.0351,-0.0121,0,-0.0342,0.9972,0.0662,0,0.0144,-0.0657,0.9977,0,0.1169,10.681,0.3734,1]},
{"frame":5,"values":[0.9989,0.0456,-0.007,0,-0.045,0.9968,0.0668,0,0.01,-0.0664,0.9977,0,0.1169,10.681,0.3734,1]},
{"frame":6,"values":[0.9988,0.048,-0.0014,0,-0.0479,0.9968,0.0644,0,0.0045,-0.0643,0.9979,0,0.1169,10.681,0.3734,1]},
{"frame":7,"values":[0.999,0.045,0.0013,0,-0.045,0.9972,0.06,0,0.0014,-0.06,0.9982,0,0.1169,10.681,0.3734,1]},
{"frame":8,"values":[0.9991,0.0427,0.0019,0,-0.0428,0.9975,0.0561,0,0.0005,-0.0561,0.9984,0,0.1169,10.681,0.3734,1]},
{"frame":9,"values":[0.9991,0.0425,0.0056,0,-0.0428,0.9977,0.0529,0,-0.0034,-0.0531,0.9986,0,0.1169,10.681,0.3734,1]},
{"frame":10,"values":[0.999,0.0423,0.0121,0,-0.0428,0.9979,0.0493,0,-0.01,-0.0498,0.9987,0,0.1169,10.681,0.3734,1]},
{"frame":11,"values":[0.999,0.0423,0.0135,0,-0.0429,0.9979,0.048,0,-0.0114,-0.0486,0.9988,0,0.1169,10.681,0.3734,1]},
{"frame":12,"values":[0.999,0.0441,0.0083,0,-0.0445,0.9977,0.0509,0,-0.0061,-0.0512,0.9987,0,0.1169,10.681,0.3734,1]},
{"frame":13,"values":[0.9992,0.0403,0.0004,0,-0.0402,0.9976,0.0556,0,0.0018,-0.0556,0.9985,0,0.1169,10.681,0.3734,1]},
{"frame":14,"values":[0.9994,0.0334,-0.0076,0,-0.0329,0.9977,0.0586,0,0.0096,-0.0583,0.9983,0,0.1169,10.681,0.3734,1]},
{"frame":15,"values":[0.9994,0.0335,-0.0123,0,-0.0326,0.9975,0.0631,0,0.0144,-0.0627,0.9979,0,0.1169,10.681,0.3734,1]},
{"frame":16,"values":[0.9994,0.0316,-0.016,0,-0.0304,0.9973,0.0675,0,0.0181,-0.067,0.9976,0,0.1169,10.681,0.3734,1]},
{"frame":17,"values":[0.9993,0.0321,-0.0183,0,-0.0307,0.997,0.0707,0,0.0205,-0.0701,0.9973,0,0.1169,10.681,0.3734,1]},
{"frame":18,"values":[0.9991,0.0394,-0.0161,0,-0.0382,0.9966,0.0736,0,0.019,-0.0729,0.9972,0,0.1169,10.681,0.3734,1]},
{"frame":19,"values":[0.9985,0.0531,-0.0118,0,-0.0521,0.9959,0.0738,0,0.0157,-0.073,0.9972,0,0.1169,10.681,0.3734,1]},
{"frame":20,"values":[0.9981,0.0608,-0.0105,0,-0.0599,0.9957,0.0712,0,0.0148,-0.0704,0.9974,0,0.1169,10.681,0.3734,1]},
{"frame":21,"values":[0.9982,0.0582,-0.0146,0,-0.0571,0.996,0.0683,0,0.0185,-0.0673,0.9976,0,0.1169,10.681,0.3734,1]},
{"frame":22,"values":[0.9986,0.0492,-0.0206,0,-0.0478,0.9969,0.0626,0,0.0236,-0.0616,0.9978,0,0.1169,10.681,0.3734,1]},
{"frame":23,"values":[0.9988,0.0425,-0.0242,0,-0.041,0.9974,0.0587,0,0.0266,-0.0577,0.998,0,0.1169,10.681,0.3734,1]}],"loopBehavior":1,"name":"anim","property":"_matrix"}},
{"name":"Spine1","index":2,"matrix":[0.9996,0.0272,-0.0054,0,-0.0271,0.9994,0.0203,0,0.0059,-0.0201,0.9998,0,0,13.8404,0.0535,1],"rest":[1,0,0,0,0,1,0,0,0,0,1,0,0,13.8404,0.0535,1],"parentBoneIndex":1,"length":14.7173
,"animation":{"dataType":3,"framePerSecond":24,"keys":[
{"frame":1,"values":[0.9996,0.0272,-0.0054,0,-0.0271,0.9994,0.0203,0,0.0059,-0.0201,0.9998,0,0,13.8404,0.0535,1]},
{"frame":2,"values":[0.9996,0.0267,-0.0021,0,-0.0266,0.9994,0.0223,0,0.0027,-0.0223,0.9997,0,0,13.8404,0.0535,1]},
{"frame":3,"values":[0.9997,0.0231,0.0006,0,-0.0231,0.9994,0.0245,0,0,-0.0245,0.9997,0,0,13.8404,0.0535,1]},
{"frame":4,"values":[0.9998,0.018,0.0045,0,-0.0181,0.9995,0.0268,0,-0.004,-0.0269,0.9996,0,0,13.8404,0.0535,1]},
{"frame":5,"values":[0.9999,0.0121,0.0094,0,-0.0123,0.9995,0.0278,0,-0.0091,-0.0279,0.9996,0,0,13.8404,0.0535,1]},
{"frame":6,"values":[0.9999,0.0046,0.0147,0,-0.005,0.9996,0.0261,0,-0.0145,-0.0261,0.9996,0,0,13.8404,0.0535,1]},
{"frame":7,"values":[0.9998,-0.0042,0.018,0,0.0038,0.9997,0.0225,0,-0.0181,-0.0225,0.9996,0,0,13.8404,0.0535,1]},
{"frame":8,"values":[0.9997,-0.0131,0.0196,0,0.0127,0.9997,0.0192,0,-0.0198,-0.019,0.9996,0,0,13.8404,0.0535,1]},
{"frame":9,"values":[0.9995,-0.022,0.0237,0,0.0216,0.9996,0.0165,0,-0.0241,-0.016,0.9996,0,0,13.8404,0.0535,1]},
{"frame":10,"values":[0.9991,-0.0311,0.0294,0,0.0307,0.9994,0.0137,0,-0.0298,-0.0128,0.9995,0,0,13.8404,0.0535,1]},
{"frame":11,"values":[0.9988,-0.0376,0.0307,0,0.0372,0.9992,0.0126,0,-0.0311,-0.0114,0.9995,0,0,13.8404,0.0535,1]},
{"frame":12,"values":[0.9987,-0.0448,0.0262,0,0.0444,0.9989,0.0147,0,-0.0268,-0.0135,0.9995,0,0,13.8404,0.0535,1]},
{"frame":13,"values":[0.9983,-0.0543,0.0196,0,0.054,0.9984,0.0184,0,-0.0206,-0.0173,0.9996,0,0,13.8404,0.0535,1]},
{"frame":14,"values":[0.9981,-0.0609,0.0128,0,0.0607,0.9979,0.0208,0,-0.014,-0.0199,0.9997,0,0,13.8404,0.0535,1]},
{"frame":15,"values":[0.998,-0.0618,0.0094,0,0.0616,0.9978,0.0243,0,-0.0109,-0.0236,0.9997,0,0,13.8404,0.0535,1]},
{"frame":16,"values":[0.9981,-0.0605,0.0063,0,0.0604,0.9978,0.0277,0,-0.008,-0.0273,0.9996,0,0,13.8404,0.0535,1]},
{"frame":17,"values":[0.9985,-0.0552,0.0003,0,0.0552,0.998,0.0298,0,-0.0019,-0.0298,0.9996,0,0,13.8404,0.0535,1]},
{"frame":18,"values":[0.9989,-0.0464,0.001,0,0.0463,0.9984,0.0312,0,-0.0024,-0.0311,0.9995,0,0,13.8404,0.0535,1]},
{"frame":19,"values":[0.9994,-0.0354,0.0055,0,0.0352,0.9989,0.0303,0,-0.0066,-0.0301,0.9995,0,0,13.8404,0.0535,1]},
{"frame":20,"values":[0.9998,-0.022,0.0021,0,0.0219,0.9994,0.0277,0,-0.0027,-0.0276,0.9996,0,0,13.8404,0.0535,1]},
{"frame":21,"values":[1,-0.0005,-0.0083,0,0.0007,0.9997,0.0261,0,0.0082,-0.0261,0.9996,0,0,13.8404,0.0535,1]},
{"frame":22,"values":[0.9998,0.018,-0.008,0,-0.0178,0.9996,0.0227,0,0.0084,-0.0226,0.9997,0,0,13.8404,0.0535,1]},
{"frame":23,"values":[0.9996,0.0272,-0.0054,0,-0.0271,0.9994,0.0203,0,0.0059,-0.0201,0.9998,0,0,13.8404,0.0535,1]}],"loopBehavior":1,"name":"anim","property":"_matrix"}},
{"name":"Spine2","index":3,"matrix":[0.9996,0.0273,-0.0058,0,-0.0272,0.9994,0.0198,0,0.0063,-0.0197,0.9998,0,0,14.7127,-0.3662,1],"rest":[1,0,0,0,0,1,0,0,0,0,1,0,0,14.7127,-0.3662,1],"parentBoneIndex":2,"length":31.8652
,"animation":{"dataType":3,"framePerSecond":24,"keys":[
{"frame":1,"values":[0.9996,0.0273,-0.0058,0,-0.0272,0.9994,0.0198,0,0.0063,-0.0197,0.9998,0,0,14.7127,-0.3662,1]},
{"frame":2,"values":[0.9996,0.028,-0.0024,0,-0.0279,0.9994,0.0218,0,0.003,-0.0217,0.9998,0,0,14.7127,-0.3662,1]},
{"frame":3,"values":[0.9996,0.0277,0.0001,0,-0.0277,0.9993,0.0239,0,0.0005,-0.0239,0.9997,0,0,14.7127,-0.3662,1]},
{"frame":4,"values":[0.9996,0.0276,0.0037,0,-0.0277,0.9993,0.0261,0,-0.0029,-0.0262,0.9997,0,0,14.7127,-0.3662,1]},
{"frame":5,"values":[0.9996,0.0282,0.0081,0,-0.0284,0.9992,0.0269,0,-0.0073,-0.0272,0.9996,0,0,14.7127,-0.3662,1]},
{"frame":6,"values":[0.9995,0.0281,0.0127,0,-0.0284,0.9993,0.025,0,-0.012,-0.0254,0.9996,0,0,14.7127,-0.3662,1]},
{"frame":7,"values":[0.9995,0.0274,0.0152,0,-0.0277,0.9994,0.0213,0,-0.0146,-0.0217,0.9997,0,0,14.7127,-0.3662,1]},
{"frame":8,"values":[0.9995,0.0269,0.016,0,-0.0272,0.9995,0.0177,0,-0.0155,-0.0181,0.9997,0,0,14.7127,-0.3662,1]},
{"frame":9,"values":[0.9995,0.0262,0.0193,0,-0.0264,0.9995,0.0147,0,-0.0189,-0.0152,0.9997,0,0,14.7127,-0.3662,1]},
{"frame":10,"values":[0.9994,0.0246,0.0241,0,-0.0249,0.9996,0.0114,0,-0.0238,-0.0119,0.9996,0,0,14.7127,-0.3662,1]},
{"frame":11,"values":[0.9994,0.0248,0.0246,0,-0.0251,0.9996,0.01,0,-0.0243,-0.0106,0.9996,0,0,14.7127,-0.3662,1]},
{"frame":12,"values":[0.9995,0.0231,0.0197,0,-0.0233,0.9997,0.0122,0,-0.0194,-0.0127,0.9997,0,0,14.7127,-0.3662,1]},
{"frame":13,"values":[0.9998,0.0172,0.0129,0,-0.0174,0.9997,0.0163,0,-0.0126,-0.0165,0.9998,0,0,14.7127,-0.3662,1]},
{"frame":14,"values":[0.9999,0.0122,0.006,0,-0.0123,0.9997,0.0192,0,-0.0058,-0.0192,0.9998,0,0,14.7127,-0.3662,1]},
{"frame":15,"values":[0.9999,0.0101,0.0029,0,-0.0101,0.9997,0.0229,0,-0.0027,-0.023,0.9997,0,0,14.7127,-0.3662,1]},
{"frame":16,"values":[1,0.0059,0.0008,0,-0.0059,0.9996,0.0266,0,-0.0006,-0.0266,0.9996,0,0,14.7127,-0.3662,1]},
{"frame":17,"values":[1,0.002,-0.004,0,-0.0019,0.9996,0.0292,0,0.0041,-0.0292,0.9996,0,0,14.7127,-0.3662,1]},
{"frame":18,"values":[1,-0.0006,-0.0022,0,0.0006,0.9995,0.0312,0,0.0022,-0.0312,0.9995,0,0,14.7127,-0.3662,1]},
{"frame":19,"values":[1,-0.0018,0.003,0,0.0017,0.9995,0.0306,0,-0.003,-0.0306,0.9995,0,0,14.7127,-0.3662,1]},
{"frame":20,"values":[1,-0.0003,0.0003,0,0.0003,0.9996,0.0281,0,-0.0003,-0.0281,0.9996,0,0,14.7127,-0.3662,1]},
{"frame":21,"values":[0.9999,0.0105,-0.0093,0,-0.0102,0.9996,0.0262,0,0.0096,-0.0261,0.9996,0,0,14.7127,-0.3662,1]},
{"frame":22,"values":[0.9997,0.0216,-0.0086,0,-0.0214,0.9995,0.0225,0,0.0091,-0.0223,0.9997,0,0,14.7127,-0.3662,1]},
{"frame":23,"values":[0.9996,0.0273,-0.0058,0,-0.0272,0.9994,0.0198,0,0.0063,-0.0197,0.9998,0,0,14.7127,-0.3662,1]}],"loopBehavior":1,"name":"anim","property":"_matrix"}},
{"name":"Neck","index":4,"matrix":[1,0.0078,0.0021,0,-0.0079,0.9952,0.098,0,-0.0014,-0.098,0.9952,0,0,35.4155,-3.3142,1],"rest":[1,0,0,0,0,1,0,0,0,0,1,0,0,35.4155,-3.3142,1],"parentBoneIndex":3,"length":16.9431
,"animation":{"dataType":3,"framePerSecond":24,"keys":[
{"frame":1,"values":[1,0.0078,0.0021,0,-0.0079,0.9952,0.098,0,-0.0014,-0.098,0.9952,0,0,35.4155,-3.3142,1]},
{"frame":2,"values":[0.9997,0.0145,0.0195,0,-0.0163,0.9952,0.0961,0,-0.018,-0.0964,0.9952,0,0,35.4155,-3.3142,1]},
{"frame":3,"values":[0.9983,0.0246,0.0521,0,-0.0298,0.9944,0.1016,0,-0.0493,-0.103,0.9935,0,0,35.4155,-3.3142,1]},
{"frame":4,"values":[0.9952,0.0339,0.0915,0,-0.0441,0.9927,0.1123,0,-0.087,-0.1158,0.9895,0,0,35.4155,-3.3142,1]},
{"frame":5,"values":[0.991,0.0389,0.1283,0,-0.0548,0.9909,0.1232,0,-0.1223,-0.1291,0.9841,0,0,35.4155,-3.3142,1]},
{"frame":6,"values":[0.9875,0.0399,0.1527,0,-0.0603,0.9895,0.131,0,-0.1459,-0.1386,0.9795,0,0,35.4155,-3.3142,1]},
{"frame":7,"values":[0.9858,0.0397,0.1634,0,-0.0621,0.989,0.1344,0,-0.1563,-0.1427,0.9774,0,0,35.4155,-3.3142,1]},
{"frame":8,"values":[0.9851,0.0401,0.1673,0,-0.0631,0.9888,0.1349,0,-0.16,-0.1435,0.9766,0,0,35.4155,-3.3142,1]},
{"frame":9,"values":[0.9855,0.0405,0.165,0,-0.0633,0.9888,0.1353,0,-0.1577,-0.1438,0.977,0,0,35.4155,-3.3142,1]},
{"frame":10,"values":[0.9864,0.0405,0.1595,0,-0.0627,0.9886,0.1368,0,-0.1521,-0.1449,0.9777,0,0,35.4155,-3.3142,1]},
{"frame":11,"values":[0.9876,0.0401,0.152,0,-0.0611,0.9888,0.1361,0,-0.1448,-0.1437,0.979,0,0,35.4155,-3.3142,1]},
{"frame":12,"values":[0.9893,0.0361,0.1417,0,-0.0551,0.9897,0.1325,0,-0.1355,-0.1388,0.981,0,0,35.4155,-3.3142,1]},
{"frame":13,"values":[0.9913,0.0305,0.1282,0,-0.0472,0.9904,0.1296,0,-0.1231,-0.1345,0.9832,0,0,35.4155,-3.3142,1]},
{"frame":14,"values":[0.9933,0.0283,0.1122,0,-0.0426,0.9909,0.1276,0,-0.1076,-0.1315,0.9855,0,0,35.4155,-3.3142,1]},
{"frame":15,"values":[0.9952,0.0247,0.0945,0,-0.0363,0.9917,0.1232,0,-0.0906,-0.126,0.9879,0,0,35.4155,-3.3142,1]},
{"frame":16,"values":[0.9969,0.0179,0.0763,0,-0.0267,0.9928,0.1167,0,-0.0737,-0.1184,0.9902,0,0,35.4155,-3.3142,1]},
{"frame":17,"values":[0.9982,0.0106,0.0589,0,-0.017,0.9939,0.1093,0,-0.0573,-0.1101,0.9923,0,0,35.4155,-3.3142,1]},
{"frame":18,"values":[0.9991,0.004,0.0429,0,-0.0084,0.9947,0.1028,0,-0.0423,-0.103,0.9938,0,0,35.4155,-3.3142,1]},
{"frame":19,"values":[0.9996,-0.0006,0.0291,0,-0.0023,0.995,0.0995,0,-0.029,-0.0995,0.9946,0,0,35.4155,-3.3142,1]},
{"frame":20,"values":[0.9998,-0.0027,0.0178,0,0.001,0.9952,0.0982,0,-0.018,-0.0981,0.995,0,0,35.4155,-3.3142,1]},
{"frame":21,"values":[1,-0.0015,0.0098,0,0.0005,0.9951,0.0988,0,-0.0099,-0.0988,0.9951,0,0,35.4155,-3.3142,1]},
{"frame":22,"values":[1,0.004,0.0047,0,-0.0044,0.9951,0.0986,0,-0.0043,-0.0986,0.9951,0,0,35.4155,-3.3142,1]},
{"frame":23,"values":[1,0.0078,0.0021,0,-0.0079,0.9952,0.098,0,-0.0014,-0.098,0.9952,0,0,35.4155,-3.3142,1]}],"loopBehavior":1,"name":"anim","property":"_matrix"}},
{"name":"Head","index":5,"matrix":[0.9997,-0.0046,-0.0236,0,0.0014,0.9913,-0.1317,0,0.024,0.1316,0.991,0,0,16.8992,1.2183,1],"rest":[1,0,0,0,0,1,0,0,0,0,1,0,0,16.8992,1.2183,1],"parentBoneIndex":4,"length":22.3142
,"animation":{"dataType":3,"framePerSecond":24,"keys":[
{"frame":1,"values":[0.9997,-0.0046,-0.0236,0,0.0014,0.9913,-0.1317,0,0.024,0.1316,0.991,0,0,16.8992,1.2183,1]},
{"frame":2,"values":[0.9996,0.0151,0.0256,0,-0.0115,0.9904,-0.1378,0,-0.0274,0.1375,0.9901,0,0,16.8992,1.2183,1]},
{"frame":3,"values":[0.9937,0.0455,0.1024,0,-0.0317,0.9907,-0.1326,0,-0.1075,0.1285,0.9859,0,0,16.8992,1.2183,1]},
{"frame":4,"values":[0.9785,0.075,0.192,0,-0.0535,0.992,-0.1147,0,-0.1991,0.102,0.9747,0,0,16.8992,1.2183,1]},
{"frame":5,"values":[0.9555,0.0953,0.2792,0,-0.0741,0.9936,-0.0854,0,-0.2855,0.0609,0.9564,0,0,16.8992,1.2183,1]},
{"frame":6,"values":[0.9324,0.1074,0.3451,0,-0.0923,0.9939,-0.0598,0,-0.3494,0.0239,0.9367,0,0,16.8992,1.2183,1]},
{"frame":7,"values":[0.9155,0.118,0.3846,0,-0.1082,0.993,-0.0471,0,-0.3874,0.0015,0.9219,0,0,16.8992,1.2183,1]},
{"frame":8,"values":[0.9047,0.1295,0.406,0,-0.1228,0.9915,-0.0425,0,-0.408,-0.0114,0.9129,0,0,16.8992,1.2183,1]},
{"frame":9,"values":[0.9016,0.1384,0.4099,0,-0.133,0.9902,-0.0419,0,-0.4117,-0.0167,0.9112,0,0,16.8992,1.2183,1]},
{"frame":10,"values":[0.9018,0.144,0.4074,0,-0.1393,0.9894,-0.0412,0,-0.409,-0.0197,0.9123,0,0,16.8992,1.2183,1]},
{"frame":11,"values":[0.9031,0.1466,0.4037,0,-0.1424,0.989,-0.0406,0,-0.4052,-0.0209,0.914,0,0,16.8992,1.2183,1]},
{"frame":12,"values":[0.9048,0.1494,0.3987,0,-0.1446,0.9886,-0.0423,0,-0.4005,-0.0194,0.9161,0,0,16.8992,1.2183,1]},
{"frame":13,"values":[0.9091,0.1565,0.386,0,-0.1487,0.9876,-0.0502,0,-0.3891,-0.0117,0.9211,0,0,16.8992,1.2183,1]},
{"frame":14,"values":[0.9202,0.1613,0.3567,0,-0.1499,0.9869,-0.0598,0,-0.3617,0.0015,0.9323,0,0,16.8992,1.2183,1]},
{"frame":15,"values":[0.9372,0.1491,0.3152,0,-0.136,0.9887,-0.0632,0,-0.3211,0.0164,0.9469,0,0,16.8992,1.2183,1]},
{"frame":16,"values":[0.9545,0.1263,0.2703,0,-0.1129,0.9915,-0.0647,0,-0.2762,0.0312,0.9606,0,0,16.8992,1.2183,1]},
{"frame":17,"values":[0.9693,0.1033,0.2233,0,-0.0885,0.9932,-0.0755,0,-0.2296,0.0534,0.9718,0,0,16.8992,1.2183,1]},
{"frame":18,"values":[0.9812,0.0798,0.176,0,-0.0643,0.9937,-0.0918,0,-0.1822,0.0787,0.9801,0,0,16.8992,1.2183,1]},
{"frame":19,"values":[0.9899,0.0573,0.1293,0,-0.0439,0.9936,-0.1041,0,-0.1345,0.0974,0.9861,0,0,16.8992,1.2183,1]},
{"frame":20,"values":[0.9958,0.0375,0.0836,0,-0.028,0.9933,-0.112,0,-0.0872,0.1092,0.9902,0,0,16.8992,1.2183,1]},
{"frame":21,"values":[0.9989,0.0225,0.04,0,-0.0177,0.993,-0.1172,0,-0.0424,0.1164,0.9923,0,0,16.8992,1.2183,1]},
{"frame":22,"values":[1,0.006,-0.0007,0,-0.0061,0.9921,-0.1257,0,-0.0001,0.1257,0.9921,0,0,16.8992,1.2183,1]},
{"frame":23,"values":[0.9997,-0.0046,-0.0236,0,0.0014,0.9913,-0.1317,0,0.024,0.1316,0.991,0,0,16.8992,1.2183,1]}],"loopBehavior":1,"name":"anim","property":"_matrix"}},
{"name":"HeadTop_End","index":6,"matrix":[1,0,0,0,0,1,0,0,0,0,1,0,0,22.2062,2.1925,1],"rest":[1,0,0,0,0,1,0,0,0,0,1,0,0,22.2062,2.1925,1],"parentBoneIndex":5,"length":22.3142
,"animation":{"dataType":3,"framePerSecond":24,"keys":[
{"frame":1,"values":[1,0,0,0,0,1,0,0,0,0,1,0,0,22.2062,2.1925,1]},
{"frame":23,"values":[1,0,0,0,0,1,0,0,0,0,1,0,0,22.2062,2.1925,1]}],"loopBehavior":1,"name":"anim","property":"_matrix"}},
{"name":"LeftShoulder","index":7,"matrix":[0.9321,-0.2187,0.2889,0,0.2036,0.9756,0.0817,0,-0.2997,-0.0174,0.9539,0,12.8964,26.7163,-4.5484,1],"rest":[1,0,0,0,0,1,0,0,0,0,1,0,12.8964,26.7163,-4.5484,1],"parentBoneIndex":3,"length":19.7122
,"animation":{"dataType":3,"framePerSecond":24,"keys":[
{"frame":1,"values":[0.9321,-0.2187,0.2889,0,0.2036,0.9756,0.0817,0,-0.2997,-0.0174,0.9539,0,12.8964,26.7163,-4.5484,1]},
{"frame":2,"values":[0.9328,-0.2137,0.2903,0,0.1983,0.9767,0.0817,0,-0.301,-0.0187,0.9534,0,12.8964,26.7163,-4.5484,1]},
{"frame":3,"values":[0.9337,-0.2092,0.2904,0,0.1937,0.9777,0.0815,0,-0.301,-0.0199,0.9534,0,12.8964,26.7163,-4.5484,1]},
{"frame":4,"values":[0.9348,-0.2066,0.2891,0,0.1911,0.9782,0.0811,0,-0.2995,-0.0205,0.9539,0,12.8964,26.7163,-4.5484,1]},
{"frame":5,"values":[0.9353,-0.2062,0.2875,0,0.1909,0.9783,0.0807,0,-0.2979,-0.0206,0.9544,0,12.8964,26.7163,-4.5484,1]},
{"frame":6,"values":[0.9354,-0.2073,0.2864,0,0.192,0.9781,0.0806,0,-0.2968,-0.0204,0.9547,0,12.8964,26.7163,-4.5484,1]},
{"frame":7,"values":[0.9357,-0.2089,0.2843,0,0.1939,0.9777,0.0803,0,-0.2947,-0.02,0.9554,0,12.8964,26.7163,-4.5484,1]},
{"frame":8,"values":[0.9366,-0.2108,0.2798,0,0.1962,0.9773,0.0795,0,-0.2902,-0.0195,0.9568,0,12.8964,26.7163,-4.5484,1]},
{"frame":9,"values":[0.9378,-0.2122,0.2749,0,0.1981,0.977,0.0785,0,-0.2852,-0.0191,0.9583,0,12.8964,26.7163,-4.5484,1]},
{"frame":10,"values":[0.9372,-0.2121,0.2768,0,0.1982,0.9771,0.0775,0,-0.2869,-0.0178,0.9578,0,12.8964,26.7163,-4.5484,1]},
{"frame":11,"values":[0.934,-0.2119,0.2877,0,0.198,0.9772,0.0771,0,-0.2975,-0.015,0.9546,0,12.8964,26.7163,-4.5484,1]},
{"frame":12,"values":[0.9289,-0.214,0.3023,0,0.1999,0.9768,0.0774,0,-0.3119,-0.0114,0.9501,0,12.8964,26.7163,-4.5484,1]},
{"frame":13,"values":[0.9253,-0.2168,0.3113,0,0.2026,0.9762,0.0775,0,-0.3207,-0.0087,0.9472,0,12.8964,26.7163,-4.5484,1]},
{"frame":14,"values":[0.9262,-0.2182,0.3075,0,0.2042,0.9759,0.0775,0,-0.317,-0.009,0.9484,0,12.8964,26.7163,-4.5484,1]},
{"frame":15,"values":[0.9298,-0.2201,0.2949,0,0.2062,0.9754,0.0777,0,-0.3048,-0.0115,0.9524,0,12.8964,26.7163,-4.5484,1]},
{"frame":16,"values":[0.9333,-0.2248,0.28,0,0.2108,0.9743,0.0793,0,-0.2906,-0.015,0.9567,0,12.8964,26.7163,-4.5484,1]},
{"frame":17,"values":[0.9322,-0.2311,0.2787,0,0.2171,0.9728,0.0803,0,-0.2897,-0.0143,0.957,0,12.8964,26.7163,-4.5484,1]},
{"frame":18,"values":[0.9281,-0.2435,0.2816,0,0.2296,0.9698,0.0818,0,-0.293,-0.0112,0.9561,0,12.8964,26.7163,-4.5484,1]},
{"frame":19,"values":[0.9245,-0.2568,0.2819,0,0.243,0.9664,0.0833,0,-0.2938,-0.0085,0.9558,0,12.8964,26.7163,-4.5484,1]},
{"frame":20,"values":[0.9238,-0.2624,0.2787,0,0.2486,0.9649,0.0843,0,-0.291,-0.0086,0.9567,0,12.8964,26.7163,-4.5484,1]},
{"frame":21,"values":[0.9139,-0.2692,0.3039,0,0.2558,0.9631,0.0839,0,-0.3153,0.0011,0.949,0,12.8964,26.7163,-4.5484,1]},
{"frame":22,"values":[0.9029,-0.28,0.3262,0,0.2665,0.96,0.0864,0,-0.3373,0.0089,0.9413,0,12.8964,26.7163,-4.5484,1]},
{"frame":23,"values":[0.8977,-0.2865,0.3348,0,0.2727,0.958,0.0886,0,-0.3461,0.0118,0.9381,0,12.8964,26.7163,-4.5484,1]}],"loopBehavior":1,"name":"anim","property":"_matrix"}},
{"name":"LeftArm","index":8,"matrix":[0.325,-0.9442,0.0539,0,0.8818,0.3232,0.3436,0,-0.3418,-0.0642,0.9376,0,19.027,-4.857,-1.7184,1],"rest":[1,0,0,0,0,1,0,0,0,0,1,0,19.027,-4.857,-1.7184,1],"parentBoneIndex":7,"length":24.1799
,"animation":{"dataType":3,"framePerSecond":24,"keys":[
{"frame":1,"values":[0.325,-0.9442,0.0539,0,0.8818,0.3232,0.3436,0,-0.3418,-0.0642,0.9376,0,19.027,-4.857,-1.7184,1]},
{"frame":2,"values":[0.3351,-0.9412,0.0425,0,0.8781,0.3283,0.3481,0,-0.3416,-0.0794,0.9365,0,19.027,-4.857,-1.7184,1]},
{"frame":3,"values":[0.3498,-0.9365,0.027,0,0.8763,0.3372,0.344,0,-0.3312,-0.0966,0.9386,0,19.027,-4.857,-1.7184,1]},
{"frame":4,"values":[0.3677,-0.9299,0.0093,0,0.875,0.3494,0.3352,0,-0.3149,-0.1151,0.9421,0,19.027,-4.857,-1.7184,1]},
{"frame":5,"values":[0.3872,-0.9219,-0.0087,0,0.8717,0.363,0.3292,0,-0.3003,-0.1351,0.9442,0,19.027,-4.857,-1.7184,1]},
{"frame":6,"values":[0.4059,-0.9136,-0.0248,0,0.8673,0.3765,0.3256,0,-0.2881,-0.1536,0.9452,0,19.027,-4.857,-1.7184,1]},
{"frame":7,"values":[0.422,-0.9058,-0.0383,0,0.8637,0.3888,0.3208,0,-0.2757,-0.1685,0.9464,0,19.027,-4.857,-1.7184,1]},
{"frame":8,"values":[0.4363,-0.8982,-0.0533,0,0.861,0.3996,0.3146,0,-0.2613,-0.1831,0.9477,0,19.027,-4.857,-1.7184,1]},
{"frame":9,"values":[0.4502,-0.8901,-0.0713,0,0.8584,0.4094,0.309,0,-0.2459,-0.2003,0.9484,0,19.027,-4.857,-1.7184,1]},
{"frame":10,"values":[0.4648,-0.8811,-0.0871,0,0.856,0.422,0.2985,0,-0.2262,-0.2133,0.9504,0,19.027,-4.857,-1.7184,1]},
{"frame":11,"values":[0.4797,-0.8725,-0.093,0,0.854,0.4399,0.2779,0,-0.2016,-0.2127,0.9561,0,19.027,-4.857,-1.7184,1]},
{"frame":12,"values":[0.4971,-0.8627,-0.0929,0,0.8494,0.462,0.255,0,-0.1771,-0.2056,0.9625,0,19.027,-4.857,-1.7184,1]},
{"frame":13,"values":[0.5166,-0.8511,-0.0931,0,0.8413,0.4845,0.2398,0,-0.1589,-0.2022,0.9664,0,19.027,-4.857,-1.7184,1]},
{"frame":14,"values":[0.5285,-0.8444,-0.0879,0,0.8357,0.4992,0.2287,0,-0.1493,-0.1944,0.9695,0,19.027,-4.857,-1.7184,1]},
{"frame":15,"values":[0.528,-0.8464,-0.0694,0,0.8351,0.5025,0.2239,0,-0.1547,-0.1762,0.9721,0,19.027,-4.857,-1.7184,1]},
{"frame":16,"values":[0.5212,-0.8525,-0.0402,0,0.8338,0.4986,0.237,0,-0.1821,-0.157,0.9707,0,19.027,-4.857,-1.7184,1]},
{"frame":17,"values":[0.5086,-0.8609,-0.0149,0,0.8337,0.4881,0.2583,0,-0.2151,-0.1438,0.9659,0,19.027,-4.857,-1.7184,1]},
{"frame":18,"values":[0.492,-0.8706,-0.0001,0,0.8415,0.4755,0.2565,0,-0.2233,-0.1263,0.9665,0,19.027,-4.857,-1.7184,1]},
{"frame":19,"values":[0.4695,-0.8828,0.0134,0,0.8553,0.4586,0.2411,0,-0.219,-0.1017,0.9704,0,19.027,-4.857,-1.7184,1]},
{"frame":20,"values":[0.44,-0.8975,0.0305,0,0.8677,0.4336,0.2432,0,-0.2315,-0.0805,0.9695,0,19.027,-4.857,-1.7184,1]},
{"frame":21,"values":[0.4084,-0.9123,0.0304,0,0.879,0.4021,0.2564,0,-0.2461,-0.078,0.9661,0,19.027,-4.857,-1.7184,1]},
{"frame":22,"values":[0.3953,-0.9183,0.0223,0,0.8795,0.3853,0.2794,0,-0.2651,-0.0908,0.9599,0,19.027,-4.857,-1.7184,1]},
{"frame":23,"values":[0.3918,-0.9199,0.0178,0,0.877,0.3792,0.2951,0,-0.2782,-0.1,0.9553,0,19.027,-4.857,-1.7184,1]}],"loopBehavior":1,"name":"anim","property":"_matrix"}},
{"name":"LeftForeArm","index":9,"matrix":[0.9997,0,0.0255,0,0,1,0,0,-0.0255,0,0.9997,0,24.1799,0,0,1],"rest":[1,0,0,0,0,1,0,0,0,0,1,0,24.1799,0,0,1],"parentBoneIndex":8,"length":27.1564
,"animation":{"dataType":3,"framePerSecond":24,"keys":[
{"frame":1,"values":[0.9997,0,0.0255,0,0,1,0,0,-0.0255,0,0.9997,0,24.1799,0,0,1]},
{"frame":2,"values":[0.9995,0,0.0325,0,0,1,0,0,-0.0325,0,0.9995,0,24.1799,0,0,1]},
{"frame":3,"values":[0.9991,0,0.0435,0,0,1,0,0,-0.0435,0,0.9991,0,24.1799,0,0,1]},
{"frame":4,"values":[0.9984,0,0.0562,0,0,1,0,0,-0.0562,0,0.9984,0,24.1799,0,0,1]},
{"frame":5,"values":[0.9976,0,0.0687,0,0,1,0,0,-0.0687,0,0.9976,0,24.1799,0,0,1]},
{"frame":6,"values":[0.9967,0,0.0811,0,0,1,0,0,-0.0811,0,0.9967,0,24.1799,0,0,1]},
{"frame":7,"values":[0.9952,0,0.0975,0,0,1,0,0,-0.0975,0,0.9952,0,24.1799,0,0,1]},
{"frame":8,"values":[0.9927,0,0.1204,0,0,1,0,0,-0.1204,0,0.9927,0,24.1799,0,0,1]},
{"frame":9,"values":[0.9897,0,0.1432,0,0,1,0,0,-0.1432,0,0.9897,0,24.1799,0,0,1]},
{"frame":10,"values":[0.9878,0,0.1558,0,0,1,0,0,-0.1558,0,0.9878,0,24.1799,0,0,1]},
{"frame":11,"values":[0.9875,0,0.1577,0,0,1,0,0,-0.1577,0,0.9875,0,24.1799,0,0,1]},
{"frame":12,"values":[0.9871,0,0.1601,0,0,1,0,0,-0.1601,0,0.9871,0,24.1799,0,0,1]},
{"frame":13,"values":[0.9862,0,0.1658,0,0,1,0,0,-0.1658,0,0.9862,0,24.1799,0,0,1]},
{"frame":14,"values":[0.9866,0,0.1629,0,0,1,0,0,-0.1629,0,0.9866,0,24.1799,0,0,1]},
{"frame":15,"values":[0.9893,0,0.1459,0,0,1,0,0,-0.1459,0,0.9893,0,24.1799,0,0,1]},
{"frame":16,"values":[0.9919,0,0.1272,0,0,1,0,0,-0.1272,0,0.9919,0,24.1799,0,0,1]},
{"frame":17,"values":[0.9933,0,0.1157,0,0,1,0,0,-0.1157,0,0.9933,0,24.1799,0,0,1]},
{"frame":18,"values":[0.9945,0,0.1047,0,0,1,0,0,-0.1047,0,0.9945,0,24.1799,0,0,1]},
{"frame":19,"values":[0.9962,0,0.087,0,0,1,0,0,-0.087,0,0.9962,0,24.1799,0,0,1]},
{"frame":20,"values":[0.9977,0,0.0672,0,0,1,0,0,-0.0672,0,0.9977,0,24.1799,0,0,1]},
{"frame":21,"values":[0.9987,0,0.0506,0,0,1,0,0,-0.0506,0,0.9987,0,24.1799,0,0,1]},
{"frame":22,"values":[0.9994,0,0.0347,0,0,1,0,0,-0.0347,0,0.9994,0,24.1799,0,0,1]},
{"frame":23,"values":[0.9997,0,0.0255,0,0,1,0,0,-0.0255,0,0.9997,0,24.1799,0,0,1]}],"loopBehavior":1,"name":"anim","property":"_matrix"}},
{"name":"LeftHand","index":10,"matrix":[0.9939,-0.0772,0.0789,0,0.1077,0.833,-0.5427,0,-0.0238,0.5479,0.8362,0,27.1564,0.0001,0,1],"rest":[1,0,0,0,0,1,0,0,0,0,1,0,27.1564,0.0001,0,1],"parentBoneIndex":9,"length":13.2912
,"animation":{"dataType":3,"framePerSecond":24,"keys":[
{"frame":1,"values":[0.9939,-0.0772,0.0789,0,0.1077,0.833,-0.5427,0,-0.0238,0.5479,0.8362,0,27.1564,0.0001,0,1]},
{"frame":2,"values":[0.9943,-0.0755,0.0756,0,0.1047,0.8288,-0.5496,0,-0.0212,0.5544,0.832,0,27.1564,0.0001,0,1]},
{"frame":3,"values":[0.9953,-0.0721,0.0652,0,0.0963,0.8239,-0.5586,0,-0.0134,0.5622,0.8269,0,27.1564,0.0001,0,1]},
{"frame":4,"values":[0.9966,-0.0687,0.0458,0,0.0826,0.8177,-0.5697,0,0.0017,0.5716,0.8205,0,27.1564,0.0001,0,1]},
{"frame":5,"values":[0.9977,-0.0646,0.0186,0,0.0634,0.8129,-0.579,0,0.0223,0.5788,0.8151,0,27.1564,0.0001,0,1]},
{"frame":6,"values":[0.9983,-0.0566,-0.0132,0,0.0385,0.8141,-0.5794,0,0.0436,0.578,0.8149,0,27.1564,0.0001,0,1]},
{"frame":7,"values":[0.9981,-0.0447,-0.0417,0,0.0131,0.8229,-0.568,0,0.0597,0.5664,0.822,0,27.1564,0.0001,0,1]},
{"frame":8,"values":[0.9978,-0.0298,-0.0598,0,-0.0079,0.8365,-0.5479,0,0.0663,0.5472,0.8344,0,27.1564,0.0001,0,1]},
{"frame":9,"values":[0.9973,-0.0121,-0.0722,0,-0.0277,0.8506,-0.5251,0,0.0677,0.5257,0.848,0,27.1564,0.0001,0,1]},
{"frame":10,"values":[0.9959,0.0032,-0.0905,0,-0.0481,0.8651,-0.4993,0,0.0768,0.5016,0.8617,0,27.1564,0.0001,0,1]},
{"frame":11,"values":[0.9933,0.01,-0.1154,0,-0.0636,0.8798,-0.4711,0,0.0968,0.4752,0.8745,0,27.1564,0.0001,0,1]},
{"frame":12,"values":[0.9907,0.0138,-0.1351,0,-0.0742,0.8882,-0.4534,0,0.1138,0.4592,0.881,0,27.1564,0.0001,0,1]},
{"frame":13,"values":[0.9892,0.0228,-0.1447,0,-0.0871,0.8857,-0.456,0,0.1177,0.4637,0.8781,0,27.1564,0.0001,0,1]},
{"frame":14,"values":[0.9884,0.0288,-0.1494,0,-0.0961,0.8793,-0.4665,0,0.118,0.4754,0.8718,0,27.1564,0.0001,0,1]},
{"frame":15,"values":[0.9891,0.0147,-0.1466,0,-0.0837,0.8748,-0.4771,0,0.1212,0.4842,0.8665,0,27.1564,0.0001,0,1]},
{"frame":16,"values":[0.9919,-0.0115,-0.1268,0,-0.0523,0.8712,-0.4881,0,0.1161,0.4908,0.8635,0,27.1564,0.0001,0,1]},
{"frame":17,"values":[0.9956,-0.0294,-0.0894,0,-0.0188,0.8683,-0.4957,0,0.0922,0.4952,0.8639,0,27.1564,0.0001,0,1]},
{"frame":18,"values":[0.9981,-0.0408,-0.0455,0,0.0127,0.8666,-0.4989,0,0.0598,0.4974,0.8654,0,27.1564,0.0001,0,1]},
{"frame":19,"values":[0.9984,-0.0571,-0.0024,0,0.0483,0.8644,-0.5004,0,0.0307,0.4995,0.8658,0,27.1564,0.0001,0,1]},
{"frame":20,"values":[0.9967,-0.0725,0.0373,0,0.0814,0.8614,-0.5014,0,0.0042,0.5028,0.8644,0,27.1564,0.0001,0,1]},
{"frame":21,"values":[0.9947,-0.0786,0.0667,0,0.1017,0.8552,-0.5082,0,-0.0171,0.5123,0.8586,0,27.1564,0.0001,0,1]},
{"frame":22,"values":[0.994,-0.0782,0.0766,0,0.107,0.8421,-0.5286,0,-0.0232,0.5336,0.8454,0,27.1564,0.0001,0,1]},
{"frame":23,"values":[0.9939,-0.0772,0.0789,0,0.1077,0.833,-0.5427,0,-0.0238,0.5479,0.8362,0,27.1564,0.0001,0,1]}],"loopBehavior":1,"name":"anim","property":"_matrix"}},
{"name":"LeftHandIndex1","index":11,"matrix":[0.9911,-0.1322,0.0167,0,0.1321,0.9912,0.0026,0,-0.0169,-0.0003,0.9999,0,16.4412,0,0,1],"rest":[1,0,0,0,0,1,0,0,0,0,1,0,16.4412,0,0,1],"parentBoneIndex":10,"length":4.8219
,"animation":{"dataType":3,"framePerSecond":24,"keys":[
{"frame":1,"values":[0.9911,-0.1322,0.0167,0,0.1321,0.9912,0.0026,0,-0.0169,-0.0003,0.9999,0,16.4412,0,0,1]},
{"frame":2,"values":[0.991,-0.133,0.0173,0,0.133,0.9911,0.0022,0,-0.0174,0.0001,0.9998,0,16.4412,0,0,1]},
{"frame":3,"values":[0.9907,-0.1351,0.0169,0,0.1351,0.9908,0.002,0,-0.017,0.0003,0.9999,0,16.4412,0,0,1]},
{"frame":4,"values":[0.9904,-0.1374,0.0166,0,0.1374,0.9905,0.002,0,-0.0167,0.0003,0.9999,0,16.4412,0,0,1]},
{"frame":5,"values":[0.9904,-0.1375,0.0166,0,0.1375,0.9905,0.002,0,-0.0167,0.0003,0.9999,0,16.4412,0,0,1]},
{"frame":6,"values":[0.9901,-0.139,0.0169,0,0.139,0.9903,0.0017,0,-0.017,0.0007,0.9999,0,16.4412,0,0,1]},
{"frame":7,"values":[0.9896,-0.1429,0.0174,0,0.1429,0.9897,0.001,0,-0.0174,0.0015,0.9998,0,16.4412,0,0,1]},
{"frame":8,"values":[0.9895,-0.1432,0.0179,0,0.1432,0.9897,0.0007,0,-0.0178,0.0019,0.9998,0,16.4412,0,0,1]},
{"frame":9,"values":[0.9895,-0.1437,0.0171,0,0.1437,0.9896,0.0011,0,-0.0171,0.0014,0.9999,0,16.4412,0,0,1]},
{"frame":10,"values":[0.9893,-0.1447,0.0157,0,0.1447,0.9895,0.0018,0,-0.0158,0.0005,0.9999,0,16.4412,0,0,1]},
{"frame":11,"values":[0.9899,-0.1409,0.0155,0,0.1409,0.99,0.0023,0,-0.0157,-0.0001,0.9999,0,16.4412,0,0,1]},
{"frame":12,"values":[0.9913,-0.1301,0.019,0,0.1301,0.9915,0.0016,0,-0.019,0.0009,0.9998,0,16.4412,0,0,1]},
{"frame":13,"values":[0.988,-0.154,0.0149,0,0.154,0.9881,0.0012,0,-0.0149,0.0012,0.9999,0,16.4412,0,0,1]},
{"frame":14,"values":[0.9889,-0.148,0.0147,0,0.1479,0.989,0.002,0,-0.0148,0.0002,0.9999,0,16.4412,0,0,1]},
{"frame":15,"values":[0.9905,-0.1369,0.0152,0,0.1368,0.9906,0.0029,0,-0.0154,-0.0008,0.9999,0,16.4412,0,0,1]},
{"frame":16,"values":[0.9898,-0.1417,0.015,0,0.1417,0.9899,0.0025,0,-0.0152,-0.0003,0.9999,0,16.4412,0,0,1]},
{"frame":17,"values":[0.9892,-0.1459,0.0149,0,0.1459,0.9893,0.0021,0,-0.0151,0.0002,0.9999,0,16.4412,0,0,1]},
{"frame":18,"values":[0.9889,-0.1477,0.015,0,0.1477,0.989,0.0018,0,-0.0151,0.0004,0.9999,0,16.4412,0,0,1]},
{"frame":19,"values":[0.9884,-0.1513,0.015,0,0.1513,0.9885,0.0014,0,-0.0151,0.0009,0.9999,0,16.4412,0,0,1]},
{"frame":20,"values":[0.9876,-0.1566,0.015,0,0.1566,0.9877,0.0008,0,-0.0149,0.0015,0.9999,0,16.4412,0,0,1]},
{"frame":21,"values":[0.9864,-0.1638,0.0155,0,0.1638,0.9865,-0.0002,0,-0.0153,0.0028,0.9999,0,16.4412,0,0,1]},
{"frame":22,"values":[0.989,-0.147,0.0164,0,0.147,0.9891,0.0012,0,-0.0164,0.0013,0.9999,0,16.4412,0,0,1]},
{"frame":23,"values":[0.9911,-0.1322,0.0167,0,0.1321,0.9912,0.0026,0,-0.0169,-0.0003,0.9999,0,16.4412,0,0,1]}],"loopBehavior":1,"name":"anim","property":"_matrix"}},
{"name":"LeftHandIndex2","index":12,"matrix":[0.9539,-0.2985,-0.0306,0,0.2985,0.9544,-0.0047,0,0.0306,-0.0047,0.9995,0,4.8219,0.0001,0,1],"rest":[1,0,0,0,0,1,0,0,0,0,1,0,4.8219,0.0001,0,1],"parentBoneIndex":11,"length":6.3865
,"animation":{"dataType":3,"framePerSecond":24,"keys":[
{"frame":1,"values":[0.9539,-0.2985,-0.0306,0,0.2985,0.9544,-0.0047,0,0.0306,-0.0047,0.9995,0,4.8219,0.0001,0,1]},
{"frame":3,"values":[0.9541,-0.2979,-0.0305,0,0.2979,0.9546,-0.0047,0,0.0305,-0.0047,0.9995,0,4.8219,0.0001,0,1]},
{"frame":4,"values":[0.9541,-0.298,-0.0305,0,0.298,0.9546,-0.0047,0,0.0305,-0.0047,0.9995,0,4.8219,0.0001,0,1]},
{"frame":5,"values":[0.9539,-0.2986,-0.0306,0,0.2986,0.9544,-0.0047,0,0.0306,-0.0047,0.9995,0,4.8219,0.0001,0,1]},
{"frame":7,"values":[0.9538,-0.2988,-0.0306,0,0.2988,0.9543,-0.0047,0,0.0306,-0.0047,0.9995,0,4.8219,0.0001,0,1]},
{"frame":8,"values":[0.9542,-0.2976,-0.0305,0,0.2976,0.9547,-0.0046,0,0.0305,-0.0046,0.9995,0,4.8219,0.0001,0,1]},
{"frame":9,"values":[0.9543,-0.2973,-0.0305,0,0.2973,0.9548,-0.0046,0,0.0305,-0.0046,0.9995,0,4.8219,0.0001,0,1]},
{"frame":10,"values":[0.9541,-0.2979,-0.0305,0,0.2979,0.9546,-0.0047,0,0.0305,-0.0047,0.9995,0,4.8219,0.0001,0,1]},
{"frame":11,"values":[0.9537,-0.2993,-0.0307,0,0.2993,0.9542,-0.0047,0,0.0307,-0.0047,0.9995,0,4.8219,0.0001,0,1]},
{"frame":12,"values":[0.9546,-0.2963,-0.0304,0,0.2963,0.9551,-0.0046,0,0.0304,-0.0046,0.9995,0,4.8219,0.0001,0,1]},
{"frame":13,"values":[0.9542,-0.2976,-0.0305,0,0.2976,0.9547,-0.0046,0,0.0305,-0.0046,0.9995,0,4.8219,0.0001,0,1]},
{"frame":14,"values":[0.9541,-0.2978,-0.0305,0,0.2978,0.9546,-0.0047,0,0.0305,-0.0047,0.9995,0,4.8219,0.0001,0,1]},
{"frame":15,"values":[0.9537,-0.2991,-0.0306,0,0.2991,0.9542,-0.0047,0,0.0306,-0.0047,0.9995,0,4.8219,0.0001,0,1]},
{"frame":16,"values":[0.9535,-0.2997,-0.0307,0,0.2997,0.954,-0.0047,0,0.0307,-0.0047,0.9995,0,4.8219,0.0001,0,1]},
{"frame":17,"values":[0.9541,-0.2981,-0.0305,0,0.2981,0.9545,-0.0047,0,0.0305,-0.0047,0.9995,0,4.8219,0.0001,0,1]},
{"frame":18,"values":[0.954,-0.2982,-0.0306,0,0.2982,0.9545,-0.0047,0,0.0306,-0.0047,0.9995,0,4.8219,0.0001,0,1]},
{"frame":19,"values":[0.9536,-0.2996,-0.0307,0,0.2996,0.9541,-0.0047,0,0.0307,-0.0047,0.9995,0,4.8219,0.0001,0,1]},
{"frame":20,"values":[0.9539,-0.2985,-0.0306,0,0.2985,0.9544,-0.0047,0,0.0306,-0.0047,0.9995,0,4.8219,0.0001,0,1]},
{"frame":21,"values":[0.9539,-0.2984,-0.0306,0,0.2984,0.9544,-0.0047,0,0.0306,-0.0047,0.9995,0,4.8219,0.0001,0,1]},
{"frame":23,"values":[0.9539,-0.2984,-0.0306,0,0.2984,0.9544,-0.0047,0,0.0306,-0.0047,0.9995,0,4.8219,0.0001,0,1]}],"loopBehavior":1,"name":"anim","property":"_matrix"}},
{"name":"LeftHandIndex3","index":13,"matrix":[0.9943,-0.1057,-0.0163,0,0.1057,0.9944,-0.0005,0,0.0163,-0.0013,0.9999,0,6.3865,0,0,1],"rest":[0.9994,0.0344,-0.002,0,-0.0344,0.9994,0,0,0.002,0,1,0,6.3865,0,0,1],"parentBoneIndex":12,"length":5.189
,"animation":{"dataType":3,"framePerSecond":24,"keys":[
{"frame":1,"values":[0.9943,-0.1057,-0.0163,0,0.1057,0.9944,-0.0005,0,0.0163,-0.0013,0.9999,0,6.3865,0,0,1]},
{"frame":3,"values":[0.9943,-0.105,-0.0163,0,0.105,0.9945,-0.0005,0,0.0162,-0.0012,0.9999,0,6.3865,0,0,1]},
{"frame":4,"values":[0.9943,-0.1051,-0.0163,0,0.1051,0.9945,-0.0005,0,0.0162,-0.0012,0.9999,0,6.3865,0,0,1]},
{"frame":5,"values":[0.9943,-0.1058,-0.0164,0,0.1058,0.9944,-0.0005,0,0.0163,-0.0013,0.9999,0,6.3865,0,0,1]},
{"frame":7,"values":[0.9942,-0.106,-0.0164,0,0.106,0.9944,-0.0005,0,0.0163,-0.0013,0.9999,0,6.3865,0,0,1]},
{"frame":8,"values":[0.9944,-0.1047,-0.0162,0,0.1047,0.9945,-0.0005,0,0.0162,-0.0012,0.9999,0,6.3865,0,0,1]},
{"frame":9,"values":[0.9944,-0.1044,-0.0162,0,0.1044,0.9945,-0.0005,0,0.0162,-0.0012,0.9999,0,6.3865,0,0,1]},
{"frame":10,"values":[0.9943,-0.105,-0.0163,0,0.105,0.9945,-0.0005,0,0.0162,-0.0012,0.9999,0,6.3865,0,0,1]},
{"frame":11,"values":[0.9942,-0.1065,-0.0164,0,0.1065,0.9943,-0.0005,0,0.0164,-0.0013,0.9999,0,6.3865,0,0,1]},
{"frame":12,"values":[0.9945,-0.1034,-0.0161,0,0.1034,0.9946,-0.0005,0,0.0161,-0.0012,0.9999,0,6.3865,0,0,1]},
{"frame":13,"values":[0.9944,-0.1047,-0.0162,0,0.1047,0.9945,-0.0005,0,0.0162,-0.0012,0.9999,0,6.3865,0,0,1]},
{"frame":14,"values":[0.9943,-0.1049,-0.0163,0,0.1049,0.9945,-0.0005,0,0.0162,-0.0012,0.9999,0,6.3865,0,0,1]},
{"frame":15,"values":[0.9942,-0.1062,-0.0164,0,0.1062,0.9943,-0.0005,0,0.0164,-0.0013,0.9999,0,6.3865,0,0,1]},
{"frame":16,"values":[0.9941,-0.1069,-0.0165,0,0.1069,0.9943,-0.0005,0,0.0164,-0.0013,0.9999,0,6.3865,0,0,1]},
{"frame":17,"values":[0.9943,-0.1052,-0.0163,0,0.1052,0.9944,-0.0005,0,0.0163,-0.0012,0.9999,0,6.3865,0,0,1]},
{"frame":18,"values":[0.9943,-0.1053,-0.0163,0,0.1053,0.9944,-0.0005,0,0.0163,-0.0012,0.9999,0,6.3865,0,0,1]},
{"frame":19,"values":[0.9941,-0.1068,-0.0165,0,0.1068,0.9943,-0.0005,0,0.0164,-0.0013,0.9999,0,6.3865,0,0,1]},
{"frame":20,"values":[0.9943,-0.1057,-0.0163,0,0.1057,0.9944,-0.0005,0,0.0163,-0.0013,0.9999,0,6.3865,0,0,1]},
{"frame":21,"values":[0.9943,-0.1056,-0.0163,0,0.1056,0.9944,-0.0005,0,0.0163,-0.0012,0.9999,0,6.3865,0,0,1]},
{"frame":23,"values":[0.9943,-0.1056,-0.0163,0,0.1056,0.9944,-0.0005,0,0.0163,-0.0012,0.9999,0,6.3865,0,0,1]}],"loopBehavior":1,"name":"anim","property":"_matrix"}},
{"name":"LeftHandIndex4","index":14,"matrix":[1,0,0,0,0,1,0,0,0,0,1,0,5.1859,-0.1787,0.0103,1],"rest":[1,0,0,0,0,1,0,0,0,0,1,0,5.1859,-0.1787,0.0103,1],"parentBoneIndex":13,"length":5.189
,"animation":{"dataType":3,"framePerSecond":24,"keys":[
{"frame":1,"values":[1,0,0,0,0,1,0,0,0,0,1,0,5.1859,-0.1787,0.0103,1]},
{"frame":23,"values":[1,0,0,0,0,1,0,0,0,0,1,0,5.1859,-0.1787,0.0103,1]}],"loopBehavior":1,"name":"anim","property":"_matrix"}},
{"name":"LeftHandThumb1","index":15,"matrix":[0.9957,0.0838,-0.0385,0,-0.0842,0.9964,-0.0084,0,0.0377,0.0116,0.9992,0,6.5349,-5.0326,5.9003,1],"rest":[1,0,0,0,0,1,0,0,0,0,1,0,6.5349,-5.0326,5.9003,1],"parentBoneIndex":10,"length":4.9292
,"animation":{"dataType":3,"framePerSecond":24,"keys":[
{"frame":1,"values":[0.9957,0.0838,-0.0385,0,-0.0842,0.9964,-0.0084,0,0.0377,0.0116,0.9992,0,6.5349,-5.0326,5.9003,1]},
{"frame":23,"values":[0.9957,0.0838,-0.0385,0,-0.0842,0.9964,-0.0084,0,0.0377,0.0116,0.9992,0,6.5349,-5.0326,5.9003,1]}],"loopBehavior":1,"name":"anim","property":"_matrix"}},
{"name":"LeftHandThumb2","index":16,"matrix":[0.8634,0.3714,-0.3414,0,-0.2649,0.9098,0.3196,0,0.4293,-0.1855,0.8839,0,3.8182,-2.2044,2.2044,1],"rest":[1,0,0,0,0,1,0,0,0,0,1,0,3.8182,-2.2044,2.2044,1],"parentBoneIndex":15,"length":4.1984
,"animation":{"dataType":3,"framePerSecond":24,"keys":[
{"frame":1,"values":[0.8634,0.3714,-0.3414,0,-0.2649,0.9098,0.3196,0,0.4293,-0.1855,0.8839,0,3.8182,-2.2044,2.2044,1]},
{"frame":2,"values":[0.8639,0.3711,-0.3404,0,-0.2651,0.9099,0.3191,0,0.4282,-0.1855,0.8845,0,3.8182,-2.2044,2.2044,1]},
