{"producer":{"name":"Blender","version":"2.90.0","exporter_version":"2.80.1","file":"walk.babylon"},
"autoClear":true,"clearColor":[0.0509,0.0509,0.0509],"gravity":[0,-9.81,0],
"materials":[{"name":"Material","id":"Material","customType":"BABYLON.PBRMaterial","backFaceCulling":true,"checkReadyOnlyOnce":false,"maxSimultaneousLights":4,"environmentIntensity":1,"albedo":[0.8,0.8,0.8],"reflectivity":[0.5,0.5,0.5],"roughness":0.4,"alpha":1,"transparencyMode":0,"alphaCutOff":0.4,"metallic":0}],
"multiMaterials":[],
"skeletons":[{"name":"Armature","id":0,"dimensionsAtRest":[232.1761,222.9347,36.3014],"bones":[
{"name":"Hips","index":0,"matrix":[0.9978,-0.0458,0.0489,0,0.0466,0.9988,-0.0156,0,0.0482,-0.0178,-0.9987,0,0.3763,84.5468,-0.9708,1],"rest":[1,0,0,0,0,1,0,0,0,0,-1,0,0,89.0054,0,1],"parentBoneIndex":-1,"length":14.2998
,"animation":{"dataType":3,"framePerSecond":24,"keys":[
{"frame":1,"values":[0.9978,-0.0458,0.0489,0,0.0466,0.9988,-0.0156,0,0.0482,-0.0178,-0.9987,0,0.3763,84.5468,-0.9708,1]},
{"frame":2,"values":[0.9989,-0.0429,0.018,0,0.0432,0.9989,-0.0166,0,0.0173,-0.0173,-0.9997,0,0.133,85.5952,-1.1066,1]},
{"frame":3,"values":[0.9991,-0.0417,-0.0053,0,0.0416,0.999,-0.0137,0,-0.0059,-0.0135,-0.9999,0,-0.0211,85.8277,-1.1051,1]},
{"frame":4,"values":[0.9991,-0.0367,-0.0202,0,0.0365,0.9993,-0.011,0,-0.0205,-0.0102,-0.9997,0,-0.1086,85.3492,-0.8699,1]},
{"frame":5,"values":[0.9989,-0.0299,-0.0353,0,0.0295,0.9995,-0.0128,0,-0.0356,-0.0117,-0.9993,0,-0.0956,84.3408,-0.4205,1]},
{"frame":6,"values":[0.9981,-0.0289,-0.0541,0,0.0282,0.9995,-0.0151,0,-0.0545,-0.0135,-0.9984,0,0.0856,82.9111,-0.1736,1]},
{"frame":7,"values":[0.9971,-0.0284,-0.0702,0,0.0274,0.9995,-0.0141,0,-0.0706,-0.0121,-0.9974,0,0.4756,81.0181,-0.6183,1]},
{"frame":8,"values":[0.9967,-0.0205,-0.0784,0,0.0191,0.9997,-0.0175,0,-0.0787,-0.016,-0.9968,0,0.9643,79.4777,-1.2741,1]},
{"frame":9,"values":[0.9971,-0.0033,-0.0766,0,0.0013,0.9997,-0.0264,0,-0.0767,-0.0262,-0.9967,0,1.4195,78.306,-1.3394,1]},
{"frame":10,"values":[0.9977,0.013,-0.066,0,-0.0148,0.9995,-0.0273,0,-0.0656,-0.0282,-0.9974,0,1.793,78.4078,-0.7101,1]},
{"frame":11,"values":[0.9984,0.0153,-0.0537,0,-0.0163,0.9997,-0.0194,0,-0.0534,-0.0203,-0.9984,0,2.2891,80.399,-0.6196,1]},
{"frame":12,"values":[0.9994,0.0058,-0.0347,0,-0.0063,0.9999,-0.0142,0,-0.0346,-0.0144,-0.9993,0,2.6572,82.8823,-0.8487,1]},
{"frame":13,"values":[1,-0.0047,0.0033,0,0.0048,0.9998,-0.0172,0,0.0032,-0.0173,-0.9998,0,2.9603,85.0031,-1.1232,1]},
{"frame":14,"values":[0.9988,-0.0031,0.0479,0,0.0044,0.9997,-0.0256,0,0.0478,-0.0257,-0.9985,0,3.1171,86.061,-1.0291,1]},
{"frame":15,"values":[0.997,0.0074,0.0776,0,-0.0049,0.9995,-0.0321,0,0.0778,-0.0316,-0.9965,0,3.1716,86.0359,-0.8907,1]},
{"frame":16,"values":[0.9956,0.0146,0.0925,0,-0.0115,0.9994,-0.0337,0,0.0929,-0.0324,-0.9951,0,3.232,85.113,-0.6947,1]},
{"frame":17,"values":[0.9942,0.0171,0.1066,0,-0.0136,0.9993,-0.0339,0,0.1071,-0.0322,-0.9937,0,3.2294,83.6026,-0.2967,1]},
{"frame":18,"values":[0.9917,0.0216,0.1269,0,-0.0171,0.9992,-0.0367,0,0.1276,-0.0342,-0.9912,0,3.0985,81.7108,-0.1043,1]},
{"frame":19,"values":[0.9892,0.0218,0.145,0,-0.0158,0.999,-0.0423,0,0.1457,-0.0395,-0.9885,0,2.6779,80.0903,-0.5166,1]},
{"frame":20,"values":[0.9889,0.0066,0.1483,0,0.0008,0.9988,-0.0498,0,0.1484,-0.0493,-0.9877,0,2.1391,79.1329,-0.8968,1]},
{"frame":21,"values":[0.9901,-0.024,0.1385,0,0.0317,0.998,-0.0543,0,0.1369,-0.0582,-0.9889,0,1.7109,78.6592,-0.5082,1]},
{"frame":22,"values":[0.9905,-0.0513,0.1279,0,0.0577,0.9972,-0.0471,0,0.1251,-0.054,-0.9907,0,1.1673,79.207,0.0637,1]},
{"frame":23,"values":[0.9916,-0.0595,0.1149,0,0.0634,0.9975,-0.0312,0,0.1127,-0.0382,-0.9929,0,0.8043,81.0659,-0.086,1]},
{"frame":24,"values":[0.9947,-0.0527,0.0884,0,0.0546,0.9983,-0.0192,0,0.0873,-0.0239,-0.9959,0,0.5444,83.0758,-0.5856,1]},
{"frame":25,"values":[0.9978,-0.0458,0.0489,0,0.0466,0.9988,-0.0156,0,0.0482,-0.0178,-0.9987,0,0.3763,84.5468,-0.9708,1]}],"loopBehavior":1,"name":"anim","property":"_matrix"}},
{"name":"Spine","index":1,"matrix":[0.9997,0.0244,-0.0049,0,-0.0244,0.9997,0.0034,0,0.005,-0.0033,1,0,0.1169,10.681,0.3734,1],"rest":[1,0,0,0,0,1,0,0,0,0,1,0,0.1169,10.681,0.3734,1],"parentBoneIndex":0,"length":13.8405
,"animation":{"dataType":3,"framePerSecond":24,"keys":[
{"frame":1,"values":[0.9997,0.0244,-0.0049,0,-0.0244,0.9997,0.0034,0,0.005,-0.0033,1,0,0.1169,10.681,0.3734,1]},
{"frame":2,"values":[0.9998,0.0162,-0.0136,0,-0.0162,0.9999,0.0043,0,0.0137,-0.0041,0.9999,0,0.1169,10.681,0.3734,1]},
{"frame":3,"values":[0.9998,0.0083,-0.0201,0,-0.0082,0.9999,0.006,0,0.0202,-0.0059,0.9998,0,0.1169,10.681,0.3734,1]},
{"frame":4,"values":[0.9997,0.0006,-0.0247,0,-0.0004,1,0.0078,0,0.0247,-0.0078,0.9997,0,0.1169,10.681,0.3734,1]},
{"frame":5,"values":[0.9995,-0.007,-0.0296,0,0.0072,0.9999,0.008,0,0.0295,-0.0082,0.9995,0,0.1169,10.681,0.3734,1]},
{"frame":6,"values":[0.9993,-0.0102,-0.0359,0,0.0105,0.9999,0.0078,0,0.0358,-0.0082,0.9993,0,0.1169,10.681,0.3734,1]},
{"frame":7,"values":[0.9991,-0.0118,-0.0418,0,0.0121,0.9999,0.0065,0,0.0417,-0.007,0.9991,0,0.1169,10.681,0.3734,1]},
{"frame":8,"values":[0.9989,-0.0148,-0.0449,0,0.0149,0.9999,0.0021,0,0.0449,-0.0027,0.999,0,0.1169,10.681,0.3734,1]},
{"frame":9,"values":[0.9987,-0.0238,-0.0444,0,0.0236,0.9997,-0.0046,0,0.0445,0.0035,0.999,0,0.1169,10.681,0.3734,1]},
{"frame":10,"values":[0.9987,-0.0324,-0.0388,0,0.0323,0.9995,-0.0047,0,0.039,0.0034,0.9992,0,0.1169,10.681,0.3734,1]},
{"frame":11,"values":[0.999,-0.0344,-0.0301,0,0.0344,0.9994,-0.0011,0,0.0301,0,0.9995,0,0.1169,10.681,0.3734,1]},
{"frame":12,"values":[0.9993,-0.0312,-0.0192,0,0.0313,0.9995,0.0015,0,0.0192,-0.0021,0.9998,0,0.1169,10.681,0.3734,1]},
{"frame":13,"values":[0.9997,-0.0249,-0.006,0,0.0249,0.9997,0.0023,0,0.006,-0.0024,1,0,0.1169,10.681,0.3734,1]},
{"frame":14,"values":[0.9998,-0.0196,0.0065,0,0.0196,0.9998,0.0031,0,-0.0065,-0.003,1,0,0.1169,10.681,0.3734,1]},
{"frame":15,"values":[0.9998,-0.0142,0.0139,0,0.0141,0.9999,0.0041,0,-0.014,-0.0039,0.9999,0,0.1169,10.681,0.3734,1]},
{"frame":16,"values":[0.9998,-0.0058,0.0174,0,0.0057,1,0.0062,0,-0.0175,-0.0061,0.9998,0,0.1169,10.681,0.3734,1]},
{"frame":17,"values":[0.9998,0.0023,0.0214,0,-0.0025,1,0.0079,0,-0.0213,-0.0079,0.9997,0,0.1169,10.681,0.3734,1]},
{"frame":18,"values":[0.9996,0.0055,0.0272,0,-0.0057,0.9999,0.0083,0,-0.0271,-0.0084,0.9996,0,0.1169,10.681,0.3734,1]},
{"frame":19,"values":[0.9995,0.0047,0.032,0,-0.0049,1,0.0053,0,-0.032,-0.0054,0.9995,0,0.1169,10.681,0.3734,1]},
{"frame":20,"values":[0.9994,0.0075,0.033,0,-0.0075,1,-0.0014,0,-0.033,0.0012,0.9995,0,0.1169,10.681,0.3734,1]},
{"frame":21,"values":[0.9994,0.0189,0.0301,0,-0.0188,0.9998,-0.006,0,-0.0302,0.0054,0.9995,0,0.1169,10.681,0.3734,1]},
{"frame":22,"values":[0.9992,0.0306,0.0247,0,-0.0305,0.9995,-0.0045,0,-0.0248,0.0037,0.9997,0,0.1169,10.681,0.3734,1]},
{"frame":23,"values":[0.9993,0.0341,0.0171,0,-0.0341,0.9994,-0.0008,0,-0.0172,0.0002,0.9999,0,0.1169,10.681,0.3734,1]},
{"frame":24,"values":[0.9995,0.0296,0.0069,0,-0.0296,0.9996,0.0021,0,-0.0069,-0.0023,1,0,0.1169,10.681,0.3734,1]},
{"frame":25,"values":[0.9997,0.0244,-0.0049,0,-0.0244,0.9997,0.0034,0,0.005,-0.0033,1,0,0.1169,10.681,0.3734,1]}],"loopBehavior":1,"name":"anim","property":"_matrix"}},
{"name":"Spine1","index":2,"matrix":[0.9999,0.0088,-0.012,0,-0.0087,0.9999,0.0068,0,0.0121,-0.0067,0.9999,0,0,13.8404,0.0535,1],"rest":[1,0,0,0,0,1,0,0,0,0,1,0,0,13.8404,0.0535,1],"parentBoneIndex":1,"length":14.7173
,"animation":{"dataType":3,"framePerSecond":24,"keys":[
{"frame":1,"values":[0.9999,0.0088,-0.012,0,-0.0087,0.9999,0.0068,0,0.0121,-0.0067,0.9999,0,0,13.8404,0.0535,1]},
{"frame":2,"values":[0.9997,0.0014,-0.0264,0,-0.0012,1,0.0085,0,0.0264,-0.0085,0.9996,0,0,13.8404,0.0535,1]},
{"frame":3,"values":[0.9993,-0.0013,-0.0378,0,0.0017,0.9999,0.0121,0,0.0378,-0.0121,0.9992,0,0,13.8404,0.0535,1]},
{"frame":4,"values":[0.9989,-0.0042,-0.0466,0,0.0049,0.9999,0.0155,0,0.0465,-0.0157,0.9988,0,0,13.8404,0.0535,1]},
{"frame":5,"values":[0.9984,-0.0091,-0.0563,0,0.01,0.9998,0.0159,0,0.0562,-0.0165,0.9983,0,0,13.8404,0.0535,1]},
{"frame":6,"values":[0.9976,-0.0144,-0.068,0,0.0155,0.9998,0.0154,0,0.0678,-0.0164,0.9976,0,0,13.8404,0.0535,1]},
{"frame":7,"values":[0.9968,-0.0188,-0.0778,0,0.0199,0.9997,0.0127,0,0.0775,-0.0142,0.9969,0,0,13.8404,0.0535,1]},
{"frame":8,"values":[0.9964,-0.024,-0.0814,0,0.0243,0.9997,0.0037,0,0.0813,-0.0057,0.9967,0,0,13.8404,0.0535,1]},
{"frame":9,"values":[0.9965,-0.0329,-0.0763,0,0.0322,0.9994,-0.0095,0,0.0765,0.007,0.997,0,0,13.8404,0.0535,1]},
{"frame":10,"values":[0.9974,-0.0342,-0.0636,0,0.0336,0.9994,-0.0095,0,0.0639,0.0074,0.9979,0,0,13.8404,0.0535,1]},
{"frame":11,"values":[0.9984,-0.0283,-0.0486,0,0.0283,0.9996,-0.0022,0,0.0486,0.0008,0.9988,0,0,13.8404,0.0535,1]},
{"frame":12,"values":[0.9993,-0.0186,-0.0312,0,0.0187,0.9998,0.0029,0,0.0311,-0.0035,0.9995,0,0,13.8404,0.0535,1]},
{"frame":13,"values":[0.9999,-0.0091,-0.0091,0,0.0091,0.9999,0.0046,0,0.009,-0.0047,0.9999,0,0,13.8404,0.0535,1]},
{"frame":14,"values":[0.9999,-0.0064,0.0122,0,0.0063,1,0.0062,0,-0.0123,-0.0062,0.9999,0,0,13.8404,0.0535,1]},
{"frame":15,"values":[0.9996,-0.008,0.0255,0,0.0078,0.9999,0.0083,0,-0.0255,-0.0081,0.9996,0,0,13.8404,0.0535,1]},
{"frame":16,"values":[0.9994,-0.0062,0.033,0,0.0058,0.9999,0.0124,0,-0.033,-0.0122,0.9994,0,0,13.8404,0.0535,1]},
{"frame":17,"values":[0.9991,-0.0032,0.0411,0,0.0026,0.9999,0.0158,0,-0.0412,-0.0156,0.999,0,0,13.8404,0.0535,1]},
{"frame":18,"values":[0.9987,0.0019,0.0518,0,-0.0028,0.9999,0.0165,0,-0.0518,-0.0167,0.9985,0,0,13.8404,0.0535,1]},
{"frame":19,"values":[0.9982,0.0072,0.0601,0,-0.0078,0.9999,0.0104,0,-0.06,-0.0109,0.9981,0,0,13.8404,0.0535,1]},
{"frame":20,"values":[0.9982,0.0138,0.0592,0,-0.0137,0.9999,-0.003,0,-0.0592,0.0022,0.9982,0,0,13.8404,0.0535,1]},
{"frame":21,"values":[0.9985,0.0236,0.0495,0,-0.0231,0.9997,-0.0121,0,-0.0498,0.0109,0.9987,0,0,13.8404,0.0535,1]},
{"frame":22,"values":[0.9989,0.0286,0.0377,0,-0.0283,0.9996,-0.009,0,-0.0379,0.0079,0.9992,0,0,13.8404,0.0535,1]},
{"frame":23,"values":[0.9993,0.0262,0.0253,0,-0.0262,0.9997,-0.0016,0,-0.0253,0.0009,0.9997,0,0,13.8404,0.0535,1]},
{"frame":24,"values":[0.9998,0.0181,0.0084,0,-0.0182,0.9998,0.0042,0,-0.0083,-0.0044,1,0,0,13.8404,0.0535,1]},
{"frame":25,"values":[0.9999,0.0088,-0.012,0,-0.0087,0.9999,0.0068,0,0.0121,-0.0067,0.9999,0,0,13.8404,0.0535,1]}],"loopBehavior":1,"name":"anim","property":"_matrix"}},
{"name":"Spine2","index":3,"matrix":[0.9999,0.0088,-0.012,0,-0.0087,0.9999,0.0068,0,0.0121,-0.0067,0.9999,0,0,14.7127,-0.3662,1],"rest":[1,0,0,0,0,1,0,0,0,0,1,0,0,14.7127,-0.3662,1],"parentBoneIndex":2,"length":31.8652
,"animation":{"dataType":3,"framePerSecond":24,"keys":[
{"frame":1,"values":[0.9999,0.0088,-0.012,0,-0.0087,0.9999,0.0068,0,0.0121,-0.0067,0.9999,0,0,14.7127,-0.3662,1]},
{"frame":2,"values":[0.9997,0.0014,-0.0264,0,-0.0012,1,0.0085,0,0.0264,-0.0085,0.9996,0,0,14.7127,-0.3662,1]},
{"frame":3,"values":[0.9993,-0.0013,-0.0378,0,0.0017,0.9999,0.0121,0,0.0378,-0.0121,0.9992,0,0,14.7127,-0.3662,1]},
{"frame":4,"values":[0.9989,-0.0042,-0.0466,0,0.0049,0.9999,0.0155,0,0.0465,-0.0157,0.9988,0,0,14.7127,-0.3662,1]},
{"frame":5,"values":[0.9984,-0.0091,-0.0563,0,0.01,0.9998,0.0159,0,0.0562,-0.0165,0.9983,0,0,14.7127,-0.3662,1]},
{"frame":6,"values":[0.9976,-0.0144,-0.068,0,0.0155,0.9998,0.0154,0,0.0678,-0.0164,0.9976,0,0,14.7127,-0.3662,1]},
{"frame":7,"values":[0.9968,-0.0188,-0.0778,0,0.0199,0.9997,0.0127,0,0.0775,-0.0142,0.9969,0,0,14.7127,-0.3662,1]},
{"frame":8,"values":[0.9964,-0.024,-0.0814,0,0.0243,0.9997,0.0037,0,0.0813,-0.0057,0.9967,0,0,14.7127,-0.3662,1]},
{"frame":9,"values":[0.9965,-0.0329,-0.0763,0,0.0322,0.9994,-0.0095,0,0.0765,0.007,0.997,0,0,14.7127,-0.3662,1]},
{"frame":10,"values":[0.9974,-0.0342,-0.0636,0,0.0336,0.9994,-0.0095,0,0.0639,0.0074,0.9979,0,0,14.7127,-0.3662,1]},
{"frame":11,"values":[0.9984,-0.0283,-0.0486,0,0.0283,0.9996,-0.0022,0,0.0486,0.0008,0.9988,0,0,14.7127,-0.3662,1]},
{"frame":12,"values":[0.9993,-0.0186,-0.0312,0,0.0187,0.9998,0.0029,0,0.0311,-0.0035,0.9995,0,0,14.7127,-0.3662,1]},
{"frame":13,"values":[0.9999,-0.0091,-0.0091,0,0.0091,0.9999,0.0046,0,0.009,-0.0047,0.9999,0,0,14.7127,-0.3662,1]},
{"frame":14,"values":[0.9999,-0.0064,0.0122,0,0.0063,1,0.0062,0,-0.0123,-0.0062,0.9999,0,0,14.7127,-0.3662,1]},
{"frame":15,"values":[0.9996,-0.008,0.0255,0,0.0078,0.9999,0.0083,0,-0.0255,-0.0081,0.9996,0,0,14.7127,-0.3662,1]},
{"frame":16,"values":[0.9994,-0.0062,0.033,0,0.0058,0.9999,0.0124,0,-0.033,-0.0122,0.9994,0,0,14.7127,-0.3662,1]},
{"frame":17,"values":[0.9991,-0.0032,0.0411,0,0.0026,0.9999,0.0158,0,-0.0412,-0.0156,0.999,0,0,14.7127,-0.3662,1]},
{"frame":18,"values":[0.9987,0.0019,0.0518,0,-0.0028,0.9999,0.0165,0,-0.0518,-0.0167,0.9985,0,0,14.7127,-0.3662,1]},
{"frame":19,"values":[0.9982,0.0072,0.0601,0,-0.0078,0.9999,0.0104,0,-0.06,-0.0109,0.9981,0,0,14.7127,-0.3662,1]},
{"frame":20,"values":[0.9982,0.0138,0.0592,0,-0.0137,0.9999,-0.003,0,-0.0592,0.0022,0.9982,0,0,14.7127,-0.3662,1]},
{"frame":21,"values":[0.9985,0.0236,0.0495,0,-0.0231,0.9997,-0.0121,0,-0.0498,0.0109,0.9987,0,0,14.7127,-0.3662,1]},
{"frame":22,"values":[0.9989,0.0286,0.0377,0,-0.0283,0.9996,-0.009,0,-0.0379,0.0079,0.9992,0,0,14.7127,-0.3662,1]},
{"frame":23,"values":[0.9993,0.0262,0.0253,0,-0.0262,0.9997,-0.0016,0,-0.0253,0.0009,0.9997,0,0,14.7127,-0.3662,1]},
{"frame":24,"values":[0.9998,0.0181,0.0084,0,-0.0182,0.9998,0.0042,0,-0.0083,-0.0044,1,0,0,14.7127,-0.3662,1]},
{"frame":25,"values":[0.9999,0.0088,-0.012,0,-0.0087,0.9999,0.0068,0,0.0121,-0.0067,0.9999,0,0,14.7127,-0.3662,1]}],"loopBehavior":1,"name":"anim","property":"_matrix"}},
{"name":"Neck","index":4,"matrix":[0.9997,-0.0211,0.008,0,0.0211,0.9998,0.0001,0,-0.008,0.0001,1,0,0,35.4155,-3.3142,1],"rest":[1,0,0,0,0,1,0,0,0,0,1,0,0,35.4155,-3.3142,1],"parentBoneIndex":3,"length":16.943
,"animation":{"dataType":3,"framePerSecond":24,"keys":[
{"frame":1,"values":[0.9997,-0.0211,0.008,0,0.0211,0.9998,0.0001,0,-0.008,0.0001,1,0,0,35.4155,-3.3142,1]},
{"frame":2,"values":[0.9999,-0.0017,0.0123,0,0.0016,1,0.0093,0,-0.0123,-0.0093,0.9999,0,0,35.4155,-3.3142,1]},
{"frame":3,"values":[0.9997,0.0162,0.0168,0,-0.0165,0.9996,0.0213,0,-0.0165,-0.0216,0.9996,0,0,35.4155,-3.3142,1]},
{"frame":4,"values":[0.9992,0.033,0.0212,0,-0.0337,0.9988,0.0341,0,-0.02,-0.0348,0.9992,0,0,35.4155,-3.3142,1]},
{"frame":5,"values":[0.9981,0.0555,0.0282,0,-0.0567,0.9974,0.045,0,-0.0256,-0.0465,0.9986,0,0,35.4155,-3.3142,1]},
{"frame":6,"values":[0.9963,0.0784,0.0361,0,-0.0797,0.9961,0.0374,0,-0.033,-0.0401,0.9987,0,0,35.4155,-3.3142,1]},
{"frame":7,"values":[0.9954,0.0872,0.0386,0,-0.0877,0.9961,0.0118,0,-0.0374,-0.0151,0.9992,0,0,35.4155,-3.3142,1]},
{"frame":8,"values":[0.9962,0.0792,0.0357,0,-0.0796,0.9968,0.0073,0,-0.035,-0.0101,0.9993,0,0,35.4155,-3.3142,1]},
{"frame":9,"values":[0.9964,0.0787,0.0327,0,-0.0795,0.9965,0.0244,0,-0.0307,-0.0269,0.9992,0,0,35.4155,-3.3142,1]},
{"frame":10,"values":[0.9981,0.0572,0.0228,0,-0.0575,0.9982,0.0164,0,-0.0218,-0.0177,0.9996,0,0,35.4155,-3.3142,1]},
{"frame":11,"values":[0.9993,0.0345,0.0127,0,-0.0348,0.9992,0.0209,0,-0.012,-0.0213,0.9997,0,0,35.4155,-3.3142,1]},
{"frame":12,"values":[0.9998,0.0188,0.0044,0,-0.019,0.9992,0.0355,0,-0.0037,-0.0356,0.9994,0,0,35.4155,-3.3142,1]},
{"frame":13,"values":[1,0.0081,-0.0027,0,-0.008,0.9985,0.0535,0,0.0031,-0.0535,0.9986,0,0,35.4155,-3.3142,1]},
{"frame":14,"values":[1,0.0065,-0.0072,0,-0.0061,0.9984,0.0569,0,0.0076,-0.0569,0.9984,0,0,35.4155,-3.3142,1]},
{"frame":15,"values":[0.9999,0.0031,-0.0108,0,-0.0025,0.9983,0.0574,0,0.011,-0.0574,0.9983,0,0,35.4155,-3.3142,1]},
{"frame":16,"values":[0.9998,-0.0149,-0.016,0,0.0157,0.9984,0.0534,0,0.0152,-0.0537,0.9984,0,0,35.4155,-3.3142,1]},
{"frame":17,"values":[0.9994,-0.0283,-0.0187,0,0.0291,0.9984,0.048,0,0.0173,-0.0485,0.9987,0,0,35.4155,-3.3142,1]},
{"frame":18,"values":[0.9987,-0.0466,-0.0223,0,0.0472,0.9986,0.023,0,0.0212,-0.024,0.9995,0,0,35.4155,-3.3142,1]},
{"frame":19,"values":[0.9983,-0.0542,-0.0231,0,0.0542,0.9985,-0.0016,0,0.0232,0.0004,0.9997,0,0,35.4155,-3.3142,1]},
{"frame":20,"values":[0.9986,-0.0496,-0.0206,0,0.0496,0.9988,0,0,0.0206,-0.001,0.9998,0,0,35.4155,-3.3142,1]},
{"frame":21,"values":[0.9989,-0.0444,-0.016,0,0.0443,0.999,-0.0077,0,0.0163,0.007,0.9998,0,0,35.4155,-3.3142,1]},
{"frame":22,"values":[0.9996,-0.0275,-0.0078,0,0.0273,0.9992,-0.0295,0,0.0086,0.0293,0.9995,0,0,35.4155,-3.3142,1]},
{"frame":23,"values":[0.9999,-0.0141,-0.0005,0,0.0141,0.9994,-0.0307,0,0.001,0.0307,0.9995,0,0,35.4155,-3.3142,1]},
{"frame":24,"values":[0.9999,-0.0099,0.0051,0,0.01,0.9998,-0.0195,0,-0.0049,0.0195,0.9998,0,0,35.4155,-3.3142,1]},
{"frame":25,"values":[0.9997,-0.0211,0.008,0,0.0211,0.9998,0.0001,0,-0.008,0.0001,1,0,0,35.4155,-3.3142,1]}],"loopBehavior":1,"name":"anim","property":"_matrix"}},
{"name":"Head","index":5,"matrix":[0.9981,0.0307,0.0543,0,-0.0333,0.9984,0.0461,0,-0.0528,-0.0478,0.9975,0,0,16.8992,1.2183,1],"rest":[1,0,0,0,0,1,0,0,0,0,1,0,0,16.8992,1.2183,1],"parentBoneIndex":4,"length":22.3142
,"animation":{"dataType":3,"framePerSecond":24,"keys":[
{"frame":1,"values":[0.9981,0.0307,0.0543,0,-0.0333,0.9984,0.0461,0,-0.0528,-0.0478,0.9975,0,0,16.8992,1.2183,1]},
{"frame":2,"values":[0.9985,0.021,0.0508,0,-0.0229,0.999,0.0383,0,-0.0499,-0.0394,0.998,0,0,16.8992,1.2183,1]},
{"frame":3,"values":[0.9989,0.0088,0.0453,0,-0.0101,0.9995,0.0298,0,-0.045,-0.0303,0.9985,0,0,16.8992,1.2183,1]},
{"frame":4,"values":[0.9992,-0.0007,0.0409,0,-0.0002,0.9998,0.0211,0,-0.0409,-0.0211,0.9989,0,0,16.8992,1.2183,1]},
{"frame":5,"values":[0.9992,-0.01,0.0378,0,0.0095,0.9999,0.012,0,-0.0379,-0.0116,0.9992,0,0,16.8993,1.2183,1]},
{"frame":6,"values":[0.9992,-0.0135,0.038,0,0.0131,0.9999,0.0109,0,-0.0381,-0.0104,0.9992,0,0,16.8992,1.2183,1]},
{"frame":7,"values":[0.999,-0.0023,0.0442,0,0.0012,0.9997,0.0236,0,-0.0442,-0.0235,0.9987,0,0,16.8992,1.2183,1]},
{"frame":8,"values":[0.9985,0.0207,0.0516,0,-0.0218,0.9995,0.0211,0,-0.0512,-0.0221,0.9984,0,0,16.8992,1.2183,1]},
{"frame":9,"values":[0.9983,0.0338,0.0484,0,-0.0344,0.9993,0.0111,0,-0.048,-0.0128,0.9988,0,0,16.8992,1.2183,1]},
{"frame":10,"values":[0.9982,0.0452,0.0397,0,-0.0462,0.9986,0.0246,0,-0.0385,-0.0264,0.9989,0,0,16.8992,1.2183,1]},
{"frame":11,"values":[0.9985,0.0495,0.0237,0,-0.0503,0.9982,0.0339,0,-0.0219,-0.035,0.9991,0,0,16.8992,1.2183,1]},
{"frame":12,"values":[0.9987,0.0509,0.007,0,-0.0512,0.9979,0.0386,0,-0.005,-0.0389,0.9992,0,0,16.8992,1.2183,1]},
{"frame":13,"values":[0.9984,0.0561,-0.0047,0,-0.056,0.998,0.0299,0,0.0064,-0.0296,0.9995,0,0,16.8992,1.2183,1]},
{"frame":14,"values":[0.998,0.0615,-0.0122,0,-0.0612,0.998,0.0185,0,0.0133,-0.0177,0.9998,0,0,16.8992,1.2183,1]},
{"frame":15,"values":[0.9976,0.0672,-0.0155,0,-0.0671,0.9977,0.0043,0,0.0158,-0.0033,0.9999,0,0,16.8992,1.2183,1]},
{"frame":16,"values":[0.9971,0.0748,-0.0145,0,-0.0749,0.9972,-0.0049,0,0.0141,0.006,0.9999,0,0,16.8992,1.2183,1]},
{"frame":17,"values":[0.9972,0.0728,-0.0147,0,-0.0729,0.9973,-0.0084,0,0.0141,0.0094,0.9999,0,0,16.8992,1.2183,1]},
{"frame":18,"values":[0.9976,0.0677,-0.0122,0,-0.0676,0.9977,0.0054,0,0.0125,-0.0046,0.9999,0,0,16.8992,1.2183,1]},
{"frame":19,"values":[0.9984,0.0555,-0.0098,0,-0.0552,0.9982,0.022,0,0.0111,-0.0214,0.9997,0,0,16.8992,1.2183,1]},
{"frame":20,"values":[0.9991,0.0421,-0.0065,0,-0.0419,0.9989,0.0213,0,0.0074,-0.021,0.9998,0,0,16.8992,1.2183,1]},
{"frame":21,"values":[0.9993,0.0371,0.0024,0,-0.0372,0.999,0.0258,0,-0.0014,-0.0259,0.9997,0,0,16.8992,1.2183,1]},
{"frame":22,"values":[0.9993,0.0336,0.0133,0,-0.0341,0.9986,0.0406,0,-0.012,-0.0411,0.9991,0,0,16.8992,1.2183,1]},
{"frame":23,"values":[0.9991,0.0333,0.0264,0,-0.0346,0.9983,0.0471,0,-0.0248,-0.048,0.9985,0,0,16.8992,1.2183,1]},
{"frame":24,"values":[0.9987,0.0325,0.0403,0,-0.0345,0.9981,0.0501,0,-0.0386,-0.0514,0.9979,0,0,16.8992,1.2183,1]},
{"frame":25,"values":[0.9981,0.0307,0.0543,0,-0.0333,0.9984,0.0461,0,-0.0528,-0.0478,0.9975,0,0,16.8992,1.2183,1]}],"loopBehavior":1,"name":"anim","property":"_matrix"}},
{"name":"HeadTop_End","index":6,"matrix":[1,0,0,0,0,1,0,0,0,0,1,0,0,22.2062,2.1925,1],"rest":[1,0,0,0,0,1,0,0,0,0,1,0,0,22.2062,2.1925,1],"parentBoneIndex":5,"length":22.3142
,"animation":{"dataType":3,"framePerSecond":24,"keys":[
{"frame":1,"values":[1,0,0,0,0,1,0,0,0,0,1,0,0,22.2062,2.1925,1]},
{"frame":25,"values":[1,0,0,0,0,1,0,0,0,0,1,0,0,22.2062,2.1925,1]}],"loopBehavior":1,"name":"anim","property":"_matrix"}},
{"name":"LeftShoulder","index":7,"matrix":[0.9343,-0.2598,0.244,0,0.2489,0.9656,0.0749,0,-0.2551,-0.0092,0.9669,0,12.8964,26.7163,-4.5484,1],"rest":[1,0,0,0,0,1,0,0,0,0,1,0,12.8964,26.7163,-4.5484,1],"parentBoneIndex":3,"length":19.7122
,"animation":{"dataType":3,"framePerSecond":24,"keys":[
{"frame":1,"values":[0.9343,-0.2598,0.244,0,0.2489,0.9656,0.0749,0,-0.2551,-0.0092,0.9669,0,12.8964,26.7163,-4.5484,1]},
{"frame":2,"values":[0.944,-0.2457,0.2205,0,0.2356,0.9692,0.0712,0,-0.2312,-0.0152,0.9728,0,12.8964,26.7163,-4.5484,1]},
{"frame":3,"values":[0.9491,-0.2439,0.1994,0,0.2346,0.9696,0.0697,0,-0.2103,-0.0194,0.9774,0,12.8964,26.7163,-4.5484,1]},
{"frame":4,"values":[0.9525,-0.2339,0.1949,0,0.2248,0.972,0.0681,0,-0.2054,-0.0211,0.9784,0,12.8964,26.7163,-4.5484,1]},
{"frame":5,"values":[0.954,-0.2253,0.1975,0,0.2162,0.974,0.0671,0,-0.2076,-0.0214,0.978,0,12.8964,26.7163,-4.5484,1]},
{"frame":6,"values":[0.9554,-0.2214,0.1952,0,0.2123,0.9749,0.0666,0,-0.2051,-0.0221,0.9785,0,12.8964,26.7163,-4.5484,1]},
{"frame":7,"values":[0.9546,-0.2311,0.1883,0,0.2221,0.9727,0.0675,0,-0.1987,-0.0227,0.9798,0,12.8964,26.7163,-4.5484,1]},
{"frame":8,"values":[0.9454,-0.2494,0.2097,0,0.2396,0.9683,0.0711,0,-0.2208,-0.017,0.9752,0,12.8964,26.7163,-4.5484,1]},
{"frame":9,"values":[0.9502,-0.2384,0.2008,0,0.229,0.971,0.0692,0,-0.2115,-0.0198,0.9772,0,12.8964,26.7163,-4.5484,1]},
{"frame":10,"values":[0.9296,-0.2785,0.2413,0,0.2676,0.9604,0.0774,0,-0.2533,-0.0074,0.9674,0,12.8964,26.7163,-4.5484,1]},
{"frame":11,"values":[0.9182,-0.2918,0.2678,0,0.2801,0.9565,0.0816,0,-0.28,0.0001,0.96,0,12.8964,26.7163,-4.5484,1]},
{"frame":12,"values":[0.9229,-0.2832,0.2607,0,0.2718,0.9591,0.0796,0,-0.2725,-0.0026,0.9621,0,12.8964,26.7163,-4.5484,1]},
{"frame":13,"values":[0.9268,-0.2711,0.26,0,0.2598,0.9625,0.0775,0,-0.2713,-0.0043,0.9625,0,12.8964,26.7163,-4.5484,1]},
{"frame":14,"values":[0.9283,-0.2539,0.2717,0,0.2425,0.9672,0.0755,0,-0.2819,-0.0042,0.9594,0,12.8964,26.7163,-4.5484,1]},
{"frame":15,"values":[0.9333,-0.237,0.2698,0,0.2257,0.9715,0.0726,0,-0.2793,-0.0069,0.9602,0,12.8964,26.7163,-4.5484,1]},
{"frame":16,"values":[0.9328,-0.2339,0.2741,0,0.2226,0.9722,0.0724,0,-0.2834,-0.0065,0.959,0,12.8964,26.7163,-4.5484,1]},
{"frame":17,"values":[0.9326,-0.2338,0.2749,0,0.2224,0.9723,0.0724,0,-0.2842,-0.0064,0.9587,0,12.8964,26.7163,-4.5484,1]},
{"frame":18,"values":[0.9267,-0.243,0.2866,0,0.2313,0.97,0.0745,0,-0.2962,-0.0027,0.9551,0,12.8964,26.7163,-4.5484,1]},
{"frame":19,"values":[0.9231,-0.2465,0.2952,0,0.2346,0.9691,0.0755,0,-0.3047,-0.0005,0.9524,0,12.8964,26.7163,-4.5484,1]},
{"frame":20,"values":[0.9164,-0.2632,0.3014,0,0.2512,0.9647,0.0788,0,-0.3115,0.0035,0.9502,0,12.8964,26.7163,-4.5484,1]},
{"frame":21,"values":[0.9231,-0.2562,0.2868,0,0.2444,0.9666,0.0767,0,-0.2969,-0.0007,0.9549,0,12.8964,26.7163,-4.5484,1]},
{"frame":22,"values":[0.9264,-0.2539,0.2779,0,0.2424,0.9672,0.0759,0,-0.2881,-0.0029,0.9576,0,12.8964,26.7163,-4.5484,1]},
{"frame":23,"values":[0.928,-0.2527,0.2738,0,0.2412,0.9675,0.0755,0,-0.284,-0.004,0.9588,0,12.8964,26.7163,-4.5484,1]},
{"frame":24,"values":[0.9273,-0.2629,0.2665,0,0.2515,0.9648,0.0766,0,-0.2773,-0.004,0.9608,0,12.8964,26.7163,-4.5484,1]},
{"frame":25,"values":[0.9343,-0.2598,0.244,0,0.2489,0.9656,0.0749,0,-0.2551,-0.0092,0.9669,0,12.8964,26.7163,-4.5484,1]}],"loopBehavior":1,"name":"anim","property":"_matrix"}},
{"name":"LeftArm","index":8,"matrix":[0.7208,-0.693,-0.0139,0,0.6822,0.7128,-0.1626,0,0.1227,0.1077,0.9866,0,19.027,-4.857,-1.7184,1],"rest":[1,0,0,0,0,1,0,0,0,0,1,0,19.027,-4.857,-1.7184,1],"parentBoneIndex":7,"length":24.1799
,"animation":{"dataType":3,"framePerSecond":24,"keys":[
{"frame":1,"values":[0.7208,-0.693,-0.0139,0,0.6822,0.7128,-0.1626,0,0.1227,0.1077,0.9866,0,19.027,-4.857,-1.7184,1]},
{"frame":2,"values":[0.6739,-0.7303,-0.1121,0,0.711,0.6822,-0.1705,0,0.201,0.0352,0.979,0,19.027,-4.857,-1.7184,1]},
{"frame":3,"values":[0.6423,-0.7399,-0.1997,0,0.7257,0.671,-0.1521,0,0.2466,-0.0472,0.968,0,19.027,-4.857,-1.7184,1]},
{"frame":4,"values":[0.5964,-0.7549,-0.2728,0,0.7499,0.6452,-0.1462,0,0.2864,-0.1173,0.9509,0,19.027,-4.857,-1.7184,1]},
{"frame":5,"values":[0.548,-0.7675,-0.3325,0,0.7696,0.6184,-0.1589,0,0.3276,-0.1688,0.9296,0,19.027,-4.857,-1.7184,1]},
{"frame":6,"values":[0.5137,-0.7689,-0.3807,0,0.7757,0.6058,-0.1769,0,0.3666,-0.2045,0.9076,0,19.027,-4.857,-1.7184,1]},
{"frame":7,"values":[0.4997,-0.7423,-0.4465,0,0.7612,0.6223,-0.1827,0,0.4135,-0.2485,0.8759,0,19.027,-4.857,-1.7184,1]},
{"frame":8,"values":[0.4878,-0.7206,-0.4928,0,0.7504,0.6346,-0.1851,0,0.4461,-0.2795,0.8502,0,19.027,-4.857,-1.7184,1]},
{"frame":9,"values":[0.4914,-0.7266,-0.4802,0,0.7491,0.6339,-0.1926,0,0.4443,-0.265,0.8558,0,19.027,-4.857,-1.7184,1]},
{"frame":10,"values":[0.5193,-0.7063,-0.4811,0,0.7197,0.665,-0.1995,0,0.4608,-0.2427,0.8537,0,19.027,-4.857,-1.7184,1]},
{"frame":11,"values":[0.5584,-0.7268,-0.3999,0,0.7191,0.6644,-0.2035,0,0.4136,-0.1739,0.8937,0,19.027,-4.857,-1.7184,1]},
{"frame":12,"values":[0.5965,-0.7506,-0.2842,0,0.7371,0.6525,-0.1762,0,0.3176,-0.1044,0.9424,0,19.027,-4.857,-1.7184,1]},
{"frame":13,"values":[0.6275,-0.7518,-0.2025,0,0.7412,0.6565,-0.1401,0,0.2382,-0.0622,0.9692,0,19.027,-4.857,-1.7184,1]},
{"frame":14,"values":[0.6615,-0.732,-0.1631,0,0.725,0.6798,-0.1106,0,0.1918,-0.0451,0.9804,0,19.027,-4.857,-1.7184,1]},
{"frame":15,"values":[0.696,-0.7093,-0.1114,0,0.7037,0.7047,-0.0905,0,0.1427,-0.0154,0.9896,0,19.027,-4.857,-1.7184,1]},
{"frame":16,"values":[0.7286,-0.683,-0.0514,0,0.6776,0.7298,-0.0911,0,0.0997,0.0315,0.9945,0,19.027,-4.857,-1.7184,1]},
{"frame":17,"values":[0.7548,-0.6559,0.0143,0,0.6539,0.7503,-0.0974,0,0.0531,0.0829,0.9951,0,19.027,-4.857,-1.7184,1]},
{"frame":18,"values":[0.7776,-0.6265,0.0525,0,0.6276,0.7685,-0.1243,0,0.0375,0.1296,0.9909,0,19.027,-4.857,-1.7184,1]},
{"frame":19,"values":[0.7905,-0.6098,0.0571,0,0.6109,0.7785,-0.1442,0,0.0434,0.1489,0.9879,0,19.027,-4.857,-1.7184,1]},
{"frame":20,"values":[0.8046,-0.5933,0.0255,0,0.5899,0.7937,-0.1487,0,0.068,0.1346,0.9886,0,19.027,-4.857,-1.7184,1]},
{"frame":21,"values":[0.7943,-0.6056,0.0485,0,0.6058,0.7835,-0.1384,0,0.0458,0.1393,0.9892,0,19.027,-4.857,-1.7184,1]},
{"frame":22,"values":[0.7873,-0.6103,0.0877,0,0.6166,0.7777,-0.1227,0,0.0067,0.1507,0.9886,0,19.027,-4.857,-1.7184,1]},
{"frame":23,"values":[0.7677,-0.6296,0.1193,0,0.6404,0.7602,-0.1095,0,-0.0218,0.1605,0.9868,0,19.027,-4.857,-1.7184,1]},
{"frame":24,"values":[0.756,-0.6495,0.0815,0,0.6538,0.7434,-0.1407,0,0.0308,0.1597,0.9867,0,19.027,-4.857,-1.7184,1]},
{"frame":25,"values":[0.7208,-0.693,-0.0139,0,0.6822,0.7128,-0.1626,0,0.1227,0.1077,0.9866,0,19.027,-4.857,-1.7184,1]}],"loopBehavior":1,"name":"anim","property":"_matrix"}},
{"name":"LeftForeArm","index":9,"matrix":[0.8201,-0.2353,0.5216,0,0.0897,0.9531,0.289,0,-0.5651,-0.1903,0.8028,0,24.1799,0,0,1],"rest":[1,0,0,0,0,1,0,0,0,0,1,0,24.1799,0,0,1],"parentBoneIndex":8,"length":27.1564
,"animation":{"dataType":3,"framePerSecond":24,"keys":[
{"frame":1,"values":[0.8201,-0.2353,0.5216,0,0.0897,0.9531,0.289,0,-0.5651,-0.1903,0.8028,0,24.1799,0,0,1]},
{"frame":2,"values":[0.8356,-0.212,0.5069,0,0.0789,0.9593,0.2712,0,-0.5437,-0.1866,0.8183,0,24.1799,0,0,1]},
{"frame":3,"values":[0.8394,-0.2138,0.4997,0,0.072,0.955,0.2876,0,-0.5387,-0.2054,0.8171,0,24.1799,0,0,1]},
{"frame":4,"values":[0.8566,-0.2045,0.4738,0,0.0588,0.9508,0.3041,0,-0.5127,-0.2326,0.8265,0,24.1799,0,0,1]},
{"frame":5,"values":[0.8772,-0.1828,0.4439,0,0.0401,0.9493,0.3117,0,-0.4784,-0.2557,0.8401,0,24.1799,0,0,1]},
{"frame":6,"values":[0.8806,-0.1663,0.4437,0,0.0211,0.9492,0.3139,0,-0.4734,-0.2671,0.8394,0,24.1799,0,0,1]},
{"frame":7,"values":[0.8311,-0.1819,0.5255,0,0.0108,0.9501,0.3118,0,-0.556,-0.2535,0.7916,0,24.1799,0,0,1]},
{"frame":8,"values":[0.7926,-0.1794,0.5827,0,0.0027,0.9567,0.291,0,-0.6097,-0.2291,0.7588,0,24.1799,0,0,1]},
{"frame":9,"values":[0.7831,-0.1839,0.5941,0,0.0131,0.9599,0.2799,0,-0.6218,-0.2114,0.7541,0,24.1799,0,0,1]},
{"frame":10,"values":[0.7598,-0.1743,0.6264,0,0.0099,0.9664,0.2569,0,-0.6501,-0.189,0.736,0,24.1799,0,0,1]},
{"frame":11,"values":[0.8213,-0.1478,0.5511,0,0.0114,0.9699,0.2432,0,-0.5704,-0.1934,0.7982,0,24.1799,0,0,1]},
{"frame":12,"values":[0.8681,-0.1293,0.4793,0,0.0088,0.9693,0.2456,0,-0.4963,-0.2089,0.8426,0,24.1799,0,0,1]},
{"frame":13,"values":[0.856,-0.139,0.498,0,0.0136,0.9689,0.247,0,-0.5168,-0.2046,0.8313,0,24.1799,0,0,1]},
{"frame":14,"values":[0.7781,-0.1684,0.6051,0,0.0248,0.9709,0.2382,0,-0.6276,-0.1703,0.7597,0,24.1799,0,0,1]},
{"frame":15,"values":[0.6751,-0.1819,0.7149,0,0.0355,0.976,0.2149,0,-0.7369,-0.1197,0.6654,0,24.1799,0,0,1]},
{"frame":16,"values":[0.5872,-0.1732,0.7907,0,0.0452,0.9823,0.1816,0,-0.8082,-0.0709,0.5847,0,24.1799,0,0,1]},
{"frame":17,"values":[0.5342,-0.1464,0.8326,0,0.0434,0.9883,0.146,0,-0.8443,-0.0419,0.5343,0,24.1799,0,0,1]},
{"frame":18,"values":[0.5105,-0.1301,0.85,0,0.0438,0.9911,0.1255,0,-0.8588,-0.0269,0.5117,0,24.1799,0,0,1]},
{"frame":19,"values":[0.5021,-0.125,0.8558,0,0.0448,0.9919,0.1186,0,-0.8637,-0.0212,0.5036,0,24.1799,0,0,1]},
{"frame":20,"values":[0.5056,-0.138,0.8517,0,0.0481,0.9901,0.1319,0,-0.8614,-0.0257,0.5072,0,24.1799,0,0,1]},
{"frame":21,"values":[0.5781,-0.1705,0.7979,0,0.0591,0.9841,0.1675,0,-0.8138,-0.0496,0.579,0,24.1799,0,0,1]},
{"frame":22,"values":[0.6734,-0.2064,0.7099,0,0.0722,0.974,0.2147,0,-0.7357,-0.0933,0.6708,0,24.1799,0,0,1]},
{"frame":23,"values":[0.7765,-0.225,0.5885,0,0.0831,0.9625,0.2582,0,-0.6246,-0.1516,0.7661,0,24.1799,0,0,1]},
{"frame":24,"values":[0.8205,-0.2491,0.5144,0,0.1102,0.9521,0.2854,0,-0.5609,-0.1775,0.8086,0,24.1799,0,0,1]},
{"frame":25,"values":[0.8201,-0.2353,0.5216,0,0.0897,0.9531,0.289,0,-0.5651,-0.1903,0.8028,0,24.1799,0,0,1]}],"loopBehavior":1,"name":"anim","property":"_matrix"}},
{"name":"LeftHand","index":10,"matrix":[0.9508,0.1782,0.2535,0,-0.2443,0.9343,0.2596,0,-0.1906,-0.3087,0.9319,0,27.1564,0.0001,0,1],"rest":[1,0,0,0,0,1,0,0,0,0,1,0,27.1564,0.0001,0,1],"parentBoneIndex":9,"length":13.2912
,"animation":{"dataType":3,"framePerSecond":24,"keys":[
{"frame":1,"values":[0.9508,0.1782,0.2535,0,-0.2443,0.9343,0.2596,0,-0.1906,-0.3087,0.9319,0,27.1564,0.0001,0,1]},
{"frame":2,"values":[0.9498,0.154,0.2724,0,-0.2329,0.9292,0.2868,0,-0.209,-0.3359,0.9184,0,27.1564,0.0001,0,1]},
{"frame":3,"values":[0.9496,0.1592,0.2699,0,-0.2331,0.9345,0.2691,0,-0.2094,-0.3185,0.9245,0,27.1564,0.0001,0,1]},
{"frame":4,"values":[0.945,0.1507,0.2902,0,-0.2311,0.9356,0.267,0,-0.2312,-0.3194,0.919,0,27.1564,0.0001,0,1]},
{"frame":5,"values":[0.9384,0.1206,0.3239,0,-0.2222,0.9283,0.2981,0,-0.2647,-0.3517,0.8979,0,27.1564,0.0001,0,1]},
{"frame":6,"values":[0.9593,0.0718,0.2731,0,-0.1718,0.916,0.3626,0,-0.2241,-0.3947,0.891,0,27.1564,0.0001,0,1]},
{"frame":7,"values":[0.9934,0.0332,0.1098,0,-0.0764,0.9054,0.4177,0,-0.0856,-0.4233,0.9019,0,27.1564,0.0001,0,1]},
{"frame":8,"values":[0.9997,0.0193,-0.0169,0,-0.0105,0.9082,0.4184,0,0.0234,-0.4181,0.9081,0,27.1564,0.0001,0,1]},
{"frame":9,"values":[0.9936,0.0068,-0.1128,0,0.0437,0.8975,0.4388,0,0.1042,-0.4409,0.8915,0,27.1564,0.0001,0,1]},
{"frame":10,"values":[0.9845,-0.0083,-0.1751,0,0.0846,0.8976,0.4327,0,0.1536,-0.4408,0.8844,0,27.1564,0.0001,0,1]},
{"frame":11,"values":[0.9932,-0.0072,-0.1158,0,0.0572,0.8989,0.4345,0,0.101,-0.4382,0.8932,0,27.1564,0.0001,0,1]},
{"frame":12,"values":[0.9994,-0.0041,-0.0329,0,0.0172,0.9118,0.4103,0,0.0283,-0.4106,0.9114,0,27.1564,0.0001,0,1]},
{"frame":13,"values":[0.9999,-0.0086,0.0146,0,0.0027,0.9318,0.3629,0,-0.0168,-0.3628,0.9317,0,27.1564,0.0001,0,1]},
{"frame":14,"values":[0.9997,-0.0162,0.0156,0,0.0107,0.9525,0.3045,0,-0.0198,-0.3042,0.9524,0,27.1564,0.0001,0,1]},
{"frame":15,"values":[0.9999,-0.0149,0.0005,0,0.0142,0.9669,0.2547,0,-0.0043,-0.2547,0.967,0,27.1564,0.0001,0,1]},
{"frame":16,"values":[0.9999,0.0099,-0.0026,0,-0.0091,0.9765,0.2155,0,0.0046,-0.2155,0.9765,0,27.1564,0.0001,0,1]},
{"frame":17,"values":[0.9979,0.0613,0.021,0,-0.0641,0.9806,0.1854,0,-0.0092,-0.1864,0.9824,0,27.1564,0.0001,0,1]},
{"frame":18,"values":[0.9864,0.1416,0.0835,0,-0.1541,0.9733,0.1702,0,-0.0571,-0.1807,0.9819,0,27.1564,0.0001,0,1]},
{"frame":19,"values":[0.9655,0.2134,0.1494,0,-0.2364,0.9586,0.1588,0,-0.1094,-0.1886,0.9759,0,27.1564,0.0001,0,1]},
{"frame":20,"values":[0.9467,0.2591,0.1916,0,-0.2882,0.9467,0.144,0,-0.1441,-0.1915,0.9709,0,27.1564,0.0001,0,1]},
{"frame":21,"values":[0.9342,0.2816,0.2193,0,-0.3143,0.9402,0.1315,0,-0.1691,-0.1918,0.9668,0,27.1564,0.0001,0,1]},
{"frame":22,"values":[0.9343,0.2827,0.2171,0,-0.3134,0.9416,0.1229,0,-0.1697,-0.1828,0.9684,0,27.1564,0.0001,0,1]},
{"frame":23,"values":[0.9376,0.2655,0.2246,0,-0.2989,0.9454,0.1299,0,-0.1779,-0.1889,0.9657,0,27.1564,0.0001,0,1]},
{"frame":24,"values":[0.9451,0.2251,0.237,0,-0.2742,0.9406,0.2001,0,-0.1779,-0.2541,0.9507,0,27.1564,0.0001,0,1]},
{"frame":25,"values":[0.9508,0.1782,0.2535,0,-0.2443,0.9343,0.2596,0,-0.1906,-0.3087,0.9319,0,27.1564,0.0001,0,1]}],"loopBehavior":1,"name":"anim","property":"_matrix"}},
{"name":"LeftHandIndex1","index":11,"matrix":[0.7284,-0.6808,0.0772,0,0.6816,0.7315,0.019,0,-0.0694,0.0388,0.9968,0,16.4412,0,0,1],"rest":[1,0,0,0,0,1,0,0,0,0,1,0,16.4412,0,0,1],"parentBoneIndex":10,"length":4.8219
,"animation":{"dataType":3,"framePerSecond":24,"keys":[
{"frame":1,"values":[0.7284,-0.6808,0.0772,0,0.6816,0.7315,0.019,0,-0.0694,0.0388,0.9968,0,16.4412,0,0,1]},
{"frame":2,"values":[0.7522,-0.6541,0.0797,0,0.655,0.7554,0.0187,0,-0.0725,0.0382,0.9966,0,16.4412,0,0,1]},
{"frame":3,"values":[0.7784,-0.6224,0.0819,0,0.6232,0.7818,0.018,0,-0.0752,0.037,0.9965,0,16.4412,0,0,1]},
{"frame":4,"values":[0.8032,-0.5897,0.0839,0,0.5905,0.8068,0.0175,0,-0.078,0.0355,0.9963,0,16.4412,0,0,1]},
{"frame":5,"values":[0.8233,-0.561,0.0861,0,0.5618,0.8271,0.0176,0,-0.0811,0.0339,0.9961,0,16.4412,0,0,1]},
{"frame":6,"values":[0.8357,-0.5418,0.0891,0,0.5425,0.8398,0.0186,0,-0.0849,0.0327,0.9959,0,16.4412,0,0,1]},
{"frame":7,"values":[0.8377,-0.5381,0.0931,0,0.5387,0.8422,0.0211,0,-0.0898,0.0324,0.9954,0,16.4412,0,0,1]},
{"frame":8,"values":[0.8177,-0.5669,0.0999,0,0.5673,0.823,0.0269,0,-0.0975,0.0347,0.9946,0,16.4412,0,0,1]},
{"frame":9,"values":[0.7906,-0.603,0.1065,0,0.6033,0.7968,0.0331,0,-0.1048,0.0381,0.9938,0,16.4412,0,0,1]},
{"frame":10,"values":[0.7803,-0.6157,0.1096,0,0.6159,0.787,0.0358,0,-0.1083,0.0395,0.9933,0,16.4412,0,0,1]},
{"frame":11,"values":[0.7777,-0.6187,0.1115,0,0.6188,0.7846,0.0372,0,-0.1105,0.04,0.9931,0,16.4412,0,0,1]},
{"frame":12,"values":[0.7798,-0.6158,0.1127,0,0.6159,0.7869,0.0378,0,-0.1119,0.04,0.9929,0,16.4412,0,0,1]},
{"frame":13,"values":[0.7856,-0.6083,0.1132,0,0.6085,0.7927,0.0376,0,-0.1126,0.0394,0.9929,0,16.4412,0,0,1]},
{"frame":14,"values":[0.7933,-0.5982,0.113,0,0.5983,0.8004,0.0368,0,-0.1125,0.0384,0.9929,0,16.4412,0,0,1]},
{"frame":15,"values":[0.8018,-0.5869,0.1123,0,0.587,0.8088,0.0356,0,-0.1118,0.0374,0.993,0,16.4412,0,0,1]},
{"frame":16,"values":[0.8098,-0.5761,0.1111,0,0.5762,0.8166,0.0342,0,-0.1104,0.0363,0.9932,0,16.4412,0,0,1]},
{"frame":17,"values":[0.816,-0.5676,0.1094,0,0.5678,0.8225,0.0326,0,-0.1085,0.0355,0.9935,0,16.4412,0,0,1]},
{"frame":18,"values":[0.8193,-0.5631,0.1074,0,0.5634,0.8256,0.031,0,-0.1062,0.0351,0.9937,0,16.4412,0,0,1]},
{"frame":19,"values":[0.8187,-0.5646,0.1051,0,0.5649,0.8246,0.0296,0,-0.1034,0.0351,0.994,0,16.4412,0,0,1]},
{"frame":20,"values":[0.8121,-0.5745,0.1021,0,0.575,0.8177,0.0282,0,-0.0997,0.0359,0.9944,0,16.4412,0,0,1]},
{"frame":21,"values":[0.7968,-0.5965,0.097,0,0.5971,0.8018,0.026,0,-0.0933,0.0372,0.9949,0,16.4412,0,0,1]},
{"frame":22,"values":[0.7757,-0.6246,0.0906,0,0.6253,0.78,0.0236,0,-0.0854,0.0384,0.9956,0,16.4412,0,0,1]},
{"frame":23,"values":[0.7535,-0.652,0.0842,0,0.6528,0.7572,0.0213,0,-0.0776,0.0389,0.9962,0,16.4412,0,0,1]},
{"frame":24,"values":[0.7359,-0.6724,0.0793,0,0.6733,0.7391,0.0197,0,-0.0718,0.0389,0.9967,0,16.4412,0,0,1]},
{"frame":25,"values":[0.7284,-0.6808,0.0772,0,0.6816,0.7315,0.019,0,-0.0694,0.0388,0.9968,0,16.4412,0,0,1]}],"loopBehavior":1,"name":"anim","property":"_matrix"}},
{"name":"LeftHandIndex2","index":12,"matrix":[0.1336,-0.9847,0.1117,0,0.9884,0.1406,0.0576,0,-0.0725,0.1027,0.9921,0,4.8219,0.0001,0,1],"rest":[1,0,0,0,0,1,0,0,0,0,1,0,4.8219,0.0001,0,1],"parentBoneIndex":11,"length":6.3865
,"animation":{"dataType":3,"framePerSecond":24,"keys":[
{"frame":1,"values":[0.1336,-0.9847,0.1117,0,0.9884,0.1406,0.0576,0,-0.0725,0.1027,0.9921,0,4.8219,0.0001,0,1]},
{"frame":2,"values":[0.2022,-0.9735,0.1067,0,0.9767,0.2084,0.0505,0,-0.0714,0.094,0.993,0,4.8219,0.0001,0,1]},
{"frame":3,"values":[0.2763,-0.9558,0.1007,0,0.9586,0.2816,0.0431,0,-0.0696,0.0846,0.994,0,4.8219,0.0001,0,1]},
{"frame":4,"values":[0.3485,-0.9326,0.0942,0,0.9349,0.3531,0.0363,0,-0.0671,0.0754,0.9949,0,4.8219,0.0001,0,1]},
{"frame":5,"values":[0.4121,-0.9069,0.0878,0,0.9089,0.4159,0.0305,0,-0.0642,0.0673,0.9957,0,4.8219,0.0001,0,1]},
{"frame":6,"values":[0.4605,-0.8838,0.0826,0,0.8855,0.4638,0.0263,0,-0.0615,0.0611,0.9962,0,4.8219,0.0001,0,1]},
{"frame":7,"values":[0.4879,-0.8693,0.0795,0,0.8708,0.491,0.0239,0,-0.0598,0.0575,0.9965,0,4.8219,0.0001,0,1]},
{"frame":8,"values":[0.4775,-0.8749,0.0807,0,0.8766,0.4807,0.0248,0,-0.0605,0.0589,0.9964,0,4.8219,0.0001,0,1]},
{"frame":9,"values":[0.4496,-0.8893,0.0838,0,0.8911,0.453,0.0272,0,-0.0622,0.0625,0.9961,0,4.8219,0.0001,0,1]},
{"frame":10,"values":[0.4353,-0.8962,0.0854,0,0.8981,0.4389,0.0284,0,-0.063,0.0643,0.9959,0,4.8219,0.0001,0,1]},
{"frame":11,"values":[0.4263,-0.9005,0.0863,0,0.9024,0.43,0.0292,0,-0.0634,0.0655,0.9958,0,4.8219,0.0001,0,1]},
{"frame":12,"values":[0.4199,-0.9034,0.087,0,0.9053,0.4236,0.0298,0,-0.0638,0.0663,0.9958,0,4.8219,0.0001,0,1]},
{"frame":13,"values":[0.4152,-0.9055,0.0875,0,0.9075,0.419,0.0302,0,-0.064,0.0669,0.9957,0,4.8219,0.0001,0,1]},
{"frame":14,"values":[0.411,-0.9074,0.0879,0,0.9094,0.4149,0.0306,0,-0.0642,0.0674,0.9957,0,4.8219,0.0001,0,1]},
{"frame":15,"values":[0.4064,-0.9094,0.0884,0,0.9114,0.4103,0.031,0,-0.0645,0.068,0.9956,0,4.8219,0.0001,0,1]},
{"frame":16,"values":[0.4002,-0.9121,0.0891,0,0.9142,0.4041,0.0315,0,-0.0648,0.0688,0.9955,0,4.8219,0.0001,0,1]},
{"frame":17,"values":[0.3912,-0.9159,0.09,0,0.918,0.3953,0.0323,0,-0.0652,0.0699,0.9954,0,4.8219,0.0001,0,1]},
{"frame":18,"values":[0.3786,-0.9211,0.0913,0,0.9232,0.3828,0.0335,0,-0.0658,0.0716,0.9953,0,4.8219,0.0001,0,1]},
{"frame":19,"values":[0.3609,-0.928,0.093,0,0.9302,0.3653,0.0351,0,-0.0666,0.0738,0.995,0,4.8219,0.0001,0,1]},
{"frame":20,"values":[0.3348,-0.9374,0.0955,0,0.9399,0.3395,0.0375,0,-0.0676,0.0772,0.9947,0,4.8219,0.0001,0,1]},
{"frame":21,"values":[0.292,-0.9513,0.0994,0,0.9539,0.2971,0.0416,0,-0.0691,0.0826,0.9942,0,4.8219,0.0001,0,1]},
{"frame":22,"values":[0.2396,-0.9653,0.1038,0,0.9683,0.2454,0.0468,0,-0.0706,0.0893,0.9935,0,4.8219,0.0001,0,1]},
{"frame":23,"values":[0.1883,-0.9762,0.1078,0,0.9795,0.1946,0.052,0,-0.0717,0.0958,0.9928,0,4.8219,0.0001,0,1]},
{"frame":24,"values":[0.1496,-0.9826,0.1106,0,0.9861,0.1564,0.056,0,-0.0723,0.1007,0.9923,0,4.8219,0.0001,0,1]},
{"frame":25,"values":[0.1336,-0.9847,0.1117,0,0.9884,0.1406,0.0576,0,-0.0725,0.1027,0.9921,0,4.8219,0.0001,0,1]}],"loopBehavior":1,"name":"anim","property":"_matrix"}},
{"name":"LeftHandIndex3","index":13,"matrix":[0.9994,0.0344,-0.002,0,-0.0344,0.9994,0,0,0.002,0,1,0,6.3865,0,0,1],"rest":[0.9994,0.0344,-0.002,0,-0.0344,0.9994,0,0,0.002,0,1,0,6.3865,0,0,1],"parentBoneIndex":12,"length":5.189
,"animation":{"dataType":3,"framePerSecond":24,"keys":[
