{"producer":{"name":"Blender","version":"2.90.0","exporter_version":"2.80.1","file":"bossidle.babylon"},
"autoClear":true,"clearColor":[0.0509,0.0509,0.0509],"gravity":[0,-9.81,0],
"materials":[{"name":"shoesmat","id":"shoesmat","customType":"BABYLON.PBRMaterial","backFaceCulling":true,"checkReadyOnlyOnce":false,"maxSimultaneousLights":4,"environmentIntensity":1,"roughness":0.3924,"alpha":1,"transparencyMode":0,"alphaCutOff":0.4,"metallic":0, 
"albedoTexture":{"name":"Boss_diffuse.png","level":1,"hasAlpha":true,"coordinatesMode":0,"uOffset":0,"vOffset":0,"uScale":1,"vScale":1,"uAng":0,"vAng":0,"wAng":0,"wrapU":1,"wrapV":1,"coordinatesIndex":0},"useAlphaFromAlbedoTexture":true, 
"reflectivityTexture":{"name":"Boss_specular.png","level":1,"hasAlpha":true,"coordinatesMode":0,"uOffset":0,"vOffset":0,"uScale":1,"vScale":1,"uAng":0,"vAng":0,"wAng":0,"wrapU":1,"wrapV":1,"coordinatesIndex":0}, 
"bumpTexture":{"name":"Boss_normal.png","level":1,"hasAlpha":true,"coordinatesMode":0,"uOffset":0,"vOffset":0,"uScale":1,"vScale":1,"uAng":0,"vAng":0,"wAng":0,"wrapU":1,"wrapV":1,"coordinatesIndex":0}},
{"name":"hatmat","id":"hatmat","customType":"BABYLON.PBRMaterial","backFaceCulling":true,"checkReadyOnlyOnce":false,"maxSimultaneousLights":4,"environmentIntensity":1,"roughness":0.3924,"alpha":1,"transparencyMode":0,"alphaCutOff":0.4,"metallic":0, 
"albedoTexture":{"name":"Boss_diffuse.png","level":1,"hasAlpha":true,"coordinatesMode":0,"uOffset":0,"vOffset":0,"uScale":1,"vScale":1,"uAng":0,"vAng":0,"wAng":0,"wrapU":1,"wrapV":1,"coordinatesIndex":0},"useAlphaFromAlbedoTexture":true, 
"reflectivityTexture":{"name":"Boss_specular.png","level":1,"hasAlpha":true,"coordinatesMode":0,"uOffset":0,"vOffset":0,"uScale":1,"vScale":1,"uAng":0,"vAng":0,"wAng":0,"wrapU":1,"wrapV":1,"coordinatesIndex":0}, 
"bumpTexture":{"name":"Boss_normal.png","level":1,"hasAlpha":true,"coordinatesMode":0,"uOffset":0,"vOffset":0,"uScale":1,"vScale":1,"uAng":0,"vAng":0,"wAng":0,"wrapU":1,"wrapV":1,"coordinatesIndex":0}},
{"name":"bodymat","id":"bodymat","customType":"BABYLON.PBRMaterial","backFaceCulling":true,"checkReadyOnlyOnce":false,"maxSimultaneousLights":4,"environmentIntensity":1,"roughness":0.6279,"alpha":1,"transparencyMode":0,"alphaCutOff":0.4,"metallic":0, 
"albedoTexture":{"name":"Boss_diffuse.png","level":1,"hasAlpha":true,"coordinatesMode":0,"uOffset":0,"vOffset":0,"uScale":1,"vScale":1,"uAng":0,"vAng":0,"wAng":0,"wrapU":1,"wrapV":1,"coordinatesIndex":0},"useAlphaFromAlbedoTexture":true, 
"reflectivityTexture":{"name":"Boss_specular.png","level":1,"hasAlpha":true,"coordinatesMode":0,"uOffset":0,"vOffset":0,"uScale":1,"vScale":1,"uAng":0,"vAng":0,"wAng":0,"wrapU":1,"wrapV":1,"coordinatesIndex":0}, 
"bumpTexture":{"name":"Boss_normal.png","level":1,"hasAlpha":true,"coordinatesMode":0,"uOffset":0,"vOffset":0,"uScale":1,"vScale":1,"uAng":0,"vAng":0,"wAng":0,"wrapU":1,"wrapV":1,"coordinatesIndex":0}},
{"name":"cigarmat","id":"cigarmat","customType":"BABYLON.PBRMaterial","backFaceCulling":true,"checkReadyOnlyOnce":false,"maxSimultaneousLights":4,"environmentIntensity":1,"roughness":0.6492,"alpha":1,"transparencyMode":0,"alphaCutOff":0.4,"metallic":1, 
"albedoTexture":{"name":"Boss_diffuse.png","level":1,"hasAlpha":true,"coordinatesMode":0,"uOffset":0,"vOffset":0,"uScale":1,"vScale":1,"uAng":0,"vAng":0,"wAng":0,"wrapU":1,"wrapV":1,"coordinatesIndex":0},"useAlphaFromAlbedoTexture":true, 
"reflectivityTexture":{"name":"Boss_specular.png","level":1,"hasAlpha":true,"coordinatesMode":0,"uOffset":0,"vOffset":0,"uScale":1,"vScale":1,"uAng":0,"vAng":0,"wAng":0,"wrapU":1,"wrapV":1,"coordinatesIndex":0}, 
"bumpTexture":{"name":"Boss_normal.png","level":1,"hasAlpha":true,"coordinatesMode":0,"uOffset":0,"vOffset":0,"uScale":1,"vScale":1,"uAng":0,"vAng":0,"wAng":0,"wrapU":1,"wrapV":1,"coordinatesIndex":0}},
{"name":"topsmat","id":"topsmat","customType":"BABYLON.PBRMaterial","backFaceCulling":true,"checkReadyOnlyOnce":false,"maxSimultaneousLights":4,"environmentIntensity":1,"roughness":0.3924,"alpha":1,"transparencyMode":0,"alphaCutOff":0.4,"metallic":0, 
"albedoTexture":{"name":"Boss_diffuse.png","level":1,"hasAlpha":true,"coordinatesMode":0,"uOffset":0,"vOffset":0,"uScale":1,"vScale":1,"uAng":0,"vAng":0,"wAng":0,"wrapU":1,"wrapV":1,"coordinatesIndex":0},"useAlphaFromAlbedoTexture":true, 
"reflectivityTexture":{"name":"Boss_specular.png","level":1,"hasAlpha":true,"coordinatesMode":0,"uOffset":0,"vOffset":0,"uScale":1,"vScale":1,"uAng":0,"vAng":0,"wAng":0,"wrapU":1,"wrapV":1,"coordinatesIndex":0}, 
"bumpTexture":{"name":"Boss_normal.png","level":1,"hasAlpha":true,"coordinatesMode":0,"uOffset":0,"vOffset":0,"uScale":1,"vScale":1,"uAng":0,"vAng":0,"wAng":0,"wrapU":1,"wrapV":1,"coordinatesIndex":0}},
{"name":"bottomsmat","id":"bottomsmat","customType":"BABYLON.PBRMaterial","backFaceCulling":true,"checkReadyOnlyOnce":false,"maxSimultaneousLights":4,"environmentIntensity":1,"roughness":0.3924,"alpha":1,"transparencyMode":0,"alphaCutOff":0.4,"metallic":0, 
"albedoTexture":{"name":"Boss_diffuse.png","level":1,"hasAlpha":true,"coordinatesMode":0,"uOffset":0,"vOffset":0,"uScale":1,"vScale":1,"uAng":0,"vAng":0,"wAng":0,"wrapU":1,"wrapV":1,"coordinatesIndex":0},"useAlphaFromAlbedoTexture":true, 
"reflectivityTexture":{"name":"Boss_specular.png","level":1,"hasAlpha":true,"coordinatesMode":0,"uOffset":0,"vOffset":0,"uScale":1,"vScale":1,"uAng":0,"vAng":0,"wAng":0,"wrapU":1,"wrapV":1,"coordinatesIndex":0}, 
"bumpTexture":{"name":"Boss_normal.png","level":1,"hasAlpha":true,"coordinatesMode":0,"uOffset":0,"vOffset":0,"uScale":1,"vScale":1,"uAng":0,"vAng":0,"wAng":0,"wrapU":1,"wrapV":1,"coordinatesIndex":0}},
{"name":"teethmat","id":"teethmat","customType":"BABYLON.PBRMaterial","backFaceCulling":true,"checkReadyOnlyOnce":false,"maxSimultaneousLights":4,"environmentIntensity":1,"roughness":0.6279,"alpha":1,"transparencyMode":0,"alphaCutOff":0.4,"metallic":0, 
"albedoTexture":{"name":"Boss_diffuse.png","level":1,"hasAlpha":true,"coordinatesMode":0,"uOffset":0,"vOffset":0,"uScale":1,"vScale":1,"uAng":0,"vAng":0,"wAng":0,"wrapU":1,"wrapV":1,"coordinatesIndex":0},"useAlphaFromAlbedoTexture":true, 
"reflectivityTexture":{"name":"Boss_specular.png","level":1,"hasAlpha":true,"coordinatesMode":0,"uOffset":0,"vOffset":0,"uScale":1,"vScale":1,"uAng":0,"vAng":0,"wAng":0,"wrapU":1,"wrapV":1,"coordinatesIndex":0}, 
"bumpTexture":{"name":"Boss_normal.png","level":1,"hasAlpha":true,"coordinatesMode":0,"uOffset":0,"vOffset":0,"uScale":1,"vScale":1,"uAng":0,"vAng":0,"wAng":0,"wrapU":1,"wrapV":1,"coordinatesIndex":0}},
{"name":"eyesmat","id":"eyesmat","customType":"BABYLON.PBRMaterial","backFaceCulling":true,"checkReadyOnlyOnce":false,"maxSimultaneousLights":4,"environmentIntensity":1,"roughness":0.0313,"alpha":1,"transparencyMode":0,"alphaCutOff":0.4,"metallic":0, 
"albedoTexture":{"name":"Boss_diffuse.png","level":1,"hasAlpha":true,"coordinatesMode":0,"uOffset":0,"vOffset":0,"uScale":1,"vScale":1,"uAng":0,"vAng":0,"wAng":0,"wrapU":1,"wrapV":1,"coordinatesIndex":0},"useAlphaFromAlbedoTexture":true, 
"reflectivityTexture":{"name":"Boss_specular.png","level":1,"hasAlpha":true,"coordinatesMode":0,"uOffset":0,"vOffset":0,"uScale":1,"vScale":1,"uAng":0,"vAng":0,"wAng":0,"wrapU":1,"wrapV":1,"coordinatesIndex":0}, 
"bumpTexture":{"name":"Boss_normal.png","level":1,"hasAlpha":true,"coordinatesMode":0,"uOffset":0,"vOffset":0,"uScale":1,"vScale":1,"uAng":0,"vAng":0,"wAng":0,"wrapU":1,"wrapV":1,"coordinatesIndex":0}},
{"name":"bowtiemat","id":"bowtiemat","customType":"BABYLON.PBRMaterial","backFaceCulling":true,"checkReadyOnlyOnce":false,"maxSimultaneousLights":4,"environmentIntensity":1,"roughness":0.3924,"alpha":1,"transparencyMode":0,"alphaCutOff":0.4,"metallic":0, 
"albedoTexture":{"name":"Boss_diffuse.png","level":1,"hasAlpha":true,"coordinatesMode":0,"uOffset":0,"vOffset":0,"uScale":1,"vScale":1,"uAng":0,"vAng":0,"wAng":0,"wrapU":1,"wrapV":1,"coordinatesIndex":0},"useAlphaFromAlbedoTexture":true, 
"reflectivityTexture":{"name":"Boss_specular.png","level":1,"hasAlpha":true,"coordinatesMode":0,"uOffset":0,"vOffset":0,"uScale":1,"vScale":1,"uAng":0,"vAng":0,"wAng":0,"wrapU":1,"wrapV":1,"coordinatesIndex":0}, 
"bumpTexture":{"name":"Boss_normal.png","level":1,"hasAlpha":true,"coordinatesMode":0,"uOffset":0,"vOffset":0,"uScale":1,"vScale":1,"uAng":0,"vAng":0,"wAng":0,"wrapU":1,"wrapV":1,"coordinatesIndex":0}},
{"name":"jacketmat","id":"jacketmat","customType":"BABYLON.PBRMaterial","backFaceCulling":true,"checkReadyOnlyOnce":false,"maxSimultaneousLights":4,"environmentIntensity":1,"roughness":0.3924,"alpha":1,"transparencyMode":0,"alphaCutOff":0.4,"metallic":0, 
"albedoTexture":{"name":"Boss_diffuse.png","level":1,"hasAlpha":true,"coordinatesMode":0,"uOffset":0,"vOffset":0,"uScale":1,"vScale":1,"uAng":0,"vAng":0,"wAng":0,"wrapU":1,"wrapV":1,"coordinatesIndex":0},"useAlphaFromAlbedoTexture":true, 
"reflectivityTexture":{"name":"Boss_specular.png","level":1,"hasAlpha":true,"coordinatesMode":0,"uOffset":0,"vOffset":0,"uScale":1,"vScale":1,"uAng":0,"vAng":0,"wAng":0,"wrapU":1,"wrapV":1,"coordinatesIndex":0}, 
"bumpTexture":{"name":"Boss_normal.png","level":1,"hasAlpha":true,"coordinatesMode":0,"uOffset":0,"vOffset":0,"uScale":1,"vScale":1,"uAng":0,"vAng":0,"wAng":0,"wrapU":1,"wrapV":1,"coordinatesIndex":0}}],
"multiMaterials":[],
"skeletons":[{"name":"Armature","id":0,"dimensionsAtRest":[188.1301,172.4536,15.1392],"bones":[
{"name":"boss:Hips","index":0,"matrix":[0.9997,-0.0197,-0.0167,0,0.0204,0.9988,0.0454,0,-0.0157,0.0458,-0.9988,0,-0.0416,94.4899,-0.5936,1],"rest":[1,0,0,0,0,1,0,0,0,0,-1,0,0,96.3794,0,1],"parentBoneIndex":-1,"length":9.9032
,"animation":{"dataType":3,"framePerSecond":24,"keys":[
{"frame":1,"values":[0.9997,-0.0197,-0.0167,0,0.0204,0.9988,0.0454,0,-0.0157,0.0458,-0.9988,0,-0.0416,94.4899,-0.5936,1]},
{"frame":2,"values":[0.9996,-0.0212,-0.0166,0,0.0219,0.9987,0.0459,0,-0.0156,0.0462,-0.9988,0,0.1089,94.465,-0.5929,1]},
{"frame":3,"values":[0.9996,-0.0221,-0.0159,0,0.0228,0.9986,0.0467,0,-0.0149,0.047,-0.9988,0,0.2338,94.4559,-0.6537,1]},
{"frame":4,"values":[0.9996,-0.0231,-0.0151,0,0.0238,0.9986,0.0476,0,-0.0139,0.0479,-0.9988,0,0.3369,94.4175,-0.711,1]},
{"frame":5,"values":[0.9996,-0.0244,-0.0142,0,0.0251,0.9985,0.0484,0,-0.013,0.0487,-0.9987,0,0.4172,94.3535,-0.7601,1]},
{"frame":6,"values":[0.9996,-0.0253,-0.0137,0,0.026,0.9985,0.049,0,-0.0124,0.0493,-0.9987,0,0.4711,94.2838,-0.8029,1]},
{"frame":7,"values":[0.9996,-0.0257,-0.0134,0,0.0264,0.9984,0.0493,0,-0.0121,0.0496,-0.9987,0,0.4969,94.2159,-0.8392,1]},
{"frame":8,"values":[0.9996,-0.026,-0.0136,0,0.0266,0.9984,0.0493,0,-0.0123,0.0497,-0.9987,0,0.5026,94.1511,-0.8658,1]},
{"frame":9,"values":[0.9996,-0.0263,-0.0142,0,0.0269,0.9984,0.0492,0,-0.0129,0.0496,-0.9987,0,0.4972,94.0981,-0.8799,1]},
{"frame":10,"values":[0.9995,-0.0267,-0.015,0,0.0274,0.9984,0.0492,0,-0.0136,0.0496,-0.9987,0,0.4809,94.0686,-0.8857,1]},
{"frame":11,"values":[0.9995,-0.0273,-0.0155,0,0.028,0.9984,0.0496,0,-0.0141,0.05,-0.9986,0,0.454,94.0573,-0.896,1]},
{"frame":12,"values":[0.9995,-0.0278,-0.0159,0,0.0286,0.9983,0.0502,0,-0.0145,0.0507,-0.9986,0,0.416,94.0444,-0.9155,1]},
{"frame":13,"values":[0.9995,-0.0281,-0.0163,0,0.0289,0.9983,0.0508,0,-0.0148,0.0513,-0.9986,0,0.3658,94.0229,-0.9345,1]},
{"frame":14,"values":[0.9995,-0.028,-0.0166,0,0.0289,0.9983,0.0514,0,-0.0151,0.0518,-0.9985,0,0.3034,94.0153,-0.9509,1]},
{"frame":15,"values":[0.9995,-0.0279,-0.0167,0,0.0288,0.9982,0.0521,0,-0.0152,0.0526,-0.9985,0,0.231,94.0235,-0.9667,1]},
{"frame":16,"values":[0.9995,-0.028,-0.0166,0,0.0288,0.9982,0.0527,0,-0.0151,0.0531,-0.9985,0,0.1495,94.0256,-0.9765,1]},
{"frame":17,"values":[0.9995,-0.0279,-0.0165,0,0.0287,0.9982,0.0531,0,-0.015,0.0535,-0.9985,0,0.0586,94.024,-0.9761,1]},
{"frame":18,"values":[0.9995,-0.0274,-0.0164,0,0.0283,0.9982,0.0535,0,-0.0149,0.0539,-0.9984,0,-0.0418,94.0304,-0.9662,1]},
{"frame":19,"values":[0.9995,-0.0268,-0.0162,0,0.0277,0.9982,0.0535,0,-0.0147,0.0539,-0.9984,0,-0.1505,94.042,-0.9497,1]},
{"frame":20,"values":[0.9995,-0.0262,-0.0159,0,0.027,0.9982,0.0528,0,-0.0144,0.0532,-0.9985,0,-0.2674,94.0616,-0.9282,1]},
{"frame":21,"values":[0.9996,-0.0256,-0.0155,0,0.0264,0.9983,0.0516,0,-0.0142,0.052,-0.9985,0,-0.3919,94.0907,-0.8991,1]},
{"frame":22,"values":[0.9996,-0.025,-0.0151,0,0.0257,0.9984,0.0503,0,-0.0138,0.0506,-0.9986,0,-0.5234,94.1227,-0.8594,1]},
{"frame":23,"values":[0.9996,-0.0239,-0.0148,0,0.0246,0.9985,0.0488,0,-0.0136,0.0492,-0.9987,0,-0.6635,94.1672,-0.8103,1]},
{"frame":24,"values":[0.9996,-0.0225,-0.0141,0,0.0231,0.9986,0.0474,0,-0.013,0.0477,-0.9988,0,-0.8109,94.2354,-0.762,1]},
{"frame":25,"values":[0.9997,-0.0214,-0.0129,0,0.022,0.9987,0.0463,0,-0.0119,0.0466,-0.9988,0,-0.9625,94.3055,-0.7225,1]},
{"frame":26,"values":[0.9997,-0.0205,-0.0116,0,0.021,0.9988,0.0453,0,-0.0107,0.0455,-0.9989,0,-1.1188,94.3652,-0.6878,1]},
{"frame":27,"values":[0.9998,-0.0195,-0.0109,0,0.02,0.9988,0.0439,0,-0.0101,0.0441,-0.999,0,-1.2809,94.4305,-0.6539,1]},
{"frame":28,"values":[0.9998,-0.0186,-0.0107,0,0.019,0.9989,0.0425,0,-0.0099,0.0427,-0.999,0,-1.4513,94.4967,-0.6238,1]},
{"frame":29,"values":[0.9998,-0.0179,-0.011,0,0.0184,0.999,0.0417,0,-0.0102,0.0419,-0.9991,0,-1.6289,94.5476,-0.6004,1]},
{"frame":30,"values":[0.9998,-0.0172,-0.0115,0,0.0176,0.999,0.0414,0,-0.0107,0.0416,-0.9991,0,-1.8137,94.5933,-0.5837,1]},
{"frame":31,"values":[0.9998,-0.0161,-0.0119,0,0.0165,0.999,0.0413,0,-0.0112,0.0415,-0.9991,0,-2.0053,94.6514,-0.5783,1]},
{"frame":32,"values":[0.9998,-0.0146,-0.0122,0,0.0151,0.999,0.0414,0,-0.0115,0.0416,-0.9991,0,-2.2022,94.7164,-0.5906,1]},
{"frame":33,"values":[0.9998,-0.0128,-0.0118,0,0.0133,0.999,0.0416,0,-0.0113,0.0418,-0.9991,0,-2.4028,94.783,-0.6149,1]},
{"frame":34,"values":[0.9999,-0.0109,-0.011,0,0.0113,0.9991,0.0418,0,-0.0105,0.042,-0.9991,0,-2.6051,94.855,-0.6425,1]},
{"frame":35,"values":[0.9999,-0.0088,-0.0101,0,0.0093,0.9991,0.0421,0,-0.0098,0.0422,-0.9991,0,-2.8076,94.931,-0.6775,1]},
{"frame":36,"values":[0.9999,-0.0068,-0.0096,0,0.0072,0.9991,0.0423,0,-0.0093,0.0424,-0.9991,0,-3.0092,94.9945,-0.7288,1]},
{"frame":37,"values":[0.9999,-0.0048,-0.0092,0,0.0052,0.9991,0.0425,0,-0.009,0.0425,-0.9991,0,-3.2083,95.0241,-0.7901,1]},
{"frame":38,"values":[1,-0.0027,-0.009,0,0.0031,0.9991,0.0423,0,-0.0089,0.0423,-0.9991,0,-3.4044,95.0306,-0.8433,1]},
{"frame":39,"values":[1,-0.0004,-0.0082,0,0.0008,0.9991,0.042,0,-0.0082,0.042,-0.9991,0,-3.5977,95.0327,-0.8812,1]},
{"frame":40,"values":[1,0.0019,-0.0065,0,-0.0016,0.9991,0.0419,0,-0.0066,0.0419,-0.9991,0,-3.7868,95.0245,-0.9111,1]},
{"frame":41,"values":[1,0.0036,-0.0044,0,-0.0034,0.9991,0.0421,0,-0.0046,0.0421,-0.9991,0,-3.9682,95.0045,-0.9388,1]},
{"frame":42,"values":[1,0.0044,-0.0027,0,-0.0043,0.9991,0.0425,0,-0.0029,0.0424,-0.9991,0,-4.0826,95.006,-0.9532,1]},
{"frame":43,"values":[1,0.0047,-0.0011,0,-0.0047,0.9991,0.0428,0,-0.0013,0.0428,-0.9991,0,-4.188,95.0054,-0.9578,1]},
{"frame":44,"values":[1,0.0046,0.0002,0,-0.0046,0.9991,0.0431,0,0,0.0431,-0.9991,0,-4.2895,94.9959,-0.9519,1]},
{"frame":45,"values":[1,0.0042,0.001,0,-0.0042,0.9991,0.0432,0,0.0008,0.0432,-0.9991,0,-4.3861,94.9781,-0.9345,1]},
{"frame":46,"values":[1,0.0037,0.0011,0,-0.0037,0.9991,0.0432,0,0.0009,0.0432,-0.9991,0,-4.4778,94.9469,-0.9055,1]},
{"frame":47,"values":[1,0.003,0.0007,0,-0.003,0.9991,0.0432,0,0.0005,0.0432,-0.9991,0,-4.565,94.8923,-0.8665,1]},
{"frame":48,"values":[1,0.0022,0.0001,0,-0.0022,0.9991,0.0432,0,0,0.0432,-0.9991,0,-4.6495,94.8156,-0.8221,1]},
{"frame":49,"values":[1,0.0012,-0.0002,0,-0.0012,0.999,0.0436,0,-0.0003,0.0436,-0.999,0,-4.7316,94.7333,-0.7779,1]},
{"frame":50,"values":[1,0,-0.0002,0,0,0.999,0.0442,0,-0.0002,0.0442,-0.999,0,-4.8099,94.6569,-0.7372,1]},
{"frame":51,"values":[1,-0.0011,0.0004,0,0.0011,0.999,0.045,0,0.0004,0.045,-0.999,0,-4.8846,94.5812,-0.6994,1]},
{"frame":52,"values":[1,-0.0021,0.0011,0,0.002,0.9989,0.0459,0,0.0012,0.0459,-0.9989,0,-4.9548,94.4995,-0.6619,1]},
{"frame":53,"values":[1,-0.0028,0.0016,0,0.0028,0.9989,0.0466,0,0.0017,0.0466,-0.9989,0,-5.0037,94.4147,-0.6227,1]},
{"frame":54,"values":[1,-0.0034,0.0019,0,0.0033,0.9989,0.0472,0,0.0021,0.0472,-0.9989,0,-5.0159,94.334,-0.5823,1]},
{"frame":55,"values":[1,-0.0038,0.0021,0,0.0036,0.9989,0.0478,0,0.0022,0.0478,-0.9989,0,-5.0015,94.2684,-0.5425,1]},
{"frame":56,"values":[1,-0.0041,0.0022,0,0.004,0.9988,0.0483,0,0.0024,0.0483,-0.9988,0,-4.9727,94.23,-0.5045,1]},
{"frame":57,"values":[1,-0.0046,0.0024,0,0.0044,0.9988,0.0487,0,0.0026,0.0487,-0.9988,0,-4.9305,94.2201,-0.4691,1]},
{"frame":58,"values":[1,-0.0052,0.0027,0,0.0051,0.9988,0.0488,0,0.0029,0.0488,-0.9988,0,-4.8737,94.2243,-0.4365,1]},
{"frame":59,"values":[1,-0.0061,0.003,0,0.0059,0.9988,0.0485,0,0.0033,0.0485,-0.9988,0,-4.803,94.2301,-0.4055,1]},
{"frame":60,"values":[1,-0.007,0.0034,0,0.0069,0.9988,0.0477,0,0.0037,0.0477,-0.9989,0,-4.7196,94.2418,-0.3751,1]},
{"frame":61,"values":[1,-0.0078,0.0037,0,0.0076,0.9989,0.0465,0,0.004,0.0464,-0.9989,0,-4.6251,94.2695,-0.3445,1]},
{"frame":62,"values":[1,-0.0082,0.0035,0,0.008,0.999,0.045,0,0.0039,0.0449,-0.999,0,-4.5207,94.3077,-0.3139,1]},
{"frame":63,"values":[1,-0.0083,0.0029,0,0.0081,0.999,0.0435,0,0.0033,0.0434,-0.9991,0,-4.4059,94.3354,-0.2852,1]},
{"frame":64,"values":[1,-0.0082,0.002,0,0.0081,0.9991,0.0422,0,0.0023,0.0422,-0.9991,0,-4.2809,94.3386,-0.2613,1]},
{"frame":65,"values":[1,-0.0081,0.0007,0,0.0081,0.9991,0.0413,0,0.001,0.0413,-0.9991,0,-4.1479,94.3182,-0.2437,1]},
{"frame":66,"values":[1,-0.0081,-0.0009,0,0.0081,0.9991,0.0406,0,-0.0006,0.0407,-0.9992,0,-4.0106,94.3001,-0.2301,1]},
{"frame":67,"values":[1,-0.0082,-0.0025,0,0.0083,0.9992,0.04,0,-0.0022,0.04,-0.9992,0,-3.872,94.3006,-0.2176,1]},
{"frame":68,"values":[1,-0.0083,-0.004,0,0.0085,0.9992,0.0393,0,-0.0037,0.0393,-0.9992,0,-3.7335,94.3232,-0.2044,1]},
{"frame":69,"values":[1,-0.0085,-0.0051,0,0.0087,0.9992,0.0384,0,-0.0048,0.0384,-0.9992,0,-3.5952,94.3622,-0.1912,1]},
{"frame":70,"values":[0.9999,-0.0088,-0.0057,0,0.009,0.9993,0.0374,0,-0.0054,0.0375,-0.9993,0,-3.4567,94.4111,-0.1785,1]},
{"frame":71,"values":[0.9999,-0.0091,-0.006,0,0.0093,0.9993,0.0362,0,-0.0056,0.0363,-0.9993,0,-3.3185,94.4696,-0.1649,1]},
{"frame":72,"values":[0.9999,-0.0093,-0.006,0,0.0095,0.9993,0.0348,0,-0.0057,0.0348,-0.9994,0,-3.1814,94.5411,-0.1497,1]},
{"frame":73,"values":[0.9999,-0.0094,-0.0061,0,0.0096,0.9994,0.0331,0,-0.0058,0.0332,-0.9994,0,-3.0453,94.6215,-0.1367,1]},
{"frame":74,"values":[0.9999,-0.0095,-0.0062,0,0.0097,0.9995,0.0315,0,-0.0059,0.0316,-0.9995,0,-2.9086,94.6969,-0.1339,1]},
{"frame":75,"values":[0.9999,-0.0097,-0.0061,0,0.0099,0.9995,0.0301,0,-0.0058,0.0302,-0.9995,0,-2.7705,94.7561,-0.1478,1]},
{"frame":76,"values":[0.9999,-0.0099,-0.0057,0,0.01,0.9995,0.0291,0,-0.0054,0.0291,-0.9996,0,-2.6316,94.8008,-0.1795,1]},
{"frame":77,"values":[0.9999,-0.0102,-0.0054,0,0.0103,0.9995,0.0282,0,-0.0051,0.0283,-0.9996,0,-2.4931,94.8382,-0.2274,1]},
{"frame":78,"values":[0.9999,-0.0106,-0.0056,0,0.0108,0.9996,0.0275,0,-0.0053,0.0276,-0.9996,0,-2.3542,94.8743,-0.2887,1]},
{"frame":79,"values":[0.9999,-0.0114,-0.0066,0,0.0115,0.9996,0.0272,0,-0.0063,0.0272,-0.9996,0,-2.2127,94.9118,-0.3602,1]},
{"frame":80,"values":[0.9999,-0.0122,-0.0081,0,0.0125,0.9995,0.0274,0,-0.0078,0.0275,-0.9996,0,-2.0665,94.9514,-0.4368,1]},
{"frame":81,"values":[0.9999,-0.0131,-0.0097,0,0.0134,0.9995,0.0281,0,-0.0093,0.0282,-0.9996,0,-1.9156,94.9889,-0.5136,1]},
{"frame":82,"values":[0.9998,-0.0139,-0.0111,0,0.0142,0.9995,0.0291,0,-0.0107,0.0293,-0.9995,0,-1.7596,95.0191,-0.5854,1]},
{"frame":83,"values":[0.9998,-0.0145,-0.0123,0,0.0149,0.9994,0.0303,0,-0.0119,0.0304,-0.9995,0,-1.5968,95.0413,-0.6475,1]},
{"frame":84,"values":[0.9998,-0.0151,-0.0137,0,0.0155,0.9994,0.0313,0,-0.0132,0.0315,-0.9994,0,-1.4246,95.0615,-0.6959,1]},
{"frame":85,"values":[0.9998,-0.0157,-0.0153,0,0.0162,0.9994,0.0321,0,-0.0148,0.0323,-0.9994,0,-1.243,95.0866,-0.7292,1]},
{"frame":86,"values":[0.9997,-0.0164,-0.0172,0,0.0169,0.9993,0.0327,0,-0.0167,0.033,-0.9993,0,-1.0542,95.1154,-0.7489,1]},
{"frame":87,"values":[0.9997,-0.0172,-0.0195,0,0.0179,0.9993,0.0331,0,-0.0189,0.0334,-0.9993,0,-0.8594,95.1356,-0.7562,1]},
{"frame":88,"values":[0.9996,-0.0182,-0.0217,0,0.0189,0.9993,0.0336,0,-0.0211,0.034,-0.9992,0,-0.6697,95.1347,-0.753,1]},
{"frame":89,"values":[0.9995,-0.0192,-0.0238,0,0.02,0.9992,0.0343,0,-0.0231,0.0347,-0.9991,0,-0.473,95.1084,-0.7378,1]},
{"frame":90,"values":[0.9995,-0.0201,-0.0256,0,0.021,0.9992,0.0352,0,-0.0248,0.0358,-0.9991,0,-0.2694,95.0629,-0.712,1]},
{"frame":91,"values":[0.9994,-0.0209,-0.0269,0,0.0218,0.9991,0.0364,0,-0.0261,0.037,-0.999,0,-0.0609,95.0046,-0.6784,1]},
{"frame":92,"values":[0.9994,-0.0215,-0.0281,0,0.0226,0.999,0.0376,0,-0.0273,0.0382,-0.9989,0,0.15,94.937,-0.6393,1]},
{"frame":93,"values":[0.9993,-0.0222,-0.0291,0,0.0233,0.999,0.0385,0,-0.0283,0.0392,-0.9988,0,0.3604,94.8677,-0.595,1]},
{"frame":94,"values":[0.9993,-0.0229,-0.0301,0,0.0241,0.9989,0.0393,0,-0.0292,0.04,-0.9988,0,0.5674,94.8072,-0.544,1]},
{"frame":95,"values":[0.9992,-0.0239,-0.0313,0,0.0251,0.9989,0.0398,0,-0.0303,0.0405,-0.9987,0,0.7701,94.7559,-0.4872,1]},
{"frame":96,"values":[0.9992,-0.025,-0.0327,0,0.0263,0.9988,0.0402,0,-0.0317,0.041,-0.9987,0,0.9683,94.7015,-0.4288,1]},
{"frame":97,"values":[0.9991,-0.0264,-0.0345,0,0.0278,0.9988,0.0407,0,-0.0334,0.0417,-0.9986,0,1.1593,94.6325,-0.3721,1]},
{"frame":98,"values":[0.9989,-0.028,-0.0363,0,0.0295,0.9987,0.0415,0,-0.0351,0.0426,-0.9985,0,1.3416,94.5434,-0.3174,1]},
{"frame":99,"values":[0.9988,-0.0297,-0.0378,0,0.0313,0.9986,0.0425,0,-0.0365,0.0436,-0.9984,0,1.5146,94.4353,-0.2636,1]},
{"frame":100,"values":[0.9988,-0.0313,-0.0389,0,0.0329,0.9985,0.0434,0,-0.0375,0.0446,-0.9983,0,1.6789,94.3132,-0.2093,1]},
{"frame":101,"values":[0.9987,-0.0324,-0.0397,0,0.0342,0.9984,0.044,0,-0.0382,0.0453,-0.9982,0,1.8337,94.1938,-0.1546,1]},
{"frame":102,"values":[0.9986,-0.0333,-0.0404,0,0.0351,0.9984,0.0444,0,-0.0388,0.0457,-0.9982,0,1.9736,94.0949,-0.1026,1]},
{"frame":103,"values":[0.9986,-0.034,-0.0412,0,0.0358,0.9984,0.0448,0,-0.0396,0.0462,-0.9981,0,2.093,94.0339,-0.058,1]},
{"frame":104,"values":[0.9985,-0.0345,-0.0421,0,0.0364,0.9983,0.0453,0,-0.0405,0.0468,-0.9981,0,2.1888,94.0029,-0.0244,1]},
{"frame":105,"values":[0.9985,-0.0348,-0.0429,0,0.0368,0.9983,0.0459,0,-0.0413,0.0474,-0.998,0,2.2615,93.978,-0.0017,1]},
{"frame":106,"values":[0.9984,-0.035,-0.0435,0,0.037,0.9982,0.0463,0,-0.0418,0.0479,-0.998,0,2.3126,93.9497,0.013,1]},
{"frame":107,"values":[0.9984,-0.0349,-0.0437,0,0.037,0.9982,0.0464,0,-0.042,0.0479,-0.998,0,2.3415,93.9271,0.0241,1]},
{"frame":108,"values":[0.9984,-0.0347,-0.0437,0,0.0367,0.9983,0.046,0,-0.0421,0.0476,-0.998,0,2.3459,93.9229,0.0345,1]},
{"frame":109,"values":[0.9985,-0.0342,-0.0436,0,0.0362,0.9983,0.0454,0,-0.042,0.0469,-0.998,0,2.3239,93.9397,0.0448,1]},
{"frame":110,"values":[0.9985,-0.0334,-0.0435,0,0.0353,0.9984,0.045,0,-0.0419,0.0464,-0.998,0,2.2767,93.9662,0.0531,1]},
{"frame":111,"values":[0.9985,-0.0323,-0.0433,0,0.0342,0.9984,0.0447,0,-0.0418,0.0461,-0.9981,0,2.2072,93.9937,0.059,1]},
{"frame":112,"values":[0.9986,-0.0309,-0.043,0,0.0328,0.9985,0.0444,0,-0.0416,0.0457,-0.9981,0,2.1172,94.0361,0.0637,1]},
{"frame":113,"values":[0.9987,-0.0293,-0.0425,0,0.0312,0.9986,0.0438,0,-0.0411,0.0451,-0.9981,0,2.0061,94.1153,0.0665,1]},
{"frame":114,"values":[0.9987,-0.0279,-0.0417,0,0.0297,0.9986,0.043,0,-0.0405,0.0442,-0.9982,0,1.8732,94.2295,0.0644,1]},
{"frame":115,"values":[0.9988,-0.0265,-0.041,0,0.0283,0.9987,0.0421,0,-0.0399,0.0433,-0.9983,0,1.7193,94.3513,0.0554,1]},
{"frame":116,"values":[0.9988,-0.0254,-0.0406,0,0.0271,0.9988,0.0413,0,-0.0395,0.0424,-0.9983,0,1.5473,94.4547,0.0402,1]},
{"frame":117,"values":[0.9989,-0.0246,-0.0408,0,0.0263,0.9988,0.0405,0,-0.0398,0.0415,-0.9983,0,1.3604,94.5338,0.0207,1]},
{"frame":118,"values":[0.9989,-0.024,-0.0415,0,0.0257,0.9989,0.0398,0,-0.0404,0.0408,-0.9983,0,1.1621,94.5998,-0.0018,1]},
{"frame":119,"values":[0.9988,-0.0235,-0.0423,0,0.0251,0.9989,0.0394,0,-0.0414,0.0404,-0.9983,0,0.956,94.6641,-0.0281,1]},
{"frame":120,"values":[0.9988,-0.0228,-0.0433,0,0.0245,0.9989,0.0394,0,-0.0423,0.0404,-0.9983,0,0.7468,94.7287,-0.0576,1]},
{"frame":121,"values":[0.9988,-0.0218,-0.0441,0,0.0235,0.9989,0.0396,0,-0.0432,0.0406,-0.9982,0,0.5388,94.7926,-0.0886,1]},
{"frame":122,"values":[0.9988,-0.0204,-0.045,0,0.0222,0.999,0.0399,0,-0.0441,0.0409,-0.9982,0,0.3332,94.8588,-0.1191,1]},
{"frame":123,"values":[0.9988,-0.0188,-0.0458,0,0.0206,0.999,0.0404,0,-0.0449,0.0413,-0.9981,0,0.1287,94.9226,-0.149,1]},
{"frame":124,"values":[0.9988,-0.0171,-0.0464,0,0.019,0.999,0.041,0,-0.0456,0.0419,-0.9981,0,-0.0763,94.9648,-0.1777,1]},
{"frame":125,"values":[0.9988,-0.0155,-0.0465,0,0.0175,0.999,0.0416,0,-0.0458,0.0424,-0.9981,0,-0.2816,94.9746,-0.2026,1]},
{"frame":126,"values":[0.9988,-0.0141,-0.0462,0,0.016,0.999,0.042,0,-0.0455,0.0427,-0.998,0,-0.4854,94.965,-0.2205,1]},
{"frame":127,"values":[0.9989,-0.0127,-0.0455,0,0.0146,0.999,0.0423,0,-0.0449,0.0429,-0.9981,0,-0.6851,94.9582,-0.2307,1]},
{"frame":128,"values":[0.9989,-0.0115,-0.0445,0,0.0133,0.999,0.0423,0,-0.0439,0.0428,-0.9981,0,-0.8785,94.9606,-0.2363,1]},
{"frame":129,"values":[0.999,-0.0106,-0.0432,0,0.0124,0.999,0.0421,0,-0.0427,0.0426,-0.9982,0,-1.0632,94.9536,-0.2391,1]},
{"frame":130,"values":[0.9991,-0.01,-0.0418,0,0.0117,0.999,0.042,0,-0.0413,0.0425,-0.9982,0,-1.2376,94.9174,-0.2377,1]},
{"frame":131,"values":[0.9992,-0.0089,-0.0401,0,0.0106,0.9991,0.0421,0,-0.0396,0.0425,-0.9983,0,-1.453,94.8776,-0.2445,1]},
{"frame":132,"values":[0.9993,-0.0072,-0.038,0,0.0088,0.9991,0.0421,0,-0.0377,0.0424,-0.9984,0,-1.7044,94.8661,-0.249,1]},
{"frame":133,"values":[0.9993,-0.0056,-0.0362,0,0.0071,0.9991,0.0423,0,-0.0359,0.0425,-0.9985,0,-1.9459,94.8816,-0.2377,1]},
{"frame":134,"values":[0.9994,-0.0046,-0.0349,0,0.006,0.9991,0.0427,0,-0.0346,0.0429,-0.9985,0,-2.1753,94.9041,-0.2187,1]},
{"frame":135,"values":[0.9994,-0.0037,-0.0339,0,0.0051,0.9991,0.0431,0,-0.0337,0.0432,-0.9985,0,-2.3937,94.9129,-0.195,1]},
{"frame":136,"values":[0.9995,-0.0026,-0.0329,0,0.004,0.9991,0.0434,0,-0.0328,0.0435,-0.9985,0,-2.6021,94.9111,-0.1641,1]},
{"frame":137,"values":[0.9995,-0.0017,-0.0318,0,0.0031,0.999,0.0436,0,-0.0317,0.0436,-0.9985,0,-2.7995,94.9007,-0.1191,1]},
{"frame":138,"values":[0.9995,-0.0015,-0.0303,0,0.0028,0.999,0.0436,0,-0.0302,0.0436,-0.9986,0,-2.9842,94.871,-0.055,1]},
{"frame":139,"values":[0.9996,-0.0019,-0.0284,0,0.0031,0.9991,0.0434,0,-0.0282,0.0435,-0.9987,0,-3.1569,94.8126,0.0219,1]},
{"frame":140,"values":[0.9997,-0.0026,-0.0258,0,0.0037,0.9991,0.0434,0,-0.0257,0.0434,-0.9987,0,-3.3194,94.7357,0.1004,1]},
{"frame":141,"values":[0.9997,-0.0032,-0.0228,0,0.0042,0.999,0.0435,0,-0.0227,0.0436,-0.9988,0,-3.4725,94.6599,0.1743,1]},
{"frame":142,"values":[0.9998,-0.004,-0.0194,0,0.0048,0.999,0.0437,0,-0.0192,0.0438,-0.9989,0,-3.6151,94.5997,0.2404,1]},
{"frame":143,"values":[0.9999,-0.005,-0.0154,0,0.0057,0.999,0.0438,0,-0.0151,0.0439,-0.9989,0,-3.7464,94.5594,0.2941,1]},
{"frame":144,"values":[0.9999,-0.0061,-0.0105,0,0.0066,0.999,0.0441,0,-0.0102,0.0442,-0.999,0,-3.8673,94.5129,0.3311,1]},
{"frame":145,"values":[1,-0.0069,-0.0053,0,0.0072,0.999,0.0448,0,-0.005,0.0448,-0.999,0,-3.9794,94.4388,0.3532,1]},
{"frame":146,"values":[1,-0.0073,-0.0007,0,0.0073,0.9989,0.0455,0,-0.0003,0.0455,-0.999,0,-4.0828,94.3613,0.3688,1]},
{"frame":147,"values":[1,-0.0073,0.0034,0,0.0071,0.9989,0.0459,0,0.0037,0.0459,-0.9989,0,-4.1769,94.3071,0.3873,1]},
{"frame":148,"values":[1,-0.0071,0.007,0,0.0068,0.9989,0.0459,0,0.0073,0.0459,-0.9989,0,-4.261,94.2716,0.4126,1]},
{"frame":149,"values":[0.9999,-0.0067,0.0101,0,0.0063,0.9989,0.0457,0,0.0104,0.0457,-0.9989,0,-4.3349,94.2451,0.4385,1]},
{"frame":150,"values":[0.9999,-0.0064,0.0125,0,0.0059,0.999,0.0453,0,0.0128,0.0453,-0.9989,0,-4.3975,94.2281,0.4574,1]},
{"frame":151,"values":[0.9999,-0.0066,0.0145,0,0.006,0.999,0.0448,0,0.0148,0.0447,-0.9989,0,-4.4472,94.2247,0.465,1]},
{"frame":152,"values":[0.9998,-0.0071,0.0165,0,0.0063,0.999,0.0439,0,0.0168,0.0438,-0.9989,0,-4.4858,94.2418,0.455,1]},
{"frame":153,"values":[0.9998,-0.0074,0.0183,0,0.0066,0.9991,0.0431,0,0.0186,0.0429,-0.9989,0,-4.5126,94.2816,0.4206,1]},
{"frame":154,"values":[0.9998,-0.0077,0.0199,0,0.0069,0.9991,0.0423,0,0.0202,0.0421,-0.9989,0,-4.519,94.3321,0.3606,1]},
{"frame":155,"values":[0.9997,-0.0082,0.0213,0,0.0073,0.9991,0.0418,0,0.0217,0.0416,-0.9989,0,-4.5014,94.3752,0.277,1]},
{"frame":156,"values":[0.9997,-0.0086,0.0228,0,0.0076,0.9991,0.0415,0,0.0231,0.0413,-0.9989,0,-4.4614,94.4081,0.1692,1]},
{"frame":157,"values":[0.9997,-0.0085,0.0242,0,0.0075,0.9991,0.0414,0,0.0245,0.0412,-0.9989,0,-4.4009,94.4511,0.0407,1]},
{"frame":158,"values":[0.9996,-0.0078,0.0256,0,0.0067,0.9991,0.0411,0,0.0259,0.0409,-0.9988,0,-4.3209,94.526,-0.0959,1]},
{"frame":159,"values":[0.9996,-0.0071,0.0268,0,0.006,0.9992,0.0405,0,0.027,0.0404,-0.9988,0,-4.2216,94.6185,-0.2295,1]},
{"frame":160,"values":[0.9996,-0.0067,0.0269,0,0.0056,0.9992,0.0396,0,0.0272,0.0394,-0.9989,0,-4.1042,94.6927,-0.3605,1]},
{"frame":161,"values":[0.9996,-0.0066,0.026,0,0.0055,0.9992,0.0385,0,0.0263,0.0383,-0.9989,0,-3.9719,94.7607,-0.4931,1]},
{"frame":162,"values":[0.9997,-0.0062,0.0246,0,0.0053,0.9993,0.0376,0,0.0248,0.0374,-0.999,0,-3.8279,94.8549,-0.629,1]},
{"frame":163,"values":[0.9997,-0.0057,0.0233,0,0.0048,0.9993,0.0374,0,0.0235,0.0372,-0.999,0,-3.6732,94.9683,-0.7644,1]},
{"frame":164,"values":[0.9997,-0.005,0.0222,0,0.0042,0.9993,0.0375,0,0.0224,0.0374,-0.9991,0,-3.5082,95.0802,-0.8905,1]},
{"frame":165,"values":[0.9998,-0.0045,0.0205,0,0.0037,0.9993,0.0374,0,0.0206,0.0373,-0.9991,0,-3.3327,95.1743,-1.0006,1]},
{"frame":166,"values":[0.9998,-0.0044,0.0174,0,0.0038,0.9993,0.0371,0,0.0176,0.037,-0.9992,0,-3.1468,95.2309,-1.0939,1]},
{"frame":167,"values":[0.9999,-0.0046,0.0136,0,0.0041,0.9993,0.0368,0,0.0138,0.0367,-0.9992,0,-2.9524,95.2525,-1.1717,1]},
{"frame":168,"values":[0.9999,-0.0043,0.01,0,0.004,0.9993,0.0363,0,0.0102,0.0362,-0.9993,0,-2.7528,95.2697,-1.2377,1]},
{"frame":169,"values":[1,-0.0035,0.0068,0,0.0033,0.9994,0.0357,0,0.0069,0.0357,-0.9993,0,-2.5495,95.3034,-1.2979,1]},
{"frame":170,"values":[1,-0.003,0.0033,0,0.0029,0.9994,0.0355,0,0.0034,0.0355,-0.9994,0,-2.3413,95.3452,-1.3565,1]},
{"frame":171,"values":[1,-0.0036,-0.0008,0,0.0036,0.9993,0.036,0,-0.0007,0.036,-0.9994,0,-2.1274,95.3762,-1.4083,1]},
{"frame":172,"values":[1,-0.005,-0.0051,0,0.0052,0.9993,0.0366,0,-0.0049,0.0366,-0.9993,0,-1.9107,95.3873,-1.4408,1]},
{"frame":173,"values":[0.9999,-0.0064,-0.0091,0,0.0067,0.9993,0.0366,0,-0.0089,0.0367,-0.9993,0,-1.6964,95.3831,-1.4481,1]},
{"frame":174,"values":[0.9999,-0.0074,-0.0127,0,0.0079,0.9993,0.0365,0,-0.0124,0.0366,-0.9993,0,-1.4878,95.3714,-1.4346,1]},
{"frame":175,"values":[0.9999,-0.0079,-0.0146,0,0.0084,0.9993,0.0371,0,-0.0143,0.0372,-0.9992,0,-1.3856,95.3796,-1.4632,1]},
{"frame":176,"values":[0.9998,-0.0082,-0.0157,0,0.0088,0.9992,0.0379,0,-0.0154,0.0381,-0.9992,0,-1.3026,95.3698,-1.4899,1]},
{"frame":177,"values":[0.9998,-0.0088,-0.0166,0,0.0094,0.9992,0.0388,0,-0.0162,0.039,-0.9991,0,-1.221,95.335,-1.5061,1]},
{"frame":178,"values":[0.9998,-0.0094,-0.0173,0,0.0101,0.9992,0.0396,0,-0.0169,0.0398,-0.9991,0,-1.1415,95.2882,-1.5137,1]},
{"frame":179,"values":[0.9998,-0.01,-0.0177,0,0.0108,0.9991,0.0401,0,-0.0173,0.0403,-0.999,0,-1.0648,95.2393,-1.5129,1]},
{"frame":180,"values":[0.9998,-0.0107,-0.0178,0,0.0115,0.9991,0.0406,0,-0.0174,0.0407,-0.999,0,-0.9904,95.182,-1.5009,1]},
{"frame":181,"values":[0.9998,-0.0116,-0.0176,0,0.0123,0.9991,0.0411,0,-0.0171,0.0413,-0.999,0,-0.9151,95.1058,-1.4751,1]},
{"frame":182,"values":[0.9998,-0.0126,-0.0175,0,0.0133,0.999,0.0418,0,-0.0169,0.042,-0.999,0,-0.837,95.0189,-1.4328,1]},
{"frame":183,"values":[0.9998,-0.0135,-0.0176,0,0.0143,0.999,0.0426,0,-0.017,0.0428,-0.9989,0,-0.7595,94.9366,-1.3738,1]},
{"frame":184,"values":[0.9997,-0.0142,-0.0175,0,0.015,0.999,0.0432,0,-0.0169,0.0434,-0.9989,0,-0.6865,94.8557,-1.299,1]},
{"frame":185,"values":[0.9997,-0.0148,-0.0172,0,0.0155,0.9989,0.0432,0,-0.0165,0.0435,-0.9989,0,-0.6165,94.7714,-1.208,1]},
{"frame":186,"values":[0.9997,-0.0154,-0.0169,0,0.0161,0.999,0.0426,0,-0.0163,0.0429,-0.9989,0,-0.5448,94.7074,-1.1034,1]},
{"frame":187,"values":[0.9997,-0.0162,-0.0169,0,0.0169,0.999,0.0419,0,-0.0162,0.0421,-0.999,0,-0.4712,94.681,-0.9969,1]},
{"frame":188,"values":[0.9997,-0.017,-0.0169,0,0.0177,0.999,0.0416,0,-0.0161,0.0419,-0.999,0,-0.3973,94.6597,-0.9017,1]},
{"frame":189,"values":[0.9997,-0.0176,-0.0167,0,0.0183,0.999,0.0419,0,-0.016,0.0422,-0.999,0,-0.3224,94.6037,-0.8205,1]},
{"frame":190,"values":[0.9997,-0.018,-0.0166,0,0.0187,0.9989,0.0427,0,-0.0158,0.043,-0.999,0,-0.2472,94.5398,-0.7471,1]},
{"frame":191,"values":[0.9997,-0.0184,-0.0165,0,0.0192,0.9989,0.0438,0,-0.0157,0.0441,-0.9989,0,-0.1757,94.5093,-0.6865,1]},
{"frame":192,"values":[0.9997,-0.019,-0.0165,0,0.0197,0.9988,0.0447,0,-0.0157,0.0451,-0.9989,0,-0.1072,94.4993,-0.6368,1]},
{"frame":193,"values":[0.9997,-0.0197,-0.0167,0,0.0204,0.9988,0.0454,0,-0.0157,0.0458,-0.9988,0,-0.0416,94.4899,-0.5936,1]}],"loopBehavior":1,"name":"anim","property":"_matrix"}},
{"name":"boss:Spine","index":1,"matrix":[1,0.0015,0.005,0,-0.0017,0.9998,0.0218,0,-0.005,-0.0218,0.9997,0,0,9.2263,1.5771,1],"rest":[1,0,0,0,0,1,0,0,0,0,1,0,0,9.2263,1.5771,1],"parentBoneIndex":0,"length":16.2549
,"animation":{"dataType":3,"framePerSecond":24,"keys":[
{"frame":1,"values":[1,0.0015,0.005,0,-0.0017,0.9998,0.0218,0,-0.005,-0.0218,0.9997,0,0,9.2263,1.5771,1]},
{"frame":2,"values":[1,0.0013,0.0047,0,-0.0014,0.9997,0.0225,0,-0.0047,-0.0225,0.9997,0,0,9.2263,1.5771,1]},
{"frame":3,"values":[1,0.001,0.0044,0,-0.0011,0.9997,0.023,0,-0.0044,-0.023,0.9997,0,0,9.2263,1.5771,1]},
{"frame":4,"values":[1,0.0005,0.0041,0,-0.0006,0.9997,0.0235,0,-0.0041,-0.0235,0.9997,0,0,9.2263,1.5771,1]},
{"frame":5,"values":[1,-0.0001,0.0036,0,0,0.9997,0.024,0,-0.0036,-0.024,0.9997,0,0,9.2263,1.5771,1]},
{"frame":6,"values":[1,-0.0006,0.0033,0,0.0005,0.9997,0.0242,0,-0.0033,-0.0242,0.9997,0,0,9.2263,1.5771,1]},
{"frame":7,"values":[1,-0.001,0.0031,0,0.001,0.9997,0.0243,0,-0.0031,-0.0243,0.9997,0,0,9.2263,1.5771,1]},
{"frame":8,"values":[1,-0.0016,0.0029,0,0.0015,0.9997,0.0242,0,-0.0029,-0.0242,0.9997,0,0,9.2263,1.5771,1]},
{"frame":9,"values":[1,-0.0021,0.0027,0,0.002,0.9997,0.0242,0,-0.0027,-0.0242,0.9997,0,0,9.2263,1.5771,1]},
{"frame":10,"values":[1,-0.0022,0.0025,0,0.0022,0.9997,0.0243,0,-0.0026,-0.0243,0.9997,0,0,9.2263,1.5771,1]},
{"frame":11,"values":[1,-0.0022,0.0025,0,0.0021,0.9997,0.0245,0,-0.0026,-0.0245,0.9997,0,0,9.2263,1.5771,1]},
{"frame":12,"values":[1,-0.0023,0.0024,0,0.0023,0.9997,0.0244,0,-0.0025,-0.0244,0.9997,0,0,9.2263,1.5771,1]},
{"frame":13,"values":[1,-0.0026,0.0023,0,0.0026,0.9997,0.0241,0,-0.0023,-0.0241,0.9997,0,0,9.2263,1.5771,1]},
{"frame":14,"values":[1,-0.0027,0.0021,0,0.0027,0.9997,0.0238,0,-0.0022,-0.0238,0.9997,0,0,9.2263,1.5771,1]},
{"frame":15,"values":[1,-0.0025,0.0021,0,0.0025,0.9997,0.0235,0,-0.0021,-0.0235,0.9997,0,0,9.2263,1.5771,1]},
{"frame":16,"values":[1,-0.0021,0.0021,0,0.002,0.9997,0.0233,0,-0.0022,-0.0233,0.9997,0,0,9.2263,1.5771,1]},
{"frame":17,"values":[1,-0.0017,0.0022,0,0.0017,0.9997,0.0231,0,-0.0022,-0.0231,0.9997,0,0,9.2263,1.5771,1]},
{"frame":18,"values":[1,-0.0014,0.0023,0,0.0014,0.9997,0.0229,0,-0.0023,-0.0229,0.9997,0,0,9.2263,1.5771,1]},
{"frame":19,"values":[1,-0.001,0.0024,0,0.001,0.9997,0.0227,0,-0.0024,-0.0227,0.9997,0,0,9.2263,1.5771,1]},
{"frame":20,"values":[1,-0.0005,0.0026,0,0.0004,0.9998,0.0223,0,-0.0026,-0.0222,0.9997,0,0,9.2263,1.5771,1]},
{"frame":21,"values":[1,0.0001,0.0028,0,-0.0001,0.9998,0.0218,0,-0.0028,-0.0218,0.9998,0,0,9.2263,1.5771,1]},
{"frame":22,"values":[1,0.0005,0.0031,0,-0.0005,0.9998,0.0214,0,-0.0031,-0.0214,0.9998,0,0,9.2263,1.5771,1]},
{"frame":23,"values":[1,0.0008,0.0034,0,-0.0009,0.9998,0.021,0,-0.0034,-0.021,0.9998,0,0,9.2263,1.5771,1]},
{"frame":24,"values":[1,0.0012,0.0039,0,-0.0013,0.9998,0.0205,0,-0.0039,-0.0205,0.9998,0,0,9.2263,1.5771,1]},
{"frame":25,"values":[1,0.0017,0.0044,0,-0.0018,0.9998,0.0202,0,-0.0044,-0.0202,0.9998,0,0,9.2263,1.5771,1]},
{"frame":26,"values":[1,0.0021,0.0048,0,-0.0022,0.9998,0.0197,0,-0.0048,-0.0197,0.9998,0,0,9.2263,1.5771,1]},
{"frame":27,"values":[1,0.0024,0.005,0,-0.0025,0.9998,0.0191,0,-0.005,-0.0192,0.9998,0,0,9.2263,1.5771,1]},
{"frame":28,"values":[1,0.0028,0.0052,0,-0.0029,0.9998,0.0186,0,-0.0051,-0.0186,0.9998,0,0,9.2263,1.5771,1]},
{"frame":29,"values":[1,0.0033,0.0054,0,-0.0033,0.9998,0.0183,0,-0.0053,-0.0183,0.9998,0,0,9.2263,1.5771,1]},
{"frame":30,"values":[1,0.0035,0.0056,0,-0.0036,0.9998,0.0181,0,-0.0055,-0.0181,0.9998,0,0,9.2263,1.5771,1]},
{"frame":31,"values":[1,0.0035,0.0056,0,-0.0036,0.9998,0.0179,0,-0.0056,-0.0179,0.9998,0,0,9.2263,1.5771,1]},
{"frame":32,"values":[1,0.0036,0.0056,0,-0.0037,0.9998,0.0175,0,-0.0055,-0.0175,0.9998,0,0,9.2263,1.5771,1]},
{"frame":33,"values":[1,0.0039,0.0056,0,-0.004,0.9998,0.017,0,-0.0055,-0.017,0.9998,0,0,9.2263,1.5771,1]},
{"frame":34,"values":[1,0.0043,0.0057,0,-0.0043,0.9999,0.0164,0,-0.0056,-0.0164,0.9998,0,0,9.2263,1.5771,1]},
{"frame":35,"values":[1,0.0044,0.0056,0,-0.0045,0.9999,0.0156,0,-0.0055,-0.0157,0.9999,0,0,9.2263,1.5771,1]},
{"frame":36,"values":[1,0.0046,0.0053,0,-0.0046,0.9999,0.0146,0,-0.0053,-0.0146,0.9999,0,0,9.2263,1.5771,1]},
{"frame":37,"values":[1,0.0047,0.005,0,-0.0048,0.9999,0.0135,0,-0.005,-0.0135,0.9999,0,0,9.2263,1.5771,1]},
{"frame":38,"values":[1,0.0048,0.0049,0,-0.0049,0.9999,0.0125,0,-0.0049,-0.0125,0.9999,0,0,9.2263,1.5771,1]},
{"frame":39,"values":[1,0.005,0.005,0,-0.0051,0.9999,0.0118,0,-0.005,-0.0118,0.9999,0,0,9.2263,1.5771,1]},
{"frame":40,"values":[1,0.0052,0.0053,0,-0.0053,0.9999,0.0116,0,-0.0052,-0.0116,0.9999,0,0,9.2263,1.5771,1]},
{"frame":41,"values":[1,0.0055,0.0056,0,-0.0056,0.9999,0.0117,0,-0.0055,-0.0118,0.9999,0,0,9.2263,1.5771,1]},
{"frame":42,"values":[1,0.0058,0.0058,0,-0.0059,0.9999,0.0119,0,-0.0057,-0.012,0.9999,0,0,9.2263,1.5771,1]},
{"frame":43,"values":[1,0.0061,0.006,0,-0.0062,0.9999,0.0122,0,-0.0059,-0.0122,0.9999,0,0,9.2263,1.5771,1]},
{"frame":44,"values":[1,0.0063,0.0061,0,-0.0064,0.9999,0.0125,0,-0.006,-0.0126,0.9999,0,0,9.2263,1.5771,1]},
{"frame":45,"values":[1,0.0066,0.0062,0,-0.0067,0.9999,0.013,0,-0.0061,-0.013,0.9999,0,0,9.2263,1.5771,1]},
{"frame":46,"values":[1,0.0069,0.0062,0,-0.0069,0.9999,0.0135,0,-0.0061,-0.0136,0.9999,0,0,9.2263,1.5771,1]},
{"frame":47,"values":[1,0.0071,0.0061,0,-0.0072,0.9999,0.0142,0,-0.006,-0.0142,0.9999,0,0,9.2263,1.5771,1]},
{"frame":48,"values":[1,0.0072,0.0058,0,-0.0073,0.9999,0.0149,0,-0.0057,-0.0149,0.9999,0,0,9.2263,1.5771,1]},
{"frame":49,"values":[1,0.0072,0.0056,0,-0.0073,0.9998,0.0158,0,-0.0055,-0.0158,0.9999,0,0,9.2263,1.5771,1]},
{"frame":50,"values":[1,0.0072,0.0054,0,-0.0073,0.9998,0.0168,0,-0.0053,-0.0168,0.9998,0,0,9.2263,1.5771,1]},
{"frame":51,"values":[1,0.0074,0.0055,0,-0.0074,0.9998,0.0178,0,-0.0054,-0.0179,0.9998,0,0,9.2263,1.5771,1]},
{"frame":52,"values":[1,0.0076,0.0058,0,-0.0077,0.9998,0.0188,0,-0.0057,-0.0189,0.9998,0,0,9.2263,1.5771,1]},
{"frame":53,"values":[1,0.0078,0.0062,0,-0.0079,0.9998,0.0197,0,-0.0061,-0.0198,0.9998,0,0,9.2263,1.5771,1]},
{"frame":54,"values":[0.9999,0.0078,0.0065,0,-0.0079,0.9998,0.0206,0,-0.0063,-0.0207,0.9998,0,0,9.2263,1.5771,1]},
{"frame":55,"values":[0.9999,0.0077,0.0067,0,-0.0078,0.9997,0.0215,0,-0.0065,-0.0215,0.9997,0,0,9.2263,1.5771,1]},
{"frame":56,"values":[0.9999,0.0075,0.0067,0,-0.0077,0.9997,0.0222,0,-0.0065,-0.0223,0.9997,0,0,9.2263,1.5771,1]},
{"frame":57,"values":[1,0.0073,0.0067,0,-0.0075,0.9997,0.0228,0,-0.0065,-0.0229,0.9997,0,0,9.2263,1.5771,1]},
{"frame":58,"values":[1,0.0071,0.0066,0,-0.0073,0.9997,0.0232,0,-0.0064,-0.0232,0.9997,0,0,9.2263,1.5771,1]},
{"frame":59,"values":[1,0.007,0.0064,0,-0.0071,0.9997,0.0233,0,-0.0063,-0.0233,0.9997,0,0,9.2263,1.5771,1]},
{"frame":60,"values":[1,0.0068,0.0063,0,-0.0069,0.9997,0.0231,0,-0.0061,-0.0231,0.9997,0,0,9.2263,1.5771,1]},
