{"producer":{"name":"Blender","version":"2.90.0","exporter_version":"6.4.4","file":"kachujin_idle.babylon"},
"autoClear":true,"clearColor":[0.0509,0.0509,0.0509],"gravity":[0,-9.81,0],
"materials":[{"name":"kachujin_MAT","id":"kachujin_MAT","customType":"BABYLON.PBRMaterial","backFaceCulling":true,"checkReadyOnlyOnce":false,"maxSimultaneousLights":4,"environmentIntensity":1,"roughness":0.5528,"alpha":1,"transparencyMode":0,"alphaCutOff":0.4,"metallic":0.5, 
"albedoTexture":{"name":"Kachujin_diffuse.png","level":1,"hasAlpha":true,"coordinatesMode":0,"uOffset":0,"vOffset":0,"uScale":1,"vScale":1,"uAng":0,"vAng":0,"wAng":0,"wrapU":1,"wrapV":1,"coordinatesIndex":0},"useAlphaFromAlbedoTexture":true, 
"reflectivityTexture":{"name":"Kachujin_specular.jpg","level":1,"hasAlpha":false,"coordinatesMode":0,"uOffset":0,"vOffset":0,"uScale":1,"vScale":1,"uAng":0,"vAng":0,"wAng":0,"wrapU":1,"wrapV":1,"coordinatesIndex":0}, 
"bumpTexture":{"name":"Kachujin_normal.jpg","level":1,"hasAlpha":false,"coordinatesMode":0,"uOffset":0,"vOffset":0,"uScale":1,"vScale":1,"uAng":0,"vAng":0,"wAng":0,"wrapU":1,"wrapV":1,"coordinatesIndex":0}}],
"multiMaterials":[],
"skeletons":[{"name":"Armature","id":0,"dimensionsAtRest":[192.1939,226.9931,30.7138],"bones":[
{"name":"Hips","index":0,"matrix":[0.9956,-0.0459,-0.082,0,0.0468,0.9989,0.0098,0,-0.0814,0.0136,-0.9966,0,5.9828,112.8759,-1.0177,1],"rest":[1,0,0,0,0,1,0,0,0,0,-1,0,0.0421,114.0532,-0.3112,1],"parentBoneIndex":-1,"length":12.7599
,"animation":{"dataType":3,"framePerSecond":24,"keys":[
{"frame":1,"values":[0.9956,-0.0459,-0.082,0,0.0468,0.9989,0.0098,0,-0.0814,0.0136,-0.9966,0,5.9828,112.8759,-1.0177,1]},
{"frame":2,"values":[0.9955,-0.0457,-0.0825,0,0.0466,0.9989,0.0097,0,-0.082,0.0135,-0.9965,0,5.9861,112.8755,-1.0133,1]},
{"frame":3,"values":[0.9955,-0.0456,-0.0829,0,0.0466,0.9989,0.0096,0,-0.0824,0.0134,-0.9965,0,5.9888,112.8751,-1.0131,1]},
{"frame":4,"values":[0.9955,-0.0456,-0.083,0,0.0466,0.9989,0.0096,0,-0.0825,0.0134,-0.9965,0,5.9927,112.8746,-1.0133,1]},
{"frame":5,"values":[0.9955,-0.0456,-0.083,0,0.0466,0.9989,0.0095,0,-0.0825,0.0133,-0.9965,0,5.998,112.8742,-1.0138,1]},
{"frame":6,"values":[0.9955,-0.0456,-0.0831,0,0.0465,0.9989,0.0093,0,-0.0826,0.0131,-0.9965,0,6.0047,112.8737,-1.0149,1]},
{"frame":7,"values":[0.9955,-0.0456,-0.0831,0,0.0465,0.9989,0.0093,0,-0.0826,0.0131,-0.9965,0,6.0128,112.873,-1.017,1]},
{"frame":8,"values":[0.9955,-0.0456,-0.0833,0,0.0465,0.9989,0.0094,0,-0.0828,0.0132,-0.9965,0,6.0223,112.8722,-1.0199,1]},
{"frame":9,"values":[0.9955,-0.0457,-0.0834,0,0.0467,0.9989,0.0094,0,-0.0829,0.0132,-0.9965,0,6.0329,112.8713,-1.0233,1]},
{"frame":10,"values":[0.9955,-0.0459,-0.0832,0,0.0469,0.9989,0.0095,0,-0.0826,0.0133,-0.9965,0,6.0437,112.8703,-1.0338,1]},
{"frame":11,"values":[0.9955,-0.0463,-0.0826,0,0.0472,0.9988,0.0098,0,-0.082,0.0136,-0.9965,0,6.0546,112.8693,-1.0439,1]},
{"frame":12,"values":[0.9955,-0.0466,-0.0822,0,0.0475,0.9988,0.01,0,-0.0816,0.0139,-0.9966,0,6.0673,112.8683,-1.0531,1]},
{"frame":13,"values":[0.9955,-0.0468,-0.0821,0,0.0478,0.9988,0.0101,0,-0.0815,0.014,-0.9966,0,6.083,112.8675,-1.0641,1]},
{"frame":14,"values":[0.9955,-0.0468,-0.0823,0,0.0478,0.9988,0.0101,0,-0.0818,0.014,-0.9966,0,6.1022,112.8667,-1.0797,1]},
{"frame":15,"values":[0.9955,-0.0467,-0.0829,0,0.0477,0.9988,0.0102,0,-0.0824,0.0141,-0.9965,0,6.1244,112.8659,-1.1018,1]},
{"frame":16,"values":[0.9954,-0.0466,-0.0839,0,0.0476,0.9988,0.0102,0,-0.0833,0.0141,-0.9964,0,6.1485,112.8652,-1.1283,1]},
{"frame":17,"values":[0.9953,-0.0466,-0.0853,0,0.0477,0.9988,0.0103,0,-0.0847,0.0143,-0.9963,0,6.1729,112.8644,-1.1499,1]},
{"frame":18,"values":[0.9951,-0.0469,-0.0874,0,0.048,0.9988,0.0106,0,-0.0868,0.0148,-0.9961,0,6.1975,112.8637,-1.1548,1]},
{"frame":19,"values":[0.9948,-0.0473,-0.0899,0,0.0485,0.9988,0.0109,0,-0.0893,0.0152,-0.9959,0,6.2227,112.8631,-1.1606,1]},
{"frame":20,"values":[0.9946,-0.0478,-0.0921,0,0.049,0.9987,0.011,0,-0.0914,0.0155,-0.9957,0,6.2477,112.8628,-1.1654,1]},
{"frame":21,"values":[0.9944,-0.0485,-0.0934,0,0.0497,0.9987,0.0109,0,-0.0927,0.0155,-0.9956,0,6.2716,112.863,-1.1685,1]},
{"frame":22,"values":[0.9944,-0.0492,-0.0938,0,0.0504,0.9987,0.011,0,-0.0931,0.0156,-0.9955,0,6.2943,112.8634,-1.1697,1]},
{"frame":23,"values":[0.9944,-0.0499,-0.0936,0,0.0511,0.9986,0.0112,0,-0.093,0.0159,-0.9955,0,6.3159,112.8641,-1.1686,1]},
{"frame":24,"values":[0.9944,-0.0504,-0.0932,0,0.0517,0.9986,0.0114,0,-0.0925,0.0162,-0.9956,0,6.3367,112.8649,-1.1647,1]},
{"frame":25,"values":[0.9944,-0.0509,-0.0928,0,0.0522,0.9986,0.0117,0,-0.092,0.0164,-0.9956,0,6.3565,112.866,-1.1581,1]},
{"frame":26,"values":[0.9944,-0.0516,-0.0923,0,0.0529,0.9985,0.0118,0,-0.0916,0.0166,-0.9957,0,6.3746,112.8669,-1.1489,1]},
{"frame":27,"values":[0.9944,-0.0524,-0.0919,0,0.0537,0.9985,0.0118,0,-0.0911,0.0167,-0.9957,0,6.391,112.8678,-1.1368,1]},
{"frame":28,"values":[0.9944,-0.0532,-0.0915,0,0.0545,0.9984,0.0117,0,-0.0907,0.0167,-0.9957,0,6.4061,112.8688,-1.122,1]},
{"frame":29,"values":[0.9944,-0.0539,-0.0911,0,0.0552,0.9984,0.0118,0,-0.0904,0.0167,-0.9958,0,6.4196,112.8699,-1.1055,1]},
{"frame":30,"values":[0.9944,-0.0544,-0.0908,0,0.0557,0.9984,0.0118,0,-0.09,0.0168,-0.9958,0,6.4314,112.8712,-1.0876,1]},
{"frame":31,"values":[0.9944,-0.0548,-0.0903,0,0.0561,0.9984,0.0119,0,-0.0895,0.0169,-0.9958,0,6.4414,112.8724,-1.0686,1]},
{"frame":32,"values":[0.9944,-0.0551,-0.09,0,0.0564,0.9983,0.0119,0,-0.0892,0.0169,-0.9959,0,6.4495,112.8734,-1.049,1]},
{"frame":33,"values":[0.9944,-0.0552,-0.0902,0,0.0565,0.9983,0.0119,0,-0.0894,0.0169,-0.9959,0,6.4568,112.8744,-1.0288,1]},
{"frame":34,"values":[0.9943,-0.0552,-0.0908,0,0.0565,0.9983,0.0119,0,-0.09,0.0169,-0.9958,0,6.4642,112.8752,-1.0079,1]},
{"frame":35,"values":[0.9943,-0.055,-0.0917,0,0.0563,0.9983,0.0118,0,-0.0909,0.0169,-0.9957,0,6.4692,112.8762,-0.9862,1]},
{"frame":36,"values":[0.9942,-0.0547,-0.0929,0,0.0561,0.9984,0.0117,0,-0.0921,0.0168,-0.9956,0,6.4775,112.8771,-0.9637,1]},
{"frame":37,"values":[0.994,-0.0545,-0.0948,0,0.0558,0.9984,0.0115,0,-0.094,0.0167,-0.9954,0,6.4848,112.878,-0.9403,1]},
{"frame":38,"values":[0.9938,-0.0542,-0.0971,0,0.0556,0.9984,0.0113,0,-0.0963,0.0167,-0.9952,0,6.4873,112.8788,-0.9162,1]},
{"frame":39,"values":[0.9936,-0.0541,-0.0988,0,0.0555,0.9984,0.0113,0,-0.098,0.0167,-0.995,0,6.4896,112.8793,-0.8918,1]},
{"frame":40,"values":[0.9936,-0.0541,-0.0992,0,0.0556,0.9984,0.0116,0,-0.0984,0.017,-0.995,0,6.4888,112.8793,-0.8672,1]},
{"frame":41,"values":[0.9936,-0.0543,-0.0991,0,0.0557,0.9984,0.0119,0,-0.0983,0.0173,-0.995,0,6.4863,112.879,-0.8424,1]},
{"frame":42,"values":[0.9936,-0.0544,-0.0993,0,0.0559,0.9984,0.0121,0,-0.0985,0.0176,-0.995,0,6.4835,112.8786,-0.8172,1]},
{"frame":43,"values":[0.9935,-0.0544,-0.0996,0,0.0559,0.9984,0.0124,0,-0.0987,0.0179,-0.995,0,6.4803,112.8782,-0.7918,1]},
{"frame":44,"values":[0.9935,-0.0545,-0.0996,0,0.056,0.9983,0.0127,0,-0.0988,0.0182,-0.9949,0,6.4762,112.8778,-0.7666,1]},
{"frame":45,"values":[0.9935,-0.0546,-0.0996,0,0.0561,0.9983,0.013,0,-0.0988,0.0185,-0.9949,0,6.4714,112.8773,-0.7416,1]},
{"frame":46,"values":[0.9935,-0.0545,-0.0999,0,0.0561,0.9983,0.0131,0,-0.099,0.0186,-0.9949,0,6.4667,112.8771,-0.7166,1]},
{"frame":47,"values":[0.9935,-0.0543,-0.1001,0,0.0559,0.9983,0.0131,0,-0.0992,0.0186,-0.9949,0,6.4616,112.8768,-0.6917,1]},
{"frame":48,"values":[0.9935,-0.0544,-0.0996,0,0.056,0.9983,0.0133,0,-0.0987,0.0188,-0.9949,0,6.4547,112.876,-0.6677,1]},
{"frame":49,"values":[0.9936,-0.0549,-0.0985,0,0.0565,0.9983,0.0138,0,-0.0975,0.0193,-0.995,0,6.4457,112.8743,-0.645,1]},
{"frame":50,"values":[0.9937,-0.0553,-0.0974,0,0.057,0.9983,0.0144,0,-0.0965,0.0199,-0.9951,0,6.4368,112.8718,-0.6233,1]},
{"frame":51,"values":[0.9937,-0.0555,-0.0971,0,0.0572,0.9983,0.0148,0,-0.0961,0.0202,-0.9952,0,6.4295,112.8683,-0.6022,1]},
{"frame":52,"values":[0.9937,-0.0556,-0.0971,0,0.0573,0.9982,0.0149,0,-0.0961,0.0204,-0.9952,0,6.4231,112.8639,-0.5815,1]},
{"frame":53,"values":[0.9937,-0.0557,-0.0971,0,0.0574,0.9982,0.0151,0,-0.096,0.0206,-0.9952,0,6.4171,112.8594,-0.5649,1]},
{"frame":54,"values":[0.9937,-0.0557,-0.097,0,0.0575,0.9982,0.0154,0,-0.096,0.0209,-0.9952,0,6.4114,112.8551,-0.5498,1]},
{"frame":55,"values":[0.9937,-0.0557,-0.097,0,0.0575,0.9982,0.0156,0,-0.096,0.0211,-0.9952,0,6.4066,112.8519,-0.5377,1]},
{"frame":56,"values":[0.9937,-0.0556,-0.0971,0,0.0573,0.9982,0.0156,0,-0.0961,0.0211,-0.9952,0,6.4024,112.8505,-0.5333,1]},
{"frame":57,"values":[0.9937,-0.0553,-0.0974,0,0.0571,0.9982,0.0155,0,-0.0964,0.021,-0.9951,0,6.3988,112.8518,-0.536,1]},
{"frame":58,"values":[0.9937,-0.0552,-0.0979,0,0.057,0.9983,0.0155,0,-0.0969,0.021,-0.9951,0,6.3956,112.8556,-0.5431,1]},
{"frame":59,"values":[0.9936,-0.0551,-0.0985,0,0.0569,0.9983,0.0155,0,-0.0975,0.021,-0.995,0,6.3925,112.8608,-0.5513,1]},
{"frame":60,"values":[0.9936,-0.0549,-0.0989,0,0.0567,0.9983,0.0154,0,-0.0979,0.0209,-0.995,0,6.3895,112.8661,-0.559,1]},
{"frame":61,"values":[0.9936,-0.0547,-0.0993,0,0.0565,0.9983,0.0152,0,-0.0983,0.0207,-0.9949,0,6.3867,112.8705,-0.5671,1]},
{"frame":62,"values":[0.9935,-0.0545,-0.0997,0,0.0563,0.9983,0.0149,0,-0.0987,0.0205,-0.9949,0,6.384,112.8728,-0.5748,1]},
{"frame":63,"values":[0.9935,-0.0543,-0.0999,0,0.0561,0.9983,0.0148,0,-0.0989,0.0203,-0.9949,0,6.3813,112.8731,-0.5822,1]},
{"frame":64,"values":[0.9935,-0.0542,-0.0996,0,0.0559,0.9983,0.0147,0,-0.0987,0.0201,-0.9949,0,6.3785,112.8724,-0.5952,1]},
{"frame":65,"values":[0.9936,-0.0541,-0.0991,0,0.0558,0.9983,0.0146,0,-0.0981,0.02,-0.995,0,6.3699,112.8709,-0.614,1]},
{"frame":66,"values":[0.9937,-0.0539,-0.0988,0,0.0556,0.9984,0.0144,0,-0.0978,0.0198,-0.995,0,6.3566,112.8692,-0.6313,1]},
{"frame":67,"values":[0.9937,-0.0535,-0.0989,0,0.0551,0.9984,0.0141,0,-0.0979,0.0195,-0.995,0,6.3437,112.8673,-0.6438,1]},
{"frame":68,"values":[0.9936,-0.053,-0.0993,0,0.0546,0.9984,0.0139,0,-0.0984,0.0192,-0.995,0,6.3311,112.8653,-0.6541,1]},
{"frame":69,"values":[0.9936,-0.0526,-0.0998,0,0.0543,0.9984,0.0137,0,-0.0989,0.0191,-0.9949,0,6.3182,112.8629,-0.6665,1]},
{"frame":70,"values":[0.9936,-0.0524,-0.1001,0,0.054,0.9984,0.0136,0,-0.0993,0.019,-0.9949,0,6.3045,112.86,-0.6836,1]},
{"frame":71,"values":[0.9936,-0.0523,-0.1001,0,0.0539,0.9985,0.0134,0,-0.0992,0.0187,-0.9949,0,6.2896,112.8571,-0.7028,1]},
{"frame":72,"values":[0.9936,-0.0521,-0.1,0,0.0537,0.9985,0.0129,0,-0.0992,0.0182,-0.9949,0,6.2742,112.8548,-0.7175,1]},
{"frame":73,"values":[0.9936,-0.052,-0.0999,0,0.0534,0.9985,0.0121,0,-0.0991,0.0174,-0.9949,0,6.2594,112.8526,-0.7281,1]},
{"frame":74,"values":[0.9937,-0.0518,-0.0997,0,0.0532,0.9985,0.0111,0,-0.099,0.0164,-0.995,0,6.2448,112.8501,-0.7491,1]},
{"frame":75,"values":[0.9937,-0.0517,-0.0991,0,0.053,0.9985,0.0099,0,-0.0984,0.0151,-0.995,0,6.2298,112.8478,-0.792,1]},
{"frame":76,"values":[0.9938,-0.0516,-0.0986,0,0.0528,0.9986,0.0087,0,-0.098,0.0139,-0.9951,0,6.2149,112.8461,-0.8453,1]},
{"frame":77,"values":[0.9938,-0.0516,-0.0984,0,0.0527,0.9986,0.008,0,-0.0978,0.0132,-0.9951,0,6.2003,112.8456,-0.8902,1]},
{"frame":78,"values":[0.9938,-0.0519,-0.098,0,0.0529,0.9986,0.008,0,-0.0974,0.0131,-0.9952,0,6.1851,112.8468,-0.9299,1]},
{"frame":79,"values":[0.9939,-0.0521,-0.0973,0,0.0532,0.9986,0.0081,0,-0.0967,0.0132,-0.9952,0,6.1694,112.8499,-0.9698,1]},
{"frame":80,"values":[0.9939,-0.0522,-0.0967,0,0.0532,0.9986,0.008,0,-0.0961,0.0131,-0.9953,0,6.1544,112.8542,-1.0037,1]},
{"frame":81,"values":[0.994,-0.0521,-0.0962,0,0.053,0.9986,0.0076,0,-0.0957,0.0127,-0.9953,0,6.1398,112.8585,-1.0321,1]},
{"frame":82,"values":[0.9941,-0.052,-0.0957,0,0.0529,0.9986,0.0072,0,-0.0951,0.0122,-0.9954,0,6.1248,112.8628,-1.0582,1]},
{"frame":83,"values":[0.9941,-0.052,-0.0947,0,0.0529,0.9986,0.0071,0,-0.0942,0.012,-0.9955,0,6.1087,112.8673,-1.0829,1]},
{"frame":84,"values":[0.9943,-0.052,-0.0934,0,0.0529,0.9986,0.0071,0,-0.0929,0.012,-0.9956,0,6.0917,112.8717,-1.11,1]},
{"frame":85,"values":[0.9944,-0.052,-0.0921,0,0.0529,0.9986,0.007,0,-0.0916,0.0119,-0.9957,0,6.0744,112.8754,-1.1387,1]},
{"frame":86,"values":[0.9945,-0.0519,-0.0909,0,0.0528,0.9986,0.0067,0,-0.0904,0.0115,-0.9958,0,6.0571,112.8779,-1.1612,1]},
{"frame":87,"values":[0.9946,-0.0519,-0.0898,0,0.0526,0.9986,0.0063,0,-0.0894,0.011,-0.9959,0,6.0398,112.8798,-1.177,1]},
{"frame":88,"values":[0.9947,-0.0518,-0.0889,0,0.0525,0.9986,0.0057,0,-0.0884,0.0104,-0.996,0,6.0227,112.8816,-1.1924,1]},
{"frame":89,"values":[0.9948,-0.0517,-0.0882,0,0.0524,0.9986,0.0051,0,-0.0878,0.0097,-0.9961,0,6.0061,112.8834,-1.2082,1]},
{"frame":90,"values":[0.9948,-0.0516,-0.0879,0,0.0522,0.9986,0.0045,0,-0.0875,0.009,-0.9961,0,5.9901,112.8851,-1.2206,1]},
{"frame":91,"values":[0.9948,-0.0514,-0.0877,0,0.052,0.9986,0.0038,0,-0.0874,0.0084,-0.9961,0,5.9746,112.8865,-1.2318,1]},
{"frame":92,"values":[0.9949,-0.0512,-0.0874,0,0.0517,0.9987,0.0034,0,-0.0871,0.0079,-0.9962,0,5.9597,112.8876,-1.2465,1]},
{"frame":93,"values":[0.9949,-0.0509,-0.0866,0,0.0514,0.9987,0.0031,0,-0.0863,0.0076,-0.9962,0,5.936,112.8883,-1.2638,1]},
{"frame":94,"values":[0.9951,-0.0505,-0.0854,0,0.0509,0.9987,0.0031,0,-0.0851,0.0075,-0.9963,0,5.912,112.8885,-1.2799,1]},
{"frame":95,"values":[0.9952,-0.0499,-0.0839,0,0.0503,0.9987,0.0033,0,-0.0836,0.0075,-0.9965,0,5.8869,112.8884,-1.2985,1]},
{"frame":96,"values":[0.9954,-0.0492,-0.0824,0,0.0497,0.9988,0.0035,0,-0.0821,0.0076,-0.9966,0,5.8553,112.8883,-1.3248,1]},
{"frame":97,"values":[0.9955,-0.0486,-0.0815,0,0.0491,0.9988,0.0036,0,-0.0813,0.0076,-0.9967,0,5.8134,112.8881,-1.3524,1]},
{"frame":98,"values":[0.9955,-0.0481,-0.0816,0,0.0486,0.9988,0.0036,0,-0.0814,0.0075,-0.9967,0,5.7611,112.8875,-1.375,1]},
{"frame":99,"values":[0.9955,-0.0476,-0.0819,0,0.0481,0.9988,0.0036,0,-0.0816,0.0075,-0.9966,0,5.6984,112.8862,-1.4023,1]},
{"frame":100,"values":[0.9955,-0.0471,-0.0817,0,0.0476,0.9989,0.0035,0,-0.0814,0.0074,-0.9967,0,5.6277,112.8847,-1.4395,1]},
{"frame":101,"values":[0.9956,-0.0469,-0.0811,0,0.0473,0.9989,0.0037,0,-0.0809,0.0075,-0.9967,0,5.5555,112.8831,-1.4721,1]},
{"frame":102,"values":[0.9956,-0.0469,-0.0808,0,0.0473,0.9989,0.004,0,-0.0805,0.0078,-0.9967,0,5.4878,112.8816,-1.4904,1]},
{"frame":103,"values":[0.9956,-0.0468,-0.0807,0,0.0473,0.9989,0.0041,0,-0.0804,0.0079,-0.9967,0,5.4271,112.8807,-1.5032,1]},
{"frame":104,"values":[0.9956,-0.0466,-0.0808,0,0.0471,0.9989,0.004,0,-0.0805,0.0078,-0.9967,0,5.3744,112.8805,-1.5167,1]},
{"frame":105,"values":[0.9957,-0.0463,-0.0808,0,0.0468,0.9989,0.0039,0,-0.0806,0.0076,-0.9967,0,5.3301,112.8809,-1.5285,1]},
{"frame":106,"values":[0.9957,-0.046,-0.081,0,0.0465,0.9989,0.0038,0,-0.0807,0.0075,-0.9967,0,5.2975,112.8817,-1.5332,1]},
{"frame":107,"values":[0.9956,-0.0458,-0.0814,0,0.0462,0.9989,0.0037,0,-0.0811,0.0075,-0.9967,0,5.2807,112.8829,-1.5289,1]},
{"frame":108,"values":[0.9956,-0.0455,-0.082,0,0.0459,0.9989,0.0035,0,-0.0817,0.0072,-0.9966,0,5.2804,112.8847,-1.5204,1]},
{"frame":109,"values":[0.9956,-0.045,-0.0825,0,0.0455,0.999,0.0032,0,-0.0823,0.0069,-0.9966,0,5.2872,112.8869,-1.5109,1]},
{"frame":110,"values":[0.9956,-0.0447,-0.0828,0,0.0451,0.999,0.003,0,-0.0826,0.0067,-0.9966,0,5.2965,112.8902,-1.4968,1]},
{"frame":111,"values":[0.9956,-0.0443,-0.0828,0,0.0447,0.999,0.003,0,-0.0826,0.0067,-0.9966,0,5.3084,112.8945,-1.4776,1]},
{"frame":112,"values":[0.9956,-0.0441,-0.0825,0,0.0445,0.999,0.0031,0,-0.0823,0.0068,-0.9966,0,5.3226,112.8984,-1.4556,1]},
{"frame":113,"values":[0.9957,-0.044,-0.0821,0,0.0444,0.999,0.0033,0,-0.0818,0.0069,-0.9966,0,5.3392,112.9009,-1.4309,1]},
{"frame":114,"values":[0.9957,-0.0438,-0.0816,0,0.0443,0.999,0.0035,0,-0.0814,0.0071,-0.9967,0,5.3581,112.9029,-1.4067,1]},
{"frame":115,"values":[0.9957,-0.0438,-0.0813,0,0.0443,0.999,0.0038,0,-0.081,0.0074,-0.9967,0,5.3789,112.904,-1.3836,1]},
{"frame":116,"values":[0.9957,-0.0441,-0.0813,0,0.0445,0.999,0.0041,0,-0.081,0.0077,-0.9967,0,5.4005,112.9042,-1.3568,1]},
{"frame":117,"values":[0.9957,-0.0445,-0.0814,0,0.045,0.999,0.0044,0,-0.0811,0.008,-0.9967,0,5.4232,112.9044,-1.328,1]},
{"frame":118,"values":[0.9957,-0.0449,-0.0816,0,0.0454,0.999,0.0046,0,-0.0813,0.0083,-0.9967,0,5.4483,112.9045,-1.2991,1]},
{"frame":119,"values":[0.9956,-0.0451,-0.0822,0,0.0456,0.9989,0.0048,0,-0.0819,0.0086,-0.9966,0,5.4767,112.9046,-1.2642,1]},
{"frame":120,"values":[0.9956,-0.0452,-0.0827,0,0.0457,0.9989,0.0051,0,-0.0824,0.0089,-0.9966,0,5.5073,112.9048,-1.2226,1]},
{"frame":121,"values":[0.9955,-0.0453,-0.0828,0,0.0459,0.9989,0.0055,0,-0.0824,0.0093,-0.9966,0,5.5386,112.9046,-1.1768,1]},
{"frame":122,"values":[0.9956,-0.0455,-0.0823,0,0.0461,0.9989,0.0061,0,-0.0819,0.0099,-0.9966,0,5.5702,112.9043,-1.1287,1]},
{"frame":123,"values":[0.9956,-0.0456,-0.0818,0,0.0463,0.9989,0.0067,0,-0.0814,0.0104,-0.9966,0,5.6024,112.9041,-1.0851,1]},
{"frame":124,"values":[0.9956,-0.0456,-0.0816,0,0.0463,0.9989,0.0071,0,-0.0812,0.0108,-0.9966,0,5.6355,112.904,-1.0515,1]},
{"frame":125,"values":[0.9956,-0.0454,-0.0817,0,0.0462,0.9989,0.0074,0,-0.0813,0.0111,-0.9966,0,5.6686,112.904,-1.0252,1]},
{"frame":126,"values":[0.9957,-0.0453,-0.0813,0,0.0461,0.9989,0.0077,0,-0.0808,0.0114,-0.9967,0,5.7002,112.9038,-1.0029,1]},
{"frame":127,"values":[0.9957,-0.0452,-0.0804,0,0.046,0.9989,0.008,0,-0.0799,0.0117,-0.9967,0,5.7302,112.9036,-0.9847,1]},
{"frame":128,"values":[0.9958,-0.0451,-0.0794,0,0.0459,0.9989,0.0083,0,-0.0789,0.0119,-0.9968,0,5.7589,112.9031,-0.9702,1]},
{"frame":129,"values":[0.9959,-0.045,-0.0786,0,0.0458,0.9989,0.0085,0,-0.0781,0.0121,-0.9969,0,5.7858,112.9027,-0.9589,1]},
{"frame":130,"values":[0.9959,-0.0451,-0.0779,0,0.0459,0.9989,0.0088,0,-0.0774,0.0124,-0.9969,0,5.8105,112.9019,-0.9526,1]},
{"frame":131,"values":[0.996,-0.0451,-0.0774,0,0.046,0.9989,0.0092,0,-0.0769,0.0127,-0.997,0,5.8334,112.901,-0.9514,1]},
{"frame":132,"values":[0.996,-0.0452,-0.0771,0,0.046,0.9989,0.0096,0,-0.0766,0.0131,-0.997,0,5.8551,112.8999,-0.9509,1]},
{"frame":133,"values":[0.996,-0.0451,-0.0771,0,0.046,0.9989,0.0099,0,-0.0766,0.0134,-0.997,0,5.8754,112.8987,-0.9483,1]},
{"frame":134,"values":[0.996,-0.0451,-0.0772,0,0.046,0.9989,0.0101,0,-0.0766,0.0136,-0.997,0,5.894,112.8975,-0.944,1]},
{"frame":135,"values":[0.996,-0.0451,-0.0774,0,0.046,0.9989,0.0101,0,-0.0768,0.0136,-0.997,0,5.9113,112.8963,-0.9385,1]},
{"frame":136,"values":[0.996,-0.045,-0.0778,0,0.0459,0.9989,0.0099,0,-0.0773,0.0134,-0.9969,0,5.927,112.8951,-0.9326,1]},
{"frame":137,"values":[0.9959,-0.0449,-0.0785,0,0.0458,0.9989,0.0096,0,-0.078,0.0132,-0.9969,0,5.9409,112.8938,-0.929,1]},
{"frame":138,"values":[0.9958,-0.045,-0.0791,0,0.0459,0.9989,0.0095,0,-0.0786,0.0131,-0.9968,0,5.9521,112.892,-0.9322,1]},
{"frame":139,"values":[0.9958,-0.0452,-0.0796,0,0.0461,0.9989,0.0094,0,-0.079,0.0131,-0.9968,0,5.9608,112.8899,-0.9432,1]},
{"frame":140,"values":[0.9958,-0.0453,-0.0799,0,0.0462,0.9989,0.0094,0,-0.0794,0.0131,-0.9968,0,5.9675,112.8877,-0.9589,1]},
{"frame":141,"values":[0.9957,-0.0454,-0.0803,0,0.0463,0.9989,0.0095,0,-0.0798,0.0131,-0.9967,0,5.9726,112.8855,-0.977,1]},
{"frame":142,"values":[0.9957,-0.0456,-0.0807,0,0.0465,0.9989,0.0096,0,-0.0802,0.0133,-0.9967,0,5.9762,112.883,-0.9952,1]},
{"frame":143,"values":[0.9956,-0.0457,-0.0812,0,0.0467,0.9989,0.0098,0,-0.0807,0.0135,-0.9966,0,5.9788,112.8804,-1.0088,1]},
{"frame":144,"values":[0.9956,-0.0459,-0.0817,0,0.0469,0.9989,0.0099,0,-0.0812,0.0137,-0.9966,0,5.9805,112.8779,-1.0151,1]},
{"frame":145,"values":[0.9956,-0.0459,-0.082,0,0.0468,0.9989,0.0098,0,-0.0814,0.0136,-0.9966,0,5.9828,112.8759,-1.0177,1]}],"loopBehavior":1,"name":"anim","property":"_matrix"}},
{"name":"Spine","index":1,"matrix":[0.9996,0.0262,-0.0121,0,-0.0259,0.9994,0.0214,0,0.0127,-0.0211,0.9997,0,-0.0057,10.8958,-1.2787,1],"rest":[1,0,0,0,0,1,0,0,0,0,1,0,-0.0057,10.8958,-1.2787,1],"parentBoneIndex":0,"length":12.7989
,"animation":{"dataType":3,"framePerSecond":24,"keys":[
{"frame":1,"values":[0.9996,0.0262,-0.0121,0,-0.0259,0.9994,0.0214,0,0.0127,-0.0211,0.9997,0,-0.0057,10.8958,-1.2787,1]},
{"frame":2,"values":[0.9996,0.0262,-0.0122,0,-0.0259,0.9994,0.0214,0,0.0127,-0.0211,0.9997,0,-0.0057,10.8958,-1.2787,1]},
{"frame":3,"values":[0.9996,0.0262,-0.0122,0,-0.0259,0.9994,0.0214,0,0.0127,-0.021,0.9997,0,-0.0057,10.8958,-1.2787,1]},
{"frame":4,"values":[0.9996,0.0261,-0.0122,0,-0.0259,0.9994,0.0213,0,0.0127,-0.021,0.9997,0,-0.0057,10.8958,-1.2787,1]},
{"frame":5,"values":[0.9996,0.0261,-0.0122,0,-0.0259,0.9994,0.0212,0,0.0127,-0.0209,0.9997,0,-0.0057,10.8958,-1.2787,1]},
{"frame":6,"values":[0.9996,0.0261,-0.0121,0,-0.0259,0.9994,0.0211,0,0.0127,-0.0208,0.9997,0,-0.0057,10.8958,-1.2787,1]},
{"frame":7,"values":[0.9996,0.0261,-0.0121,0,-0.0258,0.9994,0.021,0,0.0127,-0.0207,0.9997,0,-0.0057,10.8958,-1.2787,1]},
{"frame":8,"values":[0.9996,0.0261,-0.0121,0,-0.0258,0.9994,0.0209,0,0.0126,-0.0205,0.9997,0,-0.0057,10.8958,-1.2787,1]},
{"frame":9,"values":[0.9996,0.0261,-0.012,0,-0.0258,0.9995,0.0207,0,0.0126,-0.0204,0.9997,0,-0.0057,10.8958,-1.2787,1]},
{"frame":10,"values":[0.9996,0.0261,-0.0119,0,-0.0258,0.9995,0.0205,0,0.0125,-0.0202,0.9997,0,-0.0057,10.8958,-1.2787,1]},
{"frame":11,"values":[0.9996,0.0261,-0.0118,0,-0.0258,0.9995,0.0203,0,0.0123,-0.02,0.9997,0,-0.0057,10.8958,-1.2787,1]},
{"frame":12,"values":[0.9996,0.0261,-0.0116,0,-0.0258,0.9995,0.0201,0,0.0121,-0.0198,0.9997,0,-0.0057,10.8958,-1.2787,1]},
{"frame":13,"values":[0.9996,0.0261,-0.0114,0,-0.0258,0.9995,0.0199,0,0.012,-0.0196,0.9997,0,-0.0057,10.8958,-1.2787,1]},
{"frame":14,"values":[0.9996,0.0261,-0.0112,0,-0.0258,0.9995,0.0197,0,0.0118,-0.0194,0.9997,0,-0.0057,10.8958,-1.2787,1]},
{"frame":15,"values":[0.9996,0.0261,-0.011,0,-0.0258,0.9995,0.0194,0,0.0115,-0.0191,0.9998,0,-0.0057,10.8958,-1.2787,1]},
{"frame":16,"values":[0.9996,0.026,-0.0108,0,-0.0258,0.9995,0.0192,0,0.0113,-0.0189,0.9998,0,-0.0057,10.8958,-1.2787,1]},
{"frame":17,"values":[0.9996,0.0261,-0.0106,0,-0.0258,0.9995,0.019,0,0.0111,-0.0187,0.9998,0,-0.0057,10.8958,-1.2787,1]},
{"frame":18,"values":[0.9996,0.0261,-0.0104,0,-0.0259,0.9995,0.0188,0,0.0109,-0.0186,0.9998,0,-0.0057,10.8958,-1.2787,1]},
{"frame":19,"values":[0.9996,0.0261,-0.0102,0,-0.0259,0.9995,0.0187,0,0.0107,-0.0184,0.9998,0,-0.0057,10.8958,-1.2787,1]},
{"frame":20,"values":[0.9996,0.0262,-0.0101,0,-0.026,0.9995,0.0186,0,0.0106,-0.0183,0.9998,0,-0.0057,10.8957,-1.2787,1]},
{"frame":21,"values":[0.9996,0.0264,-0.0098,0,-0.0262,0.9995,0.0184,0,0.0103,-0.0182,0.9998,0,-0.0057,10.8958,-1.2787,1]},
{"frame":22,"values":[0.9996,0.0265,-0.0095,0,-0.0263,0.9995,0.0183,0,0.01,-0.0181,0.9998,0,-0.0057,10.8958,-1.2787,1]},
{"frame":23,"values":[0.9996,0.0266,-0.0091,0,-0.0265,0.9995,0.0183,0,0.0096,-0.018,0.9998,0,-0.0057,10.8958,-1.2787,1]},
{"frame":24,"values":[0.9996,0.0268,-0.0088,0,-0.0266,0.9995,0.0183,0,0.0093,-0.018,0.9998,0,-0.0057,10.8958,-1.2787,1]},
{"frame":25,"values":[0.9996,0.0269,-0.0085,0,-0.0267,0.9995,0.0182,0,0.009,-0.018,0.9998,0,-0.0057,10.8958,-1.2787,1]},
{"frame":26,"values":[0.9996,0.027,-0.0083,0,-0.0269,0.9995,0.0182,0,0.0088,-0.018,0.9998,0,-0.0057,10.8958,-1.2787,1]},
{"frame":27,"values":[0.9996,0.0272,-0.008,0,-0.0271,0.9995,0.0182,0,0.0085,-0.018,0.9998,0,-0.0057,10.8958,-1.2787,1]},
{"frame":28,"values":[0.9996,0.0274,-0.0078,0,-0.0272,0.9995,0.0182,0,0.0083,-0.018,0.9998,0,-0.0057,10.8958,-1.2787,1]},
{"frame":29,"values":[0.9996,0.0275,-0.0075,0,-0.0274,0.9995,0.0182,0,0.008,-0.018,0.9998,0,-0.0057,10.8958,-1.2787,1]},
{"frame":30,"values":[0.9996,0.0277,-0.0072,0,-0.0275,0.9995,0.0183,0,0.0077,-0.018,0.9998,0,-0.0057,10.8958,-1.2787,1]},
{"frame":31,"values":[0.9996,0.0277,-0.0069,0,-0.0276,0.9995,0.0183,0,0.0074,-0.0181,0.9998,0,-0.0057,10.8958,-1.2787,1]},
{"frame":32,"values":[0.9996,0.0278,-0.0067,0,-0.0276,0.9995,0.0183,0,0.0072,-0.0181,0.9998,0,-0.0057,10.8957,-1.2787,1]},
{"frame":33,"values":[0.9996,0.0278,-0.0065,0,-0.0277,0.9995,0.0182,0,0.007,-0.018,0.9998,0,-0.0057,10.8958,-1.2787,1]},
{"frame":34,"values":[0.9996,0.0278,-0.0064,0,-0.0277,0.9995,0.0182,0,0.0069,-0.018,0.9998,0,-0.0057,10.8958,-1.2787,1]},
{"frame":35,"values":[0.9996,0.0278,-0.0064,0,-0.0277,0.9995,0.0182,0,0.0069,-0.018,0.9998,0,-0.0057,10.8957,-1.2787,1]},
{"frame":36,"values":[0.9996,0.0278,-0.0063,0,-0.0277,0.9995,0.0182,0,0.0068,-0.018,0.9998,0,-0.0057,10.8958,-1.2787,1]},
{"frame":37,"values":[0.9996,0.0277,-0.0064,0,-0.0276,0.9995,0.0182,0,0.0069,-0.0181,0.9998,0,-0.0057,10.8958,-1.2787,1]},
{"frame":38,"values":[0.9996,0.0277,-0.0064,0,-0.0275,0.9995,0.0183,0,0.0069,-0.0182,0.9998,0,-0.0057,10.8958,-1.2787,1]},
{"frame":39,"values":[0.9996,0.0276,-0.0065,0,-0.0275,0.9995,0.0185,0,0.007,-0.0183,0.9998,0,-0.0057,10.8958,-1.2787,1]},
{"frame":40,"values":[0.9996,0.0276,-0.0064,0,-0.0275,0.9994,0.0187,0,0.0069,-0.0185,0.9998,0,-0.0057,10.8958,-1.2787,1]},
{"frame":41,"values":[0.9996,0.0276,-0.0063,0,-0.0275,0.9994,0.0189,0,0.0069,-0.0187,0.9998,0,-0.0057,10.8958,-1.2787,1]},
{"frame":42,"values":[0.9996,0.0276,-0.0063,0,-0.0274,0.9994,0.019,0,0.0068,-0.0189,0.9998,0,-0.0057,10.8958,-1.2787,1]},
{"frame":43,"values":[0.9996,0.0275,-0.0063,0,-0.0274,0.9994,0.0192,0,0.0068,-0.0191,0.9998,0,-0.0057,10.8958,-1.2787,1]},
{"frame":44,"values":[0.9996,0.0275,-0.0063,0,-0.0273,0.9994,0.0194,0,0.0068,-0.0193,0.9998,0,-0.0057,10.8958,-1.2787,1]},
{"frame":45,"values":[0.9996,0.0274,-0.0063,0,-0.0273,0.9994,0.0196,0,0.0068,-0.0194,0.9998,0,-0.0057,10.8958,-1.2787,1]},
{"frame":46,"values":[0.9996,0.0273,-0.0063,0,-0.0272,0.9994,0.0198,0,0.0069,-0.0196,0.9998,0,-0.0057,10.8958,-1.2787,1]},
{"frame":47,"values":[0.9996,0.0272,-0.0064,0,-0.0271,0.9994,0.0199,0,0.0069,-0.0197,0.9998,0,-0.0057,10.8958,-1.2787,1]},
{"frame":48,"values":[0.9996,0.0272,-0.0064,0,-0.0271,0.9994,0.02,0,0.007,-0.0198,0.9998,0,-0.0057,10.8958,-1.2787,1]},
{"frame":49,"values":[0.9996,0.0272,-0.0064,0,-0.0271,0.9994,0.0202,0,0.0069,-0.02,0.9998,0,-0.0057,10.8958,-1.2787,1]},
{"frame":50,"values":[0.9996,0.0273,-0.0063,0,-0.0272,0.9994,0.0204,0,0.0069,-0.0202,0.9998,0,-0.0057,10.8958,-1.2787,1]},
{"frame":51,"values":[0.9996,0.0273,-0.0064,0,-0.0272,0.9994,0.0205,0,0.0069,-0.0204,0.9998,0,-0.0057,10.8958,-1.2787,1]},
{"frame":52,"values":[0.9996,0.0273,-0.0064,0,-0.0272,0.9994,0.0207,0,0.007,-0.0205,0.9998,0,-0.0057,10.8958,-1.2787,1]},
{"frame":53,"values":[0.9996,0.0273,-0.0065,0,-0.0272,0.9994,0.0208,0,0.0071,-0.0206,0.9998,0,-0.0057,10.8957,-1.2787,1]},
{"frame":54,"values":[0.9996,0.0273,-0.0065,0,-0.0272,0.9994,0.0209,0,0.0071,-0.0207,0.9998,0,-0.0057,10.8958,-1.2787,1]},
{"frame":55,"values":[0.9996,0.0274,-0.0065,0,-0.0272,0.9994,0.021,0,0.0071,-0.0209,0.9998,0,-0.0057,10.8958,-1.2787,1]},
{"frame":56,"values":[0.9996,0.0274,-0.0065,0,-0.0272,0.9994,0.0211,0,0.0071,-0.021,0.9998,0,-0.0057,10.8958,-1.2787,1]},
{"frame":57,"values":[0.9996,0.0274,-0.0066,0,-0.0272,0.9994,0.0212,0,0.0072,-0.021,0.9998,0,-0.0057,10.8958,-1.2787,1]},
{"frame":58,"values":[0.9996,0.0274,-0.0067,0,-0.0272,0.9994,0.0213,0,0.0072,-0.0211,0.9998,0,-0.0057,10.8958,-1.2787,1]},
{"frame":59,"values":[0.9996,0.0274,-0.0067,0,-0.0272,0.9994,0.0214,0,0.0073,-0.0212,0.9997,0,-0.0057,10.8958,-1.2787,1]},
{"frame":60,"values":[0.9996,0.0274,-0.0068,0,-0.0272,0.9994,0.0215,0,0.0074,-0.0213,0.9997,0,-0.0057,10.8958,-1.2787,1]},
{"frame":61,"values":[0.9996,0.0274,-0.0068,0,-0.0272,0.9994,0.0216,0,0.0074,-0.0214,0.9997,0,-0.0057,10.8958,-1.2787,1]},
{"frame":62,"values":[0.9996,0.0274,-0.0069,0,-0.0272,0.9994,0.0216,0,0.0075,-0.0214,0.9997,0,-0.0057,10.8958,-1.2787,1]},
{"frame":63,"values":[0.9996,0.0273,-0.007,0,-0.0272,0.9994,0.0216,0,0.0076,-0.0214,0.9997,0,-0.0057,10.8957,-1.2787,1]},
{"frame":64,"values":[0.9996,0.0273,-0.0071,0,-0.0272,0.9994,0.0217,0,0.0076,-0.0215,0.9997,0,-0.0057,10.8958,-1.2787,1]},
{"frame":65,"values":[0.9996,0.0274,-0.0071,0,-0.0272,0.9994,0.0217,0,0.0077,-0.0215,0.9997,0,-0.0057,10.8958,-1.2787,1]},
{"frame":66,"values":[0.9996,0.0273,-0.0071,0,-0.0272,0.9994,0.0217,0,0.0077,-0.0215,0.9997,0,-0.0057,10.8958,-1.2787,1]},
{"frame":67,"values":[0.9996,0.0273,-0.0073,0,-0.0271,0.9994,0.0217,0,0.0078,-0.0215,0.9997,0,-0.0057,10.8958,-1.2787,1]},
{"frame":68,"values":[0.9996,0.0272,-0.0074,0,-0.027,0.9994,0.0217,0,0.008,-0.0215,0.9997,0,-0.0057,10.8958,-1.2787,1]},
{"frame":69,"values":[0.9996,0.0271,-0.0076,0,-0.0269,0.9994,0.0217,0,0.0082,-0.0215,0.9997,0,-0.0057,10.8958,-1.2787,1]},
{"frame":70,"values":[0.9996,0.027,-0.0078,0,-0.0269,0.9994,0.0217,0,0.0084,-0.0215,0.9997,0,-0.0057,10.8958,-1.2787,1]},
{"frame":71,"values":[0.9996,0.027,-0.0079,0,-0.0268,0.9994,0.0217,0,0.0085,-0.0215,0.9997,0,-0.0057,10.8958,-1.2787,1]},
{"frame":72,"values":[0.9996,0.0269,-0.0081,0,-0.0267,0.9994,0.0217,0,0.0086,-0.0215,0.9997,0,-0.0057,10.8958,-1.2787,1]},
{"frame":73,"values":[0.9996,0.0268,-0.0082,0,-0.0267,0.9994,0.0217,0,0.0088,-0.0215,0.9997,0,-0.0057,10.8958,-1.2787,1]},
{"frame":74,"values":[0.9996,0.0268,-0.0083,0,-0.0266,0.9994,0.0216,0,0.0089,-0.0214,0.9997,0,-0.0057,10.8958,-1.2787,1]},
{"frame":75,"values":[0.9996,0.0268,-0.0083,0,-0.0266,0.9994,0.0215,0,0.0089,-0.0213,0.9997,0,-0.0057,10.8958,-1.2787,1]},
{"frame":76,"values":[0.9996,0.0268,-0.0083,0,-0.0266,0.9994,0.0214,0,0.0089,-0.0211,0.9997,0,-0.0057,10.8958,-1.2787,1]},
{"frame":77,"values":[0.9996,0.0268,-0.0084,0,-0.0266,0.9994,0.0213,0,0.0089,-0.021,0.9997,0,-0.0057,10.8958,-1.2787,1]},
{"frame":78,"values":[0.9996,0.0269,-0.0084,0,-0.0267,0.9994,0.0212,0,0.009,-0.021,0.9997,0,-0.0057,10.8958,-1.2787,1]},
{"frame":79,"values":[0.9996,0.027,-0.0084,0,-0.0268,0.9994,0.0212,0,0.0089,-0.021,0.9997,0,-0.0057,10.8958,-1.2787,1]},
{"frame":80,"values":[0.9996,0.0271,-0.0084,0,-0.0269,0.9994,0.0211,0,0.0089,-0.0208,0.9997,0,-0.0057,10.8958,-1.2787,1]},
{"frame":81,"values":[0.9996,0.0271,-0.0084,0,-0.0269,0.9994,0.0209,0,0.009,-0.0206,0.9997,0,-0.0057,10.8958,-1.2787,1]},
{"frame":82,"values":[0.9996,0.0271,-0.0085,0,-0.027,0.9994,0.0207,0,0.009,-0.0204,0.9998,0,-0.0057,10.8958,-1.2787,1]},
{"frame":83,"values":[0.9996,0.0272,-0.0086,0,-0.027,0.9994,0.0205,0,0.0091,-0.0203,0.9998,0,-0.0057,10.8958,-1.2787,1]},
{"frame":84,"values":[0.9996,0.0272,-0.0086,0,-0.027,0.9994,0.0204,0,0.0092,-0.0201,0.9998,0,-0.0057,10.8958,-1.2787,1]},
{"frame":85,"values":[0.9996,0.0273,-0.0087,0,-0.0271,0.9994,0.0202,0,0.0093,-0.02,0.9998,0,-0.0057,10.8957,-1.2787,1]},
{"frame":86,"values":[0.9996,0.0272,-0.0089,0,-0.0271,0.9994,0.02,0,0.0094,-0.0198,0.9998,0,-0.0057,10.8958,-1.2787,1]},
{"frame":87,"values":[0.9996,0.0272,-0.009,0,-0.0271,0.9994,0.0198,0,0.0095,-0.0195,0.9998,0,-0.0057,10.8958,-1.2787,1]},
{"frame":88,"values":[0.9996,0.0272,-0.0091,0,-0.027,0.9994,0.0196,0,0.0096,-0.0193,0.9998,0,-0.0057,10.8957,-1.2787,1]},
{"frame":89,"values":[0.9996,0.0272,-0.0092,0,-0.027,0.9994,0.0194,0,0.0098,-0.0191,0.9998,0,-0.0057,10.8958,-1.2787,1]},
{"frame":90,"values":[0.9996,0.0271,-0.0094,0,-0.027,0.9995,0.0192,0,0.01,-0.0189,0.9998,0,-0.0057,10.8958,-1.2787,1]},
{"frame":91,"values":[0.9996,0.0271,-0.0097,0,-0.0269,0.9995,0.019,0,0.0102,-0.0187,0.9998,0,-0.0057,10.8957,-1.2787,1]},
{"frame":92,"values":[0.9996,0.0271,-0.0099,0,-0.0269,0.9995,0.0188,0,0.0104,-0.0185,0.9998,0,-0.0057,10.8958,-1.2787,1]},
{"frame":93,"values":[0.9996,0.027,-0.01,0,-0.0268,0.9995,0.0186,0,0.0105,-0.0184,0.9998,0,-0.0057,10.8958,-1.2787,1]},
{"frame":94,"values":[0.9996,0.027,-0.0102,0,-0.0268,0.9995,0.0185,0,0.0106,-0.0182,0.9998,0,-0.0057,10.8958,-1.2787,1]},
{"frame":95,"values":[0.9996,0.0269,-0.0102,0,-0.0267,0.9995,0.0184,0,0.0107,-0.0181,0.9998,0,-0.0057,10.8958,-1.2787,1]},
{"frame":96,"values":[0.9996,0.0268,-0.0102,0,-0.0266,0.9995,0.0183,0,0.0107,-0.018,0.9998,0,-0.0057,10.8958,-1.2787,1]},
{"frame":97,"values":[0.9996,0.0267,-0.0103,0,-0.0266,0.9995,0.0182,0,0.0108,-0.0179,0.9998,0,-0.0057,10.8957,-1.2787,1]},
{"frame":98,"values":[0.9996,0.0267,-0.0104,0,-0.0265,0.9995,0.018,0,0.0109,-0.0178,0.9998,0,-0.0057,10.8958,-1.2787,1]},
{"frame":99,"values":[0.9996,0.0266,-0.0105,0,-0.0264,0.9995,0.0179,0,0.011,-0.0176,0.9998,0,-0.0057,10.8958,-1.2787,1]},
{"frame":100,"values":[0.9996,0.0265,-0.0106,0,-0.0263,0.9995,0.0178,0,0.0111,-0.0175,0.9998,0,-0.0057,10.8958,-1.2787,1]},
{"frame":101,"values":[0.9996,0.0264,-0.0106,0,-0.0262,0.9995,0.0177,0,0.0111,-0.0174,0.9998,0,-0.0057,10.8958,-1.2787,1]},
{"frame":102,"values":[0.9996,0.0263,-0.0107,0,-0.0262,0.9995,0.0177,0,0.0111,-0.0174,0.9998,0,-0.0057,10.8958,-1.2787,1]},
{"frame":103,"values":[0.9996,0.0263,-0.0108,0,-0.0261,0.9995,0.0177,0,0.0112,-0.0174,0.9998,0,-0.0057,10.8958,-1.2787,1]},
{"frame":104,"values":[0.9996,0.0262,-0.0109,0,-0.026,0.9995,0.0176,0,0.0113,-0.0173,0.9998,0,-0.0057,10.8958,-1.2787,1]},
{"frame":105,"values":[0.9996,0.0261,-0.011,0,-0.0259,0.9995,0.0175,0,0.0114,-0.0172,0.9998,0,-0.0057,10.8957,-1.2787,1]},
{"frame":106,"values":[0.9996,0.026,-0.0111,0,-0.0258,0.9995,0.0175,0,0.0115,-0.0172,0.9998,0,-0.0057,10.8958,-1.2787,1]},
{"frame":107,"values":[0.9996,0.026,-0.0112,0,-0.0258,0.9995,0.0175,0,0.0116,-0.0172,0.9998,0,-0.0057,10.8958,-1.2787,1]},
{"frame":108,"values":[0.9996,0.0259,-0.0113,0,-0.0257,0.9995,0.0175,0,0.0117,-0.0172,0.9998,0,-0.0057,10.8958,-1.2787,1]},
{"frame":109,"values":[0.9996,0.0258,-0.0114,0,-0.0256,0.9995,0.0176,0,0.0118,-0.0173,0.9998,0,-0.0057,10.8958,-1.2787,1]},
{"frame":110,"values":[0.9996,0.0257,-0.0115,0,-0.0255,0.9995,0.0177,0,0.0119,-0.0174,0.9998,0,-0.0057,10.8958,-1.2787,1]},
{"frame":111,"values":[0.9996,0.0257,-0.0115,0,-0.0255,0.9995,0.0179,0,0.012,-0.0176,0.9998,0,-0.0057,10.8958,-1.2787,1]},
{"frame":112,"values":[0.9996,0.0256,-0.0116,0,-0.0254,0.9995,0.0181,0,0.012,-0.0178,0.9998,0,-0.0057,10.8958,-1.2787,1]},
{"frame":113,"values":[0.9996,0.0256,-0.0116,0,-0.0254,0.9995,0.0183,0,0.0121,-0.018,0.9998,0,-0.0057,10.8958,-1.2787,1]},
{"frame":114,"values":[0.9996,0.0256,-0.0117,0,-0.0254,0.9995,0.0186,0,0.0122,-0.0183,0.9998,0,-0.0057,10.8958,-1.2787,1]},
{"frame":115,"values":[0.9996,0.0255,-0.0117,0,-0.0253,0.9995,0.0188,0,0.0122,-0.0185,0.9998,0,-0.0057,10.8958,-1.2787,1]},
{"frame":116,"values":[0.9996,0.0255,-0.0118,0,-0.0253,0.9995,0.019,0,0.0123,-0.0187,0.9997,0,-0.0057,10.8958,-1.2787,1]},
{"frame":117,"values":[0.9996,0.0255,-0.0118,0,-0.0252,0.9995,0.0192,0,0.0123,-0.0189,0.9997,0,-0.0057,10.8958,-1.2787,1]},
{"frame":118,"values":[0.9996,0.0254,-0.0118,0,-0.0252,0.9995,0.0194,0,0.0123,-0.0191,0.9997,0,-0.0057,10.8958,-1.2787,1]},
{"frame":119,"values":[0.9996,0.0254,-0.0118,0,-0.0252,0.9995,0.0196,0,0.0123,-0.0193,0.9997,0,-0.0057,10.8958,-1.2787,1]},
{"frame":120,"values":[0.9996,0.0254,-0.0119,0,-0.0251,0.9995,0.0198,0,0.0124,-0.0195,0.9997,0,-0.0057,10.8958,-1.2787,1]},
{"frame":121,"values":[0.9996,0.0254,-0.0119,0,-0.0251,0.9995,0.0199,0,0.0124,-0.0196,0.9997,0,-0.0057,10.8958,-1.2787,1]},
{"frame":122,"values":[0.9996,0.0254,-0.0119,0,-0.0252,0.9995,0.0202,0,0.0124,-0.0198,0.9997,0,-0.0057,10.8958,-1.2787,1]},
{"frame":123,"values":[0.9996,0.0255,-0.0119,0,-0.0252,0.9995,0.0203,0,0.0124,-0.02,0.9997,0,-0.0057,10.8958,-1.2787,1]},
{"frame":124,"values":[0.9996,0.0255,-0.0119,0,-0.0253,0.9995,0.0205,0,0.0125,-0.0202,0.9997,0,-0.0057,10.8958,-1.2787,1]},
{"frame":125,"values":[0.9996,0.0255,-0.012,0,-0.0253,0.9995,0.0206,0,0.0125,-0.0203,0.9997,0,-0.0057,10.8958,-1.2787,1]},
{"frame":126,"values":[0.9996,0.0256,-0.0121,0,-0.0253,0.9995,0.0208,0,0.0126,-0.0204,0.9997,0,-0.0057,10.8958,-1.2787,1]},
{"frame":127,"values":[0.9996,0.0256,-0.0121,0,-0.0254,0.9995,0.0209,0,0.0126,-0.0206,0.9997,0,-0.0057,10.8958,-1.2787,1]},
{"frame":128,"values":[0.9996,0.0257,-0.0121,0,-0.0255,0.9995,0.021,0,0.0126,-0.0206,0.9997,0,-0.0057,10.8958,-1.2787,1]},
{"frame":129,"values":[0.9996,0.0258,-0.0121,0,-0.0255,0.9995,0.021,0,0.0126,-0.0207,0.9997,0,-0.0057,10.8958,-1.2787,1]},
{"frame":130,"values":[0.9996,0.0259,-0.0121,0,-0.0256,0.9994,0.0211,0,0.0127,-0.0208,0.9997,0,-0.0057,10.8958,-1.2787,1]},
{"frame":131,"values":[0.9996,0.026,-0.0122,0,-0.0257,0.9994,0.0212,0,0.0127,-0.0209,0.9997,0,-0.0057,10.8958,-1.2787,1]},
{"frame":132,"values":[0.9996,0.026,-0.0122,0,-0.0258,0.9994,0.0212,0,0.0127,-0.0209,0.9997,0,-0.0057,10.8957,-1.2787,1]},
{"frame":133,"values":[0.9996,0.0261,-0.0122,0,-0.0258,0.9994,0.0213,0,0.0127,-0.021,0.9997,0,-0.0057,10.8958,-1.2787,1]},
{"frame":134,"values":[0.9996,0.0261,-0.0121,0,-0.0258,0.9994,0.0213,0,0.0127,-0.021,0.9997,0,-0.0057,10.8958,-1.2787,1]},
{"frame":135,"values":[0.9996,0.0261,-0.0121,0,-0.0259,0.9994,0.0214,0,0.0127,-0.0211,0.9997,0,-0.0057,10.8958,-1.2787,1]},
{"frame":136,"values":[0.9996,0.0261,-0.0121,0,-0.0259,0.9994,0.0214,0,0.0126,-0.0211,0.9997,0,-0.0057,10.8957,-1.2787,1]},
{"frame":137,"values":[0.9996,0.0261,-0.0121,0,-0.0259,0.9994,0.0214,0,0.0126,-0.0211,0.9997,0,-0.0057,10.8958,-1.2787,1]},
{"frame":138,"values":[0.9996,0.0261,-0.0121,0,-0.0259,0.9994,0.0214,0,0.0127,-0.0211,0.9997,0,-0.0057,10.8958,-1.2787,1]},
{"frame":141,"values":[0.9996,0.0261,-0.0121,0,-0.0258,0.9994,0.0214,0,0.0127,-0.0211,0.9997,0,-0.0057,10.8957,-1.2787,1]},
{"frame":142,"values":[0.9996,0.0261,-0.0121,0,-0.0258,0.9994,0.0214,0,0.0127,-0.0211,0.9997,0,-0.0057,10.8958,-1.2787,1]},
{"frame":143,"values":[0.9996,0.0261,-0.0121,0,-0.0259,0.9994,0.0214,0,0.0127,-0.0211,0.9997,0,-0.0057,10.8958,-1.2787,1]},
{"frame":145,"values":[0.9996,0.0262,-0.0121,0,-0.0259,0.9994,0.0214,0,0.0127,-0.0211,0.9997,0,-0.0057,10.8958,-1.2787,1]}],"loopBehavior":1,"name":"anim","property":"_matrix"}},
{"name":"Spine1","index":2,"matrix":[0.9984,0.0519,-0.0237,0,-0.0509,0.9978,0.0431,0,0.0259,-0.0418,0.9988,0,-0.0066,12.7117,-1.4918,1],"rest":[1,0,0,0,0,1,0,0,0,0,1,0,-0.0066,12.7117,-1.4918,1],"parentBoneIndex":1,"length":14.6274
,"animation":{"dataType":3,"framePerSecond":24,"keys":[
{"frame":1,"values":[0.9984,0.052,-0.0237,0,-0.0509,0.9978,0.0431,0,0.0259,-0.0418,0.9988,0,-0.0066,12.7117,-1.4918,1]},
{"frame":2,"values":[0.9984,0.0519,-0.0238,0,-0.0509,0.9978,0.0431,0,0.026,-0.0418,0.9988,0,-0.0066,12.7117,-1.4918,1]},
{"frame":3,"values":[0.9984,0.0519,-0.0239,0,-0.0508,0.9978,0.043,0,0.0261,-0.0417,0.9988,0,-0.0066,12.7117,-1.4918,1]},
{"frame":4,"values":[0.9984,0.0519,-0.0238,0,-0.0508,0.9978,0.0429,0,0.026,-0.0416,0.9988,0,-0.0066,12.7117,-1.4918,1]},
{"frame":5,"values":[0.9984,0.0519,-0.0238,0,-0.0508,0.9978,0.0428,0,0.026,-0.0415,0.9988,0,-0.0066,12.7117,-1.4918,1]},
{"frame":6,"values":[0.9984,0.0518,-0.0238,0,-0.0508,0.9978,0.0425,0,0.0259,-0.0412,0.9988,0,-0.0066,12.7117,-1.4918,1]},
{"frame":7,"values":[0.9984,0.0518,-0.0237,0,-0.0507,0.9978,0.0423,0,0.0259,-0.041,0.9988,0,-0.0066,12.7117,-1.4918,1]},
{"frame":8,"values":[0.9984,0.0517,-0.0237,0,-0.0507,0.9978,0.042,0,0.0258,-0.0407,0.9988,0,-0.0066,12.7117,-1.4918,1]},
{"frame":9,"values":[0.9984,0.0517,-0.0236,0,-0.0507,0.9978,0.0416,0,0.0257,-0.0404,0.9989,0,-0.0066,12.7117,-1.4918,1]},
{"frame":10,"values":[0.9984,0.0517,-0.0234,0,-0.0507,0.9979,0.0413,0,0.0255,-0.04,0.9989,0,-0.0066,12.7117,-1.4918,1]},
{"frame":11,"values":[0.9984,0.0517,-0.0231,0,-0.0507,0.9979,0.0409,0,0.0252,-0.0397,0.9989,0,-0.0066,12.7117,-1.4918,1]},
{"frame":12,"values":[0.9984,0.0517,-0.0228,0,-0.0508,0.9979,0.0406,0,0.0248,-0.0393,0.9989,0,-0.0066,12.7117,-1.4918,1]},
{"frame":13,"values":[0.9984,0.0517,-0.0224,0,-0.0508,0.9979,0.0401,0,0.0244,-0.0389,0.9989,0,-0.0066,12.7117,-1.4918,1]},
{"frame":14,"values":[0.9984,0.0517,-0.022,0,-0.0508,0.9979,0.0396,0,0.024,-0.0385,0.999,0,-0.0066,12.7117,-1.4918,1]},
{"frame":15,"values":[0.9984,0.0517,-0.0216,0,-0.0508,0.9979,0.0391,0,0.0236,-0.038,0.999,0,-0.0066,12.7117,-1.4918,1]},
{"frame":16,"values":[0.9984,0.0516,-0.0211,0,-0.0508,0.998,0.0387,0,0.0231,-0.0375,0.999,0,-0.0066,12.7117,-1.4918,1]},
{"frame":17,"values":[0.9985,0.0516,-0.0207,0,-0.0508,0.998,0.0382,0,0.0226,-0.0371,0.9991,0,-0.0066,12.7117,-1.4918,1]},
{"frame":18,"values":[0.9985,0.0517,-0.0203,0,-0.0509,0.998,0.0379,0,0.0223,-0.0368,0.9991,0,-0.0066,12.7117,-1.4918,1]},
{"frame":19,"values":[0.9985,0.0518,-0.0201,0,-0.051,0.998,0.0377,0,0.022,-0.0366,0.9991,0,-0.0066,12.7117,-1.4918,1]},
{"frame":20,"values":[0.9985,0.052,-0.0197,0,-0.0512,0.998,0.0374,0,0.0216,-0.0364,0.9991,0,-0.0066,12.7117,-1.4918,1]},
