{"producer":{"name":"Blender","version":"2.90.0","exporter_version":"2.80.1","file":"exo_idle.babylon"},
"autoClear":true,"clearColor":[0.0509,0.0509,0.0509],"gravity":[0,-9.81,0],
"materials":[{"name":"Exo_MAT","id":"Exo_MAT","customType":"BABYLON.PBRMaterial","backFaceCulling":true,"checkReadyOnlyOnce":false,"maxSimultaneousLights":4,"environmentIntensity":1,"roughness":0.3118,"alpha":1,"transparencyMode":0,"alphaCutOff":0.4,"metallic":0, 
"albedoTexture":{"name":"EXO_diffuse.png","level":1,"hasAlpha":true,"coordinatesMode":0,"uOffset":0,"vOffset":0,"uScale":1,"vScale":1,"uAng":0,"vAng":0,"wAng":0,"wrapU":1,"wrapV":1,"coordinatesIndex":0},"useAlphaFromAlbedoTexture":true, 
"reflectivityTexture":{"name":"EXO_specular.png","level":1,"hasAlpha":true,"coordinatesMode":0,"uOffset":0,"vOffset":0,"uScale":1,"vScale":1,"uAng":0,"vAng":0,"wAng":0,"wrapU":1,"wrapV":1,"coordinatesIndex":0}, 
"bumpTexture":{"name":"EXO_normal.jpg","level":1,"hasAlpha":false,"coordinatesMode":0,"uOffset":0,"vOffset":0,"uScale":1,"vScale":1,"uAng":0,"vAng":0,"wAng":0,"wrapU":1,"wrapV":1,"coordinatesIndex":0}},
{"name":"Caruncula_mat","id":"Caruncula_mat","customType":"BABYLON.PBRMaterial","backFaceCulling":true,"checkReadyOnlyOnce":false,"maxSimultaneousLights":4,"environmentIntensity":1,"roughness":0.8586,"alpha":1,"transparencyMode":0,"alphaCutOff":0.4,"metallic":0, 
"albedoTexture":{"name":"BODY_diffuse.png","level":1,"hasAlpha":true,"coordinatesMode":0,"uOffset":0,"vOffset":0,"uScale":1,"vScale":1,"uAng":0,"vAng":0,"wAng":0,"wrapU":1,"wrapV":1,"coordinatesIndex":0},"useAlphaFromAlbedoTexture":true, 
"reflectivityTexture":{"name":"BODY_specular.jpg","level":1,"hasAlpha":false,"coordinatesMode":0,"uOffset":0,"vOffset":0,"uScale":1,"vScale":1,"uAng":0,"vAng":0,"wAng":0,"wrapU":1,"wrapV":1,"coordinatesIndex":0}, 
"bumpTexture":{"name":"BODY_normal.jpg","level":1,"hasAlpha":false,"coordinatesMode":0,"uOffset":0,"vOffset":0,"uScale":1,"vScale":1,"uAng":0,"vAng":0,"wAng":0,"wrapU":1,"wrapV":1,"coordinatesIndex":0}},
{"name":"Eye_MAT","id":"Eye_MAT","customType":"BABYLON.PBRMaterial","backFaceCulling":true,"checkReadyOnlyOnce":false,"maxSimultaneousLights":4,"environmentIntensity":1,"reflectivity":[1,1,1],"roughness":0.5528,"alpha":1,"transparencyMode":0,"alphaCutOff":0.4,"metallic":0, 
"albedoTexture":{"name":"BODY_diffuse.png","level":1,"hasAlpha":true,"coordinatesMode":0,"uOffset":0,"vOffset":0,"uScale":1,"vScale":1,"uAng":0,"vAng":0,"wAng":0,"wrapU":1,"wrapV":1,"coordinatesIndex":0},"useAlphaFromAlbedoTexture":true},
{"name":"Brows_MAT","id":"Brows_MAT","customType":"BABYLON.PBRMaterial","backFaceCulling":true,"checkReadyOnlyOnce":false,"maxSimultaneousLights":4,"environmentIntensity":1,"roughness":0.5528,"alpha":1,"transparencyMode":0,"alphaCutOff":0.4,"metallic":0, 
"albedoTexture":{"name":"BODY_diffuse.png","level":1,"hasAlpha":true,"coordinatesMode":0,"uOffset":0,"vOffset":0,"uScale":1,"vScale":1,"uAng":0,"vAng":0,"wAng":0,"wrapU":1,"wrapV":1,"coordinatesIndex":0},"useAlphaFromAlbedoTexture":true, 
"reflectivityTexture":{"name":"BODY_specular.jpg","level":1,"hasAlpha":false,"coordinatesMode":0,"uOffset":0,"vOffset":0,"uScale":1,"vScale":1,"uAng":0,"vAng":0,"wAng":0,"wrapU":1,"wrapV":1,"coordinatesIndex":0}, 
"bumpTexture":{"name":"BODY_normal.jpg","level":1,"hasAlpha":false,"coordinatesMode":0,"uOffset":0,"vOffset":0,"uScale":1,"vScale":1,"uAng":0,"vAng":0,"wAng":0,"wrapU":1,"wrapV":1,"coordinatesIndex":0}},
{"name":"Mask_mat","id":"Mask_mat","customType":"BABYLON.PBRMaterial","backFaceCulling":true,"checkReadyOnlyOnce":false,"maxSimultaneousLights":4,"environmentIntensity":1,"roughness":0.8586,"alpha":1,"transparencyMode":0,"alphaCutOff":0.4,"metallic":0, 
"albedoTexture":{"name":"BODY_diffuse.png","level":1,"hasAlpha":true,"coordinatesMode":0,"uOffset":0,"vOffset":0,"uScale":1,"vScale":1,"uAng":0,"vAng":0,"wAng":0,"wrapU":1,"wrapV":1,"coordinatesIndex":0},"useAlphaFromAlbedoTexture":true, 
"reflectivityTexture":{"name":"BODY_specular.jpg","level":1,"hasAlpha":false,"coordinatesMode":0,"uOffset":0,"vOffset":0,"uScale":1,"vScale":1,"uAng":0,"vAng":0,"wAng":0,"wrapU":1,"wrapV":1,"coordinatesIndex":0}, 
"bumpTexture":{"name":"BODY_normal.jpg","level":1,"hasAlpha":false,"coordinatesMode":0,"uOffset":0,"vOffset":0,"uScale":1,"vScale":1,"uAng":0,"vAng":0,"wAng":0,"wrapU":1,"wrapV":1,"coordinatesIndex":0}},
{"name":"Body_MAT","id":"Body_MAT","customType":"BABYLON.PBRMaterial","backFaceCulling":true,"checkReadyOnlyOnce":false,"maxSimultaneousLights":4,"environmentIntensity":1,"roughness":0.8586,"alpha":1,"transparencyMode":0,"alphaCutOff":0.4,"metallic":0, 
"albedoTexture":{"name":"BODY_diffuse.png","level":1,"hasAlpha":true,"coordinatesMode":0,"uOffset":0,"vOffset":0,"uScale":1,"vScale":1,"uAng":0,"vAng":0,"wAng":0,"wrapU":1,"wrapV":1,"coordinatesIndex":0},"useAlphaFromAlbedoTexture":true, 
"reflectivityTexture":{"name":"BODY_specular.jpg","level":1,"hasAlpha":false,"coordinatesMode":0,"uOffset":0,"vOffset":0,"uScale":1,"vScale":1,"uAng":0,"vAng":0,"wAng":0,"wrapU":1,"wrapV":1,"coordinatesIndex":0}, 
"bumpTexture":{"name":"BODY_normal.jpg","level":1,"hasAlpha":false,"coordinatesMode":0,"uOffset":0,"vOffset":0,"uScale":1,"vScale":1,"uAng":0,"vAng":0,"wAng":0,"wrapU":1,"wrapV":1,"coordinatesIndex":0}},
{"name":"Eye_Spec_MAT","id":"Eye_Spec_MAT","customType":"BABYLON.PBRMaterial","backFaceCulling":true,"checkReadyOnlyOnce":false,"maxSimultaneousLights":4,"environmentIntensity":1,"reflectivity":[1,1,1],"roughness":0,"alpha":1,"transparencyMode":0,"alphaCutOff":0.4,"metallic":0, 
"albedoTexture":{"name":"BODY_diffuse.png","level":1,"hasAlpha":true,"coordinatesMode":0,"uOffset":0,"vOffset":0,"uScale":1,"vScale":1,"uAng":0,"vAng":0,"wAng":0,"wrapU":1,"wrapV":1,"coordinatesIndex":0},"useAlphaFromAlbedoTexture":true},
{"name":"Teeth_mat","id":"Teeth_mat","customType":"BABYLON.PBRMaterial","backFaceCulling":true,"checkReadyOnlyOnce":false,"maxSimultaneousLights":4,"environmentIntensity":1,"roughness":0.8586,"alpha":1,"transparencyMode":0,"alphaCutOff":0.4,"metallic":0, 
"albedoTexture":{"name":"BODY_diffuse.png","level":1,"hasAlpha":true,"coordinatesMode":0,"uOffset":0,"vOffset":0,"uScale":1,"vScale":1,"uAng":0,"vAng":0,"wAng":0,"wrapU":1,"wrapV":1,"coordinatesIndex":0},"useAlphaFromAlbedoTexture":true, 
"reflectivityTexture":{"name":"BODY_specular.jpg","level":1,"hasAlpha":false,"coordinatesMode":0,"uOffset":0,"vOffset":0,"uScale":1,"vScale":1,"uAng":0,"vAng":0,"wAng":0,"wrapU":1,"wrapV":1,"coordinatesIndex":0}, 
"bumpTexture":{"name":"BODY_normal.jpg","level":1,"hasAlpha":false,"coordinatesMode":0,"uOffset":0,"vOffset":0,"uScale":1,"vScale":1,"uAng":0,"vAng":0,"wAng":0,"wrapU":1,"wrapV":1,"coordinatesIndex":0}}],
"multiMaterials":[],
"skeletons":[{"name":"Armature","id":0,"dimensionsAtRest":[188.1767,188.0947,21.749],"bones":[
{"name":"Hips","index":0,"matrix":[0.9966,-0.0011,-0.0827,0,0.0059,0.9983,0.0576,0,-0.0825,0.0579,-0.9949,0,-0.5148,94.0897,-0.5435,1],"rest":[1,0,0,0,0,1,0,0,0,0,-1,0,0,96.3764,0,1],"parentBoneIndex":-1,"length":9.9032
,"animation":{"dataType":3,"framePerSecond":24,"keys":[
{"frame":1,"values":[0.9966,-0.0011,-0.0827,0,0.0059,0.9983,0.0576,0,-0.0825,0.0579,-0.9949,0,-0.5148,94.0897,-0.5435,1]},
{"frame":2,"values":[0.9966,-0.001,-0.0821,0,0.0058,0.9983,0.0585,0,-0.0819,0.0588,-0.9949,0,-0.4486,94.0895,-0.5815,1]},
{"frame":3,"values":[0.9967,-0.0009,-0.0814,0,0.0057,0.9982,0.0593,0,-0.0812,0.0595,-0.9949,0,-0.3816,94.0894,-0.6195,1]},
{"frame":4,"values":[0.9967,-0.0007,-0.0806,0,0.0056,0.9982,0.06,0,-0.0804,0.0603,-0.9949,0,-0.3148,94.0895,-0.6578,1]},
{"frame":5,"values":[0.9968,-0.0005,-0.0798,0,0.0054,0.9981,0.0607,0,-0.0796,0.061,-0.995,0,-0.2487,94.09,-0.6967,1]},
{"frame":6,"values":[0.9969,-0.0003,-0.0788,0,0.0052,0.9981,0.0613,0,-0.0786,0.0616,-0.995,0,-0.1843,94.091,-0.7364,1]},
{"frame":7,"values":[0.997,-0.0001,-0.0778,0,0.005,0.9981,0.0619,0,-0.0777,0.0621,-0.995,0,-0.123,94.0928,-0.7779,1]},
{"frame":8,"values":[0.997,0.0001,-0.0768,0,0.0047,0.9981,0.0622,0,-0.0767,0.0624,-0.9951,0,-0.0649,94.0956,-0.822,1]},
{"frame":9,"values":[0.9971,0.0004,-0.0759,0,0.0044,0.998,0.0626,0,-0.0757,0.0627,-0.9952,0,-0.0098,94.0989,-0.8684,1]},
{"frame":10,"values":[0.9972,0.0007,-0.0747,0,0.004,0.998,0.0628,0,-0.0746,0.0629,-0.9952,0,0.04,94.1037,-0.918,1]},
{"frame":11,"values":[0.9973,0.0012,-0.0734,0,0.0034,0.998,0.0626,0,-0.0734,0.0627,-0.9953,0,0.0823,94.1143,-0.9762,1]},
{"frame":12,"values":[0.9973,0.002,-0.0729,0,0.0025,0.9981,0.0616,0,-0.0729,0.0616,-0.9954,0,0.1206,94.1351,-1.0466,1]},
{"frame":13,"values":[0.9973,0.003,-0.074,0,0.0015,0.9982,0.0605,0,-0.074,0.0605,-0.9954,0,0.1588,94.1639,-1.1258,1]},
{"frame":14,"values":[0.9971,0.004,-0.0765,0,0.0006,0.9982,0.0597,0,-0.0766,0.0596,-0.9953,0,0.1957,94.1953,-1.2081,1]},
{"frame":15,"values":[0.9968,0.0053,-0.0793,0,-0.0007,0.9983,0.0587,0,-0.0795,0.0585,-0.9951,0,0.2283,94.2245,-1.2899,1]},
{"frame":16,"values":[0.9967,0.0071,-0.0811,0,-0.0025,0.9984,0.057,0,-0.0814,0.0566,-0.9951,0,0.2574,94.2478,-1.3665,1]},
{"frame":17,"values":[0.9966,0.009,-0.0815,0,-0.0045,0.9985,0.0551,0,-0.0819,0.0545,-0.9951,0,0.2832,94.2644,-1.431,1]},
{"frame":18,"values":[0.9967,0.0107,-0.0807,0,-0.0064,0.9985,0.0537,0,-0.0812,0.053,-0.9953,0,0.3032,94.2765,-1.4785,1]},
{"frame":19,"values":[0.9968,0.0121,-0.0792,0,-0.008,0.9986,0.0529,0,-0.0798,0.0521,-0.9954,0,0.3164,94.2864,-1.5092,1]},
{"frame":20,"values":[0.9969,0.0133,-0.078,0,-0.0092,0.9986,0.0526,0,-0.0786,0.0517,-0.9956,0,0.3258,94.2946,-1.529,1]},
{"frame":21,"values":[0.9969,0.0143,-0.0776,0,-0.0103,0.9986,0.0526,0,-0.0782,0.0516,-0.9956,0,0.3353,94.301,-1.5483,1]},
{"frame":22,"values":[0.9968,0.0151,-0.0782,0,-0.011,0.9986,0.0527,0,-0.0789,0.0517,-0.9955,0,0.3466,94.3079,-1.5765,1]},
{"frame":23,"values":[0.9967,0.0157,-0.0793,0,-0.0115,0.9985,0.0527,0,-0.08,0.0516,-0.9955,0,0.3589,94.3185,-1.6135,1]},
{"frame":24,"values":[0.9967,0.0161,-0.0801,0,-0.0119,0.9985,0.0528,0,-0.0809,0.0517,-0.9954,0,0.3693,94.3335,-1.6556,1]},
{"frame":25,"values":[0.9966,0.0166,-0.0804,0,-0.0123,0.9985,0.0531,0,-0.0811,0.0519,-0.9953,0,0.3714,94.3465,-1.6967,1]},
{"frame":26,"values":[0.9966,0.0169,-0.0801,0,-0.0126,0.9985,0.0534,0,-0.0809,0.0522,-0.9954,0,0.3611,94.3524,-1.736,1]},
{"frame":27,"values":[0.9967,0.0169,-0.0796,0,-0.0126,0.9985,0.054,0,-0.0804,0.0528,-0.9954,0,0.3389,94.3536,-1.7677,1]},
{"frame":28,"values":[0.9967,0.0165,-0.0793,0,-0.0121,0.9984,0.0549,0,-0.0801,0.0537,-0.9953,0,0.3078,94.3559,-1.7793,1]},
{"frame":29,"values":[0.9967,0.0157,-0.0795,0,-0.0113,0.9984,0.0559,0,-0.0803,0.0548,-0.9953,0,0.2719,94.3578,-1.7589,1]},
{"frame":30,"values":[0.9967,0.0145,-0.08,0,-0.01,0.9983,0.0568,0,-0.0807,0.0558,-0.9952,0,0.2331,94.3493,-1.7096,1]},
{"frame":31,"values":[0.9967,0.0131,-0.0801,0,-0.0086,0.9983,0.0573,0,-0.0807,0.0564,-0.9951,0,0.1891,94.3274,-1.649,1]},
{"frame":32,"values":[0.9968,0.0118,-0.0789,0,-0.0072,0.9983,0.0573,0,-0.0794,0.0565,-0.9952,0,0.1376,94.3029,-1.5944,1]},
{"frame":33,"values":[0.997,0.0106,-0.0767,0,-0.0062,0.9984,0.0569,0,-0.0772,0.0563,-0.9954,0,0.0823,94.2897,-1.5534,1]},
{"frame":34,"values":[0.9972,0.0098,-0.0747,0,-0.0055,0.9984,0.0566,0,-0.0752,0.056,-0.9956,0,0.0319,94.2917,-1.5223,1]},
{"frame":35,"values":[0.9972,0.0095,-0.0741,0,-0.0053,0.9984,0.0562,0,-0.0745,0.0557,-0.9957,0,-0.0062,94.2992,-1.4998,1]},
{"frame":36,"values":[0.9971,0.0093,-0.0749,0,-0.0051,0.9984,0.0556,0,-0.0753,0.055,-0.9956,0,-0.0307,94.2992,-1.4925,1]},
{"frame":37,"values":[0.997,0.0089,-0.0766,0,-0.0047,0.9985,0.0547,0,-0.0769,0.0542,-0.9956,0,-0.0464,94.2912,-1.5057,1]},
{"frame":38,"values":[0.9969,0.0086,-0.0783,0,-0.0043,0.9985,0.0543,0,-0.0786,0.0538,-0.9954,0,-0.0596,94.2865,-1.5365,1]},
{"frame":39,"values":[0.9968,0.0084,-0.0797,0,-0.004,0.9985,0.0548,0,-0.08,0.0543,-0.9953,0,-0.0765,94.2897,-1.5745,1]},
{"frame":40,"values":[0.9967,0.0081,-0.0804,0,-0.0036,0.9984,0.0561,0,-0.0808,0.0556,-0.9952,0,-0.1017,94.2932,-1.6082,1]},
{"frame":41,"values":[0.9967,0.0075,-0.0804,0,-0.0029,0.9983,0.0579,0,-0.0807,0.0575,-0.9951,0,-0.1348,94.2892,-1.6318,1]},
{"frame":42,"values":[0.9968,0.0069,-0.0791,0,-0.0022,0.9982,0.0597,0,-0.0794,0.0594,-0.9951,0,-0.1712,94.279,-1.6475,1]},
{"frame":43,"values":[0.997,0.0065,-0.0773,0,-0.0018,0.9981,0.0612,0,-0.0775,0.0609,-0.9951,0,-0.2056,94.2693,-1.6606,1]},
{"frame":44,"values":[0.9971,0.0064,-0.0759,0,-0.0017,0.9981,0.062,0,-0.0761,0.0617,-0.9952,0,-0.2344,94.2642,-1.6764,1]},
{"frame":45,"values":[0.9971,0.0064,-0.0759,0,-0.0016,0.9981,0.0623,0,-0.0761,0.062,-0.9952,0,-0.2565,94.2621,-1.696,1]},
{"frame":46,"values":[0.997,0.0064,-0.0773,0,-0.0015,0.998,0.0628,0,-0.0775,0.0625,-0.995,0,-0.2753,94.2609,-1.7125,1]},
{"frame":47,"values":[0.9968,0.0064,-0.0794,0,-0.0013,0.9979,0.0643,0,-0.0797,0.064,-0.9948,0,-0.2969,94.2618,-1.7178,1]},
{"frame":48,"values":[0.9966,0.0064,-0.0816,0,-0.0009,0.9978,0.0667,0,-0.0818,0.0664,-0.9944,0,-0.3237,94.2659,-1.7116,1]},
{"frame":49,"values":[0.9965,0.0063,-0.0833,0,-0.0005,0.9976,0.0693,0,-0.0835,0.0691,-0.9941,0,-0.3528,94.2691,-1.6973,1]},
{"frame":50,"values":[0.9964,0.006,-0.0841,0,0.0001,0.9974,0.0719,0,-0.0843,0.0717,-0.9939,0,-0.3802,94.2662,-1.6757,1]},
{"frame":51,"values":[0.9964,0.0056,-0.084,0,0.0006,0.9972,0.0742,0,-0.0842,0.074,-0.9937,0,-0.4021,94.2569,-1.6455,1]},
{"frame":52,"values":[0.9965,0.0053,-0.0837,0,0.0011,0.9971,0.0759,0,-0.0838,0.0758,-0.9936,0,-0.4149,94.2466,-1.6074,1]},
{"frame":53,"values":[0.9965,0.005,-0.0835,0,0.0015,0.997,0.0773,0,-0.0836,0.0772,-0.9935,0,-0.4171,94.2404,-1.5654,1]},
{"frame":54,"values":[0.9965,0.0048,-0.0835,0,0.0018,0.9969,0.0784,0,-0.0836,0.0783,-0.9934,0,-0.4105,94.2384,-1.5221,1]},
{"frame":55,"values":[0.9965,0.0048,-0.0834,0,0.0018,0.9969,0.079,0,-0.0835,0.0789,-0.9934,0,-0.3992,94.2372,-1.4775,1]},
{"frame":56,"values":[0.9966,0.0049,-0.0828,0,0.0017,0.9969,0.079,0,-0.0829,0.0788,-0.9934,0,-0.3859,94.234,-1.4322,1]},
{"frame":57,"values":[0.9966,0.0049,-0.0818,0,0.0015,0.9969,0.0786,0,-0.0819,0.0784,-0.9935,0,-0.3722,94.2284,-1.3895,1]},
{"frame":58,"values":[0.9967,0.005,-0.0805,0,0.0013,0.9969,0.0781,0,-0.0806,0.078,-0.9937,0,-0.3593,94.2234,-1.3515,1]},
{"frame":59,"values":[0.9968,0.005,-0.0792,0,0.0011,0.997,0.0779,0,-0.0793,0.0777,-0.9938,0,-0.3473,94.2219,-1.3195,1]},
{"frame":60,"values":[0.9969,0.0052,-0.0781,0,0.0009,0.997,0.0779,0,-0.0783,0.0778,-0.9939,0,-0.3351,94.2239,-1.2962,1]},
{"frame":61,"values":[0.997,0.0054,-0.0773,0,0.0006,0.9969,0.0782,0,-0.0775,0.0781,-0.9939,0,-0.3213,94.2273,-1.2824,1]},
{"frame":62,"values":[0.997,0.006,-0.0765,0,0.0001,0.9969,0.0787,0,-0.0768,0.0784,-0.994,0,-0.3064,94.23,-1.2734,1]},
{"frame":63,"values":[0.9971,0.0067,-0.0756,0,-0.0007,0.9969,0.0792,0,-0.0759,0.0789,-0.994,0,-0.2936,94.231,-1.2617,1]},
{"frame":64,"values":[0.9972,0.0071,-0.0743,0,-0.0012,0.9968,0.0797,0,-0.0746,0.0794,-0.994,0,-0.2882,94.2303,-1.2434,1]},
{"frame":65,"values":[0.9973,0.0072,-0.0729,0,-0.0014,0.9968,0.0799,0,-0.0733,0.0796,-0.9941,0,-0.2935,94.2285,-1.218,1]},
{"frame":66,"values":[0.9974,0.007,-0.0721,0,-0.0013,0.9968,0.0794,0,-0.0724,0.0791,-0.9942,0,-0.3067,94.2263,-1.1882,1]},
{"frame":67,"values":[0.9974,0.0069,-0.0721,0,-0.0012,0.9969,0.0784,0,-0.0724,0.0781,-0.9943,0,-0.3215,94.2255,-1.1598,1]},
{"frame":68,"values":[0.9973,0.007,-0.0726,0,-0.0013,0.997,0.0772,0,-0.0729,0.0769,-0.9944,0,-0.3381,94.2253,-1.1368,1]},
{"frame":69,"values":[0.9973,0.007,-0.0732,0,-0.0015,0.9972,0.0752,0,-0.0735,0.0749,-0.9945,0,-0.3592,94.2243,-1.119,1]},
{"frame":70,"values":[0.9973,0.007,-0.0736,0,-0.0016,0.9974,0.0723,0,-0.074,0.072,-0.9947,0,-0.3799,94.2215,-1.107,1]},
{"frame":71,"values":[0.9972,0.007,-0.0738,0,-0.0019,0.9976,0.0699,0,-0.0741,0.0696,-0.9948,0,-0.3922,94.2172,-1.1044,1]},
{"frame":72,"values":[0.9973,0.0071,-0.0735,0,-0.0021,0.9976,0.0691,0,-0.0738,0.0688,-0.9949,0,-0.3995,94.2103,-1.1096,1]},
{"frame":73,"values":[0.9973,0.0071,-0.0727,0,-0.0021,0.9976,0.0699,0,-0.073,0.0695,-0.9949,0,-0.412,94.2013,-1.1132,1]},
{"frame":74,"values":[0.9974,0.0071,-0.0716,0,-0.002,0.9975,0.0713,0,-0.0719,0.0709,-0.9949,0,-0.4322,94.1938,-1.105,1]},
{"frame":75,"values":[0.9975,0.0071,-0.0702,0,-0.002,0.9973,0.0727,0,-0.0705,0.0724,-0.9949,0,-0.4539,94.1883,-1.0793,1]},
{"frame":76,"values":[0.9976,0.0074,-0.0687,0,-0.0024,0.9973,0.0739,0,-0.0691,0.0736,-0.9949,0,-0.4711,94.181,-1.0401,1]},
{"frame":77,"values":[0.9977,0.008,-0.0673,0,-0.003,0.9972,0.0742,0,-0.0677,0.0739,-0.995,0,-0.4847,94.1707,-0.9985,1]},
{"frame":78,"values":[0.9978,0.0086,-0.0662,0,-0.0038,0.9973,0.0737,0,-0.0666,0.0733,-0.9951,0,-0.4988,94.1612,-0.9609,1]},
{"frame":79,"values":[0.9978,0.0093,-0.0653,0,-0.0045,0.9973,0.0729,0,-0.0658,0.0724,-0.9952,0,-0.5137,94.1558,-0.9245,1]},
{"frame":80,"values":[0.9979,0.0099,-0.0648,0,-0.0053,0.9974,0.072,0,-0.0653,0.0715,-0.9953,0,-0.5275,94.155,-0.8839,1]},
{"frame":81,"values":[0.9979,0.0106,-0.0644,0,-0.006,0.9974,0.0712,0,-0.065,0.0707,-0.9954,0,-0.5394,94.1559,-0.8392,1]},
{"frame":82,"values":[0.9979,0.0111,-0.0641,0,-0.0066,0.9975,0.0706,0,-0.0647,0.07,-0.9954,0,-0.5496,94.156,-0.7955,1]},
{"frame":83,"values":[0.9979,0.0113,-0.0642,0,-0.0068,0.9975,0.0697,0,-0.0648,0.0691,-0.9955,0,-0.5566,94.1538,-0.7601,1]},
{"frame":84,"values":[0.9979,0.0114,-0.0644,0,-0.007,0.9976,0.0682,0,-0.065,0.0676,-0.9956,0,-0.5592,94.1509,-0.7399,1]},
{"frame":85,"values":[0.9978,0.0119,-0.0647,0,-0.0076,0.9978,0.0662,0,-0.0654,0.0655,-0.9957,0,-0.5585,94.1524,-0.7377,1]},
{"frame":86,"values":[0.9978,0.0125,-0.0655,0,-0.0083,0.9979,0.0638,0,-0.0661,0.0631,-0.9958,0,-0.5544,94.162,-0.7542,1]},
{"frame":87,"values":[0.9977,0.0131,-0.0669,0,-0.009,0.9981,0.0612,0,-0.0676,0.0605,-0.9959,0,-0.5456,94.1779,-0.7919,1]},
{"frame":88,"values":[0.9975,0.0138,-0.0686,0,-0.0098,0.9982,0.0588,0,-0.0693,0.058,-0.9959,0,-0.5341,94.1935,-0.8492,1]},
{"frame":89,"values":[0.9975,0.0144,-0.0697,0,-0.0104,0.9983,0.0573,0,-0.0704,0.0564,-0.9959,0,-0.5226,94.2038,-0.9154,1]},
{"frame":90,"values":[0.9974,0.0149,-0.07,0,-0.0109,0.9983,0.0567,0,-0.0707,0.0558,-0.9959,0,-0.5116,94.2091,-0.9778,1]},
{"frame":91,"values":[0.9974,0.0152,-0.0699,0,-0.0112,0.9983,0.057,0,-0.0706,0.0561,-0.9959,0,-0.5029,94.2138,-1.0307,1]},
{"frame":92,"values":[0.9974,0.0154,-0.0699,0,-0.0113,0.9983,0.0578,0,-0.0706,0.0569,-0.9959,0,-0.4991,94.2201,-1.071,1]},
{"frame":93,"values":[0.9974,0.0153,-0.0701,0,-0.0112,0.9982,0.0587,0,-0.0709,0.0578,-0.9958,0,-0.5007,94.2247,-1.0958,1]},
{"frame":94,"values":[0.9974,0.0149,-0.0701,0,-0.0108,0.9982,0.0591,0,-0.0709,0.0582,-0.9958,0,-0.5062,94.2247,-1.1067,1]},
{"frame":95,"values":[0.9975,0.0144,-0.0698,0,-0.0103,0.9982,0.0585,0,-0.0706,0.0576,-0.9958,0,-0.5162,94.2225,-1.1071,1]},
{"frame":96,"values":[0.9975,0.0136,-0.0699,0,-0.0096,0.9983,0.0573,0,-0.0706,0.0565,-0.9959,0,-0.5305,94.2222,-1.0935,1]},
{"frame":97,"values":[0.9974,0.0127,-0.0713,0,-0.0087,0.9984,0.0561,0,-0.0719,0.0553,-0.9959,0,-0.5466,94.2218,-1.0604,1]},
{"frame":98,"values":[0.9972,0.0114,-0.0738,0,-0.0073,0.9984,0.0555,0,-0.0743,0.0548,-0.9957,0,-0.5645,94.2165,-1.0143,1]},
{"frame":99,"values":[0.9971,0.01,-0.076,0,-0.0058,0.9984,0.0556,0,-0.0765,0.055,-0.9956,0,-0.5883,94.2088,-0.9693,1]},
{"frame":100,"values":[0.997,0.0087,-0.0772,0,-0.0044,0.9984,0.0562,0,-0.0776,0.0557,-0.9954,0,-0.6184,94.2042,-0.9306,1]},
{"frame":101,"values":[0.997,0.0076,-0.0776,0,-0.0032,0.9984,0.057,0,-0.0779,0.0565,-0.9954,0,-0.6486,94.2007,-0.8939,1]},
{"frame":102,"values":[0.9969,0.0068,-0.0778,0,-0.0023,0.9983,0.0577,0,-0.0781,0.0574,-0.9953,0,-0.6753,94.194,-0.8553,1]},
{"frame":103,"values":[0.9969,0.0061,-0.0781,0,-0.0016,0.9983,0.0584,0,-0.0783,0.0581,-0.9952,0,-0.7016,94.185,-0.8163,1]},
{"frame":104,"values":[0.9969,0.0054,-0.0782,0,-0.0008,0.9983,0.0586,0,-0.0784,0.0583,-0.9952,0,-0.7302,94.1768,-0.7843,1]},
{"frame":105,"values":[0.9969,0.0048,-0.0783,0,-0.0002,0.9983,0.058,0,-0.0785,0.0578,-0.9952,0,-0.7599,94.1689,-0.7672,1]},
{"frame":106,"values":[0.9969,0.0043,-0.0787,0,0.0002,0.9984,0.057,0,-0.0788,0.0568,-0.9953,0,-0.7889,94.1609,-0.7621,1]},
{"frame":107,"values":[0.9968,0.0039,-0.0793,0,0.0006,0.9984,0.0561,0,-0.0793,0.056,-0.9953,0,-0.8182,94.155,-0.7603,1]},
{"frame":108,"values":[0.9968,0.0036,-0.0796,0,0.0008,0.9985,0.0556,0,-0.0797,0.0555,-0.9953,0,-0.8472,94.1523,-0.7647,1]},
{"frame":109,"values":[0.9968,0.0035,-0.0797,0,0.001,0.9985,0.0556,0,-0.0798,0.0555,-0.9953,0,-0.872,94.1502,-0.7814,1]},
{"frame":110,"values":[0.9968,0.0034,-0.08,0,0.0011,0.9984,0.0561,0,-0.08,0.056,-0.9952,0,-0.889,94.1474,-0.802,1]},
{"frame":111,"values":[0.9967,0.0033,-0.0808,0,0.0013,0.9984,0.057,0,-0.0809,0.057,-0.9951,0,-0.8977,94.1459,-0.8165,1]},
{"frame":112,"values":[0.9966,0.0033,-0.0822,0,0.0015,0.9983,0.0582,0,-0.0822,0.0581,-0.9949,0,-0.901,94.1456,-0.8286,1]},
{"frame":113,"values":[0.9965,0.0034,-0.0837,0,0.0016,0.9982,0.0594,0,-0.0837,0.0593,-0.9947,0,-0.9031,94.1443,-0.8454,1]},
{"frame":114,"values":[0.9964,0.0035,-0.0848,0,0.0016,0.9982,0.0606,0,-0.0849,0.0605,-0.9946,0,-0.9075,94.1412,-0.8627,1]},
{"frame":115,"values":[0.9963,0.0036,-0.0855,0,0.0017,0.9981,0.0616,0,-0.0856,0.0616,-0.9944,0,-0.9162,94.1381,-0.8712,1]},
{"frame":116,"values":[0.9963,0.0035,-0.0856,0,0.0019,0.998,0.0627,0,-0.0857,0.0627,-0.9944,0,-0.9293,94.1348,-0.8684,1]},
{"frame":117,"values":[0.9964,0.0036,-0.0849,0,0.0019,0.998,0.0639,0,-0.0849,0.0639,-0.9943,0,-0.9469,94.1288,-0.8579,1]},
{"frame":118,"values":[0.9965,0.0036,-0.0835,0,0.0019,0.9979,0.0653,0,-0.0836,0.0652,-0.9944,0,-0.9682,94.1195,-0.843,1]},
{"frame":119,"values":[0.9966,0.0035,-0.0819,0,0.002,0.9978,0.0666,0,-0.0819,0.0666,-0.9944,0,-0.9924,94.1103,-0.8259,1]},
{"frame":120,"values":[0.9968,0.0034,-0.0802,0,0.002,0.9977,0.0677,0,-0.0802,0.0676,-0.9945,0,-1.0185,94.1037,-0.8076,1]},
{"frame":121,"values":[0.9969,0.0035,-0.0787,0,0.0019,0.9977,0.0685,0,-0.0787,0.0684,-0.9945,0,-1.044,94.0974,-0.7888,1]},
{"frame":122,"values":[0.997,0.0037,-0.0773,0,0.0017,0.9976,0.0691,0,-0.0773,0.069,-0.9946,0,-1.0665,94.0884,-0.7717,1]},
{"frame":123,"values":[0.9971,0.0039,-0.0757,0,0.0014,0.9976,0.0696,0,-0.0758,0.0696,-0.9947,0,-1.0854,94.0779,-0.7571,1]},
{"frame":124,"values":[0.9973,0.0042,-0.0739,0,0.001,0.9975,0.0702,0,-0.074,0.0701,-0.9948,0,-1.1017,94.0679,-0.7387,1]},
{"frame":125,"values":[0.9974,0.0046,-0.0718,0,0.0005,0.9975,0.0711,0,-0.0719,0.0709,-0.9949,0,-1.1175,94.0589,-0.7105,1]},
{"frame":126,"values":[0.9976,0.005,-0.0693,0,0,0.9974,0.0721,0,-0.0695,0.072,-0.995,0,-1.1362,94.0514,-0.677,1]},
{"frame":127,"values":[0.9977,0.0054,-0.0669,0,-0.0004,0.9973,0.0732,0,-0.0671,0.073,-0.9951,0,-1.1597,94.048,-0.6495,1]},
{"frame":128,"values":[0.9979,0.0057,-0.065,0,-0.0008,0.9973,0.0739,0,-0.0653,0.0737,-0.9951,0,-1.1856,94.0483,-0.6316,1]},
{"frame":129,"values":[0.9979,0.0058,-0.0639,0,-0.0011,0.9972,0.0746,0,-0.0641,0.0744,-0.9952,0,-1.2124,94.0488,-0.6189,1]},
{"frame":130,"values":[0.998,0.0058,-0.0631,0,-0.001,0.9972,0.0754,0,-0.0634,0.0752,-0.9952,0,-1.2405,94.0488,-0.6069,1]},
{"frame":131,"values":[0.998,0.0054,-0.0625,0,-0.0006,0.9971,0.0766,0,-0.0627,0.0764,-0.9951,0,-1.269,94.0491,-0.593,1]},
{"frame":132,"values":[0.9981,0.005,-0.0621,0,-0.0002,0.9969,0.078,0,-0.0623,0.0779,-0.995,0,-1.2938,94.0486,-0.5719,1]},
{"frame":133,"values":[0.998,0.0049,-0.0623,0,0.0001,0.9968,0.0794,0,-0.0624,0.0792,-0.9949,0,-1.3122,94.0462,-0.5383,1]},
{"frame":134,"values":[0.998,0.0048,-0.0626,0,0.0003,0.9968,0.08,0,-0.0628,0.0799,-0.9948,0,-1.3246,94.0429,-0.4927,1]},
{"frame":135,"values":[0.998,0.0045,-0.0625,0,0.0005,0.9968,0.0793,0,-0.0627,0.0792,-0.9949,0,-1.3315,94.0392,-0.4418,1]},
{"frame":136,"values":[0.9981,0.0041,-0.0617,0,0.0007,0.997,0.077,0,-0.0618,0.0769,-0.9951,0,-1.3322,94.0352,-0.3955,1]},
{"frame":137,"values":[0.9982,0.0039,-0.0605,0,0.0005,0.9973,0.0733,0,-0.0606,0.0732,-0.9955,0,-1.326,94.0331,-0.3633,1]},
{"frame":138,"values":[0.9982,0.0042,-0.0598,0,-0.0001,0.9976,0.0692,0,-0.06,0.069,-0.9958,0,-1.3122,94.0351,-0.3498,1]},
{"frame":139,"values":[0.9982,0.0047,-0.0604,0,-0.0008,0.9978,0.0656,0,-0.0605,0.0655,-0.996,0,-1.2905,94.0413,-0.3495,1]},
{"frame":140,"values":[0.9981,0.0053,-0.0618,0,-0.0013,0.998,0.0632,0,-0.062,0.063,-0.9961,0,-1.2646,94.0494,-0.3517,1]},
{"frame":141,"values":[0.998,0.0057,-0.063,0,-0.0018,0.9981,0.062,0,-0.0632,0.0618,-0.9961,0,-1.2414,94.0556,-0.351,1]},
{"frame":142,"values":[0.998,0.0061,-0.0632,0,-0.0021,0.9981,0.0619,0,-0.0634,0.0616,-0.9961,0,-1.2263,94.0572,-0.347,1]},
{"frame":143,"values":[0.998,0.0061,-0.0625,0,-0.0022,0.9981,0.0622,0,-0.0627,0.0619,-0.9961,0,-1.2197,94.0542,-0.3399,1]},
{"frame":144,"values":[0.9981,0.006,-0.0616,0,-0.0022,0.998,0.0625,0,-0.0619,0.0623,-0.9961,0,-1.2184,94.0507,-0.3296,1]},
{"frame":145,"values":[0.9981,0.0059,-0.0611,0,-0.0021,0.998,0.0626,0,-0.0613,0.0623,-0.9962,0,-1.2198,94.0493,-0.3206,1]},
{"frame":146,"values":[0.9981,0.0059,-0.0608,0,-0.0021,0.9981,0.0622,0,-0.0611,0.062,-0.9962,0,-1.2237,94.0493,-0.3155,1]},
{"frame":147,"values":[0.9981,0.006,-0.0605,0,-0.0023,0.9981,0.0616,0,-0.0608,0.0613,-0.9963,0,-1.23,94.0492,-0.3079,1]},
{"frame":148,"values":[0.9982,0.0062,-0.0601,0,-0.0025,0.9981,0.061,0,-0.0603,0.0608,-0.9963,0,-1.2376,94.0494,-0.2915,1]},
{"frame":149,"values":[0.9982,0.0065,-0.0596,0,-0.0029,0.9981,0.061,0,-0.0599,0.0607,-0.9964,0,-1.2452,94.0496,-0.2672,1]},
{"frame":150,"values":[0.9982,0.007,-0.0595,0,-0.0033,0.9981,0.0613,0,-0.0598,0.061,-0.9963,0,-1.2527,94.0479,-0.2392,1]},
{"frame":151,"values":[0.9982,0.0073,-0.0596,0,-0.0037,0.9981,0.0615,0,-0.0599,0.0611,-0.9963,0,-1.2595,94.0449,-0.2103,1]},
{"frame":152,"values":[0.9982,0.0076,-0.0597,0,-0.0039,0.9981,0.0613,0,-0.06,0.0609,-0.9963,0,-1.2628,94.045,-0.1823,1]},
{"frame":153,"values":[0.9982,0.0078,-0.0597,0,-0.0041,0.9981,0.0611,0,-0.0601,0.0607,-0.9963,0,-1.2601,94.0485,-0.1541,1]},
{"frame":154,"values":[0.9982,0.0079,-0.0597,0,-0.0043,0.9981,0.061,0,-0.0601,0.0606,-0.9964,0,-1.2523,94.0509,-0.1215,1]},
{"frame":155,"values":[0.9982,0.0082,-0.0596,0,-0.0045,0.9982,0.0605,0,-0.0599,0.0601,-0.9964,0,-1.24,94.0516,-0.0838,1]},
{"frame":156,"values":[0.9982,0.0086,-0.0594,0,-0.0051,0.9982,0.0592,0,-0.0598,0.0588,-0.9965,0,-1.2214,94.0539,-0.0511,1]},
{"frame":157,"values":[0.9982,0.009,-0.0598,0,-0.0056,0.9983,0.0573,0,-0.0603,0.0569,-0.9966,0,-1.1947,94.0587,-0.0342,1]},
{"frame":158,"values":[0.9981,0.0091,-0.0611,0,-0.0057,0.9984,0.0555,0,-0.0615,0.0551,-0.9966,0,-1.1601,94.0655,-0.0321,1]},
{"frame":159,"values":[0.998,0.0092,-0.0628,0,-0.0057,0.9985,0.0544,0,-0.0632,0.054,-0.9965,0,-1.1205,94.0751,-0.0352,1]},
{"frame":160,"values":[0.9979,0.0092,-0.0641,0,-0.0058,0.9985,0.0538,0,-0.0645,0.0533,-0.9965,0,-1.08,94.0861,-0.0355,1]},
{"frame":161,"values":[0.9979,0.0092,-0.0645,0,-0.0058,0.9986,0.053,0,-0.0649,0.0525,-0.9965,0,-1.0423,94.0928,-0.0339,1]},
{"frame":162,"values":[0.9979,0.0089,-0.0641,0,-0.0056,0.9986,0.0521,0,-0.0644,0.0516,-0.9966,0,-1.0097,94.0932,-0.0352,1]},
{"frame":163,"values":[0.9979,0.0084,-0.0636,0,-0.0052,0.9987,0.0514,0,-0.0639,0.051,-0.9967,0,-0.98,94.0929,-0.0352,1]},
{"frame":164,"values":[0.9979,0.0077,-0.0639,0,-0.0044,0.9987,0.0512,0,-0.0642,0.0508,-0.9966,0,-0.9497,94.0941,-0.0228,1]},
{"frame":165,"values":[0.9978,0.0067,-0.0654,0,-0.0034,0.9987,0.0513,0,-0.0656,0.051,-0.9965,0,-0.9191,94.0911,0.0017,1]},
{"frame":166,"values":[0.9977,0.0056,-0.0675,0,-0.0021,0.9987,0.0516,0,-0.0677,0.0513,-0.9964,0,-0.8927,94.0828,0.0282,1]},
{"frame":167,"values":[0.9976,0.0044,-0.0693,0,-0.0008,0.9987,0.0519,0,-0.0694,0.0518,-0.9962,0,-0.875,94.0777,0.0534,1]},
{"frame":168,"values":[0.9975,0.003,-0.0703,0,0.0006,0.9986,0.0523,0,-0.0703,0.0523,-0.9962,0,-0.8667,94.0793,0.0794,1]},
{"frame":169,"values":[0.9975,0.0017,-0.0706,0,0.002,0.9986,0.0526,0,-0.0706,0.0526,-0.9961,0,-0.8674,94.0801,0.104,1]},
{"frame":170,"values":[0.9975,0.0004,-0.071,0,0.0033,0.9986,0.0521,0,-0.0709,0.0522,-0.9961,0,-0.876,94.0737,0.1218,1]},
{"frame":171,"values":[0.9974,-0.0006,-0.0716,0,0.0043,0.9987,0.0508,0,-0.0714,0.051,-0.9961,0,-0.8879,94.065,0.1293,1]},
{"frame":172,"values":[0.9974,-0.0013,-0.0723,0,0.0049,0.9988,0.0494,0,-0.0721,0.0496,-0.9962,0,-0.8974,94.0619,0.1241,1]},
{"frame":173,"values":[0.9973,-0.0016,-0.0733,0,0.0052,0.9988,0.0482,0,-0.0731,0.0485,-0.9961,0,-0.9023,94.0648,0.1035,1]},
{"frame":174,"values":[0.9972,-0.0019,-0.0744,0,0.0054,0.9989,0.0472,0,-0.0743,0.0475,-0.9961,0,-0.9047,94.0681,0.0643,1]},
{"frame":175,"values":[0.9971,-0.002,-0.0758,0,0.0055,0.9989,0.0467,0,-0.0757,0.047,-0.996,0,-0.9081,94.069,0.0071,1]},
{"frame":176,"values":[0.997,-0.0019,-0.0777,0,0.0056,0.9989,0.0472,0,-0.0775,0.0475,-0.9959,0,-0.916,94.071,-0.0594,1]},
{"frame":177,"values":[0.9968,-0.0019,-0.08,0,0.0058,0.9988,0.0485,0,-0.0798,0.0488,-0.9956,0,-0.9241,94.0763,-0.1264,1]},
{"frame":178,"values":[0.9966,-0.0018,-0.0818,0,0.0059,0.9987,0.0498,0,-0.0816,0.0501,-0.9954,0,-0.9174,94.0822,-0.1874,1]},
{"frame":179,"values":[0.9966,-0.0017,-0.0827,0,0.006,0.9987,0.0508,0,-0.0825,0.0512,-0.9953,0,-0.8893,94.086,-0.2411,1]},
{"frame":180,"values":[0.9965,-0.0016,-0.0832,0,0.006,0.9986,0.0518,0,-0.083,0.0521,-0.9952,0,-0.8495,94.0881,-0.2903,1]},
{"frame":181,"values":[0.9965,-0.0016,-0.0836,0,0.006,0.9986,0.0528,0,-0.0834,0.0531,-0.9951,0,-0.8048,94.0894,-0.3369,1]},
{"frame":182,"values":[0.9965,-0.0015,-0.0838,0,0.006,0.9985,0.0538,0,-0.0836,0.0542,-0.995,0,-0.7548,94.0901,-0.3812,1]},
{"frame":183,"values":[0.9965,-0.0014,-0.0837,0,0.006,0.9985,0.0548,0,-0.0835,0.0551,-0.995,0,-0.6998,94.0904,-0.4236,1]},
{"frame":184,"values":[0.9965,-0.0013,-0.0835,0,0.006,0.9984,0.0558,0,-0.0833,0.0561,-0.9949,0,-0.6409,94.0903,-0.4646,1]},
{"frame":185,"values":[0.9965,-0.0012,-0.0832,0,0.006,0.9984,0.0567,0,-0.083,0.057,-0.9949,0,-0.579,94.0901,-0.5044,1]},
{"frame":186,"values":[0.9966,-0.0011,-0.0827,0,0.0059,0.9983,0.0576,0,-0.0825,0.0579,-0.9949,0,-0.5148,94.0897,-0.5435,1]}],"loopBehavior":1,"name":"anim","property":"_matrix"}},
{"name":"Spine","index":1,"matrix":[0.9999,0.014,0.0054,0,-0.014,0.9999,-0.0079,0,-0.0055,0.0079,1,0,0,9.2263,1.5771,1],"rest":[1,0,0,0,0,1,0,0,0,0,1,0,0,9.2263,1.5771,1],"parentBoneIndex":0,"length":16.2548
,"animation":{"dataType":3,"framePerSecond":24,"keys":[
{"frame":1,"values":[0.9999,0.014,0.0054,0,-0.014,0.9999,-0.0079,0,-0.0055,0.0079,1,0,0,9.2263,1.5771,1]},
{"frame":2,"values":[0.9999,0.0149,0.0057,0,-0.0148,0.9999,-0.0075,0,-0.0058,0.0074,1,0,0,9.2263,1.5771,1]},
{"frame":3,"values":[0.9999,0.0158,0.0056,0,-0.0158,0.9998,-0.0077,0,-0.0058,0.0076,1,0,0,9.2263,1.5771,1]},
{"frame":4,"values":[0.9998,0.0167,0.0052,0,-0.0167,0.9998,-0.0084,0,-0.0054,0.0083,1,0,0,9.2263,1.5771,1]},
{"frame":5,"values":[0.9998,0.0173,0.0047,0,-0.0172,0.9998,-0.0089,0,-0.0048,0.0088,0.9999,0,0,9.2263,1.5771,1]},
{"frame":6,"values":[0.9998,0.0172,0.0043,0,-0.0172,0.9998,-0.0095,0,-0.0044,0.0094,0.9999,0,0,9.2263,1.5771,1]},
{"frame":7,"values":[0.9998,0.017,0.004,0,-0.017,0.9998,-0.0101,0,-0.0042,0.0101,0.9999,0,0,9.2263,1.5771,1]},
{"frame":8,"values":[0.9998,0.0172,0.0039,0,-0.0172,0.9998,-0.0102,0,-0.0041,0.0101,0.9999,0,0,9.2263,1.5771,1]},
{"frame":9,"values":[0.9998,0.0175,0.0039,0,-0.0175,0.9998,-0.0095,0,-0.0041,0.0094,0.9999,0,0,9.2263,1.5771,1]},
{"frame":10,"values":[0.9998,0.0172,0.0039,0,-0.0171,0.9998,-0.0084,0,-0.0041,0.0084,1,0,0,9.2263,1.5771,1]},
{"frame":11,"values":[0.9999,0.0161,0.0039,0,-0.0161,0.9998,-0.0079,0,-0.004,0.0078,1,0,0,9.2263,1.5771,1]},
{"frame":12,"values":[0.9999,0.0148,0.0037,0,-0.0148,0.9999,-0.0081,0,-0.0038,0.008,1,0,0,9.2263,1.5771,1]},
{"frame":13,"values":[0.9999,0.0135,0.0033,0,-0.0135,0.9999,-0.0086,0,-0.0034,0.0086,1,0,0,9.2263,1.5771,1]},
{"frame":14,"values":[0.9999,0.0124,0.0027,0,-0.0123,0.9999,-0.0092,0,-0.0028,0.0091,1,0,0,9.2263,1.5771,1]},
{"frame":15,"values":[0.9999,0.0111,0.0023,0,-0.0111,0.9999,-0.0101,0,-0.0024,0.0101,0.9999,0,0,9.2263,1.5771,1]},
{"frame":16,"values":[1,0.0098,0.0021,0,-0.0097,0.9999,-0.0116,0,-0.0022,0.0116,0.9999,0,0,9.2263,1.5771,1]},
{"frame":17,"values":[1,0.0084,0.0021,0,-0.0084,0.9999,-0.0131,0,-0.0022,0.0131,0.9999,0,0,9.2263,1.5771,1]},
{"frame":18,"values":[1,0.0072,0.0022,0,-0.0072,0.9999,-0.0139,0,-0.0023,0.0139,0.9999,0,0,9.2263,1.5771,1]},
{"frame":19,"values":[1,0.0062,0.0023,0,-0.0061,0.9999,-0.014,0,-0.0024,0.014,0.9999,0,0,9.2263,1.5771,1]},
{"frame":20,"values":[1,0.0054,0.0023,0,-0.0054,0.9999,-0.0135,0,-0.0024,0.0135,0.9999,0,0,9.2263,1.5771,1]},
{"frame":21,"values":[1,0.0049,0.0021,0,-0.0049,0.9999,-0.0127,0,-0.0022,0.0127,0.9999,0,0,9.2263,1.5771,1]},
{"frame":22,"values":[1,0.0048,0.0016,0,-0.0048,0.9999,-0.012,0,-0.0017,0.012,0.9999,0,0,9.2263,1.5771,1]},
{"frame":23,"values":[1,0.0051,0.0012,0,-0.0051,0.9999,-0.0116,0,-0.0012,0.0116,0.9999,0,0,9.2263,1.5771,1]},
{"frame":24,"values":[1,0.0054,0.0009,0,-0.0053,0.9999,-0.0112,0,-0.001,0.0112,0.9999,0,0,9.2263,1.5771,1]},
{"frame":25,"values":[1,0.0054,0.001,0,-0.0054,0.9999,-0.0109,0,-0.001,0.0109,0.9999,0,0,9.2263,1.5771,1]},
{"frame":26,"values":[1,0.0051,0.0012,0,-0.0051,0.9999,-0.0107,0,-0.0012,0.0106,0.9999,0,0,9.2263,1.5771,1]},
{"frame":27,"values":[1,0.0047,0.0014,0,-0.0047,0.9999,-0.0104,0,-0.0014,0.0104,0.9999,0,0,9.2263,1.5771,1]},
{"frame":28,"values":[1,0.0046,0.0016,0,-0.0046,0.9999,-0.0098,0,-0.0016,0.0098,1,0,0,9.2263,1.5771,1]},
{"frame":29,"values":[1,0.0047,0.0017,0,-0.0046,1,-0.0086,0,-0.0018,0.0086,1,0,0,9.2263,1.5771,1]},
{"frame":30,"values":[1,0.0049,0.0019,0,-0.0048,1,-0.007,0,-0.002,0.007,1,0,0,9.2263,1.5771,1]},
{"frame":31,"values":[1,0.0049,0.0022,0,-0.0048,1,-0.0055,0,-0.0022,0.0054,1,0,0,9.2263,1.5771,1]},
{"frame":32,"values":[1,0.0046,0.0026,0,-0.0046,1,-0.0044,0,-0.0026,0.0044,1,0,0,9.2263,1.5771,1]},
{"frame":33,"values":[1,0.0043,0.003,0,-0.0043,1,-0.0038,0,-0.003,0.0037,1,0,0,9.2263,1.5771,1]},
{"frame":34,"values":[1,0.004,0.0032,0,-0.004,1,-0.0031,0,-0.0032,0.0031,1,0,0,9.2263,1.5771,1]},
{"frame":35,"values":[1,0.0038,0.0032,0,-0.0037,1,-0.0025,0,-0.0032,0.0025,1,0,0,9.2263,1.5771,1]},
{"frame":36,"values":[1,0.0038,0.0031,0,-0.0038,1,-0.0024,0,-0.0031,0.0024,1,0,0,9.2263,1.5771,1]},
{"frame":37,"values":[1,0.0041,0.0031,0,-0.0041,1,-0.003,0,-0.0031,0.003,1,0,0,9.2263,1.5771,1]},
{"frame":38,"values":[1,0.0043,0.0031,0,-0.0042,1,-0.0042,0,-0.0031,0.0042,1,0,0,9.2263,1.5771,1]},
{"frame":39,"values":[1,0.004,0.0031,0,-0.004,1,-0.0053,0,-0.0031,0.0053,1,0,0,9.2263,1.5771,1]},
{"frame":40,"values":[1,0.0035,0.0032,0,-0.0035,1,-0.0059,0,-0.0032,0.0059,1,0,0,9.2263,1.5771,1]},
{"frame":41,"values":[1,0.0031,0.0035,0,-0.0031,1,-0.006,0,-0.0035,0.006,1,0,0,9.2263,1.5771,1]},
{"frame":42,"values":[1,0.0029,0.0041,0,-0.0028,1,-0.0059,0,-0.0041,0.0059,1,0,0,9.2263,1.5771,1]},
{"frame":43,"values":[1,0.0027,0.0048,0,-0.0027,1,-0.0062,0,-0.0048,0.0062,1,0,0,9.2263,1.5771,1]},
{"frame":44,"values":[1,0.0027,0.0054,0,-0.0027,1,-0.0073,0,-0.0055,0.0072,1,0,0,9.2263,1.5771,1]},
{"frame":45,"values":[1,0.003,0.0058,0,-0.003,1,-0.0089,0,-0.0058,0.0089,0.9999,0,0,9.2263,1.5771,1]},
{"frame":46,"values":[1,0.0035,0.0059,0,-0.0035,0.9999,-0.0105,0,-0.0059,0.0105,0.9999,0,0,9.2263,1.5771,1]},
{"frame":47,"values":[1,0.0042,0.0058,0,-0.0041,0.9999,-0.0112,0,-0.0058,0.0112,0.9999,0,0,9.2263,1.5771,1]},
{"frame":48,"values":[1,0.005,0.0055,0,-0.0049,0.9999,-0.011,0,-0.0056,0.0109,0.9999,0,0,9.2263,1.5771,1]},
{"frame":49,"values":[1,0.0058,0.0052,0,-0.0057,0.9999,-0.0102,0,-0.0053,0.0102,0.9999,0,0,9.2263,1.5771,1]},
{"frame":50,"values":[1,0.0066,0.0051,0,-0.0065,0.9999,-0.0093,0,-0.0051,0.0093,0.9999,0,0,9.2263,1.5771,1]},
{"frame":51,"values":[1,0.0074,0.005,0,-0.0073,0.9999,-0.0085,0,-0.0051,0.0084,1,0,0,9.2263,1.5771,1]},
{"frame":52,"values":[1,0.0083,0.005,0,-0.0083,0.9999,-0.0077,0,-0.0051,0.0076,1,0,0,9.2263,1.5771,1]},
{"frame":53,"values":[0.9999,0.0094,0.005,0,-0.0093,0.9999,-0.0069,0,-0.0051,0.0068,1,0,0,9.2263,1.5771,1]},
{"frame":54,"values":[0.9999,0.0105,0.005,0,-0.0105,0.9999,-0.0062,0,-0.0051,0.0062,1,0,0,9.2263,1.5771,1]},
{"frame":55,"values":[0.9999,0.0116,0.0051,0,-0.0116,0.9999,-0.0058,0,-0.0051,0.0057,1,0,0,9.2263,1.5771,1]},
{"frame":56,"values":[0.9999,0.0126,0.0052,0,-0.0126,0.9999,-0.0057,0,-0.0053,0.0056,1,0,0,9.2263,1.5771,1]},
{"frame":57,"values":[0.9999,0.0136,0.0053,0,-0.0135,0.9999,-0.0058,0,-0.0054,0.0057,1,0,0,9.2263,1.5771,1]},
{"frame":58,"values":[0.9999,0.0144,0.0055,0,-0.0143,0.9999,-0.0061,0,-0.0056,0.006,1,0,0,9.2263,1.5771,1]},
{"frame":59,"values":[0.9999,0.0151,0.0057,0,-0.0151,0.9999,-0.0063,0,-0.0058,0.0062,1,0,0,9.2263,1.5771,1]},
{"frame":60,"values":[0.9999,0.0159,0.0058,0,-0.0159,0.9999,-0.0066,0,-0.0059,0.0065,1,0,0,9.2263,1.5771,1]},
{"frame":61,"values":[0.9998,0.0169,0.0059,0,-0.0168,0.9998,-0.0069,0,-0.0061,0.0068,1,0,0,9.2263,1.5771,1]},
{"frame":62,"values":[0.9998,0.0179,0.0061,0,-0.0178,0.9998,-0.0073,0,-0.0063,0.0072,1,0,0,9.2263,1.5771,1]},
{"frame":63,"values":[0.9998,0.0187,0.0065,0,-0.0186,0.9998,-0.0078,0,-0.0067,0.0076,0.9999,0,0,9.2263,1.5771,1]},
{"frame":64,"values":[0.9998,0.0192,0.0071,0,-0.0191,0.9998,-0.0081,0,-0.0072,0.0079,0.9999,0,0,9.2263,1.5771,1]},
{"frame":65,"values":[0.9998,0.0196,0.0077,0,-0.0195,0.9998,-0.0084,0,-0.0079,0.0082,0.9999,0,0,9.2263,1.5771,1]},
{"frame":66,"values":[0.9998,0.0198,0.0083,0,-0.0198,0.9998,-0.0089,0,-0.0085,0.0087,0.9999,0,0,9.2263,1.5771,1]},
{"frame":67,"values":[0.9998,0.0198,0.0087,0,-0.0197,0.9998,-0.0094,0,-0.0088,0.0093,0.9999,0,0,9.2263,1.5771,1]},
{"frame":68,"values":[0.9998,0.0195,0.0089,0,-0.0194,0.9998,-0.0099,0,-0.0091,0.0098,0.9999,0,0,9.2263,1.5771,1]},
{"frame":69,"values":[0.9998,0.0191,0.009,0,-0.019,0.9998,-0.0111,0,-0.0092,0.011,0.9999,0,0,9.2263,1.5771,1]},
{"frame":70,"values":[0.9998,0.0188,0.0091,0,-0.0187,0.9997,-0.0132,0,-0.0093,0.0131,0.9999,0,0,9.2263,1.5771,1]},
{"frame":71,"values":[0.9998,0.0186,0.0091,0,-0.0184,0.9997,-0.0152,0,-0.0094,0.0151,0.9998,0,0,9.2263,1.5771,1]},
{"frame":72,"values":[0.9998,0.0184,0.0093,0,-0.0183,0.9997,-0.0161,0,-0.0096,0.016,0.9998,0,0,9.2263,1.5771,1]},
{"frame":73,"values":[0.9998,0.0181,0.0095,0,-0.0179,0.9997,-0.016,0,-0.0098,0.0158,0.9998,0,0,9.2263,1.5771,1]},
{"frame":74,"values":[0.9998,0.0175,0.0097,0,-0.0173,0.9997,-0.0152,0,-0.0099,0.015,0.9998,0,0,9.2263,1.5771,1]},
{"frame":75,"values":[0.9998,0.0168,0.0098,0,-0.0167,0.9998,-0.0139,0,-0.01,0.0137,0.9999,0,0,9.2263,1.5771,1]},
{"frame":76,"values":[0.9998,0.0162,0.0099,0,-0.0161,0.9998,-0.0125,0,-0.0101,0.0124,0.9999,0,0,9.2263,1.5771,1]},
{"frame":77,"values":[0.9998,0.0156,0.01,0,-0.0155,0.9998,-0.0116,0,-0.0102,0.0114,0.9999,0,0,9.2263,1.5771,1]},
{"frame":78,"values":[0.9998,0.0151,0.0101,0,-0.015,0.9998,-0.0112,0,-0.0103,0.011,0.9999,0,0,9.2263,1.5771,1]},
{"frame":79,"values":[0.9998,0.0146,0.0102,0,-0.0145,0.9998,-0.0108,0,-0.0104,0.0107,0.9999,0,0,9.2263,1.5771,1]},
{"frame":80,"values":[0.9998,0.0141,0.0103,0,-0.0139,0.9998,-0.0103,0,-0.0105,0.0102,0.9999,0,0,9.2263,1.5771,1]},
{"frame":81,"values":[0.9999,0.0134,0.0104,0,-0.0133,0.9999,-0.0095,0,-0.0105,0.0094,0.9999,0,0,9.2263,1.5771,1]},
{"frame":82,"values":[0.9999,0.0129,0.0105,0,-0.0128,0.9999,-0.0085,0,-0.0106,0.0084,0.9999,0,0,9.2263,1.5771,1]},
{"frame":83,"values":[0.9999,0.0127,0.0104,0,-0.0126,0.9999,-0.0078,0,-0.0105,0.0077,0.9999,0,0,9.2263,1.5771,1]},
{"frame":84,"values":[0.9999,0.0125,0.0104,0,-0.0124,0.9999,-0.0079,0,-0.0105,0.0078,0.9999,0,0,9.2263,1.5771,1]},
{"frame":85,"values":[0.9999,0.0122,0.0104,0,-0.0121,0.9999,-0.0088,0,-0.0105,0.0086,0.9999,0,0,9.2263,1.5771,1]},
{"frame":86,"values":[0.9999,0.0118,0.0103,0,-0.0117,0.9999,-0.01,0,-0.0104,0.0099,0.9999,0,0,9.2263,1.5771,1]},
{"frame":87,"values":[0.9999,0.0114,0.01,0,-0.0113,0.9999,-0.0117,0,-0.0101,0.0116,0.9999,0,0,9.2263,1.5771,1]},
{"frame":88,"values":[0.9999,0.011,0.0096,0,-0.0108,0.9998,-0.0137,0,-0.0098,0.0136,0.9999,0,0,9.2263,1.5771,1]},
{"frame":89,"values":[0.9999,0.0104,0.0093,0,-0.0103,0.9998,-0.0154,0,-0.0095,0.0153,0.9998,0,0,9.2263,1.5771,1]},
