{"producer":{"name":"Blender","version":"2.90.0","exporter_version":"2.80.1","file":"fight_punchleft.babylon"},
"autoClear":true,"clearColor":[0.0509,0.0509,0.0509],"gravity":[0,-9.81,0],
"materials":[{"name":"Material","id":"Material","customType":"BABYLON.PBRMaterial","backFaceCulling":true,"checkReadyOnlyOnce":false,"maxSimultaneousLights":4,"environmentIntensity":1,"albedo":[0.8,0.8,0.8],"reflectivity":[0.5,0.5,0.5],"roughness":0.4,"alpha":1,"transparencyMode":0,"alphaCutOff":0.4,"metallic":0}],
"multiMaterials":[],
"skeletons":[{"name":"Armature","id":0,"dimensionsAtRest":[128.1663,151.4482,19.1351],"bones":[
{"name":"Hips","index":0,"matrix":[0.8211,-0.0096,-0.5706,0,0.0282,0.9993,0.0238,0,-0.57,0.0356,-0.8209,0,-1.2779,68.8561,-1.088,1],"rest":[1,0,0,0,0,1,0,0,0,0,-1,0,0,81.0629,0,1],"parentBoneIndex":-1,"length":7.701
,"animation":{"dataType":3,"framePerSecond":24,"keys":[
{"frame":1,"values":[0.8211,-0.0096,-0.5706,0,0.0282,0.9993,0.0238,0,-0.57,0.0356,-0.8209,0,-1.2779,68.8561,-1.088,1]},
{"frame":2,"values":[0.824,-0.0058,-0.5665,0,0.0309,0.9989,0.0347,0,-0.5657,0.0462,-0.8233,0,-1.2445,68.2677,-1.9928,1]},
{"frame":3,"values":[0.8166,0.0025,-0.5771,0,0.034,0.998,0.0524,0,-0.5762,0.0624,-0.815,0,-1.1607,67.5628,-3.557,1]},
{"frame":4,"values":[0.7932,0.0125,-0.6088,0,0.0368,0.997,0.0683,0,-0.6078,0.0766,-0.7904,0,-0.9577,66.7042,-6.102,1]},
{"frame":5,"values":[0.7411,0.0266,-0.6709,0,0.027,0.9972,0.0694,0,-0.6708,0.0696,-0.7383,0,-0.5309,66.1185,-9.6711,1]},
{"frame":6,"values":[0.6591,0.0335,-0.7513,0,0.0065,0.9987,0.0503,0,-0.752,0.0381,-0.658,0,0.1086,66.3014,-13.5859,1]},
{"frame":7,"values":[0.5643,0.0213,-0.8253,0,-0.014,0.9998,0.0162,0,-0.8254,-0.0024,-0.5645,0,1.061,66.9414,-17.3007,1]},
{"frame":8,"values":[0.4771,-0.0132,-0.8787,0,-0.0258,0.9992,-0.029,0,-0.8785,-0.0365,-0.4764,0,2.3046,67.4059,-20.6976,1]},
{"frame":9,"values":[0.4178,-0.0569,-0.9068,0,-0.0282,0.9967,-0.0756,0,-0.9081,-0.0571,-0.4148,0,3.8002,66.8963,-24.8134,1]},
{"frame":10,"values":[0.3936,-0.0872,-0.9152,0,-0.0251,0.9941,-0.1055,0,-0.919,-0.0645,-0.389,0,5.4338,65.3049,-29.7718,1]},
{"frame":11,"values":[0.3858,-0.0906,-0.9181,0,-0.0239,0.9939,-0.1081,0,-0.9223,-0.0636,-0.3813,0,7.0321,63.5853,-33.9598,1]},
{"frame":12,"values":[0.3787,-0.085,-0.9216,0,-0.0248,0.9945,-0.1019,0,-0.9252,-0.0614,-0.3745,0,8.3138,62.3995,-37.1207,1]},
{"frame":13,"values":[0.3723,-0.0874,-0.924,0,-0.027,0.9941,-0.1049,0,-0.9277,-0.064,-0.3678,0,8.8662,61.8375,-39.4318,1]},
{"frame":14,"values":[0.3668,-0.0941,-0.9255,0,-0.0287,0.9932,-0.1124,0,-0.9299,-0.0678,-0.3616,0,8.9359,61.6612,-41.0087,1]},
{"frame":15,"values":[0.3581,-0.0967,-0.9287,0,-0.0234,0.9934,-0.1125,0,-0.9334,-0.062,-0.3535,0,8.7888,61.6459,-41.7722,1]},
{"frame":16,"values":[0.3454,-0.0931,-0.9338,0,-0.0109,0.9946,-0.1032,0,-0.9384,-0.0458,-0.3425,0,8.3533,61.7897,-41.7319,1]},
{"frame":17,"values":[0.3357,-0.0825,-0.9383,0,0.0022,0.9962,-0.0868,0,-0.942,-0.0271,-0.3347,0,7.6005,62.1886,-40.8944,1]},
{"frame":18,"values":[0.3392,-0.0632,-0.9386,0,0.0125,0.998,-0.0627,0,-0.9406,-0.0095,-0.3393,0,6.6657,62.9741,-39.2376,1]},
{"frame":19,"values":[0.3631,-0.035,-0.9311,0,0.0149,0.9994,-0.0317,0,-0.9316,0.0024,-0.3634,0,5.6141,64.2328,-36.7061,1]},
{"frame":20,"values":[0.4086,-0.0042,-0.9127,0,0.0032,1,-0.0031,0,-0.9127,0.0016,-0.4086,0,4.5175,65.9505,-33.3791,1]},
{"frame":21,"values":[0.4719,0.0225,-0.8814,0,-0.021,0.9997,0.0142,0,-0.8814,-0.0118,-0.4722,0,3.637,67.7831,-29.7339,1]},
{"frame":22,"values":[0.5359,0.0413,-0.8433,0,-0.0428,0.9988,0.0217,0,-0.8432,-0.0244,-0.537,0,3.1585,69.4431,-26.4201,1]},
{"frame":23,"values":[0.5793,0.0473,-0.8138,0,-0.0477,0.9986,0.0241,0,-0.8137,-0.0249,-0.5807,0,3.0703,70.7407,-23.5629,1]},
{"frame":24,"values":[0.5948,0.0435,-0.8027,0,-0.0405,0.9989,0.0241,0,-0.8028,-0.0182,-0.5959,0,3.2377,71.6948,-21.3204,1]},
{"frame":25,"values":[0.5893,0.0274,-0.8074,0,-0.0259,0.9996,0.0149,0,-0.8075,-0.0121,-0.5898,0,3.4565,72.3278,-19.4254,1]},
{"frame":26,"values":[0.5804,-0.0001,-0.8143,0,-0.0057,1,-0.0041,0,-0.8143,-0.007,-0.5804,0,3.5165,72.6522,-17.6249,1]},
{"frame":27,"values":[0.5848,-0.0299,-0.8106,0,0.0162,0.9996,-0.0251,0,-0.811,-0.0016,-0.585,0,3.3051,72.4751,-15.7754,1]},
{"frame":28,"values":[0.6043,-0.0447,-0.7955,0,0.0325,0.999,-0.0314,0,-0.7961,0.0069,-0.6052,0,2.8826,71.6909,-13.665,1]},
{"frame":29,"values":[0.6331,-0.0371,-0.7732,0,0.0401,0.9991,-0.0151,0,-0.773,0.0214,-0.634,0,2.2516,70.7972,-11.3413,1]},
{"frame":30,"values":[0.6681,-0.0202,-0.7438,0,0.0413,0.9991,0.0099,0,-0.7429,0.0374,-0.6684,0,1.3903,69.9493,-8.8222,1]},
{"frame":31,"values":[0.7049,-0.0068,-0.7093,0,0.0397,0.9988,0.0299,0,-0.7082,0.0493,-0.7043,0,0.5686,69.3014,-6.3506,1]},
{"frame":32,"values":[0.7319,0.0032,-0.6815,0,0.0358,0.9984,0.0431,0,-0.6805,0.0559,-0.7306,0,-0.0316,69.0322,-4.1146,1]},
{"frame":33,"values":[0.7472,0.0155,-0.6644,0,0.0243,0.9984,0.0507,0,-0.6641,0.054,-0.7457,0,-0.4876,69.2515,-2.1738,1]},
{"frame":34,"values":[0.7623,0.0309,-0.6465,0,0.006,0.9985,0.0548,0,-0.6472,0.0456,-0.7609,0,-0.8396,69.7793,-0.6506,1]},
{"frame":35,"values":[0.7814,0.0411,-0.6227,0,-0.0082,0.9984,0.0556,0,-0.624,0.0383,-0.7805,0,-1.0735,70.3758,0.3644,1]},
{"frame":36,"values":[0.7972,0.0415,-0.6023,0,-0.0128,0.9986,0.0519,0,-0.6036,0.0337,-0.7966,0,-1.229,70.8766,0.997,1]},
{"frame":37,"values":[0.804,0.0345,-0.5936,0,-0.0106,0.999,0.0438,0,-0.5945,0.029,-0.8036,0,-1.3306,71.2049,1.3766,1]},
{"frame":38,"values":[0.8024,0.0233,-0.5963,0,-0.0048,0.9995,0.0326,0,-0.5968,0.0233,-0.8021,0,-1.3768,71.2332,1.4272,1]},
{"frame":39,"values":[0.7967,0.0109,-0.6043,0,0.0024,0.9998,0.0211,0,-0.6044,0.0182,-0.7965,0,-1.3871,70.9693,1.1897,1]},
{"frame":40,"values":[0.794,0.0003,-0.608,0,0.0102,0.9999,0.0138,0,-0.6079,0.0172,-0.7938,0,-1.3775,70.5,0.7598,1]},
{"frame":41,"values":[0.8001,-0.006,-0.5998,0,0.0178,0.9997,0.0139,0,-0.5995,0.0218,-0.8,0,-1.3524,69.9613,0.2282,1]},
{"frame":42,"values":[0.8118,-0.0088,-0.5839,0,0.024,0.9995,0.0183,0,-0.5835,0.0289,-0.8116,0,-1.3135,69.4106,-0.3937,1]},
{"frame":43,"values":[0.8211,-0.0096,-0.5706,0,0.0282,0.9993,0.0238,0,-0.57,0.0356,-0.8209,0,-1.2779,68.8561,-1.088,1]}],"loopBehavior":1,"name":"anim","property":"_matrix"}},
{"name":"Spine","index":1,"matrix":[0.9991,0.0356,-0.0224,0,-0.0336,0.9961,0.0818,0,0.0253,-0.081,0.9964,0,0.009,7.0626,-0.9847,1],"rest":[1,0,0,0,0,1,0,0,0,0,1,0,0.009,7.0626,-0.9847,1],"parentBoneIndex":0,"length":8.3194
,"animation":{"dataType":3,"framePerSecond":24,"keys":[
{"frame":1,"values":[0.9991,0.0356,-0.0224,0,-0.0336,0.9961,0.0818,0,0.0253,-0.081,0.9964,0,0.009,7.0626,-0.9847,1]},
{"frame":2,"values":[0.9991,0.0353,-0.0245,0,-0.0331,0.9956,0.0882,0,0.0275,-0.0873,0.9958,0,0.009,7.0626,-0.9847,1]},
{"frame":3,"values":[0.9989,0.0373,-0.0286,0,-0.0343,0.9944,0.1001,0,0.0322,-0.099,0.9946,0,0.009,7.0626,-0.9847,1]},
{"frame":4,"values":[0.9986,0.04,-0.0356,0,-0.0357,0.993,0.1126,0,0.0399,-0.1111,0.993,0,0.009,7.0626,-0.9847,1]},
{"frame":5,"values":[0.9984,0.0348,-0.0436,0,-0.0295,0.9927,0.1169,0,0.0473,-0.1154,0.9922,0,0.009,7.0626,-0.9847,1]},
{"frame":6,"values":[0.9988,0.0168,-0.0468,0,-0.0114,0.9935,0.1134,0,0.0484,-0.1127,0.9925,0,0.009,7.0626,-0.9847,1]},
{"frame":7,"values":[0.999,-0.0094,-0.043,0,0.0141,0.9937,0.1107,0,0.0417,-0.1112,0.9929,0,0.009,7.0626,-0.9847,1]},
{"frame":8,"values":[0.999,-0.0296,-0.0329,0,0.0331,0.9933,0.1106,0,0.0294,-0.1116,0.9933,0,0.009,7.0626,-0.9847,1]},
{"frame":9,"values":[0.9993,-0.0321,-0.0177,0,0.0339,0.9935,0.1086,0,0.0141,-0.1091,0.9939,0,0.009,7.0626,-0.9847,1]},
{"frame":10,"values":[0.9997,-0.0256,-0.0022,0,0.0257,0.9937,0.1095,0,-0.0006,-0.1095,0.994,0,0.009,7.0626,-0.9847,1]},
{"frame":11,"values":[0.9995,-0.0321,0.0068,0,0.031,0.9919,0.1231,0,-0.0107,-0.1228,0.9924,0,0.009,7.0626,-0.9847,1]},
{"frame":12,"values":[0.9989,-0.0463,0.0043,0,0.0452,0.9886,0.1437,0,-0.0109,-0.1433,0.9896,0,0.009,7.0626,-0.9847,1]},
{"frame":13,"values":[0.9986,-0.0524,-0.0068,0,0.0528,0.9864,0.1559,0,-0.0014,-0.1561,0.9877,0,0.009,7.0626,-0.9847,1]},
{"frame":14,"values":[0.9986,-0.0491,-0.0181,0,0.0513,0.9861,0.1579,0,0.0101,-0.1587,0.9873,0,0.009,7.0626,-0.9847,1]},
{"frame":15,"values":[0.9986,-0.0462,-0.024,0,0.0494,0.9862,0.1578,0,0.0164,-0.1588,0.9872,0,0.009,7.0626,-0.9847,1]},
{"frame":16,"values":[0.9986,-0.046,-0.0249,0,0.0494,0.9862,0.1577,0,0.0173,-0.1588,0.9872,0,0.009,7.0626,-0.9847,1]},
{"frame":17,"values":[0.9987,-0.0439,-0.0241,0,0.0471,0.9868,0.1546,0,0.017,-0.1556,0.9877,0,0.009,7.0626,-0.9847,1]},
{"frame":18,"values":[0.999,-0.0384,-0.0241,0,0.0416,0.988,0.1484,0,0.0181,-0.1493,0.9886,0,0.009,7.0626,-0.9847,1]},
{"frame":19,"values":[0.9991,-0.0337,-0.0251,0,0.0369,0.9895,0.14,0,0.0201,-0.1408,0.9898,0,0.009,7.0626,-0.9847,1]},
{"frame":20,"values":[0.9992,-0.0301,-0.0266,0,0.0333,0.9911,0.1289,0,0.0224,-0.1297,0.9913,0,0.009,7.0626,-0.9847,1]},
{"frame":21,"values":[0.9993,-0.0248,-0.0268,0,0.0278,0.9929,0.1155,0,0.0238,-0.1162,0.9929,0,0.009,7.0626,-0.9847,1]},
{"frame":22,"values":[0.9995,-0.0187,-0.0251,0,0.0212,0.9942,0.1056,0,0.023,-0.1061,0.9941,0,0.009,7.0626,-0.9847,1]},
{"frame":23,"values":[0.9996,-0.0129,-0.0234,0,0.0153,0.9943,0.1054,0,0.0219,-0.1057,0.9942,0,0.009,7.0626,-0.9847,1]},
{"frame":24,"values":[0.9997,-0.0092,-0.0225,0,0.0117,0.9936,0.112,0,0.0213,-0.1122,0.9935,0,0.009,7.0626,-0.9847,1]},
{"frame":25,"values":[0.9998,-0.0047,-0.0207,0,0.0071,0.993,0.1177,0,0.02,-0.1179,0.9928,0,0.009,7.0626,-0.9847,1]},
{"frame":26,"values":[0.9999,0.0011,-0.0171,0,0.0009,0.993,0.1178,0,0.0172,-0.1178,0.9929,0,0.009,7.0626,-0.9847,1]},
{"frame":27,"values":[0.9999,0.0067,-0.0135,0,-0.0051,0.9935,0.1137,0,0.0141,-0.1136,0.9934,0,0.009,7.0626,-0.9847,1]},
{"frame":28,"values":[0.9999,0.0085,-0.0126,0,-0.0071,0.9939,0.1102,0,0.0135,-0.1101,0.9938,0,0.009,7.0626,-0.9847,1]},
{"frame":29,"values":[0.9999,0.005,-0.0154,0,-0.0033,0.994,0.1092,0,0.0158,-0.1091,0.9939,0,0.009,7.0626,-0.9847,1]},
{"frame":30,"values":[0.9998,0.0022,-0.0194,0,-0.0001,0.9942,0.1076,0,0.0196,-0.1076,0.994,0,0.009,7.0626,-0.9847,1]},
{"frame":31,"values":[0.9997,0.007,-0.0228,0,-0.0046,0.9946,0.1037,0,0.0234,-0.1035,0.9944,0,0.009,7.0626,-0.9847,1]},
{"frame":32,"values":[0.9995,0.0161,-0.026,0,-0.0135,0.995,0.0988,0,0.0275,-0.0984,0.9948,0,0.009,7.0626,-0.9847,1]},
{"frame":33,"values":[0.9993,0.0224,-0.0288,0,-0.0196,0.9955,0.0931,0,0.0308,-0.0924,0.9952,0,0.009,7.0626,-0.9847,1]},
{"frame":34,"values":[0.9993,0.0244,-0.0295,0,-0.0218,0.9961,0.0858,0,0.0315,-0.0851,0.9959,0,0.009,7.0626,-0.9847,1]},
{"frame":35,"values":[0.9993,0.027,-0.0276,0,-0.0248,0.9966,0.0784,0,0.0296,-0.0776,0.9965,0,0.009,7.0626,-0.9847,1]},
{"frame":36,"values":[0.9992,0.031,-0.0249,0,-0.0291,0.9969,0.0734,0,0.0271,-0.0726,0.997,0,0.009,7.0626,-0.9847,1]},
{"frame":37,"values":[0.9991,0.0341,-0.0234,0,-0.0324,0.9969,0.0712,0,0.0257,-0.0704,0.9972,0,0.009,7.0626,-0.9847,1]},
{"frame":38,"values":[0.9991,0.0362,-0.0232,0,-0.0345,0.997,0.07,0,0.0257,-0.0691,0.9973,0,0.009,7.0626,-0.9847,1]},
{"frame":39,"values":[0.999,0.0381,-0.0236,0,-0.0364,0.997,0.0688,0,0.0261,-0.0678,0.9974,0,0.009,7.0626,-0.9847,1]},
{"frame":40,"values":[0.999,0.0393,-0.0234,0,-0.0376,0.9969,0.0693,0,0.026,-0.0684,0.9973,0,0.009,7.0626,-0.9847,1]},
{"frame":41,"values":[0.999,0.0388,-0.0225,0,-0.0371,0.9966,0.073,0,0.0252,-0.0721,0.9971,0,0.009,7.0626,-0.9847,1]},
{"frame":42,"values":[0.9991,0.0371,-0.0219,0,-0.0353,0.9963,0.0779,0,0.0247,-0.077,0.9967,0,0.009,7.0626,-0.9847,1]},
{"frame":43,"values":[0.9991,0.0356,-0.0224,0,-0.0336,0.9961,0.0818,0,0.0253,-0.081,0.9964,0,0.009,7.0626,-0.9847,1]}],"loopBehavior":1,"name":"anim","property":"_matrix"}},
{"name":"Spine1","index":2,"matrix":[0.9985,0.0251,-0.0486,0,-0.0186,0.9915,0.1285,0,0.0514,-0.1274,0.9905,0,0.0124,8.2397,-1.1488,1],"rest":[1,0,0,0,0,1,0,0,0,0,1,0,0.0124,8.2397,-1.1488,1],"parentBoneIndex":1,"length":9.5079
,"animation":{"dataType":3,"framePerSecond":24,"keys":[
{"frame":1,"values":[0.9985,0.0251,-0.0486,0,-0.0186,0.9915,0.1285,0,0.0514,-0.1274,0.9905,0,0.0124,8.2397,-1.1488,1]},
{"frame":2,"values":[0.9983,0.0245,-0.0524,0,-0.0172,0.9907,0.1347,0,0.0552,-0.1335,0.9895,0,0.0124,8.2397,-1.1488,1]},
{"frame":3,"values":[0.9979,0.0256,-0.0602,0,-0.0166,0.9893,0.1452,0,0.0633,-0.1439,0.9876,0,0.0124,8.2397,-1.1488,1]},
{"frame":4,"values":[0.997,0.0229,-0.0738,0,-0.0113,0.9879,0.1546,0,0.0764,-0.1533,0.9852,0,0.0124,8.2397,-1.1488,1]},
{"frame":5,"values":[0.996,0.0115,-0.0881,0,0.0023,0.9881,0.154,0,0.0888,-0.1536,0.9841,0,0.0124,8.2397,-1.1488,1]},
{"frame":6,"values":[0.9958,-0.0062,-0.0909,0,0.0195,0.9891,0.1462,0,0.089,-0.1473,0.9851,0,0.0124,8.2397,-1.1488,1]},
{"frame":7,"values":[0.9969,-0.0217,-0.076,0,0.0325,0.989,0.1444,0,0.0721,-0.1464,0.9866,0,0.0124,8.2397,-1.1488,1]},
{"frame":8,"values":[0.9984,-0.0283,-0.0489,0,0.0355,0.9877,0.1523,0,0.044,-0.1538,0.9871,0,0.0124,8.2397,-1.1488,1]},
{"frame":9,"values":[0.9995,-0.0256,-0.0193,0,0.0284,0.9868,0.1596,0,0.0149,-0.1601,0.987,0,0.0124,8.2397,-1.1488,1]},
{"frame":10,"values":[0.9997,-0.024,0.007,0,0.0225,0.9861,0.1645,0,-0.0109,-0.1643,0.9864,0,0.0124,8.2397,-1.1488,1]},
{"frame":11,"values":[0.9991,-0.0361,0.0242,0,0.0313,0.9835,0.1781,0,-0.0303,-0.1771,0.9837,0,0.0124,8.2397,-1.1488,1]},
{"frame":12,"values":[0.9981,-0.056,0.0237,0,0.0501,0.9782,0.2014,0,-0.0345,-0.1998,0.9792,0,0.0124,8.2397,-1.1488,1]},
{"frame":13,"values":[0.9978,-0.0657,0.0056,0,0.0628,0.9736,0.2196,0,-0.0199,-0.2187,0.9756,0,0.0124,8.2397,-1.1488,1]},
{"frame":14,"values":[0.9979,-0.063,-0.0162,0,0.065,0.9719,0.226,0,0.0015,-0.2266,0.974,0,0.0124,8.2397,-1.1488,1]},
{"frame":15,"values":[0.9978,-0.0597,-0.0288,0,0.0647,0.9717,0.2271,0,0.0144,-0.2284,0.9735,0,0.0124,8.2397,-1.1488,1]},
{"frame":16,"values":[0.9976,-0.0602,-0.0329,0,0.0661,0.9718,0.2266,0,0.0183,-0.2282,0.9734,0,0.0124,8.2397,-1.1488,1]},
{"frame":17,"values":[0.9975,-0.0599,-0.0363,0,0.0665,0.9726,0.223,0,0.0219,-0.2248,0.9742,0,0.0124,8.2397,-1.1488,1]},
{"frame":18,"values":[0.9974,-0.0572,-0.0427,0,0.0651,0.9742,0.2163,0,0.0293,-0.2185,0.9754,0,0.0124,8.2397,-1.1488,1]},
{"frame":19,"values":[0.9971,-0.0564,-0.0508,0,0.0657,0.9762,0.2066,0,0.0379,-0.2094,0.9771,0,0.0124,8.2397,-1.1488,1]},
{"frame":20,"values":[0.9967,-0.0584,-0.0572,0,0.0684,0.9788,0.1929,0,0.0447,-0.1962,0.9795,0,0.0124,8.2397,-1.1488,1]},
{"frame":21,"values":[0.9966,-0.0573,-0.0587,0,0.0669,0.982,0.1766,0,0.0475,-0.18,0.9825,0,0.0124,8.2397,-1.1488,1]},
{"frame":22,"values":[0.9972,-0.0502,-0.0553,0,0.0587,0.9847,0.1644,0,0.0462,-0.1672,0.9848,0,0.0124,8.2397,-1.1488,1]},
{"frame":23,"values":[0.9978,-0.0426,-0.0502,0,0.0502,0.9854,0.1625,0,0.0426,-0.1646,0.9854,0,0.0124,8.2397,-1.1488,1]},
{"frame":24,"values":[0.9982,-0.038,-0.047,0,0.0454,0.9847,0.168,0,0.0399,-0.1699,0.9847,0,0.0124,8.2397,-1.1488,1]},
{"frame":25,"values":[0.9986,-0.0302,-0.0442,0,0.0375,0.9842,0.1729,0,0.0382,-0.1744,0.9839,0,0.0124,8.2397,-1.1488,1]},
{"frame":26,"values":[0.9992,-0.0133,-0.0376,0,0.0196,0.9851,0.171,0,0.0348,-0.1716,0.9845,0,0.0124,8.2397,-1.1488,1]},
{"frame":27,"values":[0.9996,0.006,-0.0288,0,-0.0012,0.9865,0.1635,0,0.0294,-0.1634,0.9861,0,0.0124,8.2397,-1.1488,1]},
{"frame":28,"values":[0.9996,0.0133,-0.0248,0,-0.0093,0.9874,0.1578,0,0.0266,-0.1575,0.9872,0,0.0124,8.2397,-1.1488,1]},
{"frame":29,"values":[0.9996,0.0054,-0.0294,0,-0.0007,0.9876,0.157,0,0.0299,-0.157,0.9872,0,0.0124,8.2397,-1.1488,1]},
{"frame":30,"values":[0.9992,-0.0049,-0.0387,0,0.0109,0.9877,0.1563,0,0.0374,-0.1566,0.987,0,0.0124,8.2397,-1.1488,1]},
{"frame":31,"values":[0.9988,-0.0055,-0.0478,0,0.0127,0.9882,0.1525,0,0.0464,-0.1529,0.9871,0,0.0124,8.2397,-1.1488,1]},
{"frame":32,"values":[0.9984,0.0015,-0.0564,0,0.0068,0.9889,0.1482,0,0.056,-0.1484,0.9873,0,0.0124,8.2397,-1.1488,1]},
{"frame":33,"values":[0.998,0.0066,-0.0635,0,0.0026,0.9896,0.1438,0,0.0638,-0.1436,0.9876,0,0.0124,8.2397,-1.1488,1]},
{"frame":34,"values":[0.9978,0.0064,-0.0658,0,0.0026,0.9905,0.1372,0,0.0661,-0.1371,0.9884,0,0.0124,8.2397,-1.1488,1]},
{"frame":35,"values":[0.998,0.0062,-0.0625,0,0.002,0.9915,0.13,0,0.0627,-0.1298,0.9895,0,0.0124,8.2397,-1.1488,1]},
{"frame":36,"values":[0.9983,0.009,-0.0572,0,-0.0018,0.9922,0.1249,0,0.0579,-0.1246,0.9905,0,0.0124,8.2397,-1.1488,1]},
{"frame":37,"values":[0.9985,0.0134,-0.0537,0,-0.0067,0.9925,0.1219,0,0.0549,-0.1213,0.9911,0,0.0124,8.2397,-1.1488,1]},
{"frame":38,"values":[0.9984,0.018,-0.0527,0,-0.0117,0.9929,0.1185,0,0.0544,-0.1177,0.9916,0,0.0124,8.2397,-1.1488,1]},
{"frame":39,"values":[0.9983,0.0234,-0.0529,0,-0.0173,0.9933,0.1144,0,0.0552,-0.1133,0.992,0,0.0124,8.2397,-1.1488,1]},
{"frame":40,"values":[0.9982,0.0282,-0.052,0,-0.0222,0.9933,0.113,0,0.0549,-0.1117,0.9922,0,0.0124,8.2397,-1.1488,1]},
{"frame":41,"values":[0.9983,0.0298,-0.0495,0,-0.0239,0.9929,0.1169,0,0.0526,-0.1155,0.9919,0,0.0124,8.2397,-1.1488,1]},
{"frame":42,"values":[0.9985,0.0278,-0.0477,0,-0.0218,0.9921,0.1234,0,0.0508,-0.1222,0.9912,0,0.0124,8.2397,-1.1488,1]},
{"frame":43,"values":[0.9985,0.0251,-0.0486,0,-0.0186,0.9915,0.1285,0,0.0514,-0.1274,0.9905,0,0.0124,8.2397,-1.1488,1]}],"loopBehavior":1,"name":"anim","property":"_matrix"}},
{"name":"Spine2","index":3,"matrix":[0.9983,0.026,-0.0512,0,-0.0192,0.9917,0.1274,0,0.0541,-0.1262,0.9905,0,0.0142,9.4168,-1.313,1],"rest":[1,0,0,0,0,1,0,0,0,0,1,0,0.0142,9.4168,-1.313,1],"parentBoneIndex":2,"length":9.9132
,"animation":{"dataType":3,"framePerSecond":24,"keys":[
{"frame":1,"values":[0.9983,0.026,-0.0512,0,-0.0192,0.9917,0.1274,0,0.0541,-0.1262,0.9905,0,0.0142,9.4168,-1.313,1]},
{"frame":2,"values":[0.9982,0.0256,-0.055,0,-0.018,0.9909,0.1335,0,0.0579,-0.1323,0.9895,0,0.0142,9.4168,-1.313,1]},
{"frame":3,"values":[0.9977,0.0273,-0.0625,0,-0.018,0.9894,0.1441,0,0.0658,-0.1426,0.9876,0,0.0142,9.4168,-1.313,1]},
{"frame":4,"values":[0.9968,0.0255,-0.0755,0,-0.0136,0.9881,0.1535,0,0.0785,-0.152,0.9853,0,0.0142,9.4168,-1.313,1]},
{"frame":5,"values":[0.9959,0.0148,-0.0888,0,-0.001,0.9882,0.1534,0,0.09,-0.1526,0.9842,0,0.0142,9.4168,-1.313,1]},
{"frame":6,"values":[0.9959,-0.0027,-0.0906,0,0.016,0.9891,0.1464,0,0.0893,-0.1472,0.9851,0,0.0142,9.4168,-1.313,1]},
{"frame":7,"values":[0.997,-0.0189,-0.0745,0,0.0296,0.9889,0.1453,0,0.071,-0.1471,0.9866,0,0.0142,9.4168,-1.313,1]},
{"frame":8,"values":[0.9986,-0.0269,-0.0461,0,0.0337,0.9876,0.1533,0,0.0414,-0.1546,0.9871,0,0.0142,9.4168,-1.313,1]},
{"frame":9,"values":[0.9995,-0.0253,-0.0164,0,0.0276,0.9867,0.1601,0,0.0121,-0.1604,0.987,0,0.0142,9.4168,-1.313,1]},
{"frame":10,"values":[0.9997,-0.0244,0.009,0,0.0226,0.9861,0.1644,0,-0.0129,-0.1641,0.9864,0,0.0142,9.4168,-1.313,1]},
{"frame":11,"values":[0.999,-0.0373,0.0262,0,0.032,0.9836,0.1776,0,-0.0324,-0.1765,0.9838,0,0.0142,9.4168,-1.313,1]},
{"frame":12,"values":[0.998,-0.0575,0.0267,0,0.051,0.9783,0.2007,0,-0.0377,-0.199,0.9793,0,0.0142,9.4168,-1.313,1]},
{"frame":13,"values":[0.9977,-0.0667,0.0094,0,0.063,0.9736,0.2193,0,-0.0238,-0.2182,0.9756,0,0.0142,9.4168,-1.313,1]},
{"frame":14,"values":[0.9979,-0.0631,-0.0122,0,0.0643,0.9719,0.2264,0,-0.0025,-0.2267,0.974,0,0.0142,9.4168,-1.313,1]},
{"frame":15,"values":[0.9979,-0.0593,-0.0249,0,0.0634,0.9717,0.2277,0,0.0107,-0.2289,0.9734,0,0.0142,9.4168,-1.313,1]},
{"frame":16,"values":[0.9978,-0.0595,-0.0294,0,0.0646,0.9717,0.2273,0,0.015,-0.2287,0.9734,0,0.0142,9.4168,-1.313,1]},
{"frame":17,"values":[0.9977,-0.0589,-0.0339,0,0.065,0.9725,0.2236,0,0.0198,-0.2253,0.9741,0,0.0142,9.4168,-1.313,1]},
{"frame":18,"values":[0.9976,-0.0558,-0.042,0,0.0637,0.9741,0.2168,0,0.0288,-0.2189,0.9753,0,0.0142,9.4168,-1.313,1]},
{"frame":19,"values":[0.9972,-0.0547,-0.0517,0,0.0643,0.9763,0.2069,0,0.0391,-0.2096,0.977,0,0.0142,9.4168,-1.313,1]},
{"frame":20,"values":[0.9966,-0.0566,-0.0592,0,0.067,0.9789,0.1929,0,0.0471,-0.1962,0.9794,0,0.0142,9.4168,-1.313,1]},
{"frame":21,"values":[0.9966,-0.0557,-0.0613,0,0.0657,0.9821,0.1763,0,0.0503,-0.1797,0.9824,0,0.0142,9.4168,-1.313,1]},
{"frame":22,"values":[0.9971,-0.0489,-0.058,0,0.0578,0.9848,0.1639,0,0.0491,-0.1667,0.9848,0,0.0142,9.4168,-1.313,1]},
{"frame":23,"values":[0.9978,-0.0413,-0.0527,0,0.0494,0.9856,0.162,0,0.0452,-0.1643,0.9854,0,0.0142,9.4168,-1.313,1]},
{"frame":24,"values":[0.9981,-0.0367,-0.049,0,0.0444,0.9848,0.1678,0,0.0421,-0.1696,0.9846,0,0.0142,9.4168,-1.313,1]},
{"frame":25,"values":[0.9985,-0.0289,-0.0458,0,0.0364,0.9843,0.1728,0,0.0401,-0.1742,0.9839,0,0.0142,9.4168,-1.313,1]},
{"frame":26,"values":[0.9992,-0.012,-0.0393,0,0.0186,0.9851,0.1708,0,0.0367,-0.1714,0.9845,0,0.0142,9.4168,-1.313,1]},
{"frame":27,"values":[0.9995,0.007,-0.0304,0,-0.0019,0.9866,0.1632,0,0.0311,-0.163,0.9861,0,0.0142,9.4168,-1.313,1]},
{"frame":28,"values":[0.9996,0.0142,-0.026,0,-0.0099,0.9875,0.1575,0,0.0279,-0.1571,0.9872,0,0.0142,9.4168,-1.313,1]},
{"frame":29,"values":[0.9995,0.0063,-0.0304,0,-0.0014,0.9876,0.1568,0,0.0311,-0.1567,0.9872,0,0.0142,9.4168,-1.313,1]},
{"frame":30,"values":[0.9992,-0.0038,-0.0399,0,0.01,0.9877,0.1559,0,0.0388,-0.1562,0.987,0,0.0142,9.4168,-1.313,1]},
{"frame":31,"values":[0.9988,-0.0042,-0.0498,0,0.0117,0.9883,0.152,0,0.0485,-0.1524,0.9871,0,0.0142,9.4168,-1.313,1]},
{"frame":32,"values":[0.9982,0.003,-0.0591,0,0.0058,0.9891,0.1473,0,0.0589,-0.1474,0.9873,0,0.0142,9.4168,-1.313,1]},
{"frame":33,"values":[0.9977,0.008,-0.0669,0,0.0016,0.9898,0.1425,0,0.0673,-0.1423,0.9875,0,0.0142,9.4168,-1.313,1]},
{"frame":34,"values":[0.9976,0.0077,-0.0694,0,0.0018,0.9907,0.1358,0,0.0698,-0.1356,0.9883,0,0.0142,9.4168,-1.313,1]},
{"frame":35,"values":[0.9978,0.0072,-0.0662,0,0.0014,0.9917,0.1285,0,0.0666,-0.1284,0.9895,0,0.0142,9.4168,-1.313,1]},
{"frame":36,"values":[0.9981,0.0098,-0.0609,0,-0.0022,0.9923,0.1236,0,0.0617,-0.1232,0.9905,0,0.0142,9.4168,-1.313,1]},
{"frame":37,"values":[0.9983,0.0141,-0.0572,0,-0.0071,0.9927,0.1206,0,0.0585,-0.12,0.991,0,0.0142,9.4168,-1.313,1]},
{"frame":38,"values":[0.9983,0.0188,-0.0559,0,-0.0121,0.993,0.1173,0,0.0578,-0.1164,0.9915,0,0.0142,9.4168,-1.313,1]},
{"frame":39,"values":[0.9981,0.0242,-0.056,0,-0.0177,0.9934,0.1132,0,0.0583,-0.112,0.992,0,0.0142,9.4168,-1.313,1]},
{"frame":40,"values":[0.9981,0.029,-0.055,0,-0.0227,0.9935,0.1118,0,0.0579,-0.1104,0.9922,0,0.0142,9.4168,-1.313,1]},
{"frame":41,"values":[0.9982,0.0306,-0.0523,0,-0.0244,0.993,0.1158,0,0.0554,-0.1143,0.9919,0,0.0142,9.4168,-1.313,1]},
{"frame":42,"values":[0.9983,0.0287,-0.0504,0,-0.0223,0.9922,0.1223,0,0.0535,-0.121,0.9912,0,0.0142,9.4168,-1.313,1]},
{"frame":43,"values":[0.9983,0.026,-0.0512,0,-0.0192,0.9917,0.1274,0,0.0541,-0.1262,0.9905,0,0.0142,9.4168,-1.313,1]}],"loopBehavior":1,"name":"anim","property":"_matrix"}},
{"name":"Neck","index":4,"matrix":[0.9956,-0.0795,-0.05,0,0.0867,0.9826,0.1643,0,0.0361,-0.1679,0.9851,0,0.016,10.5938,-1.4771,1],"rest":[1,0,0,0,0,1,0,0,0,0,1,0,0.016,10.5938,-1.4771,1],"parentBoneIndex":3,"length":5.1073
,"animation":{"dataType":3,"framePerSecond":24,"keys":[
{"frame":1,"values":[0.9956,-0.0795,-0.05,0,0.0867,0.9826,0.1643,0,0.0361,-0.1679,0.9851,0,0.016,10.5938,-1.4771,1]},
{"frame":2,"values":[0.9957,-0.0792,-0.0488,0,0.0862,0.9825,0.1654,0,0.0348,-0.1689,0.985,0,0.016,10.5938,-1.4771,1]},
{"frame":3,"values":[0.9957,-0.0791,-0.0483,0,0.0862,0.9821,0.1672,0,0.0342,-0.1707,0.9847,0,0.016,10.5938,-1.4771,1]},
{"frame":4,"values":[0.9961,-0.0746,-0.0476,0,0.0816,0.9821,0.1695,0,0.0341,-0.1727,0.9844,0,0.016,10.5938,-1.4771,1]},
{"frame":5,"values":[0.9968,-0.0637,-0.0485,0,0.0709,0.9837,0.1655,0,0.0372,-0.1684,0.985,0,0.016,10.5938,-1.4771,1]},
{"frame":6,"values":[0.9968,-0.055,-0.058,0,0.0629,0.9875,0.1444,0,0.0493,-0.1475,0.9878,0,0.016,10.5938,-1.4771,1]},
{"frame":7,"values":[0.995,-0.0598,-0.0796,0,0.0681,0.9921,0.1053,0,0.0726,-0.1102,0.9913,0,0.016,10.5938,-1.4771,1]},
{"frame":8,"values":[0.9918,-0.0742,-0.1044,0,0.0809,0.9948,0.0616,0,0.0992,-0.0695,0.9926,0,0.016,10.5938,-1.4771,1]},
{"frame":9,"values":[0.9894,-0.0826,-0.1197,0,0.0873,0.9956,0.0339,0,0.1164,-0.044,0.9922,0,0.016,10.5938,-1.4771,1]},
{"frame":10,"values":[0.9885,-0.0851,-0.125,0,0.0889,0.9957,0.0252,0,0.1223,-0.036,0.9918,0,0.016,10.5938,-1.4771,1]},
{"frame":11,"values":[0.9878,-0.0917,-0.126,0,0.0951,0.9952,0.0211,0,0.1234,-0.0328,0.9918,0,0.016,10.5938,-1.4771,1]},
{"frame":12,"values":[0.9873,-0.1007,-0.1226,0,0.1035,0.9945,0.0167,0,0.1202,-0.0292,0.9923,0,0.016,10.5938,-1.4771,1]},
{"frame":13,"values":[0.9879,-0.1047,-0.1141,0,0.1076,0.994,0.0196,0,0.1114,-0.0316,0.9933,0,0.016,10.5938,-1.4771,1]},
{"frame":14,"values":[0.9889,-0.1036,-0.1066,0,0.1072,0.9938,0.0288,0,0.1029,-0.0399,0.9939,0,0.016,10.5938,-1.4771,1]},
{"frame":15,"values":[0.9896,-0.0991,-0.1044,0,0.1033,0.994,0.0353,0,0.1003,-0.0458,0.9939,0,0.016,10.5938,-1.4771,1]},
{"frame":16,"values":[0.9901,-0.0933,-0.1048,0,0.0978,0.9944,0.0393,0,0.1005,-0.0491,0.9937,0,0.016,10.5938,-1.4771,1]},
{"frame":17,"values":[0.9904,-0.0912,-0.1037,0,0.0965,0.9942,0.0473,0,0.0988,-0.0568,0.9935,0,0.016,10.5938,-1.4771,1]},
{"frame":18,"values":[0.9902,-0.0955,-0.1016,0,0.102,0.9929,0.0607,0,0.0951,-0.0705,0.993,0,0.016,10.5938,-1.4771,1]},
{"frame":19,"values":[0.9897,-0.1027,-0.0994,0,0.1107,0.9907,0.0785,0,0.0905,-0.0887,0.9919,0,0.016,10.5938,-1.4771,1]},
{"frame":20,"values":[0.9893,-0.1095,-0.0965,0,0.119,0.9879,0.0998,0,0.0844,-0.1102,0.9903,0,0.016,10.5938,-1.4771,1]},
{"frame":21,"values":[0.989,-0.1155,-0.0926,0,0.1263,0.9846,0.1206,0,0.0773,-0.1309,0.9884,0,0.016,10.5938,-1.4771,1]},
{"frame":22,"values":[0.9889,-0.1197,-0.0884,0,0.1309,0.9823,0.1342,0,0.0708,-0.1443,0.987,0,0.016,10.5938,-1.4771,1]},
{"frame":23,"values":[0.9894,-0.1184,-0.0845,0,0.1293,0.982,0.1374,0,0.0667,-0.1468,0.9869,0,0.016,10.5938,-1.4771,1]},
{"frame":24,"values":[0.9904,-0.112,-0.0815,0,0.1223,0.9834,0.1342,0,0.0651,-0.1429,0.9876,0,0.016,10.5938,-1.4771,1]},
{"frame":25,"values":[0.9913,-0.1038,-0.0804,0,0.1138,0.9848,0.1313,0,0.0655,-0.1393,0.9881,0,0.016,10.5938,-1.4771,1]},
{"frame":26,"values":[0.9922,-0.0958,-0.0801,0,0.1059,0.9855,0.1328,0,0.0662,-0.1403,0.9879,0,0.016,10.5938,-1.4771,1]},
{"frame":27,"values":[0.9932,-0.0868,-0.078,0,0.0969,0.986,0.136,0,0.0651,-0.1426,0.9876,0,0.016,10.5938,-1.4771,1]},
{"frame":28,"values":[0.9944,-0.077,-0.0728,0,0.0863,0.9872,0.1345,0,0.0616,-0.14,0.9882,0,0.016,10.5938,-1.4771,1]},
{"frame":29,"values":[0.9954,-0.0694,-0.0663,0,0.0776,0.9884,0.1302,0,0.0565,-0.1348,0.9893,0,0.016,10.5938,-1.4771,1]},
{"frame":30,"values":[0.9958,-0.0677,-0.0614,0,0.0753,0.9884,0.1319,0,0.0518,-0.136,0.9894,0,0.016,10.5938,-1.4771,1]},
{"frame":31,"values":[0.9955,-0.0736,-0.0604,0,0.0815,0.9868,0.14,0,0.0493,-0.1443,0.9883,0,0.016,10.5938,-1.4771,1]},
{"frame":32,"values":[0.9944,-0.0844,-0.0632,0,0.0929,0.9848,0.1467,0,0.0499,-0.1518,0.9872,0,0.016,10.5938,-1.4771,1]},
{"frame":33,"values":[0.9933,-0.094,-0.0668,0,0.1031,0.9834,0.1493,0,0.0516,-0.1552,0.9865,0,0.016,10.5938,-1.4771,1]},
{"frame":34,"values":[0.9928,-0.0989,-0.0677,0,0.1082,0.9825,0.1513,0,0.0515,-0.1576,0.9862,0,0.016,10.5938,-1.4771,1]},
{"frame":35,"values":[0.9927,-0.1009,-0.0657,0,0.11,0.9818,0.155,0,0.0489,-0.1611,0.9857,0,0.016,10.5938,-1.4771,1]},
{"frame":36,"values":[0.9928,-0.1022,-0.063,0,0.1111,0.9809,0.1596,0,0.0455,-0.1654,0.9852,0,0.016,10.5938,-1.4771,1]},
{"frame":37,"values":[0.9929,-0.102,-0.0611,0,0.1108,0.9802,0.1644,0,0.0431,-0.17,0.9845,0,0.016,10.5938,-1.4771,1]},
{"frame":38,"values":[0.9933,-0.0986,-0.0602,0,0.1075,0.9798,0.1687,0,0.0423,-0.174,0.9838,0,0.016,10.5938,-1.4771,1]},
{"frame":39,"values":[0.9938,-0.0934,-0.0595,0,0.1023,0.98,0.1706,0,0.0424,-0.1757,0.9835,0,0.016,10.5938,-1.4771,1]},
{"frame":40,"values":[0.9944,-0.0887,-0.0583,0,0.0974,0.9808,0.1688,0,0.0422,-0.1736,0.9839,0,0.016,10.5938,-1.4771,1]},
{"frame":41,"values":[0.9948,-0.0849,-0.0559,0,0.093,0.9818,0.1655,0,0.0408,-0.1698,0.9846,0,0.016,10.5938,-1.4771,1]},
{"frame":42,"values":[0.9953,-0.0817,-0.0527,0,0.0893,0.9824,0.1639,0,0.0383,-0.1678,0.9851,0,0.016,10.5938,-1.4771,1]},
{"frame":43,"values":[0.9956,-0.0795,-0.05,0,0.0867,0.9826,0.1643,0,0.0361,-0.1679,0.9851,0,0.016,10.5938,-1.4771,1]}],"loopBehavior":1,"name":"anim","property":"_matrix"}},
{"name":"Head","index":5,"matrix":[0.958,-0.1999,-0.2058,0,0.2534,0.9258,0.2804,0,0.1344,-0.3208,0.9376,0,0,5.0564,0.7196,1],"rest":[1,0,0,0,0,1,0,0,0,0,1,0,0,5.0564,0.7196,1],"parentBoneIndex":4,"length":15.2963
,"animation":{"dataType":3,"framePerSecond":24,"keys":[
{"frame":1,"values":[0.958,-0.1999,-0.2058,0,0.2534,0.9258,0.2804,0,0.1344,-0.3208,0.9376,0,0,5.0564,0.7196,1]},
{"frame":2,"values":[0.9602,-0.1965,-0.1984,0,0.2496,0.9225,0.2944,0,0.1252,-0.3323,0.9348,0,0,5.0564,0.7196,1]},
{"frame":3,"values":[0.9586,-0.2023,-0.2005,0,0.2583,0.9142,0.3123,0,0.1202,-0.3512,0.9286,0,0,5.0564,0.7196,1]},
{"frame":4,"values":[0.9507,-0.2184,-0.2201,0,0.2831,0.901,0.3287,0,0.1265,-0.3748,0.9184,0,0,5.0564,0.7196,1]},
{"frame":5,"values":[0.9342,-0.2391,-0.2647,0,0.3206,0.8882,0.3291,0,0.1564,-0.3923,0.9064,0,0,5.0564,0.7196,1]},
{"frame":6,"values":[0.9046,-0.2601,-0.3376,0,0.3615,0.8879,0.2845,0,0.2258,-0.3794,0.8972,0,0,5.0564,0.7196,1]},
{"frame":7,"values":[0.8603,-0.2843,-0.4231,0,0.3873,0.9043,0.1798,0,0.3315,-0.3186,0.888,0,0,5.0564,0.7196,1]},
{"frame":8,"values":[0.8082,-0.3156,-0.4973,0,0.3878,0.9206,0.0461,0,0.4432,-0.2301,0.8664,0,0,5.0564,0.7196,1]},
{"frame":9,"values":[0.7722,-0.3354,-0.5396,0,0.3703,0.9277,-0.0468,0,0.5163,-0.1637,0.8406,0,0,5.0564,0.7196,1]},
{"frame":10,"values":[0.7681,-0.3272,-0.5505,0,0.3409,0.9366,-0.0811,0,0.5421,-0.1254,0.8309,0,0,5.0564,0.7196,1]},
{"frame":11,"values":[0.7815,-0.3117,-0.5404,0,0.305,0.9466,-0.1049,0,0.5442,-0.0828,0.8348,0,0,5.0564,0.7196,1]},
{"frame":12,"values":[0.7986,-0.3145,-0.5131,0,0.2868,0.9484,-0.1349,0,0.5291,-0.0394,0.8477,0,0,5.0564,0.7196,1]},
{"frame":13,"values":[0.8177,-0.3264,-0.4742,0,0.2997,0.9447,-0.1335,0,0.4915,-0.0329,0.8702,0,0,5.0564,0.7196,1]},
{"frame":14,"values":[0.8321,-0.3286,-0.4467,0,0.3193,0.9425,-0.0985,0,0.4534,-0.0607,0.8892,0,0,5.0564,0.7196,1]},
{"frame":15,"values":[0.8354,-0.3225,-0.4452,0,0.326,0.9427,-0.071,0,0.4426,-0.0858,0.8926,0,0,5.0564,0.7196,1]},
{"frame":16,"values":[0.8317,-0.3189,-0.4545,0,0.3272,0.9429,-0.0629,0,0.4486,-0.0964,0.8885,0,0,5.0564,0.7196,1]},
{"frame":17,"values":[0.8328,-0.3169,-0.4539,0,0.3285,0.9429,-0.0557,0,0.4456,-0.1027,0.8893,0,0,5.0564,0.7196,1]},
{"frame":18,"values":[0.8435,-0.3074,-0.4405,0,0.3244,0.9451,-0.0383,0,0.4282,-0.1106,0.8969,0,0,5.0564,0.7196,1]},
{"frame":19,"values":[0.8607,-0.2877,-0.42,0,0.3123,0.9499,-0.0107,0,0.402,-0.1219,0.9075,0,0,5.0564,0.7196,1]},
{"frame":20,"values":[0.8804,-0.2643,-0.3936,0,0.2969,0.9546,0.023,0,0.3697,-0.1371,0.919,0,0,5.0564,0.7196,1]},
{"frame":21,"values":[0.8995,-0.2453,-0.3615,0,0.284,0.9571,0.0572,0,0.3319,-0.1541,0.9306,0,0,5.0564,0.7196,1]},
{"frame":22,"values":[0.9135,-0.2359,-0.3316,0,0.2786,0.9564,0.0871,0,0.2966,-0.1719,0.9394,0,0,5.0564,0.7196,1]},
{"frame":23,"values":[0.9184,-0.238,-0.3159,0,0.2844,0.9525,0.1091,0,0.275,-0.19,0.9425,0,0,5.0564,0.7196,1]},
{"frame":24,"values":[0.9161,-0.2459,-0.3167,0,0.2957,0.9478,0.1196,0,0.2708,-0.2032,0.9409,0,0,5.0564,0.7196,1]},
{"frame":25,"values":[0.9098,-0.2528,-0.3292,0,0.3057,0.9446,0.1193,0,0.2808,-0.2092,0.9367,0,0,5.0564,0.7196,1]},
{"frame":26,"values":[0.9031,-0.2562,-0.3445,0,0.313,0.9421,0.1199,0,0.2939,-0.2161,0.9311,0,0,5.0564,0.7196,1]},
{"frame":27,"values":[0.9,-0.2566,-0.3524,0,0.3185,0.939,0.1297,0,0.2976,-0.229,0.9268,0,0,5.0564,0.7196,1]},
{"frame":28,"values":[0.9043,-0.2528,-0.3441,0,0.3167,0.9376,0.1435,0,0.2863,-0.2387,0.9279,0,0,5.0564,0.7196,1]},
{"frame":29,"values":[0.9168,-0.2399,-0.3192,0,0.3006,0.9409,0.1563,0,0.2628,-0.2392,0.9347,0,0,5.0564,0.7196,1]},
{"frame":30,"values":[0.9317,-0.2196,-0.2894,0,0.277,0.9448,0.1749,0,0.2351,-0.2431,0.9411,0,0,5.0564,0.7196,1]},
{"frame":31,"values":[0.9415,-0.2039,-0.2684,0,0.2626,0.9429,0.2047,0,0.2114,-0.2632,0.9413,0,0,5.0564,0.7196,1]},
{"frame":32,"values":[0.9439,-0.2012,-0.262,0,0.2644,0.9356,0.234,0,0.1981,-0.2901,0.9363,0,0,5.0564,0.7196,1]},
{"frame":33,"values":[0.9422,-0.2063,-0.2642,0,0.2732,0.9293,0.2486,0,0.1942,-0.3064,0.9319,0,0,5.0564,0.7196,1]},
{"frame":34,"values":[0.9416,-0.2114,-0.262,0,0.278,0.9273,0.2509,0,0.1899,-0.309,0.9319,0,0,5.0564,0.7196,1]},
{"frame":35,"values":[0.9442,-0.2148,-0.2498,0,0.2777,0.927,0.2523,0,0.1774,-0.3076,0.9348,0,0,5.0564,0.7196,1]},
{"frame":36,"values":[0.9477,-0.2168,-0.2342,0,0.2756,0.926,0.258,0,0.161,-0.3091,0.9373,0,0,5.0564,0.7196,1]},
{"frame":37,"values":[0.9501,-0.216,-0.2252,0,0.2729,0.9251,0.264,0,0.1513,-0.3123,0.9379,0,0,5.0564,0.7196,1]},
{"frame":38,"values":[0.9508,-0.2119,-0.2261,0,0.2696,0.9253,0.2666,0,0.1527,-0.3144,0.9369,0,0,5.0564,0.7196,1]},
{"frame":39,"values":[0.9504,-0.2074,-0.2318,0,0.2673,0.9257,0.2675,0,0.1591,-0.3162,0.9352,0,0,5.0564,0.7196,1]},
{"frame":40,"values":[0.9499,-0.2064,-0.2348,0,0.2674,0.9254,0.2685,0,0.1619,-0.3179,0.9342,0,0,5.0564,0.7196,1]},
{"frame":41,"values":[0.9508,-0.2075,-0.23,0,0.2671,0.9252,0.2695,0,0.1568,-0.3177,0.9351,0,0,5.0564,0.7196,1]},
{"frame":42,"values":[0.954,-0.2057,-0.2181,0,0.2619,0.9258,0.2725,0,0.1459,-0.3171,0.9371,0,0,5.0564,0.7196,1]},
{"frame":43,"values":[0.958,-0.1999,-0.2058,0,0.2534,0.9258,0.2804,0,0.1344,-0.3208,0.9376,0,0,5.0564,0.7196,1]}],"loopBehavior":1,"name":"anim","property":"_matrix"}},
{"name":"HeadTop_End","index":6,"matrix":[1,0,0,0,0,1,0,0,0,0,1,0,0,15.1437,2.155,1],"rest":[1,0,0,0,0,1,0,0,0,0,1,0,0,15.1437,2.155,1],"parentBoneIndex":5,"length":15.2963
,"animation":{"dataType":3,"framePerSecond":24,"keys":[
{"frame":1,"values":[1,0,0,0,0,1,0,0,0,0,1,0,0,15.1437,2.155,1]},
{"frame":43,"values":[1,0,0,0,0,1,0,0,0,0,1,0,0,15.1437,2.155,1]}],"loopBehavior":1,"name":"anim","property":"_matrix"}},
{"name":"LeftShoulder","index":7,"matrix":[0.9827,-0.1193,-0.1416,0,0.116,0.9928,-0.0313,0,0.1443,0.0144,0.9894,0,3.5285,8.7304,-1.4561,1],"rest":[1,-0.0017,0,0,0.0017,1,0,0,0,0,1,0,3.5285,8.7304,-1.4561,1],"parentBoneIndex":3,"length":7.9526
,"animation":{"dataType":3,"framePerSecond":24,"keys":[
{"frame":1,"values":[0.9827,-0.1193,-0.1416,0,0.116,0.9928,-0.0313,0,0.1443,0.0144,0.9894,0,3.5285,8.7304,-1.4561,1]},
{"frame":2,"values":[0.9833,-0.1153,-0.1408,0,0.1121,0.9932,-0.0304,0,0.1434,0.0141,0.9896,0,3.5285,8.7304,-1.4561,1]},
{"frame":3,"values":[0.9807,-0.1167,-0.1566,0,0.1124,0.993,-0.0365,0,0.1597,0.0182,0.987,0,3.5285,8.7304,-1.4561,1]},
{"frame":4,"values":[0.9756,-0.1282,-0.1782,0,0.1218,0.9915,-0.0463,0,0.1826,0.0234,0.9829,0,3.5285,8.7304,-1.4561,1]},
{"frame":5,"values":[0.9726,-0.1456,-0.1811,0,0.1389,0.9891,-0.0493,0,0.1863,0.0228,0.9822,0,3.5285,8.7304,-1.4561,1]},
{"frame":6,"values":[0.9765,-0.1572,-0.1474,0,0.1535,0.9875,-0.0362,0,0.1513,0.0127,0.9884,0,3.5285,8.7304,-1.4561,1]},
{"frame":7,"values":[0.9849,-0.1503,-0.0854,0,0.1501,0.9886,-0.0097,0,0.0859,-0.0033,0.9963,0,3.5285,8.7304,-1.4561,1]},
{"frame":8,"values":[0.994,-0.1091,-0.0051,0,0.1092,0.9938,0.0211,0,0.0028,-0.0215,0.9998,0,3.5285,8.7304,-1.4561,1]},
{"frame":9,"values":[0.9951,-0.0363,0.0921,0,0.0322,0.9984,0.0461,0,-0.0937,-0.0429,0.9947,0,3.5285,8.7304,-1.4561,1]},
{"frame":10,"values":[0.9821,0.0363,0.1849,0,-0.048,0.9971,0.0591,0,-0.1822,-0.0669,0.981,0,3.5285,8.7304,-1.4561,1]},
{"frame":11,"values":[0.9704,0.0841,0.2265,0,-0.0996,0.9933,0.0579,0,-0.2202,-0.0787,0.9723,0,3.5285,8.7304,-1.4561,1]},
{"frame":12,"values":[0.9725,0.11,0.2053,0,-0.1222,0.9914,0.0475,0,-0.1983,-0.0713,0.9775,0,3.5285,8.7304,-1.4561,1]},
{"frame":13,"values":[0.9781,0.1202,0.1697,0,-0.1285,0.9909,0.0393,0,-0.1634,-0.0602,0.9847,0,3.5285,8.7304,-1.4561,1]},
{"frame":14,"values":[0.9824,0.1133,0.1488,0,-0.1202,0.992,0.0379,0,-0.1433,-0.0552,0.9881,0,3.5285,8.7304,-1.4561,1]},
{"frame":15,"values":[0.991,0.0855,0.1033,0,-0.0894,0.9954,0.0336,0,-0.1,-0.0425,0.9941,0,3.5285,8.7304,-1.4561,1]},
{"frame":16,"values":[0.9993,0.0382,0.0055,0,-0.0383,0.9992,0.0152,0,-0.0049,-0.0154,0.9999,0,3.5285,8.7304,-1.4561,1]},
{"frame":17,"values":[0.9951,-0.0145,-0.0982,0,0.0135,0.9998,-0.011,0,0.0984,0.0097,0.9951,0,3.5285,8.7304,-1.4561,1]},
{"frame":18,"values":[0.9868,-0.0492,-0.1545,0,0.0452,0.9985,-0.0293,0,0.1557,0.022,0.9876,0,3.5285,8.7304,-1.4561,1]},
{"frame":19,"values":[0.9824,-0.0644,-0.1753,0,0.0585,0.9976,-0.0382,0,0.1774,0.0272,0.9838,0,3.5285,8.7304,-1.4561,1]},
{"frame":20,"values":[0.9767,-0.0823,-0.1982,0,0.0741,0.9961,-0.0483,0,0.2014,0.0325,0.979,0,3.5285,8.7304,-1.4561,1]},
{"frame":21,"values":[0.9682,-0.1136,-0.2228,0,0.1023,0.9929,-0.0613,0,0.2282,0.0366,0.9729,0,3.5285,8.7304,-1.4561,1]},
{"frame":22,"values":[0.9625,-0.1419,-0.2311,0,0.1293,0.9892,-0.0687,0,0.2383,0.0362,0.9705,0,3.5285,8.7304,-1.4561,1]},
{"frame":23,"values":[0.9634,-0.1485,-0.2233,0,0.1369,0.9883,-0.0668,0,0.2306,0.0338,0.9725,0,3.5285,8.7304,-1.4561,1]},
{"frame":24,"values":[0.9666,-0.1375,-0.2162,0,0.1269,0.99,-0.0623,0,0.2226,0.0328,0.9744,0,3.5285,8.7304,-1.4561,1]},
{"frame":25,"values":[0.9693,-0.1196,-0.2147,0,0.1093,0.9923,-0.059,0,0.2201,0.0337,0.9749,0,3.5285,8.7304,-1.4561,1]},
{"frame":26,"values":[0.9722,-0.1,-0.2115,0,0.0903,0.9944,-0.0551,0,0.2159,0.0344,0.9758,0,3.5285,8.7304,-1.4561,1]},
{"frame":27,"values":[0.9762,-0.0819,-0.201,0,0.0735,0.9961,-0.0488,0,0.2042,0.0329,0.9784,0,3.5285,8.7304,-1.4561,1]},
{"frame":28,"values":[0.9803,-0.0721,-0.1838,0,0.0655,0.997,-0.0415,0,0.1862,0.0287,0.9821,0,3.5285,8.7304,-1.4561,1]},
{"frame":29,"values":[0.9837,-0.0724,-0.1644,0,0.0676,0.9971,-0.0348,0,0.1664,0.0232,0.9858,0,3.5285,8.7304,-1.4561,1]},
{"frame":30,"values":[0.9851,-0.0765,-0.154,0,0.0725,0.9969,-0.0315,0,0.156,0.0198,0.9876,0,3.5285,8.7304,-1.4561,1]},
{"frame":31,"values":[0.9825,-0.0867,-0.1646,0,0.0818,0.996,-0.0362,0,0.1671,0.0221,0.9857,0,3.5285,8.7304,-1.4561,1]},
{"frame":32,"values":[0.9755,-0.1125,-0.1889,0,0.1052,0.9933,-0.0485,0,0.193,0.0275,0.9808,0,3.5285,8.7304,-1.4561,1]},
{"frame":33,"values":[0.9677,-0.1493,-0.2031,0,0.14,0.9884,-0.0597,0,0.2096,0.0293,0.9773,0,3.5285,8.7304,-1.4561,1]},
{"frame":34,"values":[0.9638,-0.181,-0.1958,0,0.172,0.9831,-0.0619,0,0.2037,0.026,0.9787,0,3.5285,8.7304,-1.4561,1]},
{"frame":35,"values":[0.9636,-0.199,-0.1783,0,0.1917,0.9798,-0.0575,0,0.1862,0.0212,0.9823,0,3.5285,8.7304,-1.4561,1]},
{"frame":36,"values":[0.9656,-0.2024,-0.1636,0,0.1965,0.9792,-0.0516,0,0.1706,0.0177,0.9852,0,3.5285,8.7304,-1.4561,1]},
{"frame":37,"values":[0.9692,-0.1921,-0.1542,0,0.1871,0.9813,-0.0461,0,0.1602,0.0158,0.987,0,3.5285,8.7304,-1.4561,1]},
{"frame":38,"values":[0.9732,-0.1722,-0.1522,0,0.1676,0.9849,-0.0426,0,0.1573,0.016,0.9874,0,3.5285,8.7304,-1.4561,1]},
{"frame":39,"values":[0.9754,-0.152,-0.1597,0,0.1469,0.9882,-0.043,0,0.1643,0.0185,0.9862,0,3.5285,8.7304,-1.4561,1]},
{"frame":40,"values":[0.9757,-0.1387,-0.1698,0,0.1328,0.9901,-0.0452,0,0.1744,0.0216,0.9844,0,3.5285,8.7304,-1.4561,1]},
{"frame":41,"values":[0.9768,-0.1312,-0.1692,0,0.1255,0.9911,-0.0438,0,0.1735,0.0216,0.9846,0,3.5285,8.7304,-1.4561,1]},
{"frame":42,"values":[0.9799,-0.1252,-0.1554,0,0.1208,0.992,-0.0375,0,0.1588,0.018,0.9871,0,3.5285,8.7304,-1.4561,1]},
{"frame":43,"values":[0.9827,-0.1193,-0.1416,0,0.116,0.9928,-0.0313,0,0.1443,0.0144,0.9894,0,3.5285,8.7304,-1.4561,1]}],"loopBehavior":1,"name":"anim","property":"_matrix"}},
{"name":"LeftArm","index":8,"matrix":[0.2937,-0.7511,0.5913,0,0.8637,0.4735,0.1725,0,-0.4095,0.46,0.7878,0,7.6132,-2.2982,0.0421,1],"rest":[0.9965,-0.0092,0.0835,0,0.0092,1,0.0007,0,-0.0835,0.0001,0.9965,0,7.6132,-2.2982,0.0421,1],"parentBoneIndex":7,"length":18.9821
,"animation":{"dataType":3,"framePerSecond":24,"keys":[
{"frame":1,"values":[0.2937,-0.7511,0.5913,0,0.8637,0.4735,0.1725,0,-0.4095,0.46,0.7878,0,7.6132,-2.2982,0.0421,1]},
{"frame":2,"values":[0.2816,-0.7524,0.5955,0,0.862,0.471,0.1873,0,-0.4214,0.4606,0.7812,0,7.6132,-2.2982,0.0421,1]},
{"frame":3,"values":[0.2734,-0.7671,0.5804,0,0.8512,0.474,0.2255,0,-0.4481,0.4323,0.7825,0,7.6132,-2.2982,0.0421,1]},
