{"producer":{"name":"Blender","version":"2.90.0","exporter_version":"2.80.1","file":"fight_blockright.babylon"},
"autoClear":true,"clearColor":[0.0509,0.0509,0.0509],"gravity":[0,-9.81,0],
"materials":[{"name":"Material","id":"Material","customType":"BABYLON.PBRMaterial","backFaceCulling":true,"checkReadyOnlyOnce":false,"maxSimultaneousLights":4,"environmentIntensity":1,"albedo":[0.8,0.8,0.8],"reflectivity":[0.5,0.5,0.5],"roughness":0.4,"alpha":1,"transparencyMode":0,"alphaCutOff":0.4,"metallic":0}],
"multiMaterials":[],
"skeletons":[{"name":"Armature","id":0,"dimensionsAtRest":[128.1663,151.4482,19.1351],"bones":[
{"name":"Hips","index":0,"matrix":[0.9943,0.029,-0.1021,0,-0.0016,0.9657,0.2595,0,-0.1062,0.2579,-0.9603,0,-0.4062,76.5616,-2.6899,1],"rest":[1,0,0,0,0,1,0,0,0,0,-1,0,0,81.0629,0,1],"parentBoneIndex":-1,"length":7.701
,"animation":{"dataType":3,"framePerSecond":24,"keys":[
{"frame":1,"values":[0.9943,0.029,-0.1021,0,-0.0016,0.9657,0.2595,0,-0.1062,0.2579,-0.9603,0,-0.4062,76.5616,-2.6899,1]},
{"frame":2,"values":[0.9965,0.0229,-0.0807,0,-0.0016,0.967,0.2549,0,-0.0838,0.2539,-0.9636,0,-0.1287,76.6227,-2.6394,1]},
{"frame":3,"values":[0.9995,0.0204,-0.0223,0,-0.014,0.9663,0.2571,0,-0.0268,0.2567,-0.9661,0,0.3942,76.8827,-2.662,1]},
{"frame":4,"values":[0.9963,0.0145,0.085,0,-0.0361,0.9655,0.258,0,0.0783,0.2601,-0.9624,0,1.2375,77.3858,-2.7713,1]},
{"frame":5,"values":[0.9771,0.0101,0.2126,0,-0.0642,0.9663,0.2492,0,0.203,0.2571,-0.9448,0,2.2769,77.9386,-2.7805,1]},
{"frame":6,"values":[0.9466,0.013,0.3222,0,-0.0937,0.9672,0.2361,0,0.3085,0.2537,-0.9168,0,3.2829,78.1677,-2.4207,1]},
{"frame":7,"values":[0.9181,0.0125,0.3962,0,-0.1124,0.9667,0.23,0,0.3801,0.2557,-0.8889,0,4.1036,77.8937,-1.8591,1]},
{"frame":8,"values":[0.9013,0.0071,0.4331,0,-0.1184,0.9658,0.2306,0,0.4167,0.2591,-0.8713,0,4.6875,77.4101,-1.5976,1]},
{"frame":9,"values":[0.8945,0.0059,0.447,0,-0.1212,0.9657,0.2298,0,0.4303,0.2598,-0.8645,0,5.0631,77.1103,-1.6309,1]},
{"frame":10,"values":[0.886,0.0082,0.4637,0,-0.1261,0.9664,0.2239,0,0.4463,0.2568,-0.8572,0,5.335,76.9917,-1.6194,1]},
{"frame":11,"values":[0.8664,0.0058,0.4994,0,-0.13,0.9681,0.2142,0,0.4822,0.2505,-0.8395,0,5.622,76.8283,-1.4957,1]},
{"frame":12,"values":[0.8408,-0.0044,0.5414,0,-0.1282,0.9699,0.207,0,0.526,0.2435,-0.8149,0,5.87,76.5185,-1.3054,1]},
{"frame":13,"values":[0.8227,-0.0168,0.5682,0,-0.122,0.971,0.2054,0,0.5552,0.2383,-0.7968,0,5.9667,76.1708,-1.1131,1]},
{"frame":14,"values":[0.8162,-0.0249,0.5773,0,-0.1166,0.9714,0.2067,0,0.5659,0.236,-0.79,0,5.9426,75.9377,-1.0253,1]},
{"frame":15,"values":[0.819,-0.0279,0.5731,0,-0.1136,0.9712,0.2096,0,0.5625,0.2367,-0.7922,0,5.8593,75.8679,-1.0429,1]},
{"frame":16,"values":[0.8276,-0.028,0.5606,0,-0.1117,0.9706,0.2134,0,0.5501,0.2392,-0.8001,0,5.7167,75.9021,-1.0636,1]},
{"frame":17,"values":[0.8383,-0.0259,0.5445,0,-0.1103,0.9701,0.2161,0,0.5339,0.2412,-0.8104,0,5.5266,75.9601,-1.0365,1]},
{"frame":18,"values":[0.8504,-0.0209,0.5257,0,-0.1104,0.9699,0.2172,0,0.5144,0.2428,-0.8225,0,5.3167,76.0248,-0.9994,1]},
{"frame":19,"values":[0.8675,-0.0123,0.4973,0,-0.1117,0.9693,0.2188,0,0.4847,0.2454,-0.8395,0,5.0856,76.1306,-1.0104,1]},
{"frame":20,"values":[0.8883,-0.0047,0.4593,0,-0.11,0.9687,0.2227,0,0.446,0.2483,-0.8599,0,4.8283,76.2795,-1.0763,1]},
{"frame":21,"values":[0.9095,-0.0015,0.4158,0,-0.1025,0.9683,0.2277,0,0.4029,0.2497,-0.8805,0,4.5079,76.461,-1.1746,1]},
{"frame":22,"values":[0.9305,0.0004,0.3662,0,-0.0913,0.9687,0.2308,0,0.3546,0.2482,-0.9015,0,4.081,76.6547,-1.2902,1]},
{"frame":23,"values":[0.9495,0.0006,0.3139,0,-0.0768,0.97,0.2306,0,0.3044,0.2431,-0.921,0,3.6047,76.7605,-1.422,1]},
{"frame":24,"values":[0.9631,-0.0041,0.269,0,-0.0601,0.9713,0.23,0,0.2622,0.2377,-0.9353,0,3.1555,76.6824,-1.5795,1]},
{"frame":25,"values":[0.9735,-0.008,0.2286,0,-0.0465,0.9716,0.2321,0,0.224,0.2366,-0.9454,0,2.6613,76.4797,-1.7021,1]},
{"frame":26,"values":[0.9848,-0.0042,0.1734,0,-0.0376,0.9707,0.2371,0,0.1694,0.2401,-0.9559,0,2.0063,76.3188,-1.7469,1]},
{"frame":27,"values":[0.9956,0.0058,0.0933,0,-0.0285,0.9693,0.2441,0,0.089,0.2457,-0.9653,0,1.2243,76.3078,-1.8957,1]},
{"frame":28,"values":[0.9998,0.0174,-0.0037,0,-0.0159,0.9676,0.2518,0,-0.008,0.2517,-0.9678,0,0.4087,76.4218,-2.2635,1]},
{"frame":29,"values":[0.9943,0.029,-0.1021,0,-0.0016,0.9657,0.2595,0,-0.1062,0.2579,-0.9603,0,-0.4062,76.5616,-2.6899,1]}],"loopBehavior":1,"name":"anim","property":"_matrix"}},
{"name":"Spine","index":1,"matrix":[0.9996,-0.0252,-0.0154,0,0.0257,0.9991,0.0333,0,0.0146,-0.0337,0.9993,0,0.009,7.0626,-0.9847,1],"rest":[1,0,0,0,0,1,0,0,0,0,1,0,0.009,7.0626,-0.9847,1],"parentBoneIndex":0,"length":8.3194
,"animation":{"dataType":3,"framePerSecond":24,"keys":[
{"frame":1,"values":[0.9996,-0.0252,-0.0154,0,0.0257,0.9991,0.0333,0,0.0146,-0.0337,0.9993,0,0.009,7.0626,-0.9847,1]},
{"frame":2,"values":[0.9996,-0.0225,-0.0151,0,0.023,0.9991,0.0343,0,0.0143,-0.0347,0.9993,0,0.009,7.0626,-0.9847,1]},
{"frame":3,"values":[0.9997,-0.0201,-0.0127,0,0.0205,0.9991,0.0372,0,0.0119,-0.0374,0.9992,0,0.009,7.0626,-0.9847,1]},
{"frame":4,"values":[0.9997,-0.0206,-0.0109,0,0.0211,0.999,0.0391,0,0.0101,-0.0393,0.9992,0,0.009,7.0626,-0.9847,1]},
{"frame":5,"values":[0.9994,-0.0308,-0.0158,0,0.0314,0.9989,0.0338,0,0.0147,-0.0343,0.9993,0,0.009,7.0626,-0.9847,1]},
{"frame":6,"values":[0.9986,-0.0451,-0.027,0,0.0456,0.9988,0.0185,0,0.0261,-0.0197,0.9995,0,0.009,7.0626,-0.9847,1]},
{"frame":7,"values":[0.9984,-0.0415,-0.0384,0,0.0416,0.9991,0.0025,0,0.0382,-0.0041,0.9993,0,0.009,7.0626,-0.9847,1]},
{"frame":8,"values":[0.9985,-0.0155,-0.0517,0,0.0154,0.9999,-0.003,0,0.0518,0.0022,0.9987,0,0.009,7.0626,-0.9847,1]},
{"frame":9,"values":[0.9974,0.0074,-0.0712,0,-0.0074,1,0.0006,0,0.0712,0,0.9975,0,0.009,7.0626,-0.9847,1]},
{"frame":10,"values":[0.9958,0.0095,-0.091,0,-0.0092,0.9999,0.0039,0,0.091,-0.0031,0.9958,0,0.009,7.0626,-0.9847,1]},
{"frame":11,"values":[0.995,0.0022,-0.1003,0,-0.0017,1,0.0047,0,0.1003,-0.0045,0.9949,0,0.009,7.0626,-0.9847,1]},
{"frame":12,"values":[0.9951,0.0027,-0.0988,0,-0.0021,1,0.0064,0,0.0988,-0.0062,0.9951,0,0.009,7.0626,-0.9847,1]},
{"frame":13,"values":[0.9955,0.0111,-0.0945,0,-0.0103,0.9999,0.0097,0,0.0946,-0.0087,0.9955,0,0.009,7.0626,-0.9847,1]},
{"frame":14,"values":[0.9955,0.0173,-0.093,0,-0.0162,0.9998,0.0123,0,0.0932,-0.0107,0.9956,0,0.009,7.0626,-0.9847,1]},
{"frame":15,"values":[0.9954,0.0173,-0.094,0,-0.0161,0.9998,0.0134,0,0.0943,-0.0119,0.9955,0,0.009,7.0626,-0.9847,1]},
{"frame":16,"values":[0.9954,0.0153,-0.0946,0,-0.014,0.9998,0.0141,0,0.0948,-0.0127,0.9954,0,0.009,7.0626,-0.9847,1]},
{"frame":17,"values":[0.9955,0.0141,-0.0936,0,-0.0128,0.9998,0.0147,0,0.0938,-0.0134,0.9955,0,0.009,7.0626,-0.9847,1]},
{"frame":18,"values":[0.9957,0.0127,-0.0922,0,-0.0113,0.9998,0.0155,0,0.0924,-0.0144,0.9956,0,0.009,7.0626,-0.9847,1]},
{"frame":19,"values":[0.9958,0.0097,-0.0908,0,-0.0083,0.9998,0.0165,0,0.0909,-0.0157,0.9957,0,0.009,7.0626,-0.9847,1]},
{"frame":20,"values":[0.9962,0.0068,-0.087,0,-0.0053,0.9998,0.017,0,0.0871,-0.0164,0.9961,0,0.009,7.0626,-0.9847,1]},
{"frame":21,"values":[0.9968,0.005,-0.0793,0,-0.0037,0.9999,0.0167,0,0.0794,-0.0163,0.9967,0,0.009,7.0626,-0.9847,1]},
{"frame":22,"values":[0.9975,0.0023,-0.0702,0,-0.0011,0.9998,0.0175,0,0.0702,-0.0174,0.9974,0,0.009,7.0626,-0.9847,1]},
{"frame":23,"values":[0.9981,-0.0023,-0.0613,0,0.0036,0.9998,0.0213,0,0.0613,-0.0215,0.9979,0,0.009,7.0626,-0.9847,1]},
{"frame":24,"values":[0.9987,-0.0064,-0.0511,0,0.0077,0.9996,0.027,0,0.0509,-0.0273,0.9983,0,0.009,7.0626,-0.9847,1]},
{"frame":25,"values":[0.9992,-0.008,-0.0389,0,0.0093,0.9994,0.0324,0,0.0386,-0.0328,0.9987,0,0.009,7.0626,-0.9847,1]},
{"frame":26,"values":[0.9995,-0.0091,-0.0286,0,0.0101,0.9993,0.0366,0,0.0283,-0.0369,0.9989,0,0.009,7.0626,-0.9847,1]},
{"frame":27,"values":[0.9997,-0.0126,-0.0226,0,0.0134,0.9992,0.038,0,0.0221,-0.0383,0.999,0,0.009,7.0626,-0.9847,1]},
{"frame":28,"values":[0.9996,-0.0187,-0.019,0,0.0194,0.9992,0.0361,0,0.0183,-0.0364,0.9992,0,0.009,7.0626,-0.9847,1]},
{"frame":29,"values":[0.9996,-0.0252,-0.0154,0,0.0257,0.9991,0.0333,0,0.0146,-0.0337,0.9993,0,0.009,7.0626,-0.9847,1]}],"loopBehavior":1,"name":"anim","property":"_matrix"}},
{"name":"Spine1","index":2,"matrix":[0.9999,0.0036,-0.013,0,-0.0027,0.9977,0.0682,0,0.0132,-0.0681,0.9976,0,0.0124,8.2397,-1.1488,1],"rest":[1,0,0,0,0,1,0,0,0,0,1,0,0.0124,8.2397,-1.1488,1],"parentBoneIndex":1,"length":9.5079
,"animation":{"dataType":3,"framePerSecond":24,"keys":[
{"frame":1,"values":[0.9999,0.0036,-0.013,0,-0.0027,0.9977,0.0682,0,0.0132,-0.0681,0.9976,0,0.0124,8.2397,-1.1488,1]},
{"frame":2,"values":[0.9999,0.0075,-0.0122,0,-0.0066,0.9975,0.0703,0,0.0127,-0.0703,0.9974,0,0.0124,8.2397,-1.1488,1]},
{"frame":3,"values":[0.9999,0.0093,-0.0079,0,-0.0087,0.9972,0.0746,0,0.0086,-0.0745,0.9972,0,0.0124,8.2397,-1.1488,1]},
{"frame":4,"values":[1,0.0081,-0.0031,0,-0.0078,0.997,0.0772,0,0.0037,-0.0771,0.997,0,0.0124,8.2397,-1.1488,1]},
{"frame":5,"values":[1,0.0023,-0.0019,0,-0.0021,0.9974,0.0715,0,0.002,-0.0715,0.9974,0,0.0124,8.2397,-1.1488,1]},
{"frame":6,"values":[1,-0.0048,-0.0071,0,0.0052,0.9985,0.0538,0,0.0068,-0.0538,0.9985,0,0.0124,8.2397,-1.1488,1]},
{"frame":7,"values":[0.9997,-0.0019,-0.0257,0,0.0027,0.9995,0.0314,0,0.0256,-0.0314,0.9992,0,0.0124,8.2397,-1.1488,1]},
{"frame":8,"values":[0.9977,0.0137,-0.0666,0,-0.0126,0.9998,0.0173,0,0.0669,-0.0164,0.9976,0,0.0124,8.2397,-1.1488,1]},
{"frame":9,"values":[0.9924,0.0265,-0.1201,0,-0.0249,0.9996,0.0148,0,0.1205,-0.0117,0.9926,0,0.0124,8.2397,-1.1488,1]},
{"frame":10,"values":[0.9866,0.0249,-0.161,0,-0.0226,0.9996,0.0165,0,0.1614,-0.0126,0.9868,0,0.0124,8.2397,-1.1488,1]},
{"frame":11,"values":[0.9846,0.0171,-0.1742,0,-0.0142,0.9997,0.0179,0,0.1745,-0.0152,0.9845,0,0.0124,8.2397,-1.1488,1]},
{"frame":12,"values":[0.9855,0.0156,-0.169,0,-0.0122,0.9997,0.0212,0,0.1693,-0.0188,0.9854,0,0.0124,8.2397,-1.1488,1]},
{"frame":13,"values":[0.9865,0.0197,-0.1623,0,-0.0156,0.9995,0.0265,0,0.1627,-0.0236,0.9864,0,0.0124,8.2397,-1.1488,1]},
{"frame":14,"values":[0.9867,0.0222,-0.1613,0,-0.0174,0.9994,0.0309,0,0.1619,-0.0277,0.9864,0,0.0124,8.2397,-1.1488,1]},
{"frame":15,"values":[0.9863,0.0224,-0.1635,0,-0.0173,0.9993,0.0329,0,0.1641,-0.0296,0.986,0,0.0124,8.2397,-1.1488,1]},
{"frame":16,"values":[0.9861,0.023,-0.1646,0,-0.0176,0.9993,0.034,0,0.1652,-0.0306,0.9858,0,0.0124,8.2397,-1.1488,1]},
{"frame":17,"values":[0.9863,0.0232,-0.1634,0,-0.0177,0.9992,0.0353,0,0.1641,-0.032,0.9859,0,0.0124,8.2397,-1.1488,1]},
{"frame":18,"values":[0.9866,0.0214,-0.1617,0,-0.0156,0.9992,0.0372,0,0.1624,-0.0342,0.9861,0,0.0124,8.2397,-1.1488,1]},
{"frame":19,"values":[0.9871,0.0187,-0.1592,0,-0.0125,0.9991,0.0395,0,0.1598,-0.037,0.9865,0,0.0124,8.2397,-1.1488,1]},
{"frame":20,"values":[0.9883,0.017,-0.1517,0,-0.0109,0.9991,0.0413,0,0.1523,-0.0392,0.9876,0,0.0124,8.2397,-1.1488,1]},
{"frame":21,"values":[0.9905,0.0167,-0.1367,0,-0.011,0.999,0.0425,0,0.1373,-0.0406,0.9897,0,0.0124,8.2397,-1.1488,1]},
{"frame":22,"values":[0.9928,0.0175,-0.1188,0,-0.0122,0.9989,0.0449,0,0.1194,-0.0431,0.9919,0,0.0124,8.2397,-1.1488,1]},
{"frame":23,"values":[0.9946,0.0196,-0.1018,0,-0.0145,0.9986,0.0499,0,0.1026,-0.0482,0.9936,0,0.0124,8.2397,-1.1488,1]},
{"frame":24,"values":[0.9963,0.0221,-0.0829,0,-0.0175,0.9982,0.0565,0,0.084,-0.0549,0.995,0,0.0124,8.2397,-1.1488,1]},
{"frame":25,"values":[0.9979,0.0232,-0.0607,0,-0.0193,0.9978,0.0639,0,0.0621,-0.0626,0.9961,0,0.0124,8.2397,-1.1488,1]},
{"frame":26,"values":[0.9989,0.0219,-0.0412,0,-0.0189,0.9973,0.0714,0,0.0427,-0.0706,0.9966,0,0.0124,8.2397,-1.1488,1]},
{"frame":27,"values":[0.9994,0.0179,-0.0289,0,-0.0157,0.9971,0.0748,0,0.0302,-0.0743,0.9968,0,0.0124,8.2397,-1.1488,1]},
{"frame":28,"values":[0.9997,0.0111,-0.021,0,-0.0096,0.9973,0.0723,0,0.0218,-0.0721,0.9972,0,0.0124,8.2397,-1.1488,1]},
{"frame":29,"values":[0.9999,0.0036,-0.013,0,-0.0027,0.9977,0.0682,0,0.0132,-0.0681,0.9976,0,0.0124,8.2397,-1.1488,1]}],"loopBehavior":1,"name":"anim","property":"_matrix"}},
{"name":"Spine2","index":3,"matrix":[0.9999,0.0036,-0.0131,0,-0.0027,0.9977,0.0681,0,0.0134,-0.0681,0.9976,0,0.0142,9.4168,-1.313,1],"rest":[1,0,0,0,0,1,0,0,0,0,1,0,0.0142,9.4168,-1.313,1],"parentBoneIndex":2,"length":9.9132
,"animation":{"dataType":3,"framePerSecond":24,"keys":[
{"frame":1,"values":[0.9999,0.0036,-0.0131,0,-0.0027,0.9977,0.0681,0,0.0134,-0.0681,0.9976,0,0.0142,9.4168,-1.313,1]},
{"frame":2,"values":[0.9999,0.0076,-0.0123,0,-0.0067,0.9975,0.0703,0,0.0128,-0.0702,0.9974,0,0.0142,9.4168,-1.313,1]},
{"frame":3,"values":[0.9999,0.0094,-0.0081,0,-0.0088,0.9972,0.0745,0,0.0088,-0.0745,0.9972,0,0.0142,9.4168,-1.313,1]},
{"frame":4,"values":[1,0.0082,-0.0032,0,-0.0079,0.997,0.0771,0,0.0038,-0.077,0.997,0,0.0142,9.4168,-1.313,1]},
{"frame":5,"values":[1,0.0026,-0.0017,0,-0.0025,0.9974,0.0715,0,0.0019,-0.0715,0.9974,0,0.0142,9.4168,-1.313,1]},
{"frame":6,"values":[1,-0.004,-0.0067,0,0.0044,0.9985,0.0539,0,0.0065,-0.0539,0.9985,0,0.0142,9.4168,-1.313,1]},
{"frame":7,"values":[0.9997,-0.0013,-0.0256,0,0.0021,0.9995,0.0312,0,0.0255,-0.0313,0.9992,0,0.0142,9.4168,-1.313,1]},
{"frame":8,"values":[0.9977,0.0124,-0.0672,0,-0.0114,0.9998,0.0163,0,0.0674,-0.0155,0.9976,0,0.0142,9.4168,-1.313,1]},
{"frame":9,"values":[0.9924,0.0232,-0.1211,0,-0.0218,0.9997,0.0128,0,0.1214,-0.0101,0.9926,0,0.0142,9.4168,-1.313,1]},
{"frame":10,"values":[0.9866,0.021,-0.1618,0,-0.019,0.9997,0.0139,0,0.1621,-0.0107,0.9867,0,0.0142,9.4168,-1.313,1]},
{"frame":11,"values":[0.9845,0.0139,-0.1748,0,-0.0114,0.9998,0.0153,0,0.175,-0.0131,0.9845,0,0.0142,9.4168,-1.313,1]},
{"frame":12,"values":[0.9854,0.0131,-0.1696,0,-0.0101,0.9998,0.0184,0,0.1698,-0.0165,0.9853,0,0.0142,9.4168,-1.313,1]},
{"frame":13,"values":[0.9865,0.0175,-0.163,0,-0.0139,0.9996,0.0235,0,0.1634,-0.0209,0.9863,0,0.0142,9.4168,-1.313,1]},
{"frame":14,"values":[0.9866,0.0201,-0.1622,0,-0.0159,0.9995,0.0276,0,0.1626,-0.0247,0.9864,0,0.0142,9.4168,-1.313,1]},
{"frame":15,"values":[0.9862,0.0204,-0.1644,0,-0.0158,0.9994,0.0296,0,0.1649,-0.0266,0.986,0,0.0142,9.4168,-1.313,1]},
{"frame":16,"values":[0.986,0.0211,-0.1655,0,-0.0162,0.9994,0.0306,0,0.166,-0.0275,0.9857,0,0.0142,9.4168,-1.313,1]},
{"frame":17,"values":[0.9862,0.0213,-0.1644,0,-0.0162,0.9994,0.032,0,0.165,-0.0289,0.9859,0,0.0142,9.4168,-1.313,1]},
{"frame":18,"values":[0.9865,0.0196,-0.1627,0,-0.0142,0.9993,0.034,0,0.1632,-0.0313,0.9861,0,0.0142,9.4168,-1.313,1]},
{"frame":19,"values":[0.987,0.017,-0.1601,0,-0.0113,0.9993,0.0366,0,0.1606,-0.0343,0.9864,0,0.0142,9.4168,-1.313,1]},
{"frame":20,"values":[0.9882,0.0155,-0.1526,0,-0.0097,0.9992,0.0386,0,0.1531,-0.0367,0.9875,0,0.0142,9.4168,-1.313,1]},
{"frame":21,"values":[0.9904,0.0154,-0.1377,0,-0.01,0.9992,0.0399,0,0.1382,-0.0381,0.9897,0,0.0142,9.4168,-1.313,1]},
{"frame":22,"values":[0.9927,0.0165,-0.1198,0,-0.0115,0.999,0.0424,0,0.1204,-0.0408,0.9919,0,0.0142,9.4168,-1.313,1]},
{"frame":23,"values":[0.9945,0.0192,-0.1029,0,-0.0143,0.9988,0.0478,0,0.1037,-0.0461,0.9935,0,0.0142,9.4168,-1.313,1]},
{"frame":24,"values":[0.9962,0.0221,-0.0839,0,-0.0176,0.9983,0.055,0,0.085,-0.0533,0.995,0,0.0142,9.4168,-1.313,1]},
{"frame":25,"values":[0.9978,0.0233,-0.0615,0,-0.0194,0.9978,0.0631,0,0.0628,-0.0618,0.9961,0,0.0142,9.4168,-1.313,1]},
{"frame":26,"values":[0.9989,0.022,-0.0419,0,-0.019,0.9973,0.071,0,0.0433,-0.0701,0.9966,0,0.0142,9.4168,-1.313,1]},
{"frame":27,"values":[0.9994,0.018,-0.0295,0,-0.0158,0.9971,0.0746,0,0.0307,-0.0741,0.9968,0,0.0142,9.4168,-1.313,1]},
{"frame":28,"values":[0.9997,0.0112,-0.0214,0,-0.0096,0.9973,0.0721,0,0.0221,-0.0719,0.9972,0,0.0142,9.4168,-1.313,1]},
{"frame":29,"values":[0.9999,0.0036,-0.0131,0,-0.0027,0.9977,0.0681,0,0.0134,-0.0681,0.9976,0,0.0142,9.4168,-1.313,1]}],"loopBehavior":1,"name":"anim","property":"_matrix"}},
{"name":"Neck","index":4,"matrix":[0.9991,0.0152,-0.0387,0,-0.0081,0.9841,0.1772,0,0.0408,-0.1768,0.9834,0,0.016,10.5938,-1.4771,1],"rest":[1,0,0,0,0,1,0,0,0,0,1,0,0.016,10.5938,-1.4771,1],"parentBoneIndex":3,"length":5.1073
,"animation":{"dataType":3,"framePerSecond":24,"keys":[
{"frame":1,"values":[0.9991,0.0152,-0.0387,0,-0.0081,0.9841,0.1772,0,0.0408,-0.1768,0.9834,0,0.016,10.5938,-1.4771,1]},
{"frame":2,"values":[0.9992,0.0165,-0.0351,0,-0.0102,0.9853,0.1705,0,0.0374,-0.17,0.9847,0,0.016,10.5938,-1.4771,1]},
{"frame":3,"values":[0.9994,0.018,-0.0291,0,-0.0129,0.9858,0.1671,0,0.0317,-0.1667,0.9855,0,0.016,10.5938,-1.4771,1]},
{"frame":4,"values":[0.9995,0.0252,-0.0166,0,-0.0221,0.9861,0.1648,0,0.0205,-0.1644,0.9862,0,0.016,10.5938,-1.4771,1]},
{"frame":5,"values":[0.9992,0.0401,0.0056,0,-0.0405,0.986,0.1615,0,0.001,-0.1616,0.9869,0,0.016,10.5938,-1.4771,1]},
{"frame":6,"values":[0.998,0.0526,0.0347,0,-0.0576,0.985,0.1625,0,-0.0257,-0.1641,0.9861,0,0.016,10.5938,-1.4771,1]},
{"frame":7,"values":[0.9971,0.047,0.0599,0,-0.0567,0.9832,0.1734,0,-0.0507,-0.1763,0.983,0,0.016,10.5938,-1.4771,1]},
{"frame":8,"values":[0.9969,0.0263,0.0746,0,-0.0399,0.9813,0.1882,0,-0.0683,-0.1906,0.9793,0,0.016,10.5938,-1.4771,1]},
{"frame":9,"values":[0.996,0.0138,0.0888,0,-0.0309,0.9805,0.1941,0,-0.0844,-0.1961,0.977,0,0.016,10.5938,-1.4771,1]},
{"frame":10,"values":[0.9934,0.0228,0.1124,0,-0.0438,0.981,0.1888,0,-0.106,-0.1924,0.9756,0,0.016,10.5938,-1.4771,1]},
{"frame":11,"values":[0.9897,0.0421,0.1369,0,-0.0666,0.9816,0.1792,0,-0.1268,-0.1865,0.9742,0,0.016,10.5938,-1.4771,1]},
{"frame":12,"values":[0.9874,0.0535,0.1492,0,-0.079,0.9822,0.1706,0,-0.1374,-0.1802,0.974,0,0.016,10.5938,-1.4771,1]},
{"frame":13,"values":[0.9873,0.053,0.1497,0,-0.0777,0.9834,0.1642,0,-0.1385,-0.1737,0.975,0,0.016,10.5938,-1.4771,1]},
{"frame":14,"values":[0.9878,0.0496,0.1477,0,-0.0736,0.9841,0.1614,0,-0.1374,-0.1703,0.9758,0,0.016,10.5938,-1.4771,1]},
{"frame":15,"values":[0.9879,0.0489,0.147,0,-0.073,0.9839,0.1632,0,-0.1367,-0.172,0.9756,0,0.016,10.5938,-1.4771,1]},
{"frame":16,"values":[0.988,0.0496,0.1463,0,-0.074,0.9833,0.1666,0,-0.1356,-0.1754,0.9751,0,0.016,10.5938,-1.4771,1]},
{"frame":17,"values":[0.9883,0.0493,0.1443,0,-0.0736,0.9829,0.1687,0,-0.1335,-0.1773,0.9751,0,0.016,10.5938,-1.4771,1]},
{"frame":18,"values":[0.9889,0.0473,0.141,0,-0.0711,0.983,0.1691,0,-0.1306,-0.1773,0.9755,0,0.016,10.5938,-1.4771,1]},
{"frame":19,"values":[0.9898,0.0441,0.1356,0,-0.067,0.9833,0.1691,0,-0.1258,-0.1765,0.9762,0,0.016,10.5938,-1.4771,1]},
{"frame":20,"values":[0.9911,0.0411,0.127,0,-0.0625,0.9835,0.1696,0,-0.1179,-0.1761,0.9773,0,0.016,10.5938,-1.4771,1]},
{"frame":21,"values":[0.9926,0.0394,0.1148,0,-0.0587,0.9836,0.1703,0,-0.1063,-0.1758,0.9787,0,0.016,10.5938,-1.4771,1]},
{"frame":22,"values":[0.9942,0.0396,0.1001,0,-0.0564,0.9838,0.1703,0,-0.0918,-0.1749,0.9803,0,0.016,10.5938,-1.4771,1]},
{"frame":23,"values":[0.9957,0.0406,0.0838,0,-0.0544,0.984,0.1697,0,-0.0755,-0.1735,0.9819,0,0.016,10.5938,-1.4771,1]},
{"frame":24,"values":[0.9971,0.0386,0.0654,0,-0.0493,0.9841,0.1704,0,-0.0577,-0.1731,0.9832,0,0.016,10.5938,-1.4771,1]},
{"frame":25,"values":[0.9985,0.0317,0.045,0,-0.0391,0.9841,0.173,0,-0.0388,-0.1745,0.9839,0,0.016,10.5938,-1.4771,1]},
{"frame":26,"values":[0.9994,0.0236,0.0241,0,-0.0275,0.9841,0.1754,0,-0.0196,-0.176,0.9842,0,0.016,10.5938,-1.4771,1]},
{"frame":27,"values":[0.9998,0.0186,0.0035,0,-0.0189,0.9841,0.1764,0,-0.0001,-0.1764,0.9843,0,0.016,10.5938,-1.4771,1]},
{"frame":28,"values":[0.9997,0.0167,-0.0175,0,-0.0134,0.9842,0.1767,0,0.0201,-0.1765,0.9841,0,0.016,10.5938,-1.4771,1]},
{"frame":29,"values":[0.9991,0.0152,-0.0387,0,-0.0081,0.9841,0.1772,0,0.0408,-0.1768,0.9834,0,0.016,10.5938,-1.4771,1]}],"loopBehavior":1,"name":"anim","property":"_matrix"}},
{"name":"Head","index":5,"matrix":[0.9518,-0.1816,-0.2471,0,0.0985,0.9442,-0.3144,0,0.2904,0.2749,0.9166,0,0,5.0564,0.7196,1],"rest":[1,0,0,0,0,1,0,0,0,0,1,0,0,5.0564,0.7196,1],"parentBoneIndex":4,"length":15.2963
,"animation":{"dataType":3,"framePerSecond":24,"keys":[
{"frame":1,"values":[0.9518,-0.1816,-0.2471,0,0.0985,0.9442,-0.3144,0,0.2904,0.2749,0.9166,0,0,5.0564,0.7196,1]},
{"frame":2,"values":[0.9538,-0.1918,-0.2314,0,0.1099,0.9392,-0.3254,0,0.2798,0.2849,0.9168,0,0,5.0564,0.7196,1]},
{"frame":3,"values":[0.9572,-0.2027,-0.2066,0,0.1273,0.936,-0.3282,0,0.2599,0.2879,0.9217,0,0,5.0564,0.7196,1]},
{"frame":4,"values":[0.9649,-0.2093,-0.1588,0,0.1495,0.9345,-0.3232,0,0.216,0.2881,0.9329,0,0,5.0564,0.7196,1]},
{"frame":5,"values":[0.9754,-0.2071,-0.075,0,0.1741,0.9337,-0.3129,0,0.1349,0.2922,0.9468,0,0,5.0564,0.7196,1]},
{"frame":6,"values":[0.9806,-0.1911,0.0446,0,0.1958,0.9363,-0.2915,0,0.014,0.2946,0.9555,0,0,5.0564,0.7196,1]},
{"frame":7,"values":[0.9715,-0.161,0.1741,0,0.2017,0.947,-0.2501,0,-0.1246,0.2781,0.9524,0,0,5.0564,0.7196,1]},
{"frame":8,"values":[0.949,-0.1266,0.2888,0,0.1863,0.964,-0.1899,0,-0.2543,0.234,0.9384,0,0,5.0564,0.7196,1]},
{"frame":9,"values":[0.9163,-0.1045,0.3866,0,0.1658,0.9777,-0.1289,0,-0.3645,0.1823,0.9132,0,0,5.0564,0.7196,1]},
{"frame":10,"values":[0.8765,-0.0994,0.4711,0,0.159,0.9833,-0.0883,0,-0.4544,0.1523,0.8777,0,0,5.0564,0.7196,1]},
{"frame":11,"values":[0.8392,-0.1027,0.534,0,0.1673,0.9831,-0.0738,0,-0.5174,0.1513,0.8423,0,0,5.0564,0.7196,1]},
{"frame":12,"values":[0.816,-0.1049,0.5685,0,0.1802,0.9806,-0.0777,0,-0.5493,0.1658,0.819,0,0,5.0564,0.7196,1]},
{"frame":13,"values":[0.8085,-0.1039,0.5792,0,0.1897,0.9778,-0.0893,0,-0.5571,0.1821,0.8103,0,0,5.0564,0.7196,1]},
{"frame":14,"values":[0.8087,-0.1022,0.5793,0,0.193,0.9764,-0.0972,0,-0.5557,0.1904,0.8093,0,0,5.0564,0.7196,1]},
{"frame":15,"values":[0.8111,-0.1005,0.5762,0,0.1907,0.9767,-0.0981,0,-0.553,0.1894,0.8114,0,0,5.0564,0.7196,1]},
{"frame":16,"values":[0.8144,-0.0982,0.5719,0,0.1862,0.9777,-0.0972,0,-0.5496,0.1856,0.8145,0,0,5.0564,0.7196,1]},
{"frame":17,"values":[0.8191,-0.0947,0.5658,0,0.1806,0.9787,-0.0978,0,-0.5444,0.1823,0.8188,0,0,5.0564,0.7196,1]},
{"frame":18,"values":[0.8261,-0.0911,0.5561,0,0.174,0.9799,-0.0979,0,-0.536,0.1776,0.8253,0,0,5.0564,0.7196,1]},
{"frame":19,"values":[0.8382,-0.0904,0.5378,0,0.1688,0.9807,-0.0983,0,-0.5185,0.1732,0.8373,0,0,5.0564,0.7196,1]},
{"frame":20,"values":[0.8584,-0.0933,0.5045,0,0.1675,0.9804,-0.1037,0,-0.4849,0.1735,0.8572,0,0,5.0564,0.7196,1]},
{"frame":21,"values":[0.8862,-0.0955,0.4533,0,0.1659,0.979,-0.1181,0,-0.4325,0.1798,0.8835,0,0,5.0564,0.7196,1]},
{"frame":22,"values":[0.9169,-0.0932,0.3881,0,0.1595,0.9769,-0.1423,0,-0.3658,0.1924,0.9106,0,0,5.0564,0.7196,1]},
{"frame":23,"values":[0.9455,-0.0928,0.3121,0,0.1532,0.9726,-0.175,0,-0.2873,0.2133,0.9338,0,0,5.0564,0.7196,1]},
{"frame":24,"values":[0.9683,-0.1062,0.2259,0,0.1549,0.9653,-0.2104,0,-0.1957,0.2387,0.9512,0,0,5.0564,0.7196,1]},
{"frame":25,"values":[0.9822,-0.1329,0.1326,0,0.162,0.9569,-0.2409,0,-0.0949,0.2581,0.9614,0,0,5.0564,0.7196,1]},
{"frame":26,"values":[0.9866,-0.1583,0.0389,0,0.1629,0.9508,-0.2636,0,0.0047,0.2664,0.9639,0,0,5.0564,0.7196,1]},
{"frame":27,"values":[0.9835,-0.1724,-0.0545,0,0.1504,0.9474,-0.2825,0,0.1003,0.2697,0.9577,0,0,5.0564,0.7196,1]},
{"frame":28,"values":[0.9725,-0.1777,-0.1507,0,0.1263,0.9455,-0.3,0,0.1958,0.2727,0.942,0,0,5.0564,0.7196,1]},
{"frame":29,"values":[0.9518,-0.1816,-0.2471,0,0.0985,0.9442,-0.3144,0,0.2904,0.2749,0.9166,0,0,5.0564,0.7196,1]}],"loopBehavior":1,"name":"anim","property":"_matrix"}},
{"name":"HeadTop_End","index":6,"matrix":[1,0,0,0,0,1,0,0,0,0,1,0,0,15.1437,2.155,1],"rest":[1,0,0,0,0,1,0,0,0,0,1,0,0,15.1437,2.155,1],"parentBoneIndex":5,"length":15.2963
,"animation":{"dataType":3,"framePerSecond":24,"keys":[
{"frame":1,"values":[1,0,0,0,0,1,0,0,0,0,1,0,0,15.1437,2.155,1]},
{"frame":29,"values":[1,0,0,0,0,1,0,0,0,0,1,0,0,15.1437,2.155,1]}],"loopBehavior":1,"name":"anim","property":"_matrix"}},
{"name":"LeftShoulder","index":7,"matrix":[0.951,-0.2105,0.2263,0,0.2001,0.9774,0.0683,0,-0.2356,-0.0197,0.9717,0,3.5285,8.7304,-1.4561,1],"rest":[1,-0.0017,0,0,0.0017,1,0,0,0,0,1,0,3.5285,8.7304,-1.4561,1],"parentBoneIndex":3,"length":7.9526
,"animation":{"dataType":3,"framePerSecond":24,"keys":[
{"frame":1,"values":[0.951,-0.2105,0.2263,0,0.2001,0.9774,0.0683,0,-0.2356,-0.0197,0.9717,0,3.5285,8.7304,-1.4561,1]},
{"frame":2,"values":[0.951,-0.2103,0.2266,0,0.1999,0.9774,0.0682,0,-0.2358,-0.0196,0.9716,0,3.5285,8.7304,-1.4561,1]},
{"frame":3,"values":[0.9512,-0.2081,0.2278,0,0.1977,0.9779,0.0679,0,-0.2369,-0.0196,0.9713,0,3.5285,8.7304,-1.4561,1]},
{"frame":4,"values":[0.9529,-0.2032,0.2252,0,0.1933,0.979,0.0653,0,-0.2338,-0.0187,0.9721,0,3.5285,8.7304,-1.4561,1]},
{"frame":5,"values":[0.9555,-0.1993,0.2175,0,0.1906,0.9798,0.0605,0,-0.2251,-0.0163,0.9742,0,3.5285,8.7304,-1.4561,1]},
{"frame":6,"values":[0.9559,-0.2007,0.2146,0,0.1924,0.9795,0.0592,0,-0.2221,-0.0153,0.9749,0,3.5285,8.7304,-1.4561,1]},
{"frame":7,"values":[0.9514,-0.2056,0.2293,0,0.1953,0.9785,0.0668,0,-0.2381,-0.0188,0.9711,0,3.5285,8.7304,-1.4561,1]},
{"frame":8,"values":[0.9434,-0.2093,0.2571,0,0.1955,0.9776,0.0786,0,-0.2678,-0.0239,0.9632,0,3.5285,8.7304,-1.4561,1]},
{"frame":9,"values":[0.9373,-0.21,0.2783,0,0.1938,0.9774,0.0846,0,-0.2898,-0.0253,0.9568,0,3.5285,8.7304,-1.4561,1]},
{"frame":10,"values":[0.9358,-0.2085,0.2842,0,0.1925,0.9777,0.0833,0,-0.2953,-0.0233,0.9551,0,3.5285,8.7304,-1.4561,1]},
{"frame":11,"values":[0.9361,-0.2068,0.2844,0,0.1913,0.9782,0.0813,0,-0.295,-0.0217,0.9552,0,3.5285,8.7304,-1.4561,1]},
{"frame":12,"values":[0.9353,-0.2056,0.2881,0,0.1899,0.9784,0.0816,0,-0.2986,-0.0216,0.9541,0,3.5285,8.7304,-1.4561,1]},
{"frame":13,"values":[0.9343,-0.2037,0.2926,0,0.1878,0.9788,0.0817,0,-0.303,-0.0214,0.9527,0,3.5285,8.7304,-1.4561,1]},
{"frame":14,"values":[0.9348,-0.201,0.2928,0,0.1854,0.9794,0.0801,0,-0.3029,-0.0206,0.9528,0,3.5285,8.7304,-1.4561,1]},
{"frame":15,"values":[0.9363,-0.1996,0.2892,0,0.1846,0.9797,0.0785,0,-0.2989,-0.0201,0.9541,0,3.5285,8.7304,-1.4561,1]},
{"frame":16,"values":[0.9371,-0.2006,0.2856,0,0.1858,0.9795,0.0783,0,-0.2955,-0.0204,0.9551,0,3.5285,8.7304,-1.4561,1]},
{"frame":17,"values":[0.937,-0.2023,0.285,0,0.1873,0.9791,0.0792,0,-0.295,-0.0208,0.9553,0,3.5285,8.7304,-1.4561,1]},
{"frame":18,"values":[0.9365,-0.2028,0.286,0,0.1876,0.979,0.0797,0,-0.2961,-0.0209,0.9549,0,3.5285,8.7304,-1.4561,1]},
{"frame":19,"values":[0.9372,-0.2024,0.2839,0,0.1875,0.9791,0.079,0,-0.294,-0.0208,0.9556,0,3.5285,8.7304,-1.4561,1]},
{"frame":20,"values":[0.9403,-0.2026,0.2734,0,0.1886,0.9791,0.0767,0,-0.2832,-0.0205,0.9588,0,3.5285,8.7304,-1.4561,1]},
{"frame":21,"values":[0.9463,-0.203,0.2516,0,0.1909,0.979,0.0719,0,-0.2609,-0.02,0.9652,0,3.5285,8.7304,-1.4561,1]},
{"frame":22,"values":[0.9536,-0.2029,0.2224,0,0.1932,0.979,0.0649,0,-0.2309,-0.0189,0.9728,0,3.5285,8.7304,-1.4561,1]},
{"frame":23,"values":[0.9592,-0.2027,0.197,0,0.1948,0.9791,0.0587,0,-0.2048,-0.0179,0.9786,0,3.5285,8.7304,-1.4561,1]},
{"frame":24,"values":[0.9608,-0.2039,0.1878,0,0.1966,0.9788,0.0569,0,-0.1954,-0.0178,0.9806,0,3.5285,8.7304,-1.4561,1]},
{"frame":25,"values":[0.9591,-0.206,0.1943,0,0.1981,0.9784,0.0594,0,-0.2023,-0.0185,0.9792,0,3.5285,8.7304,-1.4561,1]},
{"frame":26,"values":[0.9565,-0.2073,0.2052,0,0.1985,0.9781,0.0625,0,-0.2137,-0.0191,0.9767,0,3.5285,8.7304,-1.4561,1]},
{"frame":27,"values":[0.9546,-0.208,0.2133,0,0.1986,0.9779,0.0646,0,-0.222,-0.0193,0.9748,0,3.5285,8.7304,-1.4561,1]},
{"frame":28,"values":[0.9529,-0.2091,0.2196,0,0.1992,0.9777,0.0664,0,-0.2286,-0.0195,0.9733,0,3.5285,8.7304,-1.4561,1]},
{"frame":29,"values":[0.951,-0.2105,0.2263,0,0.2001,0.9774,0.0683,0,-0.2356,-0.0197,0.9717,0,3.5285,8.7304,-1.4561,1]}],"loopBehavior":1,"name":"anim","property":"_matrix"}},
{"name":"LeftArm","index":8,"matrix":[0.4905,-0.7259,-0.4822,0,0.871,0.4262,0.2444,0,0.0281,-0.5398,0.8413,0,7.6132,-2.2982,0.0421,1],"rest":[0.9965,-0.0092,0.0835,0,0.0092,1,0.0007,0,-0.0835,0.0001,0.9965,0,7.6132,-2.2982,0.0421,1],"parentBoneIndex":7,"length":18.9821
,"animation":{"dataType":3,"framePerSecond":24,"keys":[
{"frame":1,"values":[0.4905,-0.7259,-0.4822,0,0.871,0.4262,0.2444,0,0.0281,-0.5398,0.8413,0,7.6132,-2.2982,0.0421,1]},
{"frame":2,"values":[0.49,-0.7298,-0.4767,0,0.8714,0.4246,0.2457,0,0.0231,-0.5358,0.844,0,7.6132,-2.2982,0.0421,1]},
{"frame":3,"values":[0.4922,-0.7293,-0.4752,0,0.8702,0.4259,0.2478,0,0.0216,-0.5355,0.8443,0,7.6132,-2.2982,0.0421,1]},
{"frame":4,"values":[0.4988,-0.7258,-0.4737,0,0.8665,0.4299,0.2537,0,0.0196,-0.537,0.8433,0,7.6132,-2.2982,0.0421,1]},
{"frame":5,"values":[0.5016,-0.7223,-0.4761,0,0.8648,0.4334,0.2535,0,0.0233,-0.5388,0.8421,0,7.6132,-2.2982,0.0421,1]},
{"frame":6,"values":[0.4899,-0.7154,-0.4982,0,0.8705,0.4319,0.2358,0,0.0465,-0.5493,0.8344,0,7.6132,-2.2982,0.0421,1]},
{"frame":7,"values":[0.4671,-0.7001,-0.54,0,0.881,0.42,0.2176,0,0.0745,-0.5774,0.813,0,7.6132,-2.2982,0.0421,1]},
{"frame":8,"values":[0.4481,-0.6864,-0.5728,0,0.8914,0.3914,0.2283,0,0.0675,-0.6129,0.7873,0,7.6132,-2.2982,0.0421,1]},
{"frame":9,"values":[0.4421,-0.6888,-0.5745,0,0.8968,0.3533,0.2664,0,0.0195,-0.633,0.7739,0,7.6132,-2.2982,0.0421,1]},
{"frame":10,"values":[0.4416,-0.7028,-0.5577,0,0.8967,0.3254,0.3,0,-0.0294,-0.6326,0.7739,0,7.6132,-2.2982,0.0421,1]},
{"frame":11,"values":[0.4386,-0.7132,-0.5468,0,0.8973,0.3138,0.3104,0,-0.0498,-0.6268,0.7776,0,7.6132,-2.2982,0.0421,1]},
{"frame":12,"values":[0.4354,-0.7156,-0.5463,0,0.8985,0.3072,0.3136,0,-0.0566,-0.6274,0.7767,0,7.6132,-2.2982,0.0421,1]},
{"frame":13,"values":[0.4372,-0.7143,-0.5465,0,0.8968,0.3002,0.325,0,-0.0681,-0.6322,0.7718,0,7.6132,-2.2982,0.0421,1]},
{"frame":14,"values":[0.4422,-0.7133,-0.5438,0,0.8934,0.297,0.337,0,-0.0789,-0.6349,0.7686,0,7.6132,-2.2982,0.0421,1]},
{"frame":15,"values":[0.4441,-0.7149,-0.5401,0,0.8924,0.2993,0.3377,0,-0.0798,-0.632,0.7709,0,7.6132,-2.2982,0.0421,1]},
{"frame":16,"values":[0.4418,-0.7193,-0.5361,0,0.894,0.3032,0.33,0,-0.0748,-0.6251,0.777,0,7.6132,-2.2982,0.0421,1]},
{"frame":17,"values":[0.4413,-0.7237,-0.5306,0,0.8945,0.3074,0.3246,0,-0.0718,-0.6178,0.783,0,7.6132,-2.2982,0.0421,1]},
{"frame":18,"values":[0.4464,-0.7256,-0.5236,0,0.8919,0.3137,0.3257,0,-0.0721,-0.6124,0.7872,0,7.6132,-2.2982,0.0421,1]},
{"frame":19,"values":[0.4526,-0.7256,-0.5182,0,0.8889,0.3212,0.3266,0,-0.0705,-0.6085,0.7904,0,7.6132,-2.2982,0.0421,1]},
{"frame":20,"values":[0.4533,-0.725,-0.5186,0,0.8892,0.3273,0.3197,0,-0.0621,-0.6061,0.793,0,7.6132,-2.2982,0.0421,1]},
{"frame":21,"values":[0.4509,-0.7233,-0.5231,0,0.8914,0.3342,0.3063,0,-0.0467,-0.6043,0.7954,0,7.6132,-2.2982,0.0421,1]},
{"frame":22,"values":[0.4538,-0.7221,-0.5221,0,0.8906,0.3479,0.293,0,-0.0299,-0.598,0.801,0,7.6132,-2.2982,0.0421,1]},
{"frame":23,"values":[0.4631,-0.7241,-0.511,0,0.8862,0.3687,0.2806,0,-0.0147,-0.5828,0.8125,0,7.6132,-2.2982,0.0421,1]},
{"frame":24,"values":[0.4722,-0.7275,-0.4977,0,0.8815,0.39,0.2662,0,0.0005,-0.5644,0.8255,0,7.6132,-2.2982,0.0421,1]},
{"frame":25,"values":[0.4803,-0.7289,-0.4879,0,0.877,0.4071,0.2553,0,0.0126,-0.5505,0.8348,0,7.6132,-2.2982,0.0421,1]},
{"frame":26,"values":[0.4895,-0.7291,-0.4783,0,0.8718,0.419,0.2535,0,0.0156,-0.5411,0.8408,0,7.6132,-2.2982,0.0421,1]},
{"frame":27,"values":[0.495,-0.7293,-0.4724,0,0.8688,0.4251,0.2542,0,0.0154,-0.5362,0.844,0,7.6132,-2.2982,0.0421,1]},
{"frame":28,"values":[0.4937,-0.7281,-0.4756,0,0.8694,0.4261,0.2502,0,0.0204,-0.537,0.8433,0,7.6132,-2.2982,0.0421,1]},
{"frame":29,"values":[0.4905,-0.7259,-0.4822,0,0.871,0.4262,0.2444,0,0.0281,-0.5398,0.8413,0,7.6132,-2.2982,0.0421,1]}],"loopBehavior":1,"name":"anim","property":"_matrix"}},
{"name":"LeftForeArm","index":9,"matrix":[0.2612,0.0026,0.9653,0,-0.0111,0.9999,0.0003,0,-0.9652,-0.0108,0.2612,0,18.9146,0.2055,-1.5856,1],"rest":[0.9964,0.0108,-0.0835,0,-0.0108,0.9999,0.0005,0,0.0835,0.0005,0.9965,0,18.9146,0.2055,-1.5856,1],"parentBoneIndex":8,"length":18.4362
,"animation":{"dataType":3,"framePerSecond":24,"keys":[
{"frame":1,"values":[0.2612,0.0026,0.9653,0,-0.0111,0.9999,0.0003,0,-0.9652,-0.0108,0.2612,0,18.9146,0.2055,-1.5856,1]},
{"frame":2,"values":[0.2613,0.0026,0.9652,0,-0.0111,0.9999,0.0003,0,-0.9652,-0.0108,0.2614,0,18.9146,0.2055,-1.5856,1]},
{"frame":3,"values":[0.2554,0.0026,0.9668,0,-0.0111,0.9999,0.0003,0,-0.9668,-0.0108,0.2554,0,18.9146,0.2055,-1.5856,1]},
{"frame":4,"values":[0.2419,0.0024,0.9703,0,-0.0111,0.9999,0.0003,0,-0.9702,-0.0108,0.2419,0,18.9146,0.2055,-1.5856,1]},
{"frame":5,"values":[0.2371,0.0024,0.9715,0,-0.0111,0.9999,0.0003,0,-0.9714,-0.0108,0.2371,0,18.9146,0.2055,-1.5856,1]},
{"frame":6,"values":[0.2483,0.0025,0.9687,0,-0.0111,0.9999,0.0003,0,-0.9686,-0.0108,0.2483,0,18.9146,0.2055,-1.5856,1]},
{"frame":7,"values":[0.2493,0.0025,0.9684,0,-0.0111,0.9999,0.0003,0,-0.9684,-0.0108,0.2494,0,18.9146,0.2055,-1.5856,1]},
{"frame":8,"values":[0.2187,0.0022,0.9758,0,-0.0111,0.9999,0.0003,0,-0.9757,-0.0109,0.2187,0,18.9146,0.2055,-1.5856,1]},
{"frame":9,"values":[0.1785,0.0017,0.9839,0,-0.0111,0.9999,0.0003,0,-0.9839,-0.0109,0.1785,0,18.9146,0.2055,-1.5856,1]},
{"frame":10,"values":[0.1612,0.0015,0.9869,0,-0.0111,0.9999,0.0003,0,-0.9869,-0.011,0.1612,0,18.9146,0.2055,-1.5856,1]},
{"frame":11,"values":[0.1652,0.0016,0.9863,0,-0.0111,0.9999,0.0003,0,-0.9862,-0.011,0.1652,0,18.9146,0.2055,-1.5856,1]},
{"frame":12,"values":[0.1683,0.0016,0.9857,0,-0.0111,0.9999,0.0003,0,-0.9857,-0.011,0.1683,0,18.9146,0.2055,-1.5856,1]},
{"frame":13,"values":[0.1636,0.0016,0.9865,0,-0.0111,0.9999,0.0003,0,-0.9865,-0.011,0.1636,0,18.9146,0.2055,-1.5856,1]},
{"frame":14,"values":[0.1594,0.0015,0.9872,0,-0.0111,0.9999,0.0003,0,-0.9872,-0.011,0.1594,0,18.9146,0.2055,-1.5856,1]},
{"frame":15,"values":[0.1602,0.0015,0.9871,0,-0.0111,0.9999,0.0003,0,-0.987,-0.011,0.1602,0,18.9146,0.2055,-1.5856,1]},
{"frame":16,"values":[0.1631,0.0015,0.9866,0,-0.0111,0.9999,0.0003,0,-0.9865,-0.011,0.1631,0,18.9146,0.2055,-1.5856,1]},
{"frame":17,"values":[0.1648,0.0016,0.9863,0,-0.0111,0.9999,0.0003,0,-0.9863,-0.011,0.1648,0,18.9146,0.2055,-1.5856,1]},
{"frame":18,"values":[0.1647,0.0016,0.9863,0,-0.0111,0.9999,0.0003,0,-0.9863,-0.011,0.1647,0,18.9146,0.2055,-1.5856,1]},
{"frame":19,"values":[0.1637,0.0016,0.9865,0,-0.0111,0.9999,0.0003,0,-0.9864,-0.011,0.1637,0,18.9146,0.2055,-1.5856,1]},
{"frame":20,"values":[0.162,0.0015,0.9868,0,-0.0111,0.9999,0.0003,0,-0.9867,-0.011,0.162,0,18.9146,0.2055,-1.5856,1]},
{"frame":21,"values":[0.1572,0.0015,0.9876,0,-0.0111,0.9999,0.0003,0,-0.9875,-0.011,0.1573,0,18.9146,0.2055,-1.5856,1]},
{"frame":22,"values":[0.1495,0.0014,0.9888,0,-0.0111,0.9999,0.0003,0,-0.9887,-0.011,0.1495,0,18.9146,0.2055,-1.5856,1]},
{"frame":23,"values":[0.1463,0.0014,0.9892,0,-0.0111,0.9999,0.0003,0,-0.9892,-0.011,0.1463,0,18.9146,0.2055,-1.5856,1]},
{"frame":24,"values":[0.1563,0.0015,0.9877,0,-0.0111,0.9999,0.0003,0,-0.9877,-0.011,0.1563,0,18.9146,0.2055,-1.5856,1]},
{"frame":25,"values":[0.1761,0.0017,0.9844,0,-0.0111,0.9999,0.0003,0,-0.9843,-0.0109,0.1761,0,18.9146,0.2055,-1.5856,1]},
{"frame":26,"values":[0.197,0.0019,0.9804,0,-0.0111,0.9999,0.0003,0,-0.9803,-0.0109,0.197,0,18.9146,0.2055,-1.5856,1]},
{"frame":27,"values":[0.2171,0.0021,0.9761,0,-0.0111,0.9999,0.0003,0,-0.9761,-0.0109,0.2171,0,18.9146,0.2055,-1.5856,1]},
{"frame":28,"values":[0.2387,0.0024,0.9711,0,-0.0111,0.9999,0.0003,0,-0.971,-0.0108,0.2387,0,18.9146,0.2055,-1.5856,1]},
{"frame":29,"values":[0.2612,0.0026,0.9653,0,-0.0111,0.9999,0.0003,0,-0.9652,-0.0108,0.2612,0,18.9146,0.2055,-1.5856,1]}],"loopBehavior":1,"name":"anim","property":"_matrix"}},
{"name":"LeftHand","index":10,"matrix":[0.9955,-0.0871,0.038,0,0.0863,0.996,0.0236,0,-0.0399,-0.0202,0.999,0,18.4362,0,0,1],"rest":[0.9824,-0.1864,-0.0127,0,0.1846,0.9789,-0.0878,0,0.0288,0.0839,0.9961,0,18.4362,0,0,1],"parentBoneIndex":9,"length":6.699
,"animation":{"dataType":3,"framePerSecond":24,"keys":[
{"frame":1,"values":[0.9955,-0.0871,0.038,0,0.0863,0.996,0.0236,0,-0.0399,-0.0202,0.999,0,18.4362,0,0,1]},
{"frame":2,"values":[0.9956,-0.0867,0.0362,0,0.0858,0.9959,0.0273,0,-0.0384,-0.0241,0.999,0,18.4362,0,0,1]},
{"frame":3,"values":[0.9958,-0.0871,0.0299,0,0.0863,0.9959,0.0259,0,-0.032,-0.0232,0.9992,0,18.4362,0,0,1]},
{"frame":4,"values":[0.996,-0.088,0.0174,0,0.0875,0.9958,0.0263,0,-0.0196,-0.0247,0.9995,0,18.4362,0,0,1]},
{"frame":5,"values":[0.996,-0.0888,0.0059,0,0.0885,0.9954,0.0357,0,-0.009,-0.035,0.9993,0,18.4362,0,0,1]},
{"frame":6,"values":[0.996,-0.0895,-0.0005,0,0.0894,0.9951,0.0421,0,-0.0033,-0.0419,0.9991,0,18.4362,0,0,1]},
{"frame":7,"values":[0.9958,-0.0905,-0.0116,0,0.0908,0.9956,0.0252,0,0.0092,-0.0261,0.9996,0,18.4362,0,0,1]},
{"frame":8,"values":[0.9951,-0.0914,-0.0388,0,0.0911,0.9958,-0.0109,0,0.0396,0.0074,0.9992,0,18.4362,0,0,1]},
{"frame":9,"values":[0.9931,-0.0915,-0.073,0,0.0888,0.9953,-0.0394,0,0.0763,0.0326,0.9966,0,18.4362,0,0,1]},
{"frame":10,"values":[0.9915,-0.091,-0.0927,0,0.0871,0.9952,-0.0452,0,0.0963,0.0368,0.9947,0,18.4362,0,0,1]},
{"frame":11,"values":[0.9916,-0.0907,-0.0926,0,0.0878,0.9956,-0.034,0,0.0953,0.0256,0.9951,0,18.4362,0,0,1]},
{"frame":12,"values":[0.992,-0.0907,-0.0873,0,0.0896,0.9958,-0.0169,0,0.0884,0.009,0.996,0,18.4362,0,0,1]},
{"frame":13,"values":[0.992,-0.0911,-0.0871,0,0.0913,0.9958,-0.0008,0,0.0868,-0.0071,0.9962,0,18.4362,0,0,1]},
{"frame":14,"values":[0.9917,-0.0913,-0.0903,0,0.0926,0.9957,0.01,0,0.089,-0.0183,0.9959,0,18.4362,0,0,1]},
{"frame":15,"values":[0.9916,-0.0911,-0.0918,0,0.0926,0.9956,0.0114,0,0.0903,-0.0198,0.9957,0,18.4362,0,0,1]},
{"frame":16,"values":[0.9918,-0.0906,-0.0905,0,0.0914,0.9958,0.0045,0,0.0898,-0.0128,0.9959,0,18.4362,0,0,1]},
{"frame":17,"values":[0.992,-0.0903,-0.0885,0,0.0903,0.9959,-0.0035,0,0.0885,-0.0045,0.9961,0,18.4362,0,0,1]},
{"frame":18,"values":[0.992,-0.0907,-0.0875,0,0.0906,0.9959,-0.0053,0,0.0876,-0.0026,0.9962,0,18.4362,0,0,1]},
{"frame":19,"values":[0.992,-0.0915,-0.0869,0,0.0916,0.9958,-0.0032,0,0.0868,-0.0048,0.9962,0,18.4362,0,0,1]},
{"frame":20,"values":[0.9921,-0.092,-0.0853,0,0.0917,0.9958,-0.0064,0,0.0855,-0.0015,0.9963,0,18.4362,0,0,1]},
{"frame":21,"values":[0.9923,-0.0919,-0.0827,0,0.0907,0.9957,-0.0187,0,0.084,0.0111,0.9964,0,18.4362,0,0,1]},
{"frame":22,"values":[0.9927,-0.0917,-0.0788,0,0.0894,0.9955,-0.032,0,0.0814,0.0247,0.9964,0,18.4362,0,0,1]},
{"frame":23,"values":[0.9933,-0.0914,-0.0706,0,0.0891,0.9954,-0.0348,0,0.0734,0.0283,0.9969,0,18.4362,0,0,1]},
{"frame":24,"values":[0.9943,-0.0908,-0.0551,0,0.0894,0.9956,-0.0282,0,0.0574,0.0231,0.9981,0,18.4362,0,0,1]},
{"frame":25,"values":[0.9953,-0.0903,-0.0361,0,0.0895,0.9957,-0.0228,0,0.038,0.0195,0.9991,0,18.4362,0,0,1]},
{"frame":26,"values":[0.9958,-0.0899,-0.0185,0,0.0895,0.9958,-0.0199,0,0.0202,0.0181,0.9996,0,18.4362,0,0,1]},
{"frame":27,"values":[0.996,-0.0893,-0.0014,0,0.0893,0.9959,-0.0108,0,0.0023,0.0107,0.9999,0,18.4362,0,0,1]},
{"frame":28,"values":[0.9959,-0.0882,0.0178,0,0.0881,0.9961,0.0058,0,-0.0183,-0.0042,0.9998,0,18.4362,0,0,1]},
{"frame":29,"values":[0.9955,-0.0871,0.038,0,0.0863,0.996,0.0236,0,-0.0399,-0.0202,0.999,0,18.4362,0,0,1]}],"loopBehavior":1,"name":"anim","property":"_matrix"}},
{"name":"LeftHandThumb1","index":11,"matrix":[0.97,0.2216,-0.1002,0,-0.2288,0.9711,-0.0679,0,0.0823,0.0888,0.9926,0,3.0862,-1.2837,1.4227,1],"rest":[0.9923,0.1154,-0.0442,0,-0.1172,0.9923,-0.0407,0,0.0392,0.0455,0.9982,0,3.0862,-1.2837,1.4227,1],"parentBoneIndex":10,"length":2.9063
,"animation":{"dataType":3,"framePerSecond":24,"keys":[
{"frame":1,"values":[0.97,0.2216,-0.1002,0,-0.2288,0.9711,-0.0679,0,0.0823,0.0888,0.9926,0,3.0862,-1.2837,1.4227,1]},
{"frame":29,"values":[0.97,0.2216,-0.1002,0,-0.2288,0.9711,-0.0679,0,0.0823,0.0888,0.9926,0,3.0862,-1.2837,1.4227,1]}],"loopBehavior":1,"name":"anim","property":"_matrix"}},
{"name":"LeftHandThumb2","index":12,"matrix":[0.9895,0.0434,-0.1375,0,-0.0354,0.9976,0.0601,0,0.1398,-0.0546,0.9887,0,2.2512,-1.2997,1.2997,1],"rest":[1,0,0,0,0,1,0,0,0,0,1,0,2.2512,-1.2997,1.2997,1],"parentBoneIndex":11,"length":2.9053
,"animation":{"dataType":3,"framePerSecond":24,"keys":[
{"frame":1,"values":[0.9895,0.0434,-0.1375,0,-0.0354,0.9976,0.0601,0,0.1398,-0.0546,0.9887,0,2.2512,-1.2997,1.2997,1]},
{"frame":29,"values":[0.9895,0.0434,-0.1375,0,-0.0354,0.9976,0.0601,0,0.1398,-0.0546,0.9887,0,2.2512,-1.2997,1.2997,1]}],"loopBehavior":1,"name":"anim","property":"_matrix"}},
