{"producer":{"name":"Blender","version":"2.90.0","exporter_version":"2.80.1","file":"fight_headbutt.babylon"},
"autoClear":true,"clearColor":[0.0509,0.0509,0.0509],"gravity":[0,-9.81,0],
"materials":[{"name":"Material","id":"Material","customType":"BABYLON.PBRMaterial","backFaceCulling":true,"checkReadyOnlyOnce":false,"maxSimultaneousLights":4,"environmentIntensity":1,"albedo":[0.8,0.8,0.8],"reflectivity":[0.5,0.5,0.5],"roughness":0.4,"alpha":1,"transparencyMode":0,"alphaCutOff":0.4,"metallic":0}],
"multiMaterials":[],
"skeletons":[{"name":"Armature","id":0,"dimensionsAtRest":[128.1663,151.4482,19.1351],"bones":[
{"name":"Hips","index":0,"matrix":[0.8087,0.0301,-0.5875,0,-0.0082,0.9992,0.0398,0,-0.5882,0.0274,-0.8083,0,-1.0828,70.5008,-0.8678,1],"rest":[1,0,0,0,0,1,0,0,0,0,-1,0,0,81.0629,0,1],"parentBoneIndex":-1,"length":7.701
,"animation":{"dataType":3,"framePerSecond":24,"keys":[
{"frame":1,"values":[0.8087,0.0301,-0.5875,0,-0.0082,0.9992,0.0398,0,-0.5882,0.0274,-0.8083,0,-1.0828,70.5008,-0.8678,1]},
{"frame":2,"values":[0.8082,0.0388,-0.5877,0,-0.0054,0.9983,0.0585,0,-0.5889,0.0441,-0.807,0,-1.0207,69.9483,-1.7889,1]},
{"frame":3,"values":[0.8047,0.0464,-0.5919,0,0.0015,0.9968,0.0803,0,-0.5937,0.0655,-0.802,0,-1.0027,69.259,-2.7678,1]},
{"frame":4,"values":[0.7969,0.0532,-0.6018,0,0.0106,0.9947,0.102,0,-0.604,0.0877,-0.7921,0,-1.029,68.408,-3.9852,1]},
{"frame":5,"values":[0.7872,0.0595,-0.6138,0,0.0183,0.9926,0.1197,0,-0.6164,0.1055,-0.7803,0,-1.116,67.4622,-5.5807,1]},
{"frame":6,"values":[0.7791,0.0658,-0.6234,0,0.02,0.9914,0.1296,0,-0.6265,0.1135,-0.7711,0,-1.118,66.602,-7.7025,1]},
{"frame":7,"values":[0.7711,0.0726,-0.6325,0,0.0138,0.9913,0.1306,0,-0.6365,0.1094,-0.7634,0,-1.0715,65.9287,-10.2278,1]},
{"frame":8,"values":[0.7615,0.0767,-0.6436,0,-0.0013,0.9931,0.1168,0,-0.6481,0.0881,-0.7564,0,-1.0293,65.5531,-13.0347,1]},
{"frame":9,"values":[0.7509,0.0708,-0.6567,0,-0.0232,0.9965,0.0809,0,-0.6601,0.0455,-0.7498,0,-0.9269,65.5387,-16.1694,1]},
{"frame":10,"values":[0.7427,0.0525,-0.6676,0,-0.0475,0.9985,0.0257,0,-0.6679,-0.0126,-0.7441,0,-0.6028,65.8317,-19.7246,1]},
{"frame":11,"values":[0.7398,0.0242,-0.6724,0,-0.0639,0.9974,-0.0343,0,-0.6698,-0.0683,-0.7394,0,0.0537,66.1524,-23.7052,1]},
{"frame":12,"values":[0.7382,-0.0142,-0.6745,0,-0.0621,0.9941,-0.0889,0,-0.6718,-0.1075,-0.7329,0,0.9431,66.0663,-27.8826,1]},
{"frame":13,"values":[0.7315,-0.0547,-0.6796,0,-0.0452,0.9907,-0.1284,0,-0.6803,-0.1246,-0.7223,0,1.9504,65.3234,-32.086,1]},
{"frame":14,"values":[0.7242,-0.0778,-0.6852,0,-0.0235,0.9903,-0.1372,0,-0.6892,-0.1155,-0.7153,0,3.0675,63.9327,-36.0576,1]},
{"frame":15,"values":[0.7298,-0.0732,-0.6797,0,-0.0074,0.9933,-0.115,0,-0.6836,-0.0889,-0.7244,0,4.1075,62.5261,-39.3727,1]},
{"frame":16,"values":[0.7505,-0.0645,-0.6577,0,-0.0035,0.9948,-0.1015,0,-0.6608,-0.0785,-0.7464,0,4.8673,61.7856,-42.0239,1]},
{"frame":17,"values":[0.7754,-0.0653,-0.6281,0,-0.0138,0.9927,-0.1202,0,-0.6313,-0.1019,-0.7688,0,5.423,61.8919,-44.0408,1]},
{"frame":18,"values":[0.7922,-0.0634,-0.6069,0,-0.0321,0.9889,-0.1452,0,-0.6094,-0.1345,-0.7814,0,5.9325,62.2878,-45.3267,1]},
{"frame":19,"values":[0.7956,-0.0594,-0.6029,0,-0.0429,0.9872,-0.1538,0,-0.6043,-0.1483,-0.7828,0,6.3342,62.5489,-45.9616,1]},
{"frame":20,"values":[0.7908,-0.0611,-0.609,0,-0.0386,0.9881,-0.1492,0,-0.6109,-0.1415,-0.779,0,6.5143,62.6721,-46.0681,1]},
{"frame":21,"values":[0.7829,-0.0666,-0.6186,0,-0.0251,0.9901,-0.1384,0,-0.6217,-0.1239,-0.7734,0,6.4834,62.7457,-45.6633,1]},
{"frame":22,"values":[0.7698,-0.0701,-0.6345,0,-0.0102,0.9925,-0.122,0,-0.6382,-0.1003,-0.7633,0,6.2962,62.9066,-44.8587,1]},
{"frame":23,"values":[0.7476,-0.0648,-0.6609,0,0.0019,0.9954,-0.0955,0,-0.6641,-0.0702,-0.7444,0,5.9181,63.016,-43.5459,1]},
{"frame":24,"values":[0.7194,-0.0437,-0.6932,0,0.0086,0.9985,-0.054,0,-0.6945,-0.0329,-0.7187,0,5.3025,63.1397,-41.635,1]},
{"frame":25,"values":[0.6959,-0.01,-0.7181,0,0.0109,0.9999,-0.0034,0,-0.718,0.0055,-0.696,0,4.3858,63.6018,-39.0333,1]},
{"frame":26,"values":[0.6898,0.0212,-0.7237,0,0.0085,0.9993,0.0374,0,-0.7239,0.032,-0.6891,0,3.1165,64.5493,-35.7476,1]},
{"frame":27,"values":[0.7068,0.0486,-0.7058,0,-0.0091,0.9982,0.0596,0,-0.7074,0.0357,-0.7059,0,1.7245,65.654,-31.9851,1]},
{"frame":28,"values":[0.7361,0.0724,-0.673,0,-0.0355,0.997,0.0684,0,-0.6759,0.0264,-0.7365,0,0.6471,66.7302,-28.031,1]},
{"frame":29,"values":[0.7644,0.0782,-0.64,0,-0.0441,0.9966,0.0691,0,-0.6432,0.0246,-0.7653,0,0.015,68.1229,-24.3764,1]},
{"frame":30,"values":[0.7835,0.067,-0.6178,0,-0.0345,0.9973,0.0644,0,-0.6204,0.0292,-0.7837,0,-0.3891,70.009,-21.2254,1]},
{"frame":31,"values":[0.7885,0.0438,-0.6135,0,-0.0219,0.9988,0.0431,0,-0.6147,0.0205,-0.7885,0,-0.6711,72.3266,-18.5495,1]},
{"frame":32,"values":[0.7764,0.0131,-0.6301,0,-0.0142,0.9999,0.0033,0,-0.63,-0.0064,-0.7765,0,-0.7976,74.505,-16.255,1]},
{"frame":33,"values":[0.7466,-0.0172,-0.6651,0,-0.0123,0.9991,-0.0397,0,-0.6652,-0.0378,-0.7457,0,-0.8084,75.7692,-14.2244,1]},
{"frame":34,"values":[0.7111,-0.0398,-0.702,0,-0.0103,0.9977,-0.067,0,-0.703,-0.0548,-0.7091,0,-0.7496,75.921,-12.4604,1]},
{"frame":35,"values":[0.6942,-0.0516,-0.718,0,-0.0023,0.9973,-0.074,0,-0.7198,-0.053,-0.6921,0,-0.6064,75.4243,-10.9606,1]},
{"frame":36,"values":[0.7085,-0.0486,-0.7041,0,0.0057,0.998,-0.0631,0,-0.7057,-0.0407,-0.7073,0,-0.5964,74.3672,-9.3275,1]},
{"frame":37,"values":[0.7366,-0.0305,-0.6757,0,0.0057,0.9992,-0.0388,0,-0.6763,-0.0247,-0.7362,0,-1.0869,72.9773,-7.2171,1]},
{"frame":38,"values":[0.7551,-0.0118,-0.6555,0,0.0013,0.9999,-0.0165,0,-0.6556,-0.0116,-0.755,0,-1.9702,71.6451,-4.8269,1]},
{"frame":39,"values":[0.7653,-0.0048,-0.6436,0,0.0001,1,-0.0073,0,-0.6436,-0.0055,-0.7653,0,-2.7004,70.7385,-2.4599,1]},
{"frame":40,"values":[0.7768,-0.0059,-0.6297,0,0.0012,1,-0.008,0,-0.6297,-0.0055,-0.7768,0,-3.0109,70.4238,-0.3251,1]},
{"frame":41,"values":[0.7881,-0.0022,-0.6156,0,-0.0031,1,-0.0075,0,-0.6156,-0.0078,-0.788,0,-3.1638,70.6915,1.3943,1]},
{"frame":42,"values":[0.7973,0.0108,-0.6034,0,-0.0137,0.9999,-0.0001,0,-0.6034,-0.0083,-0.7974,0,-3.4393,71.3122,2.7421,1]},
{"frame":43,"values":[0.8098,0.0239,-0.5862,0,-0.0221,0.9997,0.0102,0,-0.5863,-0.0047,-0.8101,0,-3.7023,72.0466,3.7266,1]},
{"frame":44,"values":[0.8254,0.033,-0.5636,0,-0.0278,0.9995,0.0178,0,-0.5639,-0.0009,-0.8259,0,-3.7557,72.6228,4.2528,1]},
{"frame":45,"values":[0.835,0.0403,-0.5488,0,-0.0349,0.9992,0.0202,0,-0.5492,-0.0023,-0.8357,0,-3.5957,72.8963,4.3611,1]},
{"frame":46,"values":[0.8336,0.0433,-0.5507,0,-0.0397,0.999,0.0185,0,-0.5509,-0.0065,-0.8345,0,-3.2852,72.8349,4.1579,1]},
{"frame":47,"values":[0.8262,0.041,-0.5618,0,-0.0376,0.9991,0.0176,0,-0.5621,-0.0065,-0.8271,0,-2.8815,72.4802,3.6334,1]},
{"frame":48,"values":[0.8175,0.0338,-0.5749,0,-0.0282,0.9994,0.0187,0,-0.5752,-0.0009,-0.818,0,-2.3836,71.9479,2.6795,1]},
{"frame":49,"values":[0.8113,0.0272,-0.584,0,-0.0182,0.9996,0.0212,0,-0.5843,0.0065,-0.8115,0,-1.7917,71.4769,1.446,1]},
{"frame":50,"values":[0.8089,0.0248,-0.5874,0,-0.0109,0.9996,0.0271,0,-0.5878,0.0155,-0.8088,0,-1.306,70.9922,0.1853,1]},
{"frame":51,"values":[0.8087,0.0301,-0.5875,0,-0.0082,0.9992,0.0398,0,-0.5882,0.0274,-0.8083,0,-1.0828,70.5007,-0.8678,1]}],"loopBehavior":1,"name":"anim","property":"_matrix"}},
{"name":"Spine","index":1,"matrix":[0.9991,0.02,-0.0367,0,-0.0168,0.9961,0.087,0,0.0383,-0.0863,0.9955,0,0.009,7.0626,-0.9847,1],"rest":[1,0,0,0,0,1,0,0,0,0,1,0,0.009,7.0626,-0.9847,1],"parentBoneIndex":0,"length":8.3194
,"animation":{"dataType":3,"framePerSecond":24,"keys":[
{"frame":1,"values":[0.9991,0.02,-0.0367,0,-0.0168,0.9961,0.087,0,0.0383,-0.0863,0.9955,0,0.009,7.0626,-0.9847,1]},
{"frame":2,"values":[0.9991,0.0237,-0.0351,0,-0.0205,0.9958,0.0896,0,0.0371,-0.0888,0.9954,0,0.009,7.0626,-0.9847,1]},
{"frame":3,"values":[0.9989,0.0339,-0.0337,0,-0.0306,0.9952,0.0926,0,0.0366,-0.0915,0.9951,0,0.009,7.0626,-0.9847,1]},
{"frame":4,"values":[0.9985,0.0441,-0.0334,0,-0.0407,0.9946,0.0951,0,0.0374,-0.0936,0.9949,0,0.009,7.0626,-0.9847,1]},
{"frame":5,"values":[0.998,0.0539,-0.032,0,-0.0506,0.9941,0.0963,0,0.037,-0.0945,0.9948,0,0.009,7.0626,-0.9847,1]},
{"frame":6,"values":[0.9976,0.0622,-0.0308,0,-0.0591,0.9939,0.0933,0,0.0364,-0.0912,0.9952,0,0.009,7.0626,-0.9847,1]},
{"frame":7,"values":[0.9974,0.065,-0.0315,0,-0.0621,0.9943,0.0866,0,0.037,-0.0844,0.9957,0,0.009,7.0626,-0.9847,1]},
{"frame":8,"values":[0.9977,0.0588,-0.0344,0,-0.056,0.9954,0.0773,0,0.0388,-0.0751,0.9964,0,0.009,7.0626,-0.9847,1]},
{"frame":9,"values":[0.9982,0.0462,-0.0387,0,-0.0437,0.997,0.0646,0,0.0416,-0.0628,0.9972,0,0.009,7.0626,-0.9847,1]},
{"frame":10,"values":[0.9986,0.0305,-0.043,0,-0.0283,0.9983,0.0517,0,0.0445,-0.0504,0.9977,0,0.009,7.0626,-0.9847,1]},
{"frame":11,"values":[0.9988,0.0147,-0.0463,0,-0.0125,0.9989,0.046,0,0.0469,-0.0453,0.9979,0,0.009,7.0626,-0.9847,1]},
{"frame":12,"values":[0.9988,0.0004,-0.049,0,0.0021,0.9986,0.052,0,0.049,-0.052,0.9974,0,0.009,7.0626,-0.9847,1]},
{"frame":13,"values":[0.9986,-0.0143,-0.0507,0,0.0178,0.9974,0.0693,0,0.0496,-0.0701,0.9963,0,0.009,7.0626,-0.9847,1]},
{"frame":14,"values":[0.998,-0.0377,-0.0517,0,0.0428,0.9939,0.1018,0,0.0475,-0.1038,0.9935,0,0.009,7.0626,-0.9847,1]},
{"frame":15,"values":[0.9959,-0.0727,-0.0542,0,0.0801,0.9856,0.1488,0,0.0426,-0.1526,0.9874,0,0.009,7.0626,-0.9847,1]},
{"frame":16,"values":[0.9931,-0.1007,-0.0595,0,0.1105,0.9747,0.1944,0,0.0384,-0.1996,0.9791,0,0.009,7.0626,-0.9847,1]},
{"frame":17,"values":[0.9917,-0.1116,-0.0642,0,0.1235,0.966,0.2273,0,0.0367,-0.2333,0.9717,0,0.009,7.0626,-0.9847,1]},
{"frame":18,"values":[0.9913,-0.1127,-0.0685,0,0.1263,0.9604,0.2485,0,0.0378,-0.255,0.9662,0,0.009,7.0626,-0.9847,1]},
{"frame":19,"values":[0.9917,-0.1065,-0.0727,0,0.1218,0.9584,0.2582,0,0.0422,-0.2649,0.9634,0,0.009,7.0626,-0.9847,1]},
{"frame":20,"values":[0.993,-0.0924,-0.074,0,0.1086,0.9602,0.2574,0,0.0473,-0.2636,0.9635,0,0.009,7.0626,-0.9847,1]},
{"frame":21,"values":[0.9947,-0.0743,-0.0717,0,0.09,0.9641,0.2499,0,0.0505,-0.255,0.9656,0,0.009,7.0626,-0.9847,1]},
{"frame":22,"values":[0.9961,-0.0565,-0.0674,0,0.0711,0.9682,0.2397,0,0.0518,-0.2435,0.9685,0,0.009,7.0626,-0.9847,1]},
{"frame":23,"values":[0.9971,-0.0428,-0.0631,0,0.0561,0.9722,0.2275,0,0.0516,-0.2304,0.9717,0,0.009,7.0626,-0.9847,1]},
{"frame":24,"values":[0.9977,-0.0339,-0.0584,0,0.0457,0.9756,0.2149,0,0.0497,-0.217,0.9749,0,0.009,7.0626,-0.9847,1]},
{"frame":25,"values":[0.9982,-0.0249,-0.0539,0,0.0353,0.9788,0.2016,0,0.0477,-0.2032,0.978,0,0.009,7.0626,-0.9847,1]},
{"frame":26,"values":[0.9986,-0.0108,-0.0517,0,0.0201,0.983,0.1827,0,0.0488,-0.1835,0.9818,0,0.009,7.0626,-0.9847,1]},
{"frame":27,"values":[0.9987,0.0034,-0.0512,0,0.0045,0.9882,0.1534,0,0.0511,-0.1534,0.9868,0,0.009,7.0626,-0.9847,1]},
{"frame":28,"values":[0.9987,0.0115,-0.0502,0,-0.0051,0.9921,0.1252,0,0.0513,-0.1248,0.9909,0,0.009,7.0626,-0.9847,1]},
{"frame":29,"values":[0.9986,0.0169,-0.0491,0,-0.0111,0.9932,0.1161,0,0.0508,-0.1154,0.992,0,0.009,7.0626,-0.9847,1]},
{"frame":30,"values":[0.9987,0.0197,-0.0475,0,-0.0139,0.9927,0.1198,0,0.0495,-0.119,0.9917,0,0.009,7.0626,-0.9847,1]},
{"frame":31,"values":[0.9988,0.0194,-0.0449,0,-0.0139,0.9927,0.1199,0,0.0469,-0.1192,0.9918,0,0.009,7.0626,-0.9847,1]},
{"frame":32,"values":[0.9989,0.018,-0.0426,0,-0.0132,0.9937,0.111,0,0.0443,-0.1103,0.9929,0,0.009,7.0626,-0.9847,1]},
{"frame":33,"values":[0.9991,0.0141,-0.0411,0,-0.0101,0.9953,0.096,0,0.0423,-0.0955,0.9945,0,0.009,7.0626,-0.9847,1]},
{"frame":34,"values":[0.9992,0.0101,-0.0392,0,-0.0068,0.9966,0.0825,0,0.0399,-0.0822,0.9958,0,0.009,7.0626,-0.9847,1]},
{"frame":35,"values":[0.9993,0.0126,-0.0355,0,-0.0098,0.9971,0.0756,0,0.0363,-0.0752,0.9965,0,0.009,7.0626,-0.9847,1]},
{"frame":36,"values":[0.9994,0.0143,-0.0311,0,-0.0119,0.997,0.0759,0,0.0321,-0.0755,0.9966,0,0.009,7.0626,-0.9847,1]},
{"frame":37,"values":[0.9995,0.0045,-0.0307,0,-0.002,0.9968,0.0801,0,0.0309,-0.08,0.9963,0,0.009,7.0626,-0.9847,1]},
{"frame":38,"values":[0.9994,-0.0073,-0.0345,0,0.0102,0.9965,0.0825,0,0.0338,-0.0828,0.996,0,0.009,7.0626,-0.9847,1]},
{"frame":39,"values":[0.9993,-0.0072,-0.0378,0,0.0103,0.9964,0.0842,0,0.0371,-0.0845,0.9957,0,0.009,7.0626,-0.9847,1]},
{"frame":40,"values":[0.9992,0.0036,-0.0395,0,-0.0001,0.9961,0.088,0,0.0396,-0.0879,0.9953,0,0.009,7.0626,-0.9847,1]},
{"frame":41,"values":[0.9991,0.0122,-0.0417,0,-0.0084,0.9959,0.09,0,0.0426,-0.0896,0.9951,0,0.009,7.0626,-0.9847,1]},
{"frame":42,"values":[0.999,0.0103,-0.0435,0,-0.0064,0.996,0.0895,0,0.0442,-0.0891,0.995,0,0.009,7.0626,-0.9847,1]},
{"frame":43,"values":[0.9991,0.0057,-0.0418,0,-0.0019,0.9959,0.0899,0,0.0421,-0.0898,0.9951,0,0.009,7.0626,-0.9847,1]},
{"frame":44,"values":[0.9993,0.0046,-0.0384,0,-0.0011,0.9959,0.0899,0,0.0386,-0.0898,0.9952,0,0.009,7.0626,-0.9847,1]},
{"frame":45,"values":[0.9993,0.0054,-0.0374,0,-0.0022,0.9962,0.0865,0,0.0378,-0.0864,0.9955,0,0.009,7.0626,-0.9847,1]},
{"frame":46,"values":[0.9992,0.0077,-0.0393,0,-0.0044,0.9966,0.0826,0,0.0398,-0.0823,0.9958,0,0.009,7.0626,-0.9847,1]},
{"frame":47,"values":[0.9991,0.0113,-0.0412,0,-0.0079,0.9967,0.0813,0,0.0419,-0.0809,0.9958,0,0.009,7.0626,-0.9847,1]},
{"frame":48,"values":[0.999,0.0155,-0.0416,0,-0.0121,0.9966,0.0817,0,0.0427,-0.0811,0.9958,0,0.009,7.0626,-0.9847,1]},
{"frame":49,"values":[0.999,0.0186,-0.0404,0,-0.0152,0.9965,0.0826,0,0.0418,-0.0819,0.9958,0,0.009,7.0626,-0.9847,1]},
{"frame":50,"values":[0.9991,0.0195,-0.0383,0,-0.0162,0.9963,0.0847,0,0.0398,-0.084,0.9957,0,0.009,7.0626,-0.9847,1]},
{"frame":51,"values":[0.9991,0.02,-0.0367,0,-0.0168,0.9961,0.087,0,0.0383,-0.0863,0.9955,0,0.009,7.0626,-0.9847,1]}],"loopBehavior":1,"name":"anim","property":"_matrix"}},
{"name":"Spine1","index":2,"matrix":[0.9984,0.022,-0.0514,0,-0.0168,0.9949,0.0996,0,0.0533,-0.0986,0.9937,0,0.0124,8.2397,-1.1488,1],"rest":[1,0,0,0,0,1,0,0,0,0,1,0,0.0124,8.2397,-1.1488,1],"parentBoneIndex":1,"length":9.5079
,"animation":{"dataType":3,"framePerSecond":24,"keys":[
{"frame":1,"values":[0.9984,0.022,-0.0514,0,-0.0168,0.9949,0.0996,0,0.0533,-0.0986,0.9937,0,0.0124,8.2397,-1.1488,1]},
{"frame":2,"values":[0.9985,0.0245,-0.0491,0,-0.0194,0.9946,0.1023,0,0.0514,-0.1012,0.9935,0,0.0124,8.2397,-1.1488,1]},
{"frame":3,"values":[0.9984,0.0318,-0.0475,0,-0.0267,0.9941,0.1056,0,0.0506,-0.1042,0.9933,0,0.0124,8.2397,-1.1488,1]},
{"frame":4,"values":[0.9981,0.0382,-0.0476,0,-0.0329,0.9937,0.1074,0,0.0514,-0.1056,0.9931,0,0.0124,8.2397,-1.1488,1]},
{"frame":5,"values":[0.998,0.0427,-0.0466,0,-0.0375,0.9935,0.1072,0,0.0508,-0.1052,0.9931,0,0.0124,8.2397,-1.1488,1]},
{"frame":6,"values":[0.9979,0.0464,-0.0455,0,-0.0416,0.9938,0.1027,0,0.05,-0.1006,0.9937,0,0.0124,8.2397,-1.1488,1]},
{"frame":7,"values":[0.9978,0.0478,-0.0461,0,-0.0433,0.9946,0.0941,0,0.0503,-0.0919,0.9945,0,0.0124,8.2397,-1.1488,1]},
{"frame":8,"values":[0.9979,0.0443,-0.0479,0,-0.0403,0.9958,0.0817,0,0.0513,-0.0795,0.9955,0,0.0124,8.2397,-1.1488,1]},
{"frame":9,"values":[0.998,0.0371,-0.0505,0,-0.0338,0.9973,0.0645,0,0.0527,-0.0627,0.9966,0,0.0124,8.2397,-1.1488,1]},
{"frame":10,"values":[0.9982,0.0269,-0.0542,0,-0.0244,0.9986,0.0474,0,0.0554,-0.046,0.9974,0,0.0124,8.2397,-1.1488,1]},
{"frame":11,"values":[0.9982,0.0152,-0.0586,0,-0.0129,0.9991,0.04,0,0.0591,-0.0392,0.9975,0,0.0124,8.2397,-1.1488,1]},
{"frame":12,"values":[0.998,0.0045,-0.0631,0,-0.0014,0.9988,0.0481,0,0.0633,-0.0479,0.9968,0,0.0124,8.2397,-1.1488,1]},
{"frame":13,"values":[0.9978,-0.0088,-0.0656,0,0.0134,0.9974,0.0701,0,0.0649,-0.0709,0.9954,0,0.0124,8.2397,-1.1488,1]},
{"frame":14,"values":[0.9974,-0.0342,-0.064,0,0.041,0.9934,0.1074,0,0.0599,-0.1097,0.9922,0,0.0124,8.2397,-1.1488,1]},
{"frame":15,"values":[0.9954,-0.0716,-0.0632,0,0.0809,0.9838,0.1598,0,0.0507,-0.1642,0.9851,0,0.0124,8.2397,-1.1488,1]},
{"frame":16,"values":[0.9925,-0.102,-0.0669,0,0.1141,0.9707,0.2117,0,0.0433,-0.2177,0.9751,0,0.0124,8.2397,-1.1488,1]},
{"frame":17,"values":[0.991,-0.1137,-0.0714,0,0.128,0.9604,0.2475,0,0.0404,-0.2544,0.9663,0,0.0124,8.2397,-1.1488,1]},
{"frame":18,"values":[0.9907,-0.1125,-0.0765,0,0.1291,0.9546,0.2683,0,0.0428,-0.2757,0.9603,0,0.0124,8.2397,-1.1488,1]},
{"frame":19,"values":[0.9913,-0.1029,-0.0818,0,0.1218,0.9531,0.2772,0,0.0494,-0.2848,0.9573,0,0.0124,8.2397,-1.1488,1]},
{"frame":20,"values":[0.9928,-0.0862,-0.083,0,0.106,0.9553,0.2761,0,0.0555,-0.2829,0.9575,0,0.0124,8.2397,-1.1488,1]},
{"frame":21,"values":[0.9946,-0.0666,-0.0792,0,0.0856,0.9596,0.268,0,0.0582,-0.2734,0.9601,0,0.0124,8.2397,-1.1488,1]},
{"frame":22,"values":[0.9961,-0.0487,-0.0742,0,0.0662,0.9642,0.2569,0,0.059,-0.2608,0.9636,0,0.0124,8.2397,-1.1488,1]},
{"frame":23,"values":[0.9969,-0.0359,-0.0702,0,0.0521,0.9684,0.2439,0,0.0592,-0.2468,0.9672,0,0.0124,8.2397,-1.1488,1]},
{"frame":24,"values":[0.9973,-0.0286,-0.067,0,0.0434,0.972,0.2307,0,0.0585,-0.233,0.9707,0,0.0124,8.2397,-1.1488,1]},
{"frame":25,"values":[0.9976,-0.0219,-0.0653,0,0.0356,0.9754,0.2177,0,0.0589,-0.2195,0.9738,0,0.0124,8.2397,-1.1488,1]},
{"frame":26,"values":[0.9977,-0.0101,-0.067,0,0.0234,0.9794,0.2005,0,0.0636,-0.2016,0.9774,0,0.0124,8.2397,-1.1488,1]},
{"frame":27,"values":[0.9975,0.0039,-0.0707,0,0.0084,0.9849,0.173,0,0.0703,-0.1732,0.9824,0,0.0124,8.2397,-1.1488,1]},
{"frame":28,"values":[0.9972,0.0139,-0.0728,0,-0.0033,0.9895,0.1442,0,0.0741,-0.1435,0.9869,0,0.0124,8.2397,-1.1488,1]},
{"frame":29,"values":[0.9972,0.019,-0.072,0,-0.0093,0.9911,0.1326,0,0.0738,-0.1316,0.9886,0,0.0124,8.2397,-1.1488,1]},
{"frame":30,"values":[0.9974,0.0193,-0.0689,0,-0.0098,0.9908,0.1348,0,0.0708,-0.1338,0.9885,0,0.0124,8.2397,-1.1488,1]},
{"frame":31,"values":[0.9978,0.0144,-0.0646,0,-0.0056,0.991,0.1338,0,0.0659,-0.1332,0.9889,0,0.0124,8.2397,-1.1488,1]},
{"frame":32,"values":[0.9981,0.008,-0.0609,0,-0.0004,0.9924,0.1234,0,0.0615,-0.1232,0.9905,0,0.0124,8.2397,-1.1488,1]},
{"frame":33,"values":[0.9983,0.0057,-0.0587,0,0.0007,0.9941,0.1081,0,0.059,-0.108,0.9924,0,0.0124,8.2397,-1.1488,1]},
{"frame":34,"values":[0.9984,0.0101,-0.0564,0,-0.0047,0.9955,0.0947,0,0.0571,-0.0943,0.9939,0,0.0124,8.2397,-1.1488,1]},
{"frame":35,"values":[0.9985,0.018,-0.0512,0,-0.0135,0.9962,0.0863,0,0.0525,-0.0854,0.995,0,0.0124,8.2397,-1.1488,1]},
{"frame":36,"values":[0.9988,0.0197,-0.0444,0,-0.0159,0.9963,0.0847,0,0.0459,-0.0839,0.9954,0,0.0124,8.2397,-1.1488,1]},
{"frame":37,"values":[0.9991,0.0102,-0.0424,0,-0.0063,0.996,0.0895,0,0.0431,-0.0892,0.9951,0,0.0124,8.2397,-1.1488,1]},
{"frame":38,"values":[0.9989,-0.0021,-0.0467,0,0.0065,0.9955,0.0941,0,0.0463,-0.0943,0.9945,0,0.0124,8.2397,-1.1488,1]},
{"frame":39,"values":[0.9986,-0.005,-0.0518,0,0.01,0.9953,0.0966,0,0.0511,-0.097,0.994,0,0.0124,8.2397,-1.1488,1]},
{"frame":40,"values":[0.9985,0.0028,-0.0554,0,0.0028,0.9949,0.1008,0,0.0554,-0.1008,0.9934,0,0.0124,8.2397,-1.1488,1]},
{"frame":41,"values":[0.9982,0.0094,-0.0597,0,-0.0031,0.9945,0.1047,0,0.0604,-0.1043,0.9927,0,0.0124,8.2397,-1.1488,1]},
{"frame":42,"values":[0.998,0.0066,-0.0622,0,0,0.9944,0.1055,0,0.0626,-0.1053,0.9925,0,0.0124,8.2397,-1.1488,1]},
{"frame":43,"values":[0.9982,0.0011,-0.0593,0,0.0052,0.9944,0.1059,0,0.059,-0.1061,0.9926,0,0.0124,8.2397,-1.1488,1]},
{"frame":44,"values":[0.9985,-0.0012,-0.054,0,0.0069,0.9944,0.1056,0,0.0536,-0.1058,0.9929,0,0.0124,8.2397,-1.1488,1]},
{"frame":45,"values":[0.9986,-0.0005,-0.0526,0,0.0059,0.9948,0.102,0,0.0523,-0.1021,0.9934,0,0.0124,8.2397,-1.1488,1]},
{"frame":46,"values":[0.9985,0.0028,-0.0555,0,0.0026,0.9952,0.0974,0,0.0555,-0.0974,0.9937,0,0.0124,8.2397,-1.1488,1]},
{"frame":47,"values":[0.9983,0.008,-0.0584,0,-0.0024,0.9954,0.0955,0,0.0589,-0.0952,0.9937,0,0.0124,8.2397,-1.1488,1]},
{"frame":48,"values":[0.9981,0.0142,-0.0592,0,-0.0084,0.9954,0.0955,0,0.0603,-0.0949,0.9937,0,0.0124,8.2397,-1.1488,1]},
{"frame":49,"values":[0.9981,0.0199,-0.0576,0,-0.0143,0.9953,0.0959,0,0.0592,-0.0949,0.9937,0,0.0124,8.2397,-1.1488,1]},
{"frame":50,"values":[0.9983,0.0215,-0.0541,0,-0.0161,0.9951,0.0975,0,0.0559,-0.0965,0.9938,0,0.0124,8.2397,-1.1488,1]},
{"frame":51,"values":[0.9984,0.022,-0.0514,0,-0.0168,0.9949,0.0996,0,0.0533,-0.0986,0.9937,0,0.0124,8.2397,-1.1488,1]}],"loopBehavior":1,"name":"anim","property":"_matrix"}},
{"name":"Spine2","index":3,"matrix":[0.9984,0.023,-0.0519,0,-0.0178,0.9949,0.0991,0,0.0539,-0.098,0.9937,0,0.0142,9.4168,-1.313,1],"rest":[1,0,0,0,0,1,0,0,0,0,1,0,0.0142,9.4168,-1.313,1],"parentBoneIndex":2,"length":9.9132
,"animation":{"dataType":3,"framePerSecond":24,"keys":[
{"frame":1,"values":[0.9984,0.023,-0.0519,0,-0.0178,0.9949,0.0991,0,0.0539,-0.098,0.9937,0,0.0142,9.4168,-1.313,1]},
{"frame":2,"values":[0.9984,0.0256,-0.0497,0,-0.0204,0.9946,0.1018,0,0.052,-0.1006,0.9936,0,0.0142,9.4168,-1.313,1]},
{"frame":3,"values":[0.9983,0.0329,-0.0481,0,-0.0277,0.9941,0.105,0,0.0513,-0.1035,0.9933,0,0.0142,9.4168,-1.313,1]},
{"frame":4,"values":[0.9981,0.0394,-0.0482,0,-0.034,0.9937,0.1067,0,0.0521,-0.1049,0.9931,0,0.0142,9.4168,-1.313,1]},
{"frame":5,"values":[0.9979,0.0439,-0.0471,0,-0.0387,0.9936,0.1065,0,0.0514,-0.1045,0.9932,0,0.0142,9.4168,-1.313,1]},
{"frame":6,"values":[0.9978,0.0476,-0.0459,0,-0.0427,0.9939,0.102,0,0.0504,-0.0998,0.9937,0,0.0142,9.4168,-1.313,1]},
{"frame":7,"values":[0.9977,0.0489,-0.0463,0,-0.0444,0.9946,0.0935,0,0.0506,-0.0912,0.9945,0,0.0142,9.4168,-1.313,1]},
{"frame":8,"values":[0.9978,0.0454,-0.0478,0,-0.0414,0.9958,0.0811,0,0.0513,-0.0789,0.9956,0,0.0142,9.4168,-1.313,1]},
{"frame":9,"values":[0.998,0.0382,-0.0501,0,-0.0349,0.9973,0.0642,0,0.0524,-0.0623,0.9967,0,0.0142,9.4168,-1.313,1]},
{"frame":10,"values":[0.9982,0.028,-0.0536,0,-0.0255,0.9986,0.0473,0,0.0548,-0.0459,0.9974,0,0.0142,9.4168,-1.313,1]},
{"frame":11,"values":[0.9982,0.0164,-0.058,0,-0.0141,0.9991,0.0402,0,0.0586,-0.0393,0.9975,0,0.0142,9.4168,-1.313,1]},
{"frame":12,"values":[0.998,0.0058,-0.0627,0,-0.0028,0.9988,0.0485,0,0.0629,-0.0482,0.9969,0,0.0142,9.4168,-1.313,1]},
{"frame":13,"values":[0.9979,-0.0071,-0.0651,0,0.0117,0.9974,0.0708,0,0.0644,-0.0714,0.9954,0,0.0142,9.4168,-1.313,1]},
{"frame":14,"values":[0.9975,-0.0321,-0.0631,0,0.0388,0.9933,0.1086,0,0.0592,-0.1108,0.9921,0,0.0142,9.4168,-1.313,1]},
{"frame":15,"values":[0.9957,-0.0689,-0.0618,0,0.0781,0.9838,0.1616,0,0.0497,-0.1657,0.9849,0,0.0142,9.4168,-1.313,1]},
{"frame":16,"values":[0.993,-0.0988,-0.065,0,0.1106,0.9706,0.2139,0,0.042,-0.2195,0.9747,0,0.0142,9.4168,-1.313,1]},
{"frame":17,"values":[0.9915,-0.1098,-0.0694,0,0.1239,0.9603,0.2499,0,0.0392,-0.2564,0.9658,0,0.0142,9.4168,-1.313,1]},
{"frame":18,"values":[0.9914,-0.1079,-0.0747,0,0.1243,0.9546,0.2708,0,0.042,-0.2778,0.9597,0,0.0142,9.4168,-1.313,1]},
{"frame":19,"values":[0.992,-0.0975,-0.0799,0,0.1162,0.953,0.2799,0,0.0488,-0.287,0.9567,0,0.0142,9.4168,-1.313,1]},
{"frame":20,"values":[0.9935,-0.0805,-0.0807,0,0.1001,0.9552,0.2787,0,0.0546,-0.2849,0.957,0,0.0142,9.4168,-1.313,1]},
{"frame":21,"values":[0.9952,-0.0613,-0.0765,0,0.0799,0.9595,0.2703,0,0.0568,-0.2751,0.9597,0,0.0142,9.4168,-1.313,1]},
{"frame":22,"values":[0.9965,-0.0438,-0.0713,0,0.0609,0.964,0.2588,0,0.0574,-0.2622,0.9633,0,0.0142,9.4168,-1.313,1]},
{"frame":23,"values":[0.9972,-0.0315,-0.0674,0,0.0472,0.9683,0.2454,0,0.0576,-0.2479,0.9671,0,0.0142,9.4168,-1.313,1]},
{"frame":24,"values":[0.9976,-0.0246,-0.0648,0,0.039,0.972,0.2319,0,0.0572,-0.2339,0.9706,0,0.0142,9.4168,-1.313,1]},
{"frame":25,"values":[0.9978,-0.0182,-0.0641,0,0.0318,0.9753,0.2185,0,0.0586,-0.22,0.9737,0,0.0142,9.4168,-1.313,1]},
{"frame":26,"values":[0.9977,-0.0067,-0.067,0,0.0201,0.9795,0.2007,0,0.0643,-0.2016,0.9774,0,0.0142,9.4168,-1.313,1]},
{"frame":27,"values":[0.9974,0.0067,-0.072,0,0.0059,0.985,0.1725,0,0.072,-0.1725,0.9824,0,0.0142,9.4168,-1.313,1]},
{"frame":28,"values":[0.9971,0.016,-0.0747,0,-0.0052,0.9897,0.1431,0,0.0763,-0.1423,0.9869,0,0.0142,9.4168,-1.313,1]},
{"frame":29,"values":[0.997,0.0209,-0.0739,0,-0.0111,0.9913,0.1314,0,0.076,-0.1302,0.9886,0,0.0142,9.4168,-1.313,1]},
{"frame":30,"values":[0.9973,0.0213,-0.0703,0,-0.0118,0.9909,0.1338,0,0.0725,-0.1327,0.9885,0,0.0142,9.4168,-1.313,1]},
{"frame":31,"values":[0.9977,0.0164,-0.0653,0,-0.0075,0.991,0.1333,0,0.0669,-0.1325,0.9889,0,0.0142,9.4168,-1.313,1]},
{"frame":32,"values":[0.9981,0.0098,-0.0611,0,-0.0022,0.9924,0.1233,0,0.0618,-0.1229,0.9905,0,0.0142,9.4168,-1.313,1]},
{"frame":33,"values":[0.9983,0.0071,-0.0586,0,-0.0007,0.9941,0.1081,0,0.059,-0.1079,0.9924,0,0.0142,9.4168,-1.313,1]},
{"frame":34,"values":[0.9984,0.0112,-0.0562,0,-0.0059,0.9955,0.0947,0,0.0571,-0.0942,0.9939,0,0.0142,9.4168,-1.313,1]},
{"frame":35,"values":[0.9985,0.0189,-0.0512,0,-0.0145,0.9962,0.0861,0,0.0526,-0.0852,0.995,0,0.0142,9.4168,-1.313,1]},
{"frame":36,"values":[0.9988,0.0206,-0.0444,0,-0.0168,0.9963,0.0845,0,0.046,-0.0836,0.9954,0,0.0142,9.4168,-1.313,1]},
{"frame":37,"values":[0.999,0.0111,-0.0422,0,-0.0073,0.996,0.0895,0,0.043,-0.0891,0.9951,0,0.0142,9.4168,-1.313,1]},
{"frame":38,"values":[0.9989,-0.0011,-0.0463,0,0.0055,0.9955,0.0943,0,0.046,-0.0945,0.9945,0,0.0142,9.4168,-1.313,1]},
{"frame":39,"values":[0.9987,-0.004,-0.0515,0,0.0089,0.9953,0.0968,0,0.0509,-0.0971,0.994,0,0.0142,9.4168,-1.313,1]},
{"frame":40,"values":[0.9984,0.0039,-0.0556,0,0.0017,0.9949,0.1006,0,0.0557,-0.1006,0.9934,0,0.0142,9.4168,-1.313,1]},
{"frame":41,"values":[0.9981,0.0105,-0.0603,0,-0.0042,0.9945,0.1042,0,0.0611,-0.1038,0.9927,0,0.0142,9.4168,-1.313,1]},
{"frame":42,"values":[0.998,0.0077,-0.0628,0,-0.0011,0.9945,0.1051,0,0.0633,-0.1048,0.9925,0,0.0142,9.4168,-1.313,1]},
{"frame":43,"values":[0.9982,0.0022,-0.0597,0,0.0041,0.9944,0.1057,0,0.0596,-0.1057,0.9926,0,0.0142,9.4168,-1.313,1]},
{"frame":44,"values":[0.9985,-0.0002,-0.0544,0,0.0059,0.9944,0.1054,0,0.0541,-0.1055,0.9929,0,0.0142,9.4168,-1.313,1]},
{"frame":45,"values":[0.9986,0.0004,-0.053,0,0.005,0.9948,0.1017,0,0.0528,-0.1018,0.9934,0,0.0142,9.4168,-1.313,1]},
{"frame":46,"values":[0.9984,0.0037,-0.0559,0,0.0017,0.9953,0.097,0,0.056,-0.097,0.9937,0,0.0142,9.4168,-1.313,1]},
{"frame":47,"values":[0.9982,0.0089,-0.0589,0,-0.0033,0.9955,0.0951,0,0.0595,-0.0947,0.9937,0,0.0142,9.4168,-1.313,1]},
{"frame":48,"values":[0.9981,0.0151,-0.0598,0,-0.0094,0.9954,0.095,0,0.061,-0.0943,0.9937,0,0.0142,9.4168,-1.313,1]},
{"frame":49,"values":[0.9981,0.0209,-0.0582,0,-0.0153,0.9953,0.0953,0,0.0599,-0.0942,0.9937,0,0.0142,9.4168,-1.313,1]},
{"frame":50,"values":[0.9983,0.0225,-0.0547,0,-0.0171,0.9951,0.097,0,0.0566,-0.0959,0.9938,0,0.0142,9.4168,-1.313,1]},
{"frame":51,"values":[0.9984,0.023,-0.0519,0,-0.0178,0.9949,0.0991,0,0.0539,-0.098,0.9937,0,0.0142,9.4168,-1.313,1]}],"loopBehavior":1,"name":"anim","property":"_matrix"}},
{"name":"Neck","index":4,"matrix":[0.9927,-0.1129,-0.0429,0,0.1083,0.9894,-0.0972,0,0.0534,0.0918,0.9943,0,0.016,10.5938,-1.4771,1],"rest":[1,0,0,0,0,1,0,0,0,0,1,0,0.016,10.5938,-1.4771,1],"parentBoneIndex":3,"length":5.1073
,"animation":{"dataType":3,"framePerSecond":24,"keys":[
{"frame":1,"values":[0.9927,-0.1129,-0.0429,0,0.1083,0.9894,-0.0972,0,0.0534,0.0918,0.9943,0,0.016,10.5938,-1.4771,1]},
{"frame":2,"values":[0.9926,-0.1139,-0.042,0,0.1095,0.9894,-0.0952,0,0.0524,0.0899,0.9946,0,0.016,10.5938,-1.4771,1]},
{"frame":3,"values":[0.9923,-0.1165,-0.0424,0,0.112,0.9892,-0.0949,0,0.053,0.0894,0.9946,0,0.016,10.5938,-1.4771,1]},
{"frame":4,"values":[0.9921,-0.1175,-0.0443,0,0.1126,0.9886,-0.0994,0,0.0554,0.0937,0.9941,0,0.016,10.5938,-1.4771,1]},
{"frame":5,"values":[0.9922,-0.1159,-0.0469,0,0.1103,0.988,-0.1081,0,0.0589,0.1021,0.993,0,0.016,10.5938,-1.4771,1]},
{"frame":6,"values":[0.9922,-0.1145,-0.0491,0,0.1079,0.9868,-0.1212,0,0.0623,0.115,0.9914,0,0.016,10.5938,-1.4771,1]},
{"frame":7,"values":[0.9923,-0.1135,-0.0495,0,0.1055,0.9844,-0.1409,0,0.0647,0.1346,0.9888,0,0.016,10.5938,-1.4771,1]},
{"frame":8,"values":[0.9927,-0.1109,-0.0477,0,0.1014,0.9804,-0.169,0,0.0655,0.1629,0.9845,0,0.016,10.5938,-1.4771,1]},
{"frame":9,"values":[0.9933,-0.1073,-0.0431,0,0.0963,0.9741,-0.2043,0,0.0639,0.1988,0.9779,0,0.016,10.5938,-1.4771,1]},
{"frame":10,"values":[0.994,-0.1034,-0.0347,0,0.0918,0.9648,-0.2463,0,0.059,0.2417,0.9686,0,0.016,10.5938,-1.4771,1]},
{"frame":11,"values":[0.9947,-0.0997,-0.0235,0,0.0889,0.9542,-0.2855,0,0.0509,0.2819,0.9581,0,0.016,10.5938,-1.4771,1]},
{"frame":12,"values":[0.9949,-0.1,-0.0133,0,0.0915,0.9497,-0.2994,0,0.0426,0.2966,0.954,0,0.016,10.5938,-1.4771,1]},
{"frame":13,"values":[0.9937,-0.1115,-0.0101,0,0.1051,0.9602,-0.2586,0,0.0386,0.256,0.9659,0,0.016,10.5938,-1.4771,1]},
{"frame":14,"values":[0.9912,-0.1311,-0.0175,0,0.1267,0.9795,-0.1564,0,0.0377,0.1528,0.9875,0,0.016,10.5938,-1.4771,1]},
{"frame":15,"values":[0.9894,-0.1422,-0.0294,0,0.1403,0.9885,-0.0569,0,0.0371,0.0521,0.998,0,0.016,10.5938,-1.4771,1]},
{"frame":16,"values":[0.9892,-0.142,-0.0366,0,0.142,0.9899,-0.0027,0,0.0366,-0.0025,0.9993,0,0.016,10.5938,-1.4771,1]},
{"frame":17,"values":[0.9896,-0.1388,-0.0369,0,0.1393,0.9902,0.0099,0,0.0352,-0.0149,0.9993,0,0.016,10.5938,-1.4771,1]},
{"frame":18,"values":[0.9898,-0.1381,-0.0338,0,0.1379,0.9904,-0.0102,0,0.0349,0.0054,0.9994,0,0.016,10.5938,-1.4771,1]},
{"frame":19,"values":[0.9895,-0.1405,-0.0327,0,0.1397,0.9898,-0.027,0,0.0362,0.0222,0.9991,0,0.016,10.5938,-1.4771,1]},
{"frame":20,"values":[0.9894,-0.1414,-0.034,0,0.1407,0.9898,-0.0221,0,0.0368,0.0171,0.9992,0,0.016,10.5938,-1.4771,1]},
{"frame":21,"values":[0.99,-0.1367,-0.0335,0,0.1363,0.9906,-0.0148,0,0.0352,0.01,0.9993,0,0.016,10.5938,-1.4771,1]},
{"frame":22,"values":[0.9912,-0.1284,-0.0309,0,0.1279,0.9916,-0.0182,0,0.0329,0.0141,0.9994,0,0.016,10.5938,-1.4771,1]},
{"frame":23,"values":[0.9923,-0.1207,-0.0295,0,0.1199,0.9924,-0.0272,0,0.0326,0.0235,0.9992,0,0.016,10.5938,-1.4771,1]},
{"frame":24,"values":[0.9926,-0.1174,-0.0323,0,0.1163,0.9926,-0.0353,0,0.0362,0.0313,0.9989,0,0.016,10.5938,-1.4771,1]},
{"frame":25,"values":[0.9919,-0.1209,-0.0388,0,0.1194,0.9921,-0.0388,0,0.0432,0.0338,0.9985,0,0.016,10.5938,-1.4771,1]},
{"frame":26,"values":[0.9906,-0.1295,-0.0451,0,0.128,0.9912,-0.0343,0,0.0492,0.0282,0.9984,0,0.016,10.5938,-1.4771,1]},
{"frame":27,"values":[0.9892,-0.1383,-0.0477,0,0.1374,0.9903,-0.0209,0,0.0501,0.0141,0.9986,0,0.016,10.5938,-1.4771,1]},
{"frame":28,"values":[0.9887,-0.1424,-0.0466,0,0.142,0.9898,-0.0101,0,0.0475,0.0034,0.9989,0,0.016,10.5938,-1.4771,1]},
{"frame":29,"values":[0.9891,-0.141,-0.0428,0,0.1406,0.99,-0.0126,0,0.0441,0.0064,0.999,0,0.016,10.5938,-1.4771,1]},
{"frame":30,"values":[0.9898,-0.1367,-0.039,0,0.1359,0.9905,-0.021,0,0.0415,0.0155,0.999,0,0.016,10.5938,-1.4771,1]},
{"frame":31,"values":[0.9907,-0.1309,-0.0376,0,0.13,0.9912,-0.0248,0,0.0405,0.0197,0.999,0,0.016,10.5938,-1.4771,1]},
{"frame":32,"values":[0.9912,-0.1261,-0.0395,0,0.1251,0.9918,-0.0276,0,0.0427,0.0224,0.9988,0,0.016,10.5938,-1.4771,1]},
{"frame":33,"values":[0.9911,-0.1254,-0.0454,0,0.1238,0.9916,-0.0366,0,0.0496,0.0306,0.9983,0,0.016,10.5938,-1.4771,1]},
{"frame":34,"values":[0.9907,-0.1259,-0.0521,0,0.1235,0.9912,-0.0472,0,0.0576,0.0403,0.9975,0,0.016,10.5938,-1.4771,1]},
{"frame":35,"values":[0.991,-0.1225,-0.0546,0,0.1197,0.9914,-0.0523,0,0.0606,0.0453,0.9971,0,0.016,10.5938,-1.4771,1]},
{"frame":36,"values":[0.9918,-0.1166,-0.0517,0,0.1136,0.9919,-0.0575,0,0.058,0.0512,0.997,0,0.016,10.5938,-1.4771,1]},
{"frame":37,"values":[0.9923,-0.1141,-0.048,0,0.1107,0.9916,-0.067,0,0.0552,0.0611,0.9966,0,0.016,10.5938,-1.4771,1]},
{"frame":38,"values":[0.9919,-0.1174,-0.0485,0,0.1136,0.9907,-0.0747,0,0.0568,0.0686,0.996,0,0.016,10.5938,-1.4771,1]},
{"frame":39,"values":[0.9911,-0.1229,-0.052,0,0.1184,0.9896,-0.0812,0,0.0614,0.0743,0.9953,0,0.016,10.5938,-1.4771,1]},
{"frame":40,"values":[0.9905,-0.1267,-0.0538,0,0.1215,0.9885,-0.0901,0,0.0646,0.0827,0.9945,0,0.016,10.5938,-1.4771,1]},
{"frame":41,"values":[0.99,-0.1302,-0.0535,0,0.1248,0.9876,-0.0949,0,0.0652,0.0873,0.994,0,0.016,10.5938,-1.4771,1]},
{"frame":42,"values":[0.9897,-0.133,-0.0539,0,0.1278,0.9876,-0.0908,0,0.0653,0.083,0.9944,0,0.016,10.5938,-1.4771,1]},
{"frame":43,"values":[0.9896,-0.1329,-0.0545,0,0.1281,0.9882,-0.0837,0,0.065,0.0759,0.995,0,0.016,10.5938,-1.4771,1]},
{"frame":44,"values":[0.9899,-0.1309,-0.0536,0,0.1266,0.9889,-0.078,0,0.0632,0.0705,0.9955,0,0.016,10.5938,-1.4771,1]},
{"frame":45,"values":[0.9902,-0.1297,-0.0518,0,0.1257,0.9893,-0.0746,0,0.0609,0.0674,0.9959,0,0.016,10.5938,-1.4771,1]},
{"frame":46,"values":[0.9902,-0.1299,-0.051,0,0.1258,0.9891,-0.0763,0,0.0603,0.0691,0.9958,0,0.016,10.5938,-1.4771,1]},
{"frame":47,"values":[0.9904,-0.1287,-0.0506,0,0.1242,0.9888,-0.083,0,0.0607,0.076,0.9953,0,0.016,10.5938,-1.4771,1]},
{"frame":48,"values":[0.9911,-0.1239,-0.0494,0,0.1191,0.9887,-0.0908,0,0.06,0.0841,0.9946,0,0.016,10.5938,-1.4771,1]},
{"frame":49,"values":[0.992,-0.1175,-0.0473,0,0.1125,0.989,-0.096,0,0.058,0.0899,0.9943,0,0.016,10.5938,-1.4771,1]},
{"frame":50,"values":[0.9925,-0.1139,-0.0448,0,0.1091,0.9892,-0.098,0,0.0555,0.0924,0.9942,0,0.016,10.5938,-1.4771,1]},
{"frame":51,"values":[0.9927,-0.1129,-0.0429,0,0.1083,0.9894,-0.0972,0,0.0534,0.0918,0.9943,0,0.016,10.5938,-1.4771,1]}],"loopBehavior":1,"name":"anim","property":"_matrix"}},
{"name":"Head","index":5,"matrix":[0.9964,-0.0722,-0.0436,0,0.0813,0.9599,0.2683,0,0.0225,-0.2709,0.9624,0,0,5.0564,0.7196,1],"rest":[1,0,0,0,0,1,0,0,0,0,1,0,0,5.0564,0.7196,1],"parentBoneIndex":4,"length":15.2963
,"animation":{"dataType":3,"framePerSecond":24,"keys":[
{"frame":1,"values":[0.9964,-0.0722,-0.0436,0,0.0813,0.9599,0.2683,0,0.0225,-0.2709,0.9624,0,0,5.0564,0.7196,1]},
{"frame":2,"values":[0.996,-0.0811,-0.0377,0,0.0885,0.9556,0.2812,0,0.0133,-0.2834,0.9589,0,0,5.0564,0.7196,1]},
{"frame":3,"values":[0.9948,-0.094,-0.0396,0,0.1014,0.9527,0.2864,0,0.0108,-0.2889,0.9573,0,0,5.0564,0.7196,1]},
{"frame":4,"values":[0.993,-0.1057,-0.0518,0,0.1161,0.953,0.2799,0,0.0198,-0.284,0.9586,0,0,5.0564,0.7196,1]},
{"frame":5,"values":[0.9908,-0.1146,-0.0715,0,0.1297,0.955,0.2668,0,0.0377,-0.2736,0.9611,0,0,5.0564,0.7196,1]},
{"frame":6,"values":[0.9896,-0.1151,-0.0867,0,0.1333,0.96,0.2463,0,0.0549,-0.2553,0.9653,0,0,5.0564,0.7196,1]},
{"frame":7,"values":[0.991,-0.0969,-0.0925,0,0.1137,0.9734,0.1987,0,0.0708,-0.2074,0.9757,0,0,5.0564,0.7196,1]},
{"frame":8,"values":[0.9941,-0.0528,-0.0947,0,0.0619,0.9935,0.0956,0,0.089,-0.1009,0.9909,0,0,5.0564,0.7196,1]},
{"frame":9,"values":[0.9951,0.0114,-0.0982,0,-0.0166,0.9985,-0.052,0,0.0974,0.0534,0.9938,0,0,5.0564,0.7196,1]},
{"frame":10,"values":[0.9913,0.0867,-0.0989,0,-0.1048,0.9749,-0.1963,0,0.0794,0.2049,0.9756,0,0,5.0564,0.7196,1]},
{"frame":11,"values":[0.9823,0.1628,-0.0927,0,-0.1836,0.9347,-0.3043,0,0.0371,0.3159,0.9481,0,0,5.0564,0.7196,1]},
{"frame":12,"values":[0.9704,0.228,-0.0799,0,-0.2413,0.897,-0.3704,0,-0.0128,0.3787,0.9254,0,0,5.0564,0.7196,1]},
{"frame":13,"values":[0.962,0.267,-0.0563,0,-0.2679,0.885,-0.3808,0,-0.0518,0.3814,0.923,0,0,5.0564,0.7196,1]},
{"frame":14,"values":[0.965,0.2621,-0.0115,0,-0.2531,0.9183,-0.3045,0,-0.0692,0.2967,0.9525,0,0,5.0564,0.7196,1]},
{"frame":15,"values":[0.9775,0.2058,0.0461,0,-0.2002,0.9742,-0.1037,0,-0.0662,0.0921,0.9935,0,0,5.0564,0.7196,1]},
{"frame":16,"values":[0.9854,0.1512,0.0787,0,-0.158,0.9834,0.0889,0,-0.0639,-0.1,0.9929,0,0,5.0564,0.7196,1]},
{"frame":17,"values":[0.9853,0.1503,0.0809,0,-0.158,0.9824,0.0995,0,-0.0645,-0.1108,0.9917,0,0,5.0564,0.7196,1]},
{"frame":18,"values":[0.9819,0.1756,0.0715,0,-0.1775,0.9839,0.0216,0,-0.0666,-0.0339,0.9972,0,0,5.0564,0.7196,1]},
{"frame":19,"values":[0.9818,0.1769,0.0686,0,-0.1778,0.984,0.007,0,-0.0663,-0.0191,0.9976,0,0,5.0564,0.7196,1]},
{"frame":20,"values":[0.9855,0.1539,0.0716,0,-0.1575,0.9864,0.0473,0,-0.0633,-0.0578,0.9963,0,0,5.0564,0.7196,1]},
{"frame":21,"values":[0.9887,0.1309,0.073,0,-0.1363,0.9878,0.0754,0,-0.0622,-0.0845,0.9945,0,0,5.0564,0.7196,1]},
{"frame":22,"values":[0.9913,0.1106,0.0711,0,-0.1165,0.9896,0.0847,0,-0.061,-0.0923,0.9939,0,0,5.0564,0.7196,1]},
{"frame":23,"values":[0.9944,0.0856,0.0616,0,-0.0915,0.9908,0.0995,0,-0.0525,-0.1046,0.9931,0,0,5.0564,0.7196,1]},
{"frame":24,"values":[0.9978,0.0531,0.04,0,-0.0581,0.9889,0.1364,0,-0.0323,-0.1385,0.9898,0,0,5.0564,0.7196,1]},
{"frame":25,"values":[0.9998,0.0152,0.0114,0,-0.0172,0.9802,0.1972,0,-0.0082,-0.1974,0.9803,0,0,5.0564,0.7196,1]},
{"frame":26,"values":[0.9998,-0.021,-0.0066,0,0.022,0.9643,0.2641,0,0.0008,-0.2642,0.9645,0,0,5.0564,0.7196,1]},
{"frame":27,"values":[0.9987,-0.0509,-0.0034,0,0.0493,0.9449,0.3236,0,-0.0133,-0.3233,0.9462,0,0,5.0564,0.7196,1]},
{"frame":28,"values":[0.9972,-0.0738,0.0113,0,0.0642,0.9254,0.3735,0,-0.0381,-0.3717,0.9276,0,0,5.0564,0.7196,1]},
{"frame":29,"values":[0.9955,-0.0903,0.0275,0,0.071,0.9087,0.4115,0,-0.0621,-0.4077,0.911,0,0,5.0564,0.7196,1]},
{"frame":30,"values":[0.9943,-0.0993,0.0379,0,0.073,0.8973,0.4353,0,-0.0773,-0.4301,0.8995,0,0,5.0564,0.7196,1]},
{"frame":31,"values":[0.9944,-0.0989,0.0359,0,0.0729,0.8934,0.4433,0,-0.0759,-0.4382,0.8957,0,0,5.0564,0.7196,1]},
{"frame":32,"values":[0.9958,-0.0895,0.0199,0,0.072,0.8979,0.4342,0,-0.0568,-0.431,0.9006,0,0,5.0564,0.7196,1]},
{"frame":33,"values":[0.9971,-0.0755,-0.0103,0,0.0731,0.9093,0.4096,0,-0.0215,-0.4091,0.9122,0,0,5.0564,0.7196,1]},
{"frame":34,"values":[0.9964,-0.0704,-0.0475,0,0.0833,0.9198,0.3834,0,0.0167,-0.386,0.9223,0,0,5.0564,0.7196,1]},
{"frame":35,"values":[0.9942,-0.0797,-0.0721,0,0.1009,0.9231,0.3712,0,0.0369,-0.3763,0.9258,0,0,5.0564,0.7196,1]},
{"frame":36,"values":[0.9935,-0.0887,-0.0713,0,0.1089,0.9233,0.3684,0,0.0331,-0.3738,0.9269,0,0,5.0564,0.7196,1]},
{"frame":37,"values":[0.9948,-0.0848,-0.0571,0,0.0996,0.9288,0.3569,0,0.0228,-0.3607,0.9324,0,0,5.0564,0.7196,1]},
{"frame":38,"values":[0.9957,-0.0752,-0.0537,0,0.089,0.9371,0.3376,0,0.025,-0.341,0.9397,0,0,5.0564,0.7196,1]},
{"frame":39,"values":[0.9952,-0.0735,-0.0647,0,0.0906,0.9415,0.3246,0,0.0371,-0.3289,0.9436,0,0,5.0564,0.7196,1]},
{"frame":40,"values":[0.9941,-0.0802,-0.0729,0,0.0991,0.9448,0.3123,0,0.0438,-0.3177,0.9472,0,0,5.0564,0.7196,1]},
{"frame":41,"values":[0.9941,-0.083,-0.0698,0,0.1001,0.9502,0.2952,0,0.0418,-0.3005,0.9529,0,0,5.0564,0.7196,1]},
{"frame":42,"values":[0.995,-0.0753,-0.0653,0,0.0908,0.9547,0.2833,0,0.041,-0.2879,0.9568,0,0,5.0564,0.7196,1]},
{"frame":43,"values":[0.9958,-0.0649,-0.0643,0,0.0804,0.9573,0.2775,0,0.0436,-0.2815,0.9586,0,0,5.0564,0.7196,1]},
{"frame":44,"values":[0.9966,-0.0562,-0.0594,0,0.0702,0.9607,0.2686,0,0.042,-0.2718,0.9614,0,0,5.0564,0.7196,1]},
{"frame":45,"values":[0.9975,-0.0484,-0.0507,0,0.0597,0.9653,0.2541,0,0.0367,-0.2566,0.9658,0,0,5.0564,0.7196,1]},
{"frame":46,"values":[0.9978,-0.0457,-0.0478,0,0.0558,0.9695,0.2387,0,0.0354,-0.2408,0.9699,0,0,5.0564,0.7196,1]},
{"frame":47,"values":[0.9974,-0.05,-0.0523,0,0.0607,0.9717,0.2282,0,0.0394,-0.2307,0.9722,0,0,5.0564,0.7196,1]},
{"frame":48,"values":[0.9967,-0.0569,-0.0577,0,0.0686,0.9712,0.228,0,0.0431,-0.2312,0.972,0,0,5.0564,0.7196,1]},
{"frame":49,"values":[0.9963,-0.0622,-0.0591,0,0.0746,0.9685,0.2374,0,0.0425,-0.241,0.9696,0,0,5.0564,0.7196,1]},
{"frame":50,"values":[0.9964,-0.0664,-0.0522,0,0.0775,0.9644,0.2527,0,0.0336,-0.2559,0.9661,0,0,5.0564,0.7196,1]},
{"frame":51,"values":[0.9964,-0.0722,-0.0436,0,0.0813,0.9599,0.2683,0,0.0225,-0.2709,0.9624,0,0,5.0564,0.7196,1]}],"loopBehavior":1,"name":"anim","property":"_matrix"}},
{"name":"HeadTop_End","index":6,"matrix":[1,0,0,0,0,1,0,0,0,0,1,0,0,15.1437,2.155,1],"rest":[1,0,0,0,0,1,0,0,0,0,1,0,0,15.1437,2.155,1],"parentBoneIndex":5,"length":15.2963
,"animation":{"dataType":3,"framePerSecond":24,"keys":[
{"frame":1,"values":[1,0,0,0,0,1,0,0,0,0,1,0,0,15.1437,2.155,1]},
{"frame":51,"values":[1,0,0,0,0,1,0,0,0,0,1,0,0,15.1437,2.155,1]}],"loopBehavior":1,"name":"anim","property":"_matrix"}},
{"name":"LeftShoulder","index":7,"matrix":[0.9889,-0.1487,-0.0065,0,0.1488,0.9887,0.0193,0,0.0035,-0.0201,0.9998,0,3.5285,8.7304,-1.4561,1],"rest":[1,-0.0017,0,0,0.0017,1,0,0,0,0,1,0,3.5285,8.7304,-1.4561,1],"parentBoneIndex":3,"length":7.9526
,"animation":{"dataType":3,"framePerSecond":24,"keys":[
{"frame":1,"values":[0.9889,-0.1487,-0.0065,0,0.1488,0.9887,0.0193,0,0.0035,-0.0201,0.9998,0,3.5285,8.7304,-1.4561,1]},
