{"producer":{"name":"Blender","version":"2.90.0","exporter_version":"2.80.1","file":"fight_uppercombo.babylon"},
"autoClear":true,"clearColor":[0.0509,0.0509,0.0509],"gravity":[0,-9.81,0],
"materials":[{"name":"Material","id":"Material","customType":"BABYLON.PBRMaterial","backFaceCulling":true,"checkReadyOnlyOnce":false,"maxSimultaneousLights":4,"environmentIntensity":1,"albedo":[0.8,0.8,0.8],"reflectivity":[0.5,0.5,0.5],"roughness":0.4,"alpha":1,"transparencyMode":0,"alphaCutOff":0.4,"metallic":0}],
"multiMaterials":[],
"skeletons":[{"name":"Armature","id":0,"dimensionsAtRest":[128.1663,151.4482,19.1351],"bones":[
{"name":"Hips","index":0,"matrix":[0.7325,0.0008,-0.6807,0,0.0374,0.9984,0.0415,0,-0.6797,0.0559,-0.7314,0,-4.1233,72.0524,1.3083,1],"rest":[1,0,0,0,0,1,0,0,0,0,-1,0,0,81.0629,0,1],"parentBoneIndex":-1,"length":7.701
,"animation":{"dataType":3,"framePerSecond":24,"keys":[
{"frame":1,"values":[0.7325,0.0008,-0.6807,0,0.0374,0.9984,0.0415,0,-0.6797,0.0559,-0.7314,0,-4.1233,72.0524,1.3083,1]},
{"frame":2,"values":[0.7326,-0.0013,-0.6807,0,0.0394,0.9984,0.0404,0,-0.6795,0.0564,-0.7315,0,-4.072,72.053,1.3915,1]},
{"frame":3,"values":[0.732,-0.0029,-0.6812,0,0.041,0.9984,0.0397,0,-0.68,0.057,-0.731,0,-3.8754,72.038,1.4502,1]},
{"frame":4,"values":[0.7311,-0.0051,-0.6822,0,0.0425,0.9984,0.0382,0,-0.6809,0.0569,-0.7301,0,-3.6037,72.011,1.5049,1]},
{"frame":5,"values":[0.733,-0.0082,-0.6802,0,0.0452,0.9983,0.0367,0,-0.6787,0.0576,-0.7321,0,-3.3379,71.9751,1.5557,1]},
{"frame":6,"values":[0.7428,-0.0126,-0.6694,0,0.0486,0.9982,0.0351,0,-0.6678,0.0587,-0.7421,0,-3.1473,71.9309,1.594,1]},
{"frame":7,"values":[0.7623,-0.0153,-0.6471,0,0.0497,0.9982,0.0349,0,-0.6453,0.0587,-0.7616,0,-3.08,71.8806,1.5964,1]},
{"frame":8,"values":[0.7934,-0.0136,-0.6085,0,0.0448,0.9983,0.0362,0,-0.607,0.056,-0.7927,0,-3.133,71.8222,1.4898,1]},
{"frame":9,"values":[0.8235,-0.0011,-0.5673,0,0.0317,0.9985,0.0439,0,-0.5665,0.0542,-0.8223,0,-3.2051,71.7419,1.1369,1]},
{"frame":10,"values":[0.8301,0.0287,-0.5568,0,0.0035,0.9984,0.0566,0,-0.5576,0.0489,-0.8287,0,-3.1797,71.6658,0.4561,1]},
{"frame":11,"values":[0.8003,0.06,-0.5966,0,-0.0271,0.9976,0.0641,0,-0.599,0.0351,-0.8,0,-3.0001,71.6449,-0.4959,1]},
{"frame":12,"values":[0.7278,0.0763,-0.6815,0,-0.0429,0.9969,0.0659,0,-0.6845,0.0187,-0.7288,0,-2.7812,71.7027,-1.6514,1]},
{"frame":13,"values":[0.6199,0.0668,-0.7818,0,-0.0377,0.9978,0.0554,0,-0.7837,0.0049,-0.6211,0,-2.4705,71.8525,-2.8524,1]},
{"frame":14,"values":[0.4993,0.0402,-0.8655,0,-0.0183,0.9992,0.0358,0,-0.8662,0.002,-0.4996,0,-2.015,72.0291,-3.9761,1]},
{"frame":15,"values":[0.4319,-0.0037,-0.9019,0,0.0182,0.9998,0.0046,0,-0.9017,0.0184,-0.4319,0,-1.8059,72.0584,-4.8375,1]},
{"frame":16,"values":[0.4796,-0.0388,-0.8766,0,0.0492,0.9986,-0.0173,0,-0.8761,0.0349,-0.4809,0,-2.2917,72.1058,-5.6662,1]},
{"frame":17,"values":[0.6007,-0.0509,-0.7979,0,0.0692,0.9975,-0.0116,0,-0.7965,0.0483,-0.6027,0,-3.2731,72.2054,-6.6887,1]},
{"frame":18,"values":[0.7585,-0.0708,-0.6478,0,0.0812,0.9966,-0.0139,0,-0.6466,0.0421,-0.7617,0,-4.1334,72.3503,-7.752,1]},
{"frame":19,"values":[0.891,-0.0789,-0.447,0,0.0779,0.9967,-0.0207,0,-0.4472,0.0164,-0.8943,0,-4.8382,72.5349,-8.7359,1]},
{"frame":20,"values":[0.9492,-0.061,-0.3086,0,0.0496,0.9978,-0.0446,0,-0.3106,-0.0271,-0.9501,0,-5.4372,72.7447,-9.5183,1]},
{"frame":21,"values":[0.9744,-0.0378,-0.2214,0,0.0208,0.9967,-0.0786,0,-0.2237,-0.072,-0.972,0,-5.8351,72.8847,-10.1205,1]},
{"frame":22,"values":[0.9865,-0.0244,-0.162,0,0.0131,0.9974,-0.0704,0,-0.1633,-0.0673,-0.9843,0,-6.0471,72.9407,-10.7098,1]},
{"frame":23,"values":[0.9832,-0.023,-0.1811,0,0.0189,0.9995,-0.0243,0,-0.1816,-0.0205,-0.9832,0,-6.1454,72.8684,-11.0745,1]},
{"frame":24,"values":[0.957,-0.0178,-0.2896,0,0.0241,0.9995,0.0183,0,-0.2891,0.0245,-0.957,0,-5.9768,72.6833,-11.3329,1]},
{"frame":25,"values":[0.8901,-0.0076,-0.4557,0,0.0307,0.9986,0.0433,0,-0.4547,0.0525,-0.8891,0,-5.609,72.4813,-11.5462,1]},
{"frame":26,"values":[0.7905,-0.0101,-0.6124,0,0.0465,0.998,0.0435,0,-0.6107,0.0629,-0.7893,0,-5.2326,72.2239,-11.2729,1]},
{"frame":27,"values":[0.7303,-0.0404,-0.682,0,0.0731,0.9971,0.0191,0,-0.6792,0.0638,-0.7311,0,-5.3542,72.087,-10.7709,1]},
{"frame":28,"values":[0.7489,-0.0568,-0.6602,0,0.0911,0.9957,0.0177,0,-0.6564,0.0734,-0.7509,0,-5.7256,72.0261,-10.3479,1]},
{"frame":29,"values":[0.7986,-0.066,-0.5983,0,0.0948,0.9954,0.0167,0,-0.5944,0.07,-0.8011,0,-6.3449,72.0578,-10.0691,1]},
{"frame":30,"values":[0.8713,-0.0737,-0.4852,0,0.0855,0.9963,0.0023,0,-0.4832,0.0435,-0.8744,0,-7.1639,72.2332,-9.8752,1]},
{"frame":31,"values":[0.9372,-0.0573,-0.344,0,0.0598,0.9982,-0.0033,0,-0.3435,0.0175,-0.939,0,-7.9883,72.4743,-9.5648,1]},
{"frame":32,"values":[0.9633,-0.0269,-0.2671,0,0.0227,0.9996,-0.0186,0,-0.2675,-0.0118,-0.9635,0,-8.6054,72.7076,-9.2789,1]},
{"frame":33,"values":[0.9668,-0.0122,-0.2553,0,0.0032,0.9994,-0.0354,0,-0.2556,-0.0334,-0.9662,0,-8.9359,72.8142,-9.0591,1]},
{"frame":34,"values":[0.9661,-0.0099,-0.2581,0,0.0065,0.9999,-0.0141,0,-0.2582,-0.012,-0.966,0,-9.1832,72.8273,-8.7642,1]},
{"frame":35,"values":[0.9605,-0.0215,-0.2774,0,0.0215,0.9998,-0.0031,0,-0.2774,0.003,-0.9608,0,-9.2078,72.7956,-8.1903,1]},
{"frame":36,"values":[0.9442,-0.0223,-0.3287,0,0.02,0.9997,-0.0104,0,-0.3288,-0.0032,-0.9444,0,-9.0651,72.768,-7.2479,1]},
{"frame":37,"values":[0.9311,-0.0131,-0.3645,0,0.009,0.9999,-0.0129,0,-0.3646,-0.0088,-0.9311,0,-9.0404,72.6661,-5.9988,1]},
{"frame":38,"values":[0.9154,-0.0009,-0.4024,0,-0.0033,0.9999,-0.0096,0,-0.4024,-0.0102,-0.9154,0,-8.9169,72.4479,-4.4438,1]},
{"frame":39,"values":[0.8939,0.0164,-0.4479,0,-0.0152,0.9999,0.0062,0,-0.4479,-0.0013,-0.8941,0,-8.7786,72.258,-2.8656,1]},
{"frame":40,"values":[0.8632,0.0359,-0.5036,0,-0.0253,0.9993,0.0278,0,-0.5042,0.0113,-0.8635,0,-8.3652,72.1232,-1.4973,1]},
{"frame":41,"values":[0.813,0.0534,-0.5798,0,-0.0444,0.9986,0.0298,0,-0.5806,-0.0015,-0.8142,0,-7.6428,72.0475,-0.4927,1]},
{"frame":42,"values":[0.7624,0.0561,-0.6447,0,-0.0524,0.9983,0.025,0,-0.645,-0.0147,-0.764,0,-7.1231,72.101,0.0428,1]},
{"frame":43,"values":[0.734,0.0488,-0.6774,0,-0.0457,0.9987,0.0224,0,-0.6776,-0.0145,-0.7352,0,-6.8435,72.1964,0.2154,1]},
{"frame":44,"values":[0.7179,0.0421,-0.6949,0,-0.0363,0.9991,0.023,0,-0.6952,-0.0087,-0.7187,0,-6.5903,72.2289,0.2553,1]},
{"frame":45,"values":[0.7115,0.0341,-0.7019,0,-0.0216,0.9994,0.0266,0,-0.7023,0.0038,-0.7118,0,-6.3469,72.2089,0.2956,1]},
{"frame":46,"values":[0.7094,0.0307,-0.7041,0,-0.012,0.9994,0.0315,0,-0.7047,0.0139,-0.7094,0,-6.1736,72.1343,0.4003,1]},
{"frame":47,"values":[0.7071,0.0293,-0.7065,0,-0.0027,0.9992,0.0388,0,-0.7071,0.0256,-0.7067,0,-6.0071,72.0735,0.5722,1]},
{"frame":48,"values":[0.7092,0.0247,-0.7046,0,0.0081,0.999,0.0432,0,-0.705,0.0364,-0.7083,0,-5.7536,72.0617,0.8705,1]},
{"frame":49,"values":[0.7134,0.0187,-0.7005,0,0.0165,0.9989,0.0435,0,-0.7006,0.0425,-0.7123,0,-5.4688,72.0636,1.0854,1]},
{"frame":50,"values":[0.7184,0.0131,-0.6955,0,0.0243,0.9987,0.0439,0,-0.6952,0.0484,-0.7172,0,-5.177,72.0668,1.1899,1]},
{"frame":51,"values":[0.7221,0.0093,-0.6917,0,0.0279,0.9987,0.0426,0,-0.6912,0.0501,-0.7209,0,-4.871,72.0632,1.27,1]},
{"frame":52,"values":[0.7258,0.0059,-0.6879,0,0.0306,0.9987,0.0409,0,-0.6873,0.0507,-0.7246,0,-4.5681,72.0577,1.3057,1]},
{"frame":53,"values":[0.7302,0.0026,-0.6832,0,0.0347,0.9986,0.0409,0,-0.6824,0.0536,-0.729,0,-4.3106,72.0547,1.3042,1]},
{"frame":54,"values":[0.7325,0.0008,-0.6807,0,0.0374,0.9984,0.0415,0,-0.6797,0.0559,-0.7314,0,-4.1233,72.0524,1.3083,1]}],"loopBehavior":1,"name":"anim","property":"_matrix"}},
{"name":"Spine","index":1,"matrix":[0.9809,-0.007,-0.1946,0,0.0371,0.9877,0.1517,0,0.1912,-0.1561,0.9691,0,0.009,7.0626,-0.9847,1],"rest":[1,0,0,0,0,1,0,0,0,0,1,0,0.009,7.0626,-0.9847,1],"parentBoneIndex":0,"length":8.3194
,"animation":{"dataType":3,"framePerSecond":24,"keys":[
{"frame":1,"values":[0.9809,-0.007,-0.1946,0,0.0371,0.9877,0.1517,0,0.1912,-0.1561,0.9691,0,0.009,7.0626,-0.9847,1]},
{"frame":2,"values":[0.9807,-0.0073,-0.1952,0,0.0374,0.9878,0.1511,0,0.1917,-0.1555,0.9691,0,0.009,7.0626,-0.9847,1]},
{"frame":3,"values":[0.9807,-0.007,-0.1955,0,0.0373,0.9877,0.1515,0,0.192,-0.1559,0.9689,0,0.009,7.0626,-0.9847,1]},
{"frame":4,"values":[0.9805,-0.0059,-0.1964,0,0.0364,0.9877,0.1522,0,0.193,-0.1564,0.9686,0,0.009,7.0626,-0.9847,1]},
{"frame":5,"values":[0.9806,-0.0042,-0.1961,0,0.035,0.9875,0.1538,0,0.193,-0.1577,0.9685,0,0.009,7.0626,-0.9847,1]},
{"frame":6,"values":[0.9812,-0.0027,-0.1928,0,0.0332,0.9873,0.1554,0,0.1899,-0.1589,0.9688,0,0.009,7.0626,-0.9847,1]},
{"frame":7,"values":[0.9821,-0.0033,-0.1882,0,0.0333,0.9872,0.1562,0,0.1853,-0.1597,0.9696,0,0.009,7.0626,-0.9847,1]},
{"frame":8,"values":[0.9823,-0.0038,-0.1874,0,0.0332,0.9875,0.1542,0,0.1845,-0.1577,0.9701,0,0.009,7.0626,-0.9847,1]},
{"frame":9,"values":[0.9787,-0.0003,-0.2051,0,0.0325,0.9876,0.1533,0,0.2025,-0.1567,0.9667,0,0.009,7.0626,-0.9847,1]},
{"frame":10,"values":[0.9669,0.0055,-0.2552,0,0.0334,0.9884,0.1479,0,0.2531,-0.1515,0.9555,0,0.009,7.0626,-0.9847,1]},
{"frame":11,"values":[0.9473,0.0175,-0.3198,0,0.0276,0.9903,0.1362,0,0.3191,-0.1379,0.9377,0,0.009,7.0626,-0.9847,1]},
{"frame":12,"values":[0.9348,0.0257,-0.3541,0,0.022,0.9913,0.13,0,0.3544,-0.1293,0.9261,0,0.009,7.0626,-0.9847,1]},
{"frame":13,"values":[0.9409,0.027,-0.3377,0,0.0171,0.9918,0.127,0,0.3383,-0.1252,0.9327,0,0.009,7.0626,-0.9847,1]},
{"frame":14,"values":[0.9623,0.0202,-0.2712,0,0.0187,0.9899,0.1402,0,0.2713,-0.14,0.9523,0,0.009,7.0626,-0.9847,1]},
{"frame":15,"values":[0.9864,-0.0059,-0.1641,0,0.031,0.988,0.1513,0,0.1612,-0.1544,0.9748,0,0.009,7.0626,-0.9847,1]},
{"frame":16,"values":[0.9974,-0.0186,-0.0698,0,0.0275,0.9913,0.1287,0,0.0668,-0.1303,0.9892,0,0.009,7.0626,-0.9847,1]},
{"frame":17,"values":[0.9981,-0.0198,-0.0582,0,0.0251,0.9955,0.091,0,0.0561,-0.0923,0.9942,0,0.009,7.0626,-0.9847,1]},
{"frame":18,"values":[0.9967,-0.0205,-0.0791,0,0.025,0.9981,0.0569,0,0.0778,-0.0587,0.9952,0,0.009,7.0626,-0.9847,1]},
{"frame":19,"values":[0.9922,-0.0256,-0.1217,0,0.0299,0.999,0.0335,0,0.1208,-0.0369,0.992,0,0.009,7.0626,-0.9847,1]},
{"frame":20,"values":[0.9697,-0.0197,-0.2433,0,0.0237,0.9996,0.0135,0,0.243,-0.0188,0.9699,0,0.009,7.0626,-0.9847,1]},
{"frame":21,"values":[0.9318,-0.0147,-0.3626,0,0.0111,0.9999,-0.012,0,0.3627,0.0072,0.9319,0,0.009,7.0626,-0.9847,1]},
{"frame":22,"values":[0.9242,-0.0142,-0.3817,0,0.0055,0.9997,-0.0239,0,0.3819,0.02,0.924,0,0.009,7.0626,-0.9847,1]},
{"frame":23,"values":[0.9302,0.0052,-0.367,0,-0.0047,1,0.0023,0,0.367,-0.0004,0.9302,0,0.009,7.0626,-0.9847,1]},
{"frame":24,"values":[0.9379,0.0209,-0.3463,0,-0.0146,0.9997,0.021,0,0.3466,-0.0146,0.9379,0,0.009,7.0626,-0.9847,1]},
{"frame":25,"values":[0.948,0.0262,-0.3172,0,-0.0176,0.9994,0.03,0,0.3178,-0.0228,0.9479,0,0.009,7.0626,-0.9847,1]},
{"frame":26,"values":[0.9713,0.0217,-0.2367,0,-0.0098,0.9986,0.0513,0,0.2375,-0.0475,0.9702,0,0.009,7.0626,-0.9847,1]},
{"frame":27,"values":[0.9951,-0.0011,-0.0985,0,0.0055,0.999,0.0447,0,0.0984,-0.0451,0.9941,0,0.009,7.0626,-0.9847,1]},
{"frame":28,"values":[0.9998,-0.0182,-0.0123,0,0.0188,0.9985,0.0513,0,0.0114,-0.0515,0.9986,0,0.009,7.0626,-0.9847,1]},
{"frame":29,"values":[0.9996,-0.0216,-0.0178,0,0.0223,0.9989,0.0408,0,0.0169,-0.0412,0.999,0,0.009,7.0626,-0.9847,1]},
{"frame":30,"values":[0.9979,-0.0288,-0.0577,0,0.0294,0.9995,0.0085,0,0.0575,-0.0102,0.9983,0,0.009,7.0626,-0.9847,1]},
{"frame":31,"values":[0.9902,-0.0464,-0.1315,0,0.0485,0.9987,0.0125,0,0.1308,-0.0187,0.9912,0,0.009,7.0626,-0.9847,1]},
{"frame":32,"values":[0.9626,-0.0361,-0.2685,0,0.0425,0.9989,0.0179,0,0.2676,-0.0286,0.9631,0,0.009,7.0626,-0.9847,1]},
{"frame":33,"values":[0.926,-0.016,-0.3772,0,0.0156,0.9999,-0.0041,0,0.3772,-0.0021,0.9261,0,0.009,7.0626,-0.9847,1]},
{"frame":34,"values":[0.9171,-0.0065,-0.3985,0,0.0081,1,0.0023,0,0.3985,-0.0053,0.9171,0,0.009,7.0626,-0.9847,1]},
{"frame":35,"values":[0.9243,0.0148,-0.3814,0,-0.0073,0.9997,0.0212,0,0.3816,-0.0168,0.9242,0,0.009,7.0626,-0.9847,1]},
{"frame":36,"values":[0.9388,0.0154,-0.344,0,-0.0064,0.9996,0.0275,0,0.3443,-0.0236,0.9385,0,0.009,7.0626,-0.9847,1]},
{"frame":37,"values":[0.9544,0.0011,-0.2986,0,0.0135,0.9988,0.0468,0,0.2983,-0.0487,0.9532,0,0.009,7.0626,-0.9847,1]},
{"frame":38,"values":[0.9662,-0.0027,-0.2579,0,0.0258,0.996,0.0859,0,0.2566,-0.0897,0.9624,0,0.009,7.0626,-0.9847,1]},
{"frame":39,"values":[0.9763,-0.0114,-0.2163,0,0.0409,0.9904,0.1323,0,0.2127,-0.138,0.9673,0,0.009,7.0626,-0.9847,1]},
{"frame":40,"values":[0.9816,-0.0148,-0.1903,0,0.0496,0.9825,0.1797,0,0.1843,-0.1858,0.9651,0,0.009,7.0626,-0.9847,1]},
{"frame":41,"values":[0.9823,-0.0162,-0.1865,0,0.0529,0.9797,0.1935,0,0.1796,-0.1999,0.9632,0,0.009,7.0626,-0.9847,1]},
{"frame":42,"values":[0.9826,-0.0136,-0.1855,0,0.049,0.981,0.1876,0,0.1794,-0.1934,0.9646,0,0.009,7.0626,-0.9847,1]},
{"frame":43,"values":[0.9847,-0.0079,-0.1743,0,0.0394,0.9832,0.178,0,0.1699,-0.1822,0.9685,0,0.009,7.0626,-0.9847,1]},
{"frame":44,"values":[0.9861,-0.0049,-0.166,0,0.0334,0.9849,0.1696,0,0.1627,-0.1728,0.9714,0,0.009,7.0626,-0.9847,1]},
{"frame":45,"values":[0.9871,-0.0016,-0.16,0,0.0288,0.9854,0.168,0,0.1573,-0.1704,0.9727,0,0.009,7.0626,-0.9847,1]},
{"frame":46,"values":[0.987,-0.0072,-0.1607,0,0.0333,0.9865,0.1602,0,0.1574,-0.1635,0.9739,0,0.009,7.0626,-0.9847,1]},
{"frame":47,"values":[0.985,-0.0139,-0.1721,0,0.0414,0.9867,0.157,0,0.1676,-0.1618,0.9725,0,0.009,7.0626,-0.9847,1]},
{"frame":48,"values":[0.9831,-0.0152,-0.1822,0,0.0453,0.9858,0.1619,0,0.1771,-0.1674,0.9698,0,0.009,7.0626,-0.9847,1]},
{"frame":49,"values":[0.9816,-0.0113,-0.1908,0,0.0427,0.986,0.1613,0,0.1864,-0.1665,0.9683,0,0.009,7.0626,-0.9847,1]},
{"frame":50,"values":[0.9805,-0.0073,-0.1963,0,0.0394,0.9863,0.1601,0,0.1924,-0.1647,0.9674,0,0.009,7.0626,-0.9847,1]},
{"frame":51,"values":[0.98,-0.0079,-0.1987,0,0.0397,0.9869,0.1565,0,0.1948,-0.1613,0.9675,0,0.009,7.0626,-0.9847,1]},
{"frame":52,"values":[0.9802,-0.0078,-0.198,0,0.0387,0.9875,0.1527,0,0.1943,-0.1574,0.9682,0,0.009,7.0626,-0.9847,1]},
{"frame":53,"values":[0.9807,-0.0064,-0.1956,0,0.0368,0.9877,0.1521,0,0.1922,-0.1564,0.9688,0,0.009,7.0626,-0.9847,1]},
{"frame":54,"values":[0.9809,-0.007,-0.1946,0,0.0371,0.9877,0.1517,0,0.1912,-0.1561,0.9691,0,0.009,7.0626,-0.9847,1]}],"loopBehavior":1,"name":"anim","property":"_matrix"}},
{"name":"Spine1","index":2,"matrix":[0.9988,-0.0121,-0.0464,0,0.0151,0.9978,0.0643,0,0.0455,-0.0649,0.9969,0,0.0124,8.2397,-1.1488,1],"rest":[1,0,0,0,0,1,0,0,0,0,1,0,0.0124,8.2397,-1.1488,1],"parentBoneIndex":1,"length":9.5079
,"animation":{"dataType":3,"framePerSecond":24,"keys":[
{"frame":1,"values":[0.9988,-0.0121,-0.0464,0,0.0151,0.9978,0.0643,0,0.0455,-0.0649,0.9969,0,0.0124,8.2397,-1.1488,1]},
{"frame":2,"values":[0.9988,-0.0121,-0.0465,0,0.0151,0.9978,0.064,0,0.0457,-0.0646,0.9969,0,0.0124,8.2397,-1.1488,1]},
{"frame":3,"values":[0.9988,-0.012,-0.0466,0,0.0149,0.9979,0.0636,0,0.0458,-0.0642,0.9969,0,0.0124,8.2397,-1.1488,1]},
{"frame":4,"values":[0.9988,-0.0113,-0.0468,0,0.0143,0.9979,0.0628,0,0.046,-0.0634,0.9969,0,0.0124,8.2397,-1.1488,1]},
{"frame":5,"values":[0.9989,-0.0106,-0.0468,0,0.0135,0.998,0.0622,0,0.046,-0.0628,0.997,0,0.0124,8.2397,-1.1488,1]},
{"frame":6,"values":[0.9989,-0.0099,-0.046,0,0.0127,0.998,0.0611,0,0.0453,-0.0616,0.9971,0,0.0124,8.2397,-1.1488,1]},
{"frame":7,"values":[0.9989,-0.0097,-0.0448,0,0.0123,0.9981,0.0598,0,0.0441,-0.0603,0.9972,0,0.0124,8.2397,-1.1488,1]},
{"frame":8,"values":[0.999,-0.0103,-0.0446,0,0.013,0.9982,0.0588,0,0.0439,-0.0593,0.9973,0,0.0124,8.2397,-1.1488,1]},
{"frame":9,"values":[0.9987,-0.0126,-0.0492,0,0.0155,0.9982,0.0585,0,0.0483,-0.0591,0.9971,0,0.0124,8.2397,-1.1488,1]},
{"frame":10,"values":[0.9979,-0.0173,-0.0619,0,0.021,0.998,0.059,0,0.0608,-0.0601,0.9963,0,0.0124,8.2397,-1.1488,1]},
{"frame":11,"values":[0.9966,-0.0227,-0.0787,0,0.0276,0.9977,0.0627,0,0.0771,-0.0646,0.9949,0,0.0124,8.2397,-1.1488,1]},
{"frame":12,"values":[0.9959,-0.0237,-0.0877,0,0.0293,0.9976,0.0623,0,0.086,-0.0647,0.9942,0,0.0124,8.2397,-1.1488,1]},
{"frame":13,"values":[0.9964,-0.016,-0.0831,0,0.0207,0.9983,0.0554,0,0.0821,-0.0569,0.995,0,0.0124,8.2397,-1.1488,1]},
{"frame":14,"values":[0.9979,0.0022,-0.0653,0,0.0007,0.999,0.0446,0,0.0653,-0.0445,0.9969,0,0.0124,8.2397,-1.1488,1]},
{"frame":15,"values":[0.999,0.0258,-0.0369,0,-0.0242,0.9987,0.0442,0,0.038,-0.0433,0.9983,0,0.0124,8.2397,-1.1488,1]},
{"frame":16,"values":[0.9994,0.0305,-0.0139,0,-0.0299,0.9986,0.0428,0,0.0152,-0.0424,0.999,0,0.0124,8.2397,-1.1488,1]},
{"frame":17,"values":[0.9995,0.0308,-0.0116,0,-0.0304,0.9989,0.035,0,0.0126,-0.0346,0.9993,0,0.0124,8.2397,-1.1488,1]},
{"frame":18,"values":[0.9994,0.0287,-0.0171,0,-0.0282,0.9992,0.0268,0,0.0178,-0.0263,0.9995,0,0.0124,8.2397,-1.1488,1]},
{"frame":19,"values":[0.9996,0.0085,-0.0279,0,-0.0078,0.9996,0.0259,0,0.0281,-0.0257,0.9993,0,0.0124,8.2397,-1.1488,1]},
{"frame":20,"values":[0.9975,-0.041,-0.0584,0,0.0431,0.9985,0.0349,0,0.0569,-0.0373,0.9977,0,0.0124,8.2397,-1.1488,1]},
{"frame":21,"values":[0.9928,-0.0809,-0.0885,0,0.0855,0.9951,0.0497,0,0.084,-0.0569,0.9948,0,0.0124,8.2397,-1.1488,1]},
{"frame":22,"values":[0.9927,-0.077,-0.0931,0,0.082,0.9953,0.0521,0,0.0887,-0.0594,0.9943,0,0.0124,8.2397,-1.1488,1]},
{"frame":23,"values":[0.9942,-0.0597,-0.0898,0,0.064,0.9969,0.046,0,0.0868,-0.0515,0.9949,0,0.0124,8.2397,-1.1488,1]},
{"frame":24,"values":[0.9955,-0.0423,-0.0846,0,0.0462,0.998,0.0442,0,0.0826,-0.0479,0.9954,0,0.0124,8.2397,-1.1488,1]},
{"frame":25,"values":[0.9968,-0.0212,-0.077,0,0.0245,0.9988,0.0433,0,0.076,-0.045,0.9961,0,0.0124,8.2397,-1.1488,1]},
{"frame":26,"values":[0.9984,0.0102,-0.0562,0,-0.0079,0.9991,0.0412,0,0.0565,-0.0407,0.9976,0,0.0124,8.2397,-1.1488,1]},
{"frame":27,"values":[0.9989,0.041,-0.0212,0,-0.0399,0.9978,0.0527,0,0.0233,-0.0518,0.9984,0,0.0124,8.2397,-1.1488,1]},
{"frame":28,"values":[0.9991,0.0426,-0.0004,0,-0.0425,0.998,0.0463,0,0.0023,-0.0462,0.9989,0,0.0124,8.2397,-1.1488,1]},
{"frame":29,"values":[0.9994,0.0344,-0.0024,0,-0.0343,0.9988,0.0351,0,0.0036,-0.035,0.9994,0,0.0124,8.2397,-1.1488,1]},
{"frame":30,"values":[0.9996,0.0243,-0.0126,0,-0.024,0.9993,0.0291,0,0.0133,-0.0288,0.9995,0,0.0124,8.2397,-1.1488,1]},
{"frame":31,"values":[0.9995,-0.0074,-0.0306,0,0.0082,0.9996,0.0273,0,0.0304,-0.0275,0.9992,0,0.0124,8.2397,-1.1488,1]},
{"frame":32,"values":[0.9959,-0.0623,-0.0651,0,0.065,0.997,0.0409,0,0.0624,-0.045,0.997,0,0.0124,8.2397,-1.1488,1]},
{"frame":33,"values":[0.9925,-0.0791,-0.0928,0,0.0851,0.9945,0.0618,0,0.0874,-0.0692,0.9938,0,0.0124,8.2397,-1.1488,1]},
{"frame":34,"values":[0.993,-0.0658,-0.0982,0,0.0723,0.9953,0.0646,0,0.0935,-0.0712,0.9931,0,0.0124,8.2397,-1.1488,1]},
{"frame":35,"values":[0.9942,-0.0525,-0.094,0,0.058,0.9967,0.0566,0,0.0907,-0.0617,0.994,0,0.0124,8.2397,-1.1488,1]},
{"frame":36,"values":[0.9957,-0.0393,-0.0843,0,0.0441,0.9975,0.0557,0,0.0819,-0.0592,0.9949,0,0.0124,8.2397,-1.1488,1]},
{"frame":37,"values":[0.9971,-0.0225,-0.0723,0,0.0268,0.9979,0.0586,0,0.0708,-0.0604,0.9957,0,0.0124,8.2397,-1.1488,1]},
{"frame":38,"values":[0.9981,-0.0091,-0.0616,0,0.0127,0.9982,0.0583,0,0.0609,-0.059,0.9964,0,0.0124,8.2397,-1.1488,1]},
{"frame":39,"values":[0.9987,-0.0001,-0.0505,0,0.0033,0.998,0.063,0,0.0503,-0.063,0.9967,0,0.0124,8.2397,-1.1488,1]},
{"frame":40,"values":[0.999,0.0029,-0.0436,0,0.0001,0.9976,0.0686,0,0.0437,-0.0685,0.9967,0,0.0124,8.2397,-1.1488,1]},
{"frame":41,"values":[0.9991,-0.0028,-0.0431,0,0.0058,0.9975,0.0699,0,0.0428,-0.0701,0.9966,0,0.0124,8.2397,-1.1488,1]},
{"frame":42,"values":[0.999,-0.0082,-0.0436,0,0.0113,0.9974,0.0706,0,0.0429,-0.071,0.9966,0,0.0124,8.2397,-1.1488,1]},
{"frame":43,"values":[0.9991,-0.0126,-0.0417,0,0.0154,0.9975,0.069,0,0.0407,-0.0696,0.9967,0,0.0124,8.2397,-1.1488,1]},
{"frame":44,"values":[0.9991,-0.0163,-0.0401,0,0.0189,0.9976,0.0659,0,0.039,-0.0666,0.997,0,0.0124,8.2397,-1.1488,1]},
{"frame":45,"values":[0.9991,-0.0179,-0.0389,0,0.0204,0.9977,0.0647,0,0.0377,-0.0655,0.9971,0,0.0124,8.2397,-1.1488,1]},
{"frame":46,"values":[0.9991,-0.017,-0.0388,0,0.0195,0.9977,0.0644,0,0.0376,-0.0651,0.9972,0,0.0124,8.2397,-1.1488,1]},
{"frame":47,"values":[0.9991,-0.014,-0.041,0,0.0166,0.9978,0.0646,0,0.04,-0.0652,0.9971,0,0.0124,8.2397,-1.1488,1]},
{"frame":48,"values":[0.999,-0.0113,-0.0431,0,0.0141,0.9976,0.0671,0,0.0422,-0.0676,0.9968,0,0.0124,8.2397,-1.1488,1]},
{"frame":49,"values":[0.9989,-0.0108,-0.0453,0,0.0139,0.9975,0.0689,0,0.0444,-0.0695,0.9966,0,0.0124,8.2397,-1.1488,1]},
{"frame":50,"values":[0.9988,-0.0111,-0.0467,0,0.0143,0.9976,0.0683,0,0.0459,-0.0689,0.9966,0,0.0124,8.2397,-1.1488,1]},
{"frame":51,"values":[0.9988,-0.0115,-0.0473,0,0.0146,0.9976,0.0672,0,0.0464,-0.0678,0.9966,0,0.0124,8.2397,-1.1488,1]},
{"frame":52,"values":[0.9988,-0.0125,-0.0472,0,0.0156,0.9977,0.0659,0,0.0463,-0.0665,0.9967,0,0.0124,8.2397,-1.1488,1]},
{"frame":53,"values":[0.9988,-0.0128,-0.0467,0,0.0158,0.9978,0.0646,0,0.0458,-0.0652,0.9968,0,0.0124,8.2397,-1.1488,1]},
{"frame":54,"values":[0.9988,-0.0121,-0.0464,0,0.0151,0.9978,0.0643,0,0.0455,-0.0649,0.9969,0,0.0124,8.2397,-1.1488,1]}],"loopBehavior":1,"name":"anim","property":"_matrix"}},
{"name":"Spine2","index":3,"matrix":[0.9989,-0.0112,-0.0464,0,0.0142,0.9978,0.0645,0,0.0456,-0.0651,0.9968,0,0.0142,9.4168,-1.313,1],"rest":[1,0,0,0,0,1,0,0,0,0,1,0,0.0142,9.4168,-1.313,1],"parentBoneIndex":2,"length":9.9132
,"animation":{"dataType":3,"framePerSecond":24,"keys":[
{"frame":1,"values":[0.9989,-0.0112,-0.0464,0,0.0142,0.9978,0.0645,0,0.0456,-0.0651,0.9968,0,0.0142,9.4168,-1.313,1]},
{"frame":2,"values":[0.9989,-0.0112,-0.0465,0,0.0142,0.9978,0.0642,0,0.0457,-0.0648,0.9969,0,0.0142,9.4168,-1.313,1]},
{"frame":3,"values":[0.9989,-0.0111,-0.0466,0,0.0141,0.9979,0.0638,0,0.0458,-0.0644,0.9969,0,0.0142,9.4168,-1.313,1]},
{"frame":4,"values":[0.9988,-0.0105,-0.0468,0,0.0134,0.9979,0.063,0,0.0461,-0.0636,0.9969,0,0.0142,9.4168,-1.313,1]},
{"frame":5,"values":[0.9989,-0.0097,-0.0468,0,0.0127,0.998,0.0624,0,0.0461,-0.0629,0.997,0,0.0142,9.4168,-1.313,1]},
{"frame":6,"values":[0.9989,-0.0091,-0.046,0,0.0119,0.998,0.0613,0,0.0453,-0.0618,0.9971,0,0.0142,9.4168,-1.313,1]},
{"frame":7,"values":[0.999,-0.009,-0.0448,0,0.0116,0.9981,0.06,0,0.0442,-0.0605,0.9972,0,0.0142,9.4168,-1.313,1]},
{"frame":8,"values":[0.999,-0.0097,-0.0446,0,0.0123,0.9982,0.059,0,0.0439,-0.0595,0.9973,0,0.0142,9.4168,-1.313,1]},
{"frame":9,"values":[0.9987,-0.0118,-0.0491,0,0.0147,0.9982,0.0588,0,0.0483,-0.0594,0.9971,0,0.0142,9.4168,-1.313,1]},
{"frame":10,"values":[0.998,-0.0162,-0.0617,0,0.0199,0.998,0.0596,0,0.0606,-0.0607,0.9963,0,0.0142,9.4168,-1.313,1]},
{"frame":11,"values":[0.9967,-0.0208,-0.0784,0,0.0259,0.9976,0.0639,0,0.0769,-0.0657,0.9949,0,0.0142,9.4168,-1.313,1]},
{"frame":12,"values":[0.9959,-0.0215,-0.0874,0,0.0272,0.9976,0.0639,0,0.0858,-0.066,0.9941,0,0.0142,9.4168,-1.313,1]},
{"frame":13,"values":[0.9965,-0.0144,-0.0829,0,0.0191,0.9982,0.0564,0,0.0819,-0.0578,0.995,0,0.0142,9.4168,-1.313,1]},
{"frame":14,"values":[0.9979,0.0027,-0.0654,0,0.0003,0.999,0.0445,0,0.0654,-0.0444,0.9969,0,0.0142,9.4168,-1.313,1]},
{"frame":15,"values":[0.999,0.0259,-0.0376,0,-0.0243,0.9988,0.0434,0,0.0386,-0.0424,0.9984,0,0.0142,9.4168,-1.313,1]},
{"frame":16,"values":[0.9994,0.0306,-0.0146,0,-0.03,0.9986,0.0424,0,0.0158,-0.042,0.999,0,0.0142,9.4168,-1.313,1]},
{"frame":17,"values":[0.9994,0.0309,-0.0121,0,-0.0305,0.9989,0.0347,0,0.0131,-0.0343,0.9993,0,0.0142,9.4168,-1.313,1]},
{"frame":18,"values":[0.9994,0.0288,-0.0174,0,-0.0283,0.9993,0.0264,0,0.0182,-0.0259,0.9995,0,0.0142,9.4168,-1.313,1]},
{"frame":19,"values":[0.9996,0.0088,-0.0281,0,-0.0081,0.9996,0.0256,0,0.0283,-0.0254,0.9993,0,0.0142,9.4168,-1.313,1]},
{"frame":20,"values":[0.9975,-0.0395,-0.0586,0,0.0416,0.9985,0.0364,0,0.057,-0.0387,0.9976,0,0.0142,9.4168,-1.313,1]},
{"frame":21,"values":[0.993,-0.0766,-0.0894,0,0.0817,0.9952,0.0544,0,0.0848,-0.0613,0.9945,0,0.0142,9.4168,-1.313,1]},
{"frame":22,"values":[0.993,-0.072,-0.0941,0,0.0776,0.9954,0.0569,0,0.0896,-0.0638,0.9939,0,0.0142,9.4168,-1.313,1]},
{"frame":23,"values":[0.9944,-0.0559,-0.0902,0,0.0606,0.9969,0.0498,0,0.0871,-0.055,0.9947,0,0.0142,9.4168,-1.313,1]},
{"frame":24,"values":[0.9956,-0.0393,-0.0847,0,0.0434,0.9979,0.047,0,0.0826,-0.0505,0.9953,0,0.0142,9.4168,-1.313,1]},
{"frame":25,"values":[0.9969,-0.0188,-0.0769,0,0.0223,0.9987,0.0448,0,0.0759,-0.0463,0.996,0,0.0142,9.4168,-1.313,1]},
{"frame":26,"values":[0.9984,0.0113,-0.0562,0,-0.0091,0.9991,0.041,0,0.0566,-0.0404,0.9976,0,0.0142,9.4168,-1.313,1]},
{"frame":27,"values":[0.9989,0.0417,-0.0215,0,-0.0405,0.9978,0.0521,0,0.0236,-0.0512,0.9984,0,0.0142,9.4168,-1.313,1]},
{"frame":28,"values":[0.9991,0.0427,-0.0008,0,-0.0426,0.998,0.0463,0,0.0028,-0.0462,0.9989,0,0.0142,9.4168,-1.313,1]},
{"frame":29,"values":[0.9994,0.0344,-0.0028,0,-0.0343,0.9988,0.0351,0,0.004,-0.0349,0.9994,0,0.0142,9.4168,-1.313,1]},
{"frame":30,"values":[0.9996,0.0246,-0.0128,0,-0.0242,0.9993,0.0288,0,0.0135,-0.0284,0.9995,0,0.0142,9.4168,-1.313,1]},
{"frame":31,"values":[0.9995,-0.0069,-0.0308,0,0.0077,0.9996,0.0272,0,0.0306,-0.0274,0.9992,0,0.0142,9.4168,-1.313,1]},
{"frame":32,"values":[0.996,-0.0602,-0.0654,0,0.0631,0.9971,0.0433,0,0.0627,-0.0472,0.9969,0,0.0142,9.4168,-1.313,1]},
{"frame":33,"values":[0.9929,-0.0739,-0.0937,0,0.0803,0.9945,0.0665,0,0.0882,-0.0736,0.9934,0,0.0142,9.4168,-1.313,1]},
{"frame":34,"values":[0.9933,-0.0603,-0.0988,0,0.0673,0.9954,0.0689,0,0.0942,-0.075,0.9927,0,0.0142,9.4168,-1.313,1]},
{"frame":35,"values":[0.9944,-0.0482,-0.0942,0,0.054,0.9967,0.0602,0,0.091,-0.0649,0.9937,0,0.0142,9.4168,-1.313,1]},
{"frame":36,"values":[0.9958,-0.0359,-0.0844,0,0.0408,0.9975,0.0582,0,0.0821,-0.0614,0.9947,0,0.0142,9.4168,-1.313,1]},
{"frame":37,"values":[0.9972,-0.0199,-0.0723,0,0.0242,0.9979,0.0596,0,0.071,-0.0612,0.9956,0,0.0142,9.4168,-1.313,1]},
{"frame":38,"values":[0.9981,-0.0074,-0.0617,0,0.0111,0.9982,0.0585,0,0.0611,-0.0591,0.9964,0,0.0142,9.4168,-1.313,1]},
{"frame":39,"values":[0.9987,0.0009,-0.0508,0,0.0023,0.998,0.0627,0,0.0507,-0.0627,0.9967,0,0.0142,9.4168,-1.313,1]},
{"frame":40,"values":[0.999,0.0036,-0.044,0,-0.0006,0.9977,0.0683,0,0.0441,-0.0682,0.9967,0,0.0142,9.4168,-1.313,1]},
{"frame":41,"values":[0.9991,-0.0021,-0.0434,0,0.0051,0.9975,0.0698,0,0.0432,-0.0699,0.9966,0,0.0142,9.4168,-1.313,1]},
{"frame":42,"values":[0.999,-0.0074,-0.0438,0,0.0105,0.9974,0.0706,0,0.0431,-0.071,0.9965,0,0.0142,9.4168,-1.313,1]},
{"frame":43,"values":[0.9991,-0.0118,-0.0416,0,0.0147,0.9975,0.0692,0,0.0407,-0.0698,0.9967,0,0.0142,9.4168,-1.313,1]},
{"frame":44,"values":[0.9991,-0.0156,-0.04,0,0.0182,0.9976,0.0663,0,0.0388,-0.0669,0.997,0,0.0142,9.4168,-1.313,1]},
{"frame":45,"values":[0.9991,-0.0172,-0.0387,0,0.0197,0.9977,0.0651,0,0.0375,-0.0658,0.9971,0,0.0142,9.4168,-1.313,1]},
{"frame":46,"values":[0.9991,-0.0163,-0.0386,0,0.0188,0.9977,0.0648,0,0.0375,-0.0654,0.9972,0,0.0142,9.4168,-1.313,1]},
{"frame":47,"values":[0.9991,-0.0132,-0.0409,0,0.0158,0.9978,0.0648,0,0.04,-0.0654,0.9971,0,0.0142,9.4168,-1.313,1]},
{"frame":48,"values":[0.999,-0.0104,-0.0432,0,0.0133,0.9977,0.0672,0,0.0424,-0.0677,0.9968,0,0.0142,9.4168,-1.313,1]},
{"frame":49,"values":[0.9989,-0.0099,-0.0453,0,0.013,0.9975,0.0691,0,0.0445,-0.0696,0.9966,0,0.0142,9.4168,-1.313,1]},
{"frame":50,"values":[0.9989,-0.0101,-0.0468,0,0.0133,0.9976,0.0685,0,0.046,-0.069,0.9966,0,0.0142,9.4168,-1.313,1]},
{"frame":51,"values":[0.9988,-0.0105,-0.0474,0,0.0137,0.9976,0.0674,0,0.0465,-0.068,0.9966,0,0.0142,9.4168,-1.313,1]},
{"frame":52,"values":[0.9988,-0.0115,-0.0472,0,0.0146,0.9977,0.0661,0,0.0464,-0.0667,0.9967,0,0.0142,9.4168,-1.313,1]},
{"frame":53,"values":[0.9988,-0.0119,-0.0467,0,0.0149,0.9978,0.0648,0,0.0458,-0.0655,0.9968,0,0.0142,9.4168,-1.313,1]},
{"frame":54,"values":[0.9989,-0.0112,-0.0464,0,0.0142,0.9978,0.0645,0,0.0456,-0.0651,0.9968,0,0.0142,9.4168,-1.313,1]}],"loopBehavior":1,"name":"anim","property":"_matrix"}},
{"name":"Neck","index":4,"matrix":[0.9988,-0.0222,-0.0447,0,0.0277,0.9916,0.1263,0,0.0415,-0.1273,0.991,0,0.016,10.5938,-1.4771,1],"rest":[1,0,0,0,0,1,0,0,0,0,1,0,0.016,10.5938,-1.4771,1],"parentBoneIndex":3,"length":5.1073
,"animation":{"dataType":3,"framePerSecond":24,"keys":[
{"frame":1,"values":[0.9988,-0.0222,-0.0447,0,0.0277,0.9916,0.1263,0,0.0415,-0.1273,0.991,0,0.016,10.5938,-1.4771,1]},
{"frame":2,"values":[0.9987,-0.0235,-0.0452,0,0.0291,0.9914,0.1274,0,0.0418,-0.1286,0.9908,0,0.016,10.5938,-1.4771,1]},
{"frame":3,"values":[0.9987,-0.0218,-0.046,0,0.0274,0.9919,0.1241,0,0.0429,-0.1252,0.9912,0,0.016,10.5938,-1.4771,1]},
{"frame":4,"values":[0.9987,-0.0231,-0.0462,0,0.0286,0.9922,0.1215,0,0.043,-0.1227,0.9915,0,0.016,10.5938,-1.4771,1]},
{"frame":5,"values":[0.9986,-0.0242,-0.0461,0,0.0295,0.9924,0.1197,0,0.0429,-0.1209,0.9917,0,0.016,10.5938,-1.4771,1]},
{"frame":6,"values":[0.9987,-0.022,-0.0456,0,0.0273,0.9926,0.1179,0,0.0426,-0.119,0.992,0,0.016,10.5938,-1.4771,1]},
{"frame":7,"values":[0.9987,-0.0244,-0.0439,0,0.0293,0.9929,0.1152,0,0.0408,-0.1163,0.9924,0,0.016,10.5938,-1.4771,1]},
{"frame":8,"values":[0.9987,-0.0277,-0.0418,0,0.0322,0.9934,0.1103,0,0.0384,-0.1115,0.993,0,0.016,10.5938,-1.4771,1]},
{"frame":9,"values":[0.9987,-0.0356,-0.0365,0,0.0393,0.9934,0.1078,0,0.0324,-0.1091,0.9935,0,0.016,10.5938,-1.4771,1]},
{"frame":10,"values":[0.9985,-0.0462,-0.0306,0,0.0492,0.9931,0.1062,0,0.0255,-0.1075,0.9939,0,0.016,10.5938,-1.4771,1]},
{"frame":11,"values":[0.9981,-0.0545,-0.0272,0,0.0568,0.9939,0.0947,0,0.0219,-0.0961,0.9951,0,0.016,10.5938,-1.4771,1]},
{"frame":12,"values":[0.9981,-0.0542,-0.0295,0,0.0564,0.9951,0.0814,0,0.0249,-0.0829,0.9962,0,0.016,10.5938,-1.4771,1]},
{"frame":13,"values":[0.9971,-0.0588,-0.0479,0,0.0622,0.9953,0.0738,0,0.0433,-0.0766,0.9961,0,0.016,10.5938,-1.4771,1]},
{"frame":14,"values":[0.9944,-0.0695,-0.0797,0,0.074,0.9957,0.0554,0,0.0755,-0.061,0.9953,0,0.016,10.5938,-1.4771,1]},
{"frame":15,"values":[0.9927,-0.0637,-0.1025,0,0.0671,0.9973,0.0301,0,0.1004,-0.0367,0.9943,0,0.016,10.5938,-1.4771,1]},
{"frame":16,"values":[0.9925,-0.0471,-0.1125,0,0.0502,0.9984,0.025,0,0.1112,-0.0305,0.9933,0,0.016,10.5938,-1.4771,1]},
{"frame":17,"values":[0.9931,-0.0567,-0.1026,0,0.0607,0.9975,0.0366,0,0.1003,-0.0426,0.994,0,0.016,10.5938,-1.4771,1]},
{"frame":18,"values":[0.9954,-0.0536,-0.0797,0,0.0573,0.9973,0.0449,0,0.0771,-0.0493,0.9958,0,0.016,10.5938,-1.4771,1]},
{"frame":19,"values":[0.9985,-0.0303,-0.0463,0,0.032,0.9988,0.0361,0,0.0452,-0.0376,0.9983,0,0.016,10.5938,-1.4771,1]},
{"frame":20,"values":[1,-0.008,-0.0002,0,0.008,0.9998,0.0171,0,0,-0.0171,0.9999,0,0.016,10.5938,-1.4771,1]},
{"frame":21,"values":[0.9994,0.0068,0.0332,0,-0.0071,0.9999,0.0088,0,-0.0331,-0.009,0.9994,0,0.016,10.5938,-1.4771,1]},
{"frame":22,"values":[0.9993,0.012,0.0366,0,-0.013,0.9996,0.0258,0,-0.0363,-0.0263,0.999,0,0.016,10.5938,-1.4771,1]},
{"frame":23,"values":[0.9994,0.0161,0.0306,0,-0.0176,0.9987,0.048,0,-0.0298,-0.0485,0.9984,0,0.016,10.5938,-1.4771,1]},
{"frame":24,"values":[0.9998,0.0038,0.0191,0,-0.0049,0.9983,0.0588,0,-0.0189,-0.0588,0.9981,0,0.016,10.5938,-1.4771,1]},
{"frame":25,"values":[0.9994,-0.0331,-0.0076,0,0.0335,0.9977,0.0595,0,0.0056,-0.0597,0.9982,0,0.016,10.5938,-1.4771,1]},
{"frame":26,"values":[0.9967,-0.0656,-0.0468,0,0.0675,0.9969,0.0404,0,0.044,-0.0434,0.9981,0,0.016,10.5938,-1.4771,1]},
{"frame":27,"values":[0.9934,-0.0815,-0.081,0,0.0832,0.9964,0.0184,0,0.0792,-0.025,0.9965,0,0.016,10.5938,-1.4771,1]},
{"frame":28,"values":[0.9933,-0.0744,-0.0886,0,0.0761,0.997,0.0165,0,0.0871,-0.0232,0.9959,0,0.016,10.5938,-1.4771,1]},
{"frame":29,"values":[0.9947,-0.0665,-0.0789,0,0.0692,0.9971,0.033,0,0.0764,-0.0383,0.9963,0,0.016,10.5938,-1.4771,1]},
{"frame":30,"values":[0.9971,-0.0499,-0.0579,0,0.0525,0.9977,0.0431,0,0.0557,-0.046,0.9974,0,0.016,10.5938,-1.4771,1]},
{"frame":31,"values":[0.9997,-0.0146,-0.0181,0,0.015,0.9997,0.0213,0,0.0178,-0.0216,0.9996,0,0.016,10.5938,-1.4771,1]},
{"frame":32,"values":[0.9992,0.0255,0.031,0,-0.0254,0.9997,-0.0017,0,-0.031,0.0009,0.9995,0,0.016,10.5938,-1.4771,1]},
{"frame":33,"values":[0.9978,0.0393,0.0537,0,-0.0395,0.9992,0.0038,0,-0.0535,-0.0059,0.9986,0,0.016,10.5938,-1.4771,1]},
{"frame":34,"values":[0.9966,0.0587,0.0569,0,-0.0609,0.9975,0.0364,0,-0.0547,-0.0397,0.9977,0,0.016,10.5938,-1.4771,1]},
{"frame":35,"values":[0.9965,0.0624,0.0548,0,-0.0659,0.9957,0.0654,0,-0.0505,-0.0688,0.9964,0,0.016,10.5938,-1.4771,1]},
{"frame":36,"values":[0.9985,0.0375,0.0393,0,-0.04,0.997,0.0657,0,-0.0367,-0.0672,0.9971,0,0.016,10.5938,-1.4771,1]},
{"frame":37,"values":[0.9997,0.0091,0.0214,0,-0.0105,0.9977,0.0675,0,-0.0207,-0.0677,0.9975,0,0.016,10.5938,-1.4771,1]},
{"frame":38,"values":[0.9999,-0.0156,0.0066,0,0.015,0.9965,0.0816,0,-0.0078,-0.0815,0.9966,0,0.016,10.5938,-1.4771,1]},
{"frame":39,"values":[0.9996,-0.0282,-0.0055,0,0.0286,0.9943,0.1027,0,0.0026,-0.1029,0.9947,0,0.016,10.5938,-1.4771,1]},
{"frame":40,"values":[0.9994,-0.0316,-0.0163,0,0.0334,0.9918,0.1232,0,0.0123,-0.1237,0.9922,0,0.016,10.5938,-1.4771,1]},
{"frame":41,"values":[0.9993,-0.0294,-0.024,0,0.0324,0.9904,0.1347,0,0.0198,-0.1354,0.9906,0,0.016,10.5938,-1.4771,1]},
{"frame":42,"values":[0.9993,-0.0222,-0.0287,0,0.026,0.9897,0.1407,0,0.0253,-0.1414,0.9896,0,0.016,10.5938,-1.4771,1]},
{"frame":43,"values":[0.9995,-0.01,-0.0312,0,0.0143,0.9898,0.1416,0,0.0295,-0.142,0.9894,0,0.016,10.5938,-1.4771,1]},
{"frame":44,"values":[0.9995,0,-0.0324,0,0.0043,0.991,0.1334,0,0.0321,-0.1335,0.9905,0,0.016,10.5938,-1.4771,1]},
{"frame":45,"values":[0.9994,0.0001,-0.0347,0,0.0043,0.9921,0.1253,0,0.0345,-0.1254,0.9915,0,0.016,10.5938,-1.4771,1]},
{"frame":46,"values":[0.9993,-0.0042,-0.0384,0,0.009,0.992,0.1257,0,0.0376,-0.126,0.9913,0,0.016,10.5938,-1.4771,1]},
{"frame":47,"values":[0.999,-0.0129,-0.0421,0,0.0181,0.9918,0.1264,0,0.0401,-0.127,0.9911,0,0.016,10.5938,-1.4771,1]},
{"frame":48,"values":[0.9988,-0.0202,-0.0445,0,0.0256,0.9919,0.1242,0,0.0416,-0.1251,0.9913,0,0.016,10.5938,-1.4771,1]},
{"frame":49,"values":[0.9988,-0.0214,-0.0449,0,0.027,0.9915,0.1271,0,0.0418,-0.1282,0.9909,0,0.016,10.5938,-1.4771,1]},
{"frame":50,"values":[0.9988,-0.0198,-0.0443,0,0.0254,0.9911,0.1306,0,0.0413,-0.1316,0.9904,0,0.016,10.5938,-1.4771,1]},
{"frame":51,"values":[0.9989,-0.0186,-0.0439,0,0.0242,0.9912,0.1303,0,0.0411,-0.1312,0.9905,0,0.016,10.5938,-1.4771,1]},
{"frame":52,"values":[0.9988,-0.0199,-0.0439,0,0.0254,0.9914,0.1285,0,0.041,-0.1294,0.9907,0,0.016,10.5938,-1.4771,1]},
{"frame":53,"values":[0.9988,-0.0213,-0.0441,0,0.0268,0.9915,0.1274,0,0.041,-0.1285,0.9909,0,0.016,10.5938,-1.4771,1]},
{"frame":54,"values":[0.9988,-0.0222,-0.0447,0,0.0277,0.9916,0.1263,0,0.0415,-0.1273,0.991,0,0.016,10.5938,-1.4771,1]}],"loopBehavior":1,"name":"anim","property":"_matrix"}},
{"name":"Head","index":5,"matrix":[0.9723,-0.0861,-0.2172,0,0.0908,0.9958,0.0114,0,0.2153,-0.0308,0.9761,0,0,5.0564,0.7196,1],"rest":[1,0,0,0,0,1,0,0,0,0,1,0,0,5.0564,0.7196,1],"parentBoneIndex":4,"length":15.2963
,"animation":{"dataType":3,"framePerSecond":24,"keys":[
{"frame":1,"values":[0.9723,-0.0861,-0.2172,0,0.0908,0.9958,0.0114,0,0.2153,-0.0308,0.9761,0,0,5.0564,0.7196,1]},
{"frame":2,"values":[0.9722,-0.0862,-0.2175,0,0.0898,0.9959,0.0065,0,0.2161,-0.0259,0.976,0,0,5.0564,0.7196,1]},
{"frame":3,"values":[0.9704,-0.0887,-0.2245,0,0.0919,0.9958,0.0042,0,0.2231,-0.0247,0.9745,0,0,5.0564,0.7196,1]},
{"frame":4,"values":[0.9695,-0.0905,-0.228,0,0.0936,0.9956,0.0027,0,0.2267,-0.024,0.9737,0,0,5.0564,0.7196,1]},
{"frame":5,"values":[0.9695,-0.0893,-0.2284,0,0.0919,0.9958,0.0008,0,0.2273,-0.0218,0.9736,0,0,5.0564,0.7196,1]},
{"frame":6,"values":[0.9731,-0.0756,-0.2176,0,0.0762,0.9971,-0.0057,0,0.2174,-0.011,0.976,0,0,5.0564,0.7196,1]},
{"frame":7,"values":[0.9784,-0.0576,-0.1984,0,0.0556,0.9983,-0.0154,0,0.199,0.004,0.98,0,0,5.0564,0.7196,1]},
{"frame":8,"values":[0.9836,-0.0386,-0.1761,0,0.0368,0.9992,-0.0135,0,0.1764,0.0068,0.9843,0,0,5.0564,0.7196,1]},
{"frame":9,"values":[0.9915,-0.015,-0.1292,0,0.0132,0.9998,-0.0146,0,0.1294,0.0128,0.9915,0,0,5.0564,0.7196,1]},
{"frame":10,"values":[0.9971,0.0047,-0.0763,0,-0.0053,1,-0.008,0,0.0763,0.0084,0.9971,0,0,5.0564,0.7196,1]},
{"frame":11,"values":[0.9986,-0.0099,-0.052,0,0.0097,0.9999,-0.0035,0,0.052,0.003,0.9986,0,0,5.0564,0.7196,1]},
{"frame":12,"values":[0.9939,-0.0708,-0.0845,0,0.069,0.9973,-0.024,0,0.0859,0.0181,0.9961,0,0,5.0564,0.7196,1]},
{"frame":13,"values":[0.9693,-0.1529,-0.1925,0,0.1488,0.9882,-0.0356,0,0.1957,0.0059,0.9807,0,0,5.0564,0.7196,1]},
{"frame":14,"values":[0.9067,-0.234,-0.351,0,0.2327,0.9714,-0.0464,0,0.3518,-0.0397,0.9352,0,0,5.0564,0.7196,1]},
{"frame":15,"values":[0.8555,-0.2375,-0.4601,0,0.2329,0.9701,-0.0676,0,0.4624,-0.0493,0.8853,0,0,5.0564,0.7196,1]},
{"frame":16,"values":[0.8346,-0.1845,-0.519,0,0.2211,0.9752,0.0088,0,0.5045,-0.1221,0.8547,0,0,5.0564,0.7196,1]},
{"frame":17,"values":[0.8803,-0.1305,-0.4561,0,0.1978,0.9748,0.1029,0,0.4312,-0.1808,0.884,0,0,5.0564,0.7196,1]},
{"frame":18,"values":[0.9433,-0.0518,-0.3279,0,0.0974,0.9875,0.1243,0,0.3173,-0.1492,0.9365,0,0,5.0564,0.7196,1]},
{"frame":19,"values":[0.9845,0.0489,-0.1684,0,-0.0308,0.9936,0.1083,0,0.1726,-0.1014,0.9798,0,0,5.0564,0.7196,1]},
{"frame":20,"values":[0.9868,0.1531,0.0527,0,-0.156,0.9861,0.0574,0,-0.0432,-0.0648,0.997,0,0,5.0564,0.7196,1]},
{"frame":21,"values":[0.9557,0.2066,0.2096,0,-0.2234,0.9729,0.0597,0,-0.1916,-0.1039,0.976,0,0,5.0564,0.7196,1]},
{"frame":22,"values":[0.9558,0.1882,0.2259,0,-0.2226,0.9651,0.1378,0,-0.1921,-0.182,0.9643,0,0,5.0564,0.7196,1]},
{"frame":23,"values":[0.9731,0.1433,0.1804,0,-0.1743,0.9699,0.1699,0,-0.1507,-0.1967,0.9688,0,0,5.0564,0.7196,1]},
{"frame":24,"values":[0.9849,0.1103,0.1337,0,-0.1344,0.9731,0.187,0,-0.1095,-0.2022,0.9732,0,0,5.0564,0.7196,1]},
{"frame":25,"values":[0.9974,0.0578,0.044,0,-0.0659,0.9748,0.2133,0,-0.0306,-0.2156,0.976,0,0,5.0564,0.7196,1]},
{"frame":26,"values":[0.9861,-0.0686,-0.1512,0,0.099,0.974,0.2038,0,0.1333,-0.2159,0.9673,0,0,5.0564,0.7196,1]},
{"frame":27,"values":[0.9436,-0.1104,-0.3122,0,0.1675,0.9724,0.1626,0,0.2856,-0.2057,0.936,0,0,5.0564,0.7196,1]},
{"frame":28,"values":[0.9311,-0.0912,-0.3533,0,0.168,0.9666,0.1935,0,0.3238,-0.2395,0.9153,0,0,5.0564,0.7196,1]},
{"frame":29,"values":[0.9507,-0.0555,-0.305,0,0.1242,0.9696,0.2107,0,0.284,-0.2382,0.9287,0,0,5.0564,0.7196,1]},
{"frame":30,"values":[0.9796,0.0164,-0.2003,0,0.0297,0.9739,0.2249,0,0.1987,-0.2262,0.9536,0,0,5.0564,0.7196,1]},
{"frame":31,"values":[0.9931,0.114,-0.0258,0,-0.1059,0.9709,0.2148,0,0.0496,-0.2106,0.9763,0,0,5.0564,0.7196,1]},
{"frame":32,"values":[0.965,0.195,0.1754,0,-0.2211,0.9646,0.144,0,-0.1411,-0.1778,0.9739,0,0,5.0564,0.7196,1]},
{"frame":33,"values":[0.9414,0.2004,0.2714,0,-0.2525,0.952,0.1729,0,-0.2238,-0.2313,0.9468,0,0,5.0564,0.7196,1]},
{"frame":34,"values":[0.9463,0.189,0.2624,0,-0.2542,0.9362,0.2425,0,-0.1998,-0.2962,0.934,0,0,5.0564,0.7196,1]},
{"frame":35,"values":[0.9581,0.1616,0.2365,0,-0.222,0.9407,0.2566,0,-0.181,-0.2984,0.9371,0,0,5.0564,0.7196,1]},
{"frame":36,"values":[0.9741,0.1264,0.1874,0,-0.1716,0.9531,0.2492,0,-0.1471,-0.2749,0.9502,0,0,5.0564,0.7196,1]},
{"frame":37,"values":[0.9888,0.0807,0.1255,0,-0.1044,0.9751,0.1955,0,-0.1066,-0.2064,0.9726,0,0,5.0564,0.7196,1]},
{"frame":38,"values":[0.9981,0.0028,0.062,0,-0.0117,0.9895,0.144,0,-0.061,-0.1445,0.9876,0,0,5.0564,0.7196,1]},
{"frame":39,"values":[0.9976,-0.0692,-0.0054,0,0.0694,0.9936,0.0888,0,-0.0008,-0.089,0.996,0,0,5.0564,0.7196,1]},
{"frame":40,"values":[0.9894,-0.1244,-0.0747,0,0.1275,0.9912,0.0371,0,0.0694,-0.0462,0.9965,0,0,5.0564,0.7196,1]},
{"frame":41,"values":[0.9783,-0.1605,-0.1309,0,0.164,0.9863,0.0168,0,0.1264,-0.0379,0.9912,0,0,5.0564,0.7196,1]},
{"frame":42,"values":[0.9695,-0.1733,-0.1735,0,0.1791,0.9837,0.0184,0,0.1675,-0.0489,0.9847,0,0,5.0564,0.7196,1]},
{"frame":43,"values":[0.965,-0.1627,-0.2055,0,0.1728,0.9844,0.032,0,0.1971,-0.0664,0.9781,0,0,5.0564,0.7196,1]},
{"frame":44,"values":[0.964,-0.1469,-0.2219,0,0.1602,0.9861,0.0432,0,0.2125,-0.0772,0.9741,0,0,5.0564,0.7196,1]},
