{"producer":{"name":"Blender","version":"2.90.0","exporter_version":"2.80.1","file":"fight_jab.babylon"},
"autoClear":true,"clearColor":[0.0509,0.0509,0.0509],"gravity":[0,-9.81,0],
"materials":[{"name":"Material","id":"Material","customType":"BABYLON.PBRMaterial","backFaceCulling":true,"checkReadyOnlyOnce":false,"maxSimultaneousLights":4,"environmentIntensity":1,"albedo":[0.8,0.8,0.8],"reflectivity":[0.5,0.5,0.5],"roughness":0.4,"alpha":1,"transparencyMode":0,"alphaCutOff":0.4,"metallic":0}],
"multiMaterials":[],
"skeletons":[{"name":"Armature","id":0,"dimensionsAtRest":[128.1663,151.4482,19.1351],"bones":[
{"name":"Hips","index":0,"matrix":[0.8187,0.0132,-0.5741,0,-0.0115,0.9999,0.0066,0,-0.5742,-0.0012,-0.8187,0,-0.6585,73.3605,-0.9183,1],"rest":[1,0,0,0,0,1,0,0,0,0,-1,0,0,81.0629,0,1],"parentBoneIndex":-1,"length":7.701
,"animation":{"dataType":3,"framePerSecond":24,"keys":[
{"frame":1,"values":[0.8187,0.0132,-0.5741,0,-0.0115,0.9999,0.0066,0,-0.5742,-0.0012,-0.8187,0,-0.6585,73.3605,-0.9183,1]},
{"frame":2,"values":[0.8209,0.0122,-0.571,0,-0.0087,0.9999,0.0089,0,-0.571,0.0024,-0.8209,0,-0.2021,72.8617,-1.8248,1]},
{"frame":3,"values":[0.819,0.0154,-0.5736,0,-0.005,0.9998,0.0196,0,-0.5738,0.0132,-0.8189,0,0.3319,72.0738,-2.9359,1]},
{"frame":4,"values":[0.8068,0.0256,-0.5903,0,-0.0051,0.9993,0.0364,0,-0.5909,0.0264,-0.8063,0,0.8696,71.0433,-4.4712,1]},
{"frame":5,"values":[0.7774,0.0417,-0.6276,0,-0.0142,0.9987,0.0487,0,-0.6288,0.029,-0.777,0,1.3375,70.0595,-6.5941,1]},
{"frame":6,"values":[0.7292,0.0618,-0.6815,0,-0.0351,0.998,0.0529,0,-0.6834,0.0147,-0.7299,0,1.9902,69.3305,-9.0614,1]},
{"frame":7,"values":[0.6667,0.0748,-0.7415,0,-0.0574,0.9971,0.049,0,-0.7431,-0.0099,-0.6691,0,2.7979,68.7521,-11.6407,1]},
{"frame":8,"values":[0.612,0.054,-0.789,0,-0.0596,0.998,0.0221,0,-0.7886,-0.0335,-0.6139,0,3.6503,68.1166,-14.3764,1]},
{"frame":9,"values":[0.6027,-0.0008,-0.798,0,-0.0388,0.9988,-0.0303,0,-0.797,-0.0492,-0.6019,0,4.5318,67.2887,-17.6339,1]},
{"frame":10,"values":[0.6682,-0.0531,-0.7421,0,-0.0075,0.9969,-0.0781,0,-0.744,-0.0578,-0.6657,0,5.438,66.5363,-21.5098,1]},
{"frame":11,"values":[0.7846,-0.0693,-0.6162,0,0.0163,0.9957,-0.0911,0,-0.6199,-0.0614,-0.7823,0,6.1445,66.1583,-25.4937,1]},
{"frame":12,"values":[0.9034,-0.0465,-0.4263,0,0.0163,0.9971,-0.0742,0,-0.4285,-0.06,-0.9015,0,6.4277,65.9263,-29.0777,1]},
{"frame":13,"values":[0.9763,-0.0101,-0.2162,0,-0.0014,0.9986,-0.053,0,-0.2164,-0.052,-0.9749,0,6.4949,65.942,-31.9487,1]},
{"frame":14,"values":[0.9981,0.0234,-0.057,0,-0.0258,0.9988,-0.0411,0,-0.0559,-0.0424,-0.9975,0,6.5383,66.2519,-33.9289,1]},
{"frame":15,"values":[0.9976,0.0618,0.0312,0,-0.0603,0.997,-0.0491,0,0.0341,-0.0471,-0.9983,0,6.4064,66.8459,-35.3478,1]},
{"frame":16,"values":[0.9901,0.1002,0.098,0,-0.093,0.9928,-0.0753,0,0.1049,-0.0654,-0.9923,0,5.9298,67.5343,-36.7603,1]},
{"frame":17,"values":[0.9795,0.1086,0.1697,0,-0.0938,0.9913,-0.0927,0,0.1783,-0.0749,-0.9811,0,5.1583,68.0523,-38.1425,1]},
{"frame":18,"values":[0.9792,0.0776,0.1873,0,-0.0619,0.9942,-0.0882,0,0.1931,-0.0748,-0.9783,0,4.3329,68.4452,-39.0473,1]},
{"frame":19,"values":[0.9923,0.03,0.1202,0,-0.0203,0.9965,-0.0813,0,0.1223,-0.0783,-0.9894,0,3.742,68.8634,-39.3901,1]},
{"frame":20,"values":[0.9998,-0.0212,-0.006,0,0.0206,0.997,-0.0749,0,-0.0076,-0.0747,-0.9972,0,3.4921,69.0721,-39.1017,1]},
{"frame":21,"values":[0.986,-0.0688,-0.1519,0,0.0603,0.9964,-0.06,0,-0.1554,-0.05,-0.9866,0,3.5471,68.9188,-38.0801,1]},
{"frame":22,"values":[0.9474,-0.0955,-0.3055,0,0.0875,0.9954,-0.04,0,-0.3079,-0.0112,-0.9514,0,3.8276,68.4926,-36.5777,1]},
{"frame":23,"values":[0.8931,-0.0925,-0.4403,0,0.0947,0.9954,-0.0169,0,-0.4398,0.0266,-0.8977,0,3.9813,67.9053,-34.9496,1]},
{"frame":24,"values":[0.8517,-0.0727,-0.5189,0,0.0897,0.9959,0.0078,0,-0.5163,0.0532,-0.8548,0,3.4587,67.3851,-33.1614,1]},
{"frame":25,"values":[0.8391,-0.0487,-0.5418,0,0.0752,0.9968,0.0268,0,-0.5388,0.0632,-0.8401,0,2.1223,67.2444,-30.9493,1]},
{"frame":26,"values":[0.8499,-0.0181,-0.5267,0,0.0449,0.9983,0.0382,0,-0.525,0.0561,-0.8492,0,0.4055,67.5908,-28.2888,1]},
{"frame":27,"values":[0.8706,0.0166,-0.4916,0,0.0066,0.999,0.0453,0,-0.4919,0.0427,-0.8696,0,-1.0675,68.1631,-25.4144,1]},
{"frame":28,"values":[0.8941,0.0487,-0.4452,0,-0.0286,0.9983,0.0517,0,-0.4469,0.0334,-0.8939,0,-1.9596,68.8954,-22.5262,1]},
{"frame":29,"values":[0.9096,0.0654,-0.4104,0,-0.0471,0.9974,0.0546,0,-0.4129,0.0304,-0.9103,0,-2.2873,70.0489,-19.863,1]},
{"frame":30,"values":[0.9067,0.0553,-0.4182,0,-0.0412,0.9982,0.0428,0,-0.4198,0.0216,-0.9074,0,-2.0997,71.6715,-17.6288,1]},
{"frame":31,"values":[0.8831,0.0266,-0.4684,0,-0.0254,0.9996,0.0088,0,-0.4684,-0.0042,-0.8835,0,-1.5204,73.5201,-15.731,1]},
{"frame":32,"values":[0.8413,-0.0075,-0.5405,0,-0.0166,0.9991,-0.0397,0,-0.5403,-0.0423,-0.8404,0,-0.8281,74.9734,-14.0328,1]},
{"frame":33,"values":[0.7934,-0.0409,-0.6073,0,-0.0136,0.9963,-0.0849,0,-0.6085,-0.0757,-0.7899,0,-0.2119,75.6635,-12.5493,1]},
{"frame":34,"values":[0.7604,-0.0622,-0.6465,0,-0.0141,0.9936,-0.1121,0,-0.6493,-0.0944,-0.7546,0,0.3712,75.7879,-11.2272,1]},
{"frame":35,"values":[0.7573,-0.0612,-0.6502,0,-0.0175,0.9933,-0.1139,0,-0.6529,-0.0976,-0.7512,0,0.8957,75.5741,-9.843,1]},
{"frame":36,"values":[0.7811,-0.0376,-0.6233,0,-0.0246,0.9955,-0.091,0,-0.6239,-0.0864,-0.7767,0,1.0136,75.0141,-8.2187,1]},
{"frame":37,"values":[0.8085,-0.0142,-0.5884,0,-0.0296,0.9975,-0.0648,0,-0.5878,-0.0698,-0.806,0,0.6275,74.2728,-6.4355,1]},
{"frame":38,"values":[0.8254,-0.001,-0.5645,0,-0.0301,0.9985,-0.0457,0,-0.5637,-0.0547,-0.8242,0,-0.1183,73.4994,-4.5853,1]},
{"frame":39,"values":[0.8341,0.0074,-0.5516,0,-0.0303,0.999,-0.0324,0,-0.5508,-0.0438,-0.8335,0,-0.9415,72.8912,-2.6733,1]},
{"frame":40,"values":[0.838,0.0125,-0.5455,0,-0.0302,0.9993,-0.0234,0,-0.5448,-0.0361,-0.8378,0,-1.5,72.6586,-0.7707,1]},
{"frame":41,"values":[0.84,0.0189,-0.5423,0,-0.0317,0.9994,-0.0143,0,-0.5417,-0.0292,-0.8401,0,-1.7903,72.8896,0.8778,1]},
{"frame":42,"values":[0.8449,0.0283,-0.5342,0,-0.0353,0.9994,-0.0028,0,-0.5338,-0.0212,-0.8453,0,-2.0613,73.3968,2.1277,1]},
{"frame":43,"values":[0.8554,0.0361,-0.5167,0,-0.0373,0.9993,0.0079,0,-0.5166,-0.0125,-0.8561,0,-2.3445,73.9743,2.9864,1]},
{"frame":44,"values":[0.8645,0.0392,-0.5011,0,-0.0384,0.9992,0.012,0,-0.5012,-0.0088,-0.8653,0,-2.4259,74.4297,3.4525,1]},
{"frame":45,"values":[0.863,0.0399,-0.5037,0,-0.0413,0.9991,0.0084,0,-0.5036,-0.0135,-0.8639,0,-2.3476,74.6914,3.6001,1]},
{"frame":46,"values":[0.8502,0.0355,-0.5253,0,-0.0414,0.9991,0.0005,0,-0.5248,-0.0213,-0.8509,0,-2.2021,74.7226,3.4456,1]},
{"frame":47,"values":[0.835,0.0267,-0.5495,0,-0.0348,0.9994,-0.0043,0,-0.5491,-0.0227,-0.8355,0,-1.9894,74.5785,2.8977,1]},
{"frame":48,"values":[0.8228,0.0188,-0.568,0,-0.0245,0.9997,-0.0024,0,-0.5678,-0.0159,-0.823,0,-1.7132,74.3768,2.0046,1]},
{"frame":49,"values":[0.8165,0.0162,-0.5771,0,-0.017,0.9998,0.0039,0,-0.5771,-0.0067,-0.8166,0,-1.3945,74.124,0.9878,1]},
{"frame":50,"values":[0.8164,0.0143,-0.5774,0,-0.0128,0.9999,0.0068,0,-0.5774,-0.0018,-0.8165,0,-1.0314,73.7356,-0.018,1]},
{"frame":51,"values":[0.8187,0.0132,-0.5741,0,-0.0115,0.9999,0.0066,0,-0.5742,-0.0012,-0.8187,0,-0.6585,73.3605,-0.9183,1]}],"loopBehavior":1,"name":"anim","property":"_matrix"}},
{"name":"Spine","index":1,"matrix":[0.9925,0.0249,-0.1196,0,0.0005,0.9782,0.2075,0,0.1222,-0.206,0.9709,0,0.009,7.0626,-0.9847,1],"rest":[1,0,0,0,0,1,0,0,0,0,1,0,0.009,7.0626,-0.9847,1],"parentBoneIndex":0,"length":8.3194
,"animation":{"dataType":3,"framePerSecond":24,"keys":[
{"frame":1,"values":[0.9925,0.0249,-0.1196,0,0.0005,0.9782,0.2075,0,0.1222,-0.206,0.9709,0,0.009,7.0626,-0.9847,1]},
{"frame":2,"values":[0.9924,0.0241,-0.1208,0,0.0032,0.9752,0.2211,0,0.1231,-0.2198,0.9677,0,0.009,7.0626,-0.9847,1]},
{"frame":3,"values":[0.9917,0.0275,-0.1257,0,0.004,0.97,0.2431,0,0.1286,-0.2416,0.9618,0,0.009,7.0626,-0.9847,1]},
{"frame":4,"values":[0.9898,0.0312,-0.1389,0,0.0073,0.9633,0.2684,0,0.1421,-0.2667,0.9532,0,0.009,7.0626,-0.9847,1]},
{"frame":5,"values":[0.9872,0.0346,-0.1555,0,0.0107,0.9594,0.2818,0,0.1589,-0.2799,0.9468,0,0.009,7.0626,-0.9847,1]},
{"frame":6,"values":[0.9862,0.027,-0.1633,0,0.0209,0.9584,0.2847,0,0.1642,-0.2842,0.9446,0,0.009,7.0626,-0.9847,1]},
{"frame":7,"values":[0.9889,0.0045,-0.1488,0,0.0388,0.9572,0.2868,0,0.1437,-0.2894,0.9464,0,0.009,7.0626,-0.9847,1]},
{"frame":8,"values":[0.9955,-0.0166,-0.0933,0,0.0426,0.958,0.2837,0,0.0847,-0.2864,0.9544,0,0.009,7.0626,-0.9847,1]},
{"frame":9,"values":[0.9997,-0.0251,0.0049,0,0.0229,0.9634,0.2672,0,-0.0115,-0.267,0.9636,0,0.009,7.0626,-0.9847,1]},
{"frame":10,"values":[0.9925,-0.0441,0.1143,0,0.0134,0.9664,0.2567,0,-0.1218,-0.2533,0.9597,0,0.009,7.0626,-0.9847,1]},
{"frame":11,"values":[0.9797,-0.0983,0.1746,0,0.0465,0.9591,0.2792,0,-0.1949,-0.2654,0.9442,0,0.009,7.0626,-0.9847,1]},
{"frame":12,"values":[0.9752,-0.1658,0.1465,0,0.111,0.9394,0.3244,0,-0.1914,-0.3001,0.9345,0,0.009,7.0626,-0.9847,1]},
{"frame":13,"values":[0.9844,-0.1698,0.0459,0,0.1416,0.9197,0.3663,0,-0.1044,-0.3541,0.9294,0,0.009,7.0626,-0.9847,1]},
{"frame":14,"values":[0.992,-0.0737,-0.1028,0,0.1102,0.9023,0.4168,0,0.0621,-0.4247,0.9032,0,0.009,7.0626,-0.9847,1]},
{"frame":15,"values":[0.9684,0.0169,-0.2489,0,0.0992,0.8893,0.4465,0,0.2289,-0.457,0.8595,0,0.009,7.0626,-0.9847,1]},
{"frame":16,"values":[0.9418,0.0153,-0.3358,0,0.14,0.8903,0.4333,0,0.3056,-0.4552,0.8363,0,0.009,7.0626,-0.9847,1]},
{"frame":17,"values":[0.9381,-0.0322,-0.3449,0,0.1852,0.8881,0.4207,0,0.2927,-0.4585,0.8391,0,0.009,7.0626,-0.9847,1]},
{"frame":18,"values":[0.9485,-0.0716,-0.3085,0,0.2074,0.8766,0.4343,0,0.2394,-0.4759,0.8463,0,0.009,7.0626,-0.9847,1]},
{"frame":19,"values":[0.956,-0.1104,-0.2718,0,0.2246,0.8714,0.4362,0,0.1887,-0.478,0.8578,0,0.009,7.0626,-0.9847,1]},
{"frame":20,"values":[0.9627,-0.1432,-0.2294,0,0.2314,0.8752,0.4249,0,0.1399,-0.4622,0.8757,0,0.009,7.0626,-0.9847,1]},
{"frame":21,"values":[0.973,-0.151,-0.1744,0,0.2133,0.8771,0.4304,0,0.088,-0.456,0.8856,0,0.009,7.0626,-0.9847,1]},
{"frame":22,"values":[0.9817,-0.1392,-0.1301,0,0.1835,0.8746,0.4488,0,0.0513,-0.4645,0.8841,0,0.009,7.0626,-0.9847,1]},
{"frame":23,"values":[0.9864,-0.1204,-0.1119,0,0.1588,0.8734,0.4604,0,0.0424,-0.4719,0.8806,0,0.009,7.0626,-0.9847,1]},
{"frame":24,"values":[0.989,-0.0965,-0.1124,0,0.1376,0.8792,0.4561,0,0.0548,-0.4666,0.8828,0,0.009,7.0626,-0.9847,1]},
{"frame":25,"values":[0.9897,-0.0761,-0.1209,0,0.1218,0.892,0.4353,0,0.0748,-0.4456,0.8921,0,0.009,7.0626,-0.9847,1]},
{"frame":26,"values":[0.9894,-0.0599,-0.1322,0,0.1089,0.9088,0.4027,0,0.096,-0.4129,0.9057,0,0.009,7.0626,-0.9847,1]},
{"frame":27,"values":[0.9906,-0.0343,-0.1321,0,0.0814,0.9252,0.3706,0,0.1096,-0.3779,0.9193,0,0.009,7.0626,-0.9847,1]},
{"frame":28,"values":[0.9936,-0.0074,-0.1127,0,0.0469,0.9349,0.3519,0,0.1027,-0.3549,0.9292,0,0.009,7.0626,-0.9847,1]},
{"frame":29,"values":[0.996,0.0055,-0.0893,0,0.0267,0.9342,0.3557,0,0.0854,-0.3566,0.9303,0,0.009,7.0626,-0.9847,1]},
{"frame":30,"values":[0.9967,0.0121,-0.0807,0,0.0186,0.9292,0.3691,0,0.0794,-0.3694,0.9259,0,0.009,7.0626,-0.9847,1]},
{"frame":31,"values":[0.9961,0.0197,-0.0862,0,0.0132,0.9311,0.3646,0,0.0874,-0.3643,0.9272,0,0.009,7.0626,-0.9847,1]},
{"frame":32,"values":[0.9954,0.0228,-0.0934,0,0.0096,0.943,0.3327,0,0.0957,-0.3321,0.9384,0,0.009,7.0626,-0.9847,1]},
{"frame":33,"values":[0.9951,0.0241,-0.0961,0,0.0048,0.9571,0.2897,0,0.099,-0.2887,0.9523,0,0.009,7.0626,-0.9847,1]},
{"frame":34,"values":[0.9954,0.0261,-0.0921,0,-0.0015,0.9661,0.2582,0,0.0958,-0.2569,0.9617,0,0.009,7.0626,-0.9847,1]},
{"frame":35,"values":[0.9962,0.0196,-0.0848,0,0.0024,0.9676,0.2526,0,0.087,-0.2519,0.9638,0,0.009,7.0626,-0.9847,1]},
{"frame":36,"values":[0.9967,0.0012,-0.0814,0,0.0204,0.9642,0.2643,0,0.0788,-0.2651,0.961,0,0.009,7.0626,-0.9847,1]},
{"frame":37,"values":[0.9963,-0.0074,-0.0858,0,0.0302,0.9629,0.2682,0,0.0806,-0.2697,0.9596,0,0.009,7.0626,-0.9847,1]},
{"frame":38,"values":[0.995,-0.001,-0.1003,0,0.0273,0.9651,0.2605,0,0.0966,-0.2619,0.9602,0,0.009,7.0626,-0.9847,1]},
{"frame":39,"values":[0.9926,0.0153,-0.1207,0,0.0158,0.9674,0.2526,0,0.1207,-0.2527,0.96,0,0.009,7.0626,-0.9847,1]},
{"frame":40,"values":[0.9896,0.046,-0.1365,0,-0.0103,0.9678,0.2516,0,0.1437,-0.2475,0.9582,0,0.009,7.0626,-0.9847,1]},
{"frame":41,"values":[0.9871,0.0714,-0.1431,0,-0.0335,0.9673,0.2514,0,0.1564,-0.2434,0.9572,0,0.009,7.0626,-0.9847,1]},
{"frame":42,"values":[0.9877,0.0699,-0.1401,0,-0.0339,0.9691,0.2444,0,0.1529,-0.2366,0.9595,0,0.009,7.0626,-0.9847,1]},
{"frame":43,"values":[0.9903,0.0572,-0.1269,0,-0.0262,0.9719,0.2339,0,0.1367,-0.2283,0.9639,0,0.009,7.0626,-0.9847,1]},
{"frame":44,"values":[0.9923,0.0501,-0.1131,0,-0.024,0.9749,0.2213,0,0.1213,-0.2169,0.9686,0,0.009,7.0626,-0.9847,1]},
{"frame":45,"values":[0.9926,0.0451,-0.1125,0,-0.0211,0.9783,0.2063,0,0.1194,-0.2024,0.972,0,0.009,7.0626,-0.9847,1]},
{"frame":46,"values":[0.9916,0.0419,-0.1222,0,-0.0175,0.9808,0.1942,0,0.128,-0.1904,0.9733,0,0.009,7.0626,-0.9847,1]},
{"frame":47,"values":[0.9907,0.0447,-0.1283,0,-0.0198,0.9818,0.1889,0,0.1344,-0.1846,0.9736,0,0.009,7.0626,-0.9847,1]},
{"frame":48,"values":[0.9907,0.0502,-0.1266,0,-0.0255,0.9815,0.19,0,0.1338,-0.185,0.9736,0,0.009,7.0626,-0.9847,1]},
{"frame":49,"values":[0.9914,0.045,-0.1225,0,-0.0205,0.9807,0.1943,0,0.1289,-0.1901,0.9733,0,0.009,7.0626,-0.9847,1]},
{"frame":50,"values":[0.9922,0.0331,-0.1203,0,-0.0085,0.9798,0.1998,0,0.1245,-0.1972,0.9724,0,0.009,7.0626,-0.9847,1]},
{"frame":51,"values":[0.9925,0.0249,-0.1196,0,0.0005,0.9782,0.2075,0,0.1222,-0.206,0.9709,0,0.009,7.0626,-0.9847,1]}],"loopBehavior":1,"name":"anim","property":"_matrix"}},
{"name":"Spine1","index":2,"matrix":[0.9997,-0.0148,-0.017,0,0.0154,0.9992,0.0379,0,0.0165,-0.0382,0.9991,0,0.0124,8.2397,-1.1488,1],"rest":[1,0,0,0,0,1,0,0,0,0,1,0,0.0124,8.2397,-1.1488,1],"parentBoneIndex":1,"length":9.5079
,"animation":{"dataType":3,"framePerSecond":24,"keys":[
{"frame":1,"values":[0.9997,-0.0148,-0.017,0,0.0154,0.9992,0.0379,0,0.0165,-0.0382,0.9991,0,0.0124,8.2397,-1.1488,1]},
{"frame":2,"values":[0.9998,-0.0112,-0.017,0,0.0118,0.9993,0.0356,0,0.0166,-0.0358,0.9992,0,0.0124,8.2397,-1.1488,1]},
{"frame":3,"values":[0.9998,-0.0093,-0.0175,0,0.0099,0.9994,0.0328,0,0.0172,-0.0329,0.9993,0,0.0124,8.2397,-1.1488,1]},
{"frame":4,"values":[0.9997,-0.012,-0.0194,0,0.0126,0.9994,0.0308,0,0.019,-0.031,0.9993,0,0.0124,8.2397,-1.1488,1]},
{"frame":5,"values":[0.9996,-0.0193,-0.022,0,0.02,0.9994,0.0295,0,0.0215,-0.0299,0.9993,0,0.0124,8.2397,-1.1488,1]},
{"frame":6,"values":[0.9994,-0.0267,-0.0234,0,0.0273,0.9993,0.0265,0,0.0226,-0.0271,0.9994,0,0.0124,8.2397,-1.1488,1]},
{"frame":7,"values":[0.9994,-0.0289,-0.021,0,0.0293,0.9994,0.0202,0,0.0204,-0.0208,0.9996,0,0.0124,8.2397,-1.1488,1]},
{"frame":8,"values":[0.9997,-0.0226,-0.0127,0,0.0228,0.9996,0.0152,0,0.0124,-0.0155,0.9998,0,0.0124,8.2397,-1.1488,1]},
{"frame":9,"values":[1,-0.0098,0.0013,0,0.0098,0.9998,0.0159,0,-0.0014,-0.0159,0.9999,0,0.0124,8.2397,-1.1488,1]},
{"frame":10,"values":[0.9998,0.0104,0.0176,0,-0.0107,0.9998,0.0147,0,-0.0174,-0.0149,0.9997,0,0.0124,8.2397,-1.1488,1]},
{"frame":11,"values":[0.9989,0.0375,0.0284,0,-0.0376,0.9993,0.0049,0,-0.0282,-0.006,0.9996,0,0.0124,8.2397,-1.1488,1]},
{"frame":12,"values":[0.9979,0.0583,0.0276,0,-0.0582,0.9983,-0.0055,0,-0.0279,0.0038,0.9996,0,0.0124,8.2397,-1.1488,1]},
{"frame":13,"values":[0.9984,0.0543,0.015,0,-0.0542,0.9985,-0.0068,0,-0.0153,0.006,0.9999,0,0.0124,8.2397,-1.1488,1]},
{"frame":14,"values":[0.9996,0.028,-0.0081,0,-0.028,0.9996,-0.0036,0,0.0079,0.0038,1,0,0.0124,8.2397,-1.1488,1]},
{"frame":15,"values":[0.9995,0.0092,-0.0318,0,-0.009,0.9999,0.0052,0,0.0318,-0.0049,0.9995,0,0.0124,8.2397,-1.1488,1]},
{"frame":16,"values":[0.999,0.0101,-0.0438,0,-0.0095,0.9999,0.0136,0,0.0439,-0.0132,0.9989,0,0.0124,8.2397,-1.1488,1]},
{"frame":17,"values":[0.9989,0.0196,-0.0426,0,-0.0189,0.9997,0.0168,0,0.0429,-0.016,0.999,0,0.0124,8.2397,-1.1488,1]},
{"frame":18,"values":[0.999,0.0264,-0.0353,0,-0.0258,0.9995,0.0164,0,0.0357,-0.0155,0.9992,0,0.0124,8.2397,-1.1488,1]},
{"frame":19,"values":[0.9991,0.0322,-0.0282,0,-0.0318,0.9994,0.0168,0,0.0287,-0.0159,0.9995,0,0.0124,8.2397,-1.1488,1]},
{"frame":20,"values":[0.9992,0.034,-0.0215,0,-0.0337,0.9993,0.0154,0,0.022,-0.0147,0.9997,0,0.0124,8.2397,-1.1488,1]},
{"frame":21,"values":[0.9995,0.0273,-0.0147,0,-0.0271,0.9996,0.0077,0,0.0149,-0.0073,0.9999,0,0.0124,8.2397,-1.1488,1]},
{"frame":22,"values":[0.9998,0.0151,-0.0105,0,-0.0151,0.9999,-0.0055,0,0.0104,0.0057,0.9999,0,0.0124,8.2397,-1.1488,1]},
{"frame":23,"values":[0.9999,0.0038,-0.0098,0,-0.004,0.9999,-0.016,0,0.0097,0.016,0.9998,0,0.0124,8.2397,-1.1488,1]},
{"frame":24,"values":[0.9999,-0.0031,-0.0112,0,0.0029,0.9999,-0.0157,0,0.0112,0.0157,0.9998,0,0.0124,8.2397,-1.1488,1]},
{"frame":25,"values":[0.9999,-0.0059,-0.0132,0,0.0058,1,-0.0062,0,0.0132,0.0061,0.9999,0,0.0124,8.2397,-1.1488,1]},
{"frame":26,"values":[0.9998,-0.0099,-0.0155,0,0.01,0.9999,0.0099,0,0.0154,-0.0101,0.9998,0,0.0124,8.2397,-1.1488,1]},
{"frame":27,"values":[0.9996,-0.0213,-0.0173,0,0.0218,0.9994,0.028,0,0.0167,-0.0284,0.9995,0,0.0124,8.2397,-1.1488,1]},
{"frame":28,"values":[0.9993,-0.0338,-0.0168,0,0.0344,0.9987,0.0381,0,0.0154,-0.0386,0.9991,0,0.0124,8.2397,-1.1488,1]},
{"frame":29,"values":[0.9993,-0.0348,-0.0141,0,0.0352,0.9988,0.0344,0,0.0129,-0.0349,0.9993,0,0.0124,8.2397,-1.1488,1]},
{"frame":30,"values":[0.9996,-0.0258,-0.0122,0,0.0261,0.9993,0.0271,0,0.0115,-0.0274,0.9996,0,0.0124,8.2397,-1.1488,1]},
{"frame":31,"values":[0.9998,-0.0167,-0.0122,0,0.017,0.9995,0.0278,0,0.0118,-0.028,0.9995,0,0.0124,8.2397,-1.1488,1]},
{"frame":32,"values":[0.9999,-0.0099,-0.0129,0,0.0104,0.9993,0.0346,0,0.0126,-0.0348,0.9993,0,0.0124,8.2397,-1.1488,1]},
{"frame":33,"values":[0.9999,-0.0048,-0.0133,0,0.0053,0.9991,0.0411,0,0.013,-0.0411,0.9991,0,0.0124,8.2397,-1.1488,1]},
{"frame":34,"values":[0.9999,-0.0025,-0.0128,0,0.003,0.9992,0.0403,0,0.0127,-0.0404,0.9991,0,0.0124,8.2397,-1.1488,1]},
{"frame":35,"values":[0.9999,-0.0003,-0.0115,0,0.0007,0.9995,0.0301,0,0.0115,-0.0302,0.9995,0,0.0124,8.2397,-1.1488,1]},
{"frame":36,"values":[0.9999,0.0022,-0.0105,0,-0.002,0.9998,0.0196,0,0.0105,-0.0195,0.9998,0,0.0124,8.2397,-1.1488,1]},
{"frame":37,"values":[0.9999,0.0003,-0.011,0,-0.0001,0.9998,0.0176,0,0.011,-0.0176,0.9998,0,0.0124,8.2397,-1.1488,1]},
{"frame":38,"values":[0.9999,-0.0061,-0.0133,0,0.0064,0.9998,0.0207,0,0.0132,-0.0208,0.9997,0,0.0124,8.2397,-1.1488,1]},
{"frame":39,"values":[0.9997,-0.0154,-0.0169,0,0.0158,0.9996,0.0237,0,0.0165,-0.0239,0.9996,0,0.0124,8.2397,-1.1488,1]},
{"frame":40,"values":[0.9994,-0.0294,-0.0203,0,0.03,0.9992,0.0269,0,0.0195,-0.0275,0.9994,0,0.0124,8.2397,-1.1488,1]},
{"frame":41,"values":[0.9989,-0.0411,-0.0224,0,0.0418,0.9986,0.0321,0,0.0211,-0.033,0.9992,0,0.0124,8.2397,-1.1488,1]},
{"frame":42,"values":[0.9989,-0.0421,-0.0221,0,0.0429,0.9983,0.0385,0,0.0205,-0.0394,0.999,0,0.0124,8.2397,-1.1488,1]},
{"frame":43,"values":[0.9991,-0.0386,-0.0198,0,0.0394,0.9983,0.0429,0,0.0181,-0.0436,0.9989,0,0.0124,8.2397,-1.1488,1]},
{"frame":44,"values":[0.9992,-0.0367,-0.0176,0,0.0375,0.9983,0.0445,0,0.016,-0.0451,0.9989,0,0.0124,8.2397,-1.1488,1]},
{"frame":45,"values":[0.9993,-0.0345,-0.0172,0,0.0352,0.9984,0.0441,0,0.0157,-0.0447,0.9989,0,0.0124,8.2397,-1.1488,1]},
{"frame":46,"values":[0.9994,-0.031,-0.0182,0,0.0317,0.9986,0.0422,0,0.0169,-0.0427,0.9989,0,0.0124,8.2397,-1.1488,1]},
{"frame":47,"values":[0.9994,-0.0287,-0.019,0,0.0294,0.9988,0.0404,0,0.0178,-0.0409,0.999,0,0.0124,8.2397,-1.1488,1]},
{"frame":48,"values":[0.9994,-0.0273,-0.0189,0,0.028,0.9988,0.0401,0,0.0178,-0.0406,0.999,0,0.0124,8.2397,-1.1488,1]},
{"frame":49,"values":[0.9995,-0.0242,-0.0182,0,0.025,0.9989,0.04,0,0.0172,-0.0404,0.999,0,0.0124,8.2397,-1.1488,1]},
{"frame":50,"values":[0.9997,-0.0195,-0.0175,0,0.0202,0.999,0.0394,0,0.0167,-0.0397,0.9991,0,0.0124,8.2397,-1.1488,1]},
{"frame":51,"values":[0.9997,-0.0148,-0.017,0,0.0154,0.9992,0.0379,0,0.0165,-0.0382,0.9991,0,0.0124,8.2397,-1.1488,1]}],"loopBehavior":1,"name":"anim","property":"_matrix"}},
{"name":"Spine2","index":3,"matrix":[0.9998,-0.0147,-0.0167,0,0.0153,0.9992,0.0381,0,0.0161,-0.0384,0.9991,0,0.0142,9.4168,-1.313,1],"rest":[1,0,0,0,0,1,0,0,0,0,1,0,0.0142,9.4168,-1.313,1],"parentBoneIndex":2,"length":9.9132
,"animation":{"dataType":3,"framePerSecond":24,"keys":[
{"frame":1,"values":[0.9998,-0.0147,-0.0167,0,0.0153,0.9992,0.0381,0,0.0161,-0.0384,0.9991,0,0.0142,9.4168,-1.313,1]},
{"frame":2,"values":[0.9998,-0.0111,-0.0167,0,0.0117,0.9993,0.0357,0,0.0163,-0.0359,0.9992,0,0.0142,9.4168,-1.313,1]},
{"frame":3,"values":[0.9998,-0.0093,-0.0173,0,0.0099,0.9994,0.0329,0,0.0169,-0.0331,0.9993,0,0.0142,9.4168,-1.313,1]},
{"frame":4,"values":[0.9997,-0.0121,-0.019,0,0.0127,0.9994,0.031,0,0.0186,-0.0312,0.9993,0,0.0142,9.4168,-1.313,1]},
{"frame":5,"values":[0.9996,-0.0195,-0.0214,0,0.0201,0.9994,0.0298,0,0.0209,-0.0302,0.9993,0,0.0142,9.4168,-1.313,1]},
{"frame":6,"values":[0.9994,-0.0269,-0.0226,0,0.0275,0.9993,0.027,0,0.0218,-0.0276,0.9994,0,0.0142,9.4168,-1.313,1]},
{"frame":7,"values":[0.9994,-0.0291,-0.0201,0,0.0295,0.9993,0.0207,0,0.0195,-0.0212,0.9996,0,0.0142,9.4168,-1.313,1]},
{"frame":8,"values":[0.9997,-0.0228,-0.012,0,0.023,0.9996,0.0155,0,0.0117,-0.0157,0.9998,0,0.0142,9.4168,-1.313,1]},
{"frame":9,"values":[1,-0.0098,0.0016,0,0.0098,0.9998,0.016,0,-0.0017,-0.016,0.9999,0,0.0142,9.4168,-1.313,1]},
{"frame":10,"values":[0.9998,0.0106,0.0173,0,-0.0109,0.9998,0.015,0,-0.0171,-0.0152,0.9997,0,0.0142,9.4168,-1.313,1]},
{"frame":11,"values":[0.9989,0.038,0.0274,0,-0.0382,0.9993,0.0061,0,-0.0271,-0.0072,0.9996,0,0.0142,9.4168,-1.313,1]},
{"frame":12,"values":[0.9979,0.0591,0.0258,0,-0.059,0.9982,-0.0036,0,-0.026,0.0021,0.9997,0,0.0142,9.4168,-1.313,1]},
{"frame":13,"values":[0.9984,0.0548,0.0129,0,-0.0547,0.9985,-0.0058,0,-0.0132,0.0051,0.9999,0,0.0142,9.4168,-1.313,1]},
{"frame":14,"values":[0.9996,0.0276,-0.0094,0,-0.0276,0.9996,-0.0038,0,0.0093,0.004,0.9999,0,0.0142,9.4168,-1.313,1]},
{"frame":15,"values":[0.9994,0.0078,-0.0324,0,-0.0076,1,0.0048,0,0.0324,-0.0045,0.9995,0,0.0142,9.4168,-1.313,1]},
{"frame":16,"values":[0.999,0.0085,-0.0445,0,-0.0079,0.9999,0.013,0,0.0446,-0.0126,0.9989,0,0.0142,9.4168,-1.313,1]},
{"frame":17,"values":[0.9989,0.0181,-0.0439,0,-0.0174,0.9997,0.0156,0,0.0442,-0.0149,0.9989,0,0.0142,9.4168,-1.313,1]},
{"frame":18,"values":[0.999,0.0251,-0.0371,0,-0.0245,0.9996,0.0151,0,0.0374,-0.0142,0.9992,0,0.0142,9.4168,-1.313,1]},
{"frame":19,"values":[0.9991,0.0312,-0.0304,0,-0.0307,0.9994,0.0156,0,0.0309,-0.0146,0.9994,0,0.0142,9.4168,-1.313,1]},
{"frame":20,"values":[0.9992,0.0332,-0.0237,0,-0.0329,0.9994,0.0144,0,0.0241,-0.0136,0.9996,0,0.0142,9.4168,-1.313,1]},
{"frame":21,"values":[0.9995,0.0266,-0.0164,0,-0.0265,0.9996,0.0071,0,0.0166,-0.0067,0.9998,0,0.0142,9.4168,-1.313,1]},
{"frame":22,"values":[0.9998,0.0145,-0.0113,0,-0.0146,0.9999,-0.0058,0,0.0112,0.0059,0.9999,0,0.0142,9.4168,-1.313,1]},
{"frame":23,"values":[0.9999,0.0033,-0.0099,0,-0.0034,0.9999,-0.0161,0,0.0099,0.0161,0.9998,0,0.0142,9.4168,-1.313,1]},
{"frame":24,"values":[0.9999,-0.0037,-0.011,0,0.0036,0.9999,-0.0157,0,0.0111,0.0157,0.9998,0,0.0142,9.4168,-1.313,1]},
{"frame":25,"values":[0.9999,-0.0065,-0.013,0,0.0064,1,-0.0062,0,0.0131,0.0061,0.9999,0,0.0142,9.4168,-1.313,1]},
{"frame":26,"values":[0.9998,-0.0104,-0.0154,0,0.0105,0.9999,0.0099,0,0.0153,-0.0101,0.9998,0,0.0142,9.4168,-1.313,1]},
{"frame":27,"values":[0.9996,-0.0216,-0.0169,0,0.022,0.9994,0.0282,0,0.0163,-0.0286,0.9995,0,0.0142,9.4168,-1.313,1]},
{"frame":28,"values":[0.9993,-0.0339,-0.0159,0,0.0345,0.9987,0.0385,0,0.0146,-0.039,0.9991,0,0.0142,9.4168,-1.313,1]},
{"frame":29,"values":[0.9993,-0.0349,-0.0131,0,0.0353,0.9988,0.0347,0,0.0119,-0.0352,0.9993,0,0.0142,9.4168,-1.313,1]},
{"frame":30,"values":[0.9996,-0.026,-0.0114,0,0.0263,0.9993,0.0273,0,0.0107,-0.0276,0.9996,0,0.0142,9.4168,-1.313,1]},
{"frame":31,"values":[0.9998,-0.0168,-0.0118,0,0.0172,0.9995,0.028,0,0.0114,-0.0282,0.9995,0,0.0142,9.4168,-1.313,1]},
{"frame":32,"values":[0.9999,-0.01,-0.0128,0,0.0105,0.9993,0.0348,0,0.0124,-0.0349,0.9993,0,0.0142,9.4168,-1.313,1]},
{"frame":33,"values":[0.9999,-0.0047,-0.0132,0,0.0053,0.9991,0.0412,0,0.013,-0.0412,0.9991,0,0.0142,9.4168,-1.313,1]},
{"frame":34,"values":[0.9999,-0.0025,-0.0128,0,0.003,0.9992,0.0404,0,0.0126,-0.0404,0.9991,0,0.0142,9.4168,-1.313,1]},
{"frame":35,"values":[0.9999,-0.0004,-0.0115,0,0.0007,0.9995,0.0302,0,0.0115,-0.0302,0.9995,0,0.0142,9.4168,-1.313,1]},
{"frame":36,"values":[0.9999,0.0021,-0.0106,0,-0.0019,0.9998,0.0196,0,0.0106,-0.0196,0.9998,0,0.0142,9.4168,-1.313,1]},
{"frame":37,"values":[0.9999,0.0001,-0.011,0,0.0001,0.9998,0.0176,0,0.011,-0.0176,0.9998,0,0.0142,9.4168,-1.313,1]},
{"frame":38,"values":[0.9999,-0.0063,-0.0132,0,0.0065,0.9998,0.0208,0,0.0131,-0.0209,0.9997,0,0.0142,9.4168,-1.313,1]},
{"frame":39,"values":[0.9997,-0.0155,-0.0165,0,0.0159,0.9996,0.0239,0,0.0162,-0.0241,0.9996,0,0.0142,9.4168,-1.313,1]},
{"frame":40,"values":[0.9994,-0.0295,-0.0196,0,0.03,0.9992,0.0273,0,0.0188,-0.0279,0.9994,0,0.0142,9.4168,-1.313,1]},
{"frame":41,"values":[0.9989,-0.0411,-0.0214,0,0.0418,0.9986,0.0328,0,0.02,-0.0336,0.9992,0,0.0142,9.4168,-1.313,1]},
{"frame":42,"values":[0.9989,-0.0419,-0.0211,0,0.0427,0.9983,0.0392,0,0.0194,-0.04,0.999,0,0.0142,9.4168,-1.313,1]},
{"frame":43,"values":[0.9991,-0.0384,-0.019,0,0.0392,0.9983,0.0435,0,0.0173,-0.0442,0.9989,0,0.0142,9.4168,-1.313,1]},
{"frame":44,"values":[0.9992,-0.0366,-0.0168,0,0.0373,0.9983,0.0449,0,0.0152,-0.0455,0.9988,0,0.0142,9.4168,-1.313,1]},
{"frame":45,"values":[0.9993,-0.0343,-0.0165,0,0.035,0.9984,0.0446,0,0.015,-0.0451,0.9989,0,0.0142,9.4168,-1.313,1]},
{"frame":46,"values":[0.9994,-0.0308,-0.0176,0,0.0315,0.9986,0.0426,0,0.0163,-0.0431,0.9989,0,0.0142,9.4168,-1.313,1]},
{"frame":47,"values":[0.9994,-0.0285,-0.0184,0,0.0292,0.9987,0.0408,0,0.0172,-0.0413,0.999,0,0.0142,9.4168,-1.313,1]},
{"frame":48,"values":[0.9995,-0.0271,-0.0183,0,0.0278,0.9988,0.0404,0,0.0171,-0.0409,0.999,0,0.0142,9.4168,-1.313,1]},
{"frame":49,"values":[0.9996,-0.024,-0.0176,0,0.0247,0.9989,0.0403,0,0.0166,-0.0407,0.999,0,0.0142,9.4168,-1.313,1]},
{"frame":50,"values":[0.9997,-0.0193,-0.017,0,0.02,0.999,0.0396,0,0.0163,-0.04,0.9991,0,0.0142,9.4168,-1.313,1]},
{"frame":51,"values":[0.9998,-0.0147,-0.0167,0,0.0153,0.9992,0.0381,0,0.0161,-0.0384,0.9991,0,0.0142,9.4168,-1.313,1]}],"loopBehavior":1,"name":"anim","property":"_matrix"}},
{"name":"Neck","index":4,"matrix":[0.9947,-0.072,-0.0733,0,0.0778,0.9938,0.0795,0,0.0671,-0.0848,0.9941,0,0.016,10.5938,-1.4771,1],"rest":[1,0,0,0,0,1,0,0,0,0,1,0,0.016,10.5938,-1.4771,1],"parentBoneIndex":3,"length":5.1073
,"animation":{"dataType":3,"framePerSecond":24,"keys":[
{"frame":1,"values":[0.9947,-0.072,-0.0733,0,0.0778,0.9938,0.0795,0,0.0671,-0.0848,0.9941,0,0.016,10.5938,-1.4771,1]},
{"frame":2,"values":[0.9953,-0.0668,-0.0695,0,0.0724,0.9941,0.0802,0,0.0638,-0.0849,0.9943,0,0.016,10.5938,-1.4771,1]},
{"frame":3,"values":[0.9958,-0.0632,-0.066,0,0.0684,0.9945,0.0799,0,0.0605,-0.0841,0.9946,0,0.016,10.5938,-1.4771,1]},
{"frame":4,"values":[0.9961,-0.0619,-0.0632,0,0.0668,0.9946,0.0796,0,0.0579,-0.0835,0.9948,0,0.016,10.5938,-1.4771,1]},
{"frame":5,"values":[0.9961,-0.0627,-0.0625,0,0.0676,0.9946,0.0788,0,0.0572,-0.0827,0.9949,0,0.016,10.5938,-1.4771,1]},
{"frame":6,"values":[0.9952,-0.0712,-0.0676,0,0.0758,0.9947,0.0689,0,0.0624,-0.0737,0.9953,0,0.016,10.5938,-1.4771,1]},
{"frame":7,"values":[0.9921,-0.0942,-0.0828,0,0.0983,0.994,0.047,0,0.0779,-0.0547,0.9955,0,0.016,10.5938,-1.4771,1]},
{"frame":8,"values":[0.9862,-0.1269,-0.106,0,0.1294,0.9914,0.0176,0,0.1028,-0.0311,0.9942,0,0.016,10.5938,-1.4771,1]},
{"frame":9,"values":[0.981,-0.1475,-0.1264,0,0.1473,0.989,-0.0106,0,0.1266,-0.0082,0.9919,0,0.016,10.5938,-1.4771,1]},
{"frame":10,"values":[0.9816,-0.1363,-0.1338,0,0.1338,0.9906,-0.0272,0,0.1362,0.0088,0.9906,0,0.016,10.5938,-1.4771,1]},
{"frame":11,"values":[0.9868,-0.1025,-0.1256,0,0.0995,0.9946,-0.0296,0,0.1279,0.0168,0.9916,0,0.016,10.5938,-1.4771,1]},
{"frame":12,"values":[0.9928,-0.0646,-0.1012,0,0.0628,0.9978,-0.0208,0,0.1023,0.0143,0.9946,0,0.016,10.5938,-1.4771,1]},
{"frame":13,"values":[0.9974,-0.0317,-0.0643,0,0.0312,0.9995,-0.0078,0,0.0645,0.0058,0.9979,0,0.016,10.5938,-1.4771,1]},
{"frame":14,"values":[0.9997,-0.0074,-0.0238,0,0.0075,1,0.0019,0,0.0237,-0.0021,0.9997,0,0.016,10.5938,-1.4771,1]},
{"frame":15,"values":[0.9999,0.0144,0.0079,0,-0.0145,0.9998,0.0124,0,-0.0077,-0.0125,0.9999,0,0.016,10.5938,-1.4771,1]},
{"frame":16,"values":[0.9988,0.0424,0.0256,0,-0.043,0.9988,0.0237,0,-0.0246,-0.0248,0.9994,0,0.016,10.5938,-1.4771,1]},
{"frame":17,"values":[0.9975,0.064,0.03,0,-0.0648,0.9975,0.028,0,-0.0281,-0.0299,0.9992,0,0.016,10.5938,-1.4771,1]},
{"frame":18,"values":[0.9981,0.059,0.019,0,-0.0595,0.9978,0.0278,0,-0.0173,-0.0289,0.9994,0,0.016,10.5938,-1.4771,1]},
{"frame":19,"values":[0.9995,0.0328,-0.0024,0,-0.0327,0.999,0.0321,0,0.0034,-0.032,0.9995,0,0.016,10.5938,-1.4771,1]},
{"frame":20,"values":[0.9996,0.0064,-0.0268,0,-0.0051,0.9989,0.0466,0,0.0271,-0.0465,0.9986,0,0.016,10.5938,-1.4771,1]},
{"frame":21,"values":[0.9987,-0.0126,-0.0497,0,0.0158,0.9978,0.064,0,0.0488,-0.0647,0.9967,0,0.016,10.5938,-1.4771,1]},
{"frame":22,"values":[0.9972,-0.0303,-0.0679,0,0.0354,0.9966,0.0742,0,0.0654,-0.0764,0.9949,0,0.016,10.5938,-1.4771,1]},
{"frame":23,"values":[0.9957,-0.0489,-0.0789,0,0.0549,0.9956,0.0759,0,0.0749,-0.08,0.994,0,0.016,10.5938,-1.4771,1]},
{"frame":24,"values":[0.9945,-0.0638,-0.0832,0,0.0701,0.9947,0.0751,0,0.078,-0.0806,0.9937,0,0.016,10.5938,-1.4771,1]},
{"frame":25,"values":[0.9937,-0.0743,-0.0839,0,0.0807,0.9939,0.0757,0,0.0778,-0.082,0.9936,0,0.016,10.5938,-1.4771,1]},
{"frame":26,"values":[0.9929,-0.0852,-0.083,0,0.0914,0.9931,0.0742,0,0.0761,-0.0812,0.9938,0,0.016,10.5938,-1.4771,1]},
{"frame":27,"values":[0.992,-0.096,-0.0817,0,0.1018,0.9923,0.0707,0,0.0743,-0.0784,0.9941,0,0.016,10.5938,-1.4771,1]},
{"frame":28,"values":[0.9919,-0.0996,-0.0794,0,0.1053,0.9918,0.072,0,0.0716,-0.0797,0.9942,0,0.016,10.5938,-1.4771,1]},
{"frame":29,"values":[0.9925,-0.096,-0.076,0,0.1019,0.9917,0.0784,0,0.0678,-0.0856,0.994,0,0.016,10.5938,-1.4771,1]},
{"frame":30,"values":[0.9932,-0.0904,-0.0731,0,0.0962,0.9921,0.0808,0,0.0652,-0.0873,0.994,0,0.016,10.5938,-1.4771,1]},
{"frame":31,"values":[0.9935,-0.0874,-0.0733,0,0.0929,0.9928,0.0751,0,0.0662,-0.0814,0.9945,0,0.016,10.5938,-1.4771,1]},
{"frame":32,"values":[0.9928,-0.0907,-0.0785,0,0.0961,0.9931,0.0676,0,0.0718,-0.0747,0.9946,0,0.016,10.5938,-1.4771,1]},
{"frame":33,"values":[0.9919,-0.0949,-0.0849,0,0.1004,0.9929,0.0632,0,0.0783,-0.0712,0.9944,0,0.016,10.5938,-1.4771,1]},
{"frame":34,"values":[0.9922,-0.0896,-0.0865,0,0.095,0.9936,0.0603,0,0.0806,-0.0681,0.9944,0,0.016,10.5938,-1.4771,1]},
{"frame":35,"values":[0.9935,-0.078,-0.0826,0,0.0828,0.9949,0.0571,0,0.0777,-0.0636,0.9949,0,0.016,10.5938,-1.4771,1]},
{"frame":36,"values":[0.9946,-0.0708,-0.0763,0,0.0752,0.9956,0.0566,0,0.0719,-0.062,0.9955,0,0.016,10.5938,-1.4771,1]},
{"frame":37,"values":[0.995,-0.069,-0.0717,0,0.0735,0.9953,0.0625,0,0.067,-0.0674,0.9955,0,0.016,10.5938,-1.4771,1]},
{"frame":38,"values":[0.995,-0.0701,-0.0709,0,0.0751,0.9947,0.0709,0,0.0655,-0.0758,0.995,0,0.016,10.5938,-1.4771,1]},
{"frame":39,"values":[0.9947,-0.0729,-0.0726,0,0.0784,0.9941,0.0751,0,0.0667,-0.0804,0.9945,0,0.016,10.5938,-1.4771,1]},
{"frame":40,"values":[0.9943,-0.0764,-0.0747,0,0.0821,0.9937,0.0764,0,0.0684,-0.0821,0.9943,0,0.016,10.5938,-1.4771,1]},
{"frame":41,"values":[0.9938,-0.0806,-0.0761,0,0.0867,0.9929,0.0808,0,0.0691,-0.0869,0.9938,0,0.016,10.5938,-1.4771,1]},
{"frame":42,"values":[0.9934,-0.0854,-0.0768,0,0.0921,0.9917,0.0892,0,0.0685,-0.0957,0.9931,0,0.016,10.5938,-1.4771,1]},
{"frame":43,"values":[0.9931,-0.0881,-0.0771,0,0.0954,0.9908,0.0964,0,0.0679,-0.1031,0.9924,0,0.016,10.5938,-1.4771,1]},
{"frame":44,"values":[0.9931,-0.0889,-0.0769,0,0.0963,0.9905,0.0985,0,0.0674,-0.1052,0.9922,0,0.016,10.5938,-1.4771,1]},
{"frame":45,"values":[0.993,-0.0898,-0.0768,0,0.097,0.9906,0.096,0,0.0674,-0.1028,0.9924,0,0.016,10.5938,-1.4771,1]},
{"frame":46,"values":[0.9928,-0.0909,-0.0775,0,0.0978,0.9911,0.0903,0,0.0686,-0.0973,0.9929,0,0.016,10.5938,-1.4771,1]},
{"frame":47,"values":[0.9926,-0.0915,-0.0794,0,0.0982,0.9916,0.0842,0,0.071,-0.0913,0.9933,0,0.016,10.5938,-1.4771,1]},
{"frame":48,"values":[0.9925,-0.091,-0.0811,0,0.0975,0.992,0.0801,0,0.0731,-0.0874,0.9935,0,0.016,10.5938,-1.4771,1]},
{"frame":49,"values":[0.993,-0.0865,-0.0804,0,0.0928,0.9926,0.0784,0,0.073,-0.0853,0.9937,0,0.016,10.5938,-1.4771,1]},
{"frame":50,"values":[0.9939,-0.0789,-0.0771,0,0.0849,0.9933,0.0786,0,0.0704,-0.0846,0.9939,0,0.016,10.5938,-1.4771,1]},
{"frame":51,"values":[0.9947,-0.072,-0.0733,0,0.0778,0.9938,0.0795,0,0.0671,-0.0848,0.9941,0,0.016,10.5938,-1.4771,1]}],"loopBehavior":1,"name":"anim","property":"_matrix"}},
{"name":"Head","index":5,"matrix":[0.981,-0.1061,-0.1626,0,0.1241,0.9867,0.1046,0,0.1494,-0.1228,0.9811,0,0,5.0564,0.7196,1],"rest":[1,0,0,0,0,1,0,0,0,0,1,0,0,5.0564,0.7196,1],"parentBoneIndex":4,"length":15.2963
,"animation":{"dataType":3,"framePerSecond":24,"keys":[
{"frame":1,"values":[0.981,-0.1061,-0.1626,0,0.1241,0.9867,0.1046,0,0.1494,-0.1228,0.9811,0,0,5.0564,0.7196,1]},
{"frame":2,"values":[0.9827,-0.1073,-0.1507,0,0.1237,0.9869,0.1034,0,0.1376,-0.1203,0.9832,0,0,5.0564,0.7196,1]},
{"frame":3,"values":[0.9846,-0.1078,-0.1378,0,0.1214,0.9881,0.0947,0,0.1259,-0.11,0.9859,0,0,5.0564,0.7196,1]},
{"frame":4,"values":[0.9854,-0.112,-0.1282,0,0.1226,0.9894,0.0779,0,0.1181,-0.0924,0.9887,0,0,5.0564,0.7196,1]},
{"frame":5,"values":[0.9822,-0.1338,-0.132,0,0.1433,0.9875,0.0651,0,0.1217,-0.0828,0.9891,0,0,5.0564,0.7196,1]},
{"frame":6,"values":[0.9698,-0.1819,-0.1628,0,0.1921,0.9801,0.0497,0,0.1505,-0.0795,0.9854,0,0,5.0564,0.7196,1]},
{"frame":7,"values":[0.9398,-0.2524,-0.2305,0,0.261,0.9653,0.0072,0,0.2207,-0.0669,0.973,0,0,5.0564,0.7196,1]},
{"frame":8,"values":[0.8894,-0.3223,-0.3242,0,0.3175,0.9457,-0.0691,0,0.3289,-0.0415,0.9435,0,0,5.0564,0.7196,1]},
{"frame":9,"values":[0.8417,-0.357,-0.4051,0,0.3319,0.9338,-0.1333,0,0.4259,-0.0223,0.9045,0,0,5.0564,0.7196,1]},
{"frame":10,"values":[0.8275,-0.3478,-0.4409,0,0.3133,0.9375,-0.1514,0,0.466,-0.0128,0.8847,0,0,5.0564,0.7196,1]},
{"frame":11,"values":[0.8589,-0.2955,-0.4184,0,0.2634,0.9553,-0.1339,0,0.4393,0.0048,0.8983,0,0,5.0564,0.7196,1]},
{"frame":12,"values":[0.9343,-0.1656,-0.3158,0,0.1463,0.9856,-0.0843,0,0.3252,0.0326,0.9451,0,0,5.0564,0.7196,1]},
{"frame":13,"values":[0.9913,0.0086,-0.131,0,-0.0139,0.9991,-0.0397,0,0.1306,0.0412,0.9906,0,0,5.0564,0.7196,1]},
{"frame":14,"values":[0.9884,0.1314,0.0756,0,-0.1288,0.9909,-0.039,0,-0.08,0.0288,0.9964,0,0,5.0564,0.7196,1]},
{"frame":15,"values":[0.9559,0.1911,0.2232,0,-0.1833,0.9815,-0.0552,0,-0.2296,0.0118,0.9732,0,0,5.0564,0.7196,1]},
{"frame":16,"values":[0.9224,0.2511,0.2933,0,-0.242,0.9679,-0.0677,0,-0.3009,-0.0086,0.9536,0,0,5.0564,0.7196,1]},
{"frame":17,"values":[0.9018,0.308,0.3031,0,-0.2979,0.9512,-0.0802,0,-0.313,-0.018,0.9496,0,0,5.0564,0.7196,1]},
{"frame":18,"values":[0.9152,0.3121,0.2551,0,-0.3022,0.95,-0.0781,0,-0.2667,-0.0056,0.9638,0,0,5.0564,0.7196,1]},
{"frame":19,"values":[0.9477,0.2699,0.1703,0,-0.2645,0.9629,-0.0543,0,-0.1786,0.0064,0.9839,0,0,5.0564,0.7196,1]},
{"frame":20,"values":[0.9768,0.2046,0.064,0,-0.2035,0.9788,-0.0225,0,-0.0673,0.009,0.9977,0,0,5.0564,0.7196,1]},
{"frame":21,"values":[0.9911,0.1223,-0.053,0,-0.1225,0.9925,-0.0002,0,0.0526,0.0067,0.9986,0,0,5.0564,0.7196,1]},
{"frame":22,"values":[0.9875,0.0283,-0.1549,0,-0.0275,0.9996,0.007,0,0.1551,-0.0026,0.9879,0,0,5.0564,0.7196,1]},
{"frame":23,"values":[0.9752,-0.0535,-0.2146,0,0.0565,0.9984,0.008,0,0.2139,-0.0199,0.9767,0,0,5.0564,0.7196,1]},
{"frame":24,"values":[0.9678,-0.0992,-0.2315,0,0.1059,0.9942,0.0168,0,0.2285,-0.0408,0.9727,0,0,5.0564,0.7196,1]},
{"frame":25,"values":[0.9676,-0.1143,-0.2253,0,0.1246,0.9917,0.0322,0,0.2198,-0.0592,0.9738,0,0,5.0564,0.7196,1]},
{"frame":26,"values":[0.972,-0.115,-0.2048,0,0.1266,0.991,0.0444,0,0.1978,-0.0691,0.9778,0,0,5.0564,0.7196,1]},
{"frame":27,"values":[0.9779,-0.1087,-0.1788,0,0.1201,0.9913,0.0543,0,0.1714,-0.0746,0.9824,0,0,5.0564,0.7196,1]},
{"frame":28,"values":[0.9822,-0.1015,-0.1578,0,0.1127,0.9916,0.0638,0,0.15,-0.0805,0.9854,0,0,5.0564,0.7196,1]},
{"frame":29,"values":[0.9835,-0.1065,-0.1465,0,0.1174,0.9908,0.0677,0,0.138,-0.0838,0.9869,0,0,5.0564,0.7196,1]},
{"frame":30,"values":[0.9813,-0.1248,-0.1469,0,0.135,0.9889,0.0621,0,0.1375,-0.0807,0.9872,0,0,5.0564,0.7196,1]},
{"frame":31,"values":[0.976,-0.1469,-0.1606,0,0.1567,0.9864,0.0497,0,0.1511,-0.0737,0.9858,0,0,5.0564,0.7196,1]},
{"frame":32,"values":[0.9675,-0.1662,-0.1904,0,0.1751,0.9841,0.0308,0,0.1823,-0.0632,0.9812,0,0,5.0564,0.7196,1]},
{"frame":33,"values":[0.9584,-0.1775,-0.2236,0,0.1837,0.983,0.0072,0,0.2185,-0.048,0.9747,0,0,5.0564,0.7196,1]},
{"frame":34,"values":[0.9543,-0.179,-0.2394,0,0.1831,0.9831,-0.0052,0,0.2363,-0.0389,0.9709,0,0,5.0564,0.7196,1]},
{"frame":35,"values":[0.959,-0.1681,-0.228,0,0.1743,0.9847,0.0071,0,0.2234,-0.0465,0.9736,0,0,5.0564,0.7196,1]},
{"frame":36,"values":[0.9703,-0.1437,-0.1946,0,0.1531,0.9876,0.0339,0,0.1873,-0.0627,0.9803,0,0,5.0564,0.7196,1]},
{"frame":37,"values":[0.9793,-0.1189,-0.1638,0,0.1298,0.9898,0.058,0,0.1552,-0.0781,0.9848,0,0,5.0564,0.7196,1]},
{"frame":38,"values":[0.9832,-0.102,-0.1515,0,0.1152,0.9901,0.0808,0,0.1418,-0.0969,0.9851,0,0,5.0564,0.7196,1]},
{"frame":39,"values":[0.9843,-0.0914,-0.1512,0,0.1073,0.9891,0.1008,0,0.1403,-0.1154,0.9834,0,0,5.0564,0.7196,1]},
{"frame":40,"values":[0.984,-0.0879,-0.1549,0,0.1059,0.988,0.1122,0,0.1432,-0.1268,0.9815,0,0,5.0564,0.7196,1]},
{"frame":41,"values":[0.9838,-0.0883,-0.1559,0,0.1078,0.9867,0.1217,0,0.143,-0.1365,0.9803,0,0,5.0564,0.7196,1]},
{"frame":42,"values":[0.9847,-0.0866,-0.1514,0,0.1069,0.9855,0.1316,0,0.1378,-0.1458,0.9797,0,0,5.0564,0.7196,1]},
{"frame":43,"values":[0.9859,-0.0811,-0.1461,0,0.1014,0.9853,0.1376,0,0.1328,-0.1505,0.9796,0,0,5.0564,0.7196,1]},
{"frame":44,"values":[0.9871,-0.0745,-0.1416,0,0.094,0.9861,0.1366,0,0.1294,-0.1482,0.9805,0,0,5.0564,0.7196,1]},
{"frame":45,"values":[0.9876,-0.0725,-0.1392,0,0.0907,0.9875,0.1291,0,0.1281,-0.1402,0.9818,0,0,5.0564,0.7196,1]},
{"frame":46,"values":[0.9864,-0.0779,-0.1451,0,0.0953,0.9885,0.1175,0,0.1343,-0.1298,0.9824,0,0,5.0564,0.7196,1]},
{"frame":47,"values":[0.9834,-0.0869,-0.1591,0,0.1045,0.9889,0.1061,0,0.1481,-0.1209,0.9815,0,0,5.0564,0.7196,1]},
{"frame":48,"values":[0.9803,-0.0957,-0.1729,0,0.114,0.9885,0.0993,0,0.1614,-0.1171,0.9799,0,0,5.0564,0.7196,1]},
{"frame":49,"values":[0.9788,-0.1019,-0.1779,0,0.1209,0.9877,0.0993,0,0.1656,-0.1187,0.979,0,0,5.0564,0.7196,1]},
{"frame":50,"values":[0.9795,-0.1045,-0.1725,0,0.1233,0.9871,0.1021,0,0.1596,-0.1213,0.9797,0,0,5.0564,0.7196,1]},
{"frame":51,"values":[0.981,-0.1061,-0.1626,0,0.1241,0.9867,0.1046,0,0.1494,-0.1228,0.9811,0,0,5.0564,0.7196,1]}],"loopBehavior":1,"name":"anim","property":"_matrix"}},
{"name":"HeadTop_End","index":6,"matrix":[1,0,0,0,0,1,0,0,0,0,1,0,0,15.1437,2.155,1],"rest":[1,0,0,0,0,1,0,0,0,0,1,0,0,15.1437,2.155,1],"parentBoneIndex":5,"length":15.2963
,"animation":{"dataType":3,"framePerSecond":24,"keys":[
{"frame":1,"values":[1,0,0,0,0,1,0,0,0,0,1,0,0,15.1437,2.155,1]},
{"frame":51,"values":[1,0,0,0,0,1,0,0,0,0,1,0,0,15.1437,2.155,1]}],"loopBehavior":1,"name":"anim","property":"_matrix"}},
{"name":"LeftShoulder","index":7,"matrix":[0.9848,-0.1541,-0.0803,0,0.1565,0.9873,0.0254,0,0.0753,-0.0376,0.9965,0,3.5285,8.7304,-1.4561,1],"rest":[1,-0.0017,0,0,0.0017,1,0,0,0,0,1,0,3.5285,8.7304,-1.4561,1],"parentBoneIndex":3,"length":7.9526
,"animation":{"dataType":3,"framePerSecond":24,"keys":[
{"frame":1,"values":[0.9848,-0.1541,-0.0803,0,0.1565,0.9873,0.0254,0,0.0753,-0.0376,0.9965,0,3.5285,8.7304,-1.4561,1]},
