{"producer":{"name":"Blender","version":"2.90.0","exporter_version":"2.80.1","file":"fight_righthook.babylon"},
"autoClear":true,"clearColor":[0.0509,0.0509,0.0509],"gravity":[0,-9.81,0],
"materials":[{"name":"Material","id":"Material","customType":"BABYLON.PBRMaterial","backFaceCulling":true,"checkReadyOnlyOnce":false,"maxSimultaneousLights":4,"environmentIntensity":1,"albedo":[0.8,0.8,0.8],"reflectivity":[0.5,0.5,0.5],"roughness":0.4,"alpha":1,"transparencyMode":0,"alphaCutOff":0.4,"metallic":0}],
"multiMaterials":[],
"skeletons":[{"name":"Armature","id":0,"dimensionsAtRest":[128.1663,151.4482,19.1351],"bones":[
{"name":"Hips","index":0,"matrix":[0.739,-0.0602,-0.671,0,-0.0685,0.9841,-0.1638,0,-0.6702,-0.167,-0.7231,0,-0.3523,71.5799,0.4954,1],"rest":[1,0,0,0,0,1,0,0,0,0,-1,0,0,81.0629,0,1],"parentBoneIndex":-1,"length":7.701
,"animation":{"dataType":3,"framePerSecond":24,"keys":[
{"frame":1,"values":[0.739,-0.0602,-0.671,0,-0.0685,0.9841,-0.1638,0,-0.6702,-0.167,-0.7231,0,-0.3523,71.5799,0.4954,1]},
{"frame":2,"values":[0.7306,-0.0534,-0.6807,0,-0.0727,0.9852,-0.1553,0,-0.6789,-0.163,-0.7159,0,-0.4956,71.6281,0.8156,1]},
{"frame":3,"values":[0.7106,-0.0467,-0.7021,0,-0.0781,0.9864,-0.1447,0,-0.6993,-0.1577,-0.6972,0,-0.6283,71.8863,1.2113,1]},
{"frame":4,"values":[0.6725,-0.0401,-0.739,0,-0.0835,0.988,-0.1297,0,-0.7353,-0.1489,-0.6611,0,-0.7248,72.3939,1.6493,1]},
{"frame":5,"values":[0.6131,-0.034,-0.7893,0,-0.0889,0.9898,-0.1117,0,-0.785,-0.1387,-0.6038,0,-0.7829,73.097,2.0696,1]},
{"frame":6,"values":[0.5297,-0.0302,-0.8477,0,-0.0954,0.9909,-0.0949,0,-0.8428,-0.1312,-0.522,0,-0.8188,73.8333,2.4184,1]},
{"frame":7,"values":[0.4255,-0.0293,-0.9045,0,-0.1018,0.9916,-0.08,0,-0.8992,-0.1261,-0.419,0,-0.8342,74.4008,2.6966,1]},
{"frame":8,"values":[0.3053,-0.0321,-0.9517,0,-0.1072,0.9919,-0.0678,0,-0.9462,-0.1227,-0.2994,0,-0.774,74.5807,2.8883,1]},
{"frame":9,"values":[0.1786,-0.0381,-0.9832,0,-0.1123,0.9919,-0.0588,0,-0.9775,-0.1209,-0.1729,0,-0.5961,74.2659,2.9863,1]},
{"frame":10,"values":[0.0504,-0.0467,-0.9976,0,-0.1168,0.9918,-0.0523,0,-0.9919,-0.1191,-0.0445,0,-0.326,73.4695,2.9421,1]},
{"frame":11,"values":[-0.0793,-0.056,-0.9953,0,-0.1204,0.9916,-0.0462,0,-0.9896,-0.1162,0.0854,0,-0.1189,72.2956,2.7057,1]},
{"frame":12,"values":[-0.2031,-0.0654,-0.977,0,-0.1235,0.9915,-0.0407,0,-0.9713,-0.1124,0.2094,0,-0.1177,70.8474,2.2739,1]},
{"frame":13,"values":[-0.3068,-0.0738,-0.9489,0,-0.1239,0.9916,-0.0371,0,-0.9437,-0.1062,0.3133,0,-0.3236,69.2079,1.6684,1]},
{"frame":14,"values":[-0.3761,-0.078,-0.9233,0,-0.1186,0.9923,-0.0355,0,-0.919,-0.0962,0.3825,0,-0.6919,67.4962,0.9028,1]},
{"frame":15,"values":[-0.407,-0.0776,-0.9101,0,-0.108,0.9935,-0.0365,0,-0.907,-0.0834,0.4127,0,-1.1927,65.8754,-0.0114,1]},
{"frame":16,"values":[-0.3875,-0.0724,-0.919,0,-0.0918,0.995,-0.0397,0,-0.9173,-0.069,0.3922,0,-1.7368,64.4983,-1.0461,1]},
{"frame":17,"values":[-0.3099,-0.0646,-0.9486,0,-0.0722,0.9964,-0.0443,0,-0.948,-0.0548,0.3134,0,-2.1744,63.495,-2.0978,1]},
{"frame":18,"values":[-0.1659,-0.0664,-0.9839,0,-0.0555,0.9968,-0.0579,0,-0.9846,-0.045,0.169,0,-2.4956,62.9756,-3.0873,1]},
{"frame":19,"values":[0.0249,-0.0882,-0.9958,0,-0.046,0.9949,-0.0893,0,-0.9986,-0.048,-0.0207,0,-2.8965,63.1226,-4.0317,1]},
{"frame":20,"values":[0.2554,-0.1237,-0.9589,0,-0.0401,0.9896,-0.1383,0,-0.966,-0.0738,-0.2478,0,-3.5702,64.3628,-5.0989,1]},
{"frame":21,"values":[0.5183,-0.1499,-0.842,0,-0.0317,0.9805,-0.194,0,-0.8546,-0.1272,-0.5034,0,-4.425,66.851,-6.5489,1]},
{"frame":22,"values":[0.7737,-0.1347,-0.6191,0,-0.0318,0.9676,-0.2503,0,-0.6328,-0.2134,-0.7443,0,-4.8006,69.589,-8.1426,1]},
{"frame":23,"values":[0.9398,-0.0682,-0.3348,0,-0.0421,0.9493,-0.3115,0,-0.3391,-0.3068,-0.8893,0,-3.9552,71.8711,-9.4321,1]},
{"frame":24,"values":[0.9893,-0.0033,-0.1459,0,-0.0494,0.9329,-0.3567,0,-0.1373,-0.3601,-0.9227,0,-2.3745,73.6619,-10.0359,1]},
{"frame":25,"values":[0.995,0.0204,-0.0974,0,-0.0551,0.9279,-0.3688,0,-0.0829,-0.3723,-0.9244,0,-1.4164,74.593,-10.1662,1]},
{"frame":26,"values":[0.9975,0.0359,-0.0611,0,-0.056,0.9281,-0.3682,0,-0.0435,-0.3707,-0.9277,0,-1.6083,74.5188,-10.472,1]},
{"frame":27,"values":[0.9977,0.0523,0.0438,0,-0.0322,0.9269,-0.3739,0,0.0602,-0.3716,-0.9264,0,-2.296,74.0045,-11.1048,1]},
{"frame":28,"values":[0.9871,0.0457,0.1532,0,0.0145,0.9288,-0.3704,0,0.1592,-0.3679,-0.9162,0,-2.9582,73.4942,-11.9034,1]},
{"frame":29,"values":[0.9774,0.0274,0.2097,0,0.0502,0.933,-0.3563,0,0.2054,-0.3588,-0.9105,0,-3.2755,73.0571,-12.7403,1]},
{"frame":30,"values":[0.9771,0.0125,0.2123,0,0.0634,0.9357,-0.3471,0,0.203,-0.3526,-0.9135,0,-3.1222,72.81,-13.4382,1]},
{"frame":31,"values":[0.9823,-0.0024,0.1873,0,0.068,0.9364,-0.3442,0,0.1746,-0.3508,-0.92,0,-2.71,72.8435,-13.7951,1]},
{"frame":32,"values":[0.9886,-0.0201,0.1494,0,0.0712,0.9358,-0.3452,0,0.1329,-0.3519,-0.9266,0,-2.2991,73.1375,-13.8634,1]},
{"frame":33,"values":[0.9944,-0.0413,0.0973,0,0.0729,0.9343,-0.3488,0,0.0765,-0.354,-0.9321,0,-1.9748,73.4857,-13.7833,1]},
{"frame":34,"values":[0.9974,-0.069,0.0225,0,0.0725,0.9329,-0.3529,0,-0.0034,-0.3536,-0.9354,0,-1.7143,73.7696,-13.5127,1]},
{"frame":35,"values":[0.9928,-0.0996,-0.0671,0,0.0694,0.9319,-0.356,0,-0.098,-0.3488,-0.9321,0,-1.4604,74.028,-13.0021,1]},
{"frame":36,"values":[0.9785,-0.1284,-0.1615,0,0.063,0.9314,-0.3586,0,-0.1964,-0.3407,-0.9194,0,-1.1646,74.1943,-12.3295,1]},
{"frame":37,"values":[0.9549,-0.1513,-0.2554,0,0.0515,0.9317,-0.3595,0,-0.2923,-0.3302,-0.8975,0,-0.8527,74.2174,-11.5484,1]},
{"frame":38,"values":[0.9241,-0.1642,-0.3452,0,0.0335,0.9343,-0.3549,0,-0.3808,-0.3164,-0.8688,0,-0.538,74.0475,-10.7362,1]},
{"frame":39,"values":[0.8873,-0.1694,-0.429,0,0.0129,0.9388,-0.3441,0,-0.461,-0.2998,-0.8352,0,-0.2308,73.6945,-9.9409,1]},
{"frame":40,"values":[0.8438,-0.1704,-0.5089,0,-0.0072,0.9446,-0.3283,0,-0.5366,-0.2807,-0.7958,0,0.0235,73.3161,-9.1485,1]},
{"frame":41,"values":[0.794,-0.169,-0.584,0,-0.0258,0.9504,-0.31,0,-0.6074,-0.2612,-0.7502,0,0.178,73.0004,-8.2814,1]},
{"frame":42,"values":[0.7427,-0.1664,-0.6486,0,-0.0415,0.9553,-0.2926,0,-0.6683,-0.2442,-0.7026,0,0.2541,72.8258,-7.2997,1]},
{"frame":43,"values":[0.6984,-0.1625,-0.697,0,-0.0532,0.9594,-0.277,0,-0.7137,-0.2305,-0.6614,0,0.2645,72.8098,-6.1905,1]},
{"frame":44,"values":[0.6686,-0.155,-0.7273,0,-0.0619,0.9631,-0.2621,0,-0.741,-0.2203,-0.6344,0,0.2705,72.8805,-5.0158,1]},
{"frame":45,"values":[0.6503,-0.1442,-0.7458,0,-0.0689,0.9666,-0.247,0,-0.7565,-0.212,-0.6187,0,0.2831,72.9312,-3.9076,1]},
{"frame":46,"values":[0.6414,-0.1348,-0.7553,0,-0.0716,0.9696,-0.2339,0,-0.7638,-0.2041,-0.6123,0,0.2185,72.9294,-2.9419,1]},
{"frame":47,"values":[0.6424,-0.1276,-0.7556,0,-0.0694,0.9723,-0.2232,0,-0.7632,-0.1958,-0.6158,0,0.0843,72.8831,-2.1211,1]},
{"frame":48,"values":[0.654,-0.1204,-0.7469,0,-0.0646,0.9748,-0.2137,0,-0.7538,-0.188,-0.6297,0,-0.0312,72.7896,-1.4703,1]},
{"frame":49,"values":[0.6713,-0.1119,-0.7327,0,-0.0605,0.977,-0.2046,0,-0.7387,-0.1816,-0.6491,0,-0.1089,72.6272,-0.9893,1]},
{"frame":50,"values":[0.6919,-0.1024,-0.7147,0,-0.0574,0.979,-0.1958,0,-0.7197,-0.1765,-0.6715,0,-0.1776,72.3675,-0.6119,1]},
{"frame":51,"values":[0.7138,-0.0911,-0.6944,0,-0.0565,0.9808,-0.1867,0,-0.6981,-0.1725,-0.6949,0,-0.2414,72.0396,-0.2621,1]},
{"frame":52,"values":[0.7319,-0.0766,-0.6771,0,-0.0605,0.9825,-0.1764,0,-0.6787,-0.1701,-0.7144,0,-0.2992,71.7332,0.1063,1]},
{"frame":53,"values":[0.739,-0.0602,-0.671,0,-0.0685,0.9841,-0.1638,0,-0.6702,-0.167,-0.7231,0,-0.3523,71.5799,0.4954,1]}],"loopBehavior":1,"name":"anim","property":"_matrix"}},
{"name":"Spine","index":1,"matrix":[0.9979,-0.0042,-0.0652,0,0.0092,0.997,0.0764,0,0.0647,-0.0768,0.9949,0,0.009,7.0626,-0.9847,1],"rest":[1,0,0,0,0,1,0,0,0,0,1,0,0.009,7.0626,-0.9847,1],"parentBoneIndex":0,"length":8.3194
,"animation":{"dataType":3,"framePerSecond":24,"keys":[
{"frame":1,"values":[0.9979,-0.0042,-0.0652,0,0.0092,0.997,0.0764,0,0.0647,-0.0768,0.9949,0,0.009,7.0626,-0.9847,1]},
{"frame":2,"values":[0.9979,-0.0042,-0.0645,0,0.0092,0.997,0.0766,0,0.064,-0.077,0.995,0,0.009,7.0626,-0.9847,1]},
{"frame":3,"values":[0.998,-0.0047,-0.0637,0,0.0096,0.997,0.0769,0,0.0632,-0.0773,0.995,0,0.009,7.0626,-0.9847,1]},
{"frame":4,"values":[0.998,-0.0057,-0.0631,0,0.0105,0.9971,0.076,0,0.0625,-0.0765,0.9951,0,0.009,7.0626,-0.9847,1]},
{"frame":5,"values":[0.9981,-0.0065,-0.0616,0,0.0111,0.9972,0.0738,0,0.061,-0.0743,0.9954,0,0.009,7.0626,-0.9847,1]},
{"frame":6,"values":[0.9983,-0.0072,-0.0585,0,0.0114,0.9974,0.0718,0,0.0579,-0.0724,0.9957,0,0.009,7.0626,-0.9847,1]},
{"frame":7,"values":[0.9985,-0.0079,-0.0538,0,0.0117,0.9974,0.0704,0,0.0531,-0.071,0.9961,0,0.009,7.0626,-0.9847,1]},
{"frame":8,"values":[0.9989,-0.0063,-0.0463,0,0.0095,0.9975,0.0705,0,0.0457,-0.0709,0.9964,0,0.009,7.0626,-0.9847,1]},
{"frame":9,"values":[0.9994,-0.0016,-0.0343,0,0.0041,0.9972,0.0743,0,0.0341,-0.0744,0.9966,0,0.009,7.0626,-0.9847,1]},
{"frame":10,"values":[0.9999,0.004,-0.0149,0,-0.0028,0.9966,0.0823,0,0.0151,-0.0822,0.9965,0,0.009,7.0626,-0.9847,1]},
{"frame":11,"values":[0.9999,0.008,0.0109,0,-0.009,0.9957,0.0919,0,-0.0101,-0.092,0.9957,0,0.009,7.0626,-0.9847,1]},
{"frame":12,"values":[0.9993,0.01,0.0372,0,-0.0138,0.9948,0.1011,0,-0.036,-0.1016,0.9942,0,0.009,7.0626,-0.9847,1]},
{"frame":13,"values":[0.9982,0.011,0.0591,0,-0.0175,0.9938,0.1097,0,-0.0575,-0.1105,0.9922,0,0.009,7.0626,-0.9847,1]},
{"frame":14,"values":[0.997,0.0121,0.0767,0,-0.0211,0.9929,0.1174,0,-0.0747,-0.1187,0.9901,0,0.009,7.0626,-0.9847,1]},
{"frame":15,"values":[0.9958,0.0144,0.0907,0,-0.0255,0.992,0.1234,0,-0.0882,-0.1252,0.9882,0,0.009,7.0626,-0.9847,1]},
{"frame":16,"values":[0.995,0.0185,0.0986,0,-0.0309,0.9917,0.125,0,-0.0955,-0.1274,0.9872,0,0.009,7.0626,-0.9847,1]},
{"frame":17,"values":[0.9947,0.0241,0.1002,0,-0.0362,0.992,0.1212,0,-0.0965,-0.1241,0.9876,0,0.009,7.0626,-0.9847,1]},
{"frame":18,"values":[0.9947,0.0315,0.0974,0,-0.0424,0.9928,0.1124,0,-0.0932,-0.1159,0.9889,0,0.009,7.0626,-0.9847,1]},
{"frame":19,"values":[0.9948,0.0418,0.0929,0,-0.0511,0.9937,0.0996,0,-0.0882,-0.1039,0.9907,0,0.009,7.0626,-0.9847,1]},
{"frame":20,"values":[0.9951,0.0544,0.083,0,-0.0612,0.9948,0.0818,0,-0.0781,-0.0865,0.9932,0,0.009,7.0626,-0.9847,1]},
{"frame":21,"values":[0.9961,0.0632,0.0611,0,-0.0669,0.9959,0.0606,0,-0.057,-0.0644,0.9963,0,0.009,7.0626,-0.9847,1]},
{"frame":22,"values":[0.9982,0.0542,0.0239,0,-0.0552,0.9976,0.0428,0,-0.0215,-0.0441,0.9988,0,0.009,7.0626,-0.9847,1]},
{"frame":23,"values":[0.9991,0.0339,-0.0263,0,-0.0329,0.9988,0.0353,0,0.0275,-0.0344,0.999,0,0.009,7.0626,-0.9847,1]},
{"frame":24,"values":[0.997,0.0161,-0.0754,0,-0.0134,0.9993,0.0361,0,0.0759,-0.035,0.9965,0,0.009,7.0626,-0.9847,1]},
{"frame":25,"values":[0.9945,0.0069,-0.1046,0,-0.003,0.9993,0.0373,0,0.1048,-0.0368,0.9938,0,0.009,7.0626,-0.9847,1]},
{"frame":26,"values":[0.9933,0.0025,-0.1154,0,0.0022,0.9992,0.0398,0,0.1154,-0.0398,0.9925,0,0.009,7.0626,-0.9847,1]},
{"frame":27,"values":[0.9928,0.0006,-0.1195,0,0.0047,0.999,0.044,0,0.1194,-0.0443,0.9919,0,0.009,7.0626,-0.9847,1]},
{"frame":28,"values":[0.9933,0.0046,-0.1159,0,0.001,0.9988,0.0484,0,0.1159,-0.0482,0.9921,0,0.009,7.0626,-0.9847,1]},
{"frame":29,"values":[0.9941,0.0064,-0.1082,0,-0.0009,0.9987,0.0507,0,0.1084,-0.0503,0.9928,0,0.009,7.0626,-0.9847,1]},
{"frame":30,"values":[0.9943,0.0035,-0.1064,0,0.0019,0.9987,0.0504,0,0.1064,-0.0503,0.993,0,0.009,7.0626,-0.9847,1]},
{"frame":31,"values":[0.9939,0.001,-0.1103,0,0.0045,0.9988,0.0495,0,0.1102,-0.0497,0.9927,0,0.009,7.0626,-0.9847,1]},
{"frame":32,"values":[0.9936,0.0002,-0.1127,0,0.0054,0.9988,0.049,0,0.1126,-0.0493,0.9924,0,0.009,7.0626,-0.9847,1]},
{"frame":33,"values":[0.9938,-0.0005,-0.1111,0,0.0059,0.9988,0.0486,0,0.1109,-0.049,0.9926,0,0.009,7.0626,-0.9847,1]},
{"frame":34,"values":[0.9943,-0.0012,-0.1062,0,0.0066,0.9987,0.0498,0,0.106,-0.0502,0.9931,0,0.009,7.0626,-0.9847,1]},
{"frame":35,"values":[0.995,-0.0025,-0.0998,0,0.0078,0.9986,0.0532,0,0.0996,-0.0537,0.9936,0,0.009,7.0626,-0.9847,1]},
{"frame":36,"values":[0.9956,-0.0039,-0.0938,0,0.0093,0.9983,0.0574,0,0.0934,-0.058,0.9939,0,0.009,7.0626,-0.9847,1]},
{"frame":37,"values":[0.9961,-0.0052,-0.0885,0,0.0107,0.9981,0.0614,0,0.088,-0.0621,0.9942,0,0.009,7.0626,-0.9847,1]},
{"frame":38,"values":[0.9965,-0.0066,-0.0834,0,0.0121,0.9978,0.0657,0,0.0828,-0.0664,0.9944,0,0.009,7.0626,-0.9847,1]},
{"frame":39,"values":[0.9968,-0.0071,-0.0791,0,0.0127,0.9975,0.0693,0,0.0784,-0.0701,0.9945,0,0.009,7.0626,-0.9847,1]},
{"frame":40,"values":[0.997,-0.0068,-0.0765,0,0.0123,0.9973,0.072,0,0.0758,-0.0727,0.9945,0,0.009,7.0626,-0.9847,1]},
{"frame":41,"values":[0.9972,-0.0062,-0.0743,0,0.0117,0.9972,0.0741,0,0.0736,-0.0748,0.9945,0,0.009,7.0626,-0.9847,1]},
{"frame":42,"values":[0.9975,-0.0058,-0.0707,0,0.0112,0.9971,0.0757,0,0.0701,-0.0763,0.9946,0,0.009,7.0626,-0.9847,1]},
{"frame":43,"values":[0.9977,-0.006,-0.0673,0,0.0112,0.997,0.0766,0,0.0666,-0.0771,0.9948,0,0.009,7.0626,-0.9847,1]},
{"frame":44,"values":[0.9979,-0.0066,-0.065,0,0.0116,0.997,0.0767,0,0.0643,-0.0773,0.9949,0,0.009,7.0626,-0.9847,1]},
{"frame":45,"values":[0.998,-0.007,-0.0632,0,0.0119,0.997,0.0767,0,0.0625,-0.0773,0.9951,0,0.009,7.0626,-0.9847,1]},
{"frame":46,"values":[0.9981,-0.0058,-0.0606,0,0.0104,0.997,0.0764,0,0.06,-0.0769,0.9952,0,0.009,7.0626,-0.9847,1]},
{"frame":47,"values":[0.9984,-0.0036,-0.0572,0,0.0079,0.9971,0.0757,0,0.0567,-0.076,0.9955,0,0.009,7.0626,-0.9847,1]},
{"frame":48,"values":[0.9985,-0.0015,-0.0539,0,0.0056,0.9972,0.0751,0,0.0536,-0.0753,0.9957,0,0.009,7.0626,-0.9847,1]},
{"frame":49,"values":[0.9986,-0.0004,-0.052,0,0.0044,0.9972,0.075,0,0.0518,-0.0752,0.9958,0,0.009,7.0626,-0.9847,1]},
{"frame":50,"values":[0.9986,-0.0003,-0.0526,0,0.0043,0.9972,0.075,0,0.0524,-0.0751,0.9958,0,0.009,7.0626,-0.9847,1]},
{"frame":51,"values":[0.9985,-0.0009,-0.0556,0,0.005,0.9972,0.0749,0,0.0554,-0.0751,0.9956,0,0.009,7.0626,-0.9847,1]},
{"frame":52,"values":[0.9982,-0.0023,-0.0604,0,0.0069,0.9971,0.0754,0,0.0601,-0.0757,0.9953,0,0.009,7.0626,-0.9847,1]},
{"frame":53,"values":[0.9979,-0.0042,-0.0652,0,0.0092,0.997,0.0764,0,0.0647,-0.0768,0.9949,0,0.009,7.0626,-0.9847,1]}],"loopBehavior":1,"name":"anim","property":"_matrix"}},
{"name":"Spine1","index":2,"matrix":[0.9995,0.0187,-0.0245,0,-0.0186,0.9998,0.0039,0,0.0245,-0.0034,0.9997,0,0.0124,8.2397,-1.1488,1],"rest":[1,0,0,0,0,1,0,0,0,0,1,0,0.0124,8.2397,-1.1488,1],"parentBoneIndex":1,"length":9.5079
,"animation":{"dataType":3,"framePerSecond":24,"keys":[
{"frame":1,"values":[0.9995,0.0187,-0.0245,0,-0.0186,0.9998,0.0039,0,0.0245,-0.0034,0.9997,0,0.0124,8.2397,-1.1488,1]},
{"frame":2,"values":[0.9995,0.0186,-0.0243,0,-0.0185,0.9998,0.0042,0,0.0243,-0.0037,0.9997,0,0.0124,8.2397,-1.1488,1]},
{"frame":3,"values":[0.9995,0.0183,-0.0241,0,-0.0182,0.9998,0.0041,0,0.0241,-0.0037,0.9997,0,0.0124,8.2397,-1.1488,1]},
{"frame":4,"values":[0.9996,0.0178,-0.024,0,-0.0177,0.9998,0.004,0,0.0241,-0.0036,0.9997,0,0.0124,8.2397,-1.1488,1]},
{"frame":5,"values":[0.9996,0.0174,-0.0236,0,-0.0173,0.9998,0.0043,0,0.0237,-0.0039,0.9997,0,0.0124,8.2397,-1.1488,1]},
{"frame":6,"values":[0.9996,0.0169,-0.0226,0,-0.0168,0.9998,0.0048,0,0.0227,-0.0044,0.9997,0,0.0124,8.2397,-1.1488,1]},
{"frame":7,"values":[0.9997,0.016,-0.0209,0,-0.0159,0.9999,0.0054,0,0.021,-0.0051,0.9998,0,0.0124,8.2397,-1.1488,1]},
{"frame":8,"values":[0.9997,0.0145,-0.0181,0,-0.0144,0.9999,0.0061,0,0.0182,-0.0058,0.9998,0,0.0124,8.2397,-1.1488,1]},
{"frame":9,"values":[0.9998,0.0123,-0.0136,0,-0.0123,0.9999,0.0063,0,0.0136,-0.0061,0.9999,0,0.0124,8.2397,-1.1488,1]},
{"frame":10,"values":[0.9999,0.0098,-0.0061,0,-0.0098,0.9999,0.0057,0,0.0061,-0.0057,1,0,0.0124,8.2397,-1.1488,1]},
{"frame":11,"values":[1,0.0074,0.0039,0,-0.0074,1,0.0046,0,-0.0038,-0.0046,1,0,0.0124,8.2397,-1.1488,1]},
{"frame":12,"values":[0.9999,0.0048,0.014,0,-0.0048,1,0.0025,0,-0.0139,-0.0026,0.9999,0,0.0124,8.2397,-1.1488,1]},
{"frame":13,"values":[0.9998,0.0022,0.0222,0,-0.0022,1,-0.0001,0,-0.0222,0,0.9998,0,0.0124,8.2397,-1.1488,1]},
{"frame":14,"values":[0.9996,0.0003,0.0287,0,-0.0002,1,-0.0027,0,-0.0287,0.0027,0.9996,0,0.0124,8.2397,-1.1488,1]},
{"frame":15,"values":[0.9994,-0.0007,0.0339,0,0.0009,1,-0.0056,0,-0.0339,0.0057,0.9994,0,0.0124,8.2397,-1.1488,1]},
{"frame":16,"values":[0.9993,-0.0017,0.0367,0,0.002,1,-0.0084,0,-0.0367,0.0085,0.9993,0,0.0124,8.2397,-1.1488,1]},
{"frame":17,"values":[0.9993,-0.0041,0.0372,0,0.0045,0.9999,-0.0104,0,-0.0371,0.0106,0.9993,0,0.0124,8.2397,-1.1488,1]},
{"frame":18,"values":[0.9993,-0.0076,0.0362,0,0.008,0.9999,-0.0114,0,-0.0361,0.0116,0.9993,0,0.0124,8.2397,-1.1488,1]},
{"frame":19,"values":[0.9993,-0.0111,0.0348,0,0.0115,0.9999,-0.0115,0,-0.0347,0.0119,0.9993,0,0.0124,8.2397,-1.1488,1]},
{"frame":20,"values":[0.9994,-0.0155,0.0316,0,0.0158,0.9998,-0.0104,0,-0.0314,0.0109,0.9994,0,0.0124,8.2397,-1.1488,1]},
{"frame":21,"values":[0.9995,-0.0217,0.0238,0,0.0218,0.9997,-0.0073,0,-0.0237,0.0078,0.9997,0,0.0124,8.2397,-1.1488,1]},
{"frame":22,"values":[0.9997,-0.0241,0.0101,0,0.0241,0.9997,-0.0015,0,-0.01,0.0017,0.9999,0,0.0124,8.2397,-1.1488,1]},
{"frame":23,"values":[0.9999,-0.0124,-0.0093,0,0.0124,0.9999,0.0027,0,0.0093,-0.0028,1,0,0.0124,8.2397,-1.1488,1]},
{"frame":24,"values":[0.9995,0.0087,-0.029,0,-0.0087,1,0.0008,0,0.029,-0.0005,0.9996,0,0.0124,8.2397,-1.1488,1]},
{"frame":25,"values":[0.9989,0.0212,-0.041,0,-0.0211,0.9998,0.0014,0,0.041,-0.0006,0.9992,0,0.0124,8.2397,-1.1488,1]},
{"frame":26,"values":[0.9987,0.0211,-0.0455,0,-0.0209,0.9998,0.0047,0,0.0455,-0.0037,0.999,0,0.0124,8.2397,-1.1488,1]},
{"frame":27,"values":[0.9987,0.0178,-0.0472,0,-0.0176,0.9998,0.0054,0,0.0472,-0.0046,0.9989,0,0.0124,8.2397,-1.1488,1]},
{"frame":28,"values":[0.9988,0.0164,-0.0454,0,-0.0161,0.9998,0.0074,0,0.0455,-0.0067,0.9989,0,0.0124,8.2397,-1.1488,1]},
{"frame":29,"values":[0.999,0.0157,-0.042,0,-0.0154,0.9998,0.0091,0,0.0421,-0.0084,0.9991,0,0.0124,8.2397,-1.1488,1]},
{"frame":30,"values":[0.999,0.0157,-0.041,0,-0.0154,0.9998,0.0083,0,0.0412,-0.0077,0.9991,0,0.0124,8.2397,-1.1488,1]},
{"frame":31,"values":[0.999,0.0165,-0.0425,0,-0.0162,0.9998,0.0072,0,0.0426,-0.0066,0.9991,0,0.0124,8.2397,-1.1488,1]},
{"frame":32,"values":[0.9989,0.017,-0.0436,0,-0.0167,0.9998,0.0067,0,0.0437,-0.006,0.999,0,0.0124,8.2397,-1.1488,1]},
{"frame":33,"values":[0.9989,0.0162,-0.043,0,-0.016,0.9999,0.0059,0,0.0431,-0.0052,0.9991,0,0.0124,8.2397,-1.1488,1]},
{"frame":34,"values":[0.9991,0.0144,-0.041,0,-0.0142,0.9999,0.0052,0,0.0411,-0.0046,0.9991,0,0.0124,8.2397,-1.1488,1]},
{"frame":35,"values":[0.9992,0.0129,-0.0384,0,-0.0127,0.9999,0.0048,0,0.0385,-0.0043,0.9992,0,0.0124,8.2397,-1.1488,1]},
{"frame":36,"values":[0.9993,0.012,-0.036,0,-0.0119,0.9999,0.0043,0,0.036,-0.0039,0.9993,0,0.0124,8.2397,-1.1488,1]},
{"frame":37,"values":[0.9994,0.0113,-0.0338,0,-0.0111,0.9999,0.0037,0,0.0339,-0.0033,0.9994,0,0.0124,8.2397,-1.1488,1]},
{"frame":38,"values":[0.9994,0.0103,-0.0317,0,-0.0102,0.9999,0.0031,0,0.0317,-0.0028,0.9995,0,0.0124,8.2397,-1.1488,1]},
{"frame":39,"values":[0.9995,0.0098,-0.0299,0,-0.0097,1,0.0024,0,0.0299,-0.0021,0.9996,0,0.0124,8.2397,-1.1488,1]},
{"frame":40,"values":[0.9995,0.0097,-0.0287,0,-0.0096,1,0.0017,0,0.0288,-0.0015,0.9996,0,0.0124,8.2397,-1.1488,1]},
{"frame":41,"values":[0.9996,0.0099,-0.0278,0,-0.0099,1,0.0011,0,0.0278,-0.0008,0.9996,0,0.0124,8.2397,-1.1488,1]},
{"frame":42,"values":[0.9996,0.0111,-0.0263,0,-0.0111,0.9999,0.0004,0,0.0263,-0.0001,0.9997,0,0.0124,8.2397,-1.1488,1]},
{"frame":43,"values":[0.9996,0.013,-0.0248,0,-0.013,0.9999,0,0,0.0247,0.0003,0.9997,0,0.0124,8.2397,-1.1488,1]},
{"frame":44,"values":[0.9996,0.0151,-0.0238,0,-0.0151,0.9999,0.0003,0,0.0238,0,0.9997,0,0.0124,8.2397,-1.1488,1]},
{"frame":45,"values":[0.9996,0.0167,-0.0231,0,-0.0167,0.9999,0.0009,0,0.0232,-0.0005,0.9997,0,0.0124,8.2397,-1.1488,1]},
{"frame":46,"values":[0.9996,0.0172,-0.0223,0,-0.0172,0.9999,0.0014,0,0.0223,-0.001,0.9998,0,0.0124,8.2397,-1.1488,1]},
{"frame":47,"values":[0.9996,0.0172,-0.021,0,-0.0172,0.9999,0.002,0,0.0211,-0.0017,0.9998,0,0.0124,8.2397,-1.1488,1]},
{"frame":48,"values":[0.9997,0.0173,-0.0198,0,-0.0173,0.9998,0.003,0,0.0199,-0.0027,0.9998,0,0.0124,8.2397,-1.1488,1]},
{"frame":49,"values":[0.9997,0.0176,-0.0191,0,-0.0175,0.9998,0.0039,0,0.0192,-0.0035,0.9998,0,0.0124,8.2397,-1.1488,1]},
{"frame":50,"values":[0.9997,0.0179,-0.0194,0,-0.0179,0.9998,0.0043,0,0.0194,-0.004,0.9998,0,0.0124,8.2397,-1.1488,1]},
{"frame":51,"values":[0.9996,0.0183,-0.0206,0,-0.0182,0.9998,0.0045,0,0.0206,-0.0041,0.9998,0,0.0124,8.2397,-1.1488,1]},
{"frame":52,"values":[0.9996,0.0186,-0.0225,0,-0.0185,0.9998,0.0042,0,0.0226,-0.0038,0.9997,0,0.0124,8.2397,-1.1488,1]},
{"frame":53,"values":[0.9995,0.0187,-0.0245,0,-0.0186,0.9998,0.0039,0,0.0245,-0.0034,0.9997,0,0.0124,8.2397,-1.1488,1]}],"loopBehavior":1,"name":"anim","property":"_matrix"}},
{"name":"Spine2","index":3,"matrix":[0.9995,0.018,-0.0263,0,-0.0179,0.9998,0.0034,0,0.0263,-0.0029,0.9996,0,0.0142,9.4168,-1.313,1],"rest":[1,0,0,0,0,1,0,0,0,0,1,0,0.0142,9.4168,-1.313,1],"parentBoneIndex":2,"length":9.9132
,"animation":{"dataType":3,"framePerSecond":24,"keys":[
{"frame":1,"values":[0.9995,0.018,-0.0263,0,-0.0179,0.9998,0.0034,0,0.0263,-0.0029,0.9996,0,0.0142,9.4168,-1.313,1]},
{"frame":2,"values":[0.9995,0.0179,-0.026,0,-0.0178,0.9998,0.0037,0,0.0261,-0.0032,0.9997,0,0.0142,9.4168,-1.313,1]},
{"frame":3,"values":[0.9995,0.0176,-0.0258,0,-0.0175,0.9998,0.0036,0,0.0259,-0.0032,0.9997,0,0.0142,9.4168,-1.313,1]},
{"frame":4,"values":[0.9995,0.0171,-0.0257,0,-0.017,0.9998,0.0035,0,0.0257,-0.0031,0.9997,0,0.0142,9.4168,-1.313,1]},
{"frame":5,"values":[0.9995,0.0167,-0.0252,0,-0.0166,0.9999,0.0039,0,0.0253,-0.0035,0.9997,0,0.0142,9.4168,-1.313,1]},
{"frame":6,"values":[0.9996,0.0163,-0.0241,0,-0.0162,0.9999,0.0044,0,0.0242,-0.004,0.9997,0,0.0142,9.4168,-1.313,1]},
{"frame":7,"values":[0.9996,0.0155,-0.0223,0,-0.0154,0.9999,0.005,0,0.0224,-0.0047,0.9997,0,0.0142,9.4168,-1.313,1]},
{"frame":8,"values":[0.9997,0.0141,-0.0194,0,-0.014,0.9999,0.0058,0,0.0195,-0.0055,0.9998,0,0.0142,9.4168,-1.313,1]},
{"frame":9,"values":[0.9998,0.012,-0.0146,0,-0.0119,0.9999,0.0061,0,0.0147,-0.006,0.9999,0,0.0142,9.4168,-1.313,1]},
{"frame":10,"values":[0.9999,0.0097,-0.007,0,-0.0096,0.9999,0.0057,0,0.007,-0.0056,1,0,0.0142,9.4168,-1.313,1]},
{"frame":11,"values":[1,0.0075,0.0032,0,-0.0075,1,0.0046,0,-0.0032,-0.0046,1,0,0.0142,9.4168,-1.313,1]},
{"frame":12,"values":[0.9999,0.0053,0.0137,0,-0.0054,1,0.0025,0,-0.0137,-0.0026,0.9999,0,0.0142,9.4168,-1.313,1]},
{"frame":13,"values":[0.9997,0.0032,0.0224,0,-0.0032,1,-0.0001,0,-0.0224,0.0001,0.9998,0,0.0142,9.4168,-1.313,1]},
{"frame":14,"values":[0.9996,0.0018,0.0293,0,-0.0017,1,-0.0029,0,-0.0293,0.0029,0.9996,0,0.0142,9.4168,-1.313,1]},
{"frame":15,"values":[0.9994,0.0012,0.0348,0,-0.001,1,-0.0059,0,-0.0348,0.0059,0.9994,0,0.0142,9.4168,-1.313,1]},
{"frame":16,"values":[0.9993,0.0005,0.0379,0,-0.0002,1,-0.0089,0,-0.0379,0.0089,0.9992,0,0.0142,9.4168,-1.313,1]},
{"frame":17,"values":[0.9993,-0.0018,0.0385,0,0.0022,0.9999,-0.011,0,-0.0385,0.0111,0.9992,0,0.0142,9.4168,-1.313,1]},
{"frame":18,"values":[0.9993,-0.0054,0.0377,0,0.0059,0.9999,-0.0122,0,-0.0377,0.0124,0.9992,0,0.0142,9.4168,-1.313,1]},
{"frame":19,"values":[0.9993,-0.0092,0.0364,0,0.0097,0.9999,-0.0125,0,-0.0363,0.0128,0.9993,0,0.0142,9.4168,-1.313,1]},
{"frame":20,"values":[0.9994,-0.014,0.0331,0,0.0144,0.9998,-0.0116,0,-0.033,0.0121,0.9994,0,0.0142,9.4168,-1.313,1]},
{"frame":21,"values":[0.9995,-0.0208,0.0253,0,0.021,0.9997,-0.0084,0,-0.0251,0.0089,0.9996,0,0.0142,9.4168,-1.313,1]},
{"frame":22,"values":[0.9997,-0.0239,0.0113,0,0.0239,0.9997,-0.0019,0,-0.0112,0.0022,0.9999,0,0.0142,9.4168,-1.313,1]},
{"frame":23,"values":[0.9999,-0.0125,-0.0088,0,0.0125,0.9999,0.003,0,0.0088,-0.0031,1,0,0.0142,9.4168,-1.313,1]},
{"frame":24,"values":[0.9995,0.0083,-0.0293,0,-0.0083,1,0.0007,0,0.0294,-0.0005,0.9996,0,0.0142,9.4168,-1.313,1]},
{"frame":25,"values":[0.9989,0.0206,-0.0418,0,-0.0205,0.9998,0.0008,0,0.0418,0.0001,0.9991,0,0.0142,9.4168,-1.313,1]},
{"frame":26,"values":[0.9987,0.0205,-0.0463,0,-0.0203,0.9998,0.0039,0,0.0464,-0.0029,0.9989,0,0.0142,9.4168,-1.313,1]},
{"frame":27,"values":[0.9987,0.0172,-0.048,0,-0.017,0.9998,0.0047,0,0.0481,-0.0039,0.9988,0,0.0142,9.4168,-1.313,1]},
{"frame":28,"values":[0.9988,0.0158,-0.0462,0,-0.0155,0.9999,0.0068,0,0.0463,-0.0061,0.9989,0,0.0142,9.4168,-1.313,1]},
{"frame":29,"values":[0.999,0.0152,-0.0428,0,-0.0149,0.9999,0.0086,0,0.0429,-0.0079,0.999,0,0.0142,9.4168,-1.313,1]},
{"frame":30,"values":[0.999,0.0152,-0.0419,0,-0.0149,0.9999,0.0078,0,0.042,-0.0071,0.9991,0,0.0142,9.4168,-1.313,1]},
{"frame":31,"values":[0.9989,0.0159,-0.0434,0,-0.0156,0.9999,0.0066,0,0.0435,-0.0059,0.999,0,0.0142,9.4168,-1.313,1]},
{"frame":32,"values":[0.9989,0.0164,-0.0445,0,-0.0161,0.9999,0.006,0,0.0446,-0.0053,0.999,0,0.0142,9.4168,-1.313,1]},
{"frame":33,"values":[0.9989,0.0156,-0.044,0,-0.0153,0.9999,0.0052,0,0.044,-0.0045,0.999,0,0.0142,9.4168,-1.313,1]},
{"frame":34,"values":[0.999,0.0138,-0.0419,0,-0.0136,0.9999,0.0046,0,0.042,-0.004,0.9991,0,0.0142,9.4168,-1.313,1]},
{"frame":35,"values":[0.9992,0.0122,-0.0393,0,-0.012,0.9999,0.0043,0,0.0394,-0.0038,0.9992,0,0.0142,9.4168,-1.313,1]},
{"frame":36,"values":[0.9993,0.0113,-0.0369,0,-0.0112,0.9999,0.0038,0,0.037,-0.0034,0.9993,0,0.0142,9.4168,-1.313,1]},
{"frame":37,"values":[0.9993,0.0105,-0.0348,0,-0.0104,0.9999,0.0032,0,0.0348,-0.0029,0.9994,0,0.0142,9.4168,-1.313,1]},
{"frame":38,"values":[0.9994,0.0095,-0.0327,0,-0.0094,1,0.0027,0,0.0327,-0.0023,0.9995,0,0.0142,9.4168,-1.313,1]},
{"frame":39,"values":[0.9995,0.009,-0.0309,0,-0.0089,1,0.0019,0,0.0309,-0.0017,0.9995,0,0.0142,9.4168,-1.313,1]},
{"frame":40,"values":[0.9995,0.0089,-0.0298,0,-0.0088,1,0.0013,0,0.0298,-0.001,0.9996,0,0.0142,9.4168,-1.313,1]},
{"frame":41,"values":[0.9995,0.0091,-0.0288,0,-0.0091,1,0.0007,0,0.0288,-0.0004,0.9996,0,0.0142,9.4168,-1.313,1]},
{"frame":42,"values":[0.9996,0.0103,-0.0274,0,-0.0103,0.9999,-0.0001,0,0.0274,0.0004,0.9996,0,0.0142,9.4168,-1.313,1]},
{"frame":43,"values":[0.9996,0.0122,-0.0261,0,-0.0122,0.9999,-0.0005,0,0.0261,0.0008,0.9997,0,0.0142,9.4168,-1.313,1]},
{"frame":44,"values":[0.9996,0.0144,-0.0253,0,-0.0144,0.9999,-0.0002,0,0.0253,0.0005,0.9997,0,0.0142,9.4168,-1.313,1]},
{"frame":45,"values":[0.9996,0.016,-0.0248,0,-0.016,0.9999,0.0004,0,0.0248,0,0.9997,0,0.0142,9.4168,-1.313,1]},
{"frame":46,"values":[0.9996,0.0165,-0.0239,0,-0.0165,0.9999,0.0009,0,0.0239,-0.0005,0.9997,0,0.0142,9.4168,-1.313,1]},
{"frame":47,"values":[0.9996,0.0166,-0.0226,0,-0.0166,0.9999,0.0016,0,0.0227,-0.0012,0.9997,0,0.0142,9.4168,-1.313,1]},
{"frame":48,"values":[0.9996,0.0168,-0.0214,0,-0.0167,0.9999,0.0027,0,0.0215,-0.0023,0.9998,0,0.0142,9.4168,-1.313,1]},
{"frame":49,"values":[0.9996,0.0171,-0.0207,0,-0.017,0.9998,0.0035,0,0.0208,-0.0031,0.9998,0,0.0142,9.4168,-1.313,1]},
{"frame":50,"values":[0.9996,0.0175,-0.021,0,-0.0174,0.9998,0.004,0,0.021,-0.0036,0.9998,0,0.0142,9.4168,-1.313,1]},
{"frame":51,"values":[0.9996,0.0178,-0.0222,0,-0.0177,0.9998,0.0041,0,0.0223,-0.0037,0.9997,0,0.0142,9.4168,-1.313,1]},
{"frame":52,"values":[0.9995,0.0179,-0.0242,0,-0.0179,0.9998,0.0038,0,0.0243,-0.0034,0.9997,0,0.0142,9.4168,-1.313,1]},
{"frame":53,"values":[0.9995,0.018,-0.0263,0,-0.0179,0.9998,0.0034,0,0.0263,-0.0029,0.9996,0,0.0142,9.4168,-1.313,1]}],"loopBehavior":1,"name":"anim","property":"_matrix"}},
{"name":"Neck","index":4,"matrix":[0.9924,-0.1231,0.0043,0,0.1228,0.9918,0.0367,0,-0.0088,-0.0359,0.9993,0,0.016,10.5938,-1.4771,1],"rest":[1,0,0,0,0,1,0,0,0,0,1,0,0.016,10.5938,-1.4771,1],"parentBoneIndex":3,"length":5.1073
,"animation":{"dataType":3,"framePerSecond":24,"keys":[
{"frame":1,"values":[0.9924,-0.1231,0.0043,0,0.1228,0.9918,0.0367,0,-0.0088,-0.0359,0.9993,0,0.016,10.5938,-1.4771,1]},
{"frame":2,"values":[0.9927,-0.1205,-0.0009,0,0.1204,0.9919,0.0393,0,-0.0038,-0.0392,0.9992,0,0.016,10.5938,-1.4771,1]},
{"frame":3,"values":[0.9928,-0.1194,-0.0082,0,0.1197,0.9919,0.0429,0,0.003,-0.0435,0.999,0,0.016,10.5938,-1.4771,1]},
{"frame":4,"values":[0.9924,-0.1215,-0.0182,0,0.1224,0.991,0.055,0,0.0113,-0.0569,0.9983,0,0.016,10.5938,-1.4771,1]},
{"frame":5,"values":[0.9909,-0.1308,-0.0321,0,0.1327,0.9888,0.0687,0,0.0228,-0.0723,0.9971,0,0.016,10.5938,-1.4771,1]},
{"frame":6,"values":[0.9883,-0.1447,-0.0476,0,0.1477,0.9867,0.0681,0,0.0371,-0.0743,0.9965,0,0.016,10.5938,-1.4771,1]},
{"frame":7,"values":[0.986,-0.1554,-0.0608,0,0.1589,0.9856,0.0572,0,0.051,-0.0661,0.9965,0,0.016,10.5938,-1.4771,1]},
{"frame":8,"values":[0.9847,-0.1594,-0.0697,0,0.1626,0.9858,0.0429,0,0.0619,-0.0536,0.9966,0,0.016,10.5938,-1.4771,1]},
{"frame":9,"values":[0.9843,-0.1593,-0.0754,0,0.1618,0.9865,0.0271,0,0.0701,-0.0388,0.9968,0,0.016,10.5938,-1.4771,1]},
{"frame":10,"values":[0.9836,-0.1609,-0.081,0,0.1623,0.9867,0.0117,0,0.0781,-0.0247,0.9966,0,0.016,10.5938,-1.4771,1]},
{"frame":11,"values":[0.9826,-0.1659,-0.0833,0,0.1664,0.9861,-0.0005,0,0.0823,-0.0133,0.9965,0,0.016,10.5938,-1.4771,1]},
{"frame":12,"values":[0.9825,-0.1694,-0.0779,0,0.1691,0.9855,-0.0096,0,0.0784,-0.0038,0.9969,0,0.016,10.5938,-1.4771,1]},
{"frame":13,"values":[0.9835,-0.1688,-0.0655,0,0.1683,0.9857,-0.0122,0,0.0666,0.001,0.9978,0,0.016,10.5938,-1.4771,1]},
{"frame":14,"values":[0.9832,-0.175,-0.0512,0,0.1749,0.9846,-0.0063,0,0.0515,-0.0027,0.9987,0,0.016,10.5938,-1.4771,1]},
{"frame":15,"values":[0.9804,-0.1931,-0.038,0,0.1935,0.9811,0.0068,0,0.036,-0.014,0.9993,0,0.016,10.5938,-1.4771,1]},
{"frame":16,"values":[0.9755,-0.2187,-0.0256,0,0.2194,0.9752,0.0306,0,0.0183,-0.0355,0.9992,0,0.016,10.5938,-1.4771,1]},
{"frame":17,"values":[0.9705,-0.2409,-0.0091,0,0.241,0.9683,0.0659,0,-0.0071,-0.0662,0.9978,0,0.016,10.5938,-1.4771,1]},
{"frame":18,"values":[0.9705,-0.2404,0.0177,0,0.2375,0.9662,0.1004,0,-0.0413,-0.0932,0.9948,0,0.016,10.5938,-1.4771,1]},
{"frame":19,"values":[0.9752,-0.2147,0.0542,0,0.2075,0.9715,0.1149,0,-0.0774,-0.1008,0.9919,0,0.016,10.5938,-1.4771,1]},
{"frame":20,"values":[0.9801,-0.1727,0.0982,0,0.1621,0.9809,0.1073,0,-0.1149,-0.0892,0.9894,0,0.016,10.5938,-1.4771,1]},
{"frame":21,"values":[0.982,-0.1164,0.1484,0,0.1048,0.991,0.0838,0,-0.1569,-0.0668,0.9854,0,0.016,10.5938,-1.4771,1]},
{"frame":22,"values":[0.9794,-0.0599,0.1927,0,0.055,0.998,0.0304,0,-0.1941,-0.0192,0.9808,0,0.016,10.5938,-1.4771,1]},
{"frame":23,"values":[0.9753,-0.037,0.2178,0,0.0452,0.9984,-0.0331,0,-0.2162,0.0421,0.9754,0,0.016,10.5938,-1.4771,1]},
{"frame":24,"values":[0.9727,-0.052,0.226,0,0.0604,0.9977,-0.0305,0,-0.2239,0.0434,0.9737,0,0.016,10.5938,-1.4771,1]},
{"frame":25,"values":[0.9695,-0.0903,0.2278,0,0.0838,0.9958,0.038,0,-0.2302,-0.0177,0.973,0,0.016,10.5938,-1.4771,1]},
{"frame":26,"values":[0.9646,-0.1172,0.236,0,0.0999,0.9914,0.0841,0,-0.2439,-0.0575,0.9681,0,0.016,10.5938,-1.4771,1]},
{"frame":27,"values":[0.9598,-0.0737,0.2708,0,0.0585,0.9962,0.0639,0,-0.2745,-0.0455,0.9605,0,0.016,10.5938,-1.4771,1]},
{"frame":28,"values":[0.9544,-0.0157,0.298,0,0.0075,0.9996,0.0286,0,-0.2984,-0.0251,0.9541,0,0.016,10.5938,-1.4771,1]},
{"frame":29,"values":[0.9533,0.0017,0.3019,0,-0.0109,0.9995,0.029,0,-0.3017,-0.0309,0.9529,0,0.016,10.5938,-1.4771,1]},
{"frame":30,"values":[0.9556,-0.008,0.2946,0,-0.0069,0.9988,0.0495,0,-0.2947,-0.0493,0.9543,0,0.016,10.5938,-1.4771,1]},
{"frame":31,"values":[0.958,-0.013,0.2864,0,-0.0061,0.9978,0.0657,0,-0.2866,-0.0647,0.9559,0,0.016,10.5938,-1.4771,1]},
{"frame":32,"values":[0.9608,-0.0081,0.277,0,-0.0121,0.9974,0.0711,0,-0.2768,-0.0717,0.9582,0,0.016,10.5938,-1.4771,1]},
{"frame":33,"values":[0.9646,-0.0037,0.2636,0,-0.0147,0.9976,0.068,0,-0.2632,-0.0695,0.9622,0,0.016,10.5938,-1.4771,1]},
{"frame":34,"values":[0.9696,-0.0067,0.2445,0,-0.0095,0.9978,0.065,0,-0.2445,-0.0654,0.9675,0,0.016,10.5938,-1.4771,1]},
{"frame":35,"values":[0.9745,-0.0129,0.2241,0,-0.0018,0.9979,0.0654,0,-0.2244,-0.0641,0.9724,0,0.016,10.5938,-1.4771,1]},
{"frame":36,"values":[0.9786,-0.0167,0.205,0,0.0034,0.9979,0.065,0,-0.2056,-0.0629,0.9766,0,0.016,10.5938,-1.4771,1]},
{"frame":37,"values":[0.9831,-0.0223,0.1818,0,0.0108,0.9979,0.0637,0,-0.1829,-0.0607,0.9813,0,0.016,10.5938,-1.4771,1]},
{"frame":38,"values":[0.9876,-0.0356,0.1527,0,0.0262,0.9976,0.0636,0,-0.1546,-0.0588,0.9862,0,0.016,10.5938,-1.4771,1]},
{"frame":39,"values":[0.9913,-0.0524,0.1207,0,0.045,0.997,0.063,0,-0.1236,-0.057,0.9907,0,0.016,10.5938,-1.4771,1]},
{"frame":40,"values":[0.9937,-0.0701,0.087,0,0.065,0.9961,0.0595,0,-0.0908,-0.0535,0.9944,0,0.016,10.5938,-1.4771,1]},
{"frame":41,"values":[0.9945,-0.0907,0.0524,0,0.0879,0.9947,0.0528,0,-0.0569,-0.0479,0.9972,0,0.016,10.5938,-1.4771,1]},
{"frame":42,"values":[0.9934,-0.113,0.0202,0,0.1121,0.9927,0.0437,0,-0.025,-0.0412,0.9988,0,0.016,10.5938,-1.4771,1]},
{"frame":43,"values":[0.9913,-0.1316,-0.0044,0,0.1316,0.9906,0.0361,0,-0.0004,-0.0364,0.9993,0,0.016,10.5938,-1.4771,1]},
{"frame":44,"values":[0.9892,-0.1454,-0.0179,0,0.1459,0.9887,0.0332,0,0.0129,-0.0354,0.9993,0,0.016,10.5938,-1.4771,1]},
{"frame":45,"values":[0.9872,-0.1573,-0.0243,0,0.1581,0.9869,0.0314,0,0.0191,-0.0349,0.9992,0,0.016,10.5938,-1.4771,1]},
{"frame":46,"values":[0.9861,-0.1635,-0.0282,0,0.1643,0.986,0.0269,0,0.0234,-0.0311,0.9992,0,0.016,10.5938,-1.4771,1]},
{"frame":47,"values":[0.9864,-0.162,-0.0288,0,0.1626,0.9864,0.0223,0,0.0248,-0.0267,0.9993,0,0.016,10.5938,-1.4771,1]},
{"frame":48,"values":[0.9875,-0.1556,-0.0266,0,0.1562,0.9875,0.0195,0,0.0232,-0.0234,0.9995,0,0.016,10.5938,-1.4771,1]},
{"frame":49,"values":[0.9885,-0.1495,-0.0231,0,0.1499,0.9885,0.0175,0,0.0202,-0.0207,0.9996,0,0.016,10.5938,-1.4771,1]},
{"frame":50,"values":[0.9896,-0.1426,-0.0176,0,0.1429,0.9896,0.0188,0,0.0147,-0.0211,0.9997,0,0.016,10.5938,-1.4771,1]},
{"frame":51,"values":[0.991,-0.1335,-0.0093,0,0.1337,0.9907,0.0245,0,0.006,-0.0256,0.9997,0,0.016,10.5938,-1.4771,1]},
{"frame":52,"values":[0.9921,-0.1252,-0.0006,0,0.1252,0.9916,0.0311,0,-0.0033,-0.031,0.9995,0,0.016,10.5938,-1.4771,1]},
{"frame":53,"values":[0.9924,-0.1231,0.0043,0,0.1228,0.9918,0.0367,0,-0.0088,-0.0359,0.9993,0,0.016,10.5938,-1.4771,1]}],"loopBehavior":1,"name":"anim","property":"_matrix"}},
{"name":"Head","index":5,"matrix":[0.8446,-0.044,-0.5335,0,0.1348,0.982,0.1323,0,0.5181,-0.1837,0.8354,0,0,5.0564,0.7196,1],"rest":[1,0,0,0,0,1,0,0,0,0,1,0,0,5.0564,0.7196,1],"parentBoneIndex":4,"length":15.2963
,"animation":{"dataType":3,"framePerSecond":24,"keys":[
{"frame":1,"values":[0.8446,-0.044,-0.5335,0,0.1348,0.982,0.1323,0,0.5181,-0.1837,0.8354,0,0,5.0564,0.7196,1]},
{"frame":2,"values":[0.8398,-0.0448,-0.541,0,0.1362,0.9821,0.1301,0,0.5255,-0.1829,0.8309,0,0,5.0564,0.7196,1]},
{"frame":3,"values":[0.8326,-0.0445,-0.5521,0,0.1386,0.9818,0.1298,0,0.5363,-0.1846,0.8236,0,0,5.0564,0.7196,1]},
{"frame":4,"values":[0.8217,-0.0477,-0.5679,0,0.1427,0.982,0.1239,0,0.5518,-0.1828,0.8137,0,0,5.0564,0.7196,1]},
{"frame":5,"values":[0.8053,-0.0587,-0.5899,0,0.1535,0.9818,0.1118,0,0.5726,-0.1806,0.7997,0,0,5.0564,0.7196,1]},
{"frame":6,"values":[0.7837,-0.0757,-0.6166,0,0.173,0.9799,0.0997,0,0.5966,-0.1848,0.781,0,0,5.0564,0.7196,1]},
{"frame":7,"values":[0.7594,-0.0948,-0.6437,0,0.1956,0.9768,0.0869,0,0.6205,-0.1919,0.7604,0,0,5.0564,0.7196,1]},
{"frame":8,"values":[0.7331,-0.1173,-0.6699,0,0.2213,0.9726,0.0718,0,0.6431,-0.2009,0.739,0,0,5.0564,0.7196,1]},
{"frame":9,"values":[0.7052,-0.1414,-0.6948,0,0.2468,0.9676,0.0536,0,0.6647,-0.2093,0.7172,0,0,5.0564,0.7196,1]},
{"frame":10,"values":[0.674,-0.1588,-0.7215,0,0.2656,0.9634,0.036,0,0.6893,-0.2159,0.6915,0,0,5.0564,0.7196,1]},
{"frame":11,"values":[0.648,-0.1522,-0.7462,0,0.2708,0.9618,0.039,0,0.7118,-0.2274,0.6645,0,0,5.0564,0.7196,1]},
{"frame":12,"values":[0.6349,-0.1202,-0.7632,0,0.2668,0.9611,0.0706,0,0.7251,-0.2485,0.6423,0,0,5.0564,0.7196,1]},
{"frame":13,"values":[0.6348,-0.076,-0.7689,0,0.2605,0.958,0.1204,0,0.7274,-0.2767,0.6279,0,0,5.0564,0.7196,1]},
{"frame":14,"values":[0.6485,-0.0289,-0.7606,0,0.2474,0.953,0.1748,0,0.7198,-0.3016,0.6252,0,0,5.0564,0.7196,1]},
{"frame":15,"values":[0.6742,0.0063,-0.7386,0,0.2307,0.9482,0.2186,0,0.7016,-0.3177,0.6378,0,0,5.0564,0.7196,1]},
{"frame":16,"values":[0.7105,0.0096,-0.7036,0,0.2215,0.946,0.2366,0,0.6679,-0.324,0.67,0,0,5.0564,0.7196,1]},
{"frame":17,"values":[0.7579,-0.0094,-0.6523,0,0.2124,0.949,0.2331,0,0.6169,-0.3152,0.7212,0,0,5.0564,0.7196,1]},
{"frame":18,"values":[0.8083,-0.0309,-0.5879,0,0.1924,0.9577,0.2142,0,0.5564,-0.2862,0.7801,0,0,5.0564,0.7196,1]},
{"frame":19,"values":[0.8504,-0.0496,-0.5239,0,0.1659,0.97,0.1775,0,0.4994,-0.2378,0.8331,0,0,5.0564,0.7196,1]},
{"frame":20,"values":[0.8907,-0.058,-0.4508,0,0.1308,0.9826,0.1321,0,0.4353,-0.1766,0.8828,0,0,5.0564,0.7196,1]},
{"frame":21,"values":[0.935,-0.0279,-0.3536,0,0.0628,0.9942,0.0877,0,0.3491,-0.1042,0.9313,0,0,5.0564,0.7196,1]},
{"frame":22,"values":[0.9663,0.0676,-0.2482,0,-0.0689,0.9976,0.0037,0,0.2479,0.0135,0.9687,0,0,5.0564,0.7196,1]},
{"frame":23,"values":[0.9693,0.1771,-0.1707,0,-0.1928,0.978,-0.0802,0,0.1528,0.1106,0.9821,0,0,5.0564,0.7196,1]},
{"frame":24,"values":[0.9704,0.2033,-0.1302,0,-0.2057,0.9786,-0.0045,0,0.1265,0.0312,0.9915,0,0,5.0564,0.7196,1]},
{"frame":25,"values":[0.9837,0.1589,-0.0843,0,-0.1427,0.9747,0.172,0,0.1095,-0.1572,0.9815,0,0,5.0564,0.7196,1]},
{"frame":26,"values":[0.9906,0.1366,-0.012,0,-0.1305,0.9662,0.2225,0,0.042,-0.2188,0.9749,0,0,5.0564,0.7196,1]},
{"frame":27,"values":[0.9821,0.1761,0.067,0,-0.1842,0.9722,0.1443,0,-0.0397,-0.1541,0.9873,0,0,5.0564,0.7196,1]},
{"frame":28,"values":[0.9681,0.2298,0.0996,0,-0.2359,0.9703,0.0543,0,-0.0841,-0.076,0.9936,0,0,5.0564,0.7196,1]},
{"frame":29,"values":[0.9612,0.2566,0.1012,0,-0.2603,0.9652,0.0245,0,-0.0914,-0.0499,0.9946,0,0,5.0564,0.7196,1]},
{"frame":30,"values":[0.9619,0.2532,0.1035,0,-0.2585,0.9651,0.0409,0,-0.0895,-0.0661,0.9938,0,0,5.0564,0.7196,1]},
{"frame":31,"values":[0.9646,0.244,0.0998,0,-0.251,0.9658,0.0646,0,-0.0806,-0.0874,0.9929,0,0,5.0564,0.7196,1]},
{"frame":32,"values":[0.967,0.2421,0.0793,0,-0.2483,0.9653,0.0813,0,-0.0569,-0.0983,0.9935,0,0,5.0564,0.7196,1]},
{"frame":33,"values":[0.9695,0.2412,0.0437,0,-0.2443,0.9652,0.0934,0,-0.0197,-0.1013,0.9947,0,0,5.0564,0.7196,1]},
{"frame":34,"values":[0.9722,0.2341,-0.0066,0,-0.2322,0.9672,0.1028,0,0.0305,-0.0985,0.9947,0,0,5.0564,0.7196,1]},
{"frame":35,"values":[0.9739,0.2182,-0.0621,0,-0.2105,0.9711,0.1122,0,0.0848,-0.0962,0.9917,0,0,5.0564,0.7196,1]},
{"frame":36,"values":[0.9745,0.1914,-0.1171,0,-0.1775,0.9768,0.1196,0,0.1373,-0.0957,0.9859,0,0,5.0564,0.7196,1]},
{"frame":37,"values":[0.971,0.161,-0.1768,0,-0.1412,0.9828,0.1192,0,0.193,-0.0908,0.977,0,0,5.0564,0.7196,1]},
{"frame":38,"values":[0.9621,0.1303,-0.2397,0,-0.1062,0.9881,0.1109,0,0.2513,-0.0812,0.9645,0,0,5.0564,0.7196,1]},
{"frame":39,"values":[0.9474,0.0992,-0.3042,0,-0.0705,0.9921,0.1042,0,0.3121,-0.0773,0.9469,0,0,5.0564,0.7196,1]},
{"frame":40,"values":[0.9252,0.0697,-0.373,0,-0.033,0.9941,0.1038,0,0.378,-0.0837,0.922,0,0,5.0564,0.7196,1]},
{"frame":41,"values":[0.8956,0.0438,-0.4428,0,0.0025,0.9946,0.1034,0,0.445,-0.0937,0.8906,0,0,5.0564,0.7196,1]},
{"frame":42,"values":[0.8623,0.0215,-0.5059,0,0.034,0.9944,0.1004,0,0.5052,-0.1038,0.8567,0,0,5.0564,0.7196,1]},
{"frame":43,"values":[0.8327,0.0013,-0.5537,0,0.0629,0.9933,0.097,0,0.5501,-0.1156,0.8271,0,0,5.0564,0.7196,1]},
{"frame":44,"values":[0.8143,-0.0187,-0.5802,0,0.0903,0.9914,0.0948,0,0.5734,-0.1296,0.8089,0,0,5.0564,0.7196,1]},
{"frame":45,"values":[0.8037,-0.0375,-0.5939,0,0.1153,0.9889,0.0935,0,0.5838,-0.1437,0.7991,0,0,5.0564,0.7196,1]},
{"frame":46,"values":[0.7939,-0.0514,-0.6059,0,0.1357,0.9863,0.094,0,0.5928,-0.1569,0.79,0,0,5.0564,0.7196,1]},
{"frame":47,"values":[0.7859,-0.0601,-0.6154,0,0.1503,0.984,0.0958,0,0.5998,-0.1678,0.7824,0,0,5.0564,0.7196,1]},
{"frame":48,"values":[0.7836,-0.0627,-0.6181,0,0.1572,0.9825,0.0997,0,0.6011,-0.1753,0.7797,0,0,5.0564,0.7196,1]},
{"frame":49,"values":[0.787,-0.0607,-0.6139,0,0.1584,0.9816,0.1061,0,0.5962,-0.1808,0.7822,0,0,5.0564,0.7196,1]},
