{"producer":{"name":"Blender","version":"2.90.0","exporter_version":"2.80.1","file":"option_clap.babylon"},
"autoClear":true,"clearColor":[0.0509,0.0509,0.0509],"gravity":[0,-9.81,0],
"materials":[{"name":"Material","id":"Material","customType":"BABYLON.PBRMaterial","backFaceCulling":true,"checkReadyOnlyOnce":false,"maxSimultaneousLights":4,"environmentIntensity":1,"albedo":[0.8,0.8,0.8],"reflectivity":[0.5,0.5,0.5],"roughness":0.4,"alpha":1,"transparencyMode":0,"alphaCutOff":0.4,"metallic":0}],
"multiMaterials":[],
"skeletons":[{"name":"Armature","id":0,"dimensionsAtRest":[128.1663,151.4482,19.1351],"bones":[
{"name":"Hips","index":0,"matrix":[0.9992,0.0053,-0.0407,0,-0.0035,0.999,0.0441,0,-0.0409,0.0439,-0.9982,0,-0.1291,78.3905,-1.09,1],"rest":[1,0,0,0,0,1,0,0,0,0,-1,0,0,81.0629,0,1],"parentBoneIndex":-1,"length":7.701
,"animation":{"dataType":3,"framePerSecond":24,"keys":[
{"frame":1,"values":[0.9992,0.0053,-0.0407,0,-0.0035,0.999,0.0441,0,-0.0409,0.0439,-0.9982,0,-0.1291,78.3905,-1.09,1]},
{"frame":2,"values":[0.9993,0.0067,-0.038,0,-0.005,0.999,0.0438,0,-0.0382,0.0436,-0.9983,0,-0.0792,78.3902,-1.0679,1]},
{"frame":3,"values":[0.9993,0.0073,-0.0369,0,-0.0057,0.9991,0.0432,0,-0.0372,0.0429,-0.9984,0,-0.0583,78.4007,-1.0285,1]},
{"frame":4,"values":[0.9992,0.007,-0.039,0,-0.0054,0.9991,0.0421,0,-0.0393,0.0418,-0.9984,0,-0.0544,78.4071,-0.9848,1]},
{"frame":5,"values":[0.999,0.0063,-0.0437,0,-0.0045,0.9992,0.0406,0,-0.044,0.0404,-0.9982,0,-0.0645,78.3988,-0.9784,1]},
{"frame":6,"values":[0.9988,0.0058,-0.0485,0,-0.0039,0.9992,0.0387,0,-0.0487,0.0385,-0.9981,0,-0.0854,78.3801,-1.0399,1]},
{"frame":7,"values":[0.9987,0.0057,-0.0507,0,-0.0039,0.9993,0.0364,0,-0.0508,0.0362,-0.9981,0,-0.0887,78.3625,-1.1298,1]},
{"frame":8,"values":[0.9988,0.0063,-0.0489,0,-0.0045,0.9993,0.0374,0,-0.0491,0.0372,-0.9981,0,-0.0622,78.3666,-1.1679,1]},
{"frame":9,"values":[0.999,0.0077,-0.0434,0,-0.0059,0.9991,0.0421,0,-0.0437,0.0418,-0.9982,0,-0.0342,78.3909,-1.1577,1]},
{"frame":10,"values":[0.9993,0.009,-0.0368,0,-0.0073,0.9989,0.0459,0,-0.0372,0.0456,-0.9983,0,-0.0232,78.415,-1.1522,1]},
{"frame":11,"values":[0.9994,0.0092,-0.0332,0,-0.0076,0.9989,0.0462,0,-0.0336,0.0459,-0.9984,0,-0.0246,78.4233,-1.1604,1]},
{"frame":12,"values":[0.9994,0.0084,-0.0347,0,-0.0068,0.9989,0.0453,0,-0.0351,0.0451,-0.9984,0,-0.0397,78.411,-1.1767,1]},
{"frame":13,"values":[0.9992,0.0074,-0.0393,0,-0.0057,0.999,0.044,0,-0.0396,0.0437,-0.9983,0,-0.0743,78.389,-1.2221,1]},
{"frame":14,"values":[0.999,0.0065,-0.0438,0,-0.0047,0.9991,0.0421,0,-0.044,0.0418,-0.9982,0,-0.1186,78.3715,-1.2671,1]},
{"frame":15,"values":[0.9989,0.0052,-0.0459,0,-0.0034,0.9992,0.0388,0,-0.046,0.0386,-0.9982,0,-0.1417,78.3623,-1.2413,1]},
{"frame":16,"values":[0.999,0.0042,-0.0438,0,-0.0026,0.9993,0.0366,0,-0.0439,0.0364,-0.9984,0,-0.138,78.3612,-1.1562,1]},
{"frame":17,"values":[0.9993,0.0046,-0.0383,0,-0.0032,0.9993,0.0373,0,-0.0384,0.0371,-0.9986,0,-0.1302,78.3714,-1.1018,1]},
{"frame":18,"values":[0.9994,0.0054,-0.0339,0,-0.0041,0.9993,0.0384,0,-0.0341,0.0382,-0.9987,0,-0.1288,78.3908,-1.1008,1]},
{"frame":19,"values":[0.9994,0.0059,-0.033,0,-0.0046,0.9992,0.0385,0,-0.0332,0.0383,-0.9987,0,-0.131,78.4033,-1.1152,1]},
{"frame":20,"values":[0.9994,0.006,-0.0343,0,-0.0046,0.9993,0.0383,0,-0.0345,0.0381,-0.9987,0,-0.1326,78.3972,-1.125,1]},
{"frame":21,"values":[0.9993,0.0059,-0.0368,0,-0.0045,0.9993,0.0379,0,-0.037,0.0378,-0.9986,0,-0.1347,78.3808,-1.1398,1]},
{"frame":22,"values":[0.9992,0.0058,-0.0394,0,-0.0043,0.9993,0.0376,0,-0.0396,0.0374,-0.9985,0,-0.1373,78.3675,-1.1609,1]},
{"frame":23,"values":[0.9991,0.0057,-0.0414,0,-0.0042,0.9993,0.0377,0,-0.0416,0.0375,-0.9984,0,-0.1375,78.3634,-1.1766,1]},
{"frame":24,"values":[0.9991,0.0056,-0.0423,0,-0.004,0.9992,0.0386,0,-0.0424,0.0384,-0.9984,0,-0.1368,78.3696,-1.1779,1]},
{"frame":25,"values":[0.9991,0.0056,-0.0423,0,-0.0039,0.9992,0.0399,0,-0.0425,0.0397,-0.9983,0,-0.1363,78.3848,-1.1654,1]},
{"frame":26,"values":[0.9991,0.0055,-0.0419,0,-0.0037,0.9991,0.0413,0,-0.0421,0.0411,-0.9983,0,-0.1364,78.3988,-1.1442,1]},
{"frame":27,"values":[0.9991,0.0054,-0.0414,0,-0.0036,0.9991,0.0427,0,-0.0416,0.0425,-0.9982,0,-0.1357,78.4012,-1.1205,1]},
{"frame":28,"values":[0.9991,0.0053,-0.041,0,-0.0035,0.999,0.0437,0,-0.0412,0.0435,-0.9982,0,-0.1317,78.3948,-1.1,1]},
{"frame":29,"values":[0.9992,0.0053,-0.0407,0,-0.0035,0.999,0.0441,0,-0.0409,0.0439,-0.9982,0,-0.1291,78.3905,-1.09,1]}],"loopBehavior":1,"name":"anim","property":"_matrix"}},
{"name":"Spine","index":1,"matrix":[0.9995,-0.03,0.003,0,0.03,0.9995,-0.0026,0,-0.0029,0.0027,1,0,0.009,7.0626,-0.9847,1],"rest":[1,0,0,0,0,1,0,0,0,0,1,0,0.009,7.0626,-0.9847,1],"parentBoneIndex":0,"length":8.3194
,"animation":{"dataType":3,"framePerSecond":24,"keys":[
{"frame":1,"values":[0.9995,-0.03,0.003,0,0.03,0.9995,-0.0026,0,-0.0029,0.0027,1,0,0.009,7.0626,-0.9847,1]},
{"frame":2,"values":[0.9995,-0.0329,0.0037,0,0.0329,0.9994,-0.0042,0,-0.0035,0.0043,1,0,0.009,7.0626,-0.9847,1]},
{"frame":3,"values":[0.9994,-0.0351,0.0045,0,0.0352,0.9994,-0.006,0,-0.0042,0.0062,1,0,0.009,7.0626,-0.9847,1]},
{"frame":4,"values":[0.9994,-0.0357,0.0046,0,0.0357,0.9993,-0.0074,0,-0.0043,0.0076,1,0,0.009,7.0626,-0.9847,1]},
{"frame":5,"values":[0.9994,-0.0341,0.0042,0,0.0341,0.9994,-0.0077,0,-0.0039,0.0078,1,0,0.009,7.0626,-0.9847,1]},
{"frame":6,"values":[0.9995,-0.0316,0.0033,0,0.0316,0.9995,-0.0067,0,-0.0031,0.0068,1,0,0.009,7.0626,-0.9847,1]},
{"frame":7,"values":[0.9995,-0.0307,0.0022,0,0.0307,0.9995,-0.0055,0,-0.002,0.0055,1,0,0.009,7.0626,-0.9847,1]},
{"frame":8,"values":[0.9995,-0.0325,0.0012,0,0.0325,0.9995,-0.0049,0,-0.0011,0.005,1,0,0.009,7.0626,-0.9847,1]},
{"frame":9,"values":[0.9994,-0.0354,0.001,0,0.0354,0.9994,-0.0052,0,-0.0008,0.0052,1,0,0.009,7.0626,-0.9847,1]},
{"frame":10,"values":[0.9993,-0.0375,0.0017,0,0.0375,0.9993,-0.0067,0,-0.0014,0.0068,1,0,0.009,7.0626,-0.9847,1]},
{"frame":11,"values":[0.9993,-0.0381,0.0029,0,0.0381,0.9992,-0.0088,0,-0.0026,0.0089,1,0,0.009,7.0626,-0.9847,1]},
{"frame":12,"values":[0.9993,-0.0368,0.0036,0,0.0369,0.9993,-0.0094,0,-0.0033,0.0095,0.9999,0,0.009,7.0626,-0.9847,1]},
{"frame":13,"values":[0.9994,-0.0341,0.003,0,0.0341,0.9994,-0.0082,0,-0.0027,0.0083,1,0,0.009,7.0626,-0.9847,1]},
{"frame":14,"values":[0.9995,-0.0318,0.0013,0,0.0319,0.9995,-0.0074,0,-0.0011,0.0074,1,0,0.009,7.0626,-0.9847,1]},
{"frame":15,"values":[0.9995,-0.0315,0.0006,0,0.0315,0.9995,-0.0084,0,-0.0003,0.0084,1,0,0.009,7.0626,-0.9847,1]},
{"frame":16,"values":[0.9995,-0.0323,0.0017,0,0.0323,0.9994,-0.01,0,-0.0013,0.0101,0.9999,0,0.009,7.0626,-0.9847,1]},
{"frame":17,"values":[0.9994,-0.0332,0.0036,0,0.0333,0.9994,-0.011,0,-0.0032,0.0111,0.9999,0,0.009,7.0626,-0.9847,1]},
{"frame":18,"values":[0.9994,-0.0345,0.0047,0,0.0346,0.9993,-0.0121,0,-0.0043,0.0123,0.9999,0,0.009,7.0626,-0.9847,1]},
{"frame":19,"values":[0.9994,-0.0357,0.0048,0,0.0358,0.9993,-0.0129,0,-0.0043,0.0131,0.9999,0,0.009,7.0626,-0.9847,1]},
{"frame":20,"values":[0.9994,-0.035,0.0044,0,0.035,0.9993,-0.012,0,-0.004,0.0122,0.9999,0,0.009,7.0626,-0.9847,1]},
{"frame":21,"values":[0.9995,-0.0321,0.004,0,0.0321,0.9994,-0.0101,0,-0.0037,0.0102,0.9999,0,0.009,7.0626,-0.9847,1]},
{"frame":22,"values":[0.9996,-0.0296,0.0036,0,0.0296,0.9995,-0.0085,0,-0.0033,0.0086,1,0,0.009,7.0626,-0.9847,1]},
{"frame":23,"values":[0.9995,-0.0298,0.0031,0,0.0299,0.9995,-0.0073,0,-0.0029,0.0074,1,0,0.009,7.0626,-0.9847,1]},
{"frame":24,"values":[0.9995,-0.0325,0.0029,0,0.0325,0.9995,-0.0065,0,-0.0027,0.0066,1,0,0.009,7.0626,-0.9847,1]},
{"frame":25,"values":[0.9994,-0.0349,0.0036,0,0.0349,0.9994,-0.0072,0,-0.0034,0.0074,1,0,0.009,7.0626,-0.9847,1]},
{"frame":26,"values":[0.9994,-0.0353,0.0049,0,0.0354,0.9993,-0.0086,0,-0.0046,0.0087,1,0,0.009,7.0626,-0.9847,1]},
{"frame":27,"values":[0.9994,-0.034,0.0052,0,0.034,0.9994,-0.0078,0,-0.0049,0.008,1,0,0.009,7.0626,-0.9847,1]},
{"frame":28,"values":[0.9995,-0.0317,0.0041,0,0.0317,0.9995,-0.005,0,-0.0039,0.0051,1,0,0.009,7.0626,-0.9847,1]},
{"frame":29,"values":[0.9995,-0.03,0.003,0,0.03,0.9995,-0.0026,0,-0.0029,0.0027,1,0,0.009,7.0626,-0.9847,1]}],"loopBehavior":1,"name":"anim","property":"_matrix"}},
{"name":"Spine1","index":2,"matrix":[0.9998,-0.0084,0.0186,0,0.008,0.9997,0.0212,0,-0.0188,-0.0211,0.9996,0,0.0124,8.2397,-1.1488,1],"rest":[1,0,0,0,0,1,0,0,0,0,1,0,0.0124,8.2397,-1.1488,1],"parentBoneIndex":1,"length":9.5079
,"animation":{"dataType":3,"framePerSecond":24,"keys":[
{"frame":1,"values":[0.9998,-0.0084,0.0186,0,0.008,0.9997,0.0212,0,-0.0188,-0.0211,0.9996,0,0.0124,8.2397,-1.1488,1]},
{"frame":2,"values":[0.9997,-0.0136,0.0206,0,0.0132,0.9997,0.0201,0,-0.0209,-0.0198,0.9996,0,0.0124,8.2397,-1.1488,1]},
{"frame":3,"values":[0.9996,-0.0169,0.0227,0,0.0165,0.9997,0.0179,0,-0.023,-0.0175,0.9996,0,0.0124,8.2397,-1.1488,1]},
{"frame":4,"values":[0.9996,-0.017,0.0234,0,0.0166,0.9997,0.0159,0,-0.0237,-0.0155,0.9996,0,0.0124,8.2397,-1.1488,1]},
{"frame":5,"values":[0.9996,-0.0147,0.0225,0,0.0143,0.9998,0.0148,0,-0.0227,-0.0145,0.9996,0,0.0124,8.2397,-1.1488,1]},
{"frame":6,"values":[0.9997,-0.012,0.0199,0,0.0118,0.9998,0.0145,0,-0.02,-0.0143,0.9997,0,0.0124,8.2397,-1.1488,1]},
{"frame":7,"values":[0.9998,-0.0118,0.0167,0,0.0115,0.9998,0.0146,0,-0.0168,-0.0144,0.9998,0,0.0124,8.2397,-1.1488,1]},
{"frame":8,"values":[0.9998,-0.0143,0.0148,0,0.014,0.9998,0.0157,0,-0.015,-0.0155,0.9998,0,0.0124,8.2397,-1.1488,1]},
{"frame":9,"values":[0.9997,-0.018,0.0152,0,0.0177,0.9997,0.0174,0,-0.0155,-0.0171,0.9997,0,0.0124,8.2397,-1.1488,1]},
{"frame":10,"values":[0.9996,-0.0212,0.0175,0,0.0209,0.9996,0.0166,0,-0.0178,-0.0163,0.9997,0,0.0124,8.2397,-1.1488,1]},
{"frame":11,"values":[0.9995,-0.0228,0.0204,0,0.0225,0.9996,0.0141,0,-0.0207,-0.0136,0.9997,0,0.0124,8.2397,-1.1488,1]},
{"frame":12,"values":[0.9995,-0.0223,0.0217,0,0.0221,0.9997,0.013,0,-0.022,-0.0125,0.9997,0,0.0124,8.2397,-1.1488,1]},
{"frame":13,"values":[0.9996,-0.0205,0.0197,0,0.0202,0.9997,0.0136,0,-0.02,-0.0132,0.9997,0,0.0124,8.2397,-1.1488,1]},
{"frame":14,"values":[0.9997,-0.0185,0.0154,0,0.0183,0.9997,0.0131,0,-0.0157,-0.0128,0.9998,0,0.0124,8.2397,-1.1488,1]},
{"frame":15,"values":[0.9998,-0.0166,0.0133,0,0.0165,0.9998,0.0106,0,-0.0135,-0.0104,0.9999,0,0.0124,8.2397,-1.1488,1]},
{"frame":16,"values":[0.9998,-0.0153,0.0156,0,0.0152,0.9998,0.0088,0,-0.0157,-0.0085,0.9998,0,0.0124,8.2397,-1.1488,1]},
{"frame":17,"values":[0.9997,-0.0154,0.0199,0,0.0152,0.9998,0.0085,0,-0.02,-0.0082,0.9998,0,0.0124,8.2397,-1.1488,1]},
{"frame":18,"values":[0.9996,-0.0162,0.023,0,0.016,0.9998,0.0075,0,-0.0231,-0.0071,0.9997,0,0.0124,8.2397,-1.1488,1]},
{"frame":19,"values":[0.9996,-0.0169,0.0238,0,0.0168,0.9998,0.0064,0,-0.0239,-0.006,0.9997,0,0.0124,8.2397,-1.1488,1]},
{"frame":20,"values":[0.9996,-0.0163,0.0229,0,0.0161,0.9998,0.0071,0,-0.0231,-0.0068,0.9997,0,0.0124,8.2397,-1.1488,1]},
{"frame":21,"values":[0.9997,-0.0137,0.0211,0,0.0135,0.9999,0.0083,0,-0.0212,-0.008,0.9997,0,0.0124,8.2397,-1.1488,1]},
{"frame":22,"values":[0.9998,-0.01,0.0193,0,0.0098,0.9999,0.0091,0,-0.0194,-0.0089,0.9998,0,0.0124,8.2397,-1.1488,1]},
{"frame":23,"values":[0.9998,-0.0084,0.0186,0,0.0082,0.9999,0.0115,0,-0.0187,-0.0113,0.9998,0,0.0124,8.2397,-1.1488,1]},
{"frame":24,"values":[0.9998,-0.01,0.019,0,0.0097,0.9998,0.0146,0,-0.0192,-0.0144,0.9997,0,0.0124,8.2397,-1.1488,1]},
{"frame":25,"values":[0.9997,-0.0119,0.0213,0,0.0116,0.9998,0.0148,0,-0.0215,-0.0146,0.9997,0,0.0124,8.2397,-1.1488,1]},
{"frame":26,"values":[0.9996,-0.012,0.0244,0,0.0117,0.9998,0.0131,0,-0.0245,-0.0128,0.9996,0,0.0124,8.2397,-1.1488,1]},
{"frame":27,"values":[0.9996,-0.0109,0.0247,0,0.0105,0.9998,0.014,0,-0.0248,-0.0137,0.9996,0,0.0124,8.2397,-1.1488,1]},
{"frame":28,"values":[0.9997,-0.0094,0.0215,0,0.009,0.9998,0.018,0,-0.0217,-0.0178,0.9996,0,0.0124,8.2397,-1.1488,1]},
{"frame":29,"values":[0.9998,-0.0084,0.0186,0,0.008,0.9997,0.0212,0,-0.0188,-0.0211,0.9996,0,0.0124,8.2397,-1.1488,1]}],"loopBehavior":1,"name":"anim","property":"_matrix"}},
{"name":"Spine2","index":3,"matrix":[0.9998,-0.0074,0.0189,0,0.007,0.9997,0.0213,0,-0.0191,-0.0212,0.9996,0,0.0142,9.4168,-1.313,1],"rest":[1,0,0,0,0,1,0,0,0,0,1,0,0.0142,9.4168,-1.313,1],"parentBoneIndex":2,"length":9.9132
,"animation":{"dataType":3,"framePerSecond":24,"keys":[
{"frame":1,"values":[0.9998,-0.0074,0.0189,0,0.007,0.9997,0.0213,0,-0.0191,-0.0212,0.9996,0,0.0142,9.4168,-1.313,1]},
{"frame":2,"values":[0.9997,-0.0126,0.021,0,0.0122,0.9997,0.0203,0,-0.0212,-0.02,0.9996,0,0.0142,9.4168,-1.313,1]},
{"frame":3,"values":[0.9996,-0.0158,0.0232,0,0.0154,0.9997,0.0182,0,-0.0235,-0.0178,0.9996,0,0.0142,9.4168,-1.313,1]},
{"frame":4,"values":[0.9996,-0.016,0.0239,0,0.0156,0.9997,0.0161,0,-0.0241,-0.0158,0.9996,0,0.0142,9.4168,-1.313,1]},
{"frame":5,"values":[0.9996,-0.0137,0.0229,0,0.0133,0.9998,0.0151,0,-0.0231,-0.0148,0.9996,0,0.0142,9.4168,-1.313,1]},
{"frame":6,"values":[0.9997,-0.0112,0.0202,0,0.0109,0.9998,0.0147,0,-0.0204,-0.0145,0.9997,0,0.0142,9.4168,-1.313,1]},
{"frame":7,"values":[0.9998,-0.011,0.017,0,0.0108,0.9998,0.0148,0,-0.0171,-0.0146,0.9997,0,0.0142,9.4168,-1.313,1]},
{"frame":8,"values":[0.9998,-0.0136,0.0152,0,0.0133,0.9998,0.016,0,-0.0154,-0.0158,0.9998,0,0.0142,9.4168,-1.313,1]},
{"frame":9,"values":[0.9997,-0.0172,0.0156,0,0.0169,0.9997,0.0177,0,-0.0159,-0.0174,0.9997,0,0.0142,9.4168,-1.313,1]},
{"frame":10,"values":[0.9996,-0.0203,0.018,0,0.02,0.9997,0.017,0,-0.0183,-0.0167,0.9997,0,0.0142,9.4168,-1.313,1]},
{"frame":11,"values":[0.9995,-0.0219,0.0209,0,0.0216,0.9997,0.0145,0,-0.0212,-0.0141,0.9997,0,0.0142,9.4168,-1.313,1]},
{"frame":12,"values":[0.9995,-0.0214,0.0223,0,0.0211,0.9997,0.0135,0,-0.0225,-0.013,0.9997,0,0.0142,9.4168,-1.313,1]},
{"frame":13,"values":[0.9996,-0.0196,0.0202,0,0.0193,0.9997,0.0141,0,-0.0204,-0.0137,0.9997,0,0.0142,9.4168,-1.313,1]},
{"frame":14,"values":[0.9997,-0.0177,0.0158,0,0.0175,0.9998,0.0135,0,-0.0161,-0.0132,0.9998,0,0.0142,9.4168,-1.313,1]},
{"frame":15,"values":[0.9998,-0.016,0.0137,0,0.0159,0.9998,0.011,0,-0.0139,-0.0107,0.9998,0,0.0142,9.4168,-1.313,1]},
{"frame":16,"values":[0.9998,-0.0147,0.0159,0,0.0146,0.9999,0.0091,0,-0.0161,-0.0089,0.9998,0,0.0142,9.4168,-1.313,1]},
{"frame":17,"values":[0.9997,-0.0146,0.0203,0,0.0145,0.9999,0.0088,0,-0.0204,-0.0085,0.9998,0,0.0142,9.4168,-1.313,1]},
{"frame":18,"values":[0.9996,-0.0154,0.0234,0,0.0152,0.9999,0.0077,0,-0.0235,-0.0074,0.9997,0,0.0142,9.4168,-1.313,1]},
{"frame":19,"values":[0.9996,-0.0161,0.0242,0,0.0159,0.9999,0.0067,0,-0.0243,-0.0064,0.9997,0,0.0142,9.4168,-1.313,1]},
{"frame":20,"values":[0.9996,-0.0155,0.0233,0,0.0153,0.9999,0.0075,0,-0.0234,-0.0071,0.9997,0,0.0142,9.4168,-1.313,1]},
{"frame":21,"values":[0.9997,-0.013,0.0214,0,0.0128,0.9999,0.0085,0,-0.0215,-0.0082,0.9997,0,0.0142,9.4168,-1.313,1]},
{"frame":22,"values":[0.9998,-0.0094,0.0195,0,0.0092,0.9999,0.0093,0,-0.0196,-0.0091,0.9998,0,0.0142,9.4168,-1.313,1]},
{"frame":23,"values":[0.9998,-0.0077,0.0188,0,0.0074,0.9999,0.0116,0,-0.0189,-0.0115,0.9998,0,0.0142,9.4168,-1.313,1]},
{"frame":24,"values":[0.9998,-0.0092,0.0193,0,0.0089,0.9999,0.0148,0,-0.0194,-0.0146,0.9997,0,0.0142,9.4168,-1.313,1]},
{"frame":25,"values":[0.9997,-0.011,0.0217,0,0.0107,0.9998,0.015,0,-0.0218,-0.0148,0.9997,0,0.0142,9.4168,-1.313,1]},
{"frame":26,"values":[0.9996,-0.011,0.0247,0,0.0107,0.9999,0.0132,0,-0.0249,-0.013,0.9996,0,0.0142,9.4168,-1.313,1]},
{"frame":27,"values":[0.9996,-0.0099,0.025,0,0.0095,0.9999,0.0141,0,-0.0251,-0.0138,0.9996,0,0.0142,9.4168,-1.313,1]},
{"frame":28,"values":[0.9997,-0.0084,0.0219,0,0.008,0.9998,0.0181,0,-0.022,-0.0179,0.9996,0,0.0142,9.4168,-1.313,1]},
{"frame":29,"values":[0.9998,-0.0074,0.0189,0,0.007,0.9997,0.0213,0,-0.0191,-0.0212,0.9996,0,0.0142,9.4168,-1.313,1]}],"loopBehavior":1,"name":"anim","property":"_matrix"}},
{"name":"Neck","index":4,"matrix":[0.9997,0.0245,-0.0045,0,-0.0249,0.9808,-0.1936,0,-0.0003,0.1936,0.9811,0,0.016,10.5938,-1.4771,1],"rest":[1,0,0,0,0,1,0,0,0,0,1,0,0.016,10.5938,-1.4771,1],"parentBoneIndex":3,"length":5.1073
,"animation":{"dataType":3,"framePerSecond":24,"keys":[
{"frame":1,"values":[0.9997,0.0245,-0.0045,0,-0.0249,0.9808,-0.1936,0,-0.0003,0.1936,0.9811,0,0.016,10.5938,-1.4771,1]},
{"frame":2,"values":[0.9995,0.0315,-0.0025,0,-0.0314,0.9819,-0.187,0,-0.0034,0.1869,0.9824,0,0.016,10.5938,-1.4771,1]},
{"frame":3,"values":[0.9994,0.0339,-0.0009,0,-0.0335,0.9828,-0.1815,0,-0.0052,0.1814,0.9834,0,0.016,10.5938,-1.4771,1]},
{"frame":4,"values":[0.9995,0.0325,-0.0003,0,-0.032,0.9833,-0.1789,0,-0.0055,0.1788,0.9839,0,0.016,10.5938,-1.4771,1]},
{"frame":5,"values":[0.9995,0.03,-0.001,0,-0.0298,0.9834,-0.1788,0,-0.0043,0.1787,0.9839,0,0.016,10.5938,-1.4771,1]},
{"frame":6,"values":[0.9996,0.0276,-0.0023,0,-0.0276,0.9833,-0.1796,0,-0.0027,0.1796,0.9837,0,0.016,10.5938,-1.4771,1]},
{"frame":7,"values":[0.9996,0.0265,-0.0027,0,-0.0265,0.983,-0.1815,0,-0.0022,0.1815,0.9834,0,0.016,10.5938,-1.4771,1]},
{"frame":8,"values":[0.9996,0.0272,-0.0018,0,-0.0271,0.9826,-0.1839,0,-0.0032,0.1839,0.9829,0,0.016,10.5938,-1.4771,1]},
{"frame":9,"values":[0.9996,0.0294,-0.0004,0,-0.029,0.9828,-0.1823,0,-0.005,0.1822,0.9833,0,0.016,10.5938,-1.4771,1]},
{"frame":10,"values":[0.9995,0.0329,0.0004,0,-0.0323,0.984,-0.1752,0,-0.0061,0.1751,0.9845,0,0.016,10.5938,-1.4771,1]},
{"frame":11,"values":[0.9993,0.0366,0,0,-0.036,0.9849,-0.1694,0,-0.0062,0.1693,0.9855,0,0.016,10.5938,-1.4771,1]},
{"frame":12,"values":[0.9992,0.0388,-0.0008,0,-0.0384,0.985,-0.168,0,-0.0057,0.1679,0.9858,0,0.016,10.5938,-1.4771,1]},
{"frame":13,"values":[0.9993,0.0386,-0.0009,0,-0.0382,0.985,-0.1685,0,-0.0056,0.1684,0.9857,0,0.016,10.5938,-1.4771,1]},
{"frame":14,"values":[0.9993,0.0382,0,0,-0.0376,0.9848,-0.1698,0,-0.0065,0.1697,0.9855,0,0.016,10.5938,-1.4771,1]},
{"frame":15,"values":[0.9992,0.0389,0.0007,0,-0.0382,0.9841,-0.1734,0,-0.0075,0.1732,0.9849,0,0.016,10.5938,-1.4771,1]},
{"frame":16,"values":[0.9992,0.0392,0.0005,0,-0.0385,0.9838,-0.1752,0,-0.0074,0.175,0.9845,0,0.016,10.5938,-1.4771,1]},
{"frame":17,"values":[0.9993,0.0376,0.0001,0,-0.037,0.9846,-0.1711,0,-0.0066,0.171,0.9853,0,0.016,10.5938,-1.4771,1]},
{"frame":18,"values":[0.9993,0.0361,0.0004,0,-0.0355,0.9855,-0.1658,0,-0.0063,0.1656,0.9862,0,0.016,10.5938,-1.4771,1]},
{"frame":19,"values":[0.9993,0.0376,0.0007,0,-0.037,0.9856,-0.1648,0,-0.0069,0.1647,0.9863,0,0.016,10.5938,-1.4771,1]},
{"frame":20,"values":[0.9993,0.0384,0,0,-0.0379,0.9852,-0.1673,0,-0.0064,0.1672,0.9859,0,0.016,10.5938,-1.4771,1]},
{"frame":21,"values":[0.9994,0.034,-0.0017,0,-0.0338,0.985,-0.1692,0,-0.004,0.1692,0.9856,0,0.016,10.5938,-1.4771,1]},
{"frame":22,"values":[0.9996,0.0273,-0.0035,0,-0.0275,0.985,-0.1706,0,-0.0012,0.1706,0.9853,0,0.016,10.5938,-1.4771,1]},
{"frame":23,"values":[0.9997,0.0238,-0.0042,0,-0.0242,0.9847,-0.1728,0,0,0.1729,0.9849,0,0.016,10.5938,-1.4771,1]},
{"frame":24,"values":[0.9997,0.0242,-0.0038,0,-0.0245,0.9849,-0.1716,0,-0.0004,0.1716,0.9852,0,0.016,10.5938,-1.4771,1]},
{"frame":25,"values":[0.9997,0.0239,-0.0033,0,-0.0241,0.986,-0.1651,0,-0.0007,0.1651,0.9863,0,0.016,10.5938,-1.4771,1]},
{"frame":26,"values":[0.9998,0.0218,-0.0039,0,-0.0222,0.9867,-0.161,0,0.0003,0.161,0.987,0,0.016,10.5938,-1.4771,1]},
{"frame":27,"values":[0.9998,0.0213,-0.0046,0,-0.0217,0.9856,-0.1676,0,0.001,0.1676,0.9859,0,0.016,10.5938,-1.4771,1]},
{"frame":28,"values":[0.9997,0.023,-0.0047,0,-0.0234,0.983,-0.1823,0,0.0004,0.1824,0.9832,0,0.016,10.5938,-1.4771,1]},
{"frame":29,"values":[0.9997,0.0245,-0.0045,0,-0.0249,0.9808,-0.1936,0,-0.0003,0.1936,0.9811,0,0.016,10.5938,-1.4771,1]}],"loopBehavior":1,"name":"anim","property":"_matrix"}},
{"name":"Head","index":5,"matrix":[0.9964,0.0735,-0.0426,0,-0.0777,0.9915,-0.1047,0,0.0346,0.1077,0.9936,0,0,5.0564,0.7196,1],"rest":[1,0,0,0,0,1,0,0,0,0,1,0,0,5.0564,0.7196,1],"parentBoneIndex":4,"length":15.2963
,"animation":{"dataType":3,"framePerSecond":24,"keys":[
{"frame":1,"values":[0.9964,0.0735,-0.0426,0,-0.0777,0.9915,-0.1047,0,0.0346,0.1077,0.9936,0,0,5.0564,0.7196,1]},
{"frame":2,"values":[0.9965,0.0741,-0.0376,0,-0.0776,0.9917,-0.1022,0,0.0297,0.1048,0.994,0,0,5.0564,0.7196,1]},
{"frame":3,"values":[0.9967,0.0752,-0.0317,0,-0.0778,0.9925,-0.094,0,0.0244,0.0962,0.9951,0,0,5.0564,0.7196,1]},
{"frame":4,"values":[0.997,0.0718,-0.0276,0,-0.074,0.9933,-0.089,0,0.021,0.0908,0.9956,0,0,5.0564,0.7196,1]},
{"frame":5,"values":[0.9975,0.0638,-0.0292,0,-0.0662,0.9937,-0.0908,0,0.0232,0.0925,0.9954,0,0,5.0564,0.7196,1]},
{"frame":6,"values":[0.9978,0.0581,-0.0335,0,-0.0609,0.9939,-0.0922,0,0.0279,0.094,0.9952,0,0,5.0564,0.7196,1]},
{"frame":7,"values":[0.9976,0.0592,-0.0346,0,-0.0621,0.9941,-0.0884,0,0.0292,0.0903,0.9955,0,0,5.0564,0.7196,1]},
{"frame":8,"values":[0.9975,0.0643,-0.0307,0,-0.0668,0.9939,-0.0877,0,0.0249,0.0895,0.9957,0,0,5.0564,0.7196,1]},
{"frame":9,"values":[0.9974,0.0674,-0.0253,0,-0.0696,0.993,-0.0958,0,0.0187,0.0973,0.9951,0,0,5.0564,0.7196,1]},
{"frame":10,"values":[0.9976,0.0644,-0.0243,0,-0.0666,0.9926,-0.1015,0,0.0176,0.1029,0.9945,0,0,5.0564,0.7196,1]},
{"frame":11,"values":[0.9979,0.0573,-0.0292,0,-0.0599,0.9934,-0.0977,0,0.0234,0.0992,0.9948,0,0,5.0564,0.7196,1]},
{"frame":12,"values":[0.998,0.0527,-0.0351,0,-0.0558,0.9938,-0.0961,0,0.0298,0.0979,0.9948,0,0,5.0564,0.7196,1]},
{"frame":13,"values":[0.9979,0.0533,-0.0355,0,-0.0567,0.9931,-0.1031,0,0.0298,0.1049,0.994,0,0,5.0564,0.7196,1]},
{"frame":14,"values":[0.998,0.0555,-0.0304,0,-0.0585,0.9923,-0.1091,0,0.0241,0.1107,0.9936,0,0,5.0564,0.7196,1]},
{"frame":15,"values":[0.9981,0.0551,-0.0271,0,-0.0578,0.9921,-0.1114,0,0.0207,0.1127,0.9934,0,0,5.0564,0.7196,1]},
{"frame":16,"values":[0.998,0.056,-0.0284,0,-0.059,0.9916,-0.1153,0,0.0217,0.1167,0.9929,0,0,5.0564,0.7196,1]},
{"frame":17,"values":[0.9976,0.0622,-0.0293,0,-0.0652,0.9911,-0.1161,0,0.0218,0.1177,0.9928,0,0,5.0564,0.7196,1]},
{"frame":18,"values":[0.9974,0.0671,-0.0271,0,-0.0697,0.9915,-0.1097,0,0.0195,0.1113,0.9936,0,0,5.0564,0.7196,1]},
{"frame":19,"values":[0.9977,0.0623,-0.0267,0,-0.0647,0.9924,-0.1045,0,0.02,0.106,0.9942,0,0,5.0564,0.7196,1]},
{"frame":20,"values":[0.998,0.0547,-0.0309,0,-0.0576,0.9929,-0.1038,0,0.025,0.1053,0.9941,0,0,5.0564,0.7196,1]},
{"frame":21,"values":[0.9979,0.0541,-0.0358,0,-0.0574,0.9934,-0.0988,0,0.0302,0.1007,0.9945,0,0,5.0564,0.7196,1]},
{"frame":22,"values":[0.9977,0.056,-0.0391,0,-0.0593,0.9943,-0.0885,0,0.0339,0.0906,0.9953,0,0,5.0564,0.7196,1]},
{"frame":23,"values":[0.9975,0.058,-0.04,0,-0.0612,0.9946,-0.0843,0,0.0349,0.0865,0.9956,0,0,5.0564,0.7196,1]},
{"frame":24,"values":[0.9973,0.0635,-0.038,0,-0.0666,0.9939,-0.0876,0,0.0322,0.0899,0.9954,0,0,5.0564,0.7196,1]},
{"frame":25,"values":[0.997,0.0684,-0.0355,0,-0.0712,0.9938,-0.0857,0,0.0295,0.0879,0.9957,0,0,5.0564,0.7196,1]},
{"frame":26,"values":[0.997,0.0684,-0.0364,0,-0.0711,0.9944,-0.0783,0,0.0309,0.0807,0.9963,0,0,5.0564,0.7196,1]},
{"frame":27,"values":[0.9969,0.0678,-0.0399,0,-0.0709,0.9942,-0.0803,0,0.0342,0.0829,0.996,0,0,5.0564,0.7196,1]},
{"frame":28,"values":[0.9966,0.0704,-0.0422,0,-0.0741,0.9928,-0.0937,0,0.0353,0.0965,0.9947,0,0,5.0564,0.7196,1]},
{"frame":29,"values":[0.9964,0.0735,-0.0426,0,-0.0777,0.9915,-0.1047,0,0.0346,0.1077,0.9936,0,0,5.0564,0.7196,1]}],"loopBehavior":1,"name":"anim","property":"_matrix"}},
{"name":"HeadTop_End","index":6,"matrix":[1,0,0,0,0,1,0,0,0,0,1,0,0,15.1437,2.155,1],"rest":[1,0,0,0,0,1,0,0,0,0,1,0,0,15.1437,2.155,1],"parentBoneIndex":5,"length":15.2963
,"animation":{"dataType":3,"framePerSecond":24,"keys":[
{"frame":1,"values":[1,0,0,0,0,1,0,0,0,0,1,0,0,15.1437,2.155,1]},
{"frame":29,"values":[1,0,0,0,0,1,0,0,0,0,1,0,0,15.1437,2.155,1]}],"loopBehavior":1,"name":"anim","property":"_matrix"}},
{"name":"LeftShoulder","index":7,"matrix":[0.9704,-0.1954,-0.1419,0,0.1944,0.9807,-0.0208,0,0.1433,-0.0074,0.9897,0,3.5285,8.7304,-1.4561,1],"rest":[1,-0.0017,0,0,0.0017,1,0,0,0,0,1,0,3.5285,8.7304,-1.4561,1],"parentBoneIndex":3,"length":7.9526
,"animation":{"dataType":3,"framePerSecond":24,"keys":[
{"frame":1,"values":[0.9704,-0.1954,-0.1419,0,0.1944,0.9807,-0.0208,0,0.1433,-0.0074,0.9897,0,3.5285,8.7304,-1.4561,1]},
{"frame":2,"values":[0.9727,-0.1899,-0.133,0,0.1892,0.9818,-0.018,0,0.134,-0.0076,0.9909,0,3.5285,8.7304,-1.4561,1]},
{"frame":3,"values":[0.974,-0.1865,-0.1288,0,0.186,0.9824,-0.0167,0,0.1296,-0.0077,0.9915,0,3.5285,8.7304,-1.4561,1]},
{"frame":4,"values":[0.9731,-0.1886,-0.1321,0,0.188,0.982,-0.0177,0,0.1331,-0.0076,0.9911,0,3.5285,8.7304,-1.4561,1]},
{"frame":5,"values":[0.9719,-0.1919,-0.1363,0,0.1911,0.9814,-0.0191,0,0.1374,-0.0075,0.9905,0,3.5285,8.7304,-1.4561,1]},
{"frame":6,"values":[0.9728,-0.1896,-0.1329,0,0.1889,0.9818,-0.018,0,0.1339,-0.0076,0.991,0,3.5285,8.7304,-1.4561,1]},
{"frame":7,"values":[0.9748,-0.1842,-0.1259,0,0.1837,0.9829,-0.0158,0,0.1266,-0.0078,0.9919,0,3.5285,8.7304,-1.4561,1]},
{"frame":8,"values":[0.9748,-0.1839,-0.1261,0,0.1834,0.9829,-0.0158,0,0.1269,-0.0078,0.9919,0,3.5285,8.7304,-1.4561,1]},
{"frame":9,"values":[0.9734,-0.1877,-0.131,0,0.187,0.9822,-0.0173,0,0.132,-0.0076,0.9912,0,3.5285,8.7304,-1.4561,1]},
{"frame":10,"values":[0.9728,-0.1899,-0.133,0,0.1892,0.9818,-0.018,0,0.134,-0.0076,0.991,0,3.5285,8.7304,-1.4561,1]},
{"frame":11,"values":[0.9726,-0.1906,-0.1329,0,0.1899,0.9816,-0.0181,0,0.1339,-0.0076,0.991,0,3.5285,8.7304,-1.4561,1]},
{"frame":12,"values":[0.9726,-0.1908,-0.1324,0,0.1901,0.9816,-0.018,0,0.1334,-0.0077,0.991,0,3.5285,8.7304,-1.4561,1]},
{"frame":13,"values":[0.9737,-0.1886,-0.1277,0,0.188,0.982,-0.0166,0,0.1285,-0.0078,0.9917,0,3.5285,8.7304,-1.4561,1]},
{"frame":14,"values":[0.9755,-0.1846,-0.1199,0,0.1842,0.9828,-0.0144,0,0.1204,-0.0081,0.9927,0,3.5285,8.7304,-1.4561,1]},
{"frame":15,"values":[0.9752,-0.1858,-0.1201,0,0.1854,0.9826,-0.0146,0,0.1208,-0.0081,0.9926,0,3.5285,8.7304,-1.4561,1]},
{"frame":16,"values":[0.9727,-0.1924,-0.1299,0,0.1918,0.9813,-0.0176,0,0.1308,-0.0078,0.9914,0,3.5285,8.7304,-1.4561,1]},
{"frame":17,"values":[0.9707,-0.1971,-0.1373,0,0.1963,0.9803,-0.0199,0,0.1386,-0.0076,0.9903,0,3.5285,8.7304,-1.4561,1]},
{"frame":18,"values":[0.9702,-0.1985,-0.139,0,0.1975,0.9801,-0.0205,0,0.1403,-0.0076,0.9901,0,3.5285,8.7304,-1.4561,1]},
{"frame":19,"values":[0.97,-0.1991,-0.1397,0,0.1981,0.98,-0.0208,0,0.141,-0.0075,0.99,0,3.5285,8.7304,-1.4561,1]},
{"frame":20,"values":[0.9705,-0.1976,-0.1379,0,0.1967,0.9803,-0.0201,0,0.1392,-0.0076,0.9902,0,3.5285,8.7304,-1.4561,1]},
{"frame":21,"values":[0.9728,-0.1922,-0.1293,0,0.1916,0.9813,-0.0174,0,0.1302,-0.0079,0.9915,0,3.5285,8.7304,-1.4561,1]},
{"frame":22,"values":[0.974,-0.1901,-0.1232,0,0.1897,0.9817,-0.0156,0,0.1239,-0.0081,0.9923,0,3.5285,8.7304,-1.4561,1]},
{"frame":23,"values":[0.9716,-0.1968,-0.1314,0,0.1961,0.9804,-0.0184,0,0.1325,-0.0079,0.9912,0,3.5285,8.7304,-1.4561,1]},
{"frame":24,"values":[0.9684,-0.2039,-0.1438,0,0.2028,0.979,-0.0224,0,0.1454,-0.0075,0.9893,0,3.5285,8.7304,-1.4561,1]},
{"frame":25,"values":[0.9675,-0.2053,-0.1476,0,0.2041,0.9787,-0.0236,0,0.1493,-0.0073,0.9888,0,3.5285,8.7304,-1.4561,1]},
{"frame":26,"values":[0.9678,-0.2047,-0.1463,0,0.2035,0.9788,-0.0232,0,0.148,-0.0073,0.989,0,3.5285,8.7304,-1.4561,1]},
{"frame":27,"values":[0.9684,-0.203,-0.1452,0,0.2018,0.9792,-0.0227,0,0.1467,-0.0074,0.9891,0,3.5285,8.7304,-1.4561,1]},
{"frame":28,"values":[0.9694,-0.199,-0.1436,0,0.1979,0.98,-0.0217,0,0.1451,-0.0074,0.9894,0,3.5285,8.7304,-1.4561,1]},
{"frame":29,"values":[0.9704,-0.1954,-0.1419,0,0.1944,0.9807,-0.0208,0,0.1433,-0.0074,0.9897,0,3.5285,8.7304,-1.4561,1]}],"loopBehavior":1,"name":"anim","property":"_matrix"}},
{"name":"LeftArm","index":8,"matrix":[0.0168,-0.7859,0.6182,0,0.6701,0.4677,0.5764,0,-0.742,0.4046,0.5345,0,7.6132,-2.2982,0.0421,1],"rest":[0.9965,-0.0092,0.0835,0,0.0092,1,0.0007,0,-0.0835,0.0001,0.9965,0,7.6132,-2.2982,0.0421,1],"parentBoneIndex":7,"length":18.9821
,"animation":{"dataType":3,"framePerSecond":24,"keys":[
{"frame":1,"values":[0.0168,-0.7859,0.6182,0,0.6701,0.4677,0.5764,0,-0.742,0.4046,0.5345,0,7.6132,-2.2982,0.0421,1]},
{"frame":2,"values":[0.0453,-0.7824,0.6211,0,0.72,0.4565,0.5226,0,-0.6925,0.4235,0.5841,0,7.6132,-2.2982,0.0421,1]},
{"frame":3,"values":[0.0605,-0.7865,0.6146,0,0.79,0.4141,0.4522,0,-0.6101,0.4582,0.6464,0,7.6132,-2.2982,0.0421,1]},
{"frame":4,"values":[0.057,-0.7958,0.6029,0,0.8322,0.3714,0.4116,0,-0.5515,0.4783,0.6834,0,7.6132,-2.2982,0.0421,1]},
{"frame":5,"values":[0.0432,-0.8025,0.5951,0,0.8096,0.3772,0.4498,0,-0.5854,0.4624,0.6659,0,7.6132,-2.2982,0.0421,1]},
{"frame":6,"values":[0.0169,-0.803,0.5957,0,0.722,0.422,0.5483,0,-0.6917,0.4208,0.5869,0,7.6132,-2.2982,0.0421,1]},
{"frame":7,"values":[-0.0121,-0.8035,0.5952,0,0.6367,0.4528,0.6242,0,-0.771,0.3866,0.506,0,7.6132,-2.2982,0.0421,1]},
{"frame":8,"values":[-0.0124,-0.8049,0.5933,0,0.6194,0.4596,0.6365,0,-0.785,0.3753,0.4929,0,7.6132,-2.2982,0.0421,1]},
{"frame":9,"values":[0.0181,-0.8022,0.5967,0,0.6597,0.458,0.5958,0,-0.7513,0.3829,0.5375,0,7.6132,-2.2982,0.0421,1]},
{"frame":10,"values":[0.0528,-0.7989,0.5991,0,0.7236,0.444,0.5285,0,-0.6882,0.4056,0.6015,0,7.6132,-2.2982,0.0421,1]},
{"frame":11,"values":[0.0685,-0.8025,0.5928,0,0.7828,0.4116,0.4667,0,-0.6185,0.4321,0.6563,0,7.6132,-2.2982,0.0421,1]},
{"frame":12,"values":[0.0617,-0.8094,0.5841,0,0.7959,0.3929,0.4605,0,-0.6022,0.4365,0.6684,0,7.6132,-2.2982,0.0421,1]},
{"frame":13,"values":[0.0383,-0.8115,0.5831,0,0.7374,0.4168,0.5316,0,-0.6744,0.4096,0.6143,0,7.6132,-2.2982,0.0421,1]},
{"frame":14,"values":[0.008,-0.812,0.5836,0,0.6542,0.4456,0.6111,0,-0.7562,0.3769,0.5348,0,7.6132,-2.2982,0.0421,1]},
{"frame":15,"values":[0,-0.8145,0.5802,0,0.6313,0.4499,0.6317,0,-0.7755,0.3663,0.5142,0,7.6132,-2.2982,0.0421,1]},
{"frame":16,"values":[0.022,-0.8151,0.5788,0,0.6751,0.4392,0.5928,0,-0.7374,0.3777,0.5599,0,7.6132,-2.2982,0.0421,1]},
{"frame":17,"values":[0.0513,-0.8133,0.5796,0,0.7465,0.4168,0.5187,0,-0.6635,0.406,0.6285,0,7.6132,-2.2982,0.0421,1]},
{"frame":18,"values":[0.0692,-0.8136,0.5773,0,0.809,0.3844,0.4447,0,-0.5837,0.4363,0.6848,0,7.6132,-2.2982,0.0421,1]},
{"frame":19,"values":[0.0691,-0.8157,0.5744,0,0.8314,0.3653,0.4188,0,-0.5514,0.4486,0.7034,0,7.6132,-2.2982,0.0421,1]},
{"frame":20,"values":[0.051,-0.8145,0.578,0,0.7924,0.3852,0.473,0,-0.6079,0.4339,0.665,0,7.6132,-2.2982,0.0421,1]},
{"frame":21,"values":[0.0149,-0.8109,0.585,0,0.7022,0.425,0.5712,0,-0.7118,0.4023,0.5758,0,7.6132,-2.2982,0.0421,1]},
{"frame":22,"values":[-0.0146,-0.8102,0.5859,0,0.6279,0.4486,0.636,0,-0.7781,0.3772,0.5022,0,7.6132,-2.2982,0.0421,1]},
{"frame":23,"values":[-0.0103,-0.8066,0.591,0,0.6131,0.4618,0.641,0,-0.79,0.3689,0.4898,0,7.6132,-2.2982,0.0421,1]},
{"frame":24,"values":[0.0162,-0.7945,0.6071,0,0.6423,0.4736,0.6027,0,-0.7663,0.3801,0.5179,0,7.6132,-2.2982,0.0421,1]},
{"frame":25,"values":[0.0382,-0.7834,0.6203,0,0.7015,0.4631,0.5417,0,-0.7116,0.4145,0.5673,0,7.6132,-2.2982,0.0421,1]},
{"frame":26,"values":[0.0392,-0.7824,0.6215,0,0.7644,0.4241,0.4856,0,-0.6436,0.4561,0.6147,0,7.6132,-2.2982,0.0421,1]},
{"frame":27,"values":[0.0275,-0.7847,0.6193,0,0.7748,0.4082,0.4828,0,-0.6316,0.4665,0.6192,0,7.6132,-2.2982,0.0421,1]},
{"frame":28,"values":[0.0191,-0.7855,0.6186,0,0.7229,0.4382,0.5342,0,-0.6907,0.437,0.5762,0,7.6132,-2.2982,0.0421,1]},
{"frame":29,"values":[0.0167,-0.7859,0.6181,0,0.6702,0.4676,0.5764,0,-0.742,0.4046,0.5345,0,7.6132,-2.2982,0.0421,1]}],"loopBehavior":1,"name":"anim","property":"_matrix"}},
{"name":"LeftForeArm","index":9,"matrix":[0.0887,0.0007,0.9961,0,-0.0111,0.9999,0.0002,0,-0.996,-0.0111,0.0887,0,18.9146,0.2055,-1.5856,1],"rest":[0.9964,0.0108,-0.0835,0,-0.0108,0.9999,0.0005,0,0.0835,0.0005,0.9965,0,18.9146,0.2055,-1.5856,1],"parentBoneIndex":8,"length":18.4362
,"animation":{"dataType":3,"framePerSecond":24,"keys":[
{"frame":1,"values":[0.0887,0.0007,0.9961,0,-0.0111,0.9999,0.0002,0,-0.996,-0.0111,0.0887,0,18.9146,0.2055,-1.5856,1]},
{"frame":2,"values":[0.0931,0.0008,0.9957,0,-0.0111,0.9999,0.0002,0,-0.9956,-0.0111,0.0931,0,18.9146,0.2055,-1.5856,1]},
{"frame":3,"values":[0.1027,0.0009,0.9947,0,-0.0111,0.9999,0.0002,0,-0.9947,-0.011,0.1027,0,18.9146,0.2055,-1.5856,1]},
{"frame":4,"values":[0.1024,0.0009,0.9947,0,-0.0111,0.9999,0.0002,0,-0.9947,-0.011,0.1024,0,18.9146,0.2055,-1.5856,1]},
{"frame":5,"values":[0.0929,0.0008,0.9957,0,-0.0111,0.9999,0.0002,0,-0.9956,-0.0111,0.0929,0,18.9146,0.2055,-1.5856,1]},
{"frame":6,"values":[0.0829,0.0007,0.9966,0,-0.0111,0.9999,0.0002,0,-0.9965,-0.0111,0.0829,0,18.9146,0.2055,-1.5856,1]},
{"frame":7,"values":[0.0689,0.0005,0.9976,0,-0.0111,0.9999,0.0002,0,-0.9976,-0.0111,0.0689,0,18.9146,0.2055,-1.5856,1]},
{"frame":8,"values":[0.0544,0.0004,0.9985,0,-0.0111,0.9999,0.0002,0,-0.9985,-0.0111,0.0544,0,18.9146,0.2055,-1.5856,1]},
{"frame":9,"values":[0.0525,0.0003,0.9986,0,-0.0111,0.9999,0.0002,0,-0.9986,-0.0111,0.0525,0,18.9146,0.2055,-1.5856,1]},
{"frame":10,"values":[0.0615,0.0004,0.9981,0,-0.0111,0.9999,0.0002,0,-0.998,-0.0111,0.0615,0,18.9146,0.2055,-1.5856,1]},
{"frame":11,"values":[0.0693,0.0005,0.9976,0,-0.0111,0.9999,0.0002,0,-0.9975,-0.0111,0.0693,0,18.9146,0.2055,-1.5856,1]},
{"frame":12,"values":[0.0637,0.0005,0.998,0,-0.0111,0.9999,0.0002,0,-0.9979,-0.0111,0.0637,0,18.9146,0.2055,-1.5856,1]},
{"frame":13,"values":[0.0522,0.0003,0.9986,0,-0.0111,0.9999,0.0002,0,-0.9986,-0.0111,0.0522,0,18.9146,0.2055,-1.5856,1]},
{"frame":14,"values":[0.0388,0.0002,0.9992,0,-0.0111,0.9999,0.0002,0,-0.9992,-0.0111,0.0388,0,18.9146,0.2055,-1.5856,1]},
{"frame":15,"values":[0.0328,0.0001,0.9995,0,-0.0111,0.9999,0.0002,0,-0.9994,-0.0111,0.0328,0,18.9146,0.2055,-1.5856,1]},
{"frame":16,"values":[0.041,0.0002,0.9992,0,-0.0111,0.9999,0.0002,0,-0.9991,-0.0111,0.041,0,18.9146,0.2055,-1.5856,1]},
{"frame":17,"values":[0.0513,0.0003,0.9987,0,-0.0111,0.9999,0.0002,0,-0.9986,-0.0111,0.0513,0,18.9146,0.2055,-1.5856,1]},
{"frame":18,"values":[0.061,0.0004,0.9981,0,-0.0111,0.9999,0.0002,0,-0.9981,-0.0111,0.061,0,18.9146,0.2055,-1.5856,1]},
{"frame":19,"values":[0.0651,0.0005,0.9979,0,-0.0111,0.9999,0.0002,0,-0.9978,-0.0111,0.0651,0,18.9146,0.2055,-1.5856,1]},
{"frame":20,"values":[0.0693,0.0005,0.9976,0,-0.0111,0.9999,0.0002,0,-0.9975,-0.0111,0.0693,0,18.9146,0.2055,-1.5856,1]},
{"frame":21,"values":[0.0744,0.0006,0.9972,0,-0.0111,0.9999,0.0002,0,-0.9972,-0.0111,0.0744,0,18.9146,0.2055,-1.5856,1]},
{"frame":22,"values":[0.0677,0.0005,0.9977,0,-0.0111,0.9999,0.0002,0,-0.9976,-0.0111,0.0677,0,18.9146,0.2055,-1.5856,1]},
{"frame":23,"values":[0.0593,0.0004,0.9982,0,-0.0111,0.9999,0.0002,0,-0.9982,-0.0111,0.0593,0,18.9146,0.2055,-1.5856,1]},
{"frame":24,"values":[0.0692,0.0005,0.9976,0,-0.0111,0.9999,0.0002,0,-0.9975,-0.0111,0.0692,0,18.9146,0.2055,-1.5856,1]},
{"frame":25,"values":[0.1018,0.0009,0.9948,0,-0.0111,0.9999,0.0002,0,-0.9947,-0.011,0.1018,0,18.9146,0.2055,-1.5856,1]},
{"frame":26,"values":[0.1373,0.0013,0.9905,0,-0.0111,0.9999,0.0003,0,-0.9905,-0.011,0.1373,0,18.9146,0.2055,-1.5856,1]},
{"frame":27,"values":[0.1459,0.0014,0.9893,0,-0.0111,0.9999,0.0003,0,-0.9892,-0.011,0.1459,0,18.9146,0.2055,-1.5856,1]},
{"frame":28,"values":[0.1196,0.0011,0.9928,0,-0.0111,0.9999,0.0003,0,-0.9928,-0.011,0.1196,0,18.9146,0.2055,-1.5856,1]},
{"frame":29,"values":[0.0874,0.0007,0.9962,0,-0.0111,0.9999,0.0002,0,-0.9961,-0.0111,0.0874,0,18.9146,0.2055,-1.5856,1]}],"loopBehavior":1,"name":"anim","property":"_matrix"}},
{"name":"LeftHand","index":10,"matrix":[0.9165,0.3408,0.2095,0,-0.3486,0.9373,0.0001,0,-0.1963,-0.0731,0.9778,0,18.4362,0,0,1],"rest":[0.9824,-0.1864,-0.0127,0,0.1846,0.9789,-0.0878,0,0.0288,0.0839,0.9961,0,18.4362,0,0,1],"parentBoneIndex":9,"length":6.699
,"animation":{"dataType":3,"framePerSecond":24,"keys":[
{"frame":1,"values":[0.9165,0.3408,0.2095,0,-0.3486,0.9373,0.0001,0,-0.1963,-0.0731,0.9778,0,18.4362,0,0,1]},
{"frame":2,"values":[0.9488,0.2579,0.1823,0,-0.2817,0.952,0.1198,0,-0.1427,-0.165,0.9759,0,18.4362,0,0,1]},
{"frame":3,"values":[0.9614,0.2369,0.1398,0,-0.2578,0.9533,0.1572,0,-0.096,-0.1871,0.9776,0,18.4362,0,0,1]},
{"frame":4,"values":[0.963,0.2334,0.1349,0,-0.2504,0.9598,0.1266,0,-0.0999,-0.1557,0.9827,0,18.4362,0,0,1]},
{"frame":5,"values":[0.9559,0.2357,0.1754,0,-0.2487,0.967,0.0556,0,-0.1565,-0.0967,0.9829,0,18.4362,0,0,1]},
{"frame":6,"values":[0.932,0.3063,0.1935,0,-0.2856,0.9498,-0.128,0,-0.223,0.0641,0.9727,0,18.4362,0,0,1]},
{"frame":7,"values":[0.9049,0.4212,0.0606,0,-0.406,0.8972,-0.1739,0,-0.1276,0.1328,0.9829,0,18.4362,0,0,1]},
{"frame":8,"values":[0.8935,0.4457,-0.0551,0,-0.4485,0.892,-0.0575,0,0.0235,0.076,0.9968,0,18.4362,0,0,1]},
{"frame":9,"values":[0.9565,0.2886,0.0427,0,-0.2689,0.9289,-0.2547,0,-0.1132,0.2321,0.9661,0,18.4362,0,0,1]},
{"frame":10,"values":[0.9808,0.1708,0.0943,0,-0.1423,0.9569,-0.2533,0,-0.1334,0.235,0.9628,0,18.4362,0,0,1]},
{"frame":11,"values":[0.9832,0.157,0.0935,0,-0.1461,0.9827,-0.1141,0,-0.1098,0.0986,0.9891,0,18.4362,0,0,1]},
{"frame":12,"values":[0.9703,0.2163,0.1088,0,-0.2192,0.9756,0.0156,0,-0.1028,-0.039,0.9939,0,18.4362,0,0,1]},
{"frame":13,"values":[0.928,0.3536,0.1172,0,-0.3584,0.9333,0.0218,0,-0.1017,-0.0622,0.9929,0,18.4362,0,0,1]},
{"frame":14,"values":[0.8635,0.5034,-0.0293,0,-0.496,0.8585,0.1304,0,0.0907,-0.0981,0.991,0,18.4362,0,0,1]},
{"frame":15,"values":[0.8582,0.5041,-0.0969,0,-0.4934,0.8622,0.1149,0,0.1415,-0.0508,0.9886,0,18.4362,0,0,1]},
{"frame":16,"values":[0.9396,0.3358,0.0658,0,-0.3083,0.9142,-0.2631,0,-0.1485,0.227,0.9625,0,18.4362,0,0,1]},
{"frame":17,"values":[0.9694,0.2059,0.1337,0,-0.191,0.9747,-0.1163,0,-0.1543,0.0872,0.9842,0,18.4362,0,0,1]},
{"frame":18,"values":[0.982,0.1202,0.146,0,-0.1388,0.9824,0.125,0,-0.1284,-0.143,0.9814,0,18.4362,0,0,1]},
{"frame":19,"values":[0.9781,0.1202,0.1702,0,-0.1588,0.9589,0.2353,0,-0.1349,-0.2572,0.9569,0,18.4362,0,0,1]},
{"frame":20,"values":[0.9512,0.2178,0.2184,0,-0.2561,0.9523,0.1657,0,-0.1719,-0.2136,0.9617,0,18.4362,0,0,1]},
{"frame":21,"values":[0.9038,0.3785,0.1998,0,-0.3799,0.9244,-0.0331,0,-0.1972,-0.046,0.9793,0,18.4362,0,0,1]},
{"frame":22,"values":[0.839,0.5418,-0.05,0,-0.5371,0.8394,0.0836,0,0.0873,-0.0433,0.9952,0,18.4362,0,0,1]},
{"frame":23,"values":[0.8315,0.5536,-0.0474,0,-0.5491,0.8317,0.0817,0,0.0846,-0.0419,0.9955,0,18.4362,0,0,1]},
{"frame":24,"values":[0.9096,0.4079,0.0784,0,-0.3871,0.9009,-0.1963,0,-0.1507,0.1482,0.9774,0,18.4362,0,0,1]},
{"frame":25,"values":[0.9513,0.2882,0.1098,0,-0.2833,0.9573,-0.0582,0,-0.1219,0.0242,0.9923,0,18.4362,0,0,1]},
{"frame":26,"values":[0.9764,0.2143,0.0281,0,-0.2146,0.946,0.243,0,0.0255,-0.2433,0.9696,0,18.4362,0,0,1]},
{"frame":27,"values":[0.9845,0.1701,0.0429,0,-0.1737,0.9119,0.3718,0,0.0241,-0.3735,0.9273,0,18.4362,0,0,1]},
{"frame":28,"values":[0.9626,0.2147,0.1655,0,-0.2526,0.9318,0.2606,0,-0.0982,-0.2926,0.9512,0,18.4362,0,0,1]},
{"frame":29,"values":[0.9168,0.3408,0.2083,0,-0.3485,0.9373,0.0006,0,-0.1951,-0.0731,0.9781,0,18.4362,0,0,1]}],"loopBehavior":1,"name":"anim","property":"_matrix"}},
{"name":"LeftHandThumb1","index":11,"matrix":[0.9915,0.0794,-0.1031,0,-0.0843,0.9954,-0.045,0,0.099,0.0534,0.9937,0,3.0862,-1.2837,1.4227,1],"rest":[0.9923,0.1154,-0.0442,0,-0.1172,0.9923,-0.0407,0,0.0392,0.0455,0.9982,0,3.0862,-1.2837,1.4227,1],"parentBoneIndex":10,"length":2.9063
,"animation":{"dataType":3,"framePerSecond":24,"keys":[
{"frame":1,"values":[0.9915,0.0794,-0.1031,0,-0.0843,0.9954,-0.045,0,0.099,0.0534,0.9937,0,3.0862,-1.2837,1.4227,1]},
{"frame":29,"values":[0.9915,0.0794,-0.1031,0,-0.0843,0.9954,-0.045,0,0.099,0.0534,0.9937,0,3.0862,-1.2837,1.4227,1]}],"loopBehavior":1,"name":"anim","property":"_matrix"}},
{"name":"LeftHandThumb2","index":12,"matrix":[0.9665,0.2281,-0.1178,0,-0.2418,0.963,-0.1187,0,0.0863,0.1432,0.9859,0,2.2512,-1.2997,1.2997,1],"rest":[1,0,0,0,0,1,0,0,0,0,1,0,2.2512,-1.2997,1.2997,1],"parentBoneIndex":11,"length":2.9053
,"animation":{"dataType":3,"framePerSecond":24,"keys":[
{"frame":1,"values":[0.9665,0.2281,-0.1178,0,-0.2418,0.963,-0.1187,0,0.0863,0.1432,0.9859,0,2.2512,-1.2997,1.2997,1]},
{"frame":29,"values":[0.9665,0.2281,-0.1178,0,-0.2418,0.963,-0.1187,0,0.0863,0.1432,0.9859,0,2.2512,-1.2997,1.2997,1]}],"loopBehavior":1,"name":"anim","property":"_matrix"}},
