{"producer":{"name":"Blender","version":"2.90.0","exporter_version":"2.80.1","file":"run_riffle.babylon"},
"autoClear":true,"clearColor":[0.0509,0.0509,0.0509],"gravity":[0,-9.81,0],
"materials":[{"name":"Material","id":"Material","customType":"BABYLON.PBRMaterial","backFaceCulling":true,"checkReadyOnlyOnce":false,"maxSimultaneousLights":4,"environmentIntensity":1,"albedo":[0.8,0.8,0.8],"reflectivity":[0.5,0.5,0.5],"roughness":0.4,"alpha":1,"transparencyMode":0,"alphaCutOff":0.4,"metallic":0}],
"multiMaterials":[],
"skeletons":[{"name":"Armature","id":0,"dimensionsAtRest":[128.1663,151.4482,19.1351],"bones":[
{"name":"Hips","index":0,"matrix":[0.9705,-0.06,-0.2337,0,0.0198,0.9851,-0.1708,0,-0.2405,-0.1611,-0.9572,0,-0.2851,65.02,-0.3863,1],"rest":[1,0,0,0,0,1,0,0,0,0,-1,0,0,81.0629,0,1],"parentBoneIndex":-1,"length":7.701
,"animation":{"dataType":3,"framePerSecond":24,"keys":[
{"frame":1,"values":[0.9705,-0.06,-0.2337,0,0.0198,0.9851,-0.1708,0,-0.2405,-0.1611,-0.9572,0,-0.2851,65.02,-0.3863,1]},
{"frame":2,"values":[0.9741,-0.0351,-0.2236,0,-0.0043,0.9849,-0.1733,0,-0.2263,-0.1698,-0.9592,0,-0.2253,65.9483,-0.9274,1]},
{"frame":3,"values":[0.9807,-0.0096,-0.1952,0,-0.0256,0.9839,-0.177,0,-0.1937,-0.1786,-0.9647,0,-0.1286,68.2258,-1.5174,1]},
{"frame":4,"values":[0.9855,0.0077,-0.1697,0,-0.0368,0.9849,-0.1692,0,-0.1658,-0.173,-0.9709,0,0.0089,71.1319,-1.4926,1]},
{"frame":5,"values":[0.9846,0.0019,-0.1749,0,-0.0277,0.989,-0.1452,0,-0.1727,-0.1478,-0.9738,0,0.1572,71.0525,-1.1202,1]},
{"frame":6,"values":[0.9897,0.0009,-0.1431,0,-0.0196,0.9915,-0.1289,0,-0.1418,-0.1304,-0.9813,0,0.1661,68.3199,-0.9415,1]},
{"frame":7,"values":[0.9948,0.0301,-0.0969,0,-0.0399,0.9941,-0.1008,0,-0.0933,-0.1041,-0.9902,0,0.3929,66.1171,-0.5109,1]},
{"frame":8,"values":[0.9906,0.0552,-0.1254,0,-0.0658,0.9945,-0.0816,0,-0.1202,-0.0891,-0.9887,0,0.605,64.6521,-0.1792,1]},
{"frame":9,"values":[0.9891,0.0482,-0.139,0,-0.0614,0.9938,-0.0922,0,-0.1337,-0.0998,-0.986,0,0.656,63.9624,-0.5175,1]},
{"frame":10,"values":[0.994,0.007,-0.1095,0,-0.019,0.9939,-0.1087,0,-0.108,-0.1101,-0.988,0,0.5578,64.9227,-1.0333,1]},
{"frame":11,"values":[0.9949,-0.0376,-0.0931,0,0.0236,0.9889,-0.1469,0,-0.0976,-0.144,-0.9848,0,0.4621,67.2981,-1.2505,1]},
{"frame":12,"values":[0.9913,-0.0684,-0.112,0,0.0474,0.9825,-0.1804,0,-0.1224,-0.1735,-0.9772,0,0.6964,70.8477,-1.0867,1]},
{"frame":13,"values":[0.9883,-0.0566,-0.1413,0,0.028,0.9801,-0.1964,0,-0.1496,-0.1902,-0.9703,0,0.9927,73.3322,-1.0205,1]},
{"frame":14,"values":[0.9873,-0.0253,-0.1568,0,-0.0062,0.9804,-0.1969,0,-0.1587,-0.1954,-0.9678,0,1.0412,73.1939,-1.22,1]},
{"frame":15,"values":[0.9864,-0.0172,-0.1633,0,-0.015,0.9809,-0.1941,0,-0.1636,-0.194,-0.9673,0,0.7087,70.961,-1.1323,1]},
{"frame":16,"values":[0.9806,-0.043,-0.1914,0,0.0069,0.9826,-0.1856,0,-0.1961,-0.1807,-0.9638,0,0.2443,68.7873,-0.7878,1]},
{"frame":17,"values":[0.9685,-0.0632,-0.2408,0,0.0245,0.9868,-0.1602,0,-0.2477,-0.1492,-0.9573,0,0.0257,66.7768,-0.2847,1]},
{"frame":18,"values":[0.9686,-0.0598,-0.2412,0,0.0205,0.9865,-0.1625,0,-0.2476,-0.1525,-0.9568,0,-0.2308,65.2903,-0.2623,1]}],"loopBehavior":1,"name":"anim","property":"_matrix"}},
{"name":"Spine","index":1,"matrix":[0.9967,0.051,0.0639,0,-0.0603,0.9863,0.1538,0,-0.0552,-0.1571,0.986,0,0.009,7.0626,-0.9847,1],"rest":[1,0,0,0,0,1,0,0,0,0,1,0,0.009,7.0626,-0.9847,1],"parentBoneIndex":0,"length":8.3194
,"animation":{"dataType":3,"framePerSecond":24,"keys":[
{"frame":1,"values":[0.9967,0.051,0.0639,0,-0.0603,0.9863,0.1538,0,-0.0552,-0.1571,0.986,0,0.009,7.0626,-0.9847,1]},
{"frame":2,"values":[0.9976,0.027,0.063,0,-0.0362,0.9882,0.1489,0,-0.0582,-0.1509,0.9868,0,0.009,7.0626,-0.9847,1]},
{"frame":3,"values":[0.9977,0.0061,0.0678,0,-0.0157,0.9896,0.1427,0,-0.0662,-0.1434,0.9874,0,0.009,7.0626,-0.9847,1]},
{"frame":4,"values":[0.9974,-0.0059,0.0717,0,-0.0038,0.991,0.134,0,-0.0718,-0.1339,0.9884,0,0.009,7.0626,-0.9847,1]},
{"frame":5,"values":[0.9976,-0.0102,0.0679,0,0.001,0.9909,0.1345,0,-0.0686,-0.1341,0.9886,0,0.009,7.0626,-0.9847,1]},
{"frame":6,"values":[0.9957,-0.0249,0.0897,0,0.0128,0.991,0.1335,0,-0.0922,-0.1318,0.987,0,0.009,7.0626,-0.9847,1]},
{"frame":7,"values":[0.9927,-0.0549,0.1078,0,0.0372,0.9865,0.1598,0,-0.1151,-0.1546,0.9813,0,0.009,7.0626,-0.9847,1]},
{"frame":8,"values":[0.9936,-0.0736,0.0855,0,0.0581,0.9834,0.1716,0,-0.0967,-0.1656,0.9814,0,0.009,7.0626,-0.9847,1]},
{"frame":9,"values":[0.9938,-0.0609,0.093,0,0.0453,0.9859,0.1609,0,-0.1015,-0.1557,0.9826,0,0.009,7.0626,-0.9847,1]},
{"frame":10,"values":[0.992,-0.0209,0.1242,0,0.0006,0.987,0.1608,0,-0.126,-0.1594,0.9791,0,0.009,7.0626,-0.9847,1]},
{"frame":11,"values":[0.9895,0.0239,0.1425,0,-0.0455,0.9876,0.1504,0,-0.1371,-0.1553,0.9783,0,0.009,7.0626,-0.9847,1]},
{"frame":12,"values":[0.9898,0.0595,0.1297,0,-0.0787,0.9857,0.149,0,-0.119,-0.1576,0.9803,0,0.009,7.0626,-0.9847,1]},
{"frame":13,"values":[0.9905,0.0587,0.124,0,-0.0757,0.9877,0.1369,0,-0.1144,-0.145,0.9828,0,0.009,7.0626,-0.9847,1]},
{"frame":14,"values":[0.9916,0.0467,0.1208,0,-0.0616,0.9906,0.1225,0,-0.1139,-0.1289,0.9851,0,0.009,7.0626,-0.9847,1]},
{"frame":15,"values":[0.9928,0.0478,0.11,0,-0.0611,0.9908,0.1206,0,-0.1032,-0.1265,0.9866,0,0.009,7.0626,-0.9847,1]},
{"frame":16,"values":[0.9945,0.0579,0.0867,0,-0.0697,0.9877,0.1402,0,-0.0775,-0.1455,0.9863,0,0.009,7.0626,-0.9847,1]},
{"frame":17,"values":[0.9951,0.0526,0.0842,0,-0.0667,0.9825,0.1737,0,-0.0736,-0.1785,0.9812,0,0.009,7.0626,-0.9847,1]},
{"frame":18,"values":[0.9962,0.0482,0.0723,0,-0.0594,0.9849,0.1625,0,-0.0634,-0.1661,0.9841,0,0.009,7.0626,-0.9847,1]}],"loopBehavior":1,"name":"anim","property":"_matrix"}},
{"name":"Spine1","index":2,"matrix":[0.9998,-0.0024,0.0172,0,0.0014,0.9983,0.0588,0,-0.0173,-0.0587,0.9981,0,0.0124,8.2397,-1.1488,1],"rest":[1,0,0,0,0,1,0,0,0,0,1,0,0.0124,8.2397,-1.1488,1],"parentBoneIndex":1,"length":9.5079
,"animation":{"dataType":3,"framePerSecond":24,"keys":[
{"frame":1,"values":[0.9998,-0.0024,0.0172,0,0.0014,0.9983,0.0588,0,-0.0173,-0.0587,0.9981,0,0.0124,8.2397,-1.1488,1]},
{"frame":2,"values":[0.9998,-0.0061,0.0187,0,0.0051,0.9984,0.0554,0,-0.019,-0.0553,0.9983,0,0.0124,8.2397,-1.1488,1]},
{"frame":3,"values":[0.9998,-0.0059,0.0215,0,0.0047,0.9985,0.0554,0,-0.0218,-0.0553,0.9982,0,0.0124,8.2397,-1.1488,1]},
{"frame":4,"values":[0.9998,-0.0034,0.0217,0,0.0021,0.9983,0.0574,0,-0.0219,-0.0573,0.9981,0,0.0124,8.2397,-1.1488,1]},
{"frame":5,"values":[0.9998,-0.0014,0.021,0,0,0.9977,0.068,0,-0.0211,-0.068,0.9975,0,0.0124,8.2397,-1.1488,1]},
{"frame":6,"values":[0.9995,0.0007,0.0302,0,-0.0027,0.9978,0.0663,0,-0.0301,-0.0663,0.9973,0,0.0124,8.2397,-1.1488,1]},
{"frame":7,"values":[0.9993,-0.0015,0.0379,0,-0.0007,0.9982,0.06,0,-0.0379,-0.06,0.9975,0,0.0124,8.2397,-1.1488,1]},
{"frame":8,"values":[0.9995,-0.0026,0.0304,0,0.0007,0.9981,0.0611,0,-0.0305,-0.0611,0.9977,0,0.0124,8.2397,-1.1488,1]},
{"frame":9,"values":[0.9995,0.0026,0.0299,0,-0.0044,0.9982,0.0593,0,-0.0297,-0.0594,0.9978,0,0.0124,8.2397,-1.1488,1]},
{"frame":10,"values":[0.9993,0.0107,0.0368,0,-0.0128,0.9982,0.0586,0,-0.0361,-0.0591,0.9976,0,0.0124,8.2397,-1.1488,1]},
{"frame":11,"values":[0.999,0.0154,0.0413,0,-0.0176,0.9984,0.0546,0,-0.0403,-0.0553,0.9977,0,0.0124,8.2397,-1.1488,1]},
{"frame":12,"values":[0.999,0.0206,0.0392,0,-0.0228,0.9982,0.0561,0,-0.0379,-0.0569,0.9977,0,0.0124,8.2397,-1.1488,1]},
{"frame":13,"values":[0.9991,0.0171,0.0388,0,-0.0192,0.9984,0.0535,0,-0.0378,-0.0542,0.9978,0,0.0124,8.2397,-1.1488,1]},
{"frame":14,"values":[0.9993,0.0111,0.0365,0,-0.0129,0.9986,0.0509,0,-0.0359,-0.0513,0.998,0,0.0124,8.2397,-1.1488,1]},
{"frame":15,"values":[0.9995,0.0071,0.031,0,-0.0085,0.9989,0.0457,0,-0.0307,-0.0459,0.9985,0,0.0124,8.2397,-1.1488,1]},
{"frame":16,"values":[0.9997,0.0076,0.0227,0,-0.0084,0.9993,0.0365,0,-0.0224,-0.0367,0.9991,0,0.0124,8.2397,-1.1488,1]},
{"frame":17,"values":[0.9998,0.0015,0.0218,0,-0.0027,0.9984,0.0563,0,-0.0217,-0.0563,0.9982,0,0.0124,8.2397,-1.1488,1]},
{"frame":18,"values":[0.9998,-0.0027,0.0193,0,0.0015,0.998,0.0637,0,-0.0194,-0.0637,0.9978,0,0.0124,8.2397,-1.1488,1]}],"loopBehavior":1,"name":"anim","property":"_matrix"}},
{"name":"Spine2","index":3,"matrix":[0.9998,-0.0025,0.0175,0,0.0015,0.9983,0.0586,0,-0.0176,-0.0586,0.9981,0,0.0142,9.4168,-1.313,1],"rest":[1,0,0,0,0,1,0,0,0,0,1,0,0.0142,9.4168,-1.313,1],"parentBoneIndex":2,"length":9.9132
,"animation":{"dataType":3,"framePerSecond":24,"keys":[
{"frame":1,"values":[0.9998,-0.0025,0.0175,0,0.0015,0.9983,0.0586,0,-0.0176,-0.0586,0.9981,0,0.0142,9.4168,-1.313,1]},
{"frame":2,"values":[0.9998,-0.0063,0.0189,0,0.0052,0.9985,0.0553,0,-0.0192,-0.0552,0.9983,0,0.0142,9.4168,-1.313,1]},
{"frame":3,"values":[0.9997,-0.0061,0.0216,0,0.0049,0.9985,0.0553,0,-0.0219,-0.0552,0.9982,0,0.0142,9.4168,-1.313,1]},
{"frame":4,"values":[0.9998,-0.0037,0.0217,0,0.0024,0.9984,0.0574,0,-0.0219,-0.0573,0.9981,0,0.0142,9.4168,-1.313,1]},
{"frame":5,"values":[0.9998,-0.0019,0.0213,0,0.0005,0.9977,0.0679,0,-0.0214,-0.0679,0.9975,0,0.0142,9.4168,-1.313,1]},
{"frame":6,"values":[0.9995,0,0.0306,0,-0.0021,0.9978,0.0661,0,-0.0305,-0.0661,0.9973,0,0.0142,9.4168,-1.313,1]},
{"frame":7,"values":[0.9993,-0.002,0.0381,0,-0.0003,0.9982,0.06,0,-0.0381,-0.0599,0.9975,0,0.0142,9.4168,-1.313,1]},
{"frame":8,"values":[0.9995,-0.0028,0.0305,0,0.001,0.9981,0.0611,0,-0.0306,-0.0611,0.9977,0,0.0142,9.4168,-1.313,1]},
{"frame":9,"values":[0.9995,0.0024,0.03,0,-0.0041,0.9982,0.0593,0,-0.0299,-0.0594,0.9978,0,0.0142,9.4168,-1.313,1]},
{"frame":10,"values":[0.9993,0.0104,0.0369,0,-0.0126,0.9982,0.0587,0,-0.0363,-0.0591,0.9976,0,0.0142,9.4168,-1.313,1]},
{"frame":11,"values":[0.999,0.0151,0.0414,0,-0.0173,0.9984,0.0546,0,-0.0405,-0.0552,0.9977,0,0.0142,9.4168,-1.313,1]},
{"frame":12,"values":[0.999,0.0202,0.0394,0,-0.0224,0.9982,0.056,0,-0.0382,-0.0568,0.9977,0,0.0142,9.4168,-1.313,1]},
{"frame":13,"values":[0.9991,0.0167,0.0391,0,-0.0188,0.9984,0.0533,0,-0.0381,-0.054,0.9978,0,0.0142,9.4168,-1.313,1]},
{"frame":14,"values":[0.9993,0.0106,0.0368,0,-0.0125,0.9986,0.0507,0,-0.0362,-0.0511,0.998,0,0.0142,9.4168,-1.313,1]},
{"frame":15,"values":[0.9995,0.0068,0.0312,0,-0.0082,0.9989,0.0455,0,-0.0309,-0.0457,0.9985,0,0.0142,9.4168,-1.313,1]},
{"frame":16,"values":[0.9997,0.0077,0.0228,0,-0.0085,0.9993,0.0364,0,-0.0226,-0.0365,0.9991,0,0.0142,9.4168,-1.313,1]},
{"frame":17,"values":[0.9998,0.0014,0.0221,0,-0.0026,0.9984,0.0561,0,-0.022,-0.0561,0.9982,0,0.0142,9.4168,-1.313,1]},
{"frame":18,"values":[0.9998,-0.0029,0.0196,0,0.0017,0.998,0.0636,0,-0.0197,-0.0635,0.9978,0,0.0142,9.4168,-1.313,1]}],"loopBehavior":1,"name":"anim","property":"_matrix"}},
{"name":"Neck","index":4,"matrix":[0.9977,0.0269,-0.0621,0,-0.0222,0.9969,0.0751,0,0.0639,-0.0735,0.9952,0,0.016,10.5938,-1.4771,1],"rest":[1,0,0,0,0,1,0,0,0,0,1,0,0.016,10.5938,-1.4771,1],"parentBoneIndex":3,"length":5.1073
,"animation":{"dataType":3,"framePerSecond":24,"keys":[
{"frame":1,"values":[0.9977,0.0269,-0.0621,0,-0.0222,0.9969,0.0751,0,0.0639,-0.0735,0.9952,0,0.016,10.5938,-1.4771,1]},
{"frame":2,"values":[0.9977,0.0262,-0.0626,0,-0.0213,0.9967,0.0786,0,0.0644,-0.077,0.9949,0,0.016,10.5938,-1.4771,1]},
{"frame":3,"values":[0.9978,0.0271,-0.0604,0,-0.0218,0.9959,0.0873,0,0.0625,-0.0858,0.9943,0,0.016,10.5938,-1.4771,1]},
{"frame":4,"values":[0.9979,0.0317,-0.056,0,-0.0261,0.9948,0.0986,0,0.0588,-0.0969,0.9936,0,0.016,10.5938,-1.4771,1]},
{"frame":5,"values":[0.998,0.0352,-0.0532,0,-0.0301,0.9952,0.0933,0,0.0562,-0.0915,0.9942,0,0.016,10.5938,-1.4771,1]},
{"frame":6,"values":[0.9978,0.0436,-0.0504,0,-0.0388,0.995,0.092,0,0.0542,-0.0899,0.9945,0,0.016,10.5938,-1.4771,1]},
{"frame":7,"values":[0.9981,0.0399,-0.0467,0,-0.0354,0.9948,0.0952,0,0.0503,-0.0934,0.9944,0,0.016,10.5938,-1.4771,1]},
{"frame":8,"values":[0.9985,0.0278,-0.0482,0,-0.0228,0.9945,0.1023,0,0.0508,-0.1011,0.9936,0,0.016,10.5938,-1.4771,1]},
{"frame":9,"values":[0.9983,0.0267,-0.0512,0,-0.0215,0.9947,0.1008,0,0.0536,-0.0995,0.9936,0,0.016,10.5938,-1.4771,1]},
{"frame":10,"values":[0.9982,0.0342,-0.0497,0,-0.0294,0.9952,0.0935,0,0.0527,-0.0919,0.9944,0,0.016,10.5938,-1.4771,1]},
{"frame":11,"values":[0.9978,0.0478,-0.0461,0,-0.0433,0.9945,0.0955,0,0.0504,-0.0933,0.9944,0,0.016,10.5938,-1.4771,1]},
{"frame":12,"values":[0.9976,0.0567,-0.0406,0,-0.053,0.9947,0.0884,0,0.0454,-0.086,0.9953,0,0.016,10.5938,-1.4771,1]},
{"frame":13,"values":[0.9973,0.0618,-0.0405,0,-0.0579,0.9942,0.0905,0,0.0459,-0.0879,0.9951,0,0.016,10.5938,-1.4771,1]},
{"frame":14,"values":[0.9974,0.0595,-0.0414,0,-0.0555,0.9942,0.0923,0,0.0467,-0.0898,0.9949,0,0.016,10.5938,-1.4771,1]},
{"frame":15,"values":[0.9976,0.0569,-0.0398,0,-0.0532,0.9947,0.0875,0,0.0445,-0.0852,0.9954,0,0.016,10.5938,-1.4771,1]},
{"frame":16,"values":[0.9978,0.0504,-0.0434,0,-0.0463,0.9949,0.0901,0,0.0477,-0.0879,0.995,0,0.016,10.5938,-1.4771,1]},
{"frame":17,"values":[0.9976,0.0307,-0.0617,0,-0.0258,0.9966,0.0786,0,0.0639,-0.0769,0.995,0,0.016,10.5938,-1.4771,1]},
{"frame":18,"values":[0.9976,0.0263,-0.0638,0,-0.0217,0.9973,0.0707,0,0.0655,-0.0692,0.9955,0,0.016,10.5938,-1.4771,1]}],"loopBehavior":1,"name":"anim","property":"_matrix"}},
{"name":"Head","index":5,"matrix":[0.9376,0.1977,-0.2861,0,-0.2102,0.9776,-0.0132,0,0.2771,0.0725,0.9581,0,0,5.0564,0.7196,1],"rest":[1,0,0,0,0,1,0,0,0,0,1,0,0,5.0564,0.7196,1],"parentBoneIndex":4,"length":15.2963
,"animation":{"dataType":3,"framePerSecond":24,"keys":[
{"frame":1,"values":[0.9376,0.1977,-0.2861,0,-0.2102,0.9776,-0.0132,0,0.2771,0.0725,0.9581,0,0,5.0564,0.7196,1]},
{"frame":2,"values":[0.9351,0.2124,-0.2835,0,-0.2279,0.9734,-0.0224,0,0.2712,0.0856,0.9587,0,0,5.0564,0.7196,1]},
{"frame":3,"values":[0.9372,0.2181,-0.2722,0,-0.2327,0.9723,-0.0221,0,0.2599,0.0841,0.962,0,0,5.0564,0.7196,1]},
{"frame":4,"values":[0.9426,0.2099,-0.2598,0,-0.2217,0.975,-0.0166,0,0.2498,0.0732,0.9655,0,0,5.0564,0.7196,1]},
{"frame":5,"values":[0.9452,0.2072,-0.2525,0,-0.2152,0.9766,-0.0041,0,0.2457,0.0582,0.9676,0,0,5.0564,0.7196,1]},
{"frame":6,"values":[0.9434,0.2183,-0.2497,0,-0.229,0.9733,-0.0142,0,0.2399,0.0705,0.9682,0,0,5.0564,0.7196,1]},
{"frame":7,"values":[0.9468,0.2315,-0.2236,0,-0.2461,0.9685,-0.0392,0,0.2075,0.0922,0.9739,0,0,5.0564,0.7196,1]},
{"frame":8,"values":[0.9497,0.2333,-0.2088,0,-0.2437,0.9695,-0.0251,0,0.1966,0.0748,0.9776,0,0,5.0564,0.7196,1]},
{"frame":9,"values":[0.9485,0.2252,-0.2227,0,-0.2327,0.9725,-0.0077,0,0.2149,0.0591,0.9748,0,0,5.0564,0.7196,1]},
{"frame":10,"values":[0.9462,0.2302,-0.2272,0,-0.2392,0.9709,-0.0122,0,0.2178,0.0659,0.9738,0,0,5.0564,0.7196,1]},
{"frame":11,"values":[0.9473,0.216,-0.2365,0,-0.226,0.974,-0.0154,0,0.227,0.068,0.9715,0,0,5.0564,0.7196,1]},
{"frame":12,"values":[0.9539,0.1894,-0.2328,0,-0.197,0.9804,-0.0096,0,0.2264,0.055,0.9725,0,0,5.0564,0.7196,1]},
{"frame":13,"values":[0.9531,0.1802,-0.2432,0,-0.1846,0.9828,0.0047,0,0.2399,0.0404,0.97,0,0,5.0564,0.7196,1]},
{"frame":14,"values":[0.9529,0.1812,-0.2431,0,-0.1821,0.9831,0.0189,0,0.2425,0.0262,0.9698,0,0,5.0564,0.7196,1]},
{"frame":15,"values":[0.9556,0.1847,-0.2298,0,-0.1864,0.9824,0.0145,0,0.2284,0.029,0.9731,0,0,5.0564,0.7196,1]},
{"frame":16,"values":[0.9527,0.1935,-0.2345,0,-0.2006,0.9796,-0.0065,0,0.2284,0.0533,0.9721,0,0,5.0564,0.7196,1]},
{"frame":17,"values":[0.9358,0.2004,-0.2899,0,-0.2162,0.9761,-0.0231,0,0.2783,0.0843,0.9568,0,0,5.0564,0.7196,1]},
{"frame":18,"values":[0.9353,0.1981,-0.2931,0,-0.2106,0.9775,-0.0112,0,0.2843,0.0722,0.956,0,0,5.0564,0.7196,1]}],"loopBehavior":1,"name":"anim","property":"_matrix"}},
{"name":"HeadTop_End","index":6,"matrix":[1,0,0,0,0,1,0,0,0,0,1,0,0,15.1437,2.155,1],"rest":[1,0,0,0,0,1,0,0,0,0,1,0,0,15.1437,2.155,1],"parentBoneIndex":5,"length":15.2963
,"animation":{"dataType":3,"framePerSecond":24,"keys":[
{"frame":1,"values":[1,0,0,0,0,1,0,0,0,0,1,0,0,15.1437,2.155,1]},
{"frame":18,"values":[1,0,0,0,0,1,0,0,0,0,1,0,0,15.1437,2.155,1]}],"loopBehavior":1,"name":"anim","property":"_matrix"}},
{"name":"LeftShoulder","index":7,"matrix":[0.9583,0.213,0.1904,0,-0.2148,0.9766,-0.011,0,-0.1883,-0.0304,0.9816,0,3.5285,8.7304,-1.4561,1],"rest":[1,-0.0017,0,0,0.0017,1,0,0,0,0,1,0,3.5285,8.7304,-1.4561,1],"parentBoneIndex":3,"length":7.9526
,"animation":{"dataType":3,"framePerSecond":24,"keys":[
{"frame":1,"values":[0.9583,0.213,0.1904,0,-0.2148,0.9766,-0.011,0,-0.1883,-0.0304,0.9816,0,3.5285,8.7304,-1.4561,1]},
{"frame":2,"values":[0.9504,0.2213,0.2185,0,-0.2235,0.9746,-0.015,0,-0.2163,-0.0345,0.9757,0,3.5285,8.7304,-1.4561,1]},
{"frame":3,"values":[0.9372,0.2296,0.2624,0,-0.2325,0.9724,-0.0204,0,-0.2599,-0.0419,0.9647,0,3.5285,8.7304,-1.4561,1]},
{"frame":4,"values":[0.9203,0.2332,0.314,0,-0.237,0.9711,-0.0266,0,-0.3111,-0.0499,0.9491,0,3.5285,8.7304,-1.4561,1]},
{"frame":5,"values":[0.9095,0.2379,0.3408,0,-0.242,0.9698,-0.0312,0,-0.3379,-0.0541,0.9396,0,3.5285,8.7304,-1.4561,1]},
{"frame":6,"values":[0.8934,0.246,0.3759,0,-0.2511,0.9673,-0.0363,0,-0.3726,-0.0619,0.9259,0,3.5285,8.7304,-1.4561,1]},
{"frame":7,"values":[0.8784,0.2485,0.4083,0,-0.2545,0.9662,-0.0404,0,-0.4046,-0.0684,0.9119,0,3.5285,8.7304,-1.4561,1]},
{"frame":8,"values":[0.8766,0.2367,0.419,0,-0.2423,0.9693,-0.0406,0,-0.4158,-0.0659,0.9071,0,3.5285,8.7304,-1.4561,1]},
{"frame":9,"values":[0.8804,0.2208,0.4198,0,-0.2256,0.9734,-0.0388,0,-0.4172,-0.0606,0.9068,0,3.5285,8.7304,-1.4561,1]},
{"frame":10,"values":[0.8824,0.2171,0.4175,0,-0.2221,0.9743,-0.0373,0,-0.4148,-0.0598,0.9079,0,3.5285,8.7304,-1.4561,1]},
{"frame":11,"values":[0.8819,0.2392,0.4062,0,-0.2455,0.9687,-0.0374,0,-0.4024,-0.0667,0.913,0,3.5285,8.7304,-1.4561,1]},
{"frame":12,"values":[0.8819,0.2582,0.3946,0,-0.2655,0.9634,-0.0371,0,-0.3897,-0.072,0.9181,0,3.5285,8.7304,-1.4561,1]},
{"frame":13,"values":[0.8899,0.2504,0.3812,0,-0.2574,0.9657,-0.0336,0,-0.3766,-0.0682,0.9239,0,3.5285,8.7304,-1.4561,1]},
{"frame":14,"values":[0.8979,0.2352,0.3721,0,-0.2416,0.9699,-0.0301,0,-0.368,-0.0628,0.9277,0,3.5285,8.7304,-1.4561,1]},
{"frame":15,"values":[0.9004,0.2295,0.3697,0,-0.2357,0.9714,-0.0289,0,-0.3657,-0.0612,0.9287,0,3.5285,8.7304,-1.4561,1]},
{"frame":16,"values":[0.9115,0.2202,0.3474,0,-0.2258,0.9739,-0.0248,0,-0.3438,-0.0558,0.9374,0,3.5285,8.7304,-1.4561,1]},
{"frame":17,"values":[0.9574,0.1949,0.213,0,-0.1971,0.9803,-0.0112,0,-0.211,-0.0312,0.977,0,3.5285,8.7304,-1.4561,1]},
{"frame":18,"values":[0.9617,0.208,0.1788,0,-0.2096,0.9777,-0.0102,0,-0.1769,-0.0277,0.9838,0,3.5285,8.7304,-1.4561,1]}],"loopBehavior":1,"name":"anim","property":"_matrix"}},
{"name":"LeftArm","index":8,"matrix":[0.3314,0.2466,0.9107,0,0.8296,0.3836,-0.4057,0,-0.4494,0.89,-0.0775,0,7.6132,-2.2982,0.0421,1],"rest":[0.9965,-0.0092,0.0835,0,0.0092,1,0.0007,0,-0.0835,0.0001,0.9965,0,7.6132,-2.2982,0.0421,1],"parentBoneIndex":7,"length":18.9821
,"animation":{"dataType":3,"framePerSecond":24,"keys":[
{"frame":1,"values":[0.3314,0.2466,0.9107,0,0.8296,0.3836,-0.4057,0,-0.4494,0.89,-0.0775,0,7.6132,-2.2982,0.0421,1]},
{"frame":2,"values":[0.3606,0.2381,0.9018,0,0.8033,0.412,-0.43,0,-0.4739,0.8795,-0.0427,0,7.6132,-2.2982,0.0421,1]},
{"frame":3,"values":[0.4092,0.1898,0.8925,0,0.7951,0.4057,-0.4508,0,-0.4476,0.8941,0.0151,0,7.6132,-2.2982,0.0421,1]},
{"frame":4,"values":[0.4497,0.1364,0.8827,0,0.7916,0.3968,-0.4646,0,-0.4137,0.9077,0.0705,0,7.6132,-2.2982,0.0421,1]},
{"frame":5,"values":[0.4742,0.1158,0.8728,0,0.7877,0.387,-0.4793,0,-0.3933,0.9148,0.0923,0,7.6132,-2.2982,0.0421,1]},
{"frame":6,"values":[0.5109,0.0995,0.8539,0,0.7697,0.3895,-0.5059,0,-0.3829,0.9156,0.1224,0,7.6132,-2.2982,0.0421,1]},
{"frame":7,"values":[0.5136,0.1055,0.8515,0,0.7666,0.3895,-0.5106,0,-0.3855,0.915,0.1192,0,7.6132,-2.2982,0.0421,1]},
{"frame":8,"values":[0.5042,0.1233,0.8547,0,0.7762,0.3692,-0.5111,0,-0.3786,0.9211,0.0904,0,7.6132,-2.2982,0.0421,1]},
{"frame":9,"values":[0.5308,0.1018,0.8413,0,0.7644,0.371,-0.5272,0,-0.3658,0.923,0.1191,0,7.6132,-2.2982,0.0421,1]},
{"frame":10,"values":[0.5519,0.0814,0.8299,0,0.7558,0.3717,-0.5391,0,-0.3523,0.9248,0.1437,0,7.6132,-2.2982,0.0421,1]},
{"frame":11,"values":[0.5634,0.0381,0.8253,0,0.769,0.3409,-0.5408,0,-0.302,0.9393,0.1628,0,7.6132,-2.2982,0.0421,1]},
{"frame":12,"values":[0.5686,0.0062,0.8226,0,0.7854,0.2934,-0.5451,0,-0.2448,0.956,0.1619,0,7.6132,-2.2982,0.0421,1]},
{"frame":13,"values":[0.5646,-0.0018,0.8254,0,0.7912,0.286,-0.5406,0,-0.2351,0.9582,0.1629,0,7.6132,-2.2982,0.0421,1]},
{"frame":14,"values":[0.5436,0.0212,0.8391,0,0.799,0.2932,-0.5251,0,-0.2572,0.9558,0.1425,0,7.6132,-2.2982,0.0421,1]},
{"frame":15,"values":[0.5159,0.0569,0.8547,0,0.8067,0.3033,-0.5072,0,-0.2881,0.9512,0.1106,0,7.6132,-2.2982,0.0421,1]},
{"frame":16,"values":[0.4722,0.0944,0.8764,0,0.8185,0.3223,-0.4756,0,-0.3274,0.9419,0.075,0,7.6132,-2.2982,0.0421,1]},
{"frame":17,"values":[0.3801,0.1898,0.9053,0,0.8311,0.3596,-0.4243,0,-0.406,0.9136,-0.021,0,7.6132,-2.2982,0.0421,1]},
{"frame":18,"values":[0.336,0.2423,0.9102,0,0.8345,0.3715,-0.4069,0,-0.4367,0.8963,-0.0774,0,7.6132,-2.2982,0.0421,1]}],"loopBehavior":1,"name":"anim","property":"_matrix"}},
{"name":"LeftForeArm","index":9,"matrix":[0.9026,0.0097,0.4304,0,-0.0109,0.9999,0.0004,0,-0.4304,-0.0051,0.9026,0,18.9146,0.2055,-1.5856,1],"rest":[0.9964,0.0108,-0.0835,0,-0.0108,0.9999,0.0005,0,0.0835,0.0005,0.9965,0,18.9146,0.2055,-1.5856,1],"parentBoneIndex":8,"length":18.4362
,"animation":{"dataType":3,"framePerSecond":24,"keys":[
{"frame":1,"values":[0.9026,0.0097,0.4304,0,-0.0109,0.9999,0.0004,0,-0.4304,-0.0051,0.9026,0,18.9146,0.2055,-1.5856,1]},
{"frame":2,"values":[0.9046,0.0097,0.4262,0,-0.0109,0.9999,0.0004,0,-0.4262,-0.0051,0.9046,0,18.9146,0.2055,-1.5856,1]},
{"frame":3,"values":[0.8742,0.0094,0.4854,0,-0.011,0.9999,0.0004,0,-0.4854,-0.0057,0.8743,0,18.9146,0.2055,-1.5856,1]},
{"frame":4,"values":[0.8539,0.0091,0.5203,0,-0.011,0.9999,0.0004,0,-0.5203,-0.0061,0.854,0,18.9146,0.2055,-1.5856,1]},
{"frame":5,"values":[0.8522,0.0091,0.5232,0,-0.011,0.9999,0.0004,0,-0.5232,-0.0061,0.8522,0,18.9146,0.2055,-1.5856,1]},
{"frame":6,"values":[0.8466,0.0091,0.5322,0,-0.011,0.9999,0.0004,0,-0.5322,-0.0062,0.8466,0,18.9146,0.2055,-1.5856,1]},
{"frame":7,"values":[0.8552,0.0092,0.5183,0,-0.011,0.9999,0.0004,0,-0.5182,-0.006,0.8552,0,18.9146,0.2055,-1.5856,1]},
{"frame":8,"values":[0.8636,0.0093,0.5041,0,-0.011,0.9999,0.0004,0,-0.5041,-0.0059,0.8636,0,18.9146,0.2055,-1.5856,1]},
{"frame":9,"values":[0.8381,0.009,0.5454,0,-0.011,0.9999,0.0004,0,-0.5454,-0.0063,0.8382,0,18.9146,0.2055,-1.5856,1]},
{"frame":10,"values":[0.8077,0.0086,0.5896,0,-0.011,0.9999,0.0004,0,-0.5895,-0.0068,0.8077,0,18.9146,0.2055,-1.5856,1]},
{"frame":11,"values":[0.7522,0.008,0.6589,0,-0.011,0.9999,0.0004,0,-0.6588,-0.0075,0.7522,0,18.9146,0.2055,-1.5856,1]},
{"frame":12,"values":[0.6834,0.0072,0.73,0,-0.011,0.9999,0.0004,0,-0.7299,-0.0083,0.6835,0,18.9146,0.2055,-1.5856,1]},
{"frame":13,"values":[0.681,0.0072,0.7322,0,-0.011,0.9999,0.0004,0,-0.7322,-0.0083,0.6811,0,18.9146,0.2055,-1.5856,1]},
{"frame":14,"values":[0.7319,0.0078,0.6814,0,-0.011,0.9999,0.0004,0,-0.6813,-0.0078,0.732,0,18.9146,0.2055,-1.5856,1]},
{"frame":15,"values":[0.7832,0.0084,0.6217,0,-0.011,0.9999,0.0004,0,-0.6216,-0.0071,0.7833,0,18.9146,0.2055,-1.5856,1]},
{"frame":16,"values":[0.8306,0.0089,0.5568,0,-0.011,0.9999,0.0004,0,-0.5568,-0.0065,0.8306,0,18.9146,0.2055,-1.5856,1]},
{"frame":17,"values":[0.8598,0.0092,0.5106,0,-0.011,0.9999,0.0004,0,-0.5105,-0.006,0.8598,0,18.9146,0.2055,-1.5856,1]},
{"frame":18,"values":[0.8917,0.0096,0.4526,0,-0.0109,0.9999,0.0004,0,-0.4525,-0.0053,0.8917,0,18.9146,0.2055,-1.5856,1]}],"loopBehavior":1,"name":"anim","property":"_matrix"}},
{"name":"LeftHand","index":10,"matrix":[0.9756,-0.2043,0.0808,0,-0.0908,-0.7099,-0.6984,0,0.2,0.674,-0.7111,0,18.4362,0,0,1],"rest":[0.9824,-0.1864,-0.0127,0,0.1846,0.9789,-0.0878,0,0.0288,0.0839,0.9961,0,18.4362,0,0,1],"parentBoneIndex":9,"length":6.699
,"animation":{"dataType":3,"framePerSecond":24,"keys":[
{"frame":1,"values":[0.9756,-0.2043,0.0808,0,-0.0908,-0.7099,-0.6984,0,0.2,0.674,-0.7111,0,18.4362,0,0,1]},
{"frame":2,"values":[0.9759,-0.1964,0.095,0,-0.0817,-0.7328,-0.6755,0,0.2023,0.6515,-0.7312,0,18.4362,0,0,1]},
{"frame":3,"values":[0.9773,-0.2003,0.0685,0,-0.1015,-0.7275,-0.6785,0,0.1858,0.6562,-0.7314,0,18.4362,0,0,1]},
{"frame":4,"values":[0.9774,-0.2047,0.053,0,-0.1136,-0.7199,-0.6847,0,0.1783,0.6632,-0.7269,0,18.4362,0,0,1]},
{"frame":5,"values":[0.9751,-0.2155,0.0517,0,-0.1207,-0.712,-0.6917,0,0.1859,0.6683,-0.7203,0,18.4362,0,0,1]},
{"frame":6,"values":[0.9708,-0.2367,0.0377,0,-0.146,-0.7089,-0.69,0,0.1901,0.6644,-0.7228,0,18.4362,0,0,1]},
{"frame":7,"values":[0.9682,-0.2474,0.0369,0,-0.1514,-0.6973,-0.7006,0,0.199,0.6727,-0.7126,0,18.4362,0,0,1]},
{"frame":8,"values":[0.9646,-0.261,0.037,0,-0.1562,-0.6788,-0.7175,0,0.2123,0.6863,-0.6956,0,18.4362,0,0,1]},
{"frame":9,"values":[0.9657,-0.2591,0.0162,0,-0.1733,-0.6899,-0.7028,0,0.1933,0.6759,-0.7112,0,18.4362,0,0,1]},
{"frame":10,"values":[0.9696,-0.2447,-0.0067,0,-0.1821,-0.7025,-0.688,0,0.1637,0.6683,-0.7257,0,18.4362,0,0,1]},
{"frame":11,"values":[0.9717,-0.2311,-0.0495,0,-0.2009,-0.6979,-0.6874,0,0.1243,0.6779,-0.7246,0,18.4362,0,0,1]},
{"frame":12,"values":[0.9699,-0.2233,-0.0972,0,-0.2272,-0.686,-0.6912,0,0.0877,0.6924,-0.7161,0,18.4362,0,0,1]},
{"frame":13,"values":[0.9709,-0.2188,-0.0971,0,-0.2228,-0.6773,-0.7011,0,0.0876,0.7024,-0.7064,0,18.4362,0,0,1]},
{"frame":14,"values":[0.9743,-0.2181,-0.056,0,-0.1919,-0.674,-0.7134,0,0.1178,0.7058,-0.6985,0,18.4362,0,0,1]},
{"frame":15,"values":[0.9758,-0.2181,-0.018,0,-0.1642,-0.6754,-0.7189,0,0.1446,0.7044,-0.6949,0,18.4362,0,0,1]},
{"frame":16,"values":[0.9766,-0.2145,0.0168,0,-0.1356,-0.6741,-0.7261,0,0.1671,0.7068,-0.6874,0,18.4362,0,0,1]},
{"frame":17,"values":[0.9764,-0.2143,0.0264,0,-0.1293,-0.6785,-0.7231,0,0.1728,0.7027,-0.6902,0,18.4362,0,0,1]},
{"frame":18,"values":[0.9755,-0.2115,0.0608,0,-0.1068,-0.6965,-0.7096,0,0.1924,0.6857,-0.702,0,18.4362,0,0,1]}],"loopBehavior":1,"name":"anim","property":"_matrix"}},
{"name":"LeftHandThumb1","index":11,"matrix":[0.9589,0.1975,-0.2038,0,-0.1936,0.9803,0.0391,0,0.2075,0.002,0.9782,0,3.0862,-1.2837,1.4227,1],"rest":[0.9923,0.1154,-0.0442,0,-0.1172,0.9923,-0.0407,0,0.0392,0.0455,0.9982,0,3.0862,-1.2837,1.4227,1],"parentBoneIndex":10,"length":2.9063
,"animation":{"dataType":3,"framePerSecond":24,"keys":[
{"frame":1,"values":[0.9589,0.1975,-0.2038,0,-0.1936,0.9803,0.0391,0,0.2075,0.002,0.9782,0,3.0862,-1.2837,1.4227,1]},
{"frame":2,"values":[0.9572,0.2009,-0.2081,0,-0.1964,0.9796,0.0424,0,0.2124,0.0003,0.9772,0,3.0862,-1.2837,1.4227,1]},
{"frame":3,"values":[0.957,0.2011,-0.2093,0,-0.1964,0.9796,0.0432,0,0.2137,-0.0003,0.9769,0,3.0862,-1.2837,1.4227,1]},
{"frame":4,"values":[0.9586,0.198,-0.2047,0,-0.194,0.9802,0.0397,0,0.2085,0.0016,0.978,0,3.0862,-1.2837,1.4227,1]},
{"frame":5,"values":[0.9581,0.1996,-0.2053,0,-0.1955,0.9799,0.0404,0,0.2092,0.0014,0.9779,0,3.0862,-1.2837,1.4227,1]},
{"frame":6,"values":[0.9594,0.196,-0.2031,0,-0.1922,0.9806,0.0384,0,0.2067,0.0022,0.9784,0,3.0862,-1.2837,1.4227,1]},
{"frame":7,"values":[0.9609,0.1934,-0.1983,0,-0.1902,0.9811,0.0349,0,0.2013,0.0042,0.9795,0,3.0862,-1.2837,1.4227,1]},
{"frame":8,"values":[0.9596,0.1963,-0.2015,0,-0.1928,0.9805,0.0374,0,0.205,0.0029,0.9788,0,3.0862,-1.2837,1.4227,1]},
{"frame":9,"values":[0.9588,0.1977,-0.2041,0,-0.1937,0.9803,0.0393,0,0.2079,0.0018,0.9782,0,3.0862,-1.2837,1.4227,1]},
{"frame":10,"values":[0.9578,0.1994,-0.207,0,-0.1951,0.9799,0.0415,0,0.2111,0.0007,0.9775,0,3.0862,-1.2837,1.4227,1]},
{"frame":11,"values":[0.9581,0.1989,-0.206,0,-0.1947,0.98,0.0407,0,0.21,0.0011,0.9777,0,3.0862,-1.2837,1.4227,1]},
{"frame":12,"values":[0.9597,0.196,-0.2015,0,-0.1924,0.9806,0.0373,0,0.2049,0.0029,0.9788,0,3.0862,-1.2837,1.4227,1]},
{"frame":13,"values":[0.9603,0.1946,-0.1998,0,-0.1913,0.9809,0.036,0,0.203,0.0037,0.9792,0,3.0862,-1.2837,1.4227,1]},
{"frame":14,"values":[0.9589,0.1975,-0.2038,0,-0.1936,0.9803,0.0391,0,0.2075,0.002,0.9782,0,3.0862,-1.2837,1.4227,1]},
{"frame":15,"values":[0.9599,0.1949,-0.2015,0,-0.1913,0.9808,0.0372,0,0.2049,0.0029,0.9788,0,3.0862,-1.2837,1.4227,1]},
{"frame":16,"values":[0.959,0.1956,-0.2049,0,-0.1916,0.9807,0.0396,0,0.2087,0.0013,0.978,0,3.0862,-1.2837,1.4227,1]},
{"frame":17,"values":[0.9616,0.1902,-0.1979,0,-0.1872,0.9817,0.0342,0,0.2008,0.0042,0.9796,0,3.0862,-1.2837,1.4227,1]},
{"frame":18,"values":[0.9597,0.1956,-0.2018,0,-0.192,0.9807,0.0375,0,0.2053,0.0028,0.9787,0,3.0862,-1.2837,1.4227,1]}],"loopBehavior":1,"name":"anim","property":"_matrix"}},
{"name":"LeftHandThumb2","index":12,"matrix":[0.9886,0.1361,0.0641,0,-0.1496,0.9353,0.3208,0,-0.0163,-0.3267,0.945,0,2.2512,-1.2997,1.2997,1],"rest":[1,0,0,0,0,1,0,0,0,0,1,0,2.2512,-1.2997,1.2997,1],"parentBoneIndex":11,"length":2.9053
,"animation":{"dataType":3,"framePerSecond":24,"keys":[
{"frame":1,"values":[0.9886,0.1361,0.0641,0,-0.1496,0.9353,0.3208,0,-0.0163,-0.3267,0.945,0,2.2512,-1.2997,1.2997,1]},
{"frame":18,"values":[0.9886,0.1361,0.0641,0,-0.1496,0.9353,0.3208,0,-0.0163,-0.3267,0.945,0,2.2512,-1.2997,1.2997,1]}],"loopBehavior":1,"name":"anim","property":"_matrix"}},
{"name":"LeftHandThumb3","index":13,"matrix":[0.9852,-0.0146,0.1709,0,0.0232,0.9986,-0.0485,0,-0.1699,0.0518,0.9841,0,2.2504,-1.2993,1.2993,1],"rest":[0.9996,-0.0265,-0.0043,0,0.0265,0.9995,0.0176,0,0.0038,-0.0177,0.9998,0,2.2504,-1.2993,1.2993,1],"parentBoneIndex":12,"length":2.0937
,"animation":{"dataType":3,"framePerSecond":24,"keys":[
{"frame":1,"values":[0.9852,-0.0146,0.1709,0,0.0232,0.9986,-0.0485,0,-0.1699,0.0518,0.9841,0,2.2504,-1.2993,1.2993,1]},
{"frame":2,"values":[0.9849,-0.0144,0.1724,0,0.0232,0.9985,-0.0487,0,-0.1714,0.052,0.9838,0,2.2504,-1.2993,1.2993,1]},
{"frame":3,"values":[0.9848,-0.0143,0.1734,0,0.0231,0.9985,-0.0488,0,-0.1724,0.0521,0.9836,0,2.2504,-1.2993,1.2993,1]},
{"frame":4,"values":[0.9851,-0.0146,0.1713,0,0.0232,0.9985,-0.0486,0,-0.1703,0.0518,0.984,0,2.2504,-1.2993,1.2993,1]},
{"frame":5,"values":[0.9852,-0.0146,0.171,0,0.0232,0.9985,-0.0486,0,-0.17,0.0518,0.9841,0,2.2504,-1.2993,1.2993,1]},
{"frame":6,"values":[0.9853,-0.0147,0.1702,0,0.0233,0.9986,-0.0485,0,-0.1692,0.0517,0.9842,0,2.2504,-1.2993,1.2993,1]},
{"frame":7,"values":[0.9868,-0.0156,0.1614,0,0.0236,0.9986,-0.0474,0,-0.1604,0.0506,0.9858,0,2.2504,-1.2993,1.2993,1]},
{"frame":8,"values":[0.9862,-0.0153,0.1649,0,0.0234,0.9986,-0.0478,0,-0.1639,0.051,0.9852,0,2.2504,-1.2993,1.2993,1]},
{"frame":9,"values":[0.9851,-0.0146,0.1714,0,0.0232,0.9985,-0.0486,0,-0.1704,0.0519,0.984,0,2.2504,-1.2993,1.2993,1]},
{"frame":10,"values":[0.9847,-0.0143,0.1739,0,0.0231,0.9985,-0.0489,0,-0.173,0.0522,0.9835,0,2.2504,-1.2993,1.2993,1]},
{"frame":11,"values":[0.9847,-0.0143,0.1737,0,0.0231,0.9985,-0.0489,0,-0.1728,0.0522,0.9836,0,2.2504,-1.2993,1.2993,1]},
{"frame":12,"values":[0.9843,-0.0141,0.1759,0,0.023,0.9985,-0.0492,0,-0.1749,0.0524,0.9832,0,2.2504,-1.2993,1.2993,1]},
{"frame":13,"values":[0.9846,-0.0142,0.1742,0,0.0231,0.9985,-0.049,0,-0.1732,0.0522,0.9835,0,2.2504,-1.2993,1.2993,1]},
{"frame":14,"values":[0.9852,-0.0146,0.1709,0,0.0232,0.9986,-0.0485,0,-0.17,0.0518,0.9841,0,2.2504,-1.2993,1.2993,1]},
{"frame":15,"values":[0.9852,-0.0146,0.1706,0,0.0232,0.9986,-0.0485,0,-0.1696,0.0517,0.9841,0,2.2504,-1.2993,1.2993,1]},
{"frame":16,"values":[0.9854,-0.0147,0.1699,0,0.0233,0.9986,-0.0484,0,-0.1689,0.0517,0.9843,0,2.2504,-1.2993,1.2993,1]},
{"frame":17,"values":[0.9857,-0.0149,0.1679,0,0.0233,0.9986,-0.0482,0,-0.1669,0.0514,0.9846,0,2.2504,-1.2993,1.2993,1]},
{"frame":18,"values":[0.9853,-0.0147,0.1702,0,0.0232,0.9986,-0.0485,0,-0.1693,0.0517,0.9842,0,2.2504,-1.2993,1.2993,1]}],"loopBehavior":1,"name":"anim","property":"_matrix"}},
{"name":"LeftHandThumb4","index":14,"matrix":[1,0,0,0,0,1,0,0,0,0,1,0,1.642,-0.8764,0.9589,1],"rest":[1,0,0,0,0,1,0,0,0,0,1,0,1.642,-0.8764,0.9589,1],"parentBoneIndex":13,"length":2.0937
,"animation":{"dataType":3,"framePerSecond":24,"keys":[
{"frame":1,"values":[1,0,0,0,0,1,0,0,0,0,1,0,1.642,-0.8764,0.9589,1]},
{"frame":18,"values":[1,0,0,0,0,1,0,0,0,0,1,0,1.642,-0.8764,0.9589,1]}],"loopBehavior":1,"name":"anim","property":"_matrix"}},
{"name":"LeftHandIndex1","index":15,"matrix":[0.9501,-0.3099,-0.0352,0,0.3087,0.9505,-0.0355,0,0.0445,0.0228,0.9987,0,7.464,1.013,1.9108,1],"rest":[0.9467,0.3125,0.078,0,-0.3129,0.9497,-0.0071,0,-0.0763,-0.0177,0.9969,0,7.464,1.013,1.9108,1],"parentBoneIndex":10,"length":3.1738
,"animation":{"dataType":3,"framePerSecond":24,"keys":[
{"frame":1,"values":[0.9501,-0.3099,-0.0352,0,0.3087,0.9505,-0.0355,0,0.0445,0.0228,0.9987,0,7.464,1.013,1.9108,1]},
{"frame":2,"values":[0.9515,-0.3054,-0.0356,0,0.3043,0.952,-0.0349,0,0.0445,0.0223,0.9988,0,7.464,1.013,1.9108,1]},
{"frame":3,"values":[0.9526,-0.3024,-0.034,0,0.3013,0.9529,-0.0347,0,0.0428,0.0228,0.9988,0,7.464,1.013,1.9108,1]},
{"frame":4,"values":[0.9505,-0.3088,-0.035,0,0.3076,0.9508,-0.0354,0,0.0442,0.0228,0.9988,0,7.464,1.013,1.9108,1]},
{"frame":5,"values":[0.952,-0.3043,-0.0338,0,0.3032,0.9523,-0.0349,0,0.0428,0.023,0.9988,0,7.464,1.013,1.9108,1]},
{"frame":6,"values":[0.9536,-0.2994,-0.0327,0,0.2983,0.9538,-0.0345,0,0.0415,0.0231,0.9989,0,7.464,1.013,1.9108,1]},
{"frame":7,"values":[0.9556,-0.2931,-0.0304,0,0.2921,0.9558,-0.034,0,0.039,0.0236,0.999,0,7.464,1.013,1.9108,1]},
{"frame":8,"values":[0.954,-0.2982,-0.0315,0,0.2972,0.9542,-0.0345,0,0.0404,0.0235,0.9989,0,7.464,1.013,1.9108,1]},
{"frame":9,"values":[0.9501,-0.3099,-0.0353,0,0.3087,0.9505,-0.0355,0,0.0445,0.0228,0.9987,0,7.464,1.013,1.9108,1]},
{"frame":10,"values":[0.9507,-0.3082,-0.0352,0,0.307,0.9511,-0.0352,0,0.0443,0.0227,0.9988,0,7.464,1.013,1.9108,1]},
{"frame":11,"values":[0.9514,-0.3059,-0.0345,0,0.3048,0.9518,-0.0351,0,0.0435,0.0228,0.9988,0,7.464,1.013,1.9108,1]},
{"frame":12,"values":[0.9523,-0.3034,-0.0339,0,0.3022,0.9526,-0.0348,0,0.0428,0.0229,0.9988,0,7.464,1.013,1.9108,1]},
{"frame":13,"values":[0.9517,-0.3051,-0.034,0,0.304,0.952,-0.035,0,0.0431,0.023,0.9988,0,7.464,1.013,1.9108,1]},
{"frame":14,"values":[0.9502,-0.3097,-0.0351,0,0.3085,0.9506,-0.0355,0,0.0444,0.0228,0.9988,0,7.464,1.013,1.9108,1]},
{"frame":15,"values":[0.9493,-0.3124,-0.0359,0,0.3112,0.9497,-0.0357,0,0.0453,0.0227,0.9987,0,7.464,1.013,1.9108,1]},
{"frame":16,"values":[0.9462,-0.3213,-0.0378,0,0.32,0.9467,-0.0366,0,0.0475,0.0226,0.9986,0,7.464,1.013,1.9108,1]},
{"frame":17,"values":[0.95,-0.3103,-0.0341,0,0.3091,0.9504,-0.0357,0,0.0435,0.0233,0.9988,0,7.464,1.013,1.9108,1]},
{"frame":18,"values":[0.9509,-0.3077,-0.0338,0,0.3066,0.9512,-0.0354,0,0.043,0.0233,0.9988,0,7.464,1.013,1.9108,1]}],"loopBehavior":1,"name":"anim","property":"_matrix"}},
{"name":"LeftHandIndex2","index":16,"matrix":[0.4818,-0.8648,-0.141,0,0.8592,0.4979,-0.1178,0,0.172,-0.0644,0.983,0,3.142,-0.4199,-0.157,1],"rest":[0.9998,-0.0181,0.007,0,0.0181,0.9998,-0.0018,0,-0.007,0.0019,1,0,3.142,-0.4199,-0.157,1],"parentBoneIndex":15,"length":2.1038
,"animation":{"dataType":3,"framePerSecond":24,"keys":[
{"frame":1,"values":[0.4818,-0.8648,-0.141,0,0.8592,0.4979,-0.1178,0,0.172,-0.0644,0.983,0,3.142,-0.4199,-0.157,1]},
{"frame":2,"values":[0.4799,-0.8659,-0.1412,0,0.8602,0.496,-0.1181,0,0.1723,-0.0647,0.9829,0,3.142,-0.4199,-0.157,1]},
{"frame":3,"values":[0.4811,-0.8653,-0.1411,0,0.8596,0.4972,-0.1179,0,0.1722,-0.0645,0.983,0,3.142,-0.4199,-0.157,1]},
{"frame":4,"values":[0.4817,-0.8649,-0.141,0,0.8593,0.4977,-0.1178,0,0.1721,-0.0644,0.983,0,3.142,-0.4199,-0.157,1]},
{"frame":5,"values":[0.4837,-0.8638,-0.1409,0,0.8582,0.4997,-0.1174,0,0.1718,-0.0641,0.983,0,3.142,-0.4199,-0.157,1]},
{"frame":6,"values":[0.4857,-0.8627,-0.1407,0,0.8571,0.5017,-0.117,0,0.1715,-0.0638,0.9831,0,3.142,-0.4199,-0.157,1]},
{"frame":7,"values":[0.4884,-0.8612,-0.1405,0,0.8557,0.5042,-0.1165,0,0.1711,-0.0633,0.9832,0,3.142,-0.4199,-0.157,1]},
{"frame":8,"values":[0.4877,-0.8616,-0.1405,0,0.8561,0.5035,-0.1166,0,0.1712,-0.0635,0.9832,0,3.142,-0.4199,-0.157,1]},
{"frame":9,"values":[0.4817,-0.8649,-0.141,0,0.8593,0.4978,-0.1178,0,0.1721,-0.0644,0.983,0,3.142,-0.4199,-0.157,1]},
{"frame":10,"values":[0.4808,-0.8654,-0.1411,0,0.8597,0.4969,-0.118,0,0.1722,-0.0646,0.9829,0,3.142,-0.4199,-0.157,1]},
{"frame":11,"values":[0.4815,-0.865,-0.141,0,0.8594,0.4976,-0.1178,0,0.1721,-0.0645,0.983,0,3.142,-0.4199,-0.157,1]},
{"frame":12,"values":[0.4818,-0.8649,-0.141,0,0.8592,0.4979,-0.1178,0,0.1721,-0.0644,0.983,0,3.142,-0.4199,-0.157,1]},
{"frame":13,"values":[0.4809,-0.8654,-0.1411,0,0.8597,0.497,-0.1179,0,0.1722,-0.0646,0.9829,0,3.142,-0.4199,-0.157,1]},
{"frame":14,"values":[0.4818,-0.8648,-0.141,0,0.8592,0.4979,-0.1178,0,0.1721,-0.0644,0.983,0,3.142,-0.4199,-0.157,1]},
{"frame":15,"values":[0.4815,-0.865,-0.141,0,0.8594,0.4975,-0.1178,0,0.1721,-0.0645,0.983,0,3.142,-0.4199,-0.157,1]},
{"frame":16,"values":[0.4789,-0.8665,-0.1412,0,0.8608,0.495,-0.1183,0,0.1725,-0.0649,0.9829,0,3.142,-0.4199,-0.157,1]},
{"frame":17,"values":[0.482,-0.8647,-0.141,0,0.8591,0.4981,-0.1177,0,0.172,-0.0644,0.983,0,3.142,-0.4199,-0.157,1]},
{"frame":18,"values":[0.4834,-0.864,-0.1409,0,0.8584,0.4994,-0.1174,0,0.1718,-0.0642,0.983,0,3.142,-0.4199,-0.157,1]}],"loopBehavior":1,"name":"anim","property":"_matrix"}},
{"name":"LeftHandIndex3","index":17,"matrix":[0.8878,-0.453,-0.0808,0,0.4516,0.8915,-0.0368,0,0.0886,-0.0038,0.9961,0,2.0866,-0.2403,-0.1191,1],"rest":[0.9985,-0.0544,-0.0084,0,0.0544,0.9985,-0.0024,0,0.0085,0.0019,1,0,2.0866,-0.2403,-0.1191,1],"parentBoneIndex":16,"length":1.9464
,"animation":{"dataType":3,"framePerSecond":24,"keys":[
{"frame":1,"values":[0.8878,-0.453,-0.0808,0,0.4516,0.8915,-0.0368,0,0.0886,-0.0038,0.9961,0,2.0866,-0.2403,-0.1191,1]},
{"frame":2,"values":[0.8869,-0.4548,-0.0811,0,0.4533,0.8906,-0.037,0,0.089,-0.0039,0.996,0,2.0866,-0.2403,-0.1191,1]},
{"frame":3,"values":[0.8874,-0.4538,-0.0809,0,0.4523,0.8911,-0.0369,0,0.0888,-0.0039,0.996,0,2.0866,-0.2403,-0.1191,1]},
{"frame":4,"values":[0.8877,-0.4532,-0.0808,0,0.4518,0.8914,-0.0368,0,0.0887,-0.0038,0.9961,0,2.0866,-0.2403,-0.1191,1]},
{"frame":5,"values":[0.8888,-0.4512,-0.0804,0,0.4498,0.8924,-0.0365,0,0.0883,-0.0037,0.9961,0,2.0866,-0.2403,-0.1191,1]},
{"frame":6,"values":[0.8898,-0.4493,-0.0801,0,0.4478,0.8934,-0.0363,0,0.0879,-0.0036,0.9961,0,2.0866,-0.2403,-0.1191,1]},
{"frame":7,"values":[0.8911,-0.4468,-0.0797,0,0.4453,0.8946,-0.0359,0,0.0873,-0.0035,0.9962,0,2.0866,-0.2403,-0.1191,1]},
{"frame":8,"values":[0.8907,-0.4474,-0.0798,0,0.446,0.8943,-0.036,0,0.0875,-0.0035,0.9962,0,2.0866,-0.2403,-0.1191,1]},
{"frame":9,"values":[0.8878,-0.4532,-0.0808,0,0.4517,0.8914,-0.0368,0,0.0887,-0.0038,0.9961,0,2.0866,-0.2403,-0.1191,1]},
{"frame":10,"values":[0.8873,-0.454,-0.0809,0,0.4526,0.891,-0.0369,0,0.0889,-0.0039,0.996,0,2.0866,-0.2403,-0.1191,1]},
{"frame":11,"values":[0.8876,-0.4534,-0.0808,0,0.4519,0.8913,-0.0368,0,0.0887,-0.0039,0.996,0,2.0866,-0.2403,-0.1191,1]},
{"frame":12,"values":[0.8878,-0.4531,-0.0808,0,0.4517,0.8914,-0.0368,0,0.0887,-0.0038,0.9961,0,2.0866,-0.2403,-0.1191,1]},
{"frame":13,"values":[0.8873,-0.4541,-0.0809,0,0.4526,0.891,-0.0369,0,0.0889,-0.0039,0.996,0,2.0866,-0.2403,-0.1191,1]},
{"frame":14,"values":[0.8878,-0.4531,-0.0808,0,0.4516,0.8915,-0.0368,0,0.0886,-0.0038,0.9961,0,2.0866,-0.2403,-0.1191,1]},
{"frame":15,"values":[0.8876,-0.4534,-0.0808,0,0.4519,0.8913,-0.0368,0,0.0887,-0.0039,0.996,0,2.0866,-0.2403,-0.1191,1]},
{"frame":16,"values":[0.8863,-0.4559,-0.0813,0,0.4544,0.89,-0.0371,0,0.0892,-0.004,0.996,0,2.0866,-0.2403,-0.1191,1]},
{"frame":17,"values":[0.8878,-0.453,-0.0807,0,0.4515,0.8915,-0.0368,0,0.0886,-0.0038,0.9961,0,2.0866,-0.2403,-0.1191,1]},
{"frame":18,"values":[0.8886,-0.4516,-0.0805,0,0.4501,0.8922,-0.0366,0,0.0883,-0.0037,0.9961,0,2.0866,-0.2403,-0.1191,1]}],"loopBehavior":1,"name":"anim","property":"_matrix"}},
{"name":"LeftHandIndex4","index":18,"matrix":[1,0,0,0,0,1,0,0,0,0,1,0,1.9406,-0.1168,-0.0942,1],"rest":[1,0,0,0,0,1,0,0,0,0,1,0,1.9406,-0.1168,-0.0942,1],"parentBoneIndex":17,"length":1.9464
,"animation":{"dataType":3,"framePerSecond":24,"keys":[
{"frame":1,"values":[1,0,0,0,0,1,0,0,0,0,1,0,1.9406,-0.1168,-0.0942,1]},
{"frame":18,"values":[1,0,0,0,0,1,0,0,0,0,1,0,1.9406,-0.1168,-0.0942,1]}],"loopBehavior":1,"name":"anim","property":"_matrix"}},
