{"producer":{"name":"Blender","version":"2.90.0","exporter_version":"2.80.1","file":"runbackwards_riffle.babylon"},
"autoClear":true,"clearColor":[0.0509,0.0509,0.0509],"gravity":[0,-9.81,0],
"materials":[{"name":"Material","id":"Material","customType":"BABYLON.PBRMaterial","backFaceCulling":true,"checkReadyOnlyOnce":false,"maxSimultaneousLights":4,"environmentIntensity":1,"albedo":[0.8,0.8,0.8],"reflectivity":[0.5,0.5,0.5],"roughness":0.4,"alpha":1,"transparencyMode":0,"alphaCutOff":0.4,"metallic":0}],
"multiMaterials":[],
"skeletons":[{"name":"Armature","id":0,"dimensionsAtRest":[128.1663,151.4482,19.1351],"bones":[
{"name":"Hips","index":0,"matrix":[0.9432,0.0469,-0.3289,0,0.0226,0.9786,0.2043,0,-0.3315,0.2002,-0.922,0,-0.2881,68.3035,-0.4649,1],"rest":[1,0,0,0,0,1,0,0,0,0,-1,0,0,81.0629,0,1],"parentBoneIndex":-1,"length":7.701
,"animation":{"dataType":3,"framePerSecond":24,"keys":[
{"frame":1,"values":[0.9432,0.0469,-0.3289,0,0.0226,0.9786,0.2043,0,-0.3315,0.2002,-0.922,0,-0.2881,68.3035,-0.4649,1]},
{"frame":2,"values":[0.944,0.024,-0.3289,0,0.0556,0.9715,0.2305,0,-0.3251,0.2359,-0.9158,0,-1.4553,70.9212,-1.8706,1]},
{"frame":3,"values":[0.9193,0.0486,-0.3906,0,0.0335,0.9791,0.2008,0,-0.3922,0.1977,-0.8984,0,-2.41,74.1828,-3.1384,1]},
{"frame":4,"values":[0.8583,0.0885,-0.5054,0,-0.0184,0.9897,0.142,0,-0.5127,0.1126,-0.8511,0,-2.0252,74.5696,-3.5736,1]},
{"frame":5,"values":[0.8111,0.105,-0.5754,0,-0.0106,0.9862,0.165,0,-0.5848,0.1278,-0.8011,0,-1.1728,73.4888,-3.3496,1]},
{"frame":6,"values":[0.8092,0.0523,-0.5853,0,0.0467,0.9872,0.1528,0,-0.5857,0.151,-0.7963,0,-1.0069,70.6832,-2.6716,1]},
{"frame":7,"values":[0.7961,0.08,-0.5998,0,-0.0054,0.9921,0.1252,0,-0.6051,0.0964,-0.7903,0,-0.9159,69.639,-1.746,1]},
{"frame":8,"values":[0.8369,0.0967,-0.5388,0,-0.0219,0.9894,0.1434,0,-0.547,0.1082,-0.8301,0,-0.0354,71.0059,-1.57,1]},
{"frame":9,"values":[0.8952,0.094,-0.4357,0,-0.015,0.9833,0.1815,0,-0.4455,0.156,-0.8816,0,1.4767,73.3558,-1.6935,1]},
{"frame":10,"values":[0.9496,0.0669,-0.3061,0,-0.0003,0.9772,0.2124,0,-0.3133,0.2016,-0.928,0,2.162,74.027,-0.4265,1]},
{"frame":11,"values":[0.9792,0.0497,-0.1969,0,-0.0057,0.976,0.2178,0,-0.203,0.2121,-0.9559,0,1.8161,71.8258,-0.1439,1]},
{"frame":12,"values":[0.9643,0.0672,-0.256,0,-0.0126,0.9778,0.209,0,-0.2644,0.1983,-0.9438,0,0.9467,68.7947,0.0227,1]},
{"frame":13,"values":[0.9432,0.0469,-0.3289,0,0.0226,0.9786,0.2043,0,-0.3315,0.2002,-0.922,0,-0.2881,68.3035,-0.4649,1]}],"loopBehavior":1,"name":"anim","property":"_matrix"}},
{"name":"Spine","index":1,"matrix":[0.9993,0.0237,0.0305,0,-0.0273,0.9916,0.1262,0,-0.0273,-0.1269,0.9915,0,0.009,7.0626,-0.9847,1],"rest":[1,0,0,0,0,1,0,0,0,0,1,0,0.009,7.0626,-0.9847,1],"parentBoneIndex":0,"length":8.3194
,"animation":{"dataType":3,"framePerSecond":24,"keys":[
{"frame":1,"values":[0.9993,0.0237,0.0305,0,-0.0273,0.9916,0.1262,0,-0.0273,-0.1269,0.9915,0,0.009,7.0626,-0.9847,1]},
{"frame":2,"values":[0.9975,-0.0252,0.0653,0,0.0191,0.9956,0.0922,0,-0.0673,-0.0907,0.9936,0,0.009,7.0626,-0.9847,1]},
{"frame":3,"values":[0.9946,-0.0772,0.07,0,0.0742,0.9963,0.0445,0,-0.0732,-0.0391,0.9965,0,0.009,7.0626,-0.9847,1]},
{"frame":4,"values":[0.9946,-0.0871,0.0562,0,0.0865,0.9962,0.0133,0,-0.0571,-0.0084,0.9983,0,0.009,7.0626,-0.9847,1]},
{"frame":5,"values":[0.9969,-0.0689,0.0369,0,0.0669,0.9964,0.0511,0,-0.0403,-0.0485,0.998,0,0.009,7.0626,-0.9847,1]},
{"frame":6,"values":[0.9996,-0.0267,0.0125,0,0.0256,0.9962,0.083,0,-0.0147,-0.0826,0.9965,0,0.009,7.0626,-0.9847,1]},
{"frame":7,"values":[0.9996,-0.0265,-0.0116,0,0.0271,0.9977,0.0623,0,0.01,-0.0626,0.998,0,0.009,7.0626,-0.9847,1]},
{"frame":8,"values":[0.9994,0.0208,-0.0281,0,-0.0185,0.9964,0.0829,0,0.0297,-0.0824,0.9962,0,0.009,7.0626,-0.9847,1]},
{"frame":9,"values":[0.9947,0.0994,-0.0281,0,-0.0953,0.9882,0.12,0,0.0397,-0.1167,0.9924,0,0.009,7.0626,-0.9847,1]},
{"frame":10,"values":[0.9889,0.1485,-0.0019,0,-0.1469,0.9803,0.1322,0,0.0215,-0.1305,0.9912,0,0.009,7.0626,-0.9847,1]},
{"frame":11,"values":[0.9906,0.1347,0.0254,0,-0.1369,0.9808,0.1385,0,-0.0062,-0.1407,0.99,0,0.009,7.0626,-0.9847,1]},
{"frame":12,"values":[0.9967,0.0779,0.0229,0,-0.0804,0.9863,0.1443,0,-0.0114,-0.1456,0.9893,0,0.009,7.0626,-0.9847,1]},
{"frame":13,"values":[0.9993,0.0237,0.0305,0,-0.0274,0.9916,0.1262,0,-0.0273,-0.1269,0.9915,0,0.009,7.0626,-0.9847,1]}],"loopBehavior":1,"name":"anim","property":"_matrix"}},
{"name":"Spine1","index":2,"matrix":[0.9993,0.0167,0.0331,0,-0.0203,0.9935,0.1122,0,-0.0311,-0.1128,0.9931,0,0.0124,8.2397,-1.1488,1],"rest":[1,0,0,0,0,1,0,0,0,0,1,0,0.0124,8.2397,-1.1488,1],"parentBoneIndex":1,"length":9.5079
,"animation":{"dataType":3,"framePerSecond":24,"keys":[
{"frame":1,"values":[0.9993,0.0167,0.0331,0,-0.0203,0.9935,0.1122,0,-0.0311,-0.1128,0.9931,0,0.0124,8.2397,-1.1488,1]},
{"frame":2,"values":[0.9964,0.0483,0.069,0,-0.0567,0.9905,0.1251,0,-0.0623,-0.1285,0.9897,0,0.0124,8.2397,-1.1488,1]},
{"frame":3,"values":[0.9954,0.0651,0.0697,0,-0.0734,0.9894,0.125,0,-0.0608,-0.1296,0.9897,0,0.0124,8.2397,-1.1488,1]},
{"frame":4,"values":[0.9972,0.0598,0.0443,0,-0.0644,0.9916,0.1126,0,-0.0372,-0.1151,0.9927,0,0.0124,8.2397,-1.1488,1]},
{"frame":5,"values":[0.9988,0.0449,0.0188,0,-0.0468,0.9921,0.1168,0,-0.0134,-0.1175,0.993,0,0.0124,8.2397,-1.1488,1]},
{"frame":6,"values":[0.9988,0.0475,0.0137,0,-0.0488,0.9918,0.1185,0,-0.008,-0.119,0.9929,0,0.0124,8.2397,-1.1488,1]},
{"frame":7,"values":[0.999,0.0408,-0.0167,0,-0.0391,0.9951,0.0911,0,0.0203,-0.0904,0.9957,0,0.0124,8.2397,-1.1488,1]},
{"frame":8,"values":[0.9992,0.0157,-0.037,0,-0.013,0.9973,0.0728,0,0.038,-0.0723,0.9967,0,0.0124,8.2397,-1.1488,1]},
{"frame":9,"values":[0.9992,-0.0219,-0.0345,0,0.0243,0.9972,0.0702,0,0.0329,-0.071,0.9969,0,0.0124,8.2397,-1.1488,1]},
{"frame":10,"values":[0.9989,-0.046,-0.007,0,0.0465,0.9936,0.1026,0,0.0023,-0.1028,0.9947,0,0.0124,8.2397,-1.1488,1]},
{"frame":11,"values":[0.9987,-0.0425,0.0285,0,0.0388,0.9921,0.119,0,-0.0333,-0.1178,0.9925,0,0.0124,8.2397,-1.1488,1]},
{"frame":12,"values":[0.9994,-0.0242,0.0264,0,0.0211,0.9935,0.1117,0,-0.0289,-0.1111,0.9934,0,0.0124,8.2397,-1.1488,1]},
{"frame":13,"values":[0.9993,0.0167,0.0332,0,-0.0203,0.9935,0.1122,0,-0.0311,-0.1128,0.9931,0,0.0124,8.2397,-1.1488,1]}],"loopBehavior":1,"name":"anim","property":"_matrix"}},
{"name":"Spine2","index":3,"matrix":[0.9994,0.0131,0.0329,0,-0.0167,0.9936,0.1121,0,-0.0313,-0.1126,0.9931,0,0.0142,9.4168,-1.313,1],"rest":[1,0,0,0,0,1,0,0,0,0,1,0,0.0142,9.4168,-1.313,1],"parentBoneIndex":2,"length":9.9132
,"animation":{"dataType":3,"framePerSecond":24,"keys":[
{"frame":1,"values":[0.9994,0.0131,0.0329,0,-0.0167,0.9936,0.1121,0,-0.0313,-0.1126,0.9931,0,0.0142,9.4168,-1.313,1]},
{"frame":2,"values":[0.9973,0.0384,0.0626,0,-0.0463,0.9905,0.1295,0,-0.057,-0.1321,0.9896,0,0.0142,9.4168,-1.313,1]},
{"frame":3,"values":[0.9969,0.051,0.0597,0,-0.0585,0.9896,0.1317,0,-0.0523,-0.1348,0.9895,0,0.0142,9.4168,-1.313,1]},
{"frame":4,"values":[0.9981,0.0493,0.0375,0,-0.0534,0.9918,0.1162,0,-0.0315,-0.1179,0.9925,0,0.0142,9.4168,-1.313,1]},
{"frame":5,"values":[0.9991,0.0387,0.0157,0,-0.0403,0.9922,0.1179,0,-0.011,-0.1185,0.9929,0,0.0142,9.4168,-1.313,1]},
{"frame":6,"values":[0.9988,0.0468,0.0115,0,-0.0478,0.9917,0.1194,0,-0.0058,-0.1198,0.9928,0,0.0142,9.4168,-1.313,1]},
{"frame":7,"values":[0.9989,0.0425,-0.0175,0,-0.0407,0.995,0.0911,0,0.0213,-0.0903,0.9957,0,0.0142,9.4168,-1.313,1]},
{"frame":8,"values":[0.9993,0.0153,-0.0348,0,-0.0127,0.9972,0.0733,0,0.0358,-0.0728,0.9967,0,0.0142,9.4168,-1.313,1]},
{"frame":9,"values":[0.9994,-0.0233,-0.0262,0,0.0252,0.9971,0.0719,0,0.0245,-0.0726,0.9971,0,0.0142,9.4168,-1.313,1]},
{"frame":10,"values":[0.9988,-0.0497,0.0041,0,0.049,0.9934,0.1037,0,-0.0092,-0.1034,0.9946,0,0.0142,9.4168,-1.313,1]},
{"frame":11,"values":[0.9981,-0.0467,0.039,0,0.0419,0.9922,0.1172,0,-0.0442,-0.1153,0.9923,0,0.0142,9.4168,-1.313,1]},
{"frame":12,"values":[0.9992,-0.0248,0.0325,0,0.0211,0.9937,0.1103,0,-0.035,-0.1095,0.9934,0,0.0142,9.4168,-1.313,1]},
{"frame":13,"values":[0.9994,0.0131,0.033,0,-0.0167,0.9936,0.1121,0,-0.0313,-0.1126,0.9932,0,0.0142,9.4168,-1.313,1]}],"loopBehavior":1,"name":"anim","property":"_matrix"}},
{"name":"Neck","index":4,"matrix":[0.9996,-0.0083,-0.0263,0,0.0086,0.9999,0.0128,0,0.0262,-0.013,0.9996,0,0.016,10.5938,-1.4771,1],"rest":[1,0,0,0,0,1,0,0,0,0,1,0,0.016,10.5938,-1.4771,1],"parentBoneIndex":3,"length":5.1073
,"animation":{"dataType":3,"framePerSecond":24,"keys":[
{"frame":1,"values":[0.9996,-0.0083,-0.0263,0,0.0086,0.9999,0.0128,0,0.0262,-0.013,0.9996,0,0.016,10.5938,-1.4771,1]},
{"frame":2,"values":[0.9989,0.0121,-0.0454,0,-0.0124,0.9999,-0.0076,0,0.0453,0.0082,0.9989,0,0.016,10.5938,-1.4771,1]},
{"frame":3,"values":[0.9972,0.0335,-0.0673,0,-0.0356,0.9989,-0.03,0,0.0662,0.0323,0.9973,0,0.016,10.5938,-1.4771,1]},
{"frame":4,"values":[0.9951,0.0499,-0.0856,0,-0.0541,0.9974,-0.048,0,0.083,0.0524,0.9952,0,0.016,10.5938,-1.4771,1]},
{"frame":5,"values":[0.994,0.0567,-0.0936,0,-0.0621,0.9965,-0.0556,0,0.0901,0.0611,0.9941,0,0.016,10.5938,-1.4771,1]},
{"frame":6,"values":[0.9952,0.043,-0.0876,0,-0.0474,0.9977,-0.0491,0,0.0853,0.053,0.9949,0,0.016,10.5938,-1.4771,1]},
{"frame":7,"values":[0.9971,0.0223,-0.0723,0,-0.0249,0.9991,-0.0345,0,0.0715,0.0362,0.9968,0,0.016,10.5938,-1.4771,1]},
{"frame":8,"values":[0.9988,0.0214,-0.0433,0,-0.022,0.9997,-0.0129,0,0.0431,0.0138,0.999,0,0.016,10.5938,-1.4771,1]},
{"frame":9,"values":[0.9994,0.0333,0.0001,0,-0.0333,0.9993,0.0167,0,0.0004,-0.0167,0.9999,0,0.016,10.5938,-1.4771,1]},
{"frame":10,"values":[0.9991,0.0378,0.0167,0,-0.0382,0.9989,0.0278,0,-0.0156,-0.0285,0.9995,0,0.016,10.5938,-1.4771,1]},
{"frame":11,"values":[0.9996,0.0279,0.0073,0,-0.0281,0.9993,0.0246,0,-0.0066,-0.0248,0.9997,0,0.016,10.5938,-1.4771,1]},
{"frame":12,"values":[0.9999,0.0096,-0.0099,0,-0.0095,0.9998,0.0187,0,0.0101,-0.0186,0.9998,0,0.016,10.5938,-1.4771,1]},
{"frame":13,"values":[0.9996,-0.0083,-0.0263,0,0.0086,0.9999,0.0128,0,0.0262,-0.0131,0.9996,0,0.016,10.5938,-1.4771,1]}],"loopBehavior":1,"name":"anim","property":"_matrix"}},
{"name":"Head","index":5,"matrix":[0.9617,-0.0082,-0.2739,0,0.0405,0.9928,0.1125,0,0.271,-0.1192,0.9552,0,0,5.0564,0.7196,1],"rest":[1,0,0,0,0,1,0,0,0,0,1,0,0,5.0564,0.7196,1],"parentBoneIndex":4,"length":15.2963
,"animation":{"dataType":3,"framePerSecond":24,"keys":[
{"frame":1,"values":[0.9617,-0.0082,-0.2739,0,0.0405,0.9928,0.1125,0,0.271,-0.1192,0.9552,0,0,5.0564,0.7196,1]},
{"frame":2,"values":[0.9441,-0.0351,-0.3278,0,0.084,0.9871,0.1362,0,0.3188,-0.1561,0.9349,0,0,5.0564,0.7196,1]},
{"frame":3,"values":[0.9194,-0.0627,-0.3883,0,0.1339,0.9782,0.159,0,0.3699,-0.1982,0.9077,0,0,5.0564,0.7196,1]},
{"frame":4,"values":[0.8954,-0.083,-0.4374,0,0.1751,0.969,0.1746,0,0.4093,-0.2329,0.8822,0,0,5.0564,0.7196,1]},
{"frame":5,"values":[0.8841,-0.0912,-0.4584,0,0.193,0.9645,0.1804,0,0.4257,-0.248,0.8702,0,0,5.0564,0.7196,1]},
{"frame":6,"values":[0.8958,-0.0806,-0.4371,0,0.1706,0.9704,0.1709,0,0.4104,-0.2276,0.8831,0,0,5.0564,0.7196,1]},
{"frame":7,"values":[0.9167,-0.0692,-0.3936,0,0.1381,0.979,0.1496,0,0.375,-0.1915,0.907,0,0,5.0564,0.7196,1]},
{"frame":8,"values":[0.9373,-0.0838,-0.3384,0,0.1332,0.9831,0.1256,0,0.3222,-0.1628,0.9326,0,0,5.0564,0.7196,1]},
{"frame":9,"values":[0.959,-0.1064,-0.2627,0,0.1366,0.9856,0.0997,0,0.2483,-0.1315,0.9597,0,0,5.0564,0.7196,1]},
{"frame":10,"values":[0.9657,-0.1132,-0.2335,0,0.1376,0.9863,0.0911,0,0.22,-0.1201,0.9681,0,0,5.0564,0.7196,1]},
{"frame":11,"values":[0.9659,-0.0904,-0.2428,0,0.1165,0.9886,0.095,0,0.2314,-0.1201,0.9654,0,0,5.0564,0.7196,1]},
{"frame":12,"values":[0.9646,-0.0487,-0.259,0,0.0778,0.9916,0.1033,0,0.2518,-0.1198,0.9603,0,0,5.0564,0.7196,1]},
{"frame":13,"values":[0.9617,-0.0082,-0.2739,0,0.0405,0.9928,0.1124,0,0.271,-0.1192,0.9552,0,0,5.0564,0.7196,1]}],"loopBehavior":1,"name":"anim","property":"_matrix"}},
{"name":"HeadTop_End","index":6,"matrix":[1,0,0,0,0,1,0,0,0,0,1,0,0,15.1437,2.155,1],"rest":[1,0,0,0,0,1,0,0,0,0,1,0,0,15.1437,2.155,1],"parentBoneIndex":5,"length":15.2963
,"animation":{"dataType":3,"framePerSecond":24,"keys":[
{"frame":1,"values":[1,0,0,0,0,1,0,0,0,0,1,0,0,15.1437,2.155,1]},
{"frame":13,"values":[1,0,0,0,0,1,0,0,0,0,1,0,0,15.1437,2.155,1]}],"loopBehavior":1,"name":"anim","property":"_matrix"}},
{"name":"LeftShoulder","index":7,"matrix":[0.8779,-0.049,0.4764,0,-0.0006,0.9946,0.1033,0,-0.4789,-0.091,0.8731,0,3.5285,8.7304,-1.4561,1],"rest":[1,-0.0017,0,0,0.0017,1,0,0,0,0,1,0,3.5285,8.7304,-1.4561,1],"parentBoneIndex":3,"length":7.9526
,"animation":{"dataType":3,"framePerSecond":24,"keys":[
{"frame":1,"values":[0.8779,-0.049,0.4764,0,-0.0006,0.9946,0.1033,0,-0.4789,-0.091,0.8731,0,3.5285,8.7304,-1.4561,1]},
{"frame":13,"values":[0.8779,-0.049,0.4764,0,-0.0006,0.9946,0.1033,0,-0.4789,-0.091,0.8731,0,3.5285,8.7304,-1.4561,1]}],"loopBehavior":1,"name":"anim","property":"_matrix"}},
{"name":"LeftArm","index":8,"matrix":[0.6373,-0.5017,0.5849,0,0.7122,0.6734,-0.1984,0,-0.2943,0.543,0.7864,0,7.6132,-2.2982,0.0421,1],"rest":[0.9965,-0.0092,0.0835,0,0.0092,1,0.0007,0,-0.0835,0.0001,0.9965,0,7.6132,-2.2982,0.0421,1],"parentBoneIndex":7,"length":18.9821
,"animation":{"dataType":3,"framePerSecond":24,"keys":[
{"frame":1,"values":[0.6373,-0.5017,0.5849,0,0.7122,0.6734,-0.1984,0,-0.2943,0.543,0.7864,0,7.6132,-2.2982,0.0421,1]},
{"frame":2,"values":[0.672,-0.5796,0.4609,0,0.7088,0.6838,-0.1735,0,-0.2146,0.4433,0.8703,0,7.6132,-2.2982,0.0421,1]},
{"frame":3,"values":[0.6854,-0.6389,0.3493,0,0.7163,0.6779,-0.1657,0,-0.1309,0.3638,0.9222,0,7.6132,-2.2982,0.0421,1]},
{"frame":4,"values":[0.6875,-0.6738,0.2709,0,0.7252,0.6566,-0.2072,0,-0.0383,0.3389,0.94,0,7.6132,-2.2982,0.0421,1]},
{"frame":5,"values":[0.6895,-0.6702,0.2746,0,0.7238,0.6513,-0.228,0,-0.026,0.356,0.9341,0,7.6132,-2.2982,0.0421,1]},
{"frame":6,"values":[0.6883,-0.6446,0.3328,0,0.7236,0.6421,-0.253,0,-0.0506,0.415,0.9084,0,7.6132,-2.2982,0.0421,1]},
{"frame":7,"values":[0.6638,-0.6375,0.3912,0,0.7391,0.6393,-0.2124,0,-0.1147,0.4301,0.8955,0,7.6132,-2.2982,0.0421,1]},
{"frame":8,"values":[0.5902,-0.5922,0.5486,0,0.757,0.6421,-0.1212,0,-0.2804,0.4868,0.8273,0,7.6132,-2.2982,0.0421,1]},
{"frame":9,"values":[0.5105,-0.5276,0.679,0,0.7704,0.6314,-0.0886,0,-0.382,0.5683,0.7288,0,7.6132,-2.2982,0.0421,1]},
{"frame":10,"values":[0.4739,-0.4316,0.7676,0,0.7716,0.6236,-0.1258,0,-0.4243,0.6518,0.6285,0,7.6132,-2.2982,0.0421,1]},
{"frame":11,"values":[0.5108,-0.3892,0.7665,0,0.7494,0.6386,-0.1751,0,-0.4213,0.6639,0.6179,0,7.6132,-2.2982,0.0421,1]},
{"frame":12,"values":[0.5879,-0.4293,0.6857,0,0.7226,0.6598,-0.2064,0,-0.3638,0.6168,0.698,0,7.6132,-2.2982,0.0421,1]},
{"frame":13,"values":[0.6373,-0.5017,0.5849,0,0.7122,0.6733,-0.1984,0,-0.2943,0.543,0.7865,0,7.6132,-2.2982,0.0421,1]}],"loopBehavior":1,"name":"anim","property":"_matrix"}},
{"name":"LeftForeArm","index":9,"matrix":[0.1902,0.0142,0.9816,0,0.9797,-0.0668,-0.1889,0,0.0629,0.9977,-0.0267,0,18.9146,0.2055,-1.5856,1],"rest":[0.9964,0.0108,-0.0835,0,-0.0108,0.9999,0.0005,0,0.0835,0.0005,0.9965,0,18.9146,0.2055,-1.5856,1],"parentBoneIndex":8,"length":18.4362
,"animation":{"dataType":3,"framePerSecond":24,"keys":[
{"frame":1,"values":[0.1902,0.0142,0.9816,0,0.9797,-0.0668,-0.1889,0,0.0629,0.9977,-0.0267,0,18.9146,0.2055,-1.5856,1]},
{"frame":2,"values":[0.1069,0.0134,0.9942,0,0.9901,-0.093,-0.1052,0,0.0911,0.9956,-0.0232,0,18.9146,0.2055,-1.5856,1]},
{"frame":3,"values":[0.0216,0.0125,0.9997,0,0.9941,-0.1063,-0.0201,0,0.106,0.9943,-0.0147,0,18.9146,0.2055,-1.5856,1]},
{"frame":4,"values":[-0.0517,0.0116,0.9986,0,0.9936,-0.1004,0.0526,0,0.1008,0.9949,-0.0063,0,18.9146,0.2055,-1.5856,1]},
{"frame":5,"values":[-0.0378,0.0117,0.9992,0,0.9953,-0.0886,0.0387,0,0.089,0.996,-0.0083,0,18.9146,0.2055,-1.5856,1]},
{"frame":6,"values":[-0.0098,0.0121,0.9999,0,0.9965,-0.083,0.0108,0,0.0831,0.9965,-0.0112,0,18.9146,0.2055,-1.5856,1]},
{"frame":7,"values":[0.0735,0.013,0.9972,0,0.9943,-0.0782,-0.0723,0,0.0771,0.9968,-0.0187,0,18.9146,0.2055,-1.5856,1]},
{"frame":8,"values":[0.2842,0.015,0.9586,0,0.9572,-0.0622,-0.2828,0,0.0553,0.998,-0.032,0,18.9146,0.2055,-1.5856,1]},
{"frame":9,"values":[0.4451,0.0162,0.8954,0,0.8952,-0.0349,-0.4443,0,0.024,0.9993,-0.03,0,18.9146,0.2055,-1.5856,1]},
{"frame":10,"values":[0.5389,0.0167,0.8422,0,0.8423,-0.0213,-0.5386,0,0.009,0.9996,-0.0255,0,18.9146,0.2055,-1.5856,1]},
{"frame":11,"values":[0.4801,0.0164,0.8771,0,0.8771,-0.0271,-0.4796,0,0.0159,0.9995,-0.0274,0,18.9146,0.2055,-1.5856,1]},
{"frame":12,"values":[0.317,0.0153,0.9483,0,0.9478,-0.0413,-0.3162,0,0.0343,0.999,-0.0276,0,18.9146,0.2055,-1.5856,1]},
{"frame":13,"values":[0.1902,0.0142,0.9817,0,0.9797,-0.0668,-0.1888,0,0.0629,0.9977,-0.0267,0,18.9146,0.2055,-1.5856,1]}],"loopBehavior":1,"name":"anim","property":"_matrix"}},
{"name":"LeftHand","index":10,"matrix":[0.9787,0.0593,0.1965,0,0.1489,0.4536,-0.8787,0,-0.1413,0.8892,0.4351,0,18.4362,0,0,1],"rest":[0.9824,-0.1864,-0.0127,0,0.1846,0.9789,-0.0878,0,0.0288,0.0839,0.9961,0,18.4362,0,0,1],"parentBoneIndex":9,"length":6.699
,"animation":{"dataType":3,"framePerSecond":24,"keys":[
{"frame":1,"values":[0.9787,0.0593,0.1965,0,0.1489,0.4536,-0.8787,0,-0.1413,0.8892,0.4351,0,18.4362,0,0,1]},
{"frame":2,"values":[0.9558,0.0755,0.2841,0,0.2163,0.4742,-0.8535,0,-0.1991,0.8772,0.4369,0,18.4362,0,0,1]},
{"frame":3,"values":[0.9377,0.0777,0.3386,0,0.2573,0.4997,-0.8271,0,-0.2335,0.8627,0.4486,0,18.4362,0,0,1]},
{"frame":4,"values":[0.9297,0.0856,0.3583,0,0.2661,0.5168,-0.8137,0,-0.2548,0.8518,0.4577,0,18.4362,0,0,1]},
{"frame":5,"values":[0.9292,0.0724,0.3625,0,0.2784,0.5079,-0.8152,0,-0.2431,0.8584,0.4518,0,18.4362,0,0,1]},
{"frame":6,"values":[0.9431,0.087,0.3209,0,0.235,0.5084,-0.8284,0,-0.2352,0.8567,0.4591,0,18.4362,0,0,1]},
{"frame":7,"values":[0.9536,0.0445,0.2977,0,0.2398,0.4858,-0.8406,0,-0.182,0.873,0.4526,0,18.4362,0,0,1]},
{"frame":8,"values":[0.9629,-0.0533,0.2647,0,0.2602,0.4451,-0.8569,0,-0.0722,0.8939,0.4424,0,18.4362,0,0,1]},
{"frame":9,"values":[0.9742,-0.1205,0.1906,0,0.2239,0.4148,-0.8819,0,0.0273,0.9019,0.4311,0,18.4362,0,0,1]},
{"frame":10,"values":[0.9814,-0.1608,0.1046,0,0.1647,0.4273,-0.889,0,0.0982,0.8897,0.4459,0,18.4362,0,0,1]},
{"frame":11,"values":[0.9913,-0.1134,0.0673,0,0.1103,0.4339,-0.8942,0,0.0722,0.8938,0.4426,0,18.4362,0,0,1]},
{"frame":12,"values":[0.9942,-0.0078,0.1072,0,0.1001,0.4299,-0.8973,0,-0.0391,0.9029,0.4282,0,18.4362,0,0,1]},
{"frame":13,"values":[0.9787,0.0593,0.1965,0,0.1489,0.4536,-0.8787,0,-0.1413,0.8892,0.4351,0,18.4362,0,0,1]}],"loopBehavior":1,"name":"anim","property":"_matrix"}},
{"name":"LeftHandThumb1","index":11,"matrix":[0.9735,0.0862,-0.2117,0,-0.0977,0.9942,-0.0444,0,0.2067,0.0639,0.9763,0,3.0862,-1.2837,1.4227,1],"rest":[0.9923,0.1154,-0.0442,0,-0.1172,0.9923,-0.0407,0,0.0392,0.0455,0.9982,0,3.0862,-1.2837,1.4227,1],"parentBoneIndex":10,"length":2.9063
,"animation":{"dataType":3,"framePerSecond":24,"keys":[
{"frame":1,"values":[0.9735,0.0862,-0.2117,0,-0.0977,0.9942,-0.0444,0,0.2067,0.0639,0.9763,0,3.0862,-1.2837,1.4227,1]},
{"frame":13,"values":[0.9735,0.0862,-0.2117,0,-0.0977,0.9942,-0.0444,0,0.2067,0.0639,0.9763,0,3.0862,-1.2837,1.4227,1]}],"loopBehavior":1,"name":"anim","property":"_matrix"}},
{"name":"LeftHandThumb2","index":12,"matrix":[0.9736,0.078,-0.2146,0,-0.0589,0.9939,0.0937,0,0.2206,-0.0785,0.9722,0,2.2512,-1.2997,1.2997,1],"rest":[1,0,0,0,0,1,0,0,0,0,1,0,2.2512,-1.2997,1.2997,1],"parentBoneIndex":11,"length":2.9053
,"animation":{"dataType":3,"framePerSecond":24,"keys":[
{"frame":1,"values":[0.9736,0.078,-0.2146,0,-0.0589,0.9939,0.0937,0,0.2206,-0.0785,0.9722,0,2.2512,-1.2997,1.2997,1]},
{"frame":13,"values":[0.9736,0.078,-0.2146,0,-0.0589,0.9939,0.0937,0,0.2206,-0.0785,0.9722,0,2.2512,-1.2997,1.2997,1]}],"loopBehavior":1,"name":"anim","property":"_matrix"}},
{"name":"LeftHandThumb3","index":13,"matrix":[0.945,0.0612,0.3214,0,0.0626,0.9304,-0.3612,0,-0.3211,0.3615,0.8753,0,2.2504,-1.2993,1.2993,1],"rest":[0.9996,-0.0265,-0.0043,0,0.0265,0.9995,0.0176,0,0.0038,-0.0177,0.9998,0,2.2504,-1.2993,1.2993,1],"parentBoneIndex":12,"length":2.0937
,"animation":{"dataType":3,"framePerSecond":24,"keys":[
{"frame":1,"values":[0.945,0.0612,0.3214,0,0.0626,0.9304,-0.3612,0,-0.3211,0.3615,0.8753,0,2.2504,-1.2993,1.2993,1]},
{"frame":13,"values":[0.945,0.0612,0.3214,0,0.0626,0.9304,-0.3612,0,-0.3211,0.3615,0.8753,0,2.2504,-1.2993,1.2993,1]}],"loopBehavior":1,"name":"anim","property":"_matrix"}},
{"name":"LeftHandThumb4","index":14,"matrix":[1,0,0,0,0,1,0,0,0,0,1,0,1.642,-0.8764,0.9589,1],"rest":[1,0,0,0,0,1,0,0,0,0,1,0,1.642,-0.8764,0.9589,1],"parentBoneIndex":13,"length":2.0937
,"animation":{"dataType":3,"framePerSecond":24,"keys":[
{"frame":1,"values":[1,0,0,0,0,1,0,0,0,0,1,0,1.642,-0.8764,0.9589,1]},
{"frame":13,"values":[1,0,0,0,0,1,0,0,0,0,1,0,1.642,-0.8764,0.9589,1]}],"loopBehavior":1,"name":"anim","property":"_matrix"}},
{"name":"LeftHandIndex1","index":15,"matrix":[0.9983,-0.0486,0.031,0,0.0427,0.985,0.1673,0,-0.0387,-0.1656,0.9854,0,7.464,1.013,1.9108,1],"rest":[0.9467,0.3125,0.078,0,-0.3129,0.9497,-0.0071,0,-0.0763,-0.0177,0.9969,0,7.464,1.013,1.9108,1],"parentBoneIndex":10,"length":3.1738
,"animation":{"dataType":3,"framePerSecond":24,"keys":[
{"frame":1,"values":[0.9983,-0.0486,0.031,0,0.0427,0.985,0.1673,0,-0.0387,-0.1656,0.9854,0,7.464,1.013,1.9108,1]},
{"frame":13,"values":[0.9983,-0.0486,0.031,0,0.0427,0.985,0.1673,0,-0.0387,-0.1656,0.9854,0,7.464,1.013,1.9108,1]}],"loopBehavior":1,"name":"anim","property":"_matrix"}},
{"name":"LeftHandIndex2","index":16,"matrix":[0.8701,-0.4866,-0.0787,0,0.4852,0.8736,-0.0372,0,0.0869,-0.0058,0.9962,0,3.142,-0.4199,-0.157,1],"rest":[0.9998,-0.0181,0.007,0,0.0181,0.9998,-0.0018,0,-0.007,0.0019,1,0,3.142,-0.4199,-0.157,1],"parentBoneIndex":15,"length":2.1038
,"animation":{"dataType":3,"framePerSecond":24,"keys":[
{"frame":1,"values":[0.8701,-0.4866,-0.0787,0,0.4852,0.8736,-0.0372,0,0.0869,-0.0058,0.9962,0,3.142,-0.4199,-0.157,1]},
{"frame":13,"values":[0.8701,-0.4866,-0.0787,0,0.4852,0.8736,-0.0372,0,0.0869,-0.0058,0.9962,0,3.142,-0.4199,-0.157,1]}],"loopBehavior":1,"name":"anim","property":"_matrix"}},
{"name":"LeftHandIndex3","index":17,"matrix":[0.8497,-0.5191,-0.0921,0,0.5172,0.8546,-0.0461,0,0.1026,-0.0084,0.9947,0,2.0866,-0.2403,-0.1191,1],"rest":[0.9985,-0.0544,-0.0084,0,0.0544,0.9985,-0.0024,0,0.0085,0.0019,1,0,2.0866,-0.2403,-0.1191,1],"parentBoneIndex":16,"length":1.9464
,"animation":{"dataType":3,"framePerSecond":24,"keys":[
{"frame":1,"values":[0.8497,-0.5191,-0.0921,0,0.5172,0.8546,-0.0461,0,0.1026,-0.0084,0.9947,0,2.0866,-0.2403,-0.1191,1]},
{"frame":13,"values":[0.8497,-0.5191,-0.0921,0,0.5172,0.8546,-0.0461,0,0.1026,-0.0084,0.9947,0,2.0866,-0.2403,-0.1191,1]}],"loopBehavior":1,"name":"anim","property":"_matrix"}},
{"name":"LeftHandIndex4","index":18,"matrix":[1,0,0,0,0,1,0,0,0,0,1,0,1.9406,-0.1168,-0.0942,1],"rest":[1,0,0,0,0,1,0,0,0,0,1,0,1.9406,-0.1168,-0.0942,1],"parentBoneIndex":17,"length":1.9464
,"animation":{"dataType":3,"framePerSecond":24,"keys":[
{"frame":1,"values":[1,0,0,0,0,1,0,0,0,0,1,0,1.9406,-0.1168,-0.0942,1]},
{"frame":13,"values":[1,0,0,0,0,1,0,0,0,0,1,0,1.9406,-0.1168,-0.0942,1]}],"loopBehavior":1,"name":"anim","property":"_matrix"}},
{"name":"LeftHandMiddle1","index":19,"matrix":[0.9954,0.0065,0.0952,0,-0.0233,0.984,0.1765,0,-0.0925,-0.1779,0.9797,0,7.4859,1.4067,0.2197,1],"rest":[0.92,0.3717,0.1241,0,-0.3732,0.9277,-0.0117,0,-0.1194,-0.0356,0.9922,0,7.4859,1.4067,0.2197,1],"parentBoneIndex":10,"length":3.6612
,"animation":{"dataType":3,"framePerSecond":24,"keys":[
{"frame":1,"values":[0.9954,0.0065,0.0952,0,-0.0233,0.984,0.1765,0,-0.0925,-0.1779,0.9797,0,7.4859,1.4067,0.2197,1]},
{"frame":13,"values":[0.9954,0.0065,0.0952,0,-0.0233,0.984,0.1765,0,-0.0925,-0.1779,0.9797,0,7.4859,1.4067,0.2197,1]}],"loopBehavior":1,"name":"anim","property":"_matrix"}},
{"name":"LeftHandMiddle2","index":20,"matrix":[0.6855,-0.7052,-0.1812,0,0.7035,0.7056,-0.0849,0,0.1877,-0.0692,0.9798,0,3.5734,-0.7167,-0.3489,1],"rest":[0.9979,0.0003,-0.065,0,0.0005,0.9999,0.013,0,0.065,-0.013,0.9978,0,3.5734,-0.7167,-0.3489,1],"parentBoneIndex":19,"length":2.307
,"animation":{"dataType":3,"framePerSecond":24,"keys":[
{"frame":1,"values":[0.6855,-0.7052,-0.1812,0,0.7035,0.7056,-0.0849,0,0.1877,-0.0692,0.9798,0,3.5734,-0.7167,-0.3489,1]},
{"frame":13,"values":[0.6855,-0.7052,-0.1812,0,0.7035,0.7056,-0.0849,0,0.1877,-0.0692,0.9798,0,3.5734,-0.7167,-0.3489,1]}],"loopBehavior":1,"name":"anim","property":"_matrix"}},
{"name":"LeftHandMiddle3","index":21,"matrix":[0.6495,-0.747,-0.1422,0,0.7483,0.6611,-0.0545,0,0.1347,-0.071,0.9883,0,2.261,-0.4533,-0.0672,1],"rest":[0.9953,-0.0937,-0.0244,0,0.0937,0.9956,0.001,0,0.0242,-0.0032,0.9997,0,2.261,-0.4533,-0.0672,1],"parentBoneIndex":20,"length":2.0715
,"animation":{"dataType":3,"framePerSecond":24,"keys":[
{"frame":1,"values":[0.6495,-0.747,-0.1422,0,0.7483,0.6611,-0.0545,0,0.1347,-0.071,0.9883,0,2.261,-0.4533,-0.0672,1]},
{"frame":13,"values":[0.6495,-0.747,-0.1422,0,0.7483,0.6611,-0.0545,0,0.1347,-0.071,0.9883,0,2.261,-0.4533,-0.0672,1]}],"loopBehavior":1,"name":"anim","property":"_matrix"}},
{"name":"LeftHandMiddle4","index":22,"matrix":[1,0,0,0,0,1,0,0,0,0,1,0,2.0603,-0.215,-0.0098,1],"rest":[1,0,0,0,0,1,0,0,0,0,1,0,2.0603,-0.215,-0.0098,1],"parentBoneIndex":21,"length":2.0715
,"animation":{"dataType":3,"framePerSecond":24,"keys":[
{"frame":1,"values":[1,0,0,0,0,1,0,0,0,0,1,0,2.0603,-0.215,-0.0098,1]},
{"frame":13,"values":[1,0,0,0,0,1,0,0,0,0,1,0,2.0603,-0.215,-0.0098,1]}],"loopBehavior":1,"name":"anim","property":"_matrix"}},
{"name":"LeftHandRing1","index":23,"matrix":[0.9816,0.1002,0.1627,0,-0.1042,0.9944,0.0166,0,-0.1601,-0.0333,0.9865,0,7.12,1.5184,-1.0829,1],"rest":[0.8973,0.3994,0.1882,0,-0.4037,0.9147,-0.0161,0,-0.1786,-0.0615,0.982,0,7.12,1.5184,-1.0829,1],"parentBoneIndex":10,"length":3.3429
,"animation":{"dataType":3,"framePerSecond":24,"keys":[
{"frame":1,"values":[0.9816,0.1002,0.1627,0,-0.1042,0.9944,0.0166,0,-0.1601,-0.0333,0.9865,0,7.12,1.5184,-1.0829,1]},
{"frame":13,"values":[0.9816,0.1002,0.1627,0,-0.1042,0.9944,0.0166,0,-0.1601,-0.0333,0.9865,0,7.12,1.5184,-1.0829,1]}],"loopBehavior":1,"name":"anim","property":"_matrix"}},
{"name":"LeftHandRing2","index":24,"matrix":[0.3011,-0.9468,-0.1136,0,0.9169,0.3202,-0.2384,0,0.2621,-0.0324,0.9645,0,3.2113,-0.763,-0.5297,1],"rest":[0.9976,-0.0644,-0.0249,0,0.0643,0.9979,-0.0055,0,0.0252,0.0038,0.9997,0,3.2113,-0.763,-0.5297,1],"parentBoneIndex":23,"length":2.0362
,"animation":{"dataType":3,"framePerSecond":24,"keys":[
{"frame":1,"values":[0.3011,-0.9468,-0.1136,0,0.9169,0.3202,-0.2384,0,0.2621,-0.0324,0.9645,0,3.2113,-0.763,-0.5297,1]},
{"frame":13,"values":[0.3011,-0.9468,-0.1136,0,0.9169,0.3202,-0.2384,0,0.2621,-0.0324,0.9645,0,3.2113,-0.763,-0.5297,1]}],"loopBehavior":1,"name":"anim","property":"_matrix"}},
{"name":"LeftHandRing3","index":25,"matrix":[0.7784,-0.5366,-0.3257,0,0.5522,0.8321,-0.0514,0,0.2986,-0.1398,0.9441,0,1.9893,-0.3363,-0.275,1],"rest":[0.9933,-0.0196,-0.1141,0,0.0214,0.9997,0.0153,0,0.1138,-0.0176,0.9934,0,1.9893,-0.3363,-0.275,1],"parentBoneIndex":24,"length":2.0532
,"animation":{"dataType":3,"framePerSecond":24,"keys":[
{"frame":1,"values":[0.7784,-0.5366,-0.3257,0,0.5522,0.8321,-0.0514,0,0.2986,-0.1398,0.9441,0,1.9893,-0.3363,-0.275,1]},
{"frame":13,"values":[0.7784,-0.5366,-0.3257,0,0.5522,0.8321,-0.0514,0,0.2986,-0.1398,0.9441,0,1.9893,-0.3363,-0.275,1]}],"loopBehavior":1,"name":"anim","property":"_matrix"}},
{"name":"LeftHandRing4","index":26,"matrix":[1,0,0,0,0,1,0,0,0,0,1,0,2.0307,-0.3002,-0.0413,1],"rest":[1,0,0,0,0,1,0,0,0,0,1,0,2.0307,-0.3002,-0.0413,1],"parentBoneIndex":25,"length":2.0532
,"animation":{"dataType":3,"framePerSecond":24,"keys":[
{"frame":1,"values":[1,0,0,0,0,1,0,0,0,0,1,0,2.0307,-0.3002,-0.0413,1]},
{"frame":13,"values":[1,0,0,0,0,1,0,0,0,0,1,0,2.0307,-0.3002,-0.0413,1]}],"loopBehavior":1,"name":"anim","property":"_matrix"}},
{"name":"LeftHandPinky1","index":27,"matrix":[0.9519,0.2438,0.1857,0,-0.2203,0.9655,-0.1386,0,-0.2131,0.091,0.9728,0,6.5764,1.1849,-2.4314,1],"rest":[0.9177,0.3245,0.2292,0,-0.332,0.9433,-0.0059,0,-0.2181,-0.0707,0.9734,0,6.5764,1.1849,-2.4314,1],"parentBoneIndex":10,"length":3.1503
,"animation":{"dataType":3,"framePerSecond":24,"keys":[
{"frame":1,"values":[0.9519,0.2438,0.1857,0,-0.2203,0.9655,-0.1386,0,-0.2131,0.091,0.9728,0,6.5764,1.1849,-2.4314,1]},
{"frame":13,"values":[0.9519,0.2438,0.1857,0,-0.2203,0.9655,-0.1386,0,-0.2131,0.091,0.9728,0,6.5764,1.1849,-2.4314,1]}],"loopBehavior":1,"name":"anim","property":"_matrix"}},
{"name":"LeftHandPinky2","index":28,"matrix":[0.6794,-0.7146,-0.1665,0,0.696,0.6995,-0.1619,0,0.2322,-0.0059,0.9727,0,3.0496,-0.4795,-0.6278,1],"rest":[0.9937,0.0882,-0.0691,0,-0.0861,0.9958,0.0321,0,0.0716,-0.0259,0.9971,0,3.0496,-0.4795,-0.6278,1],"parentBoneIndex":27,"length":1.8503
,"animation":{"dataType":3,"framePerSecond":24,"keys":[
{"frame":1,"values":[0.6794,-0.7146,-0.1665,0,0.696,0.6995,-0.1619,0,0.2322,-0.0059,0.9727,0,3.0496,-0.4795,-0.6278,1]},
{"frame":13,"values":[0.6794,-0.7146,-0.1665,0,0.696,0.6995,-0.1619,0,0.2322,-0.0059,0.9727,0,3.0496,-0.4795,-0.6278,1]}],"loopBehavior":1,"name":"anim","property":"_matrix"}},
{"name":"LeftHandPinky3","index":29,"matrix":[0.7054,-0.6768,-0.2109,0,0.676,0.7317,-0.0871,0,0.2133,-0.0811,0.9736,0,1.7805,-0.4465,-0.2321,1],"rest":[0.9686,-0.1965,-0.1523,0,0.1983,0.9801,-0.003,0,0.1498,-0.0273,0.9883,0,1.7805,-0.4465,-0.2321,1],"parentBoneIndex":28,"length":1.8564
,"animation":{"dataType":3,"framePerSecond":24,"keys":[
{"frame":1,"values":[0.7054,-0.6768,-0.2109,0,0.676,0.7317,-0.0871,0,0.2133,-0.0811,0.9736,0,1.7805,-0.4465,-0.2321,1]},
{"frame":13,"values":[0.7054,-0.6768,-0.2109,0,0.676,0.7317,-0.0871,0,0.2133,-0.0811,0.9736,0,1.7805,-0.4465,-0.2321,1]}],"loopBehavior":1,"name":"anim","property":"_matrix"}},
{"name":"LeftHandPinky4","index":30,"matrix":[1,0,0,0,0,1,0,0,0,0,1,0,1.8538,-0.0841,0.0497,1],"rest":[1,0,0,0,0,1,0,0,0,0,1,0,1.8538,-0.0841,0.0497,1],"parentBoneIndex":29,"length":1.8564
,"animation":{"dataType":3,"framePerSecond":24,"keys":[
{"frame":1,"values":[1,0,0,0,0,1,0,0,0,0,1,0,1.8538,-0.0841,0.0497,1]},
{"frame":13,"values":[1,0,0,0,0,1,0,0,0,0,1,0,1.8538,-0.0841,0.0497,1]}],"loopBehavior":1,"name":"anim","property":"_matrix"}},
{"name":"RightShoulder","index":31,"matrix":[0.9985,0.0081,-0.0548,0,-0.0055,0.9988,0.0482,0,0.0552,-0.0479,0.9973,0,-3.4743,8.7304,-1.4981,1],"rest":[1,0.0005,0,0,-0.0005,1,0,0,0,0,1,0,-3.4743,8.7304,-1.4981,1],"parentBoneIndex":3,"length":7.9131
,"animation":{"dataType":3,"framePerSecond":24,"keys":[
{"frame":1,"values":[0.9985,0.0081,-0.0548,0,-0.0055,0.9988,0.0482,0,0.0552,-0.0479,0.9973,0,-3.4743,8.7304,-1.4981,1]},
{"frame":2,"values":[0.9978,0.0082,-0.0651,0,-0.0051,0.9988,0.0484,0,0.0654,-0.048,0.9967,0,-3.4743,8.7304,-1.4981,1]},
{"frame":3,"values":[0.9962,0.0099,-0.0861,0,-0.0048,0.9983,0.0585,0,0.0866,-0.0578,0.9946,0,-3.4743,8.7304,-1.4981,1]},
{"frame":4,"values":[0.9941,0.0139,-0.108,0,-0.0047,0.9964,0.0846,0,0.1087,-0.0836,0.9906,0,-3.4743,8.7304,-1.4981,1]},
{"frame":5,"values":[0.9899,0.0208,-0.1405,0,-0.0025,0.9916,0.1294,0,0.142,-0.1277,0.9816,0,-3.4743,8.7304,-1.4981,1]},
{"frame":6,"values":[0.9831,0.029,-0.1808,0,0.0044,0.9833,0.1818,0,0.183,-0.1795,0.9666,0,-3.4743,8.7304,-1.4981,1]},
{"frame":7,"values":[0.9728,0.0373,-0.2285,0,0.0174,0.9723,0.2329,0,0.2308,-0.2306,0.9453,0,-3.4743,8.7304,-1.4981,1]},
{"frame":8,"values":[0.9603,0.0446,-0.2752,0,0.0349,0.9602,0.2773,0,0.2766,-0.2759,0.9205,0,-3.4743,8.7304,-1.4981,1]},
{"frame":9,"values":[0.9499,0.0502,-0.3084,0,0.0506,0.9492,0.3105,0,0.3084,-0.3106,0.8991,0,-3.4743,8.7304,-1.4981,1]},
{"frame":10,"values":[0.9504,0.0506,-0.3068,0,0.0505,0.9484,0.3129,0,0.3068,-0.3129,0.8989,0,-3.4743,8.7304,-1.4981,1]},
{"frame":11,"values":[0.981,0.0357,-0.1909,0,0.0079,0.9748,0.2229,0,0.1941,-0.2201,0.956,0,-3.4743,8.7304,-1.4981,1]},
{"frame":12,"values":[0.996,0.0157,-0.0878,0,-0.0071,0.9952,0.0979,0,0.0889,-0.0969,0.9913,0,-3.4743,8.7304,-1.4981,1]},
{"frame":13,"values":[0.9985,0.0081,-0.0548,0,-0.0055,0.9988,0.0482,0,0.0552,-0.0479,0.9973,0,-3.4743,8.7304,-1.4981,1]}],"loopBehavior":1,"name":"anim","property":"_matrix"}},
{"name":"RightArm","index":32,"matrix":[0.6173,0.6148,-0.491,0,-0.3338,0.7697,0.5442,0,0.7124,-0.172,0.6803,0,-7.5693,-2.3069,-0.0421,1],"rest":[0.997,0.0108,-0.0769,0,-0.0108,0.9999,0.0006,0,0.077,0.0002,0.997,0,-7.5693,-2.3069,-0.0421,1],"parentBoneIndex":31,"length":18.9653
,"animation":{"dataType":3,"framePerSecond":24,"keys":[
{"frame":1,"values":[0.6173,0.6148,-0.491,0,-0.3338,0.7697,0.5442,0,0.7124,-0.172,0.6803,0,-7.5693,-2.3069,-0.0421,1]},
{"frame":2,"values":[0.6107,0.622,-0.4901,0,-0.302,0.755,0.582,0,0.732,-0.2074,0.6489,0,-7.5693,-2.3069,-0.0421,1]},
{"frame":3,"values":[0.6204,0.6061,-0.4978,0,-0.2463,0.7531,0.61,0,0.7446,-0.2559,0.6165,0,-7.5693,-2.3069,-0.0421,1]},
{"frame":4,"values":[0.5987,0.6111,-0.5178,0,-0.2594,0.7596,0.5964,0,0.7578,-0.2228,0.6133,0,-7.5693,-2.3069,-0.0421,1]},
{"frame":5,"values":[0.5849,0.6186,-0.5246,0,-0.3153,0.7693,0.5557,0,0.7473,-0.1596,0.645,0,-7.5693,-2.3069,-0.0421,1]},
{"frame":6,"values":[0.6011,0.6011,-0.5266,0,-0.3717,0.7937,0.4816,0,0.7075,-0.0937,0.7005,0,-7.5693,-2.3069,-0.0421,1]},
{"frame":7,"values":[0.6453,0.5921,-0.4827,0,-0.3976,0.7998,0.4496,0,0.6523,-0.0982,0.7516,0,-7.5693,-2.3069,-0.0421,1]},
{"frame":8,"values":[0.7195,0.5819,-0.379,0,-0.4351,0.8031,0.4071,0,0.5413,-0.128,0.831,0,-7.5693,-2.3069,-0.0421,1]},
{"frame":9,"values":[0.7646,0.5624,-0.3147,0,-0.452,0.816,0.3603,0,0.4595,-0.1333,0.8781,0,-7.5693,-2.3069,-0.0421,1]},
{"frame":10,"values":[0.7798,0.5205,-0.3478,0,-0.4343,0.85,0.2981,0,0.4508,-0.0814,0.8889,0,-7.5693,-2.3069,-0.0421,1]},
{"frame":11,"values":[0.7265,0.5068,-0.4641,0,-0.3626,0.8564,0.3677,0,0.5838,-0.0989,0.8059,0,-7.5693,-2.3069,-0.0421,1]},
{"frame":12,"values":[0.6459,0.5699,-0.508,0,-0.3316,0.8088,0.4858,0,0.6877,-0.1453,0.7113,0,-7.5693,-2.3069,-0.0421,1]},
{"frame":13,"values":[0.6177,0.6141,-0.4913,0,-0.3328,0.7701,0.5442,0,0.7125,-0.1726,0.6801,0,-7.5693,-2.3069,-0.0421,1]}],"loopBehavior":1,"name":"anim","property":"_matrix"}},
{"name":"RightForeArm","index":33,"matrix":[-0.412,-0.2027,-0.8884,0,-0.5659,0.821,0.0752,0,0.7141,0.5337,-0.453,0,-18.9078,0.2142,-1.4594,1],"rest":[0.9975,-0.0118,0.0692,0,0.0117,0.9999,0.0005,0,-0.0692,0.0003,0.9976,0,-18.9078,0.2142,-1.4594,1],"parentBoneIndex":32,"length":18.4625
,"animation":{"dataType":3,"framePerSecond":24,"keys":[
{"frame":1,"values":[-0.412,-0.2027,-0.8884,0,-0.5659,0.821,0.0752,0,0.7141,0.5337,-0.453,0,-18.9078,0.2142,-1.4594,1]},
{"frame":2,"values":[-0.3675,-0.199,-0.9085,0,-0.5579,0.8288,0.0441,0,0.7441,0.523,-0.4156,0,-18.9078,0.2142,-1.4594,1]},
{"frame":3,"values":[-0.3529,-0.1954,-0.9151,0,-0.5032,0.8641,0.0096,0,0.7888,0.4639,-0.4032,0,-18.9078,0.2142,-1.4594,1]},
{"frame":4,"values":[-0.3408,-0.2082,-0.9168,0,-0.5038,0.8638,-0.0088,0,0.7938,0.4588,-0.3993,0,-18.9078,0.2142,-1.4594,1]},
{"frame":5,"values":[-0.3209,-0.2277,-0.9194,0,-0.5231,0.8518,-0.0284,0,0.7896,0.4718,-0.3924,0,-18.9078,0.2142,-1.4594,1]},
{"frame":6,"values":[-0.3489,-0.2342,-0.9074,0,-0.5331,0.8459,-0.0133,0,0.7707,0.4791,-0.42,0,-18.9078,0.2142,-1.4594,1]},
{"frame":7,"values":[-0.3795,-0.2359,-0.8946,0,-0.537,0.8436,0.0053,0,0.7534,0.4824,-0.4468,0,-18.9078,0.2142,-1.4594,1]},
{"frame":8,"values":[-0.4003,-0.2288,-0.8873,0,-0.5704,0.8201,0.0459,0,0.7172,0.5245,-0.4588,0,-18.9078,0.2142,-1.4594,1]},
{"frame":9,"values":[-0.4394,-0.2307,-0.8682,0,-0.5641,0.823,0.0668,0,0.6991,0.5191,-0.4918,0,-18.9078,0.2142,-1.4594,1]},
{"frame":10,"values":[-0.4393,-0.2216,-0.8706,0,-0.5878,0.8038,0.092,0,0.6794,0.5521,-0.4834,0,-18.9078,0.2142,-1.4594,1]},
{"frame":11,"values":[-0.4294,-0.2145,-0.8773,0,-0.5948,0.7981,0.096,0,0.6796,0.563,-0.4703,0,-18.9078,0.2142,-1.4594,1]},
{"frame":12,"values":[-0.4314,-0.2087,-0.8777,0,-0.5718,0.8157,0.0871,0,0.6978,0.5395,-0.4712,0,-18.9078,0.2142,-1.4594,1]},
{"frame":13,"values":[-0.412,-0.2027,-0.8884,0,-0.5659,0.821,0.0751,0,0.7141,0.5337,-0.4529,0,-18.9078,0.2142,-1.4594,1]}],"loopBehavior":1,"name":"anim","property":"_matrix"}},
{"name":"RightHand","index":34,"matrix":[0.9577,-0.2826,-0.0541,0,0.2681,0.9447,-0.1889,0,0.1045,0.1665,0.9805,0,-18.4619,-0.0085,-0.144,1],"rest":[0.9813,0.1865,0.0476,0,-0.177,0.9715,-0.1575,0,-0.0756,0.1461,0.9864,0,-18.4619,-0.0085,-0.144,1],"parentBoneIndex":33,"length":6.6358
,"animation":{"dataType":3,"framePerSecond":24,"keys":[
{"frame":1,"values":[0.9577,-0.2826,-0.0541,0,0.2681,0.9447,-0.1889,0,0.1045,0.1665,0.9805,0,-18.4619,-0.0085,-0.144,1]},
{"frame":2,"values":[0.973,-0.2137,-0.0877,0,0.1873,0.952,-0.2422,0,0.1352,0.2192,0.9663,0,-18.4619,-0.0085,-0.144,1]},
{"frame":3,"values":[0.969,-0.2152,-0.1215,0,0.1657,0.9304,-0.3269,0,0.1834,0.2966,0.9372,0,-18.4619,-0.0085,-0.144,1]},
{"frame":4,"values":[0.9826,-0.147,-0.1137,0,0.1075,0.9486,-0.2977,0,0.1516,0.2803,0.9479,0,-18.4619,-0.0085,-0.144,1]},
{"frame":5,"values":[0.9922,-0.0744,-0.0995,0,0.0494,0.9711,-0.2337,0,0.114,0.2269,0.9672,0,-18.4619,-0.0085,-0.144,1]},
{"frame":6,"values":[0.9956,-0.0745,-0.0576,0,0.0615,0.9776,-0.2014,0,0.0713,0.1969,0.9778,0,-18.4619,-0.0085,-0.144,1]},
{"frame":7,"values":[0.9894,-0.1341,-0.0557,0,0.123,0.9777,-0.17,0,0.0773,0.1614,0.9839,0,-18.4619,-0.0085,-0.144,1]},
{"frame":8,"values":[0.9686,-0.2148,-0.1249,0,0.1996,0.9721,-0.1235,0,0.148,0.0947,0.9844,0,-18.4619,-0.0085,-0.144,1]},
{"frame":9,"values":[0.9383,-0.3157,-0.141,0,0.2977,0.945,-0.1351,0,0.1759,0.0848,0.9807,0,-18.4619,-0.0085,-0.144,1]},
{"frame":10,"values":[0.91,-0.383,-0.1589,0,0.3651,0.9218,-0.1304,0,0.1964,0.0607,0.9786,0,-18.4619,-0.0085,-0.144,1]},
{"frame":11,"values":[0.8963,-0.4254,-0.1252,0,0.4095,0.9024,-0.1343,0,0.1701,0.0691,0.983,0,-18.4619,-0.0085,-0.144,1]},
{"frame":12,"values":[0.9192,-0.389,-0.0607,0,0.3758,0.9129,-0.1593,0,0.1173,0.1237,0.9854,0,-18.4619,-0.0085,-0.144,1]},
{"frame":13,"values":[0.9575,-0.2833,-0.0545,0,0.2686,0.9444,-0.1896,0,0.1052,0.1669,0.9803,0,-18.4619,-0.0085,-0.144,1]}],"loopBehavior":1,"name":"anim","property":"_matrix"}},
{"name":"RightHandThumb1","index":35,"matrix":[0.9703,-0.2239,0.0915,0,0.2012,0.957,0.209,0,-0.1344,-0.1844,0.9736,0,-3.0374,-1.2064,1.3591,1],"rest":[0.9957,-0.0848,0.0384,0,0.0859,0.996,-0.0262,0,-0.036,0.0294,0.9989,0,-3.0374,-1.2064,1.3591,1],"parentBoneIndex":34,"length":2.8316
,"animation":{"dataType":3,"framePerSecond":24,"keys":[
{"frame":1,"values":[0.9703,-0.2239,0.0915,0,0.2012,0.957,0.209,0,-0.1344,-0.1844,0.9736,0,-3.0374,-1.2064,1.3591,1]},
{"frame":13,"values":[0.9703,-0.2239,0.0915,0,0.2012,0.957,0.209,0,-0.1344,-0.1844,0.9736,0,-3.0374,-1.2064,1.3591,1]}],"loopBehavior":1,"name":"anim","property":"_matrix"}},
{"name":"RightHandThumb2","index":36,"matrix":[0.9291,-0.1519,0.3371,0,0.1225,0.9867,0.107,0,-0.3489,-0.0581,0.9354,0,-2.1933,-1.2663,1.2664,1],"rest":[1,0,0,0,0,1,0,0,0,0,1,0,-2.1933,-1.2663,1.2664,1],"parentBoneIndex":35,"length":2.9175
,"animation":{"dataType":3,"framePerSecond":24,"keys":[
{"frame":1,"values":[0.9291,-0.1519,0.3371,0,0.1225,0.9867,0.107,0,-0.3489,-0.0581,0.9354,0,-2.1933,-1.2663,1.2664,1]},
{"frame":13,"values":[0.9291,-0.1519,0.3371,0,0.1225,0.9867,0.107,0,-0.3489,-0.0581,0.9354,0,-2.1933,-1.2663,1.2664,1]}],"loopBehavior":1,"name":"anim","property":"_matrix"}},
{"name":"RightHandThumb3","index":37,"matrix":[0.8613,-0.3465,0.3716,0,0.3701,0.9289,0.0084,0,-0.3481,0.1303,0.9284,0,-2.2599,-1.3048,1.3047,1],"rest":[1,0,0,0,0,1,0,0,0,0,1,0,-2.2599,-1.3048,1.3047,1],"parentBoneIndex":36,"length":2.1695
,"animation":{"dataType":3,"framePerSecond":24,"keys":[
{"frame":1,"values":[0.8613,-0.3465,0.3716,0,0.3701,0.9289,0.0084,0,-0.3481,0.1303,0.9284,0,-2.2599,-1.3048,1.3047,1]},
{"frame":13,"values":[0.8613,-0.3465,0.3716,0,0.3701,0.9289,0.0084,0,-0.3481,0.1303,0.9284,0,-2.2599,-1.3048,1.3047,1]}],"loopBehavior":1,"name":"anim","property":"_matrix"}},
