{"producer":{"name":"Blender","version":"2.90.0","exporter_version":"2.80.1","file":"runbackwards.babylon"},
"autoClear":true,"clearColor":[0.0509,0.0509,0.0509],"gravity":[0,-9.81,0],
"materials":[{"name":"Material","id":"Material","customType":"BABYLON.PBRMaterial","backFaceCulling":true,"checkReadyOnlyOnce":false,"maxSimultaneousLights":4,"environmentIntensity":1,"albedo":[0.8,0.8,0.8],"reflectivity":[0.5,0.5,0.5],"roughness":0.4,"alpha":1,"transparencyMode":0,"alphaCutOff":0.4,"metallic":0}],
"multiMaterials":[],
"skeletons":[{"name":"Armature","id":0,"dimensionsAtRest":[128.1663,151.4482,19.1351],"bones":[
{"name":"Hips","index":0,"matrix":[0.9972,0.0369,-0.0646,0,-0.0391,0.9987,-0.0341,0,-0.0633,-0.0365,-0.9973,0,-0.0978,72.5853,-1.0206,1],"rest":[1,0,0,0,0,1,0,0,0,0,-1,0,0,81.0629,0,1],"parentBoneIndex":-1,"length":7.701
,"animation":{"dataType":3,"framePerSecond":24,"keys":[
{"frame":1,"values":[0.9972,0.0369,-0.0646,0,-0.0391,0.9987,-0.0341,0,-0.0633,-0.0365,-0.9973,0,-0.0978,72.5853,-1.0206,1]},
{"frame":2,"values":[0.9938,0.0654,-0.0901,0,-0.064,0.9978,0.018,0,-0.0911,0.0122,-0.9958,0,-0.3829,72.7126,-2.0536,1]},
{"frame":3,"values":[0.993,0.0853,-0.0816,0,-0.0814,0.9954,0.0502,0,-0.0855,0.0432,-0.9954,0,-0.1277,74.0388,-3.3845,1]},
{"frame":4,"values":[0.9912,0.1088,-0.0755,0,-0.1058,0.9935,0.0423,0,-0.0796,0.034,-0.9962,0,0.4369,75.7649,-4.104,1]},
{"frame":5,"values":[0.9843,0.1267,-0.1227,0,-0.1272,0.9919,0.0039,0,-0.1222,-0.0118,-0.9924,0,0.998,76.7224,-3.8371,1]},
{"frame":6,"values":[0.9722,0.1186,-0.2019,0,-0.128,0.9912,-0.0339,0,-0.1961,-0.0588,-0.9788,0,1.4521,76.2013,-3.1376,1]},
{"frame":7,"values":[0.966,0.0965,-0.2399,0,-0.1113,0.9926,-0.049,0,-0.2334,-0.074,-0.9696,0,1.835,74.6356,-2.3413,1]},
{"frame":8,"values":[0.9697,0.0882,-0.2278,0,-0.1003,0.9941,-0.0422,0,-0.2227,-0.0638,-0.9728,0,2.1314,73.1474,-1.912,1]},
{"frame":9,"values":[0.9721,0.0915,-0.2162,0,-0.0984,0.9949,-0.0215,0,-0.2131,-0.0422,-0.9761,0,2.2085,72.7485,-2.1489,1]},
{"frame":10,"values":[0.9713,0.0816,-0.2234,0,-0.0849,0.9964,-0.0053,0,-0.2221,-0.0241,-0.9747,0,1.9866,73.6444,-2.6418,1]},
{"frame":11,"values":[0.9779,0.0532,-0.2024,0,-0.0577,0.9982,-0.0164,0,-0.2011,-0.0277,-0.9792,0,1.5923,74.9849,-2.8181,1]},
{"frame":12,"values":[0.9917,0.0335,-0.1241,0,-0.0403,0.9978,-0.0528,0,-0.1221,-0.0574,-0.9909,0,1.1588,75.4206,-2.5309,1]},
{"frame":13,"values":[0.9985,0.0362,-0.0416,0,-0.0395,0.996,-0.0805,0,-0.0385,-0.082,-0.9959,0,0.7218,74.4708,-2.0043,1]},
{"frame":14,"values":[0.9989,0.0424,-0.0223,0,-0.0439,0.9965,-0.0715,0,-0.0192,-0.0724,-0.9972,0,0.2913,73.1283,-1.3323,1]},
{"frame":15,"values":[0.9972,0.0369,-0.0646,0,-0.0391,0.9987,-0.0341,0,-0.0633,-0.0365,-0.9973,0,-0.0978,72.5853,-1.0206,1]}],"loopBehavior":1,"name":"anim","property":"_matrix"}},
{"name":"Spine","index":1,"matrix":[0.9996,0.0014,-0.027,0,0.001,0.996,0.0893,0,0.027,-0.0893,0.9956,0,0.009,7.0626,-0.9847,1],"rest":[1,0,0,0,0,1,0,0,0,0,1,0,0.009,7.0626,-0.9847,1],"parentBoneIndex":0,"length":8.3194
,"animation":{"dataType":3,"framePerSecond":24,"keys":[
{"frame":1,"values":[0.9996,0.0014,-0.027,0,0.001,0.996,0.0893,0,0.027,-0.0893,0.9956,0,0.009,7.0626,-0.9847,1]},
{"frame":2,"values":[0.9991,-0.0387,0.0168,0,0.0369,0.9945,0.0985,0,-0.0206,-0.0978,0.995,0,0.009,7.0626,-0.9847,1]},
{"frame":3,"values":[0.9938,-0.0566,0.0958,0,0.0476,0.9944,0.0944,0,-0.1006,-0.0893,0.9909,0,0.009,7.0626,-0.9847,1]},
{"frame":4,"values":[0.9831,-0.0696,0.1693,0,0.0567,0.9952,0.0798,0,-0.1741,-0.0689,0.9823,0,0.009,7.0626,-0.9847,1]},
{"frame":5,"values":[0.9806,-0.0767,0.1806,0,0.0656,0.9956,0.0663,0,-0.1849,-0.0531,0.9813,0,0.009,7.0626,-0.9847,1]},
{"frame":6,"values":[0.989,-0.0684,0.1311,0,0.0607,0.9962,0.0622,0,-0.1349,-0.0535,0.9894,0,0.009,7.0626,-0.9847,1]},
{"frame":7,"values":[0.996,-0.0505,0.0736,0,0.0457,0.9968,0.0649,0,-0.0767,-0.0613,0.9952,0,0.009,7.0626,-0.9847,1]},
{"frame":8,"values":[0.9987,-0.043,0.0257,0,0.0412,0.9969,0.0677,0,-0.0286,-0.0665,0.9974,0,0.009,7.0626,-0.9847,1]},
{"frame":9,"values":[0.998,-0.0434,-0.0453,0,0.0466,0.9965,0.0701,0,0.0421,-0.0721,0.9965,0,0.009,7.0626,-0.9847,1]},
{"frame":10,"values":[0.9896,-0.0273,-0.1414,0,0.038,0.9966,0.0737,0,0.1389,-0.0783,0.9872,0,0.009,7.0626,-0.9847,1]},
{"frame":11,"values":[0.9779,0.0035,-0.2088,0,0.0117,0.9974,0.0718,0,0.2085,-0.0726,0.9753,0,0.009,7.0626,-0.9847,1]},
{"frame":12,"values":[0.9785,0.0198,-0.2055,0,-0.0074,0.9981,0.0609,0,0.2063,-0.0581,0.9768,0,0.009,7.0626,-0.9847,1]},
{"frame":13,"values":[0.9888,0.0179,-0.1485,0,-0.0099,0.9985,0.0547,0,0.1492,-0.0526,0.9874,0,0.009,7.0626,-0.9847,1]},
{"frame":14,"values":[0.9966,0.0087,-0.0814,0,-0.0033,0.9978,0.0662,0,0.0818,-0.0657,0.9945,0,0.009,7.0626,-0.9847,1]},
{"frame":15,"values":[0.9996,0.0014,-0.027,0,0.001,0.996,0.0893,0,0.027,-0.0893,0.9956,0,0.009,7.0626,-0.9847,1]}],"loopBehavior":1,"name":"anim","property":"_matrix"}},
{"name":"Spine1","index":2,"matrix":[1,-0.001,-0.0089,0,0.0015,0.9985,0.0545,0,0.0089,-0.0545,0.9985,0,0.0124,8.2397,-1.1488,1],"rest":[1,0,0,0,0,1,0,0,0,0,1,0,0.0124,8.2397,-1.1488,1],"parentBoneIndex":1,"length":9.5079
,"animation":{"dataType":3,"framePerSecond":24,"keys":[
{"frame":1,"values":[1,-0.001,-0.0089,0,0.0015,0.9985,0.0545,0,0.0089,-0.0545,0.9985,0,0.0124,8.2397,-1.1488,1]},
{"frame":2,"values":[1,-0.0044,0.0057,0,0.004,0.9984,0.0573,0,-0.0059,-0.0572,0.9983,0,0.0124,8.2397,-1.1488,1]},
{"frame":3,"values":[0.9995,-0.0032,0.031,0,0.0015,0.9986,0.0532,0,-0.0311,-0.0531,0.9981,0,0.0124,8.2397,-1.1488,1]},
{"frame":4,"values":[0.9987,-0.0021,0.0509,0,-0.0003,0.9989,0.046,0,-0.051,-0.046,0.9976,0,0.0124,8.2397,-1.1488,1]},
{"frame":5,"values":[0.9987,-0.0034,0.0499,0,0.0015,0.9992,0.0388,0,-0.05,-0.0387,0.998,0,0.0124,8.2397,-1.1488,1]},
{"frame":6,"values":[0.9994,-0.0048,0.0344,0,0.0036,0.9994,0.0354,0,-0.0346,-0.0353,0.9988,0,0.0124,8.2397,-1.1488,1]},
{"frame":7,"values":[0.9998,-0.004,0.0215,0,0.0032,0.9993,0.0385,0,-0.0216,-0.0384,0.999,0,0.0124,8.2397,-1.1488,1]},
{"frame":8,"values":[0.9999,-0.0034,0.0109,0,0.0029,0.999,0.0443,0,-0.0111,-0.0443,0.999,0,0.0124,8.2397,-1.1488,1]},
{"frame":9,"values":[0.9999,-0.0052,-0.0113,0,0.0058,0.9988,0.0486,0,0.011,-0.0487,0.9988,0,0.0124,8.2397,-1.1488,1]},
{"frame":10,"values":[0.9991,-0.0056,-0.0431,0,0.0078,0.9987,0.0511,0,0.0428,-0.0514,0.9978,0,0.0124,8.2397,-1.1488,1]},
{"frame":11,"values":[0.998,-0.0016,-0.0639,0,0.0048,0.9988,0.0488,0,0.0638,-0.049,0.9968,0,0.0124,8.2397,-1.1488,1]},
{"frame":12,"values":[0.9981,0.0022,-0.0612,0,0.0003,0.9992,0.0411,0,0.0613,-0.0411,0.9973,0,0.0124,8.2397,-1.1488,1]},
{"frame":13,"values":[0.999,0.0022,-0.0439,0,-0.0006,0.9993,0.0373,0,0.044,-0.0372,0.9983,0,0.0124,8.2397,-1.1488,1]},
{"frame":14,"values":[0.9997,0.0001,-0.0255,0,0.0011,0.999,0.0439,0,0.0254,-0.0439,0.9987,0,0.0124,8.2397,-1.1488,1]},
{"frame":15,"values":[1,-0.001,-0.0089,0,0.0015,0.9985,0.0545,0,0.0089,-0.0545,0.9985,0,0.0124,8.2397,-1.1488,1]}],"loopBehavior":1,"name":"anim","property":"_matrix"}},
{"name":"Spine2","index":3,"matrix":[1,-0.0008,-0.0087,0,0.0012,0.9985,0.0545,0,0.0087,-0.0545,0.9985,0,0.0142,9.4168,-1.313,1],"rest":[1,0,0,0,0,1,0,0,0,0,1,0,0.0142,9.4168,-1.313,1],"parentBoneIndex":2,"length":9.9132
,"animation":{"dataType":3,"framePerSecond":24,"keys":[
{"frame":1,"values":[1,-0.0008,-0.0087,0,0.0012,0.9985,0.0545,0,0.0087,-0.0545,0.9985,0,0.0142,9.4168,-1.313,1]},
{"frame":2,"values":[1,-0.0044,0.006,0,0.0041,0.9984,0.0572,0,-0.0062,-0.0572,0.9983,0,0.0142,9.4168,-1.313,1]},
{"frame":3,"values":[0.9995,-0.0038,0.0311,0,0.0021,0.9986,0.0532,0,-0.0312,-0.0531,0.9981,0,0.0142,9.4168,-1.313,1]},
{"frame":4,"values":[0.9987,-0.0031,0.0508,0,0.0007,0.9989,0.0461,0,-0.0509,-0.046,0.9976,0,0.0142,9.4168,-1.313,1]},
{"frame":5,"values":[0.9987,-0.0043,0.0498,0,0.0024,0.9992,0.0389,0,-0.05,-0.0387,0.998,0,0.0142,9.4168,-1.313,1]},
{"frame":6,"values":[0.9994,-0.0053,0.0345,0,0.0041,0.9994,0.0353,0,-0.0347,-0.0352,0.9988,0,0.0142,9.4168,-1.313,1]},
{"frame":7,"values":[0.9998,-0.0043,0.0217,0,0.0035,0.9993,0.0382,0,-0.0219,-0.0382,0.999,0,0.0142,9.4168,-1.313,1]},
{"frame":8,"values":[0.9999,-0.0036,0.0114,0,0.0031,0.999,0.0441,0,-0.0116,-0.0441,0.999,0,0.0142,9.4168,-1.313,1]},
{"frame":9,"values":[0.9999,-0.0048,-0.0106,0,0.0053,0.9988,0.0489,0,0.0103,-0.0489,0.9987,0,0.0142,9.4168,-1.313,1]},
{"frame":10,"values":[0.9991,-0.0041,-0.0422,0,0.0063,0.9986,0.0519,0,0.0419,-0.0521,0.9978,0,0.0142,9.4168,-1.313,1]},
{"frame":11,"values":[0.998,0.0004,-0.063,0,0.0028,0.9988,0.0498,0,0.0629,-0.0498,0.9968,0,0.0142,9.4168,-1.313,1]},
{"frame":12,"values":[0.9981,0.0038,-0.0607,0,-0.0013,0.9991,0.0418,0,0.0608,-0.0416,0.9973,0,0.0142,9.4168,-1.313,1]},
{"frame":13,"values":[0.999,0.0032,-0.0437,0,-0.0016,0.9993,0.0375,0,0.0438,-0.0374,0.9983,0,0.0142,9.4168,-1.313,1]},
{"frame":14,"values":[0.9997,0.0007,-0.0253,0,0.0004,0.999,0.0439,0,0.0253,-0.0439,0.9987,0,0.0142,9.4168,-1.313,1]},
{"frame":15,"values":[1,-0.0008,-0.0087,0,0.0012,0.9985,0.0545,0,0.0087,-0.0545,0.9985,0,0.0142,9.4168,-1.313,1]}],"loopBehavior":1,"name":"anim","property":"_matrix"}},
{"name":"Neck","index":4,"matrix":[0.9997,-0.0129,-0.0206,0,0.0112,0.9967,-0.08,0,0.0216,0.0797,0.9966,0,0.016,10.5938,-1.4771,1],"rest":[1,0,0,0,0,1,0,0,0,0,1,0,0.016,10.5938,-1.4771,1],"parentBoneIndex":3,"length":5.1073
,"animation":{"dataType":3,"framePerSecond":24,"keys":[
{"frame":1,"values":[0.9997,-0.0129,-0.0206,0,0.0112,0.9967,-0.08,0,0.0216,0.0797,0.9966,0,0.016,10.5938,-1.4771,1]},
{"frame":2,"values":[0.9995,-0.0128,-0.0301,0,0.0107,0.9975,-0.0695,0,0.0309,0.0692,0.9971,0,0.016,10.5938,-1.4771,1]},
{"frame":3,"values":[0.999,-0.0154,-0.0413,0,0.0132,0.9985,-0.0536,0,0.042,0.053,0.9977,0,0.016,10.5938,-1.4771,1]},
{"frame":4,"values":[0.9985,-0.0204,-0.0512,0,0.0182,0.9989,-0.0427,0,0.052,0.0417,0.9978,0,0.016,10.5938,-1.4771,1]},
{"frame":5,"values":[0.9981,-0.0252,-0.0563,0,0.0228,0.9988,-0.0434,0,0.0574,0.042,0.9975,0,0.016,10.5938,-1.4771,1]},
{"frame":6,"values":[0.9982,-0.0245,-0.0553,0,0.0216,0.9984,-0.0527,0,0.0565,0.0514,0.9971,0,0.016,10.5938,-1.4771,1]},
{"frame":7,"values":[0.9987,-0.0144,-0.049,0,0.0112,0.9979,-0.0638,0,0.0499,0.0631,0.9968,0,0.016,10.5938,-1.4771,1]},
{"frame":8,"values":[0.9992,-0.0011,-0.0393,0,-0.0018,0.9974,-0.0724,0,0.0393,0.0725,0.9966,0,0.016,10.5938,-1.4771,1]},
{"frame":9,"values":[0.9996,0.0062,-0.0268,0,-0.0082,0.9971,-0.0755,0,0.0262,0.0757,0.9968,0,0.016,10.5938,-1.4771,1]},
{"frame":10,"values":[0.9999,0.0084,-0.0124,0,-0.0093,0.9973,-0.0725,0,0.0118,0.0726,0.9973,0,0.016,10.5938,-1.4771,1]},
{"frame":11,"values":[0.9999,0.012,0.0009,0,-0.0119,0.9976,-0.0683,0,-0.0017,0.0682,0.9977,0,0.016,10.5938,-1.4771,1]},
{"frame":12,"values":[0.9999,0.0141,0.0079,0,-0.0135,0.9974,-0.0702,0,-0.0089,0.0701,0.9975,0,0.016,10.5938,-1.4771,1]},
{"frame":13,"values":[1,0.0069,0.0048,0,-0.0065,0.9969,-0.0781,0,-0.0053,0.0781,0.9969,0,0.016,10.5938,-1.4771,1]},
{"frame":14,"values":[1,-0.006,-0.0065,0,0.0054,0.9965,-0.0833,0,0.0069,0.0833,0.9965,0,0.016,10.5938,-1.4771,1]},
{"frame":15,"values":[0.9997,-0.0129,-0.0206,0,0.0112,0.9967,-0.08,0,0.0216,0.0797,0.9966,0,0.016,10.5938,-1.4771,1]}],"loopBehavior":1,"name":"anim","property":"_matrix"}},
{"name":"Head","index":5,"matrix":[0.9994,-0.033,0.007,0,0.0336,0.9914,-0.1267,0,-0.0028,0.1268,0.9919,0,0,5.0564,0.7196,1],"rest":[1,0,0,0,0,1,0,0,0,0,1,0,0,5.0564,0.7196,1],"parentBoneIndex":4,"length":15.2963
,"animation":{"dataType":3,"framePerSecond":24,"keys":[
{"frame":1,"values":[0.9994,-0.033,0.007,0,0.0336,0.9914,-0.1267,0,-0.0028,0.1268,0.9919,0,0,5.0564,0.7196,1]},
{"frame":2,"values":[0.9967,-0.0367,-0.0722,0,0.0294,0.9945,-0.1006,0,0.0755,0.0981,0.9923,0,0,5.0564,0.7196,1]},
{"frame":3,"values":[0.9846,-0.0633,-0.1632,0,0.0517,0.9959,-0.0744,0,0.1672,0.0648,0.9838,0,0,5.0564,0.7196,1]},
{"frame":4,"values":[0.9674,-0.0852,-0.2383,0,0.0711,0.9952,-0.067,0,0.2429,0.0479,0.9689,0,0,5.0564,0.7196,1]},
{"frame":5,"values":[0.957,-0.0873,-0.2767,0,0.0675,0.9945,-0.0805,0,0.2822,0.0584,0.9576,0,0,5.0564,0.7196,1]},
{"frame":6,"values":[0.9564,-0.0823,-0.2802,0,0.056,0.9933,-0.1007,0,0.2866,0.0806,0.9547,0,0,5.0564,0.7196,1]},
{"frame":7,"values":[0.9635,-0.0823,-0.2548,0,0.0521,0.991,-0.123,0,0.2626,0.1052,0.9591,0,0,5.0564,0.7196,1]},
{"frame":8,"values":[0.9773,-0.0758,-0.198,0,0.0461,0.9875,-0.1506,0,0.207,0.138,0.9686,0,0,5.0564,0.7196,1]},
{"frame":9,"values":[0.9933,-0.049,-0.1049,0,0.031,0.9855,-0.167,0,0.1116,0.1626,0.9804,0,0,5.0564,0.7196,1]},
{"frame":10,"values":[0.9998,-0.0176,0.0074,0,0.0186,0.9877,-0.155,0,-0.0046,0.1551,0.9879,0,0,5.0564,0.7196,1]},
{"frame":11,"values":[0.994,-0.0026,0.1091,0,0.0165,0.9918,-0.1267,0,-0.1079,0.1277,0.9859,0,0,5.0564,0.7196,1]},
{"frame":12,"values":[0.9853,-0.0026,0.171,0,0.0216,0.9937,-0.1096,0,-0.1696,0.1117,0.9792,0,0,5.0564,0.7196,1]},
{"frame":13,"values":[0.9844,-0.009,0.1755,0,0.0289,0.9934,-0.1113,0,-0.1733,0.1146,0.9782,0,0,5.0564,0.7196,1]},
{"frame":14,"values":[0.9931,-0.0195,0.1158,0,0.0336,0.9921,-0.1212,0,-0.1125,0.1242,0.9859,0,0,5.0564,0.7196,1]},
{"frame":15,"values":[0.9994,-0.033,0.007,0,0.0336,0.9914,-0.1267,0,-0.0028,0.1268,0.9919,0,0,5.0564,0.7196,1]}],"loopBehavior":1,"name":"anim","property":"_matrix"}},
{"name":"HeadTop_End","index":6,"matrix":[1,0,0,0,0,1,0,0,0,0,1,0,0,15.1437,2.155,1],"rest":[1,0,0,0,0,1,0,0,0,0,1,0,0,15.1437,2.155,1],"parentBoneIndex":5,"length":15.2963
,"animation":{"dataType":3,"framePerSecond":24,"keys":[
{"frame":1,"values":[1,0,0,0,0,1,0,0,0,0,1,0,0,15.1437,2.155,1]},
{"frame":15,"values":[1,0,0,0,0,1,0,0,0,0,1,0,0,15.1437,2.155,1]}],"loopBehavior":1,"name":"anim","property":"_matrix"}},
{"name":"LeftShoulder","index":7,"matrix":[0.9911,-0.1317,-0.0206,0,0.1319,0.9912,0.0061,0,0.0196,-0.0087,0.9998,0,3.5285,8.7304,-1.4561,1],"rest":[1,-0.0017,0,0,0.0017,1,0,0,0,0,1,0,3.5285,8.7304,-1.4561,1],"parentBoneIndex":3,"length":7.9526
,"animation":{"dataType":3,"framePerSecond":24,"keys":[
{"frame":1,"values":[0.9911,-0.1317,-0.0206,0,0.1319,0.9912,0.0061,0,0.0196,-0.0087,0.9998,0,3.5285,8.7304,-1.4561,1]},
{"frame":2,"values":[0.9919,-0.1272,0.0069,0,0.1271,0.9918,0.01,0,-0.0081,-0.0091,0.9999,0,3.5285,8.7304,-1.4561,1]},
{"frame":3,"values":[0.9924,-0.1184,0.0345,0,0.1179,0.9929,0.0137,0,-0.0359,-0.0095,0.9993,0,3.5285,8.7304,-1.4561,1]},
{"frame":4,"values":[0.9928,-0.1127,0.0397,0,0.1123,0.9936,0.0142,0,-0.041,-0.0096,0.9991,0,3.5285,8.7304,-1.4561,1]},
{"frame":5,"values":[0.9921,-0.1242,0.0199,0,0.124,0.9922,0.0118,0,-0.0212,-0.0092,0.9997,0,3.5285,8.7304,-1.4561,1]},
{"frame":6,"values":[0.988,-0.1543,-0.0014,0,0.1543,0.988,0.0098,0,-0.0001,-0.0099,1,0,3.5285,8.7304,-1.4561,1]},
{"frame":7,"values":[0.983,-0.183,-0.0134,0,0.1831,0.9831,0.0086,0,0.0116,-0.0109,0.9999,0,3.5285,8.7304,-1.4561,1]},
{"frame":8,"values":[0.9817,-0.1881,-0.0303,0,0.1883,0.9821,0.0056,0,0.0287,-0.0112,0.9995,0,3.5285,8.7304,-1.4561,1]},
{"frame":9,"values":[0.9859,-0.1583,-0.0548,0,0.1586,0.9873,0.0011,0,0.0539,-0.0098,0.9985,0,3.5285,8.7304,-1.4561,1]},
{"frame":10,"values":[0.9921,-0.1038,-0.0698,0,0.104,0.9946,-0.0014,0,0.0696,-0.0059,0.9976,0,3.5285,8.7304,-1.4561,1]},
{"frame":11,"values":[0.9962,-0.0534,-0.0684,0,0.0535,0.9986,-0.0011,0,0.0683,-0.0025,0.9977,0,3.5285,8.7304,-1.4561,1]},
{"frame":12,"values":[0.9975,-0.0433,-0.0555,0,0.0434,0.9991,0.0005,0,0.0555,-0.0029,0.9985,0,3.5285,8.7304,-1.4561,1]},
{"frame":13,"values":[0.9964,-0.0759,-0.0368,0,0.0761,0.9971,0.003,0,0.0364,-0.0058,0.9993,0,3.5285,8.7304,-1.4561,1]},
{"frame":14,"values":[0.9931,-0.1149,-0.0228,0,0.1151,0.9933,0.0054,0,0.022,-0.0079,0.9997,0,3.5285,8.7304,-1.4561,1]},
{"frame":15,"values":[0.9911,-0.1317,-0.0206,0,0.1319,0.9912,0.0061,0,0.0196,-0.0087,0.9998,0,3.5285,8.7304,-1.4561,1]}],"loopBehavior":1,"name":"anim","property":"_matrix"}},
{"name":"LeftArm","index":8,"matrix":[0.6032,-0.7973,-0.0241,0,0.7058,0.5194,0.4818,0,-0.3716,-0.3076,0.876,0,7.6132,-2.2982,0.0421,1],"rest":[0.9965,-0.0092,0.0835,0,0.0092,1,0.0007,0,-0.0835,0.0001,0.9965,0,7.6132,-2.2982,0.0421,1],"parentBoneIndex":7,"length":18.9821
,"animation":{"dataType":3,"framePerSecond":24,"keys":[
{"frame":1,"values":[0.6032,-0.7973,-0.0241,0,0.7058,0.5194,0.4818,0,-0.3716,-0.3076,0.876,0,7.6132,-2.2982,0.0421,1]},
{"frame":2,"values":[0.6052,-0.7425,0.2872,0,0.6346,0.6678,0.3891,0,-0.4807,-0.0532,0.8753,0,7.6132,-2.2982,0.0421,1]},
{"frame":3,"values":[0.6356,-0.5884,0.4999,0,0.5689,0.7946,0.212,0,-0.522,0.1496,0.8397,0,7.6132,-2.2982,0.0421,1]},
{"frame":4,"values":[0.7158,-0.3827,0.5841,0,0.4849,0.8743,-0.0215,0,-0.5025,0.2987,0.8114,0,7.6132,-2.2982,0.0421,1]},
{"frame":5,"values":[0.7778,-0.2769,0.5642,0,0.4385,0.8822,-0.1715,0,-0.4503,0.3808,0.8076,0,7.6132,-2.2982,0.0421,1]},
{"frame":6,"values":[0.7897,-0.3769,0.484,0,0.4926,0.8599,-0.1342,0,-0.3656,0.3444,0.8647,0,7.6132,-2.2982,0.0421,1]},
{"frame":7,"values":[0.7421,-0.6019,0.2951,0,0.6128,0.7875,0.0651,0,-0.2716,0.1325,0.9532,0,7.6132,-2.2982,0.0421,1]},
{"frame":8,"values":[0.6463,-0.7629,0.0172,0,0.7276,0.6228,0.2875,0,-0.2301,-0.1733,0.9576,0,7.6132,-2.2982,0.0421,1]},
{"frame":9,"values":[0.5651,-0.7809,-0.2662,0,0.7879,0.4152,0.4548,0,-0.2447,-0.4668,0.8499,0,7.6132,-2.2982,0.0421,1]},
{"frame":10,"values":[0.5219,-0.679,-0.5164,0,0.8163,0.2219,0.5333,0,-0.2475,-0.6998,0.67,0,7.6132,-2.2982,0.0421,1]},
{"frame":11,"values":[0.5184,-0.5375,-0.6651,0,0.8363,0.1563,0.5256,0,-0.1786,-0.8286,0.5305,0,7.6132,-2.2982,0.0421,1]},
{"frame":12,"values":[0.5382,-0.4728,-0.6977,0,0.8395,0.2274,0.4935,0,-0.0747,-0.8513,0.5193,0,7.6132,-2.2982,0.0421,1]},
{"frame":13,"values":[0.5774,-0.5439,-0.6089,0,0.8151,0.3405,0.4687,0,-0.0476,-0.767,0.6399,0,7.6132,-2.2982,0.0421,1]},
{"frame":14,"values":[0.6228,-0.6909,-0.3671,0,0.7653,0.4408,0.469,0,-0.1622,-0.573,0.8033,0,7.6132,-2.2982,0.0421,1]},
{"frame":15,"values":[0.6032,-0.7973,-0.0241,0,0.7058,0.5194,0.4818,0,-0.3716,-0.3076,0.876,0,7.6132,-2.2982,0.0421,1]}],"loopBehavior":1,"name":"anim","property":"_matrix"}},
{"name":"LeftForeArm","index":9,"matrix":[0.2163,0.0021,0.9763,0,-0.0111,0.9999,0.0003,0,-0.9763,-0.0109,0.2164,0,18.9146,0.2055,-1.5856,1],"rest":[0.9964,0.0108,-0.0835,0,-0.0108,0.9999,0.0005,0,0.0835,0.0005,0.9965,0,18.9146,0.2055,-1.5856,1],"parentBoneIndex":8,"length":18.4362
,"animation":{"dataType":3,"framePerSecond":24,"keys":[
{"frame":1,"values":[0.2163,0.0021,0.9763,0,-0.0111,0.9999,0.0003,0,-0.9763,-0.0109,0.2164,0,18.9146,0.2055,-1.5856,1]},
{"frame":2,"values":[0.2101,0.0021,0.9777,0,-0.0111,0.9999,0.0003,0,-0.9776,-0.0109,0.2101,0,18.9146,0.2055,-1.5856,1]},
{"frame":3,"values":[0.1377,0.0013,0.9905,0,-0.0111,0.9999,0.0003,0,-0.9904,-0.011,0.1377,0,18.9146,0.2055,-1.5856,1]},
{"frame":4,"values":[0.0097,-0.0001,1,0,-0.0111,0.9999,0.0002,0,-0.9999,-0.0111,0.0097,0,18.9146,0.2055,-1.5856,1]},
{"frame":5,"values":[-0.0902,-0.0012,0.9959,0,-0.0111,0.9999,0.0002,0,-0.9959,-0.011,-0.0903,0,18.9146,0.2055,-1.5856,1]},
{"frame":6,"values":[-0.0573,-0.0008,0.9984,0,-0.0111,0.9999,0.0002,0,-0.9983,-0.011,-0.0573,0,18.9146,0.2055,-1.5856,1]},
{"frame":7,"values":[0.1273,0.0012,0.9919,0,-0.0111,0.9999,0.0003,0,-0.9918,-0.011,0.1273,0,18.9146,0.2055,-1.5856,1]},
{"frame":8,"values":[0.3283,0.0033,0.9446,0,-0.0111,0.9999,0.0003,0,-0.9445,-0.0105,0.3283,0,18.9146,0.2055,-1.5856,1]},
{"frame":9,"values":[0.3981,0.0041,0.9173,0,-0.0111,0.9999,0.0003,0,-0.9173,-0.0103,0.3981,0,18.9146,0.2055,-1.5856,1]},
{"frame":10,"values":[0.3362,0.0034,0.9418,0,-0.0111,0.9999,0.0003,0,-0.9417,-0.0105,0.3362,0,18.9146,0.2055,-1.5856,1]},
{"frame":11,"values":[0.2109,0.0021,0.9775,0,-0.0111,0.9999,0.0003,0,-0.9775,-0.0109,0.2109,0,18.9146,0.2055,-1.5856,1]},
{"frame":12,"values":[0.1122,0.001,0.9937,0,-0.0111,0.9999,0.0002,0,-0.9936,-0.011,0.1122,0,18.9146,0.2055,-1.5856,1]},
{"frame":13,"values":[0.097,0.0008,0.9953,0,-0.0111,0.9999,0.0002,0,-0.9952,-0.011,0.097,0,18.9146,0.2055,-1.5856,1]},
{"frame":14,"values":[0.1523,0.0014,0.9883,0,-0.0111,0.9999,0.0003,0,-0.9883,-0.011,0.1523,0,18.9146,0.2055,-1.5856,1]},
{"frame":15,"values":[0.2163,0.0021,0.9763,0,-0.0111,0.9999,0.0003,0,-0.9763,-0.0109,0.2164,0,18.9146,0.2055,-1.5856,1]}],"loopBehavior":1,"name":"anim","property":"_matrix"}},
{"name":"LeftHand","index":10,"matrix":[0.6963,0.5244,0.49,0,-0.1326,0.765,-0.6303,0,-0.7054,0.3739,0.6022,0,18.4362,0,0,1],"rest":[0.9824,-0.1864,-0.0127,0,0.1846,0.9789,-0.0878,0,0.0288,0.0839,0.9961,0,18.4362,0,0,1],"parentBoneIndex":9,"length":6.699
,"animation":{"dataType":3,"framePerSecond":24,"keys":[
{"frame":1,"values":[0.6963,0.5244,0.49,0,-0.1326,0.765,-0.6303,0,-0.7054,0.3739,0.6022,0,18.4362,0,0,1]},
{"frame":2,"values":[0.6835,0.4853,0.5453,0,-0.148,0.8237,-0.5474,0,-0.7148,0.2934,0.6348,0,18.4362,0,0,1]},
{"frame":3,"values":[0.6931,0.4527,0.5609,0,-0.1732,0.86,-0.4801,0,-0.6997,0.2356,0.6745,0,18.4362,0,0,1]},
{"frame":4,"values":[0.7203,0.4415,0.535,0,-0.1884,0.8668,-0.4616,0,-0.6675,0.2317,0.7076,0,18.4362,0,0,1]},
{"frame":5,"values":[0.748,0.442,0.4951,0,-0.1871,0.8562,-0.4816,0,-0.6368,0.2676,0.7231,0,18.4362,0,0,1]},
{"frame":6,"values":[0.758,0.4432,0.4785,0,-0.183,0.8487,-0.4961,0,-0.626,0.2885,0.7245,0,18.4362,0,0,1]},
{"frame":7,"values":[0.7541,0.4431,0.4848,0,-0.1844,0.8513,-0.4912,0,-0.6304,0.281,0.7236,0,18.4362,0,0,1]},
{"frame":8,"values":[0.7582,0.4405,0.4807,0,-0.1776,0.849,-0.4977,0,-0.6273,0.292,0.7219,0,18.4362,0,0,1]},
{"frame":9,"values":[0.7716,0.4372,0.462,0,-0.1521,0.8321,-0.5334,0,-0.6176,0.3413,0.7086,0,18.4362,0,0,1]},
{"frame":10,"values":[0.7741,0.4413,0.4538,0,-0.1212,0.807,-0.578,0,-0.6213,0.3925,0.6782,0,18.4362,0,0,1]},
{"frame":11,"values":[0.7698,0.4545,0.4482,0,-0.1003,0.7795,-0.6183,0,-0.6303,0.431,0.6457,0,18.4362,0,0,1]},
{"frame":12,"values":[0.7721,0.4748,0.4223,0,-0.099,0.7464,-0.6581,0,-0.6277,0.4663,0.6233,0,18.4362,0,0,1]},
{"frame":13,"values":[0.7661,0.5014,0.4021,0,-0.11,0.7187,-0.6866,0,-0.6333,0.4817,0.6057,0,18.4362,0,0,1]},
{"frame":14,"values":[0.7363,0.5232,0.4291,0,-0.1192,0.7245,-0.6789,0,-0.6661,0.4487,0.5958,0,18.4362,0,0,1]},
{"frame":15,"values":[0.6963,0.5244,0.49,0,-0.1326,0.765,-0.6303,0,-0.7054,0.3739,0.6022,0,18.4362,0,0,1]}],"loopBehavior":1,"name":"anim","property":"_matrix"}},
{"name":"LeftHandThumb1","index":11,"matrix":[0.9586,0.2843,-0.0184,0,-0.2832,0.9579,0.047,0,0.031,-0.0399,0.9987,0,3.0862,-1.2837,1.4227,1],"rest":[0.9923,0.1154,-0.0442,0,-0.1172,0.9923,-0.0407,0,0.0392,0.0455,0.9982,0,3.0862,-1.2837,1.4227,1],"parentBoneIndex":10,"length":2.9063
,"animation":{"dataType":3,"framePerSecond":24,"keys":[
{"frame":1,"values":[0.9586,0.2843,-0.0184,0,-0.2832,0.9579,0.047,0,0.031,-0.0399,0.9987,0,3.0862,-1.2837,1.4227,1]},
{"frame":15,"values":[0.9586,0.2843,-0.0184,0,-0.2832,0.9579,0.047,0,0.031,-0.0399,0.9987,0,3.0862,-1.2837,1.4227,1]}],"loopBehavior":1,"name":"anim","property":"_matrix"}},
{"name":"LeftHandThumb2","index":12,"matrix":[0.8858,0.1401,-0.4424,0,-0.1245,0.9901,0.0642,0,0.447,-0.0018,0.8945,0,2.2512,-1.2997,1.2997,1],"rest":[1,0,0,0,0,1,0,0,0,0,1,0,2.2512,-1.2997,1.2997,1],"parentBoneIndex":11,"length":2.9053
,"animation":{"dataType":3,"framePerSecond":24,"keys":[
{"frame":1,"values":[0.8858,0.1401,-0.4424,0,-0.1245,0.9901,0.0642,0,0.447,-0.0018,0.8945,0,2.2512,-1.2997,1.2997,1]},
{"frame":15,"values":[0.8858,0.1401,-0.4424,0,-0.1245,0.9901,0.0642,0,0.447,-0.0018,0.8945,0,2.2512,-1.2997,1.2997,1]}],"loopBehavior":1,"name":"anim","property":"_matrix"}},
{"name":"LeftHandThumb3","index":13,"matrix":[0.9621,0.0353,-0.2705,0,-0.0202,0.9981,0.0584,0,0.2721,-0.0507,0.9609,0,2.2504,-1.2993,1.2993,1],"rest":[0.9996,-0.0265,-0.0043,0,0.0265,0.9995,0.0176,0,0.0038,-0.0177,0.9998,0,2.2504,-1.2993,1.2993,1],"parentBoneIndex":12,"length":2.0937
,"animation":{"dataType":3,"framePerSecond":24,"keys":[
{"frame":1,"values":[0.9621,0.0353,-0.2705,0,-0.0202,0.9981,0.0584,0,0.2721,-0.0507,0.9609,0,2.2504,-1.2993,1.2993,1]},
{"frame":15,"values":[0.9621,0.0353,-0.2705,0,-0.0202,0.9981,0.0584,0,0.2721,-0.0507,0.9609,0,2.2504,-1.2993,1.2993,1]}],"loopBehavior":1,"name":"anim","property":"_matrix"}},
{"name":"LeftHandThumb4","index":14,"matrix":[1,0,0,0,0,1,0,0,0,0,1,0,1.642,-0.8764,0.9589,1],"rest":[1,0,0,0,0,1,0,0,0,0,1,0,1.642,-0.8764,0.9589,1],"parentBoneIndex":13,"length":2.0937
,"animation":{"dataType":3,"framePerSecond":24,"keys":[
{"frame":1,"values":[1,0,0,0,0,1,0,0,0,0,1,0,1.642,-0.8764,0.9589,1]},
{"frame":15,"values":[1,0,0,0,0,1,0,0,0,0,1,0,1.642,-0.8764,0.9589,1]}],"loopBehavior":1,"name":"anim","property":"_matrix"}},
{"name":"LeftHandIndex1","index":15,"matrix":[0.9989,-0.0227,0.0407,0,0.0239,0.9993,-0.0283,0,-0.04,0.0293,0.9988,0,7.464,1.013,1.9108,1],"rest":[0.9467,0.3125,0.078,0,-0.3129,0.9497,-0.0071,0,-0.0763,-0.0177,0.9969,0,7.464,1.013,1.9108,1],"parentBoneIndex":10,"length":3.1738
,"animation":{"dataType":3,"framePerSecond":24,"keys":[
{"frame":1,"values":[0.9989,-0.0227,0.0407,0,0.0239,0.9993,-0.0283,0,-0.04,0.0293,0.9988,0,7.464,1.013,1.9108,1]},
{"frame":15,"values":[0.9989,-0.0227,0.0407,0,0.0239,0.9993,-0.0283,0,-0.04,0.0293,0.9988,0,7.464,1.013,1.9108,1]}],"loopBehavior":1,"name":"anim","property":"_matrix"}},
{"name":"LeftHandIndex2","index":16,"matrix":[0.926,-0.3707,-0.0712,0,0.3697,0.9287,-0.027,0,0.0762,-0.0013,0.9971,0,3.142,-0.4199,-0.157,1],"rest":[0.9998,-0.0181,0.007,0,0.0181,0.9998,-0.0018,0,-0.007,0.0019,1,0,3.142,-0.4199,-0.157,1],"parentBoneIndex":15,"length":2.1038
,"animation":{"dataType":3,"framePerSecond":24,"keys":[
{"frame":1,"values":[0.926,-0.3707,-0.0712,0,0.3697,0.9287,-0.027,0,0.0762,-0.0013,0.9971,0,3.142,-0.4199,-0.157,1]},
{"frame":15,"values":[0.926,-0.3707,-0.0712,0,0.3697,0.9287,-0.027,0,0.0762,-0.0013,0.9971,0,3.142,-0.4199,-0.157,1]}],"loopBehavior":1,"name":"anim","property":"_matrix"}},
{"name":"LeftHandIndex3","index":17,"matrix":[0.9999,0.014,0.0083,0,-0.014,0.9999,-0.0002,0,-0.0083,0.0001,1,0,2.0866,-0.2403,-0.1191,1],"rest":[0.9985,-0.0544,-0.0084,0,0.0544,0.9985,-0.0024,0,0.0085,0.0019,1,0,2.0866,-0.2403,-0.1191,1],"parentBoneIndex":16,"length":1.9464
,"animation":{"dataType":3,"framePerSecond":24,"keys":[
{"frame":1,"values":[0.9999,0.014,0.0083,0,-0.014,0.9999,-0.0002,0,-0.0083,0.0001,1,0,2.0866,-0.2403,-0.1191,1]},
{"frame":15,"values":[0.9999,0.014,0.0083,0,-0.014,0.9999,-0.0002,0,-0.0083,0.0001,1,0,2.0866,-0.2403,-0.1191,1]}],"loopBehavior":1,"name":"anim","property":"_matrix"}},
{"name":"LeftHandIndex4","index":18,"matrix":[1,0,0,0,0,1,0,0,0,0,1,0,1.9406,-0.1168,-0.0942,1],"rest":[1,0,0,0,0,1,0,0,0,0,1,0,1.9406,-0.1168,-0.0942,1],"parentBoneIndex":17,"length":1.9464
,"animation":{"dataType":3,"framePerSecond":24,"keys":[
{"frame":1,"values":[1,0,0,0,0,1,0,0,0,0,1,0,1.9406,-0.1168,-0.0942,1]},
{"frame":15,"values":[1,0,0,0,0,1,0,0,0,0,1,0,1.9406,-0.1168,-0.0942,1]}],"loopBehavior":1,"name":"anim","property":"_matrix"}},
{"name":"LeftHandMiddle1","index":19,"matrix":[0.998,-0.0514,-0.0356,0,0.0506,0.9984,-0.0232,0,0.0367,0.0214,0.9991,0,7.4859,1.4067,0.2197,1],"rest":[0.92,0.3717,0.1241,0,-0.3732,0.9277,-0.0117,0,-0.1194,-0.0356,0.9922,0,7.4859,1.4067,0.2197,1],"parentBoneIndex":10,"length":3.6612
,"animation":{"dataType":3,"framePerSecond":24,"keys":[
{"frame":1,"values":[0.998,-0.0514,-0.0356,0,0.0506,0.9984,-0.0232,0,0.0367,0.0214,0.9991,0,7.4859,1.4067,0.2197,1]},
{"frame":15,"values":[0.998,-0.0514,-0.0356,0,0.0506,0.9984,-0.0232,0,0.0367,0.0214,0.9991,0,7.4859,1.4067,0.2197,1]}],"loopBehavior":1,"name":"anim","property":"_matrix"}},
{"name":"LeftHandMiddle2","index":20,"matrix":[0.9174,-0.3708,-0.1445,0,0.3712,0.9282,-0.0255,0,0.1436,-0.0302,0.9892,0,3.5734,-0.7167,-0.3489,1],"rest":[0.9979,0.0003,-0.065,0,0.0005,0.9999,0.013,0,0.065,-0.013,0.9978,0,3.5734,-0.7167,-0.3489,1],"parentBoneIndex":19,"length":2.307
,"animation":{"dataType":3,"framePerSecond":24,"keys":[
{"frame":1,"values":[0.9174,-0.3708,-0.1445,0,0.3712,0.9282,-0.0255,0,0.1436,-0.0302,0.9892,0,3.5734,-0.7167,-0.3489,1]},
{"frame":15,"values":[0.9174,-0.3708,-0.1445,0,0.3712,0.9282,-0.0255,0,0.1436,-0.0302,0.9892,0,3.5734,-0.7167,-0.3489,1]}],"loopBehavior":1,"name":"anim","property":"_matrix"}},
{"name":"LeftHandMiddle3","index":21,"matrix":[0.9989,-0.0415,-0.0201,0,0.0415,0.9991,0.002,0,0.02,-0.0028,0.9998,0,2.261,-0.4533,-0.0672,1],"rest":[0.9953,-0.0937,-0.0244,0,0.0937,0.9956,0.001,0,0.0242,-0.0032,0.9997,0,2.261,-0.4533,-0.0672,1],"parentBoneIndex":20,"length":2.0715
,"animation":{"dataType":3,"framePerSecond":24,"keys":[
{"frame":1,"values":[0.9989,-0.0415,-0.0201,0,0.0415,0.9991,0.002,0,0.02,-0.0028,0.9998,0,2.261,-0.4533,-0.0672,1]},
{"frame":15,"values":[0.9989,-0.0415,-0.0201,0,0.0415,0.9991,0.002,0,0.02,-0.0028,0.9998,0,2.261,-0.4533,-0.0672,1]}],"loopBehavior":1,"name":"anim","property":"_matrix"}},
{"name":"LeftHandMiddle4","index":22,"matrix":[1,0,0,0,0,1,0,0,0,0,1,0,2.0603,-0.215,-0.0098,1],"rest":[1,0,0,0,0,1,0,0,0,0,1,0,2.0603,-0.215,-0.0098,1],"parentBoneIndex":21,"length":2.0715
,"animation":{"dataType":3,"framePerSecond":24,"keys":[
{"frame":1,"values":[1,0,0,0,0,1,0,0,0,0,1,0,2.0603,-0.215,-0.0098,1]},
{"frame":15,"values":[1,0,0,0,0,1,0,0,0,0,1,0,2.0603,-0.215,-0.0098,1]}],"loopBehavior":1,"name":"anim","property":"_matrix"}},
{"name":"LeftHandRing1","index":23,"matrix":[0.99,-0.1332,-0.0458,0,0.1323,0.9909,-0.0233,0,0.0485,0.017,0.9987,0,7.12,1.5184,-1.0829,1],"rest":[0.8973,0.3994,0.1882,0,-0.4037,0.9147,-0.0161,0,-0.1786,-0.0615,0.982,0,7.12,1.5184,-1.0829,1],"parentBoneIndex":10,"length":3.3429
,"animation":{"dataType":3,"framePerSecond":24,"keys":[
{"frame":1,"values":[0.99,-0.1332,-0.0458,0,0.1323,0.9909,-0.0233,0,0.0485,0.017,0.9987,0,7.12,1.5184,-1.0829,1]},
{"frame":15,"values":[0.99,-0.1332,-0.0458,0,0.1323,0.9909,-0.0233,0,0.0485,0.017,0.9987,0,7.12,1.5184,-1.0829,1]}],"loopBehavior":1,"name":"anim","property":"_matrix"}},
{"name":"LeftHandRing2","index":24,"matrix":[0.9248,-0.3717,-0.0809,0,0.3684,0.9282,-0.0529,0,0.0948,0.0191,0.9953,0,3.2113,-0.763,-0.5297,1],"rest":[0.9976,-0.0644,-0.0249,0,0.0643,0.9979,-0.0055,0,0.0252,0.0038,0.9997,0,3.2113,-0.763,-0.5297,1],"parentBoneIndex":23,"length":2.0362
,"animation":{"dataType":3,"framePerSecond":24,"keys":[
{"frame":1,"values":[0.9248,-0.3717,-0.0809,0,0.3684,0.9282,-0.0529,0,0.0948,0.0191,0.9953,0,3.2113,-0.763,-0.5297,1]},
{"frame":15,"values":[0.9248,-0.3717,-0.0809,0,0.3684,0.9282,-0.0529,0,0.0948,0.0191,0.9953,0,3.2113,-0.763,-0.5297,1]}],"loopBehavior":1,"name":"anim","property":"_matrix"}},
{"name":"LeftHandRing3","index":25,"matrix":[0.9913,-0.0538,-0.12,0,0.0557,0.9984,0.0124,0,0.1192,-0.019,0.9927,0,1.9893,-0.3363,-0.275,1],"rest":[0.9933,-0.0196,-0.1141,0,0.0214,0.9997,0.0153,0,0.1138,-0.0176,0.9934,0,1.9893,-0.3363,-0.275,1],"parentBoneIndex":24,"length":2.0532
,"animation":{"dataType":3,"framePerSecond":24,"keys":[
{"frame":1,"values":[0.9913,-0.0538,-0.12,0,0.0557,0.9984,0.0124,0,0.1192,-0.019,0.9927,0,1.9893,-0.3363,-0.275,1]},
{"frame":15,"values":[0.9913,-0.0538,-0.12,0,0.0557,0.9984,0.0124,0,0.1192,-0.019,0.9927,0,1.9893,-0.3363,-0.275,1]}],"loopBehavior":1,"name":"anim","property":"_matrix"}},
{"name":"LeftHandRing4","index":26,"matrix":[1,0,0,0,0,1,0,0,0,0,1,0,2.0307,-0.3002,-0.0413,1],"rest":[1,0,0,0,0,1,0,0,0,0,1,0,2.0307,-0.3002,-0.0413,1],"parentBoneIndex":25,"length":2.0532
,"animation":{"dataType":3,"framePerSecond":24,"keys":[
{"frame":1,"values":[1,0,0,0,0,1,0,0,0,0,1,0,2.0307,-0.3002,-0.0413,1]},
{"frame":15,"values":[1,0,0,0,0,1,0,0,0,0,1,0,2.0307,-0.3002,-0.0413,1]}],"loopBehavior":1,"name":"anim","property":"_matrix"}},
{"name":"LeftHandPinky1","index":27,"matrix":[0.9614,-0.2697,-0.0539,0,0.2666,0.9621,-0.0576,0,0.0674,0.041,0.9969,0,6.5764,1.1849,-2.4314,1],"rest":[0.9177,0.3245,0.2292,0,-0.332,0.9433,-0.0059,0,-0.2181,-0.0707,0.9734,0,6.5764,1.1849,-2.4314,1],"parentBoneIndex":10,"length":3.1503
,"animation":{"dataType":3,"framePerSecond":24,"keys":[
{"frame":1,"values":[0.9614,-0.2697,-0.0539,0,0.2666,0.9621,-0.0576,0,0.0674,0.041,0.9969,0,6.5764,1.1849,-2.4314,1]},
{"frame":15,"values":[0.9614,-0.2697,-0.0539,0,0.2666,0.9621,-0.0576,0,0.0674,0.041,0.9969,0,6.5764,1.1849,-2.4314,1]}],"loopBehavior":1,"name":"anim","property":"_matrix"}},
{"name":"LeftHandPinky2","index":28,"matrix":[0.9665,-0.2267,-0.1206,0,0.2248,0.974,-0.0294,0,0.1242,0.0013,0.9923,0,3.0496,-0.4795,-0.6278,1],"rest":[0.9937,0.0882,-0.0691,0,-0.0861,0.9958,0.0321,0,0.0716,-0.0259,0.9971,0,3.0496,-0.4795,-0.6278,1],"parentBoneIndex":27,"length":1.8503
,"animation":{"dataType":3,"framePerSecond":24,"keys":[
{"frame":1,"values":[0.9665,-0.2267,-0.1206,0,0.2248,0.974,-0.0294,0,0.1242,0.0013,0.9923,0,3.0496,-0.4795,-0.6278,1]},
{"frame":15,"values":[0.9665,-0.2267,-0.1206,0,0.2248,0.974,-0.0294,0,0.1242,0.0013,0.9923,0,3.0496,-0.4795,-0.6278,1]}],"loopBehavior":1,"name":"anim","property":"_matrix"}},
{"name":"LeftHandPinky3","index":29,"matrix":[0.9702,-0.1778,-0.1644,0,0.1802,0.9836,-0.0001,0,0.1617,-0.0295,0.9864,0,1.7805,-0.4465,-0.2321,1],"rest":[0.9686,-0.1965,-0.1523,0,0.1983,0.9801,-0.003,0,0.1498,-0.0273,0.9883,0,1.7805,-0.4465,-0.2321,1],"parentBoneIndex":28,"length":1.8564
,"animation":{"dataType":3,"framePerSecond":24,"keys":[
{"frame":1,"values":[0.9702,-0.1778,-0.1644,0,0.1802,0.9836,-0.0001,0,0.1617,-0.0295,0.9864,0,1.7805,-0.4465,-0.2321,1]},
{"frame":15,"values":[0.9702,-0.1778,-0.1644,0,0.1802,0.9836,-0.0001,0,0.1617,-0.0295,0.9864,0,1.7805,-0.4465,-0.2321,1]}],"loopBehavior":1,"name":"anim","property":"_matrix"}},
{"name":"LeftHandPinky4","index":30,"matrix":[1,0,0,0,0,1,0,0,0,0,1,0,1.8538,-0.0841,0.0497,1],"rest":[1,0,0,0,0,1,0,0,0,0,1,0,1.8538,-0.0841,0.0497,1],"parentBoneIndex":29,"length":1.8564
,"animation":{"dataType":3,"framePerSecond":24,"keys":[
{"frame":1,"values":[1,0,0,0,0,1,0,0,0,0,1,0,1.8538,-0.0841,0.0497,1]},
{"frame":15,"values":[1,0,0,0,0,1,0,0,0,0,1,0,1.8538,-0.0841,0.0497,1]}],"loopBehavior":1,"name":"anim","property":"_matrix"}},
{"name":"RightShoulder","index":31,"matrix":[0.9753,0.2196,0.0242,0,-0.2199,0.9755,0.0073,0,-0.022,-0.0124,0.9997,0,-3.4743,8.7304,-1.4981,1],"rest":[1,0.0005,0,0,-0.0005,1,0,0,0,0,1,0,-3.4743,8.7304,-1.4981,1],"parentBoneIndex":3,"length":7.9131
,"animation":{"dataType":3,"framePerSecond":24,"keys":[
{"frame":1,"values":[0.9753,0.2196,0.0242,0,-0.2199,0.9755,0.0073,0,-0.022,-0.0124,0.9997,0,-3.4743,8.7304,-1.4981,1]},
{"frame":2,"values":[0.9834,0.1671,0.0713,0,-0.1674,0.9859,-0.0019,0,-0.0706,-0.0101,0.9975,0,-3.4743,8.7304,-1.4981,1]},
{"frame":3,"values":[0.9905,0.0829,0.1094,0,-0.0827,0.9966,-0.0063,0,-0.1096,-0.0029,0.994,0,-3.4743,8.7304,-1.4981,1]},
{"frame":4,"values":[0.9911,0.0047,0.1334,0,-0.0038,1,-0.0067,0,-0.1334,0.0062,0.991,0,-3.4743,8.7304,-1.4981,1]},
{"frame":5,"values":[0.9902,-0.0157,0.1389,0,0.0168,0.9998,-0.0065,0,-0.1388,0.0088,0.9903,0,-3.4743,8.7304,-1.4981,1]},
{"frame":6,"values":[0.9926,0.0317,0.1175,0,-0.0313,0.9995,-0.0057,0,-0.1176,0.002,0.9931,0,-3.4743,8.7304,-1.4981,1]},
{"frame":7,"values":[0.9917,0.1039,0.0762,0,-0.1041,0.9946,-0.002,0,-0.076,-0.006,0.9971,0,-3.4743,8.7304,-1.4981,1]},
{"frame":8,"values":[0.9881,0.1494,0.0366,0,-0.1497,0.9887,0.0038,0,-0.0356,-0.0092,0.9993,0,-3.4743,8.7304,-1.4981,1]},
{"frame":9,"values":[0.9891,0.1471,-0.0017,0,-0.147,0.9891,0.0099,0,0.0031,-0.0095,0.9999,0,-3.4743,8.7304,-1.4981,1]},
{"frame":10,"values":[0.9914,0.1223,-0.0461,0,-0.1217,0.9924,0.0158,0,0.0477,-0.01,0.9988,0,-3.4743,8.7304,-1.4981,1]},
{"frame":11,"values":[0.9905,0.115,-0.075,0,-0.1138,0.9933,0.0197,0,0.0767,-0.011,0.997,0,-3.4743,8.7304,-1.4981,1]},
{"frame":12,"values":[0.988,0.1399,-0.0658,0,-0.1389,0.9901,0.0197,0,0.068,-0.0104,0.9976,0,-3.4743,8.7304,-1.4981,1]},
{"frame":13,"values":[0.9834,0.1784,-0.0315,0,-0.178,0.9839,0.0162,0,0.0338,-0.0103,0.9994,0,-3.4743,8.7304,-1.4981,1]},
{"frame":14,"values":[0.9783,0.2074,0.0014,0,-0.2074,0.9782,0.0115,0,0.0011,-0.0115,0.9999,0,-3.4743,8.7304,-1.4981,1]},
{"frame":15,"values":[0.9753,0.2196,0.0242,0,-0.2199,0.9755,0.0073,0,-0.022,-0.0124,0.9997,0,-3.4743,8.7304,-1.4981,1]}],"loopBehavior":1,"name":"anim","property":"_matrix"}},
{"name":"RightArm","index":32,"matrix":[0.6003,0.7943,-0.0934,0,-0.7271,0.5907,0.3497,0,0.3329,-0.1421,0.9322,0,-7.5693,-2.3069,-0.0421,1],"rest":[0.997,0.0108,-0.0769,0,-0.0108,0.9999,0.0006,0,0.077,0.0002,0.997,0,-7.5693,-2.3069,-0.0421,1],"parentBoneIndex":31,"length":18.9653
,"animation":{"dataType":3,"framePerSecond":24,"keys":[
{"frame":1,"values":[0.6003,0.7943,-0.0934,0,-0.7271,0.5907,0.3497,0,0.3329,-0.1421,0.9322,0,-7.5693,-2.3069,-0.0421,1]},
{"frame":2,"values":[0.6406,0.75,0.1647,0,-0.7352,0.5372,0.4135,0,0.2216,-0.3859,0.8955,0,-7.5693,-2.3069,-0.0421,1]},
{"frame":3,"values":[0.6927,0.6026,0.3962,0,-0.7081,0.4641,0.5321,0,0.1368,-0.6492,0.7482,0,-7.5693,-2.3069,-0.0421,1]},
{"frame":4,"values":[0.7321,0.4258,0.5318,0,-0.6781,0.3807,0.6287,0,0.0652,-0.8209,0.5674,0,-7.5693,-2.3069,-0.0421,1]},
{"frame":5,"values":[0.7472,0.3497,0.5652,0,-0.6637,0.347,0.6627,0,0.0356,-0.8703,0.4913,0,-7.5693,-2.3069,-0.0421,1]},
{"frame":6,"values":[0.7499,0.418,0.5127,0,-0.6572,0.3819,0.6498,0,0.0758,-0.8243,0.5611,0,-7.5693,-2.3069,-0.0421,1]},
{"frame":7,"values":[0.7423,0.5753,0.3435,0,-0.6446,0.473,0.6007,0,0.1831,-0.6673,0.722,0,-7.5693,-2.3069,-0.0421,1]},
{"frame":8,"values":[0.6875,0.7225,0.0736,0,-0.652,0.5693,0.5008,0,0.3199,-0.3923,0.8624,0,-7.5693,-2.3069,-0.0421,1]},
{"frame":9,"values":[0.5904,0.7829,-0.1964,0,-0.6983,0.6175,0.3621,0,0.4048,-0.0766,0.9112,0,-7.5693,-2.3069,-0.0421,1]},
{"frame":10,"values":[0.5422,0.7211,-0.4312,0,-0.7137,0.6661,0.2166,0,0.4434,0.1903,0.8759,0,-7.5693,-2.3069,-0.0421,1]},
{"frame":11,"values":[0.5402,0.5672,-0.6217,0,-0.6622,0.7424,0.1019,0,0.5193,0.3566,0.7766,0,-7.5693,-2.3069,-0.0421,1]},
{"frame":12,"values":[0.5366,0.4944,-0.6838,0,-0.5967,0.7953,0.1068,0,0.5967,0.3508,0.7218,0,-7.5693,-2.3069,-0.0421,1]},
{"frame":13,"values":[0.5463,0.6035,-0.5808,0,-0.59,0.7694,0.2446,0,0.5945,0.2091,0.7764,0,-7.5693,-2.3069,-0.0421,1]},
{"frame":14,"values":[0.5664,0.7458,-0.3507,0,-0.6571,0.6655,0.3539,0,0.4973,0.03,0.8671,0,-7.5693,-2.3069,-0.0421,1]},
{"frame":15,"values":[0.6003,0.7943,-0.0934,0,-0.7271,0.5907,0.3497,0,0.3329,-0.1421,0.9322,0,-7.5693,-2.3069,-0.0421,1]}],"loopBehavior":1,"name":"anim","property":"_matrix"}},
{"name":"RightForeArm","index":33,"matrix":[0.1042,-0.0014,-0.9946,0,0.0116,0.9999,-0.0002,0,0.9945,-0.0115,0.1042,0,-18.9078,0.2142,-1.4594,1],"rest":[0.9975,-0.0118,0.0692,0,0.0117,0.9999,0.0005,0,-0.0692,0.0003,0.9976,0,-18.9078,0.2142,-1.4594,1],"parentBoneIndex":32,"length":18.4625
,"animation":{"dataType":3,"framePerSecond":24,"keys":[
{"frame":1,"values":[0.1042,-0.0014,-0.9946,0,0.0116,0.9999,-0.0002,0,0.9945,-0.0115,0.1042,0,-18.9078,0.2142,-1.4594,1]},
{"frame":2,"values":[0.1806,-0.0023,-0.9836,0,0.0117,0.9999,-0.0002,0,0.9835,-0.0114,0.1806,0,-18.9078,0.2142,-1.4594,1]},
{"frame":3,"values":[0.0578,-0.0009,-0.9983,0,0.0116,0.9999,-0.0002,0,0.9983,-0.0116,0.0578,0,-18.9078,0.2142,-1.4594,1]},
{"frame":4,"values":[-0.131,0.0012,-0.9914,0,0.0115,0.9999,-0.0003,0,0.9913,-0.0115,-0.131,0,-18.9078,0.2142,-1.4594,1]},
{"frame":5,"values":[-0.2379,0.0025,-0.9713,0,0.0115,0.9999,-0.0003,0,0.9712,-0.0112,-0.2379,0,-18.9078,0.2142,-1.4594,1]},
{"frame":6,"values":[-0.2303,0.0024,-0.9731,0,0.0115,0.9999,-0.0003,0,0.9731,-0.0112,-0.2303,0,-18.9078,0.2142,-1.4594,1]},
{"frame":7,"values":[-0.1568,0.0015,-0.9876,0,0.0115,0.9999,-0.0003,0,0.9876,-0.0114,-0.1568,0,-18.9078,0.2142,-1.4594,1]},
{"frame":8,"values":[-0.0946,0.0008,-0.9955,0,0.0115,0.9999,-0.0003,0,0.9954,-0.0115,-0.0946,0,-18.9078,0.2142,-1.4594,1]},
{"frame":9,"values":[-0.1021,0.0009,-0.9948,0,0.0115,0.9999,-0.0003,0,0.9947,-0.0115,-0.1021,0,-18.9078,0.2142,-1.4594,1]},
{"frame":10,"values":[-0.1847,0.0019,-0.9828,0,0.0115,0.9999,-0.0003,0,0.9827,-0.0114,-0.1847,0,-18.9078,0.2142,-1.4594,1]},
{"frame":11,"values":[-0.3218,0.0034,-0.9468,0,0.0114,0.9999,-0.0003,0,0.9467,-0.0109,-0.3219,0,-18.9078,0.2142,-1.4594,1]},
