{"producer":{"name":"Blender","version":"2.90.0","exporter_version":"2.80.1","file":"runstraferight.babylon"},
"autoClear":true,"clearColor":[0.0509,0.0509,0.0509],"gravity":[0,-9.81,0],
"materials":[{"name":"Material","id":"Material","customType":"BABYLON.PBRMaterial","backFaceCulling":true,"checkReadyOnlyOnce":false,"maxSimultaneousLights":4,"environmentIntensity":1,"albedo":[0.8,0.8,0.8],"reflectivity":[0.5,0.5,0.5],"roughness":0.4,"alpha":1,"transparencyMode":0,"alphaCutOff":0.4,"metallic":0}],
"multiMaterials":[],
"skeletons":[{"name":"Armature","id":0,"dimensionsAtRest":[128.1663,151.4482,19.1351],"bones":[
{"name":"Hips","index":0,"matrix":[0.1424,-0.0234,-0.9895,0,-0.111,0.993,-0.0394,0,-0.9836,-0.1154,-0.1388,0,-0.462,73.4337,-0.2035,1],"rest":[1,0,0,0,0,1,0,0,0,0,-1,0,0,81.0629,0,1],"parentBoneIndex":-1,"length":7.701
,"animation":{"dataType":3,"framePerSecond":24,"keys":[
{"frame":1,"values":[0.1424,-0.0234,-0.9895,0,-0.111,0.993,-0.0394,0,-0.9836,-0.1154,-0.1388,0,-0.462,73.4337,-0.2035,1]},
{"frame":2,"values":[0.1668,-0.0321,-0.9855,0,-0.1219,0.9911,-0.0529,0,-0.9784,-0.1289,-0.1614,0,-0.0673,73.841,-0.2807,1]},
{"frame":3,"values":[0.2264,-0.001,-0.974,0,-0.1326,0.9907,-0.0318,0,-0.965,-0.1363,-0.2241,0,-0.9416,75.6225,-0.89,1]},
{"frame":4,"values":[0.2771,0.053,-0.9594,0,-0.1635,0.9865,0.0073,0,-0.9468,-0.1549,-0.282,0,-1.808,77.2383,-1.5121,1]},
{"frame":5,"values":[0.2911,0.0651,-0.9545,0,-0.187,0.9823,0.0099,0,-0.9382,-0.1756,-0.2981,0,-2.6274,78.0392,-1.8967,1]},
{"frame":6,"values":[0.2729,0.04,-0.9612,0,-0.1707,0.9853,-0.0074,0,-0.9468,-0.1661,-0.2757,0,-3.4606,77.5815,-2.2295,1]},
{"frame":7,"values":[0.2613,0.0331,-0.9647,0,-0.1371,0.9905,-0.0031,0,-0.9555,-0.1331,-0.2633,0,-3.7249,76.2239,-2.964,1]},
{"frame":8,"values":[0.2845,0.0729,-0.9559,0,-0.1351,0.9902,0.0353,0,-0.9491,-0.1191,-0.2916,0,-2.8768,74.689,-4.0493,1]},
{"frame":9,"values":[0.3217,0.1301,-0.9379,0,-0.1773,0.9813,0.0754,0,-0.9301,-0.142,-0.3388,0,-1.1944,73.4245,-4.9767,1]},
{"frame":10,"values":[0.2979,0.1477,-0.9431,0,-0.1974,0.9761,0.0905,0,-0.934,-0.1592,-0.3199,0,-0.5239,74.1901,-4.8566,1]},
{"frame":11,"values":[0.2573,0.1237,-0.9584,0,-0.194,0.9782,0.0742,0,-0.9466,-0.1669,-0.2757,0,-0.885,75.6253,-4.2895,1]},
{"frame":12,"values":[0.1971,0.0753,-0.9775,0,-0.1885,0.9814,0.0376,0,-0.9621,-0.1769,-0.2076,0,-1.8147,77.2515,-3.4594,1]},
{"frame":13,"values":[0.1483,0.042,-0.988,0,-0.189,0.9819,0.0134,0,-0.9707,-0.1848,-0.1536,0,-2.7497,77.9378,-2.7118,1]},
{"frame":14,"values":[0.1413,0.0428,-0.989,0,-0.171,0.9851,0.0182,0,-0.9751,-0.1666,-0.1465,0,-3.3297,77.4341,-2.1569,1]},
{"frame":15,"values":[0.1567,0.0413,-0.9868,0,-0.1324,0.991,0.0205,0,-0.9787,-0.1274,-0.1608,0,-3.1055,76.1577,-1.55,1]},
{"frame":16,"values":[0.1534,0.0129,-0.9881,0,-0.107,0.9943,-0.0037,0,-0.9823,-0.1063,-0.1539,0,-1.915,74.5313,-0.7727,1]},
{"frame":17,"values":[0.1424,-0.0234,-0.9895,0,-0.111,0.993,-0.0394,0,-0.9836,-0.1154,-0.1388,0,-0.462,73.4337,-0.2035,1]}],"loopBehavior":1,"name":"anim","property":"_matrix"}},
{"name":"Spine","index":1,"matrix":[0.9968,-0.0036,-0.0798,0,0.0148,0.99,0.1402,0,0.0784,-0.141,0.9869,0,0.009,7.0626,-0.9847,1],"rest":[1,0,0,0,0,1,0,0,0,0,1,0,0.009,7.0626,-0.9847,1],"parentBoneIndex":0,"length":8.3194
,"animation":{"dataType":3,"framePerSecond":24,"keys":[
{"frame":1,"values":[0.9968,-0.0036,-0.0798,0,0.0148,0.99,0.1402,0,0.0784,-0.141,0.9869,0,0.009,7.0626,-0.9847,1]},
{"frame":2,"values":[0.9939,0.0065,-0.1103,0,0.0095,0.9895,0.144,0,0.1101,-0.1441,0.9834,0,0.009,7.0626,-0.9847,1]},
{"frame":3,"values":[0.9875,-0.0159,-0.1567,0,0.0363,0.9911,0.1283,0,0.1532,-0.1324,0.9793,0,0.009,7.0626,-0.9847,1]},
{"frame":4,"values":[0.9736,-0.0606,-0.22,0,0.0845,0.9913,0.1011,0,0.212,-0.117,0.9702,0,0.009,7.0626,-0.9847,1]},
{"frame":5,"values":[0.9604,-0.0758,-0.2681,0,0.1011,0.9915,0.0819,0,0.2596,-0.1058,0.9599,0,0.009,7.0626,-0.9847,1]},
{"frame":6,"values":[0.9615,-0.0553,-0.269,0,0.0814,0.9929,0.087,0,0.2623,-0.1055,0.9592,0,0.009,7.0626,-0.9847,1]},
{"frame":7,"values":[0.9738,-0.0339,-0.2247,0,0.0585,0.9929,0.104,0,0.2196,-0.1145,0.9689,0,0.009,7.0626,-0.9847,1]},
{"frame":8,"values":[0.9853,-0.0453,-0.1644,0,0.0653,0.9909,0.118,0,0.1576,-0.127,0.9793,0,0.009,7.0626,-0.9847,1]},
{"frame":9,"values":[0.9898,-0.0772,-0.1197,0,0.0919,0.9882,0.1222,0,0.1088,-0.1319,0.9853,0,0.009,7.0626,-0.9847,1]},
{"frame":10,"values":[0.9915,-0.0972,-0.0869,0,0.1067,0.9879,0.1129,0,0.0748,-0.1212,0.9898,0,0.009,7.0626,-0.9847,1]},
{"frame":11,"values":[0.9955,-0.0846,-0.0421,0,0.0883,0.9914,0.0961,0,0.0336,-0.0994,0.9945,0,0.009,7.0626,-0.9847,1]},
{"frame":12,"values":[0.9978,-0.0652,0.0158,0,0.0638,0.9949,0.0777,0,-0.0207,-0.0765,0.9969,0,0.009,7.0626,-0.9847,1]},
{"frame":13,"values":[0.9964,-0.0576,0.0622,0,0.0534,0.9964,0.0662,0,-0.0658,-0.0626,0.9959,0,0.009,7.0626,-0.9847,1]},
{"frame":14,"values":[0.9957,-0.0645,0.0673,0,0.0596,0.9957,0.0715,0,-0.0716,-0.0672,0.9952,0,0.009,7.0626,-0.9847,1]},
{"frame":15,"values":[0.9976,-0.0626,0.0299,0,0.0596,0.9941,0.0906,0,-0.0354,-0.0887,0.9954,0,0.009,7.0626,-0.9847,1]},
{"frame":16,"values":[0.9988,-0.0387,-0.0306,0,0.042,0.9923,0.1167,0,0.0259,-0.1178,0.9927,0,0.009,7.0626,-0.9847,1]},
{"frame":17,"values":[0.9968,-0.0036,-0.0798,0,0.0148,0.99,0.1402,0,0.0784,-0.141,0.9869,0,0.009,7.0626,-0.9847,1]}],"loopBehavior":1,"name":"anim","property":"_matrix"}},
{"name":"Spine1","index":2,"matrix":[0.9996,-0.0041,-0.0295,0,0.0056,0.9987,0.05,0,0.0293,-0.0501,0.9983,0,0.0124,8.2397,-1.1488,1],"rest":[1,0,0,0,0,1,0,0,0,0,1,0,0.0124,8.2397,-1.1488,1],"parentBoneIndex":1,"length":9.5079
,"animation":{"dataType":3,"framePerSecond":24,"keys":[
{"frame":1,"values":[0.9996,-0.0041,-0.0295,0,0.0056,0.9987,0.05,0,0.0293,-0.0501,0.9983,0,0.0124,8.2397,-1.1488,1]},
{"frame":2,"values":[0.999,-0.0058,-0.0438,0,0.0081,0.9986,0.0528,0,0.0434,-0.0531,0.9976,0,0.0124,8.2397,-1.1488,1]},
{"frame":3,"values":[0.9979,-0.0148,-0.0623,0,0.0179,0.9987,0.0485,0,0.0615,-0.0496,0.9969,0,0.0124,8.2397,-1.1488,1]},
{"frame":4,"values":[0.996,-0.0251,-0.0852,0,0.0287,0.9988,0.0402,0,0.0841,-0.0425,0.9956,0,0.0124,8.2397,-1.1488,1]},
{"frame":5,"values":[0.9943,-0.0288,-0.1028,0,0.0324,0.9989,0.0335,0,0.1018,-0.0367,0.9941,0,0.0124,8.2397,-1.1488,1]},
{"frame":6,"values":[0.9944,-0.0232,-0.1032,0,0.0268,0.9991,0.0333,0,0.1024,-0.0359,0.9941,0,0.0124,8.2397,-1.1488,1]},
{"frame":7,"values":[0.9961,-0.0171,-0.0869,0,0.0205,0.9991,0.0378,0,0.0862,-0.0394,0.9955,0,0.0124,8.2397,-1.1488,1]},
{"frame":8,"values":[0.9978,-0.0185,-0.0642,0,0.0212,0.9989,0.0423,0,0.0633,-0.0436,0.997,0,0.0124,8.2397,-1.1488,1]},
{"frame":9,"values":[0.9987,-0.0236,-0.0459,0,0.0256,0.9987,0.0437,0,0.0448,-0.0448,0.998,0,0.0124,8.2397,-1.1488,1]},
{"frame":10,"values":[0.9992,-0.024,-0.032,0,0.0253,0.9988,0.0412,0,0.031,-0.042,0.9986,0,0.0124,8.2397,-1.1488,1]},
{"frame":11,"values":[0.9997,-0.0184,-0.0156,0,0.0189,0.9992,0.0365,0,0.0149,-0.0368,0.9992,0,0.0124,8.2397,-1.1488,1]},
{"frame":12,"values":[0.9999,-0.0119,0.0041,0,0.0118,0.9995,0.03,0,-0.0045,-0.03,0.9995,0,0.0124,8.2397,-1.1488,1]},
{"frame":13,"values":[0.9998,-0.0093,0.0201,0,0.0088,0.9997,0.0236,0,-0.0203,-0.0234,0.9995,0,0.0124,8.2397,-1.1488,1]},
{"frame":14,"values":[0.9997,-0.0109,0.0228,0,0.0104,0.9997,0.0223,0,-0.023,-0.022,0.9995,0,0.0124,8.2397,-1.1488,1]},
{"frame":15,"values":[0.9999,-0.0121,0.0107,0,0.0118,0.9995,0.0284,0,-0.0111,-0.0282,0.9995,0,0.0124,8.2397,-1.1488,1]},
{"frame":16,"values":[0.9999,-0.0091,-0.0102,0,0.0095,0.9992,0.0396,0,0.0098,-0.0397,0.9992,0,0.0124,8.2397,-1.1488,1]},
{"frame":17,"values":[0.9996,-0.0041,-0.0295,0,0.0056,0.9987,0.05,0,0.0293,-0.0501,0.9983,0,0.0124,8.2397,-1.1488,1]}],"loopBehavior":1,"name":"anim","property":"_matrix"}},
{"name":"Spine2","index":3,"matrix":[0.9996,-0.0044,-0.029,0,0.0059,0.9987,0.0502,0,0.0287,-0.0504,0.9983,0,0.0142,9.4168,-1.313,1],"rest":[1,0,0,0,0,1,0,0,0,0,1,0,0.0142,9.4168,-1.313,1],"parentBoneIndex":2,"length":9.9132
,"animation":{"dataType":3,"framePerSecond":24,"keys":[
{"frame":1,"values":[0.9996,-0.0044,-0.029,0,0.0059,0.9987,0.0502,0,0.0287,-0.0504,0.9983,0,0.0142,9.4168,-1.313,1]},
{"frame":2,"values":[0.999,-0.0062,-0.0434,0,0.0085,0.9986,0.0531,0,0.043,-0.0534,0.9976,0,0.0142,9.4168,-1.313,1]},
{"frame":3,"values":[0.998,-0.0151,-0.0621,0,0.0182,0.9987,0.0486,0,0.0613,-0.0497,0.9969,0,0.0142,9.4168,-1.313,1]},
{"frame":4,"values":[0.996,-0.0254,-0.0851,0,0.0289,0.9988,0.04,0,0.084,-0.0423,0.9956,0,0.0142,9.4168,-1.313,1]},
{"frame":5,"values":[0.9943,-0.0292,-0.1028,0,0.0328,0.9989,0.0332,0,0.1017,-0.0364,0.9941,0,0.0142,9.4168,-1.313,1]},
{"frame":6,"values":[0.9944,-0.0239,-0.1031,0,0.0274,0.9991,0.0332,0,0.1022,-0.0359,0.9941,0,0.0142,9.4168,-1.313,1]},
{"frame":7,"values":[0.9961,-0.0179,-0.0867,0,0.0213,0.9991,0.0378,0,0.086,-0.0395,0.9955,0,0.0142,9.4168,-1.313,1]},
{"frame":8,"values":[0.9978,-0.0192,-0.064,0,0.0219,0.9989,0.0423,0,0.0631,-0.0436,0.9971,0,0.0142,9.4168,-1.313,1]},
{"frame":9,"values":[0.9987,-0.0242,-0.0459,0,0.0262,0.9987,0.0435,0,0.0448,-0.0446,0.998,0,0.0142,9.4168,-1.313,1]},
{"frame":10,"values":[0.9992,-0.0243,-0.0321,0,0.0256,0.9988,0.041,0,0.031,-0.0418,0.9986,0,0.0142,9.4168,-1.313,1]},
{"frame":11,"values":[0.9997,-0.0185,-0.0157,0,0.0191,0.9992,0.0364,0,0.015,-0.0367,0.9992,0,0.0142,9.4168,-1.313,1]},
{"frame":12,"values":[0.9999,-0.0119,0.004,0,0.0118,0.9995,0.03,0,-0.0044,-0.03,0.9995,0,0.0142,9.4168,-1.313,1]},
{"frame":13,"values":[0.9998,-0.0091,0.0201,0,0.0087,0.9997,0.0235,0,-0.0203,-0.0234,0.9995,0,0.0142,9.4168,-1.313,1]},
{"frame":14,"values":[0.9997,-0.0107,0.0229,0,0.0102,0.9997,0.0222,0,-0.0231,-0.0219,0.9995,0,0.0142,9.4168,-1.313,1]},
{"frame":15,"values":[0.9999,-0.012,0.011,0,0.0116,0.9995,0.0283,0,-0.0114,-0.0282,0.9995,0,0.0142,9.4168,-1.313,1]},
{"frame":16,"values":[0.9999,-0.0092,-0.0097,0,0.0096,0.9992,0.0396,0,0.0094,-0.0397,0.9992,0,0.0142,9.4168,-1.313,1]},
{"frame":17,"values":[0.9996,-0.0044,-0.029,0,0.0059,0.9987,0.0502,0,0.0287,-0.0504,0.9983,0,0.0142,9.4168,-1.313,1]}],"loopBehavior":1,"name":"anim","property":"_matrix"}},
{"name":"Neck","index":4,"matrix":[0.9812,-0.0135,-0.1926,0,0.0081,0.9996,-0.0285,0,0.1929,0.0264,0.9809,0,0.016,10.5938,-1.4771,1],"rest":[1,0,0,0,0,1,0,0,0,0,1,0,0.016,10.5938,-1.4771,1],"parentBoneIndex":3,"length":5.1073
,"animation":{"dataType":3,"framePerSecond":24,"keys":[
{"frame":1,"values":[0.9812,-0.0135,-0.1926,0,0.0081,0.9996,-0.0285,0,0.1929,0.0264,0.9809,0,0.016,10.5938,-1.4771,1]},
{"frame":2,"values":[0.984,-0.0028,-0.1781,0,-0.0027,0.9995,-0.0306,0,0.1781,0.0306,0.9835,0,0.016,10.5938,-1.4771,1]},
{"frame":3,"values":[0.9884,0.0061,-0.1519,0,-0.0084,0.9999,-0.0145,0,0.1518,0.0156,0.9883,0,0.016,10.5938,-1.4771,1]},
{"frame":4,"values":[0.9927,0.0101,-0.1204,0,-0.0106,0.9999,-0.0029,0,0.1204,0.0042,0.9927,0,0.016,10.5938,-1.4771,1]},
{"frame":5,"values":[0.9949,0.0084,-0.1005,0,-0.0088,1,-0.0035,0,0.1005,0.0043,0.9949,0,0.016,10.5938,-1.4771,1]},
{"frame":6,"values":[0.9944,0.0011,-0.1053,0,-0.0017,1,-0.0064,0,0.1053,0.0065,0.9944,0,0.016,10.5938,-1.4771,1]},
{"frame":7,"values":[0.992,-0.0089,-0.1259,0,0.0081,0.9999,-0.0067,0,0.126,0.0056,0.992,0,0.016,10.5938,-1.4771,1]},
{"frame":8,"values":[0.9892,-0.0184,-0.1454,0,0.0166,0.9998,-0.0133,0,0.1456,0.0107,0.9893,0,0.016,10.5938,-1.4771,1]},
{"frame":9,"values":[0.9874,-0.0277,-0.156,0,0.0244,0.9994,-0.0228,0,0.1566,0.0187,0.9875,0,0.016,10.5938,-1.4771,1]},
{"frame":10,"values":[0.9853,-0.0385,-0.1665,0,0.0359,0.9992,-0.0189,0,0.1671,0.0126,0.9859,0,0.016,10.5938,-1.4771,1]},
{"frame":11,"values":[0.981,-0.0494,-0.1876,0,0.0493,0.9988,-0.0048,0,0.1876,-0.0046,0.9822,0,0.016,10.5938,-1.4771,1]},
{"frame":12,"values":[0.9745,-0.0559,-0.2173,0,0.0588,0.9982,0.0066,0,0.2166,-0.0192,0.9761,0,0.016,10.5938,-1.4771,1]},
{"frame":13,"values":[0.9689,-0.0565,-0.2409,0,0.0618,0.998,0.0146,0,0.2396,-0.029,0.9704,0,0.016,10.5938,-1.4771,1]},
{"frame":14,"values":[0.9684,-0.0506,-0.2441,0,0.0577,0.9981,0.0218,0,0.2425,-0.0352,0.9695,0,0.016,10.5938,-1.4771,1]},
{"frame":15,"values":[0.9726,-0.04,-0.2288,0,0.0459,0.9987,0.0203,0,0.2277,-0.0303,0.9733,0,0.016,10.5938,-1.4771,1]},
{"frame":16,"values":[0.9779,-0.0266,-0.2076,0,0.0273,0.9996,0.0004,0,0.2075,-0.006,0.9782,0,0.016,10.5938,-1.4771,1]},
{"frame":17,"values":[0.9812,-0.0135,-0.1926,0,0.0081,0.9996,-0.0285,0,0.1929,0.0264,0.9809,0,0.016,10.5938,-1.4771,1]}],"loopBehavior":1,"name":"anim","property":"_matrix"}},
{"name":"Head","index":5,"matrix":[0.6041,-0.3091,-0.7345,0,0.1118,0.9455,-0.3058,0,0.789,0.1026,0.6057,0,0,5.0564,0.7196,1],"rest":[1,0,0,0,0,1,0,0,0,0,1,0,0,5.0564,0.7196,1],"parentBoneIndex":4,"length":15.2963
,"animation":{"dataType":3,"framePerSecond":24,"keys":[
{"frame":1,"values":[0.6041,-0.3091,-0.7345,0,0.1118,0.9455,-0.3058,0,0.789,0.1026,0.6057,0,0,5.0564,0.7196,1]},
{"frame":2,"values":[0.6368,-0.3056,-0.7079,0,0.1097,0.9447,-0.3092,0,0.7632,0.1192,0.6351,0,0,5.0564,0.7196,1]},
{"frame":3,"values":[0.7115,-0.2705,-0.6485,0,0.0942,0.9513,-0.2934,0,0.6963,0.1477,0.7024,0,0,5.0564,0.7196,1]},
{"frame":4,"values":[0.7924,-0.2353,-0.5628,0,0.0859,0.9565,-0.2789,0,0.604,0.1727,0.7781,0,0,5.0564,0.7196,1]},
{"frame":5,"values":[0.8343,-0.2261,-0.5028,0,0.0947,0.9573,-0.2733,0,0.5431,0.1804,0.8201,0,0,5.0564,0.7196,1]},
{"frame":6,"values":[0.8221,-0.2395,-0.5165,0,0.107,0.9561,-0.273,0,0.5592,0.1692,0.8116,0,0,5.0564,0.7196,1]},
{"frame":7,"values":[0.7821,-0.2487,-0.5714,0,0.1031,0.9559,-0.2749,0,0.6146,0.156,0.7732,0,0,5.0564,0.7196,1]},
{"frame":8,"values":[0.7521,-0.2476,-0.6108,0,0.0873,0.956,-0.2801,0,0.6533,0.1573,0.7406,0,0,5.0564,0.7196,1]},
{"frame":9,"values":[0.742,-0.2511,-0.6215,0,0.0826,0.9544,-0.287,0,0.6652,0.1616,0.7289,0,0,5.0564,0.7196,1]},
{"frame":10,"values":[0.7206,-0.2693,-0.6389,0,0.102,0.9526,-0.2865,0,0.6858,0.1413,0.7139,0,0,5.0564,0.7196,1]},
{"frame":11,"values":[0.66,-0.2905,-0.6928,0,0.1229,0.9515,-0.2819,0,0.7411,0.1009,0.6637,0,0,5.0564,0.7196,1]},
{"frame":12,"values":[0.5689,-0.2956,-0.7674,0,0.1152,0.9526,-0.2816,0,0.8143,0.0718,0.576,0,0,5.0564,0.7196,1]},
{"frame":13,"values":[0.4969,-0.2829,-0.8204,0,0.0837,0.9566,-0.2791,0,0.8638,0.07,0.499,0,0,5.0564,0.7196,1]},
{"frame":14,"values":[0.4927,-0.2636,-0.8293,0,0.0556,0.9606,-0.2724,0,0.8684,0.0881,0.488,0,0,5.0564,0.7196,1]},
{"frame":15,"values":[0.5389,-0.2574,-0.8021,0,0.0538,0.9608,-0.2721,0,0.8406,0.1035,0.5316,0,0,5.0564,0.7196,1]},
{"frame":16,"values":[0.5853,-0.2774,-0.7618,0,0.0821,0.9551,-0.2847,0,0.8066,0.1041,0.5818,0,0,5.0564,0.7196,1]},
{"frame":17,"values":[0.6041,-0.3091,-0.7345,0,0.1118,0.9455,-0.3058,0,0.789,0.1026,0.6057,0,0,5.0564,0.7196,1]}],"loopBehavior":1,"name":"anim","property":"_matrix"}},
{"name":"HeadTop_End","index":6,"matrix":[1,0,0,0,0,1,0,0,0,0,1,0,0,15.1437,2.155,1],"rest":[1,0,0,0,0,1,0,0,0,0,1,0,0,15.1437,2.155,1],"parentBoneIndex":5,"length":15.2963
,"animation":{"dataType":3,"framePerSecond":24,"keys":[
{"frame":1,"values":[1,0,0,0,0,1,0,0,0,0,1,0,0,15.1437,2.155,1]},
{"frame":17,"values":[1,0,0,0,0,1,0,0,0,0,1,0,0,15.1437,2.155,1]}],"loopBehavior":1,"name":"anim","property":"_matrix"}},
{"name":"LeftShoulder","index":7,"matrix":[0.9768,-0.2006,-0.0747,0,0.2045,0.9776,0.0494,0,0.0631,-0.0635,0.996,0,3.5285,8.7304,-1.4561,1],"rest":[1,-0.0017,0,0,0.0017,1,0,0,0,0,1,0,3.5285,8.7304,-1.4561,1],"parentBoneIndex":3,"length":7.9526
,"animation":{"dataType":3,"framePerSecond":24,"keys":[
{"frame":1,"values":[0.9768,-0.2006,-0.0747,0,0.2045,0.9776,0.0494,0,0.0631,-0.0635,0.996,0,3.5285,8.7304,-1.4561,1]},
{"frame":2,"values":[0.9695,-0.2071,-0.1312,0,0.2142,0.9759,0.0421,0,0.1193,-0.0689,0.9905,0,3.5285,8.7304,-1.4561,1]},
{"frame":3,"values":[0.9644,-0.2197,-0.1471,0,0.2278,0.9729,0.04,0,0.1344,-0.072,0.9883,0,3.5285,8.7304,-1.4561,1]},
{"frame":4,"values":[0.9654,-0.2273,-0.1281,0,0.2344,0.9712,0.0431,0,0.1147,-0.0716,0.9908,0,3.5285,8.7304,-1.4561,1]},
{"frame":5,"values":[0.9664,-0.2325,-0.11,0,0.2387,0.97,0.0467,0,0.0958,-0.0714,0.9928,0,3.5285,8.7304,-1.4561,1]},
{"frame":6,"values":[0.9623,-0.2441,-0.1201,0,0.251,0.9669,0.0458,0,0.1049,-0.0742,0.9917,0,3.5285,8.7304,-1.4561,1]},
{"frame":7,"values":[0.9559,-0.257,-0.1424,0,0.2652,0.9633,0.0419,0,0.1264,-0.0778,0.9889,0,3.5285,8.7304,-1.4561,1]},
{"frame":8,"values":[0.9573,-0.2537,-0.1386,0,0.2615,0.9643,0.0413,0,0.1231,-0.0758,0.9895,0,3.5285,8.7304,-1.4561,1]},
{"frame":9,"values":[0.9687,-0.2317,-0.0892,0,0.2365,0.9705,0.0475,0,0.0755,-0.0671,0.9949,0,3.5285,8.7304,-1.4561,1]},
{"frame":10,"values":[0.9794,-0.2016,-0.0129,0,0.202,0.9777,0.0566,0,0.0012,-0.058,0.9983,0,3.5285,8.7304,-1.4561,1]},
{"frame":11,"values":[0.9842,-0.1726,0.0402,0,0.17,0.9835,0.0612,0,-0.0501,-0.0534,0.9973,0,3.5285,8.7304,-1.4561,1]},
{"frame":12,"values":[0.9868,-0.156,0.0428,0,0.1533,0.9863,0.0601,0,-0.0516,-0.0528,0.9973,0,3.5285,8.7304,-1.4561,1]},
{"frame":13,"values":[0.9863,-0.164,0.0196,0,0.1627,0.985,0.0579,0,-0.0288,-0.0539,0.9981,0,3.5285,8.7304,-1.4561,1]},
{"frame":14,"values":[0.9815,-0.1916,0.0046,0,0.191,0.9799,0.058,0,-0.0156,-0.056,0.9983,0,3.5285,8.7304,-1.4561,1]},
{"frame":15,"values":[0.9772,-0.2121,-0.0004,0,0.2118,0.9755,0.0587,0,-0.0121,-0.0574,0.9983,0,3.5285,8.7304,-1.4561,1]},
{"frame":16,"values":[0.9773,-0.211,-0.0211,0,0.2119,0.9757,0.0563,0,0.0087,-0.0595,0.9982,0,3.5285,8.7304,-1.4561,1]},
{"frame":17,"values":[0.9768,-0.2006,-0.0747,0,0.2045,0.9776,0.0494,0,0.0631,-0.0635,0.996,0,3.5285,8.7304,-1.4561,1]}],"loopBehavior":1,"name":"anim","property":"_matrix"}},
{"name":"LeftArm","index":8,"matrix":[0.7096,-0.7045,-0.015,0,0.6503,0.6465,0.399,0,-0.2714,-0.2928,0.9168,0,7.6132,-2.2982,0.0421,1],"rest":[0.9965,-0.0092,0.0835,0,0.0092,1,0.0007,0,-0.0835,0.0001,0.9965,0,7.6132,-2.2982,0.0421,1],"parentBoneIndex":7,"length":18.9821
,"animation":{"dataType":3,"framePerSecond":24,"keys":[
{"frame":1,"values":[0.7096,-0.7045,-0.015,0,0.6503,0.6465,0.399,0,-0.2714,-0.2928,0.9168,0,7.6132,-2.2982,0.0421,1]},
{"frame":2,"values":[0.7156,-0.684,-0.1416,0,0.6604,0.5967,0.4558,0,-0.2273,-0.4197,0.8787,0,7.6132,-2.2982,0.0421,1]},
{"frame":3,"values":[0.7575,-0.5881,-0.2835,0,0.6421,0.5926,0.4863,0,-0.118,-0.5504,0.8265,0,7.6132,-2.2982,0.0421,1]},
{"frame":4,"values":[0.7919,-0.4493,-0.4136,0,0.608,0.6431,0.4655,0,0.0569,-0.6201,0.7824,0,7.6132,-2.2982,0.0421,1]},
{"frame":5,"values":[0.7839,-0.339,-0.5202,0,0.5736,0.7162,0.3977,0,0.2377,-0.6101,0.7558,0,7.6132,-2.2982,0.0421,1]},
{"frame":6,"values":[0.7555,-0.3157,-0.5741,0,0.5632,0.7606,0.323,0,0.3347,-0.5673,0.7524,0,7.6132,-2.2982,0.0421,1]},
{"frame":7,"values":[0.753,-0.3732,-0.542,0,0.5856,0.7557,0.2932,0,0.3001,-0.5382,0.7876,0,7.6132,-2.2982,0.0421,1]},
{"frame":8,"values":[0.7752,-0.4977,-0.389,0,0.6211,0.7127,0.326,0,0.115,-0.4943,0.8616,0,7.6132,-2.2982,0.0421,1]},
{"frame":9,"values":[0.7553,-0.6352,-0.1617,0,0.6419,0.6668,0.3787,0,-0.1327,-0.3898,0.9113,0,7.6132,-2.2982,0.0421,1]},
{"frame":10,"values":[0.6936,-0.7193,0.0389,0,0.6526,0.6504,0.3887,0,-0.3049,-0.2442,0.9205,0,7.6132,-2.2982,0.0421,1]},
{"frame":11,"values":[0.6566,-0.7358,0.1658,0,0.6655,0.6686,0.3317,0,-0.3549,-0.1075,0.9287,0,7.6132,-2.2982,0.0421,1]},
{"frame":12,"values":[0.6788,-0.704,0.209,0,0.6657,0.71,0.2295,0,-0.31,-0.0167,0.9506,0,7.6132,-2.2982,0.0421,1]},
{"frame":13,"values":[0.7303,-0.6578,0.1846,0,0.6403,0.7532,0.1506,0,-0.2381,0.0083,0.9712,0,7.6132,-2.2982,0.0421,1]},
{"frame":14,"values":[0.7685,-0.6264,0.1304,0,0.6082,0.7785,0.155,0,-0.1986,-0.0398,0.9793,0,7.6132,-2.2982,0.0421,1]},
{"frame":15,"values":[0.7733,-0.6282,0.0861,0,0.5983,0.7679,0.2287,0,-0.2098,-0.1253,0.9697,0,7.6132,-2.2982,0.0421,1]},
{"frame":16,"values":[0.745,-0.6652,0.0491,0,0.6184,0.7164,0.3231,0,-0.2501,-0.2104,0.9451,0,7.6132,-2.2982,0.0421,1]},
{"frame":17,"values":[0.7096,-0.7045,-0.015,0,0.6503,0.6465,0.399,0,-0.2714,-0.2928,0.9168,0,7.6132,-2.2982,0.0421,1]}],"loopBehavior":1,"name":"anim","property":"_matrix"}},
{"name":"LeftForeArm","index":9,"matrix":[0.4038,0.0042,0.9148,0,-0.0111,0.9999,0.0003,0,-0.9148,-0.0102,0.4039,0,18.9146,0.2055,-1.5856,1],"rest":[0.9964,0.0108,-0.0835,0,-0.0108,0.9999,0.0005,0,0.0835,0.0005,0.9965,0,18.9146,0.2055,-1.5856,1],"parentBoneIndex":8,"length":18.4362
,"animation":{"dataType":3,"framePerSecond":24,"keys":[
{"frame":1,"values":[0.4038,0.0042,0.9148,0,-0.0111,0.9999,0.0003,0,-0.9148,-0.0102,0.4039,0,18.9146,0.2055,-1.5856,1]},
{"frame":2,"values":[0.4794,0.005,0.8776,0,-0.011,0.9999,0.0003,0,-0.8775,-0.0099,0.4794,0,18.9146,0.2055,-1.5856,1]},
{"frame":3,"values":[0.5397,0.0057,0.8418,0,-0.011,0.9999,0.0003,0,-0.8418,-0.0095,0.5397,0,18.9146,0.2055,-1.5856,1]},
{"frame":4,"values":[0.5961,0.0063,0.8029,0,-0.011,0.9999,0.0004,0,-0.8028,-0.0091,0.5962,0,18.9146,0.2055,-1.5856,1]},
{"frame":5,"values":[0.5998,0.0063,0.8001,0,-0.011,0.9999,0.0004,0,-0.8001,-0.009,0.5998,0,18.9146,0.2055,-1.5856,1]},
{"frame":6,"values":[0.5215,0.0055,0.8532,0,-0.011,0.9999,0.0003,0,-0.8532,-0.0096,0.5215,0,18.9146,0.2055,-1.5856,1]},
{"frame":7,"values":[0.4321,0.0045,0.9018,0,-0.0111,0.9999,0.0003,0,-0.9018,-0.0101,0.4321,0,18.9146,0.2055,-1.5856,1]},
{"frame":8,"values":[0.4295,0.0045,0.903,0,-0.0111,0.9999,0.0003,0,-0.903,-0.0101,0.4295,0,18.9146,0.2055,-1.5856,1]},
{"frame":9,"values":[0.4889,0.0051,0.8723,0,-0.011,0.9999,0.0003,0,-0.8723,-0.0098,0.4889,0,18.9146,0.2055,-1.5856,1]},
{"frame":10,"values":[0.512,0.0054,0.859,0,-0.011,0.9999,0.0003,0,-0.8589,-0.0097,0.512,0,18.9146,0.2055,-1.5856,1]},
{"frame":11,"values":[0.4368,0.0045,0.8996,0,-0.0111,0.9999,0.0003,0,-0.8995,-0.0101,0.4368,0,18.9146,0.2055,-1.5856,1]},
{"frame":12,"values":[0.2305,0.0023,0.9731,0,-0.0111,0.9999,0.0003,0,-0.973,-0.0108,0.2305,0,18.9146,0.2055,-1.5856,1]},
{"frame":13,"values":[-0.0268,-0.0005,0.9996,0,-0.0111,0.9999,0.0002,0,-0.9996,-0.0111,-0.0268,0,18.9146,0.2055,-1.5856,1]},
{"frame":14,"values":[-0.1465,-0.0018,0.9892,0,-0.0111,0.9999,0.0002,0,-0.9891,-0.0109,-0.1465,0,18.9146,0.2055,-1.5856,1]},
{"frame":15,"values":[-0.0462,-0.0007,0.9989,0,-0.0111,0.9999,0.0002,0,-0.9989,-0.0111,-0.0462,0,18.9146,0.2055,-1.5856,1]},
{"frame":16,"values":[0.1988,0.0019,0.98,0,-0.0111,0.9999,0.0003,0,-0.98,-0.0109,0.1988,0,18.9146,0.2055,-1.5856,1]},
{"frame":17,"values":[0.4038,0.0042,0.9148,0,-0.0111,0.9999,0.0003,0,-0.9148,-0.0102,0.4039,0,18.9146,0.2055,-1.5856,1]}],"loopBehavior":1,"name":"anim","property":"_matrix"}},
{"name":"LeftHand","index":10,"matrix":[0.9907,-0.0131,0.1351,0,-0.0615,0.8438,0.5332,0,-0.121,-0.5366,0.8351,0,18.4362,0,0,1],"rest":[0.9824,-0.1864,-0.0127,0,0.1846,0.9789,-0.0878,0,0.0288,0.0839,0.9961,0,18.4362,0,0,1],"parentBoneIndex":9,"length":6.699
,"animation":{"dataType":3,"framePerSecond":24,"keys":[
{"frame":1,"values":[0.9907,-0.0131,0.1351,0,-0.0615,0.8438,0.5332,0,-0.121,-0.5366,0.8351,0,18.4362,0,0,1]},
{"frame":2,"values":[0.9929,-0.0783,0.0892,0,0.0125,0.8166,0.577,0,-0.118,-0.5718,0.8119,0,18.4362,0,0,1]},
{"frame":3,"values":[0.9885,-0.1507,-0.0134,0,0.1288,0.7919,0.5969,0,-0.0793,-0.5918,0.8022,0,18.4362,0,0,1]},
{"frame":4,"values":[0.9596,-0.2315,-0.1598,0,0.281,0.7663,0.5777,0,-0.0113,-0.5993,0.8004,0,18.4362,0,0,1]},
{"frame":5,"values":[0.8955,-0.313,-0.3162,0,0.4406,0.7235,0.5315,0,0.0624,-0.6153,0.7858,0,18.4362,0,0,1]},
{"frame":6,"values":[0.8211,-0.3667,-0.4373,0,0.5593,0.6699,0.4883,0,0.1139,-0.6456,0.7551,0,18.4362,0,0,1]},
{"frame":7,"values":[0.7955,-0.3613,-0.4865,0,0.5848,0.6683,0.4598,0,0.159,-0.6503,0.7429,0,18.4362,0,0,1]},
{"frame":8,"values":[0.8471,-0.2908,-0.4449,0,0.4859,0.763,0.4263,0,0.2155,-0.5773,0.7876,0,18.4362,0,0,1]},
{"frame":9,"values":[0.9027,-0.2384,-0.3582,0,0.3695,0.856,0.3616,0,0.2204,-0.4588,0.8608,0,18.4362,0,0,1]},
{"frame":10,"values":[0.9087,-0.3052,-0.2848,0,0.3884,0.8681,0.3091,0,0.1529,-0.3915,0.9074,0,18.4362,0,0,1]},
{"frame":11,"values":[0.8877,-0.3986,-0.2306,0,0.4572,0.8223,0.3387,0,0.0547,-0.4061,0.9122,0,18.4362,0,0,1]},
{"frame":12,"values":[0.9106,-0.3749,-0.1738,0,0.4119,0.7908,0.4527,0,-0.0323,-0.4838,0.8746,0,18.4362,0,0,1]},
{"frame":13,"values":[0.965,-0.2412,-0.1033,0,0.2568,0.7878,0.5598,0,-0.0536,-0.5668,0.8221,0,18.4362,0,0,1]},
{"frame":14,"values":[0.9947,-0.1008,-0.0185,0,0.0925,0.8055,0.5854,0,-0.0441,-0.584,0.8106,0,18.4362,0,0,1]},
{"frame":15,"values":[0.9977,-0.0158,0.0658,0,-0.023,0.836,0.5482,0,-0.0637,-0.5485,0.8337,0,18.4362,0,0,1]},
{"frame":16,"values":[0.9924,0.0118,0.1224,0,-0.0737,0.8538,0.5153,0,-0.0984,-0.5204,0.8482,0,18.4362,0,0,1]},
{"frame":17,"values":[0.9907,-0.0131,0.1351,0,-0.0615,0.8438,0.5332,0,-0.121,-0.5366,0.8351,0,18.4362,0,0,1]}],"loopBehavior":1,"name":"anim","property":"_matrix"}},
{"name":"LeftHandThumb1","index":11,"matrix":[0.9909,0.0911,-0.0986,0,-0.0914,0.9958,0.002,0,0.0984,0.007,0.9951,0,3.0862,-1.2837,1.4227,1],"rest":[0.9923,0.1154,-0.0442,0,-0.1172,0.9923,-0.0407,0,0.0392,0.0455,0.9982,0,3.0862,-1.2837,1.4227,1],"parentBoneIndex":10,"length":2.9063
,"animation":{"dataType":3,"framePerSecond":24,"keys":[
{"frame":1,"values":[0.9909,0.0911,-0.0986,0,-0.0914,0.9958,0.002,0,0.0984,0.007,0.9951,0,3.0862,-1.2837,1.4227,1]},
{"frame":2,"values":[0.9733,0.1496,-0.1741,0,-0.1641,0.9838,-0.0722,0,0.1605,0.0989,0.9821,0,3.0862,-1.2837,1.4227,1]},
{"frame":3,"values":[0.9221,0.2495,-0.2956,0,-0.3032,0.9407,-0.1518,0,0.2402,0.2296,0.9432,0,3.0862,-1.2837,1.4227,1]},
{"frame":4,"values":[0.846,0.3348,-0.415,0,-0.452,0.8632,-0.2248,0,0.283,0.3778,0.8816,0,3.0862,-1.2837,1.4227,1]},
{"frame":5,"values":[0.8083,0.3673,-0.4602,0,-0.5204,0.8113,-0.2665,0,0.2755,0.4548,0.8469,0,3.0862,-1.2837,1.4227,1]},
{"frame":6,"values":[0.8586,0.344,-0.3801,0,-0.4489,0.8626,-0.2333,0,0.2476,0.3709,0.895,0,3.0862,-1.2837,1.4227,1]},
{"frame":7,"values":[0.9495,0.2296,-0.214,0,-0.2596,0.9577,-0.1245,0,0.1764,0.1738,0.9689,0,3.0862,-1.2837,1.4227,1]},
{"frame":8,"values":[0.9949,0.0696,-0.0731,0,-0.0708,0.9974,-0.0141,0,0.0719,0.0192,0.9972,0,3.0862,-1.2837,1.4227,1]},
{"frame":9,"values":[0.9997,0.0017,-0.024,0,-0.0012,0.9998,0.0204,0,0.024,-0.0204,0.9995,0,3.0862,-1.2837,1.4227,1]},
{"frame":10,"values":[0.9996,0.0151,-0.0233,0,-0.0155,0.9998,-0.0141,0,0.0231,0.0145,0.9996,0,3.0862,-1.2837,1.4227,1]},
{"frame":11,"values":[0.9999,0.0166,-0.002,0,-0.0167,0.9984,-0.0536,0,0.0011,0.0536,0.9986,0,3.0862,-1.2837,1.4227,1]},
{"frame":12,"values":[0.9993,-0.0054,0.0379,0,0.0082,0.9973,-0.0732,0,-0.0374,0.0735,0.9966,0,3.0862,-1.2837,1.4227,1]},
{"frame":13,"values":[0.9985,-0.0177,0.0515,0,0.0214,0.9971,-0.0725,0,-0.0501,0.0735,0.996,0,3.0862,-1.2837,1.4227,1]},
{"frame":14,"values":[0.9998,-0.0031,0.0218,0,0.004,0.9991,-0.0422,0,-0.0216,0.0423,0.9989,0,3.0862,-1.2837,1.4227,1]},
{"frame":15,"values":[0.9993,0.0293,-0.0237,0,-0.0292,0.9996,0.0039,0,0.0239,-0.0032,0.9997,0,3.0862,-1.2837,1.4227,1]},
{"frame":16,"values":[0.9961,0.0628,-0.0622,0,-0.0611,0.9977,0.0289,0,0.0638,-0.025,0.9976,0,3.0862,-1.2837,1.4227,1]},
{"frame":17,"values":[0.9909,0.0911,-0.0986,0,-0.0914,0.9958,0.002,0,0.0984,0.007,0.9951,0,3.0862,-1.2837,1.4227,1]}],"loopBehavior":1,"name":"anim","property":"_matrix"}},
{"name":"LeftHandThumb2","index":12,"matrix":[0.9509,0.2351,-0.2012,0,-0.2332,0.9719,0.0331,0,0.2033,0.0154,0.979,0,2.2512,-1.2997,1.2997,1],"rest":[1,0,0,0,0,1,0,0,0,0,1,0,2.2512,-1.2997,1.2997,1],"parentBoneIndex":11,"length":2.9053
,"animation":{"dataType":3,"framePerSecond":24,"keys":[
{"frame":1,"values":[0.9509,0.2351,-0.2012,0,-0.2332,0.9719,0.0331,0,0.2033,0.0154,0.979,0,2.2512,-1.2997,1.2997,1]},
{"frame":2,"values":[0.9705,0.1711,-0.1701,0,-0.1621,0.9846,0.0656,0,0.1787,-0.0361,0.9832,0,2.2512,-1.2997,1.2997,1]},
{"frame":3,"values":[0.985,0.0666,-0.1589,0,-0.0516,0.994,0.0965,0,0.1644,-0.0869,0.9826,0,2.2512,-1.2997,1.2997,1]},
{"frame":4,"values":[0.9832,-0.0408,-0.1777,0,0.0611,0.992,0.1103,0,0.1717,-0.1193,0.9779,0,2.2512,-1.2997,1.2997,1]},
{"frame":5,"values":[0.9735,-0.0934,-0.209,0,0.1185,0.9867,0.1113,0,0.1958,-0.1331,0.9716,0,2.2512,-1.2997,1.2997,1]},
{"frame":6,"values":[0.9729,-0.0421,-0.2272,0,0.0689,0.9914,0.1116,0,0.2206,-0.1243,0.9674,0,2.2512,-1.2997,1.2997,1]},
{"frame":7,"values":[0.9676,0.083,-0.2385,0,-0.0593,0.9927,0.1051,0,0.2454,-0.0876,0.9654,0,2.2512,-1.2997,1.2997,1]},
{"frame":8,"values":[0.9429,0.1932,-0.2713,0,-0.1779,0.9808,0.0798,0,0.2815,-0.027,0.9592,0,2.2512,-1.2997,1.2997,1]},
{"frame":9,"values":[0.9207,0.2276,-0.3171,0,-0.2224,0.9735,0.0528,0,0.3207,0.0219,0.9469,0,2.2512,-1.2997,1.2997,1]},
{"frame":10,"values":[0.9131,0.2194,-0.3436,0,-0.2191,0.9749,0.0404,0,0.3438,0.0383,0.9383,0,2.2512,-1.2997,1.2997,1]},
{"frame":11,"values":[0.9051,0.2269,-0.3597,0,-0.2307,0.9725,0.0329,0,0.3573,0.0532,0.9325,0,2.2512,-1.2997,1.2997,1]},
{"frame":12,"values":[0.8906,0.2465,-0.3821,0,-0.2586,0.9658,0.0203,0,0.374,0.0808,0.9239,0,2.2512,-1.2997,1.2997,1]},
{"frame":13,"values":[0.8843,0.2511,-0.3936,0,-0.27,0.9628,0.0076,0,0.3809,0.0995,0.9193,0,2.2512,-1.2997,1.2997,1]},
{"frame":14,"values":[0.8977,0.2435,-0.3671,0,-0.261,0.9653,0.002,0,0.3549,0.094,0.9302,0,2.2512,-1.2997,1.2997,1]},
{"frame":15,"values":[0.9196,0.2417,-0.3096,0,-0.2527,0.9675,0.0046,0,0.3006,0.074,0.9509,0,2.2512,-1.2997,1.2997,1]},
{"frame":16,"values":[0.9372,0.2462,-0.247,0,-0.2504,0.968,0.0148,0,0.2428,0.048,0.9689,0,2.2512,-1.2997,1.2997,1]},
{"frame":17,"values":[0.9509,0.2351,-0.2012,0,-0.2332,0.9719,0.0331,0,0.2033,0.0154,0.979,0,2.2512,-1.2997,1.2997,1]}],"loopBehavior":1,"name":"anim","property":"_matrix"}},
{"name":"LeftHandThumb3","index":13,"matrix":[0.9993,-0.0224,-0.0303,0,0.023,0.9995,0.0194,0,0.0299,-0.0201,0.9994,0,2.2504,-1.2993,1.2993,1],"rest":[0.9996,-0.0265,-0.0043,0,0.0265,0.9995,0.0176,0,0.0038,-0.0177,0.9998,0,2.2504,-1.2993,1.2993,1],"parentBoneIndex":12,"length":2.0937
,"animation":{"dataType":3,"framePerSecond":24,"keys":[
{"frame":1,"values":[0.9993,-0.0224,-0.0303,0,0.023,0.9995,0.0194,0,0.0299,-0.0201,0.9994,0,2.2504,-1.2993,1.2993,1]},
{"frame":2,"values":[0.9992,0.0047,-0.0386,0,-0.004,0.9998,0.019,0,0.0386,-0.0188,0.9991,0,2.2504,-1.2993,1.2993,1]},
{"frame":3,"values":[0.9965,0.0333,-0.0771,0,-0.0316,0.9992,0.0229,0,0.0778,-0.0204,0.9968,0,2.2504,-1.2993,1.2993,1]},
{"frame":4,"values":[0.9901,0.0528,-0.1301,0,-0.0493,0.9983,0.03,0,0.1315,-0.0233,0.991,0,2.2504,-1.2993,1.2993,1]},
{"frame":5,"values":[0.9821,0.0637,-0.1773,0,-0.0579,0.9976,0.0375,0,0.1792,-0.0265,0.9834,0,2.2504,-1.2993,1.2993,1]},
{"frame":6,"values":[0.9754,0.0688,-0.2093,0,-0.0611,0.9972,0.0433,0,0.2117,-0.0295,0.9769,0,2.2504,-1.2993,1.2993,1]},
{"frame":7,"values":[0.9701,0.0659,-0.2337,0,-0.056,0.9972,0.0489,0,0.2363,-0.0344,0.9711,0,2.2504,-1.2993,1.2993,1]},
{"frame":8,"values":[0.9661,0.0517,-0.2528,0,-0.0392,0.9978,0.0541,0,0.255,-0.0424,0.966,0,2.2504,-1.2993,1.2993,1]},
{"frame":9,"values":[0.9655,0.0364,-0.258,0,-0.0228,0.9982,0.0556,0,0.2595,-0.0478,0.9646,0,2.2504,-1.2993,1.2993,1]},
{"frame":10,"values":[0.9694,0.0307,-0.2437,0,-0.0186,0.9985,0.0518,0,0.2449,-0.0456,0.9685,0,2.2504,-1.2993,1.2993,1]},
{"frame":11,"values":[0.9743,0.0289,-0.2233,0,-0.0191,0.9988,0.0461,0,0.2243,-0.0406,0.9737,0,2.2504,-1.2993,1.2993,1]},
{"frame":12,"values":[0.9781,0.0234,-0.2067,0,-0.0152,0.999,0.0414,0,0.2075,-0.0373,0.9775,0,2.2504,-1.2993,1.2993,1]},
{"frame":13,"values":[0.982,0.0135,-0.1882,0,-0.0065,0.9993,0.0376,0,0.1885,-0.0357,0.9814,0,2.2504,-1.2993,1.2993,1]},
{"frame":14,"values":[0.9879,-0.0014,-0.1552,0,0.0066,0.9994,0.0333,0,0.1551,-0.0339,0.9873,0,2.2504,-1.2993,1.2993,1]},
{"frame":15,"values":[0.9939,-0.018,-0.1085,0,0.0212,0.9994,0.0283,0,0.108,-0.0304,0.9937,0,2.2504,-1.2993,1.2993,1]},
{"frame":16,"values":[0.9977,-0.0282,-0.0609,0,0.0297,0.9993,0.0233,0,0.0602,-0.0251,0.9979,0,2.2504,-1.2993,1.2993,1]},
{"frame":17,"values":[0.9993,-0.0224,-0.0303,0,0.023,0.9995,0.0194,0,0.0299,-0.0201,0.9994,0,2.2504,-1.2993,1.2993,1]}],"loopBehavior":1,"name":"anim","property":"_matrix"}},
{"name":"LeftHandThumb4","index":14,"matrix":[1,0,0,0,0,1,0,0,0,0,1,0,1.642,-0.8764,0.9589,1],"rest":[1,0,0,0,0,1,0,0,0,0,1,0,1.642,-0.8764,0.9589,1],"parentBoneIndex":13,"length":2.0937
,"animation":{"dataType":3,"framePerSecond":24,"keys":[
{"frame":1,"values":[1,0,0,0,0,1,0,0,0,0,1,0,1.642,-0.8764,0.9589,1]},
{"frame":17,"values":[1,0,0,0,0,1,0,0,0,0,1,0,1.642,-0.8764,0.9589,1]}],"loopBehavior":1,"name":"anim","property":"_matrix"}},
{"name":"LeftHandIndex1","index":15,"matrix":[0.9121,0.4008,0.086,0,-0.4024,0.9154,0.0014,0,-0.0782,-0.0359,0.9963,0,7.464,1.013,1.9108,1],"rest":[0.9467,0.3125,0.078,0,-0.3129,0.9497,-0.0071,0,-0.0763,-0.0177,0.9969,0,7.464,1.013,1.9108,1],"parentBoneIndex":10,"length":3.1738
,"animation":{"dataType":3,"framePerSecond":24,"keys":[
{"frame":1,"values":[0.9121,0.4008,0.086,0,-0.4024,0.9154,0.0014,0,-0.0782,-0.0359,0.9963,0,7.464,1.013,1.9108,1]},
{"frame":2,"values":[0.943,0.3221,0.083,0,-0.323,0.9464,-0.0032,0,-0.0796,-0.0238,0.9965,0,7.464,1.013,1.9108,1]},
{"frame":3,"values":[0.9684,0.2393,0.0706,0,-0.2394,0.9709,-0.0077,0,-0.0704,-0.0095,0.9975,0,7.464,1.013,1.9108,1]},
{"frame":4,"values":[0.9866,0.1563,0.0461,0,-0.156,0.9877,-0.011,0,-0.0472,0.0037,0.9989,0,7.464,1.013,1.9108,1]},
{"frame":5,"values":[0.9966,0.0803,0.018,0,-0.08,0.9967,-0.0142,0,-0.0191,0.0127,0.9997,0,7.464,1.013,1.9108,1]},
{"frame":6,"values":[0.9987,0.0501,0.0024,0,-0.0501,0.9986,-0.0153,0,-0.0032,0.0151,0.9999,0,7.464,1.013,1.9108,1]},
{"frame":7,"values":[0.9975,0.0713,0.0026,0,-0.0712,0.9974,-0.0133,0,-0.0036,0.0131,0.9999,0,7.464,1.013,1.9108,1]},
{"frame":8,"values":[0.996,0.089,0.0064,0,-0.0889,0.996,-0.0124,0,-0.0075,0.0117,0.9999,0,7.464,1.013,1.9108,1]},
{"frame":9,"values":[0.9976,0.0681,0.008,0,-0.068,0.9976,-0.0148,0,-0.009,0.0142,0.9999,0,7.464,1.013,1.9108,1]},
{"frame":10,"values":[0.9989,0.0394,0.0269,0,-0.0389,0.9991,-0.0186,0,-0.0276,0.0175,0.9995,0,7.464,1.013,1.9108,1]},
{"frame":11,"values":[0.9973,0.022,0.0704,0,-0.0205,0.9995,-0.0223,0,-0.0709,0.0208,0.9973,0,7.464,1.013,1.9108,1]},
{"frame":12,"values":[0.9935,0.0114,0.1132,0,-0.0085,0.9996,-0.0261,0,-0.1134,0.025,0.9932,0,7.464,1.013,1.9108,1]},
{"frame":13,"values":[0.9914,0.0366,0.1254,0,-0.0335,0.9991,-0.0263,0,-0.1262,0.0219,0.9918,0,7.464,1.013,1.9108,1]},
{"frame":14,"values":[0.9839,0.1428,0.1074,0,-0.1417,0.9897,-0.0177,0,-0.1088,0.0022,0.9941,0,7.464,1.013,1.9108,1]},
{"frame":15,"values":[0.9521,0.2927,0.0884,0,-0.2933,0.956,-0.0057,0,-0.0861,-0.0205,0.9961,0,7.464,1.013,1.9108,1]},
{"frame":16,"values":[0.9136,0.3979,0.0836,0,-0.3993,0.9168,0.0011,0,-0.0762,-0.0344,0.9965,0,7.464,1.013,1.9108,1]},
{"frame":17,"values":[0.9121,0.4008,0.086,0,-0.4024,0.9154,0.0014,0,-0.0782,-0.0359,0.9963,0,7.464,1.013,1.9108,1]}],"loopBehavior":1,"name":"anim","property":"_matrix"}},
{"name":"LeftHandIndex2","index":16,"matrix":[0.9841,-0.174,-0.036,0,0.1738,0.9847,-0.0088,0,0.0369,0.0024,0.9993,0,3.142,-0.4199,-0.157,1],"rest":[0.9998,-0.0181,0.007,0,0.0181,0.9998,-0.0018,0,-0.007,0.0019,1,0,3.142,-0.4199,-0.157,1],"parentBoneIndex":15,"length":2.1038
,"animation":{"dataType":3,"framePerSecond":24,"keys":[
{"frame":1,"values":[0.9841,-0.174,-0.036,0,0.1738,0.9847,-0.0088,0,0.0369,0.0024,0.9993,0,3.142,-0.4199,-0.157,1]},
{"frame":2,"values":[0.9821,-0.1846,-0.0379,0,0.1844,0.9828,-0.0095,0,0.039,0.0024,0.9992,0,3.142,-0.4199,-0.157,1]},
{"frame":3,"values":[0.9773,-0.2076,-0.0421,0,0.2073,0.9782,-0.0113,0,0.0435,0.0023,0.999,0,3.142,-0.4199,-0.157,1]},
{"frame":4,"values":[0.9712,-0.2336,-0.0468,0,0.2333,0.9723,-0.0134,0,0.0487,0.0021,0.9988,0,3.142,-0.4199,-0.157,1]},
{"frame":5,"values":[0.9659,-0.2539,-0.0505,0,0.2535,0.9672,-0.0152,0,0.0527,0.0019,0.9986,0,3.142,-0.4199,-0.157,1]},
{"frame":6,"values":[0.9619,-0.2684,-0.0531,0,0.2679,0.9633,-0.0165,0,0.0556,0.0016,0.9985,0,3.142,-0.4199,-0.157,1]},
{"frame":7,"values":[0.9567,-0.2855,-0.0562,0,0.2849,0.9584,-0.0181,0,0.059,0.0013,0.9983,0,3.142,-0.4199,-0.157,1]},
{"frame":8,"values":[0.9507,-0.3044,-0.0595,0,0.3037,0.9525,-0.0199,0,0.0628,0.0009,0.998,0,3.142,-0.4199,-0.157,1]},
{"frame":9,"values":[0.9495,-0.308,-0.0602,0,0.3074,0.9514,-0.0203,0,0.0635,0.0008,0.998,0,3.142,-0.4199,-0.157,1]},
{"frame":10,"values":[0.9562,-0.2871,-0.0565,0,0.2865,0.9579,-0.0182,0,0.0593,0.0013,0.9982,0,3.142,-0.4199,-0.157,1]},
{"frame":11,"values":[0.9639,-0.2613,-0.0518,0,0.2608,0.9653,-0.0158,0,0.0542,0.0017,0.9985,0,3.142,-0.4199,-0.157,1]},
{"frame":12,"values":[0.9682,-0.2455,-0.049,0,0.2451,0.9694,-0.0144,0,0.051,0.002,0.9987,0,3.142,-0.4199,-0.157,1]},
{"frame":13,"values":[0.9711,-0.2341,-0.0469,0,0.2337,0.9722,-0.0135,0,0.0488,0.0021,0.9988,0,3.142,-0.4199,-0.157,1]},
{"frame":14,"values":[0.9749,-0.2184,-0.0441,0,0.2181,0.9759,-0.0122,0,0.0457,0.0022,0.999,0,3.142,-0.4199,-0.157,1]},
{"frame":15,"values":[0.9792,-0.1988,-0.0405,0,0.1986,0.98,-0.0106,0,0.0418,0.0024,0.9991,0,3.142,-0.4199,-0.157,1]},
{"frame":16,"values":[0.9826,-0.1817,-0.0374,0,0.1815,0.9834,-0.0093,0,0.0384,0.0024,0.9993,0,3.142,-0.4199,-0.157,1]},
{"frame":17,"values":[0.9841,-0.174,-0.036,0,0.1738,0.9847,-0.0088,0,0.0369,0.0024,0.9993,0,3.142,-0.4199,-0.157,1]}],"loopBehavior":1,"name":"anim","property":"_matrix"}},
{"name":"LeftHandIndex3","index":17,"matrix":[0.99,-0.1397,-0.0206,0,0.1395,0.9902,-0.0075,0,0.0214,0.0046,0.9998,0,2.0866,-0.2403,-0.1191,1],"rest":[0.9985,-0.0544,-0.0084,0,0.0544,0.9985,-0.0024,0,0.0085,0.0019,1,0,2.0866,-0.2403,-0.1191,1],"parentBoneIndex":16,"length":1.9464
,"animation":{"dataType":3,"framePerSecond":24,"keys":[
{"frame":1,"values":[0.99,-0.1397,-0.0206,0,0.1395,0.9902,-0.0075,0,0.0214,0.0046,0.9998,0,2.0866,-0.2403,-0.1191,1]},
{"frame":2,"values":[0.9884,-0.1503,-0.0225,0,0.1502,0.9886,-0.0082,0,0.0235,0.0047,0.9997,0,2.0866,-0.2403,-0.1191,1]},
{"frame":3,"values":[0.9845,-0.1733,-0.0268,0,0.1731,0.9849,-0.0097,0,0.028,0.0049,0.9996,0,2.0866,-0.2403,-0.1191,1]},
{"frame":4,"values":[0.9794,-0.1993,-0.0315,0,0.1991,0.9799,-0.0115,0,0.0332,0.005,0.9994,0,2.0866,-0.2403,-0.1191,1]},
{"frame":5,"values":[0.975,-0.2196,-0.0352,0,0.2192,0.9756,-0.0131,0,0.0372,0.005,0.9993,0,2.0866,-0.2403,-0.1191,1]},
{"frame":6,"values":[0.9715,-0.234,-0.0378,0,0.2336,0.9722,-0.0142,0,0.0401,0.005,0.9992,0,2.0866,-0.2403,-0.1191,1]},
{"frame":7,"values":[0.9671,-0.2512,-0.0409,0,0.2508,0.9679,-0.0156,0,0.0435,0.0049,0.999,0,2.0866,-0.2403,-0.1191,1]},
{"frame":8,"values":[0.9618,-0.2703,-0.0444,0,0.2698,0.9628,-0.0173,0,0.0474,0.0047,0.9989,0,2.0866,-0.2403,-0.1191,1]},
{"frame":9,"values":[0.9607,-0.274,-0.045,0,0.2735,0.9617,-0.0176,0,0.0481,0.0046,0.9988,0,2.0866,-0.2403,-0.1191,1]},
{"frame":10,"values":[0.9666,-0.2528,-0.0412,0,0.2524,0.9675,-0.0158,0,0.0439,0.0049,0.999,0,2.0866,-0.2403,-0.1191,1]},
{"frame":11,"values":[0.9733,-0.2267,-0.0365,0,0.2263,0.974,-0.0136,0,0.0386,0.005,0.9992,0,2.0866,-0.2403,-0.1191,1]},
{"frame":12,"values":[0.977,-0.2108,-0.0336,0,0.2105,0.9775,-0.0124,0,0.0355,0.005,0.9994,0,2.0866,-0.2403,-0.1191,1]},
{"frame":13,"values":[0.9794,-0.1994,-0.0315,0,0.1991,0.9799,-0.0116,0,0.0332,0.005,0.9994,0,2.0866,-0.2403,-0.1191,1]},
{"frame":14,"values":[0.9825,-0.1838,-0.0287,0,0.1836,0.9829,-0.0104,0,0.0301,0.005,0.9995,0,2.0866,-0.2403,-0.1191,1]},
{"frame":15,"values":[0.9861,-0.1644,-0.0251,0,0.1642,0.9864,-0.0091,0,0.0263,0.0048,0.9996,0,2.0866,-0.2403,-0.1191,1]},
{"frame":16,"values":[0.9889,-0.1473,-0.022,0,0.1471,0.9891,-0.008,0,0.0229,0.0047,0.9997,0,2.0866,-0.2403,-0.1191,1]},
{"frame":17,"values":[0.99,-0.1397,-0.0206,0,0.1395,0.9902,-0.0075,0,0.0214,0.0046,0.9998,0,2.0866,-0.2403,-0.1191,1]}],"loopBehavior":1,"name":"anim","property":"_matrix"}},
{"name":"LeftHandIndex4","index":18,"matrix":[1,0,0,0,0,1,0,0,0,0,1,0,1.9406,-0.1168,-0.0942,1],"rest":[1,0,0,0,0,1,0,0,0,0,1,0,1.9406,-0.1168,-0.0942,1],"parentBoneIndex":17,"length":1.9464
,"animation":{"dataType":3,"framePerSecond":24,"keys":[
{"frame":1,"values":[1,0,0,0,0,1,0,0,0,0,1,0,1.9406,-0.1168,-0.0942,1]},
{"frame":17,"values":[1,0,0,0,0,1,0,0,0,0,1,0,1.9406,-0.1168,-0.0942,1]}],"loopBehavior":1,"name":"anim","property":"_matrix"}},
