{"producer":{"name":"Blender","version":"2.90.0","exporter_version":"2.80.1","file":"runstraferight_riffle.babylon"},
"autoClear":true,"clearColor":[0.0509,0.0509,0.0509],"gravity":[0,-9.81,0],
"materials":[{"name":"Material","id":"Material","customType":"BABYLON.PBRMaterial","backFaceCulling":true,"checkReadyOnlyOnce":false,"maxSimultaneousLights":4,"environmentIntensity":1,"albedo":[0.8,0.8,0.8],"reflectivity":[0.5,0.5,0.5],"roughness":0.4,"alpha":1,"transparencyMode":0,"alphaCutOff":0.4,"metallic":0}],
"multiMaterials":[],
"skeletons":[{"name":"Armature","id":0,"dimensionsAtRest":[128.1663,151.4482,19.1351],"bones":[
{"name":"Hips","index":0,"matrix":[0.308,0.1157,-0.9443,0,-0.0841,0.992,0.0941,0,-0.9477,-0.0505,-0.3153,0,-1.0157,68.8815,-0.3089,1],"rest":[1,0,0,0,0,1,0,0,0,0,-1,0,0,81.0629,0,1],"parentBoneIndex":-1,"length":7.701
,"animation":{"dataType":3,"framePerSecond":24,"keys":[
{"frame":1,"values":[0.308,0.1157,-0.9443,0,-0.0841,0.992,0.0941,0,-0.9477,-0.0505,-0.3153,0,-1.0157,68.8815,-0.3089,1]},
{"frame":2,"values":[0.3805,0.1733,-0.9084,0,-0.1482,0.981,0.1251,0,-0.9128,-0.087,-0.3989,0,-2.7587,73.1163,1.5496,1]},
{"frame":3,"values":[0.4347,0.2058,-0.8767,0,-0.2048,0.9706,0.1263,0,-0.877,-0.1247,-0.4641,0,-2.3751,74.9971,2.7227,1]},
{"frame":4,"values":[0.4474,0.1474,-0.8821,0,-0.1736,0.9819,0.076,0,-0.8773,-0.1192,-0.4649,0,-1.6593,75.0204,2.7358,1]},
{"frame":5,"values":[0.4679,0.1004,-0.8781,0,-0.108,0.9926,0.0559,0,-0.8772,-0.0687,-0.4752,0,-1.5486,71.3114,2.5209,1]},
{"frame":6,"values":[0.5074,0.1041,-0.8554,0,-0.06,0.9945,0.0854,0,-0.8596,-0.008,-0.5108,0,0.0517,68.5519,2.1032,1]},
{"frame":7,"values":[0.4893,0.0388,-0.8712,0,-0.0929,0.9956,-0.0079,0,-0.8671,-0.0848,-0.4908,0,0.2251,69.9424,1.7337,1]},
{"frame":8,"values":[0.4189,0.0105,-0.908,0,-0.1494,0.9871,-0.0575,0,-0.8956,-0.1598,-0.4151,0,-0.8875,72.9707,0.6682,1]},
{"frame":9,"values":[0.3091,0.0414,-0.9501,0,-0.1812,0.9833,-0.0161,0,-0.9336,-0.1771,-0.3114,0,-1.1378,74.3977,-0.7165,1]},
{"frame":10,"values":[0.2676,0.0227,-0.9633,0,-0.1462,0.9891,-0.0173,0,-0.9524,-0.1454,-0.268,0,-0.3199,73.8546,-1.5343,1]},
{"frame":11,"values":[0.2647,0.0166,-0.9642,0,-0.0952,0.9954,-0.009,0,-0.9596,-0.0942,-0.2651,0,-0.8905,70.977,-1.8684,1]},
{"frame":12,"values":[0.27,0.0484,-0.9616,0,-0.0727,0.9969,0.0298,0,-0.9601,-0.0619,-0.2727,0,-0.0986,67.8576,-1.5762,1]},
{"frame":13,"values":[0.308,0.1162,-0.9443,0,-0.0843,0.9919,0.0945,0,-0.9477,-0.0504,-0.3153,0,-1.0131,68.8774,-0.308,1]}],"loopBehavior":1,"name":"anim","property":"_matrix"}},
{"name":"Spine","index":1,"matrix":[0.9988,-0.0241,-0.0425,0,0.0311,0.9844,0.1729,0,0.0376,-0.174,0.984,0,0.009,7.0626,-0.9847,1],"rest":[1,0,0,0,0,1,0,0,0,0,1,0,0.009,7.0626,-0.9847,1],"parentBoneIndex":0,"length":8.3194
,"animation":{"dataType":3,"framePerSecond":24,"keys":[
{"frame":1,"values":[0.9988,-0.0241,-0.0425,0,0.0311,0.9844,0.1729,0,0.0376,-0.174,0.984,0,0.009,7.0626,-0.9847,1]},
{"frame":2,"values":[0.9977,-0.0437,-0.0511,0,0.0521,0.9828,0.1769,0,0.0425,-0.1792,0.9829,0,0.009,7.0626,-0.9847,1]},
{"frame":3,"values":[0.9976,-0.0487,-0.0491,0,0.0563,0.9844,0.1665,0,0.0402,-0.1689,0.9848,0,0.009,7.0626,-0.9847,1]},
{"frame":4,"values":[0.999,0.0185,-0.041,0,-0.0129,0.9911,0.1322,0,0.043,-0.1316,0.9904,0,0.009,7.0626,-0.9847,1]},
{"frame":5,"values":[0.9991,0.0202,-0.0375,0,-0.0142,0.9881,0.1532,0,0.0401,-0.1525,0.9875,0,0.009,7.0626,-0.9847,1]},
{"frame":6,"values":[0.9993,-0.0295,-0.0245,0,0.0339,0.9786,0.2029,0,0.018,-0.2036,0.9789,0,0.009,7.0626,-0.9847,1]},
{"frame":7,"values":[0.9992,0.0371,0.0121,0,-0.0384,0.9904,0.1326,0,-0.007,-0.1329,0.9911,0,0.009,7.0626,-0.9847,1]},
{"frame":8,"values":[0.9956,0.0905,0.0236,0,-0.0922,0.992,0.0864,0,-0.0156,-0.0882,0.996,0,0.009,7.0626,-0.9847,1]},
{"frame":9,"values":[0.9999,0.0113,0.0056,0,-0.0119,0.9929,0.1182,0,-0.0042,-0.1183,0.993,0,0.009,7.0626,-0.9847,1]},
{"frame":10,"values":[0.9999,0.0047,-0.0094,0,-0.0033,0.9892,0.1465,0,0.01,-0.1464,0.9892,0,0.009,7.0626,-0.9847,1]},
{"frame":11,"values":[0.9998,0.016,-0.0123,0,-0.0138,0.9868,0.1612,0,0.0148,-0.161,0.9868,0,0.009,7.0626,-0.9847,1]},
{"frame":12,"values":[0.9996,0.0064,-0.0284,0,-0.0016,0.9859,0.1674,0,0.0291,-0.1673,0.9855,0,0.009,7.0626,-0.9847,1]},
{"frame":13,"values":[0.9988,-0.0246,-0.0424,0,0.0316,0.9844,0.173,0,0.0375,-0.1742,0.984,0,0.009,7.0626,-0.9847,1]}],"loopBehavior":1,"name":"anim","property":"_matrix"}},
{"name":"Spine1","index":2,"matrix":[0.9963,-0.0318,-0.0795,0,0.0447,0.985,0.1666,0,0.073,-0.1695,0.9828,0,0.0124,8.2397,-1.1488,1],"rest":[1,0,0,0,0,1,0,0,0,0,1,0,0.0124,8.2397,-1.1488,1],"parentBoneIndex":1,"length":9.5079
,"animation":{"dataType":3,"framePerSecond":24,"keys":[
{"frame":1,"values":[0.9963,-0.0318,-0.0795,0,0.0447,0.985,0.1666,0,0.073,-0.1695,0.9828,0,0.0124,8.2397,-1.1488,1]},
{"frame":2,"values":[0.993,-0.0717,-0.0935,0,0.0857,0.9842,0.155,0,0.081,-0.162,0.9835,0,0.0124,8.2397,-1.1488,1]},
{"frame":3,"values":[0.9896,-0.0972,-0.1063,0,0.1124,0.9826,0.1481,0,0.09,-0.1585,0.9833,0,0.0124,8.2397,-1.1488,1]},
{"frame":4,"values":[0.9882,-0.1115,-0.1051,0,0.1283,0.9771,0.1698,0,0.0838,-0.1812,0.9799,0,0.0124,8.2397,-1.1488,1]},
{"frame":5,"values":[0.9942,-0.066,-0.0852,0,0.0808,0.9795,0.1845,0,0.0712,-0.1903,0.9791,0,0.0124,8.2397,-1.1488,1]},
{"frame":6,"values":[0.9988,-0.0136,-0.0465,0,0.0224,0.9808,0.1939,0,0.0429,-0.1947,0.9799,0,0.0124,8.2397,-1.1488,1]},
{"frame":7,"values":[0.9992,-0.0387,-0.002,0,0.0385,0.9857,0.1638,0,-0.0043,-0.1637,0.9865,0,0.0124,8.2397,-1.1488,1]},
{"frame":8,"values":[0.9976,-0.0687,0.0104,0,0.0664,0.9872,0.1451,0,-0.0203,-0.144,0.9894,0,0.0124,8.2397,-1.1488,1]},
{"frame":9,"values":[0.9994,-0.0327,-0.0104,0,0.0338,0.992,0.1219,0,0.0064,-0.1222,0.9925,0,0.0124,8.2397,-1.1488,1]},
{"frame":10,"values":[0.9993,-0.0077,-0.0357,0,0.0128,0.9895,0.1437,0,0.0342,-0.1441,0.989,0,0.0124,8.2397,-1.1488,1]},
{"frame":11,"values":[0.9985,0.0113,-0.0527,0,-0.0024,0.9863,0.1652,0,0.0538,-0.1649,0.9848,0,0.0124,8.2397,-1.1488,1]},
{"frame":12,"values":[0.9978,0.0012,-0.0656,0,0.0099,0.9857,0.168,0,0.0649,-0.1683,0.9836,0,0.0124,8.2397,-1.1488,1]},
{"frame":13,"values":[0.9963,-0.0318,-0.0794,0,0.0447,0.985,0.1664,0,0.0729,-0.1694,0.9829,0,0.0124,8.2397,-1.1488,1]}],"loopBehavior":1,"name":"anim","property":"_matrix"}},
{"name":"Spine2","index":3,"matrix":[0.9965,-0.0214,-0.0812,0,0.0349,0.9851,0.1684,0,0.0764,-0.1707,0.9824,0,0.0142,9.4168,-1.313,1],"rest":[1,0,0,0,0,1,0,0,0,0,1,0,0.0142,9.4168,-1.313,1],"parentBoneIndex":2,"length":9.9132
,"animation":{"dataType":3,"framePerSecond":24,"keys":[
{"frame":1,"values":[0.9965,-0.0214,-0.0812,0,0.0349,0.9851,0.1684,0,0.0764,-0.1707,0.9824,0,0.0142,9.4168,-1.313,1]},
{"frame":2,"values":[0.9937,-0.0581,-0.0958,0,0.0727,0.9849,0.1573,0,0.0852,-0.1633,0.9829,0,0.0142,9.4168,-1.313,1]},
{"frame":3,"values":[0.9903,-0.09,-0.1061,0,0.1056,0.9828,0.1515,0,0.0906,-0.1612,0.9827,0,0.0142,9.4168,-1.313,1]},
{"frame":4,"values":[0.9895,-0.1035,-0.1009,0,0.1203,0.9768,0.1769,0,0.0802,-0.1872,0.979,0,0.0142,9.4168,-1.313,1]},
{"frame":5,"values":[0.995,-0.0598,-0.0803,0,0.0742,0.9791,0.1895,0,0.0673,-0.1945,0.9786,0,0.0142,9.4168,-1.313,1]},
{"frame":6,"values":[0.9988,-0.0094,-0.047,0,0.0184,0.9808,0.1944,0,0.0443,-0.195,0.9798,0,0.0142,9.4168,-1.313,1]},
{"frame":7,"values":[0.9994,-0.0346,0.0017,0,0.0338,0.9859,0.164,0,-0.0073,-0.1639,0.9865,0,0.0142,9.4168,-1.313,1]},
{"frame":8,"values":[0.9976,-0.0683,0.0145,0,0.0655,0.9873,0.1449,0,-0.0243,-0.1436,0.9893,0,0.0142,9.4168,-1.313,1]},
{"frame":9,"values":[0.9994,-0.0325,-0.0115,0,0.0336,0.9919,0.1224,0,0.0074,-0.1228,0.9924,0,0.0142,9.4168,-1.313,1]},
{"frame":10,"values":[0.9993,-0.0038,-0.0364,0,0.009,0.9896,0.1437,0,0.0354,-0.1439,0.989,0,0.0142,9.4168,-1.313,1]},
{"frame":11,"values":[0.9985,0.0165,-0.0518,0,-0.0077,0.9863,0.165,0,0.0538,-0.1643,0.9849,0,0.0142,9.4168,-1.313,1]},
{"frame":12,"values":[0.9978,0.0073,-0.066,0,0.0039,0.9856,0.1688,0,0.0663,-0.1687,0.9834,0,0.0142,9.4168,-1.313,1]},
{"frame":13,"values":[0.9965,-0.0214,-0.0812,0,0.0349,0.9851,0.1683,0,0.0764,-0.1705,0.9824,0,0.0142,9.4168,-1.313,1]}],"loopBehavior":1,"name":"anim","property":"_matrix"}},
{"name":"Neck","index":4,"matrix":[0.9918,-0.0287,-0.1249,0,0.0189,0.9967,-0.0788,0,0.1268,0.0758,0.989,0,0.016,10.5938,-1.4771,1],"rest":[1,0,0,0,0,1,0,0,0,0,1,0,0.016,10.5938,-1.4771,1],"parentBoneIndex":3,"length":5.1073
,"animation":{"dataType":3,"framePerSecond":24,"keys":[
{"frame":1,"values":[0.9918,-0.0287,-0.1249,0,0.0189,0.9967,-0.0788,0,0.1268,0.0758,0.989,0,0.016,10.5938,-1.4771,1]},
{"frame":2,"values":[0.9922,-0.049,-0.1146,0,0.04,0.996,-0.0795,0,0.118,0.0743,0.9902,0,0.016,10.5938,-1.4771,1]},
{"frame":3,"values":[0.9919,-0.0664,-0.1084,0,0.0588,0.9957,-0.0719,0,0.1127,0.065,0.9915,0,0.016,10.5938,-1.4771,1]},
{"frame":4,"values":[0.9919,-0.0616,-0.1107,0,0.0554,0.9968,-0.0583,0,0.1139,0.0517,0.9921,0,0.016,10.5938,-1.4771,1]},
{"frame":5,"values":[0.9929,-0.0427,-0.1112,0,0.0374,0.9981,-0.0492,0,0.113,0.0447,0.9926,0,0.016,10.5938,-1.4771,1]},
{"frame":6,"values":[0.9941,-0.0278,-0.1046,0,0.0223,0.9983,-0.0535,0,0.1059,0.0509,0.9931,0,0.016,10.5938,-1.4771,1]},
{"frame":7,"values":[0.993,-0.027,-0.1148,0,0.0211,0.9984,-0.0523,0,0.116,0.0495,0.992,0,0.016,10.5938,-1.4771,1]},
{"frame":8,"values":[0.9904,-0.0417,-0.1321,0,0.0363,0.9984,-0.0433,0,0.1337,0.0381,0.9903,0,0.016,10.5938,-1.4771,1]},
{"frame":9,"values":[0.9866,-0.0654,-0.1492,0,0.0612,0.9976,-0.0325,0,0.151,0.0229,0.9883,0,0.016,10.5938,-1.4771,1]},
{"frame":10,"values":[0.9853,-0.0726,-0.1544,0,0.0692,0.9972,-0.0272,0,0.156,0.0161,0.9876,0,0.016,10.5938,-1.4771,1]},
{"frame":11,"values":[0.9867,-0.0696,-0.147,0,0.0656,0.9974,-0.0313,0,0.1488,0.0212,0.9886,0,0.016,10.5938,-1.4771,1]},
{"frame":12,"values":[0.9895,-0.0486,-0.1358,0,0.0408,0.9974,-0.059,0,0.1384,0.0528,0.989,0,0.016,10.5938,-1.4771,1]},
{"frame":13,"values":[0.9918,-0.0287,-0.1249,0,0.0189,0.9967,-0.0788,0,0.1268,0.0757,0.989,0,0.016,10.5938,-1.4771,1]}],"loopBehavior":1,"name":"anim","property":"_matrix"}},
{"name":"Head","index":5,"matrix":[0.7894,-0.2201,-0.5731,0,0.1972,0.975,-0.1029,0,0.5814,-0.0318,0.813,0,0,5.0564,0.7196,1],"rest":[1,0,0,0,0,1,0,0,0,0,1,0,0,5.0564,0.7196,1],"parentBoneIndex":4,"length":15.2963
,"animation":{"dataType":3,"framePerSecond":24,"keys":[
{"frame":1,"values":[0.7894,-0.2201,-0.5731,0,0.1972,0.975,-0.1029,0,0.5814,-0.0318,0.813,0,0,5.0564,0.7196,1]},
{"frame":2,"values":[0.8405,-0.1675,-0.5152,0,0.1374,0.9858,-0.0963,0,0.524,0.0102,0.8516,0,0,5.0564,0.7196,1]},
{"frame":3,"values":[0.8623,-0.1178,-0.4925,0,0.0867,0.9926,-0.0856,0,0.4989,0.0311,0.8661,0,0,5.0564,0.7196,1]},
{"frame":4,"values":[0.8407,-0.1066,-0.5309,0,0.0634,0.9931,-0.0991,0,0.5378,0.0496,0.8416,0,0,5.0564,0.7196,1]},
{"frame":5,"values":[0.8251,-0.14,-0.5473,0,0.0975,0.9896,-0.106,0,0.5565,0.0341,0.8302,0,0,5.0564,0.7196,1]},
{"frame":6,"values":[0.8315,-0.1834,-0.5244,0,0.1344,0.9823,-0.1306,0,0.539,0.0381,0.8414,0,0,5.0564,0.7196,1]},
{"frame":7,"values":[0.7969,-0.1186,-0.5923,0,0.0821,0.9927,-0.0883,0,0.5985,0.0217,0.8009,0,0,5.0564,0.7196,1]},
{"frame":8,"values":[0.7554,-0.1062,-0.6466,0,0.062,0.9939,-0.0908,0,0.6523,0.0285,0.7574,0,0,5.0564,0.7196,1]},
{"frame":9,"values":[0.7087,-0.1357,-0.6923,0,0.115,0.9904,-0.0764,0,0.6961,-0.0255,0.7175,0,0,5.0564,0.7196,1]},
{"frame":10,"values":[0.7,-0.2063,-0.6837,0,0.1718,0.9779,-0.1192,0,0.6931,-0.0341,0.72,0,0,5.0564,0.7196,1]},
{"frame":11,"values":[0.7193,-0.2177,-0.6597,0,0.2015,0.9742,-0.1018,0,0.6648,-0.0597,0.7446,0,0,5.0564,0.7196,1]},
{"frame":12,"values":[0.752,-0.2147,-0.6232,0,0.2052,0.9747,-0.0882,0,0.6264,-0.0615,0.777,0,0,5.0564,0.7196,1]},
{"frame":13,"values":[0.7894,-0.2202,-0.5731,0,0.1972,0.9749,-0.1029,0,0.5814,-0.0318,0.813,0,0,5.0564,0.7196,1]}],"loopBehavior":1,"name":"anim","property":"_matrix"}},
{"name":"HeadTop_End","index":6,"matrix":[1,0,0,0,0,1,0,0,0,0,1,0,0,15.1437,2.155,1],"rest":[1,0,0,0,0,1,0,0,0,0,1,0,0,15.1437,2.155,1],"parentBoneIndex":5,"length":15.2963
,"animation":{"dataType":3,"framePerSecond":24,"keys":[
{"frame":1,"values":[1,0,0,0,0,1,0,0,0,0,1,0,0,15.1437,2.155,1]},
{"frame":13,"values":[1,0,0,0,0,1,0,0,0,0,1,0,0,15.1437,2.155,1]}],"loopBehavior":1,"name":"anim","property":"_matrix"}},
{"name":"LeftShoulder","index":7,"matrix":[0.9657,-0.0253,0.2583,0,0.0014,0.9957,0.0923,0,-0.2595,-0.0888,0.9617,0,3.5285,8.7304,-1.4561,1],"rest":[1,-0.0017,0,0,0.0017,1,0,0,0,0,1,0,3.5285,8.7304,-1.4561,1],"parentBoneIndex":3,"length":7.9526
,"animation":{"dataType":3,"framePerSecond":24,"keys":[
{"frame":1,"values":[0.9657,-0.0253,0.2583,0,0.0014,0.9957,0.0923,0,-0.2595,-0.0888,0.9617,0,3.5285,8.7304,-1.4561,1]},
{"frame":2,"values":[0.9675,-0.0447,0.2488,0,0.023,0.9957,0.0893,0,-0.2517,-0.0807,0.9644,0,3.5285,8.7304,-1.4561,1]},
{"frame":3,"values":[0.9694,-0.0323,0.2432,0,0.009,0.9953,0.0963,0,-0.2452,-0.0911,0.9652,0,3.5285,8.7304,-1.4561,1]},
{"frame":4,"values":[0.9642,-0.0422,0.2617,0,0.0162,0.9948,0.1008,0,-0.2646,-0.0929,0.9599,0,3.5285,8.7304,-1.4561,1]},
{"frame":5,"values":[0.9497,-0.0598,0.3073,0,0.0297,0.9944,0.1018,0,-0.3116,-0.0876,0.9462,0,3.5285,8.7304,-1.4561,1]},
{"frame":6,"values":[0.9399,-0.0506,0.3378,0,0.015,0.9941,0.1071,0,-0.3412,-0.0956,0.9351,0,3.5285,8.7304,-1.4561,1]},
{"frame":7,"values":[0.9378,-0.0292,0.3459,0,-0.0075,0.9945,0.1044,0,-0.347,-0.1005,0.9325,0,3.5285,8.7304,-1.4561,1]},
{"frame":8,"values":[0.9425,-0.0473,0.3309,0,0.0103,0.9936,0.1127,0,-0.3341,-0.1028,0.9369,0,3.5285,8.7304,-1.4561,1]},
{"frame":9,"values":[0.9364,-0.1426,0.3205,0,0.1045,0.9855,0.1334,0,-0.3349,-0.0914,0.9378,0,3.5285,8.7304,-1.4561,1]},
{"frame":10,"values":[0.9316,-0.1935,0.3077,0,0.1584,0.978,0.1355,0,-0.3272,-0.0775,0.9418,0,3.5285,8.7304,-1.4561,1]},
{"frame":11,"values":[0.943,-0.1625,0.2903,0,0.1348,0.9844,0.113,0,-0.3042,-0.0674,0.9502,0,3.5285,8.7304,-1.4561,1]},
{"frame":12,"values":[0.9605,-0.0534,0.2732,0,0.0267,0.9946,0.1005,0,-0.2771,-0.0892,0.9567,0,3.5285,8.7304,-1.4561,1]},
{"frame":13,"values":[0.9657,-0.0253,0.2583,0,0.0014,0.9957,0.0923,0,-0.2595,-0.0888,0.9617,0,3.5285,8.7304,-1.4561,1]}],"loopBehavior":1,"name":"anim","property":"_matrix"}},
{"name":"LeftArm","index":8,"matrix":[0.6992,-0.6171,0.361,0,0.6466,0.3305,-0.6875,0,0.305,0.7142,0.6301,0,7.6132,-2.2982,0.0421,1],"rest":[0.9965,-0.0092,0.0835,0,0.0092,1,0.0007,0,-0.0835,0.0001,0.9965,0,7.6132,-2.2982,0.0421,1],"parentBoneIndex":7,"length":18.9821
,"animation":{"dataType":3,"framePerSecond":24,"keys":[
{"frame":1,"values":[0.6992,-0.6171,0.361,0,0.6466,0.3305,-0.6875,0,0.305,0.7142,0.6301,0,7.6132,-2.2982,0.0421,1]},
{"frame":2,"values":[0.7362,-0.4628,0.4938,0,0.6654,0.3617,-0.653,0,0.1236,0.8093,0.5743,0,7.6132,-2.2982,0.0421,1]},
{"frame":3,"values":[0.7245,-0.361,0.5872,0,0.689,0.4031,-0.6023,0,-0.0193,0.8409,0.5408,0,7.6132,-2.2982,0.0421,1]},
{"frame":4,"values":[0.7354,-0.331,0.5913,0,0.6771,0.3944,-0.6213,0,-0.0276,0.8573,0.5141,0,7.6132,-2.2982,0.0421,1]},
{"frame":5,"values":[0.757,-0.3802,0.5315,0,0.6503,0.3579,-0.6701,0,0.0646,0.8528,0.5182,0,7.6132,-2.2982,0.0421,1]},
{"frame":6,"values":[0.7471,-0.4349,0.5027,0,0.653,0.3385,-0.6775,0,0.1245,0.8344,0.5369,0,7.6132,-2.2982,0.0421,1]},
{"frame":7,"values":[0.7689,-0.5386,0.3445,0,0.5638,0.317,-0.7627,0,0.3016,0.7807,0.5474,0,7.6132,-2.2982,0.0421,1]},
{"frame":8,"values":[0.7594,-0.6144,0.2143,0,0.4711,0.292,-0.8323,0,0.4488,0.733,0.5112,0,7.6132,-2.2982,0.0421,1]},
{"frame":9,"values":[0.7226,-0.6707,0.1677,0,0.4517,0.2743,-0.849,0,0.5234,0.6892,0.5011,0,7.6132,-2.2982,0.0421,1]},
{"frame":10,"values":[0.7079,-0.6762,0.2041,0,0.503,0.2798,-0.8178,0,0.4959,0.6815,0.5382,0,7.6132,-2.2982,0.0421,1]},
{"frame":11,"values":[0.6724,-0.7043,0.2278,0,0.5752,0.3033,-0.7597,0,0.466,0.6418,0.609,0,7.6132,-2.2982,0.0421,1]},
{"frame":12,"values":[0.6468,-0.7181,0.2568,0,0.6345,0.3199,-0.7037,0,0.4231,0.6181,0.6625,0,7.6132,-2.2982,0.0421,1]},
{"frame":13,"values":[0.6992,-0.6172,0.3607,0,0.6465,0.3306,-0.6876,0,0.3052,0.714,0.6302,0,7.6132,-2.2982,0.0421,1]}],"loopBehavior":1,"name":"anim","property":"_matrix"}},
{"name":"LeftForeArm","index":9,"matrix":[-0.091,-0.0609,0.994,0,0.9252,-0.3745,0.0618,0,0.3685,0.9252,0.0904,0,18.9146,0.2055,-1.5856,1],"rest":[0.9964,0.0108,-0.0835,0,-0.0108,0.9999,0.0005,0,0.0835,0.0005,0.9965,0,18.9146,0.2055,-1.5856,1],"parentBoneIndex":8,"length":18.4362
,"animation":{"dataType":3,"framePerSecond":24,"keys":[
{"frame":1,"values":[-0.091,-0.0609,0.994,0,0.9252,-0.3745,0.0618,0,0.3685,0.9252,0.0904,0,18.9146,0.2055,-1.5856,1]},
{"frame":2,"values":[0.0634,-0.0616,0.9961,0,0.9284,-0.3626,-0.0815,0,0.3662,0.9299,0.0342,0,18.9146,0.2055,-1.5856,1]},
{"frame":3,"values":[0.1733,-0.0607,0.983,0,0.912,-0.3669,-0.1835,0,0.3718,0.9283,-0.0082,0,18.9146,0.2055,-1.5856,1]},
{"frame":4,"values":[0.1869,-0.06,0.9805,0,0.9112,-0.3623,-0.1958,0,0.367,0.9301,-0.013,0,18.9146,0.2055,-1.5856,1]},
{"frame":5,"values":[0.1129,-0.0611,0.9917,0,0.9179,-0.3757,-0.1276,0,0.3804,0.9247,0.0137,0,18.9146,0.2055,-1.5856,1]},
{"frame":6,"values":[0.0769,-0.0619,0.9951,0,0.9254,-0.367,-0.0944,0,0.371,0.9282,0.029,0,18.9146,0.2055,-1.5856,1]},
{"frame":7,"values":[-0.0845,-0.0608,0.9946,0,0.9214,-0.3848,0.0548,0,0.3793,0.921,0.0885,0,18.9146,0.2055,-1.5856,1]},
{"frame":8,"values":[-0.233,-0.0584,0.9707,0,0.8914,-0.4118,0.1891,0,0.3887,0.9094,0.148,0,18.9146,0.2055,-1.5856,1]},
{"frame":9,"values":[-0.3707,-0.056,0.9271,0,0.8624,-0.3913,0.3212,0,0.3447,0.9186,0.1933,0,18.9146,0.2055,-1.5856,1]},
{"frame":10,"values":[-0.3835,-0.056,0.9219,0,0.8629,-0.3776,0.336,0,0.3293,0.9243,0.1931,0,18.9146,0.2055,-1.5856,1]},
{"frame":11,"values":[-0.3314,-0.0572,0.9418,0,0.8786,-0.3825,0.2859,0,0.3439,0.9222,0.177,0,18.9146,0.2055,-1.5856,1]},
{"frame":12,"values":[-0.2452,-0.059,0.9677,0,0.901,-0.3822,0.205,0,0.3578,0.9222,0.1468,0,18.9146,0.2055,-1.5856,1]},
{"frame":13,"values":[-0.0911,-0.0609,0.994,0,0.9252,-0.3745,0.0619,0,0.3684,0.9252,0.0905,0,18.9146,0.2055,-1.5856,1]}],"loopBehavior":1,"name":"anim","property":"_matrix"}},
{"name":"LeftHand","index":10,"matrix":[0.9849,0.002,0.1729,0,0.1165,0.7314,-0.6719,0,-0.1278,0.6819,0.7202,0,18.4362,0,0,1],"rest":[0.9824,-0.1864,-0.0127,0,0.1846,0.9789,-0.0878,0,0.0288,0.0839,0.9961,0,18.4362,0,0,1],"parentBoneIndex":9,"length":6.699
,"animation":{"dataType":3,"framePerSecond":24,"keys":[
{"frame":1,"values":[0.9849,0.002,0.1729,0,0.1165,0.7314,-0.6719,0,-0.1278,0.6819,0.7202,0,18.4362,0,0,1]},
{"frame":2,"values":[0.9962,-0.0276,0.083,0,0.0773,0.7228,-0.6867,0,-0.041,0.6905,0.7221,0,18.4362,0,0,1]},
{"frame":3,"values":[0.9951,-0.0775,0.0611,0,0.0983,0.7196,-0.6874,0,0.0093,0.6901,0.7237,0,18.4362,0,0,1]},
{"frame":4,"values":[0.9959,-0.0696,0.0574,0,0.0901,0.7423,-0.664,0,0.0036,0.6664,0.7456,0,18.4362,0,0,1]},
{"frame":5,"values":[0.9969,-0.029,0.0731,0,0.0694,0.762,-0.6439,0,-0.0371,0.647,0.7616,0,18.4362,0,0,1]},
{"frame":6,"values":[0.9885,-0.0369,0.1466,0,0.1228,0.7619,-0.6359,0,-0.0883,0.6466,0.7577,0,18.4362,0,0,1]},
{"frame":7,"values":[0.9801,0.0686,0.1861,0,0.0621,0.785,-0.6164,0,-0.1884,0.6157,0.7651,0,18.4362,0,0,1]},
{"frame":8,"values":[0.9756,0.1236,0.1815,0,0.012,0.7953,-0.6061,0,-0.2192,0.5935,0.7744,0,18.4362,0,0,1]},
{"frame":9,"values":[0.9694,0.1651,0.1818,0,-0.02,0.7908,-0.6117,0,-0.2448,0.5894,0.7699,0,18.4362,0,0,1]},
{"frame":10,"values":[0.9721,0.1287,0.1962,0,0.016,0.7978,-0.6027,0,-0.2341,0.589,0.7735,0,18.4362,0,0,1]},
{"frame":11,"values":[0.9723,0.0658,0.2243,0,0.0854,0.7934,-0.6027,0,-0.2176,0.6051,0.7658,0,18.4362,0,0,1]},
{"frame":12,"values":[0.9686,0.0152,0.2483,0,0.1511,0.7571,-0.6356,0,-0.1977,0.6531,0.731,0,18.4362,0,0,1]},
{"frame":13,"values":[0.9849,0.002,0.1729,0,0.1165,0.7314,-0.6719,0,-0.1278,0.6819,0.7202,0,18.4362,0,0,1]}],"loopBehavior":1,"name":"anim","property":"_matrix"}},
{"name":"LeftHandThumb1","index":11,"matrix":[0.9735,0.0862,-0.2117,0,-0.0977,0.9942,-0.0444,0,0.2067,0.0639,0.9763,0,3.0862,-1.2837,1.4227,1],"rest":[0.9923,0.1154,-0.0442,0,-0.1172,0.9923,-0.0407,0,0.0392,0.0455,0.9982,0,3.0862,-1.2837,1.4227,1],"parentBoneIndex":10,"length":2.9063
,"animation":{"dataType":3,"framePerSecond":24,"keys":[
{"frame":1,"values":[0.9735,0.0862,-0.2117,0,-0.0977,0.9942,-0.0444,0,0.2067,0.0639,0.9763,0,3.0862,-1.2837,1.4227,1]},
{"frame":13,"values":[0.9735,0.0862,-0.2117,0,-0.0977,0.9942,-0.0444,0,0.2067,0.0639,0.9763,0,3.0862,-1.2837,1.4227,1]}],"loopBehavior":1,"name":"anim","property":"_matrix"}},
{"name":"LeftHandThumb2","index":12,"matrix":[0.9736,0.078,-0.2146,0,-0.0589,0.9939,0.0937,0,0.2206,-0.0785,0.9722,0,2.2512,-1.2997,1.2997,1],"rest":[1,0,0,0,0,1,0,0,0,0,1,0,2.2512,-1.2997,1.2997,1],"parentBoneIndex":11,"length":2.9053
,"animation":{"dataType":3,"framePerSecond":24,"keys":[
{"frame":1,"values":[0.9736,0.078,-0.2146,0,-0.0589,0.9939,0.0937,0,0.2206,-0.0785,0.9722,0,2.2512,-1.2997,1.2997,1]},
{"frame":13,"values":[0.9736,0.078,-0.2146,0,-0.0589,0.9939,0.0937,0,0.2206,-0.0785,0.9722,0,2.2512,-1.2997,1.2997,1]}],"loopBehavior":1,"name":"anim","property":"_matrix"}},
{"name":"LeftHandThumb3","index":13,"matrix":[0.945,0.0612,0.3214,0,0.0626,0.9304,-0.3612,0,-0.3211,0.3615,0.8753,0,2.2504,-1.2993,1.2993,1],"rest":[0.9996,-0.0265,-0.0043,0,0.0265,0.9995,0.0176,0,0.0038,-0.0177,0.9998,0,2.2504,-1.2993,1.2993,1],"parentBoneIndex":12,"length":2.0937
,"animation":{"dataType":3,"framePerSecond":24,"keys":[
{"frame":1,"values":[0.945,0.0612,0.3214,0,0.0626,0.9304,-0.3612,0,-0.3211,0.3615,0.8753,0,2.2504,-1.2993,1.2993,1]},
{"frame":13,"values":[0.945,0.0612,0.3214,0,0.0626,0.9304,-0.3612,0,-0.3211,0.3615,0.8753,0,2.2504,-1.2993,1.2993,1]}],"loopBehavior":1,"name":"anim","property":"_matrix"}},
{"name":"LeftHandThumb4","index":14,"matrix":[1,0,0,0,0,1,0,0,0,0,1,0,1.642,-0.8764,0.9589,1],"rest":[1,0,0,0,0,1,0,0,0,0,1,0,1.642,-0.8764,0.9589,1],"parentBoneIndex":13,"length":2.0937
,"animation":{"dataType":3,"framePerSecond":24,"keys":[
{"frame":1,"values":[1,0,0,0,0,1,0,0,0,0,1,0,1.642,-0.8764,0.9589,1]},
{"frame":13,"values":[1,0,0,0,0,1,0,0,0,0,1,0,1.642,-0.8764,0.9589,1]}],"loopBehavior":1,"name":"anim","property":"_matrix"}},
{"name":"LeftHandIndex1","index":15,"matrix":[0.9983,-0.0486,0.031,0,0.0427,0.985,0.1673,0,-0.0387,-0.1656,0.9854,0,7.464,1.013,1.9108,1],"rest":[0.9467,0.3125,0.078,0,-0.3129,0.9497,-0.0071,0,-0.0763,-0.0177,0.9969,0,7.464,1.013,1.9108,1],"parentBoneIndex":10,"length":3.1738
,"animation":{"dataType":3,"framePerSecond":24,"keys":[
{"frame":1,"values":[0.9983,-0.0486,0.031,0,0.0427,0.985,0.1673,0,-0.0387,-0.1656,0.9854,0,7.464,1.013,1.9108,1]},
{"frame":13,"values":[0.9983,-0.0486,0.031,0,0.0427,0.985,0.1673,0,-0.0387,-0.1656,0.9854,0,7.464,1.013,1.9108,1]}],"loopBehavior":1,"name":"anim","property":"_matrix"}},
{"name":"LeftHandIndex2","index":16,"matrix":[0.8701,-0.4866,-0.0787,0,0.4852,0.8736,-0.0372,0,0.0869,-0.0058,0.9962,0,3.142,-0.4199,-0.157,1],"rest":[0.9998,-0.0181,0.007,0,0.0181,0.9998,-0.0018,0,-0.007,0.0019,1,0,3.142,-0.4199,-0.157,1],"parentBoneIndex":15,"length":2.1038
,"animation":{"dataType":3,"framePerSecond":24,"keys":[
{"frame":1,"values":[0.8701,-0.4866,-0.0787,0,0.4852,0.8736,-0.0372,0,0.0869,-0.0058,0.9962,0,3.142,-0.4199,-0.157,1]},
{"frame":13,"values":[0.8701,-0.4866,-0.0787,0,0.4852,0.8736,-0.0372,0,0.0869,-0.0058,0.9962,0,3.142,-0.4199,-0.157,1]}],"loopBehavior":1,"name":"anim","property":"_matrix"}},
{"name":"LeftHandIndex3","index":17,"matrix":[0.8497,-0.5191,-0.0921,0,0.5172,0.8546,-0.0461,0,0.1026,-0.0084,0.9947,0,2.0866,-0.2403,-0.1191,1],"rest":[0.9985,-0.0544,-0.0084,0,0.0544,0.9985,-0.0024,0,0.0085,0.0019,1,0,2.0866,-0.2403,-0.1191,1],"parentBoneIndex":16,"length":1.9464
,"animation":{"dataType":3,"framePerSecond":24,"keys":[
{"frame":1,"values":[0.8497,-0.5191,-0.0921,0,0.5172,0.8546,-0.0461,0,0.1026,-0.0084,0.9947,0,2.0866,-0.2403,-0.1191,1]},
{"frame":13,"values":[0.8497,-0.5191,-0.0921,0,0.5172,0.8546,-0.0461,0,0.1026,-0.0084,0.9947,0,2.0866,-0.2403,-0.1191,1]}],"loopBehavior":1,"name":"anim","property":"_matrix"}},
{"name":"LeftHandIndex4","index":18,"matrix":[1,0,0,0,0,1,0,0,0,0,1,0,1.9406,-0.1168,-0.0942,1],"rest":[1,0,0,0,0,1,0,0,0,0,1,0,1.9406,-0.1168,-0.0942,1],"parentBoneIndex":17,"length":1.9464
,"animation":{"dataType":3,"framePerSecond":24,"keys":[
{"frame":1,"values":[1,0,0,0,0,1,0,0,0,0,1,0,1.9406,-0.1168,-0.0942,1]},
{"frame":13,"values":[1,0,0,0,0,1,0,0,0,0,1,0,1.9406,-0.1168,-0.0942,1]}],"loopBehavior":1,"name":"anim","property":"_matrix"}},
{"name":"LeftHandMiddle1","index":19,"matrix":[0.9954,0.0065,0.0952,0,-0.0233,0.984,0.1765,0,-0.0925,-0.1779,0.9797,0,7.4859,1.4067,0.2197,1],"rest":[0.92,0.3717,0.1241,0,-0.3732,0.9277,-0.0117,0,-0.1194,-0.0356,0.9922,0,7.4859,1.4067,0.2197,1],"parentBoneIndex":10,"length":3.6612
,"animation":{"dataType":3,"framePerSecond":24,"keys":[
{"frame":1,"values":[0.9954,0.0065,0.0952,0,-0.0233,0.984,0.1765,0,-0.0925,-0.1779,0.9797,0,7.4859,1.4067,0.2197,1]},
{"frame":13,"values":[0.9954,0.0065,0.0952,0,-0.0233,0.984,0.1765,0,-0.0925,-0.1779,0.9797,0,7.4859,1.4067,0.2197,1]}],"loopBehavior":1,"name":"anim","property":"_matrix"}},
{"name":"LeftHandMiddle2","index":20,"matrix":[0.6855,-0.7052,-0.1812,0,0.7035,0.7056,-0.0849,0,0.1877,-0.0692,0.9798,0,3.5734,-0.7167,-0.3489,1],"rest":[0.9979,0.0003,-0.065,0,0.0005,0.9999,0.013,0,0.065,-0.013,0.9978,0,3.5734,-0.7167,-0.3489,1],"parentBoneIndex":19,"length":2.307
,"animation":{"dataType":3,"framePerSecond":24,"keys":[
{"frame":1,"values":[0.6855,-0.7052,-0.1812,0,0.7035,0.7056,-0.0849,0,0.1877,-0.0692,0.9798,0,3.5734,-0.7167,-0.3489,1]},
{"frame":13,"values":[0.6855,-0.7052,-0.1812,0,0.7035,0.7056,-0.0849,0,0.1877,-0.0692,0.9798,0,3.5734,-0.7167,-0.3489,1]}],"loopBehavior":1,"name":"anim","property":"_matrix"}},
{"name":"LeftHandMiddle3","index":21,"matrix":[0.6495,-0.747,-0.1422,0,0.7483,0.6611,-0.0545,0,0.1347,-0.071,0.9883,0,2.261,-0.4533,-0.0672,1],"rest":[0.9953,-0.0937,-0.0244,0,0.0937,0.9956,0.001,0,0.0242,-0.0032,0.9997,0,2.261,-0.4533,-0.0672,1],"parentBoneIndex":20,"length":2.0715
,"animation":{"dataType":3,"framePerSecond":24,"keys":[
{"frame":1,"values":[0.6495,-0.747,-0.1422,0,0.7483,0.6611,-0.0545,0,0.1347,-0.071,0.9883,0,2.261,-0.4533,-0.0672,1]},
{"frame":13,"values":[0.6495,-0.747,-0.1422,0,0.7483,0.6611,-0.0545,0,0.1347,-0.071,0.9883,0,2.261,-0.4533,-0.0672,1]}],"loopBehavior":1,"name":"anim","property":"_matrix"}},
{"name":"LeftHandMiddle4","index":22,"matrix":[1,0,0,0,0,1,0,0,0,0,1,0,2.0603,-0.215,-0.0098,1],"rest":[1,0,0,0,0,1,0,0,0,0,1,0,2.0603,-0.215,-0.0098,1],"parentBoneIndex":21,"length":2.0715
,"animation":{"dataType":3,"framePerSecond":24,"keys":[
{"frame":1,"values":[1,0,0,0,0,1,0,0,0,0,1,0,2.0603,-0.215,-0.0098,1]},
{"frame":13,"values":[1,0,0,0,0,1,0,0,0,0,1,0,2.0603,-0.215,-0.0098,1]}],"loopBehavior":1,"name":"anim","property":"_matrix"}},
{"name":"LeftHandRing1","index":23,"matrix":[0.9816,0.1002,0.1627,0,-0.1042,0.9944,0.0166,0,-0.1601,-0.0333,0.9865,0,7.12,1.5184,-1.0829,1],"rest":[0.8973,0.3994,0.1882,0,-0.4037,0.9147,-0.0161,0,-0.1786,-0.0615,0.982,0,7.12,1.5184,-1.0829,1],"parentBoneIndex":10,"length":3.3429
,"animation":{"dataType":3,"framePerSecond":24,"keys":[
{"frame":1,"values":[0.9816,0.1002,0.1627,0,-0.1042,0.9944,0.0166,0,-0.1601,-0.0333,0.9865,0,7.12,1.5184,-1.0829,1]},
{"frame":13,"values":[0.9816,0.1002,0.1627,0,-0.1042,0.9944,0.0166,0,-0.1601,-0.0333,0.9865,0,7.12,1.5184,-1.0829,1]}],"loopBehavior":1,"name":"anim","property":"_matrix"}},
{"name":"LeftHandRing2","index":24,"matrix":[0.3011,-0.9468,-0.1136,0,0.9169,0.3202,-0.2384,0,0.2621,-0.0324,0.9645,0,3.2113,-0.763,-0.5297,1],"rest":[0.9976,-0.0644,-0.0249,0,0.0643,0.9979,-0.0055,0,0.0252,0.0038,0.9997,0,3.2113,-0.763,-0.5297,1],"parentBoneIndex":23,"length":2.0362
,"animation":{"dataType":3,"framePerSecond":24,"keys":[
{"frame":1,"values":[0.3011,-0.9468,-0.1136,0,0.9169,0.3202,-0.2384,0,0.2621,-0.0324,0.9645,0,3.2113,-0.763,-0.5297,1]},
{"frame":13,"values":[0.3011,-0.9468,-0.1136,0,0.9169,0.3202,-0.2384,0,0.2621,-0.0324,0.9645,0,3.2113,-0.763,-0.5297,1]}],"loopBehavior":1,"name":"anim","property":"_matrix"}},
{"name":"LeftHandRing3","index":25,"matrix":[0.7784,-0.5366,-0.3257,0,0.5522,0.8321,-0.0514,0,0.2986,-0.1398,0.9441,0,1.9893,-0.3363,-0.275,1],"rest":[0.9933,-0.0196,-0.1141,0,0.0214,0.9997,0.0153,0,0.1138,-0.0176,0.9934,0,1.9893,-0.3363,-0.275,1],"parentBoneIndex":24,"length":2.0532
,"animation":{"dataType":3,"framePerSecond":24,"keys":[
{"frame":1,"values":[0.7784,-0.5366,-0.3257,0,0.5522,0.8321,-0.0514,0,0.2986,-0.1398,0.9441,0,1.9893,-0.3363,-0.275,1]},
{"frame":13,"values":[0.7784,-0.5366,-0.3257,0,0.5522,0.8321,-0.0514,0,0.2986,-0.1398,0.9441,0,1.9893,-0.3363,-0.275,1]}],"loopBehavior":1,"name":"anim","property":"_matrix"}},
{"name":"LeftHandRing4","index":26,"matrix":[1,0,0,0,0,1,0,0,0,0,1,0,2.0307,-0.3002,-0.0413,1],"rest":[1,0,0,0,0,1,0,0,0,0,1,0,2.0307,-0.3002,-0.0413,1],"parentBoneIndex":25,"length":2.0532
,"animation":{"dataType":3,"framePerSecond":24,"keys":[
{"frame":1,"values":[1,0,0,0,0,1,0,0,0,0,1,0,2.0307,-0.3002,-0.0413,1]},
{"frame":13,"values":[1,0,0,0,0,1,0,0,0,0,1,0,2.0307,-0.3002,-0.0413,1]}],"loopBehavior":1,"name":"anim","property":"_matrix"}},
{"name":"LeftHandPinky1","index":27,"matrix":[0.9519,0.2438,0.1857,0,-0.2203,0.9655,-0.1386,0,-0.2131,0.091,0.9728,0,6.5764,1.1849,-2.4314,1],"rest":[0.9177,0.3245,0.2292,0,-0.332,0.9433,-0.0059,0,-0.2181,-0.0707,0.9734,0,6.5764,1.1849,-2.4314,1],"parentBoneIndex":10,"length":3.1503
,"animation":{"dataType":3,"framePerSecond":24,"keys":[
{"frame":1,"values":[0.9519,0.2438,0.1857,0,-0.2203,0.9655,-0.1386,0,-0.2131,0.091,0.9728,0,6.5764,1.1849,-2.4314,1]},
{"frame":13,"values":[0.9519,0.2438,0.1857,0,-0.2203,0.9655,-0.1386,0,-0.2131,0.091,0.9728,0,6.5764,1.1849,-2.4314,1]}],"loopBehavior":1,"name":"anim","property":"_matrix"}},
{"name":"LeftHandPinky2","index":28,"matrix":[0.6794,-0.7146,-0.1665,0,0.696,0.6995,-0.1619,0,0.2322,-0.0059,0.9726,0,3.0496,-0.4795,-0.6278,1],"rest":[0.9937,0.0882,-0.0691,0,-0.0861,0.9958,0.0321,0,0.0716,-0.0259,0.9971,0,3.0496,-0.4795,-0.6278,1],"parentBoneIndex":27,"length":1.8503
,"animation":{"dataType":3,"framePerSecond":24,"keys":[
{"frame":1,"values":[0.6794,-0.7146,-0.1665,0,0.696,0.6995,-0.1619,0,0.2322,-0.0059,0.9726,0,3.0496,-0.4795,-0.6278,1]},
{"frame":2,"values":[0.6794,-0.7146,-0.1665,0,0.696,0.6995,-0.1619,0,0.2322,-0.0059,0.9727,0,3.0496,-0.4795,-0.6278,1]},
{"frame":3,"values":[0.6794,-0.7146,-0.1665,0,0.696,0.6995,-0.1619,0,0.2322,-0.0059,0.9726,0,3.0496,-0.4795,-0.6278,1]},
{"frame":4,"values":[0.6794,-0.7146,-0.1665,0,0.696,0.6995,-0.1619,0,0.2322,-0.0059,0.9727,0,3.0496,-0.4795,-0.6278,1]},
{"frame":9,"values":[0.6794,-0.7146,-0.1665,0,0.696,0.6995,-0.1619,0,0.2322,-0.0059,0.9726,0,3.0496,-0.4795,-0.6278,1]},
{"frame":10,"values":[0.6794,-0.7146,-0.1665,0,0.696,0.6995,-0.1619,0,0.2322,-0.0059,0.9727,0,3.0496,-0.4795,-0.6278,1]},
{"frame":13,"values":[0.6794,-0.7146,-0.1665,0,0.696,0.6995,-0.1619,0,0.2322,-0.0059,0.9726,0,3.0496,-0.4795,-0.6278,1]}],"loopBehavior":1,"name":"anim","property":"_matrix"}},
{"name":"LeftHandPinky3","index":29,"matrix":[0.7054,-0.6768,-0.2109,0,0.676,0.7317,-0.0871,0,0.2133,-0.0811,0.9736,0,1.7805,-0.4465,-0.2321,1],"rest":[0.9686,-0.1965,-0.1523,0,0.1983,0.9801,-0.003,0,0.1498,-0.0273,0.9883,0,1.7805,-0.4465,-0.2321,1],"parentBoneIndex":28,"length":1.8564
,"animation":{"dataType":3,"framePerSecond":24,"keys":[
{"frame":1,"values":[0.7054,-0.6768,-0.2109,0,0.676,0.7317,-0.0871,0,0.2133,-0.0811,0.9736,0,1.7805,-0.4465,-0.2321,1]},
{"frame":13,"values":[0.7054,-0.6768,-0.2109,0,0.676,0.7317,-0.0871,0,0.2133,-0.0811,0.9736,0,1.7805,-0.4465,-0.2321,1]}],"loopBehavior":1,"name":"anim","property":"_matrix"}},
{"name":"LeftHandPinky4","index":30,"matrix":[1,0,0,0,0,1,0,0,0,0,1,0,1.8538,-0.0841,0.0497,1],"rest":[1,0,0,0,0,1,0,0,0,0,1,0,1.8538,-0.0841,0.0497,1],"parentBoneIndex":29,"length":1.8564
,"animation":{"dataType":3,"framePerSecond":24,"keys":[
{"frame":1,"values":[1,0,0,0,0,1,0,0,0,0,1,0,1.8538,-0.0841,0.0497,1]},
{"frame":13,"values":[1,0,0,0,0,1,0,0,0,0,1,0,1.8538,-0.0841,0.0497,1]}],"loopBehavior":1,"name":"anim","property":"_matrix"}},
{"name":"RightShoulder","index":31,"matrix":[0.8827,0.0237,-0.4694,0,0.0623,0.984,0.1669,0,0.4659,-0.1765,0.8671,0,-3.4743,8.7304,-1.4981,1],"rest":[1,0.0005,0,0,-0.0005,1,0,0,0,0,1,0,-3.4743,8.7304,-1.4981,1],"parentBoneIndex":3,"length":7.9131
,"animation":{"dataType":3,"framePerSecond":24,"keys":[
{"frame":1,"values":[0.8827,0.0237,-0.4694,0,0.0623,0.984,0.1669,0,0.4659,-0.1765,0.8671,0,-3.4743,8.7304,-1.4981,1]},
{"frame":2,"values":[0.8745,0.0242,-0.4845,0,0.0677,0.9829,0.1713,0,0.4803,-0.1826,0.8579,0,-3.4743,8.7304,-1.4981,1]},
{"frame":3,"values":[0.8678,0.0258,-0.4962,0,0.0749,0.9804,0.1821,0,0.4912,-0.1952,0.8489,0,-3.4743,8.7304,-1.4981,1]},
{"frame":4,"values":[0.8611,0.0278,-0.5077,0,0.0831,0.9774,0.1945,0,0.5017,-0.2097,0.8393,0,-3.4743,8.7304,-1.4981,1]},
{"frame":5,"values":[0.8514,0.0294,-0.5237,0,0.0924,0.9744,0.2049,0,0.5163,-0.2229,0.8269,0,-3.4743,8.7304,-1.4981,1]},
{"frame":6,"values":[0.847,0.0281,-0.5309,0,0.092,0.9758,0.1984,0,0.5237,-0.2168,0.8239,0,-3.4743,8.7304,-1.4981,1]},
{"frame":7,"values":[0.8541,0.0256,-0.5196,0,0.0822,0.9796,0.1834,0,0.5137,-0.1994,0.8345,0,-3.4743,8.7304,-1.4981,1]},
{"frame":8,"values":[0.8638,0.0252,-0.5032,0,0.0759,0.9808,0.1795,0,0.4981,-0.1932,0.8454,0,-3.4743,8.7304,-1.4981,1]},
{"frame":9,"values":[0.8774,0.0255,-0.4791,0,0.069,0.9815,0.1786,0,0.4748,-0.1897,0.8594,0,-3.4743,8.7304,-1.4981,1]},
{"frame":10,"values":[0.8883,0.0254,-0.4585,0,0.0626,0.9825,0.1756,0,0.4549,-0.1847,0.8712,0,-3.4743,8.7304,-1.4981,1]},
{"frame":11,"values":[0.8917,0.0249,-0.4519,0,0.0597,0.9833,0.1718,0,0.4486,-0.1802,0.8754,0,-3.4743,8.7304,-1.4981,1]},
{"frame":12,"values":[0.889,0.0241,-0.4572,0,0.0598,0.9839,0.1682,0,0.454,-0.1768,0.8733,0,-3.4743,8.7304,-1.4981,1]},
{"frame":13,"values":[0.8826,0.0237,-0.4694,0,0.0623,0.984,0.1669,0,0.4659,-0.1765,0.8671,0,-3.4743,8.7304,-1.4981,1]}],"loopBehavior":1,"name":"anim","property":"_matrix"}},
{"name":"RightArm","index":32,"matrix":[0.4206,0.4007,-0.814,0,-0.4523,0.8703,0.1948,0,0.7865,0.2862,0.5473,0,-7.5693,-2.3069,-0.0421,1],"rest":[0.997,0.0108,-0.0769,0,-0.0108,0.9999,0.0006,0,0.077,0.0002,0.997,0,-7.5693,-2.3069,-0.0421,1],"parentBoneIndex":31,"length":18.9653
,"animation":{"dataType":3,"framePerSecond":24,"keys":[
{"frame":1,"values":[0.4206,0.4007,-0.814,0,-0.4523,0.8703,0.1948,0,0.7865,0.2862,0.5473,0,-7.5693,-2.3069,-0.0421,1]},
{"frame":2,"values":[0.4493,0.3872,-0.8051,0,-0.4617,0.8721,0.1618,0,0.7648,0.299,0.5706,0,-7.5693,-2.3069,-0.0421,1]},
{"frame":3,"values":[0.4932,0.3926,-0.7763,0,-0.4857,0.8646,0.1286,0,0.7217,0.3136,0.6171,0,-7.5693,-2.3069,-0.0421,1]},
{"frame":4,"values":[0.5024,0.38,-0.7767,0,-0.5061,0.8575,0.0922,0,0.7011,0.3467,0.6231,0,-7.5693,-2.3069,-0.0421,1]},
{"frame":5,"values":[0.5067,0.3791,-0.7743,0,-0.5324,0.844,0.0648,0,0.6781,0.3794,0.6295,0,-7.5693,-2.3069,-0.0421,1]},
{"frame":6,"values":[0.5531,0.3623,-0.7502,0,-0.5223,0.8523,0.0265,0,0.649,0.3771,0.6607,0,-7.5693,-2.3069,-0.0421,1]},
{"frame":7,"values":[0.5013,0.3223,-0.803,0,-0.4478,0.8907,0.0779,0,0.7404,0.3205,0.5908,0,-7.5693,-2.3069,-0.0421,1]},
{"frame":8,"values":[0.4279,0.3171,-0.8464,0,-0.3907,0.9093,0.1431,0,0.815,0.2694,0.513,0,-7.5693,-2.3069,-0.0421,1]},
{"frame":9,"values":[0.4352,0.3748,-0.8186,0,-0.3792,0.9009,0.2109,0,0.8166,0.2186,0.5342,0,-7.5693,-2.3069,-0.0421,1]},
{"frame":10,"values":[0.4537,0.4079,-0.7923,0,-0.3976,0.8884,0.2297,0,0.7976,0.2108,0.5652,0,-7.5693,-2.3069,-0.0421,1]},
{"frame":11,"values":[0.4555,0.4246,-0.7824,0,-0.4231,0.8766,0.2294,0,0.7832,0.2266,0.579,0,-7.5693,-2.3069,-0.0421,1]},
{"frame":12,"values":[0.4425,0.4279,-0.7881,0,-0.4437,0.8682,0.2222,0,0.7793,0.2514,0.574,0,-7.5693,-2.3069,-0.0421,1]},
{"frame":13,"values":[0.4206,0.4008,-0.8139,0,-0.4522,0.8703,0.1949,0,0.7865,0.2861,0.5473,0,-7.5693,-2.3069,-0.0421,1]}],"loopBehavior":1,"name":"anim","property":"_matrix"}},
{"name":"RightForeArm","index":33,"matrix":[-0.1631,-0.2396,-0.9571,0,-0.329,0.9277,-0.1761,0,0.9301,0.2862,-0.2301,0,-18.9078,0.2142,-1.4594,1],"rest":[0.9975,-0.0118,0.0692,0,0.0117,0.9999,0.0005,0,-0.0692,0.0003,0.9976,0,-18.9078,0.2142,-1.4594,1],"parentBoneIndex":32,"length":18.4625
,"animation":{"dataType":3,"framePerSecond":24,"keys":[
{"frame":1,"values":[-0.1631,-0.2396,-0.9571,0,-0.329,0.9277,-0.1761,0,0.9301,0.2862,-0.2301,0,-18.9078,0.2142,-1.4594,1]},
{"frame":2,"values":[-0.175,-0.2387,-0.9552,0,-0.3307,0.9281,-0.1713,0,0.9274,0.2859,-0.2413,0,-18.9078,0.2142,-1.4594,1]},
{"frame":3,"values":[-0.2032,-0.2364,-0.9502,0,-0.3256,0.9315,-0.1621,0,0.9234,0.2764,-0.2663,0,-18.9078,0.2142,-1.4594,1]},
{"frame":4,"values":[-0.172,-0.239,-0.9557,0,-0.3511,0.9213,-0.1672,0,0.9204,0.3068,-0.2424,0,-18.9078,0.2142,-1.4594,1]},
{"frame":5,"values":[-0.1878,-0.2379,-0.953,0,-0.3402,0.9259,-0.1641,0,0.9214,0.2934,-0.2548,0,-18.9078,0.2142,-1.4594,1]},
{"frame":6,"values":[-0.174,-0.2387,-0.9554,0,-0.3241,0.93,-0.1734,0,0.9299,0.2795,-0.2392,0,-18.9078,0.2142,-1.4594,1]},
{"frame":7,"values":[-0.0979,-0.2434,-0.965,0,-0.3127,0.928,-0.2024,0,0.9448,0.282,-0.167,0,-18.9078,0.2142,-1.4594,1]},
{"frame":8,"values":[-0.0826,-0.2441,-0.9662,0,-0.3085,0.9282,-0.2082,0,0.9476,0.2809,-0.152,0,-18.9078,0.2142,-1.4594,1]},
{"frame":9,"values":[-0.1839,-0.2379,-0.9537,0,-0.3134,0.9338,-0.1726,0,0.9316,0.2671,-0.2463,0,-18.9078,0.2142,-1.4594,1]},
{"frame":10,"values":[-0.2298,-0.2343,-0.9446,0,-0.3158,0.936,-0.1553,0,0.9206,0.2626,-0.2891,0,-18.9078,0.2142,-1.4594,1]},
{"frame":11,"values":[-0.2318,-0.2341,-0.9442,0,-0.3202,0.9349,-0.1532,0,0.9185,0.2668,-0.2917,0,-18.9078,0.2142,-1.4594,1]},
{"frame":12,"values":[-0.2132,-0.2358,-0.9481,0,-0.3259,0.932,-0.1585,0,0.9211,0.2752,-0.2755,0,-18.9078,0.2142,-1.4594,1]},
{"frame":13,"values":[-0.163,-0.2396,-0.9571,0,-0.329,0.9277,-0.1762,0,0.9302,0.2862,-0.23,0,-18.9078,0.2142,-1.4594,1]}],"loopBehavior":1,"name":"anim","property":"_matrix"}},
{"name":"RightHand","index":34,"matrix":[0.9782,0.1742,0.1131,0,-0.1266,0.9319,-0.34,0,-0.1646,0.3182,0.9336,0,-18.4619,-0.0085,-0.144,1],"rest":[0.9813,0.1865,0.0476,0,-0.177,0.9715,-0.1575,0,-0.0756,0.1461,0.9864,0,-18.4619,-0.0085,-0.144,1],"parentBoneIndex":33,"length":6.6358
,"animation":{"dataType":3,"framePerSecond":24,"keys":[
{"frame":1,"values":[0.9782,0.1742,0.1131,0,-0.1266,0.9319,-0.34,0,-0.1646,0.3182,0.9336,0,-18.4619,-0.0085,-0.144,1]},
{"frame":2,"values":[0.9928,0.0463,0.1107,0,-0.0118,0.9556,-0.2946,0,-0.1194,0.2911,0.9492,0,-18.4619,-0.0085,-0.144,1]},
{"frame":3,"values":[0.9953,-0.0265,0.0931,0,0.0505,0.9625,-0.2667,0,-0.0826,0.2701,0.9593,0,-18.4619,-0.0085,-0.144,1]},
{"frame":4,"values":[0.999,0.0131,0.0419,0,-0.0021,0.9675,-0.2527,0,-0.0439,0.2524,0.9666,0,-18.4619,-0.0085,-0.144,1]},
{"frame":5,"values":[0.993,0.0837,0.0834,0,-0.059,0.9628,-0.2638,0,-0.1023,0.257,0.961,0,-18.4619,-0.0085,-0.144,1]},
{"frame":6,"values":[0.983,0.1723,0.0628,0,-0.1426,0.9337,-0.3283,0,-0.1152,0.3138,0.9425,0,-18.4619,-0.0085,-0.144,1]},
{"frame":7,"values":[0.9803,0.1946,-0.0342,0,-0.1897,0.8789,-0.4377,0,-0.0551,0.4356,0.8985,0,-18.4619,-0.0085,-0.144,1]},
{"frame":8,"values":[0.9783,0.1955,-0.0693,0,-0.2055,0.8685,-0.4511,0,-0.028,0.4555,0.8898,0,-18.4619,-0.0085,-0.144,1]},
{"frame":9,"values":[0.9729,0.231,-0.0091,0,-0.2126,0.8787,-0.4274,0,-0.0907,0.4178,0.904,0,-18.4619,-0.0085,-0.144,1]},
{"frame":10,"values":[0.9619,0.2718,0.0306,0,-0.2398,0.8919,-0.3834,0,-0.1315,0.3614,0.9231,0,-18.4619,-0.0085,-0.144,1]},
{"frame":11,"values":[0.9519,0.2959,0.0792,0,-0.2484,0.8969,-0.3658,0,-0.1793,0.3285,0.9273,0,-18.4619,-0.0085,-0.144,1]},
{"frame":12,"values":[0.9592,0.2613,0.1077,0,-0.2078,0.9102,-0.3582,0,-0.1916,0.3212,0.9274,0,-18.4619,-0.0085,-0.144,1]},
{"frame":13,"values":[0.9782,0.1741,0.113,0,-0.1266,0.9318,-0.3401,0,-0.1645,0.3184,0.9336,0,-18.4619,-0.0085,-0.144,1]}],"loopBehavior":1,"name":"anim","property":"_matrix"}},
