{"producer":{"name":"Blender","version":"2.90.0","exporter_version":"2.80.1","file":"runstrafeleft_riffle.babylon"},
"autoClear":true,"clearColor":[0.0509,0.0509,0.0509],"gravity":[0,-9.81,0],
"materials":[{"name":"Material","id":"Material","customType":"BABYLON.PBRMaterial","backFaceCulling":true,"checkReadyOnlyOnce":false,"maxSimultaneousLights":4,"environmentIntensity":1,"albedo":[0.8,0.8,0.8],"reflectivity":[0.5,0.5,0.5],"roughness":0.4,"alpha":1,"transparencyMode":0,"alphaCutOff":0.4,"metallic":0}],
"multiMaterials":[],
"skeletons":[{"name":"Armature","id":0,"dimensionsAtRest":[128.1663,151.4482,19.1351],"bones":[
{"name":"Hips","index":0,"matrix":[0.6451,0.1626,-0.7466,0,-0.0869,0.9864,0.1397,0,-0.7591,0.0253,-0.6504,0,-0.8606,72.7999,-0.6546,1],"rest":[1,0,0,0,0,1,0,0,0,0,-1,0,0,81.0629,0,1],"parentBoneIndex":-1,"length":7.701
,"animation":{"dataType":3,"framePerSecond":24,"keys":[
{"frame":1,"values":[0.6451,0.1626,-0.7466,0,-0.0869,0.9864,0.1397,0,-0.7591,0.0253,-0.6504,0,-0.8606,72.7999,-0.6546,1]},
{"frame":2,"values":[0.5869,0.1171,-0.8011,0,-0.0611,0.9931,0.1004,0,-0.8073,0.01,-0.59,0,-0.2245,73.2582,-1.3138,1]},
{"frame":3,"values":[0.5191,0.0632,-0.8524,0,-0.039,0.998,0.0503,0,-0.8538,-0.0071,-0.5205,0,-0.4157,76.2681,-2.5194,1]},
{"frame":4,"values":[0.4465,0.0305,-0.8943,0,-0.0287,0.9994,0.0198,0,-0.8943,-0.0168,-0.4471,0,-0.8225,78.4663,-3.6367,1]},
{"frame":5,"values":[0.3757,0.0066,-0.9267,0,-0.0157,0.9999,0.0008,0,-0.9266,-0.0143,-0.3757,0,-0.5315,77.526,-4.4783,1]},
{"frame":6,"values":[0.3141,-0.0195,-0.9492,0,0.0042,0.9998,-0.0191,0,-0.9494,-0.002,-0.3141,0,-0.3015,74.4593,-5.4446,1]},
{"frame":7,"values":[0.3228,-0.0171,-0.9463,0,0.0202,0.9997,-0.0112,0,-0.9462,0.0155,-0.3231,0,-0.6183,73.1447,-6.0824,1]},
{"frame":8,"values":[0.4019,0.0231,-0.9154,0,0.0281,0.9989,0.0375,0,-0.9152,0.0408,-0.4008,0,-1.2362,74.6905,-5.7834,1]},
{"frame":9,"values":[0.5157,0.0738,-0.8536,0,0.0054,0.996,0.0893,0,-0.8568,0.0506,-0.5132,0,-1.8756,77.2813,-4.7179,1]},
{"frame":10,"values":[0.6192,0.1132,-0.777,0,-0.0806,0.9935,0.0805,0,-0.7811,-0.0128,-0.6243,0,-2.4353,78.4048,-3.6183,1]},
{"frame":11,"values":[0.6949,0.1472,-0.7039,0,-0.1246,0.9887,0.0837,0,-0.7082,-0.0296,-0.7054,0,-1.9566,77.2313,-2.431,1]},
{"frame":12,"values":[0.6908,0.1671,-0.7035,0,-0.104,0.9858,0.132,0,-0.7155,0.018,-0.6983,0,-1.5527,74.9979,-1.2411,1]},
{"frame":13,"values":[0.6451,0.1626,-0.7466,0,-0.0869,0.9864,0.1397,0,-0.7591,0.0253,-0.6504,0,-0.8606,72.7999,-0.6546,1]}],"loopBehavior":1,"name":"anim","property":"_matrix"}},
{"name":"Spine","index":1,"matrix":[0.9994,0.0342,-0.0074,0,-0.0315,0.9706,0.2386,0,0.0154,-0.2383,0.9711,0,0.009,7.0626,-0.9847,1],"rest":[1,0,0,0,0,1,0,0,0,0,1,0,0.009,7.0626,-0.9847,1],"parentBoneIndex":0,"length":8.3194
,"animation":{"dataType":3,"framePerSecond":24,"keys":[
{"frame":1,"values":[0.9994,0.0342,-0.0074,0,-0.0315,0.9706,0.2386,0,0.0154,-0.2383,0.9711,0,0.009,7.0626,-0.9847,1]},
{"frame":2,"values":[0.9959,0.0902,0.0074,0,-0.0893,0.965,0.2465,0,0.0151,-0.2461,0.9691,0,0.009,7.0626,-0.9847,1]},
{"frame":3,"values":[0.991,0.1334,0.0124,0,-0.132,0.9565,0.26,0,0.0228,-0.2593,0.9655,0,0.009,7.0626,-0.9847,1]},
{"frame":4,"values":[0.9913,0.1313,0.009,0,-0.129,0.9554,0.2658,0,0.0263,-0.2646,0.964,0,0.009,7.0626,-0.9847,1]},
{"frame":5,"values":[0.9955,0.094,-0.0074,0,-0.0893,0.9651,0.2461,0,0.0302,-0.2444,0.9692,0,0.009,7.0626,-0.9847,1]},
{"frame":6,"values":[0.9978,0.0625,-0.0231,0,-0.0549,0.9676,0.2465,0,0.0377,-0.2446,0.9689,0,0.009,7.0626,-0.9847,1]},
{"frame":7,"values":[0.9987,0.0291,-0.0419,0,-0.0183,0.971,0.2384,0,0.0476,-0.2373,0.9703,0,0.009,7.0626,-0.9847,1]},
{"frame":8,"values":[0.9981,0.0222,-0.0581,0,-0.0071,0.9688,0.2476,0,0.0618,-0.2467,0.9671,0,0.009,7.0626,-0.9847,1]},
{"frame":9,"values":[0.9976,0.0272,-0.0642,0,-0.0101,0.9675,0.2525,0,0.069,-0.2512,0.9655,0,0.009,7.0626,-0.9847,1]},
{"frame":10,"values":[0.998,0.041,-0.0478,0,-0.0309,0.9801,0.1963,0,0.0549,-0.1944,0.9794,0,0.009,7.0626,-0.9847,1]},
{"frame":11,"values":[0.9986,0.0423,-0.0312,0,-0.0369,0.9869,0.1571,0,0.0375,-0.1557,0.9871,0,0.009,7.0626,-0.9847,1]},
{"frame":12,"values":[0.9993,0.0333,-0.0186,0,-0.029,0.98,0.1969,0,0.0247,-0.1962,0.9802,0,0.009,7.0626,-0.9847,1]},
{"frame":13,"values":[0.9994,0.0343,-0.0074,0,-0.0315,0.9706,0.2386,0,0.0154,-0.2383,0.9711,0,0.009,7.0626,-0.9847,1]}],"loopBehavior":1,"name":"anim","property":"_matrix"}},
{"name":"Spine1","index":2,"matrix":[0.9966,-0.0662,-0.0486,0,0.0728,0.9858,0.1512,0,0.0379,-0.1542,0.9873,0,0.0124,8.2397,-1.1488,1],"rest":[1,0,0,0,0,1,0,0,0,0,1,0,0.0124,8.2397,-1.1488,1],"parentBoneIndex":1,"length":9.5079
,"animation":{"dataType":3,"framePerSecond":24,"keys":[
{"frame":1,"values":[0.9966,-0.0662,-0.0486,0,0.0728,0.9858,0.1512,0,0.0379,-0.1542,0.9873,0,0.0124,8.2397,-1.1488,1]},
{"frame":2,"values":[0.9954,-0.0859,-0.0427,0,0.0914,0.9842,0.1519,0,0.029,-0.1551,0.9875,0,0.0124,8.2397,-1.1488,1]},
{"frame":3,"values":[0.9945,-0.0933,-0.0481,0,0.0993,0.9847,0.143,0,0.0341,-0.147,0.9886,0,0.0124,8.2397,-1.1488,1]},
{"frame":4,"values":[0.994,-0.0973,-0.0501,0,0.1029,0.9868,0.1253,0,0.0372,-0.1297,0.9908,0,0.0124,8.2397,-1.1488,1]},
{"frame":5,"values":[0.9937,-0.0986,-0.0541,0,0.1049,0.986,0.1293,0,0.0406,-0.1342,0.9901,0,0.0124,8.2397,-1.1488,1]},
{"frame":6,"values":[0.9951,-0.0789,-0.0591,0,0.0856,0.9888,0.1221,0,0.0488,-0.1266,0.9908,0,0.0124,8.2397,-1.1488,1]},
{"frame":7,"values":[0.9963,-0.0485,-0.0709,0,0.0552,0.9938,0.0964,0,0.0657,-0.1,0.9928,0,0.0124,8.2397,-1.1488,1]},
{"frame":8,"values":[0.9948,-0.0491,-0.0895,0,0.059,0.992,0.1115,0,0.0833,-0.1162,0.9897,0,0.0124,8.2397,-1.1488,1]},
{"frame":9,"values":[0.9925,-0.0651,-0.1034,0,0.0781,0.9887,0.1279,0,0.094,-0.135,0.9864,0,0.0124,8.2397,-1.1488,1]},
{"frame":10,"values":[0.9935,-0.0726,-0.0871,0,0.0836,0.988,0.13,0,0.0767,-0.1364,0.9877,0,0.0124,8.2397,-1.1488,1]},
{"frame":11,"values":[0.9958,-0.0627,-0.0665,0,0.0718,0.9869,0.1447,0,0.0565,-0.1489,0.9872,0,0.0124,8.2397,-1.1488,1]},
{"frame":12,"values":[0.9964,-0.0651,-0.0545,0,0.073,0.9843,0.1606,0,0.0432,-0.164,0.9855,0,0.0124,8.2397,-1.1488,1]},
{"frame":13,"values":[0.9966,-0.0662,-0.0486,0,0.0728,0.9858,0.1512,0,0.0379,-0.1542,0.9873,0,0.0124,8.2397,-1.1488,1]}],"loopBehavior":1,"name":"anim","property":"_matrix"}},
{"name":"Spine2","index":3,"matrix":[0.9962,-0.0744,-0.0449,0,0.0805,0.9851,0.1518,0,0.0329,-0.1549,0.9874,0,0.0142,9.4168,-1.313,1],"rest":[1,0,0,0,0,1,0,0,0,0,1,0,0.0142,9.4168,-1.313,1],"parentBoneIndex":2,"length":9.9132
,"animation":{"dataType":3,"framePerSecond":24,"keys":[
{"frame":1,"values":[0.9962,-0.0744,-0.0449,0,0.0805,0.9851,0.1518,0,0.0329,-0.1549,0.9874,0,0.0142,9.4168,-1.313,1]},
{"frame":2,"values":[0.9954,-0.0897,-0.0349,0,0.0941,0.9835,0.1547,0,0.0204,-0.1573,0.9873,0,0.0142,9.4168,-1.313,1]},
{"frame":3,"values":[0.9947,-0.0949,-0.0386,0,0.0996,0.9841,0.147,0,0.0241,-0.1501,0.9884,0,0.0142,9.4168,-1.313,1]},
{"frame":4,"values":[0.9944,-0.0972,-0.0408,0,0.1017,0.9862,0.1306,0,0.0276,-0.134,0.9906,0,0.0142,9.4168,-1.313,1]},
{"frame":5,"values":[0.9941,-0.0965,-0.049,0,0.1024,0.9854,0.1361,0,0.0351,-0.1403,0.9895,0,0.0142,9.4168,-1.313,1]},
{"frame":6,"values":[0.9955,-0.0771,-0.055,0,0.0837,0.988,0.1297,0,0.0443,-0.1338,0.99,0,0.0142,9.4168,-1.313,1]},
{"frame":7,"values":[0.9969,-0.0486,-0.0623,0,0.0548,0.9933,0.102,0,0.0569,-0.1051,0.9928,0,0.0142,9.4168,-1.313,1]},
{"frame":8,"values":[0.9955,-0.0481,-0.0817,0,0.0575,0.9916,0.1162,0,0.0755,-0.1203,0.9899,0,0.0142,9.4168,-1.313,1]},
{"frame":9,"values":[0.9931,-0.0633,-0.0983,0,0.0761,0.9882,0.1326,0,0.0887,-0.1392,0.9863,0,0.0142,9.4168,-1.313,1]},
{"frame":10,"values":[0.9937,-0.0729,-0.0852,0,0.0838,0.9876,0.1328,0,0.0744,-0.1391,0.9875,0,0.0142,9.4168,-1.313,1]},
{"frame":11,"values":[0.9955,-0.0677,-0.0659,0,0.0767,0.9864,0.1453,0,0.0552,-0.1497,0.9872,0,0.0142,9.4168,-1.313,1]},
{"frame":12,"values":[0.9959,-0.073,-0.0529,0,0.0807,0.9836,0.1611,0,0.0402,-0.1647,0.9855,0,0.0142,9.4168,-1.313,1]},
{"frame":13,"values":[0.9962,-0.0744,-0.0449,0,0.0805,0.9851,0.1518,0,0.033,-0.1549,0.9874,0,0.0142,9.4168,-1.313,1]}],"loopBehavior":1,"name":"anim","property":"_matrix"}},
{"name":"Neck","index":4,"matrix":[0.9939,0.0295,-0.1065,0,-0.024,0.9983,0.0528,0,0.1079,-0.0499,0.9929,0,0.016,10.5938,-1.4771,1],"rest":[1,0,0,0,0,1,0,0,0,0,1,0,0.016,10.5938,-1.4771,1],"parentBoneIndex":3,"length":5.1073
,"animation":{"dataType":3,"framePerSecond":24,"keys":[
{"frame":1,"values":[0.9939,0.0295,-0.1065,0,-0.024,0.9983,0.0528,0,0.1079,-0.0499,0.9929,0,0.016,10.5938,-1.4771,1]},
{"frame":2,"values":[0.9934,0.0336,-0.1095,0,-0.0281,0.9983,0.0514,0,0.1111,-0.048,0.9927,0,0.016,10.5938,-1.4771,1]},
{"frame":3,"values":[0.9928,0.037,-0.1137,0,-0.0316,0.9983,0.0497,0,0.1154,-0.0458,0.9923,0,0.016,10.5938,-1.4771,1]},
{"frame":4,"values":[0.9922,0.0367,-0.1193,0,-0.0311,0.9983,0.0485,0,0.1209,-0.0444,0.9917,0,0.016,10.5938,-1.4771,1]},
{"frame":5,"values":[0.9914,0.028,-0.1278,0,-0.0227,0.9988,0.0428,0,0.1289,-0.0395,0.9909,0,0.016,10.5938,-1.4771,1]},
{"frame":6,"values":[0.9908,0.0149,-0.1343,0,-0.0095,0.9991,0.0412,0,0.1348,-0.0396,0.9901,0,0.016,10.5938,-1.4771,1]},
{"frame":7,"values":[0.9913,0.0177,-0.1302,0,-0.0124,0.9991,0.0415,0,0.1309,-0.0396,0.9906,0,0.016,10.5938,-1.4771,1]},
{"frame":8,"values":[0.9922,0.0284,-0.1212,0,-0.0234,0.9988,0.0428,0,0.1223,-0.0397,0.9917,0,0.016,10.5938,-1.4771,1]},
{"frame":9,"values":[0.9929,0.0277,-0.1155,0,-0.0224,0.9987,0.0464,0,0.1167,-0.0435,0.9922,0,0.016,10.5938,-1.4771,1]},
{"frame":10,"values":[0.9935,0.0225,-0.1112,0,-0.017,0.9986,0.0501,0,0.1122,-0.0479,0.9925,0,0.016,10.5938,-1.4771,1]},
{"frame":11,"values":[0.994,0.0227,-0.1073,0,-0.0172,0.9985,0.0522,0,0.1084,-0.0501,0.9929,0,0.016,10.5938,-1.4771,1]},
{"frame":12,"values":[0.9941,0.0255,-0.1051,0,-0.02,0.9984,0.0532,0,0.1063,-0.0508,0.993,0,0.016,10.5938,-1.4771,1]},
{"frame":13,"values":[0.9939,0.0295,-0.1065,0,-0.024,0.9983,0.0528,0,0.1079,-0.0499,0.9929,0,0.016,10.5938,-1.4771,1]}],"loopBehavior":1,"name":"anim","property":"_matrix"}},
{"name":"Head","index":5,"matrix":[0.8272,-0.2868,-0.4833,0,0.2424,0.958,-0.1536,0,0.507,0.0099,0.8619,0,0,5.0564,0.7196,1],"rest":[1,0,0,0,0,1,0,0,0,0,1,0,0,5.0564,0.7196,1],"parentBoneIndex":4,"length":15.2963
,"animation":{"dataType":3,"framePerSecond":24,"keys":[
{"frame":1,"values":[0.8272,-0.2868,-0.4833,0,0.2424,0.958,-0.1536,0,0.507,0.0099,0.8619,0,0,5.0564,0.7196,1]},
{"frame":2,"values":[0.7929,-0.3064,-0.5266,0,0.2489,0.9518,-0.1791,0,0.5561,0.011,0.831,0,0,5.0564,0.7196,1]},
{"frame":3,"values":[0.7639,-0.2971,-0.5728,0,0.2319,0.9548,-0.186,0,0.6022,0.0093,0.7983,0,0,5.0564,0.7196,1]},
{"frame":4,"values":[0.7383,-0.2559,-0.624,0,0.1959,0.9667,-0.1646,0,0.6454,-0.0007,0.7639,0,0,5.0564,0.7196,1]},
{"frame":5,"values":[0.7236,-0.2356,-0.6488,0,0.169,0.9718,-0.1644,0,0.6692,0.0093,0.743,0,0,5.0564,0.7196,1]},
{"frame":6,"values":[0.712,-0.2252,-0.6651,0,0.1677,0.9743,-0.1504,0,0.6819,-0.0044,0.7314,0,0,5.0564,0.7196,1]},
{"frame":7,"values":[0.7348,-0.183,-0.6532,0,0.1886,0.9801,-0.0624,0,0.6516,-0.0773,0.7546,0,0,5.0564,0.7196,1]},
{"frame":8,"values":[0.7826,-0.1955,-0.591,0,0.2033,0.9776,-0.0541,0,0.5884,-0.0778,0.8048,0,0,5.0564,0.7196,1]},
{"frame":9,"values":[0.8403,-0.1987,-0.5044,0,0.1895,0.9794,-0.0701,0,0.5079,-0.0367,0.8606,0,0,5.0564,0.7196,1]},
{"frame":10,"values":[0.8669,-0.2061,-0.4539,0,0.1817,0.9785,-0.0973,0,0.4642,0.0018,0.8857,0,0,5.0564,0.7196,1]},
{"frame":11,"values":[0.8843,-0.2229,-0.4102,0,0.1855,0.9741,-0.1293,0,0.4284,0.0383,0.9028,0,0,5.0564,0.7196,1]},
{"frame":12,"values":[0.8652,-0.2516,-0.4337,0,0.2194,0.9678,-0.1237,0,0.4508,0.0118,0.8925,0,0,5.0564,0.7196,1]},
{"frame":13,"values":[0.8272,-0.2868,-0.4833,0,0.2424,0.9579,-0.1536,0,0.507,0.0099,0.8619,0,0,5.0564,0.7196,1]}],"loopBehavior":1,"name":"anim","property":"_matrix"}},
{"name":"HeadTop_End","index":6,"matrix":[1,0,0,0,0,1,0,0,0,0,1,0,0,15.1437,2.155,1],"rest":[1,0,0,0,0,1,0,0,0,0,1,0,0,15.1437,2.155,1],"parentBoneIndex":5,"length":15.2963
,"animation":{"dataType":3,"framePerSecond":24,"keys":[
{"frame":1,"values":[1,0,0,0,0,1,0,0,0,0,1,0,0,15.1437,2.155,1]},
{"frame":13,"values":[1,0,0,0,0,1,0,0,0,0,1,0,0,15.1437,2.155,1]}],"loopBehavior":1,"name":"anim","property":"_matrix"}},
{"name":"LeftShoulder","index":7,"matrix":[0.8316,-0.0186,0.5551,0,-0.0731,0.9871,0.1425,0,-0.5506,-0.1591,0.8195,0,3.5285,8.7304,-1.4561,1],"rest":[1,-0.0017,0,0,0.0017,1,0,0,0,0,1,0,3.5285,8.7304,-1.4561,1],"parentBoneIndex":3,"length":7.9526
,"animation":{"dataType":3,"framePerSecond":24,"keys":[
{"frame":1,"values":[0.8316,-0.0186,0.5551,0,-0.0731,0.9871,0.1425,0,-0.5506,-0.1591,0.8195,0,3.5285,8.7304,-1.4561,1]},
{"frame":2,"values":[0.8817,-0.0194,0.4714,0,-0.0509,0.9894,0.1358,0,-0.4691,-0.1437,0.8714,0,3.5285,8.7304,-1.4561,1]},
{"frame":3,"values":[0.93,-0.0178,0.3671,0,-0.026,0.9931,0.114,0,-0.3666,-0.1156,0.9232,0,3.5285,8.7304,-1.4561,1]},
{"frame":4,"values":[0.9579,-0.0146,0.2867,0,-0.0108,0.9962,0.0869,0,-0.2869,-0.0863,0.9541,0,3.5285,8.7304,-1.4561,1]},
{"frame":5,"values":[0.9679,-0.0141,0.2509,0,-0.0065,0.9967,0.0814,0,-0.2513,-0.0804,0.9646,0,3.5285,8.7304,-1.4561,1]},
{"frame":6,"values":[0.9687,-0.0137,0.2478,0,-0.0059,0.9969,0.0783,0,-0.2481,-0.0773,0.9656,0,3.5285,8.7304,-1.4561,1]},
{"frame":7,"values":[0.9561,-0.0147,0.2925,0,-0.0115,0.9961,0.0876,0,-0.2927,-0.0871,0.9522,0,3.5285,8.7304,-1.4561,1]},
{"frame":8,"values":[0.9275,-0.0161,0.3734,0,-0.0247,0.9943,0.1042,0,-0.3729,-0.1058,0.9218,0,3.5285,8.7304,-1.4561,1]},
{"frame":9,"values":[0.8937,-0.0168,0.4483,0,-0.04,0.9923,0.1169,0,-0.4469,-0.1224,0.8862,0,3.5285,8.7304,-1.4561,1]},
{"frame":10,"values":[0.8658,-0.0173,0.5001,0,-0.0536,0.9904,0.1271,0,-0.4975,-0.1368,0.8566,0,3.5285,8.7304,-1.4561,1]},
{"frame":11,"values":[0.84,-0.0185,0.5423,0,-0.0686,0.9878,0.1399,0,-0.5383,-0.1547,0.8284,0,3.5285,8.7304,-1.4561,1]},
{"frame":12,"values":[0.8187,-0.0195,0.5739,0,-0.0819,0.9852,0.1503,0,-0.5684,-0.1701,0.805,0,3.5285,8.7304,-1.4561,1]},
{"frame":13,"values":[0.8316,-0.0186,0.5551,0,-0.0731,0.9871,0.1425,0,-0.5506,-0.1591,0.8195,0,3.5285,8.7304,-1.4561,1]}],"loopBehavior":1,"name":"anim","property":"_matrix"}},
{"name":"LeftArm","index":8,"matrix":[0.8847,-0.2938,0.3619,0,0.4638,0.4772,-0.7464,0,0.0466,0.8282,0.5584,0,7.6132,-2.2982,0.0421,1],"rest":[0.9965,-0.0092,0.0835,0,0.0092,1,0.0007,0,-0.0835,0.0001,0.9965,0,7.6132,-2.2982,0.0421,1],"parentBoneIndex":7,"length":18.9821
,"animation":{"dataType":3,"framePerSecond":24,"keys":[
{"frame":1,"values":[0.8847,-0.2938,0.3619,0,0.4638,0.4772,-0.7464,0,0.0466,0.8282,0.5584,0,7.6132,-2.2982,0.0421,1]},
{"frame":2,"values":[0.8653,-0.291,0.4082,0,0.4988,0.4192,-0.7586,0,0.0496,0.86,0.5079,0,7.6132,-2.2982,0.0421,1]},
{"frame":3,"values":[0.8159,-0.3616,0.4512,0,0.5743,0.4172,-0.7043,0,0.0664,0.8338,0.548,0,7.6132,-2.2982,0.0421,1]},
{"frame":4,"values":[0.7954,-0.4353,0.4218,0,0.5925,0.4113,-0.6927,0,0.1281,0.8008,0.5851,0,7.6132,-2.2982,0.0421,1]},
{"frame":5,"values":[0.8355,-0.4189,0.3556,0,0.5391,0.4997,-0.678,0,0.1063,0.7582,0.6433,0,7.6132,-2.2982,0.0421,1]},
{"frame":6,"values":[0.8331,-0.4667,0.297,0,0.5217,0.4842,-0.7024,0,0.184,0.7401,0.6469,0,7.6132,-2.2982,0.0421,1]},
{"frame":7,"values":[0.8273,-0.4983,0.2596,0,0.5337,0.5526,-0.6402,0,0.1756,0.6681,0.723,0,7.6132,-2.2982,0.0421,1]},
{"frame":8,"values":[0.8295,-0.452,0.3279,0,0.549,0.5524,-0.6272,0,0.1024,0.7004,0.7064,0,7.6132,-2.2982,0.0421,1]},
{"frame":9,"values":[0.8303,-0.3529,0.4313,0,0.5567,0.5601,-0.6134,0,-0.0251,0.7495,0.6616,0,7.6132,-2.2982,0.0421,1]},
{"frame":10,"values":[0.841,-0.333,0.4263,0,0.5396,0.5728,-0.617,0,-0.0388,0.749,0.6614,0,7.6132,-2.2982,0.0421,1]},
{"frame":11,"values":[0.846,-0.2777,0.4552,0,0.528,0.5558,-0.6421,0,-0.0747,0.7836,0.6168,0,7.6132,-2.2982,0.0421,1]},
{"frame":12,"values":[0.876,-0.2319,0.4229,0,0.4797,0.5095,-0.7143,0,-0.0498,0.8286,0.5576,0,7.6132,-2.2982,0.0421,1]},
{"frame":13,"values":[0.8847,-0.2937,0.3619,0,0.4638,0.4772,-0.7464,0,0.0466,0.8282,0.5584,0,7.6132,-2.2982,0.0421,1]}],"loopBehavior":1,"name":"anim","property":"_matrix"}},
{"name":"LeftForeArm","index":9,"matrix":[0.1275,-0.0784,0.9887,0,0.9239,-0.3533,-0.1471,0,0.3608,0.9322,0.0274,0,18.9146,0.2055,-1.5856,1],"rest":[0.9964,0.0108,-0.0835,0,-0.0108,0.9999,0.0005,0,0.0835,0.0005,0.9965,0,18.9146,0.2055,-1.5856,1],"parentBoneIndex":8,"length":18.4362
,"animation":{"dataType":3,"framePerSecond":24,"keys":[
{"frame":1,"values":[0.1275,-0.0784,0.9887,0,0.9239,-0.3533,-0.1471,0,0.3608,0.9322,0.0274,0,18.9146,0.2055,-1.5856,1]},
{"frame":2,"values":[0.1123,-0.1079,0.9878,0,0.9288,-0.3419,-0.143,0,0.3531,0.9335,0.0618,0,18.9146,0.2055,-1.5856,1]},
{"frame":3,"values":[0.0939,-0.1168,0.9887,0,0.9262,-0.3539,-0.1297,0,0.3651,0.9279,0.075,0,18.9146,0.2055,-1.5856,1]},
{"frame":4,"values":[0.0166,-0.1074,0.9941,0,0.9093,-0.4119,-0.0597,0,0.4159,0.9049,0.0908,0,18.9146,0.2055,-1.5856,1]},
{"frame":5,"values":[-0.0451,-0.0729,0.9963,0,0.8914,-0.4532,0.0072,0,0.451,0.8884,0.0854,0,18.9146,0.2055,-1.5856,1]},
{"frame":6,"values":[-0.1043,-0.0751,0.9917,0,0.8703,-0.4895,0.0544,0,0.4814,0.8688,0.1164,0,18.9146,0.2055,-1.5856,1]},
{"frame":7,"values":[-0.0528,-0.0719,0.996,0,0.888,-0.4596,0.0139,0,0.4567,0.8852,0.0881,0,18.9146,0.2055,-1.5856,1]},
{"frame":8,"values":[0.0428,-0.0657,0.9969,0,0.8909,-0.4492,-0.0678,0,0.4523,0.891,0.0393,0,18.9146,0.2055,-1.5856,1]},
{"frame":9,"values":[0.1406,-0.0565,0.9884,0,0.8978,-0.4135,-0.1514,0,0.4173,0.9087,-0.0074,0,18.9146,0.2055,-1.5856,1]},
{"frame":10,"values":[0.1455,-0.0405,0.9885,0,0.8984,-0.4131,-0.1491,0,0.4144,0.9098,-0.0237,0,18.9146,0.2055,-1.5856,1]},
{"frame":11,"values":[0.1861,-0.0538,0.981,0,0.8851,-0.4243,-0.1912,0,0.4266,0.9039,-0.0313,0,18.9146,0.2055,-1.5856,1]},
{"frame":12,"values":[0.1872,-0.0633,0.9803,0,0.91,-0.3647,-0.1973,0,0.37,0.929,-0.0107,0,18.9146,0.2055,-1.5856,1]},
{"frame":13,"values":[0.1275,-0.0784,0.9887,0,0.9239,-0.3533,-0.1472,0,0.3609,0.9322,0.0274,0,18.9146,0.2055,-1.5856,1]}],"loopBehavior":1,"name":"anim","property":"_matrix"}},
{"name":"LeftHand","index":10,"matrix":[0.9742,-0.0348,0.2231,0,0.1977,0.6088,-0.7683,0,-0.1091,0.7926,0.5999,0,18.4362,0,0,1],"rest":[0.9824,-0.1864,-0.0127,0,0.1846,0.9789,-0.0878,0,0.0288,0.0839,0.9961,0,18.4362,0,0,1],"parentBoneIndex":9,"length":6.699
,"animation":{"dataType":3,"framePerSecond":24,"keys":[
{"frame":1,"values":[0.9742,-0.0348,0.2231,0,0.1977,0.6088,-0.7683,0,-0.1091,0.7926,0.5999,0,18.4362,0,0,1]},
{"frame":2,"values":[0.9717,-0.0023,0.2362,0,0.1841,0.6338,-0.7512,0,-0.1479,0.7735,0.6163,0,18.4362,0,0,1]},
{"frame":3,"values":[0.9671,-0.0407,0.2512,0,0.2123,0.6732,-0.7083,0,-0.1403,0.7383,0.6597,0,18.4362,0,0,1]},
{"frame":4,"values":[0.976,0.0103,0.2175,0,0.1364,0.7496,-0.6477,0,-0.1697,0.6618,0.7302,0,18.4362,0,0,1]},
{"frame":5,"values":[0.9612,0.0315,0.2741,0,0.1561,0.757,-0.6345,0,-0.2275,0.6527,0.7227,0,18.4362,0,0,1]},
{"frame":6,"values":[0.9565,0.0245,0.2906,0,0.1635,0.7801,-0.6039,0,-0.2415,0.6252,0.7421,0,18.4362,0,0,1]},
{"frame":7,"values":[0.9453,-0.0432,0.3234,0,0.2497,0.7336,-0.6321,0,-0.2099,0.6782,0.7042,0,18.4362,0,0,1]},
{"frame":8,"values":[0.9558,-0.0938,0.2788,0,0.2597,0.7142,-0.65,0,-0.1382,0.6936,0.707,0,18.4362,0,0,1]},
{"frame":9,"values":[0.9726,-0.0842,0.2166,0,0.2131,0.695,-0.6867,0,-0.0927,0.714,0.6939,0,18.4362,0,0,1]},
{"frame":10,"values":[0.9823,-0.0694,0.1737,0,0.1735,0.6859,-0.7068,0,-0.0701,0.7244,0.6858,0,18.4362,0,0,1]},
{"frame":11,"values":[0.9826,-0.0613,0.1755,0,0.1695,0.683,-0.7105,0,-0.0763,0.7279,0.6814,0,18.4362,0,0,1]},
{"frame":12,"values":[0.9812,-0.0243,0.1917,0,0.164,0.629,-0.7599,0,-0.1021,0.777,0.6212,0,18.4362,0,0,1]},
{"frame":13,"values":[0.9742,-0.0348,0.2231,0,0.1977,0.6088,-0.7683,0,-0.1091,0.7926,0.6,0,18.4362,0,0,1]}],"loopBehavior":1,"name":"anim","property":"_matrix"}},
{"name":"LeftHandThumb1","index":11,"matrix":[0.9735,0.0862,-0.2117,0,-0.0977,0.9942,-0.0444,0,0.2067,0.0639,0.9763,0,3.0862,-1.2837,1.4227,1],"rest":[0.9923,0.1154,-0.0442,0,-0.1172,0.9923,-0.0407,0,0.0392,0.0455,0.9982,0,3.0862,-1.2837,1.4227,1],"parentBoneIndex":10,"length":2.9063
,"animation":{"dataType":3,"framePerSecond":24,"keys":[
{"frame":1,"values":[0.9735,0.0862,-0.2117,0,-0.0977,0.9942,-0.0444,0,0.2067,0.0639,0.9763,0,3.0862,-1.2837,1.4227,1]},
{"frame":13,"values":[0.9735,0.0862,-0.2117,0,-0.0977,0.9942,-0.0444,0,0.2067,0.0639,0.9763,0,3.0862,-1.2837,1.4227,1]}],"loopBehavior":1,"name":"anim","property":"_matrix"}},
{"name":"LeftHandThumb2","index":12,"matrix":[0.9736,0.078,-0.2146,0,-0.0589,0.9939,0.0937,0,0.2206,-0.0785,0.9722,0,2.2512,-1.2997,1.2997,1],"rest":[1,0,0,0,0,1,0,0,0,0,1,0,2.2512,-1.2997,1.2997,1],"parentBoneIndex":11,"length":2.9053
,"animation":{"dataType":3,"framePerSecond":24,"keys":[
{"frame":1,"values":[0.9736,0.078,-0.2146,0,-0.0589,0.9939,0.0937,0,0.2206,-0.0785,0.9722,0,2.2512,-1.2997,1.2997,1]},
{"frame":13,"values":[0.9736,0.078,-0.2146,0,-0.0589,0.9939,0.0937,0,0.2206,-0.0785,0.9722,0,2.2512,-1.2997,1.2997,1]}],"loopBehavior":1,"name":"anim","property":"_matrix"}},
{"name":"LeftHandThumb3","index":13,"matrix":[0.945,0.0612,0.3214,0,0.0626,0.9304,-0.3612,0,-0.3211,0.3615,0.8753,0,2.2504,-1.2993,1.2993,1],"rest":[0.9996,-0.0265,-0.0043,0,0.0265,0.9995,0.0176,0,0.0038,-0.0177,0.9998,0,2.2504,-1.2993,1.2993,1],"parentBoneIndex":12,"length":2.0937
,"animation":{"dataType":3,"framePerSecond":24,"keys":[
{"frame":1,"values":[0.945,0.0612,0.3214,0,0.0626,0.9304,-0.3612,0,-0.3211,0.3615,0.8753,0,2.2504,-1.2993,1.2993,1]},
{"frame":13,"values":[0.945,0.0612,0.3214,0,0.0626,0.9304,-0.3612,0,-0.3211,0.3615,0.8753,0,2.2504,-1.2993,1.2993,1]}],"loopBehavior":1,"name":"anim","property":"_matrix"}},
{"name":"LeftHandThumb4","index":14,"matrix":[1,0,0,0,0,1,0,0,0,0,1,0,1.642,-0.8764,0.9589,1],"rest":[1,0,0,0,0,1,0,0,0,0,1,0,1.642,-0.8764,0.9589,1],"parentBoneIndex":13,"length":2.0937
,"animation":{"dataType":3,"framePerSecond":24,"keys":[
{"frame":1,"values":[1,0,0,0,0,1,0,0,0,0,1,0,1.642,-0.8764,0.9589,1]},
{"frame":13,"values":[1,0,0,0,0,1,0,0,0,0,1,0,1.642,-0.8764,0.9589,1]}],"loopBehavior":1,"name":"anim","property":"_matrix"}},
{"name":"LeftHandIndex1","index":15,"matrix":[0.9983,-0.0486,0.031,0,0.0427,0.985,0.1673,0,-0.0387,-0.1656,0.9854,0,7.464,1.013,1.9108,1],"rest":[0.9467,0.3125,0.078,0,-0.3129,0.9497,-0.0071,0,-0.0763,-0.0177,0.9969,0,7.464,1.013,1.9108,1],"parentBoneIndex":10,"length":3.1738
,"animation":{"dataType":3,"framePerSecond":24,"keys":[
{"frame":1,"values":[0.9983,-0.0486,0.031,0,0.0427,0.985,0.1673,0,-0.0387,-0.1656,0.9854,0,7.464,1.013,1.9108,1]},
{"frame":13,"values":[0.9983,-0.0486,0.031,0,0.0427,0.985,0.1673,0,-0.0387,-0.1656,0.9854,0,7.464,1.013,1.9108,1]}],"loopBehavior":1,"name":"anim","property":"_matrix"}},
{"name":"LeftHandIndex2","index":16,"matrix":[0.8701,-0.4866,-0.0787,0,0.4852,0.8736,-0.0372,0,0.0869,-0.0058,0.9962,0,3.142,-0.4199,-0.157,1],"rest":[0.9998,-0.0181,0.007,0,0.0181,0.9998,-0.0018,0,-0.007,0.0019,1,0,3.142,-0.4199,-0.157,1],"parentBoneIndex":15,"length":2.1038
,"animation":{"dataType":3,"framePerSecond":24,"keys":[
{"frame":1,"values":[0.8701,-0.4866,-0.0787,0,0.4852,0.8736,-0.0372,0,0.0869,-0.0058,0.9962,0,3.142,-0.4199,-0.157,1]},
{"frame":13,"values":[0.8701,-0.4866,-0.0787,0,0.4852,0.8736,-0.0372,0,0.0869,-0.0058,0.9962,0,3.142,-0.4199,-0.157,1]}],"loopBehavior":1,"name":"anim","property":"_matrix"}},
{"name":"LeftHandIndex3","index":17,"matrix":[0.8497,-0.5191,-0.0921,0,0.5172,0.8546,-0.0461,0,0.1026,-0.0084,0.9947,0,2.0866,-0.2403,-0.1191,1],"rest":[0.9985,-0.0544,-0.0084,0,0.0544,0.9985,-0.0024,0,0.0085,0.0019,1,0,2.0866,-0.2403,-0.1191,1],"parentBoneIndex":16,"length":1.9464
,"animation":{"dataType":3,"framePerSecond":24,"keys":[
{"frame":1,"values":[0.8497,-0.5191,-0.0921,0,0.5172,0.8546,-0.0461,0,0.1026,-0.0084,0.9947,0,2.0866,-0.2403,-0.1191,1]},
{"frame":13,"values":[0.8497,-0.5191,-0.0921,0,0.5172,0.8546,-0.0461,0,0.1026,-0.0084,0.9947,0,2.0866,-0.2403,-0.1191,1]}],"loopBehavior":1,"name":"anim","property":"_matrix"}},
{"name":"LeftHandIndex4","index":18,"matrix":[1,0,0,0,0,1,0,0,0,0,1,0,1.9406,-0.1168,-0.0942,1],"rest":[1,0,0,0,0,1,0,0,0,0,1,0,1.9406,-0.1168,-0.0942,1],"parentBoneIndex":17,"length":1.9464
,"animation":{"dataType":3,"framePerSecond":24,"keys":[
{"frame":1,"values":[1,0,0,0,0,1,0,0,0,0,1,0,1.9406,-0.1168,-0.0942,1]},
{"frame":13,"values":[1,0,0,0,0,1,0,0,0,0,1,0,1.9406,-0.1168,-0.0942,1]}],"loopBehavior":1,"name":"anim","property":"_matrix"}},
{"name":"LeftHandMiddle1","index":19,"matrix":[0.9954,0.0065,0.0952,0,-0.0233,0.984,0.1765,0,-0.0925,-0.1779,0.9797,0,7.4859,1.4067,0.2197,1],"rest":[0.92,0.3717,0.1241,0,-0.3732,0.9277,-0.0117,0,-0.1194,-0.0356,0.9922,0,7.4859,1.4067,0.2197,1],"parentBoneIndex":10,"length":3.6612
,"animation":{"dataType":3,"framePerSecond":24,"keys":[
{"frame":1,"values":[0.9954,0.0065,0.0952,0,-0.0233,0.984,0.1765,0,-0.0925,-0.1779,0.9797,0,7.4859,1.4067,0.2197,1]},
{"frame":13,"values":[0.9954,0.0065,0.0952,0,-0.0233,0.984,0.1765,0,-0.0925,-0.1779,0.9797,0,7.4859,1.4067,0.2197,1]}],"loopBehavior":1,"name":"anim","property":"_matrix"}},
{"name":"LeftHandMiddle2","index":20,"matrix":[0.6855,-0.7052,-0.1812,0,0.7035,0.7056,-0.0849,0,0.1877,-0.0693,0.9798,0,3.5734,-0.7167,-0.3489,1],"rest":[0.9979,0.0003,-0.065,0,0.0005,0.9999,0.013,0,0.065,-0.013,0.9978,0,3.5734,-0.7167,-0.3489,1],"parentBoneIndex":19,"length":2.307
,"animation":{"dataType":3,"framePerSecond":24,"keys":[
{"frame":1,"values":[0.6855,-0.7052,-0.1812,0,0.7035,0.7056,-0.0849,0,0.1877,-0.0693,0.9798,0,3.5734,-0.7167,-0.3489,1]},
{"frame":13,"values":[0.6855,-0.7052,-0.1812,0,0.7035,0.7056,-0.0849,0,0.1877,-0.0693,0.9798,0,3.5734,-0.7167,-0.3489,1]}],"loopBehavior":1,"name":"anim","property":"_matrix"}},
{"name":"LeftHandMiddle3","index":21,"matrix":[0.6495,-0.747,-0.1422,0,0.7483,0.6611,-0.0545,0,0.1347,-0.071,0.9883,0,2.261,-0.4533,-0.0672,1],"rest":[0.9953,-0.0937,-0.0244,0,0.0937,0.9956,0.001,0,0.0242,-0.0032,0.9997,0,2.261,-0.4533,-0.0672,1],"parentBoneIndex":20,"length":2.0715
,"animation":{"dataType":3,"framePerSecond":24,"keys":[
{"frame":1,"values":[0.6495,-0.747,-0.1422,0,0.7483,0.6611,-0.0545,0,0.1347,-0.071,0.9883,0,2.261,-0.4533,-0.0672,1]},
{"frame":13,"values":[0.6495,-0.747,-0.1422,0,0.7483,0.6611,-0.0545,0,0.1347,-0.071,0.9883,0,2.261,-0.4533,-0.0672,1]}],"loopBehavior":1,"name":"anim","property":"_matrix"}},
{"name":"LeftHandMiddle4","index":22,"matrix":[1,0,0,0,0,1,0,0,0,0,1,0,2.0603,-0.215,-0.0098,1],"rest":[1,0,0,0,0,1,0,0,0,0,1,0,2.0603,-0.215,-0.0098,1],"parentBoneIndex":21,"length":2.0715
,"animation":{"dataType":3,"framePerSecond":24,"keys":[
{"frame":1,"values":[1,0,0,0,0,1,0,0,0,0,1,0,2.0603,-0.215,-0.0098,1]},
{"frame":13,"values":[1,0,0,0,0,1,0,0,0,0,1,0,2.0603,-0.215,-0.0098,1]}],"loopBehavior":1,"name":"anim","property":"_matrix"}},
{"name":"LeftHandRing1","index":23,"matrix":[0.9816,0.1002,0.1627,0,-0.1042,0.9944,0.0166,0,-0.1601,-0.0333,0.9865,0,7.12,1.5184,-1.0829,1],"rest":[0.8973,0.3994,0.1882,0,-0.4037,0.9147,-0.0161,0,-0.1786,-0.0615,0.982,0,7.12,1.5184,-1.0829,1],"parentBoneIndex":10,"length":3.3429
,"animation":{"dataType":3,"framePerSecond":24,"keys":[
{"frame":1,"values":[0.9816,0.1002,0.1627,0,-0.1042,0.9944,0.0166,0,-0.1601,-0.0333,0.9865,0,7.12,1.5184,-1.0829,1]},
{"frame":13,"values":[0.9816,0.1002,0.1627,0,-0.1042,0.9944,0.0166,0,-0.1601,-0.0333,0.9865,0,7.12,1.5184,-1.0829,1]}],"loopBehavior":1,"name":"anim","property":"_matrix"}},
{"name":"LeftHandRing2","index":24,"matrix":[0.3011,-0.9468,-0.1136,0,0.9169,0.3202,-0.2384,0,0.2621,-0.0324,0.9645,0,3.2113,-0.763,-0.5297,1],"rest":[0.9976,-0.0644,-0.0249,0,0.0643,0.9979,-0.0055,0,0.0252,0.0038,0.9997,0,3.2113,-0.763,-0.5297,1],"parentBoneIndex":23,"length":2.0362
,"animation":{"dataType":3,"framePerSecond":24,"keys":[
{"frame":1,"values":[0.3011,-0.9468,-0.1136,0,0.9169,0.3202,-0.2384,0,0.2621,-0.0324,0.9645,0,3.2113,-0.763,-0.5297,1]},
{"frame":13,"values":[0.3011,-0.9468,-0.1136,0,0.9169,0.3202,-0.2384,0,0.2621,-0.0324,0.9645,0,3.2113,-0.763,-0.5297,1]}],"loopBehavior":1,"name":"anim","property":"_matrix"}},
{"name":"LeftHandRing3","index":25,"matrix":[0.7784,-0.5366,-0.3257,0,0.5522,0.8321,-0.0514,0,0.2986,-0.1398,0.9441,0,1.9893,-0.3363,-0.275,1],"rest":[0.9933,-0.0196,-0.1141,0,0.0214,0.9997,0.0153,0,0.1138,-0.0176,0.9934,0,1.9893,-0.3363,-0.275,1],"parentBoneIndex":24,"length":2.0532
,"animation":{"dataType":3,"framePerSecond":24,"keys":[
{"frame":1,"values":[0.7784,-0.5366,-0.3257,0,0.5522,0.8321,-0.0514,0,0.2986,-0.1398,0.9441,0,1.9893,-0.3363,-0.275,1]},
{"frame":13,"values":[0.7784,-0.5366,-0.3257,0,0.5522,0.8321,-0.0514,0,0.2986,-0.1398,0.9441,0,1.9893,-0.3363,-0.275,1]}],"loopBehavior":1,"name":"anim","property":"_matrix"}},
{"name":"LeftHandRing4","index":26,"matrix":[1,0,0,0,0,1,0,0,0,0,1,0,2.0307,-0.3002,-0.0413,1],"rest":[1,0,0,0,0,1,0,0,0,0,1,0,2.0307,-0.3002,-0.0413,1],"parentBoneIndex":25,"length":2.0532
,"animation":{"dataType":3,"framePerSecond":24,"keys":[
{"frame":1,"values":[1,0,0,0,0,1,0,0,0,0,1,0,2.0307,-0.3002,-0.0413,1]},
{"frame":13,"values":[1,0,0,0,0,1,0,0,0,0,1,0,2.0307,-0.3002,-0.0413,1]}],"loopBehavior":1,"name":"anim","property":"_matrix"}},
{"name":"LeftHandPinky1","index":27,"matrix":[0.9519,0.2438,0.1857,0,-0.2203,0.9655,-0.1386,0,-0.2131,0.091,0.9728,0,6.5764,1.1849,-2.4314,1],"rest":[0.9177,0.3245,0.2292,0,-0.332,0.9433,-0.0059,0,-0.2181,-0.0707,0.9734,0,6.5764,1.1849,-2.4314,1],"parentBoneIndex":10,"length":3.1503
,"animation":{"dataType":3,"framePerSecond":24,"keys":[
{"frame":1,"values":[0.9519,0.2438,0.1857,0,-0.2203,0.9655,-0.1386,0,-0.2131,0.091,0.9728,0,6.5764,1.1849,-2.4314,1]},
{"frame":13,"values":[0.9519,0.2438,0.1857,0,-0.2203,0.9655,-0.1386,0,-0.2131,0.091,0.9728,0,6.5764,1.1849,-2.4314,1]}],"loopBehavior":1,"name":"anim","property":"_matrix"}},
{"name":"LeftHandPinky2","index":28,"matrix":[0.6794,-0.7146,-0.1665,0,0.696,0.6995,-0.1619,0,0.2322,-0.0059,0.9727,0,3.0496,-0.4795,-0.6278,1],"rest":[0.9937,0.0882,-0.0691,0,-0.0861,0.9958,0.0321,0,0.0716,-0.0259,0.9971,0,3.0496,-0.4795,-0.6278,1],"parentBoneIndex":27,"length":1.8503
,"animation":{"dataType":3,"framePerSecond":24,"keys":[
{"frame":1,"values":[0.6794,-0.7146,-0.1665,0,0.696,0.6995,-0.1619,0,0.2322,-0.0059,0.9727,0,3.0496,-0.4795,-0.6278,1]},
{"frame":3,"values":[0.6794,-0.7146,-0.1665,0,0.696,0.6995,-0.1619,0,0.2322,-0.0059,0.9726,0,3.0496,-0.4795,-0.6278,1]},
{"frame":5,"values":[0.6794,-0.7146,-0.1665,0,0.696,0.6995,-0.1619,0,0.2322,-0.0059,0.9727,0,3.0496,-0.4795,-0.6278,1]},
{"frame":6,"values":[0.6794,-0.7146,-0.1665,0,0.696,0.6995,-0.1619,0,0.2322,-0.0059,0.9726,0,3.0496,-0.4795,-0.6278,1]},
{"frame":7,"values":[0.6794,-0.7146,-0.1665,0,0.696,0.6995,-0.1619,0,0.2322,-0.0059,0.9727,0,3.0496,-0.4795,-0.6278,1]},
{"frame":11,"values":[0.6794,-0.7146,-0.1665,0,0.696,0.6995,-0.1619,0,0.2322,-0.0059,0.9726,0,3.0496,-0.4795,-0.6278,1]},
{"frame":13,"values":[0.6794,-0.7146,-0.1665,0,0.696,0.6995,-0.1619,0,0.2322,-0.0059,0.9727,0,3.0496,-0.4795,-0.6278,1]}],"loopBehavior":1,"name":"anim","property":"_matrix"}},
{"name":"LeftHandPinky3","index":29,"matrix":[0.7054,-0.6768,-0.2109,0,0.676,0.7317,-0.0871,0,0.2133,-0.0811,0.9736,0,1.7805,-0.4465,-0.2321,1],"rest":[0.9686,-0.1965,-0.1523,0,0.1983,0.9801,-0.003,0,0.1498,-0.0273,0.9883,0,1.7805,-0.4465,-0.2321,1],"parentBoneIndex":28,"length":1.8564
,"animation":{"dataType":3,"framePerSecond":24,"keys":[
{"frame":1,"values":[0.7054,-0.6768,-0.2109,0,0.676,0.7317,-0.0871,0,0.2133,-0.0811,0.9736,0,1.7805,-0.4465,-0.2321,1]},
{"frame":13,"values":[0.7054,-0.6768,-0.2109,0,0.676,0.7317,-0.0871,0,0.2133,-0.0811,0.9736,0,1.7805,-0.4465,-0.2321,1]}],"loopBehavior":1,"name":"anim","property":"_matrix"}},
{"name":"LeftHandPinky4","index":30,"matrix":[1,0,0,0,0,1,0,0,0,0,1,0,1.8538,-0.0841,0.0497,1],"rest":[1,0,0,0,0,1,0,0,0,0,1,0,1.8538,-0.0841,0.0497,1],"parentBoneIndex":29,"length":1.8564
,"animation":{"dataType":3,"framePerSecond":24,"keys":[
{"frame":1,"values":[1,0,0,0,0,1,0,0,0,0,1,0,1.8538,-0.0841,0.0497,1]},
{"frame":13,"values":[1,0,0,0,0,1,0,0,0,0,1,0,1.8538,-0.0841,0.0497,1]}],"loopBehavior":1,"name":"anim","property":"_matrix"}},
{"name":"RightShoulder","index":31,"matrix":[0.9074,0.0182,-0.4198,0,0.0395,0.991,0.1282,0,0.4183,-0.1329,0.8985,0,-3.4743,8.7304,-1.4981,1],"rest":[1,0.0005,0,0,-0.0005,1,0,0,0,0,1,0,-3.4743,8.7304,-1.4981,1],"parentBoneIndex":3,"length":7.9131
,"animation":{"dataType":3,"framePerSecond":24,"keys":[
{"frame":1,"values":[0.9074,0.0182,-0.4198,0,0.0395,0.991,0.1282,0,0.4183,-0.1329,0.8985,0,-3.4743,8.7304,-1.4981,1]},
{"frame":2,"values":[0.8999,0.0185,-0.4358,0,0.0436,0.9903,0.1321,0,0.434,-0.1379,0.8903,0,-3.4743,8.7304,-1.4981,1]},
{"frame":3,"values":[0.8957,0.0196,-0.4442,0,0.0477,0.989,0.14,0,0.442,-0.1466,0.8849,0,-3.4743,8.7304,-1.4981,1]},
{"frame":4,"values":[0.9039,0.0231,-0.4271,0,0.0499,0.986,0.159,0,0.4248,-0.1651,0.8901,0,-3.4743,8.7304,-1.4981,1]},
{"frame":5,"values":[0.9173,0.0295,-0.3972,0,0.0527,0.9795,0.1944,0,0.3948,-0.1992,0.8969,0,-3.4743,8.7304,-1.4981,1]},
{"frame":6,"values":[0.932,0.0347,-0.3609,0,0.0499,0.9737,0.2224,0,0.3591,-0.2253,0.9057,0,-3.4743,8.7304,-1.4981,1]},
{"frame":7,"values":[0.9379,0.0362,-0.3449,0,0.0473,0.972,0.2304,0,0.3436,-0.2324,0.9099,0,-3.4743,8.7304,-1.4981,1]},
{"frame":8,"values":[0.9236,0.0325,-0.3819,0,0.0528,0.9761,0.2108,0,0.3797,-0.2149,0.8998,0,-3.4743,8.7304,-1.4981,1]},
{"frame":9,"values":[0.909,0.0276,-0.4159,0,0.0546,0.9813,0.1846,0,0.4132,-0.1905,0.8905,0,-3.4743,8.7304,-1.4981,1]},
{"frame":10,"values":[0.9175,0.0256,-0.3969,0,0.0466,0.9842,0.1711,0,0.395,-0.1755,0.9018,0,-3.4743,8.7304,-1.4981,1]},
{"frame":11,"values":[0.9303,0.0247,-0.3658,0,0.038,0.9859,0.1632,0,0.3647,-0.1657,0.9163,0,-3.4743,8.7304,-1.4981,1]},
{"frame":12,"values":[0.9213,0.0214,-0.3882,0,0.0379,0.9888,0.1445,0,0.3869,-0.1478,0.9102,0,-3.4743,8.7304,-1.4981,1]},
{"frame":13,"values":[0.9074,0.0182,-0.4198,0,0.0395,0.991,0.1282,0,0.4183,-0.1329,0.8985,0,-3.4743,8.7304,-1.4981,1]}],"loopBehavior":1,"name":"anim","property":"_matrix"}},
{"name":"RightArm","index":32,"matrix":[0.5961,0.3748,-0.71,0,-0.4918,0.8695,0.046,0,0.6346,0.3218,0.7027,0,-7.5693,-2.3069,-0.0421,1],"rest":[0.997,0.0108,-0.0769,0,-0.0108,0.9999,0.0006,0,0.077,0.0002,0.997,0,-7.5693,-2.3069,-0.0421,1],"parentBoneIndex":31,"length":18.9653
,"animation":{"dataType":3,"framePerSecond":24,"keys":[
{"frame":1,"values":[0.5961,0.3748,-0.71,0,-0.4918,0.8695,0.046,0,0.6346,0.3218,0.7027,0,-7.5693,-2.3069,-0.0421,1]},
{"frame":2,"values":[0.5574,0.3346,-0.7599,0,-0.4776,0.8778,0.0362,0,0.6791,0.3427,0.6491,0,-7.5693,-2.3069,-0.0421,1]},
{"frame":3,"values":[0.5228,0.3514,-0.7767,0,-0.4507,0.8873,0.098,0,0.7236,0.2988,0.6222,0,-7.5693,-2.3069,-0.0421,1]},
{"frame":4,"values":[0.4541,0.3255,-0.8294,0,-0.407,0.9039,0.1318,0,0.7925,0.2777,0.543,0,-7.5693,-2.3069,-0.0421,1]},
{"frame":5,"values":[0.3903,0.2681,-0.8808,0,-0.3807,0.918,0.1107,0,0.8383,0.2922,0.4604,0,-7.5693,-2.3069,-0.0421,1]},
{"frame":6,"values":[0.3302,0.2309,-0.9152,0,-0.348,0.9311,0.1093,0,0.8774,0.2824,0.3878,0,-7.5693,-2.3069,-0.0421,1]},
{"frame":7,"values":[0.3546,0.2793,-0.8924,0,-0.3214,0.9326,0.1641,0,0.8781,0.2286,0.4204,0,-7.5693,-2.3069,-0.0421,1]},
{"frame":8,"values":[0.4675,0.337,-0.8172,0,-0.3657,0.9154,0.1683,0,0.8048,0.2202,0.5512,0,-7.5693,-2.3069,-0.0421,1]},
{"frame":9,"values":[0.5577,0.4324,-0.7085,0,-0.4838,0.8629,0.1458,0,0.6744,0.2615,0.6905,0,-7.5693,-2.3069,-0.0421,1]},
{"frame":10,"values":[0.5531,0.483,-0.6788,0,-0.5173,0.8378,0.1746,0,0.6531,0.2546,0.7132,0,-7.5693,-2.3069,-0.0421,1]},
{"frame":11,"values":[0.5754,0.4631,-0.6742,0,-0.5277,0.84,0.1266,0,0.6249,0.2829,0.7276,0,-7.5693,-2.3069,-0.0421,1]},
{"frame":12,"values":[0.6043,0.3993,-0.6895,0,-0.5164,0.8553,0.0427,0,0.6068,0.3302,0.723,0,-7.5693,-2.3069,-0.0421,1]},
{"frame":13,"values":[0.5961,0.3748,-0.71,0,-0.4919,0.8695,0.046,0,0.6346,0.3218,0.7027,0,-7.5693,-2.3069,-0.0421,1]}],"loopBehavior":1,"name":"anim","property":"_matrix"}},
{"name":"RightForeArm","index":33,"matrix":[-0.2366,-0.1793,-0.9549,0,-0.4604,0.8862,-0.0523,0,0.8556,0.4273,-0.2923,0,-18.9078,0.2142,-1.4594,1],"rest":[0.9975,-0.0118,0.0692,0,0.0117,0.9999,0.0005,0,-0.0692,0.0003,0.9976,0,-18.9078,0.2142,-1.4594,1],"parentBoneIndex":32,"length":18.4625
,"animation":{"dataType":3,"framePerSecond":24,"keys":[
{"frame":1,"values":[-0.2366,-0.1793,-0.9549,0,-0.4604,0.8862,-0.0523,0,0.8556,0.4273,-0.2923,0,-18.9078,0.2142,-1.4594,1]},
{"frame":2,"values":[-0.1786,-0.2216,-0.9586,0,-0.4644,0.878,-0.1164,0,0.8674,0.4244,-0.2597,0,-18.9078,0.2142,-1.4594,1]},
{"frame":3,"values":[-0.1353,-0.2517,-0.9583,0,-0.4307,0.886,-0.1719,0,0.8923,0.3895,-0.2283,0,-18.9078,0.2142,-1.4594,1]},
{"frame":4,"values":[-0.0933,-0.2423,-0.9657,0,-0.514,0.8424,-0.1617,0,0.8527,0.4813,-0.2032,0,-18.9078,0.2142,-1.4594,1]},
{"frame":5,"values":[-0.0439,-0.2327,-0.9716,0,-0.5422,0.8224,-0.1725,0,0.8391,0.5192,-0.1623,0,-18.9078,0.2142,-1.4594,1]},
{"frame":6,"values":[-0.0131,-0.2397,-0.9708,0,-0.5042,0.84,-0.2006,0,0.8635,0.4868,-0.1319,0,-18.9078,0.2142,-1.4594,1]},
{"frame":7,"values":[0.0106,-0.2522,-0.9676,0,-0.4489,0.8635,-0.23,0,0.8935,0.4368,-0.104,0,-18.9078,0.2142,-1.4594,1]},
{"frame":8,"values":[-0.0801,-0.246,-0.966,0,-0.3796,0.9036,-0.1986,0,0.9217,0.3508,-0.1657,0,-18.9078,0.2142,-1.4594,1]},
{"frame":9,"values":[-0.2074,-0.2223,-0.9527,0,-0.3355,0.9309,-0.1442,0,0.9189,0.2898,-0.2677,0,-18.9078,0.2142,-1.4594,1]},
{"frame":10,"values":[-0.2676,-0.2047,-0.9415,0,-0.2914,0.9486,-0.1234,0,0.9184,0.2413,-0.3135,0,-18.9078,0.2142,-1.4594,1]},
{"frame":11,"values":[-0.2899,-0.1928,-0.9374,0,-0.3483,0.9336,-0.0843,0,0.8914,0.3021,-0.3378,0,-18.9078,0.2142,-1.4594,1]},
{"frame":12,"values":[-0.2667,-0.1844,-0.946,0,-0.4322,0.9002,-0.0536,0,0.8614,0.3946,-0.3197,0,-18.9078,0.2142,-1.4594,1]},
{"frame":13,"values":[-0.2366,-0.1793,-0.9549,0,-0.4604,0.8862,-0.0523,0,0.8556,0.4273,-0.2922,0,-18.9078,0.2142,-1.4594,1]}],"loopBehavior":1,"name":"anim","property":"_matrix"}},
{"name":"RightHand","index":34,"matrix":[0.9947,-0.0284,0.0989,0,0.0514,0.9697,-0.2389,0,-0.0891,0.2427,0.966,0,-18.4619,-0.0085,-0.144,1],"rest":[0.9813,0.1865,0.0476,0,-0.177,0.9715,-0.1575,0,-0.0756,0.1461,0.9864,0,-18.4619,-0.0085,-0.144,1],"parentBoneIndex":33,"length":6.6358
,"animation":{"dataType":3,"framePerSecond":24,"keys":[
{"frame":1,"values":[0.9947,-0.0284,0.0989,0,0.0514,0.9697,-0.2389,0,-0.0891,0.2427,0.966,0,-18.4619,-0.0085,-0.144,1]},
{"frame":2,"values":[0.9932,0.0743,0.09,0,-0.0485,0.9642,-0.2608,0,-0.1062,0.2546,0.9612,0,-18.4619,-0.0085,-0.144,1]},
{"frame":3,"values":[0.9919,0.1236,0.0281,0,-0.1113,0.9555,-0.2733,0,-0.0606,0.2679,0.9615,0,-18.4619,-0.0085,-0.144,1]},
{"frame":4,"values":[0.9939,0.1095,-0.0139,0,-0.1097,0.9676,-0.2274,0,-0.0114,0.2275,0.9737,0,-18.4619,-0.0085,-0.144,1]},
{"frame":5,"values":[0.988,0.1381,-0.0684,0,-0.1498,0.9647,-0.2166,0,0.0361,0.2243,0.9739,0,-18.4619,-0.0085,-0.144,1]},
{"frame":6,"values":[0.981,0.1749,-0.0833,0,-0.1905,0.9492,-0.2503,0,0.0353,0.2614,0.9646,0,-18.4619,-0.0085,-0.144,1]},
{"frame":7,"values":[0.9794,0.1564,-0.1275,0,-0.1884,0.9348,-0.3012,0,0.0721,0.319,0.945,0,-18.4619,-0.0085,-0.144,1]},
{"frame":8,"values":[0.995,0.053,-0.0852,0,-0.0791,0.9364,-0.3418,0,0.0617,0.3469,0.9359,0,-18.4619,-0.0085,-0.144,1]},
{"frame":9,"values":[0.9995,-0.0315,-0.0084,0,0.0268,0.9404,-0.339,0,0.0186,0.3386,0.9407,0,-18.4619,-0.0085,-0.144,1]},
{"frame":10,"values":[0.9936,-0.1035,0.0456,0,0.1129,0.9307,-0.348,0,-0.0064,0.3509,0.9364,0,-18.4619,-0.0085,-0.144,1]},
{"frame":11,"values":[0.991,-0.1021,0.0866,0,0.1244,0.9416,-0.313,0,-0.0496,0.321,0.9458,0,-18.4619,-0.0085,-0.144,1]},
{"frame":12,"values":[0.9928,-0.0638,0.1009,0,0.0895,0.9572,-0.2753,0,-0.079,0.2823,0.9561,0,-18.4619,-0.0085,-0.144,1]},
