{"producer":{"name":"Blender","version":"2.90.0","exporter_version":"2.80.1","file":"runstrafeleft.babylon"},
"autoClear":true,"clearColor":[0.0509,0.0509,0.0509],"gravity":[0,-9.81,0],
"materials":[{"name":"Material","id":"Material","customType":"BABYLON.PBRMaterial","backFaceCulling":true,"checkReadyOnlyOnce":false,"maxSimultaneousLights":4,"environmentIntensity":1,"albedo":[0.8,0.8,0.8],"reflectivity":[0.5,0.5,0.5],"roughness":0.4,"alpha":1,"transparencyMode":0,"alphaCutOff":0.4,"metallic":0}],
"multiMaterials":[],
"skeletons":[{"name":"Armature","id":0,"dimensionsAtRest":[128.1663,151.4482,19.1351],"bones":[
{"name":"Hips","index":0,"matrix":[0.3217,-0.1301,0.9379,0,0.1772,0.9813,0.0753,0,0.9301,-0.142,-0.3388,0,0.4295,73.4477,-0.2293,1],"rest":[1,0,0,0,0,1,0,0,0,0,-1,0,0,81.0629,0,1],"parentBoneIndex":-1,"length":7.701
,"animation":{"dataType":3,"framePerSecond":24,"keys":[
{"frame":1,"values":[0.3217,-0.1301,0.9379,0,0.1772,0.9813,0.0753,0,0.9301,-0.142,-0.3388,0,0.4295,73.4477,-0.2293,1]},
{"frame":2,"values":[0.2979,-0.1477,0.9431,0,0.1974,0.9761,0.0905,0,0.934,-0.1592,-0.3199,0,-0.2371,74.2165,-0.1101,1]},
{"frame":3,"values":[0.2573,-0.1237,0.9584,0,0.194,0.9782,0.0741,0,0.9466,-0.1669,-0.2757,0,0.1307,75.6475,0.4542,1]},
{"frame":4,"values":[0.1971,-0.0752,0.9775,0,0.1885,0.9814,0.0375,0,0.9621,-0.1769,-0.2076,0,1.0705,77.265,1.2807,1]},
{"frame":5,"values":[0.1483,-0.042,0.988,0,0.189,0.9819,0.0133,0,0.9707,-0.1848,-0.1536,0,2.0138,77.9452,2.0263,1]},
{"frame":6,"values":[0.1413,-0.0428,0.989,0,0.171,0.9851,0.0182,0,0.9751,-0.1666,-0.1465,0,2.5948,77.4412,2.581,1]},
{"frame":7,"values":[0.1567,-0.0413,0.9868,0,0.1324,0.991,0.0205,0,0.9787,-0.1274,-0.1608,0,2.3678,76.1645,3.1884,1]},
{"frame":8,"values":[0.1534,-0.0128,0.9881,0,0.107,0.9943,-0.0037,0,0.9823,-0.1063,-0.1539,0,1.1784,74.533,3.9658,1]},
{"frame":9,"values":[0.1424,0.0234,0.9895,0,0.111,0.993,-0.0395,0,0.9836,-0.1154,-0.1388,0,-0.2722,73.4292,4.5349,1]},
{"frame":10,"values":[0.1668,0.0321,0.9855,0,0.1219,0.9911,-0.0529,0,0.9784,-0.1289,-0.1614,0,-0.6708,73.8351,4.4584,1]},
{"frame":11,"values":[0.2264,0.001,0.974,0,0.1326,0.9907,-0.0318,0,0.965,-0.1363,-0.2241,0,0.1932,75.6222,3.851,1]},
{"frame":12,"values":[0.2771,-0.053,0.9594,0,0.1635,0.9865,0.0073,0,0.9468,-0.1549,-0.282,0,1.0506,77.2476,3.2313,1]},
{"frame":13,"values":[0.2911,-0.065,0.9545,0,0.187,0.9823,0.0099,0,0.9382,-0.1756,-0.2981,0,1.8675,78.0504,2.8472,1]},
{"frame":14,"values":[0.2729,-0.04,0.9612,0,0.1707,0.9853,-0.0075,0,0.9468,-0.1661,-0.2757,0,2.7045,77.5886,2.5132,1]},
{"frame":15,"values":[0.2613,-0.0331,0.9647,0,0.1371,0.9905,-0.0031,0,0.9555,-0.1331,-0.2633,0,2.9711,76.23,1.7782,1]},
{"frame":16,"values":[0.2845,-0.0728,0.9559,0,0.1351,0.9902,0.0353,0,0.9491,-0.1191,-0.2916,0,2.1187,74.7021,0.6947,1]},
{"frame":17,"values":[0.3217,-0.1301,0.9379,0,0.1772,0.9813,0.0753,0,0.9301,-0.142,-0.3388,0,0.4295,73.4478,-0.2293,1]}],"loopBehavior":1,"name":"anim","property":"_matrix"}},
{"name":"Spine","index":1,"matrix":[0.9896,0.0806,0.1189,0,-0.0954,0.9876,0.1248,0,-0.1073,-0.1348,0.985,0,0.009,7.0626,-0.9847,1],"rest":[1,0,0,0,0,1,0,0,0,0,1,0,0.009,7.0626,-0.9847,1],"parentBoneIndex":0,"length":8.3194
,"animation":{"dataType":3,"framePerSecond":24,"keys":[
{"frame":1,"values":[0.9896,0.0806,0.1189,0,-0.0954,0.9876,0.1248,0,-0.1073,-0.1348,0.985,0,0.009,7.0626,-0.9847,1]},
{"frame":2,"values":[0.9914,0.0967,0.088,0,-0.1063,0.988,0.1117,0,-0.0761,-0.1201,0.9898,0,0.009,7.0626,-0.9847,1]},
{"frame":3,"values":[0.9955,0.0846,0.0415,0,-0.0883,0.9915,0.0961,0,-0.033,-0.0993,0.9945,0,0.009,7.0626,-0.9847,1]},
{"frame":4,"values":[0.9978,0.0648,-0.0153,0,-0.0634,0.9949,0.0781,0,0.0203,-0.077,0.9968,0,0.009,7.0626,-0.9847,1]},
{"frame":5,"values":[0.9965,0.0568,-0.062,0,-0.0527,0.9964,0.0661,0,0.0655,-0.0626,0.9959,0,0.009,7.0626,-0.9847,1]},
{"frame":6,"values":[0.9955,0.0651,-0.0687,0,-0.0602,0.9956,0.0712,0,0.073,-0.0667,0.9951,0,0.009,7.0626,-0.9847,1]},
{"frame":7,"values":[0.9975,0.0635,-0.0298,0,-0.0605,0.994,0.0906,0,0.0353,-0.0886,0.9954,0,0.009,7.0626,-0.9847,1]},
{"frame":8,"values":[0.9988,0.0376,0.0325,0,-0.0412,0.9922,0.1173,0,-0.0278,-0.1184,0.9926,0,0.009,7.0626,-0.9847,1]},
{"frame":9,"values":[0.9968,0.0036,0.0797,0,-0.0148,0.99,0.1402,0,-0.0784,-0.141,0.9869,0,0.009,7.0626,-0.9847,1]},
{"frame":10,"values":[0.9938,-0.008,0.1109,0,-0.0082,0.9894,0.1448,0,-0.1109,-0.1449,0.9832,0,0.009,7.0626,-0.9847,1]},
{"frame":11,"values":[0.9878,0.0146,0.1552,0,-0.0348,0.9911,0.1286,0,-0.152,-0.1325,0.9795,0,0.009,7.0626,-0.9847,1]},
{"frame":12,"values":[0.9736,0.0618,0.2197,0,-0.0856,0.9913,0.1004,0,-0.2115,-0.1166,0.9704,0,0.009,7.0626,-0.9847,1]},
{"frame":13,"values":[0.9601,0.0769,0.2689,0,-0.1022,0.9914,0.0817,0,-0.2603,-0.1059,0.9597,0,0.009,7.0626,-0.9847,1]},
{"frame":14,"values":[0.9614,0.0548,0.2696,0,-0.081,0.9929,0.0873,0,-0.2629,-0.1058,0.959,0,0.009,7.0626,-0.9847,1]},
{"frame":15,"values":[0.9739,0.0331,0.2247,0,-0.0578,0.9929,0.104,0,-0.2197,-0.1143,0.9689,0,0.009,7.0626,-0.9847,1]},
{"frame":16,"values":[0.9855,0.0443,0.1637,0,-0.0641,0.991,0.1174,0,-0.157,-0.1261,0.9795,0,0.009,7.0626,-0.9847,1]},
{"frame":17,"values":[0.9896,0.0806,0.1189,0,-0.0954,0.9876,0.1248,0,-0.1073,-0.1348,0.985,0,0.009,7.0626,-0.9847,1]}],"loopBehavior":1,"name":"anim","property":"_matrix"}},
{"name":"Spine1","index":2,"matrix":[0.9987,0.025,0.0454,0,-0.027,0.9986,0.0444,0,-0.0443,-0.0455,0.998,0,0.0124,8.2397,-1.1488,1],"rest":[1,0,0,0,0,1,0,0,0,0,1,0,0.0124,8.2397,-1.1488,1],"parentBoneIndex":1,"length":9.5079
,"animation":{"dataType":3,"framePerSecond":24,"keys":[
{"frame":1,"values":[0.9987,0.025,0.0454,0,-0.027,0.9986,0.0444,0,-0.0443,-0.0455,0.998,0,0.0124,8.2397,-1.1488,1]},
{"frame":2,"values":[0.9992,0.0236,0.0325,0,-0.0249,0.9989,0.0408,0,-0.0315,-0.0416,0.9986,0,0.0124,8.2397,-1.1488,1]},
{"frame":3,"values":[0.9997,0.0184,0.0154,0,-0.0189,0.9992,0.0366,0,-0.0147,-0.0368,0.9992,0,0.0124,8.2397,-1.1488,1]},
{"frame":4,"values":[0.9999,0.012,-0.0041,0,-0.0118,0.9995,0.0303,0,0.0045,-0.0302,0.9995,0,0.0124,8.2397,-1.1488,1]},
{"frame":5,"values":[0.9998,0.009,-0.0199,0,-0.0086,0.9997,0.0236,0,0.0202,-0.0234,0.9995,0,0.0124,8.2397,-1.1488,1]},
{"frame":6,"values":[0.9997,0.0109,-0.0231,0,-0.0104,0.9997,0.022,0,0.0233,-0.0218,0.9995,0,0.0124,8.2397,-1.1488,1]},
{"frame":7,"values":[0.9999,0.0124,-0.0108,0,-0.0121,0.9995,0.0283,0,0.0111,-0.0282,0.9995,0,0.0124,8.2397,-1.1488,1]},
{"frame":8,"values":[0.9999,0.0089,0.0107,0,-0.0093,0.9992,0.0399,0,-0.0103,-0.04,0.9991,0,0.0124,8.2397,-1.1488,1]},
{"frame":9,"values":[0.9996,0.0041,0.0295,0,-0.0056,0.9987,0.05,0,-0.0293,-0.0501,0.9983,0,0.0124,8.2397,-1.1488,1]},
{"frame":10,"values":[0.999,0.0055,0.0439,0,-0.0078,0.9986,0.053,0,-0.0436,-0.0533,0.9976,0,0.0124,8.2397,-1.1488,1]},
{"frame":11,"values":[0.998,0.0146,0.0619,0,-0.0176,0.9987,0.0487,0,-0.0611,-0.0497,0.9969,0,0.0124,8.2397,-1.1488,1]},
{"frame":12,"values":[0.996,0.0254,0.0851,0,-0.0289,0.9988,0.0401,0,-0.084,-0.0424,0.9956,0,0.0124,8.2397,-1.1488,1]},
{"frame":13,"values":[0.9942,0.029,0.1031,0,-0.0326,0.9989,0.0335,0,-0.102,-0.0366,0.9941,0,0.0124,8.2397,-1.1488,1]},
{"frame":14,"values":[0.9944,0.0232,0.1034,0,-0.0268,0.9991,0.0334,0,-0.1025,-0.036,0.9941,0,0.0124,8.2397,-1.1488,1]},
{"frame":15,"values":[0.9961,0.0169,0.0869,0,-0.0202,0.9991,0.0378,0,-0.0862,-0.0394,0.9955,0,0.0124,8.2397,-1.1488,1]},
{"frame":16,"values":[0.9978,0.0181,0.064,0,-0.0208,0.9989,0.0422,0,-0.0631,-0.0435,0.9971,0,0.0124,8.2397,-1.1488,1]},
{"frame":17,"values":[0.9987,0.025,0.0454,0,-0.027,0.9986,0.0444,0,-0.0443,-0.0455,0.998,0,0.0124,8.2397,-1.1488,1]}],"loopBehavior":1,"name":"anim","property":"_matrix"}},
{"name":"Spine2","index":3,"matrix":[0.9986,0.0256,0.0454,0,-0.0276,0.9986,0.0441,0,-0.0442,-0.0453,0.998,0,0.0142,9.4168,-1.313,1],"rest":[1,0,0,0,0,1,0,0,0,0,1,0,0.0142,9.4168,-1.313,1],"parentBoneIndex":2,"length":9.9132
,"animation":{"dataType":3,"framePerSecond":24,"keys":[
{"frame":1,"values":[0.9986,0.0256,0.0454,0,-0.0276,0.9986,0.0441,0,-0.0442,-0.0453,0.998,0,0.0142,9.4168,-1.313,1]},
{"frame":2,"values":[0.9992,0.0239,0.0325,0,-0.0252,0.9989,0.0406,0,-0.0315,-0.0414,0.9986,0,0.0142,9.4168,-1.313,1]},
{"frame":3,"values":[0.9997,0.0185,0.0155,0,-0.0191,0.9992,0.0365,0,-0.0148,-0.0367,0.9992,0,0.0142,9.4168,-1.313,1]},
{"frame":4,"values":[0.9999,0.012,-0.004,0,-0.0118,0.9995,0.0302,0,0.0044,-0.0302,0.9995,0,0.0142,9.4168,-1.313,1]},
{"frame":5,"values":[0.9998,0.0089,-0.0199,0,-0.0084,0.9997,0.0235,0,0.0201,-0.0234,0.9995,0,0.0142,9.4168,-1.313,1]},
{"frame":6,"values":[0.9997,0.0107,-0.0232,0,-0.0102,0.9997,0.022,0,0.0235,-0.0217,0.9995,0,0.0142,9.4168,-1.313,1]},
{"frame":7,"values":[0.9999,0.0123,-0.0111,0,-0.0119,0.9995,0.0283,0,0.0114,-0.0282,0.9995,0,0.0142,9.4168,-1.313,1]},
{"frame":8,"values":[0.9999,0.009,0.0102,0,-0.0094,0.9992,0.04,0,-0.0099,-0.04,0.9991,0,0.0142,9.4168,-1.313,1]},
{"frame":9,"values":[0.9996,0.0044,0.029,0,-0.0059,0.9987,0.0502,0,-0.0287,-0.0504,0.9983,0,0.0142,9.4168,-1.313,1]},
{"frame":10,"values":[0.999,0.0059,0.0435,0,-0.0082,0.9985,0.0533,0,-0.0432,-0.0537,0.9976,0,0.0142,9.4168,-1.313,1]},
{"frame":11,"values":[0.998,0.0149,0.0617,0,-0.0179,0.9986,0.0488,0,-0.0609,-0.0498,0.9969,0,0.0142,9.4168,-1.313,1]},
{"frame":12,"values":[0.996,0.0257,0.0851,0,-0.0291,0.9988,0.0399,0,-0.084,-0.0422,0.9956,0,0.0142,9.4168,-1.313,1]},
{"frame":13,"values":[0.9942,0.0295,0.1031,0,-0.0331,0.9989,0.0331,0,-0.102,-0.0363,0.9941,0,0.0142,9.4168,-1.313,1]},
{"frame":14,"values":[0.9944,0.0239,0.1033,0,-0.0275,0.9991,0.0332,0,-0.1024,-0.0359,0.9941,0,0.0142,9.4168,-1.313,1]},
{"frame":15,"values":[0.9961,0.0177,0.0868,0,-0.021,0.9991,0.0379,0,-0.086,-0.0395,0.9955,0,0.0142,9.4168,-1.313,1]},
{"frame":16,"values":[0.9978,0.0188,0.0638,0,-0.0215,0.9989,0.0422,0,-0.063,-0.0435,0.9971,0,0.0142,9.4168,-1.313,1]},
{"frame":17,"values":[0.9986,0.0256,0.0454,0,-0.0276,0.9986,0.0441,0,-0.0442,-0.0453,0.998,0,0.0142,9.4168,-1.313,1]}],"loopBehavior":1,"name":"anim","property":"_matrix"}},
{"name":"Neck","index":4,"matrix":[0.9875,0.0273,0.1555,0,-0.0232,0.9993,-0.0283,0,-0.1561,0.0244,0.9874,0,0.016,10.5938,-1.4771,1],"rest":[1,0,0,0,0,1,0,0,0,0,1,0,0.016,10.5938,-1.4771,1],"parentBoneIndex":3,"length":5.1073
,"animation":{"dataType":3,"framePerSecond":24,"keys":[
{"frame":1,"values":[0.9875,0.0273,0.1555,0,-0.0232,0.9993,-0.0283,0,-0.1561,0.0244,0.9874,0,0.016,10.5938,-1.4771,1]},
{"frame":2,"values":[0.9853,0.0384,0.1664,0,-0.0359,0.9992,-0.0182,0,-0.167,0.0119,0.9859,0,0.016,10.5938,-1.4771,1]},
{"frame":3,"values":[0.981,0.0496,0.1877,0,-0.0498,0.9988,-0.0037,0,-0.1877,-0.0057,0.9822,0,0.016,10.5938,-1.4771,1]},
{"frame":4,"values":[0.9746,0.0559,0.2171,0,-0.0588,0.9982,0.0067,0,-0.2163,-0.0192,0.9761,0,0.016,10.5938,-1.4771,1]},
{"frame":5,"values":[0.9689,0.0564,0.2411,0,-0.0614,0.998,0.0137,0,-0.2398,-0.028,0.9704,0,0.016,10.5938,-1.4771,1]},
{"frame":6,"values":[0.9683,0.0508,0.2445,0,-0.0578,0.9981,0.0216,0,-0.243,-0.0351,0.9694,0,0.016,10.5938,-1.4771,1]},
{"frame":7,"values":[0.9727,0.0401,0.2285,0,-0.0463,0.9987,0.0216,0,-0.2273,-0.0316,0.9733,0,0.016,10.5938,-1.4771,1]},
{"frame":8,"values":[0.978,0.0264,0.2071,0,-0.0269,0.9996,-0.0002,0,-0.207,-0.0054,0.9783,0,0.016,10.5938,-1.4771,1]},
{"frame":9,"values":[0.9812,0.0135,0.1926,0,-0.0081,0.9996,-0.0285,0,-0.1929,0.0264,0.9809,0,0.016,10.5938,-1.4771,1]},
{"frame":10,"values":[0.984,0.0028,0.1784,0,0.0031,0.9995,-0.0327,0,-0.1784,0.0327,0.9834,0,0.016,10.5938,-1.4771,1]},
{"frame":11,"values":[0.9883,-0.006,0.1526,0,0.0083,0.9999,-0.0142,0,-0.1525,0.0153,0.9882,0,0.016,10.5938,-1.4771,1]},
{"frame":12,"values":[0.9927,-0.0101,0.1201,0,0.0103,0.9999,-0.0012,0,-0.1201,0.0025,0.9928,0,0.016,10.5938,-1.4771,1]},
{"frame":13,"values":[0.9949,-0.0085,0.1001,0,0.0089,1,-0.0041,0,-0.1001,0.005,0.995,0,0.016,10.5938,-1.4771,1]},
{"frame":14,"values":[0.9944,-0.0012,0.1053,0,0.002,1,-0.0079,0,-0.1053,0.008,0.9944,0,0.016,10.5938,-1.4771,1]},
{"frame":15,"values":[0.992,0.0089,0.126,0,-0.0082,0.9999,-0.0061,0,-0.126,0.005,0.992,0,0.016,10.5938,-1.4771,1]},
{"frame":16,"values":[0.9891,0.0187,0.1458,0,-0.0173,0.9998,-0.0108,0,-0.146,0.0082,0.9892,0,0.016,10.5938,-1.4771,1]},
{"frame":17,"values":[0.9875,0.0273,0.1555,0,-0.0232,0.9993,-0.0283,0,-0.1561,0.0244,0.9874,0,0.016,10.5938,-1.4771,1]}],"loopBehavior":1,"name":"anim","property":"_matrix"}},
{"name":"Head","index":5,"matrix":[0.7452,0.2499,0.6182,0,-0.0791,0.9537,-0.2901,0,-0.6621,0.1673,0.7305,0,0,5.0564,0.7196,1],"rest":[1,0,0,0,0,1,0,0,0,0,1,0,0,5.0564,0.7196,1],"parentBoneIndex":4,"length":15.2963
,"animation":{"dataType":3,"framePerSecond":24,"keys":[
{"frame":1,"values":[0.7452,0.2499,0.6182,0,-0.0791,0.9537,-0.2901,0,-0.6621,0.1673,0.7305,0,0,5.0564,0.7196,1]},
{"frame":2,"values":[0.7201,0.2699,0.6392,0,-0.1027,0.9526,-0.2865,0,-0.6862,0.1407,0.7137,0,0,5.0564,0.7196,1]},
{"frame":3,"values":[0.6601,0.2901,0.6929,0,-0.1229,0.9517,-0.2813,0,-0.741,0.1006,0.6639,0,0,5.0564,0.7196,1]},
{"frame":4,"values":[0.5698,0.2956,0.7668,0,-0.1158,0.9526,-0.2812,0,-0.8136,0.0715,0.577,0,0,5.0564,0.7196,1]},
{"frame":5,"values":[0.4955,0.2837,0.821,0,-0.0841,0.9564,-0.2797,0,-0.8645,0.0696,0.4978,0,0,5.0564,0.7196,1]},
{"frame":6,"values":[0.4912,0.2637,0.8302,0,-0.0545,0.9605,-0.2728,0,-0.8693,0.0887,0.4862,0,0,5.0564,0.7196,1]},
{"frame":7,"values":[0.5409,0.2559,0.8012,0,-0.0531,0.9611,-0.2711,0,-0.8394,0.1041,0.5335,0,0,5.0564,0.7196,1]},
{"frame":8,"values":[0.5864,0.2782,0.7608,0,-0.0838,0.955,-0.2846,0,-0.8057,0.1031,0.5833,0,0,5.0564,0.7196,1]},
{"frame":9,"values":[0.6041,0.3091,0.7345,0,-0.1118,0.9455,-0.3058,0,-0.789,0.1026,0.6057,0,0,5.0564,0.7196,1]},
{"frame":10,"values":[0.6352,0.3081,0.7082,0,-0.1113,0.9439,-0.3108,0,-0.7643,0.1186,0.6339,0,0,5.0564,0.7196,1]},
{"frame":11,"values":[0.7096,0.2708,0.6505,0,-0.0939,0.9513,-0.2937,0,-0.6984,0.1473,0.7004,0,0,5.0564,0.7196,1]},
{"frame":12,"values":[0.7935,0.2333,0.5621,0,-0.0846,0.9569,-0.2777,0,-0.6027,0.1728,0.779,0,0,5.0564,0.7196,1]},
{"frame":13,"values":[0.8352,0.2262,0.5013,0,-0.0951,0.9572,-0.2735,0,-0.5417,0.1807,0.8209,0,0,5.0564,0.7196,1]},
{"frame":14,"values":[0.822,0.2404,0.5162,0,-0.1075,0.9557,-0.274,0,-0.5592,0.1698,0.8115,0,0,5.0564,0.7196,1]},
{"frame":15,"values":[0.7817,0.2486,0.5719,0,-0.103,0.956,-0.2747,0,-0.615,0.1558,0.7729,0,0,5.0564,0.7196,1]},
{"frame":16,"values":[0.7505,0.2477,0.6127,0,-0.0883,0.9564,-0.2784,0,-0.6549,0.1548,0.7397,0,0,5.0564,0.7196,1]},
{"frame":17,"values":[0.7452,0.2499,0.6182,0,-0.0791,0.9537,-0.2901,0,-0.6621,0.1673,0.7305,0,0,5.0564,0.7196,1]}],"loopBehavior":1,"name":"anim","property":"_matrix"}},
{"name":"HeadTop_End","index":6,"matrix":[1,0,0,0,0,1,0,0,0,0,1,0,0,15.1437,2.155,1],"rest":[1,0,0,0,0,1,0,0,0,0,1,0,0,15.1437,2.155,1],"parentBoneIndex":5,"length":15.2963
,"animation":{"dataType":3,"framePerSecond":24,"keys":[
{"frame":1,"values":[1,0,0,0,0,1,0,0,0,0,1,0,0,15.1437,2.155,1]},
{"frame":17,"values":[1,0,0,0,0,1,0,0,0,0,1,0,0,15.1437,2.155,1]}],"loopBehavior":1,"name":"anim","property":"_matrix"}},
{"name":"LeftShoulder","index":7,"matrix":[0.8888,-0.2515,0.3831,0,0.2244,0.9677,0.1146,0,-0.3995,-0.0159,0.9166,0,3.5285,8.7304,-1.4561,1],"rest":[1,-0.0017,0,0,0.0017,1,0,0,0,0,1,0,3.5285,8.7304,-1.4561,1],"parentBoneIndex":3,"length":7.9526
,"animation":{"dataType":3,"framePerSecond":24,"keys":[
{"frame":1,"values":[0.8888,-0.2515,0.3831,0,0.2244,0.9677,0.1146,0,-0.3995,-0.0159,0.9166,0,3.5285,8.7304,-1.4561,1]},
{"frame":2,"values":[0.9235,-0.1957,0.33,0,0.1741,0.9802,0.0939,0,-0.3418,-0.0293,0.9393,0,3.5285,8.7304,-1.4561,1]},
{"frame":3,"values":[0.9386,-0.148,0.3116,0,0.1289,0.9883,0.0809,0,-0.3199,-0.0358,0.9468,0,3.5285,8.7304,-1.4561,1]},
{"frame":4,"values":[0.9346,-0.1219,0.3342,0,0.1011,0.9917,0.0791,0,-0.3411,-0.0401,0.9392,0,3.5285,8.7304,-1.4561,1]},
{"frame":5,"values":[0.9219,-0.1217,0.3679,0,0.0973,0.9917,0.0841,0,-0.375,-0.0418,0.9261,0,3.5285,8.7304,-1.4561,1]},
{"frame":6,"values":[0.9139,-0.1453,0.3792,0,0.1197,0.9887,0.0902,0,-0.388,-0.037,0.9209,0,3.5285,8.7304,-1.4561,1]},
{"frame":7,"values":[0.9111,-0.184,0.3688,0,0.1595,0.9825,0.0961,0,-0.38,-0.0288,0.9245,0,3.5285,8.7304,-1.4561,1]},
{"frame":8,"values":[0.9005,-0.2331,0.367,0,0.208,0.9722,0.1071,0,-0.3818,-0.0201,0.924,0,3.5285,8.7304,-1.4561,1]},
{"frame":9,"values":[0.8733,-0.2844,0.3956,0,0.2552,0.9587,0.1257,0,-0.415,-0.0088,0.9098,0,3.5285,8.7304,-1.4561,1]},
{"frame":10,"values":[0.8369,-0.3252,0.4404,0,0.2907,0.9456,0.1459,0,-0.4639,0.0059,0.8859,0,3.5285,8.7304,-1.4561,1]},
{"frame":11,"values":[0.8157,-0.3459,0.4637,0,0.3087,0.9381,0.1569,0,-0.4893,0.0152,0.872,0,3.5285,8.7304,-1.4561,1]},
{"frame":12,"values":[0.8229,-0.3487,0.4486,0,0.3127,0.9371,0.1549,0,-0.4744,0.0129,0.8802,0,3.5285,8.7304,-1.4561,1]},
{"frame":13,"values":[0.8376,-0.3481,0.4209,0,0.3146,0.9374,0.1492,0,-0.4465,0.0074,0.8947,0,3.5285,8.7304,-1.4561,1]},
{"frame":14,"values":[0.8413,-0.3474,0.4142,0,0.3146,0.9377,0.1475,0,-0.4397,0.0063,0.8981,0,3.5285,8.7304,-1.4561,1]},
{"frame":15,"values":[0.841,-0.3347,0.4251,0,0.3015,0.9423,0.1455,0,-0.4493,0.0058,0.8934,0,3.5285,8.7304,-1.4561,1]},
{"frame":16,"values":[0.8557,-0.3004,0.4213,0,0.2684,0.9538,0.1347,0,-0.4423,-0.0022,0.8968,0,3.5285,8.7304,-1.4561,1]},
{"frame":17,"values":[0.8888,-0.2515,0.3831,0,0.2244,0.9677,0.1146,0,-0.3995,-0.0159,0.9166,0,3.5285,8.7304,-1.4561,1]}],"loopBehavior":1,"name":"anim","property":"_matrix"}},
{"name":"LeftArm","index":8,"matrix":[0.7128,-0.6732,-0.1968,0,0.6986,0.6565,0.2847,0,-0.0624,-0.3404,0.9382,0,7.6132,-2.2982,0.0421,1],"rest":[0.9965,-0.0092,0.0835,0,0.0092,1,0.0007,0,-0.0835,0.0001,0.9965,0,7.6132,-2.2982,0.0421,1],"parentBoneIndex":7,"length":18.9821
,"animation":{"dataType":3,"framePerSecond":24,"keys":[
{"frame":1,"values":[0.7128,-0.6732,-0.1968,0,0.6986,0.6565,0.2847,0,-0.0624,-0.3404,0.9382,0,7.6132,-2.2982,0.0421,1]},
{"frame":2,"values":[0.6966,-0.6069,-0.3826,0,0.7173,0.5999,0.3544,0,0.0145,-0.5213,0.8532,0,7.6132,-2.2982,0.0421,1]},
{"frame":3,"values":[0.7085,-0.4786,-0.5187,0,0.6986,0.5801,0.419,0,0.1003,-0.6592,0.7453,0,7.6132,-2.2982,0.0421,1]},
{"frame":4,"values":[0.7408,-0.3393,-0.5797,0,0.644,0.6043,0.4692,0,0.1911,-0.7209,0.6661,0,7.6132,-2.2982,0.0421,1]},
{"frame":5,"values":[0.7709,-0.2543,-0.5839,0,0.5866,0.6407,0.4954,0,0.2481,-0.7245,0.6431,0,7.6132,-2.2982,0.0421,1]},
{"frame":6,"values":[0.7944,-0.2663,-0.546,0,0.5612,0.6658,0.4918,0,0.2326,-0.697,0.6783,0,7.6132,-2.2982,0.0421,1]},
{"frame":7,"values":[0.8169,-0.3514,-0.4573,0,0.557,0.6866,0.4673,0,0.1498,-0.6365,0.7566,0,7.6132,-2.2982,0.0421,1]},
{"frame":8,"values":[0.8438,-0.451,-0.2907,0,0.5364,0.7254,0.4314,0,0.0163,-0.5199,0.854,0,7.6132,-2.2982,0.0421,1]},
{"frame":9,"values":[0.861,-0.5017,-0.0828,0,0.4915,0.7794,0.3886,0,-0.1305,-0.3753,0.9177,0,7.6132,-2.2982,0.0421,1]},
{"frame":10,"values":[0.8619,-0.5019,0.0725,0,0.4523,0.8255,0.3376,0,-0.2293,-0.2581,0.9385,0,7.6132,-2.2982,0.0421,1]},
{"frame":11,"values":[0.8628,-0.4875,0.1338,0,0.4397,0.8543,0.2771,0,-0.2494,-0.1803,0.9515,0,7.6132,-2.2982,0.0421,1]},
{"frame":12,"values":[0.87,-0.4757,0.1296,0,0.4429,0.8695,0.2188,0,-0.2168,-0.1329,0.9671,0,7.6132,-2.2982,0.0421,1]},
{"frame":13,"values":[0.87,-0.481,0.1083,0,0.4576,0.8695,0.1861,0,-0.1837,-0.1124,0.9765,0,7.6132,-2.2982,0.0421,1]},
{"frame":14,"values":[0.8476,-0.526,0.0701,0,0.5053,0.8403,0.1963,0,-0.1622,-0.131,0.978,0,7.6132,-2.2982,0.0421,1]},
{"frame":15,"values":[0.8024,-0.5968,0.0012,0,0.5804,0.7808,0.2311,0,-0.1388,-0.1847,0.9729,0,7.6132,-2.2982,0.0421,1]},
{"frame":16,"values":[0.7515,-0.6529,-0.0945,0,0.6513,0.7113,0.2644,0,-0.1054,-0.2603,0.9598,0,7.6132,-2.2982,0.0421,1]},
{"frame":17,"values":[0.7128,-0.6732,-0.1968,0,0.6986,0.6565,0.2847,0,-0.0624,-0.3404,0.9382,0,7.6132,-2.2982,0.0421,1]}],"loopBehavior":1,"name":"anim","property":"_matrix"}},
{"name":"LeftForeArm","index":9,"matrix":[0.5289,0.0055,0.8487,0,-0.011,0.9999,0.0003,0,-0.8486,-0.0096,0.5289,0,18.9146,0.2055,-1.5856,1],"rest":[0.9964,0.0108,-0.0835,0,-0.0108,0.9999,0.0005,0,0.0835,0.0005,0.9965,0,18.9146,0.2055,-1.5856,1],"parentBoneIndex":8,"length":18.4362
,"animation":{"dataType":3,"framePerSecond":24,"keys":[
{"frame":1,"values":[0.5289,0.0055,0.8487,0,-0.011,0.9999,0.0003,0,-0.8486,-0.0096,0.5289,0,18.9146,0.2055,-1.5856,1]},
{"frame":2,"values":[0.4725,0.0049,0.8813,0,-0.011,0.9999,0.0003,0,-0.8813,-0.0099,0.4725,0,18.9146,0.2055,-1.5856,1]},
{"frame":3,"values":[0.3907,0.004,0.9205,0,-0.0111,0.9999,0.0003,0,-0.9205,-0.0103,0.3907,0,18.9146,0.2055,-1.5856,1]},
{"frame":4,"values":[0.3708,0.0038,0.9287,0,-0.0111,0.9999,0.0003,0,-0.9286,-0.0104,0.3708,0,18.9146,0.2055,-1.5856,1]},
{"frame":5,"values":[0.461,0.0048,0.8874,0,-0.011,0.9999,0.0003,0,-0.8873,-0.01,0.4611,0,18.9146,0.2055,-1.5856,1]},
{"frame":6,"values":[0.6188,0.0065,0.7856,0,-0.011,0.9999,0.0004,0,-0.7855,-0.0089,0.6188,0,18.9146,0.2055,-1.5856,1]},
{"frame":7,"values":[0.7538,0.008,0.657,0,-0.011,0.9999,0.0004,0,-0.657,-0.0075,0.7539,0,18.9146,0.2055,-1.5856,1]},
{"frame":8,"values":[0.826,0.0088,0.5636,0,-0.011,0.9999,0.0004,0,-0.5635,-0.0065,0.8261,0,18.9146,0.2055,-1.5856,1]},
{"frame":9,"values":[0.8368,0.009,0.5475,0,-0.011,0.9999,0.0004,0,-0.5475,-0.0064,0.8368,0,18.9146,0.2055,-1.5856,1]},
{"frame":10,"values":[0.7691,0.0082,0.6391,0,-0.011,0.9999,0.0004,0,-0.639,-0.0073,0.7692,0,18.9146,0.2055,-1.5856,1]},
{"frame":11,"values":[0.5938,0.0063,0.8046,0,-0.011,0.9999,0.0004,0,-0.8045,-0.0091,0.5938,0,18.9146,0.2055,-1.5856,1]},
{"frame":12,"values":[0.3033,0.0031,0.9529,0,-0.0111,0.9999,0.0003,0,-0.9528,-0.0106,0.3033,0,18.9146,0.2055,-1.5856,1]},
{"frame":13,"values":[0.0173,0,0.9999,0,-0.0111,0.9999,0.0002,0,-0.9998,-0.0111,0.0173,0,18.9146,0.2055,-1.5856,1]},
{"frame":14,"values":[-0.0882,-0.0012,0.9961,0,-0.0111,0.9999,0.0002,0,-0.996,-0.011,-0.0882,0,18.9146,0.2055,-1.5856,1]},
{"frame":15,"values":[0.0247,0,0.9997,0,-0.0111,0.9999,0.0002,0,-0.9996,-0.0111,0.0247,0,18.9146,0.2055,-1.5856,1]},
{"frame":16,"values":[0.2797,0.0028,0.9601,0,-0.0111,0.9999,0.0003,0,-0.96,-0.0107,0.2798,0,18.9146,0.2055,-1.5856,1]},
{"frame":17,"values":[0.5289,0.0055,0.8487,0,-0.011,0.9999,0.0003,0,-0.8486,-0.0096,0.5289,0,18.9146,0.2055,-1.5856,1]}],"loopBehavior":1,"name":"anim","property":"_matrix"}},
{"name":"LeftHand","index":10,"matrix":[0.7904,0.532,0.3037,0,-0.5264,0.8434,-0.1072,0,-0.3132,-0.0752,0.9467,0,18.4362,0,0,1],"rest":[0.9824,-0.1864,-0.0127,0,0.1846,0.9789,-0.0878,0,0.0288,0.0839,0.9961,0,18.4362,0,0,1],"parentBoneIndex":9,"length":6.699
,"animation":{"dataType":3,"framePerSecond":24,"keys":[
{"frame":1,"values":[0.7904,0.532,0.3037,0,-0.5264,0.8434,-0.1072,0,-0.3132,-0.0752,0.9467,0,18.4362,0,0,1]},
{"frame":2,"values":[0.7662,0.3676,0.5271,0,-0.2895,0.9297,-0.2276,0,-0.5737,0.0218,0.8187,0,18.4362,0,0,1]},
{"frame":3,"values":[0.7114,0.2137,0.6695,0,-0.0329,0.9617,-0.2721,0,-0.702,0.1715,0.6912,0,18.4362,0,0,1]},
{"frame":4,"values":[0.7428,0.0947,0.6627,0,0.0922,0.9661,-0.2413,0,-0.6631,0.2404,0.7089,0,18.4362,0,0,1]},
{"frame":5,"values":[0.8448,-0.0179,0.5347,0,0.0921,0.9894,-0.1123,0,-0.5271,0.1442,0.8375,0,18.4362,0,0,1]},
{"frame":6,"values":[0.9373,-0.1101,0.3307,0,0.0826,0.9919,0.0964,0,-0.3386,-0.063,0.9388,0,18.4362,0,0,1]},
{"frame":7,"values":[0.9761,-0.1619,0.1452,0,0.1199,0.9577,0.2617,0,-0.1815,-0.238,0.9542,0,18.4362,0,0,1]},
{"frame":8,"values":[0.9808,-0.1934,0.023,0,0.1746,0.9255,0.3362,0,-0.0863,-0.3257,0.9415,0,18.4362,0,0,1]},
{"frame":9,"values":[0.9735,-0.22,-0.0625,0,0.2276,0.9049,0.3597,0,-0.0226,-0.3644,0.931,0,18.4362,0,0,1]},
{"frame":10,"values":[0.9637,-0.2355,-0.1257,0,0.2654,0.8954,0.3575,0,0.0284,-0.3779,0.9254,0,18.4362,0,0,1]},
{"frame":11,"values":[0.9606,-0.2324,-0.1522,0,0.2725,0.8951,0.353,0,0.0542,-0.3806,0.9232,0,18.4362,0,0,1]},
{"frame":12,"values":[0.9764,-0.1809,-0.1177,0,0.212,0.9062,0.3658,0,0.0405,-0.3821,0.9232,0,18.4362,0,0,1]},
{"frame":13,"values":[0.9993,-0.0324,-0.0203,0,0.0377,0.9249,0.3784,0,0.0065,-0.3789,0.9254,0,18.4362,0,0,1]},
{"frame":14,"values":[0.9705,0.2172,0.1044,0,-0.24,0.9098,0.3385,0,-0.0215,-0.3536,0.9352,0,18.4362,0,0,1]},
{"frame":15,"values":[0.8736,0.4428,0.2021,0,-0.4815,0.8469,0.2257,0,-0.0712,-0.2944,0.953,0,18.4362,0,0,1]},
{"frame":16,"values":[0.7953,0.5478,0.2598,0,-0.5802,0.812,0.064,0,-0.1759,-0.2016,0.9635,0,18.4362,0,0,1]},
{"frame":17,"values":[0.7904,0.532,0.3037,0,-0.5264,0.8434,-0.1072,0,-0.3132,-0.0752,0.9467,0,18.4362,0,0,1]}],"loopBehavior":1,"name":"anim","property":"_matrix"}},
{"name":"LeftHandThumb1","index":11,"matrix":[0.9931,0.0807,-0.0849,0,-0.0795,0.9967,0.0176,0,0.0861,-0.0108,0.9962,0,3.0862,-1.2837,1.4227,1],"rest":[0.9923,0.1154,-0.0442,0,-0.1172,0.9923,-0.0407,0,0.0392,0.0455,0.9982,0,3.0862,-1.2837,1.4227,1],"parentBoneIndex":10,"length":2.9063
,"animation":{"dataType":3,"framePerSecond":24,"keys":[
{"frame":1,"values":[0.9931,0.0807,-0.0849,0,-0.0795,0.9967,0.0176,0,0.0861,-0.0108,0.9962,0,3.0862,-1.2837,1.4227,1]},
{"frame":2,"values":[0.9931,0.0806,-0.0848,0,-0.0794,0.9967,0.0175,0,0.086,-0.0107,0.9962,0,3.0862,-1.2837,1.4227,1]},
{"frame":3,"values":[0.9935,0.0784,-0.0821,0,-0.0774,0.9969,0.0163,0,0.0831,-0.0098,0.9965,0,3.0862,-1.2837,1.4227,1]},
{"frame":4,"values":[0.9931,0.0807,-0.0851,0,-0.0795,0.9967,0.0179,0,0.0863,-0.011,0.9962,0,3.0862,-1.2837,1.4227,1]},
{"frame":5,"values":[0.9918,0.0871,-0.093,0,-0.0854,0.9961,0.0216,0,0.0945,-0.0134,0.9954,0,3.0862,-1.2837,1.4227,1]},
{"frame":6,"values":[0.9937,0.0779,-0.0809,0,-0.0769,0.9969,0.0151,0,0.0818,-0.0088,0.9966,0,3.0862,-1.2837,1.4227,1]},
{"frame":7,"values":[0.9988,0.039,-0.029,0,-0.0393,0.9992,-0.0093,0,0.0286,0.0104,0.9995,0,3.0862,-1.2837,1.4227,1]},
{"frame":8,"values":[0.999,-0.0108,0.0423,0,0.0124,0.9991,-0.0399,0,-0.0418,0.0403,0.9983,0,3.0862,-1.2837,1.4227,1]},
{"frame":9,"values":[0.9956,-0.0392,0.0855,0,0.0441,0.9974,-0.0566,0,-0.083,0.0601,0.9947,0,3.0862,-1.2837,1.4227,1]},
{"frame":10,"values":[0.995,-0.0429,0.0904,0,0.0482,0.9972,-0.0579,0,-0.0877,0.0619,0.9942,0,3.0862,-1.2837,1.4227,1]},
{"frame":11,"values":[0.995,-0.0426,0.0899,0,0.0479,0.9972,-0.0575,0,-0.0872,0.0616,0.9943,0,3.0862,-1.2837,1.4227,1]},
{"frame":12,"values":[0.9953,-0.0408,0.0879,0,0.046,0.9973,-0.0574,0,-0.0853,0.0612,0.9945,0,3.0862,-1.2837,1.4227,1]},
{"frame":13,"values":[0.9983,-0.0192,0.0549,0,0.0217,0.9988,-0.045,0,-0.054,0.0461,0.9975,0,3.0862,-1.2837,1.4227,1]},
{"frame":14,"values":[0.9995,0.0283,-0.0141,0,-0.0285,0.9995,-0.0159,0,0.0137,0.0163,0.9998,0,3.0862,-1.2837,1.4227,1]},
{"frame":15,"values":[0.9945,0.0731,-0.0745,0,-0.0724,0.9973,0.012,0,0.0752,-0.0065,0.9971,0,3.0862,-1.2837,1.4227,1]},
{"frame":16,"values":[0.9918,0.0876,-0.0936,0,-0.0859,0.9961,0.0217,0,0.0951,-0.0135,0.9954,0,3.0862,-1.2837,1.4227,1]},
{"frame":17,"values":[0.9931,0.0807,-0.0849,0,-0.0795,0.9967,0.0176,0,0.0861,-0.0108,0.9962,0,3.0862,-1.2837,1.4227,1]}],"loopBehavior":1,"name":"anim","property":"_matrix"}},
{"name":"LeftHandThumb2","index":12,"matrix":[0.949,0.1989,-0.2446,0,-0.2,0.9796,0.0204,0,0.2437,0.0295,0.9694,0,2.2512,-1.2997,1.2997,1],"rest":[1,0,0,0,0,1,0,0,0,0,1,0,2.2512,-1.2997,1.2997,1],"parentBoneIndex":11,"length":2.9053
,"animation":{"dataType":3,"framePerSecond":24,"keys":[
{"frame":1,"values":[0.949,0.1989,-0.2446,0,-0.2,0.9796,0.0204,0,0.2437,0.0295,0.9694,0,2.2512,-1.2997,1.2997,1]},
{"frame":2,"values":[0.938,0.2782,-0.207,0,-0.2797,0.9598,0.0228,0,0.205,0.0365,0.9781,0,2.2512,-1.2997,1.2997,1]},
{"frame":3,"values":[0.9067,0.3678,-0.2063,0,-0.3711,0.9283,0.0239,0,0.2003,0.0549,0.9782,0,2.2512,-1.2997,1.2997,1]},
{"frame":4,"values":[0.8778,0.4184,-0.2331,0,-0.4246,0.905,0.0255,0,0.2216,0.0766,0.9721,0,2.2512,-1.2997,1.2997,1]},
{"frame":5,"values":[0.8751,0.4168,-0.2459,0,-0.4235,0.9055,0.0277,0,0.2342,0.0799,0.9689,0,2.2512,-1.2997,1.2997,1]},
{"frame":6,"values":[0.8931,0.3799,-0.2409,0,-0.3855,0.9224,0.0255,0,0.2319,0.0701,0.9702,0,2.2512,-1.2997,1.2997,1]},
{"frame":7,"values":[0.9044,0.333,-0.2669,0,-0.341,0.9399,0.0171,0,0.2565,0.0756,0.9636,0,2.2512,-1.2997,1.2997,1]},
{"frame":8,"values":[0.895,0.2878,-0.3407,0,-0.3034,0.9528,0.008,0,0.3269,0.0962,0.9401,0,2.2512,-1.2997,1.2997,1]},
{"frame":9,"values":[0.8777,0.254,-0.4063,0,-0.2761,0.9611,0.0044,0,0.3916,0.1083,0.9137,0,2.2512,-1.2997,1.2997,1]},
{"frame":10,"values":[0.8719,0.2429,-0.4252,0,-0.2662,0.9639,0.0048,0,0.4111,0.109,0.9051,0,2.2512,-1.2997,1.2997,1]},
{"frame":11,"values":[0.8719,0.2478,-0.4224,0,-0.2712,0.9625,0.005,0,0.4078,0.1102,0.9064,0,2.2512,-1.2997,1.2997,1]},
{"frame":12,"values":[0.8741,0.2517,-0.4154,0,-0.2747,0.9615,0.0046,0,0.4006,0.1101,0.9096,0,2.2512,-1.2997,1.2997,1]},
{"frame":13,"values":[0.8908,0.2426,-0.3842,0,-0.2602,0.9655,0.0063,0,0.3725,0.0944,0.9232,0,2.2512,-1.2997,1.2997,1]},
{"frame":14,"values":[0.9218,0.2228,-0.3173,0,-0.2311,0.9729,0.012,0,0.3113,0.0623,0.9483,0,2.2512,-1.2997,1.2997,1]},
{"frame":15,"values":[0.9451,0.2067,-0.2533,0,-0.2087,0.9778,0.0189,0,0.2516,0.035,0.9672,0,2.2512,-1.2997,1.2997,1]},
{"frame":16,"values":[0.9515,0.2022,-0.2317,0,-0.2027,0.979,0.0218,0,0.2312,0.0262,0.9725,0,2.2512,-1.2997,1.2997,1]},
{"frame":17,"values":[0.949,0.1989,-0.2446,0,-0.2,0.9796,0.0204,0,0.2437,0.0295,0.9694,0,2.2512,-1.2997,1.2997,1]}],"loopBehavior":1,"name":"anim","property":"_matrix"}},
{"name":"LeftHandThumb3","index":13,"matrix":[0.9976,-0.049,-0.0496,0,0.0501,0.9985,0.0205,0,0.0485,-0.0229,0.9986,0,2.2504,-1.2993,1.2993,1],"rest":[0.9996,-0.0265,-0.0043,0,0.0265,0.9995,0.0176,0,0.0038,-0.0177,0.9998,0,2.2504,-1.2993,1.2993,1],"parentBoneIndex":12,"length":2.0937
,"animation":{"dataType":3,"framePerSecond":24,"keys":[
{"frame":1,"values":[0.9976,-0.049,-0.0496,0,0.0501,0.9985,0.0205,0,0.0485,-0.0229,0.9986,0,2.2504,-1.2993,1.2993,1]},
{"frame":2,"values":[0.9972,-0.0527,-0.0527,0,0.0539,0.9983,0.0205,0,0.0516,-0.0233,0.9984,0,2.2504,-1.2993,1.2993,1]},
{"frame":3,"values":[0.9973,-0.0664,-0.032,0,0.0672,0.9974,0.0265,0,0.0302,-0.0286,0.9991,0,2.2504,-1.2993,1.2993,1]},
{"frame":4,"values":[0.9961,-0.0877,0.0007,0,0.0877,0.9956,0.034,0,-0.0037,-0.0338,0.9994,0,2.2504,-1.2993,1.2993,1]},
{"frame":5,"values":[0.9941,-0.1058,0.0233,0,0.1049,0.9938,0.0382,0,-0.0272,-0.0355,0.999,0,2.2504,-1.2993,1.2993,1]},
{"frame":6,"values":[0.9948,-0.1014,0.0084,0,0.101,0.9941,0.0386,0,-0.0122,-0.0375,0.9992,0,2.2504,-1.2993,1.2993,1]},
{"frame":7,"values":[0.9962,-0.0682,-0.0538,0,0.0704,0.9968,0.0386,0,0.051,-0.0423,0.9978,0,2.2504,-1.2993,1.2993,1]},
{"frame":8,"values":[0.9898,-0.0248,-0.1406,0,0.0307,0.9987,0.0399,0,0.1394,-0.0438,0.9893,0,2.2504,-1.2993,1.2993,1]},
{"frame":9,"values":[0.9791,0.003,-0.2034,0,0.0052,0.9992,0.0398,0,0.2034,-0.0401,0.9783,0,2.2504,-1.2993,1.2993,1]},
{"frame":10,"values":[0.974,0.0202,-0.2258,0,-0.0124,0.9993,0.036,0,0.2263,-0.0323,0.9735,0,2.2504,-1.2993,1.2993,1]},
{"frame":11,"values":[0.9706,0.0473,-0.236,0,-0.0412,0.9987,0.0311,0,0.2372,-0.0204,0.9712,0,2.2504,-1.2993,1.2993,1]},
{"frame":12,"values":[0.9669,0.0758,-0.2438,0,-0.0715,0.9971,0.0263,0,0.245,-0.008,0.9695,0,2.2504,-1.2993,1.2993,1]},
{"frame":13,"values":[0.973,0.0731,-0.2187,0,-0.0701,0.9973,0.0214,0,0.2197,-0.0055,0.9755,0,2.2504,-1.2993,1.2993,1]},
{"frame":14,"values":[0.99,0.0222,-0.1393,0,-0.0197,0.9996,0.0193,0,0.1397,-0.0164,0.9901,0,2.2504,-1.2993,1.2993,1]},
{"frame":15,"values":[0.9977,-0.0441,-0.0515,0,0.0453,0.9987,0.0231,0,0.0504,-0.0254,0.9984,0,2.2504,-1.2993,1.2993,1]},
{"frame":16,"values":[0.9971,-0.0734,-0.0187,0,0.0738,0.9969,0.0258,0,0.0168,-0.0271,0.9995,0,2.2504,-1.2993,1.2993,1]},
{"frame":17,"values":[0.9976,-0.049,-0.0496,0,0.0501,0.9985,0.0205,0,0.0485,-0.0229,0.9986,0,2.2504,-1.2993,1.2993,1]}],"loopBehavior":1,"name":"anim","property":"_matrix"}},
{"name":"LeftHandThumb4","index":14,"matrix":[1,0,0,0,0,1,0,0,0,0,1,0,1.642,-0.8764,0.9589,1],"rest":[1,0,0,0,0,1,0,0,0,0,1,0,1.642,-0.8764,0.9589,1],"parentBoneIndex":13,"length":2.0937
,"animation":{"dataType":3,"framePerSecond":24,"keys":[
{"frame":1,"values":[1,0,0,0,0,1,0,0,0,0,1,0,1.642,-0.8764,0.9589,1]},
{"frame":17,"values":[1,0,0,0,0,1,0,0,0,0,1,0,1.642,-0.8764,0.9589,1]}],"loopBehavior":1,"name":"anim","property":"_matrix"}},
{"name":"LeftHandIndex1","index":15,"matrix":[0.98,0.1963,0.0334,0,-0.1962,0.9805,-0.0073,0,-0.0342,0.0006,0.9994,0,7.464,1.013,1.9108,1],"rest":[0.9467,0.3125,0.078,0,-0.3129,0.9497,-0.0071,0,-0.0763,-0.0177,0.9969,0,7.464,1.013,1.9108,1],"parentBoneIndex":10,"length":3.1738
,"animation":{"dataType":3,"framePerSecond":24,"keys":[
{"frame":1,"values":[0.98,0.1963,0.0334,0,-0.1962,0.9805,-0.0073,0,-0.0342,0.0006,0.9994,0,7.464,1.013,1.9108,1]},
{"frame":2,"values":[0.9276,0.3615,0.0943,0,-0.363,0.9318,-0.0018,0,-0.0885,-0.0326,0.9955,0,7.464,1.013,1.9108,1]},
{"frame":3,"values":[0.8596,0.4919,0.138,0,-0.4966,0.868,-0.0006,0,-0.1201,-0.068,0.9904,0,7.464,1.013,1.9108,1]},
{"frame":4,"values":[0.8272,0.5422,0.1472,0,-0.5481,0.8364,-0.0007,0,-0.1235,-0.0801,0.9891,0,7.464,1.013,1.9108,1]},
{"frame":5,"values":[0.8375,0.5298,0.1337,0,-0.5347,0.8451,0.0005,0,-0.1127,-0.0719,0.991,0,7.464,1.013,1.9108,1]},
{"frame":6,"values":[0.8768,0.4657,0.12,0,-0.4691,0.8831,0.0004,0,-0.1058,-0.0566,0.9928,0,7.464,1.013,1.9108,1]},
{"frame":7,"values":[0.9363,0.3312,0.1167,0,-0.3332,0.9428,-0.0019,0,-0.1106,-0.0371,0.9932,0,7.464,1.013,1.9108,1]},
{"frame":8,"values":[0.9845,0.1289,0.1189,0,-0.1283,0.9917,-0.0133,0,-0.1197,-0.0022,0.9928,0,7.464,1.013,1.9108,1]},
{"frame":9,"values":[0.9912,-0.0456,0.1243,0,0.0499,0.9982,-0.0319,0,-0.1226,0.0379,0.9917,0,7.464,1.013,1.9108,1]},
{"frame":10,"values":[0.983,-0.1122,0.1451,0,0.1201,0.9917,-0.0468,0,-0.1387,0.0634,0.9883,0,7.464,1.013,1.9108,1]},
{"frame":11,"values":[0.975,-0.1071,0.1948,0,0.1201,0.9912,-0.0558,0,-0.1871,0.0778,0.9793,0,7.464,1.013,1.9108,1]},
{"frame":12,"values":[0.9633,-0.0885,0.2534,0,0.1073,0.9923,-0.0613,0,-0.2461,0.0862,0.9654,0,7.464,1.013,1.9108,1]},
{"frame":13,"values":[0.9624,-0.0718,0.2619,0,0.0905,0.9941,-0.0599,0,-0.2561,0.0813,0.9632,0,7.464,1.013,1.9108,1]},
{"frame":14,"values":[0.9826,-0.038,0.1818,0,0.0475,0.9977,-0.0483,0,-0.1795,0.0561,0.9822,0,7.464,1.013,1.9108,1]},
{"frame":15,"values":[0.9975,0.0214,0.0676,0,-0.0197,0.9995,-0.0256,0,-0.0681,0.0242,0.9974,0,7.464,1.013,1.9108,1]},
{"frame":16,"values":[0.9946,0.1031,0.0084,0,-0.103,0.9946,-0.0078,0,-0.0091,0.0069,0.9999,0,7.464,1.013,1.9108,1]},
{"frame":17,"values":[0.98,0.1963,0.0334,0,-0.1962,0.9805,-0.0073,0,-0.0342,0.0006,0.9994,0,7.464,1.013,1.9108,1]}],"loopBehavior":1,"name":"anim","property":"_matrix"}},
{"name":"LeftHandIndex2","index":16,"matrix":[0.9843,-0.173,-0.0358,0,0.1728,0.9849,-0.0087,0,0.0367,0.0024,0.9993,0,3.142,-0.4199,-0.157,1],"rest":[0.9998,-0.0181,0.007,0,0.0181,0.9998,-0.0018,0,-0.007,0.0019,1,0,3.142,-0.4199,-0.157,1],"parentBoneIndex":15,"length":2.1038
,"animation":{"dataType":3,"framePerSecond":24,"keys":[
{"frame":1,"values":[0.9843,-0.173,-0.0358,0,0.1728,0.9849,-0.0087,0,0.0367,0.0024,0.9993,0,3.142,-0.4199,-0.157,1]},
{"frame":2,"values":[0.9772,-0.2082,-0.0422,0,0.2079,0.9781,-0.0113,0,0.0436,0.0023,0.999,0,3.142,-0.4199,-0.157,1]},
{"frame":3,"values":[0.9722,-0.2296,-0.0461,0,0.2292,0.9733,-0.0131,0,0.0479,0.0022,0.9989,0,3.142,-0.4199,-0.157,1]},
{"frame":4,"values":[0.9713,-0.2334,-0.0468,0,0.233,0.9724,-0.0134,0,0.0486,0.0021,0.9988,0,3.142,-0.4199,-0.157,1]},
{"frame":5,"values":[0.9726,-0.228,-0.0458,0,0.2276,0.9737,-0.0129,0,0.0475,0.0022,0.9989,0,3.142,-0.4199,-0.157,1]},
{"frame":6,"values":[0.9734,-0.2247,-0.0452,0,0.2243,0.9744,-0.0127,0,0.0469,0.0022,0.9989,0,3.142,-0.4199,-0.157,1]},
{"frame":7,"values":[0.9726,-0.2278,-0.0458,0,0.2275,0.9737,-0.0129,0,0.0475,0.0022,0.9989,0,3.142,-0.4199,-0.157,1]},
{"frame":8,"values":[0.971,-0.2343,-0.0469,0,0.2339,0.9722,-0.0135,0,0.0488,0.0021,0.9988,0,3.142,-0.4199,-0.157,1]},
{"frame":9,"values":[0.9695,-0.2404,-0.0481,0,0.24,0.9707,-0.014,0,0.05,0.002,0.9987,0,3.142,-0.4199,-0.157,1]},
{"frame":10,"values":[0.9674,-0.2483,-0.0495,0,0.2478,0.9687,-0.0147,0,0.0516,0.0019,0.9987,0,3.142,-0.4199,-0.157,1]},
{"frame":11,"values":[0.9646,-0.2588,-0.0514,0,0.2584,0.9659,-0.0156,0,0.0537,0.0018,0.9986,0,3.142,-0.4199,-0.157,1]},
{"frame":12,"values":[0.9635,-0.2626,-0.0521,0,0.2621,0.9649,-0.016,0,0.0544,0.0017,0.9985,0,3.142,-0.4199,-0.157,1]},
{"frame":13,"values":[0.968,-0.2461,-0.0491,0,0.2457,0.9692,-0.0145,0,0.0512,0.002,0.9987,0,3.142,-0.4199,-0.157,1]},
{"frame":14,"values":[0.9773,-0.2078,-0.0421,0,0.2075,0.9782,-0.0113,0,0.0436,0.0023,0.999,0,3.142,-0.4199,-0.157,1]},
{"frame":15,"values":[0.9847,-0.1706,-0.0353,0,0.1704,0.9853,-0.0085,0,0.0363,0.0024,0.9993,0,3.142,-0.4199,-0.157,1]},
{"frame":16,"values":[0.9868,-0.1585,-0.0331,0,0.1583,0.9874,-0.0077,0,0.0339,0.0023,0.9994,0,3.142,-0.4199,-0.157,1]},
{"frame":17,"values":[0.9843,-0.173,-0.0358,0,0.1728,0.9849,-0.0087,0,0.0367,0.0024,0.9993,0,3.142,-0.4199,-0.157,1]}],"loopBehavior":1,"name":"anim","property":"_matrix"}},
{"name":"LeftHandIndex3","index":17,"matrix":[0.9902,-0.1383,-0.0203,0,0.1382,0.9904,-0.0074,0,0.0211,0.0045,0.9998,0,2.0866,-0.2403,-0.1191,1],"rest":[0.9985,-0.0544,-0.0084,0,0.0544,0.9985,-0.0024,0,0.0085,0.0019,1,0,2.0866,-0.2403,-0.1191,1],"parentBoneIndex":16,"length":1.9464
,"animation":{"dataType":3,"framePerSecond":24,"keys":[
{"frame":1,"values":[0.9902,-0.1383,-0.0203,0,0.1382,0.9904,-0.0074,0,0.0211,0.0045,0.9998,0,2.0866,-0.2403,-0.1191,1]},
{"frame":2,"values":[0.9841,-0.1756,-0.0272,0,0.1754,0.9844,-0.0099,0,0.0285,0.0049,0.9996,0,2.0866,-0.2403,-0.1191,1]},
{"frame":3,"values":[0.9797,-0.1981,-0.0313,0,0.1978,0.9802,-0.0115,0,0.0329,0.005,0.9994,0,2.0866,-0.2403,-0.1191,1]},
{"frame":4,"values":[0.9789,-0.2019,-0.032,0,0.2017,0.9794,-0.0117,0,0.0337,0.005,0.9994,0,2.0866,-0.2403,-0.1191,1]},
{"frame":5,"values":[0.9801,-0.1961,-0.0309,0,0.1958,0.9806,-0.0113,0,0.0325,0.005,0.9995,0,2.0866,-0.2403,-0.1191,1]},
{"frame":6,"values":[0.9809,-0.192,-0.0302,0,0.1918,0.9814,-0.011,0,0.0317,0.005,0.9995,0,2.0866,-0.2403,-0.1191,1]},
{"frame":7,"values":[0.9805,-0.1942,-0.0306,0,0.1939,0.981,-0.0112,0,0.0322,0.005,0.9995,0,2.0866,-0.2403,-0.1191,1]},
{"frame":8,"values":[0.9793,-0.2,-0.0316,0,0.1998,0.9798,-0.0116,0,0.0333,0.005,0.9994,0,2.0866,-0.2403,-0.1191,1]},
{"frame":9,"values":[0.9779,-0.2064,-0.0328,0,0.2061,0.9785,-0.0121,0,0.0346,0.005,0.9994,0,2.0866,-0.2403,-0.1191,1]},
{"frame":10,"values":[0.976,-0.2149,-0.0343,0,0.2145,0.9766,-0.0127,0,0.0363,0.005,0.9993,0,2.0866,-0.2403,-0.1191,1]},
{"frame":11,"values":[0.9732,-0.227,-0.0365,0,0.2266,0.9739,-0.0137,0,0.0387,0.005,0.9992,0,2.0866,-0.2403,-0.1191,1]},
{"frame":12,"values":[0.9712,-0.2351,-0.038,0,0.2347,0.972,-0.0143,0,0.0403,0.005,0.9992,0,2.0866,-0.2403,-0.1191,1]},
{"frame":13,"values":[0.974,-0.2237,-0.0359,0,0.2234,0.9746,-0.0134,0,0.038,0.005,0.9993,0,2.0866,-0.2403,-0.1191,1]},
{"frame":14,"values":[0.9821,-0.1859,-0.029,0,0.1856,0.9826,-0.0106,0,0.0305,0.005,0.9995,0,2.0866,-0.2403,-0.1191,1]},
{"frame":15,"values":[0.9895,-0.1431,-0.0212,0,0.1429,0.9897,-0.0077,0,0.0221,0.0046,0.9997,0,2.0866,-0.2403,-0.1191,1]},
{"frame":16,"values":[0.992,-0.1249,-0.0178,0,0.1248,0.9922,-0.0066,0,0.0185,0.0043,0.9998,0,2.0866,-0.2403,-0.1191,1]},
{"frame":17,"values":[0.9902,-0.1383,-0.0203,0,0.1382,0.9904,-0.0074,0,0.0211,0.0045,0.9998,0,2.0866,-0.2403,-0.1191,1]}],"loopBehavior":1,"name":"anim","property":"_matrix"}},
{"name":"LeftHandIndex4","index":18,"matrix":[1,0,0,0,0,1,0,0,0,0,1,0,1.9406,-0.1168,-0.0942,1],"rest":[1,0,0,0,0,1,0,0,0,0,1,0,1.9406,-0.1168,-0.0942,1],"parentBoneIndex":17,"length":1.9464
,"animation":{"dataType":3,"framePerSecond":24,"keys":[
{"frame":1,"values":[1,0,0,0,0,1,0,0,0,0,1,0,1.9406,-0.1168,-0.0942,1]},
{"frame":17,"values":[1,0,0,0,0,1,0,0,0,0,1,0,1.9406,-0.1168,-0.0942,1]}],"loopBehavior":1,"name":"anim","property":"_matrix"}},
