{"producer":{"name":"Blender","version":"2.90.0","exporter_version":"2.80.1","file":"straferight_riffle.babylon"},
"autoClear":true,"clearColor":[0.0509,0.0509,0.0509],"gravity":[0,-9.81,0],
"materials":[{"name":"Material","id":"Material","customType":"BABYLON.PBRMaterial","backFaceCulling":true,"checkReadyOnlyOnce":false,"maxSimultaneousLights":4,"environmentIntensity":1,"albedo":[0.8,0.8,0.8],"reflectivity":[0.5,0.5,0.5],"roughness":0.4,"alpha":1,"transparencyMode":0,"alphaCutOff":0.4,"metallic":0}],
"multiMaterials":[],
"skeletons":[{"name":"Armature","id":0,"dimensionsAtRest":[128.1663,151.4482,19.1351],"bones":[
{"name":"Hips","index":0,"matrix":[0.6637,0.061,-0.7456,0,0.1036,0.9796,0.1723,0,-0.7408,0.1916,-0.6438,0,-0.725,73.4959,-0.4614,1],"rest":[1,0,0,0,0,1,0,0,0,0,-1,0,0,81.0629,0,1],"parentBoneIndex":-1,"length":7.701
,"animation":{"dataType":3,"framePerSecond":24,"keys":[
{"frame":1,"values":[0.6637,0.061,-0.7456,0,0.1036,0.9796,0.1723,0,-0.7408,0.1916,-0.6438,0,-0.725,73.4959,-0.4614,1]},
{"frame":2,"values":[0.6035,0.0469,-0.796,0,0.1354,0.9778,0.1602,0,-0.7858,0.2044,-0.5837,0,-2.2134,71.8344,-0.5792,1]},
{"frame":3,"values":[0.5367,0.0337,-0.8431,0,0.1675,0.9751,0.1456,0,-0.827,0.2194,-0.5176,0,-3.6477,70.1327,-0.7923,1]},
{"frame":4,"values":[0.468,0.0223,-0.8834,0,0.1977,0.9717,0.1293,0,-0.8613,0.2351,-0.4504,0,-4.815,68.6618,-1.1007,1]},
{"frame":5,"values":[0.4024,0.0118,-0.9154,0,0.2242,0.9682,0.1111,0,-0.8876,0.2499,-0.3869,0,-5.6814,67.6008,-1.4992,1]},
{"frame":6,"values":[0.3514,0.0051,-0.9362,0,0.2421,0.9655,0.0962,0,-0.9044,0.2605,-0.338,0,-5.744,67.6159,-1.9286,1]},
{"frame":7,"values":[0.3789,-0.0016,-0.9254,0,0.2418,0.9654,0.0973,0,-0.8933,0.2607,-0.3662,0,-5.8285,68.411,-2.417,1]},
{"frame":8,"values":[0.4296,-0.0009,-0.903,0,0.23,0.9671,0.1084,0,-0.8733,0.2543,-0.4156,0,-5.4832,69.9462,-2.868,1]},
{"frame":9,"values":[0.4761,0.0041,-0.8794,0,0.2149,0.9691,0.1209,0,-0.8527,0.2466,-0.4606,0,-4.8926,71.671,-3.228,1]},
{"frame":10,"values":[0.5186,0.0121,-0.855,0,0.1972,0.9713,0.1333,0,-0.832,0.2377,-0.5013,0,-4.2642,73.0694,-3.4724,1]},
{"frame":11,"values":[0.5578,0.0197,-0.8298,0,0.1787,0.9734,0.1433,0,-0.8105,0.2282,-0.5394,0,-3.6772,73.5247,-3.5778,1]},
{"frame":12,"values":[0.5948,0.0266,-0.8035,0,0.1601,0.9755,0.1508,0,-0.7878,0.2184,-0.5759,0,-3.2208,73.419,-3.5558,1]},
{"frame":13,"values":[0.6301,0.0311,-0.7759,0,0.1429,0.9775,0.1552,0,-0.7632,0.2087,-0.6115,0,-2.7892,72.8108,-3.4511,1]},
{"frame":14,"values":[0.664,0.0322,-0.747,0,0.1282,0.9794,0.1561,0,-0.7367,0.1994,-0.6462,0,-2.3418,71.685,-3.2844,1]},
{"frame":15,"values":[0.6965,0.0341,-0.7167,0,0.1137,0.981,0.1572,0,-0.7085,0.1909,-0.6794,0,-1.9153,70.5295,-3.0499,1]},
{"frame":16,"values":[0.7274,0.0369,-0.6853,0,0.0995,0.9823,0.1586,0,-0.679,0.1836,-0.7108,0,-1.8731,69.7096,-2.7588,1]},
{"frame":17,"values":[0.7576,0.0431,-0.6513,0,0.0838,0.9832,0.1624,0,-0.6473,0.1776,-0.7412,0,-2.6212,68.4556,-2.4119,1]},
{"frame":18,"values":[0.7857,0.0523,-0.6164,0,0.0672,0.9833,0.1689,0,-0.615,0.1741,-0.7691,0,-4.1469,67.1962,-2.0427,1]},
{"frame":19,"values":[0.782,0.0604,-0.6203,0,0.0599,0.9834,0.1712,0,-0.6204,0.171,-0.7654,0,-5.3023,67.0508,-1.6278,1]},
{"frame":20,"values":[0.766,0.0606,-0.64,0,0.064,0.9834,0.1697,0,-0.6396,0.171,-0.7494,0,-5.4426,68.555,-1.2535,1]},
{"frame":21,"values":[0.7484,0.0562,-0.6609,0,0.0738,0.9832,0.1671,0,-0.6592,0.1738,-0.7316,0,-4.5046,70.7238,-0.9439,1]},
{"frame":22,"values":[0.7287,0.0512,-0.6829,0,0.0851,0.9827,0.1644,0,-0.6795,0.178,-0.7117,0,-3.4953,72.4641,-0.6966,1]},
{"frame":23,"values":[0.7074,0.051,-0.7049,0,0.0936,0.9818,0.165,0,-0.7005,0.1827,-0.6898,0,-2.6354,73.5736,-0.5155,1]},
{"frame":24,"values":[0.6855,0.0552,-0.7259,0,0.0993,0.9807,0.1683,0,-0.7212,0.1874,-0.6669,0,-1.8339,74.0082,-0.4269,1]},
{"frame":25,"values":[0.6637,0.061,-0.7456,0,0.1036,0.9796,0.1723,0,-0.7408,0.1916,-0.6438,0,-0.725,73.4959,-0.4622,1]}],"loopBehavior":1,"name":"anim","property":"_matrix"}},
{"name":"Spine","index":1,"matrix":[0.9957,-0.0915,0.0114,0,0.0847,0.9564,0.2794,0,-0.0365,-0.2772,0.9601,0,0.009,7.0626,-0.9847,1],"rest":[1,0,0,0,0,1,0,0,0,0,1,0,0.009,7.0626,-0.9847,1],"parentBoneIndex":0,"length":8.3194
,"animation":{"dataType":3,"framePerSecond":24,"keys":[
{"frame":1,"values":[0.9957,-0.0915,0.0114,0,0.0847,0.9564,0.2794,0,-0.0365,-0.2772,0.9601,0,0.009,7.0626,-0.9847,1]},
{"frame":2,"values":[0.9973,-0.0715,-0.019,0,0.0739,0.956,0.2838,0,-0.0022,-0.2844,0.9587,0,0.009,7.0626,-0.9847,1]},
{"frame":3,"values":[0.9973,-0.0518,-0.0522,0,0.0648,0.9547,0.2903,0,0.0348,-0.2929,0.9555,0,0.009,7.0626,-0.9847,1]},
{"frame":4,"values":[0.9958,-0.0344,-0.0849,0,0.0584,0.9523,0.2994,0,0.0706,-0.3031,0.9503,0,0.009,7.0626,-0.9847,1]},
{"frame":5,"values":[0.9933,-0.0163,-0.1142,0,0.0511,0.9499,0.3084,0,0.1034,-0.3122,0.9444,0,0.009,7.0626,-0.9847,1]},
{"frame":6,"values":[0.9909,-0.0001,-0.1349,0,0.0432,0.9478,0.316,0,0.1278,-0.319,0.9391,0,0.009,7.0626,-0.9847,1]},
{"frame":7,"values":[0.9902,-0.0176,-0.1388,0,0.0605,0.9482,0.3118,0,0.1261,-0.3171,0.94,0,0.009,7.0626,-0.9847,1]},
{"frame":8,"values":[0.9911,-0.0446,-0.1257,0,0.0814,0.9487,0.3056,0,0.1056,-0.3131,0.9438,0,0.009,7.0626,-0.9847,1]},
{"frame":9,"values":[0.992,-0.0688,-0.1059,0,0.0978,0.9492,0.2992,0,0.0799,-0.3072,0.9483,0,0.009,7.0626,-0.9847,1]},
{"frame":10,"values":[0.9926,-0.0868,-0.0854,0,0.1083,0.9502,0.2923,0,0.0558,-0.2994,0.9525,0,0.009,7.0626,-0.9847,1]},
{"frame":11,"values":[0.9932,-0.0978,-0.0638,0,0.1121,0.9517,0.2859,0,0.0328,-0.2911,0.9561,0,0.009,7.0626,-0.9847,1]},
{"frame":12,"values":[0.9938,-0.1033,-0.04,0,0.1104,0.9537,0.2798,0,0.0092,-0.2825,0.9592,0,0.009,7.0626,-0.9847,1]},
{"frame":13,"values":[0.9944,-0.1043,-0.0148,0,0.1043,0.9557,0.2753,0,-0.0145,-0.2753,0.9612,0,0.009,7.0626,-0.9847,1]},
{"frame":14,"values":[0.9949,-0.1005,0.0109,0,0.0938,0.9578,0.2718,0,-0.0378,-0.2694,0.9623,0,0.009,7.0626,-0.9847,1]},
{"frame":15,"values":[0.9945,-0.0983,0.0352,0,0.0853,0.9594,0.269,0,-0.0602,-0.2645,0.9625,0,0.009,7.0626,-0.9847,1]},
{"frame":16,"values":[0.9934,-0.1002,0.0558,0,0.0818,0.96,0.2678,0,-0.0804,-0.2615,0.9618,0,0.009,7.0626,-0.9847,1]},
{"frame":17,"values":[0.9912,-0.1104,0.0731,0,0.0872,0.9595,0.2678,0,-0.0997,-0.259,0.9607,0,0.009,7.0626,-0.9847,1]},
{"frame":18,"values":[0.9879,-0.1287,0.0863,0,0.1014,0.9581,0.2679,0,-0.1172,-0.2559,0.9596,0,0.009,7.0626,-0.9847,1]},
{"frame":19,"values":[0.9874,-0.1305,0.0897,0,0.1021,0.9576,0.2692,0,-0.121,-0.2567,0.9589,0,0.009,7.0626,-0.9847,1]},
{"frame":20,"values":[0.9896,-0.1185,0.0809,0,0.0924,0.9578,0.2723,0,-0.1098,-0.262,0.9588,0,0.009,7.0626,-0.9847,1]},
{"frame":21,"values":[0.9919,-0.1054,0.0702,0,0.0824,0.9582,0.2739,0,-0.0962,-0.2659,0.9592,0,0.009,7.0626,-0.9847,1]},
{"frame":22,"values":[0.9938,-0.0952,0.0572,0,0.0759,0.9582,0.2757,0,-0.0811,-0.2697,0.9595,0,0.009,7.0626,-0.9847,1]},
{"frame":23,"values":[0.995,-0.091,0.0423,0,0.0758,0.9578,0.2772,0,-0.0657,-0.2726,0.9599,0,0.009,7.0626,-0.9847,1]},
{"frame":24,"values":[0.9955,-0.091,0.0266,0,0.0801,0.9571,0.2784,0,-0.0508,-0.275,0.9601,0,0.009,7.0626,-0.9847,1]},
{"frame":25,"values":[0.9957,-0.0915,0.0114,0,0.0847,0.9564,0.2794,0,-0.0365,-0.2773,0.9601,0,0.009,7.0626,-0.9847,1]}],"loopBehavior":1,"name":"anim","property":"_matrix"}},
{"name":"Spine1","index":2,"matrix":[0.9867,0.1461,-0.0716,0,-0.1097,0.9224,0.3703,0,0.1202,-0.3575,0.9262,0,0.0124,8.2397,-1.1488,1],"rest":[1,0,0,0,0,1,0,0,0,0,1,0,0.0124,8.2397,-1.1488,1],"parentBoneIndex":1,"length":9.5079
,"animation":{"dataType":3,"framePerSecond":24,"keys":[
{"frame":1,"values":[0.9867,0.1461,-0.0716,0,-0.1097,0.9224,0.3703,0,0.1202,-0.3575,0.9262,0,0.0124,8.2397,-1.1488,1]},
{"frame":2,"values":[0.9865,0.1404,-0.0842,0,-0.0999,0.9236,0.3702,0,0.1297,-0.3568,0.9251,0,0.0124,8.2397,-1.1488,1]},
{"frame":3,"values":[0.9863,0.1344,-0.096,0,-0.0902,0.9251,0.3688,0,0.1383,-0.355,0.9246,0,0.0124,8.2397,-1.1488,1]},
{"frame":4,"values":[0.9857,0.1297,-0.1076,0,-0.082,0.9269,0.3662,0,0.1472,-0.3521,0.9243,0,0.0124,8.2397,-1.1488,1]},
{"frame":5,"values":[0.9849,0.1253,-0.1194,0,-0.074,0.9285,0.3639,0,0.1565,-0.3496,0.9238,0,0.0124,8.2397,-1.1488,1]},
{"frame":6,"values":[0.9841,0.1201,-0.1306,0,-0.0654,0.9298,0.3623,0,0.1649,-0.348,0.9229,0,0.0124,8.2397,-1.1488,1]},
{"frame":7,"values":[0.9844,0.1314,-0.1171,0,-0.0809,0.9286,0.3622,0,0.1563,-0.3471,0.9247,0,0.0124,8.2397,-1.1488,1]},
{"frame":8,"values":[0.9845,0.1415,-0.1035,0,-0.0952,0.9272,0.3622,0,0.1472,-0.3467,0.9263,0,0.0124,8.2397,-1.1488,1]},
{"frame":9,"values":[0.9842,0.1482,-0.0964,0,-0.1038,0.9257,0.3637,0,0.1431,-0.3479,0.9265,0,0.0124,8.2397,-1.1488,1]},
{"frame":10,"values":[0.9841,0.1517,-0.0921,0,-0.1082,0.9242,0.3664,0,0.1407,-0.3506,0.9259,0,0.0124,8.2397,-1.1488,1]},
{"frame":11,"values":[0.9843,0.1522,-0.0899,0,-0.1089,0.9229,0.3692,0,0.1392,-0.3536,0.925,0,0.0124,8.2397,-1.1488,1]},
{"frame":12,"values":[0.9844,0.1514,-0.0893,0,-0.1079,0.9218,0.3723,0,0.1387,-0.3569,0.9238,0,0.0124,8.2397,-1.1488,1]},
{"frame":13,"values":[0.9847,0.1495,-0.0894,0,-0.1058,0.9212,0.3745,0,0.1383,-0.3593,0.9229,0,0.0124,8.2397,-1.1488,1]},
{"frame":14,"values":[0.9851,0.1467,-0.0893,0,-0.103,0.9208,0.3763,0,0.1374,-0.3615,0.9222,0,0.0124,8.2397,-1.1488,1]},
{"frame":15,"values":[0.9855,0.1449,-0.0878,0,-0.1017,0.9204,0.3775,0,0.1355,-0.3631,0.9219,0,0.0124,8.2397,-1.1488,1]},
{"frame":16,"values":[0.9859,0.145,-0.0838,0,-0.1032,0.9201,0.3779,0,0.1319,-0.364,0.922,0,0.0124,8.2397,-1.1488,1]},
{"frame":17,"values":[0.986,0.1485,-0.0763,0,-0.1092,0.9194,0.3779,0,0.1263,-0.3642,0.9227,0,0.0124,8.2397,-1.1488,1]},
{"frame":18,"values":[0.9858,0.1547,-0.0653,0,-0.1191,0.9184,0.3773,0,0.1183,-0.3642,0.9238,0,0.0124,8.2397,-1.1488,1]},
{"frame":19,"values":[0.9859,0.1526,-0.069,0,-0.116,0.9195,0.3755,0,0.1208,-0.3622,0.9242,0,0.0124,8.2397,-1.1488,1]},
{"frame":20,"values":[0.9864,0.1475,-0.0722,0,-0.1105,0.9213,0.3729,0,0.1216,-0.3599,0.9251,0,0.0124,8.2397,-1.1488,1]},
{"frame":21,"values":[0.9868,0.1448,-0.0731,0,-0.1078,0.922,0.3719,0,0.1213,-0.3591,0.9254,0,0.0124,8.2397,-1.1488,1]},
{"frame":22,"values":[0.9868,0.1445,-0.0727,0,-0.1077,0.9223,0.3711,0,0.1207,-0.3584,0.9257,0,0.0124,8.2397,-1.1488,1]},
{"frame":23,"values":[0.9868,0.1451,-0.0719,0,-0.1086,0.9224,0.3707,0,0.1201,-0.358,0.9259,0,0.0124,8.2397,-1.1488,1]},
{"frame":24,"values":[0.9868,0.1456,-0.0715,0,-0.1092,0.9225,0.3703,0,0.1199,-0.3575,0.9262,0,0.0124,8.2397,-1.1488,1]},
{"frame":25,"values":[0.9867,0.1461,-0.0717,0,-0.1096,0.9223,0.3705,0,0.1203,-0.3577,0.9261,0,0.0124,8.2397,-1.1488,1]}],"loopBehavior":1,"name":"anim","property":"_matrix"}},
{"name":"Spine2","index":3,"matrix":[0.9667,0.2158,-0.1372,0,-0.1631,0.9336,0.3192,0,0.197,-0.2862,0.9377,0,0.0142,9.4168,-1.313,1],"rest":[1,0,0,0,0,1,0,0,0,0,1,0,0.0142,9.4168,-1.313,1],"parentBoneIndex":2,"length":9.9132
,"animation":{"dataType":3,"framePerSecond":24,"keys":[
{"frame":1,"values":[0.9667,0.2158,-0.1372,0,-0.1631,0.9336,0.3192,0,0.197,-0.2862,0.9377,0,0.0142,9.4168,-1.313,1]},
{"frame":2,"values":[0.9674,0.2066,-0.1463,0,-0.151,0.9349,0.3213,0,0.2031,-0.2887,0.9356,0,0.0142,9.4168,-1.313,1]},
{"frame":3,"values":[0.9681,0.1972,-0.1547,0,-0.1392,0.9364,0.3221,0,0.2083,-0.2903,0.934,0,0.0142,9.4168,-1.313,1]},
{"frame":4,"values":[0.9683,0.1886,-0.1637,0,-0.1283,0.938,0.3219,0,0.2143,-0.2907,0.9325,0,0.0142,9.4168,-1.313,1]},
{"frame":5,"values":[0.9682,0.1805,-0.173,0,-0.1176,0.9394,0.322,0,0.2207,-0.2914,0.9308,0,0.0142,9.4168,-1.313,1]},
{"frame":6,"values":[0.9682,0.1722,-0.1813,0,-0.1068,0.9404,0.3229,0,0.2261,-0.2932,0.9289,0,0.0142,9.4168,-1.313,1]},
{"frame":7,"values":[0.9667,0.1875,-0.1742,0,-0.1247,0.9395,0.3191,0,0.2235,-0.2868,0.9316,0,0.0142,9.4168,-1.313,1]},
{"frame":8,"values":[0.9652,0.2016,-0.1665,0,-0.1415,0.9382,0.3159,0,0.2199,-0.2814,0.9341,0,0.0142,9.4168,-1.313,1]},
{"frame":9,"values":[0.9641,0.2102,-0.1624,0,-0.151,0.9367,0.3159,0,0.2185,-0.28,0.9348,0,0.0142,9.4168,-1.313,1]},
{"frame":10,"values":[0.9636,0.2147,-0.1591,0,-0.1558,0.9352,0.3181,0,0.2171,-0.2817,0.9346,0,0.0142,9.4168,-1.313,1]},
{"frame":11,"values":[0.9638,0.2158,-0.1564,0,-0.157,0.934,0.3208,0,0.2153,-0.2846,0.9342,0,0.0142,9.4168,-1.313,1]},
{"frame":12,"values":[0.9643,0.215,-0.1545,0,-0.1561,0.933,0.3241,0,0.2138,-0.2885,0.9333,0,0.0142,9.4168,-1.313,1]},
{"frame":13,"values":[0.965,0.2131,-0.1532,0,-0.1541,0.9325,0.3266,0,0.2124,-0.2916,0.9327,0,0.0142,9.4168,-1.313,1]},
{"frame":14,"values":[0.9658,0.2106,-0.1515,0,-0.1517,0.9322,0.3286,0,0.2105,-0.2944,0.9322,0,0.0142,9.4168,-1.313,1]},
{"frame":15,"values":[0.9664,0.2093,-0.1492,0,-0.151,0.9319,0.3297,0,0.2081,-0.2961,0.9322,0,0.0142,9.4168,-1.313,1]},
{"frame":16,"values":[0.9665,0.211,-0.1458,0,-0.1537,0.9316,0.3294,0,0.2054,-0.296,0.9329,0,0.0142,9.4168,-1.313,1]},
{"frame":17,"values":[0.9661,0.2166,-0.1407,0,-0.161,0.9309,0.328,0,0.202,-0.2942,0.9341,0,0.0142,9.4168,-1.313,1]},
{"frame":18,"values":[0.9651,0.2256,-0.1331,0,-0.1724,0.9296,0.3257,0,0.1973,-0.2914,0.9361,0,0.0142,9.4168,-1.313,1]},
{"frame":19,"values":[0.9655,0.2219,-0.136,0,-0.1682,0.9308,0.3246,0,0.1986,-0.2906,0.936,0,0.0142,9.4168,-1.313,1]},
{"frame":20,"values":[0.9665,0.2165,-0.1378,0,-0.1629,0.9325,0.3223,0,0.1983,-0.2891,0.9365,0,0.0142,9.4168,-1.313,1]},
{"frame":21,"values":[0.967,0.2142,-0.138,0,-0.1608,0.9332,0.3213,0,0.1976,-0.2885,0.9369,0,0.0142,9.4168,-1.313,1]},
{"frame":22,"values":[0.9671,0.214,-0.1377,0,-0.161,0.9335,0.3203,0,0.1971,-0.2876,0.9372,0,0.0142,9.4168,-1.313,1]},
{"frame":23,"values":[0.967,0.2148,-0.1372,0,-0.162,0.9335,0.3198,0,0.1968,-0.287,0.9375,0,0.0142,9.4168,-1.313,1]},
{"frame":24,"values":[0.9669,0.2154,-0.137,0,-0.1627,0.9336,0.3192,0,0.1967,-0.2863,0.9377,0,0.0142,9.4168,-1.313,1]},
{"frame":25,"values":[0.9667,0.2158,-0.1373,0,-0.163,0.9335,0.3194,0,0.1971,-0.2864,0.9376,0,0.0142,9.4168,-1.313,1]}],"loopBehavior":1,"name":"anim","property":"_matrix"}},
{"name":"Neck","index":4,"matrix":[0.9979,-0.004,-0.0651,0,-0.0027,0.9947,-0.1024,0,0.0652,0.1024,0.9926,0,0.016,10.5938,-1.4771,1],"rest":[1,0,0,0,0,1,0,0,0,0,1,0,0.016,10.5938,-1.4771,1],"parentBoneIndex":3,"length":5.1073
,"animation":{"dataType":3,"framePerSecond":24,"keys":[
{"frame":1,"values":[0.9979,-0.004,-0.0651,0,-0.0027,0.9947,-0.1024,0,0.0652,0.1024,0.9926,0,0.016,10.5938,-1.4771,1]},
{"frame":2,"values":[0.9975,-0.0032,-0.0702,0,-0.004,0.9947,-0.1026,0,0.0702,0.1027,0.9922,0,0.016,10.5938,-1.4771,1]},
{"frame":3,"values":[0.9971,-0.0022,-0.0766,0,-0.0057,0.9947,-0.1029,0,0.0764,0.1031,0.9917,0,0.016,10.5938,-1.4771,1]},
{"frame":4,"values":[0.9965,-0.0012,-0.083,0,-0.0074,0.9946,-0.1032,0,0.0827,0.1035,0.9912,0,0.016,10.5938,-1.4771,1]},
{"frame":5,"values":[0.9961,-0.0005,-0.0881,0,-0.0087,0.9946,-0.1034,0,0.0877,0.1038,0.9907,0,0.016,10.5938,-1.4771,1]},
{"frame":6,"values":[0.9959,-0.0001,-0.0905,0,-0.0093,0.9946,-0.1035,0,0.09,0.1039,0.9905,0,0.016,10.5938,-1.4771,1]},
{"frame":7,"values":[0.9959,-0.0001,-0.0901,0,-0.0092,0.9946,-0.1035,0,0.0896,0.1039,0.9905,0,0.016,10.5938,-1.4771,1]},
{"frame":8,"values":[0.9961,-0.0005,-0.088,0,-0.0087,0.9946,-0.1034,0,0.0876,0.1038,0.9907,0,0.016,10.5938,-1.4771,1]},
{"frame":9,"values":[0.9964,-0.0009,-0.0849,0,-0.0079,0.9946,-0.1033,0,0.0846,0.1036,0.991,0,0.016,10.5938,-1.4771,1]},
{"frame":10,"values":[0.9967,-0.0015,-0.081,0,-0.0068,0.9946,-0.1031,0,0.0807,0.1033,0.9914,0,0.016,10.5938,-1.4771,1]},
{"frame":11,"values":[0.9971,-0.0022,-0.0766,0,-0.0057,0.9947,-0.1029,0,0.0764,0.1031,0.9917,0,0.016,10.5938,-1.4771,1]},
{"frame":12,"values":[0.9974,-0.0029,-0.0721,0,-0.0045,0.9947,-0.1027,0,0.072,0.1028,0.9921,0,0.016,10.5938,-1.4771,1]},
{"frame":13,"values":[0.9977,-0.0036,-0.0679,0,-0.0034,0.9947,-0.1025,0,0.0679,0.1025,0.9924,0,0.016,10.5938,-1.4771,1]},
{"frame":14,"values":[0.9979,-0.0042,-0.0641,0,-0.0024,0.9947,-0.1024,0,0.0641,0.1023,0.9927,0,0.016,10.5938,-1.4771,1]},
{"frame":15,"values":[0.9982,-0.0047,-0.0605,0,-0.0015,0.9948,-0.1022,0,0.0607,0.1021,0.9929,0,0.016,10.5938,-1.4771,1]},
{"frame":16,"values":[0.9983,-0.0052,-0.0575,0,-0.0007,0.9948,-0.1021,0,0.0577,0.102,0.9931,0,0.016,10.5938,-1.4771,1]},
{"frame":17,"values":[0.9985,-0.0055,-0.0552,0,-0.0001,0.9948,-0.102,0,0.0555,0.1019,0.9932,0,0.016,10.5938,-1.4771,1]},
{"frame":18,"values":[0.9985,-0.0057,-0.054,0,0.0002,0.9948,-0.102,0,0.0543,0.1018,0.9933,0,0.016,10.5938,-1.4771,1]},
{"frame":19,"values":[0.9985,-0.0057,-0.0536,0,0.0002,0.9948,-0.102,0,0.0539,0.1018,0.9933,0,0.016,10.5938,-1.4771,1]},
{"frame":20,"values":[0.9985,-0.0057,-0.0538,0,0.0002,0.9948,-0.102,0,0.0541,0.1018,0.9933,0,0.016,10.5938,-1.4771,1]},
{"frame":21,"values":[0.9985,-0.0056,-0.0546,0,0,0.9948,-0.102,0,0.0549,0.1018,0.9933,0,0.016,10.5938,-1.4771,1]},
{"frame":22,"values":[0.9984,-0.0054,-0.0561,0,-0.0004,0.9948,-0.102,0,0.0564,0.1019,0.9932,0,0.016,10.5938,-1.4771,1]},
{"frame":23,"values":[0.9983,-0.005,-0.0583,0,-0.0009,0.9948,-0.1021,0,0.0585,0.102,0.9931,0,0.016,10.5938,-1.4771,1]},
{"frame":24,"values":[0.9981,-0.0046,-0.0613,0,-0.0017,0.9948,-0.1022,0,0.0615,0.1022,0.9929,0,0.016,10.5938,-1.4771,1]},
{"frame":25,"values":[0.9979,-0.004,-0.0651,0,-0.0027,0.9947,-0.1024,0,0.0652,0.1024,0.9926,0,0.016,10.5938,-1.4771,1]}],"loopBehavior":1,"name":"anim","property":"_matrix"}},
{"name":"Head","index":5,"matrix":[0.8503,-0.2534,-0.4612,0,0.1971,0.966,-0.1674,0,0.488,0.0514,0.8714,0,0,5.0564,0.7196,1],"rest":[1,0,0,0,0,1,0,0,0,0,1,0,0,5.0564,0.7196,1],"parentBoneIndex":4,"length":15.2963
,"animation":{"dataType":3,"framePerSecond":24,"keys":[
{"frame":1,"values":[0.8503,-0.2534,-0.4612,0,0.1971,0.966,-0.1674,0,0.488,0.0514,0.8714,0,0,5.0564,0.7196,1]},
{"frame":2,"values":[0.8458,-0.2528,-0.4698,0,0.1943,0.9661,-0.1699,0,0.4968,0.0524,0.8663,0,0,5.0564,0.7196,1]},
{"frame":3,"values":[0.84,-0.252,-0.4805,0,0.1908,0.9662,-0.1731,0,0.5079,0.0537,0.8598,0,0,5.0564,0.7196,1]},
{"frame":4,"values":[0.8341,-0.2512,-0.4911,0,0.1873,0.9664,-0.1762,0,0.5188,0.055,0.8531,0,0,5.0564,0.7196,1]},
{"frame":5,"values":[0.8293,-0.2506,-0.4995,0,0.1844,0.9665,-0.1787,0,0.5275,0.0561,0.8477,0,0,5.0564,0.7196,1]},
{"frame":6,"values":[0.827,-0.2502,-0.5034,0,0.183,0.9665,-0.1799,0,0.5316,0.0567,0.8451,0,0,5.0564,0.7196,1]},
{"frame":7,"values":[0.8274,-0.2503,-0.5027,0,0.1832,0.9665,-0.1797,0,0.5308,0.0566,0.8456,0,0,5.0564,0.7196,1]},
{"frame":8,"values":[0.8294,-0.2505,-0.4993,0,0.1843,0.9665,-0.1787,0,0.5274,0.0562,0.8478,0,0,5.0564,0.7196,1]},
{"frame":9,"values":[0.8324,-0.2509,-0.4942,0,0.1861,0.9664,-0.1772,0,0.5221,0.0555,0.8511,0,0,5.0564,0.7196,1]},
{"frame":10,"values":[0.836,-0.2514,-0.4877,0,0.1884,0.9663,-0.1752,0,0.5153,0.0546,0.8553,0,0,5.0564,0.7196,1]},
{"frame":11,"values":[0.84,-0.252,-0.4804,0,0.1909,0.9662,-0.1731,0,0.5078,0.0537,0.8598,0,0,5.0564,0.7196,1]},
{"frame":12,"values":[0.8441,-0.2526,-0.473,0,0.1934,0.9661,-0.1708,0,0.5001,0.0527,0.8644,0,0,5.0564,0.7196,1]},
{"frame":13,"values":[0.8479,-0.2532,-0.4659,0,0.1958,0.966,-0.1687,0,0.4928,0.0518,0.8686,0,0,5.0564,0.7196,1]},
{"frame":14,"values":[0.8512,-0.2537,-0.4594,0,0.1979,0.9659,-0.1667,0,0.4861,0.051,0.8724,0,0,5.0564,0.7196,1]},
{"frame":15,"values":[0.8543,-0.2542,-0.4534,0,0.1998,0.9658,-0.1649,0,0.4798,0.0503,0.8759,0,0,5.0564,0.7196,1]},
{"frame":16,"values":[0.8569,-0.2546,-0.4483,0,0.2015,0.9658,-0.1634,0,0.4745,0.0497,0.8788,0,0,5.0564,0.7196,1]},
{"frame":17,"values":[0.8588,-0.2549,-0.4444,0,0.2027,0.9657,-0.1623,0,0.4705,0.0493,0.881,0,0,5.0564,0.7196,1]},
{"frame":18,"values":[0.8598,-0.255,-0.4423,0,0.2033,0.9657,-0.1617,0,0.4684,0.0491,0.8822,0,0,5.0564,0.7196,1]},
{"frame":19,"values":[0.8602,-0.2551,-0.4417,0,0.2034,0.9657,-0.1615,0,0.4677,0.0491,0.8825,0,0,5.0564,0.7196,1]},
{"frame":20,"values":[0.86,-0.2551,-0.442,0,0.2033,0.9657,-0.1616,0,0.4681,0.0491,0.8823,0,0,5.0564,0.7196,1]},
{"frame":21,"values":[0.8593,-0.255,-0.4434,0,0.203,0.9657,-0.162,0,0.4695,0.0492,0.8816,0,0,5.0564,0.7196,1]},
{"frame":22,"values":[0.858,-0.2548,-0.4459,0,0.2022,0.9657,-0.1628,0,0.4721,0.0495,0.8801,0,0,5.0564,0.7196,1]},
{"frame":23,"values":[0.8562,-0.2545,-0.4497,0,0.201,0.9658,-0.1638,0,0.476,0.0499,0.878,0,0,5.0564,0.7196,1]},
{"frame":24,"values":[0.8536,-0.2541,-0.4548,0,0.1994,0.9659,-0.1653,0,0.4813,0.0504,0.8751,0,0,5.0564,0.7196,1]},
{"frame":25,"values":[0.8502,-0.2536,-0.4613,0,0.1974,0.966,-0.1672,0,0.488,0.0511,0.8714,0,0,5.0564,0.7196,1]}],"loopBehavior":1,"name":"anim","property":"_matrix"}},
{"name":"HeadTop_End","index":6,"matrix":[1,0,0,0,0,1,0,0,0,0,1,0,0,15.1437,2.155,1],"rest":[1,0,0,0,0,1,0,0,0,0,1,0,0,15.1437,2.155,1],"parentBoneIndex":5,"length":15.2963
,"animation":{"dataType":3,"framePerSecond":24,"keys":[
{"frame":1,"values":[1,0,0,0,0,1,0,0,0,0,1,0,0,15.1437,2.155,1]},
{"frame":25,"values":[1,0,0,0,0,1,0,0,0,0,1,0,0,15.1437,2.155,1]}],"loopBehavior":1,"name":"anim","property":"_matrix"}},
{"name":"LeftShoulder","index":7,"matrix":[0.9009,-0.0972,0.423,0,0.0271,0.9853,0.1687,0,-0.4332,-0.1406,0.8903,0,3.5285,8.7304,-1.4561,1],"rest":[1,-0.0017,0,0,0.0017,1,0,0,0,0,1,0,3.5285,8.7304,-1.4561,1],"parentBoneIndex":3,"length":7.9526
,"animation":{"dataType":3,"framePerSecond":24,"keys":[
{"frame":1,"values":[0.9009,-0.0972,0.423,0,0.0271,0.9853,0.1687,0,-0.4332,-0.1406,0.8903,0,3.5285,8.7304,-1.4561,1]},
{"frame":2,"values":[0.9185,-0.0861,0.386,0,0.0139,0.9824,0.1861,0,-0.3952,-0.1656,0.9035,0,3.5285,8.7304,-1.4561,1]},
{"frame":3,"values":[0.9362,-0.0722,0.3439,0,0.0002,0.9788,0.205,0,-0.3514,-0.1919,0.9164,0,3.5285,8.7304,-1.4561,1]},
{"frame":4,"values":[0.9507,-0.0601,0.3044,0,-0.0094,0.975,0.2218,0,-0.3101,-0.2137,0.9264,0,3.5285,8.7304,-1.4561,1]},
{"frame":5,"values":[0.9617,-0.0545,0.2685,0,-0.0103,0.9721,0.2342,0,-0.2738,-0.228,0.9344,0,3.5285,8.7304,-1.4561,1]},
{"frame":6,"values":[0.9656,-0.0617,0.2527,0,-0.0002,0.9713,0.2379,0,-0.2601,-0.2297,0.9378,0,3.5285,8.7304,-1.4561,1]},
{"frame":7,"values":[0.9649,-0.0781,0.2508,0,0.0178,0.972,0.2345,0,-0.2621,-0.2218,0.9392,0,3.5285,8.7304,-1.4561,1]},
{"frame":8,"values":[0.9603,-0.0985,0.2608,0,0.0383,0.9733,0.2265,0,-0.2762,-0.2075,0.9384,0,3.5285,8.7304,-1.4561,1]},
{"frame":9,"values":[0.9528,-0.1165,0.2802,0,0.0557,0.9748,0.216,0,-0.2983,-0.1902,0.9353,0,3.5285,8.7304,-1.4561,1]},
{"frame":10,"values":[0.9433,-0.1255,0.3072,0,0.0632,0.9768,0.2048,0,-0.3258,-0.1737,0.9294,0,3.5285,8.7304,-1.4561,1]},
{"frame":11,"values":[0.9328,-0.1211,0.3394,0,0.0563,0.9793,0.1945,0,-0.3559,-0.1623,0.9203,0,3.5285,8.7304,-1.4561,1]},
{"frame":12,"values":[0.9213,-0.1034,0.375,0,0.0346,0.982,0.1859,0,-0.3874,-0.1583,0.9082,0,3.5285,8.7304,-1.4561,1]},
{"frame":13,"values":[0.9079,-0.0786,0.4119,0,0.0044,0.984,0.1781,0,-0.4193,-0.1599,0.8937,0,3.5285,8.7304,-1.4561,1]},
{"frame":14,"values":[0.8925,-0.0514,0.4481,0,-0.0292,0.9848,0.171,0,-0.4501,-0.1657,0.8775,0,3.5285,8.7304,-1.4561,1]},
{"frame":15,"values":[0.8766,-0.0263,0.4804,0,-0.0605,0.9846,0.1642,0,-0.4773,-0.173,0.8615,0,3.5285,8.7304,-1.4561,1]},
{"frame":16,"values":[0.8607,-0.0226,0.5086,0,-0.0682,0.9849,0.1592,0,-0.5045,-0.1718,0.8462,0,3.5285,8.7304,-1.4561,1]},
{"frame":17,"values":[0.8478,-0.0208,0.53,0,-0.0706,0.9859,0.1516,0,-0.5257,-0.1659,0.8344,0,3.5285,8.7304,-1.4561,1]},
{"frame":18,"values":[0.8423,-0.0254,0.5384,0,-0.0589,0.9886,0.1388,0,-0.5358,-0.1486,0.8312,0,3.5285,8.7304,-1.4561,1]},
{"frame":19,"values":[0.8422,-0.0518,0.5367,0,-0.0231,0.991,0.1318,0,-0.5387,-0.1234,0.8334,0,3.5285,8.7304,-1.4561,1]},
{"frame":20,"values":[0.8475,-0.0798,0.5248,0,0.0135,0.9915,0.129,0,-0.5307,-0.1023,0.8414,0,3.5285,8.7304,-1.4561,1]},
{"frame":21,"values":[0.8555,-0.1051,0.507,0,0.0446,0.9905,0.13,0,-0.5159,-0.0886,0.8521,0,3.5285,8.7304,-1.4561,1]},
{"frame":22,"values":[0.8659,-0.1218,0.4852,0,0.0632,0.9888,0.1353,0,-0.4962,-0.0865,0.8639,0,3.5285,8.7304,-1.4561,1]},
{"frame":23,"values":[0.8782,-0.1233,0.4621,0,0.0623,0.9874,0.1452,0,-0.4742,-0.0987,0.8748,0,3.5285,8.7304,-1.4561,1]},
{"frame":24,"values":[0.8907,-0.1111,0.4407,0,0.0451,0.9865,0.1577,0,-0.4523,-0.1206,0.8837,0,3.5285,8.7304,-1.4561,1]},
{"frame":25,"values":[0.9009,-0.0972,0.423,0,0.0271,0.9853,0.1687,0,-0.4332,-0.1406,0.8903,0,3.5285,8.7304,-1.4561,1]}],"loopBehavior":1,"name":"anim","property":"_matrix"}},
{"name":"LeftArm","index":8,"matrix":[0.6423,-0.2823,0.7126,0,0.7602,0.3537,-0.545,0,-0.0982,0.8917,0.4418,0,7.6132,-2.2982,0.0421,1],"rest":[0.9965,-0.0092,0.0835,0,0.0092,1,0.0007,0,-0.0835,0.0001,0.9965,0,7.6132,-2.2982,0.0421,1],"parentBoneIndex":7,"length":18.9821
,"animation":{"dataType":3,"framePerSecond":24,"keys":[
{"frame":1,"values":[0.6423,-0.2823,0.7126,0,0.7602,0.3537,-0.545,0,-0.0982,0.8917,0.4418,0,7.6132,-2.2982,0.0421,1]},
{"frame":2,"values":[0.6153,-0.2798,0.737,0,0.7805,0.3478,-0.5195,0,-0.1109,0.8948,0.4324,0,7.6132,-2.2982,0.0421,1]},
{"frame":3,"values":[0.5917,-0.2754,0.7576,0,0.7965,0.3445,-0.4968,0,-0.1242,0.8975,0.4232,0,7.6132,-2.2982,0.0421,1]},
{"frame":4,"values":[0.5713,-0.2722,0.7743,0,0.8089,0.3469,-0.4748,0,-0.1393,0.8975,0.4183,0,7.6132,-2.2982,0.0421,1]},
{"frame":5,"values":[0.5473,-0.2674,0.793,0,0.8219,0.3505,-0.449,0,-0.1578,0.8976,0.4116,0,7.6132,-2.2982,0.0421,1]},
{"frame":6,"values":[0.5355,-0.2632,0.8025,0,0.8282,0.3498,-0.4379,0,-0.1654,0.8991,0.4052,0,7.6132,-2.2982,0.0421,1]},
{"frame":7,"values":[0.5411,-0.2581,0.8004,0,0.8205,0.3707,-0.4351,0,-0.1844,0.8922,0.4124,0,7.6132,-2.2982,0.0421,1]},
{"frame":8,"values":[0.5571,-0.2687,0.7858,0,0.8099,0.3848,-0.4427,0,-0.1834,0.883,0.432,0,7.6132,-2.2982,0.0421,1]},
{"frame":9,"values":[0.574,-0.2732,0.772,0,0.7996,0.3906,-0.4562,0,-0.1769,0.8791,0.4426,0,7.6132,-2.2982,0.0421,1]},
{"frame":10,"values":[0.5903,-0.2652,0.7623,0,0.7882,0.3928,-0.4737,0,-0.1738,0.8806,0.4409,0,7.6132,-2.2982,0.0421,1]},
{"frame":11,"values":[0.6055,-0.2622,0.7514,0,0.7791,0.3878,-0.4926,0,-0.1622,0.8837,0.4391,0,7.6132,-2.2982,0.0421,1]},
{"frame":12,"values":[0.6222,-0.2626,0.7375,0,0.77,0.3751,-0.5161,0,-0.1411,0.889,0.4356,0,7.6132,-2.2982,0.0421,1]},
{"frame":13,"values":[0.6338,-0.2722,0.7241,0,0.765,0.3589,-0.5347,0,-0.1143,0.8928,0.4357,0,7.6132,-2.2982,0.0421,1]},
{"frame":14,"values":[0.6452,-0.2882,0.7076,0,0.7596,0.3417,-0.5534,0,-0.0822,0.8945,0.4394,0,7.6132,-2.2982,0.0421,1]},
{"frame":15,"values":[0.6567,-0.3041,0.6901,0,0.7525,0.3247,-0.573,0,-0.0499,0.8956,0.4421,0,7.6132,-2.2982,0.0421,1]},
{"frame":16,"values":[0.6727,-0.3103,0.6717,0,0.7388,0.3319,-0.5866,0,-0.0409,0.8908,0.4525,0,7.6132,-2.2982,0.0421,1]},
{"frame":17,"values":[0.6854,-0.3161,0.656,0,0.7275,0.3363,-0.5981,0,-0.0316,0.8871,0.4604,0,7.6132,-2.2982,0.0421,1]},
{"frame":18,"values":[0.689,-0.3216,0.6495,0,0.7245,0.3319,-0.6042,0,-0.0213,0.8868,0.4616,0,7.6132,-2.2982,0.0421,1]},
{"frame":19,"values":[0.69,-0.3206,0.6489,0,0.7233,0.3375,-0.6024,0,-0.0259,0.8851,0.4648,0,7.6132,-2.2982,0.0421,1]},
{"frame":20,"values":[0.6795,-0.3192,0.6606,0,0.7325,0.3458,-0.5864,0,-0.0412,0.8824,0.4688,0,7.6132,-2.2982,0.0421,1]},
{"frame":21,"values":[0.6707,-0.3093,0.6741,0,0.7391,0.3553,-0.5723,0,-0.0625,0.8821,0.4669,0,7.6132,-2.2982,0.0421,1]},
{"frame":22,"values":[0.6643,-0.2944,0.687,0,0.7427,0.3629,-0.5627,0,-0.0837,0.8841,0.4597,0,7.6132,-2.2982,0.0421,1]},
{"frame":23,"values":[0.6582,-0.2841,0.6972,0,0.7469,0.363,-0.5571,0,-0.0949,0.8874,0.4511,0,7.6132,-2.2982,0.0421,1]},
{"frame":24,"values":[0.6489,-0.2814,0.7069,0,0.7544,0.3587,-0.5497,0,-0.0988,0.89,0.4451,0,7.6132,-2.2982,0.0421,1]},
{"frame":25,"values":[0.6423,-0.2821,0.7127,0,0.7601,0.3537,-0.545,0,-0.0984,0.8918,0.4416,0,7.6132,-2.2982,0.0421,1]}],"loopBehavior":1,"name":"anim","property":"_matrix"}},
{"name":"LeftForeArm","index":9,"matrix":[0.1579,-0.0686,0.9851,0,0.954,-0.247,-0.1701,0,0.2549,0.9666,0.0264,0,18.9146,0.2055,-1.5856,1],"rest":[0.9964,0.0108,-0.0835,0,-0.0108,0.9999,0.0005,0,0.0835,0.0005,0.9965,0,18.9146,0.2055,-1.5856,1],"parentBoneIndex":8,"length":18.4362
,"animation":{"dataType":3,"framePerSecond":24,"keys":[
{"frame":1,"values":[0.1579,-0.0686,0.9851,0,0.954,-0.247,-0.1701,0,0.2549,0.9666,0.0264,0,18.9146,0.2055,-1.5856,1]},
{"frame":2,"values":[0.1603,-0.0661,0.9848,0,0.9686,-0.1816,-0.1699,0,0.1901,0.9811,0.0349,0,18.9146,0.2055,-1.5856,1]},
{"frame":3,"values":[0.1452,-0.0682,0.987,0,0.9618,-0.2243,-0.157,0,0.2321,0.9721,0.033,0,18.9146,0.2055,-1.5856,1]},
{"frame":4,"values":[0.1267,-0.0681,0.9896,0,0.967,-0.2138,-0.1385,0,0.221,0.9745,0.0388,0,18.9146,0.2055,-1.5856,1]},
{"frame":5,"values":[0.1274,-0.0683,0.9895,0,0.9683,-0.2074,-0.139,0,0.2147,0.9759,0.0397,0,18.9146,0.2055,-1.5856,1]},
{"frame":6,"values":[0.1337,-0.0686,0.9886,0,0.9653,-0.217,-0.1456,0,0.2245,0.9738,0.0372,0,18.9146,0.2055,-1.5856,1]},
{"frame":7,"values":[0.1105,-0.0687,0.9915,0,0.9641,-0.235,-0.1237,0,0.2415,0.9696,0.0402,0,18.9146,0.2055,-1.5856,1]},
{"frame":8,"values":[0.0814,-0.0691,0.9943,0,0.9637,-0.2491,-0.0962,0,0.2543,0.966,0.0463,0,18.9146,0.2055,-1.5856,1]},
{"frame":9,"values":[0.0663,-0.0708,0.9953,0,0.9672,-0.2406,-0.0816,0,0.2452,0.968,0.0526,0,18.9146,0.2055,-1.5856,1]},
{"frame":10,"values":[0.0625,-0.0708,0.9955,0,0.9681,-0.2382,-0.0778,0,0.2427,0.9686,0.0536,0,18.9146,0.2055,-1.5856,1]},
{"frame":11,"values":[0.0638,-0.0705,0.9955,0,0.9693,-0.2328,-0.0786,0,0.2373,0.97,0.0535,0,18.9146,0.2055,-1.5856,1]},
{"frame":12,"values":[0.0655,-0.0703,0.9954,0,0.958,-0.2747,-0.0824,0,0.2793,0.9589,0.0494,0,18.9146,0.2055,-1.5856,1]},
{"frame":13,"values":[0.0742,-0.0702,0.9948,0,0.962,-0.258,-0.0899,0,0.2629,0.9636,0.0483,0,18.9146,0.2055,-1.5856,1]},
{"frame":14,"values":[0.068,-0.0701,0.9952,0,0.9672,-0.2401,-0.083,0,0.2448,0.9682,0.0515,0,18.9146,0.2055,-1.5856,1]},
{"frame":15,"values":[0.0553,-0.0702,0.996,0,0.9714,-0.2271,-0.0699,0,0.2311,0.9713,0.0557,0,18.9146,0.2055,-1.5856,1]},
{"frame":16,"values":[0.0535,-0.0706,0.9961,0,0.9721,-0.2244,-0.0681,0,0.2284,0.9719,0.0566,0,18.9146,0.2055,-1.5856,1]},
{"frame":17,"values":[0.0431,-0.0709,0.9966,0,0.9709,-0.2324,-0.0585,0,0.2357,0.97,0.0588,0,18.9146,0.2055,-1.5856,1]},
{"frame":18,"values":[0.0206,-0.0711,0.9973,0,0.9682,-0.2471,-0.0376,0,0.2491,0.9664,0.0638,0,18.9146,0.2055,-1.5856,1]},
{"frame":19,"values":[0.0238,-0.0709,0.9972,0,0.9699,-0.24,-0.0402,0,0.2421,0.9682,0.063,0,18.9146,0.2055,-1.5856,1]},
{"frame":20,"values":[0.0535,-0.07,0.9961,0,0.9719,-0.2254,-0.0681,0,0.2293,0.9717,0.056,0,18.9146,0.2055,-1.5856,1]},
{"frame":21,"values":[0.0784,-0.0695,0.9945,0,0.9705,-0.2227,-0.0921,0,0.2278,0.9724,0.0499,0,18.9146,0.2055,-1.5856,1]},
{"frame":22,"values":[0.1013,-0.0685,0.9925,0,0.9702,-0.2139,-0.1138,0,0.2201,0.9745,0.0448,0,18.9146,0.2055,-1.5856,1]},
{"frame":23,"values":[0.1202,-0.0664,0.9905,0,0.9755,-0.1774,-0.1303,0,0.1844,0.9819,0.0435,0,18.9146,0.2055,-1.5856,1]},
{"frame":24,"values":[0.1448,-0.067,0.9872,0,0.9666,-0.2037,-0.1556,0,0.2115,0.9767,0.0353,0,18.9146,0.2055,-1.5856,1]},
{"frame":25,"values":[0.1581,-0.0686,0.985,0,0.9539,-0.247,-0.1703,0,0.255,0.9666,0.0264,0,18.9146,0.2055,-1.5856,1]}],"loopBehavior":1,"name":"anim","property":"_matrix"}},
{"name":"LeftHand","index":10,"matrix":[0.9467,-0.1724,0.272,0,0.3197,0.6056,-0.7287,0,-0.0391,0.7769,0.6284,0,18.4362,0,0,1],"rest":[0.9824,-0.1864,-0.0127,0,0.1846,0.9789,-0.0878,0,0.0288,0.0839,0.9961,0,18.4362,0,0,1],"parentBoneIndex":9,"length":6.699
,"animation":{"dataType":3,"framePerSecond":24,"keys":[
{"frame":1,"values":[0.9467,-0.1724,0.272,0,0.3197,0.6056,-0.7287,0,-0.0391,0.7769,0.6284,0,18.4362,0,0,1]},
{"frame":2,"values":[0.9432,-0.1507,0.2962,0,0.3285,0.5577,-0.7623,0,-0.0503,0.8163,0.5755,0,18.4362,0,0,1]},
{"frame":3,"values":[0.9393,-0.144,0.3114,0,0.334,0.5911,-0.7341,0,-0.0784,0.7936,0.6034,0,18.4362,0,0,1]},
{"frame":4,"values":[0.935,-0.1177,0.3346,0,0.3377,0.5839,-0.7382,0,-0.1085,0.8032,0.5857,0,18.4362,0,0,1]},
{"frame":5,"values":[0.9312,-0.1098,0.3477,0,0.3437,0.5827,-0.7364,0,-0.1217,0.8052,0.5803,0,18.4362,0,0,1]},
{"frame":6,"values":[0.9335,-0.1121,0.3406,0,0.3368,0.5998,-0.7258,0,-0.123,0.7923,0.5976,0,18.4362,0,0,1]},
{"frame":7,"values":[0.933,-0.0944,0.3472,0,0.3277,0.6213,-0.7117,0,-0.1485,0.7778,0.6107,0,18.4362,0,0,1]},
{"frame":8,"values":[0.9367,-0.0862,0.3395,0,0.3133,0.6394,-0.7021,0,-0.1565,0.764,0.626,0,18.4362,0,0,1]},
{"frame":9,"values":[0.9424,-0.0758,0.3259,0,0.2964,0.6412,-0.7079,0,-0.1553,0.7637,0.6267,0,18.4362,0,0,1]},
{"frame":10,"values":[0.9471,-0.0647,0.3143,0,0.2801,0.6447,-0.7113,0,-0.1566,0.7617,0.6287,0,18.4362,0,0,1]},
{"frame":11,"values":[0.9502,-0.062,0.3053,0,0.2721,0.6425,-0.7163,0,-0.1517,0.7637,0.6275,0,18.4362,0,0,1]},
{"frame":12,"values":[0.9517,-0.0784,0.2968,0,0.271,0.6687,-0.6924,0,-0.1442,0.7394,0.6577,0,18.4362,0,0,1]},
{"frame":13,"values":[0.951,-0.0924,0.2951,0,0.2817,0.6521,-0.7038,0,-0.1274,0.7524,0.6462,0,18.4362,0,0,1]},
{"frame":14,"values":[0.9491,-0.1002,0.2985,0,0.2918,0.6359,-0.7145,0,-0.1182,0.7653,0.6328,0,18.4362,0,0,1]},
{"frame":15,"values":[0.9478,-0.103,0.3018,0,0.2981,0.6222,-0.7238,0,-0.1133,0.776,0.6204,0,18.4362,0,0,1]},
{"frame":16,"values":[0.9442,-0.1159,0.3082,0,0.3118,0.616,-0.7234,0,-0.106,0.7792,0.6178,0,18.4362,0,0,1]},
{"frame":17,"values":[0.9434,-0.1174,0.3101,0,0.3135,0.6208,-0.7186,0,-0.1081,0.7751,0.6225,0,18.4362,0,0,1]},
{"frame":18,"values":[0.9501,-0.0975,0.2965,0,0.2878,0.6413,-0.7113,0,-0.1208,0.7611,0.6373,0,18.4362,0,0,1]},
{"frame":19,"values":[0.9578,-0.0913,0.2727,0,0.2655,0.6454,-0.7163,0,-0.1105,0.7584,0.6424,0,18.4362,0,0,1]},
{"frame":20,"values":[0.9618,-0.1072,0.2517,0,0.26,0.6442,-0.7193,0,-0.0851,0.7573,0.6475,0,18.4362,0,0,1]},
{"frame":21,"values":[0.9639,-0.1157,0.2399,0,0.2564,0.646,-0.719,0,-0.0718,0.7545,0.6523,0,18.4362,0,0,1]},
{"frame":22,"values":[0.964,-0.1182,0.2383,0,0.2579,0.6341,-0.729,0,-0.0649,0.7642,0.6417,0,18.4362,0,0,1]},
{"frame":23,"values":[0.9615,-0.1172,0.2487,0,0.2687,0.592,-0.7598,0,-0.0582,0.7974,0.6007,0,18.4362,0,0,1]},
{"frame":24,"values":[0.9541,-0.1462,0.2613,0,0.296,0.5925,-0.7492,0,-0.0453,0.7922,0.6086,0,18.4362,0,0,1]},
{"frame":25,"values":[0.9467,-0.1725,0.272,0,0.3197,0.6056,-0.7287,0,-0.039,0.7769,0.6285,0,18.4362,0,0,1]}],"loopBehavior":1,"name":"anim","property":"_matrix"}},
{"name":"LeftHandThumb1","index":11,"matrix":[0.9735,0.0862,-0.2117,0,-0.0977,0.9942,-0.0444,0,0.2067,0.0639,0.9763,0,3.0862,-1.2837,1.4227,1],"rest":[0.9923,0.1154,-0.0442,0,-0.1172,0.9923,-0.0407,0,0.0392,0.0455,0.9982,0,3.0862,-1.2837,1.4227,1],"parentBoneIndex":10,"length":2.9063
,"animation":{"dataType":3,"framePerSecond":24,"keys":[
{"frame":1,"values":[0.9735,0.0862,-0.2117,0,-0.0977,0.9942,-0.0444,0,0.2067,0.0639,0.9763,0,3.0862,-1.2837,1.4227,1]},
{"frame":25,"values":[0.9735,0.0862,-0.2117,0,-0.0977,0.9942,-0.0444,0,0.2067,0.0639,0.9763,0,3.0862,-1.2837,1.4227,1]}],"loopBehavior":1,"name":"anim","property":"_matrix"}},
{"name":"LeftHandThumb2","index":12,"matrix":[0.9736,0.078,-0.2146,0,-0.0589,0.9939,0.0937,0,0.2206,-0.0785,0.9722,0,2.2512,-1.2997,1.2997,1],"rest":[1,0,0,0,0,1,0,0,0,0,1,0,2.2512,-1.2997,1.2997,1],"parentBoneIndex":11,"length":2.9053
,"animation":{"dataType":3,"framePerSecond":24,"keys":[
{"frame":1,"values":[0.9736,0.078,-0.2146,0,-0.0589,0.9939,0.0937,0,0.2206,-0.0785,0.9722,0,2.2512,-1.2997,1.2997,1]},
{"frame":25,"values":[0.9736,0.078,-0.2146,0,-0.0589,0.9939,0.0937,0,0.2206,-0.0785,0.9722,0,2.2512,-1.2997,1.2997,1]}],"loopBehavior":1,"name":"anim","property":"_matrix"}},
{"name":"LeftHandThumb3","index":13,"matrix":[0.945,0.0612,0.3214,0,0.0626,0.9304,-0.3612,0,-0.3211,0.3615,0.8753,0,2.2504,-1.2993,1.2993,1],"rest":[0.9996,-0.0265,-0.0043,0,0.0265,0.9995,0.0176,0,0.0038,-0.0177,0.9998,0,2.2504,-1.2993,1.2993,1],"parentBoneIndex":12,"length":2.0937
,"animation":{"dataType":3,"framePerSecond":24,"keys":[
{"frame":1,"values":[0.945,0.0612,0.3214,0,0.0626,0.9304,-0.3612,0,-0.3211,0.3615,0.8753,0,2.2504,-1.2993,1.2993,1]},
{"frame":25,"values":[0.945,0.0612,0.3214,0,0.0626,0.9304,-0.3612,0,-0.3211,0.3615,0.8753,0,2.2504,-1.2993,1.2993,1]}],"loopBehavior":1,"name":"anim","property":"_matrix"}},
{"name":"LeftHandThumb4","index":14,"matrix":[1,0,0,0,0,1,0,0,0,0,1,0,1.642,-0.8764,0.9589,1],"rest":[1,0,0,0,0,1,0,0,0,0,1,0,1.642,-0.8764,0.9589,1],"parentBoneIndex":13,"length":2.0937
,"animation":{"dataType":3,"framePerSecond":24,"keys":[
{"frame":1,"values":[1,0,0,0,0,1,0,0,0,0,1,0,1.642,-0.8764,0.9589,1]},
{"frame":25,"values":[1,0,0,0,0,1,0,0,0,0,1,0,1.642,-0.8764,0.9589,1]}],"loopBehavior":1,"name":"anim","property":"_matrix"}},
{"name":"LeftHandIndex1","index":15,"matrix":[0.9983,-0.0486,0.031,0,0.0427,0.985,0.1673,0,-0.0387,-0.1656,0.9854,0,7.464,1.013,1.9108,1],"rest":[0.9467,0.3125,0.078,0,-0.3129,0.9497,-0.0071,0,-0.0763,-0.0177,0.9969,0,7.464,1.013,1.9108,1],"parentBoneIndex":10,"length":3.1738
,"animation":{"dataType":3,"framePerSecond":24,"keys":[
{"frame":1,"values":[0.9983,-0.0486,0.031,0,0.0427,0.985,0.1673,0,-0.0387,-0.1656,0.9854,0,7.464,1.013,1.9108,1]},
{"frame":25,"values":[0.9983,-0.0486,0.031,0,0.0427,0.985,0.1673,0,-0.0387,-0.1656,0.9854,0,7.464,1.013,1.9108,1]}],"loopBehavior":1,"name":"anim","property":"_matrix"}},
{"name":"LeftHandIndex2","index":16,"matrix":[0.8701,-0.4866,-0.0787,0,0.4852,0.8736,-0.0372,0,0.0869,-0.0058,0.9962,0,3.142,-0.4199,-0.157,1],"rest":[0.9998,-0.0181,0.007,0,0.0181,0.9998,-0.0018,0,-0.007,0.0019,1,0,3.142,-0.4199,-0.157,1],"parentBoneIndex":15,"length":2.1038
,"animation":{"dataType":3,"framePerSecond":24,"keys":[
{"frame":1,"values":[0.8701,-0.4866,-0.0787,0,0.4852,0.8736,-0.0372,0,0.0869,-0.0058,0.9962,0,3.142,-0.4199,-0.157,1]},
{"frame":25,"values":[0.8701,-0.4866,-0.0787,0,0.4852,0.8736,-0.0372,0,0.0869,-0.0058,0.9962,0,3.142,-0.4199,-0.157,1]}],"loopBehavior":1,"name":"anim","property":"_matrix"}},
{"name":"LeftHandIndex3","index":17,"matrix":[0.8497,-0.5191,-0.0921,0,0.5172,0.8546,-0.0461,0,0.1026,-0.0084,0.9947,0,2.0866,-0.2403,-0.1191,1],"rest":[0.9985,-0.0544,-0.0084,0,0.0544,0.9985,-0.0024,0,0.0085,0.0019,1,0,2.0866,-0.2403,-0.1191,1],"parentBoneIndex":16,"length":1.9464
,"animation":{"dataType":3,"framePerSecond":24,"keys":[
{"frame":1,"values":[0.8497,-0.5191,-0.0921,0,0.5172,0.8546,-0.0461,0,0.1026,-0.0084,0.9947,0,2.0866,-0.2403,-0.1191,1]},
{"frame":25,"values":[0.8497,-0.5191,-0.0921,0,0.5172,0.8546,-0.0461,0,0.1026,-0.0084,0.9947,0,2.0866,-0.2403,-0.1191,1]}],"loopBehavior":1,"name":"anim","property":"_matrix"}},
{"name":"LeftHandIndex4","index":18,"matrix":[1,0,0,0,0,1,0,0,0,0,1,0,1.9406,-0.1168,-0.0942,1],"rest":[1,0,0,0,0,1,0,0,0,0,1,0,1.9406,-0.1168,-0.0942,1],"parentBoneIndex":17,"length":1.9464
,"animation":{"dataType":3,"framePerSecond":24,"keys":[
{"frame":1,"values":[1,0,0,0,0,1,0,0,0,0,1,0,1.9406,-0.1168,-0.0942,1]},
{"frame":25,"values":[1,0,0,0,0,1,0,0,0,0,1,0,1.9406,-0.1168,-0.0942,1]}],"loopBehavior":1,"name":"anim","property":"_matrix"}},
{"name":"LeftHandMiddle1","index":19,"matrix":[0.9954,0.0065,0.0952,0,-0.0233,0.984,0.1765,0,-0.0925,-0.1779,0.9797,0,7.4859,1.4067,0.2197,1],"rest":[0.92,0.3717,0.1241,0,-0.3732,0.9277,-0.0117,0,-0.1194,-0.0356,0.9922,0,7.4859,1.4067,0.2197,1],"parentBoneIndex":10,"length":3.6612
,"animation":{"dataType":3,"framePerSecond":24,"keys":[
{"frame":1,"values":[0.9954,0.0065,0.0952,0,-0.0233,0.984,0.1765,0,-0.0925,-0.1779,0.9797,0,7.4859,1.4067,0.2197,1]},
{"frame":25,"values":[0.9954,0.0065,0.0952,0,-0.0233,0.984,0.1765,0,-0.0925,-0.1779,0.9797,0,7.4859,1.4067,0.2197,1]}],"loopBehavior":1,"name":"anim","property":"_matrix"}},
{"name":"LeftHandMiddle2","index":20,"matrix":[0.6855,-0.7052,-0.1812,0,0.7035,0.7056,-0.0849,0,0.1877,-0.0692,0.9798,0,3.5734,-0.7167,-0.3489,1],"rest":[0.9979,0.0003,-0.065,0,0.0005,0.9999,0.013,0,0.065,-0.013,0.9978,0,3.5734,-0.7167,-0.3489,1],"parentBoneIndex":19,"length":2.307
,"animation":{"dataType":3,"framePerSecond":24,"keys":[
{"frame":1,"values":[0.6855,-0.7052,-0.1812,0,0.7035,0.7056,-0.0849,0,0.1877,-0.0692,0.9798,0,3.5734,-0.7167,-0.3489,1]},
{"frame":25,"values":[0.6855,-0.7052,-0.1812,0,0.7035,0.7056,-0.0849,0,0.1877,-0.0692,0.9798,0,3.5734,-0.7167,-0.3489,1]}],"loopBehavior":1,"name":"anim","property":"_matrix"}},
