{"producer":{"name":"Blender","version":"2.90.0","exporter_version":"2.80.1","file":"strafeleft_riffle.babylon"},
"autoClear":true,"clearColor":[0.0509,0.0509,0.0509],"gravity":[0,-9.81,0],
"materials":[{"name":"Material","id":"Material","customType":"BABYLON.PBRMaterial","backFaceCulling":true,"checkReadyOnlyOnce":false,"maxSimultaneousLights":4,"environmentIntensity":1,"albedo":[0.8,0.8,0.8],"reflectivity":[0.5,0.5,0.5],"roughness":0.4,"alpha":1,"transparencyMode":0,"alphaCutOff":0.4,"metallic":0}],
"multiMaterials":[],
"skeletons":[{"name":"Armature","id":0,"dimensionsAtRest":[128.1663,151.4482,19.1351],"bones":[
{"name":"Hips","index":0,"matrix":[0.6632,0.0644,-0.7457,0,-0.0695,0.9973,0.0243,0,-0.7452,-0.0357,-0.6659,0,-0.9803,69.3622,-0.6997,1],"rest":[1,0,0,0,0,1,0,0,0,0,-1,0,0,81.0629,0,1],"parentBoneIndex":-1,"length":7.701
,"animation":{"dataType":3,"framePerSecond":24,"keys":[
{"frame":1,"values":[0.6632,0.0644,-0.7457,0,-0.0695,0.9973,0.0243,0,-0.7452,-0.0357,-0.6659,0,-0.9803,69.3622,-0.6997,1]},
{"frame":2,"values":[0.6852,0.0592,-0.726,0,-0.0697,0.9974,0.0155,0,-0.7251,-0.04,-0.6875,0,-2.0838,69.9006,-0.6619,1]},
{"frame":3,"values":[0.7068,0.0593,-0.705,0,-0.0737,0.9972,0.01,0,-0.7036,-0.0449,-0.7092,0,-2.9524,69.601,-0.7298,1]},
{"frame":4,"values":[0.7275,0.0628,-0.6832,0,-0.0798,0.9968,0.0067,0,-0.6814,-0.0497,-0.7302,0,-3.9691,68.6254,-0.8924,1]},
{"frame":5,"values":[0.7473,0.0659,-0.6612,0,-0.085,0.9964,0.0033,0,-0.659,-0.0538,-0.7502,0,-5.0286,66.911,-1.1446,1]},
{"frame":6,"values":[0.766,0.0672,-0.6393,0,-0.0878,0.9961,-0.0005,0,-0.6368,-0.0565,-0.7689,0,-5.8962,64.7214,-1.4664,1]},
{"frame":7,"values":[0.7827,0.066,-0.6188,0,-0.0867,0.9962,-0.0035,0,-0.6163,-0.0564,-0.7855,0,-5.7441,63.2012,-1.8408,1]},
{"frame":8,"values":[0.7866,0.0598,-0.6146,0,-0.08,0.9968,-0.0054,0,-0.6123,-0.0534,-0.7888,0,-4.6949,63.4165,-2.2388,1]},
{"frame":9,"values":[0.7593,0.0488,-0.649,0,-0.0695,0.9976,-0.0063,0,-0.6471,-0.0499,-0.7608,0,-3.0975,64.5943,-2.614,1]},
{"frame":10,"values":[0.7293,0.0405,-0.683,0,-0.0594,0.9982,-0.0043,0,-0.6816,-0.0437,-0.7304,0,-2.3851,65.5687,-2.953,1]},
{"frame":11,"values":[0.6978,0.0344,-0.7155,0,-0.0502,0.9987,-0.0009,0,-0.7145,-0.0366,-0.6987,0,-2.2208,66.4754,-3.2582,1]},
{"frame":12,"values":[0.6649,0.0313,-0.7463,0,-0.0417,0.9991,0.0048,0,-0.7458,-0.028,-0.6656,0,-2.6233,67.5942,-3.4816,1]},
{"frame":13,"values":[0.6306,0.0286,-0.7756,0,-0.0325,0.9994,0.0105,0,-0.7754,-0.0186,-0.6311,0,-3.0481,68.6845,-3.643,1]},
{"frame":14,"values":[0.595,0.0235,-0.8034,0,-0.0209,0.9997,0.0137,0,-0.8035,-0.0087,-0.5953,0,-3.4694,69.2852,-3.7529,1]},
{"frame":15,"values":[0.5578,0.0157,-0.8298,0,-0.0076,0.9999,0.0138,0,-0.8299,0.0014,-0.5579,0,-3.9275,69.3649,-3.7897,1]},
{"frame":16,"values":[0.5184,0.0071,-0.8551,0,0.0058,0.9999,0.0118,0,-0.8551,0.0111,-0.5183,0,-4.5305,68.863,-3.7006,1]},
{"frame":17,"values":[0.4754,-0.0009,-0.8798,0,0.0182,0.9998,0.0089,0,-0.8796,0.0203,-0.4753,0,-5.1778,67.4361,-3.464,1]},
{"frame":18,"values":[0.428,-0.0056,-0.9038,0,0.0279,0.9996,0.007,0,-0.9034,0.0282,-0.4279,0,-5.7973,65.6957,-3.0995,1]},
{"frame":19,"values":[0.3761,-0.0059,-0.9266,0,0.0345,0.9994,0.0076,0,-0.9259,0.0348,-0.3761,0,-6.1757,64.1155,-2.6409,1]},
{"frame":20,"values":[0.3473,0.0006,-0.9378,0,0.0323,0.9994,0.0126,0,-0.9372,0.0346,-0.347,0,-6.1441,63.2449,-2.1584,1]},
{"frame":21,"values":[0.3985,0.011,-0.9171,0,0.0174,0.9997,0.0195,0,-0.917,0.0237,-0.3981,0,-5.9676,63.3807,-1.7367,1]},
{"frame":22,"values":[0.4649,0.023,-0.885,0,-0.0032,0.9997,0.0243,0,-0.8853,0.0084,-0.4649,0,-5.0591,64.5123,-1.3475,1]},
{"frame":23,"values":[0.5349,0.0371,-0.8441,0,-0.0263,0.9993,0.0272,0,-0.8445,-0.0076,-0.5355,0,-3.8447,66.0247,-1.0369,1]},
{"frame":24,"values":[0.6026,0.0506,-0.7964,0,-0.0487,0.9985,0.0266,0,-0.7965,-0.0228,-0.6042,0,-2.446,67.7348,-0.819,1]},
{"frame":25,"values":[0.6632,0.0644,-0.7457,0,-0.0695,0.9973,0.0243,0,-0.7452,-0.0357,-0.6659,0,-0.9803,69.3622,-0.6989,1]}],"loopBehavior":1,"name":"anim","property":"_matrix"}},
{"name":"Spine","index":1,"matrix":[0.997,-0.0774,-0.0024,0,0.0774,0.997,-0.0003,0,0.0025,0.0001,1,0,0.009,7.0626,-0.9847,1],"rest":[1,0,0,0,0,1,0,0,0,0,1,0,0.009,7.0626,-0.9847,1],"parentBoneIndex":0,"length":8.3194
,"animation":{"dataType":3,"framePerSecond":24,"keys":[
{"frame":1,"values":[0.997,-0.0774,-0.0024,0,0.0774,0.997,-0.0003,0,0.0025,0.0001,1,0,0.009,7.0626,-0.9847,1]},
{"frame":2,"values":[0.9972,-0.0732,0.0136,0,0.0732,0.9973,-0.0014,0,-0.0135,0.0024,0.9999,0,0.009,7.0626,-0.9847,1]},
{"frame":3,"values":[0.9968,-0.0737,0.0306,0,0.0738,0.9973,-0.0028,0,-0.0303,0.0051,0.9995,0,0.009,7.0626,-0.9847,1]},
{"frame":4,"values":[0.9958,-0.0779,0.0475,0,0.0783,0.9969,-0.0049,0,-0.047,0.0086,0.9989,0,0.009,7.0626,-0.9847,1]},
{"frame":5,"values":[0.9946,-0.0819,0.064,0,0.0825,0.9966,-0.0063,0,-0.0633,0.0116,0.9979,0,0.009,7.0626,-0.9847,1]},
{"frame":6,"values":[0.9933,-0.0848,0.0788,0,0.0856,0.9963,-0.007,0,-0.078,0.0137,0.9969,0,0.009,7.0626,-0.9847,1]},
{"frame":7,"values":[0.992,-0.0879,0.0907,0,0.0891,0.996,-0.009,0,-0.0896,0.0171,0.9958,0,0.009,7.0626,-0.9847,1]},
{"frame":8,"values":[0.9924,-0.0863,0.0876,0,0.0874,0.9961,-0.0087,0,-0.0865,0.0163,0.9961,0,0.009,7.0626,-0.9847,1]},
{"frame":9,"values":[0.9948,-0.0722,0.0714,0,0.0728,0.9973,-0.0064,0,-0.0708,0.0116,0.9974,0,0.009,7.0626,-0.9847,1]},
{"frame":10,"values":[0.9964,-0.0674,0.0518,0,0.0677,0.9977,-0.0047,0,-0.0514,0.0082,0.9986,0,0.009,7.0626,-0.9847,1]},
{"frame":11,"values":[0.9972,-0.0673,0.0311,0,0.0674,0.9977,-0.0015,0,-0.031,0.0036,0.9995,0,0.009,7.0626,-0.9847,1]},
{"frame":12,"values":[0.9972,-0.0747,0.0072,0,0.0747,0.9972,0.003,0,-0.0074,-0.0025,1,0,0.009,7.0626,-0.9847,1]},
{"frame":13,"values":[0.9963,-0.0838,-0.0184,0,0.0839,0.9965,0.0068,0,0.0177,-0.0083,0.9998,0,0.009,7.0626,-0.9847,1]},
{"frame":14,"values":[0.995,-0.0887,-0.045,0,0.0893,0.996,0.0105,0,0.0439,-0.0145,0.9989,0,0.009,7.0626,-0.9847,1]},
{"frame":15,"values":[0.9934,-0.09,-0.0712,0,0.0913,0.9957,0.0154,0,0.0695,-0.0218,0.9973,0,0.009,7.0626,-0.9847,1]},
{"frame":16,"values":[0.9915,-0.0874,-0.0961,0,0.0898,0.9957,0.021,0,0.0939,-0.0294,0.9951,0,0.009,7.0626,-0.9847,1]},
{"frame":17,"values":[0.9894,-0.0802,-0.1215,0,0.084,0.9961,0.0265,0,0.1189,-0.0364,0.9922,0,0.009,7.0626,-0.9847,1]},
{"frame":18,"values":[0.9867,-0.068,-0.1475,0,0.0736,0.9968,0.0323,0,0.1449,-0.0428,0.9885,0,0.009,7.0626,-0.9847,1]},
{"frame":19,"values":[0.9844,-0.0524,-0.1678,0,0.0595,0.9975,0.0378,0,0.1654,-0.0472,0.9851,0,0.009,7.0626,-0.9847,1]},
{"frame":20,"values":[0.9848,-0.0402,-0.1687,0,0.0478,0.998,0.0413,0,0.1667,-0.0488,0.9848,0,0.009,7.0626,-0.9847,1]},
{"frame":21,"values":[0.9883,-0.0536,-0.1426,0,0.0591,0.9976,0.035,0,0.1404,-0.0431,0.9892,0,0.009,7.0626,-0.9847,1]},
{"frame":22,"values":[0.9922,-0.0633,-0.1075,0,0.0666,0.9974,0.0273,0,0.1055,-0.0342,0.9938,0,0.009,7.0626,-0.9847,1]},
{"frame":23,"values":[0.995,-0.0693,-0.0714,0,0.0707,0.9973,0.0176,0,0.07,-0.0225,0.9973,0,0.009,7.0626,-0.9847,1]},
{"frame":24,"values":[0.9967,-0.0736,-0.035,0,0.0739,0.9972,0.0075,0,0.0343,-0.01,0.9994,0,0.009,7.0626,-0.9847,1]},
{"frame":25,"values":[0.997,-0.0775,-0.0024,0,0.0775,0.997,-0.0002,0,0.0024,0,1,0,0.009,7.0626,-0.9847,1]}],"loopBehavior":1,"name":"anim","property":"_matrix"}},
{"name":"Spine1","index":2,"matrix":[0.9806,0.1105,-0.1619,0,-0.0408,0.923,0.3826,0,0.1917,-0.3686,0.9096,0,0.0124,8.2397,-1.1488,1],"rest":[1,0,0,0,0,1,0,0,0,0,1,0,0.0124,8.2397,-1.1488,1],"parentBoneIndex":1,"length":9.5079
,"animation":{"dataType":3,"framePerSecond":24,"keys":[
{"frame":1,"values":[0.9806,0.1105,-0.1619,0,-0.0408,0.923,0.3826,0,0.1917,-0.3686,0.9096,0,0.0124,8.2397,-1.1488,1]},
{"frame":2,"values":[0.9807,0.1101,-0.1618,0,-0.0405,0.923,0.3828,0,0.1915,-0.3688,0.9096,0,0.0124,8.2397,-1.1488,1]},
{"frame":3,"values":[0.9807,0.1102,-0.1614,0,-0.0405,0.9226,0.3836,0,0.1912,-0.3696,0.9093,0,0.0124,8.2397,-1.1488,1]},
{"frame":4,"values":[0.9807,0.1109,-0.1612,0,-0.0409,0.922,0.3851,0,0.1914,-0.3711,0.9087,0,0.0124,8.2397,-1.1488,1]},
{"frame":5,"values":[0.9806,0.1113,-0.1612,0,-0.0411,0.9215,0.3861,0,0.1916,-0.372,0.9083,0,0.0124,8.2397,-1.1488,1]},
{"frame":6,"values":[0.9804,0.111,-0.1628,0,-0.0403,0.9217,0.3857,0,0.1928,-0.3716,0.9082,0,0.0124,8.2397,-1.1488,1]},
{"frame":7,"values":[0.9803,0.1123,-0.1623,0,-0.0414,0.9211,0.3871,0,0.193,-0.3728,0.9076,0,0.0124,8.2397,-1.1488,1]},
{"frame":8,"values":[0.981,0.1117,-0.1585,0,-0.0423,0.921,0.3872,0,0.1893,-0.3731,0.9083,0,0.0124,8.2397,-1.1488,1]},
{"frame":9,"values":[0.9804,0.1056,-0.1666,0,-0.0338,0.9222,0.3853,0,0.1943,-0.3721,0.9076,0,0.0124,8.2397,-1.1488,1]},
{"frame":10,"values":[0.9802,0.1023,-0.1696,0,-0.0299,0.9228,0.3842,0,0.1958,-0.3715,0.9075,0,0.0124,8.2397,-1.1488,1]},
{"frame":11,"values":[0.9804,0.1,-0.1697,0,-0.028,0.9236,0.3824,0,0.195,-0.3702,0.9083,0,0.0124,8.2397,-1.1488,1]},
{"frame":12,"values":[0.9808,0.0999,-0.1673,0,-0.0294,0.9246,0.3798,0,0.1926,-0.3676,0.9098,0,0.0124,8.2397,-1.1488,1]},
{"frame":13,"values":[0.9811,0.1021,-0.1645,0,-0.0328,0.925,0.3785,0,0.1908,-0.3659,0.9109,0,0.0124,8.2397,-1.1488,1]},
{"frame":14,"values":[0.981,0.1042,-0.1634,0,-0.0354,0.9253,0.3775,0,0.1905,-0.3646,0.9115,0,0.0124,8.2397,-1.1488,1]},
{"frame":15,"values":[0.9809,0.1068,-0.1627,0,-0.0384,0.9259,0.3759,0,0.1907,-0.3625,0.9123,0,0.0124,8.2397,-1.1488,1]},
{"frame":16,"values":[0.9807,0.1089,-0.1624,0,-0.0411,0.9267,0.3735,0,0.1912,-0.3596,0.9133,0,0.0124,8.2397,-1.1488,1]},
{"frame":17,"values":[0.9804,0.1095,-0.1635,0,-0.0416,0.9274,0.3717,0,0.1924,-0.3577,0.9138,0,0.0124,8.2397,-1.1488,1]},
{"frame":18,"values":[0.98,0.1071,-0.1675,0,-0.0383,0.9284,0.3697,0,0.195,-0.3559,0.9139,0,0.0124,8.2397,-1.1488,1]},
{"frame":19,"values":[0.9787,0.1019,-0.1781,0,-0.0296,0.929,0.3689,0,0.2031,-0.3557,0.9123,0,0.0124,8.2397,-1.1488,1]},
{"frame":20,"values":[0.9773,0.0949,-0.1896,0,-0.0188,0.9295,0.3682,0,0.2112,-0.3563,0.9102,0,0.0124,8.2397,-1.1488,1]},
{"frame":21,"values":[0.9792,0.0984,-0.1775,0,-0.0263,0.9289,0.3694,0,0.2012,-0.3571,0.9122,0,0.0124,8.2397,-1.1488,1]},
{"frame":22,"values":[0.9808,0.1008,-0.1671,0,-0.0321,0.928,0.3713,0,0.1925,-0.3587,0.9134,0,0.0124,8.2397,-1.1488,1]},
{"frame":23,"values":[0.9809,0.1039,-0.1647,0,-0.0352,0.9265,0.3747,0,0.1915,-0.3617,0.9124,0,0.0124,8.2397,-1.1488,1]},
{"frame":24,"values":[0.9807,0.1077,-0.1631,0,-0.0384,0.9243,0.3797,0,0.1917,-0.3661,0.9106,0,0.0124,8.2397,-1.1488,1]},
{"frame":25,"values":[0.9806,0.1105,-0.1618,0,-0.0409,0.923,0.3825,0,0.1916,-0.3685,0.9097,0,0.0124,8.2397,-1.1488,1]}],"loopBehavior":1,"name":"anim","property":"_matrix"}},
{"name":"Spine2","index":3,"matrix":[0.9681,0.1589,-0.1936,0,-0.0831,0.933,0.3503,0,0.2363,-0.323,0.9164,0,0.0142,9.4168,-1.313,1],"rest":[1,0,0,0,0,1,0,0,0,0,1,0,0.0142,9.4168,-1.313,1],"parentBoneIndex":2,"length":9.9132
,"animation":{"dataType":3,"framePerSecond":24,"keys":[
{"frame":1,"values":[0.9681,0.1589,-0.1936,0,-0.0831,0.933,0.3503,0,0.2363,-0.323,0.9164,0,0.0142,9.4168,-1.313,1]},
{"frame":2,"values":[0.9682,0.1585,-0.1936,0,-0.0827,0.933,0.3503,0,0.2361,-0.3231,0.9164,0,0.0142,9.4168,-1.313,1]},
{"frame":3,"values":[0.9682,0.1587,-0.1936,0,-0.0827,0.9327,0.3511,0,0.2363,-0.3239,0.9161,0,0.0142,9.4168,-1.313,1]},
{"frame":4,"values":[0.968,0.1597,-0.1936,0,-0.0833,0.9321,0.3525,0,0.2367,-0.3251,0.9156,0,0.0142,9.4168,-1.313,1]},
{"frame":5,"values":[0.9679,0.1602,-0.1936,0,-0.0835,0.9317,0.3535,0,0.237,-0.326,0.9152,0,0.0142,9.4168,-1.313,1]},
{"frame":6,"values":[0.9679,0.1588,-0.1948,0,-0.0817,0.9319,0.3535,0,0.2377,-0.3262,0.9149,0,0.0142,9.4168,-1.313,1]},
{"frame":7,"values":[0.9678,0.1598,-0.1945,0,-0.0825,0.9313,0.3549,0,0.2378,-0.3274,0.9145,0,0.0142,9.4168,-1.313,1]},
{"frame":8,"values":[0.9684,0.1608,-0.1909,0,-0.0848,0.9312,0.3544,0,0.2347,-0.3271,0.9154,0,0.0142,9.4168,-1.313,1]},
{"frame":9,"values":[0.9686,0.1527,-0.1963,0,-0.0751,0.9321,0.3543,0,0.2371,-0.3284,0.9143,0,0.0142,9.4168,-1.313,1]},
{"frame":10,"values":[0.9689,0.1486,-0.1978,0,-0.0708,0.9326,0.354,0,0.2371,-0.329,0.9141,0,0.0142,9.4168,-1.313,1]},
{"frame":11,"values":[0.9694,0.1461,-0.1971,0,-0.069,0.9332,0.3525,0,0.2355,-0.3282,0.9148,0,0.0142,9.4168,-1.313,1]},
{"frame":12,"values":[0.9697,0.1466,-0.1953,0,-0.0708,0.9342,0.3495,0,0.2337,-0.3251,0.9163,0,0.0142,9.4168,-1.313,1]},
{"frame":13,"values":[0.9696,0.1495,-0.1938,0,-0.0747,0.9348,0.3473,0,0.2331,-0.3223,0.9175,0,0.0142,9.4168,-1.313,1]},
{"frame":14,"values":[0.9692,0.1519,-0.1938,0,-0.0775,0.9351,0.3457,0,0.2338,-0.3201,0.9181,0,0.0142,9.4168,-1.313,1]},
{"frame":15,"values":[0.9686,0.1548,-0.1945,0,-0.0806,0.9357,0.3434,0,0.2352,-0.3169,0.9188,0,0.0142,9.4168,-1.313,1]},
{"frame":16,"values":[0.9681,0.1568,-0.1957,0,-0.0829,0.9367,0.3403,0,0.2366,-0.3132,0.9197,0,0.0142,9.4168,-1.313,1]},
{"frame":17,"values":[0.9677,0.157,-0.1973,0,-0.0831,0.9373,0.3384,0,0.2381,-0.3111,0.9201,0,0.0142,9.4168,-1.313,1]},
{"frame":18,"values":[0.9677,0.1534,-0.2003,0,-0.079,0.9382,0.3371,0,0.2396,-0.3104,0.9199,0,0.0142,9.4168,-1.313,1]},
{"frame":19,"values":[0.9674,0.1448,-0.2079,0,-0.0677,0.9385,0.3386,0,0.2441,-0.3134,0.9177,0,0.0142,9.4168,-1.313,1]},
{"frame":20,"values":[0.9673,0.1341,-0.2154,0,-0.0542,0.9385,0.3409,0,0.2479,-0.318,0.9151,0,0.0142,9.4168,-1.313,1]},
{"frame":21,"values":[0.9684,0.141,-0.2055,0,-0.0645,0.9382,0.34,0,0.2408,-0.316,0.9177,0,0.0142,9.4168,-1.313,1]},
{"frame":22,"values":[0.9694,0.1467,-0.1967,0,-0.0728,0.9375,0.3402,0,0.2344,-0.3155,0.9195,0,0.0142,9.4168,-1.313,1]},
{"frame":23,"values":[0.9691,0.1508,-0.1952,0,-0.0766,0.9362,0.343,0,0.2345,-0.3174,0.9188,0,0.0142,9.4168,-1.313,1]},
{"frame":24,"values":[0.9685,0.1555,-0.1947,0,-0.0802,0.9342,0.3475,0,0.2359,-0.3209,0.9173,0,0.0142,9.4168,-1.313,1]},
{"frame":25,"values":[0.9681,0.1588,-0.1941,0,-0.0829,0.9331,0.3499,0,0.2366,-0.3227,0.9164,0,0.0142,9.4168,-1.313,1]}],"loopBehavior":1,"name":"anim","property":"_matrix"}},
{"name":"Neck","index":4,"matrix":[0.9992,0.036,-0.0201,0,-0.0384,0.9897,-0.1378,0,0.0149,0.1385,0.9903,0,0.016,10.5938,-1.4771,1],"rest":[1,0,0,0,0,1,0,0,0,0,1,0,0.016,10.5938,-1.4771,1],"parentBoneIndex":3,"length":5.1073
,"animation":{"dataType":3,"framePerSecond":24,"keys":[
{"frame":1,"values":[0.9992,0.036,-0.0201,0,-0.0384,0.9897,-0.1378,0,0.0149,0.1385,0.9903,0,0.016,10.5938,-1.4771,1]},
{"frame":2,"values":[0.9992,0.0354,-0.0162,0,-0.0373,0.9898,-0.1378,0,0.0112,0.1383,0.9903,0,0.016,10.5938,-1.4771,1]},
{"frame":3,"values":[0.9993,0.0349,-0.0132,0,-0.0364,0.9898,-0.1378,0,0.0083,0.1382,0.9904,0,0.016,10.5938,-1.4771,1]},
{"frame":4,"values":[0.9993,0.0345,-0.011,0,-0.0357,0.9898,-0.1378,0,0.0061,0.1381,0.9904,0,0.016,10.5938,-1.4771,1]},
{"frame":5,"values":[0.9994,0.0344,-0.0095,0,-0.0353,0.9898,-0.1378,0,0.0046,0.1381,0.9904,0,0.016,10.5938,-1.4771,1]},
{"frame":6,"values":[0.9994,0.0343,-0.0087,0,-0.0352,0.9898,-0.1378,0,0.0039,0.1381,0.9904,0,0.016,10.5938,-1.4771,1]},
{"frame":7,"values":[0.9994,0.0343,-0.0085,0,-0.0351,0.9898,-0.1378,0,0.0037,0.1381,0.9904,0,0.016,10.5938,-1.4771,1]},
{"frame":8,"values":[0.9994,0.0343,-0.0089,0,-0.0352,0.9898,-0.1378,0,0.0041,0.1381,0.9904,0,0.016,10.5938,-1.4771,1]},
{"frame":9,"values":[0.9994,0.0344,-0.0101,0,-0.0355,0.9898,-0.1378,0,0.0052,0.1381,0.9904,0,0.016,10.5938,-1.4771,1]},
{"frame":10,"values":[0.9993,0.0348,-0.0125,0,-0.0362,0.9898,-0.1378,0,0.0076,0.1382,0.9904,0,0.016,10.5938,-1.4771,1]},
{"frame":11,"values":[0.9993,0.0353,-0.0154,0,-0.037,0.9898,-0.1378,0,0.0104,0.1383,0.9903,0,0.016,10.5938,-1.4771,1]},
{"frame":12,"values":[0.9992,0.0358,-0.019,0,-0.0381,0.9897,-0.1378,0,0.0138,0.1384,0.9903,0,0.016,10.5938,-1.4771,1]},
{"frame":13,"values":[0.9991,0.0364,-0.0228,0,-0.0392,0.9897,-0.1378,0,0.0176,0.1386,0.9902,0,0.016,10.5938,-1.4771,1]},
{"frame":14,"values":[0.9989,0.0371,-0.0271,0,-0.0405,0.9896,-0.1378,0,0.0217,0.1388,0.9901,0,0.016,10.5938,-1.4771,1]},
{"frame":15,"values":[0.9988,0.0378,-0.0316,0,-0.0418,0.9896,-0.1378,0,0.026,0.1389,0.99,0,0.016,10.5938,-1.4771,1]},
{"frame":16,"values":[0.9986,0.0385,-0.0359,0,-0.0431,0.9895,-0.1378,0,0.0303,0.1391,0.9898,0,0.016,10.5938,-1.4771,1]},
{"frame":17,"values":[0.9984,0.0391,-0.0399,0,-0.0443,0.9895,-0.1377,0,0.0341,0.1393,0.9897,0,0.016,10.5938,-1.4771,1]},
{"frame":18,"values":[0.9983,0.0396,-0.043,0,-0.0452,0.9894,-0.1377,0,0.0371,0.1394,0.9895,0,0.016,10.5938,-1.4771,1]},
{"frame":19,"values":[0.9982,0.0399,-0.0451,0,-0.0458,0.9894,-0.1377,0,0.0391,0.1395,0.9894,0,0.016,10.5938,-1.4771,1]},
{"frame":20,"values":[0.9982,0.04,-0.0455,0,-0.0459,0.9894,-0.1377,0,0.0395,0.1395,0.9894,0,0.016,10.5938,-1.4771,1]},
{"frame":21,"values":[0.9983,0.0396,-0.0431,0,-0.0452,0.9894,-0.1377,0,0.0372,0.1394,0.9895,0,0.016,10.5938,-1.4771,1]},
{"frame":22,"values":[0.9985,0.0388,-0.038,0,-0.0437,0.9895,-0.1378,0,0.0323,0.1392,0.9897,0,0.016,10.5938,-1.4771,1]},
{"frame":23,"values":[0.9988,0.0378,-0.0316,0,-0.0418,0.9896,-0.1378,0,0.026,0.1389,0.99,0,0.016,10.5938,-1.4771,1]},
{"frame":24,"values":[0.999,0.0368,-0.0252,0,-0.0399,0.9897,-0.1378,0,0.0198,0.1387,0.9901,0,0.016,10.5938,-1.4771,1]},
{"frame":25,"values":[0.9992,0.036,-0.0201,0,-0.0384,0.9897,-0.1378,0,0.0149,0.1385,0.9903,0,0.016,10.5938,-1.4771,1]}],"loopBehavior":1,"name":"anim","property":"_matrix"}},
{"name":"Head","index":5,"matrix":[0.9081,-0.2306,-0.3496,0,0.1611,0.9628,-0.2169,0,0.3866,0.1407,0.9115,0,0,5.0564,0.7196,1],"rest":[1,0,0,0,0,1,0,0,0,0,1,0,0,5.0564,0.7196,1],"parentBoneIndex":4,"length":15.2963
,"animation":{"dataType":3,"framePerSecond":24,"keys":[
{"frame":1,"values":[0.9081,-0.2306,-0.3496,0,0.1611,0.9628,-0.2169,0,0.3866,0.1407,0.9115,0,0,5.0564,0.7196,1]},
{"frame":2,"values":[0.9106,-0.2309,-0.3428,0,0.1632,0.9629,-0.2151,0,0.3797,0.1399,0.9145,0,0,5.0564,0.7196,1]},
{"frame":3,"values":[0.9126,-0.2311,-0.3374,0,0.1649,0.9629,-0.2137,0,0.3742,0.1394,0.9168,0,0,5.0564,0.7196,1]},
{"frame":4,"values":[0.914,-0.2313,-0.3334,0,0.1661,0.9629,-0.2126,0,0.3702,0.1389,0.9185,0,0,5.0564,0.7196,1]},
{"frame":5,"values":[0.9149,-0.2314,-0.3307,0,0.1669,0.9629,-0.2119,0,0.3674,0.1387,0.9196,0,0,5.0564,0.7196,1]},
{"frame":6,"values":[0.9155,-0.2314,-0.3292,0,0.1673,0.9629,-0.2116,0,0.366,0.1386,0.9202,0,0,5.0564,0.7196,1]},
{"frame":7,"values":[0.9156,-0.2314,-0.3289,0,0.1674,0.9629,-0.2114,0,0.3656,0.1386,0.9204,0,0,5.0564,0.7196,1]},
{"frame":8,"values":[0.9153,-0.2314,-0.3296,0,0.1672,0.9629,-0.2116,0,0.3663,0.1386,0.9201,0,0,5.0564,0.7196,1]},
{"frame":9,"values":[0.9146,-0.2313,-0.3318,0,0.1666,0.9629,-0.2122,0,0.3686,0.1388,0.9192,0,0,5.0564,0.7196,1]},
{"frame":10,"values":[0.913,-0.2312,-0.3361,0,0.1653,0.9629,-0.2134,0,0.373,0.1393,0.9173,0,0,5.0564,0.7196,1]},
{"frame":11,"values":[0.9111,-0.231,-0.3413,0,0.1636,0.9629,-0.2147,0,0.3782,0.1398,0.9151,0,0,5.0564,0.7196,1]},
{"frame":12,"values":[0.9088,-0.2307,-0.3477,0,0.1616,0.9628,-0.2164,0,0.3847,0.1405,0.9123,0,0,5.0564,0.7196,1]},
{"frame":13,"values":[0.9063,-0.2302,-0.3545,0,0.1592,0.9628,-0.2182,0,0.3916,0.1413,0.9092,0,0,5.0564,0.7196,1]},
{"frame":14,"values":[0.9034,-0.2298,-0.3621,0,0.1566,0.9628,-0.2202,0,0.3992,0.1422,0.9058,0,0,5.0564,0.7196,1]},
{"frame":15,"values":[0.9003,-0.2293,-0.3701,0,0.1538,0.9628,-0.2223,0,0.4072,0.1432,0.902,0,0,5.0564,0.7196,1]},
{"frame":16,"values":[0.8972,-0.2288,-0.3778,0,0.1511,0.9627,-0.2243,0,0.415,0.1441,0.8983,0,0,5.0564,0.7196,1]},
{"frame":17,"values":[0.8943,-0.2284,-0.3848,0,0.1485,0.9627,-0.2261,0,0.4221,0.145,0.8949,0,0,5.0564,0.7196,1]},
{"frame":18,"values":[0.892,-0.2281,-0.3903,0,0.1466,0.9627,-0.2275,0,0.4276,0.1457,0.8921,0,0,5.0564,0.7196,1]},
{"frame":19,"values":[0.8905,-0.2279,-0.3939,0,0.1454,0.9627,-0.2284,0,0.4312,0.1461,0.8903,0,0,5.0564,0.7196,1]},
{"frame":20,"values":[0.8901,-0.2279,-0.3946,0,0.1451,0.9626,-0.2286,0,0.432,0.1462,0.8899,0,0,5.0564,0.7196,1]},
{"frame":21,"values":[0.8919,-0.2281,-0.3905,0,0.1465,0.9627,-0.2275,0,0.4278,0.1457,0.8921,0,0,5.0564,0.7196,1]},
{"frame":22,"values":[0.8957,-0.2286,-0.3814,0,0.1498,0.9627,-0.2252,0,0.4187,0.1446,0.8965,0,0,5.0564,0.7196,1]},
{"frame":23,"values":[0.9003,-0.2293,-0.3701,0,0.1538,0.9628,-0.2223,0,0.4073,0.1432,0.902,0,0,5.0564,0.7196,1]},
{"frame":24,"values":[0.9047,-0.23,-0.3587,0,0.1578,0.9628,-0.2193,0,0.3958,0.1418,0.9073,0,0,5.0564,0.7196,1]},
{"frame":25,"values":[0.9081,-0.2305,-0.3496,0,0.1609,0.9628,-0.2169,0,0.3866,0.1407,0.9114,0,0,5.0564,0.7196,1]}],"loopBehavior":1,"name":"anim","property":"_matrix"}},
{"name":"HeadTop_End","index":6,"matrix":[1,0,0,0,0,1,0,0,0,0,1,0,0,15.1437,2.155,1],"rest":[1,0,0,0,0,1,0,0,0,0,1,0,0,15.1437,2.155,1],"parentBoneIndex":5,"length":15.2963
,"animation":{"dataType":3,"framePerSecond":24,"keys":[
{"frame":1,"values":[1,0,0,0,0,1,0,0,0,0,1,0,0,15.1437,2.155,1]},
{"frame":25,"values":[1,0,0,0,0,1,0,0,0,0,1,0,0,15.1437,2.155,1]}],"loopBehavior":1,"name":"anim","property":"_matrix"}},
{"name":"LeftShoulder","index":7,"matrix":[0.8275,-0.062,0.558,0,0.0863,0.9961,-0.0174,0,-0.5548,0.0625,0.8296,0,3.5285,8.7304,-1.4561,1],"rest":[1,-0.0017,0,0,0.0017,1,0,0,0,0,1,0,3.5285,8.7304,-1.4561,1],"parentBoneIndex":3,"length":7.9526
,"animation":{"dataType":3,"framePerSecond":24,"keys":[
{"frame":1,"values":[0.8275,-0.062,0.558,0,0.0863,0.9961,-0.0174,0,-0.5548,0.0625,0.8296,0,3.5285,8.7304,-1.4561,1]},
{"frame":2,"values":[0.8157,-0.0728,0.5739,0,0.1079,0.9938,-0.0274,0,-0.5684,0.0843,0.8184,0,3.5285,8.7304,-1.4561,1]},
{"frame":3,"values":[0.801,-0.0815,0.593,0,0.1293,0.9909,-0.0385,0,-0.5845,0.1076,0.8042,0,3.5285,8.7304,-1.4561,1]},
{"frame":4,"values":[0.7856,-0.0781,0.6138,0,0.1348,0.9898,-0.0467,0,-0.6038,0.1194,0.7881,0,3.5285,8.7304,-1.4561,1]},
{"frame":5,"values":[0.7715,-0.0618,0.6332,0,0.1206,0.9914,-0.0502,0,-0.6247,0.1151,0.7723,0,3.5285,8.7304,-1.4561,1]},
{"frame":6,"values":[0.7598,-0.0388,0.6489,0,0.0931,0.9944,-0.0495,0,-0.6434,0.0981,0.7592,0,3.5285,8.7304,-1.4561,1]},
{"frame":7,"values":[0.7508,-0.0143,0.6604,0,0.0591,0.9972,-0.0456,0,-0.6579,0.0733,0.7495,0,3.5285,8.7304,-1.4561,1]},
{"frame":8,"values":[0.7364,0.009,0.6765,0,0.0243,0.9989,-0.0398,0,-0.6761,0.0458,0.7354,0,3.5285,8.7304,-1.4561,1]},
{"frame":9,"values":[0.732,0.0117,0.6812,0,0.0111,0.9995,-0.0292,0,-0.6812,0.0289,0.7315,0,3.5285,8.7304,-1.4561,1]},
{"frame":10,"values":[0.7724,0.0085,0.6351,0,0.0062,0.9998,-0.0209,0,-0.6351,0.0201,0.7721,0,3.5285,8.7304,-1.4561,1]},
{"frame":11,"values":[0.7922,0.0032,0.6103,0,0.0096,0.9998,-0.0177,0,-0.6102,0.0199,0.792,0,3.5285,8.7304,-1.4561,1]},
{"frame":12,"values":[0.8139,-0.0204,0.5806,0,0.0346,0.9993,-0.0133,0,-0.58,0.0309,0.8141,0,3.5285,8.7304,-1.4561,1]},
{"frame":13,"values":[0.8353,-0.0466,0.5479,0,0.0612,0.9981,-0.0085,0,-0.5464,0.0406,0.8365,0,3.5285,8.7304,-1.4561,1]},
{"frame":14,"values":[0.8548,-0.0709,0.5141,0,0.0843,0.9964,-0.0027,0,-0.5121,0.0457,0.8577,0,3.5285,8.7304,-1.4561,1]},
{"frame":15,"values":[0.872,-0.0891,0.4813,0,0.0992,0.9951,0.0044,0,-0.4793,0.044,0.8766,0,3.5285,8.7304,-1.4561,1]},
{"frame":16,"values":[0.8873,-0.0952,0.4513,0,0.0999,0.9949,0.0135,0,-0.4503,0.0331,0.8922,0,3.5285,8.7304,-1.4561,1]},
{"frame":17,"values":[0.9003,-0.0889,0.4261,0,0.0869,0.9959,0.0241,0,-0.4265,0.0154,0.9044,0,3.5285,8.7304,-1.4561,1]},
{"frame":18,"values":[0.91,-0.0738,0.408,0,0.0655,0.9973,0.0343,0,-0.4094,-0.0045,0.9123,0,3.5285,8.7304,-1.4561,1]},
{"frame":19,"values":[0.9156,-0.0558,0.3982,0,0.0424,0.9982,0.0423,0,-0.3999,-0.0218,0.9163,0,3.5285,8.7304,-1.4561,1]},
{"frame":20,"values":[0.9154,-0.0408,0.4006,0,0.0245,0.9987,0.0458,0,-0.4019,-0.0321,0.9151,0,3.5285,8.7304,-1.4561,1]},
{"frame":21,"values":[0.9089,-0.0334,0.4156,0,0.0173,0.999,0.0424,0,-0.4166,-0.0313,0.9086,0,3.5285,8.7304,-1.4561,1]},
{"frame":22,"values":[0.8929,-0.0366,0.4487,0,0.0255,0.9992,0.0309,0,-0.4495,-0.0162,0.8931,0,3.5285,8.7304,-1.4561,1]},
{"frame":23,"values":[0.8729,-0.0452,0.4857,0,0.0432,0.9989,0.0153,0,-0.4859,0.0077,0.874,0,3.5285,8.7304,-1.4561,1]},
{"frame":24,"values":[0.8497,-0.0548,0.5244,0,0.0656,0.9978,-0.0019,0,-0.5232,0.036,0.8515,0,3.5285,8.7304,-1.4561,1]},
{"frame":25,"values":[0.8275,-0.062,0.558,0,0.0863,0.9961,-0.0174,0,-0.5548,0.0625,0.8296,0,3.5285,8.7304,-1.4561,1]}],"loopBehavior":1,"name":"anim","property":"_matrix"}},
{"name":"LeftArm","index":8,"matrix":[0.6063,-0.3027,0.7353,0,0.7824,0.3923,-0.4836,0,-0.1421,0.8686,0.4747,0,7.6132,-2.2982,0.0421,1],"rest":[0.9965,-0.0092,0.0835,0,0.0092,1,0.0007,0,-0.0835,0.0001,0.9965,0,7.6132,-2.2982,0.0421,1],"parentBoneIndex":7,"length":18.9821
,"animation":{"dataType":3,"framePerSecond":24,"keys":[
{"frame":1,"values":[0.6063,-0.3027,0.7353,0,0.7824,0.3923,-0.4836,0,-0.1421,0.8686,0.4747,0,7.6132,-2.2982,0.0421,1]},
{"frame":2,"values":[0.6104,-0.304,0.7314,0,0.7788,0.3989,-0.4842,0,-0.1446,0.8652,0.4802,0,7.6132,-2.2982,0.0421,1]},
{"frame":3,"values":[0.6195,-0.3039,0.7238,0,0.7719,0.4032,-0.4915,0,-0.1425,0.8632,0.4844,0,7.6132,-2.2982,0.0421,1]},
{"frame":4,"values":[0.6302,-0.3061,0.7135,0,0.7653,0.3996,-0.5046,0,-0.1306,0.8641,0.4861,0,7.6132,-2.2982,0.0421,1]},
{"frame":5,"values":[0.6425,-0.3085,0.7014,0,0.7583,0.3873,-0.5244,0,-0.1099,0.8688,0.4828,0,7.6132,-2.2982,0.0421,1]},
{"frame":6,"values":[0.6533,-0.3025,0.694,0,0.751,0.375,-0.5435,0,-0.0958,0.8763,0.4722,0,7.6132,-2.2982,0.0421,1]},
{"frame":7,"values":[0.6654,-0.2906,0.6876,0,0.7413,0.3659,-0.5627,0,-0.0881,0.8841,0.4589,0,7.6132,-2.2982,0.0421,1]},
{"frame":8,"values":[0.6837,-0.2959,0.6671,0,0.7268,0.3582,-0.586,0,-0.0656,0.8855,0.46,0,7.6132,-2.2982,0.0421,1]},
{"frame":9,"values":[0.6971,-0.3069,0.648,0,0.7154,0.3588,-0.5996,0,-0.0484,0.8815,0.4697,0,7.6132,-2.2982,0.0421,1]},
{"frame":10,"values":[0.6606,-0.3051,0.6859,0,0.7476,0.3511,-0.5638,0,-0.0687,0.8852,0.4601,0,7.6132,-2.2982,0.0421,1]},
{"frame":11,"values":[0.6499,-0.3156,0.6914,0,0.7574,0.3446,-0.5546,0,-0.0632,0.8841,0.463,0,7.6132,-2.2982,0.0421,1]},
{"frame":12,"values":[0.6417,-0.3193,0.6973,0,0.7626,0.3626,-0.5357,0,-0.0818,0.8755,0.4762,0,7.6132,-2.2982,0.0421,1]},
{"frame":13,"values":[0.6336,-0.3171,0.7057,0,0.7665,0.3811,-0.517,0,-0.105,0.8685,0.4845,0,7.6132,-2.2982,0.0421,1]},
{"frame":14,"values":[0.6243,-0.315,0.7149,0,0.7707,0.3983,-0.4975,0,-0.128,0.8615,0.4914,0,7.6132,-2.2982,0.0421,1]},
{"frame":15,"values":[0.6142,-0.323,0.72,0,0.7765,0.41,-0.4785,0,-0.1406,0.853,0.5026,0,7.6132,-2.2982,0.0421,1]},
{"frame":16,"values":[0.6074,-0.3346,0.7205,0,0.7819,0.4122,-0.4677,0,-0.1405,0.8474,0.512,0,7.6132,-2.2982,0.0421,1]},
{"frame":17,"values":[0.5988,-0.3489,0.7209,0,0.7899,0.4063,-0.4594,0,-0.1326,0.8445,0.5189,0,7.6132,-2.2982,0.0421,1]},
{"frame":18,"values":[0.5858,-0.3504,0.7308,0,0.7993,0.3986,-0.4497,0,-0.1337,0.8476,0.5136,0,7.6132,-2.2982,0.0421,1]},
{"frame":19,"values":[0.5707,-0.3446,0.7453,0,0.8105,0.3819,-0.4441,0,-0.1316,0.8575,0.4973,0,7.6132,-2.2982,0.0421,1]},
{"frame":20,"values":[0.5645,-0.3507,0.7472,0,0.8181,0.3579,-0.45,0,-0.1096,0.8654,0.489,0,7.6132,-2.2982,0.0421,1]},
{"frame":21,"values":[0.5752,-0.3514,0.7386,0,0.8112,0.3608,-0.4602,0,-0.1048,0.8639,0.4926,0,7.6132,-2.2982,0.0421,1]},
{"frame":22,"values":[0.5923,-0.3488,0.7263,0,0.8,0.3616,-0.4788,0,-0.0956,0.8647,0.4932,0,7.6132,-2.2982,0.0421,1]},
{"frame":23,"values":[0.5952,-0.3345,0.7306,0,0.7964,0.3671,-0.4807,0,-0.1074,0.868,0.4849,0,7.6132,-2.2982,0.0421,1]},
{"frame":24,"values":[0.5989,-0.3196,0.7343,0,0.7912,0.3781,-0.4807,0,-0.124,0.8688,0.4793,0,7.6132,-2.2982,0.0421,1]},
{"frame":25,"values":[0.607,-0.3032,0.7346,0,0.782,0.3924,-0.4842,0,-0.1414,0.8684,0.4753,0,7.6132,-2.2982,0.0421,1]}],"loopBehavior":1,"name":"anim","property":"_matrix"}},
{"name":"LeftForeArm","index":9,"matrix":[0.2161,-0.0569,0.9747,0,0.9223,-0.3157,-0.2229,0,0.3204,0.9472,-0.0157,0,18.9146,0.2055,-1.5856,1],"rest":[0.9964,0.0108,-0.0835,0,-0.0108,0.9999,0.0005,0,0.0835,0.0005,0.9965,0,18.9146,0.2055,-1.5856,1],"parentBoneIndex":8,"length":18.4362
,"animation":{"dataType":3,"framePerSecond":24,"keys":[
{"frame":1,"values":[0.2161,-0.0569,0.9747,0,0.9223,-0.3157,-0.2229,0,0.3204,0.9472,-0.0157,0,18.9146,0.2055,-1.5856,1]},
{"frame":2,"values":[0.2117,-0.0541,0.9758,0,0.9361,-0.2756,-0.2183,0,0.2808,0.9597,-0.0077,0,18.9146,0.2055,-1.5856,1]},
{"frame":3,"values":[0.2037,-0.0526,0.9776,0,0.9441,-0.2538,-0.2104,0,0.2591,0.9658,-0.0021,0,18.9146,0.2055,-1.5856,1]},
{"frame":4,"values":[0.2033,-0.0557,0.9775,0,0.9317,-0.2959,-0.2106,0,0.301,0.9536,-0.0083,0,18.9146,0.2055,-1.5856,1]},
{"frame":5,"values":[0.1983,-0.0571,0.9785,0,0.9286,-0.3085,-0.2061,0,0.3137,0.9495,-0.0082,0,18.9146,0.2055,-1.5856,1]},
{"frame":6,"values":[0.1928,-0.0577,0.9795,0,0.9293,-0.3096,-0.2012,0,0.3149,0.9491,-0.0061,0,18.9146,0.2055,-1.5856,1]},
{"frame":7,"values":[0.1734,-0.059,0.9831,0,0.9295,-0.3201,-0.1832,0,0.3255,0.9455,-0.0007,0,18.9146,0.2055,-1.5856,1]},
{"frame":8,"values":[0.1553,-0.0597,0.9861,0,0.9303,-0.3269,-0.1663,0,0.3323,0.9432,0.0048,0,18.9146,0.2055,-1.5856,1]},
{"frame":9,"values":[0.1555,-0.0596,0.986,0,0.9353,-0.3123,-0.1663,0,0.3179,0.9481,0.0072,0,18.9146,0.2055,-1.5856,1]},
{"frame":10,"values":[0.1721,-0.0588,0.9833,0,0.9367,-0.2992,-0.1818,0,0.3049,0.9524,0.0036,0,18.9146,0.2055,-1.5856,1]},
{"frame":11,"values":[0.1615,-0.0586,0.9851,0,0.9389,-0.2983,-0.1716,0,0.304,0.9527,0.0068,0,18.9146,0.2055,-1.5856,1]},
{"frame":12,"values":[0.1598,-0.0586,0.9854,0,0.9348,-0.3117,-0.1701,0,0.3171,0.9484,0.005,0,18.9146,0.2055,-1.5856,1]},
{"frame":13,"values":[0.1526,-0.0589,0.9865,0,0.9293,-0.3312,-0.1635,0,0.3363,0.9417,0.0042,0,18.9146,0.2055,-1.5856,1]},
{"frame":14,"values":[0.1324,-0.0594,0.9894,0,0.9251,-0.3511,-0.1448,0,0.3559,0.9345,0.0085,0,18.9146,0.2055,-1.5856,1]},
{"frame":15,"values":[0.1137,-0.0599,0.9917,0,0.9204,-0.3694,-0.1278,0,0.374,0.9273,0.0132,0,18.9146,0.2055,-1.5856,1]},
{"frame":16,"values":[0.0931,-0.0606,0.9938,0,0.917,-0.3835,-0.1092,0,0.3878,0.9215,0.0198,0,18.9146,0.2055,-1.5856,1]},
{"frame":17,"values":[0.0791,-0.0609,0.995,0,0.9174,-0.3862,-0.0966,0,0.3901,0.9204,0.0253,0,18.9146,0.2055,-1.5856,1]},
{"frame":18,"values":[0.0823,-0.0581,0.9949,0,0.9341,-0.3434,-0.0973,0,0.3473,0.9374,0.026,0,18.9146,0.2055,-1.5856,1]},
{"frame":19,"values":[0.1026,-0.0577,0.9931,0,0.9384,-0.3257,-0.1158,0,0.3301,0.9437,0.0208,0,18.9146,0.2055,-1.5856,1]},
{"frame":20,"values":[0.1185,-0.058,0.9913,0,0.9435,-0.3047,-0.1306,0,0.3096,0.9507,0.0186,0,18.9146,0.2055,-1.5856,1]},
{"frame":21,"values":[0.1096,-0.0572,0.9923,0,0.9481,-0.2939,-0.1217,0,0.2986,0.9541,0.022,0,18.9146,0.2055,-1.5856,1]},
{"frame":22,"values":[0.1136,-0.057,0.9919,0,0.9463,-0.2978,-0.1255,0,0.3026,0.9529,0.0201,0,18.9146,0.2055,-1.5856,1]},
{"frame":23,"values":[0.1528,-0.0571,0.9866,0,0.9388,-0.3034,-0.1629,0,0.3086,0.9512,0.0072,0,18.9146,0.2055,-1.5856,1]},
{"frame":24,"values":[0.1915,-0.0532,0.9801,0,0.946,-0.2561,-0.1987,0,0.2616,0.9652,0.0013,0,18.9146,0.2055,-1.5856,1]},
{"frame":25,"values":[0.2152,-0.057,0.9749,0,0.9223,-0.3162,-0.2221,0,0.3209,0.947,-0.0155,0,18.9146,0.2055,-1.5856,1]}],"loopBehavior":1,"name":"anim","property":"_matrix"}},
{"name":"LeftHand","index":10,"matrix":[0.9905,-0.0929,0.1011,0,0.1353,0.7859,-0.6033,0,-0.0234,0.6113,0.7911,0,18.4362,0,0,1],"rest":[0.9824,-0.1864,-0.0127,0,0.1846,0.9789,-0.0878,0,0.0288,0.0839,0.9961,0,18.4362,0,0,1],"parentBoneIndex":9,"length":6.699
,"animation":{"dataType":3,"framePerSecond":24,"keys":[
{"frame":1,"values":[0.9905,-0.0929,0.1011,0,0.1353,0.7859,-0.6033,0,-0.0234,0.6113,0.7911,0,18.4362,0,0,1]},
{"frame":2,"values":[0.9933,-0.0754,0.0876,0,0.1137,0.7721,-0.6253,0,-0.0205,0.6311,0.7755,0,18.4362,0,0,1]},
{"frame":3,"values":[0.9959,-0.0552,0.0717,0,0.0883,0.7675,-0.6349,0,-0.02,0.6387,0.7692,0,18.4362,0,0,1]},
{"frame":4,"values":[0.9967,-0.0563,0.0579,0,0.0797,0.7998,-0.5949,0,-0.0129,0.5976,0.8017,0,18.4362,0,0,1]},
{"frame":5,"values":[0.9971,-0.0575,0.0501,0,0.0759,0.8081,-0.5842,0,-0.0069,0.5863,0.8101,0,18.4362,0,0,1]},
{"frame":6,"values":[0.9973,-0.0538,0.0493,0,0.0725,0.8052,-0.5885,0,-0.008,0.5905,0.807,0,18.4362,0,0,1]},
{"frame":7,"values":[0.9973,-0.0388,0.0626,0,0.0684,0.8039,-0.5908,0,-0.0274,0.5934,0.8044,0,18.4362,0,0,1]},
{"frame":8,"values":[0.9958,-0.0398,0.0822,0,0.0809,0.8019,-0.592,0,-0.0424,0.5961,0.8018,0,18.4362,0,0,1]},
{"frame":9,"values":[0.9941,-0.0596,0.091,0,0.1028,0.7883,-0.6067,0,-0.0356,0.6124,0.7897,0,18.4362,0,0,1]},
{"frame":10,"values":[0.9932,-0.0693,0.0935,0,0.1122,0.7835,-0.6112,0,-0.0309,0.6176,0.7859,0,18.4362,0,0,1]},
{"frame":11,"values":[0.9937,-0.0601,0.095,0,0.1058,0.7862,-0.6088,0,-0.0381,0.615,0.7876,0,18.4362,0,0,1]},
{"frame":12,"values":[0.9933,-0.0573,0.0999,0,0.1058,0.7965,-0.5953,0,-0.0454,0.6019,0.7973,0,18.4362,0,0,1]},
{"frame":13,"values":[0.9932,-0.0473,0.106,0,0.1004,0.8085,-0.5798,0,-0.0583,0.5865,0.8078,0,18.4362,0,0,1]},
{"frame":14,"values":[0.9928,-0.0292,0.1159,0,0.0901,0.8203,-0.5648,0,-0.0786,0.5711,0.8171,0,18.4362,0,0,1]},
{"frame":15,"values":[0.9917,-0.0248,0.1259,0,0.0906,0.8301,-0.5501,0,-0.0909,0.557,0.8255,0,18.4362,0,0,1]},
{"frame":16,"values":[0.99,-0.0233,0.139,0,0.0959,0.8339,-0.5435,0,-0.1033,0.5514,0.8278,0,18.4362,0,0,1]},
{"frame":17,"values":[0.9874,-0.0308,0.1551,0,0.1117,0.8301,-0.5463,0,-0.1119,0.5568,0.8231,0,18.4362,0,0,1]},
{"frame":18,"values":[0.9837,-0.0295,0.1775,0,0.1298,0.7995,-0.5865,0,-0.1246,0.6,0.7902,0,18.4362,0,0,1]},
{"frame":19,"values":[0.9809,-0.0365,0.1913,0,0.1463,0.7863,-0.6003,0,-0.1285,0.6168,0.7766,0,18.4362,0,0,1]},
{"frame":20,"values":[0.9812,-0.0486,0.1866,0,0.1555,0.7719,-0.6165,0,-0.1141,0.6339,0.7649,0,18.4362,0,0,1]},
{"frame":21,"values":[0.9794,-0.042,0.1976,0,0.1598,0.7592,-0.6309,0,-0.1235,0.6495,0.7503,0,18.4362,0,0,1]},
{"frame":22,"values":[0.9817,-0.042,0.1855,0,0.1515,0.7623,-0.6292,0,-0.115,0.6459,0.7548,0,18.4362,0,0,1]},
{"frame":23,"values":[0.9856,-0.0642,0.1563,0,0.1484,0.7714,-0.6188,0,-0.0809,0.6331,0.7699,0,18.4362,0,0,1]},
{"frame":24,"values":[0.9886,-0.078,0.1284,0,0.1434,0.7455,-0.6509,0,-0.045,0.6619,0.7482,0,18.4362,0,0,1]},
{"frame":25,"values":[0.9906,-0.0927,0.1011,0,0.1351,0.7859,-0.6034,0,-0.0235,0.6114,0.791,0,18.4362,0,0,1]}],"loopBehavior":1,"name":"anim","property":"_matrix"}},
{"name":"LeftHandThumb1","index":11,"matrix":[0.9735,0.0862,-0.2117,0,-0.0977,0.9942,-0.0444,0,0.2067,0.0639,0.9763,0,3.0862,-1.2837,1.4227,1],"rest":[0.9923,0.1154,-0.0442,0,-0.1172,0.9923,-0.0407,0,0.0392,0.0455,0.9982,0,3.0862,-1.2837,1.4227,1],"parentBoneIndex":10,"length":2.9063
,"animation":{"dataType":3,"framePerSecond":24,"keys":[
{"frame":1,"values":[0.9735,0.0862,-0.2117,0,-0.0977,0.9942,-0.0444,0,0.2067,0.0639,0.9763,0,3.0862,-1.2837,1.4227,1]},
{"frame":25,"values":[0.9735,0.0862,-0.2117,0,-0.0977,0.9942,-0.0444,0,0.2067,0.0639,0.9763,0,3.0862,-1.2837,1.4227,1]}],"loopBehavior":1,"name":"anim","property":"_matrix"}},
{"name":"LeftHandThumb2","index":12,"matrix":[0.9736,0.078,-0.2146,0,-0.0589,0.9939,0.0937,0,0.2206,-0.0785,0.9722,0,2.2512,-1.2997,1.2997,1],"rest":[1,0,0,0,0,1,0,0,0,0,1,0,2.2512,-1.2997,1.2997,1],"parentBoneIndex":11,"length":2.9053
,"animation":{"dataType":3,"framePerSecond":24,"keys":[
{"frame":1,"values":[0.9736,0.078,-0.2146,0,-0.0589,0.9939,0.0937,0,0.2206,-0.0785,0.9722,0,2.2512,-1.2997,1.2997,1]},
{"frame":25,"values":[0.9736,0.078,-0.2146,0,-0.0589,0.9939,0.0937,0,0.2206,-0.0785,0.9722,0,2.2512,-1.2997,1.2997,1]}],"loopBehavior":1,"name":"anim","property":"_matrix"}},
{"name":"LeftHandThumb3","index":13,"matrix":[0.945,0.0612,0.3214,0,0.0626,0.9304,-0.3612,0,-0.3211,0.3615,0.8753,0,2.2504,-1.2993,1.2993,1],"rest":[0.9996,-0.0265,-0.0043,0,0.0265,0.9995,0.0176,0,0.0038,-0.0177,0.9998,0,2.2504,-1.2993,1.2993,1],"parentBoneIndex":12,"length":2.0937
,"animation":{"dataType":3,"framePerSecond":24,"keys":[
{"frame":1,"values":[0.945,0.0612,0.3214,0,0.0626,0.9304,-0.3612,0,-0.3211,0.3615,0.8753,0,2.2504,-1.2993,1.2993,1]},
{"frame":25,"values":[0.945,0.0612,0.3214,0,0.0626,0.9304,-0.3612,0,-0.3211,0.3615,0.8753,0,2.2504,-1.2993,1.2993,1]}],"loopBehavior":1,"name":"anim","property":"_matrix"}},
{"name":"LeftHandThumb4","index":14,"matrix":[1,0,0,0,0,1,0,0,0,0,1,0,1.642,-0.8764,0.9589,1],"rest":[1,0,0,0,0,1,0,0,0,0,1,0,1.642,-0.8764,0.9589,1],"parentBoneIndex":13,"length":2.0937
,"animation":{"dataType":3,"framePerSecond":24,"keys":[
{"frame":1,"values":[1,0,0,0,0,1,0,0,0,0,1,0,1.642,-0.8764,0.9589,1]},
{"frame":25,"values":[1,0,0,0,0,1,0,0,0,0,1,0,1.642,-0.8764,0.9589,1]}],"loopBehavior":1,"name":"anim","property":"_matrix"}},
{"name":"LeftHandIndex1","index":15,"matrix":[0.9983,-0.0486,0.031,0,0.0427,0.985,0.1673,0,-0.0387,-0.1656,0.9854,0,7.464,1.013,1.9108,1],"rest":[0.9467,0.3125,0.078,0,-0.3129,0.9497,-0.0071,0,-0.0763,-0.0177,0.9969,0,7.464,1.013,1.9108,1],"parentBoneIndex":10,"length":3.1738
,"animation":{"dataType":3,"framePerSecond":24,"keys":[
{"frame":1,"values":[0.9983,-0.0486,0.031,0,0.0427,0.985,0.1673,0,-0.0387,-0.1656,0.9854,0,7.464,1.013,1.9108,1]},
{"frame":25,"values":[0.9983,-0.0486,0.031,0,0.0427,0.985,0.1673,0,-0.0387,-0.1656,0.9854,0,7.464,1.013,1.9108,1]}],"loopBehavior":1,"name":"anim","property":"_matrix"}},
{"name":"LeftHandIndex2","index":16,"matrix":[0.8701,-0.4866,-0.0787,0,0.4852,0.8736,-0.0372,0,0.0869,-0.0058,0.9962,0,3.142,-0.4199,-0.157,1],"rest":[0.9998,-0.0181,0.007,0,0.0181,0.9998,-0.0018,0,-0.007,0.0019,1,0,3.142,-0.4199,-0.157,1],"parentBoneIndex":15,"length":2.1038
,"animation":{"dataType":3,"framePerSecond":24,"keys":[
{"frame":1,"values":[0.8701,-0.4866,-0.0787,0,0.4852,0.8736,-0.0372,0,0.0869,-0.0058,0.9962,0,3.142,-0.4199,-0.157,1]},
{"frame":25,"values":[0.8701,-0.4866,-0.0787,0,0.4852,0.8736,-0.0372,0,0.0869,-0.0058,0.9962,0,3.142,-0.4199,-0.157,1]}],"loopBehavior":1,"name":"anim","property":"_matrix"}},
{"name":"LeftHandIndex3","index":17,"matrix":[0.8497,-0.5191,-0.0921,0,0.5172,0.8546,-0.0461,0,0.1026,-0.0084,0.9947,0,2.0866,-0.2403,-0.1191,1],"rest":[0.9985,-0.0544,-0.0084,0,0.0544,0.9985,-0.0024,0,0.0085,0.0019,1,0,2.0866,-0.2403,-0.1191,1],"parentBoneIndex":16,"length":1.9464
,"animation":{"dataType":3,"framePerSecond":24,"keys":[
{"frame":1,"values":[0.8497,-0.5191,-0.0921,0,0.5172,0.8546,-0.0461,0,0.1026,-0.0084,0.9947,0,2.0866,-0.2403,-0.1191,1]},
{"frame":25,"values":[0.8497,-0.5191,-0.0921,0,0.5172,0.8546,-0.0461,0,0.1026,-0.0084,0.9947,0,2.0866,-0.2403,-0.1191,1]}],"loopBehavior":1,"name":"anim","property":"_matrix"}},
{"name":"LeftHandIndex4","index":18,"matrix":[1,0,0,0,0,1,0,0,0,0,1,0,1.9406,-0.1168,-0.0942,1],"rest":[1,0,0,0,0,1,0,0,0,0,1,0,1.9406,-0.1168,-0.0942,1],"parentBoneIndex":17,"length":1.9464
,"animation":{"dataType":3,"framePerSecond":24,"keys":[
{"frame":1,"values":[1,0,0,0,0,1,0,0,0,0,1,0,1.9406,-0.1168,-0.0942,1]},
{"frame":25,"values":[1,0,0,0,0,1,0,0,0,0,1,0,1.9406,-0.1168,-0.0942,1]}],"loopBehavior":1,"name":"anim","property":"_matrix"}},
{"name":"LeftHandMiddle1","index":19,"matrix":[0.9954,0.0065,0.0952,0,-0.0233,0.984,0.1765,0,-0.0925,-0.1779,0.9797,0,7.4859,1.4067,0.2197,1],"rest":[0.92,0.3717,0.1241,0,-0.3732,0.9277,-0.0117,0,-0.1194,-0.0356,0.9922,0,7.4859,1.4067,0.2197,1],"parentBoneIndex":10,"length":3.6612
,"animation":{"dataType":3,"framePerSecond":24,"keys":[
{"frame":1,"values":[0.9954,0.0065,0.0952,0,-0.0233,0.984,0.1765,0,-0.0925,-0.1779,0.9797,0,7.4859,1.4067,0.2197,1]},
{"frame":25,"values":[0.9954,0.0065,0.0952,0,-0.0233,0.984,0.1765,0,-0.0925,-0.1779,0.9797,0,7.4859,1.4067,0.2197,1]}],"loopBehavior":1,"name":"anim","property":"_matrix"}},
{"name":"LeftHandMiddle2","index":20,"matrix":[0.6855,-0.7052,-0.1812,0,0.7035,0.7056,-0.0849,0,0.1877,-0.0693,0.9798,0,3.5734,-0.7167,-0.3489,1],"rest":[0.9979,0.0003,-0.065,0,0.0005,0.9999,0.013,0,0.065,-0.013,0.9978,0,3.5734,-0.7167,-0.3489,1],"parentBoneIndex":19,"length":2.307
,"animation":{"dataType":3,"framePerSecond":24,"keys":[
{"frame":1,"values":[0.6855,-0.7052,-0.1812,0,0.7035,0.7056,-0.0849,0,0.1877,-0.0693,0.9798,0,3.5734,-0.7167,-0.3489,1]},
