{"producer":{"name":"Blender","version":"2.90.0","exporter_version":"2.80.1","file":"straferight.babylon"},
"autoClear":true,"clearColor":[0.0509,0.0509,0.0509],"gravity":[0,-9.81,0],
"materials":[{"name":"Material","id":"Material","customType":"BABYLON.PBRMaterial","backFaceCulling":true,"checkReadyOnlyOnce":false,"maxSimultaneousLights":4,"environmentIntensity":1,"albedo":[0.8,0.8,0.8],"reflectivity":[0.5,0.5,0.5],"roughness":0.4,"alpha":1,"transparencyMode":0,"alphaCutOff":0.4,"metallic":0}],
"multiMaterials":[],
"skeletons":[{"name":"Armature","id":0,"dimensionsAtRest":[128.1663,151.4482,19.1351],"bones":[
{"name":"Hips","index":0,"matrix":[0.1384,-0.0871,-0.9865,0,0.0073,0.9962,-0.0869,0,-0.9903,-0.0048,-0.1386,0,-0.7649,78.2974,1.6875,1],"rest":[1,0,0,0,0,1,0,0,0,0,-1,0,0,81.0629,0,1],"parentBoneIndex":-1,"length":7.701
,"animation":{"dataType":3,"framePerSecond":24,"keys":[
{"frame":1,"values":[0.1623,-0.0871,-0.9829,0,0.0094,0.9962,-0.0867,0,-0.9867,-0.0048,-0.1625,0,-0.7612,78.2974,-0.1621,1]},
{"frame":2,"values":[0.1518,-0.0713,-0.9858,0,0.0066,0.9974,-0.0711,0,-0.9884,-0.0043,-0.1518,0,-0.2625,79.0517,-0.3516,1]},
{"frame":3,"values":[0.1255,-0.0544,-0.9906,0,-0.0009,0.9985,-0.0549,0,-0.9921,-0.0078,-0.1252,0,0.0142,79.1396,-0.6854,1]},
{"frame":4,"values":[0.0836,-0.0443,-0.9955,0,-0.0125,0.9989,-0.0455,0,-0.9964,-0.0163,-0.083,0,0.049,78.447,-1.0646,1]},
{"frame":5,"values":[0.0427,-0.0406,-0.9983,0,-0.0243,0.9988,-0.0417,0,-0.9988,-0.0261,-0.0417,0,-0.1204,77.2299,-1.4356,1]},
{"frame":6,"values":[0.0172,-0.0335,-0.9993,0,-0.0295,0.999,-0.034,0,-0.9994,-0.0301,-0.0162,0,-0.4777,76.02,-1.8109,1]},
{"frame":7,"values":[0.0097,-0.0105,-0.9999,0,-0.0247,0.9996,-0.0107,0,-0.9996,-0.0248,-0.0094,0,-0.9715,75.2157,-2.2703,1]},
{"frame":8,"values":[0.0186,0.031,-0.9993,0,-0.0137,0.9994,0.0307,0,-0.9997,-0.0131,-0.019,0,-1.3308,74.908,-2.8579,1]},
{"frame":9,"values":[0.0328,0.0748,-0.9967,0,-0.0064,0.9972,0.0746,0,-0.9994,-0.004,-0.0332,0,-1.3428,75.1975,-3.4368,1]},
{"frame":10,"values":[0.0397,0.1025,-0.9939,0,-0.0094,0.9947,0.1022,0,-0.9992,-0.0053,-0.0405,0,-0.9208,76.0201,-3.8003,1]},
{"frame":11,"values":[0.0334,0.1148,-0.9928,0,-0.0203,0.9933,0.1142,0,-0.9992,-0.0164,-0.0355,0,-0.1917,77.2512,-3.8807,1]},
{"frame":12,"values":[0.0302,0.1061,-0.9939,0,-0.0273,0.9941,0.1053,0,-0.9992,-0.0239,-0.0329,0,0.3588,78.6186,-3.6342,1]},
{"frame":13,"values":[0.0485,0.0905,-0.9947,0,-0.0303,0.9956,0.0891,0,-0.9984,-0.0259,-0.051,0,0.6755,79.3631,-3.2304,1]},
{"frame":14,"values":[0.0825,0.0734,-0.9939,0,-0.0392,0.9968,0.0703,0,-0.9958,-0.0331,-0.0851,0,0.8857,79.3983,-2.7806,1]},
{"frame":15,"values":[0.1238,0.0563,-0.9907,0,-0.0541,0.9973,0.05,0,-0.9908,-0.0474,-0.1265,0,1.0134,78.857,-2.3341,1]},
{"frame":16,"values":[0.1588,0.042,-0.9864,0,-0.0684,0.9972,0.0315,0,-0.9849,-0.0625,-0.1612,0,1.0773,77.9,-1.9115,1]},
{"frame":17,"values":[0.181,0.0318,-0.983,0,-0.073,0.9972,0.0188,0,-0.9808,-0.0684,-0.1828,0,0.9306,76.7969,-1.5156,1]},
{"frame":18,"values":[0.1921,0.0184,-0.9812,0,-0.0629,0.998,0.0064,0,-0.9794,-0.0605,-0.1929,0,0.3529,75.866,-1.1012,1]},
{"frame":19,"values":[0.1943,-0.0075,-0.9809,0,-0.0421,0.999,-0.016,0,-0.98,-0.0444,-0.1938,0,-0.5411,75.3544,-0.5564,1]},
{"frame":20,"values":[0.184,-0.0448,-0.9819,0,-0.0189,0.9986,-0.0491,0,-0.9827,-0.0276,-0.1829,0,-1.3299,75.4209,0.1624,1]},
{"frame":21,"values":[0.164,-0.0775,-0.9834,0,-0.0022,0.9969,-0.0789,0,-0.9865,-0.0151,-0.1633,0,-1.638,76.1242,0.9127,1]},
{"frame":22,"values":[0.1468,-0.0912,-0.9849,0,0.0053,0.9958,-0.0914,0,-0.9891,-0.0082,-0.1467,0,-1.3478,77.1981,1.4632,1]},
{"frame":23,"values":[0.1384,-0.0871,-0.9865,0,0.0073,0.9962,-0.0869,0,-0.9903,-0.0048,-0.1386,0,-0.7649,78.2974,1.6875,1]}],"loopBehavior":1,"name":"anim","property":"_matrix"}},
{"name":"Spine","index":1,"matrix":[0.9939,0.0442,-0.1013,0,-0.0378,0.9972,0.064,0,0.1039,-0.0598,0.9928,0,0.009,7.0626,-0.9847,1],"rest":[1,0,0,0,0,1,0,0,0,0,1,0,0.009,7.0626,-0.9847,1],"parentBoneIndex":0,"length":8.3194
,"animation":{"dataType":3,"framePerSecond":24,"keys":[
{"frame":1,"values":[0.9939,0.0442,-0.1013,0,-0.0378,0.9972,0.064,0,0.1039,-0.0598,0.9928,0,0.009,7.0626,-0.9847,1]},
{"frame":2,"values":[0.992,0.0319,-0.1224,0,-0.0241,0.9976,0.0647,0,0.1242,-0.0613,0.9904,0,0.009,7.0626,-0.9847,1]},
{"frame":3,"values":[0.9883,0.0248,-0.1503,0,-0.0152,0.9978,0.0643,0,0.1516,-0.0613,0.9865,0,0.009,7.0626,-0.9847,1]},
{"frame":4,"values":[0.9833,0.0269,-0.1798,0,-0.0157,0.9979,0.0632,0,0.1811,-0.0593,0.9817,0,0.009,7.0626,-0.9847,1]},
{"frame":5,"values":[0.9783,0.0318,-0.205,0,-0.0197,0.998,0.0607,0,0.2065,-0.0553,0.9769,0,0.009,7.0626,-0.9847,1]},
{"frame":6,"values":[0.9746,0.0275,-0.2221,0,-0.0151,0.9982,0.0574,0,0.2233,-0.0526,0.9733,0,0.009,7.0626,-0.9847,1]},
{"frame":7,"values":[0.9729,0.0059,-0.2311,0,0.0071,0.9985,0.0551,0,0.2311,-0.0553,0.9714,0,0.009,7.0626,-0.9847,1]},
{"frame":8,"values":[0.972,-0.0301,-0.2332,0,0.0445,0.9974,0.0571,0,0.2309,-0.0659,0.9707,0,0.009,7.0626,-0.9847,1]},
{"frame":9,"values":[0.9704,-0.0642,-0.2326,0,0.0809,0.9947,0.0628,0,0.2274,-0.0797,0.9705,0,0.009,7.0626,-0.9847,1]},
{"frame":10,"values":[0.9703,-0.0824,-0.2273,0,0.1002,0.9926,0.068,0,0.22,-0.0888,0.9715,0,0.009,7.0626,-0.9847,1]},
{"frame":11,"values":[0.9726,-0.0884,-0.2152,0,0.1054,0.992,0.0688,0,0.2074,-0.0896,0.9741,0,0.009,7.0626,-0.9847,1]},
{"frame":12,"values":[0.9787,-0.0786,-0.1897,0,0.0924,0.9936,0.0651,0,0.1834,-0.0813,0.9797,0,0.009,7.0626,-0.9847,1]},
{"frame":13,"values":[0.9857,-0.0661,-0.1552,0,0.0768,0.995,0.0639,0,0.1502,-0.0749,0.9858,0,0.009,7.0626,-0.9847,1]},
{"frame":14,"values":[0.9915,-0.0568,-0.117,0,0.0643,0.996,0.0616,0,0.1131,-0.0686,0.9912,0,0.009,7.0626,-0.9847,1]},
{"frame":15,"values":[0.9954,-0.0503,-0.081,0,0.0549,0.997,0.0553,0,0.0779,-0.0595,0.9952,0,0.009,7.0626,-0.9847,1]},
{"frame":16,"values":[0.9975,-0.0445,-0.0541,0,0.047,0.9978,0.0473,0,0.0519,-0.0497,0.9974,0,0.009,7.0626,-0.9847,1]},
{"frame":17,"values":[0.9986,-0.0375,-0.0384,0,0.039,0.9984,0.0415,0,0.0368,-0.0429,0.9984,0,0.009,7.0626,-0.9847,1]},
{"frame":18,"values":[0.9991,-0.0234,-0.0347,0,0.0247,0.999,0.0384,0,0.0338,-0.0392,0.9987,0,0.009,7.0626,-0.9847,1]},
{"frame":19,"values":[0.9991,0.0007,-0.0415,0,0.0008,0.9993,0.0371,0,0.0415,-0.0371,0.9984,0,0.009,7.0626,-0.9847,1]},
{"frame":20,"values":[0.998,0.0295,-0.0566,0,-0.0272,0.9988,0.041,0,0.0578,-0.0394,0.9976,0,0.009,7.0626,-0.9847,1]},
{"frame":21,"values":[0.9961,0.0495,-0.0735,0,-0.0459,0.9977,0.0503,0,0.0759,-0.0468,0.996,0,0.009,7.0626,-0.9847,1]},
{"frame":22,"values":[0.9948,0.0528,-0.0873,0,-0.0477,0.9971,0.0595,0,0.0902,-0.055,0.9944,0,0.009,7.0626,-0.9847,1]},
{"frame":23,"values":[0.9939,0.0442,-0.1013,0,-0.0378,0.9972,0.064,0,0.1039,-0.0598,0.9928,0,0.009,7.0626,-0.9847,1]}],"loopBehavior":1,"name":"anim","property":"_matrix"}},
{"name":"Spine1","index":2,"matrix":[0.9658,-0.0215,-0.2583,0,0.0279,0.9994,0.0211,0,0.2577,-0.0276,0.9658,0,0.0124,8.2397,-1.1488,1],"rest":[1,0,0,0,0,1,0,0,0,0,1,0,0.0124,8.2397,-1.1488,1],"parentBoneIndex":1,"length":9.5079
,"animation":{"dataType":3,"framePerSecond":24,"keys":[
{"frame":1,"values":[0.9658,-0.0215,-0.2583,0,0.0279,0.9994,0.0211,0,0.2577,-0.0276,0.9658,0,0.0124,8.2397,-1.1488,1]},
{"frame":2,"values":[0.964,-0.0245,-0.2648,0,0.0316,0.9992,0.0227,0,0.2641,-0.0303,0.964,0,0.0124,8.2397,-1.1488,1]},
{"frame":3,"values":[0.9615,-0.0263,-0.2736,0,0.0338,0.9992,0.0227,0,0.2728,-0.0311,0.9616,0,0.0124,8.2397,-1.1488,1]},
{"frame":4,"values":[0.9589,-0.027,-0.2825,0,0.034,0.9992,0.0198,0,0.2817,-0.0286,0.9591,0,0.0124,8.2397,-1.1488,1]},
{"frame":5,"values":[0.9567,-0.0272,-0.2897,0,0.033,0.9993,0.0151,0,0.2891,-0.024,0.957,0,0.0124,8.2397,-1.1488,1]},
{"frame":6,"values":[0.9552,-0.0275,-0.2948,0,0.0325,0.9994,0.0121,0,0.2943,-0.0211,0.9555,0,0.0124,8.2397,-1.1488,1]},
{"frame":7,"values":[0.9542,-0.0288,-0.2976,0,0.0342,0.9993,0.0128,0,0.2971,-0.0224,0.9546,0,0.0124,8.2397,-1.1488,1]},
{"frame":8,"values":[0.954,-0.032,-0.2981,0,0.0387,0.9991,0.0167,0,0.2973,-0.0274,0.9544,0,0.0124,8.2397,-1.1488,1]},
{"frame":9,"values":[0.9543,-0.0356,-0.2969,0,0.0437,0.9988,0.0206,0,0.2958,-0.0327,0.9547,0,0.0124,8.2397,-1.1488,1]},
{"frame":10,"values":[0.955,-0.0377,-0.2943,0,0.0463,0.9987,0.0223,0,0.2931,-0.035,0.9554,0,0.0124,8.2397,-1.1488,1]},
{"frame":11,"values":[0.956,-0.0378,-0.2908,0,0.0461,0.9987,0.0215,0,0.2896,-0.0339,0.9565,0,0.0124,8.2397,-1.1488,1]},
{"frame":12,"values":[0.9583,-0.0351,-0.2837,0,0.0426,0.9989,0.0203,0,0.2827,-0.0316,0.9587,0,0.0124,8.2397,-1.1488,1]},
{"frame":13,"values":[0.9613,-0.0325,-0.2736,0,0.0398,0.999,0.021,0,0.2727,-0.0311,0.9616,0,0.0124,8.2397,-1.1488,1]},
{"frame":14,"values":[0.9643,-0.0318,-0.2627,0,0.0385,0.999,0.0205,0,0.2618,-0.0299,0.9646,0,0.0124,8.2397,-1.1488,1]},
{"frame":15,"values":[0.967,-0.0323,-0.2526,0,0.0379,0.9991,0.0172,0,0.2518,-0.0262,0.9674,0,0.0124,8.2397,-1.1488,1]},
{"frame":16,"values":[0.969,-0.0334,-0.2449,0,0.0375,0.9992,0.0123,0,0.2443,-0.0211,0.9695,0,0.0124,8.2397,-1.1488,1]},
{"frame":17,"values":[0.9702,-0.0337,-0.24,0,0.0371,0.9993,0.0097,0,0.2395,-0.0183,0.9707,0,0.0124,8.2397,-1.1488,1]},
{"frame":18,"values":[0.9707,-0.0318,-0.2381,0,0.0354,0.9993,0.0106,0,0.2376,-0.0187,0.9712,0,0.0124,8.2397,-1.1488,1]},
{"frame":19,"values":[0.9705,-0.0275,-0.2397,0,0.0315,0.9994,0.0129,0,0.2392,-0.0201,0.9708,0,0.0124,8.2397,-1.1488,1]},
{"frame":20,"values":[0.9694,-0.0221,-0.2444,0,0.0265,0.9995,0.015,0,0.2439,-0.0211,0.9696,0,0.0124,8.2397,-1.1488,1]},
{"frame":21,"values":[0.9681,-0.0185,-0.2499,0,0.0234,0.9996,0.017,0,0.2494,-0.0223,0.9681,0,0.0124,8.2397,-1.1488,1]},
{"frame":22,"values":[0.967,-0.0187,-0.2541,0,0.0244,0.9995,0.0191,0,0.2536,-0.0247,0.967,0,0.0124,8.2397,-1.1488,1]},
{"frame":23,"values":[0.9658,-0.0215,-0.2583,0,0.0279,0.9994,0.0211,0,0.2577,-0.0276,0.9658,0,0.0124,8.2397,-1.1488,1]}],"loopBehavior":1,"name":"anim","property":"_matrix"}},
{"name":"Spine2","index":3,"matrix":[0.9659,-0.0275,-0.2574,0,0.033,0.9993,0.0169,0,0.2568,-0.0248,0.9661,0,0.0142,9.4168,-1.313,1],"rest":[1,0,0,0,0,1,0,0,0,0,1,0,0.0142,9.4168,-1.313,1],"parentBoneIndex":2,"length":9.9132
,"animation":{"dataType":3,"framePerSecond":24,"keys":[
{"frame":1,"values":[0.9659,-0.0275,-0.2574,0,0.033,0.9993,0.0169,0,0.2568,-0.0248,0.9661,0,0.0142,9.4168,-1.313,1]},
{"frame":2,"values":[0.964,-0.0304,-0.264,0,0.0366,0.9992,0.0185,0,0.2632,-0.0275,0.9643,0,0.0142,9.4168,-1.313,1]},
{"frame":3,"values":[0.9615,-0.0322,-0.2729,0,0.0387,0.9991,0.0186,0,0.272,-0.0284,0.9619,0,0.0142,9.4168,-1.313,1]},
{"frame":4,"values":[0.9589,-0.033,-0.2818,0,0.039,0.9991,0.0156,0,0.281,-0.0259,0.9594,0,0.0142,9.4168,-1.313,1]},
{"frame":5,"values":[0.9567,-0.0334,-0.289,0,0.0382,0.9992,0.0109,0,0.2884,-0.0214,0.9573,0,0.0142,9.4168,-1.313,1]},
{"frame":6,"values":[0.9552,-0.0338,-0.2941,0,0.0377,0.9993,0.0078,0,0.2936,-0.0185,0.9557,0,0.0142,9.4168,-1.313,1]},
{"frame":7,"values":[0.9542,-0.0351,-0.297,0,0.0394,0.9992,0.0085,0,0.2964,-0.0198,0.9548,0,0.0142,9.4168,-1.313,1]},
{"frame":8,"values":[0.954,-0.038,-0.2975,0,0.0437,0.999,0.0124,0,0.2967,-0.0248,0.9546,0,0.0142,9.4168,-1.313,1]},
{"frame":9,"values":[0.9542,-0.0416,-0.2963,0,0.0486,0.9987,0.0163,0,0.2953,-0.0299,0.9549,0,0.0142,9.4168,-1.313,1]},
{"frame":10,"values":[0.9549,-0.0437,-0.2938,0,0.0512,0.9985,0.0179,0,0.2926,-0.0322,0.9557,0,0.0142,9.4168,-1.313,1]},
{"frame":11,"values":[0.9559,-0.0439,-0.2903,0,0.051,0.9986,0.017,0,0.2891,-0.0311,0.9568,0,0.0142,9.4168,-1.313,1]},
{"frame":12,"values":[0.9582,-0.0411,-0.2832,0,0.0476,0.9987,0.016,0,0.2821,-0.0288,0.9589,0,0.0142,9.4168,-1.313,1]},
{"frame":13,"values":[0.9612,-0.0386,-0.273,0,0.0448,0.9989,0.0167,0,0.2721,-0.0283,0.9619,0,0.0142,9.4168,-1.313,1]},
{"frame":14,"values":[0.9643,-0.0378,-0.262,0,0.0436,0.9989,0.0163,0,0.2611,-0.0271,0.9649,0,0.0142,9.4168,-1.313,1]},
{"frame":15,"values":[0.967,-0.0383,-0.2518,0,0.043,0.999,0.0129,0,0.2511,-0.0233,0.9677,0,0.0142,9.4168,-1.313,1]},
{"frame":16,"values":[0.969,-0.0393,-0.2441,0,0.0426,0.9991,0.008,0,0.2436,-0.0181,0.9697,0,0.0142,9.4168,-1.313,1]},
{"frame":17,"values":[0.9702,-0.0396,-0.2392,0,0.0421,0.9991,0.0054,0,0.2387,-0.0153,0.971,0,0.0142,9.4168,-1.313,1]},
{"frame":18,"values":[0.9707,-0.0378,-0.2374,0,0.0405,0.9992,0.0063,0,0.2369,-0.0157,0.9714,0,0.0142,9.4168,-1.313,1]},
{"frame":19,"values":[0.9704,-0.0336,-0.239,0,0.0367,0.9993,0.0086,0,0.2385,-0.0171,0.971,0,0.0142,9.4168,-1.313,1]},
{"frame":20,"values":[0.9694,-0.0281,-0.2437,0,0.0317,0.9994,0.0108,0,0.2432,-0.0182,0.9698,0,0.0142,9.4168,-1.313,1]},
{"frame":21,"values":[0.9682,-0.0245,-0.2491,0,0.0286,0.9995,0.0127,0,0.2487,-0.0194,0.9684,0,0.0142,9.4168,-1.313,1]},
{"frame":22,"values":[0.9671,-0.0247,-0.2533,0,0.0294,0.9995,0.0148,0,0.2528,-0.0218,0.9673,0,0.0142,9.4168,-1.313,1]},
{"frame":23,"values":[0.9659,-0.0275,-0.2574,0,0.033,0.9993,0.0169,0,0.2568,-0.0248,0.9661,0,0.0142,9.4168,-1.313,1]}],"loopBehavior":1,"name":"anim","property":"_matrix"}},
{"name":"Neck","index":4,"matrix":[0.9947,0.0162,-0.1013,0,-0.0093,0.9976,0.069,0,0.1021,-0.0677,0.9925,0,0.016,10.5938,-1.4771,1],"rest":[1,0,0,0,0,1,0,0,0,0,1,0,0.016,10.5938,-1.4771,1],"parentBoneIndex":3,"length":5.1073
,"animation":{"dataType":3,"framePerSecond":24,"keys":[
{"frame":1,"values":[0.9947,0.0162,-0.1013,0,-0.0093,0.9976,0.069,0,0.1021,-0.0677,0.9925,0,0.016,10.5938,-1.4771,1]},
{"frame":2,"values":[0.9954,0.0163,-0.0944,0,-0.0088,0.9968,0.0798,0,0.0954,-0.0786,0.9923,0,0.016,10.5938,-1.4771,1]},
{"frame":3,"values":[0.996,0.0124,-0.0889,0,-0.005,0.9966,0.0826,0,0.0896,-0.0819,0.9926,0,0.016,10.5938,-1.4771,1]},
{"frame":4,"values":[0.9962,0.0069,-0.0866,0,-0.0002,0.9971,0.0766,0,0.0868,-0.0763,0.9933,0,0.016,10.5938,-1.4771,1]},
{"frame":5,"values":[0.9963,0.0031,-0.0858,0,0.0027,0.9977,0.0672,0,0.0858,-0.0672,0.994,0,0.016,10.5938,-1.4771,1]},
{"frame":6,"values":[0.9964,0.0041,-0.0845,0,0.0009,0.9983,0.0588,0,0.0846,-0.0587,0.9947,0,0.016,10.5938,-1.4771,1]},
{"frame":7,"values":[0.9966,0.0082,-0.0826,0,-0.0038,0.9986,0.0532,0,0.0829,-0.0527,0.9952,0,0.016,10.5938,-1.4771,1]},
{"frame":8,"values":[0.9967,0.0096,-0.0812,0,-0.0055,0.9987,0.0504,0,0.0816,-0.0498,0.9954,0,0.016,10.5938,-1.4771,1]},
{"frame":9,"values":[0.9967,0.0049,-0.0815,0,-0.0008,0.9988,0.0498,0,0.0817,-0.0495,0.9954,0,0.016,10.5938,-1.4771,1]},
{"frame":10,"values":[0.9964,-0.0042,-0.0846,0,0.0086,0.9986,0.0519,0,0.0843,-0.0524,0.9951,0,0.016,10.5938,-1.4771,1]},
{"frame":11,"values":[0.9958,-0.0127,-0.0905,0,0.0179,0.9982,0.0566,0,0.0896,-0.058,0.9943,0,0.016,10.5938,-1.4771,1]},
{"frame":12,"values":[0.995,-0.017,-0.0981,0,0.0237,0.9974,0.0677,0,0.0967,-0.0697,0.9929,0,0.016,10.5938,-1.4771,1]},
{"frame":13,"values":[0.9943,-0.0176,-0.105,0,0.0258,0.9967,0.0771,0,0.1032,-0.0793,0.9915,0,0.016,10.5938,-1.4771,1]},
{"frame":14,"values":[0.9939,-0.0129,-0.1098,0,0.0217,0.9966,0.0797,0,0.1084,-0.0816,0.9908,0,0.016,10.5938,-1.4771,1]},
{"frame":15,"values":[0.9937,-0.0032,-0.1122,0,0.0119,0.997,0.0771,0,0.1116,-0.0779,0.9907,0,0.016,10.5938,-1.4771,1]},
{"frame":16,"values":[0.9936,0.0065,-0.1131,0,0.0017,0.9974,0.0722,0,0.1132,-0.0719,0.991,0,0.016,10.5938,-1.4771,1]},
{"frame":17,"values":[0.9935,0.0094,-0.1137,0,-0.0016,0.9976,0.0691,0,0.1141,-0.0685,0.9911,0,0.016,10.5938,-1.4771,1]},
{"frame":18,"values":[0.9934,0.0032,-0.1143,0,0.0047,0.9976,0.0692,0,0.1143,-0.0693,0.991,0,0.016,10.5938,-1.4771,1]},
{"frame":19,"values":[0.9934,-0.005,-0.1142,0,0.0129,0.9976,0.0685,0,0.1135,-0.0695,0.9911,0,0.016,10.5938,-1.4771,1]},
{"frame":20,"values":[0.9936,-0.0064,-0.1127,0,0.0136,0.9979,0.0629,0,0.112,-0.064,0.9916,0,0.016,10.5938,-1.4771,1]},
{"frame":21,"values":[0.9939,0.0005,-0.1103,0,0.0058,0.9984,0.0566,0,0.1101,-0.0569,0.9923,0,0.016,10.5938,-1.4771,1]},
{"frame":22,"values":[0.9942,0.0102,-0.1068,0,-0.004,0.9983,0.0584,0,0.1072,-0.0577,0.9926,0,0.016,10.5938,-1.4771,1]},
{"frame":23,"values":[0.9947,0.0162,-0.1013,0,-0.0093,0.9976,0.069,0,0.1021,-0.0677,0.9925,0,0.016,10.5938,-1.4771,1]}],"loopBehavior":1,"name":"anim","property":"_matrix"}},
{"name":"Head","index":5,"matrix":[0.7794,-0.1052,-0.6176,0,-0.0219,0.9806,-0.1948,0,0.6261,0.1654,0.762,0,0,5.0564,0.7196,1],"rest":[1,0,0,0,0,1,0,0,0,0,1,0,0,5.0564,0.7196,1],"parentBoneIndex":4,"length":15.2963
,"animation":{"dataType":3,"framePerSecond":24,"keys":[
{"frame":1,"values":[0.7794,-0.1052,-0.6176,0,-0.0219,0.9806,-0.1948,0,0.6261,0.1654,0.762,0,0,5.0564,0.7196,1]},
{"frame":2,"values":[0.7927,-0.1051,-0.6005,0,-0.0193,0.9802,-0.197,0,0.6093,0.1677,0.775,0,0,5.0564,0.7196,1]},
{"frame":3,"values":[0.8012,-0.1153,-0.5873,0,-0.0095,0.9787,-0.2051,0,0.5984,0.1699,0.783,0,0,5.0564,0.7196,1]},
{"frame":4,"values":[0.8017,-0.1304,-0.5833,0,0.0015,0.9764,-0.2161,0,0.5977,0.1724,0.783,0,0,5.0564,0.7196,1]},
{"frame":5,"values":[0.7996,-0.1394,-0.5842,0,0.0078,0.975,-0.222,0,0.6005,0.1729,0.7807,0,0,5.0564,0.7196,1]},
{"frame":6,"values":[0.7995,-0.1373,-0.5847,0,0.0075,0.9757,-0.2188,0,0.6006,0.1706,0.7812,0,0,5.0564,0.7196,1]},
{"frame":7,"values":[0.8021,-0.1299,-0.5829,0,0.0037,0.9771,-0.2128,0,0.5972,0.1685,0.7842,0,0,5.0564,0.7196,1]},
{"frame":8,"values":[0.8061,-0.1258,-0.5782,0,0.0009,0.9774,-0.2114,0,0.5917,0.1699,0.788,0,0,5.0564,0.7196,1]},
{"frame":9,"values":[0.8093,-0.1282,-0.5733,0,0.0025,0.9766,-0.2149,0,0.5875,0.1725,0.7907,0,0,5.0564,0.7196,1]},
{"frame":10,"values":[0.8065,-0.1351,-0.5756,0,0.0093,0.9763,-0.216,0,0.5911,0.1688,0.7887,0,0,5.0564,0.7196,1]},
{"frame":11,"values":[0.7953,-0.1417,-0.5894,0,0.0188,0.9776,-0.2096,0,0.6059,0.1556,0.7802,0,0,5.0564,0.7196,1]},
{"frame":12,"values":[0.7776,-0.1479,-0.6111,0,0.0292,0.9794,-0.1999,0,0.6281,0.1376,0.7659,0,0,5.0564,0.7196,1]},
{"frame":13,"values":[0.765,-0.1522,-0.6258,0,0.0279,0.9786,-0.204,0,0.6435,0.1386,0.7528,0,0,5.0564,0.7196,1]},
{"frame":14,"values":[0.7595,-0.1488,-0.6333,0,0.0118,0.9765,-0.2154,0,0.6504,0.1561,0.7434,0,0,5.0564,0.7196,1]},
{"frame":15,"values":[0.7592,-0.1372,-0.6362,0,-0.0107,0.9747,-0.2231,0,0.6507,0.1762,0.7386,0,0,5.0564,0.7196,1]},
{"frame":16,"values":[0.7609,-0.1235,-0.6371,0,-0.0283,0.9745,-0.2227,0,0.6483,0.1875,0.7379,0,0,5.0564,0.7196,1]},
{"frame":17,"values":[0.7629,-0.1152,-0.6361,0,-0.0355,0.9751,-0.2191,0,0.6455,0.1897,0.7398,0,0,5.0564,0.7196,1]},
{"frame":18,"values":[0.7661,-0.1136,-0.6327,0,-0.0317,0.9764,-0.2137,0,0.642,0.1838,0.7444,0,0,5.0564,0.7196,1]},
{"frame":19,"values":[0.7692,-0.1143,-0.6287,0,-0.0224,0.9784,-0.2053,0,0.6387,0.172,0.75,0,0,5.0564,0.7196,1]},
{"frame":20,"values":[0.7697,-0.115,-0.6279,0,-0.0142,0.9803,-0.197,0,0.6382,0.1605,0.753,0,0,5.0564,0.7196,1]},
{"frame":21,"values":[0.7682,-0.1147,-0.6298,0,-0.0124,0.981,-0.1938,0,0.6401,0.1567,0.7522,0,0,5.0564,0.7196,1]},
{"frame":22,"values":[0.7701,-0.111,-0.6283,0,-0.0173,0.9807,-0.1945,0,0.6377,0.1607,0.7533,0,0,5.0564,0.7196,1]},
{"frame":23,"values":[0.7794,-0.1052,-0.6176,0,-0.0219,0.9806,-0.1948,0,0.6261,0.1654,0.762,0,0,5.0564,0.7196,1]}],"loopBehavior":1,"name":"anim","property":"_matrix"}},
{"name":"HeadTop_End","index":6,"matrix":[1,0,0,0,0,1,0,0,0,0,1,0,0,15.1437,2.155,1],"rest":[1,0,0,0,0,1,0,0,0,0,1,0,0,15.1437,2.155,1],"parentBoneIndex":5,"length":15.2963
,"animation":{"dataType":3,"framePerSecond":24,"keys":[
{"frame":1,"values":[1,0,0,0,0,1,0,0,0,0,1,0,0,15.1437,2.155,1]},
{"frame":23,"values":[1,0,0,0,0,1,0,0,0,0,1,0,0,15.1437,2.155,1]}],"loopBehavior":1,"name":"anim","property":"_matrix"}},
{"name":"LeftShoulder","index":7,"matrix":[0.9889,-0.137,0.0575,0,0.133,0.9887,0.0696,0,-0.0664,-0.0611,0.9959,0,3.5285,8.7304,-1.4561,1],"rest":[1,-0.0017,0,0,0.0017,1,0,0,0,0,1,0,3.5285,8.7304,-1.4561,1],"parentBoneIndex":3,"length":7.9526
,"animation":{"dataType":3,"framePerSecond":24,"keys":[
{"frame":1,"values":[0.9889,-0.137,0.0575,0,0.133,0.9887,0.0696,0,-0.0664,-0.0611,0.9959,0,3.5285,8.7304,-1.4561,1]},
{"frame":2,"values":[0.9859,-0.1545,0.0646,0,0.1498,0.9861,0.0717,0,-0.0747,-0.0611,0.9953,0,3.5285,8.7304,-1.4561,1]},
{"frame":3,"values":[0.9823,-0.1805,0.0494,0,0.1768,0.9816,0.0725,0,-0.0616,-0.0624,0.9961,0,3.5285,8.7304,-1.4561,1]},
{"frame":4,"values":[0.9783,-0.207,0.0076,0,0.206,0.9761,0.0699,0,-0.0219,-0.0669,0.9975,0,3.5285,8.7304,-1.4561,1]},
{"frame":5,"values":[0.9744,-0.2203,-0.0446,0,0.2228,0.9727,0.0649,0,0.0291,-0.0732,0.9969,0,3.5285,8.7304,-1.4561,1]},
{"frame":6,"values":[0.9727,-0.2156,-0.0858,0,0.2211,0.9734,0.0599,0,0.0706,-0.0772,0.9945,0,3.5285,8.7304,-1.4561,1]},
{"frame":7,"values":[0.9731,-0.2057,-0.1041,0,0.2123,0.9755,0.0573,0,0.0898,-0.0779,0.9929,0,3.5285,8.7304,-1.4561,1]},
{"frame":8,"values":[0.9742,-0.2025,-0.0992,0,0.2088,0.9762,0.0578,0,0.0852,-0.0771,0.9934,0,3.5285,8.7304,-1.4561,1]},
{"frame":9,"values":[0.9751,-0.2058,-0.0828,0,0.211,0.9756,0.0599,0,0.0685,-0.0758,0.9948,0,3.5285,8.7304,-1.4561,1]},
{"frame":10,"values":[0.9753,-0.2109,-0.0657,0,0.215,0.9746,0.062,0,0.0509,-0.0746,0.9959,0,3.5285,8.7304,-1.4561,1]},
{"frame":11,"values":[0.9747,-0.2169,-0.0538,0,0.2201,0.9734,0.0636,0,0.0385,-0.0738,0.9965,0,3.5285,8.7304,-1.4561,1]},
{"frame":12,"values":[0.9744,-0.2207,-0.0419,0,0.2231,0.9726,0.0651,0,0.0264,-0.0728,0.997,0,3.5285,8.7304,-1.4561,1]},
{"frame":13,"values":[0.9794,-0.2019,-0.0111,0,0.2021,0.977,0.0672,0,-0.0027,-0.0681,0.9977,0,3.5285,8.7304,-1.4561,1]},
{"frame":14,"values":[0.9863,-0.162,0.0318,0,0.1595,0.9848,0.0684,0,-0.0424,-0.0624,0.9971,0,3.5285,8.7304,-1.4561,1]},
{"frame":15,"values":[0.9905,-0.117,0.0722,0,0.1122,0.9914,0.0677,0,-0.0795,-0.059,0.9951,0,3.5285,8.7304,-1.4561,1]},
{"frame":16,"values":[0.9914,-0.0838,0.1004,0,0.0774,0.9948,0.0659,0,-0.1054,-0.0576,0.9928,0,3.5285,8.7304,-1.4561,1]},
{"frame":17,"values":[0.9909,-0.0676,0.1165,0,0.0603,0.9961,0.0647,0,-0.1204,-0.0571,0.9911,0,3.5285,8.7304,-1.4561,1]},
{"frame":18,"values":[0.9908,-0.0687,0.1163,0,0.0614,0.996,0.0649,0,-0.1202,-0.0572,0.9911,0,3.5285,8.7304,-1.4561,1]},
{"frame":19,"values":[0.9919,-0.0816,0.0978,0,0.0753,0.995,0.0659,0,-0.1026,-0.058,0.993,0,3.5285,8.7304,-1.4561,1]},
{"frame":20,"values":[0.9927,-0.0996,0.0684,0,0.095,0.9932,0.0666,0,-0.0745,-0.0596,0.9954,0,3.5285,8.7304,-1.4561,1]},
{"frame":21,"values":[0.9923,-0.1152,0.0466,0,0.112,0.9915,0.0669,0,-0.0539,-0.0612,0.9967,0,3.5285,8.7304,-1.4561,1]},
{"frame":22,"values":[0.991,-0.1263,0.0453,0,0.1231,0.9901,0.0677,0,-0.0534,-0.0616,0.9967,0,3.5285,8.7304,-1.4561,1]},
{"frame":23,"values":[0.9889,-0.137,0.0575,0,0.133,0.9887,0.0696,0,-0.0664,-0.0611,0.9959,0,3.5285,8.7304,-1.4561,1]}],"loopBehavior":1,"name":"anim","property":"_matrix"}},
{"name":"LeftArm","index":8,"matrix":[0.3542,-0.8558,0.3772,0,0.7329,0.5045,0.4565,0,-0.5809,0.1147,0.8058,0,7.6132,-2.2982,0.0421,1],"rest":[0.9965,-0.0092,0.0835,0,0.0092,1,0.0007,0,-0.0835,0.0001,0.9965,0,7.6132,-2.2982,0.0421,1],"parentBoneIndex":7,"length":18.9821
,"animation":{"dataType":3,"framePerSecond":24,"keys":[
{"frame":1,"values":[0.3542,-0.8558,0.3772,0,0.7329,0.5045,0.4565,0,-0.5809,0.1147,0.8058,0,7.6132,-2.2982,0.0421,1]},
{"frame":2,"values":[0.3551,-0.8765,0.325,0,0.8169,0.46,0.3479,0,-0.4545,0.1419,0.8794,0,7.6132,-2.2982,0.0421,1]},
{"frame":3,"values":[0.3833,-0.8899,0.2475,0,0.8638,0.4402,0.2451,0,-0.327,0.1199,0.9374,0,7.6132,-2.2982,0.0421,1]},
{"frame":4,"values":[0.414,-0.9008,0.1309,0,0.8733,0.4336,0.2223,0,-0.257,0.0223,0.9661,0,7.6132,-2.2982,0.0421,1]},
{"frame":5,"values":[0.4283,-0.9036,-0.0058,0,0.8721,0.4116,0.2647,0,-0.2368,-0.1184,0.9643,0,7.6132,-2.2982,0.0421,1]},
{"frame":6,"values":[0.4281,-0.8944,-0.1297,0,0.8755,0.3748,0.3051,0,-0.2242,-0.2442,0.9434,0,7.6132,-2.2982,0.0421,1]},
{"frame":7,"values":[0.424,-0.8785,-0.22,0,0.8861,0.3523,0.3012,0,-0.1871,-0.3227,0.9278,0,7.6132,-2.2982,0.0421,1]},
{"frame":8,"values":[0.4253,-0.8671,-0.2592,0,0.8943,0.3588,0.2673,0,-0.1388,-0.3455,0.9281,0,7.6132,-2.2982,0.0421,1]},
{"frame":9,"values":[0.4322,-0.8699,-0.2377,0,0.8937,0.378,0.2417,0,-0.1204,-0.3169,0.9408,0,7.6132,-2.2982,0.0421,1]},
{"frame":10,"values":[0.4332,-0.8886,-0.1506,0,0.8879,0.3921,0.2406,0,-0.1547,-0.2379,0.9589,0,7.6132,-2.2982,0.0421,1]},
{"frame":11,"values":[0.4176,-0.9083,-0.0246,0,0.8814,0.3984,0.2538,0,-0.2207,-0.1277,0.9669,0,7.6132,-2.2982,0.0421,1]},
{"frame":12,"values":[0.4065,-0.9066,0.1133,0,0.8606,0.4216,0.2856,0,-0.3067,-0.0186,0.9516,0,7.6132,-2.2982,0.0421,1]},
{"frame":13,"values":[0.4094,-0.8841,0.2252,0,0.8096,0.4658,0.3571,0,-0.4206,0.0362,0.9065,0,7.6132,-2.2982,0.0421,1]},
{"frame":14,"values":[0.4161,-0.8531,0.3147,0,0.7381,0.519,0.4311,0,-0.5311,0.0529,0.8457,0,7.6132,-2.2982,0.0421,1]},
{"frame":15,"values":[0.4245,-0.8121,0.4004,0,0.6745,0.5786,0.4586,0,-0.6041,0.0754,0.7934,0,7.6132,-2.2982,0.0421,1]},
{"frame":16,"values":[0.4322,-0.7593,0.4865,0,0.6442,0.6375,0.4227,0,-0.6311,0.1307,0.7646,0,7.6132,-2.2982,0.0421,1]},
{"frame":17,"values":[0.438,-0.7083,0.5536,0,0.6384,0.6786,0.3631,0,-0.6329,0.1944,0.7494,0,7.6132,-2.2982,0.0421,1]},
{"frame":18,"values":[0.4384,-0.6833,0.5838,0,0.6401,0.6934,0.3309,0,-0.631,0.2286,0.7414,0,7.6132,-2.2982,0.0421,1]},
{"frame":19,"values":[0.4315,-0.6895,0.5817,0,0.6358,0.6899,0.3461,0,-0.64,0.2205,0.7361,0,7.6132,-2.2982,0.0421,1]},
{"frame":20,"values":[0.4194,-0.7226,0.5496,0,0.6248,0.6689,0.4028,0,-0.6586,0.1744,0.732,0,7.6132,-2.2982,0.0421,1]},
{"frame":21,"values":[0.403,-0.7705,0.4939,0,0.6227,0.6263,0.469,0,-0.6707,0.1185,0.7322,0,7.6132,-2.2982,0.0421,1]},
{"frame":22,"values":[0.3786,-0.8194,0.4305,0,0.6572,0.5655,0.4984,0,-0.6518,0.0942,0.7525,0,7.6132,-2.2982,0.0421,1]},
{"frame":23,"values":[0.3542,-0.8558,0.3772,0,0.7329,0.5045,0.4565,0,-0.5809,0.1147,0.8058,0,7.6132,-2.2982,0.0421,1]}],"loopBehavior":1,"name":"anim","property":"_matrix"}},
{"name":"LeftForeArm","index":9,"matrix":[0.9468,0.0102,0.3217,0,-0.0109,0.9999,0.0004,0,-0.3217,-0.0039,0.9468,0,18.9146,0.2055,-1.5856,1],"rest":[0.9964,0.0108,-0.0835,0,-0.0108,0.9999,0.0005,0,0.0835,0.0005,0.9965,0,18.9146,0.2055,-1.5856,1],"parentBoneIndex":8,"length":18.4362
,"animation":{"dataType":3,"framePerSecond":24,"keys":[
{"frame":1,"values":[0.9468,0.0102,0.3217,0,-0.0109,0.9999,0.0004,0,-0.3217,-0.0039,0.9468,0,18.9146,0.2055,-1.5856,1]},
{"frame":2,"values":[0.9789,0.0106,0.2042,0,-0.0109,0.9999,0.0004,0,-0.2042,-0.0027,0.9789,0,18.9146,0.2055,-1.5856,1]},
{"frame":3,"values":[0.9878,0.0107,0.1555,0,-0.0109,0.9999,0.0005,0,-0.1554,-0.0021,0.9878,0,18.9146,0.2055,-1.5856,1]},
{"frame":4,"values":[0.9838,0.0106,0.1787,0,-0.0109,0.9999,0.0005,0,-0.1787,-0.0024,0.9839,0,18.9146,0.2055,-1.5856,1]},
{"frame":5,"values":[0.9736,0.0105,0.228,0,-0.0109,0.9999,0.0004,0,-0.228,-0.0029,0.9737,0,18.9146,0.2055,-1.5856,1]},
{"frame":6,"values":[0.9634,0.0104,0.268,0,-0.0109,0.9999,0.0004,0,-0.268,-0.0034,0.9634,0,18.9146,0.2055,-1.5856,1]},
{"frame":7,"values":[0.9566,0.0103,0.2912,0,-0.0109,0.9999,0.0004,0,-0.2912,-0.0036,0.9567,0,18.9146,0.2055,-1.5856,1]},
{"frame":8,"values":[0.9534,0.0103,0.3015,0,-0.0109,0.9999,0.0004,0,-0.3014,-0.0037,0.9535,0,18.9146,0.2055,-1.5856,1]},
{"frame":9,"values":[0.9543,0.0103,0.2986,0,-0.0109,0.9999,0.0004,0,-0.2986,-0.0037,0.9544,0,18.9146,0.2055,-1.5856,1]},
{"frame":10,"values":[0.9613,0.0104,0.2753,0,-0.0109,0.9999,0.0004,0,-0.2753,-0.0034,0.9614,0,18.9146,0.2055,-1.5856,1]},
{"frame":11,"values":[0.9718,0.0105,0.2354,0,-0.0109,0.9999,0.0004,0,-0.2354,-0.003,0.9719,0,18.9146,0.2055,-1.5856,1]},
{"frame":12,"values":[0.9754,0.0105,0.2202,0,-0.0109,0.9999,0.0004,0,-0.2202,-0.0028,0.9754,0,18.9146,0.2055,-1.5856,1]},
{"frame":13,"values":[0.9633,0.0104,0.2682,0,-0.0109,0.9999,0.0004,0,-0.2682,-0.0034,0.9634,0,18.9146,0.2055,-1.5856,1]},
{"frame":14,"values":[0.9367,0.0101,0.3499,0,-0.0109,0.9999,0.0004,0,-0.3499,-0.0042,0.9368,0,18.9146,0.2055,-1.5856,1]},
{"frame":15,"values":[0.9012,0.0097,0.4333,0,-0.0109,0.9999,0.0004,0,-0.4333,-0.0051,0.9012,0,18.9146,0.2055,-1.5856,1]},
{"frame":16,"values":[0.8656,0.0093,0.5007,0,-0.011,0.9999,0.0004,0,-0.5007,-0.0059,0.8656,0,18.9146,0.2055,-1.5856,1]},
{"frame":17,"values":[0.8337,0.0089,0.5522,0,-0.011,0.9999,0.0004,0,-0.5521,-0.0064,0.8337,0,18.9146,0.2055,-1.5856,1]},
{"frame":18,"values":[0.81,0.0087,0.5864,0,-0.011,0.9999,0.0004,0,-0.5864,-0.0068,0.81,0,18.9146,0.2055,-1.5856,1]},
{"frame":19,"values":[0.797,0.0085,0.604,0,-0.011,0.9999,0.0004,0,-0.6039,-0.007,0.797,0,18.9146,0.2055,-1.5856,1]},
{"frame":20,"values":[0.8008,0.0086,0.5989,0,-0.011,0.9999,0.0004,0,-0.5989,-0.0069,0.8008,0,18.9146,0.2055,-1.5856,1]},
{"frame":21,"values":[0.8303,0.0089,0.5573,0,-0.011,0.9999,0.0004,0,-0.5573,-0.0065,0.8303,0,18.9146,0.2055,-1.5856,1]},
{"frame":22,"values":[0.8884,0.0095,0.4589,0,-0.011,0.9999,0.0004,0,-0.4589,-0.0054,0.8885,0,18.9146,0.2055,-1.5856,1]},
{"frame":23,"values":[0.9468,0.0102,0.3217,0,-0.0109,0.9999,0.0004,0,-0.3217,-0.0039,0.9468,0,18.9146,0.2055,-1.5856,1]}],"loopBehavior":1,"name":"anim","property":"_matrix"}},
{"name":"LeftHand","index":10,"matrix":[0.8942,0.2673,0.3591,0,-0.341,0.9264,0.1595,0,-0.29,-0.2651,0.9196,0,18.4362,0,0,1],"rest":[0.9824,-0.1864,-0.0127,0,0.1846,0.9789,-0.0878,0,0.0288,0.0839,0.9961,0,18.4362,0,0,1],"parentBoneIndex":9,"length":6.699
,"animation":{"dataType":3,"framePerSecond":24,"keys":[
{"frame":1,"values":[0.8942,0.2673,0.3591,0,-0.341,0.9264,0.1595,0,-0.29,-0.2651,0.9196,0,18.4362,0,0,1]},
{"frame":2,"values":[0.9232,0.173,0.3433,0,-0.2998,0.8829,0.3615,0,-0.2405,-0.4366,0.8669,0,18.4362,0,0,1]},
{"frame":3,"values":[0.9641,0.057,0.2593,0,-0.202,0.7914,0.577,0,-0.1723,-0.6086,0.7745,0,18.4362,0,0,1]},
{"frame":4,"values":[0.9911,-0.0258,0.1305,0,-0.073,0.7147,0.6956,0,-0.1112,-0.699,0.7065,0,18.4362,0,0,1]},
{"frame":5,"values":[0.9972,-0.0726,0.0153,0,0.0427,0.7299,0.6822,0,-0.0608,-0.6797,0.731,0,18.4362,0,0,1]},
{"frame":6,"values":[0.9924,-0.1134,-0.0487,0,0.1215,0.8267,0.5493,0,-0.022,-0.551,0.8342,0,18.4362,0,0,1]},
{"frame":7,"values":[0.9803,-0.1771,-0.0877,0,0.1971,0.9085,0.3685,0,0.0144,-0.3785,0.9255,0,18.4362,0,0,1]},
{"frame":8,"values":[0.9503,-0.2714,-0.1525,0,0.3018,0.9232,0.238,0,0.0762,-0.2722,0.9592,0,18.4362,0,0,1]},
{"frame":9,"values":[0.8967,-0.3657,-0.2494,0,0.4191,0.8827,0.2126,0,0.1424,-0.2952,0.9448,0,18.4362,0,0,1]},
{"frame":10,"values":[0.848,-0.4149,-0.3299,0,0.5096,0.8094,0.292,0,0.1459,-0.4157,0.8977,0,18.4362,0,0,1]},
{"frame":11,"values":[0.8406,-0.4111,-0.3527,0,0.5351,0.7312,0.4231,0,0.0839,-0.5444,0.8346,0,18.4362,0,0,1]},
{"frame":12,"values":[0.8949,-0.3554,-0.2701,0,0.445,0.758,0.4769,0,0.0352,-0.5469,0.8365,0,18.4362,0,0,1]},
{"frame":13,"values":[0.9321,-0.3253,-0.1592,0,0.3615,0.8632,0.3525,0,0.0228,-0.3861,0.9222,0,18.4362,0,0,1]},
{"frame":14,"values":[0.9454,-0.3194,-0.0654,0,0.3256,0.9348,0.1421,0,0.0158,-0.1556,0.9877,0,18.4362,0,0,1]},
{"frame":15,"values":[0.9522,-0.3054,-0.0099,0,0.3052,0.9522,-0.0157,0,0.0142,0.0119,0.9998,0,18.4362,0,0,1]},
{"frame":16,"values":[0.9632,-0.2689,0.0034,0,0.2688,0.9626,-0.0331,0,0.0056,0.0328,0.9994,0,18.4362,0,0,1]},
{"frame":17,"values":[0.9774,-0.2113,0.0106,0,0.2109,0.977,0.0326,0,-0.0173,-0.0296,0.9994,0,18.4362,0,0,1]},
{"frame":18,"values":[0.9891,-0.1369,0.0537,0,0.1309,0.986,0.1031,0,-0.0671,-0.0949,0.9932,0,18.4362,0,0,1]},
{"frame":19,"values":[0.99,-0.0487,0.1323,0,0.0304,0.9902,0.1365,0,-0.1376,-0.1311,0.9818,0,18.4362,0,0,1]},
{"frame":20,"values":[0.9749,0.062,0.2137,0,-0.0895,0.9885,0.1217,0,-0.2037,-0.1378,0.9693,0,18.4362,0,0,1]},
{"frame":21,"values":[0.9427,0.186,0.2769,0,-0.2151,0.9734,0.0788,0,-0.2549,-0.1338,0.9577,0,18.4362,0,0,1]},
{"frame":22,"values":[0.9055,0.2716,0.326,0,-0.3093,0.9484,0.0692,0,-0.2904,-0.1635,0.9428,0,18.4362,0,0,1]},
{"frame":23,"values":[0.8942,0.2673,0.3591,0,-0.341,0.9264,0.1595,0,-0.29,-0.2651,0.9196,0,18.4362,0,0,1]}],"loopBehavior":1,"name":"anim","property":"_matrix"}},
{"name":"LeftHandThumb1","index":11,"matrix":[0.9963,0.0728,-0.0457,0,-0.0659,0.9884,0.1369,0,0.0551,-0.1333,0.9895,0,3.0862,-1.2837,1.4227,1],"rest":[0.9923,0.1154,-0.0442,0,-0.1172,0.9923,-0.0407,0,0.0392,0.0455,0.9982,0,3.0862,-1.2837,1.4227,1],"parentBoneIndex":10,"length":2.9063
,"animation":{"dataType":3,"framePerSecond":24,"keys":[
{"frame":1,"values":[0.9963,0.0728,-0.0457,0,-0.0659,0.9884,0.1369,0,0.0551,-0.1333,0.9895,0,3.0862,-1.2837,1.4227,1]},
{"frame":2,"values":[0.9871,0.1171,-0.1096,0,-0.1032,0.9868,0.1245,0,0.1227,-0.1115,0.9861,0,3.0862,-1.2837,1.4227,1]},
{"frame":3,"values":[0.9806,0.136,-0.141,0,-0.1191,0.9853,0.1221,0,0.1555,-0.1029,0.9825,0,3.0862,-1.2837,1.4227,1]},
{"frame":4,"values":[0.982,0.128,-0.1388,0,-0.1103,0.9856,0.1284,0,0.1532,-0.1107,0.982,0,3.0862,-1.2837,1.4227,1]},
{"frame":5,"values":[0.9853,0.1138,-0.1273,0,-0.0965,0.9862,0.1343,0,0.1409,-0.12,0.9827,0,3.0862,-1.2837,1.4227,1]},
{"frame":6,"values":[0.9859,0.1118,-0.1247,0,-0.0948,0.9864,0.1344,0,0.138,-0.1207,0.983,0,3.0862,-1.2837,1.4227,1]},
{"frame":7,"values":[0.9836,0.123,-0.1322,0,-0.1059,0.9859,0.1298,0,0.1463,-0.1137,0.9827,0,3.0862,-1.2837,1.4227,1]},
{"frame":8,"values":[0.9808,0.1365,-0.1396,0,-0.1196,0.9852,0.1226,0,0.1543,-0.1035,0.9826,0,3.0862,-1.2837,1.4227,1]},
{"frame":9,"values":[0.9809,0.1405,-0.1343,0,-0.1254,0.9854,0.1152,0,0.1485,-0.0962,0.9842,0,3.0862,-1.2837,1.4227,1]},
{"frame":10,"values":[0.9844,0.136,-0.1112,0,-0.1242,0.9865,0.1068,0,0.1243,-0.0914,0.988,0,3.0862,-1.2837,1.4227,1]},
{"frame":11,"values":[0.9876,0.1352,-0.0797,0,-0.1277,0.9874,0.0937,0,0.0914,-0.0824,0.9924,0,3.0862,-1.2837,1.4227,1]},
{"frame":12,"values":[0.982,0.1703,-0.0812,0,-0.1656,0.9843,0.0618,0,0.0905,-0.0472,0.9948,0,3.0862,-1.2837,1.4227,1]},
{"frame":13,"values":[0.9792,0.182,-0.09,0,-0.1777,0.9826,0.0538,0,0.0983,-0.0367,0.9945,0,3.0862,-1.2837,1.4227,1]},
{"frame":14,"values":[0.9859,0.1511,-0.0726,0,-0.1455,0.9864,0.0767,0,0.0832,-0.0651,0.9944,0,3.0862,-1.2837,1.4227,1]},
{"frame":15,"values":[0.9938,0.1053,-0.0348,0,-0.1012,0.9895,0.1034,0,0.0453,-0.0992,0.994,0,3.0862,-1.2837,1.4227,1]},
{"frame":16,"values":[0.9974,0.0715,0.0075,0,-0.0719,0.9906,0.1163,0,0.0009,-0.1165,0.9932,0,3.0862,-1.2837,1.4227,1]},
{"frame":17,"values":[0.998,0.0491,0.039,0,-0.0536,0.9908,0.1242,0,-0.0325,-0.1261,0.9915,0,3.0862,-1.2837,1.4227,1]},
{"frame":18,"values":[0.9982,0.0267,0.0545,0,-0.0341,0.9897,0.1388,0,-0.0502,-0.1404,0.9888,0,3.0862,-1.2837,1.4227,1]},
{"frame":19,"values":[0.998,0.0049,0.063,0,-0.0147,0.9877,0.1555,0,-0.0615,-0.1561,0.9858,0,3.0862,-1.2837,1.4227,1]},
{"frame":20,"values":[0.9975,-0.0074,0.0697,0,-0.0041,0.9864,0.164,0,-0.07,-0.1639,0.984,0,3.0862,-1.2837,1.4227,1]},
{"frame":21,"values":[0.998,-0.0036,0.0631,0,-0.0067,0.9867,0.1626,0,-0.0628,-0.1627,0.9847,0,3.0862,-1.2837,1.4227,1]},
{"frame":22,"values":[0.9994,0.025,0.0225,0,-0.0281,0.988,0.1522,0,-0.0185,-0.1527,0.9881,0,3.0862,-1.2837,1.4227,1]},
{"frame":23,"values":[0.9963,0.0728,-0.0457,0,-0.0659,0.9884,0.1369,0,0.0551,-0.1333,0.9895,0,3.0862,-1.2837,1.4227,1]}],"loopBehavior":1,"name":"anim","property":"_matrix"}},
{"name":"LeftHandThumb2","index":12,"matrix":[0.935,0.2217,-0.2767,0,-0.2362,0.9715,-0.0197,0,0.2645,0.0838,0.9607,0,2.2512,-1.2997,1.2997,1],"rest":[1,0,0,0,0,1,0,0,0,0,1,0,2.2512,-1.2997,1.2997,1],"parentBoneIndex":11,"length":2.9053
,"animation":{"dataType":3,"framePerSecond":24,"keys":[
{"frame":1,"values":[0.935,0.2217,-0.2767,0,-0.2362,0.9715,-0.0197,0,0.2645,0.0838,0.9607,0,2.2512,-1.2997,1.2997,1]},
{"frame":2,"values":[0.947,0.2299,-0.2244,0,-0.2338,0.9722,0.0093,0,0.2203,0.0437,0.9745,0,2.2512,-1.2997,1.2997,1]},
{"frame":3,"values":[0.9522,0.2352,-0.1952,0,-0.2345,0.9717,0.0268,0,0.196,0.0202,0.9804,0,2.2512,-1.2997,1.2997,1]},
{"frame":4,"values":[0.9526,0.2367,-0.1909,0,-0.2372,0.9712,0.0206,0,0.1903,0.0257,0.9814,0,2.2512,-1.2997,1.2997,1]},
{"frame":5,"values":[0.9514,0.2356,-0.1983,0,-0.2389,0.971,0.0073,0,0.1942,0.0404,0.9801,0,2.2512,-1.2997,1.2997,1]},
{"frame":6,"values":[0.9503,0.2353,-0.204,0,-0.2387,0.9711,0.008,0,0.2,0.0411,0.9789,0,2.2512,-1.2997,1.2997,1]},
{"frame":7,"values":[0.9504,0.2372,-0.201,0,-0.2377,0.9711,0.0221,0,0.2005,0.0268,0.9793,0,2.2512,-1.2997,1.2997,1]},
{"frame":8,"values":[0.9515,0.2378,-0.1951,0,-0.2358,0.9712,0.0337,0,0.1975,0.0139,0.9802,0,2.2512,-1.2997,1.2997,1]},
{"frame":9,"values":[0.9509,0.2346,-0.2019,0,-0.2327,0.972,0.0334,0,0.2041,0.0153,0.9788,0,2.2512,-1.2997,1.2997,1]},
{"frame":10,"values":[0.9459,0.2274,-0.2316,0,-0.2272,0.9735,0.0277,0,0.2318,0.0264,0.9724,0,2.2512,-1.2997,1.2997,1]},
{"frame":11,"values":[0.9361,0.2182,-0.2759,0,-0.2187,0.9754,0.0294,0,0.2755,0.0328,0.9607,0,2.2512,-1.2997,1.2997,1]},
{"frame":12,"values":[0.9282,0.211,-0.3064,0,-0.2036,0.9774,0.0565,0,0.3114,0.0099,0.9502,0,2.2512,-1.2997,1.2997,1]},
{"frame":13,"values":[0.9257,0.2096,-0.315,0,-0.1995,0.9778,0.0644,0,0.3215,0.0032,0.9469,0,2.2512,-1.2997,1.2997,1]},
{"frame":14,"values":[0.9243,0.211,-0.3179,0,-0.2087,0.9771,0.0418,0,0.3194,0.0277,0.9472,0,2.2512,-1.2997,1.2997,1]},
{"frame":15,"values":[0.9213,0.2113,-0.3263,0,-0.2196,0.9755,0.0116,0,0.3208,0.061,0.9452,0,2.2512,-1.2997,1.2997,1]},
{"frame":16,"values":[0.916,0.2083,-0.3429,0,-0.2247,0.9744,-0.0084,0,0.3323,0.0847,0.9393,0,2.2512,-1.2997,1.2997,1]},
{"frame":17,"values":[0.9116,0.2058,-0.356,0,-0.2283,0.9733,-0.022,0,0.3419,0.1013,0.9342,0,2.2512,-1.2997,1.2997,1]},
{"frame":18,"values":[0.9103,0.207,-0.3584,0,-0.2351,0.9713,-0.0361,0,0.3407,0.1171,0.9329,0,2.2512,-1.2997,1.2997,1]},
{"frame":19,"values":[0.9092,0.2099,-0.3595,0,-0.2421,0.9692,-0.0464,0,0.3386,0.1292,0.932,0,2.2512,-1.2997,1.2997,1]},
{"frame":20,"values":[0.9065,0.2105,-0.3659,0,-0.2443,0.9685,-0.0482,0,0.3442,0.1331,0.9294,0,2.2512,-1.2997,1.2997,1]},
{"frame":21,"values":[0.9075,0.21,-0.3638,0,-0.2427,0.969,-0.046,0,0.3429,0.13,0.9303,0,2.2512,-1.2997,1.2997,1]},
{"frame":22,"values":[0.9187,0.2136,-0.3321,0,-0.2397,0.9701,-0.0391,0,0.3138,0.1155,0.9424,0,2.2512,-1.2997,1.2997,1]},
{"frame":23,"values":[0.935,0.2217,-0.2767,0,-0.2362,0.9715,-0.0197,0,0.2645,0.0838,0.9607,0,2.2512,-1.2997,1.2997,1]}],"loopBehavior":1,"name":"anim","property":"_matrix"}},
{"name":"LeftHandThumb3","index":13,"matrix":[0.9818,0.0204,-0.189,0,-0.0132,0.9991,0.0394,0,0.1897,-0.0362,0.9812,0,2.2504,-1.2993,1.2993,1],"rest":[0.9996,-0.0265,-0.0043,0,0.0265,0.9995,0.0176,0,0.0038,-0.0177,0.9998,0,2.2504,-1.2993,1.2993,1],"parentBoneIndex":12,"length":2.0937
,"animation":{"dataType":3,"framePerSecond":24,"keys":[
{"frame":1,"values":[0.9818,0.0204,-0.189,0,-0.0132,0.9991,0.0394,0,0.1897,-0.0362,0.9812,0,2.2504,-1.2993,1.2993,1]},
{"frame":2,"values":[0.9778,0.018,-0.209,0,-0.0088,0.999,0.0448,0,0.2096,-0.042,0.9769,0,2.2504,-1.2993,1.2993,1]},
{"frame":3,"values":[0.9735,0.0158,-0.228,0,-0.0045,0.9987,0.0501,0,0.2285,-0.0477,0.9724,0,2.2504,-1.2993,1.2993,1]},
{"frame":4,"values":[0.9718,0.015,-0.2352,0,-0.0028,0.9986,0.0521,0,0.2357,-0.05,0.9705,0,2.2504,-1.2993,1.2993,1]},
{"frame":5,"values":[0.9721,0.0151,-0.2342,0,-0.003,0.9987,0.0518,0,0.2347,-0.0497,0.9708,0,2.2504,-1.2993,1.2993,1]},
{"frame":7,"values":[0.9711,0.0146,-0.2383,0,-0.002,0.9986,0.053,0,0.2387,-0.051,0.9698,0,2.2504,-1.2993,1.2993,1]},
{"frame":8,"values":[0.9703,0.0142,-0.2415,0,-0.0012,0.9985,0.0539,0,0.2419,-0.052,0.9689,0,2.2504,-1.2993,1.2993,1]},
{"frame":9,"values":[0.9708,0.0144,-0.2395,0,-0.0017,0.9986,0.0533,0,0.2399,-0.0514,0.9694,0,2.2504,-1.2993,1.2993,1]},
{"frame":10,"values":[0.9723,0.0152,-0.233,0,-0.0033,0.9987,0.0515,0,0.2335,-0.0493,0.9711,0,2.2504,-1.2993,1.2993,1]},
{"frame":11,"values":[0.974,0.0161,-0.2258,0,-0.005,0.9988,0.0495,0,0.2263,-0.0471,0.9729,0,2.2504,-1.2993,1.2993,1]},
{"frame":12,"values":[0.9744,0.0163,-0.2242,0,-0.0054,0.9988,0.049,0,0.2247,-0.0466,0.9733,0,2.2504,-1.2993,1.2993,1]},
{"frame":13,"values":[0.9746,0.0163,-0.2236,0,-0.0055,0.9988,0.0489,0,0.2241,-0.0464,0.9735,0,2.2504,-1.2993,1.2993,1]},
{"frame":14,"values":[0.9754,0.0168,-0.2199,0,-0.0064,0.9988,0.0479,0,0.2205,-0.0453,0.9743,0,2.2504,-1.2993,1.2993,1]},
{"frame":15,"values":[0.9766,0.0174,-0.2144,0,-0.0076,0.9989,0.0464,0,0.215,-0.0436,0.9756,0,2.2504,-1.2993,1.2993,1]},
