{"producer":{"name":"Blender","version":"2.90.0","exporter_version":"2.80.1","file":"turnright_riffle.babylon"},
"autoClear":true,"clearColor":[0.0509,0.0509,0.0509],"gravity":[0,-9.81,0],
"materials":[{"name":"Material","id":"Material","customType":"BABYLON.PBRMaterial","backFaceCulling":true,"checkReadyOnlyOnce":false,"maxSimultaneousLights":4,"environmentIntensity":1,"albedo":[0.8,0.8,0.8],"reflectivity":[0.5,0.5,0.5],"roughness":0.4,"alpha":1,"transparencyMode":0,"alphaCutOff":0.4,"metallic":0}],
"multiMaterials":[],
"skeletons":[{"name":"Armature","id":0,"dimensionsAtRest":[128.1663,151.4482,19.1351],"bones":[
{"name":"Hips","index":0,"matrix":[0.5755,0.0377,-0.8169,0,0.0674,0.9934,0.0933,0,-0.815,0.1088,-0.5692,0,-0.8226,75.4261,-0.2806,1],"rest":[1,0,0,0,0,1,0,0,0,0,-1,0,0,81.0629,0,1],"parentBoneIndex":-1,"length":7.701
,"animation":{"dataType":3,"framePerSecond":24,"keys":[
{"frame":1,"values":[0.5755,0.0377,-0.8169,0,0.0674,0.9934,0.0933,0,-0.815,0.1088,-0.5692,0,-0.8226,75.4261,-0.2806,1]},
{"frame":2,"values":[0.5755,0.0377,-0.8169,0,0.0674,0.9934,0.0933,0,-0.815,0.1088,-0.5692,0,-0.9303,75.5812,-0.2448,1]},
{"frame":3,"values":[0.5755,0.0377,-0.8169,0,0.0674,0.9934,0.0933,0,-0.815,0.1088,-0.5692,0,-1.3183,75.4592,-0.0763,1]},
{"frame":4,"values":[0.5755,0.0377,-0.8169,0,0.0674,0.9934,0.0933,0,-0.815,0.1088,-0.5692,0,-2.53,75.187,0.4419,1]},
{"frame":5,"values":[0.5755,0.0377,-0.8169,0,0.0674,0.9934,0.0933,0,-0.815,0.1088,-0.5692,0,-4.6435,74.9278,1.5138,1]},
{"frame":6,"values":[0.5755,0.0377,-0.8169,0,0.0674,0.9934,0.0933,0,-0.815,0.1088,-0.5692,0,-7.0918,74.8563,2.9738,1]},
{"frame":7,"values":[0.5755,0.0377,-0.8169,0,0.0674,0.9934,0.0933,0,-0.815,0.1088,-0.5692,0,-9.1919,75.0792,4.4997,1]},
{"frame":8,"values":[0.5755,0.0377,-0.8169,0,0.0674,0.9934,0.0933,0,-0.815,0.1088,-0.5692,0,-10.7157,75.4189,5.8651,1]},
{"frame":9,"values":[0.5755,0.0377,-0.8169,0,0.0674,0.9934,0.0933,0,-0.815,0.1088,-0.5692,0,-11.8253,75.6437,6.7675,1]},
{"frame":10,"values":[0.5755,0.0377,-0.8169,0,0.0674,0.9934,0.0933,0,-0.815,0.1088,-0.5692,0,-12.6837,75.6969,6.9075,1]},
{"frame":11,"values":[0.5755,0.0377,-0.8169,0,0.0674,0.9934,0.0933,0,-0.815,0.1088,-0.5692,0,-13.3608,75.564,6.2686,1]},
{"frame":12,"values":[0.5755,0.0377,-0.8169,0,0.0674,0.9934,0.0933,0,-0.815,0.1088,-0.5692,0,-13.7246,75.2104,5.072,1]},
{"frame":13,"values":[0.5755,0.0377,-0.8169,0,0.0674,0.9934,0.0933,0,-0.815,0.1088,-0.5692,0,-13.7957,74.6744,3.6499,1]},
{"frame":14,"values":[0.5755,0.0377,-0.8169,0,0.0674,0.9934,0.0933,0,-0.815,0.1088,-0.5692,0,-13.7403,74.0398,2.2676,1]},
{"frame":15,"values":[0.5755,0.0377,-0.8169,0,0.0674,0.9934,0.0933,0,-0.815,0.1088,-0.5692,0,-13.5712,73.5927,1.0236,1]},
{"frame":16,"values":[0.5755,0.0377,-0.8169,0,0.0674,0.9934,0.0933,0,-0.815,0.1088,-0.5692,0,-13.123,73.4042,-0.0077,1]},
{"frame":17,"values":[0.5755,0.0377,-0.8169,0,0.0674,0.9934,0.0933,0,-0.815,0.1088,-0.5692,0,-12.4492,73.4747,-0.7776,1]},
{"frame":18,"values":[0.5755,0.0377,-0.8169,0,0.0674,0.9934,0.0933,0,-0.815,0.1088,-0.5692,0,-11.759,73.6039,-1.173,1]},
{"frame":19,"values":[0.5755,0.0377,-0.8169,0,0.0674,0.9934,0.0933,0,-0.815,0.1088,-0.5692,0,-10.9848,73.6944,-1.1384,1]},
{"frame":20,"values":[0.5755,0.0377,-0.8169,0,0.0674,0.9934,0.0933,0,-0.815,0.1088,-0.5692,0,-9.6419,73.827,-0.8496,1]},
{"frame":21,"values":[0.5755,0.0377,-0.8169,0,0.0674,0.9934,0.0933,0,-0.815,0.1088,-0.5692,0,-7.4972,74.0974,-0.5016,1]},
{"frame":22,"values":[0.5755,0.0377,-0.8169,0,0.0674,0.9934,0.0933,0,-0.815,0.1088,-0.5692,0,-5.0599,74.4551,-0.1352,1]},
{"frame":23,"values":[0.5755,0.0377,-0.8169,0,0.0674,0.9934,0.0933,0,-0.815,0.1088,-0.5692,0,-3.0687,74.8933,0.2359,1]},
{"frame":24,"values":[0.5755,0.0377,-0.8169,0,0.0674,0.9934,0.0933,0,-0.815,0.1088,-0.5692,0,-1.3935,75.2475,0.5938,1]},
{"frame":25,"values":[0.5755,0.0377,-0.8169,0,0.0674,0.9934,0.0933,0,-0.815,0.1088,-0.5692,0,-0.2807,75.4261,0.8226,1]}],"loopBehavior":1,"name":"anim","property":"_matrix"}},
{"name":"Spine","index":1,"matrix":[0.9999,0.0061,-0.0082,0,-0.0053,0.9958,0.0919,0,0.0088,-0.0919,0.9957,0,0.009,7.0626,-0.9847,1],"rest":[1,0,0,0,0,1,0,0,0,0,1,0,0.009,7.0626,-0.9847,1],"parentBoneIndex":0,"length":8.3194
,"animation":{"dataType":3,"framePerSecond":24,"keys":[
{"frame":1,"values":[0.9999,0.0061,-0.0082,0,-0.0053,0.9958,0.0919,0,0.0088,-0.0919,0.9957,0,0.009,7.0626,-0.9847,1]},
{"frame":2,"values":[0.9999,0.0064,-0.0091,0,-0.0055,0.9957,0.0926,0,0.0096,-0.0925,0.9957,0,0.009,7.0626,-0.9847,1]},
{"frame":3,"values":[0.9999,0.0051,-0.01,0,-0.0042,0.9956,0.0932,0,0.0104,-0.0932,0.9956,0,0.009,7.0626,-0.9847,1]},
{"frame":4,"values":[0.9999,0.004,-0.0108,0,-0.003,0.9956,0.0935,0,0.0112,-0.0935,0.9956,0,0.009,7.0626,-0.9847,1]},
{"frame":5,"values":[0.9999,0.0005,-0.0117,0,0.0006,0.9956,0.0934,0,0.0117,-0.0934,0.9956,0,0.009,7.0626,-0.9847,1]},
{"frame":6,"values":[0.9999,-0.0033,-0.013,0,0.0045,0.9956,0.0931,0,0.0127,-0.0931,0.9956,0,0.009,7.0626,-0.9847,1]},
{"frame":7,"values":[0.9999,-0.0053,-0.0152,0,0.0067,0.9955,0.094,0,0.0147,-0.0941,0.9955,0,0.009,7.0626,-0.9847,1]},
{"frame":8,"values":[0.9998,-0.0071,-0.0177,0,0.0087,0.9954,0.0955,0,0.0169,-0.0957,0.9953,0,0.009,7.0626,-0.9847,1]},
{"frame":9,"values":[0.9998,-0.0087,-0.0197,0,0.0106,0.9952,0.097,0,0.0188,-0.0972,0.9951,0,0.009,7.0626,-0.9847,1]},
{"frame":10,"values":[0.9997,-0.0102,-0.0213,0,0.0122,0.9951,0.0985,0,0.0202,-0.0987,0.9949,0,0.009,7.0626,-0.9847,1]},
{"frame":11,"values":[0.9997,-0.0106,-0.022,0,0.0128,0.9949,0.0996,0,0.0208,-0.0998,0.9948,0,0.009,7.0626,-0.9847,1]},
{"frame":12,"values":[0.9997,-0.0096,-0.0214,0,0.0117,0.9949,0.1005,0,0.0203,-0.1007,0.9947,0,0.009,7.0626,-0.9847,1]},
{"frame":13,"values":[0.9998,-0.0074,-0.0189,0,0.0093,0.9949,0.1008,0,0.018,-0.1009,0.9947,0,0.009,7.0626,-0.9847,1]},
{"frame":14,"values":[1,-0.0077,-0.0058,0,0.0082,0.9948,0.1014,0,0.005,-0.1014,0.9948,0,0.009,7.0626,-0.9847,1]},
{"frame":15,"values":[0.9999,-0.005,0.0147,0,0.0035,0.9948,0.1021,0,-0.0151,-0.102,0.9947,0,0.009,7.0626,-0.9847,1]},
{"frame":16,"values":[0.9994,0,0.0348,0,-0.0035,0.9948,0.1016,0,-0.0346,-0.1017,0.9942,0,0.009,7.0626,-0.9847,1]},
{"frame":17,"values":[0.9989,0.0072,0.0461,0,-0.0118,0.9949,0.1002,0,-0.0451,-0.1007,0.9939,0,0.009,7.0626,-0.9847,1]},
{"frame":18,"values":[0.9988,0.0127,0.0465,0,-0.0173,0.995,0.0985,0,-0.045,-0.0992,0.994,0,0.009,7.0626,-0.9847,1]},
{"frame":19,"values":[0.9988,0.0155,0.0455,0,-0.0198,0.9952,0.096,0,-0.0438,-0.0968,0.9943,0,0.009,7.0626,-0.9847,1]},
{"frame":20,"values":[0.9989,0.017,0.0438,0,-0.0211,0.9954,0.0934,0,-0.042,-0.0942,0.9947,0,0.009,7.0626,-0.9847,1]},
{"frame":21,"values":[0.999,0.0173,0.0413,0,-0.021,0.9956,0.0911,0,-0.0395,-0.0919,0.995,0,0.009,7.0626,-0.9847,1]},
{"frame":22,"values":[0.9992,0.0134,0.0372,0,-0.0167,0.9958,0.0897,0,-0.0358,-0.0903,0.9953,0,0.009,7.0626,-0.9847,1]},
{"frame":23,"values":[0.9995,0.0089,0.0315,0,-0.0116,0.9959,0.0893,0,-0.0306,-0.0896,0.9955,0,0.009,7.0626,-0.9847,1]},
{"frame":24,"values":[0.9999,0.0065,0.013,0,-0.0076,0.9959,0.0905,0,-0.0123,-0.0906,0.9958,0,0.009,7.0626,-0.9847,1]},
{"frame":25,"values":[0.9999,0.0061,-0.0082,0,-0.0053,0.9958,0.0919,0,0.0087,-0.0919,0.9957,0,0.009,7.0626,-0.9847,1]}],"loopBehavior":1,"name":"anim","property":"_matrix"}},
{"name":"Spine1","index":2,"matrix":[0.9998,0.0069,-0.019,0,-0.0052,0.9963,0.0854,0,0.0196,-0.0853,0.9962,0,0.0124,8.2397,-1.1488,1],"rest":[1,0,0,0,0,1,0,0,0,0,1,0,0.0124,8.2397,-1.1488,1],"parentBoneIndex":1,"length":9.5079
,"animation":{"dataType":3,"framePerSecond":24,"keys":[
{"frame":1,"values":[0.9998,0.0069,-0.019,0,-0.0052,0.9963,0.0854,0,0.0196,-0.0853,0.9962,0,0.0124,8.2397,-1.1488,1]},
{"frame":2,"values":[0.9998,0.0068,-0.0201,0,-0.005,0.9963,0.0855,0,0.0206,-0.0854,0.9961,0,0.0124,8.2397,-1.1488,1]},
{"frame":3,"values":[0.9998,0.0063,-0.0193,0,-0.0047,0.9963,0.0853,0,0.0198,-0.0852,0.9962,0,0.0124,8.2397,-1.1488,1]},
{"frame":4,"values":[0.9998,0.0052,-0.0168,0,-0.0037,0.9964,0.0849,0,0.0171,-0.0849,0.9962,0,0.0124,8.2397,-1.1488,1]},
{"frame":5,"values":[0.9999,0.0035,-0.0129,0,-0.0024,0.9964,0.0843,0,0.0131,-0.0842,0.9964,0,0.0124,8.2397,-1.1488,1]},
{"frame":6,"values":[1,0.0019,-0.0091,0,-0.0012,0.9965,0.0836,0,0.0092,-0.0836,0.9965,0,0.0124,8.2397,-1.1488,1]},
{"frame":7,"values":[1,0.001,-0.0071,0,-0.0004,0.9965,0.0832,0,0.0071,-0.0832,0.9965,0,0.0124,8.2397,-1.1488,1]},
{"frame":8,"values":[1,0.0005,-0.0058,0,0,0.9965,0.083,0,0.0058,-0.083,0.9965,0,0.0124,8.2397,-1.1488,1]},
{"frame":9,"values":[1,0.0002,-0.0043,0,0.0001,0.9966,0.0829,0,0.0043,-0.0829,0.9965,0,0.0124,8.2397,-1.1488,1]},
{"frame":10,"values":[1,0.0001,-0.0029,0,0.0002,0.9966,0.0828,0,0.0029,-0.0828,0.9966,0,0.0124,8.2397,-1.1488,1]},
{"frame":11,"values":[1,0,-0.0014,0,0.0001,0.9966,0.0828,0,0.0014,-0.0828,0.9966,0,0.0124,8.2397,-1.1488,1]},
{"frame":12,"values":[1,0.0001,-0.001,0,0,0.9966,0.0827,0,0.001,-0.0827,0.9966,0,0.0124,8.2397,-1.1488,1]},
{"frame":13,"values":[1,-0.0001,0.0001,0,0,0.9966,0.0827,0,-0.0001,-0.0827,0.9966,0,0.0124,8.2397,-1.1488,1]},
{"frame":14,"values":[0.9998,-0.0016,0.0192,0,0,0.9966,0.0819,0,-0.0192,-0.0818,0.9965,0,0.0124,8.2397,-1.1488,1]},
{"frame":15,"values":[0.9985,-0.0044,0.0545,0,0,0.9968,0.0802,0,-0.0547,-0.0801,0.9953,0,0.0124,8.2397,-1.1488,1]},
{"frame":16,"values":[0.9958,-0.0067,0.0911,0,-0.0005,0.9969,0.0782,0,-0.0914,-0.0779,0.9928,0,0.0124,8.2397,-1.1488,1]},
{"frame":17,"values":[0.9937,-0.0074,0.1115,0,-0.0012,0.997,0.077,0,-0.1117,-0.0767,0.9908,0,0.0124,8.2397,-1.1488,1]},
{"frame":18,"values":[0.9942,-0.0062,0.107,0,-0.0022,0.997,0.0775,0,-0.1071,-0.0773,0.9912,0,0.0124,8.2397,-1.1488,1]},
{"frame":19,"values":[0.9961,-0.0037,0.0877,0,-0.0032,0.9969,0.0788,0,-0.0877,-0.0788,0.993,0,0.0124,8.2397,-1.1488,1]},
{"frame":20,"values":[0.9982,-0.0007,0.0602,0,-0.0042,0.9967,0.0806,0,-0.06,-0.0807,0.9949,0,0.0124,8.2397,-1.1488,1]},
{"frame":21,"values":[0.9995,0.0025,0.0302,0,-0.0049,0.9966,0.0825,0,-0.0299,-0.0826,0.9961,0,0.0124,8.2397,-1.1488,1]},
{"frame":22,"values":[1,0.0051,0.0039,0,-0.0054,0.9965,0.084,0,-0.0035,-0.084,0.9965,0,0.0124,8.2397,-1.1488,1]},
{"frame":23,"values":[0.9999,0.0066,-0.013,0,-0.0055,0.9964,0.085,0,0.0135,-0.085,0.9963,0,0.0124,8.2397,-1.1488,1]},
{"frame":24,"values":[0.9998,0.0069,-0.0179,0,-0.0053,0.9963,0.0853,0,0.0184,-0.0852,0.9962,0,0.0124,8.2397,-1.1488,1]},
{"frame":25,"values":[0.9998,0.0069,-0.019,0,-0.0052,0.9963,0.0854,0,0.0196,-0.0853,0.9962,0,0.0124,8.2397,-1.1488,1]}],"loopBehavior":1,"name":"anim","property":"_matrix"}},
{"name":"Spine2","index":3,"matrix":[0.9998,0.0032,-0.0178,0,-0.0006,0.9892,0.1469,0,0.0181,-0.1468,0.989,0,0.0142,9.4168,-1.313,1],"rest":[1,0,0,0,0,1,0,0,0,0,1,0,0.0142,9.4168,-1.313,1],"parentBoneIndex":2,"length":9.9132
,"animation":{"dataType":3,"framePerSecond":24,"keys":[
{"frame":1,"values":[0.9998,0.0032,-0.0178,0,-0.0006,0.9892,0.1469,0,0.0181,-0.1468,0.989,0,0.0142,9.4168,-1.313,1]},
{"frame":2,"values":[0.9997,0.0016,-0.023,0,0.0017,0.9894,0.1452,0,0.023,-0.1452,0.9891,0,0.0142,9.4168,-1.313,1]},
{"frame":3,"values":[0.999,-0.0002,-0.0448,0,0.0066,0.9898,0.1422,0,0.0443,-0.1423,0.9888,0,0.0142,9.4168,-1.313,1]},
{"frame":4,"values":[0.9942,0.0002,-0.1073,0,0.015,0.99,0.1404,0,0.1063,-0.1412,0.9843,0,0.0142,9.4168,-1.313,1]},
{"frame":5,"values":[0.9783,0.0029,-0.207,0,0.0269,0.9896,0.1411,0,0.2052,-0.1436,0.9681,0,0.0142,9.4168,-1.313,1]},
{"frame":6,"values":[0.9531,0.0069,-0.3027,0,0.0383,0.9889,0.1433,0,0.3003,-0.1482,0.9423,0,0.0142,9.4168,-1.313,1]},
{"frame":7,"values":[0.9338,0.0098,-0.3577,0,0.0452,0.9884,0.1449,0,0.355,-0.1515,0.9225,0,0.0142,9.4168,-1.313,1]},
{"frame":8,"values":[0.9207,0.0124,-0.39,0,0.0489,0.9879,0.1469,0,0.3871,-0.1543,0.909,0,0.0142,9.4168,-1.313,1]},
{"frame":9,"values":[0.9106,0.0148,-0.4129,0,0.0514,0.9875,0.1487,0,0.41,-0.1567,0.8985,0,0.0142,9.4168,-1.313,1]},
{"frame":10,"values":[0.9035,0.0166,-0.4283,0,0.053,0.9872,0.1501,0,0.4253,-0.1583,0.8911,0,0.0142,9.4168,-1.313,1]},
{"frame":11,"values":[0.8989,0.0187,-0.4377,0,0.0534,0.987,0.1519,0,0.4349,-0.1599,0.8862,0,0.0142,9.4168,-1.313,1]},
{"frame":12,"values":[0.8965,0.0201,-0.4426,0,0.0533,0.9868,0.1528,0,0.4398,-0.1606,0.8836,0,0.0142,9.4168,-1.313,1]},
{"frame":13,"values":[0.8964,0.0202,-0.4427,0,0.0533,0.9868,0.1529,0,0.44,-0.1607,0.8835,0,0.0142,9.4168,-1.313,1]},
{"frame":14,"values":[0.9048,0.0206,-0.4253,0,0.0493,0.987,0.1527,0,0.4229,-0.1591,0.8921,0,0.0142,9.4168,-1.313,1]},
{"frame":15,"values":[0.9223,0.0205,-0.3858,0,0.0416,0.9875,0.1521,0,0.3841,-0.1564,0.9099,0,0.0142,9.4168,-1.313,1]},
{"frame":16,"values":[0.9439,0.0192,-0.3297,0,0.0328,0.9879,0.1514,0,0.3286,-0.1537,0.9319,0,0.0142,9.4168,-1.313,1]},
{"frame":17,"values":[0.9646,0.0149,-0.2635,0,0.0259,0.9882,0.1507,0,0.2626,-0.1522,0.9528,0,0.0142,9.4168,-1.313,1]},
{"frame":18,"values":[0.9805,0.0084,-0.1964,0,0.0216,0.9884,0.1501,0,0.1954,-0.1514,0.969,0,0.0142,9.4168,-1.313,1]},
{"frame":19,"values":[0.9905,0.0045,-0.1376,0,0.0163,0.9887,0.1493,0,0.1367,-0.1501,0.9792,0,0.0142,9.4168,-1.313,1]},
{"frame":20,"values":[0.996,0.0027,-0.0891,0,0.0106,0.9889,0.1484,0,0.0885,-0.1487,0.9849,0,0.0142,9.4168,-1.313,1]},
{"frame":21,"values":[0.9986,0.0024,-0.0521,0,0.0053,0.989,0.1476,0,0.0519,-0.1476,0.9877,0,0.0142,9.4168,-1.313,1]},
{"frame":22,"values":[0.9996,0.0028,-0.0278,0,0.0013,0.9891,0.1469,0,0.0279,-0.1469,0.9888,0,0.0142,9.4168,-1.313,1]},
{"frame":23,"values":[0.9999,0.0033,-0.0165,0,-0.0008,0.9892,0.1467,0,0.0168,-0.1467,0.989,0,0.0142,9.4168,-1.313,1]},
{"frame":24,"values":[0.9999,0.0033,-0.0166,0,-0.0008,0.9892,0.1468,0,0.0169,-0.1467,0.989,0,0.0142,9.4168,-1.313,1]},
{"frame":25,"values":[0.9998,0.0032,-0.0178,0,-0.0006,0.9892,0.1469,0,0.0181,-0.1468,0.989,0,0.0142,9.4168,-1.313,1]}],"loopBehavior":1,"name":"anim","property":"_matrix"}},
{"name":"Neck","index":4,"matrix":[0.9953,0.0011,-0.0972,0,0.0032,0.999,0.0439,0,0.0971,-0.0441,0.9943,0,0.016,10.5938,-1.4771,1],"rest":[1,0,0,0,0,1,0,0,0,0,1,0,0.016,10.5938,-1.4771,1],"parentBoneIndex":3,"length":5.1073
,"animation":{"dataType":3,"framePerSecond":24,"keys":[
{"frame":1,"values":[0.9953,0.0011,-0.0972,0,0.0032,0.999,0.0439,0,0.0971,-0.0441,0.9943,0,0.016,10.5938,-1.4771,1]},
{"frame":2,"values":[0.9952,0.0011,-0.0979,0,0.0032,0.999,0.0444,0,0.0978,-0.0445,0.9942,0,0.016,10.5938,-1.4771,1]},
{"frame":3,"values":[0.9951,0.0017,-0.0992,0,0.0027,0.999,0.0452,0,0.0992,-0.0452,0.994,0,0.016,10.5938,-1.4771,1]},
{"frame":4,"values":[0.9969,0.0032,-0.0781,0,0.0001,0.9991,0.0422,0,0.0781,-0.0421,0.9961,0,0.016,10.5938,-1.4771,1]},
{"frame":5,"values":[0.9989,0.0055,-0.0456,0,-0.0038,0.9993,0.0377,0,0.0458,-0.0375,0.9982,0,0.016,10.5938,-1.4771,1]},
{"frame":6,"values":[0.9999,0.0086,-0.0119,0,-0.0082,0.9994,0.0335,0,0.0121,-0.0334,0.9994,0,0.016,10.5938,-1.4771,1]},
{"frame":7,"values":[0.9998,0.0117,0.0134,0,-0.0121,0.9995,0.0308,0,-0.013,-0.031,0.9994,0,0.016,10.5938,-1.4771,1]},
{"frame":8,"values":[0.9995,0.0143,0.0276,0,-0.0152,0.9994,0.0299,0,-0.0272,-0.0303,0.9992,0,0.016,10.5938,-1.4771,1]},
{"frame":9,"values":[0.9992,0.0169,0.0371,0,-0.018,0.9994,0.0297,0,-0.0366,-0.0303,0.9989,0,0.016,10.5938,-1.4771,1]},
{"frame":10,"values":[0.9989,0.0193,0.0425,0,-0.0206,0.9993,0.03,0,-0.0419,-0.0308,0.9986,0,0.016,10.5938,-1.4771,1]},
{"frame":11,"values":[0.9988,0.0213,0.0442,0,-0.0227,0.9993,0.0308,0,-0.0435,-0.0317,0.9985,0,0.016,10.5938,-1.4771,1]},
{"frame":12,"values":[0.9988,0.0228,0.0428,0,-0.0241,0.9992,0.0319,0,-0.042,-0.0329,0.9986,0,0.016,10.5938,-1.4771,1]},
{"frame":13,"values":[0.999,0.0236,0.0384,0,-0.0249,0.9991,0.0334,0,-0.0376,-0.0343,0.9987,0,0.016,10.5938,-1.4771,1]},
{"frame":14,"values":[0.9993,0.0235,0.029,0,-0.0246,0.9991,0.0357,0,-0.0281,-0.0364,0.9989,0,0.016,10.5938,-1.4771,1]},
{"frame":15,"values":[0.9997,0.0227,0.012,0,-0.0231,0.999,0.0394,0,-0.0111,-0.0397,0.9992,0,0.016,10.5938,-1.4771,1]},
{"frame":16,"values":[0.9997,0.0216,-0.0074,0,-0.0212,0.9988,0.0431,0,0.0083,-0.043,0.999,0,0.016,10.5938,-1.4771,1]},
{"frame":17,"values":[0.9995,0.0204,-0.0238,0,-0.0193,0.9988,0.0453,0,0.0247,-0.0448,0.9987,0,0.016,10.5938,-1.4771,1]},
{"frame":18,"values":[0.9993,0.019,-0.0333,0,-0.0175,0.9988,0.0451,0,0.0341,-0.0445,0.9984,0,0.016,10.5938,-1.4771,1]},
{"frame":19,"values":[0.9991,0.0173,-0.0381,0,-0.0157,0.9989,0.0441,0,0.0389,-0.0434,0.9983,0,0.016,10.5938,-1.4771,1]},
{"frame":20,"values":[0.999,0.0153,-0.0416,0,-0.0135,0.999,0.0428,0,0.0422,-0.0422,0.9982,0,0.016,10.5938,-1.4771,1]},
{"frame":21,"values":[0.9988,0.013,-0.0469,0,-0.011,0.9991,0.0419,0,0.0474,-0.0413,0.998,0,0.016,10.5938,-1.4771,1]},
{"frame":22,"values":[0.9983,0.01,-0.058,0,-0.0075,0.9991,0.0418,0,0.0583,-0.0413,0.9974,0,0.016,10.5938,-1.4771,1]},
{"frame":23,"values":[0.9972,0.0059,-0.0747,0,-0.0027,0.9991,0.0425,0,0.0749,-0.0422,0.9963,0,0.016,10.5938,-1.4771,1]},
{"frame":24,"values":[0.996,0.0026,-0.0895,0,0.0013,0.9991,0.0434,0,0.0895,-0.0433,0.995,0,0.016,10.5938,-1.4771,1]},
{"frame":25,"values":[0.9953,0.0011,-0.0972,0,0.0032,0.999,0.044,0,0.0971,-0.0441,0.9943,0,0.016,10.5938,-1.4771,1]}],"loopBehavior":1,"name":"anim","property":"_matrix"}},
{"name":"Head","index":5,"matrix":[0.7901,-0.1028,-0.6042,0,0.1018,0.9942,-0.0361,0,0.6044,-0.033,0.796,0,0,5.0564,0.7196,1],"rest":[1,0,0,0,0,1,0,0,0,0,1,0,0,5.0564,0.7196,1],"parentBoneIndex":4,"length":15.2963
,"animation":{"dataType":3,"framePerSecond":24,"keys":[
{"frame":1,"values":[0.7901,-0.1028,-0.6042,0,0.1018,0.9942,-0.0361,0,0.6044,-0.033,0.796,0,0,5.0564,0.7196,1]},
{"frame":2,"values":[0.7887,-0.1002,-0.6066,0,0.0998,0.9944,-0.0345,0,0.6067,-0.0333,0.7943,0,0,5.0564,0.7196,1]},
{"frame":3,"values":[0.7847,-0.0955,-0.6125,0,0.096,0.9949,-0.0321,0,0.6124,-0.0336,0.7898,0,0,5.0564,0.7196,1]},
{"frame":4,"values":[0.8383,-0.1034,-0.5353,0,0.0929,0.9946,-0.0466,0,0.5372,-0.0106,0.8434,0,0,5.0564,0.7196,1]},
{"frame":5,"values":[0.9067,-0.1123,-0.4065,0,0.0921,0.9934,-0.0689,0,0.4116,0.025,0.911,0,0,5.0564,0.7196,1]},
{"frame":6,"values":[0.9571,-0.1142,-0.2664,0,0.093,0.9915,-0.0906,0,0.2745,0.0619,0.9596,0,0,5.0564,0.7196,1]},
{"frame":7,"values":[0.9801,-0.1097,-0.1654,0,0.093,0.9901,-0.1055,0,0.1753,0.088,0.9806,0,0,5.0564,0.7196,1]},
{"frame":8,"values":[0.9873,-0.1032,-0.1209,0,0.0896,0.9896,-0.1129,0,0.1313,0.1007,0.9862,0,0,5.0564,0.7196,1]},
{"frame":9,"values":[0.9898,-0.0962,-0.1047,0,0.0838,0.9895,-0.1174,0,0.1149,0.1075,0.9876,0,0,5.0564,0.7196,1]},
{"frame":10,"values":[0.9898,-0.0898,-0.1106,0,0.0764,0.9899,-0.1195,0,0.1202,0.1098,0.9867,0,0,5.0564,0.7196,1]},
{"frame":11,"values":[0.9873,-0.0841,-0.1349,0,0.0681,0.9905,-0.1192,0,0.1436,0.1085,0.9837,0,0,5.0564,0.7196,1]},
{"frame":12,"values":[0.9818,-0.0794,-0.1723,0,0.0597,0.9914,-0.1168,0,0.1801,0.1044,0.9781,0,0,5.0564,0.7196,1]},
{"frame":13,"values":[0.9728,-0.0758,-0.2189,0,0.0521,0.9923,-0.1122,0,0.2258,0.0978,0.9693,0,0,5.0564,0.7196,1]},
{"frame":14,"values":[0.9551,-0.0729,-0.2871,0,0.0448,0.9936,-0.1032,0,0.2928,0.0858,0.9523,0,0,5.0564,0.7196,1]},
{"frame":15,"values":[0.9184,-0.0683,-0.3898,0,0.037,0.9955,-0.0873,0,0.394,0.0658,0.9168,0,0,5.0564,0.7196,1]},
{"frame":16,"values":[0.8693,-0.0613,-0.4905,0,0.031,0.9971,-0.0697,0,0.4934,0.0454,0.8686,0,0,5.0564,0.7196,1]},
{"frame":17,"values":[0.8288,-0.0554,-0.5569,0,0.0287,0.998,-0.0566,0,0.5589,0.0309,0.8287,0,0,5.0564,0.7196,1]},
{"frame":18,"values":[0.8114,-0.0549,-0.5819,0,0.0304,0.9982,-0.0518,0,0.5837,0.0244,0.8116,0,0,5.0564,0.7196,1]},
{"frame":19,"values":[0.8009,-0.0585,-0.596,0,0.0346,0.9981,-0.0514,0,0.5978,0.0205,0.8014,0,0,5.0564,0.7196,1]},
{"frame":20,"values":[0.794,-0.0644,-0.6045,0,0.0409,0.9978,-0.0525,0,0.6065,0.0169,0.7949,0,0,5.0564,0.7196,1]},
{"frame":21,"values":[0.7894,-0.0709,-0.6098,0,0.049,0.9974,-0.0525,0,0.6119,0.0115,0.7908,0,0,5.0564,0.7196,1]},
{"frame":22,"values":[0.7849,-0.0777,-0.6148,0,0.0598,0.997,-0.0497,0,0.6168,0.0023,0.7871,0,0,5.0564,0.7196,1]},
{"frame":23,"values":[0.7802,-0.0866,-0.6195,0,0.0743,0.9962,-0.0457,0,0.6211,-0.0104,0.7836,0,0,5.0564,0.7196,1]},
{"frame":24,"values":[0.7835,-0.0962,-0.6138,0,0.0906,0.9951,-0.0402,0,0.6147,-0.0241,0.7884,0,0,5.0564,0.7196,1]},
{"frame":25,"values":[0.7901,-0.1028,-0.6042,0,0.1018,0.9942,-0.0361,0,0.6044,-0.033,0.796,0,0,5.0564,0.7196,1]}],"loopBehavior":1,"name":"anim","property":"_matrix"}},
{"name":"HeadTop_End","index":6,"matrix":[1,0,0,0,0,1,0,0,0,0,1,0,0,15.1437,2.155,1],"rest":[1,0,0,0,0,1,0,0,0,0,1,0,0,15.1437,2.155,1],"parentBoneIndex":5,"length":15.2963
,"animation":{"dataType":3,"framePerSecond":24,"keys":[
{"frame":1,"values":[1,0,0,0,0,1,0,0,0,0,1,0,0,15.1437,2.155,1]},
{"frame":25,"values":[1,0,0,0,0,1,0,0,0,0,1,0,0,15.1437,2.155,1]}],"loopBehavior":1,"name":"anim","property":"_matrix"}},
{"name":"LeftShoulder","index":7,"matrix":[0.9085,-0.1065,0.404,0,0.0372,0.9837,0.1757,0,-0.4162,-0.1446,0.8977,0,3.5285,8.7304,-1.4561,1],"rest":[1,-0.0017,0,0,0.0017,1,0,0,0,0,1,0,3.5285,8.7304,-1.4561,1],"parentBoneIndex":3,"length":7.9526
,"animation":{"dataType":3,"framePerSecond":24,"keys":[
{"frame":1,"values":[0.9085,-0.1065,0.404,0,0.0372,0.9837,0.1757,0,-0.4162,-0.1446,0.8977,0,3.5285,8.7304,-1.4561,1]},
{"frame":2,"values":[0.9071,-0.1161,0.4045,0,0.0469,0.9831,0.177,0,-0.4182,-0.1416,0.8972,0,3.5285,8.7304,-1.4561,1]},
{"frame":3,"values":[0.9069,-0.1177,0.4046,0,0.0485,0.983,0.1772,0,-0.4186,-0.1411,0.8972,0,3.5285,8.7304,-1.4561,1]},
{"frame":24,"values":[0.9076,-0.1131,0.4044,0,0.0439,0.9833,0.1766,0,-0.4176,-0.1425,0.8974,0,3.5285,8.7304,-1.4561,1]},
{"frame":25,"values":[0.9085,-0.1065,0.404,0,0.0372,0.9837,0.1757,0,-0.4162,-0.1446,0.8977,0,3.5285,8.7304,-1.4561,1]}],"loopBehavior":1,"name":"anim","property":"_matrix"}},
{"name":"LeftArm","index":8,"matrix":[0.4877,-0.7779,0.3962,0,0.8671,0.379,-0.3232,0,0.1013,0.5012,0.8594,0,7.6132,-2.2982,0.0421,1],"rest":[0.9965,-0.0092,0.0835,0,0.0092,1,0.0007,0,-0.0835,0.0001,0.9965,0,7.6132,-2.2982,0.0421,1],"parentBoneIndex":7,"length":18.9821
,"animation":{"dataType":3,"framePerSecond":24,"keys":[
{"frame":1,"values":[0.4877,-0.7779,0.3962,0,0.8671,0.379,-0.3232,0,0.1013,0.5012,0.8594,0,7.6132,-2.2982,0.0421,1]},
{"frame":2,"values":[0.4825,-0.7748,0.4084,0,0.8718,0.3797,-0.3095,0,0.0848,0.5054,0.8587,0,7.6132,-2.2982,0.0421,1]},
{"frame":3,"values":[0.4692,-0.7751,0.4232,0,0.8807,0.3752,-0.2892,0,0.0654,0.5084,0.8586,0,7.6132,-2.2982,0.0421,1]},
{"frame":4,"values":[0.4528,-0.7755,0.4401,0,0.8897,0.36,-0.2809,0,0.0594,0.5187,0.8529,0,7.6132,-2.2982,0.0421,1]},
{"frame":5,"values":[0.4405,-0.7745,0.454,0,0.8954,0.3424,-0.2845,0,0.0649,0.5318,0.8444,0,7.6132,-2.2982,0.0421,1]},
{"frame":6,"values":[0.4356,-0.7745,0.4586,0,0.8968,0.3296,-0.2952,0,0.0775,0.5399,0.8382,0,7.6132,-2.2982,0.0421,1]},
{"frame":7,"values":[0.4396,-0.7767,0.4511,0,0.893,0.3241,-0.3122,0,0.0962,0.5401,0.8361,0,7.6132,-2.2982,0.0421,1]},
{"frame":8,"values":[0.4535,-0.7798,0.4316,0,0.882,0.3231,-0.343,0,0.128,0.5362,0.8343,0,7.6132,-2.2982,0.0421,1]},
{"frame":9,"values":[0.4734,-0.7789,0.4113,0,0.8655,0.3245,-0.3817,0,0.1639,0.5366,0.8278,0,7.6132,-2.2982,0.0421,1]},
{"frame":10,"values":[0.4946,-0.7717,0.3998,0,0.8482,0.3283,-0.4156,0,0.1895,0.5447,0.817,0,7.6132,-2.2982,0.0421,1]},
{"frame":11,"values":[0.516,-0.7555,0.4037,0,0.8337,0.3349,-0.439,0,0.1965,0.5631,0.8027,0,7.6132,-2.2982,0.0421,1]},
{"frame":12,"values":[0.5274,-0.7447,0.4089,0,0.8267,0.339,-0.449,0,0.1957,0.5749,0.7945,0,7.6132,-2.2982,0.0421,1]},
{"frame":13,"values":[0.5287,-0.74,0.4158,0,0.8279,0.3416,-0.4448,0,0.1872,0.5794,0.7933,0,7.6132,-2.2982,0.0421,1]},
{"frame":14,"values":[0.5266,-0.7356,0.4261,0,0.8333,0.3475,-0.43,0,0.1682,0.5815,0.7959,0,7.6132,-2.2982,0.0421,1]},
{"frame":15,"values":[0.524,-0.7335,0.4329,0,0.839,0.3571,-0.4105,0,0.1465,0.5783,0.8025,0,7.6132,-2.2982,0.0421,1]},
{"frame":16,"values":[0.5239,-0.7295,0.4397,0,0.8418,0.3645,-0.3981,0,0.1301,0.5787,0.8051,0,7.6132,-2.2982,0.0421,1]},
{"frame":17,"values":[0.5253,-0.7289,0.4391,0,0.8423,0.3721,-0.39,0,0.1209,0.5747,0.8094,0,7.6132,-2.2982,0.0421,1]},
{"frame":18,"values":[0.5264,-0.7289,0.4378,0,0.8429,0.3798,-0.3812,0,0.1115,0.5696,0.8143,0,7.6132,-2.2982,0.0421,1]},
{"frame":19,"values":[0.5263,-0.7299,0.4363,0,0.844,0.3857,-0.3727,0,0.1037,0.5644,0.819,0,7.6132,-2.2982,0.0421,1]},
{"frame":20,"values":[0.5253,-0.733,0.4322,0,0.8451,0.3903,-0.3654,0,0.0991,0.5572,0.8245,0,7.6132,-2.2982,0.0421,1]},
{"frame":21,"values":[0.5231,-0.7396,0.4235,0,0.8461,0.3911,-0.362,0,0.1021,0.5477,0.8304,0,7.6132,-2.2982,0.0421,1]},
{"frame":22,"values":[0.5177,-0.7475,0.4162,0,0.8489,0.3882,-0.3587,0,0.1066,0.539,0.8355,0,7.6132,-2.2982,0.0421,1]},
{"frame":23,"values":[0.5104,-0.7554,0.4109,0,0.8531,0.385,-0.3521,0,0.1078,0.5302,0.841,0,7.6132,-2.2982,0.0421,1]},
{"frame":24,"values":[0.4984,-0.7673,0.4036,0,0.8607,0.3817,-0.337,0,0.1045,0.5153,0.8506,0,7.6132,-2.2982,0.0421,1]},
{"frame":25,"values":[0.4877,-0.7779,0.3962,0,0.8671,0.379,-0.3232,0,0.1013,0.5012,0.8594,0,7.6132,-2.2982,0.0421,1]}],"loopBehavior":1,"name":"anim","property":"_matrix"}},
{"name":"LeftForeArm","index":9,"matrix":[0.1485,0.0081,0.9889,0,0.9656,-0.217,-0.1433,0,0.2134,0.9761,-0.0401,0,18.9146,0.2055,-1.5856,1],"rest":[0.9964,0.0108,-0.0835,0,-0.0108,0.9999,0.0005,0,0.0835,0.0005,0.9965,0,18.9146,0.2055,-1.5856,1],"parentBoneIndex":8,"length":18.4362
,"animation":{"dataType":3,"framePerSecond":24,"keys":[
{"frame":1,"values":[0.1485,0.0081,0.9889,0,0.9656,-0.217,-0.1433,0,0.2134,0.9761,-0.0401,0,18.9146,0.2055,-1.5856,1]},
{"frame":2,"values":[0.1642,0.0267,0.9861,0,0.966,-0.2067,-0.1553,0,0.1997,0.978,-0.0597,0,18.9146,0.2055,-1.5856,1]},
{"frame":3,"values":[0.175,0.0573,0.9829,0,0.9672,-0.1965,-0.1608,0,0.1839,0.9788,-0.0899,0,18.9146,0.2055,-1.5856,1]},
{"frame":4,"values":[0.1831,0.0915,0.9788,0,0.9688,-0.1861,-0.1638,0,0.1671,0.9783,-0.1228,0,18.9146,0.2055,-1.5856,1]},
{"frame":5,"values":[0.1836,0.13,0.9744,0,0.9715,-0.1749,-0.1597,0,0.1496,0.976,-0.1584,0,18.9146,0.2055,-1.5856,1]},
{"frame":6,"values":[0.1741,0.1612,0.9714,0,0.9751,-0.1661,-0.1472,0,0.1376,0.9728,-0.1861,0,18.9146,0.2055,-1.5856,1]},
{"frame":7,"values":[0.1549,0.1682,0.9735,0,0.9782,-0.1642,-0.1273,0,0.1384,0.972,-0.19,0,18.9146,0.2055,-1.5856,1]},
{"frame":8,"values":[0.1275,0.1508,0.9803,0,0.9804,-0.1689,-0.1016,0,0.1503,0.974,-0.1694,0,18.9146,0.2055,-1.5856,1]},
{"frame":9,"values":[0.1098,0.1182,0.9869,0,0.9801,-0.1781,-0.0878,0,0.1654,0.9769,-0.1354,0,18.9146,0.2055,-1.5856,1]},
{"frame":10,"values":[0.1106,0.0791,0.9907,0,0.9773,-0.1896,-0.094,0,0.1804,0.9787,-0.0983,0,18.9146,0.2055,-1.5856,1]},
{"frame":11,"values":[0.1289,0.0423,0.9908,0,0.9725,-0.201,-0.118,0,0.1942,0.9787,-0.067,0,18.9146,0.2055,-1.5856,1]},
{"frame":12,"values":[0.1422,0.0159,0.9897,0,0.9684,-0.2094,-0.1357,0,0.2051,0.9777,-0.0451,0,18.9146,0.2055,-1.5856,1]},
{"frame":13,"values":[0.1511,0.0083,0.9885,0,0.9663,-0.2118,-0.1459,0,0.2082,0.9773,-0.04,0,18.9146,0.2055,-1.5856,1]},
{"frame":14,"values":[0.161,0.0084,0.9869,0,0.9648,-0.2118,-0.1556,0,0.2078,0.9773,-0.0422,0,18.9146,0.2055,-1.5856,1]},
{"frame":15,"values":[0.1678,0.0085,0.9858,0,0.9637,-0.2119,-0.1622,0,0.2075,0.9773,-0.0437,0,18.9146,0.2055,-1.5856,1]},
{"frame":16,"values":[0.1827,0.0086,0.9831,0,0.9612,-0.2119,-0.1767,0,0.2068,0.9773,-0.047,0,18.9146,0.2055,-1.5856,1]},
{"frame":17,"values":[0.1922,0.0087,0.9813,0,0.9594,-0.2119,-0.186,0,0.2063,0.9773,-0.0491,0,18.9146,0.2055,-1.5856,1]},
{"frame":18,"values":[0.2005,0.0088,0.9796,0,0.9578,-0.2119,-0.1942,0,0.2059,0.9772,-0.0509,0,18.9146,0.2055,-1.5856,1]},
{"frame":19,"values":[0.208,0.0089,0.9781,0,0.9563,-0.2119,-0.2014,0,0.2055,0.9772,-0.0526,0,18.9146,0.2055,-1.5856,1]},
{"frame":20,"values":[0.2114,0.0089,0.9773,0,0.9556,-0.2119,-0.2048,0,0.2053,0.9772,-0.0533,0,18.9146,0.2055,-1.5856,1]},
{"frame":21,"values":[0.2084,0.0089,0.978,0,0.9562,-0.2119,-0.2018,0,0.2055,0.9772,-0.0527,0,18.9146,0.2055,-1.5856,1]},
{"frame":22,"values":[0.2021,0.0088,0.9793,0,0.9575,-0.2119,-0.1957,0,0.2058,0.9772,-0.0513,0,18.9146,0.2055,-1.5856,1]},
{"frame":23,"values":[0.193,0.0087,0.9812,0,0.9593,-0.2119,-0.1868,0,0.2063,0.9773,-0.0493,0,18.9146,0.2055,-1.5856,1]},
{"frame":24,"values":[0.1714,0.0085,0.9852,0,0.9627,-0.2142,-0.1656,0,0.2096,0.9768,-0.0448,0,18.9146,0.2055,-1.5856,1]},
{"frame":25,"values":[0.1485,0.0081,0.9889,0,0.9656,-0.217,-0.1433,0,0.2134,0.9761,-0.0401,0,18.9146,0.2055,-1.5856,1]}],"loopBehavior":1,"name":"anim","property":"_matrix"}},
{"name":"LeftHand","index":10,"matrix":[0.9493,-0.2059,0.2377,0,0.2998,0.8206,-0.4866,0,-0.0948,0.5332,0.8407,0,18.4362,0,0,1],"rest":[0.9824,-0.1864,-0.0127,0,0.1846,0.9789,-0.0878,0,0.0288,0.0839,0.9961,0,18.4362,0,0,1],"parentBoneIndex":9,"length":6.699
,"animation":{"dataType":3,"framePerSecond":24,"keys":[
{"frame":1,"values":[0.9493,-0.2059,0.2377,0,0.2998,0.8206,-0.4866,0,-0.0948,0.5332,0.8407,0,18.4362,0,0,1]},
{"frame":2,"values":[0.9511,-0.2093,0.2271,0,0.2969,0.8221,-0.4859,0,-0.085,0.5296,0.844,0,18.4362,0,0,1]},
{"frame":3,"values":[0.954,-0.2074,0.2165,0,0.2895,0.8252,-0.485,0,-0.0781,0.5254,0.8473,0,18.4362,0,0,1]},
{"frame":4,"values":[0.9596,-0.2057,0.1919,0,0.2748,0.8313,-0.4831,0,-0.0602,0.5164,0.8543,0,18.4362,0,0,1]},
{"frame":5,"values":[0.9665,-0.2041,0.1558,0,0.2548,0.837,-0.4843,0,-0.0316,0.5077,0.8609,0,18.4362,0,0,1]},
{"frame":6,"values":[0.9721,-0.2001,0.1226,0,0.2346,0.8401,-0.489,0,-0.0052,0.5042,0.8636,0,18.4362,0,0,1]},
{"frame":7,"values":[0.9746,-0.1966,0.1075,0,0.224,0.8407,-0.4929,0,0.0066,0.5045,0.8634,0,18.4362,0,0,1]},
{"frame":8,"values":[0.9756,-0.1921,0.1063,0,0.2195,0.8396,-0.4969,0,0.0062,0.5081,0.8613,0,18.4362,0,0,1]},
{"frame":9,"values":[0.9755,-0.1901,0.1106,0,0.2199,0.8365,-0.502,0,0.0029,0.514,0.8578,0,18.4362,0,0,1]},
{"frame":10,"values":[0.9741,-0.1915,0.1201,0,0.226,0.8316,-0.5073,0,-0.0027,0.5213,0.8534,0,18.4362,0,0,1]},
{"frame":11,"values":[0.9717,-0.1925,0.1368,0,0.2357,0.8272,-0.5101,0,-0.0149,0.5279,0.8492,0,18.4362,0,0,1]},
{"frame":12,"values":[0.9692,-0.1926,0.1534,0,0.2446,0.8253,-0.509,0,-0.0286,0.5309,0.8469,0,18.4362,0,0,1]},
{"frame":13,"values":[0.9675,-0.1926,0.1639,0,0.25,0.8253,-0.5062,0,-0.0378,0.5308,0.8467,0,18.4362,0,0,1]},
{"frame":14,"values":[0.9655,-0.1921,0.1758,0,0.2558,0.8262,-0.502,0,-0.0488,0.5297,0.8468,0,18.4362,0,0,1]},
{"frame":15,"values":[0.9624,-0.1939,0.1901,0,0.2647,0.8262,-0.4974,0,-0.0606,0.529,0.8464,0,18.4362,0,0,1]},
{"frame":16,"values":[0.9599,-0.1985,0.1977,0,0.2727,0.8242,-0.4963,0,-0.0644,0.5303,0.8453,0,18.4362,0,0,1]},
{"frame":17,"values":[0.9583,-0.2035,0.2008,0,0.2788,0.8205,-0.499,0,-0.0632,0.5342,0.843,0,18.4362,0,0,1]},
{"frame":18,"values":[0.9565,-0.2079,0.2046,0,0.2849,0.8163,-0.5024,0,-0.0626,0.5389,0.8401,0,18.4362,0,0,1]},
{"frame":19,"values":[0.9547,-0.2118,0.209,0,0.2909,0.8124,-0.5054,0,-0.0628,0.5433,0.8372,0,18.4362,0,0,1]},
{"frame":20,"values":[0.9531,-0.2151,0.2129,0,0.2961,0.8086,-0.5084,0,-0.0628,0.5476,0.8344,0,18.4362,0,0,1]},
{"frame":21,"values":[0.9526,-0.2178,0.2123,0,0.2982,0.8062,-0.5111,0,-0.0598,0.5502,0.8329,0,18.4362,0,0,1]},
{"frame":22,"values":[0.9527,-0.2191,0.2104,0,0.2982,0.8068,-0.51,0,-0.058,0.5486,0.8341,0,18.4362,0,0,1]},
{"frame":23,"values":[0.9525,-0.2185,0.2119,0,0.2982,0.8098,-0.5052,0,-0.0612,0.5445,0.8366,0,18.4362,0,0,1]},
{"frame":24,"values":[0.9511,-0.2127,0.224,0,0.2991,0.8156,-0.4953,0,-0.0773,0.5381,0.8393,0,18.4362,0,0,1]},
{"frame":25,"values":[0.9493,-0.2059,0.2377,0,0.2998,0.8206,-0.4866,0,-0.0948,0.5332,0.8407,0,18.4362,0,0,1]}],"loopBehavior":1,"name":"anim","property":"_matrix"}},
{"name":"LeftHandThumb1","index":11,"matrix":[0.9735,0.0862,-0.2117,0,-0.0977,0.9942,-0.0444,0,0.2067,0.0639,0.9763,0,3.0862,-1.2837,1.4227,1],"rest":[0.9923,0.1154,-0.0442,0,-0.1172,0.9923,-0.0407,0,0.0392,0.0455,0.9982,0,3.0862,-1.2837,1.4227,1],"parentBoneIndex":10,"length":2.9063
,"animation":{"dataType":3,"framePerSecond":24,"keys":[
{"frame":1,"values":[0.9735,0.0862,-0.2117,0,-0.0977,0.9942,-0.0444,0,0.2067,0.0639,0.9763,0,3.0862,-1.2837,1.4227,1]},
{"frame":25,"values":[0.9735,0.0862,-0.2117,0,-0.0977,0.9942,-0.0444,0,0.2067,0.0639,0.9763,0,3.0862,-1.2837,1.4227,1]}],"loopBehavior":1,"name":"anim","property":"_matrix"}},
{"name":"LeftHandThumb2","index":12,"matrix":[0.9736,0.078,-0.2146,0,-0.0589,0.9939,0.0937,0,0.2206,-0.0785,0.9722,0,2.2512,-1.2997,1.2997,1],"rest":[1,0,0,0,0,1,0,0,0,0,1,0,2.2512,-1.2997,1.2997,1],"parentBoneIndex":11,"length":2.9053
,"animation":{"dataType":3,"framePerSecond":24,"keys":[
{"frame":1,"values":[0.9736,0.078,-0.2146,0,-0.0589,0.9939,0.0937,0,0.2206,-0.0785,0.9722,0,2.2512,-1.2997,1.2997,1]},
{"frame":25,"values":[0.9736,0.078,-0.2146,0,-0.0589,0.9939,0.0937,0,0.2206,-0.0785,0.9722,0,2.2512,-1.2997,1.2997,1]}],"loopBehavior":1,"name":"anim","property":"_matrix"}},
{"name":"LeftHandThumb3","index":13,"matrix":[0.945,0.0612,0.3214,0,0.0626,0.9304,-0.3612,0,-0.3211,0.3615,0.8753,0,2.2504,-1.2993,1.2993,1],"rest":[0.9996,-0.0265,-0.0043,0,0.0265,0.9995,0.0176,0,0.0038,-0.0177,0.9998,0,2.2504,-1.2993,1.2993,1],"parentBoneIndex":12,"length":2.0937
,"animation":{"dataType":3,"framePerSecond":24,"keys":[
{"frame":1,"values":[0.945,0.0612,0.3214,0,0.0626,0.9304,-0.3612,0,-0.3211,0.3615,0.8753,0,2.2504,-1.2993,1.2993,1]},
{"frame":25,"values":[0.945,0.0612,0.3214,0,0.0626,0.9304,-0.3612,0,-0.3211,0.3615,0.8753,0,2.2504,-1.2993,1.2993,1]}],"loopBehavior":1,"name":"anim","property":"_matrix"}},
{"name":"LeftHandThumb4","index":14,"matrix":[1,0,0,0,0,1,0,0,0,0,1,0,1.642,-0.8764,0.9589,1],"rest":[1,0,0,0,0,1,0,0,0,0,1,0,1.642,-0.8764,0.9589,1],"parentBoneIndex":13,"length":2.0937
,"animation":{"dataType":3,"framePerSecond":24,"keys":[
{"frame":1,"values":[1,0,0,0,0,1,0,0,0,0,1,0,1.642,-0.8764,0.9589,1]},
{"frame":25,"values":[1,0,0,0,0,1,0,0,0,0,1,0,1.642,-0.8764,0.9589,1]}],"loopBehavior":1,"name":"anim","property":"_matrix"}},
{"name":"LeftHandIndex1","index":15,"matrix":[0.9983,-0.0486,0.031,0,0.0427,0.985,0.1673,0,-0.0387,-0.1656,0.9854,0,7.464,1.013,1.9108,1],"rest":[0.9467,0.3125,0.078,0,-0.3129,0.9497,-0.0071,0,-0.0763,-0.0177,0.9969,0,7.464,1.013,1.9108,1],"parentBoneIndex":10,"length":3.1738
,"animation":{"dataType":3,"framePerSecond":24,"keys":[
{"frame":1,"values":[0.9983,-0.0486,0.031,0,0.0427,0.985,0.1673,0,-0.0387,-0.1656,0.9854,0,7.464,1.013,1.9108,1]},
{"frame":25,"values":[0.9983,-0.0486,0.031,0,0.0427,0.985,0.1673,0,-0.0387,-0.1656,0.9854,0,7.464,1.013,1.9108,1]}],"loopBehavior":1,"name":"anim","property":"_matrix"}},
{"name":"LeftHandIndex2","index":16,"matrix":[0.8701,-0.4866,-0.0787,0,0.4852,0.8736,-0.0372,0,0.0869,-0.0058,0.9962,0,3.142,-0.4199,-0.157,1],"rest":[0.9998,-0.0181,0.007,0,0.0181,0.9998,-0.0018,0,-0.007,0.0019,1,0,3.142,-0.4199,-0.157,1],"parentBoneIndex":15,"length":2.1038
,"animation":{"dataType":3,"framePerSecond":24,"keys":[
{"frame":1,"values":[0.8701,-0.4866,-0.0787,0,0.4852,0.8736,-0.0372,0,0.0869,-0.0058,0.9962,0,3.142,-0.4199,-0.157,1]},
{"frame":25,"values":[0.8701,-0.4866,-0.0787,0,0.4852,0.8736,-0.0372,0,0.0869,-0.0058,0.9962,0,3.142,-0.4199,-0.157,1]}],"loopBehavior":1,"name":"anim","property":"_matrix"}},
{"name":"LeftHandIndex3","index":17,"matrix":[0.8497,-0.5191,-0.0921,0,0.5172,0.8546,-0.0461,0,0.1026,-0.0084,0.9947,0,2.0866,-0.2403,-0.1191,1],"rest":[0.9985,-0.0544,-0.0084,0,0.0544,0.9985,-0.0024,0,0.0085,0.0019,1,0,2.0866,-0.2403,-0.1191,1],"parentBoneIndex":16,"length":1.9464
,"animation":{"dataType":3,"framePerSecond":24,"keys":[
{"frame":1,"values":[0.8497,-0.5191,-0.0921,0,0.5172,0.8546,-0.0461,0,0.1026,-0.0084,0.9947,0,2.0866,-0.2403,-0.1191,1]},
{"frame":25,"values":[0.8497,-0.5191,-0.0921,0,0.5172,0.8546,-0.0461,0,0.1026,-0.0084,0.9947,0,2.0866,-0.2403,-0.1191,1]}],"loopBehavior":1,"name":"anim","property":"_matrix"}},
{"name":"LeftHandIndex4","index":18,"matrix":[1,0,0,0,0,1,0,0,0,0,1,0,1.9406,-0.1168,-0.0942,1],"rest":[1,0,0,0,0,1,0,0,0,0,1,0,1.9406,-0.1168,-0.0942,1],"parentBoneIndex":17,"length":1.9464
,"animation":{"dataType":3,"framePerSecond":24,"keys":[
{"frame":1,"values":[1,0,0,0,0,1,0,0,0,0,1,0,1.9406,-0.1168,-0.0942,1]},
{"frame":25,"values":[1,0,0,0,0,1,0,0,0,0,1,0,1.9406,-0.1168,-0.0942,1]}],"loopBehavior":1,"name":"anim","property":"_matrix"}},
{"name":"LeftHandMiddle1","index":19,"matrix":[0.9954,0.0065,0.0952,0,-0.0233,0.984,0.1765,0,-0.0925,-0.1779,0.9797,0,7.4859,1.4067,0.2197,1],"rest":[0.92,0.3717,0.1241,0,-0.3732,0.9277,-0.0117,0,-0.1194,-0.0356,0.9922,0,7.4859,1.4067,0.2197,1],"parentBoneIndex":10,"length":3.6612
,"animation":{"dataType":3,"framePerSecond":24,"keys":[
{"frame":1,"values":[0.9954,0.0065,0.0952,0,-0.0233,0.984,0.1765,0,-0.0925,-0.1779,0.9797,0,7.4859,1.4067,0.2197,1]},
{"frame":25,"values":[0.9954,0.0065,0.0952,0,-0.0233,0.984,0.1765,0,-0.0925,-0.1779,0.9797,0,7.4859,1.4067,0.2197,1]}],"loopBehavior":1,"name":"anim","property":"_matrix"}},
{"name":"LeftHandMiddle2","index":20,"matrix":[0.6855,-0.7052,-0.1812,0,0.7035,0.7056,-0.0849,0,0.1877,-0.0692,0.9798,0,3.5734,-0.7167,-0.3489,1],"rest":[0.9979,0.0003,-0.065,0,0.0005,0.9999,0.013,0,0.065,-0.013,0.9978,0,3.5734,-0.7167,-0.3489,1],"parentBoneIndex":19,"length":2.307
,"animation":{"dataType":3,"framePerSecond":24,"keys":[
{"frame":1,"values":[0.6855,-0.7052,-0.1812,0,0.7035,0.7056,-0.0849,0,0.1877,-0.0692,0.9798,0,3.5734,-0.7167,-0.3489,1]},
{"frame":25,"values":[0.6855,-0.7052,-0.1812,0,0.7035,0.7056,-0.0849,0,0.1877,-0.0692,0.9798,0,3.5734,-0.7167,-0.3489,1]}],"loopBehavior":1,"name":"anim","property":"_matrix"}},
{"name":"LeftHandMiddle3","index":21,"matrix":[0.6495,-0.747,-0.1422,0,0.7483,0.6611,-0.0545,0,0.1347,-0.071,0.9883,0,2.261,-0.4533,-0.0672,1],"rest":[0.9953,-0.0937,-0.0244,0,0.0937,0.9956,0.001,0,0.0242,-0.0032,0.9997,0,2.261,-0.4533,-0.0672,1],"parentBoneIndex":20,"length":2.0715
,"animation":{"dataType":3,"framePerSecond":24,"keys":[
{"frame":1,"values":[0.6495,-0.747,-0.1422,0,0.7483,0.6611,-0.0545,0,0.1347,-0.071,0.9883,0,2.261,-0.4533,-0.0672,1]},
{"frame":25,"values":[0.6495,-0.747,-0.1422,0,0.7483,0.6611,-0.0545,0,0.1347,-0.071,0.9883,0,2.261,-0.4533,-0.0672,1]}],"loopBehavior":1,"name":"anim","property":"_matrix"}},
{"name":"LeftHandMiddle4","index":22,"matrix":[1,0,0,0,0,1,0,0,0,0,1,0,2.0603,-0.215,-0.0098,1],"rest":[1,0,0,0,0,1,0,0,0,0,1,0,2.0603,-0.215,-0.0098,1],"parentBoneIndex":21,"length":2.0715
,"animation":{"dataType":3,"framePerSecond":24,"keys":[
{"frame":1,"values":[1,0,0,0,0,1,0,0,0,0,1,0,2.0603,-0.215,-0.0098,1]},
{"frame":25,"values":[1,0,0,0,0,1,0,0,0,0,1,0,2.0603,-0.215,-0.0098,1]}],"loopBehavior":1,"name":"anim","property":"_matrix"}},
{"name":"LeftHandRing1","index":23,"matrix":[0.9816,0.1002,0.1627,0,-0.1042,0.9944,0.0166,0,-0.1601,-0.0333,0.9865,0,7.12,1.5184,-1.0829,1],"rest":[0.8973,0.3994,0.1882,0,-0.4037,0.9147,-0.0161,0,-0.1786,-0.0615,0.982,0,7.12,1.5184,-1.0829,1],"parentBoneIndex":10,"length":3.3429
,"animation":{"dataType":3,"framePerSecond":24,"keys":[
{"frame":1,"values":[0.9816,0.1002,0.1627,0,-0.1042,0.9944,0.0166,0,-0.1601,-0.0333,0.9865,0,7.12,1.5184,-1.0829,1]},
{"frame":25,"values":[0.9816,0.1002,0.1627,0,-0.1042,0.9944,0.0166,0,-0.1601,-0.0333,0.9865,0,7.12,1.5184,-1.0829,1]}],"loopBehavior":1,"name":"anim","property":"_matrix"}},
{"name":"LeftHandRing2","index":24,"matrix":[0.3011,-0.9468,-0.1136,0,0.9169,0.3202,-0.2384,0,0.2621,-0.0324,0.9645,0,3.2113,-0.763,-0.5297,1],"rest":[0.9976,-0.0644,-0.0249,0,0.0643,0.9979,-0.0055,0,0.0252,0.0038,0.9997,0,3.2113,-0.763,-0.5297,1],"parentBoneIndex":23,"length":2.0362
,"animation":{"dataType":3,"framePerSecond":24,"keys":[
{"frame":1,"values":[0.3011,-0.9468,-0.1136,0,0.9169,0.3202,-0.2384,0,0.2621,-0.0324,0.9645,0,3.2113,-0.763,-0.5297,1]},
{"frame":25,"values":[0.3011,-0.9468,-0.1136,0,0.9169,0.3202,-0.2384,0,0.2621,-0.0324,0.9645,0,3.2113,-0.763,-0.5297,1]}],"loopBehavior":1,"name":"anim","property":"_matrix"}},
