{"producer":{"name":"Blender","version":"2.90.0","exporter_version":"2.80.1","file":"turnleft.babylon"},
"autoClear":true,"clearColor":[0.0509,0.0509,0.0509],"gravity":[0,-9.81,0],
"materials":[{"name":"Material","id":"Material","customType":"BABYLON.PBRMaterial","backFaceCulling":true,"checkReadyOnlyOnce":false,"maxSimultaneousLights":4,"environmentIntensity":1,"albedo":[0.8,0.8,0.8],"reflectivity":[0.5,0.5,0.5],"roughness":0.4,"alpha":1,"transparencyMode":0,"alphaCutOff":0.4,"metallic":0}],
"multiMaterials":[],
"skeletons":[{"name":"Armature","id":0,"dimensionsAtRest":[128.1663,151.4482,19.1351],"bones":[
{"name":"Hips","index":0,"matrix":[0.991,-0.0751,-0.1106,0,0.0817,0.9951,0.0565,0,-0.1058,0.065,-0.9923,0,0.0236,79.5274,-0.9504,1],"rest":[1,0,0,0,0,1,0,0,0,0,-1,0,0,81.0629,0,1],"parentBoneIndex":-1,"length":7.701
,"animation":{"dataType":3,"framePerSecond":24,"keys":[
{"frame":1,"values":[0.991,-0.0751,-0.1106,0,0.0817,0.9951,0.0565,0,-0.1058,0.065,-0.9923,0,0.0236,79.5274,-0.9504,1]},
{"frame":2,"values":[0.991,-0.0751,-0.1106,0,0.0817,0.9951,0.0565,0,-0.1058,0.065,-0.9923,0,-0.1179,79.4217,-0.2,1]},
{"frame":3,"values":[0.991,-0.0751,-0.1106,0,0.0817,0.9951,0.0565,0,-0.1058,0.065,-0.9923,0,-0.4915,79.3951,0.6627,1]},
{"frame":4,"values":[0.991,-0.0751,-0.1106,0,0.0817,0.9951,0.0565,0,-0.1058,0.065,-0.9923,0,-1.0684,79.5289,1.6448,1]},
{"frame":5,"values":[0.991,-0.0751,-0.1106,0,0.0817,0.9951,0.0565,0,-0.1058,0.065,-0.9923,0,-1.781,79.7582,2.6304,1]},
{"frame":6,"values":[0.991,-0.0751,-0.1106,0,0.0817,0.9951,0.0565,0,-0.1058,0.065,-0.9923,0,-2.4642,79.7882,3.55,1]},
{"frame":7,"values":[0.991,-0.0751,-0.1106,0,0.0817,0.9951,0.0565,0,-0.1058,0.065,-0.9923,0,-3.078,79.8007,4.4281,1]},
{"frame":8,"values":[0.991,-0.0751,-0.1106,0,0.0817,0.9951,0.0565,0,-0.1058,0.065,-0.9923,0,-3.5341,79.7981,5.248,1]},
{"frame":9,"values":[0.991,-0.0751,-0.1106,0,0.0817,0.9951,0.0565,0,-0.1058,0.065,-0.9923,0,-3.7071,79.7268,6,1]},
{"frame":10,"values":[0.991,-0.0751,-0.1106,0,0.0817,0.9951,0.0565,0,-0.1058,0.065,-0.9923,0,-3.5102,79.5889,6.7802,1]},
{"frame":11,"values":[0.991,-0.0751,-0.1106,0,0.0817,0.9951,0.0565,0,-0.1058,0.065,-0.9923,0,-3.2241,79.282,7.5574,1]},
{"frame":12,"values":[0.991,-0.0751,-0.1106,0,0.0817,0.9951,0.0565,0,-0.1058,0.065,-0.9923,0,-3.1649,78.9177,8.1181,1]},
{"frame":13,"values":[0.991,-0.0751,-0.1106,0,0.0817,0.9951,0.0565,0,-0.1058,0.065,-0.9923,0,-3.1488,78.7831,8.4466,1]},
{"frame":14,"values":[0.991,-0.0751,-0.1106,0,0.0817,0.9951,0.0565,0,-0.1058,0.065,-0.9923,0,-3.1613,78.9217,8.2,1]},
{"frame":15,"values":[0.991,-0.0751,-0.1106,0,0.0817,0.9951,0.0565,0,-0.1058,0.065,-0.9923,0,-3.0885,79.1466,7.4421,1]},
{"frame":16,"values":[0.991,-0.0751,-0.1106,0,0.0817,0.9951,0.0565,0,-0.1058,0.065,-0.9923,0,-2.8696,79.4417,6.5023,1]},
{"frame":17,"values":[0.991,-0.0751,-0.1106,0,0.0817,0.9951,0.0565,0,-0.1058,0.065,-0.9923,0,-2.3655,79.6842,5.3668,1]},
{"frame":18,"values":[0.991,-0.0751,-0.1106,0,0.0817,0.9951,0.0565,0,-0.1058,0.065,-0.9923,0,-1.3505,79.6818,3.8429,1]},
{"frame":19,"values":[0.991,-0.0751,-0.1106,0,0.0817,0.9951,0.0565,0,-0.1058,0.065,-0.9923,0,-0.3915,79.5992,2.4279,1]},
{"frame":20,"values":[0.991,-0.0751,-0.1106,0,0.0817,0.9951,0.0565,0,-0.1058,0.065,-0.9923,0,0.3111,79.5985,1.3058,1]},
{"frame":21,"values":[0.991,-0.0751,-0.1106,0,0.0817,0.9951,0.0565,0,-0.1058,0.065,-0.9923,0,0.7261,79.5638,0.5697,1]},
{"frame":22,"values":[0.991,-0.0751,-0.1106,0,0.0817,0.9951,0.0565,0,-0.1058,0.065,-0.9923,0,0.9153,79.5364,0.127,1]},
{"frame":23,"values":[0.991,-0.0751,-0.1106,0,0.0817,0.9951,0.0565,0,-0.1058,0.065,-0.9923,0,0.9501,79.5273,0.0236,1]}],"loopBehavior":1,"name":"anim","property":"_matrix"}},
{"name":"Spine","index":1,"matrix":[0.9974,0.0687,-0.0239,0,-0.0672,0.996,0.0589,0,0.0279,-0.0571,0.998,0,0.009,7.0626,-0.9847,1],"rest":[1,0,0,0,0,1,0,0,0,0,1,0,0.009,7.0626,-0.9847,1],"parentBoneIndex":0,"length":8.3194
,"animation":{"dataType":3,"framePerSecond":24,"keys":[
{"frame":1,"values":[0.9974,0.0687,-0.0239,0,-0.0672,0.996,0.0589,0,0.0279,-0.0571,0.998,0,0.009,7.0626,-0.9847,1]},
{"frame":2,"values":[0.9971,0.0698,-0.0292,0,-0.068,0.9958,0.0611,0,0.0333,-0.059,0.9977,0,0.009,7.0626,-0.9847,1]},
{"frame":3,"values":[0.9971,0.0681,-0.0331,0,-0.0659,0.9958,0.0643,0,0.0374,-0.0619,0.9974,0,0.009,7.0626,-0.9847,1]},
{"frame":4,"values":[0.9975,0.0601,-0.037,0,-0.0575,0.996,0.068,0,0.041,-0.0657,0.997,0,0.009,7.0626,-0.9847,1]},
{"frame":5,"values":[0.9979,0.0496,-0.0421,0,-0.0466,0.9964,0.0707,0,0.0455,-0.0686,0.9966,0,0.009,7.0626,-0.9847,1]},
{"frame":6,"values":[0.9981,0.0391,-0.0475,0,-0.0357,0.9969,0.0706,0,0.0501,-0.0688,0.9964,0,0.009,7.0626,-0.9847,1]},
{"frame":7,"values":[0.9983,0.0297,-0.051,0,-0.0261,0.9973,0.0685,0,0.0529,-0.067,0.9963,0,0.009,7.0626,-0.9847,1]},
{"frame":8,"values":[0.9983,0.0222,-0.0536,0,-0.0187,0.9976,0.0661,0,0.055,-0.0649,0.9964,0,0.009,7.0626,-0.9847,1]},
{"frame":9,"values":[0.998,0.0236,-0.0586,0,-0.0199,0.9978,0.0636,0,0.0599,-0.0623,0.9963,0,0.009,7.0626,-0.9847,1]},
{"frame":10,"values":[0.9974,0.0333,-0.0645,0,-0.0294,0.9977,0.0606,0,0.0664,-0.0586,0.9961,0,0.009,7.0626,-0.9847,1]},
{"frame":11,"values":[0.997,0.04,-0.0659,0,-0.0361,0.9976,0.0585,0,0.0681,-0.0559,0.9961,0,0.009,7.0626,-0.9847,1]},
{"frame":12,"values":[0.9976,0.0331,-0.0611,0,-0.0295,0.9978,0.0588,0,0.0629,-0.0569,0.9964,0,0.009,7.0626,-0.9847,1]},
{"frame":13,"values":[0.9981,0.0333,-0.0527,0,-0.0301,0.9977,0.0603,0,0.0546,-0.0586,0.9968,0,0.009,7.0626,-0.9847,1]},
{"frame":14,"values":[0.9982,0.0386,-0.0454,0,-0.0358,0.9975,0.0616,0,0.0477,-0.0598,0.9971,0,0.009,7.0626,-0.9847,1]},
{"frame":15,"values":[0.9983,0.0411,-0.0414,0,-0.0383,0.9971,0.0651,0,0.0439,-0.0634,0.997,0,0.009,7.0626,-0.9847,1]},
{"frame":16,"values":[0.9985,0.0398,-0.0377,0,-0.0371,0.9968,0.071,0,0.0404,-0.0695,0.9968,0,0.009,7.0626,-0.9847,1]},
{"frame":17,"values":[0.9989,0.0347,-0.0309,0,-0.0323,0.9967,0.0741,0,0.0334,-0.073,0.9968,0,0.009,7.0626,-0.9847,1]},
{"frame":18,"values":[0.9993,0.0301,-0.0224,0,-0.0284,0.997,0.0721,0,0.0245,-0.0714,0.9971,0,0.009,7.0626,-0.9847,1]},
{"frame":19,"values":[0.9996,0.0248,-0.0162,0,-0.0237,0.9974,0.0681,0,0.0178,-0.0677,0.9975,0,0.009,7.0626,-0.9847,1]},
{"frame":20,"values":[0.9995,0.0294,-0.0141,0,-0.0285,0.9975,0.0646,0,0.0159,-0.0642,0.9978,0,0.009,7.0626,-0.9847,1]},
{"frame":21,"values":[0.9989,0.0433,-0.0162,0,-0.0422,0.9972,0.0618,0,0.0188,-0.0611,0.998,0,0.009,7.0626,-0.9847,1]},
{"frame":22,"values":[0.9981,0.0587,-0.0206,0,-0.0574,0.9966,0.0599,0,0.0241,-0.0586,0.998,0,0.009,7.0626,-0.9847,1]},
{"frame":23,"values":[0.9974,0.0687,-0.0239,0,-0.0672,0.996,0.0589,0,0.0279,-0.0571,0.998,0,0.009,7.0626,-0.9847,1]}],"loopBehavior":1,"name":"anim","property":"_matrix"}},
{"name":"Spine1","index":2,"matrix":[0.9995,0.0296,-0.0056,0,-0.0295,0.9994,0.0204,0,0.0062,-0.0202,0.9998,0,0.0124,8.2397,-1.1488,1],"rest":[1,0,0,0,0,1,0,0,0,0,1,0,0.0124,8.2397,-1.1488,1],"parentBoneIndex":1,"length":9.5079
,"animation":{"dataType":3,"framePerSecond":24,"keys":[
{"frame":1,"values":[0.9995,0.0296,-0.0056,0,-0.0295,0.9994,0.0204,0,0.0062,-0.0202,0.9998,0,0.0124,8.2397,-1.1488,1]},
{"frame":2,"values":[0.9995,0.0303,-0.0088,0,-0.0301,0.9993,0.0226,0,0.0095,-0.0223,0.9997,0,0.0124,8.2397,-1.1488,1]},
{"frame":3,"values":[0.9994,0.0336,-0.0114,0,-0.0333,0.9991,0.0255,0,0.0123,-0.0251,0.9996,0,0.0124,8.2397,-1.1488,1]},
{"frame":4,"values":[0.9991,0.0391,-0.0149,0,-0.0386,0.9988,0.0292,0,0.016,-0.0286,0.9995,0,0.0124,8.2397,-1.1488,1]},
{"frame":5,"values":[0.9988,0.0456,-0.0197,0,-0.0449,0.9985,0.0323,0,0.0211,-0.0314,0.9993,0,0.0124,8.2397,-1.1488,1]},
{"frame":6,"values":[0.9983,0.053,-0.0246,0,-0.0522,0.9981,0.0332,0,0.0264,-0.0318,0.9991,0,0.0124,8.2397,-1.1488,1]},
{"frame":7,"values":[0.9977,0.0614,-0.0279,0,-0.0605,0.9976,0.0322,0,0.0298,-0.0304,0.9991,0,0.0124,8.2397,-1.1488,1]},
{"frame":8,"values":[0.997,0.0706,-0.0304,0,-0.0697,0.9971,0.0308,0,0.0325,-0.0286,0.9991,0,0.0124,8.2397,-1.1488,1]},
{"frame":9,"values":[0.9962,0.0797,-0.0355,0,-0.0787,0.9965,0.029,0,0.0377,-0.0261,0.9989,0,0.0124,8.2397,-1.1488,1]},
{"frame":10,"values":[0.9954,0.0858,-0.0422,0,-0.0848,0.9961,0.0255,0,0.0442,-0.0218,0.9988,0,0.0124,8.2397,-1.1488,1]},
{"frame":11,"values":[0.9952,0.087,-0.0453,0,-0.086,0.9961,0.0218,0,0.0471,-0.0178,0.9987,0,0.0124,8.2397,-1.1488,1]},
{"frame":12,"values":[0.9952,0.0877,-0.0428,0,-0.0868,0.996,0.0205,0,0.0444,-0.0167,0.9989,0,0.0124,8.2397,-1.1488,1]},
{"frame":13,"values":[0.9953,0.0901,-0.0365,0,-0.0894,0.9958,0.0207,0,0.0383,-0.0173,0.9991,0,0.0124,8.2397,-1.1488,1]},
{"frame":14,"values":[0.9955,0.0899,-0.0313,0,-0.0893,0.9958,0.0206,0,0.033,-0.0177,0.9993,0,0.0124,8.2397,-1.1488,1]},
{"frame":15,"values":[0.9959,0.0849,-0.0313,0,-0.0843,0.9962,0.0227,0,0.0331,-0.0199,0.9993,0,0.0124,8.2397,-1.1488,1]},
{"frame":16,"values":[0.9964,0.0783,-0.0323,0,-0.0774,0.9966,0.0269,0,0.0343,-0.0243,0.9991,0,0.0124,8.2397,-1.1488,1]},
{"frame":17,"values":[0.9973,0.0699,-0.0242,0,-0.0692,0.9972,0.0277,0,0.0261,-0.0259,0.9993,0,0.0124,8.2397,-1.1488,1]},
{"frame":18,"values":[0.9982,0.059,-0.0107,0,-0.0587,0.998,0.0244,0,0.0121,-0.0237,0.9996,0,0.0124,8.2397,-1.1488,1]},
{"frame":19,"values":[0.9988,0.0489,-0.0028,0,-0.0488,0.9986,0.0221,0,0.0038,-0.022,0.9998,0,0.0124,8.2397,-1.1488,1]},
{"frame":20,"values":[0.9991,0.0423,-0.0004,0,-0.0423,0.9989,0.0218,0,0.0013,-0.0218,0.9998,0,0.0124,8.2397,-1.1488,1]},
{"frame":21,"values":[0.9993,0.0374,-0.0007,0,-0.0374,0.9991,0.0215,0,0.0015,-0.0214,0.9998,0,0.0124,8.2397,-1.1488,1]},
{"frame":22,"values":[0.9995,0.0327,-0.0032,0,-0.0327,0.9993,0.0207,0,0.0039,-0.0206,0.9998,0,0.0124,8.2397,-1.1488,1]},
{"frame":23,"values":[0.9995,0.0296,-0.0057,0,-0.0295,0.9994,0.0204,0,0.0063,-0.0202,0.9998,0,0.0124,8.2397,-1.1488,1]}],"loopBehavior":1,"name":"anim","property":"_matrix"}},
{"name":"Spine2","index":3,"matrix":[0.9995,0.0297,-0.0061,0,-0.0296,0.9994,0.0199,0,0.0067,-0.0198,0.9998,0,0.0142,9.4168,-1.313,1],"rest":[1,0,0,0,0,1,0,0,0,0,1,0,0.0142,9.4168,-1.313,1],"parentBoneIndex":2,"length":9.9132
,"animation":{"dataType":3,"framePerSecond":24,"keys":[
{"frame":1,"values":[0.9995,0.0297,-0.0061,0,-0.0296,0.9994,0.0199,0,0.0067,-0.0198,0.9998,0,0.0142,9.4168,-1.313,1]},
{"frame":2,"values":[0.9995,0.029,-0.0093,0,-0.0288,0.9993,0.022,0,0.0099,-0.0217,0.9997,0,0.0142,9.4168,-1.313,1]},
{"frame":3,"values":[0.9995,0.0292,-0.0118,0,-0.0289,0.9993,0.0248,0,0.0125,-0.0245,0.9996,0,0.0142,9.4168,-1.313,1]},
{"frame":4,"values":[0.9995,0.0296,-0.0148,0,-0.0292,0.9992,0.0285,0,0.0157,-0.028,0.9995,0,0.0142,9.4168,-1.313,1]},
{"frame":5,"values":[0.9994,0.0297,-0.0191,0,-0.0291,0.9991,0.0314,0,0.02,-0.0308,0.9993,0,0.0142,9.4168,-1.313,1]},
{"frame":6,"values":[0.9993,0.0298,-0.0234,0,-0.0291,0.9991,0.0319,0,0.0243,-0.0312,0.9992,0,0.0142,9.4168,-1.313,1]},
{"frame":7,"values":[0.9992,0.0302,-0.0258,0,-0.0294,0.9991,0.0307,0,0.0267,-0.0299,0.9992,0,0.0142,9.4168,-1.313,1]},
{"frame":8,"values":[0.9991,0.0311,-0.0275,0,-0.0303,0.9991,0.0291,0,0.0284,-0.0282,0.9992,0,0.0142,9.4168,-1.313,1]},
{"frame":9,"values":[0.999,0.0321,-0.0317,0,-0.0313,0.9992,0.0269,0,0.0326,-0.0258,0.9991,0,0.0142,9.4168,-1.313,1]},
{"frame":10,"values":[0.9988,0.0307,-0.0375,0,-0.0299,0.9993,0.0229,0,0.0382,-0.0217,0.999,0,0.0142,9.4168,-1.313,1]},
{"frame":11,"values":[0.9989,0.0253,-0.0398,0,-0.0245,0.9995,0.0189,0,0.0402,-0.0179,0.999,0,0.0142,9.4168,-1.313,1]},
{"frame":12,"values":[0.9991,0.0205,-0.0368,0,-0.0198,0.9996,0.0178,0,0.0371,-0.017,0.9992,0,0.0142,9.4168,-1.313,1]},
{"frame":13,"values":[0.9994,0.0187,-0.0303,0,-0.0182,0.9997,0.0185,0,0.0306,-0.0179,0.9994,0,0.0142,9.4168,-1.313,1]},
{"frame":14,"values":[0.9996,0.0166,-0.0247,0,-0.0161,0.9997,0.019,0,0.025,-0.0186,0.9995,0,0.0142,9.4168,-1.313,1]},
{"frame":15,"values":[0.9996,0.0147,-0.0247,0,-0.0142,0.9997,0.0217,0,0.025,-0.0214,0.9995,0,0.0142,9.4168,-1.313,1]},
{"frame":16,"values":[0.9995,0.0171,-0.0265,0,-0.0163,0.9995,0.0265,0,0.0269,-0.026,0.9993,0,0.0142,9.4168,-1.313,1]},
{"frame":17,"values":[0.9996,0.0214,-0.0196,0,-0.0209,0.9994,0.0276,0,0.0202,-0.0272,0.9994,0,0.0142,9.4168,-1.313,1]},
{"frame":18,"values":[0.9997,0.0244,-0.0074,0,-0.0243,0.9994,0.0244,0,0.008,-0.0242,0.9997,0,0.0142,9.4168,-1.313,1]},
{"frame":19,"values":[0.9996,0.028,-0.001,0,-0.028,0.9994,0.022,0,0.0016,-0.022,0.9998,0,0.0142,9.4168,-1.313,1]},
{"frame":20,"values":[0.9995,0.0324,-0.0001,0,-0.0324,0.9992,0.0215,0,0.0008,-0.0215,0.9998,0,0.0142,9.4168,-1.313,1]},
{"frame":21,"values":[0.9994,0.0341,-0.0012,0,-0.034,0.9992,0.021,0,0.0019,-0.021,0.9998,0,0.0142,9.4168,-1.313,1]},
{"frame":22,"values":[0.9995,0.0319,-0.0037,0,-0.0319,0.9993,0.0203,0,0.0044,-0.0201,0.9998,0,0.0142,9.4168,-1.313,1]},
{"frame":23,"values":[0.9995,0.0297,-0.0061,0,-0.0296,0.9994,0.0199,0,0.0067,-0.0198,0.9998,0,0.0142,9.4168,-1.313,1]}],"loopBehavior":1,"name":"anim","property":"_matrix"}},
{"name":"Neck","index":4,"matrix":[1,0.0078,0.0021,0,-0.0079,0.9952,0.098,0,-0.0014,-0.098,0.9952,0,0.016,10.5938,-1.4771,1],"rest":[1,0,0,0,0,1,0,0,0,0,1,0,0.016,10.5938,-1.4771,1],"parentBoneIndex":3,"length":5.1073
,"animation":{"dataType":3,"framePerSecond":24,"keys":[
{"frame":1,"values":[1,0.0078,0.0021,0,-0.0079,0.9952,0.098,0,-0.0014,-0.098,0.9952,0,0.016,10.5938,-1.4771,1]},
{"frame":2,"values":[0.9999,0.0009,-0.0158,0,0.0007,0.9953,0.0967,0,0.0158,-0.0967,0.9952,0,0.016,10.5938,-1.4771,1]},
{"frame":3,"values":[0.9988,-0.0091,-0.0474,0,0.0139,0.9946,0.1024,0,0.0462,-0.1029,0.9936,0,0.016,10.5938,-1.4771,1]},
{"frame":4,"values":[0.996,-0.0184,-0.0871,0,0.0283,0.9931,0.1136,0,0.0844,-0.1156,0.9897,0,0.016,10.5938,-1.4771,1]},
{"frame":5,"values":[0.9921,-0.0235,-0.1235,0,0.0391,0.9914,0.1252,0,0.1195,-0.1291,0.9844,0,0.016,10.5938,-1.4771,1]},
{"frame":6,"values":[0.9887,-0.0246,-0.1476,0,0.0446,0.9901,0.1334,0,0.1429,-0.1385,0.98,0,0.016,10.5938,-1.4771,1]},
{"frame":7,"values":[0.987,-0.0245,-0.159,0,0.0466,0.9895,0.1369,0,0.154,-0.1425,0.9777,0,0.016,10.5938,-1.4771,1]},
{"frame":8,"values":[0.9865,-0.0247,-0.1622,0,0.0474,0.9894,0.1375,0,0.1571,-0.1433,0.9771,0,0.016,10.5938,-1.4771,1]},
{"frame":9,"values":[0.9868,-0.0253,-0.1602,0,0.0477,0.9893,0.1381,0,0.155,-0.1439,0.9774,0,0.016,10.5938,-1.4771,1]},
{"frame":10,"values":[0.9876,-0.0258,-0.1548,0,0.0477,0.9891,0.1392,0,0.1496,-0.1448,0.9781,0,0.016,10.5938,-1.4771,1]},
{"frame":11,"values":[0.9888,-0.0249,-0.1472,0,0.0455,0.9894,0.1382,0,0.1422,-0.1433,0.9794,0,0.016,10.5938,-1.4771,1]},
{"frame":12,"values":[0.9903,-0.0212,-0.1371,0,0.0399,0.9901,0.1349,0,0.1329,-0.139,0.9813,0,0.016,10.5938,-1.4771,1]},
{"frame":13,"values":[0.9922,-0.0168,-0.1239,0,0.0332,0.9907,0.1317,0,0.1205,-0.1348,0.9835,0,0.016,10.5938,-1.4771,1]},
{"frame":14,"values":[0.9941,-0.014,-0.108,0,0.028,0.9912,0.1291,0,0.1053,-0.1313,0.9857,0,0.016,10.5938,-1.4771,1]},
{"frame":15,"values":[0.9959,-0.0112,-0.0901,0,0.0224,0.992,0.1246,0,0.088,-0.1261,0.9881,0,0.016,10.5938,-1.4771,1]},
{"frame":16,"values":[0.9975,-0.0061,-0.0707,0,0.0144,0.9929,0.1177,0,0.0695,-0.1184,0.9905,0,0.016,10.5938,-1.4771,1]},
{"frame":17,"values":[0.9987,0.0004,-0.0507,0,0.0052,0.9939,0.11,0,0.0505,-0.1101,0.9926,0,0.016,10.5938,-1.4771,1]},
{"frame":18,"values":[0.9995,0.0062,-0.0318,0,-0.0029,0.9946,0.1033,0,0.0322,-0.1032,0.9941,0,0.016,10.5938,-1.4771,1]},
{"frame":19,"values":[0.9998,0.0092,-0.0164,0,-0.0075,0.995,0.0993,0,0.0172,-0.0992,0.9949,0,0.016,10.5938,-1.4771,1]},
{"frame":20,"values":[0.9999,0.0092,-0.0065,0,-0.0085,0.9951,0.0981,0,0.0074,-0.0981,0.9952,0,0.016,10.5938,-1.4771,1]},
{"frame":21,"values":[1,0.0083,-0.0012,0,-0.0081,0.9951,0.0981,0,0.002,-0.098,0.9952,0,0.016,10.5938,-1.4771,1]},
{"frame":22,"values":[1,0.0079,0.0012,0,-0.0079,0.9952,0.098,0,-0.0004,-0.098,0.9952,0,0.016,10.5938,-1.4771,1]},
{"frame":23,"values":[1,0.0078,0.0021,0,-0.0079,0.9952,0.098,0,-0.0014,-0.098,0.9952,0,0.016,10.5938,-1.4771,1]}],"loopBehavior":1,"name":"anim","property":"_matrix"}},
{"name":"Head","index":5,"matrix":[0.9997,-0.0046,-0.0236,0,0.0014,0.9913,-0.1317,0,0.024,0.1316,0.991,0,0,5.0564,0.7196,1],"rest":[1,0,0,0,0,1,0,0,0,0,1,0,0,5.0564,0.7196,1],"parentBoneIndex":4,"length":15.2963
,"animation":{"dataType":3,"framePerSecond":24,"keys":[
{"frame":1,"values":[0.9997,-0.0046,-0.0236,0,0.0014,0.9913,-0.1317,0,0.024,0.1316,0.991,0,0,5.0564,0.7196,1]},
{"frame":2,"values":[0.997,-0.0252,-0.0738,0,0.0148,0.9903,-0.1384,0,0.0765,0.1369,0.9876,0,0,5.0564,0.7196,1]},
{"frame":3,"values":[0.9874,-0.0543,-0.1484,0,0.0342,0.9903,-0.1344,0,0.1543,0.1276,0.9798,0,0,5.0564,0.7196,1]},
{"frame":4,"values":[0.9676,-0.0825,-0.2386,0,0.0559,0.9916,-0.1165,0,0.2462,0.0994,0.9641,0,0,5.0564,0.7196,1]},
{"frame":5,"values":[0.9404,-0.1011,-0.3246,0,0.076,0.9931,-0.0891,0,0.3314,0.0591,0.9416,0,0,5.0564,0.7196,1]},
{"frame":6,"values":[0.9142,-0.1115,-0.3896,0,0.0937,0.9935,-0.0645,0,0.3943,0.0224,0.9187,0,0,5.0564,0.7196,1]},
{"frame":7,"values":[0.8948,-0.1209,-0.4297,0,0.1095,0.9927,-0.0513,0,0.4328,-0.0012,0.9015,0,0,5.0564,0.7196,1]},
{"frame":8,"values":[0.8836,-0.1316,-0.4493,0,0.1234,0.9912,-0.0475,0,0.4516,-0.0135,0.8921,0,0,5.0564,0.7196,1]},
{"frame":9,"values":[0.8798,-0.1407,-0.454,0,0.134,0.9899,-0.047,0,0.456,-0.0195,0.8898,0,0,5.0564,0.7196,1]},
{"frame":10,"values":[0.8803,-0.1459,-0.4515,0,0.1403,0.989,-0.0461,0,0.4532,-0.0227,0.8911,0,0,5.0564,0.7196,1]},
{"frame":11,"values":[0.8817,-0.1483,-0.448,0,0.1432,0.9887,-0.0453,0,0.4496,-0.0242,0.8929,0,0,5.0564,0.7196,1]},
{"frame":12,"values":[0.8833,-0.1522,-0.4434,0,0.1463,0.9881,-0.0478,0,0.4454,-0.0227,0.8951,0,0,5.0564,0.7196,1]},
{"frame":13,"values":[0.8883,-0.1602,-0.4303,0,0.1511,0.987,-0.0554,0,0.4336,-0.0158,0.901,0,0,5.0564,0.7196,1]},
{"frame":14,"values":[0.9005,-0.1644,-0.4026,0,0.1516,0.9864,-0.0636,0,0.4076,-0.0038,0.9131,0,0,5.0564,0.7196,1]},
{"frame":15,"values":[0.9205,-0.1546,-0.3588,0,0.1387,0.9879,-0.0699,0,0.3653,0.0146,0.9308,0,0,5.0564,0.7196,1]},
{"frame":16,"values":[0.9436,-0.1322,-0.3036,0,0.1137,0.9904,-0.078,0,0.311,0.0391,0.9496,0,0,5.0564,0.7196,1]},
{"frame":17,"values":[0.9646,-0.1038,-0.2425,0,0.0842,0.9924,-0.0897,0,0.2499,0.0661,0.966,0,0,5.0564,0.7196,1]},
{"frame":18,"values":[0.9808,-0.0741,-0.1804,0,0.0561,0.9931,-0.1027,0,0.1868,0.0906,0.9782,0,0,5.0564,0.7196,1]},
{"frame":19,"values":[0.9913,-0.0475,-0.1226,0,0.0335,0.9929,-0.1142,0,0.1272,0.1091,0.9859,0,0,5.0564,0.7196,1]},
{"frame":20,"values":[0.9967,-0.0281,-0.0764,0,0.0186,0.9923,-0.1224,0,0.0793,0.1206,0.9895,0,0,5.0564,0.7196,1]},
{"frame":21,"values":[0.9988,-0.0157,-0.0461,0,0.0097,0.9918,-0.1273,0,0.0477,0.1267,0.9908,0,0,5.0564,0.7196,1]},
{"frame":22,"values":[0.9995,-0.0083,-0.0303,0,0.0043,0.9915,-0.1302,0,0.0311,0.13,0.991,0,0,5.0564,0.7196,1]},
{"frame":23,"values":[0.9997,-0.0045,-0.0236,0,0.0014,0.9913,-0.1316,0,0.024,0.1315,0.991,0,0,5.0564,0.7196,1]}],"loopBehavior":1,"name":"anim","property":"_matrix"}},
{"name":"HeadTop_End","index":6,"matrix":[1,0,0,0,0,1,0,0,0,0,1,0,0,15.1437,2.155,1],"rest":[1,0,0,0,0,1,0,0,0,0,1,0,0,15.1437,2.155,1],"parentBoneIndex":5,"length":15.2963
,"animation":{"dataType":3,"framePerSecond":24,"keys":[
{"frame":1,"values":[1,0,0,0,0,1,0,0,0,0,1,0,0,15.1437,2.155,1]},
{"frame":23,"values":[1,0,0,0,0,1,0,0,0,0,1,0,0,15.1437,2.155,1]}],"loopBehavior":1,"name":"anim","property":"_matrix"}},
{"name":"LeftShoulder","index":7,"matrix":[0.9317,-0.2203,0.2887,0,0.2051,0.9753,0.0823,0,-0.2997,-0.0175,0.9539,0,3.5285,8.7304,-1.4561,1],"rest":[1,-0.0017,0,0,0.0017,1,0,0,0,0,1,0,3.5285,8.7304,-1.4561,1],"parentBoneIndex":3,"length":7.9526
,"animation":{"dataType":3,"framePerSecond":24,"keys":[
{"frame":1,"values":[0.9317,-0.2203,0.2887,0,0.2051,0.9753,0.0823,0,-0.2997,-0.0175,0.9539,0,3.5285,8.7304,-1.4561,1]},
{"frame":2,"values":[0.9296,-0.2259,0.2912,0,0.2106,0.974,0.0833,0,-0.3024,-0.0161,0.953,0,3.5285,8.7304,-1.4561,1]},
{"frame":3,"values":[0.9265,-0.235,0.2939,0,0.2196,0.9719,0.0849,0,-0.3056,-0.0141,0.9521,0,3.5285,8.7304,-1.4561,1]},
{"frame":4,"values":[0.9237,-0.2448,0.2947,0,0.2295,0.9695,0.0861,0,-0.3068,-0.0119,0.9517,0,3.5285,8.7304,-1.4561,1]},
{"frame":5,"values":[0.9218,-0.2536,0.2931,0,0.2385,0.9672,0.0869,0,-0.3056,-0.0102,0.9521,0,3.5285,8.7304,-1.4561,1]},
{"frame":6,"values":[0.9201,-0.263,0.2902,0,0.2481,0.9648,0.0876,0,-0.303,-0.0086,0.9529,0,3.5285,8.7304,-1.4561,1]},
{"frame":7,"values":[0.9179,-0.2733,0.2877,0,0.2587,0.9619,0.0884,0,-0.3009,-0.0067,0.9536,0,3.5285,8.7304,-1.4561,1]},
{"frame":8,"values":[0.9152,-0.2837,0.2861,0,0.2693,0.9589,0.0895,0,-0.2998,-0.0048,0.954,0,3.5285,8.7304,-1.4561,1]},
{"frame":9,"values":[0.9136,-0.2953,0.2795,0,0.2807,0.9554,0.0916,0,-0.2941,-0.0052,0.9558,0,3.5285,8.7304,-1.4561,1]},
{"frame":10,"values":[0.9149,-0.3097,0.2589,0,0.295,0.9508,0.0952,0,-0.2756,-0.0107,0.9612,0,3.5285,8.7304,-1.4561,1]},
{"frame":11,"values":[0.9191,-0.3242,0.2237,0,0.3095,0.9457,0.099,0,-0.2437,-0.0218,0.9696,0,3.5285,8.7304,-1.4561,1]},
{"frame":12,"values":[0.9241,-0.3344,0.1849,0,0.3203,0.9418,0.1021,0,-0.2083,-0.0351,0.9774,0,3.5285,8.7304,-1.4561,1]},
{"frame":13,"values":[0.9272,-0.3424,0.1518,0,0.3292,0.9383,0.1055,0,-0.1786,-0.0478,0.9828,0,3.5285,8.7304,-1.4561,1]},
{"frame":14,"values":[0.9275,-0.3529,0.1236,0,0.3405,0.9337,0.1109,0,-0.1546,-0.0607,0.9861,0,3.5285,8.7304,-1.4561,1]},
{"frame":15,"values":[0.9257,-0.3654,0.0976,0,0.3539,0.9278,0.1178,0,-0.1336,-0.0746,0.9882,0,3.5285,8.7304,-1.4561,1]},
{"frame":16,"values":[0.9239,-0.3744,0.079,0,0.3636,0.9233,0.1235,0,-0.1192,-0.0854,0.9892,0,3.5285,8.7304,-1.4561,1]},
{"frame":17,"values":[0.9272,-0.3661,0.0794,0,0.3551,0.9265,0.1249,0,-0.1193,-0.0876,0.989,0,3.5285,8.7304,-1.4561,1]},
{"frame":18,"values":[0.937,-0.3342,0.1018,0,0.3218,0.9391,0.1208,0,-0.136,-0.0804,0.9874,0,3.5285,8.7304,-1.4561,1]},
{"frame":19,"values":[0.9447,-0.297,0.139,0,0.2827,0.9525,0.1135,0,-0.1661,-0.0679,0.9838,0,3.5285,8.7304,-1.4561,1]},
{"frame":20,"values":[0.9451,-0.269,0.1853,0,0.2533,0.9617,0.1044,0,-0.2063,-0.0517,0.9771,0,3.5285,8.7304,-1.4561,1]},
{"frame":21,"values":[0.9405,-0.2461,0.2343,0,0.23,0.9686,0.0944,0,-0.2501,-0.0349,0.9676,0,3.5285,8.7304,-1.4561,1]},
{"frame":22,"values":[0.9349,-0.2284,0.2717,0,0.2128,0.9733,0.0863,0,-0.2841,-0.0228,0.9585,0,3.5285,8.7304,-1.4561,1]},
{"frame":23,"values":[0.9317,-0.2203,0.2887,0,0.2051,0.9753,0.0823,0,-0.2997,-0.0175,0.9539,0,3.5285,8.7304,-1.4561,1]}],"loopBehavior":1,"name":"anim","property":"_matrix"}},
{"name":"LeftArm","index":8,"matrix":[0.2873,-0.9492,0.1283,0,0.8845,0.3143,0.3448,0,-0.3676,0.0144,0.9299,0,7.6132,-2.2982,0.0421,1],"rest":[0.9965,-0.0092,0.0835,0,0.0092,1,0.0007,0,-0.0835,0.0001,0.9965,0,7.6132,-2.2982,0.0421,1],"parentBoneIndex":7,"length":18.9821
,"animation":{"dataType":3,"framePerSecond":24,"keys":[
{"frame":1,"values":[0.2873,-0.9492,0.1283,0,0.8845,0.3143,0.3448,0,-0.3676,0.0144,0.9299,0,7.6132,-2.2982,0.0421,1]},
{"frame":2,"values":[0.3028,-0.9392,0.1619,0,0.8789,0.3409,0.3338,0,-0.3687,0.0413,0.9286,0,7.6132,-2.2982,0.0421,1]},
{"frame":3,"values":[0.3265,-0.9227,0.2048,0,0.868,0.3785,0.3215,0,-0.3742,0.0728,0.9245,0,7.6132,-2.2982,0.0421,1]},
{"frame":4,"values":[0.3565,-0.902,0.2433,0,0.8552,0.4199,0.3038,0,-0.3762,0.0998,0.9211,0,7.6132,-2.2982,0.0421,1]},
{"frame":5,"values":[0.3901,-0.883,0.2609,0,0.8452,0.4558,0.2789,0,-0.3652,0.1117,0.9242,0,7.6132,-2.2982,0.0421,1]},
{"frame":6,"values":[0.4269,-0.8687,0.2512,0,0.8373,0.4846,0.2532,0,-0.3417,0.1023,0.9342,0,7.6132,-2.2982,0.0421,1]},
{"frame":7,"values":[0.4644,-0.8574,0.2218,0,0.8276,0.5093,0.2359,0,-0.3152,0.074,0.9461,0,7.6132,-2.2982,0.0421,1]},
{"frame":8,"values":[0.4972,-0.8486,0.1805,0,0.8175,0.5279,0.23,0,-0.2905,0.0332,0.9563,0,7.6132,-2.2982,0.0421,1]},
{"frame":9,"values":[0.517,-0.8455,0.1337,0,0.8124,0.5339,0.2344,0,-0.2696,-0.0126,0.9629,0,7.6132,-2.2982,0.0421,1]},
{"frame":10,"values":[0.5198,-0.8497,0.088,0,0.8146,0.5241,0.2484,0,-0.2572,-0.0575,0.9646,0,7.6132,-2.2982,0.0421,1]},
{"frame":11,"values":[0.5092,-0.859,0.0528,0,0.8203,0.503,0.2722,0,-0.2604,-0.0953,0.9608,0,7.6132,-2.2982,0.0421,1]},
{"frame":12,"values":[0.4916,-0.8702,0.032,0,0.8242,0.4768,0.3055,0,-0.2811,-0.1238,0.9517,0,7.6132,-2.2982,0.0421,1]},
{"frame":13,"values":[0.4731,-0.8807,0.0248,0,0.8234,0.452,0.343,0,-0.3132,-0.1419,0.939,0,7.6132,-2.2982,0.0421,1]},
{"frame":14,"values":[0.4593,-0.8879,0.0263,0,0.8199,0.4352,0.372,0,-0.3417,-0.1493,0.9279,0,7.6132,-2.2982,0.0421,1]},
{"frame":15,"values":[0.4526,-0.891,0.0357,0,0.8141,0.4293,0.3911,0,-0.3638,-0.1479,0.9197,0,7.6132,-2.2982,0.0421,1]},
{"frame":16,"values":[0.4486,-0.8922,0.0519,0,0.8052,0.4287,0.4097,0,-0.3878,-0.142,0.9108,0,7.6132,-2.2982,0.0421,1]},
{"frame":17,"values":[0.4352,-0.8976,0.0708,0,0.8018,0.4221,0.4231,0,-0.4096,-0.1274,0.9033,0,7.6132,-2.2982,0.0421,1]},
{"frame":18,"values":[0.4064,-0.9098,0.0846,0,0.8139,0.4025,0.4191,0,-0.4154,-0.1015,0.904,0,7.6132,-2.2982,0.0421,1]},
{"frame":19,"values":[0.3718,-0.9237,0.0929,0,0.8342,0.3763,0.4032,0,-0.4073,-0.0724,0.9104,0,7.6132,-2.2982,0.0421,1]},
{"frame":20,"values":[0.34,-0.9352,0.0988,0,0.8532,0.351,0.3858,0,-0.3955,-0.0469,0.9173,0,7.6132,-2.2982,0.0421,1]},
{"frame":21,"values":[0.3131,-0.9434,0.1096,0,0.868,0.3311,0.37,0,-0.3853,-0.0207,0.9226,0,7.6132,-2.2982,0.0421,1]},
{"frame":22,"values":[0.2952,-0.9476,0.1224,0,0.8784,0.3195,0.3553,0,-0.3758,0.0027,0.9267,0,7.6132,-2.2982,0.0421,1]},
{"frame":23,"values":[0.2873,-0.9492,0.1283,0,0.8845,0.3143,0.3448,0,-0.3676,0.0144,0.9299,0,7.6132,-2.2982,0.0421,1]}],"loopBehavior":1,"name":"anim","property":"_matrix"}},
{"name":"LeftForeArm","index":9,"matrix":[0.9983,0.0108,-0.0581,0,-0.0108,0.9999,0.0005,0,0.0581,0.0002,0.9983,0,18.9146,0.2055,-1.5856,1],"rest":[0.9964,0.0108,-0.0835,0,-0.0108,0.9999,0.0005,0,0.0835,0.0005,0.9965,0,18.9146,0.2055,-1.5856,1],"parentBoneIndex":8,"length":18.4362
,"animation":{"dataType":3,"framePerSecond":24,"keys":[
{"frame":1,"values":[0.9983,0.0108,-0.0581,0,-0.0108,0.9999,0.0005,0,0.0581,0.0002,0.9983,0,18.9146,0.2055,-1.5856,1]},
{"frame":2,"values":[0.999,0.0108,-0.0424,0,-0.0108,0.9999,0.0005,0,0.0424,0,0.9991,0,18.9146,0.2055,-1.5856,1]},
{"frame":3,"values":[0.9994,0.0108,-0.0333,0,-0.0108,0.9999,0.0005,0,0.0333,-0.0001,0.9994,0,18.9146,0.2055,-1.5856,1]},
{"frame":4,"values":[0.9998,0.0108,-0.0155,0,-0.0108,0.9999,0.0005,0,0.0155,-0.0003,0.9999,0,18.9146,0.2055,-1.5856,1]},
{"frame":5,"values":[0.9996,0.0108,0.0261,0,-0.0109,0.9999,0.0005,0,-0.0261,-0.0007,0.9997,0,18.9146,0.2055,-1.5856,1]},
{"frame":6,"values":[0.9958,0.0108,0.0913,0,-0.0109,0.9999,0.0005,0,-0.0913,-0.0014,0.9958,0,18.9146,0.2055,-1.5856,1]},
{"frame":7,"values":[0.9864,0.0107,0.1639,0,-0.0109,0.9999,0.0005,0,-0.1639,-0.0022,0.9865,0,18.9146,0.2055,-1.5856,1]},
{"frame":8,"values":[0.9725,0.0105,0.2326,0,-0.0109,0.9999,0.0004,0,-0.2326,-0.003,0.9726,0,18.9146,0.2055,-1.5856,1]},
{"frame":9,"values":[0.9587,0.0103,0.2842,0,-0.0109,0.9999,0.0004,0,-0.2841,-0.0035,0.9588,0,18.9146,0.2055,-1.5856,1]},
{"frame":10,"values":[0.9502,0.0102,0.3116,0,-0.0109,0.9999,0.0004,0,-0.3115,-0.0038,0.9502,0,18.9146,0.2055,-1.5856,1]},
{"frame":11,"values":[0.9479,0.0102,0.3183,0,-0.0109,0.9999,0.0004,0,-0.3183,-0.0039,0.948,0,18.9146,0.2055,-1.5856,1]},
{"frame":12,"values":[0.9479,0.0102,0.3184,0,-0.0109,0.9999,0.0004,0,-0.3183,-0.0039,0.948,0,18.9146,0.2055,-1.5856,1]},
{"frame":13,"values":[0.95,0.0102,0.312,0,-0.0109,0.9999,0.0004,0,-0.3119,-0.0038,0.9501,0,18.9146,0.2055,-1.5856,1]},
{"frame":14,"values":[0.9553,0.0103,0.2953,0,-0.0109,0.9999,0.0004,0,-0.2953,-0.0036,0.9554,0,18.9146,0.2055,-1.5856,1]},
{"frame":15,"values":[0.963,0.0104,0.2692,0,-0.0109,0.9999,0.0004,0,-0.2692,-0.0034,0.9631,0,18.9146,0.2055,-1.5856,1]},
{"frame":16,"values":[0.9717,0.0105,0.2359,0,-0.0109,0.9999,0.0004,0,-0.2359,-0.003,0.9718,0,18.9146,0.2055,-1.5856,1]},
{"frame":17,"values":[0.9809,0.0106,0.1942,0,-0.0109,0.9999,0.0004,0,-0.1942,-0.0026,0.981,0,18.9146,0.2055,-1.5856,1]},
{"frame":18,"values":[0.9905,0.0107,0.1374,0,-0.0109,0.9999,0.0005,0,-0.1374,-0.0019,0.9905,0,18.9146,0.2055,-1.5856,1]},
{"frame":19,"values":[0.997,0.0108,0.077,0,-0.0109,0.9999,0.0005,0,-0.0769,-0.0013,0.997,0,18.9146,0.2055,-1.5856,1]},
{"frame":20,"values":[0.9996,0.0108,0.0279,0,-0.0109,0.9999,0.0005,0,-0.0279,-0.0008,0.9996,0,18.9146,0.2055,-1.5856,1]},
{"frame":21,"values":[0.9999,0.0108,-0.0134,0,-0.0108,0.9999,0.0005,0,0.0134,-0.0003,0.9999,0,18.9146,0.2055,-1.5856,1]},
{"frame":22,"values":[0.9989,0.0108,-0.0451,0,-0.0108,0.9999,0.0005,0,0.0451,0,0.999,0,18.9146,0.2055,-1.5856,1]},
{"frame":23,"values":[0.9983,0.0108,-0.0581,0,-0.0108,0.9999,0.0005,0,0.0581,0.0002,0.9983,0,18.9146,0.2055,-1.5856,1]}],"loopBehavior":1,"name":"anim","property":"_matrix"}},
{"name":"LeftHand","index":10,"matrix":[0.9566,-0.238,0.168,0,0.291,0.7531,-0.5901,0,0.0139,0.6134,0.7897,0,18.4362,0,0,1],"rest":[0.9824,-0.1864,-0.0127,0,0.1846,0.9789,-0.0878,0,0.0288,0.0839,0.9961,0,18.4362,0,0,1],"parentBoneIndex":9,"length":6.699
,"animation":{"dataType":3,"framePerSecond":24,"keys":[
{"frame":1,"values":[0.9566,-0.238,0.168,0,0.291,0.7531,-0.5901,0,0.0139,0.6134,0.7897,0,18.4362,0,0,1]},
{"frame":2,"values":[0.9635,-0.2026,0.175,0,0.2671,0.7682,-0.5818,0,-0.0166,0.6073,0.7943,0,18.4362,0,0,1]},
{"frame":3,"values":[0.9747,-0.1623,0.1538,0,0.2209,0.8059,-0.5494,0,-0.0348,0.5694,0.8213,0,18.4362,0,0,1]},
{"frame":4,"values":[0.9857,-0.1148,0.123,0,0.1617,0.8481,-0.5045,0,-0.0464,0.5172,0.8546,0,18.4362,0,0,1]},
{"frame":5,"values":[0.9925,-0.0641,0.1042,0,0.1057,0.878,-0.4669,0,-0.0616,0.4744,0.8782,0,18.4362,0,0,1]},
{"frame":6,"values":[0.9951,-0.016,0.0975,0,0.058,0.8931,-0.4461,0,-0.0799,0.4496,0.8896,0,18.4362,0,0,1]},
{"frame":7,"values":[0.9953,0.0243,0.0933,0,0.0193,0.898,-0.4396,0,-0.0944,0.4394,0.8933,0,18.4362,0,0,1]},
{"frame":8,"values":[0.9947,0.0446,0.0922,0,0.0009,0.8964,-0.4432,0,-0.1024,0.4409,0.8917,0,18.4362,0,0,1]},
{"frame":9,"values":[0.9945,0.0498,0.0923,0,-0.0031,0.8938,-0.4484,0,-0.1048,0.4457,0.889,0,18.4362,0,0,1]},
{"frame":10,"values":[0.9945,0.0524,0.0909,0,-0.0053,0.8902,-0.4555,0,-0.1048,0.4525,0.8856,0,18.4362,0,0,1]},
{"frame":11,"values":[0.9949,0.0481,0.0881,0,-0.0011,0.8827,-0.47,0,-0.1004,0.4675,0.8783,0,18.4362,0,0,1]},
{"frame":12,"values":[0.9947,0.0371,0.0955,0,0.0144,0.8721,-0.4891,0,-0.1014,0.4879,0.867,0,18.4362,0,0,1]},
{"frame":13,"values":[0.9923,0.0409,0.1165,0,0.0246,0.8594,-0.5107,0,-0.121,0.5096,0.8519,0,18.4362,0,0,1]},
{"frame":14,"values":[0.9878,0.0709,0.1385,0,0.0151,0.8421,-0.5391,0,-0.1548,0.5347,0.8308,0,18.4362,0,0,1]},
{"frame":15,"values":[0.9824,0.105,0.1548,0,0.003,0.8186,-0.5744,0,-0.187,0.5647,0.8038,0,18.4362,0,0,1]},
{"frame":16,"values":[0.9786,0.1166,0.1694,0,0.011,0.7929,-0.6092,0,-0.2053,0.598,0.7747,0,18.4362,0,0,1]},
{"frame":17,"values":[0.9786,0.1041,0.1774,0,0.0345,0.7672,-0.6404,0,-0.2027,0.6329,0.7473,0,18.4362,0,0,1]},
{"frame":18,"values":[0.9836,0.0632,0.1691,0,0.066,0.7459,-0.6628,0,-0.1681,0.663,0.7295,0,18.4362,0,0,1]},
{"frame":19,"values":[0.9873,-0.0106,0.1582,0,0.1143,0.7395,-0.6634,0,-0.11,0.6731,0.7314,0,18.4362,0,0,1]},
{"frame":20,"values":[0.982,-0.1025,0.1589,0,0.1815,0.7466,-0.6401,0,-0.0531,0.6574,0.7517,0,18.4362,0,0,1]},
{"frame":21,"values":[0.9693,-0.1819,0.1653,0,0.2455,0.7524,-0.6113,0,-0.0131,0.6331,0.774,0,18.4362,0,0,1]},
{"frame":22,"values":[0.9594,-0.2263,0.1681,0,0.2818,0.7532,-0.5944,0,0.0079,0.6177,0.7864,0,18.4362,0,0,1]},
{"frame":23,"values":[0.9566,-0.238,0.168,0,0.291,0.7531,-0.5901,0,0.0139,0.6134,0.7897,0,18.4362,0,0,1]}],"loopBehavior":1,"name":"anim","property":"_matrix"}},
{"name":"LeftHandThumb1","index":11,"matrix":[0.977,0.1998,-0.0748,0,-0.204,0.9775,-0.0539,0,0.0623,0.0679,0.9957,0,3.0862,-1.2837,1.4227,1],"rest":[0.9923,0.1154,-0.0442,0,-0.1172,0.9923,-0.0407,0,0.0392,0.0455,0.9982,0,3.0862,-1.2837,1.4227,1],"parentBoneIndex":10,"length":2.9063
,"animation":{"dataType":3,"framePerSecond":24,"keys":[
{"frame":1,"values":[0.977,0.1998,-0.0748,0,-0.204,0.9775,-0.0539,0,0.0623,0.0679,0.9957,0,3.0862,-1.2837,1.4227,1]},
{"frame":23,"values":[0.977,0.1998,-0.0748,0,-0.204,0.9775,-0.0539,0,0.0623,0.0679,0.9957,0,3.0862,-1.2837,1.4227,1]}],"loopBehavior":1,"name":"anim","property":"_matrix"}},
{"name":"LeftHandThumb2","index":12,"matrix":[0.8505,0.42,-0.3165,0,-0.3413,0.8987,0.2755,0,0.4002,-0.1263,0.9077,0,2.2512,-1.2997,1.2997,1],"rest":[1,0,0,0,0,1,0,0,0,0,1,0,2.2512,-1.2997,1.2997,1],"parentBoneIndex":11,"length":2.9053
,"animation":{"dataType":3,"framePerSecond":24,"keys":[
{"frame":1,"values":[0.8505,0.42,-0.3165,0,-0.3413,0.8987,0.2755,0,0.4002,-0.1263,0.9077,0,2.2512,-1.2997,1.2997,1]},
{"frame":2,"values":[0.8508,0.4189,-0.3172,0,-0.3414,0.8996,0.2723,0,0.3994,-0.1234,0.9084,0,2.2512,-1.2997,1.2997,1]},
{"frame":3,"values":[0.8495,0.4217,-0.3172,0,-0.3411,0.8975,0.2796,0,0.4026,-0.1293,0.9062,0,2.2512,-1.2997,1.2997,1]},
{"frame":4,"values":[0.8459,0.4277,-0.3187,0,-0.3408,0.8931,0.2938,0,0.4103,-0.1399,0.9012,0,2.2512,-1.2997,1.2997,1]},
{"frame":5,"values":[0.844,0.4306,-0.3197,0,-0.3408,0.8909,0.3002,0,0.4141,-0.1444,0.8987,0,2.2512,-1.2997,1.2997,1]},
{"frame":6,"values":[0.8456,0.4296,-0.3168,0,-0.3405,0.8912,0.2997,0,0.4111,-0.1455,0.8999,0,2.2512,-1.2997,1.2997,1]},
{"frame":7,"values":[0.8484,0.4277,-0.312,0,-0.3399,0.8919,0.2984,0,0.4059,-0.1471,0.902,0,2.2512,-1.2997,1.2997,1]},
{"frame":8,"values":[0.8506,0.4262,-0.308,0,-0.3391,0.8923,0.298,0,0.4018,-0.149,0.9035,0,2.2512,-1.2997,1.2997,1]},
{"frame":9,"values":[0.8534,0.4239,-0.3034,0,-0.338,0.893,0.2972,0,0.3969,-0.1511,0.9053,0,2.2512,-1.2997,1.2997,1]},
{"frame":10,"values":[0.8597,0.4192,-0.2919,0,-0.3359,0.8944,0.2952,0,0.3848,-0.1557,0.9098,0,2.2512,-1.2997,1.2997,1]},
{"frame":11,"values":[0.8707,0.4112,-0.2699,0,-0.3333,0.8968,0.2911,0,0.3618,-0.1635,0.9178,0,2.2512,-1.2997,1.2997,1]},
{"frame":12,"values":[0.8788,0.4049,-0.2526,0,-0.3311,0.8984,0.2884,0,0.3437,-0.1698,0.9236,0,2.2512,-1.2997,1.2997,1]},
{"frame":13,"values":[0.8758,0.407,-0.2593,0,-0.3315,0.8979,0.2897,0,0.3507,-0.1677,0.9213,0,2.2512,-1.2997,1.2997,1]},
{"frame":14,"values":[0.8681,0.4122,-0.2765,0,-0.3332,0.8969,0.2908,0,0.3679,-0.1603,0.9159,0,2.2512,-1.2997,1.2997,1]},
{"frame":15,"values":[0.8687,0.4083,-0.2804,0,-0.3333,0.9006,0.2789,0,0.3664,-0.1488,0.9185,0,2.2512,-1.2997,1.2997,1]},
{"frame":16,"values":[0.8743,0.4009,-0.2737,0,-0.3321,0.9052,0.265,0,0.354,-0.1408,0.9246,0,2.2512,-1.2997,1.2997,1]},
{"frame":17,"values":[0.8738,0.4003,-0.2762,0,-0.3328,0.9063,0.2605,0,0.3546,-0.1357,0.9251,0,2.2512,-1.2997,1.2997,1]},
{"frame":18,"values":[0.8685,0.4038,-0.2875,0,-0.3351,0.9056,0.2598,0,0.3653,-0.1293,0.9219,0,2.2512,-1.2997,1.2997,1]},
{"frame":19,"values":[0.8653,0.4055,-0.2946,0,-0.3366,0.9057,0.2578,0,0.3714,-0.1239,0.9202,0,2.2512,-1.2997,1.2997,1]},
{"frame":20,"values":[0.8636,0.4069,-0.2977,0,-0.3374,0.9052,0.2583,0,0.3746,-0.1226,0.9191,0,2.2512,-1.2997,1.2997,1]},
{"frame":21,"values":[0.8596,0.411,-0.3035,0,-0.3388,0.9032,0.2636,0,0.3824,-0.1238,0.9157,0,2.2512,-1.2997,1.2997,1]},
{"frame":22,"values":[0.8541,0.4165,-0.3114,0,-0.3403,0.9005,0.2708,0,0.3932,-0.1253,0.9109,0,2.2512,-1.2997,1.2997,1]},
{"frame":23,"values":[0.8506,0.42,-0.3164,0,-0.3413,0.8987,0.2754,0,0.4,-0.1263,0.9078,0,2.2512,-1.2997,1.2997,1]}],"loopBehavior":1,"name":"anim","property":"_matrix"}},
{"name":"LeftHandThumb3","index":13,"matrix":[0.9926,0.1055,-0.0594,0,-0.1164,0.9666,-0.2284,0,0.0333,0.2336,0.9718,0,2.2504,-1.2993,1.2993,1],"rest":[0.9996,-0.0265,-0.0043,0,0.0265,0.9995,0.0176,0,0.0038,-0.0177,0.9998,0,2.2504,-1.2993,1.2993,1],"parentBoneIndex":12,"length":2.0937
,"animation":{"dataType":3,"framePerSecond":24,"keys":[
{"frame":1,"values":[0.9926,0.1055,-0.0594,0,-0.1164,0.9666,-0.2284,0,0.0333,0.2336,0.9718,0,2.2504,-1.2993,1.2993,1]},
{"frame":2,"values":[0.9925,0.1056,-0.061,0,-0.1169,0.9665,-0.2286,0,0.0348,0.2341,0.9716,0,2.2504,-1.2993,1.2993,1]},
{"frame":3,"values":[0.9927,0.1061,-0.0571,0,-0.1165,0.9665,-0.2287,0,0.0309,0.2337,0.9718,0,2.2504,-1.2993,1.2993,1]},
{"frame":4,"values":[0.993,0.1089,-0.0466,0,-0.1167,0.9672,-0.2256,0,0.0205,0.2294,0.9731,0,2.2504,-1.2993,1.2993,1]},
{"frame":5,"values":[0.9929,0.1125,-0.0373,0,-0.118,0.9684,-0.2196,0,0.0114,0.2225,0.9749,0,2.2504,-1.2993,1.2993,1]},
{"frame":6,"values":[0.9928,0.1152,-0.0325,0,-0.1195,0.9696,-0.2135,0,0.0069,0.2158,0.9764,0,2.2504,-1.2993,1.2993,1]},
{"frame":7,"values":[0.9927,0.117,-0.029,0,-0.1205,0.9706,-0.2083,0,0.0038,0.2103,0.9776,0,2.2504,-1.2993,1.2993,1]},
{"frame":8,"values":[0.9927,0.1173,-0.0277,0,-0.1205,0.9711,-0.206,0,0.0027,0.2078,0.9782,0,2.2504,-1.2993,1.2993,1]},
{"frame":9,"values":[0.9929,0.1153,-0.0306,0,-0.1192,0.9708,-0.2084,0,0.0057,0.2105,0.9776,0,2.2504,-1.2993,1.2993,1]},
{"frame":10,"values":[0.9931,0.1108,-0.0378,0,-0.1164,0.9697,-0.2149,0,0.0128,0.2178,0.9759,0,2.2504,-1.2993,1.2993,1]},
{"frame":11,"values":[0.9934,0.1053,-0.046,0,-0.1129,0.9687,-0.2213,0,0.0213,0.225,0.9741,0,2.2504,-1.2993,1.2993,1]},
{"frame":12,"values":[0.9935,0.1022,-0.0497,0,-0.1108,0.9685,-0.223,0,0.0254,0.2271,0.9735,0,2.2504,-1.2993,1.2993,1]},
{"frame":13,"values":[0.9935,0.1031,-0.0477,0,-0.1112,0.9687,-0.2218,0,0.0234,0.2257,0.9739,0,2.2504,-1.2993,1.2993,1]},
{"frame":14,"values":[0.9934,0.1041,-0.0489,0,-0.1124,0.9682,-0.2235,0,0.0241,0.2275,0.9735,0,2.2504,-1.2993,1.2993,1]},
{"frame":15,"values":[0.9931,0.1023,-0.058,0,-0.1129,0.9673,-0.2271,0,0.0329,0.232,0.9722,0,2.2504,-1.2993,1.2993,1]},
{"frame":16,"values":[0.9927,0.1005,-0.066,0,-0.113,0.9671,-0.2278,0,0.041,0.2336,0.9715,0,2.2504,-1.2993,1.2993,1]},
{"frame":17,"values":[0.9926,0.1008,-0.0677,0,-0.1137,0.9672,-0.2271,0,0.0426,0.2331,0.9715,0,2.2504,-1.2993,1.2993,1]},
{"frame":18,"values":[0.9925,0.102,-0.0676,0,-0.1149,0.9671,-0.2272,0,0.0422,0.2332,0.9715,0,2.2504,-1.2993,1.2993,1]},
{"frame":19,"values":[0.9923,0.1027,-0.0686,0,-0.1157,0.9669,-0.2274,0,0.0429,0.2336,0.9714,0,2.2504,-1.2993,1.2993,1]},
{"frame":20,"values":[0.9923,0.1031,-0.0682,0,-0.1161,0.9668,-0.2275,0,0.0425,0.2337,0.9714,0,2.2504,-1.2993,1.2993,1]},
{"frame":21,"values":[0.9924,0.1039,-0.0654,0,-0.1162,0.9668,-0.2277,0,0.0396,0.2336,0.9715,0,2.2504,-1.2993,1.2993,1]},
{"frame":22,"values":[0.9926,0.105,-0.0617,0,-0.1165,0.9666,-0.2281,0,0.0357,0.2336,0.9717,0,2.2504,-1.2993,1.2993,1]},
{"frame":23,"values":[0.9926,0.1058,-0.0593,0,-0.1166,0.9666,-0.2284,0,0.0332,0.2336,0.9718,0,2.2504,-1.2993,1.2993,1]}],"loopBehavior":1,"name":"anim","property":"_matrix"}},
{"name":"LeftHandThumb4","index":14,"matrix":[1,0,0,0,0,1,0,0,0,0,1,0,1.642,-0.8764,0.9589,1],"rest":[1,0,0,0,0,1,0,0,0,0,1,0,1.642,-0.8764,0.9589,1],"parentBoneIndex":13,"length":2.0937
,"animation":{"dataType":3,"framePerSecond":24,"keys":[
{"frame":1,"values":[1,0,0,0,0,1,0,0,0,0,1,0,1.642,-0.8764,0.9589,1]},
{"frame":23,"values":[1,0,0,0,0,1,0,0,0,0,1,0,1.642,-0.8764,0.9589,1]}],"loopBehavior":1,"name":"anim","property":"_matrix"}},
{"name":"LeftHandIndex1","index":15,"matrix":[0.9794,0.1834,0.084,0,-0.1838,0.983,-0.0023,0,-0.083,-0.0132,0.9965,0,7.464,1.013,1.9108,1],"rest":[0.9467,0.3125,0.078,0,-0.3129,0.9497,-0.0071,0,-0.0763,-0.0177,0.9969,0,7.464,1.013,1.9108,1],"parentBoneIndex":10,"length":3.1738
,"animation":{"dataType":3,"framePerSecond":24,"keys":[
{"frame":1,"values":[0.9794,0.1834,0.084,0,-0.1838,0.983,-0.0023,0,-0.083,-0.0132,0.9965,0,7.464,1.013,1.9108,1]},
{"frame":2,"values":[0.9798,0.1817,0.084,0,-0.1822,0.9833,-0.0024,0,-0.083,-0.013,0.9965,0,7.464,1.013,1.9108,1]},
{"frame":3,"values":[0.9807,0.1775,0.0823,0,-0.178,0.984,-0.0018,0,-0.0813,-0.0128,0.9966,0,7.464,1.013,1.9108,1]},
{"frame":4,"values":[0.9825,0.1689,0.0787,0,-0.1694,0.9855,-0.0008,0,-0.0777,-0.0125,0.9969,0,7.464,1.013,1.9108,1]},
{"frame":5,"values":[0.984,0.1616,0.0757,0,-0.162,0.9868,0,0,-0.0747,-0.0123,0.9971,0,7.464,1.013,1.9108,1]},
{"frame":6,"values":[0.9846,0.1581,0.0742,0,-0.1586,0.9873,0.0005,0,-0.0732,-0.0122,0.9972,0,7.464,1.013,1.9108,1]},
