{"producer":{"name":"Blender","version":"2.90.0","exporter_version":"2.80.1","file":"turnleft_riffle.babylon"},
"autoClear":true,"clearColor":[0.0509,0.0509,0.0509],"gravity":[0,-9.81,0],
"materials":[{"name":"Material","id":"Material","customType":"BABYLON.PBRMaterial","backFaceCulling":true,"checkReadyOnlyOnce":false,"maxSimultaneousLights":4,"environmentIntensity":1,"albedo":[0.8,0.8,0.8],"reflectivity":[0.5,0.5,0.5],"roughness":0.4,"alpha":1,"transparencyMode":0,"alphaCutOff":0.4,"metallic":0}],
"multiMaterials":[],
"skeletons":[{"name":"Armature","id":0,"dimensionsAtRest":[128.1663,151.4482,19.1351],"bones":[
{"name":"Hips","index":0,"matrix":[0.5752,0.0377,-0.8171,0,0.0674,0.9934,0.0933,0,-0.8152,0.1088,-0.5688,0,-0.8227,75.4261,-0.2803,1],"rest":[1,0,0,0,0,1,0,0,0,0,-1,0,0,81.0629,0,1],"parentBoneIndex":-1,"length":7.701
,"animation":{"dataType":3,"framePerSecond":24,"keys":[
{"frame":1,"values":[0.5752,0.0377,-0.8171,0,0.0674,0.9934,0.0933,0,-0.8152,0.1088,-0.5688,0,-0.8227,75.4261,-0.2803,1]},
{"frame":2,"values":[0.5752,0.0377,-0.8171,0,0.0674,0.9934,0.0933,0,-0.8152,0.1088,-0.5688,0,-0.642,75.0597,-1.4995,1]},
{"frame":3,"values":[0.5752,0.0377,-0.8171,0,0.0674,0.9934,0.0933,0,-0.8152,0.1088,-0.5688,0,-0.3031,74.4944,-2.9514,1]},
{"frame":4,"values":[0.5752,0.0377,-0.8171,0,0.0674,0.9934,0.0933,0,-0.8152,0.1088,-0.5688,0,0.1058,73.9262,-4.9358,1]},
{"frame":5,"values":[0.5752,0.0377,-0.8171,0,0.0674,0.9934,0.0933,0,-0.8152,0.1088,-0.5688,0,0.5328,73.529,-7.3959,1]},
{"frame":6,"values":[0.5752,0.0377,-0.8171,0,0.0674,0.9934,0.0933,0,-0.8152,0.1088,-0.5688,0,0.9729,73.3525,-9.6292,1]},
{"frame":7,"values":[0.5752,0.0377,-0.8171,0,0.0674,0.9934,0.0933,0,-0.8152,0.1088,-0.5688,0,1.3448,73.2866,-11.0357,1]},
{"frame":8,"values":[0.5752,0.0377,-0.8171,0,0.0674,0.9934,0.0933,0,-0.8152,0.1088,-0.5688,0,1.4228,73.2201,-11.8504,1]},
{"frame":9,"values":[0.5752,0.0377,-0.8171,0,0.0674,0.9934,0.0933,0,-0.8152,0.1088,-0.5688,0,1.0418,73.1329,-12.5884,1]},
{"frame":10,"values":[0.5752,0.0377,-0.8171,0,0.0674,0.9934,0.0933,0,-0.8152,0.1088,-0.5688,0,0.2466,73.1187,-13.3018,1]},
{"frame":11,"values":[0.5752,0.0377,-0.8171,0,0.0674,0.9934,0.0933,0,-0.8152,0.1088,-0.5688,0,-0.8597,73.3035,-13.7502,1]},
{"frame":12,"values":[0.5752,0.0377,-0.8171,0,0.0674,0.9934,0.0933,0,-0.8152,0.1088,-0.5688,0,-2.2148,73.7329,-13.9168,1]},
{"frame":13,"values":[0.5752,0.0377,-0.8171,0,0.0674,0.9934,0.0933,0,-0.8152,0.1088,-0.5688,0,-3.7402,74.3236,-13.9596,1]},
{"frame":14,"values":[0.5752,0.0377,-0.8171,0,0.0674,0.9934,0.0933,0,-0.8152,0.1088,-0.5688,0,-5.3007,74.8719,-13.8683,1]},
{"frame":15,"values":[0.5752,0.0377,-0.8171,0,0.0674,0.9934,0.0933,0,-0.8152,0.1088,-0.5688,0,-6.621,75.2333,-13.4807,1]},
{"frame":16,"values":[0.5752,0.0377,-0.8171,0,0.0674,0.9934,0.0933,0,-0.8152,0.1088,-0.5688,0,-7.3423,75.3658,-12.7722,1]},
{"frame":17,"values":[0.5752,0.0377,-0.8171,0,0.0674,0.9934,0.0933,0,-0.8152,0.1088,-0.5688,0,-7.2358,75.316,-11.8737,1]},
{"frame":18,"values":[0.5752,0.0377,-0.8171,0,0.0674,0.9934,0.0933,0,-0.8152,0.1088,-0.5688,0,-6.312,75.0926,-10.7171,1]},
{"frame":19,"values":[0.5752,0.0377,-0.8171,0,0.0674,0.9934,0.0933,0,-0.8152,0.1088,-0.5688,0,-4.8928,74.7563,-9.1503,1]},
{"frame":20,"values":[0.5752,0.0377,-0.8171,0,0.0674,0.9934,0.0933,0,-0.8152,0.1088,-0.5688,0,-3.2645,74.5292,-7.0468,1]},
{"frame":21,"values":[0.5752,0.0377,-0.8171,0,0.0674,0.9934,0.0933,0,-0.8152,0.1088,-0.5688,0,-1.6904,74.5946,-4.6001,1]},
{"frame":22,"values":[0.5752,0.0377,-0.8171,0,0.0674,0.9934,0.0933,0,-0.8152,0.1088,-0.5688,0,-0.5191,74.8454,-2.492,1]},
{"frame":23,"values":[0.5752,0.0377,-0.8171,0,0.0674,0.9934,0.0933,0,-0.8152,0.1088,-0.5688,0,0.0641,75.1027,-1.2945,1]},
{"frame":24,"values":[0.5752,0.0377,-0.8171,0,0.0674,0.9934,0.0933,0,-0.8152,0.1088,-0.5688,0,0.2376,75.3153,-0.9167,1]},
{"frame":25,"values":[0.5752,0.0377,-0.8171,0,0.0674,0.9934,0.0933,0,-0.8152,0.1088,-0.5688,0,0.2802,75.4261,-0.8228,1]}],"loopBehavior":1,"name":"anim","property":"_matrix"}},
{"name":"Spine","index":1,"matrix":[0.9999,0.0061,-0.0082,0,-0.0053,0.9958,0.0919,0,0.0088,-0.0919,0.9957,0,0.009,7.0626,-0.9847,1],"rest":[1,0,0,0,0,1,0,0,0,0,1,0,0.009,7.0626,-0.9847,1],"parentBoneIndex":0,"length":8.3194
,"animation":{"dataType":3,"framePerSecond":24,"keys":[
{"frame":1,"values":[0.9999,0.0061,-0.0082,0,-0.0053,0.9958,0.0919,0,0.0088,-0.0919,0.9957,0,0.009,7.0626,-0.9847,1]},
{"frame":2,"values":[1,0.0076,-0.0062,0,-0.007,0.9958,0.0908,0,0.0069,-0.0907,0.9959,0,0.009,7.0626,-0.9847,1]},
{"frame":3,"values":[1,0.0062,-0.0062,0,-0.0056,0.9958,0.0909,0,0.0068,-0.0909,0.9958,0,0.009,7.0626,-0.9847,1]},
{"frame":4,"values":[1,0.0051,-0.0069,0,-0.0044,0.9958,0.0914,0,0.0073,-0.0914,0.9958,0,0.009,7.0626,-0.9847,1]},
{"frame":5,"values":[1,0.0044,-0.008,0,-0.0036,0.9957,0.0922,0,0.0084,-0.0922,0.9957,0,0.009,7.0626,-0.9847,1]},
{"frame":6,"values":[0.9999,0.0033,-0.0095,0,-0.0024,0.9956,0.0934,0,0.0097,-0.0934,0.9956,0,0.009,7.0626,-0.9847,1]},
{"frame":7,"values":[0.9999,0.0003,-0.0112,0,0.0007,0.9955,0.0948,0,0.0111,-0.0948,0.9954,0,0.009,7.0626,-0.9847,1]},
{"frame":8,"values":[0.9999,-0.0034,-0.013,0,0.0046,0.9954,0.0961,0,0.0126,-0.0961,0.9953,0,0.009,7.0626,-0.9847,1]},
{"frame":9,"values":[0.9999,-0.0062,-0.0147,0,0.0076,0.9952,0.0974,0,0.014,-0.0975,0.9951,0,0.009,7.0626,-0.9847,1]},
{"frame":10,"values":[0.9998,-0.0077,-0.0163,0,0.0093,0.9951,0.0985,0,0.0155,-0.0986,0.995,0,0.009,7.0626,-0.9847,1]},
{"frame":11,"values":[0.9998,-0.0085,-0.0178,0,0.0103,0.995,0.0992,0,0.0168,-0.0994,0.9949,0,0.009,7.0626,-0.9847,1]},
{"frame":12,"values":[0.9998,-0.0084,-0.0185,0,0.0102,0.995,0.0996,0,0.0176,-0.0997,0.9949,0,0.009,7.0626,-0.9847,1]},
{"frame":13,"values":[0.9998,-0.0084,-0.0195,0,0.0103,0.995,0.0998,0,0.0185,-0.0999,0.9948,0,0.009,7.0626,-0.9847,1]},
{"frame":14,"values":[0.9997,-0.0103,-0.0206,0,0.0123,0.995,0.0996,0,0.0195,-0.0998,0.9948,0,0.009,7.0626,-0.9847,1]},
{"frame":15,"values":[0.9997,-0.0108,-0.0212,0,0.0128,0.995,0.0988,0,0.02,-0.099,0.9949,0,0.009,7.0626,-0.9847,1]},
{"frame":16,"values":[0.9997,-0.0098,-0.0205,0,0.0118,0.9951,0.0977,0,0.0194,-0.0979,0.995,0,0.009,7.0626,-0.9847,1]},
{"frame":17,"values":[0.9998,-0.0078,-0.0188,0,0.0096,0.9953,0.0963,0,0.018,-0.0965,0.9952,0,0.009,7.0626,-0.9847,1]},
{"frame":18,"values":[0.9999,-0.0025,-0.0164,0,0.004,0.9956,0.0941,0,0.0161,-0.0941,0.9954,0,0.009,7.0626,-0.9847,1]},
{"frame":19,"values":[0.9999,0.0061,-0.0132,0,-0.0049,0.9959,0.0904,0,0.0137,-0.0903,0.9958,0,0.009,7.0626,-0.9847,1]},
{"frame":20,"values":[0.9998,0.0161,-0.0103,0,-0.0152,0.9962,0.0855,0,0.0116,-0.0853,0.9963,0,0.009,7.0626,-0.9847,1]},
{"frame":21,"values":[0.9996,0.027,-0.0083,0,-0.0262,0.9965,0.0799,0,0.0105,-0.0796,0.9968,0,0.009,7.0626,-0.9847,1]},
{"frame":22,"values":[0.9994,0.0348,-0.0072,0,-0.0341,0.9966,0.0744,0,0.0098,-0.0741,0.9972,0,0.009,7.0626,-0.9847,1]},
{"frame":23,"values":[0.9993,0.0375,-0.0064,0,-0.037,0.9968,0.0707,0,0.009,-0.0704,0.9975,0,0.009,7.0626,-0.9847,1]},
{"frame":24,"values":[0.9998,0.0192,-0.0072,0,-0.0185,0.9964,0.0827,0,0.0088,-0.0826,0.9965,0,0.009,7.0626,-0.9847,1]},
{"frame":25,"values":[0.9999,0.0061,-0.0082,0,-0.0053,0.9958,0.0919,0,0.0088,-0.0919,0.9957,0,0.009,7.0626,-0.9847,1]}],"loopBehavior":1,"name":"anim","property":"_matrix"}},
{"name":"Spine1","index":2,"matrix":[0.9998,0.0069,-0.019,0,-0.0052,0.9963,0.0854,0,0.0196,-0.0853,0.9962,0,0.0124,8.2397,-1.1488,1],"rest":[1,0,0,0,0,1,0,0,0,0,1,0,0.0124,8.2397,-1.1488,1],"parentBoneIndex":1,"length":9.5079
,"animation":{"dataType":3,"framePerSecond":24,"keys":[
{"frame":1,"values":[0.9998,0.0069,-0.019,0,-0.0052,0.9963,0.0854,0,0.0196,-0.0853,0.9962,0,0.0124,8.2397,-1.1488,1]},
{"frame":2,"values":[0.9999,0.0067,-0.0146,0,-0.0054,0.9964,0.085,0,0.0151,-0.0849,0.9963,0,0.0124,8.2397,-1.1488,1]},
{"frame":3,"values":[0.9999,0.0058,-0.0121,0,-0.0048,0.9964,0.0848,0,0.0126,-0.0847,0.9963,0,0.0124,8.2397,-1.1488,1]},
{"frame":4,"values":[0.9999,0.0048,-0.01,0,-0.004,0.9964,0.0845,0,0.0104,-0.0844,0.9964,0,0.0124,8.2397,-1.1488,1]},
{"frame":5,"values":[1,0.004,-0.0083,0,-0.0033,0.9964,0.0842,0,0.0086,-0.0842,0.9964,0,0.0124,8.2397,-1.1488,1]},
{"frame":6,"values":[1,0.0033,-0.0069,0,-0.0027,0.9965,0.084,0,0.0072,-0.0839,0.9964,0,0.0124,8.2397,-1.1488,1]},
{"frame":7,"values":[1,0.0027,-0.0057,0,-0.0022,0.9965,0.0836,0,0.0059,-0.0836,0.9965,0,0.0124,8.2397,-1.1488,1]},
{"frame":8,"values":[1,0.0021,-0.0046,0,-0.0017,0.9965,0.0835,0,0.0048,-0.0835,0.9965,0,0.0124,8.2397,-1.1488,1]},
{"frame":9,"values":[1,0.0015,-0.0035,0,-0.0012,0.9965,0.0832,0,0.0036,-0.0832,0.9965,0,0.0124,8.2397,-1.1488,1]},
{"frame":10,"values":[1,0.0011,-0.0025,0,-0.0008,0.9965,0.083,0,0.0026,-0.083,0.9965,0,0.0124,8.2397,-1.1488,1]},
{"frame":11,"values":[1,0.0006,-0.0016,0,-0.0005,0.9966,0.0829,0,0.0017,-0.0829,0.9966,0,0.0124,8.2397,-1.1488,1]},
{"frame":12,"values":[1,0.0003,0.0002,0,-0.0003,0.9966,0.0827,0,-0.0001,-0.0827,0.9966,0,0.0124,8.2397,-1.1488,1]},
{"frame":13,"values":[1,0.0001,0.001,0,-0.0002,0.9966,0.0826,0,-0.001,-0.0826,0.9966,0,0.0124,8.2397,-1.1488,1]},
{"frame":14,"values":[1,0.0001,0.0014,0,-0.0002,0.9966,0.0826,0,-0.0013,-0.0826,0.9966,0,0.0124,8.2397,-1.1488,1]},
{"frame":15,"values":[1,0.0001,0.0011,0,-0.0002,0.9966,0.0827,0,-0.001,-0.0827,0.9966,0,0.0124,8.2397,-1.1488,1]},
{"frame":16,"values":[1,0.0002,-0.0004,0,-0.0001,0.9966,0.0827,0,0.0004,-0.0827,0.9966,0,0.0124,8.2397,-1.1488,1]},
{"frame":17,"values":[1,0.0004,-0.0016,0,-0.0002,0.9966,0.0828,0,0.0016,-0.0828,0.9966,0,0.0124,8.2397,-1.1488,1]},
{"frame":18,"values":[1,-0.0006,-0.003,0,0.0009,0.9965,0.0832,0,0.0029,-0.0832,0.9965,0,0.0124,8.2397,-1.1488,1]},
{"frame":19,"values":[1,-0.0035,-0.0041,0,0.0039,0.9964,0.0843,0,0.0038,-0.0843,0.9964,0,0.0124,8.2397,-1.1488,1]},
{"frame":20,"values":[1,-0.0065,-0.006,0,0.007,0.9962,0.0866,0,0.0054,-0.0866,0.9962,0,0.0124,8.2397,-1.1488,1]},
{"frame":21,"values":[0.9999,-0.0088,-0.0096,0,0.0096,0.9959,0.0901,0,0.0087,-0.0902,0.9959,0,0.0124,8.2397,-1.1488,1]},
{"frame":22,"values":[0.9999,-0.009,-0.0134,0,0.0102,0.9956,0.0934,0,0.0125,-0.0935,0.9955,0,0.0124,8.2397,-1.1488,1]},
{"frame":23,"values":[0.9998,-0.0085,-0.0158,0,0.01,0.9954,0.0954,0,0.0149,-0.0955,0.9953,0,0.0124,8.2397,-1.1488,1]},
{"frame":24,"values":[0.9998,0.0011,-0.0178,0,0.0005,0.996,0.0894,0,0.0179,-0.0894,0.9958,0,0.0124,8.2397,-1.1488,1]},
{"frame":25,"values":[0.9998,0.0069,-0.019,0,-0.0052,0.9963,0.0854,0,0.0196,-0.0853,0.9962,0,0.0124,8.2397,-1.1488,1]}],"loopBehavior":1,"name":"anim","property":"_matrix"}},
{"name":"Spine2","index":3,"matrix":[0.9998,0.0032,-0.0178,0,-0.0006,0.9892,0.1469,0,0.0181,-0.1468,0.989,0,0.0142,9.4168,-1.313,1],"rest":[1,0,0,0,0,1,0,0,0,0,1,0,0.0142,9.4168,-1.313,1],"parentBoneIndex":2,"length":9.9132
,"animation":{"dataType":3,"framePerSecond":24,"keys":[
{"frame":1,"values":[0.9998,0.0032,-0.0178,0,-0.0006,0.9892,0.1469,0,0.0181,-0.1468,0.989,0,0.0142,9.4168,-1.313,1]},
{"frame":2,"values":[0.9993,0.0051,-0.0378,0,0.0005,0.989,0.1477,0,0.0381,-0.1476,0.9883,0,0.0142,9.4168,-1.313,1]},
{"frame":3,"values":[0.9958,0.0087,-0.0916,0,0.0052,0.9886,0.1502,0,0.0919,-0.15,0.9844,0,0.0142,9.4168,-1.313,1]},
{"frame":4,"values":[0.9874,0.0131,-0.1577,0,0.0113,0.9881,0.1532,0,0.1578,-0.153,0.9755,0,0.0142,9.4168,-1.313,1]},
{"frame":5,"values":[0.9766,0.0167,-0.2146,0,0.0172,0.9877,0.1553,0,0.2145,-0.1554,0.9643,0,0.0142,9.4168,-1.313,1]},
{"frame":6,"values":[0.9661,0.0185,-0.2575,0,0.0227,0.9875,0.1559,0,0.2571,-0.1565,0.9536,0,0.0142,9.4168,-1.313,1]},
{"frame":7,"values":[0.9546,0.0193,-0.2972,0,0.0285,0.9874,0.1556,0,0.2965,-0.1571,0.942,0,0.0142,9.4168,-1.313,1]},
{"frame":8,"values":[0.9427,0.0196,-0.3331,0,0.0343,0.9873,0.1551,0,0.3319,-0.1576,0.9301,0,0.0142,9.4168,-1.313,1]},
{"frame":9,"values":[0.9312,0.0198,-0.3639,0,0.0394,0.9872,0.1545,0,0.3623,-0.1582,0.9185,0,0.0142,9.4168,-1.313,1]},
{"frame":10,"values":[0.9201,0.0202,-0.3912,0,0.0439,0.9871,0.1542,0,0.3893,-0.159,0.9073,0,0.0142,9.4168,-1.313,1]},
{"frame":11,"values":[0.9093,0.0203,-0.4157,0,0.0482,0.9869,0.1537,0,0.4134,-0.1598,0.8964,0,0.0142,9.4168,-1.313,1]},
{"frame":12,"values":[0.9011,0.0203,-0.4332,0,0.0513,0.9869,0.1531,0,0.4306,-0.1602,0.8882,0,0.0142,9.4168,-1.313,1]},
{"frame":13,"values":[0.8972,0.0203,-0.4412,0,0.0528,0.9868,0.1529,0,0.4385,-0.1605,0.8843,0,0.0142,9.4168,-1.313,1]},
{"frame":14,"values":[0.8975,0.0202,-0.4404,0,0.0528,0.9868,0.1528,0,0.4377,-0.1604,0.8847,0,0.0142,9.4168,-1.313,1]},
{"frame":15,"values":[0.9,0.0189,-0.4355,0,0.0528,0.987,0.1519,0,0.4327,-0.1597,0.8873,0,0.0142,9.4168,-1.313,1]},
{"frame":16,"values":[0.9046,0.0168,-0.426,0,0.0524,0.9873,0.1502,0,0.4231,-0.1582,0.8922,0,0.0142,9.4168,-1.313,1]},
{"frame":17,"values":[0.9117,0.015,-0.4105,0,0.0507,0.9876,0.1487,0,0.4077,-0.1564,0.8996,0,0.0142,9.4168,-1.313,1]},
{"frame":18,"values":[0.9219,0.0116,-0.3873,0,0.0494,0.9879,0.1472,0,0.3843,-0.1548,0.9101,0,0.0142,9.4168,-1.313,1]},
{"frame":19,"values":[0.935,0.0061,-0.3546,0,0.049,0.988,0.1462,0,0.3513,-0.1541,0.9235,0,0.0142,9.4168,-1.313,1]},
{"frame":20,"values":[0.9542,0,-0.299,0,0.0459,0.9881,0.1465,0,0.2955,-0.1535,0.9429,0,0.0142,9.4168,-1.313,1]},
{"frame":21,"values":[0.9792,-0.0076,-0.2027,0,0.0382,0.9884,0.1471,0,0.1992,-0.1518,0.9681,0,0.0142,9.4168,-1.313,1]},
{"frame":22,"values":[0.9946,-0.0128,-0.1027,0,0.0281,0.9884,0.149,0,0.0997,-0.1511,0.9835,0,0.0142,9.4168,-1.313,1]},
{"frame":23,"values":[0.9991,-0.0143,-0.0403,0,0.0203,0.9881,0.1524,0,0.0376,-0.1531,0.9875,0,0.0142,9.4168,-1.313,1]},
{"frame":24,"values":[0.9998,-0.0037,-0.022,0,0.0069,0.9888,0.1491,0,0.0212,-0.1493,0.9886,0,0.0142,9.4168,-1.313,1]},
{"frame":25,"values":[0.9998,0.0032,-0.0178,0,-0.0006,0.9892,0.1469,0,0.0181,-0.1468,0.989,0,0.0142,9.4168,-1.313,1]}],"loopBehavior":1,"name":"anim","property":"_matrix"}},
{"name":"Neck","index":4,"matrix":[0.9953,0.0011,-0.0972,0,0.0032,0.999,0.044,0,0.0971,-0.0441,0.9943,0,0.016,10.5938,-1.4771,1],"rest":[1,0,0,0,0,1,0,0,0,0,1,0,0.016,10.5938,-1.4771,1],"parentBoneIndex":3,"length":5.1073
,"animation":{"dataType":3,"framePerSecond":24,"keys":[
{"frame":1,"values":[0.9953,0.0011,-0.0972,0,0.0032,0.999,0.044,0,0.0971,-0.0441,0.9943,0,0.016,10.5938,-1.4771,1]},
{"frame":2,"values":[0.9947,0.002,-0.1029,0,0.0028,0.9989,0.0459,0,0.1028,-0.0459,0.9936,0,0.016,10.5938,-1.4771,1]},
{"frame":3,"values":[0.9934,0.0047,-0.1148,0,0.001,0.9987,0.05,0,0.1149,-0.0498,0.9921,0,0.016,10.5938,-1.4771,1]},
{"frame":4,"values":[0.9919,0.0079,-0.1269,0,-0.001,0.9985,0.0544,0,0.1272,-0.0538,0.9904,0,0.016,10.5938,-1.4771,1]},
{"frame":5,"values":[0.9911,0.0099,-0.1329,0,-0.0024,0.9984,0.0569,0,0.1333,-0.0561,0.9895,0,0.016,10.5938,-1.4771,1]},
{"frame":6,"values":[0.9911,0.0105,-0.1329,0,-0.0029,0.9983,0.0574,0,0.1333,-0.0565,0.9895,0,0.016,10.5938,-1.4771,1]},
{"frame":7,"values":[0.9911,0.0108,-0.1324,0,-0.0032,0.9983,0.0575,0,0.1328,-0.0566,0.9895,0,0.016,10.5938,-1.4771,1]},
{"frame":8,"values":[0.9912,0.011,-0.1318,0,-0.0035,0.9983,0.0575,0,0.1322,-0.0565,0.9896,0,0.016,10.5938,-1.4771,1]},
{"frame":9,"values":[0.9913,0.0111,-0.1309,0,-0.0037,0.9983,0.0573,0,0.1314,-0.0563,0.9897,0,0.016,10.5938,-1.4771,1]},
{"frame":10,"values":[0.9915,0.0113,-0.1299,0,-0.0039,0.9984,0.0572,0,0.1304,-0.0562,0.9899,0,0.016,10.5938,-1.4771,1]},
{"frame":11,"values":[0.9916,0.0114,-0.1288,0,-0.0041,0.9984,0.057,0,0.1292,-0.056,0.99,0,0.016,10.5938,-1.4771,1]},
{"frame":12,"values":[0.9918,0.0115,-0.1274,0,-0.0043,0.9984,0.0567,0,0.1278,-0.0557,0.9902,0,0.016,10.5938,-1.4771,1]},
{"frame":13,"values":[0.992,0.0115,-0.1254,0,-0.0044,0.9984,0.0565,0,0.1259,-0.0555,0.9905,0,0.016,10.5938,-1.4771,1]},
{"frame":14,"values":[0.9923,0.0112,-0.123,0,-0.0043,0.9984,0.056,0,0.1235,-0.0551,0.9908,0,0.016,10.5938,-1.4771,1]},
{"frame":15,"values":[0.9927,0.0105,-0.1203,0,-0.0039,0.9985,0.0552,0,0.1207,-0.0543,0.9912,0,0.016,10.5938,-1.4771,1]},
{"frame":16,"values":[0.993,0.0095,-0.1174,0,-0.0032,0.9985,0.054,0,0.1178,-0.0533,0.9916,0,0.016,10.5938,-1.4771,1]},
{"frame":17,"values":[0.9934,0.008,-0.1145,0,-0.0019,0.9986,0.0529,0,0.1148,-0.0524,0.992,0,0.016,10.5938,-1.4771,1]},
{"frame":18,"values":[0.9937,0.0059,-0.1118,0,0,0.9986,0.0522,0,0.112,-0.0519,0.9924,0,0.016,10.5938,-1.4771,1]},
{"frame":19,"values":[0.994,0.0046,-0.109,0,0.001,0.9987,0.051,0,0.1091,-0.0508,0.9927,0,0.016,10.5938,-1.4771,1]},
{"frame":20,"values":[0.9943,0.0035,-0.1064,0,0.0018,0.9988,0.0496,0,0.1064,-0.0495,0.9931,0,0.016,10.5938,-1.4771,1]},
{"frame":21,"values":[0.9946,0.0025,-0.1037,0,0.0024,0.9989,0.0474,0,0.1037,-0.0474,0.9935,0,0.016,10.5938,-1.4771,1]},
{"frame":22,"values":[0.9948,0.0011,-0.1015,0,0.0036,0.999,0.0455,0,0.1015,-0.0457,0.9938,0,0.016,10.5938,-1.4771,1]},
{"frame":23,"values":[0.995,0.0001,-0.0997,0,0.0043,0.999,0.044,0,0.0996,-0.0442,0.994,0,0.016,10.5938,-1.4771,1]},
{"frame":24,"values":[0.9952,-0.0003,-0.0982,0,0.0047,0.999,0.0447,0,0.0981,-0.045,0.9942,0,0.016,10.5938,-1.4771,1]},
{"frame":25,"values":[0.9953,0.0011,-0.0972,0,0.0032,0.999,0.044,0,0.0971,-0.0441,0.9943,0,0.016,10.5938,-1.4771,1]}],"loopBehavior":1,"name":"anim","property":"_matrix"}},
{"name":"Head","index":5,"matrix":[0.7901,-0.1028,-0.6042,0,0.1018,0.9942,-0.0361,0,0.6044,-0.033,0.796,0,0,5.0564,0.7196,1],"rest":[1,0,0,0,0,1,0,0,0,0,1,0,0,5.0564,0.7196,1],"parentBoneIndex":4,"length":15.2963
,"animation":{"dataType":3,"framePerSecond":24,"keys":[
{"frame":1,"values":[0.7901,-0.1028,-0.6042,0,0.1018,0.9942,-0.0361,0,0.6044,-0.033,0.796,0,0,5.0564,0.7196,1]},
{"frame":2,"values":[0.7407,-0.0918,-0.6655,0,0.0955,0.9949,-0.031,0,0.665,-0.0406,0.7457,0,0,5.0564,0.7196,1]},
{"frame":3,"values":[0.6261,-0.0668,-0.7768,0,0.0828,0.9964,-0.0189,0,0.7753,-0.0525,0.6294,0,0,5.0564,0.7196,1]},
{"frame":4,"values":[0.5123,-0.041,-0.8578,0,0.0703,0.9975,-0.0057,0,0.8559,-0.0574,0.5139,0,0,5.0564,0.7196,1]},
{"frame":5,"values":[0.4646,-0.0296,-0.885,0,0.0623,0.9981,-0.0007,0,0.8833,-0.0549,0.4655,0,0,5.0564,0.7196,1]},
{"frame":6,"values":[0.452,-0.0315,-0.8915,0,0.0604,0.9982,-0.0046,0,0.89,-0.0518,0.453,0,0,5.0564,0.7196,1]},
{"frame":7,"values":[0.4456,-0.0349,-0.8945,0,0.0594,0.9982,-0.0093,0,0.8933,-0.049,0.4469,0,0,5.0564,0.7196,1]},
{"frame":8,"values":[0.4443,-0.039,-0.895,0,0.0589,0.9982,-0.0143,0,0.894,-0.0463,0.4458,0,0,5.0564,0.7196,1]},
{"frame":9,"values":[0.4474,-0.0431,-0.8933,0,0.0584,0.9981,-0.0189,0,0.8924,-0.0437,0.449,0,0,5.0564,0.7196,1]},
{"frame":10,"values":[0.454,-0.0468,-0.8898,0,0.0578,0.9981,-0.023,0,0.8891,-0.041,0.4558,0,0,5.0564,0.7196,1]},
{"frame":11,"values":[0.4638,-0.0502,-0.8845,0,0.0573,0.998,-0.0266,0,0.8841,-0.0383,0.4658,0,0,5.0564,0.7196,1]},
{"frame":12,"values":[0.4768,-0.0545,-0.8773,0,0.057,0.9979,-0.031,0,0.8772,-0.0353,0.4789,0,0,5.0564,0.7196,1]},
{"frame":13,"values":[0.4932,-0.0594,-0.8679,0,0.0571,0.9977,-0.0358,0,0.868,-0.0319,0.4955,0,0,5.0564,0.7196,1]},
{"frame":14,"values":[0.5133,-0.0653,-0.8557,0,0.0582,0.9975,-0.0412,0,0.8562,-0.0286,0.5158,0,0,5.0564,0.7196,1]},
{"frame":15,"values":[0.5492,-0.0752,-0.8323,0,0.061,0.9969,-0.0497,0,0.8334,-0.0235,0.5521,0,0,5.0564,0.7196,1]},
{"frame":16,"values":[0.5903,-0.0843,-0.8028,0,0.0651,0.9963,-0.0567,0,0.8046,-0.0188,0.5936,0,0,5.0564,0.7196,1]},
{"frame":17,"values":[0.6263,-0.0921,-0.7742,0,0.0703,0.9956,-0.0616,0,0.7764,-0.0158,0.63,0,0,5.0564,0.7196,1]},
{"frame":18,"values":[0.6653,-0.0961,-0.7404,0,0.0752,0.9953,-0.0616,0,0.7428,-0.0147,0.6693,0,0,5.0564,0.7196,1]},
{"frame":19,"values":[0.7014,-0.0959,-0.7063,0,0.0794,0.9953,-0.0563,0,0.7083,-0.0165,0.7057,0,0,5.0564,0.7196,1]},
{"frame":20,"values":[0.7347,-0.0913,-0.6722,0,0.0826,0.9956,-0.045,0,0.6734,-0.0225,0.739,0,0,5.0564,0.7196,1]},
{"frame":21,"values":[0.7606,-0.0886,-0.6431,0,0.0866,0.9956,-0.0348,0,0.6434,-0.0293,0.765,0,0,5.0564,0.7196,1]},
{"frame":22,"values":[0.7775,-0.0894,-0.6225,0,0.0912,0.9954,-0.0291,0,0.6222,-0.0341,0.7821,0,0,5.0564,0.7196,1]},
{"frame":23,"values":[0.7852,-0.0938,-0.6121,0,0.0956,0.995,-0.0299,0,0.6119,-0.0351,0.7902,0,0,5.0564,0.7196,1]},
{"frame":24,"values":[0.789,-0.0995,-0.6062,0,0.0996,0.9945,-0.0337,0,0.6062,-0.0338,0.7946,0,0,5.0564,0.7196,1]},
{"frame":25,"values":[0.7901,-0.1028,-0.6042,0,0.1018,0.9942,-0.0361,0,0.6044,-0.033,0.796,0,0,5.0564,0.7196,1]}],"loopBehavior":1,"name":"anim","property":"_matrix"}},
{"name":"HeadTop_End","index":6,"matrix":[1,0,0,0,0,1,0,0,0,0,1,0,0,15.1437,2.155,1],"rest":[1,0,0,0,0,1,0,0,0,0,1,0,0,15.1437,2.155,1],"parentBoneIndex":5,"length":15.2963
,"animation":{"dataType":3,"framePerSecond":24,"keys":[
{"frame":1,"values":[1,0,0,0,0,1,0,0,0,0,1,0,0,15.1437,2.155,1]},
{"frame":25,"values":[1,0,0,0,0,1,0,0,0,0,1,0,0,15.1437,2.155,1]}],"loopBehavior":1,"name":"anim","property":"_matrix"}},
{"name":"LeftShoulder","index":7,"matrix":[0.9085,-0.1065,0.404,0,0.0372,0.9837,0.1757,0,-0.4162,-0.1446,0.8977,0,3.5285,8.7304,-1.4561,1],"rest":[1,-0.0017,0,0,0.0017,1,0,0,0,0,1,0,3.5285,8.7304,-1.4561,1],"parentBoneIndex":3,"length":7.9526
,"animation":{"dataType":3,"framePerSecond":24,"keys":[
{"frame":1,"values":[0.9085,-0.1065,0.404,0,0.0372,0.9837,0.1757,0,-0.4162,-0.1446,0.8977,0,3.5285,8.7304,-1.4561,1]},
{"frame":2,"values":[0.9069,-0.1177,0.4046,0,0.0485,0.983,0.1772,0,-0.4186,-0.1411,0.8972,0,3.5285,8.7304,-1.4561,1]},
{"frame":23,"values":[0.9069,-0.1176,0.4046,0,0.0484,0.983,0.1772,0,-0.4185,-0.1411,0.8972,0,3.5285,8.7304,-1.4561,1]},
{"frame":24,"values":[0.9078,-0.1113,0.4043,0,0.042,0.9834,0.1763,0,-0.4172,-0.1431,0.8975,0,3.5285,8.7304,-1.4561,1]},
{"frame":25,"values":[0.9085,-0.1065,0.404,0,0.0372,0.9837,0.1757,0,-0.4162,-0.1446,0.8977,0,3.5285,8.7304,-1.4561,1]}],"loopBehavior":1,"name":"anim","property":"_matrix"}},
{"name":"LeftArm","index":8,"matrix":[0.4877,-0.7778,0.3964,0,0.8671,0.379,-0.3233,0,0.1012,0.5014,0.8593,0,7.6132,-2.2982,0.0421,1],"rest":[0.9965,-0.0092,0.0835,0,0.0092,1,0.0007,0,-0.0835,0.0001,0.9965,0,7.6132,-2.2982,0.0421,1],"parentBoneIndex":7,"length":18.9821
,"animation":{"dataType":3,"framePerSecond":24,"keys":[
{"frame":1,"values":[0.4877,-0.7778,0.3964,0,0.8671,0.379,-0.3233,0,0.1012,0.5014,0.8593,0,7.6132,-2.2982,0.0421,1]},
{"frame":2,"values":[0.5015,-0.7675,0.3993,0,0.8573,0.3787,-0.3487,0,0.1164,0.5171,0.8479,0,7.6132,-2.2982,0.0421,1]},
{"frame":3,"values":[0.5065,-0.7605,0.4063,0,0.8538,0.3766,-0.3595,0,0.1204,0.5289,0.8401,0,7.6132,-2.2982,0.0421,1]},
{"frame":4,"values":[0.5095,-0.7545,0.4136,0,0.8519,0.3746,-0.366,0,0.1212,0.5388,0.8337,0,7.6132,-2.2982,0.0421,1]},
{"frame":5,"values":[0.5116,-0.7483,0.4223,0,0.851,0.3737,-0.3689,0,0.1183,0.5481,0.828,0,7.6132,-2.2982,0.0421,1]},
{"frame":6,"values":[0.5121,-0.743,0.431,0,0.851,0.3708,-0.3719,0,0.1165,0.5572,0.8222,0,7.6132,-2.2982,0.0421,1]},
{"frame":7,"values":[0.5124,-0.7408,0.4344,0,0.8501,0.3658,-0.3789,0,0.1218,0.5634,0.8171,0,7.6132,-2.2982,0.0421,1]},
{"frame":8,"values":[0.5135,-0.7397,0.4349,0,0.8483,0.3613,-0.3871,0,0.1292,0.5677,0.813,0,7.6132,-2.2982,0.0421,1]},
{"frame":9,"values":[0.5158,-0.7376,0.4357,0,0.8459,0.3579,-0.3955,0,0.1358,0.5726,0.8085,0,7.6132,-2.2982,0.0421,1]},
{"frame":10,"values":[0.5185,-0.7359,0.4353,0,0.8431,0.3553,-0.4036,0,0.1423,0.5763,0.8047,0,7.6132,-2.2982,0.0421,1]},
{"frame":11,"values":[0.5225,-0.7379,0.4272,0,0.8381,0.3524,-0.4164,0,0.1568,0.5756,0.8026,0,7.6132,-2.2982,0.0421,1]},
{"frame":12,"values":[0.5282,-0.7383,0.4195,0,0.8305,0.3463,-0.4363,0,0.1768,0.5788,0.796,0,7.6132,-2.2982,0.0421,1]},
{"frame":13,"values":[0.5316,-0.7418,0.4089,0,0.8243,0.342,-0.4512,0,0.1948,0.5769,0.7932,0,7.6132,-2.2982,0.0421,1]},
{"frame":14,"values":[0.5303,-0.7463,0.4022,0,0.8231,0.3394,-0.4554,0,0.2034,0.5725,0.7942,0,7.6132,-2.2982,0.0421,1]},
{"frame":15,"values":[0.5185,-0.7572,0.3972,0,0.8303,0.3349,-0.4455,0,0.2043,0.5608,0.8024,0,7.6132,-2.2982,0.0421,1]},
{"frame":16,"values":[0.4967,-0.7736,0.3935,0,0.8451,0.3278,-0.4223,0,0.1977,0.5424,0.8165,0,7.6132,-2.2982,0.0421,1]},
{"frame":17,"values":[0.475,-0.7812,0.4051,0,0.863,0.3234,-0.3882,0,0.1723,0.534,0.8278,0,7.6132,-2.2982,0.0421,1]},
{"frame":18,"values":[0.4542,-0.7829,0.4252,0,0.8804,0.3212,-0.349,0,0.1366,0.5329,0.8351,0,7.6132,-2.2982,0.0421,1]},
{"frame":19,"values":[0.4401,-0.7803,0.4444,0,0.8918,0.3218,-0.3181,0,0.1052,0.5363,0.8374,0,7.6132,-2.2982,0.0421,1]},
{"frame":20,"values":[0.4362,-0.7782,0.4517,0,0.8956,0.3271,-0.3014,0,0.0868,0.5361,0.8397,0,7.6132,-2.2982,0.0421,1]},
{"frame":21,"values":[0.4416,-0.7781,0.4467,0,0.8941,0.3401,-0.2914,0,0.0748,0.5281,0.8459,0,7.6132,-2.2982,0.0421,1]},
{"frame":22,"values":[0.4539,-0.7791,0.4324,0,0.8884,0.3578,-0.2877,0,0.0694,0.5147,0.8545,0,7.6132,-2.2982,0.0421,1]},
{"frame":23,"values":[0.4704,-0.7787,0.4152,0,0.8792,0.3732,-0.2961,0,0.0756,0.5043,0.8602,0,7.6132,-2.2982,0.0421,1]},
{"frame":24,"values":[0.4813,-0.7787,0.4024,0,0.8718,0.3774,-0.3124,0,0.0914,0.5012,0.8605,0,7.6132,-2.2982,0.0421,1]},
{"frame":25,"values":[0.4877,-0.7778,0.3964,0,0.8671,0.379,-0.3233,0,0.1012,0.5014,0.8593,0,7.6132,-2.2982,0.0421,1]}],"loopBehavior":1,"name":"anim","property":"_matrix"}},
{"name":"LeftForeArm","index":9,"matrix":[0.149,0.0081,0.9888,0,0.9655,-0.2171,-0.1437,0,0.2135,0.9761,-0.0402,0,18.9146,0.2055,-1.5856,1],"rest":[0.9964,0.0108,-0.0835,0,-0.0108,0.9999,0.0005,0,0.0835,0.0005,0.9965,0,18.9146,0.2055,-1.5856,1],"parentBoneIndex":8,"length":18.4362
,"animation":{"dataType":3,"framePerSecond":24,"keys":[
{"frame":1,"values":[0.149,0.0081,0.9888,0,0.9655,-0.2171,-0.1437,0,0.2135,0.9761,-0.0402,0,18.9146,0.2055,-1.5856,1]},
{"frame":2,"values":[0.1646,0.0084,0.9863,0,0.9643,-0.2119,-0.1591,0,0.2076,0.9773,-0.043,0,18.9146,0.2055,-1.5856,1]},
{"frame":3,"values":[0.1796,0.0086,0.9837,0,0.9617,-0.2119,-0.1737,0,0.2069,0.9773,-0.0463,0,18.9146,0.2055,-1.5856,1]},
{"frame":4,"values":[0.1895,0.0087,0.9819,0,0.9599,-0.2119,-0.1833,0,0.2065,0.9773,-0.0485,0,18.9146,0.2055,-1.5856,1]},
{"frame":5,"values":[0.1963,0.0088,0.9805,0,0.9586,-0.2119,-0.19,0,0.2061,0.9773,-0.05,0,18.9146,0.2055,-1.5856,1]},
{"frame":6,"values":[0.1993,0.0088,0.9799,0,0.958,-0.2119,-0.193,0,0.2059,0.9772,-0.0507,0,18.9146,0.2055,-1.5856,1]},
{"frame":7,"values":[0.1958,0.0088,0.9806,0,0.9587,-0.2119,-0.1895,0,0.2061,0.9773,-0.0499,0,18.9146,0.2055,-1.5856,1]},
{"frame":8,"values":[0.1884,0.0087,0.9821,0,0.9601,-0.2119,-0.1823,0,0.2065,0.9773,-0.0483,0,18.9146,0.2055,-1.5856,1]},
{"frame":9,"values":[0.181,0.0086,0.9834,0,0.9615,-0.2119,-0.1751,0,0.2069,0.9773,-0.0466,0,18.9146,0.2055,-1.5856,1]},
{"frame":10,"values":[0.1716,0.0085,0.9851,0,0.9631,-0.2119,-0.166,0,0.2073,0.9773,-0.0446,0,18.9146,0.2055,-1.5856,1]},
{"frame":11,"values":[0.1561,0.0084,0.9877,0,0.9656,-0.2118,-0.1508,0,0.208,0.9773,-0.0411,0,18.9146,0.2055,-1.5856,1]},
{"frame":12,"values":[0.1487,0.0083,0.9888,0,0.9667,-0.2118,-0.1436,0,0.2083,0.9773,-0.0395,0,18.9146,0.2055,-1.5856,1]},
{"frame":13,"values":[0.1386,0.0082,0.9903,0,0.9681,-0.2118,-0.1338,0,0.2087,0.9773,-0.0373,0,18.9146,0.2055,-1.5856,1]},
{"frame":14,"values":[0.1298,0.0157,0.9914,0,0.97,-0.2094,-0.1236,0,0.2056,0.9777,-0.0424,0,18.9146,0.2055,-1.5856,1]},
{"frame":15,"values":[0.1166,0.0422,0.9923,0,0.9739,-0.201,-0.1059,0,0.195,0.9787,-0.0645,0,18.9146,0.2055,-1.5856,1]},
{"frame":16,"values":[0.0982,0.079,0.992,0,0.9785,-0.1896,-0.0817,0,0.1817,0.9787,-0.0959,0,18.9146,0.2055,-1.5856,1]},
{"frame":17,"values":[0.0974,0.1181,0.9882,0,0.9811,-0.1783,-0.0754,0,0.1672,0.9769,-0.1332,0,18.9146,0.2055,-1.5856,1]},
{"frame":18,"values":[0.1152,0.1507,0.9818,0,0.9815,-0.1695,-0.0891,0,0.1529,0.9739,-0.1674,0,18.9146,0.2055,-1.5856,1]},
{"frame":19,"values":[0.1421,0.1683,0.9755,0,0.9797,-0.1648,-0.1143,0,0.1415,0.9719,-0.1882,0,18.9146,0.2055,-1.5856,1]},
{"frame":20,"values":[0.1605,0.1612,0.9738,0,0.9769,-0.1667,-0.1334,0,0.1409,0.9727,-0.1843,0,18.9146,0.2055,-1.5856,1]},
{"frame":21,"values":[0.1686,0.13,0.9771,0,0.9738,-0.1753,-0.1447,0,0.1525,0.9759,-0.1562,0,18.9146,0.2055,-1.5856,1]},
{"frame":22,"values":[0.1673,0.0915,0.9817,0,0.9712,-0.1866,-0.1481,0,0.1697,0.9782,-0.1201,0,18.9146,0.2055,-1.5856,1]},
{"frame":23,"values":[0.1584,0.0573,0.9857,0,0.9697,-0.1971,-0.1444,0,0.186,0.9787,-0.0868,0,18.9146,0.2055,-1.5856,1]},
{"frame":24,"values":[0.1526,0.0256,0.988,0,0.967,-0.21,-0.1439,0,0.2038,0.9774,-0.0568,0,18.9146,0.2055,-1.5856,1]},
{"frame":25,"values":[0.149,0.0082,0.9888,0,0.9655,-0.2171,-0.1437,0,0.2135,0.9761,-0.0402,0,18.9146,0.2055,-1.5856,1]}],"loopBehavior":1,"name":"anim","property":"_matrix"}},
{"name":"LeftHand","index":10,"matrix":[0.9492,-0.2061,0.2376,0,0.3,0.8205,-0.4866,0,-0.0947,0.5332,0.8407,0,18.4362,0,0,1],"rest":[0.9824,-0.1864,-0.0127,0,0.1846,0.9789,-0.0878,0,0.0288,0.0839,0.9961,0,18.4362,0,0,1],"parentBoneIndex":9,"length":6.699
,"animation":{"dataType":3,"framePerSecond":24,"keys":[
{"frame":1,"values":[0.9492,-0.2061,0.2376,0,0.3,0.8205,-0.4866,0,-0.0947,0.5332,0.8407,0,18.4362,0,0,1]},
{"frame":2,"values":[0.9536,-0.2053,0.2202,0,0.2908,0.8169,-0.4981,0,-0.0776,0.539,0.8387,0,18.4362,0,0,1]},
{"frame":3,"values":[0.9541,-0.2093,0.2141,0,0.2914,0.8131,-0.504,0,-0.0686,0.5433,0.8368,0,18.4362,0,0,1]},
{"frame":4,"values":[0.9541,-0.2112,0.2124,0,0.2923,0.8114,-0.5062,0,-0.0655,0.545,0.8359,0,18.4362,0,0,1]},
{"frame":5,"values":[0.9537,-0.211,0.2143,0,0.2931,0.8117,-0.5053,0,-0.0673,0.5447,0.8359,0,18.4362,0,0,1]},
{"frame":6,"values":[0.954,-0.2089,0.2148,0,0.2913,0.8145,-0.5017,0,-0.0701,0.5412,0.838,0,18.4362,0,0,1]},
{"frame":7,"values":[0.9556,-0.2059,0.2109,0,0.2864,0.8182,-0.4986,0,-0.0699,0.5369,0.8408,0,18.4362,0,0,1]},
{"frame":8,"values":[0.9574,-0.202,0.2064,0,0.2804,0.8214,-0.4967,0,-0.0692,0.5334,0.843,0,18.4362,0,0,1]},
{"frame":9,"values":[0.9593,-0.197,0.2025,0,0.2739,0.8243,-0.4955,0,-0.0693,0.5308,0.8447,0,18.4362,0,0,1]},
{"frame":10,"values":[0.9611,-0.191,0.1995,0,0.2671,0.8268,-0.4951,0,-0.0704,0.5291,0.8456,0,18.4362,0,0,1]},
{"frame":11,"values":[0.9638,-0.1851,0.192,0,0.2582,0.8278,-0.4981,0,-0.0667,0.5297,0.8456,0,18.4362,0,0,1]},
{"frame":12,"values":[0.9671,-0.1823,0.1777,0,0.2485,0.827,-0.5042,0,-0.0551,0.5318,0.8451,0,18.4362,0,0,1]},
{"frame":13,"values":[0.9692,-0.1823,0.1659,0,0.2424,0.8258,-0.5091,0,-0.0442,0.5336,0.8446,0,18.4362,0,0,1]},
{"frame":14,"values":[0.9709,-0.1824,0.1554,0,0.237,0.8257,-0.5119,0,-0.0349,0.5338,0.8449,0,18.4362,0,0,1]},
{"frame":15,"values":[0.9734,-0.1823,0.1385,0,0.228,0.8278,-0.5126,0,-0.0212,0.5306,0.8474,0,18.4362,0,0,1]},
{"frame":16,"values":[0.9759,-0.1813,0.1216,0,0.2182,0.8325,-0.5093,0,-0.0089,0.5235,0.852,0,18.4362,0,0,1]},
{"frame":17,"values":[0.9772,-0.1801,0.1121,0,0.2121,0.8377,-0.5033,0,-0.0033,0.5156,0.8568,0,18.4362,0,0,1]},
{"frame":18,"values":[0.9772,-0.1827,0.1081,0,0.2123,0.8411,-0.4975,0,0,0.5092,0.8607,0,18.4362,0,0,1]},
{"frame":19,"values":[0.9763,-0.187,0.1093,0,0.2166,0.8426,-0.4931,0,0.0001,0.5051,0.8631,0,18.4362,0,0,1]},
{"frame":20,"values":[0.9739,-0.19,0.1245,0,0.2268,0.8422,-0.4891,0,-0.012,0.5046,0.8633,0,18.4362,0,0,1]},
{"frame":21,"values":[0.9684,-0.193,0.1578,0,0.2462,0.8394,-0.4846,0,-0.039,0.5082,0.8604,0,18.4362,0,0,1]},
{"frame":22,"values":[0.9616,-0.1938,0.1944,0,0.2659,0.8338,-0.4839,0,-0.0683,0.517,0.8533,0,18.4362,0,0,1]},
{"frame":23,"values":[0.956,-0.1951,0.2193,0,0.2804,0.8276,-0.4862,0,-0.0867,0.5263,0.8459,0,18.4362,0,0,1]},
{"frame":24,"values":[0.9514,-0.2022,0.2322,0,0.2936,0.8228,-0.4865,0,-0.0927,0.5311,0.8422,0,18.4362,0,0,1]},
{"frame":25,"values":[0.9492,-0.2061,0.2376,0,0.3,0.8205,-0.4866,0,-0.0947,0.5332,0.8407,0,18.4362,0,0,1]}],"loopBehavior":1,"name":"anim","property":"_matrix"}},
{"name":"LeftHandThumb1","index":11,"matrix":[0.9735,0.0862,-0.2117,0,-0.0977,0.9942,-0.0444,0,0.2067,0.0639,0.9763,0,3.0862,-1.2837,1.4227,1],"rest":[0.9923,0.1154,-0.0442,0,-0.1172,0.9923,-0.0407,0,0.0392,0.0455,0.9982,0,3.0862,-1.2837,1.4227,1],"parentBoneIndex":10,"length":2.9063
,"animation":{"dataType":3,"framePerSecond":24,"keys":[
{"frame":1,"values":[0.9735,0.0862,-0.2117,0,-0.0977,0.9942,-0.0444,0,0.2067,0.0639,0.9763,0,3.0862,-1.2837,1.4227,1]},
{"frame":25,"values":[0.9735,0.0862,-0.2117,0,-0.0977,0.9942,-0.0444,0,0.2067,0.0639,0.9763,0,3.0862,-1.2837,1.4227,1]}],"loopBehavior":1,"name":"anim","property":"_matrix"}},
{"name":"LeftHandThumb2","index":12,"matrix":[0.9736,0.078,-0.2146,0,-0.0589,0.9939,0.0937,0,0.2206,-0.0785,0.9722,0,2.2512,-1.2997,1.2997,1],"rest":[1,0,0,0,0,1,0,0,0,0,1,0,2.2512,-1.2997,1.2997,1],"parentBoneIndex":11,"length":2.9053
,"animation":{"dataType":3,"framePerSecond":24,"keys":[
{"frame":1,"values":[0.9736,0.078,-0.2146,0,-0.0589,0.9939,0.0937,0,0.2206,-0.0785,0.9722,0,2.2512,-1.2997,1.2997,1]},
{"frame":25,"values":[0.9736,0.078,-0.2146,0,-0.0589,0.9939,0.0937,0,0.2206,-0.0785,0.9722,0,2.2512,-1.2997,1.2997,1]}],"loopBehavior":1,"name":"anim","property":"_matrix"}},
{"name":"LeftHandThumb3","index":13,"matrix":[0.945,0.0612,0.3214,0,0.0626,0.9304,-0.3612,0,-0.3211,0.3615,0.8753,0,2.2504,-1.2993,1.2993,1],"rest":[0.9996,-0.0265,-0.0043,0,0.0265,0.9995,0.0176,0,0.0038,-0.0177,0.9998,0,2.2504,-1.2993,1.2993,1],"parentBoneIndex":12,"length":2.0937
,"animation":{"dataType":3,"framePerSecond":24,"keys":[
{"frame":1,"values":[0.945,0.0612,0.3214,0,0.0626,0.9304,-0.3612,0,-0.3211,0.3615,0.8753,0,2.2504,-1.2993,1.2993,1]},
{"frame":25,"values":[0.945,0.0612,0.3214,0,0.0626,0.9304,-0.3612,0,-0.3211,0.3615,0.8753,0,2.2504,-1.2993,1.2993,1]}],"loopBehavior":1,"name":"anim","property":"_matrix"}},
{"name":"LeftHandThumb4","index":14,"matrix":[1,0,0,0,0,1,0,0,0,0,1,0,1.642,-0.8764,0.9589,1],"rest":[1,0,0,0,0,1,0,0,0,0,1,0,1.642,-0.8764,0.9589,1],"parentBoneIndex":13,"length":2.0937
,"animation":{"dataType":3,"framePerSecond":24,"keys":[
{"frame":1,"values":[1,0,0,0,0,1,0,0,0,0,1,0,1.642,-0.8764,0.9589,1]},
{"frame":25,"values":[1,0,0,0,0,1,0,0,0,0,1,0,1.642,-0.8764,0.9589,1]}],"loopBehavior":1,"name":"anim","property":"_matrix"}},
{"name":"LeftHandIndex1","index":15,"matrix":[0.9983,-0.0486,0.031,0,0.0427,0.985,0.1673,0,-0.0387,-0.1656,0.9854,0,7.464,1.013,1.9108,1],"rest":[0.9467,0.3125,0.078,0,-0.3129,0.9497,-0.0071,0,-0.0763,-0.0177,0.9969,0,7.464,1.013,1.9108,1],"parentBoneIndex":10,"length":3.1738
,"animation":{"dataType":3,"framePerSecond":24,"keys":[
{"frame":1,"values":[0.9983,-0.0486,0.031,0,0.0427,0.985,0.1673,0,-0.0387,-0.1656,0.9854,0,7.464,1.013,1.9108,1]},
{"frame":25,"values":[0.9983,-0.0486,0.031,0,0.0427,0.985,0.1673,0,-0.0387,-0.1656,0.9854,0,7.464,1.013,1.9108,1]}],"loopBehavior":1,"name":"anim","property":"_matrix"}},
{"name":"LeftHandIndex2","index":16,"matrix":[0.8701,-0.4866,-0.0787,0,0.4852,0.8736,-0.0372,0,0.0869,-0.0058,0.9962,0,3.142,-0.4199,-0.157,1],"rest":[0.9998,-0.0181,0.007,0,0.0181,0.9998,-0.0018,0,-0.007,0.0019,1,0,3.142,-0.4199,-0.157,1],"parentBoneIndex":15,"length":2.1038
,"animation":{"dataType":3,"framePerSecond":24,"keys":[
{"frame":1,"values":[0.8701,-0.4866,-0.0787,0,0.4852,0.8736,-0.0372,0,0.0869,-0.0058,0.9962,0,3.142,-0.4199,-0.157,1]},
{"frame":25,"values":[0.8701,-0.4866,-0.0787,0,0.4852,0.8736,-0.0372,0,0.0869,-0.0058,0.9962,0,3.142,-0.4199,-0.157,1]}],"loopBehavior":1,"name":"anim","property":"_matrix"}},
{"name":"LeftHandIndex3","index":17,"matrix":[0.8497,-0.5191,-0.0921,0,0.5172,0.8546,-0.0461,0,0.1026,-0.0084,0.9947,0,2.0866,-0.2403,-0.1191,1],"rest":[0.9985,-0.0544,-0.0084,0,0.0544,0.9985,-0.0024,0,0.0085,0.0019,1,0,2.0866,-0.2403,-0.1191,1],"parentBoneIndex":16,"length":1.9464
,"animation":{"dataType":3,"framePerSecond":24,"keys":[
{"frame":1,"values":[0.8497,-0.5191,-0.0921,0,0.5172,0.8546,-0.0461,0,0.1026,-0.0084,0.9947,0,2.0866,-0.2403,-0.1191,1]},
{"frame":25,"values":[0.8497,-0.5191,-0.0921,0,0.5172,0.8546,-0.0461,0,0.1026,-0.0084,0.9947,0,2.0866,-0.2403,-0.1191,1]}],"loopBehavior":1,"name":"anim","property":"_matrix"}},
{"name":"LeftHandIndex4","index":18,"matrix":[1,0,0,0,0,1,0,0,0,0,1,0,1.9406,-0.1168,-0.0942,1],"rest":[1,0,0,0,0,1,0,0,0,0,1,0,1.9406,-0.1168,-0.0942,1],"parentBoneIndex":17,"length":1.9464
,"animation":{"dataType":3,"framePerSecond":24,"keys":[
{"frame":1,"values":[1,0,0,0,0,1,0,0,0,0,1,0,1.9406,-0.1168,-0.0942,1]},
{"frame":25,"values":[1,0,0,0,0,1,0,0,0,0,1,0,1.9406,-0.1168,-0.0942,1]}],"loopBehavior":1,"name":"anim","property":"_matrix"}},
{"name":"LeftHandMiddle1","index":19,"matrix":[0.9954,0.0065,0.0952,0,-0.0233,0.984,0.1765,0,-0.0925,-0.1779,0.9797,0,7.4859,1.4067,0.2197,1],"rest":[0.92,0.3717,0.1241,0,-0.3732,0.9277,-0.0117,0,-0.1194,-0.0356,0.9922,0,7.4859,1.4067,0.2197,1],"parentBoneIndex":10,"length":3.6612
,"animation":{"dataType":3,"framePerSecond":24,"keys":[
{"frame":1,"values":[0.9954,0.0065,0.0952,0,-0.0233,0.984,0.1765,0,-0.0925,-0.1779,0.9797,0,7.4859,1.4067,0.2197,1]},
{"frame":25,"values":[0.9954,0.0065,0.0952,0,-0.0233,0.984,0.1765,0,-0.0925,-0.1779,0.9797,0,7.4859,1.4067,0.2197,1]}],"loopBehavior":1,"name":"anim","property":"_matrix"}},
{"name":"LeftHandMiddle2","index":20,"matrix":[0.6855,-0.7052,-0.1812,0,0.7035,0.7056,-0.0849,0,0.1877,-0.0692,0.9798,0,3.5734,-0.7167,-0.3489,1],"rest":[0.9979,0.0003,-0.065,0,0.0005,0.9999,0.013,0,0.065,-0.013,0.9978,0,3.5734,-0.7167,-0.3489,1],"parentBoneIndex":19,"length":2.307
,"animation":{"dataType":3,"framePerSecond":24,"keys":[
{"frame":1,"values":[0.6855,-0.7052,-0.1812,0,0.7035,0.7056,-0.0849,0,0.1877,-0.0692,0.9798,0,3.5734,-0.7167,-0.3489,1]},
{"frame":9,"values":[0.6855,-0.7052,-0.1812,0,0.7035,0.7056,-0.0849,0,0.1877,-0.0693,0.9798,0,3.5734,-0.7167,-0.3489,1]},
{"frame":10,"values":[0.6855,-0.7052,-0.1812,0,0.7035,0.7056,-0.0849,0,0.1877,-0.0692,0.9798,0,3.5734,-0.7167,-0.3489,1]},
{"frame":12,"values":[0.6855,-0.7052,-0.1812,0,0.7035,0.7056,-0.0849,0,0.1877,-0.0693,0.9798,0,3.5734,-0.7167,-0.3489,1]},
{"frame":13,"values":[0.6855,-0.7052,-0.1812,0,0.7035,0.7056,-0.0849,0,0.1877,-0.0692,0.9798,0,3.5734,-0.7167,-0.3489,1]},
{"frame":14,"values":[0.6855,-0.7052,-0.1812,0,0.7035,0.7056,-0.0849,0,0.1877,-0.0693,0.9798,0,3.5734,-0.7167,-0.3489,1]},
{"frame":15,"values":[0.6855,-0.7052,-0.1812,0,0.7035,0.7056,-0.0849,0,0.1877,-0.0692,0.9798,0,3.5734,-0.7167,-0.3489,1]},
{"frame":19,"values":[0.6855,-0.7052,-0.1812,0,0.7035,0.7056,-0.0849,0,0.1877,-0.0693,0.9798,0,3.5734,-0.7167,-0.3489,1]},
{"frame":20,"values":[0.6855,-0.7052,-0.1812,0,0.7035,0.7056,-0.0849,0,0.1877,-0.0692,0.9798,0,3.5734,-0.7167,-0.3489,1]},
{"frame":22,"values":[0.6855,-0.7052,-0.1812,0,0.7035,0.7056,-0.0849,0,0.1877,-0.0693,0.9798,0,3.5734,-0.7167,-0.3489,1]},
{"frame":23,"values":[0.6855,-0.7052,-0.1812,0,0.7035,0.7056,-0.0849,0,0.1877,-0.0692,0.9798,0,3.5734,-0.7167,-0.3489,1]},
{"frame":25,"values":[0.6855,-0.7052,-0.1812,0,0.7035,0.7056,-0.0849,0,0.1877,-0.0692,0.9798,0,3.5734,-0.7167,-0.3489,1]}],"loopBehavior":1,"name":"anim","property":"_matrix"}},
{"name":"LeftHandMiddle3","index":21,"matrix":[0.6495,-0.747,-0.1422,0,0.7483,0.6611,-0.0545,0,0.1347,-0.071,0.9883,0,2.261,-0.4533,-0.0672,1],"rest":[0.9953,-0.0937,-0.0244,0,0.0937,0.9956,0.001,0,0.0242,-0.0032,0.9997,0,2.261,-0.4533,-0.0672,1],"parentBoneIndex":20,"length":2.0715
,"animation":{"dataType":3,"framePerSecond":24,"keys":[
{"frame":1,"values":[0.6495,-0.747,-0.1422,0,0.7483,0.6611,-0.0545,0,0.1347,-0.071,0.9883,0,2.261,-0.4533,-0.0672,1]},
{"frame":25,"values":[0.6495,-0.747,-0.1422,0,0.7483,0.6611,-0.0545,0,0.1347,-0.071,0.9883,0,2.261,-0.4533,-0.0672,1]}],"loopBehavior":1,"name":"anim","property":"_matrix"}},
{"name":"LeftHandMiddle4","index":22,"matrix":[1,0,0,0,0,1,0,0,0,0,1,0,2.0603,-0.215,-0.0098,1],"rest":[1,0,0,0,0,1,0,0,0,0,1,0,2.0603,-0.215,-0.0098,1],"parentBoneIndex":21,"length":2.0715
,"animation":{"dataType":3,"framePerSecond":24,"keys":[
{"frame":1,"values":[1,0,0,0,0,1,0,0,0,0,1,0,2.0603,-0.215,-0.0098,1]},
{"frame":25,"values":[1,0,0,0,0,1,0,0,0,0,1,0,2.0603,-0.215,-0.0098,1]}],"loopBehavior":1,"name":"anim","property":"_matrix"}},
