{"producer":{"name":"Blender","version":"2.90.0","exporter_version":"2.80.1","file":"turnright.babylon"},
"autoClear":true,"clearColor":[0.0509,0.0509,0.0509],"gravity":[0,-9.81,0],
"materials":[{"name":"Material","id":"Material","customType":"BABYLON.PBRMaterial","backFaceCulling":true,"checkReadyOnlyOnce":false,"maxSimultaneousLights":4,"environmentIntensity":1,"albedo":[0.8,0.8,0.8],"reflectivity":[0.5,0.5,0.5],"roughness":0.4,"alpha":1,"transparencyMode":0,"alphaCutOff":0.4,"metallic":0}],
"multiMaterials":[],
"skeletons":[{"name":"Armature","id":0,"dimensionsAtRest":[128.1663,151.4482,19.1351],"bones":[
{"name":"Hips","index":0,"matrix":[0.9922,-0.06,0.1096,0,0.0524,0.9961,0.0715,0,0.1135,0.0652,-0.9914,0,0.1013,80.1751,-0.9041,1],"rest":[1,0,0,0,0,1,0,0,0,0,-1,0,0,81.0629,0,1],"parentBoneIndex":-1,"length":7.701
,"animation":{"dataType":3,"framePerSecond":24,"keys":[
{"frame":1,"values":[0.9922,-0.06,0.1096,0,0.0524,0.9961,0.0715,0,0.1135,0.0652,-0.9914,0,0.1013,80.1751,-0.9041,1]},
{"frame":2,"values":[0.9922,-0.06,0.1096,0,0.0524,0.9961,0.0715,0,0.1135,0.0652,-0.9914,0,0.805,79.8126,-0.4321,1]},
{"frame":3,"values":[0.9922,-0.06,0.1096,0,0.0524,0.9961,0.0715,0,0.1135,0.0652,-0.9914,0,2.4599,79.2624,0.3488,1]},
{"frame":4,"values":[0.9922,-0.06,0.1096,0,0.0524,0.9961,0.0715,0,0.1135,0.0652,-0.9914,0,4.484,79.1247,0.9815,1]},
{"frame":5,"values":[0.9922,-0.06,0.1096,0,0.0524,0.9961,0.0715,0,0.1135,0.0652,-0.9914,0,6.1972,79.204,1.5534,1]},
{"frame":6,"values":[0.9922,-0.06,0.1096,0,0.0524,0.9961,0.0715,0,0.1135,0.0652,-0.9914,0,7.3616,79.1242,1.9498,1]},
{"frame":7,"values":[0.9922,-0.06,0.1096,0,0.0524,0.9961,0.0715,0,0.1135,0.0652,-0.9914,0,8.1891,78.8967,2.2604,1]},
{"frame":8,"values":[0.9922,-0.06,0.1096,0,0.0524,0.9961,0.0715,0,0.1135,0.0652,-0.9914,0,8.7115,78.6966,2.5958,1]},
{"frame":9,"values":[0.9922,-0.06,0.1096,0,0.0524,0.9961,0.0715,0,0.1135,0.0652,-0.9914,0,8.8898,78.6611,3.0737,1]},
{"frame":10,"values":[0.9922,-0.06,0.1096,0,0.0524,0.9961,0.0715,0,0.1135,0.0652,-0.9914,0,8.6164,78.7791,3.8231,1]},
{"frame":11,"values":[0.9922,-0.06,0.1096,0,0.0524,0.9961,0.0715,0,0.1135,0.0652,-0.9914,0,8.1272,78.7518,4.7478,1]},
{"frame":12,"values":[0.9922,-0.06,0.1096,0,0.0524,0.9961,0.0715,0,0.1135,0.0652,-0.9914,0,7.7091,78.5833,5.6389,1]},
{"frame":13,"values":[0.9922,-0.06,0.1096,0,0.0524,0.9961,0.0715,0,0.1135,0.0652,-0.9914,0,7.2819,78.5318,6.3672,1]},
{"frame":14,"values":[0.9922,-0.06,0.1096,0,0.0524,0.9961,0.0715,0,0.1135,0.0652,-0.9914,0,6.8676,78.8121,6.7728,1]},
{"frame":15,"values":[0.9922,-0.06,0.1096,0,0.0524,0.9961,0.0715,0,0.1135,0.0652,-0.9914,0,6.4022,79.1996,6.7374,1]},
{"frame":16,"values":[0.9922,-0.06,0.1096,0,0.0524,0.9961,0.0715,0,0.1135,0.0652,-0.9914,0,5.7698,79.6342,6.3771,1]},
{"frame":17,"values":[0.9922,-0.06,0.1096,0,0.0524,0.9961,0.0715,0,0.1135,0.0652,-0.9914,0,4.9549,79.9109,5.722,1]},
{"frame":18,"values":[0.9922,-0.06,0.1096,0,0.0524,0.9961,0.0715,0,0.1135,0.0652,-0.9914,0,3.8785,79.9878,4.8493,1]},
{"frame":19,"values":[0.9922,-0.06,0.1096,0,0.0524,0.9961,0.0715,0,0.1135,0.0652,-0.9914,0,2.6013,79.7759,3.8327,1]},
{"frame":20,"values":[0.9922,-0.06,0.1096,0,0.0524,0.9961,0.0715,0,0.1135,0.0652,-0.9914,0,1.3691,79.5951,2.7793,1]},
{"frame":21,"values":[0.9922,-0.06,0.1096,0,0.0524,0.9961,0.0715,0,0.1135,0.0652,-0.9914,0,0.3369,79.806,1.7967,1]},
{"frame":22,"values":[0.9922,-0.06,0.1096,0,0.0524,0.9961,0.0715,0,0.1135,0.0652,-0.9914,0,-0.4819,80.0299,0.7229,1]},
{"frame":23,"values":[0.9922,-0.06,0.1096,0,0.0524,0.9961,0.0715,0,0.1135,0.0652,-0.9914,0,-0.9041,80.1727,0.0994,1]}],"loopBehavior":1,"name":"anim","property":"_matrix"}},
{"name":"Spine","index":1,"matrix":[0.9985,0.0497,-0.0241,0,-0.0482,0.9971,0.0587,0,0.0269,-0.0575,0.998,0,0.009,7.0626,-0.9847,1],"rest":[1,0,0,0,0,1,0,0,0,0,1,0,0.009,7.0626,-0.9847,1],"parentBoneIndex":0,"length":8.3194
,"animation":{"dataType":3,"framePerSecond":24,"keys":[
{"frame":1,"values":[0.9985,0.0497,-0.0241,0,-0.0482,0.9971,0.0587,0,0.0269,-0.0575,0.998,0,0.009,7.0626,-0.9847,1]},
{"frame":2,"values":[0.9988,0.044,-0.0195,0,-0.0428,0.9972,0.0611,0,0.0222,-0.0602,0.9979,0,0.009,7.0626,-0.9847,1]},
{"frame":3,"values":[0.9992,0.0374,-0.016,0,-0.0363,0.9973,0.0638,0,0.0183,-0.0632,0.9978,0,0.009,7.0626,-0.9847,1]},
{"frame":4,"values":[0.999,0.0433,-0.0118,0,-0.0424,0.9969,0.0662,0,0.0147,-0.0656,0.9977,0,0.009,7.0626,-0.9847,1]},
{"frame":5,"values":[0.9985,0.055,-0.0067,0,-0.0544,0.9963,0.0668,0,0.0104,-0.0663,0.9977,0,0.009,7.0626,-0.9847,1]},
{"frame":6,"values":[0.9982,0.0596,-0.0008,0,-0.0594,0.9962,0.0644,0,0.0047,-0.0642,0.9979,0,0.009,7.0626,-0.9847,1]},
{"frame":7,"values":[0.9983,0.0582,0.0024,0,-0.0582,0.9965,0.06,0,0.0011,-0.06,0.9982,0,0.009,7.0626,-0.9847,1]},
{"frame":8,"values":[0.9984,0.0569,0.0034,0,-0.057,0.9968,0.056,0,-0.0002,-0.0561,0.9984,0,0.009,7.0626,-0.9847,1]},
{"frame":9,"values":[0.9983,0.058,0.0075,0,-0.0583,0.9969,0.0529,0,-0.0044,-0.0532,0.9986,0,0.009,7.0626,-0.9847,1]},
{"frame":10,"values":[0.9982,0.0575,0.0138,0,-0.0582,0.9971,0.0492,0,-0.011,-0.0499,0.9987,0,0.009,7.0626,-0.9847,1]},
{"frame":11,"values":[0.9982,0.0576,0.0147,0,-0.0583,0.9971,0.048,0,-0.0119,-0.0488,0.9987,0,0.009,7.0626,-0.9847,1]},
{"frame":12,"values":[0.9983,0.0576,0.0089,0,-0.058,0.997,0.0509,0,-0.0059,-0.0513,0.9987,0,0.009,7.0626,-0.9847,1]},
{"frame":13,"values":[0.9988,0.0489,0.0005,0,-0.0488,0.9973,0.0556,0,0.0022,-0.0555,0.9985,0,0.009,7.0626,-0.9847,1]},
{"frame":14,"values":[0.9992,0.0381,-0.0076,0,-0.0376,0.9976,0.0586,0,0.0099,-0.0583,0.9983,0,0.009,7.0626,-0.9847,1]},
{"frame":15,"values":[0.9993,0.0358,-0.0124,0,-0.035,0.9974,0.0631,0,0.0146,-0.0626,0.9979,0,0.009,7.0626,-0.9847,1]},
{"frame":16,"values":[0.9993,0.0334,-0.0162,0,-0.0322,0.9972,0.0675,0,0.0184,-0.0669,0.9976,0,0.009,7.0626,-0.9847,1]},
{"frame":17,"values":[0.9992,0.0354,-0.0185,0,-0.034,0.9969,0.0707,0,0.0209,-0.07,0.9973,0,0.009,7.0626,-0.9847,1]},
{"frame":18,"values":[0.9989,0.0435,-0.0163,0,-0.0422,0.9964,0.0736,0,0.0195,-0.0728,0.9972,0,0.009,7.0626,-0.9847,1]},
{"frame":19,"values":[0.9984,0.0557,-0.0119,0,-0.0547,0.9958,0.0738,0,0.016,-0.073,0.9972,0,0.009,7.0626,-0.9847,1]},
{"frame":20,"values":[0.9979,0.0638,-0.0105,0,-0.0629,0.9955,0.0712,0,0.015,-0.0704,0.9974,0,0.009,7.0626,-0.9847,1]},
{"frame":21,"values":[0.9979,0.0624,-0.0145,0,-0.0613,0.9958,0.0683,0,0.0187,-0.0673,0.9976,0,0.009,7.0626,-0.9847,1]},
{"frame":22,"values":[0.9983,0.0552,-0.0205,0,-0.0538,0.9966,0.0626,0,0.0239,-0.0614,0.9978,0,0.009,7.0626,-0.9847,1]},
{"frame":23,"values":[0.9985,0.0496,-0.0241,0,-0.0481,0.9971,0.0587,0,0.0269,-0.0575,0.998,0,0.009,7.0626,-0.9847,1]}],"loopBehavior":1,"name":"anim","property":"_matrix"}},
{"name":"Spine1","index":2,"matrix":[0.9996,0.0272,-0.0054,0,-0.0271,0.9994,0.0203,0,0.0059,-0.0201,0.9998,0,0.0124,8.2397,-1.1488,1],"rest":[1,0,0,0,0,1,0,0,0,0,1,0,0.0124,8.2397,-1.1488,1],"parentBoneIndex":1,"length":9.5079
,"animation":{"dataType":3,"framePerSecond":24,"keys":[
{"frame":1,"values":[0.9996,0.0272,-0.0054,0,-0.0271,0.9994,0.0203,0,0.0059,-0.0201,0.9998,0,0.0124,8.2397,-1.1488,1]},
{"frame":2,"values":[0.9996,0.0267,-0.0021,0,-0.0266,0.9994,0.0223,0,0.0027,-0.0223,0.9997,0,0.0124,8.2397,-1.1488,1]},
{"frame":3,"values":[0.9997,0.0231,0.0006,0,-0.0231,0.9994,0.0245,0,0,-0.0245,0.9997,0,0.0124,8.2397,-1.1488,1]},
{"frame":4,"values":[0.9998,0.018,0.0045,0,-0.0181,0.9995,0.0268,0,-0.004,-0.0269,0.9996,0,0.0124,8.2397,-1.1488,1]},
{"frame":5,"values":[0.9999,0.0121,0.0094,0,-0.0123,0.9995,0.0278,0,-0.0091,-0.0279,0.9996,0,0.0124,8.2397,-1.1488,1]},
{"frame":6,"values":[0.9999,0.0046,0.0147,0,-0.005,0.9996,0.0261,0,-0.0145,-0.0261,0.9996,0,0.0124,8.2397,-1.1488,1]},
{"frame":7,"values":[0.9998,-0.0042,0.018,0,0.0038,0.9997,0.0225,0,-0.0181,-0.0225,0.9996,0,0.0124,8.2397,-1.1488,1]},
{"frame":8,"values":[0.9997,-0.0131,0.0196,0,0.0127,0.9997,0.0192,0,-0.0198,-0.019,0.9996,0,0.0124,8.2397,-1.1488,1]},
{"frame":9,"values":[0.9995,-0.022,0.0237,0,0.0216,0.9996,0.0165,0,-0.0241,-0.016,0.9996,0,0.0124,8.2397,-1.1488,1]},
{"frame":10,"values":[0.9991,-0.0311,0.0294,0,0.0307,0.9994,0.0137,0,-0.0298,-0.0128,0.9995,0,0.0124,8.2397,-1.1488,1]},
{"frame":11,"values":[0.9988,-0.0376,0.0307,0,0.0372,0.9992,0.0126,0,-0.0311,-0.0114,0.9995,0,0.0124,8.2397,-1.1488,1]},
{"frame":12,"values":[0.9987,-0.0448,0.0262,0,0.0444,0.9989,0.0147,0,-0.0268,-0.0135,0.9995,0,0.0124,8.2397,-1.1488,1]},
{"frame":13,"values":[0.9983,-0.0543,0.0196,0,0.054,0.9984,0.0184,0,-0.0206,-0.0173,0.9996,0,0.0124,8.2397,-1.1488,1]},
{"frame":14,"values":[0.9981,-0.0609,0.0128,0,0.0607,0.9979,0.0208,0,-0.014,-0.0199,0.9997,0,0.0124,8.2397,-1.1488,1]},
{"frame":15,"values":[0.998,-0.0618,0.0094,0,0.0616,0.9978,0.0243,0,-0.0109,-0.0236,0.9997,0,0.0124,8.2397,-1.1488,1]},
{"frame":16,"values":[0.9981,-0.0605,0.0063,0,0.0604,0.9978,0.0277,0,-0.008,-0.0273,0.9996,0,0.0124,8.2397,-1.1488,1]},
{"frame":17,"values":[0.9985,-0.0552,0.0003,0,0.0552,0.998,0.0298,0,-0.0019,-0.0298,0.9996,0,0.0124,8.2397,-1.1488,1]},
{"frame":18,"values":[0.9989,-0.0464,0.001,0,0.0463,0.9984,0.0312,0,-0.0024,-0.0311,0.9995,0,0.0124,8.2397,-1.1488,1]},
{"frame":19,"values":[0.9994,-0.0354,0.0055,0,0.0352,0.9989,0.0303,0,-0.0066,-0.0301,0.9995,0,0.0124,8.2397,-1.1488,1]},
{"frame":20,"values":[0.9998,-0.022,0.0021,0,0.0219,0.9994,0.0277,0,-0.0027,-0.0276,0.9996,0,0.0124,8.2397,-1.1488,1]},
{"frame":21,"values":[1,-0.0005,-0.0083,0,0.0007,0.9997,0.0261,0,0.0082,-0.0261,0.9996,0,0.0124,8.2397,-1.1488,1]},
{"frame":22,"values":[0.9998,0.018,-0.008,0,-0.0178,0.9996,0.0227,0,0.0084,-0.0226,0.9997,0,0.0124,8.2397,-1.1488,1]},
{"frame":23,"values":[0.9996,0.0272,-0.0054,0,-0.0271,0.9994,0.0203,0,0.0059,-0.0201,0.9998,0,0.0124,8.2397,-1.1488,1]}],"loopBehavior":1,"name":"anim","property":"_matrix"}},
{"name":"Spine2","index":3,"matrix":[0.9996,0.0273,-0.0058,0,-0.0272,0.9994,0.0198,0,0.0063,-0.0197,0.9998,0,0.0142,9.4168,-1.313,1],"rest":[1,0,0,0,0,1,0,0,0,0,1,0,0.0142,9.4168,-1.313,1],"parentBoneIndex":2,"length":9.9132
,"animation":{"dataType":3,"framePerSecond":24,"keys":[
{"frame":1,"values":[0.9996,0.0273,-0.0058,0,-0.0272,0.9994,0.0198,0,0.0063,-0.0197,0.9998,0,0.0142,9.4168,-1.313,1]},
{"frame":2,"values":[0.9996,0.028,-0.0024,0,-0.0279,0.9994,0.0218,0,0.003,-0.0217,0.9998,0,0.0142,9.4168,-1.313,1]},
{"frame":3,"values":[0.9996,0.0277,0.0001,0,-0.0277,0.9993,0.0239,0,0.0005,-0.0239,0.9997,0,0.0142,9.4168,-1.313,1]},
{"frame":4,"values":[0.9996,0.0276,0.0037,0,-0.0277,0.9993,0.0261,0,-0.0029,-0.0262,0.9997,0,0.0142,9.4168,-1.313,1]},
{"frame":5,"values":[0.9996,0.0282,0.0081,0,-0.0284,0.9992,0.0269,0,-0.0073,-0.0272,0.9996,0,0.0142,9.4168,-1.313,1]},
{"frame":6,"values":[0.9995,0.0281,0.0127,0,-0.0284,0.9993,0.025,0,-0.012,-0.0254,0.9996,0,0.0142,9.4168,-1.313,1]},
{"frame":7,"values":[0.9995,0.0274,0.0152,0,-0.0277,0.9994,0.0213,0,-0.0146,-0.0217,0.9997,0,0.0142,9.4168,-1.313,1]},
{"frame":8,"values":[0.9995,0.0269,0.016,0,-0.0272,0.9995,0.0177,0,-0.0155,-0.0181,0.9997,0,0.0142,9.4168,-1.313,1]},
{"frame":9,"values":[0.9995,0.0262,0.0193,0,-0.0264,0.9995,0.0147,0,-0.0189,-0.0152,0.9997,0,0.0142,9.4168,-1.313,1]},
{"frame":10,"values":[0.9994,0.0246,0.0241,0,-0.0249,0.9996,0.0114,0,-0.0238,-0.0119,0.9996,0,0.0142,9.4168,-1.313,1]},
{"frame":11,"values":[0.9994,0.0248,0.0246,0,-0.0251,0.9996,0.01,0,-0.0243,-0.0106,0.9996,0,0.0142,9.4168,-1.313,1]},
{"frame":12,"values":[0.9995,0.0231,0.0197,0,-0.0233,0.9997,0.0122,0,-0.0194,-0.0127,0.9997,0,0.0142,9.4168,-1.313,1]},
{"frame":13,"values":[0.9998,0.0172,0.0129,0,-0.0174,0.9997,0.0163,0,-0.0126,-0.0165,0.9998,0,0.0142,9.4168,-1.313,1]},
{"frame":14,"values":[0.9999,0.0122,0.006,0,-0.0123,0.9997,0.0192,0,-0.0058,-0.0192,0.9998,0,0.0142,9.4168,-1.313,1]},
{"frame":15,"values":[0.9999,0.0101,0.0029,0,-0.0101,0.9997,0.0229,0,-0.0027,-0.023,0.9997,0,0.0142,9.4168,-1.313,1]},
{"frame":16,"values":[1,0.0059,0.0008,0,-0.0059,0.9996,0.0266,0,-0.0006,-0.0266,0.9996,0,0.0142,9.4168,-1.313,1]},
{"frame":17,"values":[1,0.002,-0.004,0,-0.0019,0.9996,0.0292,0,0.0041,-0.0292,0.9996,0,0.0142,9.4168,-1.313,1]},
{"frame":18,"values":[1,-0.0006,-0.0022,0,0.0006,0.9995,0.0312,0,0.0022,-0.0312,0.9995,0,0.0142,9.4168,-1.313,1]},
{"frame":19,"values":[1,-0.0018,0.003,0,0.0017,0.9995,0.0306,0,-0.003,-0.0306,0.9995,0,0.0142,9.4168,-1.313,1]},
{"frame":20,"values":[1,-0.0003,0.0003,0,0.0003,0.9996,0.0281,0,-0.0003,-0.0281,0.9996,0,0.0142,9.4168,-1.313,1]},
{"frame":21,"values":[0.9999,0.0105,-0.0093,0,-0.0102,0.9996,0.0262,0,0.0096,-0.0261,0.9996,0,0.0142,9.4168,-1.313,1]},
{"frame":22,"values":[0.9997,0.0216,-0.0086,0,-0.0214,0.9995,0.0225,0,0.0091,-0.0223,0.9997,0,0.0142,9.4168,-1.313,1]},
{"frame":23,"values":[0.9996,0.0273,-0.0058,0,-0.0272,0.9994,0.0198,0,0.0063,-0.0197,0.9998,0,0.0142,9.4168,-1.313,1]}],"loopBehavior":1,"name":"anim","property":"_matrix"}},
{"name":"Neck","index":4,"matrix":[1,0.0078,0.0021,0,-0.0079,0.9952,0.098,0,-0.0014,-0.098,0.9952,0,0.016,10.5938,-1.4771,1],"rest":[1,0,0,0,0,1,0,0,0,0,1,0,0.016,10.5938,-1.4771,1],"parentBoneIndex":3,"length":5.1073
,"animation":{"dataType":3,"framePerSecond":24,"keys":[
{"frame":1,"values":[1,0.0078,0.0021,0,-0.0079,0.9952,0.098,0,-0.0014,-0.098,0.9952,0,0.016,10.5938,-1.4771,1]},
{"frame":2,"values":[0.9997,0.0145,0.0195,0,-0.0163,0.9952,0.0961,0,-0.018,-0.0964,0.9952,0,0.016,10.5938,-1.4771,1]},
{"frame":3,"values":[0.9983,0.0246,0.0521,0,-0.0298,0.9944,0.1016,0,-0.0493,-0.103,0.9935,0,0.016,10.5938,-1.4771,1]},
{"frame":4,"values":[0.9952,0.0339,0.0915,0,-0.0441,0.9927,0.1123,0,-0.087,-0.1158,0.9895,0,0.016,10.5938,-1.4771,1]},
{"frame":5,"values":[0.991,0.0389,0.1283,0,-0.0548,0.9909,0.1232,0,-0.1223,-0.1291,0.9841,0,0.016,10.5938,-1.4771,1]},
{"frame":6,"values":[0.9875,0.0399,0.1527,0,-0.0603,0.9895,0.131,0,-0.1459,-0.1386,0.9795,0,0.016,10.5938,-1.4771,1]},
{"frame":7,"values":[0.9858,0.0397,0.1634,0,-0.0621,0.989,0.1344,0,-0.1563,-0.1427,0.9774,0,0.016,10.5938,-1.4771,1]},
{"frame":8,"values":[0.9851,0.0401,0.1673,0,-0.0631,0.9888,0.1349,0,-0.16,-0.1435,0.9766,0,0.016,10.5938,-1.4771,1]},
{"frame":9,"values":[0.9855,0.0405,0.165,0,-0.0633,0.9888,0.1353,0,-0.1577,-0.1438,0.977,0,0.016,10.5938,-1.4771,1]},
{"frame":10,"values":[0.9864,0.0405,0.1595,0,-0.0627,0.9886,0.1368,0,-0.1521,-0.1449,0.9777,0,0.016,10.5938,-1.4771,1]},
{"frame":11,"values":[0.9876,0.0401,0.152,0,-0.0611,0.9888,0.1361,0,-0.1448,-0.1437,0.979,0,0.016,10.5938,-1.4771,1]},
{"frame":12,"values":[0.9893,0.0361,0.1417,0,-0.0551,0.9897,0.1325,0,-0.1355,-0.1388,0.981,0,0.016,10.5938,-1.4771,1]},
{"frame":13,"values":[0.9913,0.0305,0.1282,0,-0.0472,0.9904,0.1296,0,-0.1231,-0.1345,0.9832,0,0.016,10.5938,-1.4771,1]},
{"frame":14,"values":[0.9933,0.0283,0.1122,0,-0.0426,0.9909,0.1276,0,-0.1076,-0.1315,0.9855,0,0.016,10.5938,-1.4771,1]},
{"frame":15,"values":[0.9952,0.0247,0.0945,0,-0.0363,0.9917,0.1232,0,-0.0906,-0.126,0.9879,0,0.016,10.5938,-1.4771,1]},
{"frame":16,"values":[0.9969,0.0179,0.0763,0,-0.0267,0.9928,0.1167,0,-0.0737,-0.1184,0.9902,0,0.016,10.5938,-1.4771,1]},
{"frame":17,"values":[0.9982,0.0106,0.0589,0,-0.017,0.9939,0.1093,0,-0.0573,-0.1101,0.9923,0,0.016,10.5938,-1.4771,1]},
{"frame":18,"values":[0.9991,0.004,0.0429,0,-0.0084,0.9947,0.1028,0,-0.0423,-0.103,0.9938,0,0.016,10.5938,-1.4771,1]},
{"frame":19,"values":[0.9996,-0.0006,0.0291,0,-0.0023,0.995,0.0995,0,-0.029,-0.0995,0.9946,0,0.016,10.5938,-1.4771,1]},
{"frame":20,"values":[0.9998,-0.0027,0.0178,0,0.001,0.9952,0.0982,0,-0.018,-0.0981,0.995,0,0.016,10.5938,-1.4771,1]},
{"frame":21,"values":[1,-0.0015,0.0098,0,0.0005,0.9951,0.0988,0,-0.0099,-0.0988,0.9951,0,0.016,10.5938,-1.4771,1]},
{"frame":22,"values":[1,0.004,0.0047,0,-0.0044,0.9951,0.0986,0,-0.0043,-0.0986,0.9951,0,0.016,10.5938,-1.4771,1]},
{"frame":23,"values":[1,0.0078,0.0021,0,-0.0079,0.9952,0.098,0,-0.0014,-0.098,0.9952,0,0.016,10.5938,-1.4771,1]}],"loopBehavior":1,"name":"anim","property":"_matrix"}},
{"name":"Head","index":5,"matrix":[0.9997,-0.0046,-0.0236,0,0.0014,0.9913,-0.1317,0,0.024,0.1316,0.991,0,0,5.0564,0.7196,1],"rest":[1,0,0,0,0,1,0,0,0,0,1,0,0,5.0564,0.7196,1],"parentBoneIndex":4,"length":15.2963
,"animation":{"dataType":3,"framePerSecond":24,"keys":[
{"frame":1,"values":[0.9997,-0.0046,-0.0236,0,0.0014,0.9913,-0.1317,0,0.024,0.1316,0.991,0,0,5.0564,0.7196,1]},
{"frame":2,"values":[0.9996,0.0151,0.0256,0,-0.0115,0.9904,-0.1378,0,-0.0274,0.1375,0.9901,0,0,5.0564,0.7196,1]},
{"frame":3,"values":[0.9937,0.0455,0.1024,0,-0.0317,0.9907,-0.1326,0,-0.1075,0.1285,0.9859,0,0,5.0564,0.7196,1]},
{"frame":4,"values":[0.9785,0.075,0.192,0,-0.0535,0.992,-0.1147,0,-0.1991,0.102,0.9747,0,0,5.0564,0.7196,1]},
{"frame":5,"values":[0.9555,0.0953,0.2792,0,-0.0741,0.9936,-0.0854,0,-0.2855,0.0609,0.9564,0,0,5.0564,0.7196,1]},
{"frame":6,"values":[0.9324,0.1074,0.3451,0,-0.0923,0.9939,-0.0598,0,-0.3494,0.0239,0.9367,0,0,5.0564,0.7196,1]},
{"frame":7,"values":[0.9155,0.118,0.3846,0,-0.1082,0.993,-0.0471,0,-0.3874,0.0015,0.9219,0,0,5.0564,0.7196,1]},
{"frame":8,"values":[0.9047,0.1295,0.406,0,-0.1228,0.9915,-0.0425,0,-0.408,-0.0114,0.9129,0,0,5.0564,0.7196,1]},
{"frame":9,"values":[0.9016,0.1384,0.4099,0,-0.133,0.9902,-0.0419,0,-0.4117,-0.0167,0.9112,0,0,5.0564,0.7196,1]},
{"frame":10,"values":[0.9018,0.144,0.4074,0,-0.1393,0.9894,-0.0412,0,-0.409,-0.0197,0.9123,0,0,5.0564,0.7196,1]},
{"frame":11,"values":[0.9031,0.1466,0.4037,0,-0.1424,0.989,-0.0406,0,-0.4052,-0.0209,0.914,0,0,5.0564,0.7196,1]},
{"frame":12,"values":[0.9048,0.1494,0.3987,0,-0.1446,0.9886,-0.0423,0,-0.4005,-0.0194,0.9161,0,0,5.0564,0.7196,1]},
{"frame":13,"values":[0.9091,0.1565,0.386,0,-0.1487,0.9876,-0.0502,0,-0.3891,-0.0117,0.9211,0,0,5.0564,0.7196,1]},
{"frame":14,"values":[0.9202,0.1613,0.3567,0,-0.1499,0.9869,-0.0598,0,-0.3617,0.0015,0.9323,0,0,5.0564,0.7196,1]},
{"frame":15,"values":[0.9372,0.1491,0.3152,0,-0.136,0.9887,-0.0632,0,-0.3211,0.0164,0.9469,0,0,5.0564,0.7196,1]},
{"frame":16,"values":[0.9545,0.1263,0.2703,0,-0.1129,0.9915,-0.0647,0,-0.2762,0.0312,0.9606,0,0,5.0564,0.7196,1]},
{"frame":17,"values":[0.9693,0.1033,0.2233,0,-0.0885,0.9932,-0.0755,0,-0.2296,0.0534,0.9718,0,0,5.0564,0.7196,1]},
{"frame":18,"values":[0.9812,0.0798,0.176,0,-0.0643,0.9937,-0.0918,0,-0.1822,0.0787,0.9801,0,0,5.0564,0.7196,1]},
{"frame":19,"values":[0.9899,0.0573,0.1293,0,-0.0439,0.9936,-0.1041,0,-0.1345,0.0974,0.9861,0,0,5.0564,0.7196,1]},
{"frame":20,"values":[0.9958,0.0375,0.0836,0,-0.028,0.9933,-0.112,0,-0.0872,0.1092,0.9902,0,0,5.0564,0.7196,1]},
{"frame":21,"values":[0.9989,0.0225,0.04,0,-0.0177,0.993,-0.1172,0,-0.0424,0.1164,0.9923,0,0,5.0564,0.7196,1]},
{"frame":22,"values":[1,0.006,-0.0007,0,-0.0061,0.9921,-0.1257,0,-0.0001,0.1257,0.9921,0,0,5.0564,0.7196,1]},
{"frame":23,"values":[0.9997,-0.0046,-0.0236,0,0.0014,0.9913,-0.1317,0,0.024,0.1316,0.991,0,0,5.0564,0.7196,1]}],"loopBehavior":1,"name":"anim","property":"_matrix"}},
{"name":"HeadTop_End","index":6,"matrix":[1,0,0,0,0,1,0,0,0,0,1,0,0,15.1437,2.155,1],"rest":[1,0,0,0,0,1,0,0,0,0,1,0,0,15.1437,2.155,1],"parentBoneIndex":5,"length":15.2963
,"animation":{"dataType":3,"framePerSecond":24,"keys":[
{"frame":1,"values":[1,0,0,0,0,1,0,0,0,0,1,0,0,15.1437,2.155,1]},
{"frame":23,"values":[1,0,0,0,0,1,0,0,0,0,1,0,0,15.1437,2.155,1]}],"loopBehavior":1,"name":"anim","property":"_matrix"}},
{"name":"LeftShoulder","index":7,"matrix":[0.9317,-0.2203,0.2887,0,0.2051,0.9753,0.0822,0,-0.2997,-0.0174,0.9539,0,3.5285,8.7304,-1.4561,1],"rest":[1,-0.0017,0,0,0.0017,1,0,0,0,0,1,0,3.5285,8.7304,-1.4561,1],"parentBoneIndex":3,"length":7.9526
,"animation":{"dataType":3,"framePerSecond":24,"keys":[
{"frame":1,"values":[0.9317,-0.2203,0.2887,0,0.2051,0.9753,0.0822,0,-0.2997,-0.0174,0.9539,0,3.5285,8.7304,-1.4561,1]},
{"frame":2,"values":[0.9324,-0.2153,0.2901,0,0.1999,0.9764,0.0822,0,-0.301,-0.0187,0.9534,0,3.5285,8.7304,-1.4561,1]},
{"frame":3,"values":[0.9334,-0.2108,0.2903,0,0.1952,0.9773,0.082,0,-0.301,-0.0199,0.9534,0,3.5285,8.7304,-1.4561,1]},
{"frame":4,"values":[0.9344,-0.2082,0.2889,0,0.1927,0.9779,0.0816,0,-0.2995,-0.0205,0.9539,0,3.5285,8.7304,-1.4561,1]},
{"frame":5,"values":[0.935,-0.2079,0.2874,0,0.1924,0.9779,0.0812,0,-0.2979,-0.0206,0.9544,0,3.5285,8.7304,-1.4561,1]},
{"frame":6,"values":[0.9351,-0.2089,0.2863,0,0.1936,0.9777,0.0811,0,-0.2968,-0.0204,0.9547,0,3.5285,8.7304,-1.4561,1]},
{"frame":7,"values":[0.9354,-0.2105,0.2842,0,0.1954,0.9774,0.0807,0,-0.2947,-0.02,0.9554,0,3.5285,8.7304,-1.4561,1]},
{"frame":8,"values":[0.9363,-0.2125,0.2796,0,0.1978,0.977,0.0799,0,-0.2902,-0.0195,0.9568,0,3.5285,8.7304,-1.4561,1]},
{"frame":9,"values":[0.9374,-0.2139,0.2748,0,0.1997,0.9767,0.0789,0,-0.2852,-0.0191,0.9583,0,3.5285,8.7304,-1.4561,1]},
{"frame":10,"values":[0.9369,-0.2137,0.2767,0,0.1997,0.9767,0.078,0,-0.2869,-0.0178,0.9578,0,3.5285,8.7304,-1.4561,1]},
{"frame":11,"values":[0.9336,-0.2136,0.2876,0,0.1996,0.9768,0.0776,0,-0.2975,-0.015,0.9546,0,3.5285,8.7304,-1.4561,1]},
{"frame":12,"values":[0.9285,-0.2156,0.3022,0,0.2014,0.9764,0.0779,0,-0.3119,-0.0114,0.9501,0,3.5285,8.7304,-1.4561,1]},
{"frame":13,"values":[0.9249,-0.2184,0.3111,0,0.2042,0.9758,0.0781,0,-0.3207,-0.0087,0.9472,0,3.5285,8.7304,-1.4561,1]},
{"frame":14,"values":[0.9259,-0.2198,0.3074,0,0.2057,0.9755,0.078,0,-0.317,-0.009,0.9484,0,3.5285,8.7304,-1.4561,1]},
{"frame":15,"values":[0.9295,-0.2217,0.2948,0,0.2077,0.9751,0.0782,0,-0.3048,-0.0115,0.9524,0,3.5285,8.7304,-1.4561,1]},
{"frame":16,"values":[0.933,-0.2264,0.2798,0,0.2124,0.9739,0.0798,0,-0.2906,-0.015,0.9567,0,3.5285,8.7304,-1.4561,1]},
{"frame":17,"values":[0.9318,-0.2327,0.2786,0,0.2187,0.9724,0.0807,0,-0.2897,-0.0143,0.957,0,3.5285,8.7304,-1.4561,1]},
{"frame":18,"values":[0.9277,-0.2451,0.2814,0,0.2312,0.9694,0.0822,0,-0.293,-0.0112,0.9561,0,3.5285,8.7304,-1.4561,1]},
{"frame":19,"values":[0.924,-0.2584,0.2817,0,0.2446,0.966,0.0838,0,-0.2938,-0.0085,0.9558,0,3.5285,8.7304,-1.4561,1]},
{"frame":20,"values":[0.9234,-0.264,0.2786,0,0.2502,0.9645,0.0847,0,-0.291,-0.0086,0.9567,0,3.5285,8.7304,-1.4561,1]},
{"frame":21,"values":[0.9134,-0.2708,0.3038,0,0.2574,0.9626,0.0844,0,-0.3153,0.0011,0.949,0,3.5285,8.7304,-1.4561,1]},
{"frame":22,"values":[0.9024,-0.2816,0.3261,0,0.268,0.9595,0.0869,0,-0.3373,0.0089,0.9413,0,3.5285,8.7304,-1.4561,1]},
{"frame":23,"values":[0.8972,-0.2881,0.3346,0,0.2742,0.9575,0.0892,0,-0.3461,0.0118,0.9381,0,3.5285,8.7304,-1.4561,1]}],"loopBehavior":1,"name":"anim","property":"_matrix"}},
{"name":"LeftArm","index":8,"matrix":[0.2873,-0.9492,0.1283,0,0.8845,0.3143,0.3448,0,-0.3676,0.0144,0.9299,0,7.6132,-2.2982,0.0421,1],"rest":[0.9965,-0.0092,0.0835,0,0.0092,1,0.0007,0,-0.0835,0.0001,0.9965,0,7.6132,-2.2982,0.0421,1],"parentBoneIndex":7,"length":18.9821
,"animation":{"dataType":3,"framePerSecond":24,"keys":[
{"frame":1,"values":[0.2873,-0.9492,0.1283,0,0.8845,0.3143,0.3448,0,-0.3676,0.0144,0.9299,0,7.6132,-2.2982,0.0421,1]},
{"frame":2,"values":[0.2974,-0.9476,0.1168,0,0.8809,0.3195,0.3492,0,-0.3682,-0.001,0.9298,0,7.6132,-2.2982,0.0421,1]},
{"frame":3,"values":[0.3129,-0.9443,0.1016,0,0.8793,0.3285,0.3449,0,-0.3591,-0.0186,0.9331,0,7.6132,-2.2982,0.0421,1]},
{"frame":4,"values":[0.3322,-0.9394,0.0843,0,0.8781,0.3407,0.3359,0,-0.3443,-0.0376,0.9381,0,7.6132,-2.2982,0.0421,1]},
{"frame":5,"values":[0.3529,-0.9333,0.0666,0,0.875,0.3544,0.3297,0,-0.3313,-0.0581,0.9417,0,7.6132,-2.2982,0.0421,1]},
{"frame":6,"values":[0.3725,-0.9266,0.0507,0,0.8708,0.368,0.326,0,-0.3207,-0.0772,0.944,0,7.6132,-2.2982,0.0421,1]},
{"frame":7,"values":[0.3897,-0.9202,0.0374,0,0.8673,0.3803,0.321,0,-0.3096,-0.0927,0.9463,0,7.6132,-2.2982,0.0421,1]},
{"frame":8,"values":[0.4051,-0.914,0.0227,0,0.8649,0.3911,0.3147,0,-0.2965,-0.1079,0.9489,0,7.6132,-2.2982,0.0421,1]},
{"frame":9,"values":[0.4203,-0.9074,0.0049,0,0.8624,0.4011,0.3089,0,-0.2822,-0.1256,0.9511,0,7.6132,-2.2982,0.0421,1]},
{"frame":10,"values":[0.4365,-0.8997,-0.0107,0,0.8602,0.4138,0.2981,0,-0.2638,-0.1393,0.9545,0,7.6132,-2.2982,0.0421,1]},
{"frame":11,"values":[0.4533,-0.8912,-0.0158,0,0.8583,0.4317,0.2776,0,-0.2406,-0.1394,0.9606,0,7.6132,-2.2982,0.0421,1]},
{"frame":12,"values":[0.4728,-0.881,-0.0149,0,0.8539,0.4539,0.2546,0,-0.2175,-0.1331,0.9669,0,7.6132,-2.2982,0.0421,1]},
{"frame":13,"values":[0.4939,-0.8694,-0.0147,0,0.846,0.4765,0.2394,0,-0.2011,-0.1307,0.9708,0,7.6132,-2.2982,0.0421,1]},
{"frame":14,"values":[0.5065,-0.8622,-0.0091,0,0.8405,0.4913,0.2284,0,-0.1925,-0.1233,0.9735,0,7.6132,-2.2982,0.0421,1]},
{"frame":15,"values":[0.5056,-0.8627,0.0096,0,0.8398,0.4946,0.2238,0,-0.1979,-0.1051,0.9746,0,7.6132,-2.2982,0.0421,1]},
{"frame":16,"values":[0.4965,-0.8672,0.0385,0,0.8385,0.4906,0.2373,0,-0.2246,-0.0855,0.9707,0,7.6132,-2.2982,0.0421,1]},
{"frame":17,"values":[0.4812,-0.8743,0.063,0,0.8382,0.48,0.2588,0,-0.2565,-0.0717,0.9639,0,7.6132,-2.2982,0.0421,1]},
{"frame":18,"values":[0.464,-0.8824,0.0778,0,0.8458,0.4674,0.2572,0,-0.2633,-0.0535,0.9632,0,7.6132,-2.2982,0.0421,1]},
{"frame":19,"values":[0.4418,-0.8924,0.0918,0,0.8595,0.4503,0.2419,0,-0.2572,-0.028,0.966,0,7.6132,-2.2982,0.0421,1]},
{"frame":20,"values":[0.4112,-0.9051,0.1088,0,0.8715,0.4253,0.2442,0,-0.2673,-0.0056,0.9636,0,7.6132,-2.2982,0.0421,1]},
{"frame":21,"values":[0.3784,-0.9193,0.1082,0,0.8825,0.3936,0.2574,0,-0.2792,-0.0019,0.9602,0,7.6132,-2.2982,0.0421,1]},
{"frame":22,"values":[0.3637,-0.9262,0.0993,0,0.8829,0.3768,0.2803,0,-0.297,-0.0142,0.9548,0,7.6132,-2.2982,0.0421,1]},
{"frame":23,"values":[0.3592,-0.9285,0.0944,0,0.8804,0.3706,0.2959,0,-0.3098,-0.0232,0.9505,0,7.6132,-2.2982,0.0421,1]}],"loopBehavior":1,"name":"anim","property":"_matrix"}},
{"name":"LeftForeArm","index":9,"matrix":[0.9983,0.0108,-0.0581,0,-0.0108,0.9999,0.0005,0,0.0581,0.0002,0.9983,0,18.9146,0.2055,-1.5856,1],"rest":[0.9964,0.0108,-0.0835,0,-0.0108,0.9999,0.0005,0,0.0835,0.0005,0.9965,0,18.9146,0.2055,-1.5856,1],"parentBoneIndex":8,"length":18.4362
,"animation":{"dataType":3,"framePerSecond":24,"keys":[
{"frame":1,"values":[0.9983,0.0108,-0.0581,0,-0.0108,0.9999,0.0005,0,0.0581,0.0002,0.9983,0,18.9146,0.2055,-1.5856,1]},
{"frame":2,"values":[0.9986,0.0108,-0.0511,0,-0.0108,0.9999,0.0005,0,0.0511,0.0001,0.9987,0,18.9146,0.2055,-1.5856,1]},
{"frame":3,"values":[0.9991,0.0108,-0.0401,0,-0.0108,0.9999,0.0005,0,0.0401,0,0.9992,0,18.9146,0.2055,-1.5856,1]},
{"frame":4,"values":[0.9996,0.0108,-0.0274,0,-0.0108,0.9999,0.0005,0,0.0274,-0.0002,0.9996,0,18.9146,0.2055,-1.5856,1]},
{"frame":5,"values":[0.9998,0.0108,-0.0148,0,-0.0108,0.9999,0.0005,0,0.0148,-0.0003,0.9999,0,18.9146,0.2055,-1.5856,1]},
{"frame":6,"values":[0.9999,0.0108,-0.0025,0,-0.0108,0.9999,0.0005,0,0.0025,-0.0004,1,0,18.9146,0.2055,-1.5856,1]},
{"frame":7,"values":[0.9998,0.0108,0.014,0,-0.0108,0.9999,0.0005,0,-0.014,-0.0006,0.9999,0,18.9146,0.2055,-1.5856,1]},
{"frame":8,"values":[0.9993,0.0108,0.0371,0,-0.0109,0.9999,0.0005,0,-0.0371,-0.0009,0.9993,0,18.9146,0.2055,-1.5856,1]},
{"frame":9,"values":[0.9981,0.0108,0.06,0,-0.0109,0.9999,0.0005,0,-0.06,-0.0011,0.9982,0,18.9146,0.2055,-1.5856,1]},
{"frame":10,"values":[0.9973,0.0108,0.0727,0,-0.0109,0.9999,0.0005,0,-0.0727,-0.0012,0.9974,0,18.9146,0.2055,-1.5856,1]},
{"frame":11,"values":[0.9971,0.0108,0.0747,0,-0.0109,0.9999,0.0005,0,-0.0747,-0.0013,0.9972,0,18.9146,0.2055,-1.5856,1]},
{"frame":12,"values":[0.997,0.0108,0.077,0,-0.0109,0.9999,0.0005,0,-0.077,-0.0013,0.997,0,18.9146,0.2055,-1.5856,1]},
{"frame":13,"values":[0.9965,0.0108,0.0829,0,-0.0109,0.9999,0.0005,0,-0.0829,-0.0014,0.9966,0,18.9146,0.2055,-1.5856,1]},
{"frame":14,"values":[0.9967,0.0108,0.08,0,-0.0109,0.9999,0.0005,0,-0.0799,-0.0013,0.9968,0,18.9146,0.2055,-1.5856,1]},
{"frame":15,"values":[0.998,0.0108,0.0627,0,-0.0109,0.9999,0.0005,0,-0.0627,-0.0011,0.998,0,18.9146,0.2055,-1.5856,1]},
{"frame":16,"values":[0.999,0.0108,0.0439,0,-0.0109,0.9999,0.0005,0,-0.0439,-0.0009,0.999,0,18.9146,0.2055,-1.5856,1]},
{"frame":17,"values":[0.9994,0.0108,0.0323,0,-0.0109,0.9999,0.0005,0,-0.0323,-0.0008,0.9995,0,18.9146,0.2055,-1.5856,1]},
{"frame":18,"values":[0.9997,0.0108,0.0213,0,-0.0109,0.9999,0.0005,0,-0.0213,-0.0007,0.9998,0,18.9146,0.2055,-1.5856,1]},
{"frame":19,"values":[0.9999,0.0108,0.0035,0,-0.0108,0.9999,0.0005,0,-0.0035,-0.0005,1,0,18.9146,0.2055,-1.5856,1]},
{"frame":20,"values":[0.9998,0.0108,-0.0164,0,-0.0108,0.9999,0.0005,0,0.0164,-0.0003,0.9999,0,18.9146,0.2055,-1.5856,1]},
{"frame":21,"values":[0.9994,0.0108,-0.033,0,-0.0108,0.9999,0.0005,0,0.033,-0.0001,0.9995,0,18.9146,0.2055,-1.5856,1]},
{"frame":22,"values":[0.9987,0.0108,-0.0489,0,-0.0108,0.9999,0.0005,0,0.0489,0.0001,0.9988,0,18.9146,0.2055,-1.5856,1]},
{"frame":23,"values":[0.9983,0.0108,-0.0581,0,-0.0108,0.9999,0.0005,0,0.0581,0.0002,0.9983,0,18.9146,0.2055,-1.5856,1]}],"loopBehavior":1,"name":"anim","property":"_matrix"}},
{"name":"LeftHand","index":10,"matrix":[0.9566,-0.238,0.168,0,0.291,0.7531,-0.5901,0,0.0139,0.6134,0.7897,0,18.4362,0,0,1],"rest":[0.9824,-0.1864,-0.0127,0,0.1846,0.9789,-0.0878,0,0.0288,0.0839,0.9961,0,18.4362,0,0,1],"parentBoneIndex":9,"length":6.699
,"animation":{"dataType":3,"framePerSecond":24,"keys":[
{"frame":1,"values":[0.9566,-0.238,0.168,0,0.291,0.7531,-0.5901,0,0.0139,0.6134,0.7897,0,18.4362,0,0,1]},
{"frame":2,"values":[0.9575,-0.2357,0.1662,0,0.2879,0.7487,-0.5971,0,0.0163,0.6196,0.7848,0,18.4362,0,0,1]},
{"frame":3,"values":[0.9599,-0.2316,0.1577,0,0.2792,0.7438,-0.6073,0,0.0234,0.627,0.7786,0,18.4362,0,0,1]},
{"frame":4,"values":[0.9636,-0.2272,0.1408,0,0.2647,0.7375,-0.6213,0,0.0373,0.636,0.7708,0,18.4362,0,0,1]},
{"frame":5,"values":[0.9681,-0.2223,0.1158,0,0.2443,0.7329,-0.6349,0,0.0563,0.6429,0.7639,0,18.4362,0,0,1]},
{"frame":6,"values":[0.973,-0.2148,0.0847,0,0.2182,0.7357,-0.6412,0,0.0754,0.6424,0.7627,0,18.4362,0,0,1]},
{"frame":7,"values":[0.9773,-0.2045,0.0545,0,0.1919,0.7476,-0.6359,0,0.0893,0.6319,0.7699,0,18.4362,0,0,1]},
{"frame":8,"values":[0.9808,-0.1922,0.0328,0,0.1707,0.7652,-0.6207,0,0.0942,0.6144,0.7834,0,18.4362,0,0,1]},
{"frame":9,"values":[0.984,-0.1772,0.0162,0,0.1511,0.7842,-0.6018,0,0.0939,0.5946,0.7985,0,18.4362,0,0,1]},
{"frame":10,"values":[0.9863,-0.1646,-0.0069,0,0.13,0.8034,-0.5811,0,0.1011,0.5723,0.8138,0,18.4362,0,0,1]},
{"frame":11,"values":[0.9864,-0.1602,-0.0367,0,0.1126,0.8213,-0.5592,0,0.1197,0.5475,0.8282,0,18.4362,0,0,1]},
{"frame":12,"values":[0.9857,-0.1579,-0.0594,0,0.1003,0.8316,-0.5462,0,0.1357,0.5324,0.8356,0,18.4362,0,0,1]},
{"frame":13,"values":[0.9865,-0.1486,-0.0683,0,0.087,0.8305,-0.5502,0,0.1385,0.5368,0.8322,0,18.4362,0,0,1]},
{"frame":14,"values":[0.9874,-0.1417,-0.071,0,0.078,0.8243,-0.5608,0,0.138,0.5481,0.8249,0,18.4362,0,0,1]},
{"frame":15,"values":[0.9857,-0.1549,-0.0661,0,0.09,0.8165,-0.5702,0,0.1423,0.5561,0.8188,0,18.4362,0,0,1]},
{"frame":16,"values":[0.9827,-0.18,-0.0445,0,0.1218,0.8076,-0.5771,0,0.1398,0.5616,0.8155,0,18.4362,0,0,1]},
{"frame":17,"values":[0.9804,-0.1971,-0.0064,0,0.1573,0.801,-0.5776,0,0.1189,0.5652,0.8163,0,18.4362,0,0,1]},
{"frame":18,"values":[0.9774,-0.208,0.0373,0,0.1914,0.797,-0.5728,0,0.0894,0.567,0.8188,0,18.4362,0,0,1]},
{"frame":19,"values":[0.9714,-0.2236,0.0799,0,0.2289,0.7918,-0.5663,0,0.0634,0.5684,0.8203,0,18.4362,0,0,1]},
{"frame":20,"values":[0.9639,-0.2382,0.1191,0,0.2633,0.7856,-0.5599,0,0.0398,0.571,0.82,0,18.4362,0,0,1]},
{"frame":21,"values":[0.9584,-0.2432,0.1493,0,0.2846,0.7776,-0.5606,0,0.0202,0.5798,0.8145,0,18.4362,0,0,1]},
{"frame":22,"values":[0.9568,-0.2406,0.163,0,0.2903,0.763,-0.5776,0,0.0145,0.5999,0.7999,0,18.4362,0,0,1]},
{"frame":23,"values":[0.9566,-0.238,0.168,0,0.291,0.7531,-0.5901,0,0.0139,0.6134,0.7897,0,18.4362,0,0,1]}],"loopBehavior":1,"name":"anim","property":"_matrix"}},
{"name":"LeftHandThumb1","index":11,"matrix":[0.977,0.1998,-0.0748,0,-0.204,0.9775,-0.0539,0,0.0623,0.0679,0.9957,0,3.0862,-1.2837,1.4227,1],"rest":[0.9923,0.1154,-0.0442,0,-0.1172,0.9923,-0.0407,0,0.0392,0.0455,0.9982,0,3.0862,-1.2837,1.4227,1],"parentBoneIndex":10,"length":2.9063
,"animation":{"dataType":3,"framePerSecond":24,"keys":[
{"frame":1,"values":[0.977,0.1998,-0.0748,0,-0.204,0.9775,-0.0539,0,0.0623,0.0679,0.9957,0,3.0862,-1.2837,1.4227,1]},
{"frame":23,"values":[0.977,0.1998,-0.0748,0,-0.204,0.9775,-0.0539,0,0.0623,0.0679,0.9957,0,3.0862,-1.2837,1.4227,1]}],"loopBehavior":1,"name":"anim","property":"_matrix"}},
{"name":"LeftHandThumb2","index":12,"matrix":[0.8506,0.42,-0.3164,0,-0.3413,0.8987,0.2754,0,0.4,-0.1263,0.9078,0,2.2512,-1.2997,1.2997,1],"rest":[1,0,0,0,0,1,0,0,0,0,1,0,2.2512,-1.2997,1.2997,1],"parentBoneIndex":11,"length":2.9053
,"animation":{"dataType":3,"framePerSecond":24,"keys":[
{"frame":1,"values":[0.8506,0.42,-0.3164,0,-0.3413,0.8987,0.2754,0,0.4,-0.1263,0.9078,0,2.2512,-1.2997,1.2997,1]},
{"frame":2,"values":[0.8512,0.4196,-0.3154,0,-0.3412,0.8989,0.2749,0,0.3989,-0.1264,0.9082,0,2.2512,-1.2997,1.2997,1]},
{"frame":3,"values":[0.8502,0.4195,-0.3182,0,-0.3401,0.8989,0.2764,0,0.402,-0.1268,0.9068,0,2.2512,-1.2997,1.2997,1]},
{"frame":4,"values":[0.8498,0.4195,-0.3191,0,-0.3394,0.8988,0.2775,0,0.4032,-0.1275,0.9062,0,2.2512,-1.2997,1.2997,1]},
{"frame":5,"values":[0.8491,0.4194,-0.321,0,-0.3388,0.8988,0.2783,0,0.4053,-0.1275,0.9053,0,2.2512,-1.2997,1.2997,1]},
{"frame":6,"values":[0.8499,0.419,-0.3195,0,-0.3388,0.899,0.2776,0,0.4035,-0.1277,0.906,0,2.2512,-1.2997,1.2997,1]},
{"frame":7,"values":[0.8521,0.4176,-0.3153,0,-0.339,0.8996,0.2753,0,0.3987,-0.1277,0.9082,0,2.2512,-1.2997,1.2997,1]},
{"frame":8,"values":[0.8554,0.4162,-0.3082,0,-0.3401,0.9002,0.2719,0,0.3906,-0.1277,0.9116,0,2.2512,-1.2997,1.2997,1]},
{"frame":9,"values":[0.8593,0.415,-0.2989,0,-0.3398,0.9001,0.2728,0,0.3822,-0.1328,0.9145,0,2.2512,-1.2997,1.2997,1]},
{"frame":10,"values":[0.856,0.4163,-0.3065,0,-0.3375,0.8991,0.2786,0,0.3916,-0.1351,0.9102,0,2.2512,-1.2997,1.2997,1]},
{"frame":11,"values":[0.8569,0.4168,-0.3033,0,-0.3387,0.8988,0.2783,0,0.3885,-0.1357,0.9114,0,2.2512,-1.2997,1.2997,1]},
{"frame":12,"values":[0.8642,0.4124,-0.2882,0,-0.3326,0.8981,0.2879,0,0.3776,-0.153,0.9133,0,2.2512,-1.2997,1.2997,1]},
{"frame":13,"values":[0.8647,0.4112,-0.2885,0,-0.3312,0.8985,0.2879,0,0.3776,-0.1534,0.9132,0,2.2512,-1.2997,1.2997,1]},
{"frame":14,"values":[0.8589,0.415,-0.3001,0,-0.3329,0.8977,0.2885,0,0.3891,-0.1479,0.9092,0,2.2512,-1.2997,1.2997,1]},
{"frame":15,"values":[0.8583,0.4166,-0.2996,0,-0.3363,0.8977,0.2847,0,0.3875,-0.1436,0.9106,0,2.2512,-1.2997,1.2997,1]},
{"frame":16,"values":[0.8594,0.4162,-0.2972,0,-0.3355,0.8974,0.2866,0,0.3859,-0.1466,0.9108,0,2.2512,-1.2997,1.2997,1]},
{"frame":17,"values":[0.8574,0.4167,-0.3021,0,-0.3344,0.8972,0.2884,0,0.3912,-0.1463,0.9086,0,2.2512,-1.2997,1.2997,1]},
{"frame":18,"values":[0.8569,0.417,-0.303,0,-0.3344,0.8971,0.2888,0,0.3922,-0.1462,0.9082,0,2.2512,-1.2997,1.2997,1]},
{"frame":19,"values":[0.856,0.4171,-0.3055,0,-0.3332,0.8969,0.2909,0,0.3953,-0.1472,0.9067,0,2.2512,-1.2997,1.2997,1]},
{"frame":20,"values":[0.857,0.4162,-0.304,0,-0.3324,0.8971,0.2911,0,0.3938,-0.1484,0.9071,0,2.2512,-1.2997,1.2997,1]},
{"frame":21,"values":[0.8599,0.4142,-0.2985,0,-0.3317,0.8977,0.29,0,0.3881,-0.1503,0.9093,0,2.2512,-1.2997,1.2997,1]},
{"frame":22,"values":[0.8548,0.4174,-0.3086,0,-0.3368,0.8983,0.282,0,0.3949,-0.1371,0.9084,0,2.2512,-1.2997,1.2997,1]},
{"frame":23,"values":[0.8506,0.42,-0.3164,0,-0.3413,0.8987,0.2754,0,0.4,-0.1263,0.9078,0,2.2512,-1.2997,1.2997,1]}],"loopBehavior":1,"name":"anim","property":"_matrix"}},
{"name":"LeftHandThumb3","index":13,"matrix":[0.9926,0.1059,-0.0593,0,-0.1167,0.9665,-0.2284,0,0.0331,0.2337,0.9718,0,2.2504,-1.2993,1.2993,1],"rest":[0.9996,-0.0265,-0.0043,0,0.0265,0.9995,0.0176,0,0.0038,-0.0177,0.9998,0,2.2504,-1.2993,1.2993,1],"parentBoneIndex":12,"length":2.0937
,"animation":{"dataType":3,"framePerSecond":24,"keys":[
{"frame":1,"values":[0.9926,0.1059,-0.0593,0,-0.1167,0.9665,-0.2284,0,0.0331,0.2337,0.9718,0,2.2504,-1.2993,1.2993,1]},
{"frame":2,"values":[0.9926,0.1059,-0.0595,0,-0.1168,0.9665,-0.2284,0,0.0333,0.2336,0.9718,0,2.2504,-1.2993,1.2993,1]},
{"frame":3,"values":[0.9926,0.1058,-0.0592,0,-0.1167,0.9665,-0.2284,0,0.0331,0.2337,0.9718,0,2.2504,-1.2993,1.2993,1]},
{"frame":4,"values":[0.9926,0.1058,-0.0591,0,-0.1166,0.9665,-0.2285,0,0.0329,0.2337,0.9718,0,2.2504,-1.2993,1.2993,1]},
{"frame":6,"values":[0.9926,0.1058,-0.0589,0,-0.1166,0.9665,-0.2285,0,0.0327,0.2337,0.9718,0,2.2504,-1.2993,1.2993,1]},
{"frame":7,"values":[0.9926,0.1058,-0.059,0,-0.1166,0.9665,-0.2285,0,0.0328,0.2337,0.9718,0,2.2504,-1.2993,1.2993,1]},
{"frame":8,"values":[0.9926,0.1058,-0.059,0,-0.1166,0.9665,-0.2285,0,0.0329,0.2337,0.9718,0,2.2504,-1.2993,1.2993,1]},
{"frame":9,"values":[0.9927,0.1058,-0.0587,0,-0.1165,0.9665,-0.2286,0,0.0325,0.2338,0.9718,0,2.2504,-1.2993,1.2993,1]},
{"frame":10,"values":[0.9926,0.1058,-0.0588,0,-0.1165,0.9665,-0.2286,0,0.0327,0.2337,0.9718,0,2.2504,-1.2993,1.2993,1]},
{"frame":11,"values":[0.9926,0.1058,-0.059,0,-0.1166,0.9665,-0.2285,0,0.0328,0.2337,0.9718,0,2.2504,-1.2993,1.2993,1]},
{"frame":12,"values":[0.9927,0.1061,-0.0574,0,-0.1166,0.9665,-0.2288,0,0.0312,0.2339,0.9718,0,2.2504,-1.2993,1.2993,1]},
{"frame":13,"values":[0.9926,0.1067,-0.0573,0,-0.117,0.9667,-0.2275,0,0.0311,0.2325,0.9721,0,2.2504,-1.2993,1.2993,1]},
{"frame":14,"values":[0.9927,0.1059,-0.0583,0,-0.1166,0.9665,-0.2287,0,0.0321,0.2338,0.9718,0,2.2504,-1.2993,1.2993,1]},
{"frame":15,"values":[0.9926,0.1059,-0.0588,0,-0.1167,0.9665,-0.2286,0,0.0326,0.2337,0.9718,0,2.2504,-1.2993,1.2993,1]},
{"frame":16,"values":[0.9927,0.1058,-0.0586,0,-0.1166,0.9665,-0.2286,0,0.0324,0.2338,0.9717,0,2.2504,-1.2993,1.2993,1]},
{"frame":17,"values":[0.9927,0.1059,-0.0585,0,-0.1165,0.9665,-0.2287,0,0.0323,0.2338,0.9717,0,2.2504,-1.2993,1.2993,1]},
{"frame":18,"values":[0.9927,0.1059,-0.0585,0,-0.1166,0.9665,-0.2287,0,0.0323,0.2338,0.9717,0,2.2504,-1.2993,1.2993,1]},
{"frame":19,"values":[0.9927,0.106,-0.0583,0,-0.1166,0.9665,-0.2287,0,0.0321,0.2338,0.9718,0,2.2504,-1.2993,1.2993,1]},
{"frame":20,"values":[0.9927,0.1062,-0.0578,0,-0.1167,0.9666,-0.2284,0,0.0316,0.2335,0.9719,0,2.2504,-1.2993,1.2993,1]},
{"frame":21,"values":[0.9926,0.1065,-0.0576,0,-0.1169,0.9666,-0.2279,0,0.0314,0.233,0.972,0,2.2504,-1.2993,1.2993,1]},
{"frame":22,"values":[0.9926,0.1061,-0.0584,0,-0.1167,0.9667,-0.2277,0,0.0323,0.2329,0.972,0,2.2504,-1.2993,1.2993,1]},
{"frame":23,"values":[0.9926,0.106,-0.059,0,-0.1167,0.9667,-0.2275,0,0.033,0.2327,0.972,0,2.2504,-1.2993,1.2993,1]}],"loopBehavior":1,"name":"anim","property":"_matrix"}},
{"name":"LeftHandThumb4","index":14,"matrix":[1,0,0,0,0,1,0,0,0,0,1,0,1.642,-0.8764,0.9589,1],"rest":[1,0,0,0,0,1,0,0,0,0,1,0,1.642,-0.8764,0.9589,1],"parentBoneIndex":13,"length":2.0937
,"animation":{"dataType":3,"framePerSecond":24,"keys":[
{"frame":1,"values":[1,0,0,0,0,1,0,0,0,0,1,0,1.642,-0.8764,0.9589,1]},
{"frame":23,"values":[1,0,0,0,0,1,0,0,0,0,1,0,1.642,-0.8764,0.9589,1]}],"loopBehavior":1,"name":"anim","property":"_matrix"}},
{"name":"LeftHandIndex1","index":15,"matrix":[0.9794,0.1834,0.084,0,-0.1838,0.983,-0.0022,0,-0.083,-0.0133,0.9965,0,7.464,1.013,1.9108,1],"rest":[0.9467,0.3125,0.078,0,-0.3129,0.9497,-0.0071,0,-0.0763,-0.0177,0.9969,0,7.464,1.013,1.9108,1],"parentBoneIndex":10,"length":3.1738
,"animation":{"dataType":3,"framePerSecond":24,"keys":[
{"frame":1,"values":[0.9794,0.1834,0.084,0,-0.1838,0.983,-0.0022,0,-0.083,-0.0133,0.9965,0,7.464,1.013,1.9108,1]},
{"frame":2,"values":[0.9796,0.1825,0.0844,0,-0.183,0.9831,-0.0026,0,-0.0835,-0.0129,0.9964,0,7.464,1.013,1.9108,1]},
{"frame":3,"values":[0.98,0.1805,0.0839,0,-0.1809,0.9835,-0.0026,0,-0.083,-0.0126,0.9965,0,7.464,1.013,1.9108,1]},
{"frame":4,"values":[0.9804,0.1783,0.0834,0,-0.1787,0.9839,-0.0026,0,-0.0825,-0.0124,0.9965,0,7.464,1.013,1.9108,1]},
{"frame":5,"values":[0.9805,0.1781,0.0834,0,-0.1785,0.9839,-0.0025,0,-0.0825,-0.0124,0.9965,0,7.464,1.013,1.9108,1]},
{"frame":6,"values":[0.9807,0.1766,0.0835,0,-0.177,0.9842,-0.0028,0,-0.0827,-0.012,0.9965,0,7.464,1.013,1.9108,1]},
{"frame":7,"values":[0.9814,0.1728,0.0836,0,-0.1731,0.9849,-0.0035,0,-0.083,-0.011,0.9965,0,7.464,1.013,1.9108,1]},
{"frame":8,"values":[0.9814,0.1724,0.084,0,-0.1727,0.985,-0.0038,0,-0.0834,-0.0107,0.9965,0,7.464,1.013,1.9108,1]},
