{"producer":{"name":"Blender","version":"2.90.0","exporter_version":"2.80.1","file":"walk_jump.babylon"},
"autoClear":true,"clearColor":[0.0509,0.0509,0.0509],"gravity":[0,-9.81,0],
"materials":[{"name":"Material","id":"Material","customType":"BABYLON.PBRMaterial","backFaceCulling":true,"checkReadyOnlyOnce":false,"maxSimultaneousLights":4,"environmentIntensity":1,"albedo":[0.8,0.8,0.8],"reflectivity":[0.5,0.5,0.5],"roughness":0.4,"alpha":1,"transparencyMode":0,"alphaCutOff":0.4,"metallic":0}],
"multiMaterials":[],
"skeletons":[{"name":"Armature","id":0,"dimensionsAtRest":[128.1663,151.4482,19.1351],"bones":[
{"name":"Hips","index":0,"matrix":[0.9614,-0.129,-0.2431,0,0.0355,0.9342,-0.355,0,-0.2729,-0.3327,-0.9027,0,-0.3046,71.537,-0.9563,1],"rest":[1,0,0,0,0,1,0,0,0,0,-1,0,0,81.0629,0,1],"parentBoneIndex":-1,"length":7.701
,"animation":{"dataType":3,"framePerSecond":24,"keys":[
{"frame":1,"values":[0.9614,-0.129,-0.2431,0,0.0355,0.9342,-0.355,0,-0.2729,-0.3327,-0.9027,0,-0.3046,71.5371,-0.9563,1]},
{"frame":2,"values":[0.9515,-0.0785,-0.2974,0,-0.0099,0.9586,-0.2845,0,-0.3075,-0.2737,-0.9114,0,-0.5035,75.6906,-1.034,1]},
{"frame":3,"values":[0.9645,0.0582,-0.2575,0,-0.1222,0.963,-0.24,0,-0.234,-0.263,-0.936,0,-0.7885,81.9581,-1.3661,1]},
{"frame":4,"values":[0.9697,0.1927,-0.1502,0,-0.2259,0.9415,-0.2502,0,-0.0932,-0.2766,-0.9565,0,-1.3218,89.113,-0.5943,1]},
{"frame":5,"values":[0.9722,0.2277,-0.0548,0,-0.234,0.935,-0.2666,0,0.0095,-0.272,-0.9622,0,-1.679,96.0098,1.6125,1]},
{"frame":6,"values":[0.9798,0.1997,-0.0128,0,-0.1972,0.9526,-0.2317,0,0.0341,-0.2295,-0.9727,0,-1.4499,101.484,4.6935,1]},
{"frame":7,"values":[0.9828,0.184,-0.0161,0,-0.1839,0.9666,-0.1787,0,0.0173,-0.1786,-0.9838,0,-0.6471,104.8965,8.0512,1]},
{"frame":8,"values":[0.9854,0.168,-0.0271,0,-0.1701,0.9684,-0.1823,0,0.0044,-0.1843,-0.9829,0,0.1036,107.4736,10.8077,1]},
{"frame":9,"values":[0.9911,0.1312,-0.0229,0,-0.1327,0.9589,-0.2508,0,0.011,-0.2516,-0.9678,0,0.2613,108.7334,12.7218,1]},
{"frame":10,"values":[0.9969,0.0757,0.0205,0,-0.0648,0.9424,-0.3282,0,0.0442,-0.3259,-0.9444,0,-0.1549,108.4707,13.6614,1]},
{"frame":11,"values":[0.9963,-0.0034,0.0853,0,0.0337,0.9337,-0.3566,0,0.0785,-0.3582,-0.9304,0,-0.7768,106.7009,13.8986,1]},
{"frame":12,"values":[0.9848,-0.1303,0.1149,0,0.1616,0.9299,-0.3304,0,0.0638,-0.3439,-0.9368,0,-1.2403,103.3626,13.7029,1]},
{"frame":13,"values":[0.9545,-0.2881,0.0768,0,0.2978,0.9084,-0.2934,0,-0.0147,-0.3029,-0.9529,0,-1.1333,98.3846,12.8848,1]},
{"frame":14,"values":[0.9264,-0.3756,0.025,0,0.3678,0.8889,-0.2731,0,-0.0803,-0.2622,-0.9617,0,-0.5546,91.7574,11.6943,1]},
{"frame":15,"values":[0.9482,-0.3175,0.0098,0,0.3103,0.9191,-0.2427,0,-0.0681,-0.2331,-0.9701,0,-0.1799,84.2198,10.564,1]},
{"frame":16,"values":[0.9813,-0.1907,0.0257,0,0.1922,0.9663,-0.1711,0,-0.0078,-0.1729,-0.9849,0,-0.2885,77.0923,9.6846,1]},
{"frame":17,"values":[0.9924,-0.1065,0.0613,0,0.1125,0.9882,-0.1043,0,0.0495,-0.1104,-0.9927,0,-0.4113,73.1275,8.1989,1]},
{"frame":18,"values":[0.9934,-0.095,0.0646,0,0.1018,0.9886,-0.1112,0,0.0533,-0.117,-0.9917,0,-0.3492,71.706,5.6197,1]},
{"frame":19,"values":[0.9938,-0.1109,0.0014,0,0.1092,0.9761,-0.188,0,-0.0195,-0.187,-0.9822,0,-0.366,70.9541,2.7684,1]},
{"frame":20,"values":[0.9846,-0.1348,-0.1118,0,0.1007,0.958,-0.2685,0,-0.1433,-0.2531,-0.9568,0,-0.4309,70.1956,1.2771,1]},
{"frame":21,"values":[0.9659,-0.1494,-0.2113,0,0.0763,0.9446,-0.3192,0,-0.2473,-0.2922,-0.9238,0,-0.4032,70.3771,0.6577,1]},
{"frame":22,"values":[0.9614,-0.129,-0.2431,0,0.0355,0.9342,-0.355,0,-0.2729,-0.3327,-0.9027,0,-0.3046,71.537,-0.9563,1]}],"loopBehavior":1,"name":"anim","property":"_matrix"}},
{"name":"Spine","index":1,"matrix":[0.9988,0.0114,-0.0485,0,-0.0059,0.9937,0.1118,0,0.0495,-0.1114,0.9925,0,0.009,7.0626,-0.9847,1],"rest":[1,0,0,0,0,1,0,0,0,0,1,0,0.009,7.0626,-0.9847,1],"parentBoneIndex":0,"length":8.3194
,"animation":{"dataType":3,"framePerSecond":24,"keys":[
{"frame":1,"values":[0.9988,0.0114,-0.0485,0,-0.0059,0.9937,0.1118,0,0.0495,-0.1114,0.9925,0,0.009,7.0626,-0.9847,1]},
{"frame":2,"values":[0.9857,-0.0092,-0.1685,0,0.0321,0.9906,0.1332,0,0.1657,-0.1367,0.9767,0,0.009,7.0626,-0.9847,1]},
{"frame":3,"values":[0.9557,-0.1407,-0.2587,0,0.1725,0.9794,0.1046,0,0.2387,-0.1446,0.9603,0,0.009,7.0626,-0.9847,1]},
{"frame":4,"values":[0.9114,-0.2906,-0.2914,0,0.32,0.9457,0.0578,0,0.2588,-0.1459,0.9549,0,0.009,7.0626,-0.9847,1]},
{"frame":5,"values":[0.9084,-0.3238,-0.2644,0,0.3477,0.9364,0.048,0,0.232,-0.1355,0.9632,0,0.009,7.0626,-0.9847,1]},
{"frame":6,"values":[0.9395,-0.2695,-0.2114,0,0.2949,0.9504,0.0992,0,0.1741,-0.1555,0.9724,0,0.009,7.0626,-0.9847,1]},
{"frame":7,"values":[0.9601,-0.2207,-0.1719,0,0.2514,0.9501,0.1845,0,0.1226,-0.2204,0.9677,0,0.009,7.0626,-0.9847,1]},
{"frame":8,"values":[0.9716,-0.1825,-0.1503,0,0.2169,0.9413,0.2588,0,0.0942,-0.284,0.9542,0,0.009,7.0626,-0.9847,1]},
{"frame":9,"values":[0.9811,-0.1421,-0.1316,0,0.1754,0.9403,0.2918,0,0.0823,-0.3094,0.9474,0,0.009,7.0626,-0.9847,1]},
{"frame":10,"values":[0.9902,-0.0867,-0.1096,0,0.1153,0.9498,0.2908,0,0.0789,-0.3006,0.9505,0,0.009,7.0626,-0.9847,1]},
{"frame":11,"values":[0.9944,-0.0016,-0.1056,0,0.0317,0.9583,0.2841,0,0.1007,-0.2858,0.953,0,0.009,7.0626,-0.9847,1]},
{"frame":12,"values":[0.9836,0.1228,-0.1324,0,-0.0814,0.9558,0.2824,0,0.1613,-0.267,0.9501,0,0.009,7.0626,-0.9847,1]},
{"frame":13,"values":[0.9516,0.262,-0.1609,0,-0.2139,0.94,0.2656,0,0.2209,-0.2183,0.9506,0,0.009,7.0626,-0.9847,1]},
{"frame":14,"values":[0.9369,0.3279,-0.1213,0,-0.2963,0.9288,0.2227,0,0.1857,-0.1727,0.9673,0,0.009,7.0626,-0.9847,1]},
{"frame":15,"values":[0.9679,0.2511,0.0114,0,-0.2489,0.9512,0.1823,0,0.035,-0.1793,0.9832,0,0.009,7.0626,-0.9847,1]},
{"frame":16,"values":[0.9846,0.1042,0.1403,0,-0.1283,0.9761,0.1755,0,-0.1186,-0.1908,0.9744,0,0.009,7.0626,-0.9847,1]},
{"frame":17,"values":[0.9806,0.0194,0.1951,0,-0.0543,0.9831,0.1749,0,-0.1884,-0.1821,0.9651,0,0.009,7.0626,-0.9847,1]},
{"frame":18,"values":[0.9787,0.0377,0.2018,0,-0.0654,0.989,0.1324,0,-0.1946,-0.1428,0.9704,0,0.009,7.0626,-0.9847,1]},
{"frame":19,"values":[0.9786,0.0816,0.189,0,-0.0967,0.9927,0.0722,0,-0.1817,-0.0889,0.9793,0,0.009,7.0626,-0.9847,1]},
{"frame":20,"values":[0.9848,0.0897,0.1486,0,-0.0997,0.9932,0.0607,0,-0.1421,-0.0746,0.987,0,0.009,7.0626,-0.9847,1]},
{"frame":21,"values":[0.996,0.0631,0.0639,0,-0.0689,0.9932,0.0943,0,-0.0575,-0.0983,0.9935,0,0.009,7.0626,-0.9847,1]},
{"frame":22,"values":[0.9988,0.0114,-0.0485,0,-0.0059,0.9937,0.1118,0,0.0495,-0.1114,0.9925,0,0.009,7.0626,-0.9847,1]}],"loopBehavior":1,"name":"anim","property":"_matrix"}},
{"name":"Spine1","index":2,"matrix":[0.9999,0.0033,-0.017,0,-0.002,0.9973,0.0733,0,0.0172,-0.0732,0.9972,0,0.0124,8.2397,-1.1488,1],"rest":[1,0,0,0,0,1,0,0,0,0,1,0,0.0124,8.2397,-1.1488,1],"parentBoneIndex":1,"length":9.5079
,"animation":{"dataType":3,"framePerSecond":24,"keys":[
{"frame":1,"values":[0.9999,0.0033,-0.017,0,-0.002,0.9973,0.0733,0,0.0172,-0.0732,0.9972,0,0.0124,8.2397,-1.1488,1]},
{"frame":2,"values":[0.9975,-0.0101,-0.0705,0,0.0162,0.9961,0.0868,0,0.0693,-0.0877,0.9937,0,0.0124,8.2397,-1.1488,1]},
{"frame":3,"values":[0.9928,-0.0463,-0.1108,0,0.0542,0.9961,0.0694,0,0.1072,-0.0749,0.9914,0,0.0124,8.2397,-1.1488,1]},
{"frame":4,"values":[0.9882,-0.093,-0.1215,0,0.0991,0.994,0.0454,0,0.1166,-0.0569,0.9915,0,0.0124,8.2397,-1.1488,1]},
{"frame":5,"values":[0.9883,-0.1152,-0.0996,0,0.1197,0.992,0.0404,0,0.0941,-0.0518,0.9942,0,0.0124,8.2397,-1.1488,1]},
{"frame":6,"values":[0.9927,-0.1038,-0.0621,0,0.108,0.9918,0.069,0,0.0544,-0.0752,0.9957,0,0.0124,8.2397,-1.1488,1]},
{"frame":7,"values":[0.9962,-0.0806,-0.0342,0,0.0842,0.9889,0.1222,0,0.024,-0.1246,0.9919,0,0.0124,8.2397,-1.1488,1]},
{"frame":8,"values":[0.9978,-0.0623,-0.0245,0,0.0656,0.9834,0.1694,0,0.0135,-0.1706,0.9852,0,0.0124,8.2397,-1.1488,1]},
{"frame":9,"values":[0.9984,-0.052,-0.021,0,0.055,0.9809,0.1863,0,0.0109,-0.1872,0.9823,0,0.0124,8.2397,-1.1488,1]},
{"frame":10,"values":[0.9992,-0.0393,-0.0113,0,0.0407,0.9829,0.1796,0,0.0041,-0.1799,0.9837,0,0.0124,8.2397,-1.1488,1]},
{"frame":11,"values":[0.9999,-0.0129,0.003,0,0.0122,0.9854,0.1697,0,-0.0052,-0.1697,0.9855,0,0.0124,8.2397,-1.1488,1]},
{"frame":12,"values":[0.9996,0.0245,0.0134,0,-0.0263,0.9871,0.1578,0,-0.0093,-0.1581,0.9874,0,0.0124,8.2397,-1.1488,1]},
{"frame":13,"values":[0.998,0.0598,0.0189,0,-0.0618,0.9891,0.1334,0,-0.0107,-0.1343,0.9909,0,0.0124,8.2397,-1.1488,1]},
{"frame":14,"values":[0.9966,0.077,0.0291,0,-0.0797,0.9912,0.1061,0,-0.0206,-0.1081,0.9939,0,0.0124,8.2397,-1.1488,1]},
{"frame":15,"values":[0.9966,0.0644,0.0509,0,-0.0692,0.9927,0.099,0,-0.0442,-0.1022,0.9938,0,0.0124,8.2397,-1.1488,1]},
{"frame":16,"values":[0.9966,0.0318,0.0754,0,-0.0401,0.9929,0.1122,0,-0.0713,-0.1148,0.9908,0,0.0124,8.2397,-1.1488,1]},
{"frame":17,"values":[0.996,0.0069,0.0894,0,-0.0174,0.9929,0.1173,0,-0.088,-0.1184,0.9891,0,0.0124,8.2397,-1.1488,1]},
{"frame":18,"values":[0.9958,0.0029,0.0918,0,-0.0114,0.9956,0.0928,0,-0.0912,-0.0935,0.9914,0,0.0124,8.2397,-1.1488,1]},
{"frame":19,"values":[0.9965,0.0073,0.0838,0,-0.0121,0.9983,0.0573,0,-0.0832,-0.0581,0.9948,0,0.0124,8.2397,-1.1488,1]},
{"frame":20,"values":[0.998,0.0076,0.0633,0,-0.0106,0.9988,0.0471,0,-0.0629,-0.0477,0.9969,0,0.0124,8.2397,-1.1488,1]},
{"frame":21,"values":[0.9996,0.0062,0.0273,0,-0.0079,0.998,0.0627,0,-0.0269,-0.0629,0.9977,0,0.0124,8.2397,-1.1488,1]},
{"frame":22,"values":[0.9999,0.0033,-0.017,0,-0.002,0.9973,0.0733,0,0.0172,-0.0732,0.9972,0,0.0124,8.2397,-1.1488,1]}],"loopBehavior":1,"name":"anim","property":"_matrix"}},
{"name":"Spine2","index":3,"matrix":[0.9999,0.0043,-0.0139,0,-0.0033,0.9973,0.0737,0,0.0142,-0.0736,0.9972,0,0.0142,9.4168,-1.313,1],"rest":[1,0,0,0,0,1,0,0,0,0,1,0,0.0142,9.4168,-1.313,1],"parentBoneIndex":2,"length":9.9132
,"animation":{"dataType":3,"framePerSecond":24,"keys":[
{"frame":1,"values":[0.9999,0.0043,-0.0139,0,-0.0033,0.9973,0.0737,0,0.0142,-0.0736,0.9972,0,0.0142,9.4168,-1.313,1]},
{"frame":2,"values":[0.9976,-0.0077,-0.0683,0,0.0136,0.9962,0.0861,0,0.0674,-0.0868,0.9939,0,0.0142,9.4168,-1.313,1]},
{"frame":3,"values":[0.9931,-0.0432,-0.1089,0,0.0509,0.9963,0.069,0,0.1055,-0.0741,0.9917,0,0.0142,9.4168,-1.313,1]},
{"frame":4,"values":[0.9887,-0.0903,-0.1195,0,0.0965,0.9942,0.0467,0,0.1146,-0.0577,0.9917,0,0.0142,9.4168,-1.313,1]},
{"frame":5,"values":[0.9887,-0.1136,-0.0977,0,0.1182,0.9921,0.0423,0,0.0921,-0.0533,0.9943,0,0.0142,9.4168,-1.313,1]},
{"frame":6,"values":[0.9928,-0.1033,-0.0613,0,0.1075,0.9918,0.0697,0,0.0536,-0.0758,0.9957,0,0.0142,9.4168,-1.313,1]},
{"frame":7,"values":[0.9961,-0.0802,-0.0366,0,0.0841,0.989,0.1217,0,0.0264,-0.1243,0.9919,0,0.0142,9.4168,-1.313,1]},
{"frame":8,"values":[0.9977,-0.0616,-0.0293,0,0.0657,0.9835,0.1687,0,0.0184,-0.1702,0.9852,0,0.0142,9.4168,-1.313,1]},
{"frame":9,"values":[0.9984,-0.0512,-0.0252,0,0.055,0.981,0.186,0,0.0152,-0.1871,0.9822,0,0.0142,9.4168,-1.313,1]},
{"frame":10,"values":[0.9992,-0.039,-0.0131,0,0.0407,0.9829,0.1795,0,0.0059,-0.1799,0.9837,0,0.0142,9.4168,-1.313,1]},
{"frame":11,"values":[0.9999,-0.013,0.0031,0,0.0123,0.9854,0.1697,0,-0.0053,-0.1696,0.9855,0,0.0142,9.4168,-1.313,1]},
{"frame":12,"values":[0.9996,0.0242,0.0144,0,-0.0262,0.9871,0.1576,0,-0.0104,-0.158,0.9874,0,0.0142,9.4168,-1.313,1]},
{"frame":13,"values":[0.998,0.0594,0.0197,0,-0.0615,0.9892,0.1334,0,-0.0116,-0.1343,0.9909,0,0.0142,9.4168,-1.313,1]},
{"frame":14,"values":[0.9966,0.0764,0.0294,0,-0.0791,0.9912,0.1064,0,-0.021,-0.1084,0.9939,0,0.0142,9.4168,-1.313,1]},
{"frame":15,"values":[0.9967,0.0631,0.0515,0,-0.068,0.9927,0.0993,0,-0.0449,-0.1024,0.9937,0,0.0142,9.4168,-1.313,1]},
{"frame":16,"values":[0.9966,0.0295,0.0767,0,-0.038,0.993,0.1119,0,-0.0728,-0.1145,0.9908,0,0.0142,9.4168,-1.313,1]},
{"frame":17,"values":[0.9959,0.0038,0.0905,0,-0.0144,0.993,0.1169,0,-0.0894,-0.1177,0.989,0,0.0142,9.4168,-1.313,1]},
{"frame":18,"values":[0.9957,-0.0004,0.0922,0,-0.0082,0.9957,0.0927,0,-0.0918,-0.093,0.9914,0,0.0142,9.4168,-1.313,1]},
{"frame":19,"values":[0.9964,0.0044,0.0842,0,-0.0092,0.9983,0.0574,0,-0.0838,-0.0579,0.9948,0,0.0142,9.4168,-1.313,1]},
{"frame":20,"values":[0.9979,0.0055,0.0646,0,-0.0086,0.9988,0.0473,0,-0.0642,-0.0477,0.9968,0,0.0142,9.4168,-1.313,1]},
{"frame":21,"values":[0.9995,0.0053,0.0296,0,-0.0072,0.998,0.063,0,-0.0292,-0.0632,0.9976,0,0.0142,9.4168,-1.313,1]},
{"frame":22,"values":[0.9999,0.0043,-0.0139,0,-0.0033,0.9973,0.0737,0,0.0142,-0.0736,0.9972,0,0.0142,9.4168,-1.313,1]}],"loopBehavior":1,"name":"anim","property":"_matrix"}},
{"name":"Neck","index":4,"matrix":[0.9999,0.0167,-0.0044,0,-0.0173,0.9835,-0.1803,0,0.0013,0.1804,0.9836,0,0.016,10.5938,-1.4771,1],"rest":[1,0,0,0,0,1,0,0,0,0,1,0,0.016,10.5938,-1.4771,1],"parentBoneIndex":3,"length":5.1073
,"animation":{"dataType":3,"framePerSecond":24,"keys":[
{"frame":1,"values":[0.9999,0.0167,-0.0044,0,-0.0173,0.9835,-0.1803,0,0.0013,0.1804,0.9836,0,0.016,10.5938,-1.4771,1]},
{"frame":2,"values":[0.9996,0.0015,0.0265,0,0.0028,0.9873,-0.1589,0,-0.0264,0.159,0.9869,0,0.016,10.5938,-1.4771,1]},
{"frame":3,"values":[0.9977,-0.0016,0.0681,0,0.0091,0.9939,-0.1095,0,-0.0675,0.1098,0.9917,0,0.016,10.5938,-1.4771,1]},
{"frame":4,"values":[0.9945,0.0026,0.1049,0,0.0032,0.9985,-0.0552,0,-0.1049,0.0552,0.9929,0,0.016,10.5938,-1.4771,1]},
{"frame":5,"values":[0.9927,0.0063,0.1208,0,-0.0044,0.9999,-0.0162,0,-0.1209,0.0155,0.9925,0,0.016,10.5938,-1.4771,1]},
{"frame":6,"values":[0.9931,0.007,0.1168,0,-0.0073,1,0.0019,0,-0.1168,-0.0028,0.9931,0,0.016,10.5938,-1.4771,1]},
{"frame":7,"values":[0.994,0.0059,0.1096,0,-0.0059,1,0.0001,0,-0.1096,-0.0007,0.994,0,0.016,10.5938,-1.4771,1]},
{"frame":8,"values":[0.9943,0.0071,0.1063,0,-0.0049,0.9998,-0.0204,0,-0.1065,0.0197,0.9941,0,0.016,10.5938,-1.4771,1]},
{"frame":9,"values":[0.9946,0.0138,0.103,0,-0.0089,0.9988,-0.0479,0,-0.1035,0.0468,0.9935,0,0.016,10.5938,-1.4771,1]},
{"frame":10,"values":[0.9949,0.0233,0.0978,0,-0.0166,0.9974,-0.0695,0,-0.0991,0.0675,0.9928,0,0.016,10.5938,-1.4771,1]},
{"frame":11,"values":[0.9952,0.0288,0.0932,0,-0.0215,0.9967,-0.0783,0,-0.0952,0.0759,0.9926,0,0.016,10.5938,-1.4771,1]},
{"frame":12,"values":[0.9957,0.0251,0.089,0,-0.019,0.9975,-0.0687,0,-0.0905,0.0667,0.9937,0,0.016,10.5938,-1.4771,1]},
{"frame":13,"values":[0.9966,0.0151,0.0806,0,-0.0123,0.9993,-0.0354,0,-0.081,0.0343,0.9961,0,0.016,10.5938,-1.4771,1]},
{"frame":14,"values":[0.9979,0.01,0.0642,0,-0.0108,0.9999,0.011,0,-0.0641,-0.0117,0.9979,0,0.016,10.5938,-1.4771,1]},
{"frame":15,"values":[0.9989,0.0185,0.0423,0,-0.0203,0.9988,0.044,0,-0.0415,-0.0448,0.9981,0,0.016,10.5938,-1.4771,1]},
{"frame":16,"values":[0.9992,0.032,0.023,0,-0.0332,0.998,0.0536,0,-0.0213,-0.0543,0.9983,0,0.016,10.5938,-1.4771,1]},
{"frame":17,"values":[0.9993,0.0354,0.0121,0,-0.036,0.9976,0.0594,0,-0.01,-0.0598,0.9982,0,0.016,10.5938,-1.4771,1]},
{"frame":18,"values":[0.9996,0.0263,0.005,0,-0.0266,0.9972,0.0703,0,-0.0031,-0.0704,0.9975,0,0.016,10.5938,-1.4771,1]},
{"frame":19,"values":[0.9998,0.016,-0.0072,0,-0.0156,0.9987,0.0484,0,0.008,-0.0483,0.9988,0,0.016,10.5938,-1.4771,1]},
{"frame":20,"values":[0.9997,0.0122,-0.0212,0,-0.0129,0.9995,-0.0296,0,0.0209,0.0298,0.9993,0,0.016,10.5938,-1.4771,1]},
{"frame":21,"values":[0.9997,0.013,-0.0228,0,-0.0157,0.9922,-0.1236,0,0.021,0.1239,0.9921,0,0.016,10.5938,-1.4771,1]},
{"frame":22,"values":[0.9999,0.0167,-0.0044,0,-0.0173,0.9835,-0.1803,0,0.0013,0.1804,0.9836,0,0.016,10.5938,-1.4771,1]}],"loopBehavior":1,"name":"anim","property":"_matrix"}},
{"name":"Head","index":5,"matrix":[0.9846,-0.0597,-0.1641,0,-0.0085,0.9223,-0.3863,0,0.1744,0.3818,0.9076,0,0,5.0564,0.7196,1],"rest":[1,0,0,0,0,1,0,0,0,0,1,0,0,5.0564,0.7196,1],"parentBoneIndex":4,"length":15.2963
,"animation":{"dataType":3,"framePerSecond":24,"keys":[
{"frame":1,"values":[0.9846,-0.0597,-0.1641,0,-0.0085,0.9223,-0.3863,0,0.1744,0.3818,0.9076,0,0,5.0564,0.7196,1]},
{"frame":2,"values":[1,-0.002,-0.0004,0,0.0018,0.9382,-0.3461,0,0.001,0.3461,0.9382,0,0,5.0564,0.7196,1]},
{"frame":3,"values":[0.9785,0.0857,0.1876,0,-0.0432,0.9746,-0.2199,0,-0.2017,0.2071,0.9573,0,0,5.0564,0.7196,1]},
{"frame":4,"values":[0.9209,0.1493,0.3601,0,-0.1239,0.9879,-0.0928,0,-0.3696,0.0408,0.9283,0,0,5.0564,0.7196,1]},
{"frame":5,"values":[0.8945,0.1614,0.4168,0,-0.1726,0.9849,-0.0109,0,-0.4123,-0.0622,0.9089,0,0,5.0564,0.7196,1]},
{"frame":6,"values":[0.9286,0.143,0.3424,0,-0.162,0.9864,0.0276,0,-0.3338,-0.0811,0.9392,0,0,5.0564,0.7196,1]},
{"frame":7,"values":[0.9653,0.1103,0.2366,0,-0.1124,0.9937,-0.0047,0,-0.2356,-0.022,0.9716,0,0,5.0564,0.7196,1]},
{"frame":8,"values":[0.9816,0.0729,0.1767,0,-0.0509,0.9907,-0.1263,0,-0.1843,0.115,0.9761,0,0,5.0564,0.7196,1]},
{"frame":9,"values":[0.987,0.046,0.1538,0,-0.0028,0.9627,-0.2706,0,-0.1605,0.2667,0.9503,0,0,5.0564,0.7196,1]},
{"frame":10,"values":[0.9893,0.0228,0.1443,0,0.0319,0.9301,-0.3659,0,-0.1426,0.3666,0.9194,0,0,5.0564,0.7196,1]},
{"frame":11,"values":[0.9888,-0.0075,0.1492,0,0.0679,0.9122,-0.404,0,-0.1331,0.4096,0.9025,0,0,5.0564,0.7196,1]},
{"frame":12,"values":[0.9875,-0.0495,0.1496,0,0.1052,0.914,-0.3919,0,-0.1173,0.4027,0.9078,0,0,5.0564,0.7196,1]},
{"frame":13,"values":[0.9892,-0.1115,0.0953,0,0.1368,0.9358,-0.325,0,-0.0529,0.3345,0.9409,0,0,5.0564,0.7196,1]},
{"frame":14,"values":[0.9853,-0.1649,-0.0445,0,0.1501,0.9605,-0.2344,0,0.0814,0.2243,0.9711,0,0,5.0564,0.7196,1]},
{"frame":15,"values":[0.9647,-0.156,-0.2121,0,0.116,0.975,-0.1894,0,0.2364,0.1581,0.9587,0,0,5.0564,0.7196,1]},
{"frame":16,"values":[0.9443,-0.1032,-0.3124,0,0.0424,0.9798,-0.1953,0,0.3263,0.1712,0.9296,0,0,5.0564,0.7196,1]},
{"frame":17,"values":[0.9422,-0.0598,-0.3297,0,0.0024,0.9851,-0.1717,0,0.3351,0.161,0.9283,0,0,5.0564,0.7196,1]},
{"frame":18,"values":[0.9418,-0.0574,-0.3313,0,0.0316,0.9961,-0.0829,0,0.3348,0.0676,0.9399,0,0,5.0564,0.7196,1]},
{"frame":19,"values":[0.9249,-0.0775,-0.3723,0,0.0732,0.997,-0.0257,0,0.3732,-0.0035,0.9277,0,0,5.0564,0.7196,1]},
{"frame":20,"values":[0.9094,-0.1005,-0.4036,0,0.0682,0.9933,-0.0937,0,0.4103,0.0576,0.9101,0,0,5.0564,0.7196,1]},
{"frame":21,"values":[0.9338,-0.1126,-0.3397,0,0.0267,0.9685,-0.2475,0,0.3569,0.222,0.9074,0,0,5.0564,0.7196,1]},
{"frame":22,"values":[0.9846,-0.0597,-0.1641,0,-0.0085,0.9223,-0.3863,0,0.1744,0.3818,0.9076,0,0,5.0564,0.7196,1]}],"loopBehavior":1,"name":"anim","property":"_matrix"}},
{"name":"HeadTop_End","index":6,"matrix":[1,0,0,0,0,1,0,0,0,0,1,0,0,15.1437,2.155,1],"rest":[1,0,0,0,0,1,0,0,0,0,1,0,0,15.1437,2.155,1],"parentBoneIndex":5,"length":15.2963
,"animation":{"dataType":3,"framePerSecond":24,"keys":[
{"frame":1,"values":[1,0,0,0,0,1,0,0,0,0,1,0,0,15.1437,2.155,1]},
{"frame":22,"values":[1,0,0,0,0,1,0,0,0,0,1,0,0,15.1437,2.155,1]}],"loopBehavior":1,"name":"anim","property":"_matrix"}},
{"name":"LeftShoulder","index":7,"matrix":[0.9895,-0.1393,-0.0395,0,0.1395,0.9902,0.0033,0,0.0386,-0.0088,0.9992,0,3.5285,8.7304,-1.4561,1],"rest":[1,-0.0017,0,0,0.0017,1,0,0,0,0,1,0,3.5285,8.7304,-1.4561,1],"parentBoneIndex":3,"length":7.9526
,"animation":{"dataType":3,"framePerSecond":24,"keys":[
{"frame":1,"values":[0.9895,-0.1393,-0.0395,0,0.1395,0.9902,0.0033,0,0.0386,-0.0088,0.9992,0,3.5285,8.7304,-1.4561,1]},
{"frame":2,"values":[0.9858,-0.0823,-0.1465,0,0.0848,0.9963,0.0108,0,0.1451,-0.0231,0.9892,0,3.5285,8.7304,-1.4561,1]},
{"frame":3,"values":[0.9763,0.0411,-0.2125,0,-0.0306,0.9981,0.0525,0,0.2142,-0.0448,0.9758,0,3.5285,8.7304,-1.4561,1]},
{"frame":4,"values":[0.9676,0.1341,-0.2141,0,-0.1152,0.9884,0.0986,0,0.2249,-0.0707,0.9718,0,3.5285,8.7304,-1.4561,1]},
{"frame":5,"values":[0.9607,0.1724,-0.2174,0,-0.1466,0.9806,0.1298,0,0.2355,-0.0928,0.9674,0,3.5285,8.7304,-1.4561,1]},
{"frame":6,"values":[0.9508,0.2012,-0.2358,0,-0.1705,0.9748,0.144,0,0.2588,-0.0967,0.9611,0,3.5285,8.7304,-1.4561,1]},
{"frame":7,"values":[0.9492,0.2304,-0.2141,0,-0.2043,0.9692,0.1376,0,0.2392,-0.0869,0.9671,0,3.5285,8.7304,-1.4561,1]},
{"frame":8,"values":[0.9684,0.2067,-0.1393,0,-0.1911,0.9746,0.117,0,0.1599,-0.0867,0.9833,0,3.5285,8.7304,-1.4561,1]},
{"frame":9,"values":[0.9894,0.1317,-0.0611,0,-0.1254,0.9874,0.0968,0,0.0731,-0.0881,0.9934,0,3.5285,8.7304,-1.4561,1]},
{"frame":10,"values":[0.9969,0.0782,-0.009,0,-0.0773,0.994,0.0776,0,0.015,-0.0767,0.9969,0,3.5285,8.7304,-1.4561,1]},
{"frame":11,"values":[0.9969,0.0732,0.03,0,-0.0748,0.9957,0.0552,0,-0.0258,-0.0573,0.998,0,3.5285,8.7304,-1.4561,1]},
{"frame":12,"values":[0.9951,0.0779,0.0605,0,-0.08,0.9962,0.0334,0,-0.0576,-0.0381,0.9976,0,3.5285,8.7304,-1.4561,1]},
{"frame":13,"values":[0.9958,0.068,0.0608,0,-0.0691,0.9975,0.0164,0,-0.0595,-0.0205,0.998,0,3.5285,8.7304,-1.4561,1]},
{"frame":14,"values":[0.9974,0.0698,0.0149,0,-0.0699,0.9975,0.005,0,-0.0145,-0.006,0.9999,0,3.5285,8.7304,-1.4561,1]},
{"frame":15,"values":[0.993,0.1128,-0.0356,0,-0.1128,0.9936,0.0009,0,0.0355,0.0031,0.9994,0,3.5285,8.7304,-1.4561,1]},
{"frame":16,"values":[0.9872,0.1591,-0.0093,0,-0.1592,0.9873,-0.0009,0,0.009,0.0023,1,0,3.5285,8.7304,-1.4561,1]},
{"frame":17,"values":[0.9859,0.1442,0.0849,0,-0.145,0.9894,0.0023,0,-0.0837,-0.0146,0.9964,0,3.5285,8.7304,-1.4561,1]},
{"frame":18,"values":[0.9875,0.0497,0.1498,0,-0.0522,0.9985,0.013,0,-0.149,-0.0207,0.9886,0,3.5285,8.7304,-1.4561,1]},
{"frame":19,"values":[0.989,-0.0667,0.1322,0,0.0643,0.9977,0.0223,0,-0.1334,-0.0136,0.991,0,3.5285,8.7304,-1.4561,1]},
{"frame":20,"values":[0.9886,-0.1324,0.0711,0,0.1312,0.9911,0.0213,0,-0.0733,-0.0117,0.9972,0,3.5285,8.7304,-1.4561,1]},
{"frame":21,"values":[0.9899,-0.1413,0.0116,0,0.1412,0.9899,0.0127,0,-0.0133,-0.0109,0.9999,0,3.5285,8.7304,-1.4561,1]},
{"frame":22,"values":[0.9895,-0.1393,-0.0395,0,0.1395,0.9902,0.0033,0,0.0386,-0.0088,0.9992,0,3.5285,8.7304,-1.4561,1]}],"loopBehavior":1,"name":"anim","property":"_matrix"}},
{"name":"LeftArm","index":8,"matrix":[0.5112,-0.8024,-0.3079,0,0.8212,0.3504,0.4503,0,-0.2534,-0.4831,0.8381,0,7.6132,-2.2982,0.0421,1],"rest":[0.9965,-0.0092,0.0835,0,0.0092,1,0.0007,0,-0.0835,0.0001,0.9965,0,7.6132,-2.2982,0.0421,1],"parentBoneIndex":7,"length":18.9821
,"animation":{"dataType":3,"framePerSecond":24,"keys":[
{"frame":1,"values":[0.5112,-0.8024,-0.3079,0,0.8212,0.3504,0.4503,0,-0.2534,-0.4831,0.8381,0,7.6132,-2.2982,0.0421,1]},
{"frame":2,"values":[0.613,-0.6666,-0.4242,0,0.7803,0.4266,0.4573,0,-0.1239,-0.6113,0.7816,0,7.6132,-2.2982,0.0421,1]},
{"frame":3,"values":[0.7587,-0.4669,-0.4542,0,0.6485,0.4752,0.5947,0,-0.0618,-0.7458,0.6633,0,7.6132,-2.2982,0.0421,1]},
{"frame":4,"values":[0.8647,-0.2828,-0.4152,0,0.5013,0.4317,0.7499,0,-0.0328,-0.8566,0.515,0,7.6132,-2.2982,0.0421,1]},
{"frame":5,"values":[0.8841,-0.2842,-0.371,0,0.454,0.3343,0.8259,0,-0.1107,-0.8986,0.4246,0,7.6132,-2.2982,0.0421,1]},
{"frame":6,"values":[0.838,-0.4769,-0.2652,0,0.4427,0.3101,0.8413,0,-0.319,-0.8224,0.471,0,7.6132,-2.2982,0.0421,1]},
{"frame":7,"values":[0.7786,-0.6269,-0.027,0,0.3859,0.4446,0.8083,0,-0.4948,-0.6398,0.5881,0,7.6132,-2.2982,0.0421,1]},
{"frame":8,"values":[0.7948,-0.5548,0.246,0,0.2893,0.7026,0.6501,0,-0.5335,-0.4455,0.7189,0,7.6132,-2.2982,0.0421,1]},
{"frame":9,"values":[0.8448,-0.2974,0.4449,0,0.1387,0.9246,0.3547,0,-0.5169,-0.2379,0.8224,0,7.6132,-2.2982,0.0421,1]},
{"frame":10,"values":[0.8641,-0.0429,0.5015,0,0.0214,0.9986,0.0485,0,-0.5029,-0.0312,0.8638,0,7.6132,-2.2982,0.0421,1]},
{"frame":11,"values":[0.8968,0.1004,0.4308,0,-0.0371,0.9875,-0.1529,0,-0.4408,0.1212,0.8894,0,7.6132,-2.2982,0.0421,1]},
{"frame":12,"values":[0.9414,0.1784,0.2861,0,-0.1049,0.9614,-0.2542,0,-0.3205,0.2093,0.9238,0,7.6132,-2.2982,0.0421,1]},
{"frame":13,"values":[0.9601,0.2542,0.1167,0,-0.2113,0.9325,-0.2929,0,-0.1833,0.2566,0.949,0,7.6132,-2.2982,0.0421,1]},
{"frame":14,"values":[0.9414,0.3366,-0.0219,0,-0.3234,0.8822,-0.3423,0,-0.0959,0.3294,0.9393,0,7.6132,-2.2982,0.0421,1]},
{"frame":15,"values":[0.9183,0.387,-0.0832,0,-0.376,0.7874,-0.4885,0,-0.1235,0.4798,0.8686,0,7.6132,-2.2982,0.0421,1]},
{"frame":16,"values":[0.9315,0.3606,-0.0475,0,-0.293,0.6668,-0.6852,0,-0.2154,0.6522,0.7268,0,7.6132,-2.2982,0.0421,1]},
{"frame":17,"values":[0.9615,0.2453,0.1243,0,-0.0728,0.663,-0.7451,0,-0.2651,0.7074,0.6553,0,7.6132,-2.2982,0.0421,1]},
{"frame":18,"values":[0.9356,0.0205,0.3525,0,0.1771,0.8364,-0.5188,0,-0.3055,0.5478,0.7788,0,7.6132,-2.2982,0.0421,1]},
{"frame":19,"values":[0.8437,-0.3314,0.4223,0,0.3842,0.9222,-0.0439,0,-0.3749,0.1993,0.9054,0,7.6132,-2.2982,0.0421,1]},
{"frame":20,"values":[0.7053,-0.6642,0.2478,0,0.589,0.7435,0.3166,0,-0.3946,-0.0774,0.9156,0,7.6132,-2.2982,0.0421,1]},
{"frame":21,"values":[0.5736,-0.8191,-0.0101,0,0.7497,0.52,0.4094,0,-0.3301,-0.2424,0.9123,0,7.6132,-2.2982,0.0421,1]},
{"frame":22,"values":[0.5112,-0.8024,-0.3079,0,0.8212,0.3504,0.4503,0,-0.2534,-0.4831,0.8381,0,7.6132,-2.2982,0.0421,1]}],"loopBehavior":1,"name":"anim","property":"_matrix"}},
{"name":"LeftForeArm","index":9,"matrix":[0.5603,0.0059,0.8283,0,-0.011,0.9999,0.0004,0,-0.8282,-0.0093,0.5603,0,18.9146,0.2055,-1.5856,1],"rest":[0.9964,0.0108,-0.0835,0,-0.0108,0.9999,0.0005,0,0.0835,0.0005,0.9965,0,18.9146,0.2055,-1.5856,1],"parentBoneIndex":8,"length":18.4362
,"animation":{"dataType":3,"framePerSecond":24,"keys":[
{"frame":1,"values":[0.5603,0.0059,0.8283,0,-0.011,0.9999,0.0004,0,-0.8282,-0.0093,0.5603,0,18.9146,0.2055,-1.5856,1]},
{"frame":2,"values":[0.4414,0.0046,0.8973,0,-0.0111,0.9999,0.0003,0,-0.8972,-0.0101,0.4414,0,18.9146,0.2055,-1.5856,1]},
{"frame":3,"values":[0.2146,0.0021,0.9767,0,-0.0111,0.9999,0.0003,0,-0.9766,-0.0109,0.2146,0,18.9146,0.2055,-1.5856,1]},
{"frame":4,"values":[0.0478,0.0003,0.9989,0,-0.0111,0.9999,0.0002,0,-0.9988,-0.0111,0.0478,0,18.9146,0.2055,-1.5856,1]},
{"frame":5,"values":[0.0187,0,0.9998,0,-0.0111,0.9999,0.0002,0,-0.9998,-0.0111,0.0187,0,18.9146,0.2055,-1.5856,1]},
{"frame":6,"values":[0.0412,0.0002,0.9992,0,-0.0111,0.9999,0.0002,0,-0.9991,-0.0111,0.0412,0,18.9146,0.2055,-1.5856,1]},
{"frame":7,"values":[0.0579,0.0004,0.9983,0,-0.0111,0.9999,0.0002,0,-0.9983,-0.0111,0.0579,0,18.9146,0.2055,-1.5856,1]},
{"frame":8,"values":[0.1022,0.0009,0.9948,0,-0.0111,0.9999,0.0002,0,-0.9947,-0.011,0.1022,0,18.9146,0.2055,-1.5856,1]},
{"frame":9,"values":[0.1665,0.0016,0.986,0,-0.0111,0.9999,0.0003,0,-0.986,-0.011,0.1665,0,18.9146,0.2055,-1.5856,1]},
{"frame":10,"values":[0.1845,0.0018,0.9828,0,-0.0111,0.9999,0.0003,0,-0.9828,-0.0109,0.1846,0,18.9146,0.2055,-1.5856,1]},
{"frame":11,"values":[0.1173,0.0011,0.9931,0,-0.0111,0.9999,0.0003,0,-0.993,-0.011,0.1173,0,18.9146,0.2055,-1.5856,1]},
{"frame":12,"values":[-0.0059,-0.0003,1,0,-0.0111,0.9999,0.0002,0,-0.9999,-0.0111,-0.0059,0,18.9146,0.2055,-1.5856,1]},
{"frame":13,"values":[-0.1258,-0.0016,0.9921,0,-0.0111,0.9999,0.0002,0,-0.992,-0.011,-0.1258,0,18.9146,0.2055,-1.5856,1]},
{"frame":14,"values":[-0.2036,-0.0024,0.979,0,-0.0111,0.9999,0.0002,0,-0.979,-0.0108,-0.2037,0,18.9146,0.2055,-1.5856,1]},
{"frame":15,"values":[-0.2399,-0.0028,0.9708,0,-0.0111,0.9999,0.0002,0,-0.9707,-0.0107,-0.2399,0,18.9146,0.2055,-1.5856,1]},
{"frame":16,"values":[-0.2834,-0.0033,0.959,0,-0.0111,0.9999,0.0002,0,-0.9589,-0.0106,-0.2834,0,18.9146,0.2055,-1.5856,1]},
{"frame":17,"values":[-0.3701,-0.0042,0.929,0,-0.0111,0.9999,0.0001,0,-0.9289,-0.0102,-0.3702,0,18.9146,0.2055,-1.5856,1]},
{"frame":18,"values":[-0.4292,-0.0049,0.9032,0,-0.0111,0.9999,0.0001,0,-0.9031,-0.0099,-0.4292,0,18.9146,0.2055,-1.5856,1]},
{"frame":19,"values":[-0.3095,-0.0036,0.9509,0,-0.0111,0.9999,0.0002,0,-0.9509,-0.0105,-0.3095,0,18.9146,0.2055,-1.5856,1]},
{"frame":20,"values":[0.0481,0.0003,0.9988,0,-0.0111,0.9999,0.0002,0,-0.9988,-0.0111,0.0481,0,18.9146,0.2055,-1.5856,1]},
{"frame":21,"values":[0.428,0.0044,0.9038,0,-0.0111,0.9999,0.0003,0,-0.9037,-0.0101,0.428,0,18.9146,0.2055,-1.5856,1]},
{"frame":22,"values":[0.5603,0.0059,0.8283,0,-0.011,0.9999,0.0004,0,-0.8282,-0.0093,0.5603,0,18.9146,0.2055,-1.5856,1]}],"loopBehavior":1,"name":"anim","property":"_matrix"}},
{"name":"LeftHand","index":10,"matrix":[0.9783,-0.1888,0.0857,0,0.2029,0.7874,-0.5821,0,0.0424,0.5869,0.8086,0,18.4362,0,0,1],"rest":[0.9824,-0.1864,-0.0127,0,0.1846,0.9789,-0.0878,0,0.0288,0.0839,0.9961,0,18.4362,0,0,1],"parentBoneIndex":9,"length":6.699
,"animation":{"dataType":3,"framePerSecond":24,"keys":[
{"frame":1,"values":[0.9783,-0.1888,0.0857,0,0.2029,0.7874,-0.5821,0,0.0424,0.5869,0.8086,0,18.4362,0,0,1]},
{"frame":2,"values":[0.9914,-0.002,0.1312,0,0.0811,0.7955,-0.6005,0,-0.1032,0.6059,0.7888,0,18.4362,0,0,1]},
{"frame":3,"values":[0.9667,0.1901,0.1713,0,-0.0662,0.8322,-0.5504,0,-0.2472,0.5208,0.8171,0,18.4362,0,0,1]},
{"frame":4,"values":[0.8949,0.3334,0.2965,0,-0.1597,0.8599,-0.4849,0,-0.4166,0.3866,0.8228,0,18.4362,0,0,1]},
{"frame":5,"values":[0.7785,0.4522,0.4352,0,-0.2655,0.8656,-0.4245,0,-0.5687,0.215,0.794,0,18.4362,0,0,1]},
{"frame":6,"values":[0.649,0.5756,0.4975,0,-0.4187,0.8162,-0.3982,0,-0.6352,0.0501,0.7707,0,18.4362,0,0,1]},
{"frame":7,"values":[0.5266,0.6806,0.5094,0,-0.5183,0.732,-0.4422,0,-0.6739,-0.0312,0.7382,0,18.4362,0,0,1]},
{"frame":8,"values":[0.4427,0.7163,0.5394,0,-0.4936,0.6969,-0.5203,0,-0.7485,-0.0359,0.6621,0,18.4362,0,0,1]},
{"frame":9,"values":[0.4268,0.6757,0.601,0,-0.4117,0.7369,-0.5362,0,-0.8052,-0.0186,0.5927,0,18.4362,0,0,1]},
{"frame":10,"values":[0.4618,0.6061,0.6476,0,-0.3605,0.7954,-0.4873,0,-0.8104,-0.0085,0.5858,0,18.4362,0,0,1]},
{"frame":11,"values":[0.5064,0.5759,0.6418,0,-0.3543,0.8175,-0.454,0,-0.7861,0.0025,0.6181,0,18.4362,0,0,1]},
{"frame":12,"values":[0.5333,0.6023,0.594,0,-0.3653,0.7973,-0.4805,0,-0.763,0.0393,0.6452,0,18.4362,0,0,1]},
{"frame":13,"values":[0.5527,0.6447,0.5281,0,-0.3557,0.7556,-0.5501,0,-0.7537,0.1162,0.6469,0,18.4362,0,0,1]},
{"frame":14,"values":[0.6104,0.6496,0.4533,0,-0.3111,0.7229,-0.6169,0,-0.7284,0.2355,0.6434,0,18.4362,0,0,1]},
{"frame":15,"values":[0.7095,0.5836,0.3951,0,-0.2481,0.7316,-0.635,0,-0.6596,0.3525,0.6638,0,18.4362,0,0,1]},
{"frame":16,"values":[0.7865,0.4793,0.3896,0,-0.1764,0.7788,-0.602,0,-0.5919,0.4047,0.697,0,18.4362,0,0,1]},
{"frame":17,"values":[0.819,0.3885,0.4222,0,-0.1072,0.8266,-0.5525,0,-0.5636,0.4073,0.7186,0,18.4362,0,0,1]},
{"frame":18,"values":[0.859,0.293,0.4199,0,-0.0444,0.8597,-0.5089,0,-0.5101,0.4184,0.7515,0,18.4362,0,0,1]},
{"frame":19,"values":[0.9244,0.1614,0.3457,0,0.0234,0.8804,-0.4736,0,-0.3808,0.4458,0.8101,0,18.4362,0,0,1]},
{"frame":20,"values":[0.9652,0.0282,0.2598,0,0.0989,0.8808,-0.463,0,-0.2419,0.4726,0.8474,0,18.4362,0,0,1]},
{"frame":21,"values":[0.9782,-0.0759,0.1932,0,0.1654,0.8474,-0.5045,0,-0.1254,0.5254,0.8415,0,18.4362,0,0,1]},
{"frame":22,"values":[0.9783,-0.1888,0.0857,0,0.2029,0.7874,-0.5821,0,0.0424,0.5869,0.8086,0,18.4362,0,0,1]}],"loopBehavior":1,"name":"anim","property":"_matrix"}},
{"name":"LeftHandThumb1","index":11,"matrix":[0.9586,0.2843,-0.0184,0,-0.2832,0.9579,0.047,0,0.031,-0.0399,0.9987,0,3.0862,-1.2837,1.4227,1],"rest":[0.9923,0.1154,-0.0442,0,-0.1172,0.9923,-0.0407,0,0.0392,0.0455,0.9982,0,3.0862,-1.2837,1.4227,1],"parentBoneIndex":10,"length":2.9063
,"animation":{"dataType":3,"framePerSecond":24,"keys":[
{"frame":1,"values":[0.9586,0.2843,-0.0184,0,-0.2832,0.9579,0.047,0,0.031,-0.0399,0.9987,0,3.0862,-1.2837,1.4227,1]},
{"frame":22,"values":[0.9586,0.2843,-0.0184,0,-0.2832,0.9579,0.047,0,0.031,-0.0399,0.9987,0,3.0862,-1.2837,1.4227,1]}],"loopBehavior":1,"name":"anim","property":"_matrix"}},
{"name":"LeftHandThumb2","index":12,"matrix":[0.8858,0.1401,-0.4424,0,-0.1245,0.9901,0.0642,0,0.447,-0.0018,0.8945,0,2.2512,-1.2997,1.2997,1],"rest":[1,0,0,0,0,1,0,0,0,0,1,0,2.2512,-1.2997,1.2997,1],"parentBoneIndex":11,"length":2.9053
,"animation":{"dataType":3,"framePerSecond":24,"keys":[
{"frame":1,"values":[0.8858,0.1401,-0.4424,0,-0.1245,0.9901,0.0642,0,0.447,-0.0018,0.8945,0,2.2512,-1.2997,1.2997,1]},
{"frame":22,"values":[0.8858,0.1401,-0.4424,0,-0.1245,0.9901,0.0642,0,0.447,-0.0018,0.8945,0,2.2512,-1.2997,1.2997,1]}],"loopBehavior":1,"name":"anim","property":"_matrix"}},
{"name":"LeftHandThumb3","index":13,"matrix":[0.9621,0.0353,-0.2705,0,-0.0202,0.9981,0.0584,0,0.2721,-0.0507,0.9609,0,2.2504,-1.2993,1.2993,1],"rest":[0.9996,-0.0265,-0.0043,0,0.0265,0.9995,0.0176,0,0.0038,-0.0177,0.9998,0,2.2504,-1.2993,1.2993,1],"parentBoneIndex":12,"length":2.0937
,"animation":{"dataType":3,"framePerSecond":24,"keys":[
{"frame":1,"values":[0.9621,0.0353,-0.2705,0,-0.0202,0.9981,0.0584,0,0.2721,-0.0507,0.9609,0,2.2504,-1.2993,1.2993,1]},
{"frame":22,"values":[0.9621,0.0353,-0.2705,0,-0.0202,0.9981,0.0584,0,0.2721,-0.0507,0.9609,0,2.2504,-1.2993,1.2993,1]}],"loopBehavior":1,"name":"anim","property":"_matrix"}},
{"name":"LeftHandThumb4","index":14,"matrix":[1,0,0,0,0,1,0,0,0,0,1,0,1.642,-0.8764,0.9589,1],"rest":[1,0,0,0,0,1,0,0,0,0,1,0,1.642,-0.8764,0.9589,1],"parentBoneIndex":13,"length":2.0937
,"animation":{"dataType":3,"framePerSecond":24,"keys":[
{"frame":1,"values":[1,0,0,0,0,1,0,0,0,0,1,0,1.642,-0.8764,0.9589,1]},
{"frame":22,"values":[1,0,0,0,0,1,0,0,0,0,1,0,1.642,-0.8764,0.9589,1]}],"loopBehavior":1,"name":"anim","property":"_matrix"}},
{"name":"LeftHandIndex1","index":15,"matrix":[0.9989,-0.0227,0.0407,0,0.0239,0.9993,-0.0283,0,-0.04,0.0293,0.9988,0,7.464,1.013,1.9108,1],"rest":[0.9467,0.3125,0.078,0,-0.3129,0.9497,-0.0071,0,-0.0763,-0.0177,0.9969,0,7.464,1.013,1.9108,1],"parentBoneIndex":10,"length":3.1738
,"animation":{"dataType":3,"framePerSecond":24,"keys":[
{"frame":1,"values":[0.9989,-0.0227,0.0407,0,0.0239,0.9993,-0.0283,0,-0.04,0.0293,0.9988,0,7.464,1.013,1.9108,1]},
{"frame":22,"values":[0.9989,-0.0227,0.0407,0,0.0239,0.9993,-0.0283,0,-0.04,0.0293,0.9988,0,7.464,1.013,1.9108,1]}],"loopBehavior":1,"name":"anim","property":"_matrix"}},
{"name":"LeftHandIndex2","index":16,"matrix":[0.926,-0.3707,-0.0712,0,0.3697,0.9287,-0.027,0,0.0762,-0.0013,0.9971,0,3.142,-0.4199,-0.157,1],"rest":[0.9998,-0.0181,0.007,0,0.0181,0.9998,-0.0018,0,-0.007,0.0019,1,0,3.142,-0.4199,-0.157,1],"parentBoneIndex":15,"length":2.1038
,"animation":{"dataType":3,"framePerSecond":24,"keys":[
{"frame":1,"values":[0.926,-0.3707,-0.0712,0,0.3697,0.9287,-0.027,0,0.0762,-0.0013,0.9971,0,3.142,-0.4199,-0.157,1]},
{"frame":22,"values":[0.926,-0.3707,-0.0712,0,0.3697,0.9287,-0.027,0,0.0762,-0.0013,0.9971,0,3.142,-0.4199,-0.157,1]}],"loopBehavior":1,"name":"anim","property":"_matrix"}},
{"name":"LeftHandIndex3","index":17,"matrix":[0.9999,0.014,0.0083,0,-0.014,0.9999,-0.0002,0,-0.0083,0.0001,1,0,2.0866,-0.2403,-0.1191,1],"rest":[0.9985,-0.0544,-0.0084,0,0.0544,0.9985,-0.0024,0,0.0085,0.0019,1,0,2.0866,-0.2403,-0.1191,1],"parentBoneIndex":16,"length":1.9464
,"animation":{"dataType":3,"framePerSecond":24,"keys":[
{"frame":1,"values":[0.9999,0.014,0.0083,0,-0.014,0.9999,-0.0002,0,-0.0083,0.0001,1,0,2.0866,-0.2403,-0.1191,1]},
{"frame":22,"values":[0.9999,0.014,0.0083,0,-0.014,0.9999,-0.0002,0,-0.0083,0.0001,1,0,2.0866,-0.2403,-0.1191,1]}],"loopBehavior":1,"name":"anim","property":"_matrix"}},
{"name":"LeftHandIndex4","index":18,"matrix":[1,0,0,0,0,1,0,0,0,0,1,0,1.9406,-0.1168,-0.0942,1],"rest":[1,0,0,0,0,1,0,0,0,0,1,0,1.9406,-0.1168,-0.0942,1],"parentBoneIndex":17,"length":1.9464
,"animation":{"dataType":3,"framePerSecond":24,"keys":[
{"frame":1,"values":[1,0,0,0,0,1,0,0,0,0,1,0,1.9406,-0.1168,-0.0942,1]},
{"frame":22,"values":[1,0,0,0,0,1,0,0,0,0,1,0,1.9406,-0.1168,-0.0942,1]}],"loopBehavior":1,"name":"anim","property":"_matrix"}},
{"name":"LeftHandMiddle1","index":19,"matrix":[0.998,-0.0514,-0.0356,0,0.0506,0.9984,-0.0232,0,0.0367,0.0214,0.9991,0,7.4859,1.4067,0.2197,1],"rest":[0.92,0.3717,0.1241,0,-0.3732,0.9277,-0.0117,0,-0.1194,-0.0356,0.9922,0,7.4859,1.4067,0.2197,1],"parentBoneIndex":10,"length":3.6612
,"animation":{"dataType":3,"framePerSecond":24,"keys":[
{"frame":1,"values":[0.998,-0.0514,-0.0356,0,0.0506,0.9984,-0.0232,0,0.0367,0.0214,0.9991,0,7.4859,1.4067,0.2197,1]},
{"frame":22,"values":[0.998,-0.0514,-0.0356,0,0.0506,0.9984,-0.0232,0,0.0367,0.0214,0.9991,0,7.4859,1.4067,0.2197,1]}],"loopBehavior":1,"name":"anim","property":"_matrix"}},
{"name":"LeftHandMiddle2","index":20,"matrix":[0.9174,-0.3708,-0.1445,0,0.3712,0.9282,-0.0255,0,0.1436,-0.0302,0.9892,0,3.5734,-0.7167,-0.3489,1],"rest":[0.9979,0.0003,-0.065,0,0.0005,0.9999,0.013,0,0.065,-0.013,0.9978,0,3.5734,-0.7167,-0.3489,1],"parentBoneIndex":19,"length":2.307
,"animation":{"dataType":3,"framePerSecond":24,"keys":[
{"frame":1,"values":[0.9174,-0.3708,-0.1445,0,0.3712,0.9282,-0.0255,0,0.1436,-0.0302,0.9892,0,3.5734,-0.7167,-0.3489,1]},
{"frame":22,"values":[0.9174,-0.3708,-0.1445,0,0.3712,0.9282,-0.0255,0,0.1436,-0.0302,0.9892,0,3.5734,-0.7167,-0.3489,1]}],"loopBehavior":1,"name":"anim","property":"_matrix"}},
{"name":"LeftHandMiddle3","index":21,"matrix":[0.9989,-0.0415,-0.0201,0,0.0415,0.9991,0.002,0,0.02,-0.0028,0.9998,0,2.261,-0.4533,-0.0672,1],"rest":[0.9953,-0.0937,-0.0244,0,0.0937,0.9956,0.001,0,0.0242,-0.0032,0.9997,0,2.261,-0.4533,-0.0672,1],"parentBoneIndex":20,"length":2.0715
,"animation":{"dataType":3,"framePerSecond":24,"keys":[
{"frame":1,"values":[0.9989,-0.0415,-0.0201,0,0.0415,0.9991,0.002,0,0.02,-0.0028,0.9998,0,2.261,-0.4533,-0.0672,1]},
{"frame":22,"values":[0.9989,-0.0415,-0.0201,0,0.0415,0.9991,0.002,0,0.02,-0.0028,0.9998,0,2.261,-0.4533,-0.0672,1]}],"loopBehavior":1,"name":"anim","property":"_matrix"}},
{"name":"LeftHandMiddle4","index":22,"matrix":[1,0,0,0,0,1,0,0,0,0,1,0,2.0603,-0.215,-0.0098,1],"rest":[1,0,0,0,0,1,0,0,0,0,1,0,2.0603,-0.215,-0.0098,1],"parentBoneIndex":21,"length":2.0715
,"animation":{"dataType":3,"framePerSecond":24,"keys":[
{"frame":1,"values":[1,0,0,0,0,1,0,0,0,0,1,0,2.0603,-0.215,-0.0098,1]},
{"frame":22,"values":[1,0,0,0,0,1,0,0,0,0,1,0,2.0603,-0.215,-0.0098,1]}],"loopBehavior":1,"name":"anim","property":"_matrix"}},
{"name":"LeftHandRing1","index":23,"matrix":[0.99,-0.1332,-0.0458,0,0.1323,0.9909,-0.0233,0,0.0485,0.017,0.9987,0,7.12,1.5184,-1.0829,1],"rest":[0.8973,0.3994,0.1882,0,-0.4037,0.9147,-0.0161,0,-0.1786,-0.0615,0.982,0,7.12,1.5184,-1.0829,1],"parentBoneIndex":10,"length":3.3429
,"animation":{"dataType":3,"framePerSecond":24,"keys":[
{"frame":1,"values":[0.99,-0.1332,-0.0458,0,0.1323,0.9909,-0.0233,0,0.0485,0.017,0.9987,0,7.12,1.5184,-1.0829,1]},
{"frame":22,"values":[0.99,-0.1332,-0.0458,0,0.1323,0.9909,-0.0233,0,0.0485,0.017,0.9987,0,7.12,1.5184,-1.0829,1]}],"loopBehavior":1,"name":"anim","property":"_matrix"}},
{"name":"LeftHandRing2","index":24,"matrix":[0.9248,-0.3717,-0.0809,0,0.3684,0.9282,-0.0529,0,0.0948,0.0191,0.9953,0,3.2113,-0.763,-0.5297,1],"rest":[0.9976,-0.0644,-0.0249,0,0.0643,0.9979,-0.0055,0,0.0252,0.0038,0.9997,0,3.2113,-0.763,-0.5297,1],"parentBoneIndex":23,"length":2.0362
,"animation":{"dataType":3,"framePerSecond":24,"keys":[
{"frame":1,"values":[0.9248,-0.3717,-0.0809,0,0.3684,0.9282,-0.0529,0,0.0948,0.0191,0.9953,0,3.2113,-0.763,-0.5297,1]},
{"frame":22,"values":[0.9248,-0.3717,-0.0809,0,0.3684,0.9282,-0.0529,0,0.0948,0.0191,0.9953,0,3.2113,-0.763,-0.5297,1]}],"loopBehavior":1,"name":"anim","property":"_matrix"}},
{"name":"LeftHandRing3","index":25,"matrix":[0.9913,-0.0538,-0.12,0,0.0557,0.9984,0.0124,0,0.1192,-0.019,0.9927,0,1.9893,-0.3363,-0.275,1],"rest":[0.9933,-0.0196,-0.1141,0,0.0214,0.9997,0.0153,0,0.1138,-0.0176,0.9934,0,1.9893,-0.3363,-0.275,1],"parentBoneIndex":24,"length":2.0532
,"animation":{"dataType":3,"framePerSecond":24,"keys":[
{"frame":1,"values":[0.9913,-0.0538,-0.12,0,0.0557,0.9984,0.0124,0,0.1192,-0.019,0.9927,0,1.9893,-0.3363,-0.275,1]},
{"frame":22,"values":[0.9913,-0.0538,-0.12,0,0.0557,0.9984,0.0124,0,0.1192,-0.019,0.9927,0,1.9893,-0.3363,-0.275,1]}],"loopBehavior":1,"name":"anim","property":"_matrix"}},
{"name":"LeftHandRing4","index":26,"matrix":[1,0,0,0,0,1,0,0,0,0,1,0,2.0307,-0.3002,-0.0413,1],"rest":[1,0,0,0,0,1,0,0,0,0,1,0,2.0307,-0.3002,-0.0413,1],"parentBoneIndex":25,"length":2.0532
,"animation":{"dataType":3,"framePerSecond":24,"keys":[
{"frame":1,"values":[1,0,0,0,0,1,0,0,0,0,1,0,2.0307,-0.3002,-0.0413,1]},
{"frame":22,"values":[1,0,0,0,0,1,0,0,0,0,1,0,2.0307,-0.3002,-0.0413,1]}],"loopBehavior":1,"name":"anim","property":"_matrix"}},
