{"producer":{"name":"Blender","version":"2.90.0","exporter_version":"2.80.1","file":"walkbackwards_jump.babylon"},
"autoClear":true,"clearColor":[0.0509,0.0509,0.0509],"gravity":[0,-9.81,0],
"materials":[{"name":"Material","id":"Material","customType":"BABYLON.PBRMaterial","backFaceCulling":true,"checkReadyOnlyOnce":false,"maxSimultaneousLights":4,"environmentIntensity":1,"albedo":[0.8,0.8,0.8],"reflectivity":[0.5,0.5,0.5],"roughness":0.4,"alpha":1,"transparencyMode":0,"alphaCutOff":0.4,"metallic":0}],
"multiMaterials":[],
"skeletons":[{"name":"Armature","id":0,"dimensionsAtRest":[128.1663,151.4482,19.1351],"bones":[
{"name":"Hips","index":0,"matrix":[0.9972,0.0369,-0.0646,0,-0.0391,0.9987,-0.0341,0,-0.0633,-0.0365,-0.9973,0,-0.0978,72.5853,-1.0206,1],"rest":[1,0,0,0,0,1,0,0,0,0,-1,0,0,81.0629,0,1],"parentBoneIndex":-1,"length":7.701
,"animation":{"dataType":3,"framePerSecond":24,"keys":[
{"frame":1,"values":[0.9972,0.0369,-0.0646,0,-0.0391,0.9987,-0.0341,0,-0.0633,-0.0365,-0.9973,0,-0.0978,72.5853,-1.0206,1]},
{"frame":2,"values":[0.9957,0.0921,-0.006,0,-0.0916,0.9942,0.0571,0,-0.0112,0.0563,-0.9984,0,-1.5075,75.113,1.059,1]},
{"frame":3,"values":[0.9785,0.1022,0.1792,0,-0.1178,0.9899,0.0788,0,0.1694,0.0982,-0.9806,0,-3.6495,79.6809,2.0708,1]},
{"frame":4,"values":[0.8972,0.1352,0.4204,0,-0.1598,0.9869,0.0236,0,0.4117,0.0884,-0.907,0,-5.7457,83.9475,2.394,1]},
{"frame":5,"values":[0.8053,0.1538,0.5725,0,-0.1505,0.9872,-0.0535,0,0.5734,0.0431,-0.8182,0,-6.9189,87.6859,2.7816,1]},
{"frame":6,"values":[0.8056,0.0978,0.5843,0,-0.0856,0.9951,-0.0485,0,0.5862,0.011,-0.8101,0,-6.8983,91.2978,3.7631,1]},
{"frame":7,"values":[0.8561,-0.0221,0.5164,0,0.0148,0.9997,0.0183,0,0.5167,0.008,-0.8561,0,-6.0578,93.7655,4.6983,1]},
{"frame":8,"values":[0.8806,-0.1315,0.4552,0,0.1244,0.9912,0.0457,0,0.4572,-0.0163,-0.8892,0,-4.7574,94.28,5.6262,1]},
{"frame":9,"values":[0.8936,-0.1918,0.4058,0,0.2002,0.9795,0.0219,0,0.4017,-0.0617,-0.9137,0,-3.0454,92.6639,6.3196,1]},
{"frame":10,"values":[0.9235,-0.2074,0.3228,0,0.2194,0.9756,-0.0009,0,0.3148,-0.0717,-0.9465,0,-1.5073,89.3511,6.3484,1]},
{"frame":11,"values":[0.9501,-0.2225,0.2186,0,0.2241,0.9744,0.0179,0,0.217,-0.032,-0.9756,0,-0.7468,84.0102,6.0553,1]},
{"frame":12,"values":[0.9664,-0.2198,0.1332,0,0.2148,0.9753,0.0509,0,0.1411,0.0206,-0.9898,0,-0.7471,78.0583,6.2699,1]},
{"frame":13,"values":[0.9843,-0.1439,0.1026,0,0.1386,0.9887,0.0577,0,0.1097,0.0426,-0.993,0,-0.4818,73.9478,7.2701,1]},
{"frame":14,"values":[0.9952,-0.0315,0.0926,0,0.0286,0.9991,0.0325,0,0.0935,0.0297,-0.9952,0,0.4703,71.7982,7.9769,1]},
{"frame":15,"values":[0.9961,0.06,0.0646,0,-0.0609,0.9981,0.0132,0,0.0637,0.0171,-0.9978,0,1.3538,72.0615,7.0095,1]},
{"frame":16,"values":[0.9942,0.0965,0.0466,0,-0.0967,0.9953,0.0034,0,0.046,0.0079,-0.9989,0,1.8684,73.2271,5.2208,1]},
{"frame":17,"values":[0.9959,0.0695,0.0579,0,-0.0682,0.9974,-0.023,0,0.0594,-0.019,-0.9981,0,1.9309,74.2596,3.7181,1]},
{"frame":18,"values":[0.9967,0.0466,0.0672,0,-0.0417,0.9965,-0.073,0,0.0703,-0.0699,-0.9951,0,1.4178,73.7371,2.9534,1]},
{"frame":19,"values":[0.9972,0.0443,0.0598,0,-0.0376,0.9932,-0.1101,0,0.0643,-0.1075,-0.9921,0,0.8373,72.64,2.5606,1]},
{"frame":20,"values":[0.9992,0.0389,0.0064,0,-0.0382,0.9955,-0.0869,0,0.0098,-0.0866,-0.9962,0,0.3078,72.0619,1.5581,1]},
{"frame":21,"values":[0.9972,0.0369,-0.0646,0,-0.0391,0.9987,-0.0341,0,-0.0633,-0.0365,-0.9973,0,-0.0978,72.5853,-1.0206,1]}],"loopBehavior":1,"name":"anim","property":"_matrix"}},
{"name":"Spine","index":1,"matrix":[0.9996,0.0014,-0.027,0,0.001,0.996,0.0893,0,0.027,-0.0893,0.9956,0,0.009,7.0626,-0.9847,1],"rest":[1,0,0,0,0,1,0,0,0,0,1,0,0.009,7.0626,-0.9847,1],"parentBoneIndex":0,"length":8.3194
,"animation":{"dataType":3,"framePerSecond":24,"keys":[
{"frame":1,"values":[0.9996,0.0014,-0.027,0,0.001,0.996,0.0893,0,0.027,-0.0893,0.9956,0,0.009,7.0626,-0.9847,1]},
{"frame":2,"values":[0.9966,-0.075,-0.0352,0,0.0783,0.9915,0.1038,0,0.0272,-0.1062,0.994,0,0.009,7.0626,-0.9847,1]},
{"frame":3,"values":[0.989,-0.1473,-0.0154,0,0.1481,0.9849,0.0895,0,0.002,-0.0908,0.9959,0,0.009,7.0626,-0.9847,1]},
{"frame":4,"values":[0.9619,-0.2645,0.0691,0,0.2594,0.9628,0.0754,0,-0.0865,-0.0546,0.9948,0,0.009,7.0626,-0.9847,1]},
{"frame":5,"values":[0.9254,-0.3332,0.1808,0,0.3247,0.9428,0.0755,0,-0.1957,-0.0112,0.9806,0,0.009,7.0626,-0.9847,1]},
{"frame":6,"values":[0.9342,-0.2902,0.2073,0,0.278,0.9567,0.0865,0,-0.2234,-0.0232,0.9745,0,0.009,7.0626,-0.9847,1]},
{"frame":7,"values":[0.9727,-0.1579,0.17,0,0.1428,0.9849,0.0979,0,-0.1829,-0.071,0.9806,0,0.009,7.0626,-0.9847,1]},
{"frame":8,"values":[0.9873,-0.0055,0.1589,0,-0.0098,0.9954,0.0953,0,-0.1587,-0.0957,0.9827,0,0.009,7.0626,-0.9847,1]},
{"frame":9,"values":[0.9808,0.1119,0.1599,0,-0.1259,0.9888,0.08,0,-0.1492,-0.0986,0.9839,0,0.009,7.0626,-0.9847,1]},
{"frame":10,"values":[0.9775,0.1639,0.1328,0,-0.1745,0.982,0.0721,0,-0.1186,-0.0936,0.9885,0,0.009,7.0626,-0.9847,1]},
{"frame":11,"values":[0.98,0.1763,0.092,0,-0.1837,0.9797,0.0796,0,-0.0761,-0.0949,0.9926,0,0.009,7.0626,-0.9847,1]},
{"frame":12,"values":[0.987,0.154,0.0469,0,-0.158,0.9824,0.0992,0,-0.0308,-0.1053,0.994,0,0.009,7.0626,-0.9847,1]},
{"frame":13,"values":[0.9952,0.0967,0.0122,0,-0.0975,0.9879,0.1208,0,-0.0003,-0.1214,0.9926,0,0.009,7.0626,-0.9847,1]},
{"frame":14,"values":[0.9988,0.0491,-0.0078,0,-0.0477,0.991,0.1249,0,0.0139,-0.1244,0.9921,0,0.009,7.0626,-0.9847,1]},
{"frame":15,"values":[0.9993,0.0146,-0.0337,0,-0.011,0.9945,0.1043,0,0.035,-0.1039,0.994,0,0.009,7.0626,-0.9847,1]},
{"frame":16,"values":[0.9977,-0.0004,-0.0671,0,0.0055,0.9971,0.0756,0,0.0669,-0.0758,0.9949,0,0.009,7.0626,-0.9847,1]},
{"frame":17,"values":[0.996,0.0225,-0.0862,0,-0.0178,0.9983,0.055,0,0.0873,-0.0532,0.9948,0,0.009,7.0626,-0.9847,1]},
{"frame":18,"values":[0.9955,0.0328,-0.0893,0,-0.0286,0.9985,0.0475,0,0.0907,-0.0448,0.9949,0,0.009,7.0626,-0.9847,1]},
{"frame":19,"values":[0.997,0.0303,-0.0707,0,-0.0265,0.9982,0.0539,0,0.0722,-0.0518,0.996,0,0.009,7.0626,-0.9847,1]},
{"frame":20,"values":[0.9987,0.0224,-0.0467,0,-0.0189,0.997,0.0752,0,0.0482,-0.0742,0.9961,0,0.009,7.0626,-0.9847,1]},
{"frame":21,"values":[0.9996,0.0014,-0.027,0,0.001,0.996,0.0893,0,0.027,-0.0893,0.9956,0,0.009,7.0626,-0.9847,1]}],"loopBehavior":1,"name":"anim","property":"_matrix"}},
{"name":"Spine1","index":2,"matrix":[1,-0.001,-0.0089,0,0.0015,0.9985,0.0545,0,0.0089,-0.0545,0.9985,0,0.0124,8.2397,-1.1488,1],"rest":[1,0,0,0,0,1,0,0,0,0,1,0,0.0124,8.2397,-1.1488,1],"parentBoneIndex":1,"length":9.5079
,"animation":{"dataType":3,"framePerSecond":24,"keys":[
{"frame":1,"values":[1,-0.001,-0.0089,0,0.0015,0.9985,0.0545,0,0.0089,-0.0545,0.9985,0,0.0124,8.2397,-1.1488,1]},
{"frame":2,"values":[0.9994,-0.0294,-0.0208,0,0.0308,0.9968,0.0741,0,0.0186,-0.0747,0.997,0,0.0124,8.2397,-1.1488,1]},
{"frame":3,"values":[0.9974,-0.0716,-0.0088,0,0.072,0.9954,0.0625,0,0.0043,-0.063,0.998,0,0.0124,8.2397,-1.1488,1]},
{"frame":4,"values":[0.9938,-0.1033,0.0416,0,0.1016,0.994,0.041,0,-0.0455,-0.0366,0.9983,0,0.0124,8.2397,-1.1488,1]},
{"frame":5,"values":[0.9905,-0.1018,0.0923,0,0.1004,0.9947,0.0202,0,-0.0939,-0.0108,0.9955,0,0.0124,8.2397,-1.1488,1]},
{"frame":6,"values":[0.9922,-0.0726,0.101,0,0.0705,0.9972,0.0245,0,-0.1025,-0.0172,0.9946,0,0.0124,8.2397,-1.1488,1]},
{"frame":7,"values":[0.9961,-0.0239,0.085,0,0.0202,0.9988,0.0446,0,-0.086,-0.0427,0.9954,0,0.0124,8.2397,-1.1488,1]},
{"frame":8,"values":[0.9962,0.0335,0.0806,0,-0.0378,0.9979,0.0534,0,-0.0786,-0.0563,0.9953,0,0.0124,8.2397,-1.1488,1]},
{"frame":9,"values":[0.9937,0.0776,0.0808,0,-0.0818,0.9954,0.0492,0,-0.0766,-0.0554,0.9955,0,0.0124,8.2397,-1.1488,1]},
{"frame":10,"values":[0.9928,0.0989,0.0671,0,-0.1021,0.9937,0.0455,0,-0.0622,-0.052,0.9967,0,0.0124,8.2397,-1.1488,1]},
{"frame":11,"values":[0.9933,0.1068,0.0443,0,-0.1091,0.9926,0.0536,0,-0.0383,-0.0581,0.9976,0,0.0124,8.2397,-1.1488,1]},
{"frame":12,"values":[0.9938,0.1076,0.027,0,-0.1093,0.9915,0.071,0,-0.0191,-0.0735,0.9971,0,0.0124,8.2397,-1.1488,1]},
{"frame":13,"values":[0.9957,0.0907,0.0175,0,-0.0919,0.9917,0.0897,0,-0.0092,-0.091,0.9958,0,0.0124,8.2397,-1.1488,1]},
{"frame":14,"values":[0.9982,0.0605,0.0045,0,-0.0606,0.9939,0.0919,0,0.0011,-0.092,0.9958,0,0.0124,8.2397,-1.1488,1]},
{"frame":15,"values":[0.9992,0.0349,-0.0178,0,-0.0336,0.9969,0.0705,0,0.0202,-0.0698,0.9974,0,0.0124,8.2397,-1.1488,1]},
{"frame":16,"values":[0.9988,0.0278,-0.0401,0,-0.026,0.9987,0.0443,0,0.0413,-0.0432,0.9982,0,0.0124,8.2397,-1.1488,1]},
{"frame":17,"values":[0.9981,0.0332,-0.052,0,-0.0319,0.9992,0.026,0,0.0529,-0.0243,0.9983,0,0.0124,8.2397,-1.1488,1]},
{"frame":18,"values":[0.9984,0.0249,-0.0498,0,-0.024,0.9996,0.0179,0,0.0502,-0.0167,0.9986,0,0.0124,8.2397,-1.1488,1]},
{"frame":19,"values":[0.9993,0.0088,-0.037,0,-0.008,0.9997,0.0228,0,0.0371,-0.0225,0.9991,0,0.0124,8.2397,-1.1488,1]},
{"frame":20,"values":[0.9997,0.0032,-0.0242,0,-0.0021,0.9991,0.0427,0,0.0244,-0.0427,0.9988,0,0.0124,8.2397,-1.1488,1]},
{"frame":21,"values":[1,-0.001,-0.0089,0,0.0015,0.9985,0.0545,0,0.0089,-0.0545,0.9985,0,0.0124,8.2397,-1.1488,1]}],"loopBehavior":1,"name":"anim","property":"_matrix"}},
{"name":"Spine2","index":3,"matrix":[1,-0.0008,-0.0087,0,0.0012,0.9985,0.0545,0,0.0087,-0.0545,0.9985,0,0.0142,9.4168,-1.313,1],"rest":[1,0,0,0,0,1,0,0,0,0,1,0,0.0142,9.4168,-1.313,1],"parentBoneIndex":2,"length":9.9132
,"animation":{"dataType":3,"framePerSecond":24,"keys":[
{"frame":1,"values":[1,-0.0008,-0.0087,0,0.0012,0.9985,0.0545,0,0.0087,-0.0545,0.9985,0,0.0142,9.4168,-1.313,1]},
{"frame":2,"values":[0.9994,-0.0269,-0.0208,0,0.0284,0.9968,0.0748,0,0.0187,-0.0754,0.997,0,0.0142,9.4168,-1.313,1]},
{"frame":3,"values":[0.9975,-0.0696,-0.01,0,0.0701,0.9955,0.0637,0,0.0055,-0.0643,0.9979,0,0.0142,9.4168,-1.313,1]},
{"frame":4,"values":[0.9936,-0.1051,0.0415,0,0.1034,0.9938,0.0416,0,-0.0457,-0.037,0.9983,0,0.0142,9.4168,-1.313,1]},
{"frame":5,"values":[0.9897,-0.106,0.0963,0,0.1046,0.9943,0.0188,0,-0.0977,-0.0085,0.9952,0,0.0142,9.4168,-1.313,1]},
{"frame":6,"values":[0.9912,-0.0761,0.1083,0,0.0741,0.997,0.0223,0,-0.1097,-0.0141,0.9939,0,0.0142,9.4168,-1.313,1]},
{"frame":7,"values":[0.9954,-0.0269,0.0923,0,0.023,0.9988,0.0432,0,-0.0934,-0.0409,0.9948,0,0.0142,9.4168,-1.313,1]},
{"frame":8,"values":[0.996,0.0302,0.0847,0,-0.0348,0.998,0.0527,0,-0.0829,-0.0555,0.995,0,0.0142,9.4168,-1.313,1]},
{"frame":9,"values":[0.9939,0.0739,0.0822,0,-0.0781,0.9957,0.0493,0,-0.0782,-0.0554,0.9954,0,0.0142,9.4168,-1.313,1]},
{"frame":10,"values":[0.9931,0.0955,0.0681,0,-0.0988,0.9941,0.0457,0,-0.0633,-0.0521,0.9966,0,0.0142,9.4168,-1.313,1]},
{"frame":11,"values":[0.9934,0.1045,0.0466,0,-0.1069,0.9928,0.0532,0,-0.0407,-0.0579,0.9975,0,0.0142,9.4168,-1.313,1]},
{"frame":12,"values":[0.9938,0.1064,0.0315,0,-0.1084,0.9916,0.0702,0,-0.0237,-0.0732,0.997,0,0.0142,9.4168,-1.313,1]},
{"frame":13,"values":[0.9957,0.0904,0.0225,0,-0.092,0.9918,0.0889,0,-0.0143,-0.0906,0.9958,0,0.0142,9.4168,-1.313,1]},
{"frame":14,"values":[0.9981,0.0609,0.007,0,-0.0613,0.994,0.0911,0,-0.0014,-0.0914,0.9958,0,0.0142,9.4168,-1.313,1]},
{"frame":15,"values":[0.9992,0.036,-0.0171,0,-0.0348,0.997,0.0697,0,0.0195,-0.0691,0.9974,0,0.0142,9.4168,-1.313,1]},
{"frame":16,"values":[0.9988,0.0298,-0.0394,0,-0.0281,0.9986,0.0438,0,0.0406,-0.0426,0.9983,0,0.0142,9.4168,-1.313,1]},
{"frame":17,"values":[0.998,0.0357,-0.0513,0,-0.0345,0.9991,0.0252,0,0.0522,-0.0234,0.9984,0,0.0142,9.4168,-1.313,1]},
{"frame":18,"values":[0.9984,0.0268,-0.0499,0,-0.026,0.9995,0.0171,0,0.0503,-0.0158,0.9986,0,0.0142,9.4168,-1.313,1]},
{"frame":19,"values":[0.9992,0.01,-0.0378,0,-0.0091,0.9997,0.0222,0,0.038,-0.0218,0.999,0,0.0142,9.4168,-1.313,1]},
{"frame":20,"values":[0.9997,0.0041,-0.0248,0,-0.003,0.9991,0.0424,0,0.0249,-0.0424,0.9988,0,0.0142,9.4168,-1.313,1]},
{"frame":21,"values":[1,-0.0008,-0.0087,0,0.0012,0.9985,0.0545,0,0.0087,-0.0545,0.9985,0,0.0142,9.4168,-1.313,1]}],"loopBehavior":1,"name":"anim","property":"_matrix"}},
{"name":"Neck","index":4,"matrix":[0.9997,-0.0129,-0.0206,0,0.0112,0.9967,-0.08,0,0.0216,0.0797,0.9966,0,0.016,10.5938,-1.4771,1],"rest":[1,0,0,0,0,1,0,0,0,0,1,0,0.016,10.5938,-1.4771,1],"parentBoneIndex":3,"length":5.1073
,"animation":{"dataType":3,"framePerSecond":24,"keys":[
{"frame":1,"values":[0.9997,-0.0129,-0.0206,0,0.0112,0.9967,-0.08,0,0.0216,0.0797,0.9966,0,0.016,10.5938,-1.4771,1]},
{"frame":2,"values":[0.9998,0.0053,-0.0175,0,-0.0065,0.9978,-0.0655,0,0.0171,0.0656,0.9977,0,0.016,10.5938,-1.4771,1]},
{"frame":3,"values":[0.9994,0.0331,-0.0055,0,-0.0333,0.9989,-0.0326,0,0.0044,0.0328,0.9995,0,0.016,10.5938,-1.4771,1]},
{"frame":4,"values":[0.9984,0.0567,0.0009,0,-0.0567,0.9983,0.0109,0,-0.0003,-0.011,0.9999,0,0.016,10.5938,-1.4771,1]},
{"frame":5,"values":[0.9979,0.0647,-0.0047,0,-0.0644,0.9969,0.0448,0,0.0076,-0.0444,0.999,0,0.016,10.5938,-1.4771,1]},
{"frame":6,"values":[0.9985,0.0538,-0.0122,0,-0.0531,0.9972,0.0517,0,0.0149,-0.051,0.9986,0,0.016,10.5938,-1.4771,1]},
{"frame":7,"values":[0.9994,0.0316,-0.0127,0,-0.0311,0.9989,0.0356,0,0.0138,-0.0352,0.9993,0,0.016,10.5938,-1.4771,1]},
{"frame":8,"values":[0.9999,0.0081,-0.0101,0,-0.008,0.9999,0.007,0,0.0101,-0.0069,0.9999,0,0.016,10.5938,-1.4771,1]},
{"frame":9,"values":[0.9999,-0.0111,-0.0103,0,0.0108,0.9996,-0.0255,0,0.0105,0.0253,0.9996,0,0.016,10.5938,-1.4771,1]},
{"frame":10,"values":[0.9997,-0.0208,-0.013,0,0.0202,0.9988,-0.0437,0,0.0139,0.0434,0.999,0,0.016,10.5938,-1.4771,1]},
{"frame":11,"values":[0.9998,-0.0142,-0.0146,0,0.0136,0.9989,-0.0457,0,0.0152,0.0455,0.9988,0,0.016,10.5938,-1.4771,1]},
{"frame":12,"values":[0.9999,-0.0011,-0.0149,0,0.0003,0.9987,-0.0519,0,0.0149,0.0519,0.9985,0,0.016,10.5938,-1.4771,1]},
{"frame":13,"values":[0.9999,0.0008,-0.0144,0,-0.0018,0.9975,-0.0712,0,0.0143,0.0712,0.9974,0,0.016,10.5938,-1.4771,1]},
{"frame":14,"values":[0.9999,-0.0068,-0.0126,0,0.0058,0.9966,-0.0819,0,0.0131,0.0819,0.9966,0,0.016,10.5938,-1.4771,1]},
{"frame":15,"values":[0.9999,-0.0118,-0.0109,0,0.0111,0.9978,-0.0646,0,0.0116,0.0645,0.9979,0,0.016,10.5938,-1.4771,1]},
{"frame":16,"values":[0.9999,-0.012,-0.0067,0,0.0117,0.9991,-0.04,0,0.0071,0.0399,0.9992,0,0.016,10.5938,-1.4771,1]},
{"frame":17,"values":[0.9999,-0.0132,-0.0009,0,0.0131,0.9991,-0.0399,0,0.0015,0.0399,0.9992,0,0.016,10.5938,-1.4771,1]},
{"frame":18,"values":[0.9999,-0.0105,0.001,0,0.0106,0.9975,-0.0698,0,-0.0003,0.0698,0.9976,0,0.016,10.5938,-1.4771,1]},
{"frame":19,"values":[1,-0.0087,-0.0022,0,0.0084,0.9952,-0.0973,0,0.003,0.0972,0.9953,0,0.016,10.5938,-1.4771,1]},
{"frame":20,"values":[0.9999,-0.0129,-0.0106,0,0.0118,0.9952,-0.0975,0,0.0118,0.0974,0.9952,0,0.016,10.5938,-1.4771,1]},
{"frame":21,"values":[0.9997,-0.0129,-0.0206,0,0.0112,0.9967,-0.08,0,0.0216,0.0797,0.9966,0,0.016,10.5938,-1.4771,1]}],"loopBehavior":1,"name":"anim","property":"_matrix"}},
{"name":"Head","index":5,"matrix":[0.9994,-0.033,0.007,0,0.0336,0.9914,-0.1267,0,-0.0028,0.1268,0.9919,0,0,5.0564,0.7196,1],"rest":[1,0,0,0,0,1,0,0,0,0,1,0,0,5.0564,0.7196,1],"parentBoneIndex":4,"length":15.2963
,"animation":{"dataType":3,"framePerSecond":24,"keys":[
{"frame":1,"values":[0.9994,-0.033,0.007,0,0.0336,0.9914,-0.1267,0,-0.0028,0.1268,0.9919,0,0,5.0564,0.7196,1]},
{"frame":2,"values":[0.996,0.0843,0.028,0,-0.0851,0.9959,0.0293,0,-0.0254,-0.0316,0.9992,0,0,5.0564,0.7196,1]},
{"frame":3,"values":[0.9589,0.2447,0.1434,0,-0.2637,0.9554,0.133,0,-0.1045,-0.1654,0.9807,0,0,5.0564,0.7196,1]},
{"frame":4,"values":[0.91,0.3386,0.2392,0,-0.3812,0.9102,0.1621,0,-0.1628,-0.2387,0.9574,0,0,5.0564,0.7196,1]},
{"frame":5,"values":[0.8968,0.3754,0.2342,0,-0.4162,0.8954,0.1584,0,-0.1503,-0.2395,0.9592,0,0,5.0564,0.7196,1]},
{"frame":6,"values":[0.906,0.374,0.1984,0,-0.3992,0.9107,0.1061,0,-0.141,-0.1753,0.9744,0,0,5.0564,0.7196,1]},
{"frame":7,"values":[0.9283,0.3182,0.1926,0,-0.3317,0.9424,0.0421,0,-0.1681,-0.103,0.9804,0,0,5.0564,0.7196,1]},
{"frame":8,"values":[0.9582,0.2209,0.1818,0,-0.223,0.9748,-0.0088,0,-0.1791,-0.0321,0.9833,0,0,5.0564,0.7196,1]},
{"frame":9,"values":[0.983,0.1153,0.1432,0,-0.11,0.993,-0.0441,0,-0.1472,0.0276,0.9887,0,0,5.0564,0.7196,1]},
{"frame":10,"values":[0.9945,0.0323,0.0995,0,-0.0271,0.9983,-0.0525,0,-0.101,0.0495,0.9936,0,0,5.0564,0.7196,1]},
{"frame":11,"values":[0.9981,-0.0139,0.0608,0,0.0172,0.9984,-0.0544,0,-0.0599,0.0553,0.9967,0,0,5.0564,0.7196,1]},
{"frame":12,"values":[0.9989,-0.0314,0.0353,0,0.0346,0.9951,-0.0928,0,-0.0322,0.0939,0.9951,0,0,5.0564,0.7196,1]},
{"frame":13,"values":[0.9983,-0.0421,0.0409,0,0.0483,0.9849,-0.1661,0,-0.0333,0.1678,0.9853,0,0,5.0564,0.7196,1]},
{"frame":14,"values":[0.9966,-0.0548,0.0621,0,0.0666,0.976,-0.2073,0,-0.0492,0.2107,0.9763,0,0,5.0564,0.7196,1]},
{"frame":15,"values":[0.9952,-0.0545,0.0807,0,0.0669,0.9849,-0.1595,0,-0.0708,0.1641,0.9839,0,0,5.0564,0.7196,1]},
{"frame":16,"values":[0.9912,-0.0409,0.1261,0,0.05,0.9963,-0.0706,0,-0.1227,0.0762,0.9895,0,0,5.0564,0.7196,1]},
{"frame":17,"values":[0.9825,-0.0328,0.1836,0,0.0371,0.9991,-0.0203,0,-0.1828,0.0267,0.9828,0,0,5.0564,0.7196,1]},
{"frame":18,"values":[0.9808,-0.0222,0.1937,0,0.0294,0.999,-0.0344,0,-0.1927,0.0394,0.9805,0,0,5.0564,0.7196,1]},
{"frame":19,"values":[0.9873,-0.0182,0.1575,0,0.0322,0.9957,-0.0868,0,-0.1553,0.0908,0.9837,0,0,5.0564,0.7196,1]},
{"frame":20,"values":[0.9955,-0.0268,0.0904,0,0.0383,0.991,-0.1286,0,-0.0862,0.1315,0.9876,0,0,5.0564,0.7196,1]},
{"frame":21,"values":[0.9994,-0.033,0.007,0,0.0336,0.9914,-0.1267,0,-0.0028,0.1268,0.9919,0,0,5.0564,0.7196,1]}],"loopBehavior":1,"name":"anim","property":"_matrix"}},
{"name":"HeadTop_End","index":6,"matrix":[1,0,0,0,0,1,0,0,0,0,1,0,0,15.1437,2.155,1],"rest":[1,0,0,0,0,1,0,0,0,0,1,0,0,15.1437,2.155,1],"parentBoneIndex":5,"length":15.2963
,"animation":{"dataType":3,"framePerSecond":24,"keys":[
{"frame":1,"values":[1,0,0,0,0,1,0,0,0,0,1,0,0,15.1437,2.155,1]},
{"frame":21,"values":[1,0,0,0,0,1,0,0,0,0,1,0,0,15.1437,2.155,1]}],"loopBehavior":1,"name":"anim","property":"_matrix"}},
{"name":"LeftShoulder","index":7,"matrix":[0.9911,-0.1317,-0.0206,0,0.1319,0.9912,0.0061,0,0.0196,-0.0087,0.9998,0,3.5285,8.7304,-1.4561,1],"rest":[1,-0.0017,0,0,0.0017,1,0,0,0,0,1,0,3.5285,8.7304,-1.4561,1],"parentBoneIndex":3,"length":7.9526
,"animation":{"dataType":3,"framePerSecond":24,"keys":[
{"frame":1,"values":[0.9911,-0.1317,-0.0206,0,0.1319,0.9912,0.0061,0,0.0196,-0.0087,0.9998,0,3.5285,8.7304,-1.4561,1]},
{"frame":2,"values":[0.9939,-0.1051,0.0332,0,0.1042,0.9942,0.0261,0,-0.0358,-0.0224,0.9991,0,3.5285,8.7304,-1.4561,1]},
{"frame":3,"values":[0.9883,-0.0144,0.1517,0,0.0082,0.9991,0.0415,0,-0.1522,-0.0398,0.9876,0,3.5285,8.7304,-1.4561,1]},
{"frame":4,"values":[0.964,0.1372,0.2279,0,-0.1478,0.9886,0.03,0,-0.2212,-0.0626,0.9732,0,3.5285,8.7304,-1.4561,1]},
{"frame":5,"values":[0.9379,0.2941,0.1839,0,-0.3022,0.9531,0.017,0,-0.1702,-0.0715,0.9828,0,3.5285,8.7304,-1.4561,1]},
{"frame":6,"values":[0.9206,0.3757,0.1061,0,-0.3801,0.9246,0.0238,0,-0.0892,-0.0622,0.9941,0,3.5285,8.7304,-1.4561,1]},
{"frame":7,"values":[0.9254,0.3695,0.0847,0,-0.373,0.9274,0.0296,0,-0.0676,-0.059,0.996,0,3.5285,8.7304,-1.4561,1]},
{"frame":8,"values":[0.9435,0.3238,0.0704,0,-0.3268,0.9444,0.0359,0,-0.0549,-0.0569,0.9969,0,3.5285,8.7304,-1.4561,1]},
{"frame":9,"values":[0.9629,0.268,0.0306,0,-0.2692,0.9622,0.0424,0,-0.0181,-0.049,0.9986,0,3.5285,8.7304,-1.4561,1]},
{"frame":10,"values":[0.9791,0.2032,-0.0045,0,-0.2028,0.9783,0.042,0,0.0129,-0.0402,0.9991,0,3.5285,8.7304,-1.4561,1]},
{"frame":11,"values":[0.9898,0.1412,-0.0162,0,-0.1406,0.9895,0.0342,0,0.0208,-0.0316,0.9993,0,3.5285,8.7304,-1.4561,1]},
{"frame":12,"values":[0.9955,0.0922,-0.0202,0,-0.0917,0.9955,0.0241,0,0.0223,-0.0221,0.9995,0,3.5285,8.7304,-1.4561,1]},
{"frame":13,"values":[0.9988,0.0349,-0.0344,0,-0.0345,0.9993,0.014,0,0.0349,-0.0128,0.9993,0,3.5285,8.7304,-1.4561,1]},
{"frame":14,"values":[0.9976,-0.0347,-0.0599,0,0.035,0.9994,0.0041,0,0.0597,-0.0062,0.9982,0,3.5285,8.7304,-1.4561,1]},
{"frame":15,"values":[0.9923,-0.086,-0.0889,0,0.086,0.9963,-0.0035,0,0.0889,-0.0041,0.996,0,3.5285,8.7304,-1.4561,1]},
{"frame":16,"values":[0.9881,-0.1044,-0.1129,0,0.1042,0.9945,-0.0072,0,0.113,-0.0046,0.9936,0,3.5285,8.7304,-1.4561,1]},
{"frame":17,"values":[0.984,-0.1255,-0.1264,0,0.1253,0.9921,-0.0098,0,0.1266,-0.0062,0.9919,0,3.5285,8.7304,-1.4561,1]},
{"frame":18,"values":[0.9781,-0.1658,-0.1254,0,0.1657,0.9861,-0.0114,0,0.1256,-0.0096,0.992,0,3.5285,8.7304,-1.4561,1]},
{"frame":19,"values":[0.9779,-0.1805,-0.1053,0,0.1805,0.9835,-0.0089,0,0.1052,-0.0103,0.9944,0,3.5285,8.7304,-1.4561,1]},
{"frame":20,"values":[0.9851,-0.1559,-0.073,0,0.1562,0.9877,-0.0025,0,0.0725,-0.0089,0.9973,0,3.5285,8.7304,-1.4561,1]},
{"frame":21,"values":[0.9911,-0.1317,-0.0206,0,0.1319,0.9912,0.0061,0,0.0196,-0.0087,0.9998,0,3.5285,8.7304,-1.4561,1]}],"loopBehavior":1,"name":"anim","property":"_matrix"}},
{"name":"LeftArm","index":8,"matrix":[0.6032,-0.7973,-0.0241,0,0.7058,0.5194,0.4818,0,-0.3716,-0.3076,0.876,0,7.6132,-2.2982,0.0421,1],"rest":[0.9965,-0.0092,0.0835,0,0.0092,1,0.0007,0,-0.0835,0.0001,0.9965,0,7.6132,-2.2982,0.0421,1],"parentBoneIndex":7,"length":18.9821
,"animation":{"dataType":3,"framePerSecond":24,"keys":[
{"frame":1,"values":[0.6032,-0.7973,-0.0241,0,0.7058,0.5194,0.4818,0,-0.3716,-0.3076,0.876,0,7.6132,-2.2982,0.0421,1]},
{"frame":2,"values":[0.7054,-0.5227,0.4788,0,0.4221,0.8524,0.3086,0,-0.5695,-0.0155,0.8219,0,7.6132,-2.2982,0.0421,1]},
{"frame":3,"values":[0.6806,-0.0353,0.7318,0,0.0722,0.9972,-0.019,0,-0.7291,0.0658,0.6812,0,7.6132,-2.2982,0.0421,1]},
{"frame":4,"values":[0.5719,0.3301,0.751,0,-0.129,0.9403,-0.3151,0,-0.8101,0.0833,0.5803,0,7.6132,-2.2982,0.0421,1]},
{"frame":5,"values":[0.5642,0.4771,0.6739,0,-0.1637,0.8646,-0.4751,0,-0.8093,0.1577,0.5659,0,7.6132,-2.2982,0.0421,1]},
{"frame":6,"values":[0.7023,0.4631,0.5407,0,-0.1301,0.8302,-0.542,0,-0.6999,0.3103,0.6433,0,7.6132,-2.2982,0.0421,1]},
{"frame":7,"values":[0.8899,0.3615,0.2781,0,-0.1948,0.8526,-0.4849,0,-0.4124,0.3774,0.8292,0,7.6132,-2.2982,0.0421,1]},
{"frame":8,"values":[0.9665,0.2512,-0.0519,0,-0.2563,0.9542,-0.1545,0,0.0107,0.1627,0.9866,0,7.6132,-2.2982,0.0421,1]},
{"frame":9,"values":[0.9587,0.1306,-0.2525,0,-0.0529,0.9547,0.2929,0,0.2793,-0.2674,0.9222,0,7.6132,-2.2982,0.0421,1]},
{"frame":10,"values":[0.9415,-0.0368,-0.335,0,0.2315,0.7931,0.5634,0,0.245,-0.608,0.7552,0,7.6132,-2.2982,0.0421,1]},
{"frame":11,"values":[0.8937,-0.2254,-0.3879,0,0.4378,0.627,0.6444,0,0.098,-0.7457,0.659,0,7.6132,-2.2982,0.0421,1]},
{"frame":12,"values":[0.8044,-0.4251,-0.4149,0,0.5919,0.5137,0.6211,0,-0.0509,-0.7452,0.6649,0,7.6132,-2.2982,0.0421,1]},
{"frame":13,"values":[0.6985,-0.6325,-0.3347,0,0.6844,0.4538,0.5706,0,-0.2091,-0.6276,0.7499,0,7.6132,-2.2982,0.0421,1]},
{"frame":14,"values":[0.5807,-0.7874,-0.2066,0,0.751,0.4202,0.5093,0,-0.3142,-0.4509,0.8354,0,7.6132,-2.2982,0.0421,1]},
{"frame":15,"values":[0.4701,-0.8565,-0.2131,0,0.8449,0.3669,0.3893,0,-0.2553,-0.3631,0.8961,0,7.6132,-2.2982,0.0421,1]},
{"frame":16,"values":[0.388,-0.8596,-0.3325,0,0.9044,0.2855,0.3171,0,-0.1777,-0.4237,0.8882,0,7.6132,-2.2982,0.0421,1]},
{"frame":17,"values":[0.362,-0.8324,-0.4195,0,0.919,0.2432,0.3104,0,-0.1563,-0.4979,0.853,0,7.6132,-2.2982,0.0421,1]},
{"frame":18,"values":[0.4003,-0.8171,-0.4148,0,0.9018,0.2708,0.3368,0,-0.1629,-0.5089,0.8453,0,7.6132,-2.2982,0.0421,1]},
{"frame":19,"values":[0.4521,-0.8408,-0.2978,0,0.8622,0.3264,0.3875,0,-0.2286,-0.432,0.8724,0,7.6132,-2.2982,0.0421,1]},
{"frame":20,"values":[0.5016,-0.8554,-0.1293,0,0.7994,0.4012,0.4472,0,-0.3307,-0.3277,0.885,0,7.6132,-2.2982,0.0421,1]},
{"frame":21,"values":[0.6032,-0.7973,-0.0241,0,0.7058,0.5194,0.4818,0,-0.3716,-0.3076,0.876,0,7.6132,-2.2982,0.0421,1]}],"loopBehavior":1,"name":"anim","property":"_matrix"}},
{"name":"LeftForeArm","index":9,"matrix":[0.2163,0.0021,0.9763,0,-0.0111,0.9999,0.0003,0,-0.9763,-0.0109,0.2164,0,18.9146,0.2055,-1.5856,1],"rest":[0.9964,0.0108,-0.0835,0,-0.0108,0.9999,0.0005,0,0.0835,0.0005,0.9965,0,18.9146,0.2055,-1.5856,1],"parentBoneIndex":8,"length":18.4362
,"animation":{"dataType":3,"framePerSecond":24,"keys":[
{"frame":1,"values":[0.2163,0.0021,0.9763,0,-0.0111,0.9999,0.0003,0,-0.9763,-0.0109,0.2164,0,18.9146,0.2055,-1.5856,1]},
{"frame":2,"values":[0.2028,0.002,0.9792,0,-0.0111,0.9999,0.0003,0,-0.9792,-0.0109,0.2028,0,18.9146,0.2055,-1.5856,1]},
{"frame":3,"values":[0.1842,0.0018,0.9829,0,-0.0111,0.9999,0.0003,0,-0.9828,-0.0109,0.1842,0,18.9146,0.2055,-1.5856,1]},
{"frame":4,"values":[0.2149,0.0021,0.9766,0,-0.0111,0.9999,0.0003,0,-0.9766,-0.0109,0.215,0,18.9146,0.2055,-1.5856,1]},
{"frame":5,"values":[0.2525,0.0025,0.9676,0,-0.0111,0.9999,0.0003,0,-0.9675,-0.0108,0.2525,0,18.9146,0.2055,-1.5856,1]},
{"frame":6,"values":[0.224,0.0022,0.9746,0,-0.0111,0.9999,0.0003,0,-0.9745,-0.0108,0.224,0,18.9146,0.2055,-1.5856,1]},
{"frame":7,"values":[0.1271,0.0012,0.9919,0,-0.0111,0.9999,0.0003,0,-0.9918,-0.011,0.1271,0,18.9146,0.2055,-1.5856,1]},
{"frame":8,"values":[0.0434,0.0002,0.9991,0,-0.0111,0.9999,0.0002,0,-0.999,-0.0111,0.0434,0,18.9146,0.2055,-1.5856,1]},
{"frame":9,"values":[0.0621,0.0005,0.9981,0,-0.0111,0.9999,0.0002,0,-0.998,-0.0111,0.0621,0,18.9146,0.2055,-1.5856,1]},
{"frame":10,"values":[0.1934,0.0019,0.9811,0,-0.0111,0.9999,0.0003,0,-0.9811,-0.0109,0.1934,0,18.9146,0.2055,-1.5856,1]},
{"frame":11,"values":[0.353,0.0036,0.9356,0,-0.0111,0.9999,0.0003,0,-0.9356,-0.0105,0.353,0,18.9146,0.2055,-1.5856,1]},
{"frame":12,"values":[0.5033,0.0053,0.8641,0,-0.011,0.9999,0.0003,0,-0.864,-0.0097,0.5033,0,18.9146,0.2055,-1.5856,1]},
{"frame":13,"values":[0.6938,0.0074,0.7202,0,-0.011,0.9999,0.0004,0,-0.7201,-0.0082,0.6938,0,18.9146,0.2055,-1.5856,1]},
{"frame":14,"values":[0.8509,0.0091,0.5252,0,-0.011,0.9999,0.0004,0,-0.5252,-0.0061,0.851,0,18.9146,0.2055,-1.5856,1]},
{"frame":15,"values":[0.8776,0.0094,0.4793,0,-0.011,0.9999,0.0004,0,-0.4793,-0.0056,0.8777,0,18.9146,0.2055,-1.5856,1]},
{"frame":16,"values":[0.7638,0.0081,0.6454,0,-0.011,0.9999,0.0004,0,-0.6454,-0.0074,0.7638,0,18.9146,0.2055,-1.5856,1]},
{"frame":17,"values":[0.594,0.0063,0.8045,0,-0.011,0.9999,0.0004,0,-0.8044,-0.0091,0.594,0,18.9146,0.2055,-1.5856,1]},
{"frame":18,"values":[0.4174,0.0043,0.9087,0,-0.0111,0.9999,0.0003,0,-0.9087,-0.0102,0.4174,0,18.9146,0.2055,-1.5856,1]},
{"frame":19,"values":[0.3185,0.0032,0.9479,0,-0.0111,0.9999,0.0003,0,-0.9479,-0.0106,0.3185,0,18.9146,0.2055,-1.5856,1]},
{"frame":20,"values":[0.3003,0.003,0.9539,0,-0.0111,0.9999,0.0003,0,-0.9538,-0.0106,0.3003,0,18.9146,0.2055,-1.5856,1]},
{"frame":21,"values":[0.2163,0.0021,0.9763,0,-0.0111,0.9999,0.0003,0,-0.9763,-0.0109,0.2164,0,18.9146,0.2055,-1.5856,1]}],"loopBehavior":1,"name":"anim","property":"_matrix"}},
{"name":"LeftHand","index":10,"matrix":[0.6963,0.5244,0.49,0,-0.1326,0.765,-0.6303,0,-0.7054,0.3739,0.6022,0,18.4362,0,0,1],"rest":[0.9824,-0.1864,-0.0127,0,0.1846,0.9789,-0.0878,0,0.0288,0.0839,0.9961,0,18.4362,0,0,1],"parentBoneIndex":9,"length":6.699
,"animation":{"dataType":3,"framePerSecond":24,"keys":[
{"frame":1,"values":[0.6963,0.5244,0.49,0,-0.1326,0.765,-0.6303,0,-0.7054,0.3739,0.6022,0,18.4362,0,0,1]},
{"frame":2,"values":[0.5912,0.5461,0.5936,0,-0.1429,0.7952,-0.5892,0,-0.7938,0.2635,0.5482,0,18.4362,0,0,1]},
{"frame":3,"values":[0.5716,0.5025,0.6486,0,-0.1497,0.8411,-0.5198,0,-0.8067,0.2001,0.556,0,18.4362,0,0,1]},
{"frame":4,"values":[0.5944,0.4292,0.68,0,-0.0847,0.8744,-0.4778,0,-0.7997,0.2264,0.5561,0,18.4362,0,0,1]},
{"frame":5,"values":[0.5728,0.4024,0.7141,0,-0.0226,0.8786,-0.477,0,-0.8194,0.2571,0.5124,0,18.4362,0,0,1]},
{"frame":6,"values":[0.5628,0.4023,0.7221,0,-0.0145,0.8783,-0.478,0,-0.8265,0.2585,0.5002,0,18.4362,0,0,1]},
{"frame":7,"values":[0.5833,0.4548,0.673,0,-0.0938,0.8607,-0.5003,0,-0.8068,0.2287,0.5447,0,18.4362,0,0,1]},
{"frame":8,"values":[0.594,0.5415,0.595,0,-0.22,0.8207,-0.5273,0,-0.7738,0.1823,0.6066,0,18.4362,0,0,1]},
{"frame":9,"values":[0.591,0.5768,0.564,0,-0.272,0.8007,-0.5337,0,-0.7594,0.162,0.6301,0,18.4362,0,0,1]},
{"frame":10,"values":[0.6005,0.5401,0.5897,0,-0.2504,0.8273,-0.5028,0,-0.7594,0.1543,0.632,0,18.4362,0,0,1]},
{"frame":11,"values":[0.6419,0.4858,0.5933,0,-0.206,0.8545,-0.4768,0,-0.7386,0.1839,0.6485,0,18.4362,0,0,1]},
{"frame":12,"values":[0.679,0.4468,0.5826,0,-0.1661,0.8664,-0.4709,0,-0.7151,0.2229,0.6625,0,18.4362,0,0,1]},
{"frame":13,"values":[0.6616,0.4235,0.6188,0,-0.1095,0.8709,-0.479,0,-0.7418,0.2492,0.6226,0,18.4362,0,0,1]},
{"frame":14,"values":[0.6411,0.4184,0.6434,0,-0.0511,0.8597,-0.5082,0,-0.7657,0.2929,0.5726,0,18.4362,0,0,1]},
{"frame":15,"values":[0.6892,0.4609,0.559,0,-0.0774,0.814,-0.5757,0,-0.7204,0.3536,0.5967,0,18.4362,0,0,1]},
{"frame":16,"values":[0.7223,0.5665,0.3967,0,-0.1823,0.7094,-0.6809,0,-0.6671,0.4194,0.6157,0,18.4362,0,0,1]},
{"frame":17,"values":[0.7317,0.572,0.3708,0,-0.2088,0.7059,-0.6768,0,-0.6489,0.4178,0.6359,0,18.4362,0,0,1]},
{"frame":18,"values":[0.7616,0.5234,0.3821,0,-0.1964,0.7483,-0.6336,0,-0.6176,0.4075,0.6727,0,18.4362,0,0,1]},
{"frame":19,"values":[0.7437,0.5502,0.3798,0,-0.2061,0.7291,-0.6526,0,-0.636,0.4071,0.6556,0,18.4362,0,0,1]},
{"frame":20,"values":[0.6835,0.5843,0.4376,0,-0.1912,0.7218,-0.6652,0,-0.7045,0.371,0.605,0,18.4362,0,0,1]},
{"frame":21,"values":[0.6963,0.5244,0.49,0,-0.1326,0.765,-0.6303,0,-0.7054,0.3739,0.6022,0,18.4362,0,0,1]}],"loopBehavior":1,"name":"anim","property":"_matrix"}},
{"name":"LeftHandThumb1","index":11,"matrix":[0.9586,0.2843,-0.0184,0,-0.2832,0.9579,0.047,0,0.031,-0.0399,0.9987,0,3.0862,-1.2837,1.4227,1],"rest":[0.9923,0.1154,-0.0442,0,-0.1172,0.9923,-0.0407,0,0.0392,0.0455,0.9982,0,3.0862,-1.2837,1.4227,1],"parentBoneIndex":10,"length":2.9063
,"animation":{"dataType":3,"framePerSecond":24,"keys":[
{"frame":1,"values":[0.9586,0.2843,-0.0184,0,-0.2832,0.9579,0.047,0,0.031,-0.0399,0.9987,0,3.0862,-1.2837,1.4227,1]},
{"frame":6,"values":[0.9532,0.3014,0.0228,0,-0.3012,0.9535,-0.0087,0,-0.0243,0.0014,0.9997,0,3.0862,-1.2837,1.4227,1]},
{"frame":7,"values":[0.9347,0.3387,0.1075,0,-0.3234,0.9362,-0.1377,0,-0.1472,0.0939,0.9846,0,3.0862,-1.2837,1.4227,1]},
{"frame":8,"values":[0.9321,0.3429,0.1166,0,-0.3244,0.9335,-0.1528,0,-0.1612,0.1046,0.9814,0,3.0862,-1.2837,1.4227,1]},
{"frame":13,"values":[0.9371,0.3347,0.0988,0,-0.3222,0.9386,-0.1235,0,-0.1341,0.0839,0.9874,0,3.0862,-1.2837,1.4227,1]},
{"frame":14,"values":[0.9515,0.3058,0.0331,0,-0.3052,0.952,-0.0232,0,-0.0386,0.012,0.9992,0,3.0862,-1.2837,1.4227,1]},
{"frame":15,"values":[0.9583,0.2853,-0.016,0,-0.2843,0.9577,0.0439,0,0.0278,-0.0375,0.9989,0,3.0862,-1.2837,1.4227,1]},
{"frame":16,"values":[0.9586,0.2843,-0.0184,0,-0.2832,0.9579,0.047,0,0.031,-0.0399,0.9987,0,3.0862,-1.2837,1.4227,1]},
{"frame":21,"values":[0.9586,0.2843,-0.0184,0,-0.2832,0.9579,0.047,0,0.031,-0.0399,0.9987,0,3.0862,-1.2837,1.4227,1]}],"loopBehavior":1,"name":"anim","property":"_matrix"}},
{"name":"LeftHandThumb2","index":12,"matrix":[0.8858,0.1401,-0.4424,0,-0.1245,0.9901,0.0642,0,0.447,-0.0018,0.8945,0,2.2512,-1.2997,1.2997,1],"rest":[1,0,0,0,0,1,0,0,0,0,1,0,2.2512,-1.2997,1.2997,1],"parentBoneIndex":11,"length":2.9053
,"animation":{"dataType":3,"framePerSecond":24,"keys":[
{"frame":1,"values":[0.8858,0.1401,-0.4424,0,-0.1245,0.9901,0.0642,0,0.447,-0.0018,0.8945,0,2.2512,-1.2997,1.2997,1]},
{"frame":6,"values":[0.9402,0.0957,-0.3268,0,-0.0925,0.9954,0.0253,0,0.3277,0.0064,0.9447,0,2.2512,-1.2997,1.2997,1]},
{"frame":7,"values":[0.9987,0.0036,-0.0515,0,-0.0059,0.999,-0.0439,0,0.0513,0.0441,0.9977,0,2.2512,-1.2997,1.2997,1]},
{"frame":8,"values":[0.9998,-0.0059,-0.0197,0,0.0049,0.9987,-0.0499,0,0.02,0.0498,0.9986,0,2.2512,-1.2997,1.2997,1]},
{"frame":13,"values":[0.9966,0.0129,-0.0819,0,-0.0161,0.9992,-0.0377,0,0.0813,0.0388,0.9959,0,2.2512,-1.2997,1.2997,1]},
{"frame":14,"values":[0.9514,0.0845,-0.296,0,-0.0835,0.9964,0.016,0,0.2963,0.0095,0.9551,0,2.2512,-1.2997,1.2997,1]},
{"frame":15,"values":[0.8894,0.1375,-0.436,0,-0.1228,0.9905,0.0618,0,0.4403,-0.0015,0.8978,0,2.2512,-1.2997,1.2997,1]},
{"frame":16,"values":[0.8858,0.1401,-0.4424,0,-0.1245,0.9901,0.0642,0,0.447,-0.0018,0.8945,0,2.2512,-1.2997,1.2997,1]},
{"frame":21,"values":[0.8858,0.1401,-0.4424,0,-0.1245,0.9901,0.0642,0,0.447,-0.0018,0.8945,0,2.2512,-1.2997,1.2997,1]}],"loopBehavior":1,"name":"anim","property":"_matrix"}},
{"name":"LeftHandThumb3","index":13,"matrix":[0.9621,0.0353,-0.2705,0,-0.0202,0.9981,0.0584,0,0.2721,-0.0507,0.9609,0,2.2504,-1.2993,1.2993,1],"rest":[0.9996,-0.0265,-0.0043,0,0.0265,0.9995,0.0176,0,0.0038,-0.0177,0.9998,0,2.2504,-1.2993,1.2993,1],"parentBoneIndex":12,"length":2.0937
,"animation":{"dataType":3,"framePerSecond":24,"keys":[
{"frame":1,"values":[0.9621,0.0353,-0.2705,0,-0.0202,0.9981,0.0584,0,0.2721,-0.0507,0.9609,0,2.2504,-1.2993,1.2993,1]},
{"frame":6,"values":[0.9735,0.0183,-0.2282,0,-0.0071,0.9987,0.0497,0,0.2288,-0.0468,0.9724,0,2.2504,-1.2993,1.2993,1]},
{"frame":7,"values":[0.9909,-0.0184,-0.1331,0,0.0229,0.9992,0.0328,0,0.1324,-0.0355,0.9906,0,2.2504,-1.2993,1.2993,1]},
{"frame":8,"values":[0.9923,-0.0225,-0.1221,0,0.0265,0.9992,0.031,0,0.1213,-0.034,0.992,0,2.2504,-1.2993,1.2993,1]},
{"frame":13,"values":[0.9896,-0.0145,-0.1434,0,0.0196,0.9992,0.0344,0,0.1428,-0.0369,0.9891,0,2.2504,-1.2993,1.2993,1]},
{"frame":14,"values":[0.976,0.014,-0.2172,0,-0.0037,0.9989,0.0476,0,0.2176,-0.0457,0.975,0,2.2504,-1.2993,1.2993,1]},
{"frame":15,"values":[0.9628,0.0343,-0.2681,0,-0.0195,0.9981,0.0579,0,0.2696,-0.0505,0.9616,0,2.2504,-1.2993,1.2993,1]},
{"frame":16,"values":[0.9621,0.0353,-0.2705,0,-0.0202,0.9981,0.0584,0,0.2721,-0.0507,0.9609,0,2.2504,-1.2993,1.2993,1]},
{"frame":21,"values":[0.9621,0.0353,-0.2705,0,-0.0202,0.9981,0.0584,0,0.2721,-0.0507,0.9609,0,2.2504,-1.2993,1.2993,1]}],"loopBehavior":1,"name":"anim","property":"_matrix"}},
{"name":"LeftHandThumb4","index":14,"matrix":[1,0,0,0,0,1,0,0,0,0,1,0,1.642,-0.8764,0.9589,1],"rest":[1,0,0,0,0,1,0,0,0,0,1,0,1.642,-0.8764,0.9589,1],"parentBoneIndex":13,"length":2.0937
,"animation":{"dataType":3,"framePerSecond":24,"keys":[
{"frame":1,"values":[1,0,0,0,0,1,0,0,0,0,1,0,1.642,-0.8764,0.9589,1]},
{"frame":21,"values":[1,0,0,0,0,1,0,0,0,0,1,0,1.642,-0.8764,0.9589,1]}],"loopBehavior":1,"name":"anim","property":"_matrix"}},
{"name":"LeftHandIndex1","index":15,"matrix":[0.9989,-0.0227,0.0407,0,0.0239,0.9993,-0.0283,0,-0.04,0.0293,0.9988,0,7.464,1.013,1.9108,1],"rest":[0.9467,0.3125,0.078,0,-0.3129,0.9497,-0.0071,0,-0.0763,-0.0177,0.9969,0,7.464,1.013,1.9108,1],"parentBoneIndex":10,"length":3.1738
,"animation":{"dataType":3,"framePerSecond":24,"keys":[
{"frame":1,"values":[0.9989,-0.0227,0.0407,0,0.0239,0.9993,-0.0283,0,-0.04,0.0293,0.9988,0,7.464,1.013,1.9108,1]},
{"frame":2,"values":[0.977,-0.2132,0.01,0,0.2134,0.9766,-0.0282,0,-0.0037,0.0297,0.9996,0,7.464,1.013,1.9108,1]},
{"frame":3,"values":[0.9224,-0.3857,-0.0186,0,0.385,0.9223,-0.0335,0,0.03,0.0237,0.9993,0,7.464,1.013,1.9108,1]},
{"frame":6,"values":[0.9865,-0.1321,0.0968,0,0.131,0.9912,0.0176,0,-0.0983,-0.0046,0.9951,0,7.464,1.013,1.9108,1]},
{"frame":7,"values":[0.845,0.411,0.3421,0,-0.4632,0.8823,0.0841,0,-0.2673,-0.2295,0.9359,0,7.464,1.013,1.9108,1]},
{"frame":8,"values":[0.8062,0.4633,0.3679,0,-0.5261,0.8459,0.0876,0,-0.2706,-0.2642,0.9257,0,7.464,1.013,1.9108,1]},
{"frame":13,"values":[0.8776,0.3593,0.3174,0,-0.4023,0.912,0.0801,0,-0.2607,-0.1979,0.9449,0,7.464,1.013,1.9108,1]},
{"frame":14,"values":[0.9898,-0.0653,0.127,0,0.0623,0.9977,0.0277,0,-0.1285,-0.0195,0.9915,0,7.464,1.013,1.9108,1]},
{"frame":15,"values":[0.9283,-0.3718,-0.012,0,0.3713,0.928,-0.0303,0,0.0224,0.0236,0.9995,0,7.464,1.013,1.9108,1]},
{"frame":16,"values":[0.9224,-0.3857,-0.0186,0,0.385,0.9223,-0.0334,0,0.03,0.0237,0.9993,0,7.464,1.013,1.9108,1]},
{"frame":17,"values":[0.9224,-0.3857,-0.0186,0,0.385,0.9223,-0.0335,0,0.03,0.0237,0.9993,0,7.464,1.013,1.9108,1]},
{"frame":19,"values":[0.9318,-0.3626,-0.0147,0,0.362,0.9316,-0.0324,0,0.0255,0.0249,0.9994,0,7.464,1.013,1.9108,1]},
{"frame":20,"values":[0.9856,-0.1681,0.0173,0,0.1685,0.9853,-0.0277,0,-0.0124,0.0302,0.9995,0,7.464,1.013,1.9108,1]},
{"frame":21,"values":[0.9989,-0.0227,0.0407,0,0.0239,0.9993,-0.0283,0,-0.04,0.0293,0.9988,0,7.464,1.013,1.9108,1]}],"loopBehavior":1,"name":"anim","property":"_matrix"}},
{"name":"LeftHandIndex2","index":16,"matrix":[0.926,-0.3707,-0.0712,0,0.3697,0.9287,-0.027,0,0.0762,-0.0013,0.9971,0,3.142,-0.4199,-0.157,1],"rest":[0.9998,-0.0181,0.007,0,0.0181,0.9998,-0.0018,0,-0.007,0.0019,1,0,3.142,-0.4199,-0.157,1],"parentBoneIndex":15,"length":2.1038
,"animation":{"dataType":3,"framePerSecond":24,"keys":[
{"frame":1,"values":[0.926,-0.3707,-0.0712,0,0.3697,0.9287,-0.027,0,0.0762,-0.0013,0.9971,0,3.142,-0.4199,-0.157,1]},
{"frame":2,"values":[0.6968,-0.706,-0.1263,0,0.7019,0.7075,-0.082,0,0.1473,-0.0315,0.9886,0,3.142,-0.4199,-0.157,1]},
{"frame":3,"values":[0.3728,-0.9151,-0.1537,0,0.9066,0.3945,-0.1496,0,0.1976,-0.0836,0.9767,0,3.142,-0.4199,-0.157,1]},
{"frame":6,"values":[0.6536,-0.7452,-0.1321,0,0.7405,0.6657,-0.0915,0,0.1561,-0.0381,0.987,0,3.142,-0.4199,-0.157,1]},
{"frame":7,"values":[0.9912,-0.1292,-0.0277,0,0.1291,0.9916,-0.0057,0,0.0282,0.0021,0.9996,0,3.142,-0.4199,-0.157,1]},
{"frame":8,"values":[0.9988,-0.048,-0.0125,0,0.048,0.9988,-0.0012,0,0.0125,0.0006,0.9999,0,3.142,-0.4199,-0.157,1]},
{"frame":13,"values":[0.978,-0.2046,-0.0416,0,0.2043,0.9788,-0.0111,0,0.0429,0.0023,0.9991,0,3.142,-0.4199,-0.157,1]},
{"frame":14,"values":[0.7152,-0.6879,-0.1236,0,0.684,0.7253,-0.078,0,0.1432,-0.0288,0.9893,0,3.142,-0.4199,-0.157,1]},
{"frame":15,"values":[0.3903,-0.9079,-0.153,0,0.8997,0.4114,-0.1461,0,0.1956,-0.0806,0.9774,0,3.142,-0.4199,-0.157,1]},
{"frame":16,"values":[0.3728,-0.9151,-0.1537,0,0.9066,0.3945,-0.1496,0,0.1976,-0.0836,0.9767,0,3.142,-0.4199,-0.157,1]},
{"frame":19,"values":[0.4218,-0.8939,-0.1515,0,0.8861,0.4418,-0.1398,0,0.1919,-0.0753,0.9785,0,3.142,-0.4199,-0.157,1]},
{"frame":20,"values":[0.7641,-0.6347,-0.1153,0,0.6315,0.7725,-0.0669,0,0.1316,-0.0217,0.9911,0,3.142,-0.4199,-0.157,1]},
{"frame":21,"values":[0.926,-0.3707,-0.0712,0,0.3697,0.9287,-0.027,0,0.0762,-0.0013,0.9971,0,3.142,-0.4199,-0.157,1]}],"loopBehavior":1,"name":"anim","property":"_matrix"}},
{"name":"LeftHandIndex3","index":17,"matrix":[0.9999,0.014,0.0083,0,-0.014,0.9999,-0.0002,0,-0.0083,0.0001,1,0,2.0866,-0.2403,-0.1191,1],"rest":[0.9985,-0.0544,-0.0084,0,0.0544,0.9985,-0.0024,0,0.0085,0.0019,1,0,2.0866,-0.2403,-0.1191,1],"parentBoneIndex":16,"length":1.9464
,"animation":{"dataType":3,"framePerSecond":24,"keys":[
{"frame":1,"values":[0.9999,0.014,0.0083,0,-0.014,0.9999,-0.0002,0,-0.0083,0.0001,1,0,2.0866,-0.2403,-0.1191,1]},
{"frame":2,"values":[0.9935,-0.1129,-0.0156,0,0.1128,0.9936,-0.0059,0,0.0162,0.0041,0.9999,0,2.0866,-0.2403,-0.1191,1]},
{"frame":3,"values":[0.9723,-0.2309,-0.0372,0,0.2305,0.973,-0.014,0,0.0395,0.005,0.9992,0,2.0866,-0.2403,-0.1191,1]},
{"frame":6,"values":[0.9831,-0.1807,-0.0281,0,0.1804,0.9835,-0.0102,0,0.0295,0.005,0.9996,0,2.0866,-0.2403,-0.1191,1]},
{"frame":7,"values":[0.9976,-0.0689,-0.0074,0,0.0689,0.9976,-0.0036,0,0.0076,0.0031,1,0,2.0866,-0.2403,-0.1191,1]},
{"frame":8,"values":[0.9984,-0.0561,-0.005,0,0.056,0.9984,-0.003,0,0.0051,0.0027,1,0,2.0866,-0.2403,-0.1191,1]},
{"frame":13,"values":[0.9967,-0.081,-0.0096,0,0.0809,0.9967,-0.0042,0,0.01,0.0034,0.9999,0,2.0866,-0.2403,-0.1191,1]},
{"frame":14,"values":[0.9855,-0.1677,-0.0257,0,0.1675,0.9858,-0.0093,0,0.0269,0.0049,0.9996,0,2.0866,-0.2403,-0.1191,1]},
{"frame":15,"values":[0.973,-0.228,-0.0367,0,0.2276,0.9737,-0.0137,0,0.0389,0.005,0.9992,0,2.0866,-0.2403,-0.1191,1]},
{"frame":16,"values":[0.9723,-0.2309,-0.0372,0,0.2305,0.973,-0.014,0,0.0395,0.005,0.9992,0,2.0866,-0.2403,-0.1191,1]},
{"frame":19,"values":[0.9761,-0.2148,-0.0343,0,0.2145,0.9766,-0.0127,0,0.0363,0.005,0.9993,0,2.0866,-0.2403,-0.1191,1]},
{"frame":20,"values":[0.9965,-0.0826,-0.01,0,0.0826,0.9966,-0.0043,0,0.0103,0.0034,0.9999,0,2.0866,-0.2403,-0.1191,1]},
{"frame":21,"values":[0.9999,0.014,0.0083,0,-0.014,0.9999,-0.0002,0,-0.0083,0.0001,1,0,2.0866,-0.2403,-0.1191,1]}],"loopBehavior":1,"name":"anim","property":"_matrix"}},
