{"producer":{"name":"Blender","version":"2.90.0","exporter_version":"2.80.1","file":"walkbackwards_riffle.babylon"},
"autoClear":true,"clearColor":[0.0509,0.0509,0.0509],"gravity":[0,-9.81,0],
"materials":[{"name":"Material","id":"Material","customType":"BABYLON.PBRMaterial","backFaceCulling":true,"checkReadyOnlyOnce":false,"maxSimultaneousLights":4,"environmentIntensity":1,"albedo":[0.8,0.8,0.8],"reflectivity":[0.5,0.5,0.5],"roughness":0.4,"alpha":1,"transparencyMode":0,"alphaCutOff":0.4,"metallic":0}],
"multiMaterials":[],
"skeletons":[{"name":"Armature","id":0,"dimensionsAtRest":[128.1663,151.4482,19.1351],"bones":[
{"name":"Hips","index":0,"matrix":[0.7831,0.0384,-0.6207,0,-0.0335,0.9992,0.0195,0,-0.621,-0.0055,-0.7838,0,-0.6315,68.6477,-0.5883,1],"rest":[1,0,0,0,0,1,0,0,0,0,-1,0,0,81.0629,0,1],"parentBoneIndex":-1,"length":7.701
,"animation":{"dataType":3,"framePerSecond":24,"keys":[
{"frame":1,"values":[0.7831,0.0384,-0.6207,0,-0.0335,0.9992,0.0195,0,-0.621,-0.0055,-0.7838,0,-0.6315,68.6477,-0.5883,1]},
{"frame":2,"values":[0.8084,0.0452,-0.5869,0,-0.039,0.999,0.0232,0,-0.5873,-0.0041,-0.8094,0,-0.4402,67.6585,0.5703,1]},
{"frame":3,"values":[0.8346,0.0543,-0.5482,0,-0.0473,0.9985,0.0268,0,-0.5489,-0.0035,-0.8359,0,-0.0256,66.7218,1.7296,1]},
{"frame":4,"values":[0.8573,0.064,-0.5109,0,-0.0569,0.9979,0.0296,0,-0.5117,-0.0037,-0.8591,0,0.4049,66.0637,1.7458,1]},
{"frame":5,"values":[0.8741,0.0685,-0.4809,0,-0.0622,0.9976,0.0289,0,-0.4818,-0.0047,-0.8763,0,0.8818,65.7463,1.8309,1]},
{"frame":6,"values":[0.8828,0.0708,-0.4644,0,-0.0656,0.9975,0.0274,0,-0.4652,-0.0063,-0.8852,0,1.4136,65.898,2.7945,1]},
{"frame":7,"values":[0.8851,0.068,-0.4604,0,-0.0641,0.9977,0.024,0,-0.4609,-0.0082,-0.8874,0,1.9512,66.317,4.1207,1]},
{"frame":8,"values":[0.8805,0.0688,-0.469,0,-0.0661,0.9976,0.0222,0,-0.4694,-0.0114,-0.8829,0,2.416,67.1969,5.0363,1]},
{"frame":9,"values":[0.8695,0.0728,-0.4886,0,-0.0712,0.9972,0.0218,0,-0.4888,-0.0159,-0.8722,0,2.7796,68.4391,4.8277,1]},
{"frame":10,"values":[0.8529,0.0784,-0.5162,0,-0.078,0.9967,0.0224,0,-0.5163,-0.0211,-0.8561,0,2.9642,69.5308,3.8726,1]},
{"frame":11,"values":[0.8317,0.0821,-0.5491,0,-0.0834,0.9963,0.0227,0,-0.5489,-0.0269,-0.8354,0,2.9736,69.9802,2.7313,1]},
{"frame":12,"values":[0.8064,0.0822,-0.5857,0,-0.0859,0.9961,0.0216,0,-0.5851,-0.0329,-0.8103,0,2.9168,69.6649,1.8586,1]},
{"frame":13,"values":[0.7781,0.0795,-0.6231,0,-0.0864,0.9961,0.0193,0,-0.6222,-0.0388,-0.7819,0,2.758,68.9598,1.3997,1]},
{"frame":14,"values":[0.7483,0.0718,-0.6594,0,-0.0831,0.9964,0.0142,0,-0.6581,-0.0442,-0.7516,0,2.4359,68.024,1.087,1]},
{"frame":15,"values":[0.7191,0.0605,-0.6922,0,-0.0774,0.997,0.0068,0,-0.6905,-0.0487,-0.7216,0,2.0496,67.0389,0.6573,1]},
{"frame":16,"values":[0.6936,0.0525,-0.7184,0,-0.0739,0.9973,0.0015,0,-0.7166,-0.052,-0.6956,0,1.6241,66.2161,0.2279,1]},
{"frame":17,"values":[0.6726,0.0525,-0.7381,0,-0.0753,0.9972,0.0023,0,-0.7361,-0.054,-0.6747,0,1.1619,66.5017,0.3406,1]},
{"frame":18,"values":[0.659,0.0529,-0.7503,0,-0.0758,0.9971,0.0037,0,-0.7484,-0.0545,-0.6611,0,0.6845,67.6647,0.9251,1]},
{"frame":19,"values":[0.654,0.0556,-0.7545,0,-0.0767,0.997,0.0071,0,-0.7526,-0.0532,-0.6563,0,0.1919,68.823,2.2356,1]},
{"frame":20,"values":[0.6612,0.0595,-0.7478,0,-0.0764,0.997,0.0118,0,-0.7463,-0.0493,-0.6638,0,-0.2722,69.6668,3.3509,1]},
{"frame":21,"values":[0.6791,0.0605,-0.7316,0,-0.0724,0.9973,0.0152,0,-0.7305,-0.0426,-0.6816,0,-0.6005,70.0868,3.291,1]},
{"frame":22,"values":[0.7039,0.0549,-0.7082,0,-0.0628,0.9979,0.0149,0,-0.7075,-0.0339,-0.7059,0,-0.7057,70.1476,2.3258,1]},
{"frame":23,"values":[0.7319,0.0453,-0.6799,0,-0.0497,0.9987,0.0131,0,-0.6796,-0.0242,-0.7332,0,-0.7197,69.9272,1.0539,1]},
{"frame":24,"values":[0.7596,0.0388,-0.6492,0,-0.0388,0.9991,0.0142,0,-0.6492,-0.0144,-0.7605,0,-0.6731,69.414,0.0169,1]},
{"frame":25,"values":[0.7831,0.0384,-0.6207,0,-0.0335,0.9992,0.0195,0,-0.621,-0.0055,-0.7838,0,-0.6315,68.6481,-0.5883,1]}],"loopBehavior":1,"name":"anim","property":"_matrix"}},
{"name":"Spine","index":1,"matrix":[0.9916,0.0122,0.1289,0,-0.0294,0.9907,0.1329,0,-0.1261,-0.1356,0.9827,0,0.009,7.0626,-0.9847,1],"rest":[1,0,0,0,0,1,0,0,0,0,1,0,0.009,7.0626,-0.9847,1],"parentBoneIndex":0,"length":8.3194
,"animation":{"dataType":3,"framePerSecond":24,"keys":[
{"frame":1,"values":[0.9916,0.0122,0.1289,0,-0.0294,0.9907,0.1329,0,-0.1261,-0.1356,0.9827,0,0.009,7.0626,-0.9847,1]},
{"frame":2,"values":[0.9904,0.0021,0.1383,0,-0.0207,0.9909,0.1332,0,-0.1368,-0.1347,0.9814,0,0.009,7.0626,-0.9847,1]},
{"frame":3,"values":[0.9888,-0.0155,0.1482,0,-0.004,0.9915,0.1303,0,-0.149,-0.1295,0.9803,0,0.009,7.0626,-0.9847,1]},
{"frame":4,"values":[0.9871,-0.0354,0.1564,0,0.0158,0.992,0.125,0,-0.1596,-0.1209,0.9797,0,0.009,7.0626,-0.9847,1]},
{"frame":5,"values":[0.9857,-0.0505,0.1607,0,0.0312,0.9922,0.1206,0,-0.1655,-0.1138,0.9796,0,0.009,7.0626,-0.9847,1]},
{"frame":6,"values":[0.9851,-0.0618,0.1607,0,0.0431,0.9922,0.1173,0,-0.1667,-0.1086,0.98,0,0.009,7.0626,-0.9847,1]},
{"frame":7,"values":[0.9849,-0.0659,0.1598,0,0.0467,0.9915,0.1212,0,-0.1665,-0.1119,0.9797,0,0.009,7.0626,-0.9847,1]},
{"frame":8,"values":[0.9857,-0.0685,0.1542,0,0.0486,0.9904,0.1293,0,-0.1616,-0.1199,0.9795,0,0.009,7.0626,-0.9847,1]},
{"frame":9,"values":[0.9873,-0.0684,0.1435,0,0.0488,0.9896,0.1356,0,-0.1512,-0.1269,0.9803,0,0.009,7.0626,-0.9847,1]},
{"frame":10,"values":[0.9889,-0.0728,0.1297,0,0.0553,0.9894,0.1343,0,-0.1381,-0.1257,0.9824,0,0.009,7.0626,-0.9847,1]},
{"frame":11,"values":[0.9904,-0.0788,0.1139,0,0.0645,0.9901,0.1244,0,-0.1226,-0.1159,0.9857,0,0.009,7.0626,-0.9847,1]},
{"frame":12,"values":[0.9923,-0.0766,0.0969,0,0.0659,0.9918,0.1092,0,-0.1044,-0.102,0.9893,0,0.009,7.0626,-0.9847,1]},
{"frame":13,"values":[0.9945,-0.0691,0.0786,0,0.0617,0.9938,0.0926,0,-0.0845,-0.0872,0.9926,0,0.009,7.0626,-0.9847,1]},
{"frame":14,"values":[0.9965,-0.0588,0.0592,0,0.0543,0.9957,0.0751,0,-0.0634,-0.0716,0.9954,0,0.009,7.0626,-0.9847,1]},
{"frame":15,"values":[0.9983,-0.0421,0.0408,0,0.0396,0.9974,0.0609,0,-0.0432,-0.0592,0.9973,0,0.009,7.0626,-0.9847,1]},
{"frame":16,"values":[0.9993,-0.0277,0.0259,0,0.0263,0.9982,0.054,0,-0.0273,-0.0533,0.9982,0,0.009,7.0626,-0.9847,1]},
{"frame":17,"values":[0.9997,-0.0224,0.0133,0,0.0216,0.9982,0.0561,0,-0.0146,-0.0558,0.9983,0,0.009,7.0626,-0.9847,1]},
{"frame":18,"values":[0.9998,-0.0183,0.0056,0,0.0179,0.9978,0.0638,0,-0.0068,-0.0636,0.998,0,0.009,7.0626,-0.9847,1]},
{"frame":19,"values":[0.9998,-0.0208,0.0042,0,0.0205,0.9973,0.0711,0,-0.0057,-0.071,0.9975,0,0.009,7.0626,-0.9847,1]},
{"frame":20,"values":[0.9996,-0.0259,0.0132,0,0.0248,0.9967,0.0771,0,-0.0152,-0.0768,0.9969,0,0.009,7.0626,-0.9847,1]},
{"frame":21,"values":[0.9992,-0.0242,0.0307,0,0.0214,0.9961,0.086,0,-0.0327,-0.0853,0.9958,0,0.009,7.0626,-0.9847,1]},
{"frame":22,"values":[0.9985,-0.0124,0.0534,0,0.0071,0.9951,0.0989,0,-0.0544,-0.0984,0.9937,0,0.009,7.0626,-0.9847,1]},
{"frame":23,"values":[0.9969,0.0023,0.0791,0,-0.0112,0.9936,0.1123,0,-0.0784,-0.1129,0.9905,0,0.009,7.0626,-0.9847,1]},
{"frame":24,"values":[0.9943,0.0137,0.1058,0,-0.027,0.9917,0.1258,0,-0.1031,-0.1279,0.9864,0,0.009,7.0626,-0.9847,1]},
{"frame":25,"values":[0.9916,0.0121,0.1289,0,-0.0293,0.9907,0.1328,0,-0.1261,-0.1355,0.9827,0,0.009,7.0626,-0.9847,1]}],"loopBehavior":1,"name":"anim","property":"_matrix"}},
{"name":"Spine1","index":2,"matrix":[0.9932,0.088,-0.0763,0,-0.0732,0.9812,0.1787,0,0.0906,-0.1719,0.9809,0,0.0124,8.2397,-1.1488,1],"rest":[1,0,0,0,0,1,0,0,0,0,1,0,0.0124,8.2397,-1.1488,1],"parentBoneIndex":1,"length":9.5079
,"animation":{"dataType":3,"framePerSecond":24,"keys":[
{"frame":1,"values":[0.9932,0.088,-0.0763,0,-0.0732,0.9812,0.1787,0,0.0906,-0.1719,0.9809,0,0.0124,8.2397,-1.1488,1]},
{"frame":2,"values":[0.9932,0.0877,-0.0762,0,-0.073,0.9813,0.1781,0,0.0904,-0.1713,0.9811,0,0.0124,8.2397,-1.1488,1]},
{"frame":3,"values":[0.9931,0.0889,-0.0759,0,-0.0744,0.9815,0.1766,0,0.0902,-0.1697,0.9814,0,0.0124,8.2397,-1.1488,1]},
{"frame":4,"values":[0.9931,0.0897,-0.0757,0,-0.0753,0.9816,0.1754,0,0.09,-0.1685,0.9816,0,0.0124,8.2397,-1.1488,1]},
{"frame":5,"values":[0.993,0.0905,-0.076,0,-0.0761,0.9818,0.1737,0,0.0904,-0.1667,0.9819,0,0.0124,8.2397,-1.1488,1]},
{"frame":6,"values":[0.993,0.0906,-0.0759,0,-0.0764,0.982,0.173,0,0.0902,-0.166,0.982,0,0.0124,8.2397,-1.1488,1]},
{"frame":7,"values":[0.993,0.0907,-0.0754,0,-0.0765,0.982,0.1727,0,0.0897,-0.1658,0.9821,0,0.0124,8.2397,-1.1488,1]},
{"frame":8,"values":[0.993,0.0905,-0.0759,0,-0.0762,0.9819,0.1734,0,0.0902,-0.1664,0.9819,0,0.0124,8.2397,-1.1488,1]},
{"frame":9,"values":[0.9929,0.0907,-0.077,0,-0.0761,0.9817,0.1747,0,0.0914,-0.1676,0.9816,0,0.0124,8.2397,-1.1488,1]},
{"frame":10,"values":[0.9924,0.0955,-0.0771,0,-0.0805,0.9806,0.1787,0,0.0926,-0.1711,0.9809,0,0.0124,8.2397,-1.1488,1]},
{"frame":11,"values":[0.9916,0.1041,-0.0763,0,-0.0884,0.9786,0.1858,0,0.094,-0.1775,0.9796,0,0.0124,8.2397,-1.1488,1]},
{"frame":12,"values":[0.9909,0.111,-0.0757,0,-0.0947,0.9767,0.1925,0,0.0953,-0.1836,0.9784,0,0.0124,8.2397,-1.1488,1]},
{"frame":13,"values":[0.9904,0.1156,-0.0759,0,-0.0986,0.9751,0.1985,0,0.097,-0.1892,0.9771,0,0.0124,8.2397,-1.1488,1]},
{"frame":14,"values":[0.9899,0.1188,-0.0769,0,-0.1011,0.9738,0.2038,0,0.0991,-0.194,0.976,0,0.0124,8.2397,-1.1488,1]},
{"frame":15,"values":[0.99,0.1174,-0.0783,0,-0.0992,0.9737,0.2049,0,0.1003,-0.1951,0.9756,0,0.0124,8.2397,-1.1488,1]},
{"frame":16,"values":[0.9905,0.1119,-0.0796,0,-0.0939,0.9749,0.2018,0,0.1001,-0.1924,0.9762,0,0.0124,8.2397,-1.1488,1]},
{"frame":17,"values":[0.9913,0.1027,-0.0823,0,-0.085,0.9772,0.1948,0,0.1004,-0.1861,0.9774,0,0.0124,8.2397,-1.1488,1]},
{"frame":18,"values":[0.9921,0.0924,-0.0845,0,-0.0755,0.9798,0.1854,0,0.0999,-0.1776,0.979,0,0.0124,8.2397,-1.1488,1]},
{"frame":19,"values":[0.9925,0.0869,-0.0857,0,-0.0704,0.9813,0.179,0,0.0997,-0.1716,0.9801,0,0.0124,8.2397,-1.1488,1]},
{"frame":20,"values":[0.9927,0.085,-0.0854,0,-0.0687,0.9816,0.1779,0,0.0989,-0.1708,0.9803,0,0.0124,8.2397,-1.1488,1]},
{"frame":21,"values":[0.9929,0.0847,-0.0838,0,-0.0688,0.9817,0.1777,0,0.0973,-0.1707,0.9805,0,0.0124,8.2397,-1.1488,1]},
{"frame":22,"values":[0.9929,0.0862,-0.0816,0,-0.0705,0.9814,0.1783,0,0.0955,-0.1713,0.9806,0,0.0124,8.2397,-1.1488,1]},
{"frame":23,"values":[0.9929,0.0882,-0.0797,0,-0.0729,0.9812,0.1787,0,0.0939,-0.1717,0.9807,0,0.0124,8.2397,-1.1488,1]},
{"frame":24,"values":[0.9931,0.0879,-0.0781,0,-0.0728,0.9812,0.1785,0,0.0924,-0.1716,0.9808,0,0.0124,8.2397,-1.1488,1]},
{"frame":25,"values":[0.9932,0.0881,-0.0762,0,-0.0733,0.9812,0.1788,0,0.0905,-0.172,0.9809,0,0.0124,8.2397,-1.1488,1]}],"loopBehavior":1,"name":"anim","property":"_matrix"}},
{"name":"Spine2","index":3,"matrix":[0.9918,0.0931,-0.088,0,-0.0774,0.9829,0.1673,0,0.1021,-0.1591,0.982,0,0.0142,9.4168,-1.313,1],"rest":[1,0,0,0,0,1,0,0,0,0,1,0,0.0142,9.4168,-1.313,1],"parentBoneIndex":2,"length":9.9132
,"animation":{"dataType":3,"framePerSecond":24,"keys":[
{"frame":1,"values":[0.9918,0.0931,-0.088,0,-0.0774,0.9829,0.1673,0,0.1021,-0.1591,0.982,0,0.0142,9.4168,-1.313,1]},
{"frame":2,"values":[0.9918,0.0928,-0.088,0,-0.0772,0.983,0.1667,0,0.1019,-0.1585,0.9821,0,0.0142,9.4168,-1.313,1]},
{"frame":3,"values":[0.9917,0.0938,-0.0881,0,-0.0783,0.9832,0.1651,0,0.1021,-0.1568,0.9823,0,0.0142,9.4168,-1.313,1]},
{"frame":4,"values":[0.9916,0.0944,-0.0882,0,-0.079,0.9833,0.1639,0,0.1022,-0.1556,0.9825,0,0.0142,9.4168,-1.313,1]},
{"frame":5,"values":[0.9915,0.0949,-0.0889,0,-0.0796,0.9835,0.1623,0,0.1028,-0.1539,0.9827,0,0.0142,9.4168,-1.313,1]},
{"frame":6,"values":[0.9915,0.095,-0.0889,0,-0.0798,0.9836,0.1615,0,0.1028,-0.1531,0.9829,0,0.0142,9.4168,-1.313,1]},
{"frame":7,"values":[0.9915,0.095,-0.0884,0,-0.0798,0.9837,0.1613,0,0.1023,-0.1528,0.9829,0,0.0142,9.4168,-1.313,1]},
{"frame":8,"values":[0.9915,0.0948,-0.0889,0,-0.0795,0.9836,0.1619,0,0.1028,-0.1534,0.9828,0,0.0142,9.4168,-1.313,1]},
{"frame":9,"values":[0.9914,0.0952,-0.0899,0,-0.0796,0.9834,0.1632,0,0.1039,-0.1546,0.9825,0,0.0142,9.4168,-1.313,1]},
{"frame":10,"values":[0.9908,0.1003,-0.0905,0,-0.0842,0.9824,0.1669,0,0.1056,-0.1577,0.9818,0,0.0142,9.4168,-1.313,1]},
{"frame":11,"values":[0.9899,0.1094,-0.0905,0,-0.0925,0.9805,0.1735,0,0.1077,-0.1633,0.9807,0,0.0142,9.4168,-1.313,1]},
{"frame":12,"values":[0.989,0.1169,-0.0904,0,-0.0993,0.9787,0.1798,0,0.1095,-0.1688,0.9795,0,0.0142,9.4168,-1.313,1]},
{"frame":13,"values":[0.9884,0.122,-0.0908,0,-0.1036,0.9772,0.1855,0,0.1114,-0.174,0.9784,0,0.0142,9.4168,-1.313,1]},
{"frame":14,"values":[0.9878,0.1257,-0.0919,0,-0.1064,0.9759,0.1906,0,0.1136,-0.1785,0.9774,0,0.0142,9.4168,-1.313,1]},
{"frame":15,"values":[0.9879,0.1244,-0.0928,0,-0.1048,0.9758,0.1918,0,0.1144,-0.1798,0.977,0,0.0142,9.4168,-1.313,1]},
{"frame":16,"values":[0.9885,0.1187,-0.0932,0,-0.0994,0.9769,0.1892,0,0.1135,-0.1777,0.9775,0,0.0142,9.4168,-1.313,1]},
{"frame":17,"values":[0.9895,0.1089,-0.0951,0,-0.0902,0.979,0.1828,0,0.113,-0.1723,0.9786,0,0.0142,9.4168,-1.313,1]},
{"frame":18,"values":[0.9905,0.0979,-0.0963,0,-0.0801,0.9815,0.1741,0,0.1116,-0.1647,0.98,0,0.0142,9.4168,-1.313,1]},
{"frame":19,"values":[0.991,0.0918,-0.0972,0,-0.0746,0.983,0.168,0,0.111,-0.1592,0.981,0,0.0142,9.4168,-1.313,1]},
{"frame":20,"values":[0.9913,0.0898,-0.0966,0,-0.0728,0.9832,0.1671,0,0.11,-0.1586,0.9812,0,0.0142,9.4168,-1.313,1]},
{"frame":21,"values":[0.9914,0.0896,-0.095,0,-0.0729,0.9833,0.1668,0,0.1084,-0.1585,0.9814,0,0.0142,9.4168,-1.313,1]},
{"frame":22,"values":[0.9915,0.0911,-0.0931,0,-0.0746,0.9831,0.1672,0,0.1067,-0.1588,0.9815,0,0.0142,9.4168,-1.313,1]},
{"frame":23,"values":[0.9914,0.0933,-0.0914,0,-0.077,0.9829,0.1675,0,0.1055,-0.159,0.9816,0,0.0142,9.4168,-1.313,1]},
{"frame":24,"values":[0.9916,0.093,-0.0899,0,-0.077,0.9829,0.1672,0,0.1039,-0.1588,0.9818,0,0.0142,9.4168,-1.313,1]},
{"frame":25,"values":[0.9918,0.0932,-0.088,0,-0.0775,0.9828,0.1674,0,0.102,-0.1592,0.982,0,0.0142,9.4168,-1.313,1]}],"loopBehavior":1,"name":"anim","property":"_matrix"}},
{"name":"Neck","index":4,"matrix":[0.9999,0.008,-0.0063,0,-0.0084,0.9974,-0.0714,0,0.0057,0.0714,0.9974,0,0.016,10.5938,-1.4771,1],"rest":[1,0,0,0,0,1,0,0,0,0,1,0,0.016,10.5938,-1.4771,1],"parentBoneIndex":3,"length":5.1073
,"animation":{"dataType":3,"framePerSecond":24,"keys":[
{"frame":1,"values":[0.9999,0.008,-0.0063,0,-0.0084,0.9974,-0.0714,0,0.0057,0.0714,0.9974,0,0.016,10.5938,-1.4771,1]},
{"frame":2,"values":[1,0.0084,0.0004,0,-0.0083,0.998,-0.063,0,-0.0009,0.063,0.998,0,0.016,10.5938,-1.4771,1]},
{"frame":3,"values":[0.9999,0.0086,0.0078,0,-0.0082,0.9985,-0.0545,0,-0.0082,0.0545,0.9985,0,0.016,10.5938,-1.4771,1]},
{"frame":4,"values":[0.9998,0.0087,0.0153,0,-0.0079,0.9988,-0.0484,0,-0.0157,0.0482,0.9987,0,0.016,10.5938,-1.4771,1]},
{"frame":5,"values":[0.9997,0.0088,0.0221,0,-0.0077,0.9989,-0.0466,0,-0.0225,0.0464,0.9987,0,0.016,10.5938,-1.4771,1]},
{"frame":6,"values":[0.9996,0.009,0.0275,0,-0.0076,0.9988,-0.0492,0,-0.0279,0.049,0.9984,0,0.016,10.5938,-1.4771,1]},
{"frame":7,"values":[0.9995,0.0093,0.0294,0,-0.0077,0.9985,-0.0533,0,-0.0298,0.0531,0.9981,0,0.016,10.5938,-1.4771,1]},
{"frame":8,"values":[0.9996,0.0094,0.0272,0,-0.0078,0.9983,-0.0581,0,-0.0277,0.0578,0.9979,0,0.016,10.5938,-1.4771,1]},
{"frame":9,"values":[0.9997,0.0095,0.0238,0,-0.008,0.998,-0.0628,0,-0.0243,0.0625,0.9977,0,0.016,10.5938,-1.4771,1]},
{"frame":10,"values":[0.9998,0.0094,0.0192,0,-0.0081,0.9977,-0.0669,0,-0.0198,0.0668,0.9976,0,0.016,10.5938,-1.4771,1]},
{"frame":11,"values":[0.9999,0.0092,0.0138,0,-0.0082,0.9975,-0.0702,0,-0.0144,0.0701,0.9974,0,0.016,10.5938,-1.4771,1]},
{"frame":12,"values":[0.9999,0.0089,0.0079,0,-0.0083,0.9974,-0.0721,0,-0.0085,0.072,0.9974,0,0.016,10.5938,-1.4771,1]},
{"frame":13,"values":[1,0.0085,0.0017,0,-0.0083,0.9974,-0.0721,0,-0.0023,0.0721,0.9974,0,0.016,10.5938,-1.4771,1]},
{"frame":14,"values":[1,0.0081,-0.0046,0,-0.0084,0.9976,-0.0686,0,0.004,0.0686,0.9976,0,0.016,10.5938,-1.4771,1]},
{"frame":15,"values":[0.9999,0.0079,-0.0106,0,-0.0086,0.998,-0.0628,0,0.01,0.0628,0.998,0,0.016,10.5938,-1.4771,1]},
{"frame":16,"values":[0.9998,0.0079,-0.016,0,-0.0088,0.9983,-0.0568,0,0.0155,0.0569,0.9983,0,0.016,10.5938,-1.4771,1]},
{"frame":17,"values":[0.9998,0.0079,-0.0208,0,-0.009,0.9986,-0.0528,0,0.0204,0.0529,0.9984,0,0.016,10.5938,-1.4771,1]},
{"frame":18,"values":[0.9997,0.0079,-0.0249,0,-0.0092,0.9986,-0.0512,0,0.0244,0.0514,0.9984,0,0.016,10.5938,-1.4771,1]},
{"frame":19,"values":[0.9996,0.0078,-0.0281,0,-0.0092,0.9986,-0.0524,0,0.0277,0.0526,0.9982,0,0.016,10.5938,-1.4771,1]},
{"frame":20,"values":[0.9996,0.0076,-0.0273,0,-0.0091,0.9984,-0.0553,0,0.0268,0.0555,0.9981,0,0.016,10.5938,-1.4771,1]},
{"frame":21,"values":[0.9997,0.0075,-0.0242,0,-0.0089,0.9982,-0.0586,0,0.0237,0.0588,0.998,0,0.016,10.5938,-1.4771,1]},
{"frame":22,"values":[0.9998,0.0075,-0.0203,0,-0.0088,0.9981,-0.0617,0,0.0198,0.0619,0.9979,0,0.016,10.5938,-1.4771,1]},
{"frame":23,"values":[0.9998,0.0076,-0.016,0,-0.0086,0.9979,-0.0649,0,0.0154,0.065,0.9978,0,0.016,10.5938,-1.4771,1]},
{"frame":24,"values":[0.9999,0.0077,-0.0112,0,-0.0085,0.9976,-0.0681,0,0.0107,0.0682,0.9976,0,0.016,10.5938,-1.4771,1]},
{"frame":25,"values":[0.9999,0.008,-0.0063,0,-0.0084,0.9974,-0.0714,0,0.0057,0.0714,0.9974,0,0.016,10.5938,-1.4771,1]}],"loopBehavior":1,"name":"anim","property":"_matrix"}},
{"name":"Head","index":5,"matrix":[0.8999,-0.2886,-0.327,0,0.2719,0.9575,-0.0965,0,0.3409,-0.0021,0.9401,0,0,5.0564,0.7196,1],"rest":[1,0,0,0,0,1,0,0,0,0,1,0,0,5.0564,0.7196,1],"parentBoneIndex":4,"length":15.2963
,"animation":{"dataType":3,"framePerSecond":24,"keys":[
{"frame":1,"values":[0.8999,-0.2886,-0.327,0,0.2719,0.9575,-0.0965,0,0.3409,-0.0021,0.9401,0,0,5.0564,0.7196,1]},
{"frame":2,"values":[0.9081,-0.2834,-0.3084,0,0.2665,0.959,-0.0966,0,0.3231,0.0056,0.9463,0,0,5.0564,0.7196,1]},
{"frame":3,"values":[0.9193,-0.2754,-0.2811,0,0.2566,0.9611,-0.1024,0,0.2984,0.022,0.9542,0,0,5.0564,0.7196,1]},
{"frame":4,"values":[0.9298,-0.2631,-0.2574,0,0.2448,0.9643,-0.1012,0,0.2749,0.0311,0.961,0,0,5.0564,0.7196,1]},
{"frame":5,"values":[0.9382,-0.2493,-0.24,0,0.2329,0.9679,-0.0948,0,0.2559,0.033,0.9661,0,0,5.0564,0.7196,1]},
{"frame":6,"values":[0.9437,-0.2374,-0.2303,0,0.2229,0.9709,-0.0872,0,0.2443,0.031,0.9692,0,0,5.0564,0.7196,1]},
{"frame":7,"values":[0.9463,-0.2299,-0.2273,0,0.2154,0.9727,-0.0868,0,0.241,0.0332,0.97,0,0,5.0564,0.7196,1]},
{"frame":8,"values":[0.9457,-0.229,-0.2307,0,0.2128,0.9727,-0.0928,0,0.2456,0.0387,0.9686,0,0,5.0564,0.7196,1]},
{"frame":9,"values":[0.9428,-0.2352,-0.2362,0,0.217,0.971,-0.1007,0,0.253,0.0437,0.9665,0,0,5.0564,0.7196,1]},
{"frame":10,"values":[0.9374,-0.2478,-0.2449,0,0.2274,0.9677,-0.1085,0,0.2639,0.046,0.9635,0,0,5.0564,0.7196,1]},
{"frame":11,"values":[0.9299,-0.2639,-0.2561,0,0.2416,0.9635,-0.1152,0,0.2771,0.0453,0.9598,0,0,5.0564,0.7196,1]},
{"frame":12,"values":[0.9212,-0.2815,-0.2685,0,0.2579,0.9587,-0.1201,0,0.2912,0.0414,0.9558,0,0,5.0564,0.7196,1]},
{"frame":13,"values":[0.9121,-0.2977,-0.2818,0,0.2733,0.954,-0.1231,0,0.3055,0.0353,0.9515,0,0,5.0564,0.7196,1]},
{"frame":14,"values":[0.904,-0.3095,-0.295,0,0.2845,0.9505,-0.1252,0,0.3191,0.0292,0.9473,0,0,5.0564,0.7196,1]},
{"frame":15,"values":[0.8978,-0.315,-0.3078,0,0.2905,0.9489,-0.1236,0,0.331,0.0216,0.9434,0,0,5.0564,0.7196,1]},
{"frame":16,"values":[0.8951,-0.3131,-0.3175,0,0.29,0.9496,-0.1188,0,0.3387,0.0142,0.9408,0,0,5.0564,0.7196,1]},
{"frame":17,"values":[0.8953,-0.304,-0.3257,0,0.2831,0.9526,-0.1111,0,0.3441,0.0073,0.9389,0,0,5.0564,0.7196,1]},
{"frame":18,"values":[0.8967,-0.2915,-0.3329,0,0.2731,0.9566,-0.1021,0,0.3482,0.0006,0.9374,0,0,5.0564,0.7196,1]},
{"frame":19,"values":[0.898,-0.2806,-0.339,0,0.2636,0.9598,-0.0962,0,0.3524,-0.003,0.9358,0,0,5.0564,0.7196,1]},
{"frame":20,"values":[0.8986,-0.2741,-0.3426,0,0.2584,0.9617,-0.0917,0,0.3546,-0.0061,0.935,0,0,5.0564,0.7196,1]},
{"frame":21,"values":[0.8982,-0.274,-0.3437,0,0.2597,0.9617,-0.0878,0,0.3546,-0.0104,0.935,0,0,5.0564,0.7196,1]},
{"frame":22,"values":[0.8972,-0.2784,-0.3427,0,0.2657,0.9603,-0.0845,0,0.3526,-0.0153,0.9356,0,0,5.0564,0.7196,1]},
{"frame":23,"values":[0.8962,-0.2839,-0.341,0,0.2719,0.9587,-0.0835,0,0.3506,-0.0179,0.9363,0,0,5.0564,0.7196,1]},
{"frame":24,"values":[0.8965,-0.2878,-0.3369,0,0.2747,0.9576,-0.0869,0,0.3476,-0.0147,0.9375,0,0,5.0564,0.7196,1]},
{"frame":25,"values":[0.8999,-0.2886,-0.327,0,0.272,0.9575,-0.0965,0,0.3409,-0.0021,0.9401,0,0,5.0564,0.7196,1]}],"loopBehavior":1,"name":"anim","property":"_matrix"}},
{"name":"HeadTop_End","index":6,"matrix":[1,0,0,0,0,1,0,0,0,0,1,0,0,15.1437,2.155,1],"rest":[1,0,0,0,0,1,0,0,0,0,1,0,0,15.1437,2.155,1],"parentBoneIndex":5,"length":15.2963
,"animation":{"dataType":3,"framePerSecond":24,"keys":[
{"frame":1,"values":[1,0,0,0,0,1,0,0,0,0,1,0,0,15.1437,2.155,1]},
{"frame":25,"values":[1,0,0,0,0,1,0,0,0,0,1,0,0,15.1437,2.155,1]}],"loopBehavior":1,"name":"anim","property":"_matrix"}},
{"name":"LeftShoulder","index":7,"matrix":[0.8949,-0.0807,0.4389,0,0.0928,0.9957,-0.0063,0,-0.4365,0.0463,0.8985,0,3.5285,8.7304,-1.4561,1],"rest":[1,-0.0017,0,0,0.0017,1,0,0,0,0,1,0,3.5285,8.7304,-1.4561,1],"parentBoneIndex":3,"length":7.9526
,"animation":{"dataType":3,"framePerSecond":24,"keys":[
{"frame":1,"values":[0.8949,-0.0807,0.4389,0,0.0928,0.9957,-0.0063,0,-0.4365,0.0463,0.8985,0,3.5285,8.7304,-1.4561,1]},
{"frame":2,"values":[0.8835,-0.0851,0.4606,0,0.0909,0.9958,0.0096,0,-0.4595,0.0334,0.8875,0,3.5285,8.7304,-1.4561,1]},
{"frame":3,"values":[0.8697,-0.0897,0.4854,0,0.0877,0.9958,0.0269,0,-0.4858,0.0191,0.8739,0,3.5285,8.7304,-1.4561,1]},
{"frame":4,"values":[0.8558,-0.0933,0.5089,0,0.0839,0.9956,0.0416,0,-0.5105,0.0071,0.8598,0,3.5285,8.7304,-1.4561,1]},
{"frame":5,"values":[0.8442,-0.0953,0.5276,0,0.0809,0.9955,0.0503,0,-0.53,0.0002,0.848,0,3.5285,8.7304,-1.4561,1]},
{"frame":6,"values":[0.8381,-0.0946,0.5373,0,0.0805,0.9955,0.0497,0,-0.5396,0.0016,0.8419,0,3.5285,8.7304,-1.4561,1]},
{"frame":7,"values":[0.8381,-0.093,0.5375,0,0.0813,0.9957,0.0454,0,-0.5394,0.0057,0.8421,0,3.5285,8.7304,-1.4561,1]},
{"frame":8,"values":[0.8439,-0.0916,0.5287,0,0.0828,0.9957,0.0402,0,-0.5301,0.0099,0.8479,0,3.5285,8.7304,-1.4561,1]},
{"frame":9,"values":[0.8533,-0.09,0.5136,0,0.0847,0.9958,0.0339,0,-0.5145,0.0146,0.8574,0,3.5285,8.7304,-1.4561,1]},
{"frame":10,"values":[0.8655,-0.0883,0.4931,0,0.0865,0.9959,0.0264,0,-0.4934,0.0198,0.8696,0,3.5285,8.7304,-1.4561,1]},
{"frame":11,"values":[0.8793,-0.0862,0.4683,0,0.0881,0.9959,0.018,0,-0.468,0.0255,0.8834,0,3.5285,8.7304,-1.4561,1]},
{"frame":12,"values":[0.8939,-0.0839,0.4404,0,0.0892,0.996,0.0088,0,-0.4393,0.0314,0.8978,0,3.5285,8.7304,-1.4561,1]},
{"frame":13,"values":[0.9082,-0.0813,0.4105,0,0.0896,0.996,-0.0009,0,-0.4088,0.0376,0.9118,0,3.5285,8.7304,-1.4561,1]},
{"frame":14,"values":[0.9215,-0.0787,0.3802,0,0.0895,0.9959,-0.0108,0,-0.3778,0.044,0.9248,0,3.5285,8.7304,-1.4561,1]},
{"frame":15,"values":[0.9333,-0.0762,0.3508,0,0.089,0.9958,-0.0204,0,-0.3478,0.0502,0.9362,0,3.5285,8.7304,-1.4561,1]},
{"frame":16,"values":[0.9432,-0.0743,0.3237,0,0.0885,0.9957,-0.0292,0,-0.3202,0.0562,0.9457,0,3.5285,8.7304,-1.4561,1]},
{"frame":17,"values":[0.9508,-0.0733,0.3009,0,0.0884,0.9954,-0.0369,0,-0.2968,0.0617,0.953,0,3.5285,8.7304,-1.4561,1]},
{"frame":18,"values":[0.9554,-0.0735,0.2862,0,0.0891,0.9952,-0.0417,0,-0.2817,0.0653,0.9573,0,3.5285,8.7304,-1.4561,1]},
{"frame":19,"values":[0.9569,-0.0748,0.2806,0,0.0906,0.9949,-0.0436,0,-0.2759,0.0671,0.9588,0,3.5285,8.7304,-1.4561,1]},
{"frame":20,"values":[0.9546,-0.0767,0.288,0,0.0926,0.9948,-0.0421,0,-0.2833,0.0669,0.9567,0,3.5285,8.7304,-1.4561,1]},
{"frame":21,"values":[0.9479,-0.0786,0.3089,0,0.0946,0.9948,-0.0372,0,-0.3044,0.0645,0.9504,0,3.5285,8.7304,-1.4561,1]},
{"frame":22,"values":[0.9371,-0.0801,0.3397,0,0.0958,0.995,-0.0298,0,-0.3356,0.0605,0.9401,0,3.5285,8.7304,-1.4561,1]},
{"frame":23,"values":[0.9237,-0.0809,0.3746,0,0.0959,0.9952,-0.0214,0,-0.371,0.0557,0.927,0,3.5285,8.7304,-1.4561,1]},
{"frame":24,"values":[0.9089,-0.0811,0.4091,0,0.0947,0.9954,-0.0132,0,-0.4061,0.0507,0.9124,0,3.5285,8.7304,-1.4561,1]},
{"frame":25,"values":[0.8949,-0.0807,0.4389,0,0.0928,0.9957,-0.0063,0,-0.4365,0.0463,0.8985,0,3.5285,8.7304,-1.4561,1]}],"loopBehavior":1,"name":"anim","property":"_matrix"}},
{"name":"LeftArm","index":8,"matrix":[0.5647,-0.5981,0.5687,0,0.8203,0.3314,-0.4661,0,0.0903,0.7297,0.6778,0,7.6132,-2.2982,0.0421,1],"rest":[0.9965,-0.0092,0.0835,0,0.0092,1,0.0007,0,-0.0835,0.0001,0.9965,0,7.6132,-2.2982,0.0421,1],"parentBoneIndex":7,"length":18.9821
,"animation":{"dataType":3,"framePerSecond":24,"keys":[
{"frame":1,"values":[0.5647,-0.5981,0.5687,0,0.8203,0.3314,-0.4661,0,0.0903,0.7297,0.6778,0,7.6132,-2.2982,0.0421,1]},
{"frame":2,"values":[0.5841,-0.5633,0.5844,0,0.8097,0.354,-0.4681,0,0.0569,0.7466,0.6629,0,7.6132,-2.2982,0.0421,1]},
{"frame":3,"values":[0.6114,-0.5206,0.5959,0,0.7911,0.3835,-0.4766,0,0.0195,0.7628,0.6463,0,7.6132,-2.2982,0.0421,1]},
{"frame":4,"values":[0.6322,-0.4835,0.6054,0,0.7745,0.4146,-0.4777,0,-0.02,0.7709,0.6366,0,7.6132,-2.2982,0.0421,1]},
{"frame":5,"values":[0.6538,-0.4535,0.6056,0,0.7552,0.4405,-0.4855,0,-0.0466,0.7748,0.6305,0,7.6132,-2.2982,0.0421,1]},
{"frame":6,"values":[0.6712,-0.4303,0.6036,0,0.7384,0.4603,-0.4929,0,-0.0657,0.7765,0.6267,0,7.6132,-2.2982,0.0421,1]},
{"frame":7,"values":[0.6818,-0.4129,0.6038,0,0.7273,0.4707,-0.4994,0,-0.078,0.7797,0.6213,0,7.6132,-2.2982,0.0421,1]},
{"frame":8,"values":[0.6792,-0.4044,0.6125,0,0.7283,0.4748,-0.4941,0,-0.091,0.7817,0.617,0,7.6132,-2.2982,0.0421,1]},
{"frame":9,"values":[0.6666,-0.4099,0.6226,0,0.7392,0.471,-0.4814,0,-0.0959,0.7811,0.617,0,7.6132,-2.2982,0.0421,1]},
{"frame":10,"values":[0.6476,-0.4201,0.6357,0,0.7557,0.4606,-0.4655,0,-0.0972,0.7819,0.6158,0,7.6132,-2.2982,0.0421,1]},
{"frame":11,"values":[0.6241,-0.4289,0.6531,0,0.7749,0.4469,-0.447,0,-0.1001,0.785,0.6113,0,7.6132,-2.2982,0.0421,1]},
{"frame":12,"values":[0.6009,-0.4418,0.6661,0,0.7936,0.4293,-0.4312,0,-0.0954,0.7877,0.6086,0,7.6132,-2.2982,0.0421,1]},
{"frame":13,"values":[0.5719,-0.4674,0.6741,0,0.8158,0.4102,-0.4077,0,-0.0859,0.7831,0.6159,0,7.6132,-2.2982,0.0421,1]},
{"frame":14,"values":[0.5441,-0.4953,0.6772,0,0.8358,0.391,-0.3855,0,-0.0739,0.7757,0.6267,0,7.6132,-2.2982,0.0421,1]},
{"frame":15,"values":[0.522,-0.5221,0.6745,0,0.8509,0.3728,-0.37,0,-0.0583,0.7671,0.6389,0,7.6132,-2.2982,0.0421,1]},
{"frame":16,"values":[0.5015,-0.5472,0.6701,0,0.8638,0.3591,-0.3533,0,-0.0473,0.756,0.6528,0,7.6132,-2.2982,0.0421,1]},
{"frame":17,"values":[0.483,-0.5701,0.6646,0,0.8747,0.3486,-0.3367,0,-0.0397,0.7439,0.6671,0,7.6132,-2.2982,0.0421,1]},
{"frame":18,"values":[0.474,-0.5871,0.6562,0,0.8799,0.3427,-0.329,0,-0.0317,0.7334,0.6791,0,7.6132,-2.2982,0.0421,1]},
{"frame":19,"values":[0.4682,-0.6003,0.6484,0,0.8833,0.3383,-0.3246,0,-0.0245,0.7247,0.6886,0,7.6132,-2.2982,0.0421,1]},
{"frame":20,"values":[0.4748,-0.6052,0.639,0,0.88,0.335,-0.3367,0,-0.0103,0.7222,0.6916,0,7.6132,-2.2982,0.0421,1]},
{"frame":21,"values":[0.4957,-0.6039,0.6242,0,0.8684,0.3324,-0.368,0,0.0147,0.7245,0.6892,0,7.6132,-2.2982,0.0421,1]},
{"frame":22,"values":[0.5138,-0.6036,0.6096,0,0.8571,0.3305,-0.3951,0,0.0371,0.7255,0.6872,0,7.6132,-2.2982,0.0421,1]},
{"frame":23,"values":[0.5309,-0.6043,0.5942,0,0.8454,0.3286,-0.4212,0,0.0593,0.7259,0.6853,0,7.6132,-2.2982,0.0421,1]},
{"frame":24,"values":[0.5468,-0.6047,0.579,0,0.8335,0.328,-0.4446,0,0.079,0.7258,0.6834,0,7.6132,-2.2982,0.0421,1]},
{"frame":25,"values":[0.5649,-0.5981,0.5685,0,0.8202,0.3313,-0.4663,0,0.0906,0.7297,0.6778,0,7.6132,-2.2982,0.0421,1]}],"loopBehavior":1,"name":"anim","property":"_matrix"}},
{"name":"LeftForeArm","index":9,"matrix":[0.015,-0.0595,0.9981,0,0.9407,-0.3376,-0.0343,0,0.339,0.9394,0.0509,0,18.9146,0.2055,-1.5856,1],"rest":[0.9964,0.0108,-0.0835,0,-0.0108,0.9999,0.0005,0,0.0835,0.0005,0.9965,0,18.9146,0.2055,-1.5856,1],"parentBoneIndex":8,"length":18.4362
,"animation":{"dataType":3,"framePerSecond":24,"keys":[
{"frame":1,"values":[0.015,-0.0595,0.9981,0,0.9407,-0.3376,-0.0343,0,0.339,0.9394,0.0509,0,18.9146,0.2055,-1.5856,1]},
{"frame":2,"values":[0.0326,-0.0621,0.9975,0,0.934,-0.3533,-0.0526,0,0.3557,0.9334,0.0465,0,18.9146,0.2055,-1.5856,1]},
{"frame":3,"values":[0.048,-0.0691,0.9965,0,0.9188,-0.3883,-0.0711,0,0.3918,0.919,0.0449,0,18.9146,0.2055,-1.5856,1]},
{"frame":4,"values":[0.0617,-0.06,0.9963,0,0.9297,-0.3596,-0.0793,0,0.363,0.9312,0.0336,0,18.9146,0.2055,-1.5856,1]},
{"frame":5,"values":[0.0741,-0.0634,0.9952,0,0.9218,-0.3765,-0.0926,0,0.3806,0.9242,0.0305,0,18.9146,0.2055,-1.5856,1]},
{"frame":6,"values":[0.0816,-0.0678,0.9944,0,0.9117,-0.398,-0.102,0,0.4027,0.9149,0.0293,0,18.9146,0.2055,-1.5856,1]},
{"frame":7,"values":[0.0808,-0.0728,0.9941,0,0.9006,-0.422,-0.1041,0,0.427,0.9037,0.0314,0,18.9146,0.2055,-1.5856,1]},
{"frame":8,"values":[0.0865,-0.0761,0.9933,0,0.9032,-0.4148,-0.1104,0,0.4205,0.9067,0.0329,0,18.9146,0.2055,-1.5856,1]},
{"frame":9,"values":[0.0976,-0.0759,0.9923,0,0.8918,-0.4359,-0.1211,0,0.4417,0.8968,0.0251,0,18.9146,0.2055,-1.5856,1]},
{"frame":10,"values":[0.1128,-0.0737,0.9909,0,0.8966,-0.4223,-0.1335,0,0.4283,0.9034,0.0184,0,18.9146,0.2055,-1.5856,1]},
{"frame":11,"values":[0.1325,-0.071,0.9886,0,0.9014,-0.4063,-0.15,0,0.4123,0.911,0.0101,0,18.9146,0.2055,-1.5856,1]},
{"frame":12,"values":[0.1558,-0.0779,0.9847,0,0.8875,-0.4266,-0.1741,0,0.4337,0.9011,0.0027,0,18.9146,0.2055,-1.5856,1]},
{"frame":13,"values":[0.1779,-0.0781,0.9809,0,0.8875,-0.4179,-0.1942,0,0.4251,0.9052,-0.0051,0,18.9146,0.2055,-1.5856,1]},
{"frame":14,"values":[0.1903,-0.0785,0.9786,0,0.8884,-0.4105,-0.2057,0,0.4179,0.9085,-0.0084,0,18.9146,0.2055,-1.5856,1]},
{"frame":15,"values":[0.193,-0.0835,0.9776,0,0.8804,-0.4251,-0.2101,0,0.4331,0.9013,-0.0086,0,18.9146,0.2055,-1.5856,1]},
{"frame":16,"values":[0.1781,-0.0732,0.9813,0,0.9002,-0.3905,-0.1926,0,0.3973,0.9177,-0.0036,0,18.9146,0.2055,-1.5856,1]},
{"frame":17,"values":[0.1642,-0.0694,0.984,0,0.9067,-0.3824,-0.1782,0,0.3886,0.9214,0.0001,0,18.9146,0.2055,-1.5856,1]},
{"frame":18,"values":[0.1413,-0.0652,0.9878,0,0.9139,-0.375,-0.1555,0,0.3806,0.9247,0.0066,0,18.9146,0.2055,-1.5856,1]},
{"frame":19,"values":[0.1192,-0.0566,0.9913,0,0.9279,-0.3489,-0.1315,0,0.3533,0.9354,0.0109,0,18.9146,0.2055,-1.5856,1]},
{"frame":20,"values":[0.0929,-0.0523,0.9943,0,0.9371,-0.333,-0.105,0,0.3366,0.9415,0.018,0,18.9146,0.2055,-1.5856,1]},
{"frame":21,"values":[0.0713,-0.0631,0.9955,0,0.9243,-0.371,-0.0897,0,0.375,0.9265,0.0318,0,18.9146,0.2055,-1.5856,1]},
{"frame":22,"values":[0.056,-0.0628,0.9965,0,0.9279,-0.3651,-0.0751,0,0.3685,0.9288,0.0379,0,18.9146,0.2055,-1.5856,1]},
{"frame":23,"values":[0.0428,-0.0613,0.9972,0,0.9341,-0.3517,-0.0617,0,0.3545,0.9341,0.0422,0,18.9146,0.2055,-1.5856,1]},
{"frame":24,"values":[0.0305,-0.0598,0.9977,0,0.9393,-0.3395,-0.0491,0,0.3417,0.9387,0.0459,0,18.9146,0.2055,-1.5856,1]},
{"frame":25,"values":[0.0149,-0.0596,0.9981,0,0.9405,-0.3379,-0.0342,0,0.3393,0.9393,0.0511,0,18.9146,0.2055,-1.5856,1]}],"loopBehavior":1,"name":"anim","property":"_matrix"}},
{"name":"LeftHand","index":10,"matrix":[0.9957,0.0575,0.0721,0,-0.0036,0.8055,-0.5926,0,-0.0921,0.5898,0.8023,0,18.4362,0,0,1],"rest":[0.9824,-0.1864,-0.0127,0,0.1846,0.9789,-0.0878,0,0.0288,0.0839,0.9961,0,18.4362,0,0,1],"parentBoneIndex":9,"length":6.699
,"animation":{"dataType":3,"framePerSecond":24,"keys":[
{"frame":1,"values":[0.9957,0.0575,0.0721,0,-0.0036,0.8055,-0.5926,0,-0.0921,0.5898,0.8023,0,18.4362,0,0,1]},
{"frame":2,"values":[0.9955,0.0509,0.0798,0,0.0055,0.8102,-0.5862,0,-0.0945,0.584,0.8063,0,18.4362,0,0,1]},
{"frame":3,"values":[0.9944,0.0503,0.0934,0,0.0119,0.8218,-0.5696,0,-0.1054,0.5675,0.8166,0,18.4362,0,0,1]},
{"frame":4,"values":[0.9939,0.06,0.0928,0,0.0084,0.7965,-0.6045,0,-0.1102,0.6016,0.7912,0,18.4362,0,0,1]},
{"frame":5,"values":[0.9937,0.0597,0.0952,0,0.01,0.7968,-0.6042,0,-0.1119,0.6013,0.7911,0,18.4362,0,0,1]},
{"frame":6,"values":[0.9931,0.0639,0.0982,0,0.0079,0.7999,-0.6001,0,-0.1169,0.5967,0.7939,0,18.4362,0,0,1]},
{"frame":7,"values":[0.992,0.0694,0.1051,0,0.0059,0.808,-0.5892,0,-0.1258,0.5851,0.8011,0,18.4362,0,0,1]},
{"frame":8,"values":[0.9918,0.0625,0.1116,0,0.0165,0.8023,-0.5967,0,-0.1268,0.5936,0.7947,0,18.4362,0,0,1]},
{"frame":9,"values":[0.9928,0.0386,0.1134,0,0.0338,0.8182,-0.574,0,-0.1149,0.5737,0.811,0,18.4362,0,0,1]},
{"frame":10,"values":[0.9934,0.0181,0.1135,0,0.0516,0.8119,-0.5815,0,-0.1027,0.5835,0.8056,0,18.4362,0,0,1]},
{"frame":11,"values":[0.9931,0.001,0.1176,0,0.0693,0.8032,-0.5917,0,-0.0951,0.5957,0.7976,0,18.4362,0,0,1]},
{"frame":12,"values":[0.992,-0.0258,0.1234,0,0.0924,0.8147,-0.5725,0,-0.0858,0.5793,0.8106,0,18.4362,0,0,1]},
{"frame":13,"values":[0.9913,-0.0536,0.1205,0,0.1136,0.8105,-0.5746,0,-0.0669,0.5833,0.8095,0,18.4362,0,0,1]},
{"frame":14,"values":[0.9906,-0.0724,0.1157,0,0.1263,0.8079,-0.5757,0,-0.0518,0.5849,0.8095,0,18.4362,0,0,1]},
{"frame":15,"values":[0.9908,-0.0811,0.1087,0,0.1283,0.8195,-0.5585,0,-0.0438,0.5673,0.8223,0,18.4362,0,0,1]},
{"frame":16,"values":[0.9933,-0.0593,0.0996,0,0.1066,0.8053,-0.5833,0,-0.0456,0.5899,0.8062,0,18.4362,0,0,1]},
{"frame":17,"values":[0.995,-0.0454,0.0884,0,0.0885,0.8107,-0.5788,0,-0.0454,0.5837,0.8107,0,18.4362,0,0,1]},
{"frame":18,"values":[0.9967,-0.0214,0.0785,0,0.0628,0.8158,-0.575,0,-0.0517,0.578,0.8144,0,18.4362,0,0,1]},
{"frame":19,"values":[0.9977,0.0017,0.0682,0,0.0387,0.8085,-0.5872,0,-0.0561,0.5885,0.8066,0,18.4362,0,0,1]},
{"frame":20,"values":[0.9978,0.0258,0.0611,0,0.0157,0.8032,-0.5955,0,-0.0644,0.5951,0.8011,0,18.4362,0,0,1]},
{"frame":21,"values":[0.9972,0.0363,0.0649,0,0.0069,0.824,-0.5666,0,-0.0741,0.5654,0.8215,0,18.4362,0,0,1]},
{"frame":22,"values":[0.997,0.0407,0.0659,0,0.0044,0.8193,-0.5734,0,-0.0773,0.572,0.8166,0,18.4362,0,0,1]},
{"frame":23,"values":[0.9969,0.0417,0.0663,0,0.005,0.811,-0.585,0,-0.0781,0.5836,0.8083,0,18.4362,0,0,1]},
{"frame":24,"values":[0.9969,0.0419,0.0667,0,0.0058,0.8053,-0.5928,0,-0.0785,0.5913,0.8026,0,18.4362,0,0,1]},
{"frame":25,"values":[0.9957,0.0575,0.0722,0,-0.0035,0.8056,-0.5924,0,-0.0922,0.5897,0.8024,0,18.4362,0,0,1]}],"loopBehavior":1,"name":"anim","property":"_matrix"}},
{"name":"LeftHandThumb1","index":11,"matrix":[0.9735,0.0862,-0.2117,0,-0.0977,0.9942,-0.0444,0,0.2067,0.0639,0.9763,0,3.0862,-1.2837,1.4227,1],"rest":[0.9923,0.1154,-0.0442,0,-0.1172,0.9923,-0.0407,0,0.0392,0.0455,0.9982,0,3.0862,-1.2837,1.4227,1],"parentBoneIndex":10,"length":2.9063
,"animation":{"dataType":3,"framePerSecond":24,"keys":[
{"frame":1,"values":[0.9735,0.0862,-0.2117,0,-0.0977,0.9942,-0.0444,0,0.2067,0.0639,0.9763,0,3.0862,-1.2837,1.4227,1]},
{"frame":25,"values":[0.9735,0.0862,-0.2117,0,-0.0977,0.9942,-0.0444,0,0.2067,0.0639,0.9763,0,3.0862,-1.2837,1.4227,1]}],"loopBehavior":1,"name":"anim","property":"_matrix"}},
{"name":"LeftHandThumb2","index":12,"matrix":[0.9736,0.078,-0.2146,0,-0.0589,0.9939,0.0937,0,0.2206,-0.0785,0.9722,0,2.2512,-1.2997,1.2997,1],"rest":[1,0,0,0,0,1,0,0,0,0,1,0,2.2512,-1.2997,1.2997,1],"parentBoneIndex":11,"length":2.9053
,"animation":{"dataType":3,"framePerSecond":24,"keys":[
{"frame":1,"values":[0.9736,0.078,-0.2146,0,-0.0589,0.9939,0.0937,0,0.2206,-0.0785,0.9722,0,2.2512,-1.2997,1.2997,1]},
{"frame":25,"values":[0.9736,0.078,-0.2146,0,-0.0589,0.9939,0.0937,0,0.2206,-0.0785,0.9722,0,2.2512,-1.2997,1.2997,1]}],"loopBehavior":1,"name":"anim","property":"_matrix"}},
{"name":"LeftHandThumb3","index":13,"matrix":[0.945,0.0612,0.3214,0,0.0626,0.9304,-0.3612,0,-0.3211,0.3615,0.8753,0,2.2504,-1.2993,1.2993,1],"rest":[0.9996,-0.0265,-0.0043,0,0.0265,0.9995,0.0176,0,0.0038,-0.0177,0.9998,0,2.2504,-1.2993,1.2993,1],"parentBoneIndex":12,"length":2.0937
,"animation":{"dataType":3,"framePerSecond":24,"keys":[
{"frame":1,"values":[0.945,0.0612,0.3214,0,0.0626,0.9304,-0.3612,0,-0.3211,0.3615,0.8753,0,2.2504,-1.2993,1.2993,1]},
{"frame":25,"values":[0.945,0.0612,0.3214,0,0.0626,0.9304,-0.3612,0,-0.3211,0.3615,0.8753,0,2.2504,-1.2993,1.2993,1]}],"loopBehavior":1,"name":"anim","property":"_matrix"}},
{"name":"LeftHandThumb4","index":14,"matrix":[1,0,0,0,0,1,0,0,0,0,1,0,1.642,-0.8764,0.9589,1],"rest":[1,0,0,0,0,1,0,0,0,0,1,0,1.642,-0.8764,0.9589,1],"parentBoneIndex":13,"length":2.0937
,"animation":{"dataType":3,"framePerSecond":24,"keys":[
{"frame":1,"values":[1,0,0,0,0,1,0,0,0,0,1,0,1.642,-0.8764,0.9589,1]},
{"frame":25,"values":[1,0,0,0,0,1,0,0,0,0,1,0,1.642,-0.8764,0.9589,1]}],"loopBehavior":1,"name":"anim","property":"_matrix"}},
{"name":"LeftHandIndex1","index":15,"matrix":[0.9983,-0.0486,0.031,0,0.0427,0.985,0.1673,0,-0.0387,-0.1656,0.9854,0,7.464,1.013,1.9108,1],"rest":[0.9467,0.3125,0.078,0,-0.3129,0.9497,-0.0071,0,-0.0763,-0.0177,0.9969,0,7.464,1.013,1.9108,1],"parentBoneIndex":10,"length":3.1738
,"animation":{"dataType":3,"framePerSecond":24,"keys":[
{"frame":1,"values":[0.9983,-0.0486,0.031,0,0.0427,0.985,0.1673,0,-0.0387,-0.1656,0.9854,0,7.464,1.013,1.9108,1]},
{"frame":25,"values":[0.9983,-0.0486,0.031,0,0.0427,0.985,0.1673,0,-0.0387,-0.1656,0.9854,0,7.464,1.013,1.9108,1]}],"loopBehavior":1,"name":"anim","property":"_matrix"}},
{"name":"LeftHandIndex2","index":16,"matrix":[0.8701,-0.4866,-0.0787,0,0.4852,0.8736,-0.0372,0,0.0869,-0.0058,0.9962,0,3.142,-0.4199,-0.157,1],"rest":[0.9998,-0.0181,0.007,0,0.0181,0.9998,-0.0018,0,-0.007,0.0019,1,0,3.142,-0.4199,-0.157,1],"parentBoneIndex":15,"length":2.1038
,"animation":{"dataType":3,"framePerSecond":24,"keys":[
{"frame":1,"values":[0.8701,-0.4866,-0.0787,0,0.4852,0.8736,-0.0372,0,0.0869,-0.0058,0.9962,0,3.142,-0.4199,-0.157,1]},
{"frame":25,"values":[0.8701,-0.4866,-0.0787,0,0.4852,0.8736,-0.0372,0,0.0869,-0.0058,0.9962,0,3.142,-0.4199,-0.157,1]}],"loopBehavior":1,"name":"anim","property":"_matrix"}},
{"name":"LeftHandIndex3","index":17,"matrix":[0.8497,-0.5191,-0.0921,0,0.5172,0.8546,-0.0461,0,0.1026,-0.0084,0.9947,0,2.0866,-0.2403,-0.1191,1],"rest":[0.9985,-0.0544,-0.0084,0,0.0544,0.9985,-0.0024,0,0.0085,0.0019,1,0,2.0866,-0.2403,-0.1191,1],"parentBoneIndex":16,"length":1.9464
,"animation":{"dataType":3,"framePerSecond":24,"keys":[
{"frame":1,"values":[0.8497,-0.5191,-0.0921,0,0.5172,0.8546,-0.0461,0,0.1026,-0.0084,0.9947,0,2.0866,-0.2403,-0.1191,1]},
{"frame":25,"values":[0.8497,-0.5191,-0.0921,0,0.5172,0.8546,-0.0461,0,0.1026,-0.0084,0.9947,0,2.0866,-0.2403,-0.1191,1]}],"loopBehavior":1,"name":"anim","property":"_matrix"}},
{"name":"LeftHandIndex4","index":18,"matrix":[1,0,0,0,0,1,0,0,0,0,1,0,1.9406,-0.1168,-0.0942,1],"rest":[1,0,0,0,0,1,0,0,0,0,1,0,1.9406,-0.1168,-0.0942,1],"parentBoneIndex":17,"length":1.9464
,"animation":{"dataType":3,"framePerSecond":24,"keys":[
{"frame":1,"values":[1,0,0,0,0,1,0,0,0,0,1,0,1.9406,-0.1168,-0.0942,1]},
{"frame":25,"values":[1,0,0,0,0,1,0,0,0,0,1,0,1.9406,-0.1168,-0.0942,1]}],"loopBehavior":1,"name":"anim","property":"_matrix"}},
{"name":"LeftHandMiddle1","index":19,"matrix":[0.9954,0.0065,0.0952,0,-0.0233,0.984,0.1765,0,-0.0925,-0.1779,0.9797,0,7.4859,1.4067,0.2197,1],"rest":[0.92,0.3717,0.1241,0,-0.3732,0.9277,-0.0117,0,-0.1194,-0.0356,0.9922,0,7.4859,1.4067,0.2197,1],"parentBoneIndex":10,"length":3.6612
,"animation":{"dataType":3,"framePerSecond":24,"keys":[
{"frame":1,"values":[0.9954,0.0065,0.0952,0,-0.0233,0.984,0.1765,0,-0.0925,-0.1779,0.9797,0,7.4859,1.4067,0.2197,1]},
{"frame":25,"values":[0.9954,0.0065,0.0952,0,-0.0233,0.984,0.1765,0,-0.0925,-0.1779,0.9797,0,7.4859,1.4067,0.2197,1]}],"loopBehavior":1,"name":"anim","property":"_matrix"}},
{"name":"LeftHandMiddle2","index":20,"matrix":[0.6855,-0.7052,-0.1812,0,0.7035,0.7056,-0.0849,0,0.1877,-0.0693,0.9798,0,3.5734,-0.7167,-0.3489,1],"rest":[0.9979,0.0003,-0.065,0,0.0005,0.9999,0.013,0,0.065,-0.013,0.9978,0,3.5734,-0.7167,-0.3489,1],"parentBoneIndex":19,"length":2.307
,"animation":{"dataType":3,"framePerSecond":24,"keys":[
{"frame":1,"values":[0.6855,-0.7052,-0.1812,0,0.7035,0.7056,-0.0849,0,0.1877,-0.0693,0.9798,0,3.5734,-0.7167,-0.3489,1]},
{"frame":25,"values":[0.6855,-0.7052,-0.1812,0,0.7035,0.7056,-0.0849,0,0.1877,-0.0693,0.9798,0,3.5734,-0.7167,-0.3489,1]}],"loopBehavior":1,"name":"anim","property":"_matrix"}},
