{"producer":{"name":"Blender","version":"2.90.0","exporter_version":"2.80.1","file":"walk_riffle.babylon"},
"autoClear":true,"clearColor":[0.0509,0.0509,0.0509],"gravity":[0,-9.81,0],
"materials":[{"name":"Material","id":"Material","customType":"BABYLON.PBRMaterial","backFaceCulling":true,"checkReadyOnlyOnce":false,"maxSimultaneousLights":4,"environmentIntensity":1,"albedo":[0.8,0.8,0.8],"reflectivity":[0.5,0.5,0.5],"roughness":0.4,"alpha":1,"transparencyMode":0,"alphaCutOff":0.4,"metallic":0}],
"multiMaterials":[],
"skeletons":[{"name":"Armature","id":0,"dimensionsAtRest":[128.1663,151.4482,19.1351],"bones":[
{"name":"Hips","index":0,"matrix":[0.7636,-0.094,-0.6388,0,0.1142,0.9934,-0.0097,0,-0.6355,0.0656,-0.7693,0,-0.3971,68.7522,-0.5949,1],"rest":[1,0,0,0,0,1,0,0,0,0,-1,0,0,81.0629,0,1],"parentBoneIndex":-1,"length":7.701
,"animation":{"dataType":3,"framePerSecond":24,"keys":[
{"frame":1,"values":[0.7636,-0.094,-0.6388,0,0.1142,0.9934,-0.0097,0,-0.6355,0.0656,-0.7693,0,-0.3971,68.7522,-0.595,1]},
{"frame":2,"values":[0.7402,-0.0956,-0.6656,0,0.1093,0.9938,-0.0212,0,-0.6635,0.057,-0.746,0,-0.4147,69.4493,0.5631,1]},
{"frame":3,"values":[0.7129,-0.093,-0.695,0,0.0999,0.9945,-0.0307,0,-0.6941,0.0476,-0.7183,0,-0.433,69.8913,1.508,1]},
{"frame":4,"values":[0.6853,-0.0867,-0.7231,0,0.0873,0.9955,-0.0366,0,-0.723,0.0381,-0.6898,0,-0.4242,70.0203,2.2683,1]},
{"frame":5,"values":[0.6608,-0.0814,-0.7462,0,0.0761,0.9962,-0.0413,0,-0.7467,0.0295,-0.6645,0,-0.3517,69.9233,2.8327,1]},
{"frame":6,"values":[0.6435,-0.0807,-0.7612,0,0.0696,0.9965,-0.0468,0,-0.7623,0.0229,-0.6468,0,-0.038,69.5067,2.9982,1]},
{"frame":7,"values":[0.6369,-0.0822,-0.7666,0,0.0673,0.9964,-0.051,0,-0.768,0.0191,-0.6401,0,0.4288,68.773,2.5655,1]},
{"frame":8,"values":[0.6425,-0.0809,-0.762,0,0.0659,0.9966,-0.0502,0,-0.7634,0.0179,-0.6456,0,0.9224,67.662,1.8373,1]},
{"frame":9,"values":[0.6565,-0.0802,-0.75,0,0.0667,0.9966,-0.0482,0,-0.7514,0.0184,-0.6596,0,1.3983,66.3914,1.4927,1]},
{"frame":10,"values":[0.6783,-0.0786,-0.7306,0,0.0684,0.9967,-0.0437,0,-0.7316,0.0203,-0.6814,0,1.8688,66.0239,1.481,1]},
{"frame":11,"values":[0.7051,-0.0682,-0.7058,0,0.0649,0.9974,-0.0316,0,-0.7061,0.0235,-0.7077,0,2.291,66.8183,2.298,1]},
{"frame":12,"values":[0.7353,-0.0593,-0.6751,0,0.0624,0.9979,-0.0197,0,-0.6748,0.0276,-0.7375,0,2.6925,67.9221,3.3374,1]},
{"frame":13,"values":[0.7658,-0.0527,-0.641,0,0.0614,0.9981,-0.0088,0,-0.6402,0.0326,-0.7675,0,3.0238,68.9686,4.5814,1]},
{"frame":14,"values":[0.7942,-0.0512,-0.6054,0,0.0638,0.998,-0.0007,0,-0.6042,0.0381,-0.7959,0,3.1919,69.7662,5.8302,1]},
{"frame":15,"values":[0.8196,-0.0513,-0.5707,0,0.0671,0.9977,0.0068,0,-0.5691,0.0438,-0.8211,0,3.2587,70.1025,6.7143,1]},
{"frame":16,"values":[0.8407,-0.0538,-0.5389,0,0.0719,0.9973,0.0127,0,-0.5368,0.0494,-0.8423,0,3.2475,69.5907,7.4865,1]},
{"frame":17,"values":[0.8571,-0.0584,-0.5118,0,0.0781,0.9968,0.017,0,-0.5092,0.0546,-0.8589,0,3.0444,68.5198,8.0444,1]},
{"frame":18,"values":[0.8679,-0.0617,-0.4928,0,0.0827,0.9964,0.0209,0,-0.4897,0.0589,-0.8699,0,2.6477,67.3557,7.8676,1]},
{"frame":19,"values":[0.8724,-0.062,-0.4849,0,0.0844,0.9961,0.0245,0,-0.4815,0.0623,-0.8742,0,2.1429,66.5685,6.5767,1]},
{"frame":20,"values":[0.8696,-0.0627,-0.4898,0,0.0862,0.996,0.0255,0,-0.4862,0.0644,-0.8715,0,1.5981,66.2665,5.0465,1]},
{"frame":21,"values":[0.8606,-0.0658,-0.505,0,0.0899,0.9957,0.0235,0,-0.5013,0.0656,-0.8628,0,1.0873,65.9996,3.6718,1]},
{"frame":22,"values":[0.8427,-0.0702,-0.5338,0,0.0949,0.9953,0.0188,0,-0.53,0.0665,-0.8454,0,0.622,66.2203,3.1229,1]},
{"frame":23,"values":[0.8181,-0.0778,-0.5698,0,0.1021,0.9947,0.0107,0,-0.566,0.0669,-0.8217,0,0.1871,66.9301,2.6065,1]},
{"frame":24,"values":[0.7903,-0.0868,-0.6066,0,0.1094,0.994,0.0004,0,-0.6029,0.0667,-0.795,0,-0.2172,67.8348,0.9987,1]},
{"frame":25,"values":[0.7636,-0.094,-0.6388,0,0.1142,0.9934,-0.0097,0,-0.6355,0.0656,-0.7693,0,-0.3971,68.7522,-0.5949,1]}],"loopBehavior":1,"name":"anim","property":"_matrix"}},
{"name":"Spine","index":1,"matrix":[0.9998,-0.0186,-0.008,0,0.0198,0.9793,0.2014,0,0.004,-0.2016,0.9795,0,0.009,7.0626,-0.9847,1],"rest":[1,0,0,0,0,1,0,0,0,0,1,0,0.009,7.0626,-0.9847,1],"parentBoneIndex":0,"length":8.3194
,"animation":{"dataType":3,"framePerSecond":24,"keys":[
{"frame":1,"values":[0.9998,-0.0192,-0.0084,0,0.0205,0.9797,0.1996,0,0.0044,-0.1997,0.9799,0,0.009,7.0626,-0.9847,1]},
{"frame":2,"values":[0.9994,-0.017,-0.0302,0,0.0222,0.9833,0.1805,0,0.0266,-0.1811,0.9831,0,0.009,7.0626,-0.9847,1]},
{"frame":3,"values":[0.9983,-0.0196,-0.0541,0,0.0281,0.9867,0.1602,0,0.0503,-0.1614,0.9856,0,0.009,7.0626,-0.9847,1]},
{"frame":4,"values":[0.9966,-0.0261,-0.078,0,0.0371,0.9891,0.1424,0,0.0735,-0.1448,0.9867,0,0.009,7.0626,-0.9847,1]},
{"frame":5,"values":[0.9946,-0.0311,-0.0989,0,0.0437,0.9907,0.1285,0,0.094,-0.1322,0.9868,0,0.009,7.0626,-0.9847,1]},
{"frame":6,"values":[0.9932,-0.0252,-0.1133,0,0.0392,0.9916,0.1235,0,0.1093,-0.1271,0.9859,0,0.009,7.0626,-0.9847,1]},
{"frame":7,"values":[0.9928,-0.0108,-0.1195,0,0.0259,0.9917,0.1257,0,0.1172,-0.1279,0.9848,0,0.009,7.0626,-0.9847,1]},
{"frame":8,"values":[0.9932,0.0024,-0.1166,0,0.0135,0.9906,0.136,0,0.1159,-0.1366,0.9838,0,0.009,7.0626,-0.9847,1]},
{"frame":9,"values":[0.994,0.0153,-0.1086,0,0.0013,0.9885,0.1514,0,0.1097,-0.1506,0.9825,0,0.009,7.0626,-0.9847,1]},
{"frame":10,"values":[0.9951,0.0253,-0.0953,0,-0.0085,0.985,0.1726,0,0.0982,-0.171,0.9804,0,0.009,7.0626,-0.9847,1]},
{"frame":11,"values":[0.9965,0.0232,-0.0798,0,-0.0065,0.9792,0.2027,0,0.0828,-0.2015,0.976,0,0.009,7.0626,-0.9847,1]},
{"frame":12,"values":[0.998,0.0228,-0.0597,0,-0.0079,0.9709,0.2392,0,0.0634,-0.2382,0.9691,0,0.009,7.0626,-0.9847,1]},
{"frame":13,"values":[0.999,0.0261,-0.0368,0,-0.015,0.9612,0.2756,0,0.0426,-0.2747,0.9606,0,0.009,7.0626,-0.9847,1]},
{"frame":14,"values":[0.9994,0.031,-0.0142,0,-0.0251,0.9509,0.3086,0,0.0231,-0.308,0.9511,0,0.009,7.0626,-0.9847,1]},
{"frame":15,"values":[0.9993,0.0377,0.0078,0,-0.0381,0.941,0.3362,0,0.0053,-0.3362,0.9418,0,0.009,7.0626,-0.9847,1]},
{"frame":16,"values":[0.9984,0.0489,0.0296,0,-0.0562,0.9339,0.3532,0,-0.0103,-0.3543,0.9351,0,0.009,7.0626,-0.9847,1]},
{"frame":17,"values":[0.9972,0.0569,0.0475,0,-0.0702,0.9311,0.3579,0,-0.0239,-0.3602,0.9326,0,0.009,7.0626,-0.9847,1]},
{"frame":18,"values":[0.9966,0.0573,0.0587,0,-0.0743,0.9339,0.3497,0,-0.0348,-0.3528,0.935,0,0.009,7.0626,-0.9847,1]},
{"frame":19,"values":[0.9967,0.0527,0.0614,0,-0.0702,0.9402,0.3333,0,-0.0402,-0.3365,0.9408,0,0.009,7.0626,-0.9847,1]},
{"frame":20,"values":[0.9976,0.042,0.0556,0,-0.0575,0.9472,0.3154,0,-0.0394,-0.3178,0.9473,0,0.009,7.0626,-0.9847,1]},
{"frame":21,"values":[0.9985,0.0253,0.048,0,-0.0385,0.9535,0.2988,0,-0.0383,-0.3002,0.9531,0,0.009,7.0626,-0.9847,1]},
{"frame":22,"values":[0.9994,0.0064,0.0346,0,-0.0157,0.9606,0.2776,0,-0.0314,-0.2779,0.9601,0,0.009,7.0626,-0.9847,1]},
{"frame":23,"values":[0.9998,-0.0083,0.018,0,0.0035,0.9677,0.2523,0,-0.0196,-0.2522,0.9675,0,0.009,7.0626,-0.9847,1]},
{"frame":24,"values":[0.9998,-0.0189,0.0023,0,0.0179,0.9746,0.2232,0,-0.0065,-0.2231,0.9748,0,0.009,7.0626,-0.9847,1]},
{"frame":25,"values":[0.9998,-0.0186,-0.008,0,0.0198,0.9793,0.2014,0,0.004,-0.2016,0.9795,0,0.009,7.0626,-0.9847,1]}],"loopBehavior":1,"name":"anim","property":"_matrix"}},
{"name":"Spine1","index":2,"matrix":[0.9751,0.1123,-0.1912,0,-0.0558,0.9588,0.2784,0,0.2145,-0.2608,0.9413,0,0.0124,8.2397,-1.1488,1],"rest":[1,0,0,0,0,1,0,0,0,0,1,0,0.0124,8.2397,-1.1488,1],"parentBoneIndex":1,"length":9.5079
,"animation":{"dataType":3,"framePerSecond":24,"keys":[
{"frame":1,"values":[0.975,0.113,-0.1912,0,-0.0561,0.9583,0.2803,0,0.2149,-0.2626,0.9407,0,0.0124,8.2397,-1.1488,1]},
{"frame":2,"values":[0.9747,0.1138,-0.1924,0,-0.0556,0.957,0.2847,0,0.2165,-0.2668,0.9391,0,0.0124,8.2397,-1.1488,1]},
{"frame":3,"values":[0.9748,0.1109,-0.1935,0,-0.052,0.9567,0.2864,0,0.2169,-0.2691,0.9384,0,0.0124,8.2397,-1.1488,1]},
{"frame":4,"values":[0.9749,0.106,-0.1956,0,-0.0468,0.9572,0.2856,0,0.2175,-0.2693,0.9382,0,0.0124,8.2397,-1.1488,1]},
{"frame":5,"values":[0.975,0.1008,-0.1979,0,-0.0414,0.958,0.2836,0,0.2182,-0.2683,0.9383,0,0.0124,8.2397,-1.1488,1]},
{"frame":6,"values":[0.9752,0.095,-0.1997,0,-0.0359,0.959,0.281,0,0.2183,-0.2668,0.9387,0,0.0124,8.2397,-1.1488,1]},
{"frame":7,"values":[0.9756,0.0904,-0.2,0,-0.0316,0.9596,0.2796,0,0.2172,-0.2664,0.9391,0,0.0124,8.2397,-1.1488,1]},
{"frame":8,"values":[0.976,0.0881,-0.1991,0,-0.0299,0.96,0.2785,0,0.2156,-0.2659,0.9396,0,0.0124,8.2397,-1.1488,1]},
{"frame":9,"values":[0.9763,0.0884,-0.1976,0,-0.0308,0.9603,0.2774,0,0.2143,-0.2647,0.9402,0,0.0124,8.2397,-1.1488,1]},
{"frame":10,"values":[0.9766,0.0888,-0.1959,0,-0.0325,0.9612,0.2738,0,0.2127,-0.261,0.9416,0,0.0124,8.2397,-1.1488,1]},
{"frame":11,"values":[0.9765,0.088,-0.1966,0,-0.0336,0.9637,0.2649,0,0.2127,-0.2521,0.944,0,0.0124,8.2397,-1.1488,1]},
{"frame":12,"values":[0.9768,0.0826,-0.1974,0,-0.0312,0.9676,0.2505,0,0.2117,-0.2386,0.9478,0,0.0124,8.2397,-1.1488,1]},
{"frame":13,"values":[0.9774,0.0724,-0.1984,0,-0.0247,0.9721,0.2333,0,0.2098,-0.2231,0.9519,0,0.0124,8.2397,-1.1488,1]},
{"frame":14,"values":[0.9779,0.0611,-0.1997,0,-0.0169,0.9763,0.2158,0,0.2082,-0.2077,0.9558,0,0.0124,8.2397,-1.1488,1]},
{"frame":15,"values":[0.9783,0.0481,-0.2014,0,-0.0071,0.9798,0.1997,0,0.2069,-0.194,0.9589,0,0.0124,8.2397,-1.1488,1]},
{"frame":16,"values":[0.9788,0.0339,-0.202,0,0.0047,0.9822,0.1876,0,0.2048,-0.1846,0.9612,0,0.0124,8.2397,-1.1488,1]},
{"frame":17,"values":[0.9792,0.0248,-0.2013,0,0.0125,0.9832,0.1819,0,0.2024,-0.1807,0.9625,0,0.0124,8.2397,-1.1488,1]},
{"frame":18,"values":[0.9796,0.0224,-0.1995,0,0.015,0.9829,0.1837,0,0.2002,-0.183,0.9625,0,0.0124,8.2397,-1.1488,1]},
{"frame":19,"values":[0.9799,0.0253,-0.198,0,0.0132,0.9815,0.1911,0,0.1992,-0.1899,0.9614,0,0.0124,8.2397,-1.1488,1]},
{"frame":20,"values":[0.9797,0.0351,-0.1974,0,0.0056,0.9794,0.2017,0,0.2005,-0.1987,0.9593,0,0.0124,8.2397,-1.1488,1]},
{"frame":21,"values":[0.9791,0.0514,-0.197,0,-0.0082,0.9767,0.2143,0,0.2034,-0.2082,0.9567,0,0.0124,8.2397,-1.1488,1]},
{"frame":22,"values":[0.9781,0.0715,-0.1955,0,-0.025,0.9727,0.2305,0,0.2067,-0.2206,0.9532,0,0.0124,8.2397,-1.1488,1]},
{"frame":23,"values":[0.9768,0.0903,-0.1941,0,-0.0401,0.9678,0.2483,0,0.2103,-0.2348,0.949,0,0.0124,8.2397,-1.1488,1]},
{"frame":24,"values":[0.9755,0.1067,-0.1925,0,-0.0526,0.9623,0.2667,0,0.2137,-0.25,0.9444,0,0.0124,8.2397,-1.1488,1]},
{"frame":25,"values":[0.9751,0.1123,-0.1912,0,-0.0558,0.9588,0.2784,0,0.2145,-0.2608,0.9413,0,0.0124,8.2397,-1.1488,1]}],"loopBehavior":1,"name":"anim","property":"_matrix"}},
{"name":"Spine2","index":3,"matrix":[0.9653,0.1276,-0.228,0,-0.0696,0.9667,0.2463,0,0.2518,-0.2218,0.942,0,0.0142,9.4168,-1.313,1],"rest":[1,0,0,0,0,1,0,0,0,0,1,0,0.0142,9.4168,-1.313,1],"parentBoneIndex":2,"length":9.9132
,"animation":{"dataType":3,"framePerSecond":24,"keys":[
{"frame":1,"values":[0.9652,0.1288,-0.2276,0,-0.0705,0.9662,0.2481,0,0.2518,-0.2234,0.9416,0,0.0142,9.4168,-1.313,1]},
{"frame":2,"values":[0.9647,0.1307,-0.2287,0,-0.0709,0.965,0.2524,0,0.2537,-0.2273,0.9402,0,0.0142,9.4168,-1.313,1]},
{"frame":3,"values":[0.9649,0.1285,-0.2289,0,-0.0681,0.9646,0.2547,0,0.2535,-0.2302,0.9395,0,0.0142,9.4168,-1.313,1]},
{"frame":4,"values":[0.9653,0.1239,-0.2299,0,-0.0632,0.9649,0.2548,0,0.2534,-0.2314,0.9393,0,0.0142,9.4168,-1.313,1]},
{"frame":5,"values":[0.9657,0.1187,-0.2311,0,-0.058,0.9656,0.2536,0,0.2532,-0.2315,0.9393,0,0.0142,9.4168,-1.313,1]},
{"frame":6,"values":[0.9662,0.113,-0.2317,0,-0.0525,0.9663,0.2519,0,0.2524,-0.2312,0.9396,0,0.0142,9.4168,-1.313,1]},
{"frame":7,"values":[0.9669,0.1085,-0.231,0,-0.0484,0.9667,0.2515,0,0.2506,-0.232,0.9399,0,0.0142,9.4168,-1.313,1]},
{"frame":8,"values":[0.9675,0.1062,-0.2295,0,-0.0467,0.9669,0.2509,0,0.2486,-0.232,0.9404,0,0.0142,9.4168,-1.313,1]},
{"frame":9,"values":[0.9678,0.1062,-0.2282,0,-0.0473,0.9671,0.2498,0,0.2472,-0.231,0.941,0,0.0142,9.4168,-1.313,1]},
{"frame":10,"values":[0.9682,0.1057,-0.2267,0,-0.0481,0.9681,0.2461,0,0.2455,-0.2274,0.9424,0,0.0142,9.4168,-1.313,1]},
{"frame":11,"values":[0.9683,0.1026,-0.2276,0,-0.0471,0.9703,0.2371,0,0.2452,-0.2189,0.9444,0,0.0142,9.4168,-1.313,1]},
{"frame":12,"values":[0.9692,0.0939,-0.2278,0,-0.0419,0.9738,0.2234,0,0.2428,-0.207,0.9477,0,0.0142,9.4168,-1.313,1]},
{"frame":13,"values":[0.9705,0.0802,-0.2272,0,-0.0322,0.9777,0.2076,0,0.2388,-0.1942,0.9515,0,0.0142,9.4168,-1.313,1]},
{"frame":14,"values":[0.9718,0.0655,-0.2267,0,-0.0213,0.9812,0.1918,0,0.235,-0.1816,0.9549,0,0.0142,9.4168,-1.313,1]},
{"frame":15,"values":[0.9728,0.0495,-0.2263,0,-0.0087,0.984,0.1779,0,0.2314,-0.1711,0.9577,0,0.0142,9.4168,-1.313,1]},
{"frame":16,"values":[0.9739,0.0337,-0.2244,0,0.0047,0.9857,0.1682,0,0.2269,-0.1648,0.9599,0,0.0142,9.4168,-1.313,1]},
{"frame":17,"values":[0.9747,0.0242,-0.222,0,0.0129,0.9864,0.1641,0,0.223,-0.1628,0.9611,0,0.0142,9.4168,-1.313,1]},
{"frame":18,"values":[0.9753,0.0225,-0.2196,0,0.0147,0.986,0.1663,0,0.2203,-0.1655,0.9613,0,0.0142,9.4168,-1.313,1]},
{"frame":19,"values":[0.9755,0.0272,-0.2184,0,0.0113,0.9848,0.1733,0,0.2198,-0.1715,0.9603,0,0.0142,9.4168,-1.313,1]},
{"frame":20,"values":[0.9748,0.0387,-0.2196,0,0.002,0.9833,0.1822,0,0.223,-0.178,0.9584,0,0.0142,9.4168,-1.313,1]},
{"frame":21,"values":[0.9733,0.0565,-0.2223,0,-0.0132,0.9813,0.1918,0,0.229,-0.1838,0.9559,0,0.0142,9.4168,-1.313,1]},
{"frame":22,"values":[0.9712,0.0787,-0.2247,0,-0.0319,0.9783,0.2047,0,0.236,-0.1916,0.9527,0,0.0142,9.4168,-1.313,1]},
{"frame":23,"values":[0.9687,0.1002,-0.227,0,-0.0493,0.9744,0.2194,0,0.2432,-0.2013,0.9489,0,0.0142,9.4168,-1.313,1]},
{"frame":24,"values":[0.9662,0.1195,-0.2285,0,-0.0643,0.9698,0.2353,0,0.2497,-0.2126,0.9447,0,0.0142,9.4168,-1.313,1]},
{"frame":25,"values":[0.9653,0.1276,-0.228,0,-0.0696,0.9667,0.2463,0,0.2518,-0.2218,0.942,0,0.0142,9.4168,-1.313,1]}],"loopBehavior":1,"name":"anim","property":"_matrix"}},
{"name":"Neck","index":4,"matrix":[0.9928,0.0979,0.0686,0,-0.0894,0.9891,-0.1174,0,-0.0794,0.1104,0.9907,0,0.016,10.5938,-1.4771,1],"rest":[1,0,0,0,0,1,0,0,0,0,1,0,0.016,10.5938,-1.4771,1],"parentBoneIndex":3,"length":5.1073
,"animation":{"dataType":3,"framePerSecond":24,"keys":[
{"frame":1,"values":[0.9928,0.0979,0.0686,0,-0.0894,0.989,-0.1174,0,-0.0794,0.1104,0.9907,0,0.016,10.5938,-1.4771,1]},
{"frame":2,"values":[0.9932,0.0975,0.064,0,-0.0898,0.9894,-0.1138,0,-0.0744,0.1073,0.9914,0,0.016,10.5938,-1.4771,1]},
{"frame":3,"values":[0.9935,0.0971,0.0596,0,-0.0901,0.9898,-0.1101,0,-0.0697,0.1041,0.9921,0,0.016,10.5938,-1.4771,1]},
{"frame":4,"values":[0.9938,0.0968,0.0555,0,-0.0905,0.9902,-0.1067,0,-0.0653,0.101,0.9927,0,0.016,10.5938,-1.4771,1]},
{"frame":5,"values":[0.994,0.0965,0.052,0,-0.0908,0.9905,-0.1033,0,-0.0614,0.0979,0.9933,0,0.016,10.5938,-1.4771,1]},
{"frame":6,"values":[0.9941,0.0964,0.0492,0,-0.0911,0.9908,-0.0997,0,-0.0584,0.0946,0.9938,0,0.016,10.5938,-1.4771,1]},
{"frame":7,"values":[0.9942,0.0964,0.0486,0,-0.0913,0.9911,-0.0968,0,-0.0575,0.0918,0.9941,0,0.016,10.5938,-1.4771,1]},
{"frame":8,"values":[0.994,0.0964,0.0519,0,-0.0911,0.9912,-0.0959,0,-0.0607,0.0906,0.994,0,0.016,10.5938,-1.4771,1]},
{"frame":9,"values":[0.9938,0.0964,0.0558,0,-0.0907,0.9911,-0.0977,0,-0.0647,0.0921,0.9936,0,0.016,10.5938,-1.4771,1]},
{"frame":10,"values":[0.9935,0.0967,0.0602,0,-0.0903,0.9907,-0.1021,0,-0.0696,0.096,0.9929,0,0.016,10.5938,-1.4771,1]},
{"frame":11,"values":[0.9931,0.0972,0.0651,0,-0.0898,0.99,-0.1085,0,-0.075,0.1019,0.992,0,0.016,10.5938,-1.4771,1]},
{"frame":12,"values":[0.9927,0.0978,0.0705,0,-0.0894,0.9894,-0.1148,0,-0.081,0.1076,0.9909,0,0.016,10.5938,-1.4771,1]},
{"frame":13,"values":[0.9922,0.0985,0.0765,0,-0.089,0.9889,-0.1188,0,-0.0873,0.111,0.99,0,0.016,10.5938,-1.4771,1]},
{"frame":14,"values":[0.9917,0.0989,0.0826,0,-0.0886,0.9889,-0.1192,0,-0.0935,0.1109,0.9894,0,0.016,10.5938,-1.4771,1]},
{"frame":15,"values":[0.9911,0.099,0.0886,0,-0.0883,0.9891,-0.1179,0,-0.0993,0.109,0.9891,0,0.016,10.5938,-1.4771,1]},
{"frame":16,"values":[0.9906,0.099,0.0943,0,-0.0879,0.9895,-0.115,0,-0.1047,0.1057,0.9889,0,0.016,10.5938,-1.4771,1]},
{"frame":17,"values":[0.9902,0.0988,0.0992,0,-0.0876,0.9899,-0.1113,0,-0.1092,0.1015,0.9888,0,0.016,10.5938,-1.4771,1]},
{"frame":18,"values":[0.9898,0.0983,0.103,0,-0.0873,0.9904,-0.1069,0,-0.1126,0.0968,0.9889,0,0.016,10.5938,-1.4771,1]},
{"frame":19,"values":[0.9896,0.0978,0.1056,0,-0.087,0.9909,-0.1024,0,-0.1147,0.0921,0.9891,0,0.016,10.5938,-1.4771,1]},
{"frame":20,"values":[0.9898,0.0972,0.1041,0,-0.0871,0.9914,-0.0981,0,-0.1128,0.088,0.9897,0,0.016,10.5938,-1.4771,1]},
{"frame":21,"values":[0.9904,0.0968,0.099,0,-0.0874,0.9916,-0.0951,0,-0.1074,0.0855,0.9905,0,0.016,10.5938,-1.4771,1]},
{"frame":22,"values":[0.991,0.0969,0.092,0,-0.088,0.9915,-0.0963,0,-0.1006,0.0874,0.9911,0,0.016,10.5938,-1.4771,1]},
{"frame":23,"values":[0.9917,0.0973,0.0841,0,-0.0886,0.9908,-0.1018,0,-0.0932,0.0936,0.9912,0,0.016,10.5938,-1.4771,1]},
{"frame":24,"values":[0.9923,0.0977,0.0759,0,-0.0891,0.99,-0.1097,0,-0.0859,0.1021,0.9911,0,0.016,10.5938,-1.4771,1]},
{"frame":25,"values":[0.9928,0.0979,0.0686,0,-0.0894,0.9891,-0.1174,0,-0.0794,0.1104,0.9907,0,0.016,10.5938,-1.4771,1]}],"loopBehavior":1,"name":"anim","property":"_matrix"}},
{"name":"Head","index":5,"matrix":[0.9778,-0.1142,-0.1759,0,0.0851,0.9826,-0.1651,0,0.1917,0.1465,0.9705,0,0,5.0564,0.7196,1],"rest":[1,0,0,0,0,1,0,0,0,0,1,0,0,5.0564,0.7196,1],"parentBoneIndex":4,"length":15.2963
,"animation":{"dataType":3,"framePerSecond":24,"keys":[
{"frame":1,"values":[0.9778,-0.1142,-0.1759,0,0.0851,0.9826,-0.1651,0,0.1917,0.1465,0.9705,0,0,5.0564,0.7196,1]},
{"frame":2,"values":[0.976,-0.115,-0.185,0,0.0868,0.9843,-0.154,0,0.1998,0.1342,0.9706,0,0,5.0564,0.7196,1]},
{"frame":3,"values":[0.9757,-0.1114,-0.1889,0,0.0835,0.9852,-0.1499,0,0.2028,0.1305,0.9705,0,0,5.0564,0.7196,1]},
{"frame":4,"values":[0.976,-0.1056,-0.1906,0,0.0772,0.9855,-0.1508,0,0.2038,0.1324,0.97,0,0,5.0564,0.7196,1]},
{"frame":5,"values":[0.9762,-0.1007,-0.192,0,0.0713,0.9855,-0.154,0,0.2047,0.1367,0.9692,0,0,5.0564,0.7196,1]},
{"frame":6,"values":[0.9765,-0.1003,-0.191,0,0.0703,0.985,-0.1577,0,0.204,0.1406,0.9688,0,0,5.0564,0.7196,1]},
{"frame":7,"values":[0.9765,-0.1066,-0.1873,0,0.0764,0.9838,-0.1619,0,0.2015,0.1438,0.9689,0,0,5.0564,0.7196,1]},
{"frame":8,"values":[0.9764,-0.1176,-0.181,0,0.0872,0.982,-0.1678,0,0.1975,0.148,0.9691,0,0,5.0564,0.7196,1]},
{"frame":9,"values":[0.9761,-0.1298,-0.1741,0,0.0987,0.9793,-0.177,0,0.1934,0.1556,0.9687,0,0,5.0564,0.7196,1]},
{"frame":10,"values":[0.9763,-0.1381,-0.1664,0,0.1066,0.9769,-0.1852,0,0.1881,0.1631,0.9685,0,0,5.0564,0.7196,1]},
{"frame":11,"values":[0.9778,-0.1388,-0.1572,0,0.1077,0.9756,-0.1915,0,0.1799,0.1703,0.9688,0,0,5.0564,0.7196,1]},
{"frame":12,"values":[0.9807,-0.1315,-0.1448,0,0.1019,0.9754,-0.1955,0,0.167,0.177,0.9699,0,0,5.0564,0.7196,1]},
{"frame":13,"values":[0.9842,-0.118,-0.1316,0,0.0908,0.9763,-0.1964,0,0.1517,0.1814,0.9716,0,0,5.0564,0.7196,1]},
{"frame":14,"values":[0.9879,-0.1003,-0.1182,0,0.0757,0.9776,-0.1966,0,0.1353,0.1853,0.9733,0,0,5.0564,0.7196,1]},
{"frame":15,"values":[0.9911,-0.0814,-0.1054,0,0.0597,0.979,-0.1949,0,0.119,0.1868,0.9752,0,0,5.0564,0.7196,1]},
{"frame":16,"values":[0.9935,-0.0646,-0.0935,0,0.0458,0.9805,-0.191,0,0.104,0.1855,0.9771,0,0,5.0564,0.7196,1]},
{"frame":17,"values":[0.9951,-0.0519,-0.0839,0,0.0356,0.982,-0.1854,0,0.092,0.1815,0.9791,0,0,5.0564,0.7196,1]},
{"frame":18,"values":[0.9959,-0.0461,-0.0772,0,0.0316,0.9834,-0.1789,0,0.0842,0.1757,0.9808,0,0,5.0564,0.7196,1]},
{"frame":19,"values":[0.9962,-0.0477,-0.0726,0,0.0345,0.9843,-0.1732,0,0.0797,0.1701,0.9822,0,0,5.0564,0.7196,1]},
{"frame":20,"values":[0.9956,-0.0559,-0.075,0,0.0423,0.9841,-0.1726,0,0.0835,0.1687,0.9821,0,0,5.0564,0.7196,1]},
{"frame":21,"values":[0.994,-0.0685,-0.085,0,0.0525,0.9827,-0.1777,0,0.0957,0.1721,0.9804,0,0,5.0564,0.7196,1]},
{"frame":22,"values":[0.9912,-0.0834,-0.1032,0,0.0638,0.9815,-0.1806,0,0.1164,0.1725,0.9781,0,0,5.0564,0.7196,1]},
{"frame":23,"values":[0.987,-0.0976,-0.1278,0,0.074,0.9813,-0.1778,0,0.1428,0.1661,0.9757,0,0,5.0564,0.7196,1]},
{"frame":24,"values":[0.9819,-0.1079,-0.156,0,0.0812,0.9824,-0.1681,0,0.1713,0.1524,0.9734,0,0,5.0564,0.7196,1]},
{"frame":25,"values":[0.9778,-0.1142,-0.1759,0,0.0851,0.9826,-0.1651,0,0.1917,0.1465,0.9705,0,0,5.0564,0.7196,1]}],"loopBehavior":1,"name":"anim","property":"_matrix"}},
{"name":"HeadTop_End","index":6,"matrix":[1,0,0,0,0,1,0,0,0,0,1,0,0,15.1437,2.155,1],"rest":[1,0,0,0,0,1,0,0,0,0,1,0,0,15.1437,2.155,1],"parentBoneIndex":5,"length":15.2963
,"animation":{"dataType":3,"framePerSecond":24,"keys":[
{"frame":1,"values":[1,0,0,0,0,1,0,0,0,0,1,0,0,15.1437,2.155,1]},
{"frame":25,"values":[1,0,0,0,0,1,0,0,0,0,1,0,0,15.1437,2.155,1]}],"loopBehavior":1,"name":"anim","property":"_matrix"}},
{"name":"LeftShoulder","index":7,"matrix":[0.8892,-0.0582,0.4538,0,0.0741,0.9971,-0.0173,0,-0.4515,0.0491,0.8909,0,3.5285,8.7304,-1.4561,1],"rest":[1,-0.0017,0,0,0.0017,1,0,0,0,0,1,0,3.5285,8.7304,-1.4561,1],"parentBoneIndex":3,"length":7.9526
,"animation":{"dataType":3,"framePerSecond":24,"keys":[
{"frame":1,"values":[0.8896,-0.0518,0.4538,0,0.0671,0.9976,-0.0177,0,-0.4518,0.0462,0.8909,0,3.5285,8.7304,-1.4561,1]},
{"frame":2,"values":[0.9041,-0.0531,0.4241,0,0.07,0.9973,-0.0243,0,-0.4216,0.0516,0.9053,0,3.5285,8.7304,-1.4561,1]},
{"frame":3,"values":[0.9194,-0.0544,0.3896,0,0.0725,0.9969,-0.032,0,-0.3867,0.0577,0.9204,0,3.5285,8.7304,-1.4561,1]},
{"frame":4,"values":[0.9333,-0.0552,0.3549,0,0.0741,0.9964,-0.04,0,-0.3514,0.0636,0.9341,0,3.5285,8.7304,-1.4561,1]},
{"frame":5,"values":[0.9444,-0.0563,0.324,0,0.0755,0.996,-0.047,0,-0.3201,0.0689,0.9449,0,3.5285,8.7304,-1.4561,1]},
{"frame":6,"values":[0.9514,-0.0558,0.303,0,0.0749,0.9958,-0.0518,0,-0.2989,0.072,0.9516,0,3.5285,8.7304,-1.4561,1]},
{"frame":7,"values":[0.9535,-0.0557,0.2961,0,0.0747,0.9958,-0.0534,0,-0.2918,0.073,0.9537,0,3.5285,8.7304,-1.4561,1]},
{"frame":8,"values":[0.952,-0.0544,0.3013,0,0.0733,0.996,-0.0517,0,-0.2973,0.0713,0.9521,0,3.5285,8.7304,-1.4561,1]},
{"frame":9,"values":[0.9472,-0.0542,0.3161,0,0.0727,0.9962,-0.0473,0,-0.3123,0.0677,0.9476,0,3.5285,8.7304,-1.4561,1]},
{"frame":10,"values":[0.9392,-0.0541,0.339,0,0.0717,0.9966,-0.0398,0,-0.3357,0.0617,0.9399,0,3.5285,8.7304,-1.4561,1]},
{"frame":11,"values":[0.9291,-0.0541,0.3659,0,0.0704,0.997,-0.0312,0,-0.3631,0.0548,0.9301,0,3.5285,8.7304,-1.4561,1]},
{"frame":12,"values":[0.9168,-0.0543,0.3957,0,0.0685,0.9974,-0.0218,0,-0.3935,0.0471,0.9181,0,3.5285,8.7304,-1.4561,1]},
{"frame":13,"values":[0.9032,-0.0543,0.4258,0,0.0657,0.9978,-0.0121,0,-0.4242,0.0389,0.9047,0,3.5285,8.7304,-1.4561,1]},
{"frame":14,"values":[0.8885,-0.0542,0.4557,0,0.0622,0.9981,-0.0026,0,-0.4547,0.0306,0.8901,0,3.5285,8.7304,-1.4561,1]},
{"frame":15,"values":[0.8737,-0.0541,0.4835,0,0.0581,0.9983,0.0066,0,-0.4831,0.0223,0.8753,0,3.5285,8.7304,-1.4561,1]},
{"frame":16,"values":[0.8584,-0.0537,0.5102,0,0.0536,0.9985,0.0149,0,-0.5102,0.0146,0.8599,0,3.5285,8.7304,-1.4561,1]},
{"frame":17,"values":[0.8469,-0.0537,0.529,0,0.0493,0.9985,0.0225,0,-0.5294,0.0071,0.8483,0,3.5285,8.7304,-1.4561,1]},
{"frame":18,"values":[0.8366,-0.0536,0.5452,0,0.0453,0.9986,0.0288,0,-0.546,0.0006,0.8378,0,3.5285,8.7304,-1.4561,1]},
{"frame":19,"values":[0.8317,-0.0541,0.5526,0,0.0423,0.9985,0.0341,0,-0.5536,-0.005,0.8328,0,3.5285,8.7304,-1.4561,1]},
{"frame":20,"values":[0.8301,-0.0549,0.5548,0,0.0404,0.9984,0.0384,0,-0.5561,-0.0094,0.8311,0,3.5285,8.7304,-1.4561,1]},
{"frame":21,"values":[0.838,-0.0562,0.5428,0,0.0415,0.9984,0.0392,0,-0.5442,-0.0103,0.8389,0,3.5285,8.7304,-1.4561,1]},
{"frame":22,"values":[0.8487,-0.0559,0.5258,0,0.0469,0.9984,0.0304,0,-0.5267,-0.0012,0.85,0,3.5285,8.7304,-1.4561,1]},
{"frame":23,"values":[0.8626,-0.0636,0.5019,0,0.064,0.9978,0.0164,0,-0.5019,0.018,0.8647,0,3.5285,8.7304,-1.4561,1]},
{"frame":24,"values":[0.8775,-0.0608,0.4757,0,0.0698,0.9976,-0.0012,0,-0.4745,0.0342,0.8796,0,3.5285,8.7304,-1.4561,1]},
{"frame":25,"values":[0.8892,-0.0582,0.4538,0,0.0741,0.9971,-0.0173,0,-0.4515,0.0491,0.8909,0,3.5285,8.7304,-1.4561,1]}],"loopBehavior":1,"name":"anim","property":"_matrix"}},
{"name":"LeftArm","index":8,"matrix":[0.399,-0.267,0.8772,0,0.8721,0.406,-0.2731,0,-0.2832,0.874,0.3949,0,7.6132,-2.2982,0.0421,1],"rest":[0.9965,-0.0092,0.0835,0,0.0092,1,0.0007,0,-0.0835,0.0001,0.9965,0,7.6132,-2.2982,0.0421,1],"parentBoneIndex":7,"length":18.9821
,"animation":{"dataType":3,"framePerSecond":24,"keys":[
{"frame":1,"values":[0.3972,-0.267,0.878,0,0.8756,0.397,-0.2753,0,-0.2751,0.8781,0.3915,0,7.6132,-2.2982,0.0421,1]},
{"frame":2,"values":[0.3719,-0.2691,0.8884,0,0.8846,0.3929,-0.2512,0,-0.2814,0.8793,0.3842,0,7.6132,-2.2982,0.0421,1]},
{"frame":3,"values":[0.3497,-0.2676,0.8978,0,0.8904,0.3928,-0.2298,0,-0.2912,0.8798,0.3757,0,7.6132,-2.2982,0.0421,1]},
{"frame":4,"values":[0.3235,-0.2678,0.9075,0,0.8963,0.3941,-0.2032,0,-0.3033,0.8792,0.3676,0,7.6132,-2.2982,0.0421,1]},
{"frame":5,"values":[0.2984,-0.2688,0.9158,0,0.9011,0.3956,-0.1775,0,-0.3146,0.8782,0.3602,0,7.6132,-2.2982,0.0421,1]},
{"frame":6,"values":[0.2729,-0.2704,0.9233,0,0.9047,0.3985,-0.1507,0,-0.3272,0.8764,0.3534,0,7.6132,-2.2982,0.0421,1]},
{"frame":7,"values":[0.2648,-0.264,0.9275,0,0.9053,0.3992,-0.1449,0,-0.332,0.878,0.3447,0,7.6132,-2.2982,0.0421,1]},
{"frame":8,"values":[0.2716,-0.2522,0.9288,0,0.9031,0.4005,-0.1553,0,-0.3328,0.8809,0.3365,0,7.6132,-2.2982,0.0421,1]},
{"frame":9,"values":[0.2837,-0.2377,0.929,0,0.898,0.4057,-0.1704,0,-0.3364,0.8825,0.3285,0,7.6132,-2.2982,0.0421,1]},
{"frame":10,"values":[0.305,-0.2171,0.9273,0,0.8879,0.4171,-0.1943,0,-0.3446,0.8825,0.32,0,7.6132,-2.2982,0.0421,1]},
{"frame":11,"values":[0.323,-0.1972,0.9256,0,0.8772,0.4295,-0.2146,0,-0.3552,0.8813,0.3117,0,7.6132,-2.2982,0.0421,1]},
{"frame":12,"values":[0.3439,-0.1788,0.9218,0,0.8614,0.4507,-0.234,0,-0.3737,0.8746,0.309,0,7.6132,-2.2982,0.0421,1]},
{"frame":13,"values":[0.3697,-0.1584,0.9155,0,0.8428,0.472,-0.2587,0,-0.3912,0.8672,0.308,0,7.6132,-2.2982,0.0421,1]},
{"frame":14,"values":[0.3973,-0.1405,0.9069,0,0.8229,0.492,-0.2843,0,-0.4062,0.8592,0.3111,0,7.6132,-2.2982,0.0421,1]},
{"frame":15,"values":[0.418,-0.1322,0.8988,0,0.8067,0.509,-0.3003,0,-0.4178,0.8505,0.3194,0,7.6132,-2.2982,0.0421,1]},
{"frame":16,"values":[0.4429,-0.1257,0.8877,0,0.7924,0.5181,-0.322,0,-0.4195,0.846,0.3291,0,7.6132,-2.2982,0.0421,1]},
{"frame":17,"values":[0.4617,-0.1166,0.8793,0,0.7804,0.5247,-0.3402,0,-0.4217,0.8433,0.3333,0,7.6132,-2.2982,0.0421,1]},
{"frame":18,"values":[0.4798,-0.1098,0.8705,0,0.7713,0.5256,-0.3589,0,-0.4181,0.8436,0.3369,0,7.6132,-2.2982,0.0421,1]},
{"frame":19,"values":[0.4845,-0.1116,0.8676,0,0.7726,0.5198,-0.3645,0,-0.4103,0.8469,0.3381,0,7.6132,-2.2982,0.0421,1]},
{"frame":20,"values":[0.4791,-0.124,0.869,0,0.7821,0.5097,-0.3585,0,-0.3985,0.8514,0.3412,0,7.6132,-2.2982,0.0421,1]},
{"frame":21,"values":[0.4611,-0.1416,0.876,0,0.7993,0.4949,-0.3408,0,-0.3852,0.8573,0.3414,0,7.6132,-2.2982,0.0421,1]},
{"frame":22,"values":[0.4452,-0.1685,0.8794,0,0.8184,0.4752,-0.3233,0,-0.3634,0.8636,0.3495,0,7.6132,-2.2982,0.0421,1]},
{"frame":23,"values":[0.4315,-0.196,0.8805,0,0.8358,0.4541,-0.3085,0,-0.3393,0.8691,0.3598,0,7.6132,-2.2982,0.0421,1]},
{"frame":24,"values":[0.4078,-0.234,0.8826,0,0.8583,0.428,-0.2831,0,-0.3115,0.873,0.3754,0,7.6132,-2.2982,0.0421,1]},
{"frame":25,"values":[0.399,-0.267,0.8772,0,0.8721,0.406,-0.2731,0,-0.2832,0.874,0.3949,0,7.6132,-2.2982,0.0421,1]}],"loopBehavior":1,"name":"anim","property":"_matrix"}},
{"name":"LeftForeArm","index":9,"matrix":[0.3412,-0.0508,0.9386,0,0.8639,-0.3765,-0.3345,0,0.3704,0.925,-0.0846,0,18.9146,0.2055,-1.5856,1],"rest":[0.9964,0.0108,-0.0835,0,-0.0108,0.9999,0.0005,0,0.0835,0.0005,0.9965,0,18.9146,0.2055,-1.5856,1],"parentBoneIndex":8,"length":18.4362
,"animation":{"dataType":3,"framePerSecond":24,"keys":[
{"frame":1,"values":[0.3408,-0.0541,0.9386,0,0.8818,-0.3279,-0.3391,0,0.326,0.9432,-0.0641,0,18.9146,0.2055,-1.5856,1]},
{"frame":2,"values":[0.3613,-0.054,0.9309,0,0.865,-0.3534,-0.3563,0,0.3482,0.9339,-0.081,0,18.9146,0.2055,-1.5856,1]},
{"frame":3,"values":[0.3725,-0.056,0.9263,0,0.8443,-0.3939,-0.3634,0,0.3852,0.9175,-0.0995,0,18.9146,0.2055,-1.5856,1]},
{"frame":4,"values":[0.386,-0.0553,0.9208,0,0.8352,-0.4029,-0.3743,0,0.3917,0.9136,-0.1093,0,18.9146,0.2055,-1.5856,1]},
{"frame":5,"values":[0.4006,-0.0544,0.9147,0,0.8271,-0.408,-0.3865,0,0.3942,0.9114,-0.1184,0,18.9146,0.2055,-1.5856,1]},
{"frame":6,"values":[0.4202,-0.0428,0.9064,0,0.8346,-0.3739,-0.4046,0,0.3562,0.9265,-0.1214,0,18.9146,0.2055,-1.5856,1]},
{"frame":7,"values":[0.4425,-0.0467,0.8956,0,0.8179,-0.3884,-0.4244,0,0.3677,0.9203,-0.1336,0,18.9146,0.2055,-1.5856,1]},
{"frame":8,"values":[0.4574,-0.0558,0.8875,0,0.7981,-0.4145,-0.4374,0,0.3922,0.9084,-0.1451,0,18.9146,0.2055,-1.5856,1]},
{"frame":9,"values":[0.4713,-0.06,0.8799,0,0.7863,-0.4233,-0.45,0,0.3995,0.904,-0.1523,0,18.9146,0.2055,-1.5856,1]},
{"frame":10,"values":[0.4769,-0.0642,0.8766,0,0.7769,-0.4357,-0.4545,0,0.4112,0.8978,-0.1579,0,18.9146,0.2055,-1.5856,1]},
{"frame":11,"values":[0.4883,-0.0743,0.8695,0,0.7513,-0.471,-0.4622,0,0.4439,0.879,-0.1741,0,18.9146,0.2055,-1.5856,1]},
{"frame":12,"values":[0.482,-0.0694,0.8734,0,0.7588,-0.4653,-0.4557,0,0.438,0.8824,-0.1716,0,18.9146,0.2055,-1.5856,1]},
{"frame":13,"values":[0.4682,-0.0689,0.8809,0,0.7595,-0.4781,-0.441,0,0.4516,0.8756,-0.1715,0,18.9146,0.2055,-1.5856,1]},
{"frame":14,"values":[0.4458,-0.0691,0.8925,0,0.7635,-0.4912,-0.4194,0,0.4674,0.8683,-0.1662,0,18.9146,0.2055,-1.5856,1]},
{"frame":15,"values":[0.4265,-0.0618,0.9024,0,0.7838,-0.4725,-0.4029,0,0.4513,0.8791,-0.1531,0,18.9146,0.2055,-1.5856,1]},
{"frame":16,"values":[0.4092,-0.0651,0.9101,0,0.7845,-0.4842,-0.3874,0,0.4659,0.8725,-0.147,0,18.9146,0.2055,-1.5856,1]},
{"frame":17,"values":[0.3942,-0.0679,0.9165,0,0.7851,-0.4935,-0.3742,0,0.4777,0.8671,-0.1412,0,18.9146,0.2055,-1.5856,1]},
{"frame":18,"values":[0.3792,-0.0687,0.9228,0,0.7916,-0.4923,-0.362,0,0.4791,0.8677,-0.1323,0,18.9146,0.2055,-1.5856,1]},
{"frame":19,"values":[0.3756,-0.0654,0.9245,0,0.8046,-0.472,-0.3603,0,0.4599,0.8792,-0.1246,0,18.9146,0.2055,-1.5856,1]},
{"frame":20,"values":[0.3777,-0.0603,0.924,0,0.8186,-0.4445,-0.3637,0,0.4326,0.8937,-0.1185,0,18.9146,0.2055,-1.5856,1]},
{"frame":21,"values":[0.3776,-0.0556,0.9243,0,0.8304,-0.4214,-0.3646,0,0.4097,0.9052,-0.113,0,18.9146,0.2055,-1.5856,1]},
{"frame":22,"values":[0.3698,-0.0523,0.9277,0,0.8408,-0.406,-0.358,0,0.3953,0.9124,-0.1061,0,18.9146,0.2055,-1.5856,1]},
{"frame":23,"values":[0.3658,-0.0646,0.9284,0,0.8261,-0.437,-0.3559,0,0.4287,0.8972,-0.1065,0,18.9146,0.2055,-1.5856,1]},
{"frame":24,"values":[0.3596,-0.0551,0.9315,0,0.8589,-0.3705,-0.3535,0,0.3646,0.9272,-0.0859,0,18.9146,0.2055,-1.5856,1]},
{"frame":25,"values":[0.3412,-0.0508,0.9386,0,0.8639,-0.3765,-0.3345,0,0.3704,0.925,-0.0846,0,18.9146,0.2055,-1.5856,1]}],"loopBehavior":1,"name":"anim","property":"_matrix"}},
{"name":"LeftHand","index":10,"matrix":[0.9973,-0.0602,-0.0425,0,0.0325,0.8764,-0.4805,0,0.0661,0.4778,0.876,0,18.4362,0,0,1],"rest":[0.9824,-0.1864,-0.0127,0,0.1846,0.9789,-0.0878,0,0.0288,0.0839,0.9961,0,18.4362,0,0,1],"parentBoneIndex":9,"length":6.699
,"animation":{"dataType":3,"framePerSecond":24,"keys":[
{"frame":1,"values":[0.9972,-0.0639,-0.0384,0,0.0343,0.8509,-0.5242,0,0.0662,0.5214,0.8507,0,18.4362,0,0,1]},
{"frame":2,"values":[0.9956,-0.0807,-0.0467,0,0.0464,0.8633,-0.5025,0,0.0809,0.4981,0.8633,0,18.4362,0,0,1]},
{"frame":3,"values":[0.9954,-0.0804,-0.0515,0,0.047,0.8821,-0.4688,0,0.0831,0.4642,0.8818,0,18.4362,0,0,1]},
{"frame":4,"values":[0.995,-0.0827,-0.056,0,0.0476,0.886,-0.4613,0,0.0878,0.4563,0.8855,0,18.4362,0,0,1]},
{"frame":5,"values":[0.9943,-0.0876,-0.0615,0,0.0501,0.8884,-0.4563,0,0.0946,0.4506,0.8877,0,18.4362,0,0,1]},
{"frame":6,"values":[0.9924,-0.1028,-0.0671,0,0.0572,0.8711,-0.4878,0,0.1086,0.4803,0.8704,0,18.4362,0,0,1]},
{"frame":7,"values":[0.9898,-0.1238,-0.0702,0,0.0752,0.8738,-0.4805,0,0.1209,0.4703,0.8742,0,18.4362,0,0,1]},
{"frame":8,"values":[0.9873,-0.1429,-0.0699,0,0.0939,0.8781,-0.4692,0,0.1284,0.4566,0.8803,0,18.4362,0,0,1]},
{"frame":9,"values":[0.984,-0.1643,-0.0683,0,0.1125,0.8722,-0.476,0,0.1378,0.4607,0.8768,0,18.4362,0,0,1]},
{"frame":10,"values":[0.9824,-0.1762,-0.0619,0,0.1251,0.8669,-0.4825,0,0.1388,0.4663,0.8737,0,18.4362,0,0,1]},
{"frame":11,"values":[0.9791,-0.1935,-0.0622,0,0.144,0.8764,-0.4596,0,0.1435,0.4411,0.8859,0,18.4362,0,0,1]},
{"frame":12,"values":[0.9805,-0.189,-0.0535,0,0.1412,0.8676,-0.4769,0,0.1365,0.46,0.8774,0,18.4362,0,0,1]},
{"frame":13,"values":[0.9842,-0.1709,-0.0466,0,0.1287,0.8707,-0.4746,0,0.1217,0.4611,0.879,0,18.4362,0,0,1]},
{"frame":14,"values":[0.989,-0.1425,-0.0398,0,0.1074,0.8764,-0.4694,0,0.1018,0.4599,0.8821,0,18.4362,0,0,1]},
{"frame":15,"values":[0.9923,-0.1175,-0.039,0,0.0837,0.869,-0.4877,0,0.0912,0.4807,0.8721,0,18.4362,0,0,1]},
{"frame":16,"values":[0.9947,-0.0939,-0.0418,0,0.0629,0.8782,-0.4741,0,0.0812,0.469,0.8795,0,18.4362,0,0,1]},
{"frame":17,"values":[0.9967,-0.0693,-0.0415,0,0.0422,0.8848,-0.464,0,0.0689,0.4607,0.8849,0,18.4362,0,0,1]},
{"frame":18,"values":[0.9982,-0.0448,-0.0401,0,0.0211,0.8856,-0.464,0,0.0563,0.4623,0.8849,0,18.4362,0,0,1]},
{"frame":19,"values":[0.9983,-0.0353,-0.0459,0,0.0092,0.879,-0.4767,0,0.0571,0.4755,0.8779,0,18.4362,0,0,1]},
{"frame":20,"values":[0.9978,-0.0414,-0.051,0,0.0112,0.8725,-0.4885,0,0.0647,0.4869,0.8711,0,18.4362,0,0,1]},
{"frame":21,"values":[0.9975,-0.0509,-0.0498,0,0.0197,0.8695,-0.4936,0,0.0685,0.4914,0.8683,0,18.4362,0,0,1]},
{"frame":22,"values":[0.9975,-0.0558,-0.0437,0,0.027,0.8693,-0.4936,0,0.0656,0.4912,0.8686,0,18.4362,0,0,1]},
{"frame":23,"values":[0.9972,-0.0625,-0.04,0,0.0379,0.8924,-0.4497,0,0.0638,0.447,0.8923,0,18.4362,0,0,1]},
{"frame":24,"values":[0.9968,-0.0687,-0.0404,0,0.0397,0.8675,-0.4958,0,0.0691,0.4926,0.8675,0,18.4362,0,0,1]},
{"frame":25,"values":[0.9973,-0.0602,-0.0425,0,0.0325,0.8764,-0.4805,0,0.0661,0.4778,0.876,0,18.4362,0,0,1]}],"loopBehavior":1,"name":"anim","property":"_matrix"}},
{"name":"LeftHandThumb1","index":11,"matrix":[0.9735,0.0862,-0.2117,0,-0.0977,0.9942,-0.0444,0,0.2067,0.0639,0.9763,0,3.0862,-1.2837,1.4227,1],"rest":[0.9923,0.1154,-0.0442,0,-0.1172,0.9923,-0.0407,0,0.0392,0.0455,0.9982,0,3.0862,-1.2837,1.4227,1],"parentBoneIndex":10,"length":2.9063
,"animation":{"dataType":3,"framePerSecond":24,"keys":[
{"frame":1,"values":[0.9735,0.0862,-0.2117,0,-0.0977,0.9942,-0.0444,0,0.2067,0.0639,0.9763,0,3.0862,-1.2837,1.4227,1]},
{"frame":25,"values":[0.9735,0.0862,-0.2117,0,-0.0977,0.9942,-0.0444,0,0.2067,0.0639,0.9763,0,3.0862,-1.2837,1.4227,1]}],"loopBehavior":1,"name":"anim","property":"_matrix"}},
{"name":"LeftHandThumb2","index":12,"matrix":[0.9736,0.078,-0.2146,0,-0.0589,0.9939,0.0937,0,0.2206,-0.0785,0.9722,0,2.2512,-1.2997,1.2997,1],"rest":[1,0,0,0,0,1,0,0,0,0,1,0,2.2512,-1.2997,1.2997,1],"parentBoneIndex":11,"length":2.9053
,"animation":{"dataType":3,"framePerSecond":24,"keys":[
{"frame":1,"values":[0.9736,0.078,-0.2146,0,-0.0589,0.9939,0.0937,0,0.2206,-0.0785,0.9722,0,2.2512,-1.2997,1.2997,1]},
{"frame":25,"values":[0.9736,0.078,-0.2146,0,-0.0589,0.9939,0.0937,0,0.2206,-0.0785,0.9722,0,2.2512,-1.2997,1.2997,1]}],"loopBehavior":1,"name":"anim","property":"_matrix"}},
{"name":"LeftHandThumb3","index":13,"matrix":[0.945,0.0612,0.3214,0,0.0626,0.9304,-0.3612,0,-0.3211,0.3615,0.8753,0,2.2504,-1.2993,1.2993,1],"rest":[0.9996,-0.0265,-0.0043,0,0.0265,0.9995,0.0176,0,0.0038,-0.0177,0.9998,0,2.2504,-1.2993,1.2993,1],"parentBoneIndex":12,"length":2.0937
,"animation":{"dataType":3,"framePerSecond":24,"keys":[
{"frame":1,"values":[0.945,0.0612,0.3214,0,0.0626,0.9304,-0.3612,0,-0.3211,0.3615,0.8753,0,2.2504,-1.2993,1.2993,1]},
{"frame":25,"values":[0.945,0.0612,0.3214,0,0.0626,0.9304,-0.3612,0,-0.3211,0.3615,0.8753,0,2.2504,-1.2993,1.2993,1]}],"loopBehavior":1,"name":"anim","property":"_matrix"}},
{"name":"LeftHandThumb4","index":14,"matrix":[1,0,0,0,0,1,0,0,0,0,1,0,1.642,-0.8764,0.9589,1],"rest":[1,0,0,0,0,1,0,0,0,0,1,0,1.642,-0.8764,0.9589,1],"parentBoneIndex":13,"length":2.0937
,"animation":{"dataType":3,"framePerSecond":24,"keys":[
{"frame":1,"values":[1,0,0,0,0,1,0,0,0,0,1,0,1.642,-0.8764,0.9589,1]},
{"frame":25,"values":[1,0,0,0,0,1,0,0,0,0,1,0,1.642,-0.8764,0.9589,1]}],"loopBehavior":1,"name":"anim","property":"_matrix"}},
{"name":"LeftHandIndex1","index":15,"matrix":[0.9983,-0.0486,0.031,0,0.0427,0.985,0.1673,0,-0.0387,-0.1656,0.9854,0,7.464,1.013,1.9108,1],"rest":[0.9467,0.3125,0.078,0,-0.3129,0.9497,-0.0071,0,-0.0763,-0.0177,0.9969,0,7.464,1.013,1.9108,1],"parentBoneIndex":10,"length":3.1738
,"animation":{"dataType":3,"framePerSecond":24,"keys":[
{"frame":1,"values":[0.9983,-0.0486,0.031,0,0.0427,0.985,0.1673,0,-0.0387,-0.1656,0.9854,0,7.464,1.013,1.9108,1]},
{"frame":25,"values":[0.9983,-0.0486,0.031,0,0.0427,0.985,0.1673,0,-0.0387,-0.1656,0.9854,0,7.464,1.013,1.9108,1]}],"loopBehavior":1,"name":"anim","property":"_matrix"}},
{"name":"LeftHandIndex2","index":16,"matrix":[0.8701,-0.4866,-0.0787,0,0.4852,0.8736,-0.0372,0,0.0869,-0.0058,0.9962,0,3.142,-0.4199,-0.157,1],"rest":[0.9998,-0.0181,0.007,0,0.0181,0.9998,-0.0018,0,-0.007,0.0019,1,0,3.142,-0.4199,-0.157,1],"parentBoneIndex":15,"length":2.1038
,"animation":{"dataType":3,"framePerSecond":24,"keys":[
{"frame":1,"values":[0.8701,-0.4866,-0.0787,0,0.4852,0.8736,-0.0372,0,0.0869,-0.0058,0.9962,0,3.142,-0.4199,-0.157,1]},
{"frame":25,"values":[0.8701,-0.4866,-0.0787,0,0.4852,0.8736,-0.0372,0,0.0869,-0.0058,0.9962,0,3.142,-0.4199,-0.157,1]}],"loopBehavior":1,"name":"anim","property":"_matrix"}},
{"name":"LeftHandIndex3","index":17,"matrix":[0.8497,-0.5191,-0.0921,0,0.5172,0.8546,-0.0461,0,0.1026,-0.0084,0.9947,0,2.0866,-0.2403,-0.1191,1],"rest":[0.9985,-0.0544,-0.0084,0,0.0544,0.9985,-0.0024,0,0.0085,0.0019,1,0,2.0866,-0.2403,-0.1191,1],"parentBoneIndex":16,"length":1.9464
,"animation":{"dataType":3,"framePerSecond":24,"keys":[
{"frame":1,"values":[0.8497,-0.5191,-0.0921,0,0.5172,0.8546,-0.0461,0,0.1026,-0.0084,0.9947,0,2.0866,-0.2403,-0.1191,1]},
{"frame":25,"values":[0.8497,-0.5191,-0.0921,0,0.5172,0.8546,-0.0461,0,0.1026,-0.0084,0.9947,0,2.0866,-0.2403,-0.1191,1]}],"loopBehavior":1,"name":"anim","property":"_matrix"}},
{"name":"LeftHandIndex4","index":18,"matrix":[1,0,0,0,0,1,0,0,0,0,1,0,1.9406,-0.1168,-0.0942,1],"rest":[1,0,0,0,0,1,0,0,0,0,1,0,1.9406,-0.1168,-0.0942,1],"parentBoneIndex":17,"length":1.9464
,"animation":{"dataType":3,"framePerSecond":24,"keys":[
{"frame":1,"values":[1,0,0,0,0,1,0,0,0,0,1,0,1.9406,-0.1168,-0.0942,1]},
{"frame":25,"values":[1,0,0,0,0,1,0,0,0,0,1,0,1.9406,-0.1168,-0.0942,1]}],"loopBehavior":1,"name":"anim","property":"_matrix"}},
{"name":"LeftHandMiddle1","index":19,"matrix":[0.9954,0.0065,0.0952,0,-0.0233,0.984,0.1765,0,-0.0925,-0.1779,0.9797,0,7.4859,1.4067,0.2197,1],"rest":[0.92,0.3717,0.1241,0,-0.3732,0.9277,-0.0117,0,-0.1194,-0.0356,0.9922,0,7.4859,1.4067,0.2197,1],"parentBoneIndex":10,"length":3.6612
,"animation":{"dataType":3,"framePerSecond":24,"keys":[
{"frame":1,"values":[0.9954,0.0065,0.0952,0,-0.0233,0.984,0.1765,0,-0.0925,-0.1779,0.9797,0,7.4859,1.4067,0.2197,1]},
{"frame":25,"values":[0.9954,0.0065,0.0952,0,-0.0233,0.984,0.1765,0,-0.0925,-0.1779,0.9797,0,7.4859,1.4067,0.2197,1]}],"loopBehavior":1,"name":"anim","property":"_matrix"}},
{"name":"LeftHandMiddle2","index":20,"matrix":[0.6855,-0.7052,-0.1812,0,0.7035,0.7056,-0.0849,0,0.1877,-0.0693,0.9798,0,3.5734,-0.7167,-0.3489,1],"rest":[0.9979,0.0003,-0.065,0,0.0005,0.9999,0.013,0,0.065,-0.013,0.9978,0,3.5734,-0.7167,-0.3489,1],"parentBoneIndex":19,"length":2.307
,"animation":{"dataType":3,"framePerSecond":24,"keys":[
{"frame":1,"values":[0.6855,-0.7052,-0.1812,0,0.7035,0.7056,-0.0849,0,0.1877,-0.0693,0.9798,0,3.5734,-0.7167,-0.3489,1]},
{"frame":3,"values":[0.6855,-0.7052,-0.1812,0,0.7035,0.7056,-0.0849,0,0.1877,-0.0692,0.9798,0,3.5734,-0.7167,-0.3489,1]},
