{"producer":{"name":"Blender","version":"2.90.0","exporter_version":"2.80.1","file":"walk.babylon"},
"autoClear":true,"clearColor":[0.0509,0.0509,0.0509],"gravity":[0,-9.81,0],
"materials":[{"name":"Material","id":"Material","customType":"BABYLON.PBRMaterial","backFaceCulling":true,"checkReadyOnlyOnce":false,"maxSimultaneousLights":4,"environmentIntensity":1,"albedo":[0.8,0.8,0.8],"reflectivity":[0.5,0.5,0.5],"roughness":0.4,"alpha":1,"transparencyMode":0,"alphaCutOff":0.4,"metallic":0}],
"multiMaterials":[],
"skeletons":[{"name":"Armature","id":0,"dimensionsAtRest":[128.1663,151.4482,19.1351],"bones":[
{"name":"Hips","index":0,"matrix":[0.9995,-0.0252,-0.0207,0,0.0262,0.9985,0.0489,0,-0.0195,0.0495,-0.9986,0,-3.0847,78.5147,-1.1001,1],"rest":[1,0,0,0,0,1,0,0,0,0,-1,0,0,81.0629,0,1],"parentBoneIndex":-1,"length":7.701
,"animation":{"dataType":3,"framePerSecond":24,"keys":[
{"frame":1,"values":[0.9995,-0.0252,-0.0207,0,0.0262,0.9985,0.0489,0,-0.0195,0.0495,-0.9986,0,-3.0848,78.515,-1.1,1]},
{"frame":2,"values":[0.9996,-0.0227,-0.015,0,0.0232,0.9991,0.0362,0,-0.0141,0.0365,-0.9992,0,-2.8191,78.7118,-0.9637,1]},
{"frame":3,"values":[0.9996,-0.0219,-0.0153,0,0.0223,0.9994,0.0277,0,-0.0147,0.0281,-0.9995,0,-2.4079,78.2818,-0.8686,1]},
{"frame":4,"values":[0.9987,-0.0452,-0.024,0,0.0458,0.9986,0.0248,0,-0.0228,0.0259,-0.9994,0,-1.9228,76.8032,-1.4284,1]},
{"frame":5,"values":[0.998,-0.0536,-0.0347,0,0.0545,0.9982,0.024,0,-0.0333,0.0259,-0.9991,0,-1.5298,75.7273,-1.9997,1]},
{"frame":6,"values":[0.9981,-0.0443,-0.0427,0,0.0454,0.9986,0.0255,0,-0.0415,0.0274,-0.9988,0,-1.0746,75.1442,-2.5283,1]},
{"frame":7,"values":[0.9988,-0.0234,-0.0436,0,0.0246,0.9993,0.0271,0,-0.0429,0.0282,-0.9987,0,-0.5455,74.9419,-3.2603,1]},
{"frame":8,"values":[0.9993,0.0185,-0.033,0,-0.0176,0.9995,0.0276,0,-0.0334,0.027,-0.9991,0,-0.1429,75.1905,-3.7569,1]},
{"frame":9,"values":[0.9979,0.0634,-0.0161,0,-0.0626,0.9969,0.0476,0,-0.019,0.0465,-0.9987,0,0.226,75.2238,-4.1294,1]},
{"frame":10,"values":[0.9954,0.0956,-0.0115,0,-0.0945,0.9928,0.0738,0,-0.0184,0.0724,-0.9972,0,0.6256,75.215,-4.3574,1]},
{"frame":11,"values":[0.9934,0.1112,-0.027,0,-0.109,0.9913,0.0734,0,-0.0349,0.0699,-0.9969,0,0.9105,75.5843,-4.4171,1]},
{"frame":12,"values":[0.9927,0.1125,-0.0435,0,-0.1097,0.9921,0.0607,0,-0.05,0.0555,-0.9972,0,0.9659,76.3401,-4.3913,1]},
{"frame":13,"values":[0.9941,0.0997,-0.0422,0,-0.0973,0.9937,0.056,0,-0.0475,0.0516,-0.9975,0,0.8943,77.1832,-4.1653,1]},
{"frame":14,"values":[0.9962,0.0825,-0.027,0,-0.0809,0.9951,0.0567,0,-0.0315,0.0544,-0.998,0,0.7799,77.9654,-3.7387,1]},
{"frame":15,"values":[0.9973,0.0724,-0.0092,0,-0.0719,0.9962,0.0486,0,-0.0127,0.0478,-0.9988,0,0.643,78.4097,-3.096,1]},
{"frame":16,"values":[0.9974,0.0715,0.0056,0,-0.0716,0.9968,0.0355,0,0.003,0.0359,-0.9994,0,0.4769,78.23,-2.5033,1]},
{"frame":17,"values":[0.9966,0.0798,0.0181,0,-0.0803,0.9963,0.0318,0,0.0155,0.0332,-0.9993,0,0.2745,77.5276,-2.2935,1]},
{"frame":18,"values":[0.9942,0.1027,0.0306,0,-0.1037,0.994,0.0348,0,0.0268,0.0378,-0.9989,0,-0.0178,76.3043,-2.5708,1]},
{"frame":19,"values":[0.9932,0.1104,0.0368,0,-0.1116,0.9932,0.0341,0,0.0328,0.038,-0.9987,0,-0.3148,75.4969,-2.6323,1]},
{"frame":20,"values":[0.9938,0.1052,0.0368,0,-0.1066,0.9935,0.0387,0,0.0325,0.0424,-0.9986,0,-0.6357,74.9491,-2.7341,1]},
{"frame":21,"values":[0.996,0.0845,0.0299,0,-0.0857,0.9954,0.0424,0,0.0262,0.0447,-0.9987,0,-1.1397,74.8671,-3.3476,1]},
{"frame":22,"values":[0.9988,0.0472,0.0107,0,-0.0475,0.9981,0.0392,0,0.0089,0.0397,-0.9992,0,-1.6643,75.1615,-3.8379,1]},
{"frame":23,"values":[0.9997,0.0087,-0.0229,0,-0.0076,0.9989,0.0463,0,-0.0233,0.0462,-0.9987,0,-1.98,75.1388,-4.0172,1]},
{"frame":24,"values":[0.9982,-0.0245,-0.0546,0,0.0276,0.998,0.0569,0,-0.0531,0.0583,-0.9969,0,-2.3181,75.2033,-3.9885,1]},
{"frame":25,"values":[0.9972,-0.0402,-0.0637,0,0.0435,0.9978,0.051,0,-0.0615,0.0536,-0.9967,0,-2.7047,75.6434,-3.6541,1]},
{"frame":26,"values":[0.9978,-0.0405,-0.0527,0,0.0428,0.9982,0.0421,0,-0.0509,0.0442,-0.9977,0,-2.9684,76.421,-3.1741,1]},
{"frame":27,"values":[0.9986,-0.0368,-0.0392,0,0.0387,0.9981,0.0487,0,-0.0373,0.0502,-0.998,0,-3.1363,77.2344,-2.6338,1]},
{"frame":28,"values":[0.9991,-0.0292,-0.0293,0,0.0309,0.9979,0.0578,0,-0.0276,0.0586,-0.9979,0,-3.2097,78.0369,-1.9615,1]},
{"frame":29,"values":[0.9995,-0.0252,-0.0207,0,0.0262,0.9985,0.0489,0,-0.0195,0.0495,-0.9986,0,-3.0847,78.5147,-1.1001,1]}],"loopBehavior":1,"name":"anim","property":"_matrix"}},
{"name":"Spine","index":1,"matrix":[0.9984,0.0353,-0.0447,0,-0.0348,0.9993,0.0108,0,0.045,-0.0092,0.9989,0,0.009,7.0626,-0.9847,1],"rest":[1,0,0,0,0,1,0,0,0,0,1,0,0.009,7.0626,-0.9847,1],"parentBoneIndex":0,"length":8.3194
,"animation":{"dataType":3,"framePerSecond":24,"keys":[
{"frame":1,"values":[0.9984,0.0353,-0.0447,0,-0.0348,0.9993,0.0108,0,0.045,-0.0092,0.9989,0,0.009,7.0626,-0.9847,1]},
{"frame":2,"values":[0.9974,0.0445,-0.0572,0,-0.0442,0.999,0.0062,0,0.0574,-0.0036,0.9983,0,0.009,7.0626,-0.9847,1]},
{"frame":3,"values":[0.9962,0.0537,-0.0689,0,-0.0538,0.9985,-0.0002,0,0.0688,0.004,0.9976,0,0.009,7.0626,-0.9847,1]},
{"frame":4,"values":[0.9943,0.0708,-0.0799,0,-0.0716,0.9974,-0.0073,0,0.0792,0.013,0.9968,0,0.009,7.0626,-0.9847,1]},
{"frame":5,"values":[0.993,0.0822,-0.0853,0,-0.0836,0.9964,-0.0128,0,0.0839,0.0199,0.9963,0,0.009,7.0626,-0.9847,1]},
{"frame":6,"values":[0.9936,0.0761,-0.0829,0,-0.0777,0.9969,-0.0156,0,0.0815,0.0219,0.9964,0,0.009,7.0626,-0.9847,1]},
{"frame":7,"values":[0.9959,0.0515,-0.0742,0,-0.0525,0.9985,-0.0128,0,0.0735,0.0166,0.9972,0,0.009,7.0626,-0.9847,1]},
{"frame":8,"values":[0.9978,0.0171,-0.064,0,-0.0174,0.9998,-0.0046,0,0.0639,0.0057,0.9979,0,0.009,7.0626,-0.9847,1]},
{"frame":9,"values":[0.9983,-0.0181,-0.0562,0,0.0185,0.9998,0.0057,0,0.0561,-0.0067,0.9984,0,0.009,7.0626,-0.9847,1]},
{"frame":10,"values":[0.9975,-0.0466,-0.0524,0,0.0473,0.9988,0.0119,0,0.0518,-0.0143,0.9986,0,0.009,7.0626,-0.9847,1]},
{"frame":11,"values":[0.9972,-0.0581,-0.0466,0,0.0588,0.9982,0.0127,0,0.0458,-0.0154,0.9988,0,0.009,7.0626,-0.9847,1]},
{"frame":12,"values":[0.9978,-0.0561,-0.0355,0,0.0565,0.9983,0.0115,0,0.0348,-0.0135,0.9993,0,0.009,7.0626,-0.9847,1]},
{"frame":13,"values":[0.9987,-0.048,-0.0194,0,0.0482,0.9988,0.0119,0,0.0188,-0.0129,0.9997,0,0.009,7.0626,-0.9847,1]},
{"frame":14,"values":[0.9993,-0.0386,-0.0006,0,0.0386,0.9992,0.014,0,0.0001,-0.014,0.9999,0,0.009,7.0626,-0.9847,1]},
{"frame":15,"values":[0.9992,-0.036,0.0176,0,0.0357,0.9993,0.0137,0,-0.0181,-0.013,0.9998,0,0.009,7.0626,-0.9847,1]},
{"frame":16,"values":[0.9985,-0.0433,0.0321,0,0.043,0.999,0.0087,0,-0.0325,-0.0073,0.9994,0,0.009,7.0626,-0.9847,1]},
{"frame":17,"values":[0.9974,-0.0585,0.0427,0,0.0585,0.9983,0.0009,0,-0.0427,0.0016,0.9991,0,0.009,7.0626,-0.9847,1]},
{"frame":18,"values":[0.9955,-0.0801,0.051,0,0.0804,0.9967,-0.0053,0,-0.0504,0.0094,0.9987,0,0.009,7.0626,-0.9847,1]},
{"frame":19,"values":[0.9946,-0.0882,0.0545,0,0.0887,0.996,-0.007,0,-0.0537,0.0118,0.9985,0,0.009,7.0626,-0.9847,1]},
{"frame":20,"values":[0.9956,-0.0766,0.0539,0,0.077,0.997,-0.0051,0,-0.0533,0.0093,0.9985,0,0.009,7.0626,-0.9847,1]},
{"frame":21,"values":[0.9973,-0.0534,0.0501,0,0.0536,0.9986,-0.0012,0,-0.05,0.0039,0.9987,0,0.009,7.0626,-0.9847,1]},
{"frame":22,"values":[0.9988,-0.0239,0.0434,0,0.0238,0.9997,0.0033,0,-0.0435,-0.0022,0.9991,0,0.009,7.0626,-0.9847,1]},
{"frame":23,"values":[0.9994,0.0046,0.0341,0,-0.0049,1,0.0072,0,-0.0341,-0.0074,0.9994,0,0.009,7.0626,-0.9847,1]},
{"frame":24,"values":[0.9993,0.028,0.0247,0,-0.0282,0.9996,0.0082,0,-0.0245,-0.0089,0.9997,0,0.009,7.0626,-0.9847,1]},
{"frame":25,"values":[0.9992,0.038,0.0131,0,-0.0381,0.9992,0.0072,0,-0.0128,-0.0077,0.9999,0,0.009,7.0626,-0.9847,1]},
{"frame":26,"values":[0.9993,0.0377,-0.0012,0,-0.0377,0.9993,0.0069,0,0.0015,-0.0068,1,0,0.009,7.0626,-0.9847,1]},
{"frame":27,"values":[0.9993,0.0351,-0.016,0,-0.035,0.9993,0.0089,0,0.0163,-0.0083,0.9998,0,0.009,7.0626,-0.9847,1]},
{"frame":28,"values":[0.999,0.0324,-0.0309,0,-0.032,0.9994,0.0117,0,0.0312,-0.0107,0.9995,0,0.009,7.0626,-0.9847,1]},
{"frame":29,"values":[0.9984,0.0353,-0.0447,0,-0.0348,0.9993,0.0108,0,0.045,-0.0092,0.9989,0,0.009,7.0626,-0.9847,1]}],"loopBehavior":1,"name":"anim","property":"_matrix"}},
{"name":"Spine1","index":2,"matrix":[0.9994,0.0168,-0.0307,0,-0.0167,0.9999,0.0044,0,0.0308,-0.0039,0.9995,0,0.0124,8.2397,-1.1488,1],"rest":[1,0,0,0,0,1,0,0,0,0,1,0,0.0124,8.2397,-1.1488,1],"parentBoneIndex":1,"length":9.5079
,"animation":{"dataType":3,"framePerSecond":24,"keys":[
{"frame":1,"values":[0.9994,0.0168,-0.0307,0,-0.0167,0.9999,0.0044,0,0.0308,-0.0039,0.9995,0,0.0124,8.2397,-1.1488,1]},
{"frame":2,"values":[0.999,0.0187,-0.0407,0,-0.0187,0.9998,0.0003,0,0.0407,0.0004,0.9992,0,0.0124,8.2397,-1.1488,1]},
{"frame":3,"values":[0.9985,0.0214,-0.0502,0,-0.0218,0.9997,-0.0061,0,0.0501,0.0071,0.9987,0,0.0124,8.2397,-1.1488,1]},
{"frame":4,"values":[0.9981,0.0248,-0.0572,0,-0.0256,0.9996,-0.0139,0,0.0568,0.0153,0.9983,0,0.0124,8.2397,-1.1488,1]},
{"frame":5,"values":[0.9978,0.0268,-0.0602,0,-0.028,0.9994,-0.0202,0,0.0596,0.0218,0.998,0,0.0124,8.2397,-1.1488,1]},
{"frame":6,"values":[0.9979,0.0257,-0.0593,0,-0.027,0.9994,-0.0225,0,0.0587,0.024,0.998,0,0.0124,8.2397,-1.1488,1]},
{"frame":7,"values":[0.9983,0.0193,-0.0552,0,-0.0204,0.9996,-0.0184,0,0.0548,0.0195,0.9983,0,0.0124,8.2397,-1.1488,1]},
{"frame":8,"values":[0.9988,0.0099,-0.0487,0,-0.0104,0.9999,-0.0098,0,0.0486,0.0103,0.9988,0,0.0124,8.2397,-1.1488,1]},
{"frame":9,"values":[0.9991,0.0003,-0.042,0,-0.0003,1,0.0001,0,0.042,-0.0001,0.9991,0,0.0124,8.2397,-1.1488,1]},
{"frame":10,"values":[0.9993,-0.0066,-0.0369,0,0.0068,1,0.0059,0,0.0368,-0.0062,0.9993,0,0.0124,8.2397,-1.1488,1]},
{"frame":11,"values":[0.9994,-0.0099,-0.0323,0,0.0101,0.9999,0.0067,0,0.0323,-0.007,0.9995,0,0.0124,8.2397,-1.1488,1]},
{"frame":12,"values":[0.9996,-0.01,-0.0252,0,0.0102,0.9999,0.0053,0,0.0251,-0.0055,0.9997,0,0.0124,8.2397,-1.1488,1]},
{"frame":13,"values":[0.9999,-0.0077,-0.0134,0,0.0077,1,0.0054,0,0.0134,-0.0055,0.9999,0,0.0124,8.2397,-1.1488,1]},
{"frame":14,"values":[1,-0.0048,0.0011,0,0.0048,1,0.0073,0,-0.0011,-0.0073,1,0,0.0124,8.2397,-1.1488,1]},
{"frame":15,"values":[0.9999,-0.004,0.0143,0,0.0039,1,0.0072,0,-0.0143,-0.0071,0.9999,0,0.0124,8.2397,-1.1488,1]},
{"frame":16,"values":[0.9997,-0.0071,0.0234,0,0.007,1,0.0022,0,-0.0235,-0.002,0.9997,0,0.0124,8.2397,-1.1488,1]},
{"frame":17,"values":[0.9995,-0.014,0.0283,0,0.0142,0.9999,-0.0064,0,-0.0282,0.0068,0.9996,0,0.0124,8.2397,-1.1488,1]},
{"frame":18,"values":[0.9993,-0.0217,0.031,0,0.0222,0.9997,-0.014,0,-0.0307,0.0147,0.9994,0,0.0124,8.2397,-1.1488,1]},
{"frame":19,"values":[0.9991,-0.0258,0.0332,0,0.0264,0.9995,-0.0168,0,-0.0327,0.0176,0.9993,0,0.0124,8.2397,-1.1488,1]},
{"frame":20,"values":[0.9991,-0.0241,0.0351,0,0.0246,0.9996,-0.015,0,-0.0348,0.0159,0.9993,0,0.0124,8.2397,-1.1488,1]},
{"frame":21,"values":[0.9992,-0.0164,0.0355,0,0.0167,0.9998,-0.0106,0,-0.0353,0.0111,0.9993,0,0.0124,8.2397,-1.1488,1]},
{"frame":22,"values":[0.9995,-0.0056,0.0326,0,0.0058,1,-0.0055,0,-0.0326,0.0057,0.9995,0,0.0124,8.2397,-1.1488,1]},
{"frame":23,"values":[0.9996,0.0052,0.0263,0,-0.0051,1,-0.0012,0,-0.0263,0.0011,0.9997,0,0.0124,8.2397,-1.1488,1]},
{"frame":24,"values":[0.9998,0.0125,0.018,0,-0.0125,0.9999,0.0001,0,-0.018,-0.0003,0.9998,0,0.0124,8.2397,-1.1488,1]},
{"frame":25,"values":[0.9998,0.0157,0.0087,0,-0.0157,0.9999,-0.0005,0,-0.0087,0.0004,1,0,0.0124,8.2397,-1.1488,1]},
{"frame":26,"values":[0.9999,0.0158,-0.001,0,-0.0158,0.9999,-0.0006,0,0.001,0.0006,1,0,0.0124,8.2397,-1.1488,1]},
{"frame":27,"values":[0.9998,0.0153,-0.0109,0,-0.0153,0.9999,0.0014,0,0.011,-0.0012,0.9999,0,0.0124,8.2397,-1.1488,1]},
{"frame":28,"values":[0.9997,0.0156,-0.0208,0,-0.0155,0.9999,0.0046,0,0.0209,-0.0043,0.9998,0,0.0124,8.2397,-1.1488,1]},
{"frame":29,"values":[0.9994,0.0168,-0.0307,0,-0.0167,0.9999,0.0044,0,0.0308,-0.0039,0.9995,0,0.0124,8.2397,-1.1488,1]}],"loopBehavior":1,"name":"anim","property":"_matrix"}},
{"name":"Spine2","index":3,"matrix":[0.9994,0.0165,-0.0312,0,-0.0164,0.9999,0.0045,0,0.0313,-0.004,0.9995,0,0.0142,9.4168,-1.313,1],"rest":[1,0,0,0,0,1,0,0,0,0,1,0,0.0142,9.4168,-1.313,1],"parentBoneIndex":2,"length":9.9132
,"animation":{"dataType":3,"framePerSecond":24,"keys":[
{"frame":1,"values":[0.9994,0.0165,-0.0312,0,-0.0164,0.9999,0.0045,0,0.0313,-0.004,0.9995,0,0.0142,9.4168,-1.313,1]},
{"frame":2,"values":[0.999,0.0182,-0.0412,0,-0.0182,0.9998,0.0003,0,0.0412,0.0004,0.9992,0,0.0142,9.4168,-1.313,1]},
{"frame":3,"values":[0.9985,0.0205,-0.0506,0,-0.0208,0.9998,-0.0063,0,0.0505,0.0073,0.9987,0,0.0142,9.4168,-1.313,1]},
{"frame":4,"values":[0.9981,0.0233,-0.0577,0,-0.0242,0.9996,-0.0144,0,0.0573,0.0157,0.9982,0,0.0142,9.4168,-1.313,1]},
{"frame":5,"values":[0.9978,0.025,-0.0607,0,-0.0263,0.9994,-0.0208,0,0.0602,0.0223,0.9979,0,0.0142,9.4168,-1.313,1]},
{"frame":6,"values":[0.9979,0.0239,-0.0599,0,-0.0253,0.9994,-0.023,0,0.0593,0.0245,0.9979,0,0.0142,9.4168,-1.313,1]},
{"frame":7,"values":[0.9983,0.018,-0.0555,0,-0.0191,0.9996,-0.0188,0,0.0552,0.0198,0.9983,0,0.0142,9.4168,-1.313,1]},
{"frame":8,"values":[0.9988,0.009,-0.0488,0,-0.0095,0.9999,-0.0099,0,0.0487,0.0103,0.9988,0,0.0142,9.4168,-1.313,1]},
{"frame":9,"values":[0.9991,-0.0002,-0.042,0,0.0002,1,0.0002,0,0.042,-0.0002,0.9991,0,0.0142,9.4168,-1.313,1]},
{"frame":10,"values":[0.9993,-0.0069,-0.0367,0,0.0072,1,0.0061,0,0.0367,-0.0064,0.9993,0,0.0142,9.4168,-1.313,1]},
{"frame":11,"values":[0.9994,-0.0102,-0.0322,0,0.0105,0.9999,0.0068,0,0.0321,-0.0072,0.9995,0,0.0142,9.4168,-1.313,1]},
{"frame":12,"values":[0.9996,-0.0103,-0.025,0,0.0105,0.9999,0.0054,0,0.025,-0.0056,0.9997,0,0.0142,9.4168,-1.313,1]},
{"frame":13,"values":[0.9999,-0.0078,-0.0132,0,0.0079,1,0.0055,0,0.0132,-0.0056,0.9999,0,0.0142,9.4168,-1.313,1]},
{"frame":14,"values":[1,-0.0048,0.0012,0,0.0048,1,0.0073,0,-0.0013,-0.0073,1,0,0.0142,9.4168,-1.313,1]},
{"frame":15,"values":[0.9999,-0.0039,0.0144,0,0.0038,1,0.007,0,-0.0144,-0.0069,0.9999,0,0.0142,9.4168,-1.313,1]},
{"frame":16,"values":[0.9997,-0.0067,0.0236,0,0.0067,1,0.0018,0,-0.0236,-0.0016,0.9997,0,0.0142,9.4168,-1.313,1]},
{"frame":17,"values":[0.9995,-0.0134,0.0285,0,0.0136,0.9999,-0.007,0,-0.0284,0.0074,0.9996,0,0.0142,9.4168,-1.313,1]},
{"frame":18,"values":[0.9993,-0.0208,0.0314,0,0.0213,0.9997,-0.0148,0,-0.0311,0.0155,0.9994,0,0.0142,9.4168,-1.313,1]},
{"frame":19,"values":[0.9991,-0.0247,0.0338,0,0.0253,0.9995,-0.0177,0,-0.0333,0.0185,0.9993,0,0.0142,9.4168,-1.313,1]},
{"frame":20,"values":[0.9991,-0.0229,0.0357,0,0.0235,0.9996,-0.016,0,-0.0354,0.0168,0.9992,0,0.0142,9.4168,-1.313,1]},
{"frame":21,"values":[0.9992,-0.0153,0.0359,0,0.0158,0.9998,-0.0114,0,-0.0357,0.012,0.9993,0,0.0142,9.4168,-1.313,1]},
{"frame":22,"values":[0.9995,-0.0048,0.0327,0,0.005,1,-0.0062,0,-0.0327,0.0063,0.9994,0,0.0142,9.4168,-1.313,1]},
{"frame":23,"values":[0.9996,0.0057,0.0262,0,-0.0057,1,-0.0017,0,-0.0262,0.0016,0.9997,0,0.0142,9.4168,-1.313,1]},
{"frame":24,"values":[0.9998,0.0129,0.0177,0,-0.0129,0.9999,-0.0002,0,-0.0177,0,0.9998,0,0.0142,9.4168,-1.313,1]},
{"frame":25,"values":[0.9998,0.0159,0.0084,0,-0.0159,0.9999,-0.0007,0,-0.0084,0.0005,1,0,0.0142,9.4168,-1.313,1]},
{"frame":26,"values":[0.9999,0.0159,-0.0014,0,-0.0159,0.9999,-0.0007,0,0.0014,0.0007,1,0,0.0142,9.4168,-1.313,1]},
{"frame":27,"values":[0.9998,0.0153,-0.0114,0,-0.0153,0.9999,0.0014,0,0.0114,-0.0012,0.9999,0,0.0142,9.4168,-1.313,1]},
{"frame":28,"values":[0.9997,0.0155,-0.0213,0,-0.0154,0.9999,0.0048,0,0.0214,-0.0044,0.9998,0,0.0142,9.4168,-1.313,1]},
{"frame":29,"values":[0.9994,0.0165,-0.0312,0,-0.0164,0.9999,0.0045,0,0.0313,-0.004,0.9995,0,0.0142,9.4168,-1.313,1]}],"loopBehavior":1,"name":"anim","property":"_matrix"}},
{"name":"Neck","index":4,"matrix":[0.9998,-0.0195,0.0095,0,0.0198,0.9992,-0.0336,0,-0.0089,0.0338,0.9994,0,0.016,10.5938,-1.4771,1],"rest":[1,0,0,0,0,1,0,0,0,0,1,0,0.016,10.5938,-1.4771,1],"parentBoneIndex":3,"length":5.1073
,"animation":{"dataType":3,"framePerSecond":24,"keys":[
{"frame":1,"values":[0.9998,-0.0195,0.0095,0,0.0198,0.9992,-0.0336,0,-0.0089,0.0338,0.9994,0,0.016,10.5938,-1.4771,1]},
{"frame":2,"values":[0.9997,-0.0214,0.0131,0,0.0217,0.9995,-0.025,0,-0.0125,0.0252,0.9996,0,0.016,10.5938,-1.4771,1]},
{"frame":3,"values":[0.9996,-0.0231,0.016,0,0.0234,0.9996,-0.0188,0,-0.0156,0.0192,0.9997,0,0.016,10.5938,-1.4771,1]},
{"frame":4,"values":[0.9996,-0.0241,0.0172,0,0.0244,0.9996,-0.0173,0,-0.0168,0.0177,0.9997,0,0.016,10.5938,-1.4771,1]},
{"frame":5,"values":[0.9996,-0.0246,0.0166,0,0.0249,0.9995,-0.02,0,-0.0161,0.0204,0.9997,0,0.016,10.5938,-1.4771,1]},
{"frame":6,"values":[0.9996,-0.025,0.0151,0,0.0254,0.9994,-0.0237,0,-0.0145,0.0241,0.9996,0,0.016,10.5938,-1.4771,1]},
{"frame":7,"values":[0.9995,-0.0267,0.0141,0,0.0271,0.9993,-0.026,0,-0.0134,0.0264,0.9996,0,0.016,10.5938,-1.4771,1]},
{"frame":8,"values":[0.9995,-0.0301,0.0137,0,0.0305,0.9992,-0.0272,0,-0.0129,0.0276,0.9995,0,0.016,10.5938,-1.4771,1]},
{"frame":9,"values":[0.9993,-0.034,0.0134,0,0.0343,0.999,-0.0278,0,-0.0124,0.0282,0.9995,0,0.016,10.5938,-1.4771,1]},
{"frame":10,"values":[0.9993,-0.0367,0.0119,0,0.037,0.9989,-0.0288,0,-0.0108,0.0292,0.9995,0,0.016,10.5938,-1.4771,1]},
{"frame":11,"values":[0.9993,-0.0372,0.0087,0,0.0374,0.9988,-0.0316,0,-0.0075,0.0319,0.9995,0,0.016,10.5938,-1.4771,1]},
{"frame":12,"values":[0.9993,-0.0358,0.0044,0,0.036,0.9987,-0.0355,0,-0.0031,0.0356,0.9994,0,0.016,10.5938,-1.4771,1]},
{"frame":13,"values":[0.9994,-0.0342,0.0004,0,0.0342,0.9987,-0.038,0,0.0009,0.038,0.9993,0,0.016,10.5938,-1.4771,1]},
{"frame":14,"values":[0.9994,-0.0332,-0.0019,0,0.0331,0.9988,-0.0373,0,0.0032,0.0373,0.9993,0,0.016,10.5938,-1.4771,1]},
{"frame":15,"values":[0.9995,-0.0322,-0.0025,0,0.032,0.9989,-0.0348,0,0.0036,0.0347,0.9994,0,0.016,10.5938,-1.4771,1]},
{"frame":16,"values":[0.9995,-0.03,-0.0021,0,0.0299,0.999,-0.0329,0,0.003,0.0328,0.9995,0,0.016,10.5938,-1.4771,1]},
{"frame":17,"values":[0.9996,-0.0272,-0.0014,0,0.0271,0.9991,-0.0333,0,0.0023,0.0332,0.9994,0,0.016,10.5938,-1.4771,1]},
{"frame":18,"values":[0.9997,-0.0257,-0.001,0,0.0256,0.999,-0.0357,0,0.0019,0.0356,0.9994,0,0.016,10.5938,-1.4771,1]},
{"frame":19,"values":[0.9996,-0.0266,-0.0013,0,0.0265,0.9989,-0.0396,0,0.0023,0.0395,0.9992,0,0.016,10.5938,-1.4771,1]},
{"frame":20,"values":[0.9996,-0.028,-0.0027,0,0.0278,0.9986,-0.0443,0,0.0039,0.0442,0.999,0,0.016,10.5938,-1.4771,1]},
{"frame":21,"values":[0.9996,-0.0269,-0.0051,0,0.0266,0.9984,-0.0498,0,0.0064,0.0496,0.9987,0,0.016,10.5938,-1.4771,1]},
{"frame":22,"values":[0.9997,-0.0223,-0.0075,0,0.0218,0.9982,-0.056,0,0.0087,0.0558,0.9984,0,0.016,10.5938,-1.4771,1]},
{"frame":23,"values":[0.9998,-0.0168,-0.0086,0,0.0162,0.9979,-0.0626,0,0.0097,0.0625,0.998,0,0.016,10.5938,-1.4771,1]},
{"frame":24,"values":[0.9999,-0.0136,-0.0078,0,0.0131,0.9976,-0.0678,0,0.0087,0.0677,0.9977,0,0.016,10.5938,-1.4771,1]},
{"frame":25,"values":[0.9999,-0.0135,-0.0053,0,0.0131,0.9975,-0.0692,0,0.0063,0.0691,0.9976,0,0.016,10.5938,-1.4771,1]},
{"frame":26,"values":[0.9999,-0.0148,-0.002,0,0.0146,0.9978,-0.0654,0,0.0029,0.0653,0.9979,0,0.016,10.5938,-1.4771,1]},
{"frame":27,"values":[0.9999,-0.0162,0.0018,0,0.0163,0.9983,-0.0568,0,-0.0009,0.0568,0.9984,0,0.016,10.5938,-1.4771,1]},
{"frame":28,"values":[0.9998,-0.0178,0.0058,0,0.018,0.9988,-0.0446,0,-0.005,0.0447,0.999,0,0.016,10.5938,-1.4771,1]},
{"frame":29,"values":[0.9998,-0.0195,0.0095,0,0.0198,0.9992,-0.0336,0,-0.0089,0.0338,0.9994,0,0.016,10.5938,-1.4771,1]}],"loopBehavior":1,"name":"anim","property":"_matrix"}},
{"name":"Head","index":5,"matrix":[0.9967,-0.062,0.0526,0,0.0714,0.977,-0.2011,0,-0.0389,0.2042,0.9781,0,0,5.0564,0.7196,1],"rest":[1,0,0,0,0,1,0,0,0,0,1,0,0,5.0564,0.7196,1],"parentBoneIndex":4,"length":15.2963
,"animation":{"dataType":3,"framePerSecond":24,"keys":[
{"frame":1,"values":[0.9967,-0.062,0.0526,0,0.0714,0.977,-0.2011,0,-0.0389,0.2042,0.9781,0,0,5.0564,0.7196,1]},
{"frame":2,"values":[0.9956,-0.0581,0.0732,0,0.0718,0.9767,-0.2022,0,-0.0597,0.2065,0.9766,0,0,5.0564,0.7196,1]},
{"frame":3,"values":[0.9943,-0.0546,0.0919,0,0.0724,0.9766,-0.2027,0,-0.0786,0.2082,0.9749,0,0,5.0564,0.7196,1]},
{"frame":4,"values":[0.9933,-0.0531,0.1022,0,0.0729,0.9769,-0.2008,0,-0.0892,0.2069,0.9743,0,0,5.0564,0.7196,1]},
{"frame":5,"values":[0.9934,-0.0539,0.1015,0,0.0732,0.9778,-0.1962,0,-0.0887,0.2023,0.9753,0,0,5.0564,0.7196,1]},
{"frame":6,"values":[0.9939,-0.0561,0.0948,0,0.0735,0.9788,-0.1914,0,-0.0821,0.1972,0.9769,0,0,5.0564,0.7196,1]},
{"frame":7,"values":[0.9941,-0.0582,0.0913,0,0.0748,0.9789,-0.1902,0,-0.0783,0.196,0.9775,0,0,5.0564,0.7196,1]},
{"frame":8,"values":[0.9939,-0.0599,0.0928,0,0.077,0.9782,-0.1928,0,-0.0793,0.1988,0.9768,0,0,5.0564,0.7196,1]},
{"frame":9,"values":[0.9937,-0.0601,0.095,0,0.0776,0.978,-0.1934,0,-0.0813,0.1996,0.9765,0,0,5.0564,0.7196,1]},
{"frame":10,"values":[0.9941,-0.0589,0.0909,0,0.0751,0.9796,-0.1862,0,-0.0781,0.1919,0.9783,0,0,5.0564,0.7196,1]},
{"frame":11,"values":[0.9954,-0.058,0.076,0,0.0703,0.9828,-0.1707,0,-0.0648,0.1753,0.9824,0,0,5.0564,0.7196,1]},
{"frame":12,"values":[0.9968,-0.0589,0.0535,0,0.0665,0.9859,-0.1535,0,-0.0437,0.1565,0.9867,0,0,5.0564,0.7196,1]},
{"frame":13,"values":[0.9976,-0.0621,0.032,0,0.066,0.9877,-0.1415,0,-0.0229,0.1432,0.9894,0,0,5.0564,0.7196,1]},
{"frame":14,"values":[0.9977,-0.0656,0.019,0,0.0676,0.9883,-0.137,0,-0.0098,0.138,0.9904,0,0,5.0564,0.7196,1]},
{"frame":15,"values":[0.9977,-0.0661,0.0152,0,0.0676,0.988,-0.1388,0,-0.0059,0.1395,0.9902,0,0,5.0564,0.7196,1]},
{"frame":16,"values":[0.9979,-0.0623,0.0154,0,0.0638,0.9876,-0.1438,0,-0.0062,0.1445,0.9895,0,0,5.0564,0.7196,1]},
{"frame":17,"values":[0.9983,-0.0562,0.0162,0,0.058,0.9869,-0.1504,0,-0.0075,0.1511,0.9885,0,0,5.0564,0.7196,1]},
{"frame":18,"values":[0.9984,-0.0535,0.0168,0,0.0555,0.9858,-0.1582,0,-0.0081,0.1589,0.9873,0,0,5.0564,0.7196,1]},
{"frame":19,"values":[0.9981,-0.0592,0.0157,0,0.061,0.984,-0.1673,0,-0.0056,0.168,0.9858,0,0,5.0564,0.7196,1]},
{"frame":20,"values":[0.9973,-0.0725,0.0093,0,0.073,0.9814,-0.1775,0,0.0037,0.1777,0.9841,0,0,5.0564,0.7196,1]},
{"frame":21,"values":[0.9962,-0.0866,-0.0045,0,0.0842,0.9785,-0.1883,0,0.0207,0.1872,0.9821,0,0,5.0564,0.7196,1]},
{"frame":22,"values":[0.9954,-0.0932,-0.0211,0,0.0872,0.9763,-0.198,0,0.0391,0.1953,0.98,0,0,5.0564,0.7196,1]},
{"frame":23,"values":[0.9954,-0.09,-0.0316,0,0.0818,0.9757,-0.2032,0,0.0491,0.1997,0.9786,0,0,5.0564,0.7196,1]},
{"frame":24,"values":[0.9962,-0.0826,-0.0294,0,0.0749,0.9763,-0.2028,0,0.0455,0.1998,0.9788,0,0,5.0564,0.7196,1]},
{"frame":25,"values":[0.9969,-0.0767,-0.0164,0,0.0719,0.9771,-0.2004,0,0.0314,0.1986,0.9796,0,0,5.0564,0.7196,1]},
{"frame":26,"values":[0.9973,-0.0728,0.0007,0,0.0715,0.9773,-0.1997,0,0.0139,0.1992,0.9799,0,0,5.0564,0.7196,1]},
{"frame":27,"values":[0.9974,-0.0695,0.0165,0,0.0714,0.9771,-0.2005,0,-0.0022,0.2011,0.9796,0,0,5.0564,0.7196,1]},
{"frame":28,"values":[0.9973,-0.0659,0.0333,0,0.0712,0.977,-0.2008,0,-0.0193,0.2026,0.9791,0,0,5.0564,0.7196,1]},
{"frame":29,"values":[0.9967,-0.062,0.0526,0,0.0714,0.977,-0.2011,0,-0.0389,0.2042,0.9781,0,0,5.0564,0.7196,1]}],"loopBehavior":1,"name":"anim","property":"_matrix"}},
{"name":"HeadTop_End","index":6,"matrix":[1,0,0,0,0,1,0,0,0,0,1,0,0,15.1437,2.155,1],"rest":[1,0,0,0,0,1,0,0,0,0,1,0,0,15.1437,2.155,1],"parentBoneIndex":5,"length":15.2963
,"animation":{"dataType":3,"framePerSecond":24,"keys":[
{"frame":1,"values":[1,0,0,0,0,1,0,0,0,0,1,0,0,15.1437,2.155,1]},
{"frame":29,"values":[1,0,0,0,0,1,0,0,0,0,1,0,0,15.1437,2.155,1]}],"loopBehavior":1,"name":"anim","property":"_matrix"}},
{"name":"LeftShoulder","index":7,"matrix":[0.9622,-0.1815,0.2031,0,0.1695,0.9826,0.0754,0,-0.2133,-0.0381,0.9762,0,3.5285,8.7304,-1.4561,1],"rest":[1,-0.0017,0,0,0.0017,1,0,0,0,0,1,0,3.5285,8.7304,-1.4561,1],"parentBoneIndex":3,"length":7.9526
,"animation":{"dataType":3,"framePerSecond":24,"keys":[
{"frame":1,"values":[0.9622,-0.1815,0.2031,0,0.1695,0.9826,0.0754,0,-0.2133,-0.0381,0.9762,0,3.5285,8.7304,-1.4561,1]},
{"frame":2,"values":[0.9577,-0.1835,0.2216,0,0.1693,0.9822,0.0816,0,-0.2326,-0.0407,0.9717,0,3.5285,8.7304,-1.4561,1]},
{"frame":3,"values":[0.9541,-0.1862,0.2347,0,0.1703,0.9816,0.0868,0,-0.2465,-0.0429,0.9682,0,3.5285,8.7304,-1.4561,1]},
{"frame":4,"values":[0.952,-0.1886,0.241,0,0.1717,0.9811,0.0898,0,-0.2533,-0.0442,0.9664,0,3.5285,8.7304,-1.4561,1]},
{"frame":5,"values":[0.9514,-0.1904,0.242,0,0.1731,0.9807,0.0911,0,-0.2547,-0.0447,0.966,0,3.5285,8.7304,-1.4561,1]},
{"frame":6,"values":[0.9511,-0.1927,0.2414,0,0.1752,0.9802,0.092,0,-0.2543,-0.0453,0.9661,0,3.5285,8.7304,-1.4561,1]},
{"frame":7,"values":[0.9503,-0.1959,0.2419,0,0.1781,0.9795,0.0939,0,-0.2553,-0.0462,0.9657,0,3.5285,8.7304,-1.4561,1]},
{"frame":8,"values":[0.9492,-0.1993,0.2436,0,0.1809,0.9788,0.0962,0,-0.2576,-0.0473,0.9651,0,3.5285,8.7304,-1.4561,1]},
{"frame":9,"values":[0.9483,-0.2016,0.245,0,0.1826,0.9783,0.0979,0,-0.2595,-0.048,0.9646,0,3.5285,8.7304,-1.4561,1]},
{"frame":10,"values":[0.9483,-0.2026,0.2445,0,0.1837,0.9781,0.0982,0,-0.259,-0.0482,0.9647,0,3.5285,8.7304,-1.4561,1]},
{"frame":11,"values":[0.9496,-0.2026,0.2393,0,0.1844,0.9781,0.0966,0,-0.2537,-0.0476,0.9661,0,3.5285,8.7304,-1.4561,1]},
{"frame":12,"values":[0.9524,-0.2009,0.2293,0,0.1841,0.9785,0.0925,0,-0.243,-0.0459,0.9689,0,3.5285,8.7304,-1.4561,1]},
{"frame":13,"values":[0.9559,-0.1973,0.2178,0,0.1823,0.9794,0.0871,0,-0.2305,-0.0436,0.9721,0,3.5285,8.7304,-1.4561,1]},
{"frame":14,"values":[0.9586,-0.1931,0.2092,0,0.1795,0.9803,0.0825,0,-0.221,-0.0415,0.9744,0,3.5285,8.7304,-1.4561,1]},
{"frame":15,"values":[0.96,-0.1899,0.2056,0,0.1769,0.981,0.0799,0,-0.2169,-0.0403,0.9754,0,3.5285,8.7304,-1.4561,1]},
{"frame":16,"values":[0.9606,-0.1878,0.2051,0,0.1751,0.9814,0.0788,0,-0.216,-0.0398,0.9756,0,3.5285,8.7304,-1.4561,1]},
{"frame":17,"values":[0.9608,-0.1869,0.2048,0,0.1742,0.9816,0.0783,0,-0.2157,-0.0396,0.9757,0,3.5285,8.7304,-1.4561,1]},
{"frame":18,"values":[0.9613,-0.187,0.2026,0,0.1746,0.9816,0.0777,0,-0.2134,-0.0394,0.9762,0,3.5285,8.7304,-1.4561,1]},
{"frame":19,"values":[0.962,-0.1885,0.1977,0,0.1765,0.9813,0.077,0,-0.2085,-0.0391,0.9772,0,3.5285,8.7304,-1.4561,1]},
{"frame":20,"values":[0.9627,-0.1904,0.1922,0,0.1788,0.9809,0.0761,0,-0.2031,-0.0389,0.9784,0,3.5285,8.7304,-1.4561,1]},
{"frame":21,"values":[0.9635,-0.1899,0.1886,0,0.1787,0.981,0.0749,0,-0.1992,-0.0384,0.9792,0,3.5285,8.7304,-1.4561,1]},
{"frame":22,"values":[0.9646,-0.1858,0.1872,0,0.175,0.9819,0.0727,0,-0.1973,-0.0374,0.9796,0,3.5285,8.7304,-1.4561,1]},
{"frame":23,"values":[0.9659,-0.1799,0.1865,0,0.1696,0.983,0.07,0,-0.1959,-0.036,0.98,0,3.5285,8.7304,-1.4561,1]},
{"frame":24,"values":[0.9667,-0.1763,0.1856,0,0.1663,0.9837,0.0683,0,-0.1946,-0.0351,0.9803,0,3.5285,8.7304,-1.4561,1]},
{"frame":25,"values":[0.9666,-0.1771,0.1852,0,0.1671,0.9836,0.0685,0,-0.1943,-0.0353,0.9803,0,3.5285,8.7304,-1.4561,1]},
{"frame":26,"values":[0.9658,-0.1807,0.186,0,0.1704,0.9829,0.0702,0,-0.1955,-0.0361,0.98,0,3.5285,8.7304,-1.4561,1]},
{"frame":27,"values":[0.9649,-0.1835,0.1879,0,0.1728,0.9823,0.072,0,-0.1978,-0.037,0.9795,0,3.5285,8.7304,-1.4561,1]},
{"frame":28,"values":[0.9639,-0.1837,0.1929,0,0.1725,0.9823,0.0734,0,-0.203,-0.0375,0.9785,0,3.5285,8.7304,-1.4561,1]},
{"frame":29,"values":[0.9622,-0.1815,0.2031,0,0.1695,0.9826,0.0754,0,-0.2133,-0.0381,0.9762,0,3.5285,8.7304,-1.4561,1]}],"loopBehavior":1,"name":"anim","property":"_matrix"}},
{"name":"LeftArm","index":8,"matrix":[0.4105,-0.91,0.058,0,0.87,0.4099,0.2739,0,-0.273,-0.062,0.96,0,7.6132,-2.2982,0.0421,1],"rest":[0.9965,-0.0092,0.0835,0,0.0092,1,0.0007,0,-0.0835,0.0001,0.9965,0,7.6132,-2.2982,0.0421,1],"parentBoneIndex":7,"length":18.9821
,"animation":{"dataType":3,"framePerSecond":24,"keys":[
{"frame":1,"values":[0.4105,-0.91,0.058,0,0.87,0.4099,0.2739,0,-0.273,-0.062,0.96,0,7.6132,-2.2982,0.0421,1]},
{"frame":2,"values":[0.4238,-0.9049,0.0381,0,0.8652,0.4169,0.2786,0,-0.268,-0.0851,0.9597,0,7.6132,-2.2982,0.0421,1]},
{"frame":3,"values":[0.4343,-0.9008,0.0005,0,0.8692,0.4193,0.2621,0,-0.2363,-0.1134,0.965,0,7.6132,-2.2982,0.0421,1]},
{"frame":4,"values":[0.4361,-0.8991,-0.0372,0,0.8781,0.4161,0.2364,0,-0.1971,-0.1357,0.9709,0,7.6132,-2.2982,0.0421,1]},
{"frame":5,"values":[0.4307,-0.901,-0.0527,0,0.886,0.4109,0.215,0,-0.172,-0.1393,0.9752,0,7.6132,-2.2982,0.0421,1]},
{"frame":6,"values":[0.4255,-0.9041,-0.0384,0,0.8892,0.4099,0.2031,0,-0.1679,-0.1206,0.9784,0,7.6132,-2.2982,0.0421,1]},
{"frame":7,"values":[0.4272,-0.9041,-0.0107,0,0.887,0.4168,0.1987,0,-0.1752,-0.0944,0.98,0,7.6132,-2.2982,0.0421,1]},
{"frame":8,"values":[0.4377,-0.8991,0.0107,0,0.8798,0.4307,0.2009,0,-0.1852,-0.0785,0.9796,0,7.6132,-2.2982,0.0421,1]},
{"frame":9,"values":[0.4531,-0.8912,0.0199,0,0.8693,0.4467,0.2115,0,-0.1974,-0.0786,0.9772,0,7.6132,-2.2982,0.0421,1]},
{"frame":10,"values":[0.4674,-0.8837,0.027,0,0.857,0.4603,0.2318,0,-0.2172,-0.0851,0.9724,0,7.6132,-2.2982,0.0421,1]},
{"frame":11,"values":[0.4764,-0.8779,0.0474,0,0.8424,0.4712,0.2613,0,-0.2518,-0.0845,0.9641,0,7.6132,-2.2982,0.0421,1]},
{"frame":12,"values":[0.48,-0.8729,0.0869,0,0.8234,0.4825,0.2987,0,-0.3027,-0.0718,0.9504,0,7.6132,-2.2982,0.0421,1]},
{"frame":13,"values":[0.482,-0.8652,0.1383,0,0.7986,0.4988,0.3369,0,-0.3604,-0.0519,0.9313,0,7.6132,-2.2982,0.0421,1]},
{"frame":14,"values":[0.4908,-0.8515,0.1847,0,0.7709,0.5231,0.3633,0,-0.406,-0.0359,0.9132,0,7.6132,-2.2982,0.0421,1]},
{"frame":15,"values":[0.5149,-0.831,0.2104,0,0.7451,0.5552,0.3696,0,-0.424,-0.0336,0.9051,0,7.6132,-2.2982,0.0421,1]},
{"frame":16,"values":[0.5504,-0.8073,0.2129,0,0.7238,0.5885,0.3602,0,-0.4161,-0.0442,0.9083,0,7.6132,-2.2982,0.0421,1]},
{"frame":17,"values":[0.5848,-0.786,0.2004,0,0.7101,0.6155,0.342,0,-0.3922,-0.0577,0.9181,0,7.6132,-2.2982,0.0421,1]},
{"frame":18,"values":[0.6059,-0.7726,0.1896,0,0.705,0.6319,0.322,0,-0.3686,-0.0614,0.9276,0,7.6132,-2.2982,0.0421,1]},
{"frame":19,"values":[0.6071,-0.7717,0.1892,0,0.7109,0.6339,0.3044,0,-0.3549,-0.0503,0.9336,0,7.6132,-2.2982,0.0421,1]},
{"frame":20,"values":[0.5894,-0.7846,0.1924,0,0.7298,0.6192,0.2897,0,-0.3464,-0.0303,0.9376,0,7.6132,-2.2982,0.0421,1]},
{"frame":21,"values":[0.5543,-0.811,0.1874,0,0.7621,0.585,0.2775,0,-0.3346,-0.011,0.9423,0,7.6132,-2.2982,0.0421,1]},
{"frame":22,"values":[0.5062,-0.8451,0.1718,0,0.7998,0.5345,0.2733,0,-0.3228,-0.0009,0.9465,0,7.6132,-2.2982,0.0421,1]},
{"frame":23,"values":[0.4534,-0.8781,0.1529,0,0.831,0.4785,0.2837,0,-0.3223,-0.0015,0.9466,0,7.6132,-2.2982,0.0421,1]},
{"frame":24,"values":[0.4089,-0.9022,0.1374,0,0.8508,0.4313,0.3,0,-0.3299,-0.0058,0.944,0,7.6132,-2.2982,0.0421,1]},
{"frame":25,"values":[0.3839,-0.9151,0.1236,0,0.8645,0.4032,0.3001,0,-0.3244,-0.0083,0.9459,0,7.6132,-2.2982,0.0421,1]},
{"frame":26,"values":[0.3806,-0.9185,0.1069,0,0.8762,0.3952,0.2757,0,-0.2955,-0.0112,0.9553,0,7.6132,-2.2982,0.0421,1]},
{"frame":27,"values":[0.3892,-0.9169,0.0879,0,0.8829,0.3986,0.2482,0,-0.2626,-0.019,0.9647,0,7.6132,-2.2982,0.0421,1]},
{"frame":28,"values":[0.4006,-0.9135,0.0707,0,0.8809,0.4053,0.2444,0,-0.2519,-0.0356,0.9671,0,7.6132,-2.2982,0.0421,1]},
{"frame":29,"values":[0.4105,-0.91,0.058,0,0.87,0.4099,0.2739,0,-0.273,-0.062,0.96,0,7.6132,-2.2982,0.0421,1]}],"loopBehavior":1,"name":"anim","property":"_matrix"}},
{"name":"LeftForeArm","index":9,"matrix":[0.9957,0.0108,0.0915,0,-0.0109,0.9999,0.0005,0,-0.0915,-0.0014,0.9958,0,18.9146,0.2055,-1.5856,1],"rest":[0.9964,0.0108,-0.0835,0,-0.0108,0.9999,0.0005,0,0.0835,0.0005,0.9965,0,18.9146,0.2055,-1.5856,1],"parentBoneIndex":8,"length":18.4362
,"animation":{"dataType":3,"framePerSecond":24,"keys":[
{"frame":1,"values":[0.9957,0.0108,0.0915,0,-0.0109,0.9999,0.0005,0,-0.0915,-0.0014,0.9958,0,18.9146,0.2055,-1.5856,1]},
{"frame":2,"values":[0.9918,0.0107,0.1277,0,-0.0109,0.9999,0.0005,0,-0.1277,-0.0018,0.9918,0,18.9146,0.2055,-1.5856,1]},
{"frame":3,"values":[0.9816,0.0106,0.1904,0,-0.0109,0.9999,0.0004,0,-0.1904,-0.0025,0.9817,0,18.9146,0.2055,-1.5856,1]},
{"frame":4,"values":[0.9723,0.0105,0.2334,0,-0.0109,0.9999,0.0004,0,-0.2334,-0.003,0.9724,0,18.9146,0.2055,-1.5856,1]},
{"frame":5,"values":[0.9769,0.0105,0.2136,0,-0.0109,0.9999,0.0004,0,-0.2135,-0.0028,0.9769,0,18.9146,0.2055,-1.5856,1]},
{"frame":6,"values":[0.9912,0.0107,0.1321,0,-0.0109,0.9999,0.0005,0,-0.1321,-0.0019,0.9912,0,18.9146,0.2055,-1.5856,1]},
{"frame":7,"values":[0.9985,0.0108,0.0528,0,-0.0109,0.9999,0.0005,0,-0.0528,-0.001,0.9986,0,18.9146,0.2055,-1.5856,1]},
{"frame":8,"values":[0.999,0.0108,0.0426,0,-0.0109,0.9999,0.0005,0,-0.0426,-0.0009,0.9991,0,18.9146,0.2055,-1.5856,1]},
{"frame":9,"values":[0.9942,0.0108,0.1071,0,-0.0109,0.9999,0.0005,0,-0.1071,-0.0016,0.9943,0,18.9146,0.2055,-1.5856,1]},
{"frame":10,"values":[0.9817,0.0106,0.1901,0,-0.0109,0.9999,0.0004,0,-0.1901,-0.0025,0.9818,0,18.9146,0.2055,-1.5856,1]},
{"frame":11,"values":[0.9724,0.0105,0.2332,0,-0.0109,0.9999,0.0004,0,-0.2332,-0.003,0.9724,0,18.9146,0.2055,-1.5856,1]},
{"frame":12,"values":[0.9735,0.0105,0.2283,0,-0.0109,0.9999,0.0004,0,-0.2283,-0.0029,0.9736,0,18.9146,0.2055,-1.5856,1]},
{"frame":13,"values":[0.978,0.0106,0.2082,0,-0.0109,0.9999,0.0004,0,-0.2082,-0.0027,0.9781,0,18.9146,0.2055,-1.5856,1]},
{"frame":14,"values":[0.9764,0.0105,0.2156,0,-0.0109,0.9999,0.0004,0,-0.2156,-0.0028,0.9765,0,18.9146,0.2055,-1.5856,1]},
{"frame":15,"values":[0.9615,0.0104,0.2747,0,-0.0109,0.9999,0.0004,0,-0.2747,-0.0034,0.9615,0,18.9146,0.2055,-1.5856,1]},
{"frame":16,"values":[0.9298,0.01,0.368,0,-0.0109,0.9999,0.0004,0,-0.368,-0.0044,0.9298,0,18.9146,0.2055,-1.5856,1]},
{"frame":17,"values":[0.8891,0.0095,0.4576,0,-0.011,0.9999,0.0004,0,-0.4575,-0.0054,0.8892,0,18.9146,0.2055,-1.5856,1]},
{"frame":18,"values":[0.8595,0.0092,0.5111,0,-0.011,0.9999,0.0004,0,-0.511,-0.006,0.8596,0,18.9146,0.2055,-1.5856,1]},
{"frame":19,"values":[0.8558,0.0092,0.5173,0,-0.011,0.9999,0.0004,0,-0.5172,-0.006,0.8558,0,18.9146,0.2055,-1.5856,1]},
{"frame":20,"values":[0.8746,0.0094,0.4848,0,-0.011,0.9999,0.0004,0,-0.4848,-0.0057,0.8746,0,18.9146,0.2055,-1.5856,1]},
{"frame":21,"values":[0.9068,0.0097,0.4215,0,-0.0109,0.9999,0.0004,0,-0.4215,-0.005,0.9068,0,18.9146,0.2055,-1.5856,1]},
{"frame":22,"values":[0.9426,0.0101,0.3337,0,-0.0109,0.9999,0.0004,0,-0.3337,-0.0041,0.9427,0,18.9146,0.2055,-1.5856,1]},
{"frame":23,"values":[0.9736,0.0105,0.228,0,-0.0109,0.9999,0.0004,0,-0.228,-0.0029,0.9737,0,18.9146,0.2055,-1.5856,1]},
{"frame":24,"values":[0.9925,0.0107,0.1216,0,-0.0109,0.9999,0.0005,0,-0.1216,-0.0018,0.9926,0,18.9146,0.2055,-1.5856,1]},
{"frame":25,"values":[0.9989,0.0108,0.0452,0,-0.0109,0.9999,0.0005,0,-0.0452,-0.0009,0.999,0,18.9146,0.2055,-1.5856,1]},
{"frame":26,"values":[0.9997,0.0108,0.0211,0,-0.0109,0.9999,0.0005,0,-0.0211,-0.0007,0.9998,0,18.9146,0.2055,-1.5856,1]},
{"frame":27,"values":[0.9992,0.0108,0.0374,0,-0.0109,0.9999,0.0005,0,-0.0373,-0.0009,0.9993,0,18.9146,0.2055,-1.5856,1]},
{"frame":28,"values":[0.9976,0.0108,0.0678,0,-0.0109,0.9999,0.0005,0,-0.0678,-0.0012,0.9977,0,18.9146,0.2055,-1.5856,1]},
{"frame":29,"values":[0.9957,0.0108,0.0915,0,-0.0109,0.9999,0.0005,0,-0.0915,-0.0014,0.9958,0,18.9146,0.2055,-1.5856,1]}],"loopBehavior":1,"name":"anim","property":"_matrix"}},
{"name":"LeftHand","index":10,"matrix":[0.9943,-0.0835,-0.0664,0,0.0596,0.9508,-0.304,0,0.0885,0.2983,0.9504,0,18.4362,0,0,1],"rest":[0.9824,-0.1864,-0.0127,0,0.1846,0.9789,-0.0878,0,0.0288,0.0839,0.9961,0,18.4362,0,0,1],"parentBoneIndex":9,"length":6.699
,"animation":{"dataType":3,"framePerSecond":24,"keys":[
{"frame":1,"values":[0.9943,-0.0835,-0.0664,0,0.0596,0.9508,-0.304,0,0.0885,0.2983,0.9504,0,18.4362,0,0,1]},
{"frame":2,"values":[0.9929,-0.1029,-0.059,0,0.0813,0.9527,-0.2927,0,0.0864,0.2858,0.9544,0,18.4362,0,0,1]},
{"frame":3,"values":[0.9911,-0.1102,-0.0745,0,0.0828,0.9493,-0.3033,0,0.1042,0.2944,0.95,0,18.4362,0,0,1]},
{"frame":4,"values":[0.9893,-0.1009,-0.1052,0,0.0636,0.948,-0.3118,0,0.1312,0.3017,0.9443,0,18.4362,0,0,1]},
{"frame":5,"values":[0.9886,-0.0768,-0.1299,0,0.035,0.9541,-0.2975,0,0.1468,0.2895,0.9459,0,18.4362,0,0,1]},
{"frame":6,"values":[0.9897,-0.0471,-0.1352,0,0.01,0.9648,-0.2627,0,0.1428,0.2587,0.9554,0,18.4362,0,0,1]},
{"frame":7,"values":[0.9904,-0.0253,-0.1358,0,-0.0075,0.9718,-0.2359,0,0.1379,0.2346,0.9622,0,18.4362,0,0,1]},
{"frame":8,"values":[0.988,-0.0204,-0.1534,0,-0.0181,0.9693,-0.2453,0,0.1537,0.2451,0.9572,0,18.4362,0,0,1]},
{"frame":9,"values":[0.9824,-0.0285,-0.1846,0,-0.0262,0.9575,-0.2872,0,0.1849,0.2869,0.9399,0,18.4362,0,0,1]},
{"frame":10,"values":[0.978,-0.0259,-0.2071,0,-0.0452,0.9425,-0.3311,0,0.2037,0.3331,0.9206,0,18.4362,0,0,1]},
{"frame":11,"values":[0.978,0.0191,-0.2079,0,-0.0944,0.9287,-0.3586,0,0.1863,0.3703,0.91,0,18.4362,0,0,1]},
{"frame":12,"values":[0.9756,0.1068,-0.1917,0,-0.174,0.9086,-0.3797,0,0.1336,0.4038,0.905,0,18.4362,0,0,1]},
{"frame":13,"values":[0.9677,0.1891,-0.1665,0,-0.2421,0.8811,-0.4062,0,0.0699,0.4334,0.8985,0,18.4362,0,0,1]},
{"frame":14,"values":[0.9664,0.212,-0.1454,0,-0.2546,0.867,-0.4284,0,0.0352,0.451,0.8918,0,18.4362,0,0,1]},
{"frame":15,"values":[0.9752,0.1664,-0.1462,0,-0.2141,0.8773,-0.4295,0,0.0568,0.4502,0.8911,0,18.4362,0,0,1]},
{"frame":16,"values":[0.9803,0.1033,-0.1681,0,-0.165,0.8964,-0.4113,0,0.1082,0.431,0.8958,0,18.4362,0,0,1]},
{"frame":17,"values":[0.9798,0.0746,-0.1857,0,-0.1428,0.9109,-0.3871,0,0.1403,0.4058,0.9031,0,18.4362,0,0,1]},
{"frame":18,"values":[0.9804,0.0876,-0.1765,0,-0.1486,0.9169,-0.3705,0,0.1293,0.3895,0.9119,0,18.4362,0,0,1]},
{"frame":19,"values":[0.9832,0.1136,-0.1432,0,-0.1595,0.9156,-0.369,0,0.0892,0.3856,0.9183,0,18.4362,0,0,1]},
{"frame":20,"values":[0.9877,0.1172,-0.1039,0,-0.1483,0.9133,-0.3794,0,0.0504,0.3901,0.9194,0,18.4362,0,0,1]},
{"frame":21,"values":[0.9945,0.0793,-0.0682,0,-0.0997,0.916,-0.3887,0,0.0316,0.3933,0.9188,0,18.4362,0,0,1]},
{"frame":22,"values":[0.999,0.0081,-0.0436,0,-0.0241,0.9245,-0.3805,0,0.0372,0.3811,0.9238,0,18.4362,0,0,1]},
{"frame":23,"values":[0.9973,-0.0605,-0.0417,0,0.0426,0.9382,-0.3434,0,0.0599,0.3407,0.9383,0,18.4362,0,0,1]},
{"frame":24,"values":[0.9939,-0.0887,-0.0649,0,0.0673,0.958,-0.2787,0,0.0869,0.2726,0.9582,0,18.4362,0,0,1]},
{"frame":25,"values":[0.9925,-0.0769,-0.0955,0,0.0549,0.9753,-0.214,0,0.1096,0.2072,0.9721,0,18.4362,0,0,1]},
{"frame":26,"values":[0.9924,-0.0581,-0.1088,0,0.0358,0.9799,-0.1964,0,0.118,0.191,0.9745,0,18.4362,0,0,1]},
{"frame":27,"values":[0.9937,-0.0547,-0.098,0,0.0301,0.971,-0.2371,0,0.1081,0.2326,0.9665,0,18.4362,0,0,1]},
{"frame":28,"values":[0.9948,-0.0657,-0.0773,0,0.0404,0.9555,-0.2923,0,0.093,0.2877,0.9532,0,18.4362,0,0,1]},
{"frame":29,"values":[0.9943,-0.0835,-0.0664,0,0.0596,0.9508,-0.304,0,0.0885,0.2983,0.9504,0,18.4362,0,0,1]}],"loopBehavior":1,"name":"anim","property":"_matrix"}},
{"name":"LeftHandThumb1","index":11,"matrix":[0.8786,0.3891,-0.277,0,-0.3735,0.9212,0.1092,0,0.2976,0.0075,0.9547,0,3.0862,-1.2837,1.4227,1],"rest":[0.9923,0.1154,-0.0442,0,-0.1172,0.9923,-0.0407,0,0.0392,0.0455,0.9982,0,3.0862,-1.2837,1.4227,1],"parentBoneIndex":10,"length":2.9063
,"animation":{"dataType":3,"framePerSecond":24,"keys":[
{"frame":1,"values":[0.8786,0.3891,-0.277,0,-0.3735,0.9212,0.1092,0,0.2976,0.0075,0.9547,0,3.0862,-1.2837,1.4227,1]},
{"frame":29,"values":[0.8786,0.3891,-0.277,0,-0.3735,0.9212,0.1092,0,0.2976,0.0075,0.9547,0,3.0862,-1.2837,1.4227,1]}],"loopBehavior":1,"name":"anim","property":"_matrix"}},
{"name":"LeftHandThumb2","index":12,"matrix":[0.9747,0.0463,-0.2188,0,-0.0161,0.9903,0.1377,0,0.223,-0.1307,0.966,0,2.2512,-1.2997,1.2997,1],"rest":[1,0,0,0,0,1,0,0,0,0,1,0,2.2512,-1.2997,1.2997,1],"parentBoneIndex":11,"length":2.9053
,"animation":{"dataType":3,"framePerSecond":24,"keys":[
{"frame":1,"values":[0.9747,0.0463,-0.2188,0,-0.0161,0.9903,0.1377,0,0.223,-0.1307,0.966,0,2.2512,-1.2997,1.2997,1]},
{"frame":29,"values":[0.9747,0.0463,-0.2188,0,-0.0161,0.9903,0.1377,0,0.223,-0.1307,0.966,0,2.2512,-1.2997,1.2997,1]}],"loopBehavior":1,"name":"anim","property":"_matrix"}},
