{"producer":{"name":"Blender","version":"2.90.0","exporter_version":"2.80.1","file":"walkbackwards.babylon"},
"autoClear":true,"clearColor":[0.0509,0.0509,0.0509],"gravity":[0,-9.81,0],
"materials":[{"name":"Material","id":"Material","customType":"BABYLON.PBRMaterial","backFaceCulling":true,"checkReadyOnlyOnce":false,"maxSimultaneousLights":4,"environmentIntensity":1,"albedo":[0.8,0.8,0.8],"reflectivity":[0.5,0.5,0.5],"roughness":0.4,"alpha":1,"transparencyMode":0,"alphaCutOff":0.4,"metallic":0}],
"multiMaterials":[],
"skeletons":[{"name":"Armature","id":0,"dimensionsAtRest":[128.1663,151.4482,19.1351],"bones":[
{"name":"Hips","index":0,"matrix":[0.999,-0.019,-0.0412,0,0.0167,0.9982,-0.0572,0,-0.0422,-0.0565,-0.9975,0,-0.0829,77.3234,-1.0968,1],"rest":[1,0,0,0,0,1,0,0,0,0,-1,0,0,81.0629,0,1],"parentBoneIndex":-1,"length":7.701
,"animation":{"dataType":3,"framePerSecond":24,"keys":[
{"frame":1,"values":[0.999,-0.019,-0.0412,0,0.0167,0.9982,-0.0572,0,-0.0422,-0.0565,-0.9975,0,-0.0829,77.3234,-1.0968,1]},
{"frame":2,"values":[0.9978,-0.0133,-0.065,0,0.0096,0.9984,-0.0557,0,-0.0657,-0.055,-0.9963,0,0.006,76.876,-1.6385,1]},
{"frame":3,"values":[0.9957,-0.0084,-0.0918,0,0.0041,0.9989,-0.0466,0,-0.0921,-0.0461,-0.9947,0,0.2286,76.0473,-2.2046,1]},
{"frame":4,"values":[0.9932,-0.0043,-0.1161,0,0.0003,0.9994,-0.0348,0,-0.1161,-0.0345,-0.9926,0,0.6173,75.0884,-2.6767,1]},
{"frame":5,"values":[0.9914,-0.0014,-0.131,0,-0.003,0.9994,-0.0336,0,-0.131,-0.0337,-0.9908,0,1.0867,74.4598,-2.8018,1]},
{"frame":6,"values":[0.9909,0.0009,-0.1345,0,-0.0077,0.9987,-0.0501,0,-0.1343,-0.0507,-0.9896,0,1.5247,74.4896,-2.2979,1]},
{"frame":7,"values":[0.9909,0.0113,-0.1341,0,-0.0209,0.9973,-0.0705,0,-0.133,-0.0727,-0.9885,0,1.8882,74.9168,-1.2934,1]},
{"frame":8,"values":[0.9893,0.0311,-0.1426,0,-0.0424,0.9962,-0.0762,0,-0.1397,-0.0814,-0.9868,0,2.1991,75.4109,-0.3855,1]},
{"frame":9,"values":[0.9856,0.0556,-0.1594,0,-0.0665,0.9957,-0.064,0,-0.1552,-0.0737,-0.9851,0,2.463,75.8046,-0.2412,1]},
{"frame":10,"values":[0.9834,0.0726,-0.1663,0,-0.0815,0.9955,-0.0475,0,-0.1621,-0.0603,-0.9849,0,2.6368,76.2724,-0.5919,1]},
{"frame":11,"values":[0.986,0.0799,-0.1461,0,-0.0864,0.9955,-0.0391,0,-0.1423,-0.0512,-0.9885,0,2.6848,76.6142,-1.0549,1]},
{"frame":12,"values":[0.9914,0.0783,-0.1048,0,-0.0827,0.9958,-0.0383,0,-0.1014,-0.0466,-0.9938,0,2.6332,76.6751,-1.4726,1]},
{"frame":13,"values":[0.9951,0.075,-0.0648,0,-0.0775,0.9963,-0.0371,0,-0.0618,-0.042,-0.9972,0,2.5246,76.372,-1.8793,1]},
{"frame":14,"values":[0.9964,0.0738,-0.0409,0,-0.0751,0.9966,-0.0325,0,-0.0384,-0.0355,-0.9986,0,2.3555,75.698,-2.2645,1]},
{"frame":15,"values":[0.9968,0.0733,-0.0328,0,-0.0743,0.9968,-0.0297,0,-0.0305,-0.032,-0.999,0,2.0785,74.8556,-2.5238,1]},
{"frame":16,"values":[0.9972,0.0667,-0.0339,0,-0.068,0.997,-0.0377,0,-0.0313,-0.0399,-0.9987,0,1.6747,74.2282,-2.4643,1]},
{"frame":17,"values":[0.998,0.0502,-0.039,0,-0.0525,0.9969,-0.0591,0,-0.0359,-0.0611,-0.9975,0,1.1662,74.0073,-1.8856,1]},
{"frame":18,"values":[0.9987,0.0279,-0.0422,0,-0.0313,0.9962,-0.0815,0,-0.0397,-0.0827,-0.9958,0,0.6289,74.0834,-0.8353,1]},
{"frame":19,"values":[0.9994,0.0019,-0.0357,0,-0.0051,0.9959,-0.0898,0,-0.0354,-0.0899,-0.9953,0,0.189,74.3548,0.2261,1]},
{"frame":20,"values":[0.9996,-0.0239,-0.0163,0,0.0225,0.9962,-0.0846,0,-0.0183,-0.0842,-0.9963,0,-0.0875,74.7361,0.8165,1]},
{"frame":21,"values":[0.9991,-0.0417,0.006,0,0.0421,0.9962,-0.0757,0,0.0028,-0.0759,-0.9971,0,-0.2237,75.2329,0.801,1]},
{"frame":22,"values":[0.9989,-0.0451,0.0126,0,0.0459,0.9966,-0.0689,0,0.0095,-0.0694,-0.9975,0,-0.2553,75.9146,0.3804,1]},
{"frame":23,"values":[0.9994,-0.0341,-0.0061,0,0.0337,0.9974,-0.0633,0,-0.0082,-0.063,-0.998,0,-0.2039,76.6743,-0.2761,1]},
{"frame":24,"values":[0.999,-0.019,-0.0412,0,0.0167,0.9982,-0.0572,0,-0.0422,-0.0565,-0.9975,0,-0.0829,77.3234,-1.0968,1]}],"loopBehavior":1,"name":"anim","property":"_matrix"}},
{"name":"Spine","index":1,"matrix":[0.9996,-0.0015,-0.0283,0,0.0027,0.999,0.0456,0,0.0282,-0.0457,0.9986,0,0.009,7.0626,-0.9847,1],"rest":[1,0,0,0,0,1,0,0,0,0,1,0,0.009,7.0626,-0.9847,1],"parentBoneIndex":0,"length":8.3194
,"animation":{"dataType":3,"framePerSecond":24,"keys":[
{"frame":1,"values":[0.9996,-0.0015,-0.0283,0,0.0027,0.999,0.0456,0,0.0282,-0.0457,0.9986,0,0.009,7.0626,-0.9847,1]},
{"frame":2,"values":[0.9998,-0.008,-0.016,0,0.0087,0.9991,0.0415,0,0.0157,-0.0416,0.999,0,0.009,7.0626,-0.9847,1]},
{"frame":3,"values":[0.9999,-0.0106,-0.0042,0,0.0108,0.9991,0.0399,0,0.0038,-0.04,0.9992,0,0.009,7.0626,-0.9847,1]},
{"frame":4,"values":[0.9999,-0.009,0.0063,0,0.0087,0.9992,0.0394,0,-0.0066,-0.0393,0.9992,0,0.009,7.0626,-0.9847,1]},
{"frame":5,"values":[0.9999,-0.0065,0.0154,0,0.0059,0.9993,0.0362,0,-0.0156,-0.0361,0.9992,0,0.009,7.0626,-0.9847,1]},
{"frame":6,"values":[0.9997,-0.0077,0.0221,0,0.0069,0.9995,0.0319,0,-0.0223,-0.0317,0.9992,0,0.009,7.0626,-0.9847,1]},
{"frame":7,"values":[0.9995,-0.0196,0.0249,0,0.0188,0.9993,0.0331,0,-0.0255,-0.0326,0.9991,0,0.009,7.0626,-0.9847,1]},
{"frame":8,"values":[0.999,-0.0399,0.0215,0,0.0389,0.9984,0.0413,0,-0.0231,-0.0404,0.9989,0,0.009,7.0626,-0.9847,1]},
{"frame":9,"values":[0.998,-0.0605,0.0164,0,0.0597,0.997,0.0487,0,-0.0193,-0.0476,0.9987,0,0.009,7.0626,-0.9847,1]},
{"frame":10,"values":[0.9974,-0.0705,0.0157,0,0.0697,0.9964,0.0479,0,-0.019,-0.0467,0.9987,0,0.009,7.0626,-0.9847,1]},
{"frame":11,"values":[0.9972,-0.0718,0.0194,0,0.071,0.9967,0.0406,0,-0.0223,-0.0391,0.999,0,0.009,7.0626,-0.9847,1]},
{"frame":12,"values":[0.9975,-0.0671,0.0206,0,0.0664,0.9973,0.0324,0,-0.0227,-0.031,0.9993,0,0.009,7.0626,-0.9847,1]},
{"frame":13,"values":[0.9979,-0.063,0.0144,0,0.0626,0.9977,0.0271,0,-0.016,-0.0262,0.9995,0,0.009,7.0626,-0.9847,1]},
{"frame":14,"values":[0.998,-0.063,0.0019,0,0.0629,0.9977,0.0246,0,-0.0034,-0.0244,0.9997,0,0.009,7.0626,-0.9847,1]},
{"frame":15,"values":[0.9978,-0.0648,-0.0125,0,0.0651,0.9976,0.0223,0,0.011,-0.0231,0.9997,0,0.009,7.0626,-0.9847,1]},
{"frame":16,"values":[0.9978,-0.0607,-0.0251,0,0.0612,0.998,0.0181,0,0.024,-0.0196,0.9995,0,0.009,7.0626,-0.9847,1]},
{"frame":17,"values":[0.9983,-0.048,-0.0334,0,0.0485,0.9987,0.0148,0,0.0327,-0.0164,0.9993,0,0.009,7.0626,-0.9847,1]},
{"frame":18,"values":[0.9989,-0.0313,-0.0354,0,0.0321,0.9993,0.0198,0,0.0348,-0.0209,0.9992,0,0.009,7.0626,-0.9847,1]},
{"frame":19,"values":[0.9995,-0.0092,-0.031,0,0.0103,0.9993,0.0347,0,0.0307,-0.035,0.9989,0,0.009,7.0626,-0.9847,1]},
{"frame":20,"values":[0.9996,0.0163,-0.0235,0,-0.0151,0.9986,0.0505,0,0.0243,-0.0501,0.9984,0,0.009,7.0626,-0.9847,1]},
{"frame":21,"values":[0.9992,0.0337,-0.0193,0,-0.0325,0.9978,0.0585,0,0.0213,-0.0579,0.9981,0,0.009,7.0626,-0.9847,1]},
{"frame":22,"values":[0.9992,0.0342,-0.0218,0,-0.0329,0.9977,0.0586,0,0.0238,-0.0578,0.998,0,0.009,7.0626,-0.9847,1]},
{"frame":23,"values":[0.9995,0.0185,-0.0268,0,-0.0171,0.9984,0.0533,0,0.0278,-0.0529,0.9982,0,0.009,7.0626,-0.9847,1]},
{"frame":24,"values":[0.9996,-0.0015,-0.0283,0,0.0027,0.999,0.0456,0,0.0282,-0.0457,0.9986,0,0.009,7.0626,-0.9847,1]}],"loopBehavior":1,"name":"anim","property":"_matrix"}},
{"name":"Spine1","index":2,"matrix":[0.9999,-0.0059,-0.0147,0,0.0064,0.9993,0.038,0,0.0145,-0.0381,0.9992,0,0.0124,8.2397,-1.1488,1],"rest":[1,0,0,0,0,1,0,0,0,0,1,0,0.0124,8.2397,-1.1488,1],"parentBoneIndex":1,"length":9.5079
,"animation":{"dataType":3,"framePerSecond":24,"keys":[
{"frame":1,"values":[0.9999,-0.0059,-0.0147,0,0.0064,0.9993,0.038,0,0.0145,-0.0381,0.9992,0,0.0124,8.2397,-1.1488,1]},
{"frame":2,"values":[0.9999,-0.0057,-0.0098,0,0.006,0.9994,0.0342,0,0.0096,-0.0343,0.9994,0,0.0124,8.2397,-1.1488,1]},
{"frame":3,"values":[1,-0.0043,-0.0049,0,0.0044,0.9995,0.0318,0,0.0048,-0.0318,0.9995,0,0.0124,8.2397,-1.1488,1]},
{"frame":4,"values":[1,-0.0023,-0.0004,0,0.0023,0.9995,0.0302,0,0.0003,-0.0302,0.9995,0,0.0124,8.2397,-1.1488,1]},
{"frame":5,"values":[1,-0.0007,0.0044,0,0.0006,0.9996,0.0275,0,-0.0044,-0.0275,0.9996,0,0.0124,8.2397,-1.1488,1]},
{"frame":6,"values":[1,-0.0015,0.0087,0,0.0013,0.9997,0.0249,0,-0.0088,-0.0249,0.9997,0,0.0124,8.2397,-1.1488,1]},
{"frame":7,"values":[0.9999,-0.0065,0.0104,0,0.0063,0.9996,0.0261,0,-0.0105,-0.0261,0.9996,0,0.0124,8.2397,-1.1488,1]},
{"frame":8,"values":[0.9999,-0.0128,0.0073,0,0.0126,0.9994,0.0309,0,-0.0077,-0.0308,0.9995,0,0.0124,8.2397,-1.1488,1]},
{"frame":9,"values":[0.9999,-0.0145,0.0023,0,0.0144,0.9993,0.0345,0,-0.0028,-0.0344,0.9994,0,0.0124,8.2397,-1.1488,1]},
{"frame":10,"values":[0.9999,-0.011,0.0007,0,0.011,0.9994,0.034,0,-0.001,-0.034,0.9994,0,0.0124,8.2397,-1.1488,1]},
{"frame":11,"values":[1,-0.0074,0.0038,0,0.0073,0.9995,0.0313,0,-0.004,-0.0313,0.9995,0,0.0124,8.2397,-1.1488,1]},
{"frame":12,"values":[0.9999,-0.007,0.0073,0,0.0068,0.9996,0.0282,0,-0.0075,-0.0282,0.9996,0,0.0124,8.2397,-1.1488,1]},
{"frame":13,"values":[0.9999,-0.0088,0.0067,0,0.0087,0.9996,0.0255,0,-0.007,-0.0254,0.9997,0,0.0124,8.2397,-1.1488,1]},
{"frame":14,"values":[0.9999,-0.0111,0.0024,0,0.011,0.9997,0.0236,0,-0.0026,-0.0235,0.9997,0,0.0124,8.2397,-1.1488,1]},
{"frame":15,"values":[0.9999,-0.0134,-0.0033,0,0.0135,0.9997,0.022,0,0.003,-0.022,0.9998,0,0.0124,8.2397,-1.1488,1]},
{"frame":16,"values":[0.9998,-0.0149,-0.0095,0,0.0151,0.9997,0.019,0,0.0092,-0.0191,0.9998,0,0.0124,8.2397,-1.1488,1]},
{"frame":17,"values":[0.9998,-0.0134,-0.016,0,0.0136,0.9998,0.0159,0,0.0158,-0.0161,0.9997,0,0.0124,8.2397,-1.1488,1]},
{"frame":18,"values":[0.9998,-0.0077,-0.0197,0,0.008,0.9998,0.0177,0,0.0196,-0.0179,0.9996,0,0.0124,8.2397,-1.1488,1]},
{"frame":19,"values":[0.9999,0.0005,-0.0167,0,-0.0001,0.9997,0.0263,0,0.0167,-0.0263,0.9995,0,0.0124,8.2397,-1.1488,1]},
{"frame":20,"values":[0.9999,0.0072,-0.0093,0,-0.0069,0.9993,0.0354,0,0.0095,-0.0354,0.9993,0,0.0124,8.2397,-1.1488,1]},
{"frame":21,"values":[0.9999,0.0091,-0.0046,0,-0.0089,0.9992,0.0396,0,0.005,-0.0395,0.9992,0,0.0124,8.2397,-1.1488,1]},
{"frame":22,"values":[1,0.0062,-0.0065,0,-0.0059,0.9992,0.0402,0,0.0068,-0.0402,0.9992,0,0.0124,8.2397,-1.1488,1]},
{"frame":23,"values":[0.9999,0.0002,-0.0116,0,0.0003,0.9992,0.0398,0,0.0116,-0.0398,0.9991,0,0.0124,8.2397,-1.1488,1]},
{"frame":24,"values":[0.9999,-0.0059,-0.0147,0,0.0064,0.9993,0.038,0,0.0145,-0.0381,0.9992,0,0.0124,8.2397,-1.1488,1]}],"loopBehavior":1,"name":"anim","property":"_matrix"}},
{"name":"Spine2","index":3,"matrix":[0.9999,-0.0054,-0.014,0,0.006,0.9992,0.0383,0,0.0138,-0.0384,0.9992,0,0.0142,9.4168,-1.313,1],"rest":[1,0,0,0,0,1,0,0,0,0,1,0,0.0142,9.4168,-1.313,1],"parentBoneIndex":2,"length":9.9132
,"animation":{"dataType":3,"framePerSecond":24,"keys":[
{"frame":1,"values":[0.9999,-0.0054,-0.014,0,0.006,0.9992,0.0383,0,0.0138,-0.0384,0.9992,0,0.0142,9.4168,-1.313,1]},
{"frame":2,"values":[0.9999,-0.0054,-0.0091,0,0.0057,0.9994,0.0344,0,0.0089,-0.0345,0.9994,0,0.0142,9.4168,-1.313,1]},
{"frame":3,"values":[1,-0.0041,-0.0042,0,0.0042,0.9995,0.0319,0,0.0041,-0.0319,0.9995,0,0.0142,9.4168,-1.313,1]},
{"frame":4,"values":[1,-0.0022,0.0003,0,0.0022,0.9995,0.0302,0,-0.0003,-0.0302,0.9995,0,0.0142,9.4168,-1.313,1]},
{"frame":5,"values":[1,-0.0007,0.0049,0,0.0006,0.9996,0.0274,0,-0.0049,-0.0274,0.9996,0,0.0142,9.4168,-1.313,1]},
{"frame":6,"values":[1,-0.0016,0.0092,0,0.0014,0.9997,0.0248,0,-0.0092,-0.0248,0.9996,0,0.0142,9.4168,-1.313,1]},
{"frame":7,"values":[0.9999,-0.0066,0.0107,0,0.0063,0.9996,0.026,0,-0.0109,-0.0259,0.9996,0,0.0142,9.4168,-1.313,1]},
{"frame":8,"values":[0.9999,-0.0129,0.0076,0,0.0127,0.9994,0.0308,0,-0.008,-0.0307,0.9995,0,0.0142,9.4168,-1.313,1]},
{"frame":9,"values":[0.9999,-0.0145,0.0026,0,0.0144,0.9993,0.0345,0,-0.0031,-0.0344,0.9994,0,0.0142,9.4168,-1.313,1]},
{"frame":10,"values":[0.9999,-0.011,0.001,0,0.0109,0.9994,0.034,0,-0.0013,-0.034,0.9994,0,0.0142,9.4168,-1.313,1]},
{"frame":11,"values":[1,-0.0075,0.0041,0,0.0073,0.9995,0.0313,0,-0.0044,-0.0312,0.9995,0,0.0142,9.4168,-1.313,1]},
{"frame":12,"values":[0.9999,-0.0071,0.0076,0,0.0069,0.9996,0.0282,0,-0.0078,-0.0281,0.9996,0,0.0142,9.4168,-1.313,1]},
{"frame":13,"values":[0.9999,-0.0089,0.0069,0,0.0087,0.9996,0.0255,0,-0.0072,-0.0254,0.9997,0,0.0142,9.4168,-1.313,1]},
{"frame":14,"values":[0.9999,-0.0111,0.0025,0,0.0111,0.9997,0.0235,0,-0.0027,-0.0235,0.9997,0,0.0142,9.4168,-1.313,1]},
{"frame":15,"values":[0.9999,-0.0133,-0.0033,0,0.0134,0.9997,0.022,0,0.003,-0.022,0.9998,0,0.0142,9.4168,-1.313,1]},
{"frame":16,"values":[0.9998,-0.0148,-0.0095,0,0.0149,0.9997,0.0191,0,0.0092,-0.0192,0.9998,0,0.0142,9.4168,-1.313,1]},
{"frame":17,"values":[0.9998,-0.0132,-0.0161,0,0.0135,0.9998,0.0159,0,0.0158,-0.0162,0.9997,0,0.0142,9.4168,-1.313,1]},
{"frame":18,"values":[0.9998,-0.0075,-0.0197,0,0.0079,0.9998,0.0178,0,0.0196,-0.018,0.9996,0,0.0142,9.4168,-1.313,1]},
{"frame":19,"values":[0.9999,0.0007,-0.0166,0,-0.0002,0.9997,0.0264,0,0.0166,-0.0264,0.9995,0,0.0142,9.4168,-1.313,1]},
{"frame":20,"values":[0.9999,0.0073,-0.009,0,-0.007,0.9993,0.0355,0,0.0093,-0.0354,0.9993,0,0.0142,9.4168,-1.313,1]},
{"frame":21,"values":[0.9999,0.0092,-0.0044,0,-0.009,0.9992,0.0396,0,0.0047,-0.0395,0.9992,0,0.0142,9.4168,-1.313,1]},
{"frame":22,"values":[1,0.0063,-0.0061,0,-0.006,0.9992,0.0403,0,0.0064,-0.0402,0.9992,0,0.0142,9.4168,-1.313,1]},
{"frame":23,"values":[0.9999,0.0004,-0.011,0,0,0.9992,0.04,0,0.011,-0.04,0.9991,0,0.0142,9.4168,-1.313,1]},
{"frame":24,"values":[0.9999,-0.0054,-0.014,0,0.006,0.9992,0.0383,0,0.0138,-0.0384,0.9992,0,0.0142,9.4168,-1.313,1]}],"loopBehavior":1,"name":"anim","property":"_matrix"}},
{"name":"Neck","index":4,"matrix":[1,0.0008,0.0057,0,-0.0006,0.9995,-0.0313,0,-0.0057,0.0313,0.9995,0,0.016,10.5938,-1.4771,1],"rest":[1,0,0,0,0,1,0,0,0,0,1,0,0.016,10.5938,-1.4771,1],"parentBoneIndex":3,"length":5.1073
,"animation":{"dataType":3,"framePerSecond":24,"keys":[
{"frame":1,"values":[1,0.0008,0.0057,0,-0.0006,0.9995,-0.0313,0,-0.0057,0.0313,0.9995,0,0.016,10.5938,-1.4771,1]},
{"frame":2,"values":[1,0.0005,0.0016,0,-0.0004,0.9995,-0.0307,0,-0.0016,0.0307,0.9995,0,0.016,10.5938,-1.4771,1]},
{"frame":3,"values":[1,-0.0011,-0.0031,0,0.001,0.9996,-0.0272,0,0.0031,0.0272,0.9996,0,0.016,10.5938,-1.4771,1]},
{"frame":4,"values":[1,-0.0029,-0.0071,0,0.0027,0.9998,-0.0213,0,0.0072,0.0213,0.9997,0,0.016,10.5938,-1.4771,1]},
{"frame":5,"values":[0.9999,-0.0034,-0.0097,0,0.0033,0.9999,-0.017,0,0.0097,0.0169,0.9998,0,0.016,10.5938,-1.4771,1]},
{"frame":6,"values":[0.9999,-0.0019,-0.0109,0,0.0017,0.9998,-0.0177,0,0.0109,0.0177,0.9998,0,0.016,10.5938,-1.4771,1]},
{"frame":7,"values":[0.9999,0.0015,-0.0111,0,-0.0018,0.9998,-0.0222,0,0.011,0.0222,0.9997,0,0.016,10.5938,-1.4771,1]},
{"frame":8,"values":[0.9999,0.004,-0.0105,0,-0.0042,0.9997,-0.0256,0,0.0104,0.0257,0.9996,0,0.016,10.5938,-1.4771,1]},
{"frame":9,"values":[0.9999,0.0021,-0.0101,0,-0.0024,0.9997,-0.0243,0,0.0101,0.0243,0.9997,0,0.016,10.5938,-1.4771,1]},
{"frame":10,"values":[0.9999,-0.003,-0.0105,0,0.0028,0.9998,-0.019,0,0.0106,0.0189,0.9998,0,0.016,10.5938,-1.4771,1]},
{"frame":11,"values":[0.9999,-0.007,-0.0105,0,0.0069,0.9999,-0.0143,0,0.0106,0.0142,0.9998,0,0.016,10.5938,-1.4771,1]},
{"frame":12,"values":[0.9999,-0.0075,-0.0087,0,0.0074,0.9999,-0.0135,0,0.0088,0.0134,0.9999,0,0.016,10.5938,-1.4771,1]},
{"frame":13,"values":[1,-0.0056,-0.0052,0,0.0055,0.9999,-0.0157,0,0.0053,0.0156,0.9999,0,0.016,10.5938,-1.4771,1]},
{"frame":14,"values":[1,-0.0033,-0.0016,0,0.0032,0.9998,-0.018,0,0.0017,0.018,0.9998,0,0.016,10.5938,-1.4771,1]},
{"frame":15,"values":[1,-0.0018,0.0012,0,0.0019,0.9998,-0.0193,0,-0.0011,0.0193,0.9998,0,0.016,10.5938,-1.4771,1]},
{"frame":16,"values":[1,-0.0025,0.003,0,0.0026,0.9998,-0.0214,0,-0.003,0.0214,0.9998,0,0.016,10.5938,-1.4771,1]},
{"frame":17,"values":[1,-0.0053,0.0042,0,0.0054,0.9996,-0.0263,0,-0.0041,0.0263,0.9996,0,0.016,10.5938,-1.4771,1]},
{"frame":18,"values":[1,-0.009,0.0043,0,0.0091,0.9994,-0.0327,0,-0.004,0.0327,0.9995,0,0.016,10.5938,-1.4771,1]},
{"frame":19,"values":[0.9999,-0.0125,0.0029,0,0.0126,0.9992,-0.0371,0,-0.0025,0.0371,0.9993,0,0.016,10.5938,-1.4771,1]},
{"frame":20,"values":[0.9999,-0.0146,0.0017,0,0.0146,0.9992,-0.0382,0,-0.0011,0.0383,0.9993,0,0.016,10.5938,-1.4771,1]},
{"frame":21,"values":[0.9999,-0.0136,0.0026,0,0.0137,0.9992,-0.0376,0,-0.0021,0.0376,0.9993,0,0.016,10.5938,-1.4771,1]},
{"frame":22,"values":[0.9999,-0.0096,0.0051,0,0.0097,0.9993,-0.0364,0,-0.0047,0.0364,0.9993,0,0.016,10.5938,-1.4771,1]},
{"frame":23,"values":[1,-0.004,0.0065,0,0.0042,0.9994,-0.0343,0,-0.0064,0.0343,0.9994,0,0.016,10.5938,-1.4771,1]},
{"frame":24,"values":[1,0.0008,0.0057,0,-0.0006,0.9995,-0.0313,0,-0.0057,0.0313,0.9995,0,0.016,10.5938,-1.4771,1]}],"loopBehavior":1,"name":"anim","property":"_matrix"}},
{"name":"Head","index":5,"matrix":[0.9953,0.0642,0.0729,0,-0.0541,0.9897,-0.1327,0,-0.0807,0.1281,0.9885,0,0,5.0564,0.7196,1],"rest":[1,0,0,0,0,1,0,0,0,0,1,0,0,5.0564,0.7196,1],"parentBoneIndex":4,"length":15.2963
,"animation":{"dataType":3,"framePerSecond":24,"keys":[
{"frame":1,"values":[0.9953,0.0642,0.0729,0,-0.0541,0.9897,-0.1327,0,-0.0807,0.1281,0.9885,0,0,5.0564,0.7196,1]},
{"frame":2,"values":[0.9977,0.0574,0.0358,0,-0.052,0.9893,-0.1367,0,-0.0432,0.1345,0.99,0,0,5.0564,0.7196,1]},
{"frame":3,"values":[0.9989,0.0462,-0.0053,0,-0.0464,0.9891,-0.1394,0,-0.0012,0.1395,0.9902,0,0,5.0564,0.7196,1]},
{"frame":4,"values":[0.9986,0.033,-0.0409,0,-0.0383,0.9899,-0.1366,0,0.036,0.138,0.9898,0,0,5.0564,0.7196,1]},
{"frame":5,"values":[0.9976,0.0249,-0.0646,0,-0.0332,0.9909,-0.1306,0,0.0608,0.1325,0.9893,0,0,5.0564,0.7196,1]},
{"frame":6,"values":[0.9966,0.0291,-0.0767,0,-0.0395,0.9898,-0.1371,0,0.0719,0.1397,0.9876,0,0,5.0564,0.7196,1]},
{"frame":7,"values":[0.9956,0.0436,-0.0828,0,-0.0568,0.9848,-0.1642,0,0.0743,0.1682,0.9829,0,0,5.0564,0.7196,1]},
{"frame":8,"values":[0.9948,0.0551,-0.0858,0,-0.0705,0.9794,-0.1892,0,0.0736,0.1942,0.9782,0,0,5.0564,0.7196,1]},
{"frame":9,"values":[0.9949,0.0529,-0.086,0,-0.0676,0.9818,-0.1777,0,0.0751,0.1826,0.9803,0,0,5.0564,0.7196,1]},
{"frame":10,"values":[0.9957,0.0446,-0.0814,0,-0.0549,0.9901,-0.1295,0,0.0748,0.1334,0.9882,0,0,5.0564,0.7196,1]},
{"frame":11,"values":[0.9969,0.0432,-0.0656,0,-0.0486,0.9954,-0.0825,0,0.0618,0.0855,0.9944,0,0,5.0564,0.7196,1]},
{"frame":12,"values":[0.9981,0.0493,-0.0369,0,-0.0516,0.9967,-0.063,0,0.0337,0.0648,0.9973,0,0,5.0564,0.7196,1]},
{"frame":13,"values":[0.9984,0.0568,-0.004,0,-0.0569,0.9962,-0.0665,0,0.0002,0.0666,0.9978,0,0,5.0564,0.7196,1]},
{"frame":14,"values":[0.9977,0.0642,0.0232,0,-0.0622,0.9948,-0.0806,0,-0.0283,0.0789,0.9965,0,0,5.0564,0.7196,1]},
{"frame":15,"values":[0.9965,0.0729,0.0412,0,-0.0686,0.9928,-0.0985,0,-0.0481,0.0954,0.9943,0,0,5.0564,0.7196,1]},
{"frame":16,"values":[0.9954,0.0804,0.053,0,-0.0736,0.9902,-0.1188,0,-0.062,0.1143,0.9915,0,0,5.0564,0.7196,1]},
{"frame":17,"values":[0.9949,0.0813,0.0597,0,-0.0717,0.9864,-0.1476,0,-0.0709,0.1425,0.9872,0,0,5.0564,0.7196,1]},
{"frame":18,"values":[0.9956,0.074,0.0573,0,-0.0619,0.9799,-0.1897,0,-0.0702,0.1853,0.9802,0,0,5.0564,0.7196,1]},
{"frame":19,"values":[0.997,0.0609,0.0473,0,-0.0483,0.9716,-0.2317,0,-0.0601,0.2288,0.9716,0,0,5.0564,0.7196,1]},
{"frame":20,"values":[0.9978,0.0487,0.044,0,-0.0361,0.967,-0.2522,0,-0.0548,0.2501,0.9667,0,0,5.0564,0.7196,1]},
{"frame":21,"values":[0.9973,0.0446,0.0585,0,-0.0292,0.9699,-0.2418,0,-0.0675,0.2394,0.9686,0,0,5.0564,0.7196,1]},
{"frame":22,"values":[0.9956,0.0486,0.08,0,-0.0308,0.9772,-0.2102,0,-0.0884,0.2069,0.9744,0,0,5.0564,0.7196,1]},
{"frame":23,"values":[0.9946,0.0568,0.0873,0,-0.0412,0.9845,-0.1704,0,-0.0956,0.1659,0.9815,0,0,5.0564,0.7196,1]},
{"frame":24,"values":[0.9953,0.0642,0.0729,0,-0.0541,0.9897,-0.1327,0,-0.0807,0.1281,0.9885,0,0,5.0564,0.7196,1]}],"loopBehavior":1,"name":"anim","property":"_matrix"}},
{"name":"HeadTop_End","index":6,"matrix":[1,0,0,0,0,1,0,0,0,0,1,0,0,15.1437,2.155,1],"rest":[1,0,0,0,0,1,0,0,0,0,1,0,0,15.1437,2.155,1],"parentBoneIndex":5,"length":15.2963
,"animation":{"dataType":3,"framePerSecond":24,"keys":[
{"frame":1,"values":[1,0,0,0,0,1,0,0,0,0,1,0,0,15.1437,2.155,1]},
{"frame":24,"values":[1,0,0,0,0,1,0,0,0,0,1,0,0,15.1437,2.155,1]}],"loopBehavior":1,"name":"anim","property":"_matrix"}},
{"name":"LeftShoulder","index":7,"matrix":[0.9856,-0.1671,0.0264,0,0.1667,0.9859,0.015,0,-0.0285,-0.0104,0.9995,0,3.5285,8.7304,-1.4561,1],"rest":[1,-0.0017,0,0,0.0017,1,0,0,0,0,1,0,3.5285,8.7304,-1.4561,1],"parentBoneIndex":3,"length":7.9526
,"animation":{"dataType":3,"framePerSecond":24,"keys":[
{"frame":1,"values":[0.9856,-0.1671,0.0264,0,0.1667,0.9859,0.015,0,-0.0285,-0.0104,0.9995,0,3.5285,8.7304,-1.4561,1]},
{"frame":2,"values":[0.9865,-0.1614,0.027,0,0.1611,0.9868,0.0149,0,-0.0291,-0.0103,0.9995,0,3.5285,8.7304,-1.4561,1]},
{"frame":3,"values":[0.9869,-0.1586,0.0294,0,0.1582,0.9873,0.0151,0,-0.0314,-0.0103,0.9995,0,3.5285,8.7304,-1.4561,1]},
{"frame":4,"values":[0.9867,-0.1592,0.0324,0,0.1587,0.9872,0.0156,0,-0.0344,-0.0103,0.9994,0,3.5285,8.7304,-1.4561,1]},
{"frame":5,"values":[0.9862,-0.1621,0.0333,0,0.1616,0.9867,0.0159,0,-0.0354,-0.0103,0.9993,0,3.5285,8.7304,-1.4561,1]},
{"frame":6,"values":[0.9858,-0.1651,0.0323,0,0.1646,0.9862,0.0159,0,-0.0345,-0.0104,0.9994,0,3.5285,8.7304,-1.4561,1]},
{"frame":7,"values":[0.9856,-0.1655,0.0335,0,0.1651,0.9862,0.0161,0,-0.0357,-0.0104,0.9993,0,3.5285,8.7304,-1.4561,1]},
{"frame":8,"values":[0.9857,-0.1646,0.0372,0,0.164,0.9863,0.0167,0,-0.0394,-0.0103,0.9992,0,3.5285,8.7304,-1.4561,1]},
{"frame":9,"values":[0.9854,-0.1659,0.0371,0,0.1654,0.9861,0.0167,0,-0.0393,-0.0104,0.9992,0,3.5285,8.7304,-1.4561,1]},
{"frame":10,"values":[0.985,-0.1697,0.0311,0,0.1693,0.9854,0.0159,0,-0.0334,-0.0104,0.9994,0,3.5285,8.7304,-1.4561,1]},
{"frame":11,"values":[0.9848,-0.1718,0.0268,0,0.1714,0.9851,0.0153,0,-0.029,-0.0105,0.9995,0,3.5285,8.7304,-1.4561,1]},
{"frame":12,"values":[0.9849,-0.1703,0.0296,0,0.1699,0.9853,0.0157,0,-0.0318,-0.0104,0.9994,0,3.5285,8.7304,-1.4561,1]},
{"frame":13,"values":[0.9854,-0.1667,0.034,0,0.1663,0.9859,0.0163,0,-0.0362,-0.0104,0.9993,0,3.5285,8.7304,-1.4561,1]},
{"frame":14,"values":[0.9861,-0.1627,0.0324,0,0.1622,0.9866,0.0158,0,-0.0345,-0.0103,0.9993,0,3.5285,8.7304,-1.4561,1]},
{"frame":15,"values":[0.9868,-0.1603,0.0249,0,0.16,0.987,0.0145,0,-0.0269,-0.0103,0.9996,0,3.5285,8.7304,-1.4561,1]},
{"frame":16,"values":[0.9866,-0.162,0.0168,0,0.1618,0.9867,0.0133,0,-0.0187,-0.0104,0.9998,0,3.5285,8.7304,-1.4561,1]},
{"frame":17,"values":[0.9858,-0.1675,0.0111,0,0.1673,0.9858,0.0125,0,-0.0131,-0.0105,0.9999,0,3.5285,8.7304,-1.4561,1]},
{"frame":18,"values":[0.9848,-0.1736,0.0079,0,0.1735,0.9848,0.0122,0,-0.0099,-0.0107,0.9999,0,3.5285,8.7304,-1.4561,1]},
{"frame":19,"values":[0.9839,-0.1785,0.0083,0,0.1784,0.9839,0.0124,0,-0.0104,-0.0108,0.9999,0,3.5285,8.7304,-1.4561,1]},
{"frame":20,"values":[0.9834,-0.1809,0.0141,0,0.1807,0.9834,0.0135,0,-0.0163,-0.0107,0.9998,0,3.5285,8.7304,-1.4561,1]},
{"frame":21,"values":[0.9835,-0.1796,0.0233,0,0.1793,0.9837,0.015,0,-0.0256,-0.0106,0.9996,0,3.5285,8.7304,-1.4561,1]},
{"frame":22,"values":[0.984,-0.1758,0.0293,0,0.1754,0.9844,0.0159,0,-0.0317,-0.0105,0.9994,0,3.5285,8.7304,-1.4561,1]},
{"frame":23,"values":[0.9848,-0.1714,0.0293,0,0.171,0.9852,0.0157,0,-0.0316,-0.0105,0.9994,0,3.5285,8.7304,-1.4561,1]},
{"frame":24,"values":[0.9856,-0.1671,0.0264,0,0.1667,0.9859,0.015,0,-0.0285,-0.0104,0.9995,0,3.5285,8.7304,-1.4561,1]}],"loopBehavior":1,"name":"anim","property":"_matrix"}},
{"name":"LeftArm","index":8,"matrix":[0.314,-0.9492,-0.0183,0,0.8759,0.2822,0.3913,0,-0.3663,-0.139,0.9201,0,7.6132,-2.2982,0.0421,1],"rest":[0.9965,-0.0092,0.0835,0,0.0092,1,0.0007,0,-0.0835,0.0001,0.9965,0,7.6132,-2.2982,0.0421,1],"parentBoneIndex":7,"length":18.9821
,"animation":{"dataType":3,"framePerSecond":24,"keys":[
{"frame":1,"values":[0.314,-0.9492,-0.0183,0,0.8759,0.2822,0.3913,0,-0.3663,-0.139,0.9201,0,7.6132,-2.2982,0.0421,1]},
{"frame":2,"values":[0.2957,-0.9483,-0.1149,0,0.8867,0.2277,0.4024,0,-0.3555,-0.2209,0.9082,0,7.6132,-2.2982,0.0421,1]},
{"frame":3,"values":[0.2699,-0.9441,-0.1894,0,0.8947,0.1731,0.4117,0,-0.3559,-0.2806,0.8914,0,7.6132,-2.2982,0.0421,1]},
{"frame":4,"values":[0.2516,-0.9432,-0.217,0,0.8975,0.1434,0.4171,0,-0.3623,-0.2997,0.8826,0,7.6132,-2.2982,0.0421,1]},
{"frame":5,"values":[0.2519,-0.9488,-0.1907,0,0.8936,0.1524,0.4222,0,-0.3715,-0.2768,0.8862,0,7.6132,-2.2982,0.0421,1]},
{"frame":6,"values":[0.2724,-0.9549,-0.1179,0,0.8802,0.1978,0.4315,0,-0.3888,-0.2213,0.8944,0,7.6132,-2.2982,0.0421,1]},
{"frame":7,"values":[0.3051,-0.952,-0.0225,0,0.8562,0.2639,0.4441,0,-0.4169,-0.1548,0.8957,0,7.6132,-2.2982,0.0421,1]},
{"frame":8,"values":[0.3448,-0.9352,0.081,0,0.8216,0.3424,0.4557,0,-0.4539,-0.0906,0.8864,0,7.6132,-2.2982,0.0421,1]},
{"frame":9,"values":[0.3818,-0.9057,0.1843,0,0.7799,0.4227,0.4616,0,-0.4959,-0.0325,0.8677,0,7.6132,-2.2982,0.0421,1]},
{"frame":10,"values":[0.409,-0.87,0.2753,0,0.7377,0.4928,0.4615,0,-0.5372,0.0143,0.8433,0,7.6132,-2.2982,0.0421,1]},
{"frame":11,"values":[0.4265,-0.835,0.3476,0,0.6994,0.5482,0.4586,0,-0.5735,0.0475,0.8178,0,7.6132,-2.2982,0.0421,1]},
{"frame":12,"values":[0.4358,-0.8047,0.4032,0,0.667,0.5895,0.4555,0,-0.6043,0.0704,0.7937,0,7.6132,-2.2982,0.0421,1]},
{"frame":13,"values":[0.4382,-0.781,0.4451,0,0.6441,0.6182,0.4506,0,-0.6271,0.0892,0.7738,0,7.6132,-2.2982,0.0421,1]},
{"frame":14,"values":[0.4369,-0.7669,0.4701,0,0.6369,0.6328,0.4404,0,-0.6352,0.107,0.7649,0,7.6132,-2.2982,0.0421,1]},
{"frame":15,"values":[0.4373,-0.7662,0.4708,0,0.648,0.6315,0.4258,0,-0.6236,0.1188,0.7727,0,7.6132,-2.2982,0.0421,1]},
{"frame":16,"values":[0.4402,-0.7787,0.447,0,0.6724,0.6158,0.4107,0,-0.5951,0.1197,0.7947,0,7.6132,-2.2982,0.0421,1]},
{"frame":17,"values":[0.4388,-0.801,0.4071,0,0.707,0.5874,0.3937,0,-0.5545,0.1151,0.8242,0,7.6132,-2.2982,0.0421,1]},
{"frame":18,"values":[0.4273,-0.8298,0.359,0,0.7522,0.5466,0.3681,0,-0.5016,0.1127,0.8577,0,7.6132,-2.2982,0.0421,1]},
{"frame":19,"values":[0.4066,-0.8614,0.3044,0,0.8006,0.4965,0.3354,0,-0.44,0.1074,0.8915,0,7.6132,-2.2982,0.0421,1]},
{"frame":20,"values":[0.3822,-0.8895,0.2502,0,0.837,0.448,0.3141,0,-0.3915,0.0894,0.9158,0,7.6132,-2.2982,0.0421,1]},
{"frame":21,"values":[0.3581,-0.9111,0.2043,0,0.8533,0.4081,0.3244,0,-0.3789,0.0581,0.9236,0,7.6132,-2.2982,0.0421,1]},
{"frame":22,"values":[0.3379,-0.928,0.1571,0,0.8567,0.3723,0.3569,0,-0.3897,0.0141,0.9208,0,7.6132,-2.2982,0.0421,1]},
{"frame":23,"values":[0.3263,-0.9413,0.0863,0,0.8607,0.3336,0.3844,0,-0.3907,-0.0512,0.9191,0,7.6132,-2.2982,0.0421,1]},
{"frame":24,"values":[0.314,-0.9492,-0.0183,0,0.8759,0.2822,0.3913,0,-0.3663,-0.139,0.9201,0,7.6132,-2.2982,0.0421,1]}],"loopBehavior":1,"name":"anim","property":"_matrix"}},
{"name":"LeftForeArm","index":9,"matrix":[0.9964,0.0108,-0.0835,0,-0.0108,0.9999,0.0005,0,0.0835,0.0005,0.9965,0,18.9146,0.2055,-1.5856,1],"rest":[0.9964,0.0108,-0.0835,0,-0.0108,0.9999,0.0005,0,0.0835,0.0005,0.9965,0,18.9146,0.2055,-1.5856,1],"parentBoneIndex":8,"length":18.4362
,"animation":{"dataType":3,"framePerSecond":24,"keys":[
{"frame":1,"values":[0.9964,0.0108,-0.0835,0,-0.0108,0.9999,0.0005,0,0.0835,0.0005,0.9965,0,18.9146,0.2055,-1.5856,1]},
{"frame":2,"values":[0.9966,0.0108,-0.0812,0,-0.0108,0.9999,0.0003,0,0.0812,0.0006,0.9967,0,18.9146,0.2055,-1.5856,1]},
{"frame":3,"values":[0.997,0.0108,-0.0769,0,-0.0109,0.9999,0,0,0.0769,0.0008,0.997,0,18.9146,0.2055,-1.5856,1]},
{"frame":4,"values":[0.9969,0.0108,-0.0783,0,-0.0109,0.9999,0.0001,0,0.0783,0.0007,0.9969,0,18.9146,0.2055,-1.5856,1]},
{"frame":5,"values":[0.9965,0.0108,-0.0825,0,-0.0108,0.9999,0.0004,0,0.0825,0.0005,0.9966,0,18.9146,0.2055,-1.5856,1]},
{"frame":6,"values":[0.9964,0.0108,-0.0835,0,-0.0108,0.9999,0.0005,0,0.0835,0.0005,0.9965,0,18.9146,0.2055,-1.5856,1]},
{"frame":7,"values":[0.9965,0.0108,-0.0831,0,-0.0108,0.9999,0.0004,0,0.0831,0.0005,0.9965,0,18.9146,0.2055,-1.5856,1]},
{"frame":8,"values":[0.998,0.0109,-0.0628,0,-0.0109,0.9999,-0.0009,0,0.0628,0.0015,0.998,0,18.9146,0.2055,-1.5856,1]},
{"frame":9,"values":[0.9998,0.011,-0.0189,0,-0.011,0.9999,-0.0036,0,0.0188,0.0038,0.9998,0,18.9146,0.2055,-1.5856,1]},
{"frame":10,"values":[0.9993,0.0113,0.0366,0,-0.011,0.9999,-0.0071,0,-0.0367,0.0067,0.9993,0,18.9146,0.2055,-1.5856,1]},
{"frame":11,"values":[0.9938,0.0119,0.1108,0,-0.0107,0.9999,-0.0118,0,-0.111,0.0105,0.9938,0,18.9146,0.2055,-1.5856,1]},
{"frame":12,"values":[0.9771,0.0133,0.2122,0,-0.0097,0.9998,-0.0182,0,-0.2124,0.0157,0.9771,0,18.9146,0.2055,-1.5856,1]},
{"frame":13,"values":[0.9443,0.0156,0.3286,0,-0.0076,0.9996,-0.0255,0,-0.3289,0.0216,0.9441,0,18.9146,0.2055,-1.5856,1]},
{"frame":14,"values":[0.8943,0.0188,0.447,0,-0.0045,0.9994,-0.033,0,-0.4474,0.0274,0.8939,0,18.9146,0.2055,-1.5856,1]},
{"frame":15,"values":[0.8262,0.0229,0.5629,0,-0.0003,0.9992,-0.0403,0,-0.5633,0.0331,0.8256,0,18.9146,0.2055,-1.5856,1]},
{"frame":16,"values":[0.7478,0.0275,0.6634,0,0.0046,0.9989,-0.0466,0,-0.6639,0.0379,0.7468,0,18.9146,0.2055,-1.5856,1]},
{"frame":17,"values":[0.6889,0.0308,0.7242,0,0.0083,0.9987,-0.0504,0,-0.7248,0.0408,0.6878,0,18.9146,0.2055,-1.5856,1]},
{"frame":18,"values":[0.6847,0.0311,0.7282,0,0.0086,0.9987,-0.0507,0,-0.7288,0.041,0.6835,0,18.9146,0.2055,-1.5856,1]},
{"frame":19,"values":[0.745,0.0276,0.6665,0,0.0048,0.9989,-0.0468,0,-0.6671,0.0381,0.744,0,18.9146,0.2055,-1.5856,1]},
{"frame":20,"values":[0.8414,0.022,0.5399,0,-0.0012,0.9992,-0.0388,0,-0.5404,0.032,0.8408,0,18.9146,0.2055,-1.5856,1]},
{"frame":21,"values":[0.9377,0.016,0.347,0,-0.0072,0.9996,-0.0266,0,-0.3473,0.0225,0.9375,0,18.9146,0.2055,-1.5856,1]},
{"frame":22,"values":[0.9925,0.0121,0.1219,0,-0.0106,0.9999,-0.0125,0,-0.122,0.0111,0.9925,0,18.9146,0.2055,-1.5856,1]},
{"frame":23,"values":[0.9991,0.0109,-0.0414,0,-0.011,0.9999,-0.0022,0,0.0414,0.0027,0.9991,0,18.9146,0.2055,-1.5856,1]},
{"frame":24,"values":[0.9964,0.0108,-0.0835,0,-0.0108,0.9999,0.0005,0,0.0835,0.0005,0.9965,0,18.9146,0.2055,-1.5856,1]}],"loopBehavior":1,"name":"anim","property":"_matrix"}},
{"name":"LeftHand","index":10,"matrix":[0.9782,0.007,0.2077,0,0.0927,0.8798,-0.4661,0,-0.186,0.4752,0.86,0,18.4362,0,0,1],"rest":[0.9824,-0.1864,-0.0127,0,0.1846,0.9789,-0.0878,0,0.0288,0.0839,0.9961,0,18.4362,0,0,1],"parentBoneIndex":9,"length":6.699
,"animation":{"dataType":3,"framePerSecond":24,"keys":[
{"frame":1,"values":[0.9782,0.007,0.2077,0,0.0927,0.8798,-0.4661,0,-0.186,0.4752,0.86,0,18.4362,0,0,1]},
{"frame":2,"values":[0.9704,0.0317,0.2393,0,0.0829,0.8873,-0.4537,0,-0.2267,0.4602,0.8584,0,18.4362,0,0,1]},
{"frame":3,"values":[0.9615,0.0481,0.2706,0,0.0882,0.8785,-0.4696,0,-0.2603,0.4754,0.8404,0,18.4362,0,0,1]},
{"frame":4,"values":[0.9605,0.0189,0.2777,0,0.1255,0.861,-0.4928,0,-0.2484,0.5082,0.8246,0,18.4362,0,0,1]},
{"frame":5,"values":[0.9662,-0.0278,0.2564,0,0.1618,0.8396,-0.5185,0,-0.2008,0.5425,0.8157,0,18.4362,0,0,1]},
{"frame":6,"values":[0.9711,-0.0287,0.2367,0,0.1604,0.813,-0.5597,0,-0.1764,0.5815,0.7942,0,18.4362,0,0,1]},
{"frame":7,"values":[0.9687,0.0299,0.2465,0,0.1308,0.7822,-0.6091,0,-0.211,0.6223,0.7538,0,18.4362,0,0,1]},
{"frame":8,"values":[0.9578,0.1027,0.2684,0,0.0976,0.7623,-0.6398,0,-0.2703,0.639,0.7201,0,18.4362,0,0,1]},
{"frame":9,"values":[0.9489,0.1467,0.2794,0,0.0683,0.7691,-0.6355,0,-0.3081,0.6221,0.7197,0,18.4362,0,0,1]},
{"frame":10,"values":[0.9442,0.1669,0.2838,0,0.0387,0.7999,-0.5989,0,-0.327,0.5765,0.7488,0,18.4362,0,0,1]},
{"frame":11,"values":[0.9382,0.1956,0.2855,0,-0.0046,0.8319,-0.5549,0,-0.3461,0.5193,0.7813,0,18.4362,0,0,1]},
{"frame":12,"values":[0.9256,0.2462,0.2876,0,-0.0583,0.8433,-0.5343,0,-0.3741,0.4777,0.7949,0,18.4362,0,0,1]},
{"frame":13,"values":[0.9054,0.3005,0.2999,0,-0.0967,0.8338,-0.5435,0,-0.4134,0.4631,0.784,0,18.4362,0,0,1]},
{"frame":14,"values":[0.8834,0.3407,0.3217,0,-0.1127,0.8209,-0.5599,0,-0.4548,0.4584,0.7636,0,18.4362,0,0,1]},
{"frame":15,"values":[0.8648,0.3681,0.3415,0,-0.1272,0.8185,-0.5602,0,-0.4857,0.441,0.7547,0,18.4362,0,0,1]},
{"frame":16,"values":[0.8505,0.3883,0.3549,0,-0.1486,0.8245,-0.546,0,-0.5046,0.4116,0.7589,0,18.4362,0,0,1]},
{"frame":17,"values":[0.8405,0.3972,0.3684,0,-0.1586,0.8306,-0.5338,0,-0.518,0.3903,0.7611,0,18.4362,0,0,1]},
{"frame":18,"values":[0.8365,0.3891,0.3857,0,-0.1447,0.8359,-0.5295,0,-0.5285,0.3872,0.7555,0,18.4362,0,0,1]},
{"frame":19,"values":[0.8416,0.3685,0.3949,0,-0.1208,0.8411,-0.5273,0,-0.5265,0.396,0.7523,0,18.4362,0,0,1]},
{"frame":20,"values":[0.8566,0.3459,0.3829,0,-0.1036,0.8422,-0.5291,0,-0.5055,0.4135,0.7573,0,18.4362,0,0,1]},
{"frame":21,"values":[0.8822,0.3079,0.3561,0,-0.0751,0.8387,-0.5393,0,-0.4648,0.4491,0.7631,0,18.4362,0,0,1]},
{"frame":22,"values":[0.9161,0.2287,0.3294,0,-0.0144,0.8396,-0.543,0,-0.4007,0.4927,0.7725,0,18.4362,0,0,1]},
{"frame":23,"values":[0.9512,0.1139,0.2868,0,0.0541,0.8535,-0.5184,0,-0.3038,0.5086,0.8056,0,18.4362,0,0,1]},
{"frame":24,"values":[0.9782,0.007,0.2077,0,0.0927,0.8798,-0.4661,0,-0.186,0.4752,0.86,0,18.4362,0,0,1]}],"loopBehavior":1,"name":"anim","property":"_matrix"}},
{"name":"LeftHandThumb1","index":11,"matrix":[0.9596,0.2814,-0.0088,0,-0.2806,0.9584,0.0515,0,0.0229,-0.047,0.9986,0,3.0862,-1.2837,1.4227,1],"rest":[0.9923,0.1154,-0.0442,0,-0.1172,0.9923,-0.0407,0,0.0392,0.0455,0.9982,0,3.0862,-1.2837,1.4227,1],"parentBoneIndex":10,"length":2.9063
,"animation":{"dataType":3,"framePerSecond":24,"keys":[
{"frame":1,"values":[0.9596,0.2814,-0.0088,0,-0.2806,0.9584,0.0515,0,0.0229,-0.047,0.9986,0,3.0862,-1.2837,1.4227,1]},
{"frame":24,"values":[0.9596,0.2814,-0.0088,0,-0.2806,0.9584,0.0515,0,0.0229,-0.047,0.9986,0,3.0862,-1.2837,1.4227,1]}],"loopBehavior":1,"name":"anim","property":"_matrix"}},
{"name":"LeftHandThumb2","index":12,"matrix":[0.8877,0.1428,-0.4377,0,-0.1188,0.9895,0.0819,0,0.4448,-0.0208,0.8954,0,2.2512,-1.2997,1.2997,1],"rest":[1,0,0,0,0,1,0,0,0,0,1,0,2.2512,-1.2997,1.2997,1],"parentBoneIndex":11,"length":2.9053
,"animation":{"dataType":3,"framePerSecond":24,"keys":[
{"frame":1,"values":[0.8877,0.1428,-0.4377,0,-0.1188,0.9895,0.0819,0,0.4448,-0.0208,0.8954,0,2.2512,-1.2997,1.2997,1]},
{"frame":24,"values":[0.8877,0.1428,-0.4377,0,-0.1188,0.9895,0.0819,0,0.4448,-0.0208,0.8954,0,2.2512,-1.2997,1.2997,1]}],"loopBehavior":1,"name":"anim","property":"_matrix"}},
{"name":"LeftHandThumb3","index":13,"matrix":[0.9632,0.0372,-0.2661,0,-0.0154,0.9964,0.0835,0,0.2682,-0.0763,0.9603,0,2.2504,-1.2993,1.2993,1],"rest":[0.9996,-0.0265,-0.0043,0,0.0265,0.9995,0.0176,0,0.0038,-0.0177,0.9998,0,2.2504,-1.2993,1.2993,1],"parentBoneIndex":12,"length":2.0937
,"animation":{"dataType":3,"framePerSecond":24,"keys":[
{"frame":1,"values":[0.9632,0.0372,-0.2661,0,-0.0154,0.9964,0.0835,0,0.2682,-0.0763,0.9603,0,2.2504,-1.2993,1.2993,1]},
{"frame":24,"values":[0.9632,0.0372,-0.2661,0,-0.0154,0.9964,0.0835,0,0.2682,-0.0763,0.9603,0,2.2504,-1.2993,1.2993,1]}],"loopBehavior":1,"name":"anim","property":"_matrix"}},
{"name":"LeftHandThumb4","index":14,"matrix":[1,0,0,0,0,1,0,0,0,0,1,0,1.642,-0.8764,0.9589,1],"rest":[1,0,0,0,0,1,0,0,0,0,1,0,1.642,-0.8764,0.9589,1],"parentBoneIndex":13,"length":2.0937
,"animation":{"dataType":3,"framePerSecond":24,"keys":[
{"frame":1,"values":[1,0,0,0,0,1,0,0,0,0,1,0,1.642,-0.8764,0.9589,1]},
{"frame":24,"values":[1,0,0,0,0,1,0,0,0,0,1,0,1.642,-0.8764,0.9589,1]}],"loopBehavior":1,"name":"anim","property":"_matrix"}},
{"name":"LeftHandIndex1","index":15,"matrix":[0.999,-0.022,0.0399,0,0.0234,0.9991,-0.035,0,-0.0391,0.0359,0.9986,0,7.464,1.013,1.9108,1],"rest":[0.9467,0.3125,0.078,0,-0.3129,0.9497,-0.0071,0,-0.0763,-0.0177,0.9969,0,7.464,1.013,1.9108,1],"parentBoneIndex":10,"length":3.1738
,"animation":{"dataType":3,"framePerSecond":24,"keys":[
{"frame":1,"values":[0.999,-0.022,0.0399,0,0.0234,0.9991,-0.035,0,-0.0391,0.0359,0.9986,0,7.464,1.013,1.9108,1]},
{"frame":24,"values":[0.999,-0.022,0.0399,0,0.0234,0.9991,-0.035,0,-0.0391,0.0359,0.9986,0,7.464,1.013,1.9108,1]}],"loopBehavior":1,"name":"anim","property":"_matrix"}},
{"name":"LeftHandIndex2","index":16,"matrix":[0.926,-0.3707,-0.0712,0,0.3697,0.9287,-0.027,0,0.0762,-0.0013,0.9971,0,3.142,-0.4199,-0.157,1],"rest":[0.9998,-0.0181,0.007,0,0.0181,0.9998,-0.0018,0,-0.007,0.0019,1,0,3.142,-0.4199,-0.157,1],"parentBoneIndex":15,"length":2.1038
,"animation":{"dataType":3,"framePerSecond":24,"keys":[
{"frame":1,"values":[0.926,-0.3707,-0.0712,0,0.3697,0.9287,-0.027,0,0.0762,-0.0013,0.9971,0,3.142,-0.4199,-0.157,1]},
{"frame":24,"values":[0.926,-0.3707,-0.0712,0,0.3697,0.9287,-0.027,0,0.0762,-0.0013,0.9971,0,3.142,-0.4199,-0.157,1]}],"loopBehavior":1,"name":"anim","property":"_matrix"}},
{"name":"LeftHandIndex3","index":17,"matrix":[0.9999,0.014,0.0083,0,-0.014,0.9999,-0.0002,0,-0.0083,0.0001,1,0,2.0866,-0.2403,-0.1191,1],"rest":[0.9985,-0.0544,-0.0084,0,0.0544,0.9985,-0.0024,0,0.0085,0.0019,1,0,2.0866,-0.2403,-0.1191,1],"parentBoneIndex":16,"length":1.9464
,"animation":{"dataType":3,"framePerSecond":24,"keys":[
{"frame":1,"values":[0.9999,0.014,0.0083,0,-0.014,0.9999,-0.0002,0,-0.0083,0.0001,1,0,2.0866,-0.2403,-0.1191,1]},
{"frame":24,"values":[0.9999,0.014,0.0083,0,-0.014,0.9999,-0.0002,0,-0.0083,0.0001,1,0,2.0866,-0.2403,-0.1191,1]}],"loopBehavior":1,"name":"anim","property":"_matrix"}},
{"name":"LeftHandIndex4","index":18,"matrix":[1,0,0,0,0,1,0,0,0,0,1,0,1.9406,-0.1168,-0.0942,1],"rest":[1,0,0,0,0,1,0,0,0,0,1,0,1.9406,-0.1168,-0.0942,1],"parentBoneIndex":17,"length":1.9464
,"animation":{"dataType":3,"framePerSecond":24,"keys":[
{"frame":1,"values":[1,0,0,0,0,1,0,0,0,0,1,0,1.9406,-0.1168,-0.0942,1]},
{"frame":24,"values":[1,0,0,0,0,1,0,0,0,0,1,0,1.9406,-0.1168,-0.0942,1]}],"loopBehavior":1,"name":"anim","property":"_matrix"}},
{"name":"LeftHandMiddle1","index":19,"matrix":[0.998,-0.0514,-0.0356,0,0.0506,0.9984,-0.0232,0,0.0367,0.0214,0.9991,0,7.4859,1.4067,0.2197,1],"rest":[0.92,0.3717,0.1241,0,-0.3732,0.9277,-0.0117,0,-0.1194,-0.0356,0.9922,0,7.4859,1.4067,0.2197,1],"parentBoneIndex":10,"length":3.6612
,"animation":{"dataType":3,"framePerSecond":24,"keys":[
{"frame":1,"values":[0.998,-0.0514,-0.0356,0,0.0506,0.9984,-0.0232,0,0.0367,0.0214,0.9991,0,7.4859,1.4067,0.2197,1]},
{"frame":24,"values":[0.998,-0.0514,-0.0356,0,0.0506,0.9984,-0.0232,0,0.0367,0.0214,0.9991,0,7.4859,1.4067,0.2197,1]}],"loopBehavior":1,"name":"anim","property":"_matrix"}},
{"name":"LeftHandMiddle2","index":20,"matrix":[0.9174,-0.3708,-0.1445,0,0.3712,0.9282,-0.0255,0,0.1436,-0.0302,0.9892,0,3.5734,-0.7167,-0.3489,1],"rest":[0.9979,0.0003,-0.065,0,0.0005,0.9999,0.013,0,0.065,-0.013,0.9978,0,3.5734,-0.7167,-0.3489,1],"parentBoneIndex":19,"length":2.307
,"animation":{"dataType":3,"framePerSecond":24,"keys":[
{"frame":1,"values":[0.9174,-0.3708,-0.1445,0,0.3712,0.9282,-0.0255,0,0.1436,-0.0302,0.9892,0,3.5734,-0.7167,-0.3489,1]},
{"frame":24,"values":[0.9174,-0.3708,-0.1445,0,0.3712,0.9282,-0.0255,0,0.1436,-0.0302,0.9892,0,3.5734,-0.7167,-0.3489,1]}],"loopBehavior":1,"name":"anim","property":"_matrix"}},
{"name":"LeftHandMiddle3","index":21,"matrix":[0.9989,-0.0415,-0.0201,0,0.0415,0.9991,0.002,0,0.02,-0.0028,0.9998,0,2.261,-0.4533,-0.0672,1],"rest":[0.9953,-0.0937,-0.0244,0,0.0937,0.9956,0.001,0,0.0242,-0.0032,0.9997,0,2.261,-0.4533,-0.0672,1],"parentBoneIndex":20,"length":2.0715
,"animation":{"dataType":3,"framePerSecond":24,"keys":[
{"frame":1,"values":[0.9989,-0.0415,-0.0201,0,0.0415,0.9991,0.002,0,0.02,-0.0028,0.9998,0,2.261,-0.4533,-0.0672,1]},
{"frame":24,"values":[0.9989,-0.0415,-0.0201,0,0.0415,0.9991,0.002,0,0.02,-0.0028,0.9998,0,2.261,-0.4533,-0.0672,1]}],"loopBehavior":1,"name":"anim","property":"_matrix"}},
{"name":"LeftHandMiddle4","index":22,"matrix":[1,0,0,0,0,1,0,0,0,0,1,0,2.0603,-0.215,-0.0098,1],"rest":[1,0,0,0,0,1,0,0,0,0,1,0,2.0603,-0.215,-0.0098,1],"parentBoneIndex":21,"length":2.0715
,"animation":{"dataType":3,"framePerSecond":24,"keys":[
{"frame":1,"values":[1,0,0,0,0,1,0,0,0,0,1,0,2.0603,-0.215,-0.0098,1]},
{"frame":24,"values":[1,0,0,0,0,1,0,0,0,0,1,0,2.0603,-0.215,-0.0098,1]}],"loopBehavior":1,"name":"anim","property":"_matrix"}},
