{"producer":{"name":"Blender","version":"2.90.0","exporter_version":"2.80.1","file":"eve_idle.babylon"},
"autoClear":true,"clearColor":[0.0509,0.0509,0.0509],"gravity":[0,-9.81,0],
"materials":[{"name":"bodymat","id":"bodymat","customType":"BABYLON.PBRMaterial","backFaceCulling":true,"checkReadyOnlyOnce":false,"maxSimultaneousLights":4,"environmentIntensity":1,"roughness":0.8586,"alpha":1,"transparencyMode":0,"alphaCutOff":0.4,"metallic":0, 
"albedoTexture":{"name":"SpacePirate_diffuse.jpg","level":1,"hasAlpha":false,"coordinatesMode":0,"uOffset":0,"vOffset":0,"uScale":1,"vScale":1,"uAng":0,"vAng":0,"wAng":0,"wrapU":1,"wrapV":1,"coordinatesIndex":0},"useAlphaFromAlbedoTexture":false, 
"reflectivityTexture":{"name":"SpacePirate_specular.jpg","level":1,"hasAlpha":false,"coordinatesMode":0,"uOffset":0,"vOffset":0,"uScale":1,"vScale":1,"uAng":0,"vAng":0,"wAng":0,"wrapU":1,"wrapV":1,"coordinatesIndex":0}, 
"bumpTexture":{"name":"SpacePirate_normal.jpg","level":1,"hasAlpha":false,"coordinatesMode":0,"uOffset":0,"vOffset":0,"uScale":1,"vScale":1,"uAng":0,"vAng":0,"wAng":0,"wrapU":1,"wrapV":1,"coordinatesIndex":0}},
{"name":"shoesmat","id":"shoesmat","customType":"BABYLON.PBRMaterial","backFaceCulling":true,"checkReadyOnlyOnce":false,"maxSimultaneousLights":4,"environmentIntensity":1,"roughness":0.8586,"alpha":1,"transparencyMode":0,"alphaCutOff":0.4,"metallic":0, 
"albedoTexture":{"name":"SpacePirate_diffuse.jpg","level":1,"hasAlpha":false,"coordinatesMode":0,"uOffset":0,"vOffset":0,"uScale":1,"vScale":1,"uAng":0,"vAng":0,"wAng":0,"wrapU":1,"wrapV":1,"coordinatesIndex":0},"useAlphaFromAlbedoTexture":false, 
"reflectivityTexture":{"name":"SpacePirate_specular.jpg","level":1,"hasAlpha":false,"coordinatesMode":0,"uOffset":0,"vOffset":0,"uScale":1,"vScale":1,"uAng":0,"vAng":0,"wAng":0,"wrapU":1,"wrapV":1,"coordinatesIndex":0}, 
"bumpTexture":{"name":"SpacePirate_normal.jpg","level":1,"hasAlpha":false,"coordinatesMode":0,"uOffset":0,"vOffset":0,"uScale":1,"vScale":1,"uAng":0,"vAng":0,"wAng":0,"wrapU":1,"wrapV":1,"coordinatesIndex":0}},
{"name":"legmat","id":"legmat","customType":"BABYLON.PBRMaterial","backFaceCulling":true,"checkReadyOnlyOnce":false,"maxSimultaneousLights":4,"environmentIntensity":1,"roughness":0.8586,"alpha":1,"transparencyMode":0,"alphaCutOff":0.4,"metallic":0, 
"albedoTexture":{"name":"SpacePirate_diffuse.jpg","level":1,"hasAlpha":false,"coordinatesMode":0,"uOffset":0,"vOffset":0,"uScale":1,"vScale":1,"uAng":0,"vAng":0,"wAng":0,"wrapU":1,"wrapV":1,"coordinatesIndex":0},"useAlphaFromAlbedoTexture":false, 
"reflectivityTexture":{"name":"SpacePirate_specular.jpg","level":1,"hasAlpha":false,"coordinatesMode":0,"uOffset":0,"vOffset":0,"uScale":1,"vScale":1,"uAng":0,"vAng":0,"wAng":0,"wrapU":1,"wrapV":1,"coordinatesIndex":0}, 
"bumpTexture":{"name":"SpacePirate_normal.jpg","level":1,"hasAlpha":false,"coordinatesMode":0,"uOffset":0,"vOffset":0,"uScale":1,"vScale":1,"uAng":0,"vAng":0,"wAng":0,"wrapU":1,"wrapV":1,"coordinatesIndex":0}},
{"name":"skirtmat","id":"skirtmat","customType":"BABYLON.PBRMaterial","backFaceCulling":true,"checkReadyOnlyOnce":false,"maxSimultaneousLights":4,"environmentIntensity":1,"roughness":0.8586,"alpha":1,"transparencyMode":0,"alphaCutOff":0.4,"metallic":0, 
"albedoTexture":{"name":"SpacePirate_diffuse.jpg","level":1,"hasAlpha":false,"coordinatesMode":0,"uOffset":0,"vOffset":0,"uScale":1,"vScale":1,"uAng":0,"vAng":0,"wAng":0,"wrapU":1,"wrapV":1,"coordinatesIndex":0},"useAlphaFromAlbedoTexture":false, 
"reflectivityTexture":{"name":"SpacePirate_specular.jpg","level":1,"hasAlpha":false,"coordinatesMode":0,"uOffset":0,"vOffset":0,"uScale":1,"vScale":1,"uAng":0,"vAng":0,"wAng":0,"wrapU":1,"wrapV":1,"coordinatesIndex":0}, 
"bumpTexture":{"name":"SpacePirate_normal.jpg","level":1,"hasAlpha":false,"coordinatesMode":0,"uOffset":0,"vOffset":0,"uScale":1,"vScale":1,"uAng":0,"vAng":0,"wAng":0,"wrapU":1,"wrapV":1,"coordinatesIndex":0}},
{"name":"bottomsmat","id":"bottomsmat","customType":"BABYLON.PBRMaterial","backFaceCulling":true,"checkReadyOnlyOnce":false,"maxSimultaneousLights":4,"environmentIntensity":1,"roughness":0.8586,"alpha":1,"transparencyMode":0,"alphaCutOff":0.4,"metallic":0, 
"albedoTexture":{"name":"SpacePirate_diffuse.jpg","level":1,"hasAlpha":false,"coordinatesMode":0,"uOffset":0,"vOffset":0,"uScale":1,"vScale":1,"uAng":0,"vAng":0,"wAng":0,"wrapU":1,"wrapV":1,"coordinatesIndex":0},"useAlphaFromAlbedoTexture":false, 
"reflectivityTexture":{"name":"SpacePirate_specular.jpg","level":1,"hasAlpha":false,"coordinatesMode":0,"uOffset":0,"vOffset":0,"uScale":1,"vScale":1,"uAng":0,"vAng":0,"wAng":0,"wrapU":1,"wrapV":1,"coordinatesIndex":0}, 
"bumpTexture":{"name":"SpacePirate_normal.jpg","level":1,"hasAlpha":false,"coordinatesMode":0,"uOffset":0,"vOffset":0,"uScale":1,"vScale":1,"uAng":0,"vAng":0,"wAng":0,"wrapU":1,"wrapV":1,"coordinatesIndex":0}},
{"name":"beltmat","id":"beltmat","customType":"BABYLON.PBRMaterial","backFaceCulling":true,"checkReadyOnlyOnce":false,"maxSimultaneousLights":4,"environmentIntensity":1,"roughness":0.8586,"alpha":1,"transparencyMode":0,"alphaCutOff":0.4,"metallic":0, 
"albedoTexture":{"name":"SpacePirate_diffuse.jpg","level":1,"hasAlpha":false,"coordinatesMode":0,"uOffset":0,"vOffset":0,"uScale":1,"vScale":1,"uAng":0,"vAng":0,"wAng":0,"wrapU":1,"wrapV":1,"coordinatesIndex":0},"useAlphaFromAlbedoTexture":false, 
"reflectivityTexture":{"name":"SpacePirate_specular.jpg","level":1,"hasAlpha":false,"coordinatesMode":0,"uOffset":0,"vOffset":0,"uScale":1,"vScale":1,"uAng":0,"vAng":0,"wAng":0,"wrapU":1,"wrapV":1,"coordinatesIndex":0}, 
"bumpTexture":{"name":"SpacePirate_normal.jpg","level":1,"hasAlpha":false,"coordinatesMode":0,"uOffset":0,"vOffset":0,"uScale":1,"vScale":1,"uAng":0,"vAng":0,"wAng":0,"wrapU":1,"wrapV":1,"coordinatesIndex":0}},
{"name":"patchesmat","id":"patchesmat","customType":"BABYLON.PBRMaterial","backFaceCulling":true,"checkReadyOnlyOnce":false,"maxSimultaneousLights":4,"environmentIntensity":1,"roughness":0.8586,"alpha":1,"transparencyMode":0,"alphaCutOff":0.4,"metallic":0, 
"albedoTexture":{"name":"SpacePirate_diffuse.jpg","level":1,"hasAlpha":false,"coordinatesMode":0,"uOffset":0,"vOffset":0,"uScale":1,"vScale":1,"uAng":0,"vAng":0,"wAng":0,"wrapU":1,"wrapV":1,"coordinatesIndex":0},"useAlphaFromAlbedoTexture":false, 
"reflectivityTexture":{"name":"SpacePirate_specular.jpg","level":1,"hasAlpha":false,"coordinatesMode":0,"uOffset":0,"vOffset":0,"uScale":1,"vScale":1,"uAng":0,"vAng":0,"wAng":0,"wrapU":1,"wrapV":1,"coordinatesIndex":0}, 
"bumpTexture":{"name":"SpacePirate_normal.jpg","level":1,"hasAlpha":false,"coordinatesMode":0,"uOffset":0,"vOffset":0,"uScale":1,"vScale":1,"uAng":0,"vAng":0,"wAng":0,"wrapU":1,"wrapV":1,"coordinatesIndex":0}},
{"name":"topsmat","id":"topsmat","customType":"BABYLON.PBRMaterial","backFaceCulling":true,"checkReadyOnlyOnce":false,"maxSimultaneousLights":4,"environmentIntensity":1,"roughness":0.8586,"alpha":1,"transparencyMode":0,"alphaCutOff":0.4,"metallic":0, 
"albedoTexture":{"name":"SpacePirate_diffuse.jpg","level":1,"hasAlpha":false,"coordinatesMode":0,"uOffset":0,"vOffset":0,"uScale":1,"vScale":1,"uAng":0,"vAng":0,"wAng":0,"wrapU":1,"wrapV":1,"coordinatesIndex":0},"useAlphaFromAlbedoTexture":false, 
"reflectivityTexture":{"name":"SpacePirate_specular.jpg","level":1,"hasAlpha":false,"coordinatesMode":0,"uOffset":0,"vOffset":0,"uScale":1,"vScale":1,"uAng":0,"vAng":0,"wAng":0,"wrapU":1,"wrapV":1,"coordinatesIndex":0}, 
"bumpTexture":{"name":"SpacePirate_normal.jpg","level":1,"hasAlpha":false,"coordinatesMode":0,"uOffset":0,"vOffset":0,"uScale":1,"vScale":1,"uAng":0,"vAng":0,"wAng":0,"wrapU":1,"wrapV":1,"coordinatesIndex":0}},
{"name":"glovesmat","id":"glovesmat","customType":"BABYLON.PBRMaterial","backFaceCulling":true,"checkReadyOnlyOnce":false,"maxSimultaneousLights":4,"environmentIntensity":1,"roughness":0.8586,"alpha":1,"transparencyMode":0,"alphaCutOff":0.4,"metallic":0, 
"albedoTexture":{"name":"SpacePirate_diffuse.jpg","level":1,"hasAlpha":false,"coordinatesMode":0,"uOffset":0,"vOffset":0,"uScale":1,"vScale":1,"uAng":0,"vAng":0,"wAng":0,"wrapU":1,"wrapV":1,"coordinatesIndex":0},"useAlphaFromAlbedoTexture":false, 
"reflectivityTexture":{"name":"SpacePirate_specular.jpg","level":1,"hasAlpha":false,"coordinatesMode":0,"uOffset":0,"vOffset":0,"uScale":1,"vScale":1,"uAng":0,"vAng":0,"wAng":0,"wrapU":1,"wrapV":1,"coordinatesIndex":0}, 
"bumpTexture":{"name":"SpacePirate_normal.jpg","level":1,"hasAlpha":false,"coordinatesMode":0,"uOffset":0,"vOffset":0,"uScale":1,"vScale":1,"uAng":0,"vAng":0,"wAng":0,"wrapU":1,"wrapV":1,"coordinatesIndex":0}},
{"name":"sleevesmat","id":"sleevesmat","customType":"BABYLON.PBRMaterial","backFaceCulling":true,"checkReadyOnlyOnce":false,"maxSimultaneousLights":4,"environmentIntensity":1,"roughness":0.8586,"alpha":1,"transparencyMode":0,"alphaCutOff":0.4,"metallic":0, 
"albedoTexture":{"name":"SpacePirate_diffuse.jpg","level":1,"hasAlpha":false,"coordinatesMode":0,"uOffset":0,"vOffset":0,"uScale":1,"vScale":1,"uAng":0,"vAng":0,"wAng":0,"wrapU":1,"wrapV":1,"coordinatesIndex":0},"useAlphaFromAlbedoTexture":false, 
"reflectivityTexture":{"name":"SpacePirate_specular.jpg","level":1,"hasAlpha":false,"coordinatesMode":0,"uOffset":0,"vOffset":0,"uScale":1,"vScale":1,"uAng":0,"vAng":0,"wAng":0,"wrapU":1,"wrapV":1,"coordinatesIndex":0}, 
"bumpTexture":{"name":"SpacePirate_normal.jpg","level":1,"hasAlpha":false,"coordinatesMode":0,"uOffset":0,"vOffset":0,"uScale":1,"vScale":1,"uAng":0,"vAng":0,"wAng":0,"wrapU":1,"wrapV":1,"coordinatesIndex":0}},
{"name":"hairmat","id":"hairmat","customType":"BABYLON.PBRMaterial","backFaceCulling":true,"checkReadyOnlyOnce":false,"maxSimultaneousLights":4,"environmentIntensity":1,"roughness":0.8586,"alpha":1,"transparencyMode":0,"alphaCutOff":0.4,"metallic":0, 
"albedoTexture":{"name":"SpacePirate_diffuse.jpg","level":1,"hasAlpha":false,"coordinatesMode":0,"uOffset":0,"vOffset":0,"uScale":1,"vScale":1,"uAng":0,"vAng":0,"wAng":0,"wrapU":1,"wrapV":1,"coordinatesIndex":0},"useAlphaFromAlbedoTexture":false, 
"reflectivityTexture":{"name":"SpacePirate_specular.jpg","level":1,"hasAlpha":false,"coordinatesMode":0,"uOffset":0,"vOffset":0,"uScale":1,"vScale":1,"uAng":0,"vAng":0,"wAng":0,"wrapU":1,"wrapV":1,"coordinatesIndex":0}, 
"bumpTexture":{"name":"SpacePirate_normal.jpg","level":1,"hasAlpha":false,"coordinatesMode":0,"uOffset":0,"vOffset":0,"uScale":1,"vScale":1,"uAng":0,"vAng":0,"wAng":0,"wrapU":1,"wrapV":1,"coordinatesIndex":0}},
{"name":"eyemat","id":"eyemat","customType":"BABYLON.PBRMaterial","backFaceCulling":true,"checkReadyOnlyOnce":false,"maxSimultaneousLights":4,"environmentIntensity":1,"roughness":0.8586,"alpha":1,"transparencyMode":0,"alphaCutOff":0.4,"metallic":0, 
"albedoTexture":{"name":"SpacePirate_diffuse.jpg","level":1,"hasAlpha":false,"coordinatesMode":0,"uOffset":0,"vOffset":0,"uScale":1,"vScale":1,"uAng":0,"vAng":0,"wAng":0,"wrapU":1,"wrapV":1,"coordinatesIndex":0},"useAlphaFromAlbedoTexture":false, 
"reflectivityTexture":{"name":"SpacePirate_specular.jpg","level":1,"hasAlpha":false,"coordinatesMode":0,"uOffset":0,"vOffset":0,"uScale":1,"vScale":1,"uAng":0,"vAng":0,"wAng":0,"wrapU":1,"wrapV":1,"coordinatesIndex":0}, 
"bumpTexture":{"name":"SpacePirate_normal.jpg","level":1,"hasAlpha":false,"coordinatesMode":0,"uOffset":0,"vOffset":0,"uScale":1,"vScale":1,"uAng":0,"vAng":0,"wAng":0,"wrapU":1,"wrapV":1,"coordinatesIndex":0}},
{"name":"eyepatchmat","id":"eyepatchmat","customType":"BABYLON.PBRMaterial","backFaceCulling":true,"checkReadyOnlyOnce":false,"maxSimultaneousLights":4,"environmentIntensity":1,"roughness":0.8586,"alpha":1,"transparencyMode":0,"alphaCutOff":0.4,"metallic":0, 
"albedoTexture":{"name":"SpacePirate_diffuse.jpg","level":1,"hasAlpha":false,"coordinatesMode":0,"uOffset":0,"vOffset":0,"uScale":1,"vScale":1,"uAng":0,"vAng":0,"wAng":0,"wrapU":1,"wrapV":1,"coordinatesIndex":0},"useAlphaFromAlbedoTexture":false, 
"reflectivityTexture":{"name":"SpacePirate_specular.jpg","level":1,"hasAlpha":false,"coordinatesMode":0,"uOffset":0,"vOffset":0,"uScale":1,"vScale":1,"uAng":0,"vAng":0,"wAng":0,"wrapU":1,"wrapV":1,"coordinatesIndex":0}, 
"bumpTexture":{"name":"SpacePirate_normal.jpg","level":1,"hasAlpha":false,"coordinatesMode":0,"uOffset":0,"vOffset":0,"uScale":1,"vScale":1,"uAng":0,"vAng":0,"wAng":0,"wrapU":1,"wrapV":1,"coordinatesIndex":0}}],
"multiMaterials":[],
"skeletons":[{"name":"Armature","id":0,"dimensionsAtRest":[127.4824,151.4481,21.1097],"bones":[
{"name":"Hips","index":0,"matrix":[0.9954,-0.05,-0.0822,0,0.051,0.9987,0.0094,0,-0.0816,0.0136,-0.9966,0,3.5807,80.1047,-0.6991,1],"rest":[1,0,0,0,0,1,0,0,0,0,-1,0,-0.0881,81.0629,-0.8259,1],"parentBoneIndex":-1,"length":7.701
,"animation":{"dataType":3,"framePerSecond":24,"keys":[
{"frame":1,"values":[0.9954,-0.05,-0.0822,0,0.051,0.9987,0.0094,0,-0.0816,0.0136,-0.9966,0,3.5807,80.1047,-0.6991,1]},
{"frame":2,"values":[0.9953,-0.0498,-0.0828,0,0.0507,0.9987,0.0093,0,-0.0822,0.0135,-0.9965,0,3.583,80.1042,-0.6959,1]},
{"frame":3,"values":[0.9953,-0.0498,-0.0832,0,0.0507,0.9987,0.0093,0,-0.0826,0.0135,-0.9965,0,3.585,80.1038,-0.6956,1]},
{"frame":4,"values":[0.9953,-0.0498,-0.0833,0,0.0507,0.9987,0.0092,0,-0.0827,0.0134,-0.9965,0,3.5879,80.1035,-0.6955,1]},
{"frame":5,"values":[0.9953,-0.0497,-0.0833,0,0.0507,0.9987,0.0091,0,-0.0827,0.0133,-0.9965,0,3.5918,80.103,-0.6955,1]},
{"frame":6,"values":[0.9953,-0.0497,-0.0833,0,0.0506,0.9987,0.009,0,-0.0828,0.0131,-0.9965,0,3.5965,80.1025,-0.6961,1]},
{"frame":7,"values":[0.9953,-0.0497,-0.0834,0,0.0506,0.9987,0.009,0,-0.0828,0.0131,-0.9965,0,3.6024,80.1018,-0.6976,1]},
{"frame":8,"values":[0.9953,-0.0497,-0.0836,0,0.0507,0.9987,0.009,0,-0.083,0.0132,-0.9965,0,3.6093,80.1009,-0.6998,1]},
{"frame":9,"values":[0.9952,-0.0498,-0.0837,0,0.0508,0.9987,0.009,0,-0.0831,0.0132,-0.9965,0,3.617,80.1,-0.7023,1]},
{"frame":10,"values":[0.9953,-0.0501,-0.0834,0,0.051,0.9987,0.0091,0,-0.0828,0.0133,-0.9965,0,3.6247,80.0993,-0.7101,1]},
{"frame":11,"values":[0.9953,-0.0504,-0.0828,0,0.0514,0.9986,0.0094,0,-0.0823,0.0136,-0.9965,0,3.6325,80.0988,-0.7176,1]},
{"frame":12,"values":[0.9953,-0.0507,-0.0824,0,0.0517,0.9986,0.0096,0,-0.0818,0.0139,-0.9965,0,3.6415,80.0981,-0.7245,1]},
{"frame":13,"values":[0.9953,-0.051,-0.0824,0,0.052,0.9986,0.0098,0,-0.0818,0.014,-0.9966,0,3.6528,80.0973,-0.7325,1]},
{"frame":14,"values":[0.9953,-0.051,-0.0826,0,0.052,0.9986,0.0098,0,-0.082,0.014,-0.9965,0,3.6666,80.0965,-0.7437,1]},
{"frame":15,"values":[0.9952,-0.0509,-0.0832,0,0.0519,0.9986,0.0098,0,-0.0826,0.0141,-0.9965,0,3.6826,80.0959,-0.7592,1]},
{"frame":16,"values":[0.9952,-0.0508,-0.0842,0,0.0518,0.9986,0.0098,0,-0.0835,0.0142,-0.9964,0,3.6998,80.0954,-0.7778,1]},
{"frame":17,"values":[0.995,-0.0508,-0.0856,0,0.0519,0.9986,0.01,0,-0.0849,0.0144,-0.9963,0,3.7172,80.0946,-0.793,1]},
{"frame":18,"values":[0.9948,-0.0511,-0.0876,0,0.0522,0.9986,0.0102,0,-0.087,0.0148,-0.9961,0,3.7348,80.0933,-0.7963,1]},
{"frame":19,"values":[0.9946,-0.0515,-0.0902,0,0.0527,0.9986,0.0105,0,-0.0895,0.0152,-0.9959,0,3.7528,80.0921,-0.8003,1]},
{"frame":20,"values":[0.9944,-0.0521,-0.0923,0,0.0533,0.9985,0.0106,0,-0.0917,0.0155,-0.9957,0,3.7703,80.0916,-0.8036,1]},
{"frame":21,"values":[0.9942,-0.0528,-0.0936,0,0.054,0.9985,0.0105,0,-0.0929,0.0155,-0.9956,0,3.7871,80.0917,-0.8058,1]},
{"frame":22,"values":[0.9941,-0.0535,-0.094,0,0.0548,0.9984,0.0106,0,-0.0933,0.0156,-0.9955,0,3.8031,80.0921,-0.8069,1]},
{"frame":23,"values":[0.9941,-0.0543,-0.0939,0,0.0555,0.9984,0.0108,0,-0.0932,0.0159,-0.9955,0,3.8185,80.0925,-0.8065,1]},
{"frame":24,"values":[0.9941,-0.0548,-0.0935,0,0.0561,0.9984,0.011,0,-0.0927,0.0162,-0.9956,0,3.8333,80.093,-0.8041,1]},
{"frame":25,"values":[0.9941,-0.0554,-0.093,0,0.0567,0.9983,0.0112,0,-0.0922,0.0164,-0.9956,0,3.8473,80.0938,-0.8,1]},
{"frame":26,"values":[0.9941,-0.0561,-0.0926,0,0.0574,0.9983,0.0114,0,-0.0918,0.0166,-0.9956,0,3.8601,80.0948,-0.794,1]},
{"frame":27,"values":[0.9941,-0.0569,-0.0921,0,0.0582,0.9982,0.0114,0,-0.0913,0.0167,-0.9957,0,3.8718,80.0959,-0.7858,1]},
{"frame":28,"values":[0.9941,-0.0578,-0.0918,0,0.0591,0.9982,0.0113,0,-0.0909,0.0167,-0.9957,0,3.8825,80.0971,-0.7755,1]},
{"frame":29,"values":[0.9941,-0.0585,-0.0914,0,0.0598,0.9981,0.0113,0,-0.0906,0.0167,-0.9957,0,3.892,80.0981,-0.764,1]},
{"frame":30,"values":[0.9941,-0.0591,-0.091,0,0.0604,0.9981,0.0114,0,-0.0902,0.0168,-0.9958,0,3.9005,80.099,-0.7515,1]},
{"frame":31,"values":[0.9941,-0.0595,-0.0906,0,0.0608,0.9981,0.0115,0,-0.0897,0.0169,-0.9958,0,3.9078,80.0997,-0.7384,1]},
{"frame":32,"values":[0.9941,-0.0598,-0.0903,0,0.0611,0.9981,0.0115,0,-0.0894,0.0169,-0.9958,0,3.9136,80.1003,-0.7246,1]},
{"frame":33,"values":[0.9941,-0.06,-0.0905,0,0.0613,0.9981,0.0115,0,-0.0896,0.017,-0.9958,0,3.9188,80.1009,-0.7101,1]},
{"frame":34,"values":[0.994,-0.0599,-0.0911,0,0.0612,0.9981,0.0114,0,-0.0902,0.017,-0.9958,0,3.9239,80.1013,-0.6949,1]},
{"frame":35,"values":[0.994,-0.0597,-0.092,0,0.061,0.9981,0.0114,0,-0.0911,0.0169,-0.9957,0,3.9274,80.1017,-0.6789,1]},
{"frame":36,"values":[0.9939,-0.0594,-0.0932,0,0.0607,0.9981,0.0112,0,-0.0924,0.0168,-0.9956,0,3.9332,80.1018,-0.6623,1]},
{"frame":37,"values":[0.9937,-0.0591,-0.095,0,0.0605,0.9981,0.0111,0,-0.0942,0.0167,-0.9954,0,3.9383,80.1019,-0.6451,1]},
{"frame":38,"values":[0.9935,-0.0589,-0.0973,0,0.0602,0.9981,0.0109,0,-0.0965,0.0167,-0.9952,0,3.9401,80.1019,-0.6273,1]},
{"frame":39,"values":[0.9933,-0.0587,-0.099,0,0.0601,0.9981,0.0109,0,-0.0982,0.0167,-0.995,0,3.9417,80.1018,-0.6094,1]},
{"frame":40,"values":[0.9933,-0.0588,-0.0995,0,0.0602,0.9981,0.0111,0,-0.0986,0.017,-0.995,0,3.9412,80.1019,-0.5917,1]},
{"frame":41,"values":[0.9933,-0.0589,-0.0994,0,0.0604,0.9981,0.0114,0,-0.0985,0.0173,-0.995,0,3.9394,80.1019,-0.5741,1]},
{"frame":42,"values":[0.9933,-0.059,-0.0995,0,0.0605,0.9981,0.0117,0,-0.0987,0.0176,-0.995,0,3.9373,80.1017,-0.5563,1]},
{"frame":43,"values":[0.9932,-0.0591,-0.0998,0,0.0606,0.9981,0.0119,0,-0.0989,0.0179,-0.9949,0,3.935,80.1014,-0.5384,1]},
{"frame":44,"values":[0.9932,-0.0592,-0.0999,0,0.0607,0.9981,0.0122,0,-0.099,0.0182,-0.9949,0,3.932,80.1011,-0.5207,1]},
{"frame":45,"values":[0.9932,-0.0592,-0.0999,0,0.0607,0.9981,0.0125,0,-0.099,0.0185,-0.9949,0,3.9285,80.101,-0.5031,1]},
{"frame":46,"values":[0.9932,-0.0591,-0.1001,0,0.0607,0.9981,0.0127,0,-0.0992,0.0187,-0.9949,0,3.925,80.1008,-0.4854,1]},
{"frame":47,"values":[0.9932,-0.059,-0.1003,0,0.0605,0.9981,0.0127,0,-0.0994,0.0186,-0.9949,0,3.9214,80.1005,-0.4675,1]},
{"frame":48,"values":[0.9932,-0.0591,-0.0999,0,0.0607,0.9981,0.0128,0,-0.0989,0.0188,-0.9949,0,3.9164,80.0997,-0.4506,1]},
{"frame":49,"values":[0.9933,-0.0595,-0.0987,0,0.0611,0.998,0.0133,0,-0.0978,0.0193,-0.995,0,3.9101,80.0986,-0.4349,1]},
{"frame":50,"values":[0.9934,-0.06,-0.0977,0,0.0616,0.998,0.0139,0,-0.0967,0.0199,-0.9951,0,3.9036,80.0972,-0.42,1]},
{"frame":51,"values":[0.9934,-0.0602,-0.0974,0,0.0619,0.998,0.0143,0,-0.0963,0.0202,-0.9951,0,3.8983,80.095,-0.4051,1]},
{"frame":52,"values":[0.9934,-0.0603,-0.0974,0,0.062,0.998,0.0144,0,-0.0963,0.0204,-0.9951,0,3.8937,80.0921,-0.3902,1]},
{"frame":53,"values":[0.9934,-0.0604,-0.0973,0,0.0621,0.998,0.0146,0,-0.0963,0.0206,-0.9951,0,3.8894,80.0886,-0.3784,1]},
{"frame":54,"values":[0.9934,-0.0604,-0.0973,0,0.0622,0.998,0.0149,0,-0.0962,0.0209,-0.9951,0,3.8855,80.0849,-0.3678,1]},
{"frame":55,"values":[0.9934,-0.0604,-0.0973,0,0.0622,0.998,0.0151,0,-0.0962,0.0211,-0.9951,0,3.8821,80.0821,-0.3593,1]},
{"frame":56,"values":[0.9934,-0.0603,-0.0974,0,0.062,0.998,0.0152,0,-0.0963,0.0211,-0.9951,0,3.8792,80.0811,-0.3562,1]},
{"frame":57,"values":[0.9934,-0.06,-0.0977,0,0.0618,0.998,0.0151,0,-0.0966,0.021,-0.9951,0,3.8765,80.0822,-0.358,1]},
{"frame":58,"values":[0.9934,-0.0598,-0.0982,0,0.0616,0.998,0.015,0,-0.0971,0.021,-0.9951,0,3.8742,80.0849,-0.3628,1]},
{"frame":59,"values":[0.9933,-0.0597,-0.0988,0,0.0615,0.998,0.015,0,-0.0977,0.021,-0.995,0,3.8719,80.0884,-0.3684,1]},
{"frame":60,"values":[0.9933,-0.0596,-0.0992,0,0.0614,0.998,0.0149,0,-0.0981,0.0209,-0.995,0,3.8698,80.0922,-0.3737,1]},
{"frame":61,"values":[0.9933,-0.0594,-0.0995,0,0.0612,0.998,0.0147,0,-0.0985,0.0207,-0.9949,0,3.8677,80.0955,-0.3794,1]},
{"frame":62,"values":[0.9932,-0.0592,-0.1,0,0.0609,0.998,0.0145,0,-0.0989,0.0205,-0.9949,0,3.8657,80.0973,-0.3848,1]},
{"frame":63,"values":[0.9932,-0.0589,-0.1002,0,0.0607,0.9981,0.0143,0,-0.0992,0.0203,-0.9949,0,3.8638,80.0979,-0.39,1]},
{"frame":64,"values":[0.9933,-0.0588,-0.0999,0,0.0605,0.9981,0.0142,0,-0.0989,0.0201,-0.9949,0,3.8618,80.0977,-0.3991,1]},
{"frame":65,"values":[0.9933,-0.0587,-0.0994,0,0.0604,0.9981,0.0141,0,-0.0983,0.02,-0.995,0,3.8558,80.0968,-0.4124,1]},
{"frame":66,"values":[0.9934,-0.0585,-0.099,0,0.0601,0.9981,0.0139,0,-0.098,0.0198,-0.995,0,3.8463,80.0954,-0.4246,1]},
{"frame":67,"values":[0.9934,-0.0581,-0.0991,0,0.0597,0.9981,0.0137,0,-0.0982,0.0195,-0.995,0,3.8373,80.0938,-0.4334,1]},
{"frame":68,"values":[0.9934,-0.0576,-0.0996,0,0.0592,0.9982,0.0135,0,-0.0986,0.0193,-0.9949,0,3.8284,80.0922,-0.4406,1]},
{"frame":69,"values":[0.9933,-0.0572,-0.1001,0,0.0588,0.9982,0.0133,0,-0.0991,0.0191,-0.9949,0,3.8193,80.0902,-0.4493,1]},
{"frame":70,"values":[0.9933,-0.0569,-0.1004,0,0.0585,0.9982,0.0132,0,-0.0995,0.019,-0.9949,0,3.8095,80.088,-0.4615,1]},
{"frame":71,"values":[0.9933,-0.0568,-0.1004,0,0.0584,0.9982,0.013,0,-0.0995,0.0187,-0.9949,0,3.7988,80.0859,-0.4751,1]},
{"frame":72,"values":[0.9933,-0.0566,-0.1002,0,0.0582,0.9982,0.0125,0,-0.0994,0.0182,-0.9949,0,3.7878,80.0841,-0.4853,1]},
{"frame":73,"values":[0.9934,-0.0565,-0.1002,0,0.0579,0.9983,0.0117,0,-0.0994,0.0174,-0.9949,0,3.7773,80.0824,-0.4926,1]},
{"frame":74,"values":[0.9934,-0.0563,-0.1,0,0.0577,0.9983,0.0107,0,-0.0992,0.0164,-0.9949,0,3.7669,80.0805,-0.5071,1]},
{"frame":75,"values":[0.9935,-0.0562,-0.0994,0,0.0574,0.9983,0.0095,0,-0.0987,0.0151,-0.995,0,3.7563,80.079,-0.5372,1]},
{"frame":76,"values":[0.9935,-0.0561,-0.0988,0,0.0572,0.9983,0.0083,0,-0.0982,0.0139,-0.9951,0,3.7458,80.0781,-0.5747,1]},
{"frame":77,"values":[0.9935,-0.0561,-0.0986,0,0.0571,0.9983,0.0076,0,-0.098,0.0132,-0.9951,0,3.7355,80.0779,-0.6064,1]},
{"frame":78,"values":[0.9936,-0.0564,-0.0983,0,0.0574,0.9983,0.0075,0,-0.0977,0.0131,-0.9951,0,3.7246,80.0791,-0.635,1]},
{"frame":79,"values":[0.9936,-0.0567,-0.0976,0,0.0577,0.9983,0.0077,0,-0.097,0.0133,-0.9952,0,3.7133,80.0817,-0.6638,1]},
{"frame":80,"values":[0.9937,-0.0567,-0.097,0,0.0577,0.9983,0.0076,0,-0.0964,0.0131,-0.9953,0,3.7025,80.0853,-0.6882,1]},
{"frame":81,"values":[0.9937,-0.0566,-0.0965,0,0.0576,0.9983,0.0072,0,-0.0959,0.0127,-0.9953,0,3.692,80.0887,-0.7084,1]},
{"frame":82,"values":[0.9938,-0.0565,-0.0959,0,0.0574,0.9983,0.0068,0,-0.0954,0.0122,-0.9954,0,3.6811,80.0922,-0.727,1]},
{"frame":83,"values":[0.9939,-0.0565,-0.0949,0,0.0574,0.9983,0.0066,0,-0.0944,0.0121,-0.9955,0,3.6695,80.096,-0.7448,1]},
{"frame":84,"values":[0.994,-0.0566,-0.0936,0,0.0574,0.9983,0.0067,0,-0.0931,0.012,-0.9956,0,3.6574,80.1,-0.7646,1]},
{"frame":85,"values":[0.9941,-0.0566,-0.0923,0,0.0574,0.9983,0.0066,0,-0.0918,0.0119,-0.9957,0,3.6449,80.1032,-0.7853,1]},
{"frame":86,"values":[0.9942,-0.0565,-0.0912,0,0.0573,0.9983,0.0063,0,-0.0907,0.0115,-0.9958,0,3.6325,80.1055,-0.8015,1]},
{"frame":87,"values":[0.9943,-0.0564,-0.0901,0,0.0572,0.9983,0.0059,0,-0.0896,0.011,-0.9959,0,3.6202,80.1072,-0.8127,1]},
{"frame":88,"values":[0.9944,-0.0563,-0.0891,0,0.057,0.9984,0.0053,0,-0.0887,0.0104,-0.996,0,3.608,80.1091,-0.8234,1]},
{"frame":89,"values":[0.9945,-0.0563,-0.0884,0,0.0569,0.9984,0.0047,0,-0.088,0.0097,-0.9961,0,3.5962,80.1107,-0.8344,1]},
{"frame":90,"values":[0.9945,-0.0561,-0.0881,0,0.0567,0.9984,0.0041,0,-0.0877,0.0091,-0.9961,0,3.5848,80.1118,-0.8431,1]},
{"frame":91,"values":[0.9945,-0.056,-0.088,0,0.0565,0.9984,0.0034,0,-0.0877,0.0084,-0.9961,0,3.5738,80.1126,-0.8508,1]},
{"frame":92,"values":[0.9946,-0.0558,-0.0876,0,0.0562,0.9984,0.003,0,-0.0873,0.0079,-0.9961,0,3.5632,80.1133,-0.8612,1]},
{"frame":93,"values":[0.9947,-0.0554,-0.0868,0,0.0559,0.9984,0.0027,0,-0.0865,0.0076,-0.9962,0,3.5464,80.114,-0.8736,1]},
{"frame":94,"values":[0.9948,-0.055,-0.0856,0,0.0554,0.9985,0.0027,0,-0.0853,0.0075,-0.9963,0,3.5294,80.1146,-0.8854,1]},
{"frame":95,"values":[0.995,-0.0543,-0.0841,0,0.0548,0.9985,0.0029,0,-0.0839,0.0075,-0.9964,0,3.5117,80.1152,-0.899,1]},
{"frame":96,"values":[0.9951,-0.0537,-0.0827,0,0.0541,0.9985,0.0031,0,-0.0824,0.0076,-0.9966,0,3.4891,80.1158,-0.9181,1]},
{"frame":97,"values":[0.9952,-0.053,-0.0818,0,0.0535,0.9986,0.0032,0,-0.0815,0.0076,-0.9966,0,3.4593,80.1161,-0.9379,1]},
{"frame":98,"values":[0.9953,-0.0525,-0.0819,0,0.0529,0.9986,0.0032,0,-0.0816,0.0076,-0.9966,0,3.4218,80.1157,-0.9538,1]},
{"frame":99,"values":[0.9953,-0.0519,-0.0822,0,0.0524,0.9986,0.0032,0,-0.0819,0.0075,-0.9966,0,3.377,80.1151,-0.973,1]},
{"frame":100,"values":[0.9953,-0.0514,-0.0819,0,0.0519,0.9986,0.0032,0,-0.0817,0.0074,-0.9966,0,3.3265,80.1146,-0.9992,1]},
{"frame":101,"values":[0.9954,-0.0512,-0.0814,0,0.0516,0.9987,0.0033,0,-0.0811,0.0075,-0.9967,0,3.275,80.1138,-1.0223,1]},
{"frame":102,"values":[0.9954,-0.0512,-0.081,0,0.0516,0.9987,0.0036,0,-0.0807,0.0078,-0.9967,0,3.2266,80.1127,-1.0353,1]},
{"frame":103,"values":[0.9954,-0.0511,-0.0809,0,0.0516,0.9987,0.0037,0,-0.0806,0.0079,-0.9967,0,3.1829,80.112,-1.0444,1]},
{"frame":104,"values":[0.9954,-0.0509,-0.081,0,0.0514,0.9987,0.0037,0,-0.0807,0.0078,-0.9967,0,3.1451,80.1119,-1.0538,1]},
{"frame":105,"values":[0.9954,-0.0506,-0.0811,0,0.051,0.9987,0.0035,0,-0.0808,0.0076,-0.9967,0,3.1134,80.1123,-1.0619,1]},
{"frame":106,"values":[0.9954,-0.0503,-0.0812,0,0.0507,0.9987,0.0034,0,-0.0809,0.0075,-0.9967,0,3.0901,80.1128,-1.0651,1]},
{"frame":107,"values":[0.9954,-0.05,-0.0816,0,0.0504,0.9987,0.0034,0,-0.0813,0.0075,-0.9967,0,3.0781,80.1137,-1.0617,1]},
{"frame":108,"values":[0.9954,-0.0497,-0.0822,0,0.0501,0.9987,0.0031,0,-0.082,0.0072,-0.9966,0,3.0779,80.1148,-1.0552,1]},
{"frame":109,"values":[0.9954,-0.0492,-0.0828,0,0.0496,0.9988,0.0028,0,-0.0825,0.0069,-0.9966,0,3.0828,80.1163,-1.0482,1]},
{"frame":110,"values":[0.9953,-0.0488,-0.0831,0,0.0492,0.9988,0.0026,0,-0.0828,0.0067,-0.9965,0,3.0894,80.1188,-1.0381,1]},
{"frame":111,"values":[0.9954,-0.0485,-0.083,0,0.0489,0.9988,0.0026,0,-0.0828,0.0067,-0.9965,0,3.0978,80.1221,-1.0243,1]},
{"frame":112,"values":[0.9954,-0.0482,-0.0827,0,0.0486,0.9988,0.0028,0,-0.0825,0.0068,-0.9966,0,3.108,80.125,-1.0085,1]},
{"frame":113,"values":[0.9954,-0.048,-0.0823,0,0.0485,0.9988,0.003,0,-0.082,0.0069,-0.9966,0,3.12,80.1269,-0.9907,1]},
{"frame":114,"values":[0.9955,-0.0479,-0.0818,0,0.0483,0.9988,0.0032,0,-0.0816,0.0071,-0.9966,0,3.1336,80.128,-0.9735,1]},
{"frame":115,"values":[0.9955,-0.0479,-0.0815,0,0.0483,0.9988,0.0035,0,-0.0812,0.0074,-0.9967,0,3.1486,80.1283,-0.9572,1]},
{"frame":116,"values":[0.9955,-0.0482,-0.0815,0,0.0486,0.9988,0.0037,0,-0.0812,0.0077,-0.9967,0,3.1641,80.1281,-0.9381,1]},
{"frame":117,"values":[0.9955,-0.0486,-0.0816,0,0.0491,0.9988,0.004,0,-0.0813,0.008,-0.9967,0,3.1803,80.128,-0.9177,1]},
{"frame":118,"values":[0.9954,-0.049,-0.0819,0,0.0495,0.9988,0.0043,0,-0.0816,0.0083,-0.9966,0,3.1982,80.1281,-0.8972,1]},
{"frame":119,"values":[0.9954,-0.0492,-0.0824,0,0.0498,0.9988,0.0045,0,-0.0821,0.0086,-0.9966,0,3.2185,80.1281,-0.8724,1]},
{"frame":120,"values":[0.9953,-0.0493,-0.0829,0,0.0499,0.9987,0.0048,0,-0.0826,0.0089,-0.9965,0,3.2403,80.1281,-0.8428,1]},
{"frame":121,"values":[0.9953,-0.0494,-0.083,0,0.05,0.9987,0.0052,0,-0.0826,0.0093,-0.9965,0,3.2625,80.1281,-0.8105,1]},
{"frame":122,"values":[0.9954,-0.0496,-0.0825,0,0.0503,0.9987,0.0058,0,-0.0821,0.0099,-0.9966,0,3.2851,80.1281,-0.7767,1]},
{"frame":123,"values":[0.9954,-0.0498,-0.082,0,0.0504,0.9987,0.0063,0,-0.0816,0.0104,-0.9966,0,3.3081,80.1281,-0.746,1]},
{"frame":124,"values":[0.9954,-0.0497,-0.0819,0,0.0504,0.9987,0.0067,0,-0.0815,0.0108,-0.9966,0,3.3318,80.1279,-0.722,1]},
{"frame":125,"values":[0.9954,-0.0496,-0.082,0,0.0503,0.9987,0.007,0,-0.0815,0.0111,-0.9966,0,3.3555,80.1275,-0.7032,1]},
{"frame":126,"values":[0.9954,-0.0494,-0.0815,0,0.0502,0.9987,0.0073,0,-0.0811,0.0114,-0.9966,0,3.3781,80.1272,-0.6875,1]},
{"frame":127,"values":[0.9955,-0.0493,-0.0806,0,0.0501,0.9987,0.0077,0,-0.0801,0.0117,-0.9967,0,3.3997,80.1268,-0.6749,1]},
{"frame":128,"values":[0.9956,-0.0492,-0.0796,0,0.05,0.9987,0.008,0,-0.0791,0.0119,-0.9968,0,3.4204,80.1265,-0.6648,1]},
{"frame":129,"values":[0.9957,-0.0491,-0.0788,0,0.0499,0.9987,0.0082,0,-0.0783,0.0121,-0.9969,0,3.4398,80.126,-0.6569,1]},
{"frame":130,"values":[0.9957,-0.0492,-0.0781,0,0.05,0.9987,0.0085,0,-0.0776,0.0124,-0.9969,0,3.4575,80.1254,-0.6526,1]},
{"frame":131,"values":[0.9958,-0.0493,-0.0776,0,0.0501,0.9987,0.0089,0,-0.0771,0.0127,-0.9969,0,3.4739,80.1247,-0.652,1]},
{"frame":132,"values":[0.9958,-0.0493,-0.0774,0,0.0501,0.9987,0.0092,0,-0.0768,0.0131,-0.997,0,3.4894,80.124,-0.6518,1]},
{"frame":133,"values":[0.9958,-0.0493,-0.0774,0,0.0502,0.9987,0.0096,0,-0.0768,0.0134,-0.997,0,3.5039,80.123,-0.6501,1]},
{"frame":134,"values":[0.9958,-0.0492,-0.0774,0,0.0501,0.9987,0.0098,0,-0.0768,0.0137,-0.997,0,3.5172,80.122,-0.6471,1]},
{"frame":135,"values":[0.9958,-0.0492,-0.0776,0,0.0501,0.9987,0.0098,0,-0.077,0.0137,-0.9969,0,3.5296,80.121,-0.643,1]},
{"frame":136,"values":[0.9957,-0.0491,-0.0781,0,0.05,0.9987,0.0096,0,-0.0775,0.0134,-0.9969,0,3.541,80.12,-0.6385,1]},
{"frame":137,"values":[0.9957,-0.049,-0.0787,0,0.0499,0.9987,0.0093,0,-0.0782,0.0132,-0.9969,0,3.551,80.1187,-0.6356,1]},
{"frame":138,"values":[0.9956,-0.0491,-0.0793,0,0.05,0.9987,0.0091,0,-0.0788,0.0131,-0.9968,0,3.5591,80.1171,-0.6378,1]},
{"frame":139,"values":[0.9956,-0.0493,-0.0798,0,0.0502,0.9987,0.0091,0,-0.0793,0.0131,-0.9968,0,3.5653,80.1154,-0.6456,1]},
{"frame":140,"values":[0.9956,-0.0494,-0.0802,0,0.0503,0.9987,0.0091,0,-0.0796,0.0131,-0.9967,0,3.57,80.1137,-0.6569,1]},
{"frame":141,"values":[0.9955,-0.0496,-0.0806,0,0.0505,0.9987,0.0091,0,-0.08,0.0131,-0.9967,0,3.5737,80.1118,-0.6697,1]},
{"frame":142,"values":[0.9955,-0.0497,-0.081,0,0.0506,0.9987,0.0093,0,-0.0804,0.0133,-0.9967,0,3.5763,80.1098,-0.6827,1]},
{"frame":143,"values":[0.9954,-0.0499,-0.0815,0,0.0508,0.9987,0.0095,0,-0.0809,0.0136,-0.9966,0,3.578,80.1078,-0.6926,1]},
{"frame":144,"values":[0.9954,-0.0501,-0.082,0,0.051,0.9987,0.0095,0,-0.0814,0.0137,-0.9966,0,3.5791,80.106,-0.6972,1]},
{"frame":145,"values":[0.9954,-0.05,-0.0822,0,0.051,0.9987,0.0094,0,-0.0816,0.0136,-0.9966,0,3.5807,80.1047,-0.6991,1]}],"loopBehavior":1,"name":"anim","property":"_matrix"}},
{"name":"Spine","index":1,"matrix":[0.9995,0.0303,-0.0123,0,-0.0301,0.9993,0.0214,0,0.013,-0.021,0.9997,0,0.009,7.0626,-0.9847,1],"rest":[1,0,0,0,0,1,0,0,0,0,1,0,0.009,7.0626,-0.9847,1],"parentBoneIndex":0,"length":8.3194
,"animation":{"dataType":3,"framePerSecond":24,"keys":[
{"frame":1,"values":[0.9995,0.0303,-0.0123,0,-0.0301,0.9993,0.0214,0,0.013,-0.021,0.9997,0,0.009,7.0626,-0.9847,1]},
{"frame":2,"values":[0.9995,0.0303,-0.0124,0,-0.03,0.9993,0.0214,0,0.013,-0.021,0.9997,0,0.009,7.0626,-0.9847,1]},
{"frame":4,"values":[0.9995,0.0303,-0.0124,0,-0.03,0.9993,0.0213,0,0.013,-0.0209,0.9997,0,0.009,7.0626,-0.9847,1]},
{"frame":5,"values":[0.9995,0.0303,-0.0124,0,-0.03,0.9993,0.0212,0,0.013,-0.0209,0.9997,0,0.009,7.0626,-0.9847,1]},
{"frame":6,"values":[0.9995,0.0302,-0.0124,0,-0.03,0.9993,0.0211,0,0.013,-0.0207,0.9997,0,0.009,7.0626,-0.9847,1]},
{"frame":7,"values":[0.9995,0.0302,-0.0123,0,-0.0299,0.9993,0.021,0,0.013,-0.0206,0.9997,0,0.009,7.0626,-0.9847,1]},
{"frame":8,"values":[0.9995,0.0302,-0.0123,0,-0.0299,0.9993,0.0209,0,0.0129,-0.0205,0.9997,0,0.009,7.0626,-0.9847,1]},
{"frame":9,"values":[0.9995,0.0302,-0.0123,0,-0.0299,0.9993,0.0207,0,0.0129,-0.0203,0.9997,0,0.009,7.0626,-0.9847,1]},
{"frame":10,"values":[0.9995,0.0302,-0.0122,0,-0.03,0.9993,0.0205,0,0.0128,-0.0201,0.9997,0,0.009,7.0626,-0.9847,1]},
{"frame":11,"values":[0.9995,0.0302,-0.012,0,-0.03,0.9993,0.0203,0,0.0126,-0.02,0.9997,0,0.009,7.0626,-0.9847,1]},
{"frame":12,"values":[0.9995,0.0303,-0.0118,0,-0.03,0.9993,0.0201,0,0.0124,-0.0198,0.9997,0,0.009,7.0626,-0.9847,1]},
{"frame":13,"values":[0.9995,0.0303,-0.0117,0,-0.03,0.9993,0.0199,0,0.0123,-0.0196,0.9997,0,0.009,7.0626,-0.9847,1]},
{"frame":14,"values":[0.9995,0.0303,-0.0115,0,-0.0301,0.9994,0.0197,0,0.012,-0.0193,0.9997,0,0.009,7.0626,-0.9847,1]},
{"frame":15,"values":[0.9995,0.0303,-0.0112,0,-0.03,0.9994,0.0194,0,0.0118,-0.0191,0.9997,0,0.009,7.0626,-0.9847,1]},
{"frame":16,"values":[0.9995,0.0302,-0.011,0,-0.03,0.9994,0.0192,0,0.0116,-0.0189,0.9998,0,0.009,7.0626,-0.9847,1]},
{"frame":17,"values":[0.9995,0.0302,-0.0108,0,-0.03,0.9994,0.019,0,0.0113,-0.0187,0.9998,0,0.009,7.0626,-0.9847,1]},
{"frame":18,"values":[0.9995,0.0303,-0.0106,0,-0.0301,0.9994,0.0188,0,0.0112,-0.0185,0.9998,0,0.009,7.0626,-0.9847,1]},
{"frame":19,"values":[0.9995,0.0304,-0.0105,0,-0.0302,0.9994,0.0187,0,0.011,-0.0184,0.9998,0,0.009,7.0626,-0.9847,1]},
{"frame":20,"values":[0.9995,0.0305,-0.0103,0,-0.0303,0.9994,0.0186,0,0.0108,-0.0183,0.9998,0,0.009,7.0626,-0.9847,1]},
{"frame":21,"values":[0.9995,0.0307,-0.01,0,-0.0305,0.9994,0.0184,0,0.0106,-0.0181,0.9998,0,0.009,7.0626,-0.9847,1]},
{"frame":22,"values":[0.9995,0.0309,-0.0097,0,-0.0307,0.9994,0.0183,0,0.0102,-0.018,0.9998,0,0.009,7.0626,-0.9847,1]},
{"frame":23,"values":[0.9995,0.031,-0.0093,0,-0.0309,0.9994,0.0183,0,0.0099,-0.018,0.9998,0,0.009,7.0626,-0.9847,1]},
{"frame":24,"values":[0.9995,0.0312,-0.009,0,-0.031,0.9994,0.0183,0,0.0096,-0.018,0.9998,0,0.009,7.0626,-0.9847,1]},
{"frame":25,"values":[0.9995,0.0314,-0.0087,0,-0.0312,0.9993,0.0183,0,0.0093,-0.018,0.9998,0,0.009,7.0626,-0.9847,1]},
{"frame":26,"values":[0.9995,0.0316,-0.0085,0,-0.0314,0.9993,0.0182,0,0.0091,-0.018,0.9998,0,0.009,7.0626,-0.9847,1]},
{"frame":27,"values":[0.9995,0.0318,-0.0082,0,-0.0316,0.9993,0.0182,0,0.0088,-0.0179,0.9998,0,0.009,7.0626,-0.9847,1]},
{"frame":28,"values":[0.9995,0.032,-0.008,0,-0.0319,0.9993,0.0182,0,0.0086,-0.018,0.9998,0,0.009,7.0626,-0.9847,1]},
{"frame":29,"values":[0.9995,0.0322,-0.0077,0,-0.0321,0.9993,0.0182,0,0.0083,-0.018,0.9998,0,0.009,7.0626,-0.9847,1]},
{"frame":30,"values":[0.9994,0.0323,-0.0074,0,-0.0322,0.9993,0.0183,0,0.008,-0.018,0.9998,0,0.009,7.0626,-0.9847,1]},
{"frame":31,"values":[0.9994,0.0324,-0.0072,0,-0.0323,0.9993,0.0183,0,0.0077,-0.018,0.9998,0,0.009,7.0626,-0.9847,1]},
{"frame":32,"values":[0.9994,0.0325,-0.0069,0,-0.0324,0.9993,0.0183,0,0.0075,-0.018,0.9998,0,0.009,7.0626,-0.9847,1]},
{"frame":33,"values":[0.9994,0.0326,-0.0068,0,-0.0324,0.9993,0.0182,0,0.0073,-0.018,0.9998,0,0.009,7.0626,-0.9847,1]},
{"frame":34,"values":[0.9994,0.0326,-0.0066,0,-0.0325,0.9993,0.0182,0,0.0072,-0.018,0.9998,0,0.009,7.0626,-0.9847,1]},
{"frame":35,"values":[0.9994,0.0326,-0.0066,0,-0.0324,0.9993,0.0182,0,0.0072,-0.018,0.9998,0,0.009,7.0626,-0.9847,1]},
{"frame":36,"values":[0.9995,0.0325,-0.0065,0,-0.0324,0.9993,0.0182,0,0.0071,-0.018,0.9998,0,0.009,7.0626,-0.9847,1]},
{"frame":37,"values":[0.9995,0.0324,-0.0066,0,-0.0323,0.9993,0.0183,0,0.0072,-0.018,0.9998,0,0.009,7.0626,-0.9847,1]},
{"frame":38,"values":[0.9995,0.0323,-0.0067,0,-0.0322,0.9993,0.0183,0,0.0073,-0.0181,0.9998,0,0.009,7.0626,-0.9847,1]},
{"frame":39,"values":[0.9995,0.0323,-0.0067,0,-0.0321,0.9993,0.0185,0,0.0073,-0.0183,0.9998,0,0.009,7.0626,-0.9847,1]},
{"frame":40,"values":[0.9995,0.0322,-0.0066,0,-0.0321,0.9993,0.0187,0,0.0072,-0.0184,0.9998,0,0.009,7.0626,-0.9847,1]},
{"frame":41,"values":[0.9995,0.0322,-0.0066,0,-0.0321,0.9993,0.0189,0,0.0072,-0.0186,0.9998,0,0.009,7.0626,-0.9847,1]},
{"frame":42,"values":[0.9995,0.0322,-0.0065,0,-0.0321,0.9993,0.0191,0,0.0071,-0.0188,0.9998,0,0.009,7.0626,-0.9847,1]},
{"frame":43,"values":[0.9995,0.0322,-0.0065,0,-0.032,0.9993,0.0192,0,0.0071,-0.019,0.9998,0,0.009,7.0626,-0.9847,1]},
{"frame":44,"values":[0.9995,0.0321,-0.0065,0,-0.032,0.9993,0.0194,0,0.0071,-0.0192,0.9998,0,0.009,7.0626,-0.9847,1]},
{"frame":45,"values":[0.9995,0.0321,-0.0065,0,-0.0319,0.9993,0.0196,0,0.0071,-0.0194,0.9998,0,0.009,7.0626,-0.9847,1]},
{"frame":46,"values":[0.9995,0.032,-0.0066,0,-0.0318,0.9993,0.0198,0,0.0072,-0.0195,0.9998,0,0.009,7.0626,-0.9847,1]},
{"frame":47,"values":[0.9995,0.0319,-0.0066,0,-0.0317,0.9993,0.0199,0,0.0073,-0.0196,0.9998,0,0.009,7.0626,-0.9847,1]},
{"frame":48,"values":[0.9995,0.0319,-0.0066,0,-0.0317,0.9993,0.02,0,0.0073,-0.0198,0.9998,0,0.009,7.0626,-0.9847,1]},
{"frame":49,"values":[0.9995,0.0319,-0.0066,0,-0.0318,0.9993,0.0202,0,0.0072,-0.02,0.9998,0,0.009,7.0626,-0.9847,1]},
{"frame":50,"values":[0.9995,0.032,-0.0066,0,-0.0319,0.9993,0.0204,0,0.0072,-0.0202,0.9998,0,0.009,7.0626,-0.9847,1]},
{"frame":51,"values":[0.9995,0.032,-0.0066,0,-0.0319,0.9993,0.0206,0,0.0073,-0.0203,0.9998,0,0.009,7.0626,-0.9847,1]},
{"frame":52,"values":[0.9995,0.032,-0.0067,0,-0.0319,0.9993,0.0207,0,0.0073,-0.0204,0.9998,0,0.009,7.0626,-0.9847,1]},
{"frame":53,"values":[0.9995,0.032,-0.0067,0,-0.0319,0.9993,0.0208,0,0.0074,-0.0206,0.9998,0,0.009,7.0626,-0.9847,1]},
{"frame":54,"values":[0.9995,0.0321,-0.0067,0,-0.0319,0.9993,0.0209,0,0.0074,-0.0207,0.9998,0,0.009,7.0626,-0.9847,1]},
{"frame":55,"values":[0.9995,0.0321,-0.0067,0,-0.0319,0.9993,0.0211,0,0.0074,-0.0208,0.9998,0,0.009,7.0626,-0.9847,1]},
{"frame":56,"values":[0.9995,0.0321,-0.0068,0,-0.0319,0.9993,0.0211,0,0.0074,-0.0209,0.9998,0,0.009,7.0626,-0.9847,1]},
{"frame":57,"values":[0.9995,0.032,-0.0068,0,-0.0319,0.9993,0.0212,0,0.0075,-0.021,0.9998,0,0.009,7.0626,-0.9847,1]},
{"frame":58,"values":[0.9995,0.032,-0.0069,0,-0.0319,0.9993,0.0213,0,0.0076,-0.0211,0.9997,0,0.009,7.0626,-0.9847,1]},
{"frame":59,"values":[0.9995,0.032,-0.0069,0,-0.0319,0.9993,0.0214,0,0.0076,-0.0212,0.9997,0,0.009,7.0626,-0.9847,1]},
{"frame":60,"values":[0.9995,0.0321,-0.007,0,-0.0319,0.9993,0.0215,0,0.0077,-0.0213,0.9997,0,0.009,7.0626,-0.9847,1]},
{"frame":61,"values":[0.9995,0.032,-0.0071,0,-0.0319,0.9993,0.0216,0,0.0077,-0.0213,0.9997,0,0.009,7.0626,-0.9847,1]},
{"frame":62,"values":[0.9995,0.032,-0.0071,0,-0.0318,0.9993,0.0216,0,0.0078,-0.0214,0.9997,0,0.009,7.0626,-0.9847,1]},
{"frame":63,"values":[0.9995,0.032,-0.0072,0,-0.0318,0.9993,0.0216,0,0.0079,-0.0214,0.9997,0,0.009,7.0626,-0.9847,1]},
{"frame":64,"values":[0.9995,0.032,-0.0073,0,-0.0318,0.9993,0.0217,0,0.008,-0.0214,0.9997,0,0.009,7.0626,-0.9847,1]},
{"frame":65,"values":[0.9995,0.032,-0.0073,0,-0.0318,0.9993,0.0217,0,0.008,-0.0215,0.9997,0,0.009,7.0626,-0.9847,1]},
{"frame":66,"values":[0.9995,0.032,-0.0074,0,-0.0318,0.9993,0.0217,0,0.008,-0.0215,0.9997,0,0.009,7.0626,-0.9847,1]},
{"frame":67,"values":[0.9995,0.0319,-0.0075,0,-0.0317,0.9993,0.0217,0,0.0082,-0.0215,0.9997,0,0.009,7.0626,-0.9847,1]},
{"frame":68,"values":[0.9995,0.0318,-0.0076,0,-0.0316,0.9993,0.0217,0,0.0083,-0.0214,0.9997,0,0.009,7.0626,-0.9847,1]},
{"frame":69,"values":[0.9995,0.0317,-0.0078,0,-0.0315,0.9993,0.0217,0,0.0085,-0.0214,0.9997,0,0.009,7.0626,-0.9847,1]},
{"frame":70,"values":[0.9995,0.0316,-0.008,0,-0.0314,0.9993,0.0217,0,0.0087,-0.0214,0.9997,0,0.009,7.0626,-0.9847,1]},
{"frame":71,"values":[0.9995,0.0315,-0.0082,0,-0.0313,0.9993,0.0217,0,0.0088,-0.0214,0.9997,0,0.009,7.0626,-0.9847,1]},
{"frame":72,"values":[0.9995,0.0314,-0.0083,0,-0.0313,0.9993,0.0217,0,0.009,-0.0214,0.9997,0,0.009,7.0626,-0.9847,1]},
{"frame":73,"values":[0.9995,0.0314,-0.0084,0,-0.0312,0.9993,0.0217,0,0.0091,-0.0214,0.9997,0,0.009,7.0626,-0.9847,1]},
{"frame":74,"values":[0.9995,0.0313,-0.0085,0,-0.0311,0.9993,0.0217,0,0.0092,-0.0214,0.9997,0,0.009,7.0626,-0.9847,1]},
{"frame":75,"values":[0.9995,0.0313,-0.0085,0,-0.0311,0.9993,0.0215,0,0.0092,-0.0213,0.9997,0,0.009,7.0626,-0.9847,1]},
{"frame":76,"values":[0.9995,0.0312,-0.0086,0,-0.0311,0.9993,0.0214,0,0.0092,-0.0211,0.9997,0,0.009,7.0626,-0.9847,1]},
{"frame":77,"values":[0.9995,0.0313,-0.0086,0,-0.0311,0.9993,0.0213,0,0.0093,-0.021,0.9997,0,0.009,7.0626,-0.9847,1]},
{"frame":78,"values":[0.9995,0.0314,-0.0086,0,-0.0312,0.9993,0.0212,0,0.0093,-0.0209,0.9997,0,0.009,7.0626,-0.9847,1]},
{"frame":79,"values":[0.9995,0.0315,-0.0086,0,-0.0313,0.9993,0.0212,0,0.0093,-0.0209,0.9997,0,0.009,7.0626,-0.9847,1]},
