{"producer":{"name":"Blender","version":"2.90.0","exporter_version":"6.4.4","file":"option_wave.babylon"},
"autoClear":true,"clearColor":[0.0509,0.0509,0.0509],"gravity":[0,-9.81,0],
"materials":[{"name":"Material","id":"Material","customType":"BABYLON.PBRMaterial","backFaceCulling":true,"checkReadyOnlyOnce":false,"maxSimultaneousLights":4,"environmentIntensity":1,"albedo":[0.8,0.8,0.8],"reflectivity":[0.5,0.5,0.5],"roughness":0.4,"alpha":1,"transparencyMode":0,"alphaCutOff":0.4,"metallic":0}],
"multiMaterials":[],
"skeletons":[{"name":"Armature","id":0,"dimensionsAtRest":[192.3395,226.9932,28.649],"bones":[
{"name":"Hips","index":0,"matrix":[0.9992,-0.0111,0.0382,0,0.0111,0.9999,0.0007,0,0.0382,0.0002,-0.9993,0,0.1267,113.0655,-1.1299,1],"rest":[1,0,0,0,0,1,0,0,0,0,-1,0,0,114.0532,0,1],"parentBoneIndex":-1,"length":12.7599
,"animation":{"dataType":3,"framePerSecond":24,"keys":[
{"frame":1,"values":[0.9992,-0.0111,0.0382,0,0.0111,0.9999,0.0007,0,0.0382,0.0002,-0.9993,0,0.1267,113.0655,-1.1299,1]},
{"frame":2,"values":[0.999,-0.0065,0.0439,0,0.0065,1,-0.0002,0,0.0439,-0.0005,-0.999,0,-0.1758,112.8625,-0.8668,1]},
{"frame":3,"values":[0.998,-0.0063,0.0633,0,0.006,1,0.0038,0,0.0633,0.0034,-0.998,0,-0.3834,112.8059,-0.958,1]},
{"frame":4,"values":[0.9975,-0.0102,0.0704,0,0.0096,0.9999,0.0085,0,0.0704,0.0078,-0.9975,0,-0.3764,112.9094,-1.216,1]},
{"frame":5,"values":[0.9978,-0.0225,0.0621,0,0.0219,0.9997,0.0102,0,0.0623,0.0088,-0.998,0,-0.4334,113.107,-1.3909,1]},
{"frame":6,"values":[0.9984,-0.028,0.0499,0,0.0278,0.9996,0.0045,0,0.05,0.0031,-0.9987,0,-0.4401,113.1334,-1.491,1]},
{"frame":7,"values":[0.999,-0.0294,0.0338,0,0.0293,0.9996,0.0046,0,0.0339,0.0036,-0.9994,0,-0.4241,113.1269,-1.45,1]},
{"frame":8,"values":[0.9991,-0.0269,0.0322,0,0.0267,0.9996,0.0089,0,0.0324,0.008,-0.9994,0,-0.3307,113.0965,-1.2722,1]},
{"frame":9,"values":[0.9985,-0.0207,0.05,0,0.0198,0.9996,0.0187,0,0.0504,0.0177,-0.9986,0,-0.1658,113.0555,-0.8466,1]},
{"frame":10,"values":[0.9974,-0.0151,0.0704,0,0.0132,0.9995,0.027,0,0.0708,0.026,-0.9972,0,0.0088,113.098,-0.8776,1]},
{"frame":11,"values":[0.9968,-0.0112,0.0788,0,0.0096,0.9997,0.0211,0,0.079,0.0203,-0.9967,0,0.1486,113.1894,-1.1975,1]},
{"frame":12,"values":[0.9974,-0.0094,0.071,0,0.0087,0.9999,0.0107,0,0.0711,0.01,-0.9974,0,0.2752,113.2967,-1.4991,1]},
{"frame":13,"values":[0.9986,-0.0101,0.052,0,0.0099,0.9999,0.0051,0,0.0521,0.0046,-0.9986,0,0.3033,113.2658,-1.4555,1]},
{"frame":14,"values":[0.9992,-0.0111,0.0382,0,0.0111,0.9999,0.0007,0,0.0382,0.0002,-0.9993,0,0.1267,113.0655,-1.1299,1]}],"loopBehavior":1,"name":"anim","property":"_matrix"}},
{"name":"Spine","index":1,"matrix":[0.9813,0.1659,-0.0976,0,-0.176,0.9788,-0.1048,0,0.0781,0.1201,0.9897,0,-0.0057,10.8958,-1.2787,1],"rest":[1,0,0,0,0,1,0,0,0,0,1,0,-0.0057,10.8958,-1.2787,1],"parentBoneIndex":0,"length":12.7989
,"animation":{"dataType":3,"framePerSecond":24,"keys":[
{"frame":1,"values":[0.9813,0.1659,-0.0976,0,-0.176,0.9788,-0.1048,0,0.0781,0.1201,0.9897,0,-0.0057,10.8958,-1.2787,1]},
{"frame":2,"values":[0.9868,0.1446,-0.0733,0,-0.1523,0.9817,-0.1139,0,0.0555,0.1236,0.9908,0,-0.0057,10.8958,-1.2787,1]},
{"frame":3,"values":[0.9885,0.1364,-0.0653,0,-0.1431,0.9835,-0.1109,0,0.0491,0.1189,0.9917,0,-0.0057,10.8958,-1.2787,1]},
{"frame":4,"values":[0.9854,0.1468,-0.0858,0,-0.1547,0.9835,-0.0942,0,0.0706,0.1061,0.9919,0,-0.0057,10.8958,-1.2787,1]},
{"frame":5,"values":[0.9795,0.1639,-0.1167,0,-0.1733,0.982,-0.0755,0,0.1023,0.0942,0.9903,0,-0.0057,10.8958,-1.2787,1]},
{"frame":6,"values":[0.977,0.1669,-0.1327,0,-0.178,0.981,-0.0767,0,0.1173,0.0986,0.9882,0,-0.0057,10.8958,-1.2787,1]},
{"frame":7,"values":[0.977,0.1652,-0.1346,0,-0.1776,0.9803,-0.0861,0,0.1178,0.1081,0.9871,0,-0.0057,10.8958,-1.2787,1]},
{"frame":8,"values":[0.9802,0.1581,-0.1189,0,-0.1696,0.9811,-0.0935,0,0.1019,0.1119,0.9885,0,-0.0057,10.8958,-1.2787,1]},
{"frame":9,"values":[0.9825,0.1565,-0.1008,0,-0.1659,0.9819,-0.092,0,0.0846,0.1071,0.9906,0,-0.0057,10.8958,-1.2787,1]},
{"frame":10,"values":[0.9817,0.1672,-0.0914,0,-0.1749,0.9809,-0.0849,0,0.0755,0.0994,0.9922,0,-0.0057,10.8958,-1.2787,1]},
{"frame":11,"values":[0.9792,0.1805,-0.0931,0,-0.1888,0.9779,-0.0893,0,0.0749,0.105,0.9916,0,-0.0057,10.8958,-1.2787,1]},
{"frame":12,"values":[0.9764,0.1884,-0.1055,0,-0.1982,0.9759,-0.0917,0,0.0857,0.1105,0.9902,0,-0.0057,10.8958,-1.2787,1]},
{"frame":13,"values":[0.9764,0.1843,-0.1124,0,-0.195,0.9763,-0.0934,0,0.0925,0.1131,0.9893,0,-0.0057,10.8958,-1.2787,1]},
{"frame":14,"values":[0.9813,0.1659,-0.0976,0,-0.176,0.9788,-0.1048,0,0.0781,0.1201,0.9897,0,-0.0057,10.8958,-1.2787,1]}],"loopBehavior":1,"name":"anim","property":"_matrix"}},
{"name":"Spine1","index":2,"matrix":[0.9988,-0.0461,-0.0141,0,0.0469,0.9964,0.0704,0,0.0108,-0.0709,0.9974,0,-0.0066,12.7117,-1.4918,1],"rest":[1,0,0,0,0,1,0,0,0,0,1,0,-0.0066,12.7117,-1.4918,1],"parentBoneIndex":1,"length":14.6274
,"animation":{"dataType":3,"framePerSecond":24,"keys":[
{"frame":1,"values":[0.9988,-0.0461,-0.0141,0,0.0469,0.9964,0.0704,0,0.0108,-0.0709,0.9974,0,-0.0066,12.7117,-1.4918,1]},
{"frame":2,"values":[0.9992,-0.0383,-0.0107,0,0.0389,0.9967,0.0706,0,0.0079,-0.071,0.9974,0,-0.0066,12.7117,-1.4918,1]},
{"frame":3,"values":[0.9992,-0.0377,-0.0095,0,0.0382,0.9968,0.0707,0,0.0068,-0.071,0.9975,0,-0.0066,12.7117,-1.4918,1]},
{"frame":4,"values":[0.9989,-0.045,-0.0122,0,0.0457,0.9968,0.0654,0,0.0093,-0.0659,0.9978,0,-0.0066,12.7117,-1.4918,1]},
{"frame":5,"values":[0.9984,-0.0547,-0.0164,0,0.0555,0.9969,0.0554,0,0.0133,-0.0563,0.9983,0,-0.0066,12.7117,-1.4918,1]},
{"frame":6,"values":[0.9981,-0.0591,-0.0186,0,0.06,0.9968,0.053,0,0.0154,-0.054,0.9984,0,-0.0066,12.7117,-1.4918,1]},
{"frame":7,"values":[0.9985,-0.0512,-0.0195,0,0.0522,0.997,0.0568,0,0.0166,-0.0578,0.9982,0,-0.0066,12.7117,-1.4918,1]},
{"frame":8,"values":[0.999,-0.0409,-0.0177,0,0.042,0.9971,0.0629,0,0.0151,-0.0636,0.9979,0,-0.0066,12.7117,-1.4918,1]},
{"frame":9,"values":[0.9991,-0.0384,-0.0151,0,0.0394,0.997,0.0667,0,0.0125,-0.0672,0.9977,0,-0.0066,12.7117,-1.4918,1]},
{"frame":10,"values":[0.9989,-0.045,-0.0132,0,0.0458,0.9967,0.0666,0,0.0101,-0.0671,0.9977,0,-0.0066,12.7117,-1.4918,1]},
{"frame":11,"values":[0.9985,-0.0534,-0.0125,0,0.0541,0.9965,0.0644,0,0.0091,-0.065,0.9978,0,-0.0066,12.7117,-1.4918,1]},
{"frame":12,"values":[0.9983,-0.0571,-0.0142,0,0.0579,0.9962,0.0654,0,0.0104,-0.0661,0.9978,0,-0.0066,12.7117,-1.4918,1]},
{"frame":13,"values":[0.9984,-0.0542,-0.0158,0,0.0551,0.9961,0.0683,0,0.012,-0.069,0.9975,0,-0.0066,12.7117,-1.4918,1]},
{"frame":14,"values":[0.9988,-0.0461,-0.0141,0,0.0469,0.9964,0.0704,0,0.0108,-0.0709,0.9974,0,-0.0066,12.7117,-1.4918,1]}],"loopBehavior":1,"name":"anim","property":"_matrix"}},
{"name":"Spine2","index":3,"matrix":[0.9989,-0.0449,-0.0126,0,0.0457,0.9964,0.0713,0,0.0093,-0.0718,0.9974,0,-0.0076,14.5277,-1.7049,1],"rest":[1,0,0,0,0,1,0,0,0,0,1,0,-0.0076,14.5277,-1.7049,1],"parentBoneIndex":2,"length":15.4825
,"animation":{"dataType":3,"framePerSecond":24,"keys":[
{"frame":1,"values":[0.9989,-0.0449,-0.0126,0,0.0457,0.9964,0.0713,0,0.0093,-0.0718,0.9974,0,-0.0076,14.5277,-1.7049,1]},
{"frame":2,"values":[0.9993,-0.0374,-0.0089,0,0.0379,0.9967,0.0712,0,0.0062,-0.0715,0.9974,0,-0.0076,14.5277,-1.7049,1]},
{"frame":3,"values":[0.9993,-0.0369,-0.0076,0,0.0373,0.9968,0.0713,0,0.005,-0.0715,0.9974,0,-0.0076,14.5277,-1.7049,1]},
{"frame":4,"values":[0.999,-0.0441,-0.0109,0,0.0448,0.9968,0.0662,0,0.008,-0.0666,0.9977,0,-0.0076,14.5277,-1.7049,1]},
{"frame":5,"values":[0.9984,-0.0537,-0.0158,0,0.0545,0.9969,0.0566,0,0.0127,-0.0574,0.9983,0,-0.0076,14.5277,-1.7049,1]},
{"frame":6,"values":[0.9982,-0.058,-0.0182,0,0.0589,0.9968,0.0544,0,0.015,-0.0553,0.9984,0,-0.0076,14.5277,-1.7049,1]},
{"frame":7,"values":[0.9986,-0.0499,-0.0191,0,0.0509,0.997,0.0581,0,0.0161,-0.059,0.9981,0,-0.0076,14.5277,-1.7049,1]},
{"frame":8,"values":[0.9991,-0.0397,-0.0171,0,0.0407,0.9971,0.0639,0,0.0145,-0.0645,0.9978,0,-0.0076,14.5277,-1.7049,1]},
{"frame":9,"values":[0.9992,-0.0374,-0.0142,0,0.0382,0.997,0.0675,0,0.0116,-0.068,0.9976,0,-0.0076,14.5277,-1.7049,1]},
{"frame":10,"values":[0.999,-0.044,-0.012,0,0.0447,0.9967,0.0674,0,0.009,-0.0679,0.9977,0,-0.0076,14.5277,-1.7049,1]},
{"frame":11,"values":[0.9986,-0.0524,-0.0114,0,0.0531,0.9964,0.0654,0,0.0079,-0.0659,0.9978,0,-0.0076,14.5277,-1.7049,1]},
{"frame":12,"values":[0.9983,-0.056,-0.0132,0,0.0568,0.9962,0.0666,0,0.0094,-0.0672,0.9977,0,-0.0076,14.5277,-1.7049,1]},
{"frame":13,"values":[0.9985,-0.0529,-0.0147,0,0.0538,0.9961,0.0695,0,0.0109,-0.0702,0.9975,0,-0.0076,14.5277,-1.7049,1]},
{"frame":14,"values":[0.9989,-0.0449,-0.0126,0,0.0457,0.9964,0.0713,0,0.0093,-0.0718,0.9974,0,-0.0076,14.5277,-1.7049,1]}],"loopBehavior":1,"name":"anim","property":"_matrix"}},
{"name":"Neck","index":4,"matrix":[0.9954,-0.0233,-0.0933,0,0.0064,0.984,-0.1782,0,0.096,0.1768,0.9796,0,-0.0085,16.3436,-1.918,1],"rest":[1,0,0,0,0,1,0,0,0,0,1,0,-0.0085,16.3436,-1.918,1],"parentBoneIndex":3,"length":7.7098
,"animation":{"dataType":3,"framePerSecond":24,"keys":[
{"frame":1,"values":[0.9954,-0.0233,-0.0933,0,0.0064,0.984,-0.1782,0,0.096,0.1768,0.9796,0,-0.0085,16.3436,-1.918,1]},
{"frame":2,"values":[0.996,-0.0067,-0.0887,0,-0.0103,0.9819,-0.1891,0,0.0884,0.1892,0.9779,0,-0.0085,16.3436,-1.918,1]},
{"frame":3,"values":[0.9961,-0.0132,-0.0875,0,-0.0039,0.9812,-0.193,0,0.0884,0.1925,0.9773,0,-0.0085,16.3436,-1.918,1]},
{"frame":4,"values":[0.9956,-0.0318,-0.0884,0,0.0156,0.9839,-0.1781,0,0.0927,0.176,0.98,0,-0.0085,16.3436,-1.918,1]},
{"frame":5,"values":[0.9947,-0.0488,-0.0902,0,0.0343,0.9871,-0.1565,0,0.0967,0.1526,0.9836,0,-0.0085,16.3436,-1.918,1]},
{"frame":6,"values":[0.9945,-0.0466,-0.0933,0,0.0318,0.9875,-0.1543,0,0.0993,0.1505,0.9836,0,-0.0085,16.3436,-1.918,1]},
{"frame":7,"values":[0.9953,-0.027,-0.0925,0,0.0115,0.9864,-0.1638,0,0.0957,0.162,0.9821,0,-0.0085,16.3436,-1.918,1]},
{"frame":8,"values":[0.9959,-0.0138,-0.0895,0,-0.0021,0.9845,-0.1751,0,0.0906,0.1746,0.9805,0,-0.0085,16.3436,-1.918,1]},
{"frame":9,"values":[0.996,-0.019,-0.0876,0,0.0025,0.9828,-0.1844,0,0.0896,0.1835,0.9789,0,-0.0085,16.3436,-1.918,1]},
{"frame":10,"values":[0.9948,-0.0406,-0.0929,0,0.0229,0.9826,-0.1841,0,0.0988,0.181,0.9785,0,-0.0085,16.3436,-1.918,1]},
{"frame":11,"values":[0.9925,-0.0645,-0.1036,0,0.0462,0.9843,-0.1701,0,0.113,0.1641,0.98,0,-0.0085,16.3436,-1.918,1]},
{"frame":12,"values":[0.9916,-0.072,-0.1075,0,0.0542,0.9856,-0.1601,0,0.1175,0.153,0.9812,0,-0.0085,16.3436,-1.918,1]},
{"frame":13,"values":[0.9934,-0.0543,-0.1011,0,0.037,0.9855,-0.1657,0,0.1086,0.1608,0.981,0,-0.0085,16.3436,-1.918,1]},
{"frame":14,"values":[0.9954,-0.0233,-0.0933,0,0.0064,0.984,-0.1782,0,0.096,0.1768,0.9796,0,-0.0085,16.3436,-1.918,1]}],"loopBehavior":1,"name":"anim","property":"_matrix"}},
{"name":"Head","index":5,"matrix":[0.9951,0.0049,0.0991,0,0.0122,0.9851,-0.1713,0,-0.0985,0.1716,0.9802,0,0,7.4726,1.8977,1],"rest":[1,0,0,0,0,1,0,0,0,0,1,0,0,7.4726,1.8977,1],"parentBoneIndex":4,"length":26.3062
,"animation":{"dataType":3,"framePerSecond":24,"keys":[
{"frame":1,"values":[0.9951,0.0049,0.0991,0,0.0122,0.9851,-0.1713,0,-0.0985,0.1716,0.9802,0,0,7.4726,1.8977,1]},
{"frame":2,"values":[0.9947,0.0113,0.1019,0,0.0061,0.9856,-0.1692,0,-0.1023,0.169,0.9803,0,0,7.4726,1.8977,1]},
{"frame":3,"values":[0.9945,0.0098,0.1046,0,0.008,0.9858,-0.1678,0,-0.1047,0.1677,0.9803,0,0,7.4726,1.8977,1]},
{"frame":4,"values":[0.9944,0.0142,0.1052,0,0.0034,0.9863,-0.165,0,-0.1061,0.1645,0.9807,0,0,7.4726,1.8977,1]},
{"frame":5,"values":[0.9943,0.0189,0.1052,0,-0.0018,0.987,-0.1608,0,-0.1069,0.1597,0.9814,0,0,7.4726,1.8977,1]},
{"frame":6,"values":[0.9947,0.0219,0.1007,0,-0.0052,0.9866,-0.1629,0,-0.1029,0.1615,0.9815,0,0,7.4726,1.8977,1]},
{"frame":7,"values":[0.9948,0.0269,0.0978,0,-0.0101,0.9857,-0.1684,0,-0.1009,0.1665,0.9809,0,0,7.4726,1.8977,1]},
{"frame":8,"values":[0.9946,0.029,0.0992,0,-0.0117,0.9852,-0.1708,0,-0.1027,0.1687,0.9803,0,0,7.4726,1.8977,1]},
{"frame":9,"values":[0.9944,0.0247,0.1026,0,-0.0071,0.9856,-0.1687,0,-0.1053,0.1671,0.9803,0,0,7.4726,1.8977,1]},
{"frame":10,"values":[0.9948,0.0111,0.101,0,0.0059,0.986,-0.1665,0,-0.1015,0.1663,0.9808,0,0,7.4726,1.8977,1]},
{"frame":11,"values":[0.9955,-0.0043,0.0942,0,0.0199,0.986,-0.1653,0,-0.0921,0.1664,0.9817,0,0,7.4726,1.8977,1]},
{"frame":12,"values":[0.9957,-0.0117,0.0919,0,0.0268,0.986,-0.1645,0,-0.0887,0.1663,0.9821,0,0,7.4726,1.8977,1]},
{"frame":13,"values":[0.9954,-0.0062,0.0954,0,0.0222,0.9856,-0.1674,0,-0.0929,0.1687,0.9813,0,0,7.4726,1.8977,1]},
{"frame":14,"values":[0.9951,0.0049,0.0991,0,0.0122,0.9851,-0.1713,0,-0.0985,0.1716,0.9802,0,0,7.4726,1.8977,1]}],"loopBehavior":1,"name":"anim","property":"_matrix"}},
{"name":"HeadTop_End","index":6,"matrix":[1,0,0,0,0,1,0,0,0,0,1,0,0,25.4969,6.475,1],"rest":[1,0,0,0,0,1,0,0,0,0,1,0,0,25.4969,6.475,1],"parentBoneIndex":5,"length":26.3062
,"animation":{"dataType":3,"framePerSecond":24,"keys":[
{"frame":1,"values":[1,0,0,0,0,1,0,0,0,0,1,0,0,25.4969,6.475,1]},
{"frame":14,"values":[1,0,0,0,0,1,0,0,0,0,1,0,0,25.4969,6.475,1]}],"loopBehavior":1,"name":"anim","property":"_matrix"}},
{"name":"LeftShoulder","index":7,"matrix":[0.9932,-0.046,-0.1069,0,0.0447,0.9989,-0.0139,0,0.1075,0.009,0.9942,0,5.5507,13.7754,-1.9265,1],"rest":[1,-0.002,0,0,0.002,1,0,0,0,0,1,0,5.5507,13.7754,-1.9265,1],"parentBoneIndex":3,"length":12.2475
,"animation":{"dataType":3,"framePerSecond":24,"keys":[
{"frame":1,"values":[0.9932,-0.046,-0.1069,0,0.0447,0.9989,-0.0139,0,0.1075,0.009,0.9942,0,5.5507,13.7754,-1.9265,1]},
{"frame":2,"values":[0.9927,-0.0513,-0.1088,0,0.05,0.9986,-0.0145,0,0.1093,0.009,0.994,0,5.5507,13.7754,-1.9265,1]},
{"frame":3,"values":[0.9922,-0.0577,-0.1109,0,0.0563,0.9983,-0.0154,0,0.1116,0.009,0.9937,0,5.5507,13.7754,-1.9265,1]},
{"frame":4,"values":[0.9916,-0.0634,-0.1128,0,0.0619,0.998,-0.0161,0,0.1136,0.009,0.9935,0,5.5507,13.7754,-1.9265,1]},
{"frame":5,"values":[0.9912,-0.0666,-0.114,0,0.0651,0.9977,-0.0165,0,0.1149,0.009,0.9933,0,5.5507,13.7754,-1.9265,1]},
{"frame":6,"values":[0.9914,-0.0649,-0.1136,0,0.0635,0.9979,-0.0164,0,0.1144,0.009,0.9934,0,5.5507,13.7754,-1.9265,1]},
{"frame":7,"values":[0.9924,-0.0541,-0.1101,0,0.0528,0.9985,-0.015,0,0.1107,0.0091,0.9938,0,5.5507,13.7754,-1.9265,1]},
{"frame":8,"values":[0.9935,-0.0432,-0.1052,0,0.042,0.999,-0.0133,0,0.1057,0.0088,0.9944,0,5.5507,13.7754,-1.9265,1]},
{"frame":9,"values":[0.9944,-0.0336,-0.1006,0,0.0326,0.9994,-0.0118,0,0.101,0.0084,0.9949,0,5.5507,13.7754,-1.9265,1]},
{"frame":10,"values":[0.9939,-0.0387,-0.1033,0,0.0376,0.9992,-0.0126,0,0.1037,0.0087,0.9946,0,5.5507,13.7754,-1.9265,1]},
{"frame":11,"values":[0.9915,-0.0632,-0.1135,0,0.0617,0.998,-0.0163,0,0.1143,0.0091,0.9934,0,5.5507,13.7754,-1.9265,1]},
{"frame":12,"values":[0.9899,-0.0781,-0.1187,0,0.0764,0.9969,-0.0183,0,0.1198,0.009,0.9928,0,5.5507,13.7754,-1.9265,1]},
{"frame":13,"values":[0.9912,-0.0669,-0.1139,0,0.0654,0.9977,-0.0165,0,0.1147,0.0089,0.9934,0,5.5507,13.7754,-1.9265,1]},
{"frame":14,"values":[0.9932,-0.046,-0.1069,0,0.0447,0.9989,-0.0139,0,0.1074,0.009,0.9942,0,5.5507,13.7754,-1.9265,1]}],"loopBehavior":1,"name":"anim","property":"_matrix"}},
{"name":"LeftArm","index":8,"matrix":[0.3314,-0.8762,0.3501,0,0.3267,0.4546,0.8286,0,-0.8851,-0.1602,0.4369,0,11.8394,-3.1354,-0.0171,1],"rest":[0.9973,-0.0184,0.0706,0,0.0183,0.9998,0.0011,0,-0.0707,0.0002,0.9975,0,11.8394,-3.1354,-0.0171,1],"parentBoneIndex":7,"length":29.2403
,"animation":{"dataType":3,"framePerSecond":24,"keys":[
{"frame":1,"values":[0.3314,-0.8762,0.3501,0,0.3267,0.4546,0.8286,0,-0.8851,-0.1602,0.4369,0,11.8394,-3.1354,-0.0171,1]},
{"frame":2,"values":[0.3573,-0.8775,0.32,0,0.3405,0.4414,0.8302,0,-0.8697,-0.1876,0.4565,0,11.8394,-3.1354,-0.0171,1]},
{"frame":3,"values":[0.3722,-0.8761,0.3065,0,0.3508,0.4385,0.8274,0,-0.8593,-0.2004,0.4705,0,11.8394,-3.1354,-0.0171,1]},
{"frame":4,"values":[0.3761,-0.8764,0.3007,0,0.3614,0.4376,0.8233,0,-0.8532,-0.2009,0.4813,0,11.8394,-3.1354,-0.0171,1]},
{"frame":5,"values":[0.3876,-0.875,0.2902,0,0.3747,0.4372,0.8176,0,-0.8422,-0.2082,0.4973,0,11.8394,-3.1354,-0.0171,1]},
{"frame":6,"values":[0.4009,-0.8728,0.2784,0,0.3932,0.4384,0.8082,0,-0.8275,-0.2145,0.5189,0,11.8394,-3.1354,-0.0171,1]},
{"frame":7,"values":[0.3745,-0.8843,0.2789,0,0.4179,0.4295,0.8005,0,-0.8277,-0.1832,0.5304,0,11.8394,-3.1354,-0.0171,1]},
{"frame":8,"values":[0.3573,-0.8903,0.2823,0,0.4133,0.4217,0.807,0,-0.8376,-0.1717,0.5187,0,11.8394,-3.1354,-0.0171,1]},
{"frame":9,"values":[0.3456,-0.8886,0.3018,0,0.3758,0.4257,0.8232,0,-0.8599,-0.1711,0.481,0,11.8394,-3.1354,-0.0171,1]},
{"frame":10,"values":[0.3525,-0.8768,0.3269,0,0.3251,0.4423,0.8359,0,-0.8775,-0.1884,0.441,0,11.8394,-3.1354,-0.0171,1]},
{"frame":11,"values":[0.3752,-0.8576,0.3517,0,0.2766,0.4657,0.8406,0,-0.8847,-0.2181,0.4119,0,11.8394,-3.1354,-0.0171,1]},
{"frame":12,"values":[0.3719,-0.8493,0.3747,0,0.2629,0.4835,0.8349,0,-0.8902,-0.212,0.4031,0,11.8394,-3.1354,-0.0171,1]},
{"frame":13,"values":[0.3453,-0.8602,0.3753,0,0.2968,0.4794,0.8258,0,-0.8903,-0.1738,0.4209,0,11.8394,-3.1354,-0.0171,1]},
{"frame":14,"values":[0.3314,-0.8762,0.3501,0,0.3267,0.4546,0.8286,0,-0.8851,-0.1602,0.4369,0,11.8394,-3.1354,-0.0171,1]}],"loopBehavior":1,"name":"anim","property":"_matrix"}},
{"name":"LeftForeArm","index":9,"matrix":[0.9298,0.0188,0.3676,0,-0.0205,0.9998,0.0007,0,-0.3675,-0.0082,0.93,0,29.1612,0.5949,-2.0659,1],"rest":[0.9973,0.0203,-0.0707,0,-0.0203,0.9998,0.0007,0,0.0707,0.0007,0.9975,0,29.1612,0.5949,-2.0659,1],"parentBoneIndex":8,"length":29.6649
,"animation":{"dataType":3,"framePerSecond":24,"keys":[
{"frame":1,"values":[0.9298,0.0188,0.3676,0,-0.0205,0.9998,0.0007,0,-0.3675,-0.0082,0.93,0,29.1612,0.5949,-2.0659,1]},
{"frame":2,"values":[0.9108,0.0184,0.4124,0,-0.0205,0.9998,0.0007,0,-0.4123,-0.0091,0.911,0,29.1612,0.5949,-2.0659,1]},
{"frame":3,"values":[0.8982,0.0181,0.4393,0,-0.0205,0.9998,0.0007,0,-0.4392,-0.0096,0.8984,0,29.1612,0.5949,-2.0659,1]},
{"frame":4,"values":[0.8946,0.0181,0.4465,0,-0.0205,0.9998,0.0007,0,-0.4464,-0.0098,0.8948,0,29.1612,0.5949,-2.0659,1]},
{"frame":5,"values":[0.887,0.0179,0.4614,0,-0.0205,0.9998,0.0007,0,-0.4613,-0.0101,0.8872,0,29.1612,0.5949,-2.0659,1]},
{"frame":6,"values":[0.8751,0.0177,0.4836,0,-0.0205,0.9998,0.0007,0,-0.4835,-0.0105,0.8753,0,29.1612,0.5949,-2.0659,1]},
{"frame":7,"values":[0.888,0.0179,0.4596,0,-0.0205,0.9998,0.0007,0,-0.4595,-0.01,0.8881,0,29.1612,0.5949,-2.0659,1]},
{"frame":8,"values":[0.8948,0.0181,0.4461,0,-0.0205,0.9998,0.0007,0,-0.446,-0.0098,0.895,0,29.1612,0.5949,-2.0659,1]},
{"frame":9,"values":[0.9052,0.0183,0.4246,0,-0.0205,0.9998,0.0007,0,-0.4245,-0.0093,0.9054,0,29.1612,0.5949,-2.0659,1]},
{"frame":10,"values":[0.9143,0.0185,0.4046,0,-0.0205,0.9998,0.0007,0,-0.4045,-0.0089,0.9145,0,29.1612,0.5949,-2.0659,1]},
{"frame":11,"values":[0.9184,0.0186,0.3951,0,-0.0205,0.9998,0.0007,0,-0.395,-0.0087,0.9186,0,29.1612,0.5949,-2.0659,1]},
{"frame":12,"values":[0.9267,0.0187,0.3754,0,-0.0205,0.9998,0.0007,0,-0.3753,-0.0083,0.9269,0,29.1612,0.5949,-2.0659,1]},
{"frame":13,"values":[0.9335,0.0189,0.358,0,-0.0205,0.9998,0.0007,0,-0.3579,-0.008,0.9337,0,29.1612,0.5949,-2.0659,1]},
{"frame":14,"values":[0.9298,0.0188,0.3676,0,-0.0205,0.9998,0.0007,0,-0.3675,-0.0082,0.93,0,29.1612,0.5949,-2.0659,1]}],"loopBehavior":1,"name":"anim","property":"_matrix"}},
{"name":"LeftHand","index":10,"matrix":[0.9942,-0.0489,0.0956,0,0.0911,0.8563,-0.5085,0,-0.057,0.5142,0.8558,0,29.6649,0,0,1],"rest":[1,0,0,0,0,1,-0.0011,0,0,0.0011,1,0,29.6649,0,0,1],"parentBoneIndex":9,"length":11.8196
,"animation":{"dataType":3,"framePerSecond":24,"keys":[
{"frame":1,"values":[0.9942,-0.0489,0.0956,0,0.0911,0.8563,-0.5085,0,-0.057,0.5142,0.8558,0,29.6649,0,0,1]},
{"frame":2,"values":[0.999,-0.0225,0.0386,0,0.0393,0.8535,-0.5197,0,-0.0213,0.5207,0.8535,0,29.6649,0,0,1]},
{"frame":3,"values":[1,-0.0063,-0.0026,0,0.0041,0.8643,-0.5029,0,0.0055,0.5029,0.8643,0,29.6649,0,0,1]},
{"frame":4,"values":[0.9995,0.0033,-0.0318,0,-0.0179,0.8821,-0.4707,0,0.0265,0.471,0.8817,0,29.6649,0,0,1]},
{"frame":5,"values":[0.998,0.0147,-0.0611,0,-0.0406,0.8932,-0.4478,0,0.048,0.4494,0.8921,0,29.6649,0,0,1]},
{"frame":6,"values":[0.9963,0.0248,-0.082,0,-0.0591,0.8917,-0.4487,0,0.062,0.4519,0.8899,0,29.6649,0,0,1]},
{"frame":7,"values":[0.9972,0.0198,-0.072,0,-0.0514,0.8818,-0.4688,0,0.0542,0.4711,0.8804,0,29.6649,0,0,1]},
{"frame":8,"values":[0.9996,-0.0039,-0.0278,0,-0.0103,0.8719,-0.4896,0,0.0262,0.4897,0.8715,0,29.6649,0,0,1]},
{"frame":9,"values":[0.999,-0.0337,0.0299,0,0.044,0.8696,-0.4918,0,-0.0094,0.4926,0.8702,0,29.6649,0,0,1]},
{"frame":10,"values":[0.9961,-0.0535,0.0702,0,0.0807,0.875,-0.4773,0,-0.0359,0.4811,0.8759,0,29.6649,0,0,1]},
{"frame":11,"values":[0.9953,-0.0575,0.078,0,0.0874,0.8803,-0.4662,0,-0.0418,0.4708,0.8812,0,29.6649,0,0,1]},
{"frame":12,"values":[0.996,-0.0523,0.0719,0,0.08,0.8803,-0.4677,0,-0.0388,0.4716,0.881,0,29.6649,0,0,1]},
{"frame":13,"values":[0.9959,-0.048,0.076,0,0.0789,0.8726,-0.482,0,-0.0432,0.486,0.8729,0,29.6649,0,0,1]},
{"frame":14,"values":[0.9942,-0.0489,0.0956,0,0.0911,0.8563,-0.5085,0,-0.057,0.5142,0.8558,0,29.6649,0,0,1]}],"loopBehavior":1,"name":"anim","property":"_matrix"}},
{"name":"LeftHandThumb1","index":11,"matrix":[0.9914,0.1093,-0.0716,0,-0.1151,0.99,-0.0819,0,0.0619,0.0894,0.9941,0,6.1321,-4.043,2.9242,1],"rest":[1,-0.0003,-0.0002,0,0.0003,1,0.0003,0,0.0002,-0.0003,1,0,6.1321,-4.043,2.9242,1],"parentBoneIndex":10,"length":2.3395
,"animation":{"dataType":3,"framePerSecond":24,"keys":[
{"frame":1,"values":[0.9914,0.1093,-0.0716,0,-0.1151,0.99,-0.0819,0,0.0619,0.0894,0.9941,0,6.1321,-4.043,2.9242,1]},
{"frame":14,"values":[0.9914,0.1093,-0.0716,0,-0.1151,0.99,-0.0819,0,0.0619,0.0894,0.9941,0,6.1321,-4.043,2.9242,1]}],"loopBehavior":1,"name":"anim","property":"_matrix"}},
{"name":"LeftHandThumb2","index":12,"matrix":[0.9294,0.2148,-0.3002,0,-0.1793,0.9736,0.1414,0,0.3227,-0.0776,0.9433,0,1.8122,-1.0462,1.0462,1],"rest":[1,0,0,0,0,1,0,0,0,0,1,0,1.8122,-1.0462,1.0462,1],"parentBoneIndex":11,"length":1.5944
,"animation":{"dataType":3,"framePerSecond":24,"keys":[
{"frame":1,"values":[0.9294,0.2148,-0.3002,0,-0.1793,0.9736,0.1414,0,0.3227,-0.0776,0.9433,0,1.8122,-1.0462,1.0462,1]},
{"frame":14,"values":[0.9294,0.2148,-0.3002,0,-0.1793,0.9736,0.1414,0,0.3227,-0.0776,0.9433,0,1.8122,-1.0462,1.0462,1]}],"loopBehavior":1,"name":"anim","property":"_matrix"}},
{"name":"LeftHandThumb3","index":13,"matrix":[0.9727,0.2288,-0.0381,0,-0.2318,0.9654,-0.1194,0,0.0094,0.125,0.9921,0,1.2351,-0.713,0.713,1],"rest":[1,0.0001,-0.0001,0,-0.0001,1,0,0,0.0001,0,1,0,1.2351,-0.713,0.713,1],"parentBoneIndex":12,"length":2.5475
,"animation":{"dataType":3,"framePerSecond":24,"keys":[
{"frame":1,"values":[0.9727,0.2288,-0.0381,0,-0.2318,0.9654,-0.1194,0,0.0094,0.125,0.9921,0,1.2351,-0.713,0.713,1]},
{"frame":14,"values":[0.9727,0.2288,-0.0381,0,-0.2318,0.9654,-0.1194,0,0.0094,0.125,0.9921,0,1.2351,-0.713,0.713,1]}],"loopBehavior":1,"name":"anim","property":"_matrix"}},
{"name":"LeftHandThumb4","index":14,"matrix":[1,0,0,0,0,1,0,0,0,0,1,0,1.9732,-1.1393,1.1393,1],"rest":[1,0,0,0,0,1,0,0,0,0,1,0,1.9732,-1.1393,1.1393,1],"parentBoneIndex":13,"length":2.5475
,"animation":{"dataType":3,"framePerSecond":24,"keys":[
{"frame":1,"values":[1,0,0,0,0,1,0,0,0,0,1,0,1.9732,-1.1393,1.1393,1]},
{"frame":14,"values":[1,0,0,0,0,1,0,0,0,0,1,0,1.9732,-1.1393,1.1393,1]}],"loopBehavior":1,"name":"anim","property":"_matrix"}},
{"name":"LeftHandIndex1","index":15,"matrix":[0.9332,-0.3513,0.076,0,0.3526,0.9358,-0.0033,0,-0.0699,0.0299,0.9971,0,13.2426,-0.3099,2.8565,1],"rest":[1,0,0,0,0,1,0,0,0,0,1,0,13.2426,-0.3099,2.8565,1],"parentBoneIndex":10,"length":2.1974
,"animation":{"dataType":3,"framePerSecond":24,"keys":[
{"frame":1,"values":[0.9332,-0.3513,0.076,0,0.3526,0.9358,-0.0033,0,-0.0699,0.0299,0.9971,0,13.2426,-0.3099,2.8565,1]},
{"frame":14,"values":[0.9332,-0.3513,0.076,0,0.3526,0.9358,-0.0033,0,-0.0699,0.0299,0.9971,0,13.2426,-0.3099,2.8565,1]}],"loopBehavior":1,"name":"anim","property":"_matrix"}},
{"name":"LeftHandIndex2","index":16,"matrix":[0.9778,-0.2084,-0.0216,0,0.2084,0.978,-0.0023,0,0.0216,-0.0023,0.9998,0,2.1974,0.0001,0,1],"rest":[1,0,-0.0001,0,0,1,0,0,0.0001,0,1,0,2.1974,0.0001,0,1],"parentBoneIndex":15,"length":1.5095
,"animation":{"dataType":3,"framePerSecond":24,"keys":[
{"frame":1,"values":[0.9778,-0.2084,-0.0216,0,0.2084,0.978,-0.0023,0,0.0216,-0.0023,0.9998,0,2.1974,0.0001,0,1]},
{"frame":14,"values":[0.9778,-0.2084,-0.0216,0,0.2084,0.978,-0.0023,0,0.0216,-0.0023,0.9998,0,2.1974,0.0001,0,1]}],"loopBehavior":1,"name":"anim","property":"_matrix"}},
{"name":"LeftHandIndex3","index":17,"matrix":[0.985,-0.1716,0.0201,0,0.1716,0.9852,-0.0005,0,-0.0197,0.0039,0.9998,0,1.5095,0,0.0001,1],"rest":[0.9979,-0.0563,0.032,0,0.0563,0.9984,0.0009,0,-0.032,0.0009,0.9995,0,1.5095,0,0.0001,1],"parentBoneIndex":16,"length":1.6331
,"animation":{"dataType":3,"framePerSecond":24,"keys":[
{"frame":1,"values":[0.985,-0.1716,0.0201,0,0.1716,0.9852,-0.0005,0,-0.0197,0.0039,0.9998,0,1.5095,0,0.0001,1]},
{"frame":14,"values":[0.985,-0.1716,0.0201,0,0.1716,0.9852,-0.0005,0,-0.0197,0.0039,0.9998,0,1.5095,0,0.0001,1]}],"loopBehavior":1,"name":"anim","property":"_matrix"}},
{"name":"LeftHandIndex4","index":18,"matrix":[1,0,0,0,0,1,0,0,0,0,1,0,1.6297,0.092,-0.0521,1],"rest":[1,0,0,0,0,1,0,0,0,0,1,0,1.6297,0.092,-0.0521,1],"parentBoneIndex":17,"length":1.6331
,"animation":{"dataType":3,"framePerSecond":24,"keys":[
{"frame":1,"values":[1,0,0,0,0,1,0,0,0,0,1,0,1.6297,0.092,-0.0521,1]},
{"frame":14,"values":[1,0,0,0,0,1,0,0,0,0,1,0,1.6297,0.092,-0.0521,1]}],"loopBehavior":1,"name":"anim","property":"_matrix"}},
{"name":"LeftHandMiddle1","index":19,"matrix":[0.9439,-0.3167,0.0939,0,0.3195,0.9474,-0.0161,0,-0.0839,0.0452,0.9954,0,13.0978,0,0,1],"rest":[1,0,0,0,0,1,0,0,0,0,1,0,13.0978,0,0,1],"parentBoneIndex":10,"length":2.2844
,"animation":{"dataType":3,"framePerSecond":24,"keys":[
{"frame":1,"values":[0.9439,-0.3167,0.0939,0,0.3195,0.9474,-0.0161,0,-0.0839,0.0452,0.9954,0,13.0978,0,0,1]},
{"frame":14,"values":[0.9439,-0.3167,0.0939,0,0.3195,0.9474,-0.0161,0,-0.0839,0.0452,0.9954,0,13.0978,0,0,1]}],"loopBehavior":1,"name":"anim","property":"_matrix"}},
{"name":"LeftHandMiddle2","index":20,"matrix":[0.9744,-0.2238,-0.0231,0,0.2238,0.9746,-0.0026,0,0.0231,-0.0026,0.9997,0,2.2844,-0.0001,0,1],"rest":[1,0,0,0,0,1,0,0,0,0,1,0,2.2844,-0.0001,0,1],"parentBoneIndex":19,"length":2.3882
,"animation":{"dataType":3,"framePerSecond":24,"keys":[
{"frame":1,"values":[0.9744,-0.2238,-0.0231,0,0.2238,0.9746,-0.0026,0,0.0231,-0.0026,0.9997,0,2.2844,-0.0001,0,1]},
{"frame":14,"values":[0.9744,-0.2238,-0.0231,0,0.2238,0.9746,-0.0026,0,0.0231,-0.0026,0.9997,0,2.2844,-0.0001,0,1]}],"loopBehavior":1,"name":"anim","property":"_matrix"}},
{"name":"LeftHandMiddle3","index":21,"matrix":[0.9877,-0.1553,-0.0161,0,0.1553,0.9879,-0.0013,0,0.0161,-0.0013,0.9999,0,2.3882,0,-0.0001,1],"rest":[1,0,0,0,0,1,0,0,0,0,1,0,2.3882,0,-0.0001,1],"parentBoneIndex":20,"length":1.7509
,"animation":{"dataType":3,"framePerSecond":24,"keys":[
{"frame":1,"values":[0.9877,-0.1553,-0.0161,0,0.1553,0.9879,-0.0013,0,0.0161,-0.0013,0.9999,0,2.3882,0,-0.0001,1]},
{"frame":14,"values":[0.9877,-0.1553,-0.0161,0,0.1553,0.9879,-0.0013,0,0.0161,-0.0013,0.9999,0,2.3882,0,-0.0001,1]}],"loopBehavior":1,"name":"anim","property":"_matrix"}},
{"name":"LeftHandMiddle4","index":22,"matrix":[1,0,0,0,0,1,0,0,0,0,1,0,1.7509,0,0,1],"rest":[1,0,0,0,0,1,0,0,0,0,1,0,1.7509,0,0,1],"parentBoneIndex":21,"length":1.7509
,"animation":{"dataType":3,"framePerSecond":24,"keys":[
{"frame":1,"values":[1,0,0,0,0,1,0,0,0,0,1,0,1.7509,0,0,1]},
{"frame":14,"values":[1,0,0,0,0,1,0,0,0,0,1,0,1.7509,0,0,1]}],"loopBehavior":1,"name":"anim","property":"_matrix"}},
{"name":"LeftHandRing1","index":23,"matrix":[0.9368,-0.319,0.1435,0,0.3245,0.9458,-0.0155,0,-0.1308,0.0611,0.9895,0,12.2164,-0.0557,-2.7524,1],"rest":[1,0,0,0,0,1,0,0,0,0,1,0,12.2164,-0.0557,-2.7524,1],"parentBoneIndex":10,"length":2.1664
,"animation":{"dataType":3,"framePerSecond":24,"keys":[
{"frame":1,"values":[0.9368,-0.319,0.1435,0,0.3245,0.9458,-0.0155,0,-0.1308,0.0611,0.9895,0,12.2164,-0.0557,-2.7524,1]},
{"frame":14,"values":[0.9368,-0.319,0.1435,0,0.3245,0.9458,-0.0155,0,-0.1308,0.0611,0.9895,0,12.2164,-0.0557,-2.7524,1]}],"loopBehavior":1,"name":"anim","property":"_matrix"}},
{"name":"LeftHandRing2","index":24,"matrix":[0.9744,-0.2237,-0.0231,0,0.2237,0.9747,-0.0026,0,0.0231,-0.0026,0.9997,0,2.1664,0.0001,0,1],"rest":[1,0,0,0,0,1,0,0,0,0,1,0,2.1664,0.0001,0,1],"parentBoneIndex":23,"length":1.8761
,"animation":{"dataType":3,"framePerSecond":24,"keys":[
{"frame":1,"values":[0.9744,-0.2237,-0.0231,0,0.2237,0.9747,-0.0026,0,0.0231,-0.0026,0.9997,0,2.1664,0.0001,0,1]},
{"frame":14,"values":[0.9744,-0.2237,-0.0231,0,0.2237,0.9747,-0.0026,0,0.0231,-0.0026,0.9997,0,2.1664,0.0001,0,1]}],"loopBehavior":1,"name":"anim","property":"_matrix"}},
{"name":"LeftHandRing3","index":25,"matrix":[0.9849,-0.1731,-0.0059,0,0.1731,0.9849,-0.0015,0,0.0061,0.0004,1,0,1.8761,0,0,1],"rest":[0.9998,-0.018,0.0101,0,0.018,0.9998,0.0001,0,-0.0101,0.0001,0.9999,0,1.8761,0,0,1],"parentBoneIndex":24,"length":2.24
,"animation":{"dataType":3,"framePerSecond":24,"keys":[
{"frame":1,"values":[0.9849,-0.1731,-0.0059,0,0.1731,0.9849,-0.0015,0,0.0061,0.0004,1,0,1.8761,0,0,1]},
{"frame":14,"values":[0.9849,-0.1731,-0.0059,0,0.1731,0.9849,-0.0015,0,0.0061,0.0004,1,0,1.8761,0,0,1]}],"loopBehavior":1,"name":"anim","property":"_matrix"}},
{"name":"LeftHandRing4","index":26,"matrix":[1,0,0,0,0,1,0,0,0,0,1,0,2.2395,0.0403,-0.0226,1],"rest":[1,0,0,0,0,1,0,0,0,0,1,0,2.2395,0.0403,-0.0226,1],"parentBoneIndex":25,"length":2.24
,"animation":{"dataType":3,"framePerSecond":24,"keys":[
{"frame":1,"values":[1,0,0,0,0,1,0,0,0,0,1,0,2.2395,0.0403,-0.0226,1]},
{"frame":14,"values":[1,0,0,0,0,1,0,0,0,0,1,0,2.2395,0.0403,-0.0226,1]}],"loopBehavior":1,"name":"anim","property":"_matrix"}},
{"name":"LeftHandPinky1","index":27,"matrix":[0.9368,-0.319,0.1435,0,0.3244,0.9458,-0.0155,0,-0.1307,0.0611,0.9895,0,10.9122,-0.2659,-5.0355,1],"rest":[1,0,-0.0001,0,0,1,0,0,0.0001,0,1,0,10.9122,-0.2659,-5.0355,1],"parentBoneIndex":10,"length":1.5635
,"animation":{"dataType":3,"framePerSecond":24,"keys":[
{"frame":1,"values":[0.9368,-0.319,0.1435,0,0.3244,0.9458,-0.0155,0,-0.1307,0.0611,0.9895,0,10.9122,-0.2659,-5.0355,1]},
{"frame":14,"values":[0.9368,-0.319,0.1435,0,0.3244,0.9458,-0.0155,0,-0.1307,0.0611,0.9895,0,10.9122,-0.2659,-5.0355,1]}],"loopBehavior":1,"name":"anim","property":"_matrix"}},
{"name":"LeftHandPinky2","index":28,"matrix":[0.9744,-0.2238,-0.023,0,0.2238,0.9746,-0.0026,0,0.023,-0.0026,0.9997,0,1.5635,0,0.0001,1],"rest":[1,-0.0001,0.0001,0,0.0001,1,0,0,-0.0001,0,1,0,1.5635,0,0.0001,1],"parentBoneIndex":27,"length":1.2784
,"animation":{"dataType":3,"framePerSecond":24,"keys":[
{"frame":1,"values":[0.9744,-0.2238,-0.023,0,0.2238,0.9746,-0.0026,0,0.023,-0.0026,0.9997,0,1.5635,0,0.0001,1]},
{"frame":14,"values":[0.9744,-0.2238,-0.023,0,0.2238,0.9746,-0.0026,0,0.023,-0.0026,0.9997,0,1.5635,0,0.0001,1]}],"loopBehavior":1,"name":"anim","property":"_matrix"}},
{"name":"LeftHandPinky3","index":29,"matrix":[0.9876,-0.1509,-0.0432,0,0.151,0.9885,-0.0011,0,0.0428,-0.0054,0.9991,0,1.2784,0.0001,0,1],"rest":[0.9996,0.0043,-0.0271,0,-0.0043,1,0.0001,0,0.0271,0.0001,0.9996,0,1.2784,0.0001,0,1],"parentBoneIndex":28,"length":1.7363
,"animation":{"dataType":3,"framePerSecond":24,"keys":[
{"frame":1,"values":[0.9876,-0.1509,-0.0432,0,0.151,0.9885,-0.0011,0,0.0428,-0.0054,0.9991,0,1.2784,0.0001,0,1]},
{"frame":14,"values":[0.9876,-0.1509,-0.0432,0,0.151,0.9885,-0.0011,0,0.0428,-0.0054,0.9991,0,1.2784,0.0001,0,1]}],"loopBehavior":1,"name":"anim","property":"_matrix"}},
{"name":"LeftHandPinky4","index":30,"matrix":[1,0,0,0,0,1,0,0,0,0,1,0,1.7356,-0.0074,0.0471,1],"rest":[1,0,0,0,0,1,0,0,0,0,1,0,1.7356,-0.0074,0.0471,1],"parentBoneIndex":29,"length":1.7363
,"animation":{"dataType":3,"framePerSecond":24,"keys":[
{"frame":1,"values":[1,0,0,0,0,1,0,0,0,0,1,0,1.7356,-0.0074,0.0471,1]},
{"frame":14,"values":[1,0,0,0,0,1,0,0,0,0,1,0,1.7356,-0.0074,0.0471,1]}],"loopBehavior":1,"name":"anim","property":"_matrix"}},
{"name":"RightShoulder","index":31,"matrix":[0.9973,0.0301,-0.0674,0,-0.0273,0.9987,0.0426,0,0.0686,-0.0407,0.9968,0,-5.6569,13.7754,-1.9265,1],"rest":[1,0.002,0,0,-0.002,1,0,0,0,0,1,0,-5.6569,13.7754,-1.9265,1],"parentBoneIndex":3,"length":12.2475
,"animation":{"dataType":3,"framePerSecond":24,"keys":[
{"frame":1,"values":[0.9973,0.0301,-0.0674,0,-0.0273,0.9987,0.0426,0,0.0686,-0.0407,0.9968,0,-5.6569,13.7754,-1.9265,1]},
{"frame":2,"values":[0.9975,0.0077,-0.0702,0,-0.0048,0.9991,0.0419,0,0.0704,-0.0415,0.9967,0,-5.6569,13.7754,-1.9265,1]},
{"frame":3,"values":[0.9972,0.0039,-0.0746,0,-0.0007,0.9991,0.0431,0,0.0747,-0.0429,0.9963,0,-5.6569,13.7754,-1.9265,1]},
{"frame":4,"values":[0.9972,0.0209,-0.0721,0,-0.0178,0.9989,0.0435,0,0.0729,-0.0421,0.9964,0,-5.6569,13.7754,-1.9265,1]},
{"frame":5,"values":[0.9968,0.0426,-0.0673,0,-0.0397,0.9983,0.0435,0,0.0691,-0.0407,0.9968,0,-5.6569,13.7754,-1.9265,1]},
{"frame":6,"values":[0.9965,0.0513,-0.0663,0,-0.0485,0.9979,0.0438,0,0.0684,-0.0404,0.9968,0,-5.6569,13.7754,-1.9265,1]},
{"frame":7,"values":[0.9973,0.034,-0.065,0,-0.0313,0.9986,0.0421,0,0.0664,-0.04,0.997,0,-5.6569,13.7754,-1.9265,1]},
{"frame":8,"values":[0.9977,0.0156,-0.0666,0,-0.0129,0.9991,0.0413,0,0.0671,-0.0404,0.9969,0,-5.6569,13.7754,-1.9265,1]},
{"frame":9,"values":[0.9974,0.0123,-0.0715,0,-0.0092,0.999,0.0427,0,0.0719,-0.0419,0.9965,0,-5.6569,13.7754,-1.9265,1]},
{"frame":10,"values":[0.9972,0.0224,-0.0715,0,-0.0193,0.9989,0.0434,0,0.0724,-0.0419,0.9965,0,-5.6569,13.7754,-1.9265,1]},
{"frame":11,"values":[0.9967,0.0424,-0.0692,0,-0.0394,0.9983,0.0441,0,0.071,-0.0412,0.9966,0,-5.6569,13.7754,-1.9265,1]},
{"frame":12,"values":[0.9959,0.0574,-0.0698,0,-0.0543,0.9975,0.0454,0,0.0723,-0.0414,0.9965,0,-5.6569,13.7754,-1.9265,1]},
{"frame":13,"values":[0.9962,0.0522,-0.069,0,-0.0492,0.9978,0.0448,0,0.0712,-0.0412,0.9966,0,-5.6569,13.7754,-1.9265,1]},
{"frame":14,"values":[0.9973,0.0301,-0.0674,0,-0.0273,0.9987,0.0426,0,0.0686,-0.0407,0.9968,0,-5.6569,13.7754,-1.9265,1]}],"loopBehavior":1,"name":"anim","property":"_matrix"}},
{"name":"RightArm","index":32,"matrix":[0.751,0.0616,-0.6575,0,-0.5197,0.6694,-0.5309,0,0.4074,0.7404,0.5347,0,-11.8394,-3.1354,-0.0171,1],"rest":[0.9973,0.0184,-0.0706,0,-0.0183,0.9998,0.0011,0,0.0707,0.0002,0.9975,0,-11.8394,-3.1354,-0.0171,1],"parentBoneIndex":31,"length":29.2403
,"animation":{"dataType":3,"framePerSecond":24,"keys":[
{"frame":1,"values":[0.751,0.0616,-0.6575,0,-0.5197,0.6694,-0.5309,0,0.4074,0.7404,0.5347,0,-11.8394,-3.1354,-0.0171,1]},
{"frame":2,"values":[0.7653,0.0048,-0.6437,0,-0.3463,0.8461,-0.4053,0,0.5426,0.5331,0.6491,0,-11.8394,-3.1354,-0.0171,1]},
{"frame":3,"values":[0.7826,-0.0072,-0.6225,0,-0.2902,0.8804,-0.3751,0,0.5507,0.4742,0.6869,0,-11.8394,-3.1354,-0.0171,1]},
{"frame":4,"values":[0.77,0.0336,-0.6372,0,-0.4397,0.7516,-0.4917,0,0.4624,0.6588,0.5935,0,-11.8394,-3.1354,-0.0171,1]},
{"frame":5,"values":[0.7473,0.0727,-0.6605,0,-0.596,0.5128,-0.6179,0,0.2938,0.8554,0.4266,0,-11.8394,-3.1354,-0.0171,1]},
{"frame":6,"values":[0.7428,0.0988,-0.6622,0,-0.6344,0.4201,-0.6489,0,0.2141,0.9021,0.3748,0,-11.8394,-3.1354,-0.0171,1]},
{"frame":7,"values":[0.7584,0.0901,-0.6456,0,-0.561,0.5945,-0.576,0,0.3319,0.799,0.5014,0,-11.8394,-3.1354,-0.0171,1]},
{"frame":8,"values":[0.7836,0.0352,-0.6203,0,-0.3946,0.7994,-0.4531,0,0.4799,0.5998,0.6403,0,-11.8394,-3.1354,-0.0171,1]},
{"frame":9,"values":[0.8019,0.0182,-0.5972,0,-0.3177,0.8595,-0.4004,0,0.506,0.5108,0.695,0,-11.8394,-3.1354,-0.0171,1]},
{"frame":10,"values":[0.7899,0.0751,-0.6086,0,-0.4488,0.7471,-0.4904,0,0.4178,0.6605,0.6239,0,-11.8394,-3.1354,-0.0171,1]},
{"frame":11,"values":[0.7372,0.1226,-0.6645,0,-0.6308,0.4773,-0.6118,0,0.2422,0.8702,0.4291,0,-11.8394,-3.1354,-0.0171,1]},
{"frame":12,"values":[0.7088,0.1242,-0.6944,0,-0.6955,0.2876,-0.6585,0,0.1179,0.9497,0.2903,0,-11.8394,-3.1354,-0.0171,1]},
{"frame":13,"values":[0.7254,0.1077,-0.6799,0,-0.6566,0.4045,-0.6366,0,0.2065,0.9082,0.3641,0,-11.8394,-3.1354,-0.0171,1]},
{"frame":14,"values":[0.751,0.0616,-0.6575,0,-0.5197,0.6694,-0.5309,0,0.4074,0.7404,0.5347,0,-11.8394,-3.1354,-0.0171,1]}],"loopBehavior":1,"name":"anim","property":"_matrix"}},
{"name":"RightForeArm","index":33,"matrix":[0.0617,-0.0009,-0.9981,0,0.0207,0.9998,0.0004,0,0.9979,-0.0207,0.0617,0,-29.1612,0.5949,-2.0659,1],"rest":[0.9973,-0.0203,0.0707,0,0.0203,0.9998,0.0007,0,-0.0707,0.0007,0.9975,0,-29.1612,0.5949,-2.0659,1],"parentBoneIndex":32,"length":29.6649
,"animation":{"dataType":3,"framePerSecond":24,"keys":[
{"frame":1,"values":[0.0617,-0.0009,-0.9981,0,0.0207,0.9998,0.0004,0,0.9979,-0.0207,0.0617,0,-29.1612,0.5949,-2.0659,1]},
{"frame":2,"values":[0.0023,0.0003,-1,0,0.0208,0.9998,0.0004,0,0.9998,-0.0208,0.0023,0,-29.1612,0.5949,-2.0659,1]},
{"frame":3,"values":[0.0009,0.0004,-1,0,0.0207,0.9998,0.0004,0,0.9998,-0.0207,0.0009,0,-29.1612,0.5949,-2.0659,1]},
{"frame":4,"values":[0.1166,-0.002,-0.9932,0,0.0207,0.9998,0.0004,0,0.993,-0.0206,0.1166,0,-29.1612,0.5949,-2.0659,1]},
{"frame":5,"values":[0.2323,-0.0044,-0.9726,0,0.0207,0.9998,0.0004,0,0.9724,-0.0203,0.2323,0,-29.1612,0.5949,-2.0659,1]},
{"frame":6,"values":[0.2064,-0.0039,-0.9785,0,0.0207,0.9998,0.0004,0,0.9782,-0.0204,0.2065,0,-29.1612,0.5949,-2.0659,1]},
{"frame":7,"values":[0.1065,-0.0018,-0.9943,0,0.0207,0.9998,0.0004,0,0.9941,-0.0207,0.1065,0,-29.1612,0.5949,-2.0659,1]},
{"frame":8,"values":[0.0191,0,-0.9998,0,0.0207,0.9998,0.0004,0,0.9996,-0.0207,0.0191,0,-29.1612,0.5949,-2.0659,1]},
{"frame":9,"values":[-0.0196,0.0008,-0.9998,0,0.0207,0.9998,0.0004,0,0.9996,-0.0207,-0.0196,0,-29.1612,0.5949,-2.0659,1]},
{"frame":10,"values":[0.0335,-0.0003,-0.9994,0,0.0207,0.9998,0.0004,0,0.9992,-0.0207,0.0335,0,-29.1612,0.5949,-2.0659,1]},
{"frame":11,"values":[0.1357,-0.0024,-0.9907,0,0.0207,0.9998,0.0004,0,0.9905,-0.0206,0.1357,0,-29.1612,0.5949,-2.0659,1]},
{"frame":12,"values":[0.1756,-0.0032,-0.9845,0,0.0207,0.9998,0.0004,0,0.9842,-0.0205,0.1756,0,-29.1612,0.5949,-2.0659,1]},
{"frame":13,"values":[0.1319,-0.0023,-0.9913,0,0.0207,0.9998,0.0004,0,0.9911,-0.0206,0.1319,0,-29.1612,0.5949,-2.0659,1]},
{"frame":14,"values":[0.0617,-0.0009,-0.9981,0,0.0207,0.9998,0.0004,0,0.9979,-0.0207,0.0617,0,-29.1612,0.5949,-2.0659,1]}],"loopBehavior":1,"name":"anim","property":"_matrix"}},
{"name":"RightHand","index":34,"matrix":[0.8562,-0.5163,0.019,0,0.4009,0.687,0.606,0,-0.3259,-0.5113,0.7952,0,-29.6649,0,0.0001,1],"rest":[1,0,0,0,0,1,-0.0011,0,0,0.0011,1,0,-29.6649,0,0.0001,1],"parentBoneIndex":33,"length":11.8196
,"animation":{"dataType":3,"framePerSecond":24,"keys":[
{"frame":1,"values":[0.8562,-0.5163,0.019,0,0.4009,0.687,0.606,0,-0.3259,-0.5113,0.7952,0,-29.6649,0,0.0001,1]},
{"frame":2,"values":[0.9068,-0.4215,-0.0044,0,0.3023,0.643,0.7037,0,-0.2938,-0.6394,0.7105,0,-29.6649,0,0.0001,1]},
{"frame":3,"values":[0.885,-0.4639,-0.0404,0,0.3219,0.5468,0.7729,0,-0.3365,-0.697,0.6333,0,-29.6649,0,0.0001,1]},
{"frame":4,"values":[0.8226,-0.5637,-0.0744,0,0.4603,0.5833,0.6693,0,-0.3338,-0.5848,0.7393,0,-29.6649,0,0.0001,1]},
{"frame":5,"values":[0.7512,-0.6539,-0.0894,0,0.6071,0.6315,0.4824,0,-0.259,-0.4167,0.8714,0,-29.6649,0,0.0001,1]},
{"frame":6,"values":[0.7628,-0.6445,-0.053,0,0.5919,0.6629,0.4586,0,-0.2604,-0.3812,0.8871,0,-29.6649,0,0.0001,1]},
{"frame":7,"values":[0.8772,-0.4792,0.0278,0,0.3894,0.7442,0.5427,0,-0.2808,-0.4652,0.8395,0,-29.6649,0,0.0001,1]},
{"frame":8,"values":[0.951,-0.3047,0.0529,0,0.1884,0.7063,0.6824,0,-0.2453,-0.639,0.729,0,-29.6649,0,0.0001,1]},
{"frame":9,"values":[0.957,-0.2897,0.0117,0,0.1761,0.6128,0.7704,0,-0.2304,-0.7352,0.6375,0,-29.6649,0,0.0001,1]},
{"frame":10,"values":[0.9158,-0.4017,0.001,0,0.2919,0.6673,0.6852,0,-0.2759,-0.6272,0.7283,0,-29.6649,0,0.0001,1]},
{"frame":11,"values":[0.8509,-0.525,0.0181,0,0.4395,0.7303,0.523,0,-0.2878,-0.437,0.8522,0,-29.6649,0,0.0001,1]},
