{"producer":{"name":"Blender","version":"2.90.0","exporter_version":"6.4.4","file":"option_clap.babylon"},
"autoClear":true,"clearColor":[0.0509,0.0509,0.0509],"gravity":[0,-9.81,0],
"materials":[{"name":"Material","id":"Material","customType":"BABYLON.PBRMaterial","backFaceCulling":true,"checkReadyOnlyOnce":false,"maxSimultaneousLights":4,"environmentIntensity":1,"albedo":[0.8,0.8,0.8],"reflectivity":[0.5,0.5,0.5],"roughness":0.4,"alpha":1,"transparencyMode":0,"alphaCutOff":0.4,"metallic":0}],
"multiMaterials":[],
"skeletons":[{"name":"Armature","id":0,"dimensionsAtRest":[192.3395,226.9932,28.649],"bones":[
{"name":"Hips","index":0,"matrix":[0.9992,0.0057,-0.0408,0,-0.0039,0.999,0.0441,0,-0.041,0.0439,-0.9982,0,-0.1812,110.3837,-0.933,1],"rest":[1,0,0,0,0,1,0,0,0,0,-1,0,0,114.0532,0,1],"parentBoneIndex":-1,"length":12.7599
,"animation":{"dataType":3,"framePerSecond":24,"keys":[
{"frame":1,"values":[0.9992,0.0057,-0.0408,0,-0.0039,0.999,0.0441,0,-0.041,0.0439,-0.9982,0,-0.1812,110.3837,-0.933,1]},
{"frame":2,"values":[0.9993,0.0071,-0.038,0,-0.0054,0.999,0.0439,0,-0.0383,0.0436,-0.9983,0,-0.1103,110.3834,-0.9014,1]},
{"frame":3,"values":[0.9993,0.0076,-0.0369,0,-0.006,0.999,0.0432,0,-0.0372,0.0429,-0.9984,0,-0.0795,110.3975,-0.8455,1]},
{"frame":4,"values":[0.9992,0.0074,-0.039,0,-0.0057,0.9991,0.0421,0,-0.0393,0.0418,-0.9984,0,-0.0726,110.4067,-0.7843,1]},
{"frame":5,"values":[0.999,0.0067,-0.0438,0,-0.0049,0.9992,0.0406,0,-0.044,0.0404,-0.9982,0,-0.0855,110.3959,-0.7765,1]},
{"frame":6,"values":[0.9988,0.0062,-0.0486,0,-0.0043,0.9992,0.0387,0,-0.0488,0.0385,-0.9981,0,-0.1138,110.37,-0.8641,1]},
{"frame":7,"values":[0.9987,0.0061,-0.0507,0,-0.0042,0.9993,0.0364,0,-0.0509,0.0362,-0.998,0,-0.1182,110.3458,-0.9922,1]},
{"frame":8,"values":[0.9988,0.0067,-0.0489,0,-0.0048,0.9993,0.0375,0,-0.0491,0.0372,-0.9981,0,-0.0836,110.3513,-1.0462,1]},
{"frame":9,"values":[0.999,0.008,-0.0435,0,-0.0062,0.9991,0.0421,0,-0.0438,0.0418,-0.9982,0,-0.0456,110.3832,-1.0283,1]},
{"frame":10,"values":[0.9993,0.0093,-0.0368,0,-0.0076,0.9989,0.0459,0,-0.0372,0.0456,-0.9983,0,-0.0306,110.4148,-1.0166,1]},
{"frame":11,"values":[0.9994,0.0095,-0.0333,0,-0.0079,0.9989,0.0462,0,-0.0337,0.0459,-0.9984,0,-0.034,110.4259,-1.0274,1]},
{"frame":12,"values":[0.9994,0.0087,-0.0347,0,-0.0071,0.9989,0.0453,0,-0.0351,0.0451,-0.9984,0,-0.0527,110.4089,-1.0502,1]},
{"frame":13,"values":[0.9992,0.0078,-0.0394,0,-0.006,0.999,0.044,0,-0.0397,0.0437,-0.9983,0,-0.0991,110.3793,-1.115,1]},
{"frame":14,"values":[0.999,0.0069,-0.0438,0,-0.005,0.9991,0.0421,0,-0.0441,0.0418,-0.9982,0,-0.1606,110.3558,-1.1798,1]},
{"frame":15,"values":[0.9989,0.0056,-0.0459,0,-0.0038,0.9992,0.0388,0,-0.0461,0.0386,-0.9982,0,-0.1939,110.3444,-1.1464,1]},
{"frame":16,"values":[0.999,0.0047,-0.0438,0,-0.0031,0.9993,0.0366,0,-0.0439,0.0364,-0.9984,0,-0.19,110.3447,-1.0283,1]},
{"frame":17,"values":[0.9993,0.0051,-0.0383,0,-0.0037,0.9993,0.0373,0,-0.0385,0.0371,-0.9986,0,-0.1796,110.3582,-0.9503,1]},
{"frame":18,"values":[0.9994,0.0059,-0.0339,0,-0.0046,0.9993,0.0384,0,-0.0341,0.0382,-0.9987,0,-0.1783,110.3843,-0.9473,1]},
{"frame":19,"values":[0.9994,0.0063,-0.033,0,-0.0051,0.9992,0.0385,0,-0.0332,0.0383,-0.9987,0,-0.1807,110.4006,-0.9666,1]},
{"frame":20,"values":[0.9994,0.0064,-0.0344,0,-0.0051,0.9993,0.0383,0,-0.0346,0.0381,-0.9987,0,-0.1819,110.3922,-0.9804,1]},
{"frame":21,"values":[0.9993,0.0063,-0.0368,0,-0.0049,0.9993,0.038,0,-0.037,0.0378,-0.9986,0,-0.1833,110.3702,-1.0008,1]},
{"frame":22,"values":[0.9992,0.0062,-0.0394,0,-0.0047,0.9993,0.0376,0,-0.0396,0.0374,-0.9985,0,-0.1852,110.3525,-1.0306,1]},
{"frame":23,"values":[0.9991,0.0061,-0.0414,0,-0.0045,0.9993,0.0377,0,-0.0416,0.0375,-0.9984,0,-0.1861,110.3471,-1.0529,1]},
{"frame":24,"values":[0.9991,0.006,-0.0423,0,-0.0044,0.9992,0.0386,0,-0.0425,0.0384,-0.9984,0,-0.1858,110.3555,-1.0545,1]},
{"frame":25,"values":[0.9991,0.0059,-0.0423,0,-0.0042,0.9992,0.0399,0,-0.0425,0.0397,-0.9983,0,-0.1847,110.375,-1.0359,1]},
{"frame":26,"values":[0.9991,0.0058,-0.042,0,-0.0041,0.9991,0.0413,0,-0.0422,0.0411,-0.9983,0,-0.1838,110.3932,-1.0048,1]},
{"frame":27,"values":[0.9991,0.0058,-0.0415,0,-0.004,0.9991,0.0427,0,-0.0417,0.0425,-0.9982,0,-0.1829,110.3968,-0.9714,1]},
{"frame":28,"values":[0.9991,0.0058,-0.041,0,-0.004,0.999,0.0437,0,-0.0412,0.0435,-0.9982,0,-0.1818,110.3889,-0.9453,1]},
{"frame":29,"values":[0.9992,0.0057,-0.0408,0,-0.0039,0.999,0.0441,0,-0.041,0.0439,-0.9982,0,-0.1812,110.3837,-0.933,1]}],"loopBehavior":1,"name":"anim","property":"_matrix"}},
{"name":"Spine","index":1,"matrix":[0.9995,-0.0305,0.0029,0,0.0305,0.9995,-0.0026,0,-0.0028,0.0027,1,0,-0.0057,10.8958,-1.2787,1],"rest":[1,0,0,0,0,1,0,0,0,0,1,0,-0.0057,10.8958,-1.2787,1],"parentBoneIndex":0,"length":12.7989
,"animation":{"dataType":3,"framePerSecond":24,"keys":[
{"frame":1,"values":[0.9995,-0.0305,0.0029,0,0.0305,0.9995,-0.0026,0,-0.0028,0.0027,1,0,-0.0057,10.8958,-1.2787,1]},
{"frame":2,"values":[0.9994,-0.0333,0.0036,0,0.0333,0.9994,-0.0042,0,-0.0035,0.0043,1,0,-0.0057,10.8958,-1.2787,1]},
{"frame":3,"values":[0.9994,-0.0355,0.0044,0,0.0355,0.9994,-0.006,0,-0.0042,0.0062,1,0,-0.0057,10.8958,-1.2787,1]},
{"frame":4,"values":[0.9993,-0.036,0.0046,0,0.0361,0.9993,-0.0074,0,-0.0043,0.0076,1,0,-0.0057,10.8958,-1.2787,1]},
{"frame":5,"values":[0.9994,-0.0345,0.0041,0,0.0345,0.9994,-0.0077,0,-0.0039,0.0078,1,0,-0.0057,10.8958,-1.2787,1]},
{"frame":6,"values":[0.9995,-0.0319,0.0032,0,0.032,0.9995,-0.0067,0,-0.003,0.0068,1,0,-0.0057,10.8958,-1.2787,1]},
{"frame":7,"values":[0.9995,-0.031,0.0021,0,0.0311,0.9995,-0.0055,0,-0.0019,0.0055,1,0,-0.0057,10.8958,-1.2787,1]},
{"frame":8,"values":[0.9995,-0.0329,0.0012,0,0.0329,0.9994,-0.0049,0,-0.001,0.005,1,0,-0.0057,10.8958,-1.2787,1]},
{"frame":9,"values":[0.9994,-0.0357,0.0009,0,0.0358,0.9993,-0.0052,0,-0.0007,0.0052,1,0,-0.0057,10.8958,-1.2787,1]},
{"frame":10,"values":[0.9993,-0.0378,0.0017,0,0.0378,0.9993,-0.0067,0,-0.0014,0.0068,1,0,-0.0057,10.8958,-1.2787,1]},
{"frame":11,"values":[0.9993,-0.0384,0.0029,0,0.0384,0.9992,-0.0088,0,-0.0026,0.0089,1,0,-0.0057,10.8958,-1.2787,1]},
{"frame":12,"values":[0.9993,-0.0372,0.0036,0,0.0372,0.9993,-0.0094,0,-0.0033,0.0095,0.9999,0,-0.0057,10.8958,-1.2787,1]},
{"frame":13,"values":[0.9994,-0.0344,0.0029,0,0.0345,0.9994,-0.0082,0,-0.0026,0.0083,1,0,-0.0057,10.8958,-1.2787,1]},
{"frame":14,"values":[0.9995,-0.0322,0.0013,0,0.0322,0.9995,-0.0074,0,-0.001,0.0074,1,0,-0.0057,10.8958,-1.2787,1]},
{"frame":15,"values":[0.9995,-0.0319,0.0005,0,0.0319,0.9995,-0.0084,0,-0.0002,0.0084,1,0,-0.0057,10.8958,-1.2787,1]},
{"frame":16,"values":[0.9995,-0.0328,0.0016,0,0.0328,0.9994,-0.01,0,-0.0013,0.0101,0.9999,0,-0.0057,10.8958,-1.2787,1]},
{"frame":17,"values":[0.9994,-0.0337,0.0035,0,0.0338,0.9994,-0.011,0,-0.0031,0.0111,0.9999,0,-0.0057,10.8958,-1.2787,1]},
{"frame":18,"values":[0.9994,-0.035,0.0047,0,0.035,0.9993,-0.0121,0,-0.0043,0.0123,0.9999,0,-0.0057,10.8958,-1.2787,1]},
{"frame":19,"values":[0.9993,-0.0362,0.0048,0,0.0362,0.9993,-0.0129,0,-0.0043,0.0131,0.9999,0,-0.0057,10.8958,-1.2787,1]},
{"frame":20,"values":[0.9994,-0.0354,0.0044,0,0.0355,0.9993,-0.012,0,-0.004,0.0122,0.9999,0,-0.0057,10.8958,-1.2787,1]},
{"frame":21,"values":[0.9995,-0.0325,0.004,0,0.0326,0.9994,-0.0101,0,-0.0036,0.0102,0.9999,0,-0.0057,10.8958,-1.2787,1]},
{"frame":22,"values":[0.9995,-0.03,0.0035,0,0.03,0.9995,-0.0085,0,-0.0033,0.0086,1,0,-0.0057,10.8958,-1.2787,1]},
{"frame":23,"values":[0.9995,-0.0302,0.0031,0,0.0302,0.9995,-0.0073,0,-0.0029,0.0074,1,0,-0.0057,10.8958,-1.2787,1]},
{"frame":24,"values":[0.9995,-0.0328,0.0029,0,0.0328,0.9994,-0.0065,0,-0.0027,0.0066,1,0,-0.0057,10.8958,-1.2787,1]},
{"frame":25,"values":[0.9994,-0.0352,0.0036,0,0.0353,0.9994,-0.0072,0,-0.0033,0.0074,1,0,-0.0057,10.8958,-1.2787,1]},
{"frame":26,"values":[0.9994,-0.0357,0.0049,0,0.0357,0.9993,-0.0086,0,-0.0045,0.0087,1,0,-0.0057,10.8958,-1.2787,1]},
{"frame":27,"values":[0.9994,-0.0344,0.0051,0,0.0344,0.9994,-0.0078,0,-0.0049,0.008,1,0,-0.0057,10.8958,-1.2787,1]},
{"frame":28,"values":[0.9995,-0.0321,0.004,0,0.0322,0.9995,-0.005,0,-0.0038,0.0051,1,0,-0.0057,10.8958,-1.2787,1]},
{"frame":29,"values":[0.9995,-0.0305,0.0029,0,0.0305,0.9995,-0.0026,0,-0.0028,0.0027,1,0,-0.0057,10.8958,-1.2787,1]}],"loopBehavior":1,"name":"anim","property":"_matrix"}},
{"name":"Spine1","index":2,"matrix":[0.9998,-0.0084,0.0186,0,0.008,0.9997,0.0212,0,-0.0188,-0.0211,0.9996,0,-0.0066,12.7117,-1.4918,1],"rest":[1,0,0,0,0,1,0,0,0,0,1,0,-0.0066,12.7117,-1.4918,1],"parentBoneIndex":1,"length":14.6274
,"animation":{"dataType":3,"framePerSecond":24,"keys":[
{"frame":1,"values":[0.9998,-0.0084,0.0186,0,0.008,0.9997,0.0212,0,-0.0188,-0.0211,0.9996,0,-0.0066,12.7117,-1.4918,1]},
{"frame":2,"values":[0.9997,-0.0136,0.0206,0,0.0132,0.9997,0.0201,0,-0.0209,-0.0198,0.9996,0,-0.0066,12.7117,-1.4918,1]},
{"frame":3,"values":[0.9996,-0.0169,0.0227,0,0.0165,0.9997,0.0179,0,-0.023,-0.0175,0.9996,0,-0.0066,12.7117,-1.4918,1]},
{"frame":4,"values":[0.9996,-0.017,0.0234,0,0.0166,0.9997,0.0159,0,-0.0237,-0.0155,0.9996,0,-0.0066,12.7117,-1.4918,1]},
{"frame":5,"values":[0.9996,-0.0147,0.0225,0,0.0143,0.9998,0.0148,0,-0.0227,-0.0145,0.9996,0,-0.0066,12.7117,-1.4918,1]},
{"frame":6,"values":[0.9997,-0.012,0.0199,0,0.0118,0.9998,0.0145,0,-0.02,-0.0143,0.9997,0,-0.0066,12.7117,-1.4918,1]},
{"frame":7,"values":[0.9998,-0.0118,0.0167,0,0.0115,0.9998,0.0146,0,-0.0168,-0.0144,0.9998,0,-0.0066,12.7117,-1.4918,1]},
{"frame":8,"values":[0.9998,-0.0143,0.0148,0,0.014,0.9998,0.0158,0,-0.015,-0.0155,0.9998,0,-0.0066,12.7117,-1.4918,1]},
{"frame":9,"values":[0.9997,-0.018,0.0152,0,0.0177,0.9997,0.0174,0,-0.0155,-0.0171,0.9997,0,-0.0066,12.7117,-1.4918,1]},
{"frame":10,"values":[0.9996,-0.0212,0.0175,0,0.0209,0.9996,0.0166,0,-0.0178,-0.0163,0.9997,0,-0.0066,12.7117,-1.4918,1]},
{"frame":11,"values":[0.9995,-0.0228,0.0204,0,0.0225,0.9996,0.0141,0,-0.0207,-0.0136,0.9997,0,-0.0066,12.7117,-1.4918,1]},
{"frame":12,"values":[0.9995,-0.0223,0.0217,0,0.0221,0.9997,0.013,0,-0.022,-0.0125,0.9997,0,-0.0066,12.7117,-1.4918,1]},
{"frame":13,"values":[0.9996,-0.0205,0.0197,0,0.0202,0.9997,0.0136,0,-0.02,-0.0132,0.9997,0,-0.0066,12.7117,-1.4918,1]},
{"frame":14,"values":[0.9997,-0.0185,0.0154,0,0.0183,0.9997,0.0131,0,-0.0157,-0.0128,0.9998,0,-0.0066,12.7117,-1.4918,1]},
{"frame":15,"values":[0.9998,-0.0166,0.0133,0,0.0165,0.9998,0.0106,0,-0.0135,-0.0104,0.9999,0,-0.0066,12.7117,-1.4918,1]},
{"frame":16,"values":[0.9998,-0.0153,0.0156,0,0.0152,0.9998,0.0088,0,-0.0157,-0.0085,0.9998,0,-0.0066,12.7117,-1.4918,1]},
{"frame":17,"values":[0.9997,-0.0154,0.0199,0,0.0152,0.9998,0.0085,0,-0.02,-0.0082,0.9998,0,-0.0066,12.7117,-1.4918,1]},
{"frame":18,"values":[0.9996,-0.0162,0.023,0,0.016,0.9998,0.0075,0,-0.0231,-0.0071,0.9997,0,-0.0066,12.7117,-1.4918,1]},
{"frame":19,"values":[0.9996,-0.0169,0.0238,0,0.0168,0.9998,0.0064,0,-0.0239,-0.006,0.9997,0,-0.0066,12.7117,-1.4918,1]},
{"frame":20,"values":[0.9996,-0.0163,0.0229,0,0.0161,0.9998,0.0071,0,-0.0231,-0.0068,0.9997,0,-0.0066,12.7117,-1.4918,1]},
{"frame":21,"values":[0.9997,-0.0137,0.0211,0,0.0135,0.9999,0.0083,0,-0.0212,-0.008,0.9997,0,-0.0066,12.7117,-1.4918,1]},
{"frame":22,"values":[0.9998,-0.01,0.0193,0,0.0098,0.9999,0.0091,0,-0.0194,-0.0089,0.9998,0,-0.0066,12.7117,-1.4918,1]},
{"frame":23,"values":[0.9998,-0.0084,0.0186,0,0.0082,0.9999,0.0115,0,-0.0187,-0.0113,0.9998,0,-0.0066,12.7117,-1.4918,1]},
{"frame":24,"values":[0.9998,-0.01,0.019,0,0.0097,0.9998,0.0146,0,-0.0192,-0.0144,0.9997,0,-0.0066,12.7117,-1.4918,1]},
{"frame":25,"values":[0.9997,-0.0119,0.0213,0,0.0116,0.9998,0.0148,0,-0.0215,-0.0146,0.9997,0,-0.0066,12.7117,-1.4918,1]},
{"frame":26,"values":[0.9996,-0.012,0.0244,0,0.0117,0.9998,0.0131,0,-0.0245,-0.0128,0.9996,0,-0.0066,12.7117,-1.4918,1]},
{"frame":27,"values":[0.9996,-0.0109,0.0247,0,0.0105,0.9998,0.014,0,-0.0248,-0.0137,0.9996,0,-0.0066,12.7117,-1.4918,1]},
{"frame":28,"values":[0.9997,-0.0094,0.0215,0,0.009,0.9998,0.018,0,-0.0217,-0.0178,0.9996,0,-0.0066,12.7117,-1.4918,1]},
{"frame":29,"values":[0.9998,-0.0084,0.0186,0,0.008,0.9997,0.0212,0,-0.0188,-0.0211,0.9996,0,-0.0066,12.7117,-1.4918,1]}],"loopBehavior":1,"name":"anim","property":"_matrix"}},
{"name":"Spine2","index":3,"matrix":[0.9998,-0.0074,0.0189,0,0.007,0.9997,0.0213,0,-0.0191,-0.0212,0.9996,0,-0.0076,14.5277,-1.7049,1],"rest":[1,0,0,0,0,1,0,0,0,0,1,0,-0.0076,14.5277,-1.7049,1],"parentBoneIndex":2,"length":15.4825
,"animation":{"dataType":3,"framePerSecond":24,"keys":[
{"frame":1,"values":[0.9998,-0.0074,0.0189,0,0.007,0.9997,0.0213,0,-0.0191,-0.0212,0.9996,0,-0.0076,14.5277,-1.7049,1]},
{"frame":2,"values":[0.9997,-0.0126,0.021,0,0.0122,0.9997,0.0203,0,-0.0212,-0.02,0.9996,0,-0.0076,14.5277,-1.7049,1]},
{"frame":3,"values":[0.9996,-0.0158,0.0232,0,0.0154,0.9997,0.0182,0,-0.0235,-0.0178,0.9996,0,-0.0076,14.5277,-1.7049,1]},
{"frame":4,"values":[0.9996,-0.016,0.0239,0,0.0156,0.9997,0.0161,0,-0.0241,-0.0158,0.9996,0,-0.0076,14.5277,-1.7049,1]},
{"frame":5,"values":[0.9996,-0.0137,0.0229,0,0.0133,0.9998,0.0151,0,-0.0231,-0.0148,0.9996,0,-0.0076,14.5277,-1.7049,1]},
{"frame":6,"values":[0.9997,-0.0112,0.0202,0,0.0109,0.9998,0.0147,0,-0.0204,-0.0145,0.9997,0,-0.0076,14.5277,-1.7049,1]},
{"frame":7,"values":[0.9998,-0.011,0.017,0,0.0108,0.9998,0.0148,0,-0.0171,-0.0146,0.9997,0,-0.0076,14.5277,-1.7049,1]},
{"frame":8,"values":[0.9998,-0.0136,0.0152,0,0.0133,0.9998,0.016,0,-0.0154,-0.0158,0.9998,0,-0.0076,14.5277,-1.7049,1]},
{"frame":9,"values":[0.9997,-0.0172,0.0156,0,0.0169,0.9997,0.0177,0,-0.0159,-0.0174,0.9997,0,-0.0076,14.5277,-1.7049,1]},
{"frame":10,"values":[0.9996,-0.0203,0.018,0,0.02,0.9997,0.017,0,-0.0183,-0.0167,0.9997,0,-0.0076,14.5277,-1.7049,1]},
{"frame":11,"values":[0.9995,-0.0219,0.0209,0,0.0216,0.9997,0.0145,0,-0.0212,-0.0141,0.9997,0,-0.0076,14.5277,-1.7049,1]},
{"frame":12,"values":[0.9995,-0.0214,0.0223,0,0.0211,0.9997,0.0135,0,-0.0225,-0.013,0.9997,0,-0.0076,14.5277,-1.7049,1]},
{"frame":13,"values":[0.9996,-0.0196,0.0202,0,0.0193,0.9997,0.0141,0,-0.0204,-0.0137,0.9997,0,-0.0076,14.5277,-1.7049,1]},
{"frame":14,"values":[0.9997,-0.0177,0.0158,0,0.0175,0.9998,0.0135,0,-0.0161,-0.0132,0.9998,0,-0.0076,14.5277,-1.7049,1]},
{"frame":15,"values":[0.9998,-0.016,0.0137,0,0.0159,0.9998,0.011,0,-0.0139,-0.0107,0.9998,0,-0.0076,14.5277,-1.7049,1]},
{"frame":16,"values":[0.9998,-0.0147,0.0159,0,0.0146,0.9999,0.0091,0,-0.0161,-0.0089,0.9998,0,-0.0076,14.5277,-1.7049,1]},
{"frame":17,"values":[0.9997,-0.0146,0.0203,0,0.0145,0.9999,0.0088,0,-0.0204,-0.0085,0.9998,0,-0.0076,14.5277,-1.7049,1]},
{"frame":18,"values":[0.9996,-0.0154,0.0234,0,0.0152,0.9999,0.0077,0,-0.0235,-0.0074,0.9997,0,-0.0076,14.5277,-1.7049,1]},
{"frame":19,"values":[0.9996,-0.0161,0.0242,0,0.0159,0.9999,0.0067,0,-0.0243,-0.0064,0.9997,0,-0.0076,14.5277,-1.7049,1]},
{"frame":20,"values":[0.9996,-0.0155,0.0233,0,0.0153,0.9999,0.0075,0,-0.0234,-0.0071,0.9997,0,-0.0076,14.5277,-1.7049,1]},
{"frame":21,"values":[0.9997,-0.013,0.0214,0,0.0128,0.9999,0.0085,0,-0.0215,-0.0082,0.9997,0,-0.0076,14.5277,-1.7049,1]},
{"frame":22,"values":[0.9998,-0.0094,0.0195,0,0.0092,0.9999,0.0093,0,-0.0196,-0.0091,0.9998,0,-0.0076,14.5277,-1.7049,1]},
{"frame":23,"values":[0.9998,-0.0077,0.0188,0,0.0074,0.9999,0.0116,0,-0.0189,-0.0115,0.9998,0,-0.0076,14.5277,-1.7049,1]},
{"frame":24,"values":[0.9998,-0.0092,0.0193,0,0.0089,0.9999,0.0148,0,-0.0194,-0.0146,0.9997,0,-0.0076,14.5277,-1.7049,1]},
{"frame":25,"values":[0.9997,-0.011,0.0217,0,0.0107,0.9998,0.015,0,-0.0218,-0.0148,0.9997,0,-0.0076,14.5277,-1.7049,1]},
{"frame":26,"values":[0.9996,-0.011,0.0247,0,0.0107,0.9999,0.0132,0,-0.0249,-0.013,0.9996,0,-0.0076,14.5277,-1.7049,1]},
{"frame":27,"values":[0.9996,-0.0099,0.025,0,0.0095,0.9999,0.0141,0,-0.0251,-0.0138,0.9996,0,-0.0076,14.5277,-1.7049,1]},
{"frame":28,"values":[0.9997,-0.0084,0.0219,0,0.008,0.9998,0.0181,0,-0.022,-0.0179,0.9996,0,-0.0076,14.5277,-1.7049,1]},
{"frame":29,"values":[0.9998,-0.0074,0.0189,0,0.007,0.9997,0.0213,0,-0.0191,-0.0212,0.9996,0,-0.0076,14.5277,-1.7049,1]}],"loopBehavior":1,"name":"anim","property":"_matrix"}},
{"name":"Neck","index":4,"matrix":[0.9997,0.0245,-0.0045,0,-0.0249,0.9808,-0.1936,0,-0.0003,0.1936,0.9811,0,-0.0085,16.3436,-1.918,1],"rest":[1,0,0,0,0,1,0,0,0,0,1,0,-0.0085,16.3436,-1.918,1],"parentBoneIndex":3,"length":7.7098
,"animation":{"dataType":3,"framePerSecond":24,"keys":[
{"frame":1,"values":[0.9997,0.0245,-0.0045,0,-0.0249,0.9808,-0.1936,0,-0.0003,0.1936,0.9811,0,-0.0085,16.3436,-1.918,1]},
{"frame":2,"values":[0.9995,0.0315,-0.0025,0,-0.0314,0.9819,-0.187,0,-0.0034,0.1869,0.9824,0,-0.0085,16.3436,-1.918,1]},
{"frame":3,"values":[0.9994,0.0339,-0.0009,0,-0.0335,0.9828,-0.1815,0,-0.0052,0.1814,0.9834,0,-0.0085,16.3436,-1.918,1]},
{"frame":4,"values":[0.9995,0.0325,-0.0003,0,-0.032,0.9833,-0.1789,0,-0.0055,0.1788,0.9839,0,-0.0085,16.3436,-1.918,1]},
{"frame":5,"values":[0.9995,0.03,-0.001,0,-0.0298,0.9834,-0.1788,0,-0.0043,0.1787,0.9839,0,-0.0085,16.3436,-1.918,1]},
{"frame":6,"values":[0.9996,0.0276,-0.0023,0,-0.0276,0.9833,-0.1796,0,-0.0027,0.1796,0.9837,0,-0.0085,16.3436,-1.918,1]},
{"frame":7,"values":[0.9996,0.0265,-0.0027,0,-0.0265,0.983,-0.1815,0,-0.0022,0.1815,0.9834,0,-0.0085,16.3436,-1.918,1]},
{"frame":8,"values":[0.9996,0.0272,-0.0018,0,-0.0271,0.9826,-0.1839,0,-0.0032,0.1839,0.9829,0,-0.0085,16.3436,-1.918,1]},
{"frame":9,"values":[0.9996,0.0294,-0.0004,0,-0.029,0.9828,-0.1823,0,-0.005,0.1822,0.9833,0,-0.0085,16.3436,-1.918,1]},
{"frame":10,"values":[0.9995,0.0329,0.0004,0,-0.0323,0.984,-0.1752,0,-0.0061,0.1751,0.9845,0,-0.0085,16.3436,-1.918,1]},
{"frame":11,"values":[0.9993,0.0366,0,0,-0.036,0.9849,-0.1694,0,-0.0062,0.1693,0.9855,0,-0.0085,16.3436,-1.918,1]},
{"frame":12,"values":[0.9992,0.0388,-0.0008,0,-0.0384,0.985,-0.168,0,-0.0057,0.1679,0.9858,0,-0.0085,16.3436,-1.918,1]},
{"frame":13,"values":[0.9993,0.0386,-0.0009,0,-0.0382,0.985,-0.1685,0,-0.0056,0.1684,0.9857,0,-0.0085,16.3436,-1.918,1]},
{"frame":14,"values":[0.9993,0.0382,0,0,-0.0376,0.9848,-0.1698,0,-0.0065,0.1697,0.9855,0,-0.0085,16.3436,-1.918,1]},
{"frame":15,"values":[0.9992,0.0389,0.0007,0,-0.0382,0.9841,-0.1734,0,-0.0075,0.1732,0.9849,0,-0.0085,16.3436,-1.918,1]},
{"frame":16,"values":[0.9992,0.0392,0.0005,0,-0.0385,0.9838,-0.1752,0,-0.0074,0.175,0.9845,0,-0.0085,16.3436,-1.918,1]},
{"frame":17,"values":[0.9993,0.0376,0.0001,0,-0.037,0.9846,-0.1711,0,-0.0066,0.171,0.9853,0,-0.0085,16.3436,-1.918,1]},
{"frame":18,"values":[0.9993,0.0361,0.0004,0,-0.0355,0.9855,-0.1658,0,-0.0063,0.1656,0.9862,0,-0.0085,16.3436,-1.918,1]},
{"frame":19,"values":[0.9993,0.0376,0.0007,0,-0.037,0.9856,-0.1648,0,-0.0069,0.1647,0.9863,0,-0.0085,16.3436,-1.918,1]},
{"frame":20,"values":[0.9993,0.0384,0,0,-0.0379,0.9852,-0.1673,0,-0.0064,0.1672,0.9859,0,-0.0085,16.3436,-1.918,1]},
{"frame":21,"values":[0.9994,0.034,-0.0017,0,-0.0338,0.985,-0.1692,0,-0.004,0.1692,0.9856,0,-0.0085,16.3436,-1.918,1]},
{"frame":22,"values":[0.9996,0.0273,-0.0035,0,-0.0275,0.985,-0.1706,0,-0.0012,0.1706,0.9853,0,-0.0085,16.3436,-1.918,1]},
{"frame":23,"values":[0.9997,0.0238,-0.0042,0,-0.0242,0.9847,-0.1728,0,0,0.1729,0.9849,0,-0.0085,16.3436,-1.918,1]},
{"frame":24,"values":[0.9997,0.0242,-0.0038,0,-0.0245,0.9849,-0.1716,0,-0.0004,0.1716,0.9852,0,-0.0085,16.3436,-1.918,1]},
{"frame":25,"values":[0.9997,0.0239,-0.0033,0,-0.0241,0.986,-0.1651,0,-0.0007,0.1651,0.9863,0,-0.0085,16.3436,-1.918,1]},
{"frame":26,"values":[0.9998,0.0218,-0.0039,0,-0.0222,0.9867,-0.161,0,0.0003,0.161,0.987,0,-0.0085,16.3436,-1.918,1]},
{"frame":27,"values":[0.9998,0.0213,-0.0046,0,-0.0217,0.9856,-0.1676,0,0.001,0.1676,0.9859,0,-0.0085,16.3436,-1.918,1]},
{"frame":28,"values":[0.9997,0.023,-0.0047,0,-0.0234,0.983,-0.1824,0,0.0004,0.1824,0.9832,0,-0.0085,16.3436,-1.918,1]},
{"frame":29,"values":[0.9997,0.0245,-0.0045,0,-0.0249,0.9808,-0.1936,0,-0.0003,0.1936,0.9811,0,-0.0085,16.3436,-1.918,1]}],"loopBehavior":1,"name":"anim","property":"_matrix"}},
{"name":"Head","index":5,"matrix":[0.9964,0.0735,-0.0426,0,-0.0777,0.9915,-0.1047,0,0.0346,0.1077,0.9936,0,0,7.4726,1.8977,1],"rest":[1,0,0,0,0,1,0,0,0,0,1,0,0,7.4726,1.8977,1],"parentBoneIndex":4,"length":26.3062
,"animation":{"dataType":3,"framePerSecond":24,"keys":[
{"frame":1,"values":[0.9964,0.0735,-0.0426,0,-0.0777,0.9915,-0.1047,0,0.0346,0.1077,0.9936,0,0,7.4726,1.8977,1]},
{"frame":2,"values":[0.9965,0.0741,-0.0376,0,-0.0776,0.9917,-0.1022,0,0.0297,0.1048,0.994,0,0,7.4726,1.8977,1]},
{"frame":3,"values":[0.9967,0.0752,-0.0317,0,-0.0778,0.9925,-0.094,0,0.0244,0.0962,0.9951,0,0,7.4726,1.8977,1]},
{"frame":4,"values":[0.997,0.0718,-0.0276,0,-0.074,0.9933,-0.089,0,0.021,0.0908,0.9956,0,0,7.4726,1.8977,1]},
{"frame":5,"values":[0.9975,0.0638,-0.0292,0,-0.0662,0.9937,-0.0908,0,0.0232,0.0925,0.9954,0,0,7.4726,1.8977,1]},
{"frame":6,"values":[0.9978,0.0581,-0.0335,0,-0.0609,0.9939,-0.0922,0,0.0279,0.094,0.9952,0,0,7.4726,1.8977,1]},
{"frame":7,"values":[0.9976,0.0592,-0.0346,0,-0.0621,0.9941,-0.0884,0,0.0292,0.0903,0.9955,0,0,7.4726,1.8977,1]},
{"frame":8,"values":[0.9975,0.0643,-0.0307,0,-0.0668,0.9939,-0.0877,0,0.0249,0.0895,0.9957,0,0,7.4726,1.8977,1]},
{"frame":9,"values":[0.9974,0.0674,-0.0253,0,-0.0696,0.993,-0.0958,0,0.0187,0.0973,0.9951,0,0,7.4726,1.8977,1]},
{"frame":10,"values":[0.9976,0.0644,-0.0243,0,-0.0666,0.9926,-0.1015,0,0.0176,0.1029,0.9945,0,0,7.4726,1.8977,1]},
{"frame":11,"values":[0.9979,0.0573,-0.0292,0,-0.0599,0.9934,-0.0977,0,0.0234,0.0992,0.9948,0,0,7.4726,1.8977,1]},
{"frame":12,"values":[0.998,0.0527,-0.0351,0,-0.0558,0.9938,-0.0961,0,0.0298,0.0979,0.9948,0,0,7.4726,1.8977,1]},
{"frame":13,"values":[0.9979,0.0533,-0.0355,0,-0.0567,0.9931,-0.1031,0,0.0298,0.1049,0.994,0,0,7.4726,1.8977,1]},
{"frame":14,"values":[0.998,0.0555,-0.0304,0,-0.0585,0.9923,-0.1091,0,0.0241,0.1107,0.9936,0,0,7.4726,1.8977,1]},
{"frame":15,"values":[0.9981,0.0551,-0.0271,0,-0.0578,0.9921,-0.1114,0,0.0207,0.1127,0.9934,0,0,7.4726,1.8977,1]},
{"frame":16,"values":[0.998,0.056,-0.0284,0,-0.059,0.9916,-0.1153,0,0.0217,0.1167,0.9929,0,0,7.4726,1.8977,1]},
{"frame":17,"values":[0.9976,0.0622,-0.0293,0,-0.0652,0.9911,-0.1161,0,0.0218,0.1177,0.9928,0,0,7.4726,1.8977,1]},
{"frame":18,"values":[0.9974,0.0671,-0.0271,0,-0.0697,0.9915,-0.1097,0,0.0195,0.1113,0.9936,0,0,7.4726,1.8977,1]},
{"frame":19,"values":[0.9977,0.0623,-0.0267,0,-0.0647,0.9924,-0.1045,0,0.02,0.106,0.9942,0,0,7.4726,1.8977,1]},
{"frame":20,"values":[0.998,0.0547,-0.0309,0,-0.0576,0.9929,-0.1038,0,0.025,0.1053,0.9941,0,0,7.4726,1.8977,1]},
{"frame":21,"values":[0.9979,0.0541,-0.0358,0,-0.0574,0.9934,-0.0988,0,0.0302,0.1007,0.9945,0,0,7.4726,1.8977,1]},
{"frame":22,"values":[0.9977,0.056,-0.0391,0,-0.0593,0.9943,-0.0885,0,0.0339,0.0906,0.9953,0,0,7.4726,1.8977,1]},
{"frame":23,"values":[0.9975,0.058,-0.04,0,-0.0612,0.9946,-0.0843,0,0.0349,0.0865,0.9956,0,0,7.4726,1.8977,1]},
{"frame":24,"values":[0.9973,0.0635,-0.038,0,-0.0666,0.9939,-0.0876,0,0.0322,0.0899,0.9954,0,0,7.4726,1.8977,1]},
{"frame":25,"values":[0.997,0.0684,-0.0355,0,-0.0712,0.9938,-0.0857,0,0.0295,0.0879,0.9957,0,0,7.4726,1.8977,1]},
{"frame":26,"values":[0.997,0.0684,-0.0364,0,-0.0711,0.9944,-0.0783,0,0.0309,0.0807,0.9963,0,0,7.4726,1.8977,1]},
{"frame":27,"values":[0.9969,0.0678,-0.0399,0,-0.0709,0.9942,-0.0803,0,0.0342,0.0829,0.996,0,0,7.4726,1.8977,1]},
{"frame":28,"values":[0.9966,0.0704,-0.0422,0,-0.0741,0.9928,-0.0937,0,0.0353,0.0965,0.9947,0,0,7.4726,1.8977,1]},
{"frame":29,"values":[0.9964,0.0735,-0.0426,0,-0.0777,0.9915,-0.1047,0,0.0346,0.1077,0.9936,0,0,7.4726,1.8977,1]}],"loopBehavior":1,"name":"anim","property":"_matrix"}},
{"name":"HeadTop_End","index":6,"matrix":[1,0,0,0,0,1,0,0,0,0,1,0,0,25.4969,6.475,1],"rest":[1,0,0,0,0,1,0,0,0,0,1,0,0,25.4969,6.475,1],"parentBoneIndex":5,"length":26.3062
,"animation":{"dataType":3,"framePerSecond":24,"keys":[
{"frame":1,"values":[1,0,0,0,0,1,0,0,0,0,1,0,0,25.4969,6.475,1]},
{"frame":29,"values":[1,0,0,0,0,1,0,0,0,0,1,0,0,25.4969,6.475,1]}],"loopBehavior":1,"name":"anim","property":"_matrix"}},
{"name":"LeftShoulder","index":7,"matrix":[0.9703,-0.1957,-0.1419,0,0.1947,0.9806,-0.0209,0,0.1433,-0.0074,0.9897,0,5.5507,13.7754,-1.9265,1],"rest":[1,-0.002,0,0,0.002,1,0,0,0,0,1,0,5.5507,13.7754,-1.9265,1],"parentBoneIndex":3,"length":12.2475
,"animation":{"dataType":3,"framePerSecond":24,"keys":[
{"frame":1,"values":[0.9703,-0.1957,-0.1419,0,0.1947,0.9806,-0.0209,0,0.1433,-0.0074,0.9897,0,5.5507,13.7754,-1.9265,1]},
{"frame":2,"values":[0.9727,-0.1903,-0.133,0,0.1896,0.9817,-0.0181,0,0.134,-0.0076,0.9909,0,5.5507,13.7754,-1.9265,1]},
{"frame":3,"values":[0.9739,-0.1869,-0.1288,0,0.1863,0.9823,-0.0167,0,0.1296,-0.0077,0.9915,0,5.5507,13.7754,-1.9265,1]},
{"frame":4,"values":[0.9731,-0.189,-0.1321,0,0.1883,0.982,-0.0178,0,0.1331,-0.0076,0.9911,0,5.5507,13.7754,-1.9265,1]},
{"frame":5,"values":[0.9718,-0.1922,-0.1363,0,0.1914,0.9813,-0.0191,0,0.1374,-0.0075,0.9905,0,5.5507,13.7754,-1.9265,1]},
{"frame":6,"values":[0.9728,-0.1899,-0.1328,0,0.1892,0.9818,-0.018,0,0.1339,-0.0076,0.991,0,5.5507,13.7754,-1.9265,1]},
{"frame":7,"values":[0.9747,-0.1846,-0.1259,0,0.1841,0.9828,-0.0158,0,0.1266,-0.0078,0.9919,0,5.5507,13.7754,-1.9265,1]},
{"frame":8,"values":[0.9748,-0.1843,-0.1261,0,0.1837,0.9828,-0.0158,0,0.1269,-0.0078,0.9919,0,5.5507,13.7754,-1.9265,1]},
{"frame":9,"values":[0.9734,-0.188,-0.131,0,0.1874,0.9821,-0.0174,0,0.132,-0.0076,0.9912,0,5.5507,13.7754,-1.9265,1]},
{"frame":10,"values":[0.9727,-0.1903,-0.133,0,0.1895,0.9817,-0.0181,0,0.134,-0.0076,0.991,0,5.5507,13.7754,-1.9265,1]},
{"frame":11,"values":[0.9726,-0.1909,-0.1329,0,0.1902,0.9816,-0.0182,0,0.1339,-0.0076,0.991,0,5.5507,13.7754,-1.9265,1]},
{"frame":12,"values":[0.9726,-0.1912,-0.1324,0,0.1905,0.9815,-0.0181,0,0.1334,-0.0077,0.991,0,5.5507,13.7754,-1.9265,1]},
{"frame":13,"values":[0.9737,-0.1889,-0.1277,0,0.1883,0.982,-0.0167,0,0.1285,-0.0078,0.9917,0,5.5507,13.7754,-1.9265,1]},
{"frame":14,"values":[0.9754,-0.1849,-0.1198,0,0.1845,0.9827,-0.0144,0,0.1204,-0.0081,0.9927,0,5.5507,13.7754,-1.9265,1]},
{"frame":15,"values":[0.9751,-0.1861,-0.1201,0,0.1857,0.9825,-0.0146,0,0.1208,-0.0081,0.9926,0,5.5507,13.7754,-1.9265,1]},
{"frame":16,"values":[0.9726,-0.1928,-0.1299,0,0.1921,0.9812,-0.0176,0,0.1308,-0.0078,0.9914,0,5.5507,13.7754,-1.9265,1]},
{"frame":17,"values":[0.9706,-0.1975,-0.1373,0,0.1966,0.9803,-0.0199,0,0.1386,-0.0076,0.9903,0,5.5507,13.7754,-1.9265,1]},
{"frame":18,"values":[0.9701,-0.1988,-0.139,0,0.1979,0.98,-0.0206,0,0.1403,-0.0076,0.9901,0,5.5507,13.7754,-1.9265,1]},
{"frame":19,"values":[0.9699,-0.1994,-0.1396,0,0.1985,0.9799,-0.0208,0,0.141,-0.0075,0.99,0,5.5507,13.7754,-1.9265,1]},
{"frame":20,"values":[0.9705,-0.1979,-0.1379,0,0.197,0.9802,-0.0202,0,0.1392,-0.0076,0.9902,0,5.5507,13.7754,-1.9265,1]},
{"frame":21,"values":[0.9727,-0.1926,-0.1293,0,0.1919,0.9813,-0.0174,0,0.1302,-0.0079,0.9915,0,5.5507,13.7754,-1.9265,1]},
{"frame":22,"values":[0.9739,-0.1905,-0.1232,0,0.19,0.9817,-0.0157,0,0.1239,-0.0081,0.9923,0,5.5507,13.7754,-1.9265,1]},
{"frame":23,"values":[0.9715,-0.1972,-0.1314,0,0.1964,0.9803,-0.0185,0,0.1325,-0.0079,0.9912,0,5.5507,13.7754,-1.9265,1]},
{"frame":24,"values":[0.9683,-0.2042,-0.1438,0,0.2031,0.9789,-0.0224,0,0.1454,-0.0075,0.9893,0,5.5507,13.7754,-1.9265,1]},
{"frame":25,"values":[0.9674,-0.2057,-0.1476,0,0.2045,0.9786,-0.0236,0,0.1493,-0.0073,0.9888,0,5.5507,13.7754,-1.9265,1]},
{"frame":26,"values":[0.9678,-0.205,-0.1463,0,0.2038,0.9787,-0.0232,0,0.148,-0.0073,0.989,0,5.5507,13.7754,-1.9265,1]},
{"frame":27,"values":[0.9683,-0.2033,-0.1452,0,0.2022,0.9791,-0.0227,0,0.1467,-0.0074,0.9891,0,5.5507,13.7754,-1.9265,1]},
{"frame":28,"values":[0.9693,-0.1993,-0.1436,0,0.1983,0.9799,-0.0218,0,0.1451,-0.0074,0.9894,0,5.5507,13.7754,-1.9265,1]},
{"frame":29,"values":[0.9703,-0.1957,-0.1419,0,0.1947,0.9806,-0.0209,0,0.1433,-0.0074,0.9897,0,5.5507,13.7754,-1.9265,1]}],"loopBehavior":1,"name":"anim","property":"_matrix"}},
{"name":"LeftArm","index":8,"matrix":[0.0202,-0.7954,0.6057,0,0.6704,0.4602,0.582,0,-0.7417,0.3943,0.5426,0,11.8394,-3.1354,-0.0171,1],"rest":[0.9973,-0.0184,0.0706,0,0.0183,0.9998,0.0011,0,-0.0707,0.0002,0.9975,0,11.8394,-3.1354,-0.0171,1],"parentBoneIndex":7,"length":29.2403
,"animation":{"dataType":3,"framePerSecond":24,"keys":[
{"frame":1,"values":[0.0202,-0.7954,0.6057,0,0.6704,0.4602,0.582,0,-0.7417,0.3943,0.5426,0,11.8394,-3.1354,-0.0171,1]},
{"frame":2,"values":[0.0477,-0.7921,0.6085,0,0.7205,0.4491,0.5283,0,-0.6918,0.4132,0.5922,0,11.8394,-3.1354,-0.0171,1]},
{"frame":3,"values":[0.0611,-0.7963,0.6019,0,0.7906,0.4067,0.4578,0,-0.6093,0.4479,0.6544,0,11.8394,-3.1354,-0.0171,1]},
{"frame":4,"values":[0.0565,-0.8054,0.5901,0,0.8328,0.364,0.417,0,-0.5506,0.4679,0.6913,0,11.8394,-3.1354,-0.0171,1]},
{"frame":5,"values":[0.0433,-0.8119,0.5822,0,0.81,0.3696,0.4552,0,-0.5848,0.4519,0.6737,0,11.8394,-3.1354,-0.0171,1]},
{"frame":6,"values":[0.0193,-0.8124,0.5828,0,0.7223,0.4144,0.5537,0,-0.6913,0.4103,0.5947,0,11.8394,-3.1354,-0.0171,1]},
{"frame":7,"values":[-0.008,-0.8127,0.5827,0,0.6367,0.4452,0.6296,0,-0.7711,0.376,0.5139,0,11.8394,-3.1354,-0.0171,1]},
{"frame":8,"values":[-0.0078,-0.814,0.5808,0,0.6194,0.452,0.6419,0,-0.785,0.3648,0.5007,0,11.8394,-3.1354,-0.0171,1]},
{"frame":9,"values":[0.0218,-0.8114,0.584,0,0.66,0.4505,0.6012,0,-0.7509,0.3724,0.5454,0,11.8394,-3.1354,-0.0171,1]},
{"frame":10,"values":[0.055,-0.8083,0.5862,0,0.7242,0.4365,0.5339,0,-0.6874,0.3951,0.6094,0,11.8394,-3.1354,-0.0171,1]},
{"frame":11,"values":[0.0693,-0.8118,0.5798,0,0.7835,0.404,0.4721,0,-0.6175,0.4216,0.6641,0,11.8394,-3.1354,-0.0171,1]},
{"frame":12,"values":[0.0621,-0.8186,0.571,0,0.7966,0.3853,0.4658,0,-0.6013,0.4259,0.6761,0,11.8394,-3.1354,-0.0171,1]},
{"frame":13,"values":[0.0403,-0.8206,0.5701,0,0.7378,0.4092,0.5368,0,-0.6738,0.399,0.622,0,11.8394,-3.1354,-0.0171,1]},
{"frame":14,"values":[0.0118,-0.821,0.5708,0,0.6544,0.4379,0.6164,0,-0.756,0.3662,0.5425,0,11.8394,-3.1354,-0.0171,1]},
{"frame":15,"values":[0.0043,-0.8234,0.5674,0,0.6315,0.4422,0.6369,0,-0.7754,0.3556,0.5219,0,11.8394,-3.1354,-0.0171,1]},
{"frame":16,"values":[0.0254,-0.8241,0.5659,0,0.6754,0.4315,0.5981,0,-0.737,0.367,0.5675,0,11.8394,-3.1354,-0.0171,1]},
{"frame":17,"values":[0.0531,-0.8224,0.5664,0,0.747,0.4091,0.524,0,-0.6627,0.3953,0.6361,0,11.8394,-3.1354,-0.0171,1]},
{"frame":18,"values":[0.0693,-0.8227,0.5642,0,0.8097,0.3768,0.4499,0,-0.5827,0.4256,0.6923,0,11.8394,-3.1354,-0.0171,1]},
{"frame":19,"values":[0.0686,-0.8248,0.5612,0,0.8321,0.3576,0.4239,0,-0.5504,0.4379,0.7109,0,11.8394,-3.1354,-0.0171,1]},
{"frame":20,"values":[0.0516,-0.8236,0.5648,0,0.7929,0.3776,0.4782,0,-0.6071,0.4232,0.6725,0,11.8394,-3.1354,-0.0171,1]},
{"frame":21,"values":[0.0177,-0.82,0.5721,0,0.7025,0.4173,0.5765,0,-0.7115,0.3917,0.5834,0,11.8394,-3.1354,-0.0171,1]},
{"frame":22,"values":[-0.0103,-0.8193,0.5733,0,0.6279,0.4409,0.6413,0,-0.7782,0.3666,0.5099,0,11.8394,-3.1354,-0.0171,1]},
{"frame":23,"values":[-0.0057,-0.8157,0.5785,0,0.6131,0.4541,0.6464,0,-0.79,0.3583,0.4975,0,11.8394,-3.1354,-0.0171,1]},
{"frame":24,"values":[0.0203,-0.8038,0.5946,0,0.6425,0.4661,0.6082,0,-0.766,0.3697,0.5259,0,11.8394,-3.1354,-0.0171,1]},
{"frame":25,"values":[0.041,-0.7931,0.6078,0,0.702,0.4557,0.5473,0,-0.711,0.4042,0.5754,0,11.8394,-3.1354,-0.0171,1]},
{"frame":26,"values":[0.0405,-0.7922,0.6089,0,0.7648,0.4167,0.4913,0,-0.6429,0.4458,0.6228,0,11.8394,-3.1354,-0.0171,1]},
{"frame":27,"values":[0.0285,-0.7945,0.6066,0,0.7751,0.4008,0.4885,0,-0.6312,0.4563,0.6272,0,11.8394,-3.1354,-0.0171,1]},
{"frame":28,"values":[0.0214,-0.7952,0.606,0,0.7232,0.4308,0.5398,0,-0.6903,0.4267,0.5843,0,11.8394,-3.1354,-0.0171,1]},
{"frame":29,"values":[0.0202,-0.7955,0.6057,0,0.6705,0.4602,0.582,0,-0.7417,0.3943,0.5426,0,11.8394,-3.1354,-0.0171,1]}],"loopBehavior":1,"name":"anim","property":"_matrix"}},
{"name":"LeftForeArm","index":9,"matrix":[0.0759,0.0012,0.9971,0,-0.0207,0.9998,0.0004,0,-0.9969,-0.0207,0.0759,0,29.1612,0.5949,-2.0659,1],"rest":[0.9973,0.0203,-0.0707,0,-0.0203,0.9998,0.0007,0,0.0707,0.0007,0.9975,0,29.1612,0.5949,-2.0659,1],"parentBoneIndex":8,"length":29.6649
,"animation":{"dataType":3,"framePerSecond":24,"keys":[
{"frame":1,"values":[0.0759,0.0012,0.9971,0,-0.0207,0.9998,0.0004,0,-0.9969,-0.0207,0.0759,0,29.1612,0.5949,-2.0659,1]},
{"frame":2,"values":[0.0802,0.0013,0.9968,0,-0.0207,0.9998,0.0004,0,-0.9966,-0.0207,0.0802,0,29.1612,0.5949,-2.0659,1]},
{"frame":3,"values":[0.0898,0.0015,0.996,0,-0.0207,0.9998,0.0004,0,-0.9957,-0.0207,0.0898,0,29.1612,0.5949,-2.0659,1]},
{"frame":4,"values":[0.0895,0.0015,0.996,0,-0.0207,0.9998,0.0004,0,-0.9958,-0.0207,0.0895,0,29.1612,0.5949,-2.0659,1]},
{"frame":5,"values":[0.08,0.0013,0.9968,0,-0.0207,0.9998,0.0004,0,-0.9966,-0.0207,0.08,0,29.1612,0.5949,-2.0659,1]},
{"frame":6,"values":[0.07,0.0011,0.9975,0,-0.0207,0.9998,0.0004,0,-0.9973,-0.0207,0.07,0,29.1612,0.5949,-2.0659,1]},
{"frame":7,"values":[0.056,0.0008,0.9984,0,-0.0207,0.9998,0.0004,0,-0.9982,-0.0207,0.056,0,29.1612,0.5949,-2.0659,1]},
{"frame":8,"values":[0.0415,0.0005,0.9991,0,-0.0207,0.9998,0.0004,0,-0.9989,-0.0207,0.0415,0,29.1612,0.5949,-2.0659,1]},
{"frame":9,"values":[0.0396,0.0004,0.9992,0,-0.0207,0.9998,0.0004,0,-0.999,-0.0207,0.0396,0,29.1612,0.5949,-2.0659,1]},
{"frame":10,"values":[0.0486,0.0006,0.9988,0,-0.0207,0.9998,0.0004,0,-0.9986,-0.0207,0.0486,0,29.1612,0.5949,-2.0659,1]},
{"frame":11,"values":[0.0564,0.0008,0.9984,0,-0.0207,0.9998,0.0004,0,-0.9982,-0.0207,0.0564,0,29.1612,0.5949,-2.0659,1]},
{"frame":12,"values":[0.0508,0.0007,0.9987,0,-0.0207,0.9998,0.0004,0,-0.9985,-0.0207,0.0509,0,29.1612,0.5949,-2.0659,1]},
{"frame":13,"values":[0.0393,0.0004,0.9992,0,-0.0207,0.9998,0.0004,0,-0.999,-0.0207,0.0393,0,29.1612,0.5949,-2.0659,1]},
{"frame":14,"values":[0.0258,0.0002,0.9997,0,-0.0207,0.9998,0.0004,0,-0.9995,-0.0207,0.0258,0,29.1612,0.5949,-2.0659,1]},
{"frame":15,"values":[0.0199,0,0.9998,0,-0.0207,0.9998,0.0004,0,-0.9996,-0.0207,0.0199,0,29.1612,0.5949,-2.0659,1]},
{"frame":16,"values":[0.0281,0.0002,0.9996,0,-0.0207,0.9998,0.0004,0,-0.9994,-0.0207,0.0281,0,29.1612,0.5949,-2.0659,1]},
{"frame":17,"values":[0.0384,0.0004,0.9993,0,-0.0207,0.9998,0.0004,0,-0.999,-0.0207,0.0384,0,29.1612,0.5949,-2.0659,1]},
{"frame":18,"values":[0.0481,0.0006,0.9988,0,-0.0207,0.9998,0.0004,0,-0.9986,-0.0207,0.0481,0,29.1612,0.5949,-2.0659,1]},
{"frame":19,"values":[0.0522,0.0007,0.9986,0,-0.0207,0.9998,0.0004,0,-0.9984,-0.0207,0.0522,0,29.1612,0.5949,-2.0659,1]},
{"frame":20,"values":[0.0564,0.0008,0.9984,0,-0.0207,0.9998,0.0004,0,-0.9982,-0.0207,0.0564,0,29.1612,0.5949,-2.0659,1]},
{"frame":21,"values":[0.0615,0.0009,0.9981,0,-0.0207,0.9998,0.0004,0,-0.9979,-0.0207,0.0615,0,29.1612,0.5949,-2.0659,1]},
{"frame":22,"values":[0.0548,0.0008,0.9985,0,-0.0207,0.9998,0.0004,0,-0.9983,-0.0207,0.0548,0,29.1612,0.5949,-2.0659,1]},
{"frame":23,"values":[0.0464,0.0006,0.9989,0,-0.0207,0.9998,0.0004,0,-0.9987,-0.0207,0.0464,0,29.1612,0.5949,-2.0659,1]},
{"frame":24,"values":[0.0563,0.0008,0.9984,0,-0.0207,0.9998,0.0004,0,-0.9982,-0.0207,0.0563,0,29.1612,0.5949,-2.0659,1]},
{"frame":25,"values":[0.089,0.0015,0.996,0,-0.0207,0.9998,0.0004,0,-0.9958,-0.0207,0.089,0,29.1612,0.5949,-2.0659,1]},
{"frame":26,"values":[0.1245,0.0022,0.9922,0,-0.0207,0.9998,0.0004,0,-0.992,-0.0206,0.1245,0,29.1612,0.5949,-2.0659,1]},
{"frame":27,"values":[0.1331,0.0024,0.9911,0,-0.0207,0.9998,0.0004,0,-0.9909,-0.0206,0.1332,0,29.1612,0.5949,-2.0659,1]},
{"frame":28,"values":[0.1068,0.0018,0.9943,0,-0.0207,0.9998,0.0004,0,-0.9941,-0.0207,0.1068,0,29.1612,0.5949,-2.0659,1]},
{"frame":29,"values":[0.0745,0.0012,0.9972,0,-0.0207,0.9998,0.0004,0,-0.997,-0.0207,0.0745,0,29.1612,0.5949,-2.0659,1]}],"loopBehavior":1,"name":"anim","property":"_matrix"}},
{"name":"LeftHand","index":10,"matrix":[0.8303,0.5058,0.234,0,-0.5284,0.848,0.042,0,-0.1771,-0.1585,0.9713,0,29.6649,0,0,1],"rest":[1,0,0,0,0,1,-0.0011,0,0,0.0011,1,0,29.6649,0,0,1],"parentBoneIndex":9,"length":11.8196
,"animation":{"dataType":3,"framePerSecond":24,"keys":[
{"frame":1,"values":[0.8303,0.5058,0.234,0,-0.5284,0.848,0.042,0,-0.1771,-0.1585,0.9713,0,29.6649,0,0,1]},
{"frame":2,"values":[0.876,0.4243,0.2293,0,-0.4645,0.8702,0.1642,0,-0.1299,-0.2503,0.9594,0,29.6649,0,0,1]},
{"frame":3,"values":[0.8941,0.4034,0.1945,0,-0.4395,0.8736,0.2088,0,-0.0857,-0.2722,0.9584,0,29.6649,0,0,1]},
{"frame":4,"values":[0.8969,0.402,0.1842,0,-0.4329,0.8832,0.1802,0,-0.0902,-0.2414,0.9662,0,29.6649,0,0,1]},
{"frame":5,"values":[0.8886,0.4073,0.2108,0,-0.4346,0.8947,0.1032,0,-0.1466,-0.1833,0.9721,0,29.6649,0,0,1]},
{"frame":6,"values":[0.8565,0.4781,0.1945,0,-0.4718,0.878,-0.0808,0,-0.2094,-0.0225,0.9776,0,29.6649,0,0,1]},
{"frame":7,"values":[0.8104,0.5833,0.0557,0,-0.5767,0.8108,-0.1001,0,-0.1035,0.049,0.9934,0,29.6649,0,0,1]},
{"frame":8,"values":[0.7957,0.6047,-0.036,0,-0.6036,0.7964,0.0366,0,0.0508,-0.0074,0.9987,0,29.6649,0,0,1]},
{"frame":9,"values":[0.8867,0.4617,0.0228,0,-0.451,0.8748,-0.1772,0,-0.1017,0.1469,0.9839,0,29.6649,0,0,1]},
{"frame":10,"values":[0.9334,0.3512,0.0735,0,-0.3332,0.9244,-0.1858,0,-0.1332,0.1489,0.9798,0,29.6649,0,0,1]},
{"frame":11,"values":[0.9357,0.3385,0.0993,0,-0.3354,0.9409,-0.0472,0,-0.1094,0.0109,0.9939,0,29.6649,0,0,1]},
{"frame":12,"values":[0.9097,0.3914,0.1384,0,-0.404,0.9115,0.0774,0,-0.0959,-0.1263,0.9873,0,29.6649,0,0,1]},
{"frame":13,"values":[0.8426,0.5179,0.1477,0,-0.5323,0.8426,0.0818,0,-0.0821,-0.1475,0.9856,0,29.6649,0,0,1]},
{"frame":14,"values":[0.7594,0.6502,0.0238,0,-0.639,0.7385,0.2152,0,0.1223,-0.1786,0.9763,0,29.6649,0,0,1]},
{"frame":15,"values":[0.7561,0.6529,-0.0456,0,-0.6313,0.7459,0.2125,0,0.1727,-0.1319,0.9761,0,29.6649,0,0,1]},
{"frame":16,"values":[0.8619,0.5052,0.0437,0,-0.4893,0.8512,-0.1901,0,-0.1333,0.1425,0.9808,0,29.6649,0,0,1]},
{"frame":17,"values":[0.9126,0.3847,0.1382,0,-0.3805,0.923,-0.0572,0,-0.1496,-0.0003,0.9887,0,29.6649,0,0,1]},
{"frame":18,"values":[0.9353,0.2953,0.1948,0,-0.3296,0.9275,0.1765,0,-0.1285,-0.2293,0.9648,0,29.6649,0,0,1]},
{"frame":19,"values":[0.9276,0.2877,0.2382,0,-0.3489,0.895,0.2779,0,-0.1332,-0.3409,0.9306,0,29.6649,0,0,1]},
{"frame":20,"values":[0.8822,0.3837,0.2728,0,-0.4423,0.874,0.2012,0,-0.1613,-0.2982,0.9408,0,29.6649,0,0,1]},
{"frame":21,"values":[0.812,0.5412,0.2183,0,-0.5567,0.8306,0.0115,0,-0.1751,-0.1309,0.9758,0,29.6649,0,0,1]},
{"frame":22,"values":[0.7276,0.686,-0.0051,0,-0.6749,0.7171,0.1737,0,0.1228,-0.123,0.9848,0,29.6649,0,0,1]},
{"frame":23,"values":[0.7179,0.6962,-0.0028,0,-0.6855,0.7076,0.1713,0,0.1213,-0.1211,0.9852,0,29.6649,0,0,1]},
{"frame":24,"values":[0.8178,0.5713,0.0689,0,-0.561,0.8182,-0.1258,0,-0.1282,0.0642,0.9897,0,29.6649,0,0,1]},
{"frame":25,"values":[0.8787,0.4605,0.1257,0,-0.4648,0.8854,0.0048,0,-0.1091,-0.0626,0.9921,0,29.6649,0,0,1]},
{"frame":26,"values":[0.9203,0.3781,0.1004,0,-0.39,0.866,0.313,0,0.0314,-0.3272,0.9444,0,29.6649,0,0,1]},
{"frame":27,"values":[0.9358,0.3247,0.1374,0,-0.3516,0.8301,0.4329,0,0.0264,-0.4534,0.8909,0,29.6649,0,0,1]},
{"frame":28,"values":[0.8962,0.3745,0.238,0,-0.4348,0.848,0.3031,0,-0.0883,-0.3751,0.9228,0,29.6649,0,0,1]},
{"frame":29,"values":[0.8307,0.5057,0.2329,0,-0.5283,0.848,0.0428,0,-0.1759,-0.1586,0.9716,0,29.6649,0,0,1]}],"loopBehavior":1,"name":"anim","property":"_matrix"}},
{"name":"LeftHandThumb1","index":11,"matrix":[0.9976,-0.0407,-0.0563,0,0.0407,0.9992,-0.0012,0,0.0563,-0.0011,0.9984,0,6.1321,-4.043,2.9242,1],"rest":[1,-0.0003,-0.0002,0,0.0003,1,0.0003,0,0.0002,-0.0003,1,0,6.1321,-4.043,2.9242,1],"parentBoneIndex":10,"length":2.3395
,"animation":{"dataType":3,"framePerSecond":24,"keys":[
{"frame":1,"values":[0.9976,-0.0407,-0.0563,0,0.0407,0.9992,-0.0012,0,0.0563,-0.0011,0.9984,0,6.1321,-4.043,2.9242,1]},
{"frame":29,"values":[0.9976,-0.0407,-0.0563,0,0.0407,0.9992,-0.0012,0,0.0563,-0.0011,0.9984,0,6.1321,-4.043,2.9242,1]}],"loopBehavior":1,"name":"anim","property":"_matrix"}},
{"name":"LeftHandThumb2","index":12,"matrix":[0.9634,0.2209,-0.1515,0,-0.236,0.9676,-0.0895,0,0.1268,0.122,0.9844,0,1.8122,-1.0462,1.0462,1],"rest":[1,0,0,0,0,1,0,0,0,0,1,0,1.8122,-1.0462,1.0462,1],"parentBoneIndex":11,"length":1.5944
