{"producer":{"name":"Blender","version":"2.90.0","exporter_version":"6.4.4","file":"option_point.babylon"},
"autoClear":true,"clearColor":[0.0509,0.0509,0.0509],"gravity":[0,-9.81,0],
"materials":[{"name":"Material","id":"Material","customType":"BABYLON.PBRMaterial","backFaceCulling":true,"checkReadyOnlyOnce":false,"maxSimultaneousLights":4,"environmentIntensity":1,"albedo":[0.8,0.8,0.8],"reflectivity":[0.5,0.5,0.5],"roughness":0.4,"alpha":1,"transparencyMode":0,"alphaCutOff":0.4,"metallic":0}],
"multiMaterials":[],
"skeletons":[{"name":"Armature","id":0,"dimensionsAtRest":[192.3395,226.9932,28.649],"bones":[
{"name":"Hips","index":0,"matrix":[0.993,-0.0233,-0.1157,0,0.0132,0.9961,-0.0873,0,-0.1173,-0.0852,-0.9894,0,-0.0346,112.666,-0.7614,1],"rest":[1,0,0,0,0,1,0,0,0,0,-1,0,0,114.0532,0,1],"parentBoneIndex":-1,"length":12.7599
,"animation":{"dataType":3,"framePerSecond":24,"keys":[
{"frame":1,"values":[0.993,-0.0233,-0.1157,0,0.0132,0.9961,-0.0873,0,-0.1173,-0.0852,-0.9894,0,-0.0346,112.666,-0.7614,1]},
{"frame":2,"values":[0.9935,-0.0229,-0.1118,0,0.0133,0.9962,-0.0858,0,-0.1134,-0.0837,-0.99,0,0.0244,112.6469,-0.4029,1]},
{"frame":3,"values":[0.994,-0.0222,-0.1067,0,0.0133,0.9964,-0.0836,0,-0.1082,-0.0816,-0.9908,0,0.0792,112.6342,-0.1567,1]},
{"frame":4,"values":[0.9949,-0.0208,-0.0989,0,0.0129,0.9967,-0.0797,0,-0.1002,-0.0781,-0.9919,0,0.1245,112.6308,0.0488,1]},
{"frame":5,"values":[0.9959,-0.0184,-0.0886,0,0.0118,0.9972,-0.074,0,-0.0897,-0.0726,-0.9933,0,0.1545,112.6292,0.2283,1]},
{"frame":6,"values":[0.9965,-0.0164,-0.0825,0,0.0107,0.9976,-0.0691,0,-0.0835,-0.068,-0.9942,0,0.1159,112.6335,0.3734,1]},
{"frame":7,"values":[0.9968,-0.0148,-0.078,0,0.0098,0.9979,-0.0645,0,-0.0788,-0.0636,-0.9949,0,0.0746,112.6303,0.4991,1]},
{"frame":8,"values":[0.9971,-0.0141,-0.0752,0,0.0096,0.9982,-0.0598,0,-0.0759,-0.0589,-0.9954,0,0.0334,112.6344,0.6177,1]},
{"frame":9,"values":[0.9972,-0.0145,-0.0733,0,0.0106,0.9985,-0.0543,0,-0.0739,-0.0533,-0.9958,0,-0.0064,112.6519,0.7447,1]},
{"frame":10,"values":[0.9972,-0.0157,-0.073,0,0.0122,0.9988,-0.0482,0,-0.0737,-0.0471,-0.9962,0,-0.045,112.6757,0.889,1]},
{"frame":11,"values":[0.997,-0.0167,-0.0755,0,0.0135,0.999,-0.0426,0,-0.0761,-0.0414,-0.9962,0,-0.0807,112.6963,1.0384,1]},
{"frame":12,"values":[0.9967,-0.0172,-0.079,0,0.0142,0.9992,-0.0378,0,-0.0796,-0.0365,-0.9962,0,-0.1133,112.7114,1.2277,1]},
{"frame":13,"values":[0.9966,-0.0175,-0.0802,0,0.0149,0.9994,-0.0328,0,-0.0807,-0.0315,-0.9962,0,-0.151,112.7248,1.3869,1]},
{"frame":14,"values":[0.9968,-0.0182,-0.0781,0,0.0162,0.9995,-0.0257,0,-0.0786,-0.0244,-0.9966,0,-0.2004,112.7442,1.4321,1]},
{"frame":15,"values":[0.997,-0.0184,-0.0745,0,0.0174,0.9998,-0.0139,0,-0.0748,-0.0126,-0.9971,0,-0.2511,112.7764,1.3173,1]},
{"frame":16,"values":[0.9975,-0.0173,-0.0691,0,0.0175,0.9998,0.0023,0,-0.0691,0.0035,-0.9976,0,-0.2968,112.8099,1.0841,1]},
{"frame":17,"values":[0.9981,-0.0156,-0.0597,0,0.0166,0.9997,0.0172,0,-0.0594,0.0182,-0.9981,0,-0.3677,112.8224,0.8624,1]},
{"frame":18,"values":[0.9989,-0.0151,-0.044,0,0.0162,0.9995,0.0256,0,-0.0436,0.0263,-0.9987,0,-0.4907,112.8197,0.7313,1]},
{"frame":19,"values":[0.9996,-0.0161,-0.0246,0,0.0168,0.9995,0.028,0,-0.0241,0.0284,-0.9993,0,-0.6537,112.8149,0.6657,1]},
{"frame":20,"values":[0.9998,-0.0175,-0.0068,0,0.0177,0.9995,0.0266,0,-0.0063,0.0267,-0.9996,0,-0.8311,112.8087,0.6356,1]},
{"frame":21,"values":[0.9998,-0.0188,0.0052,0,0.0187,0.9995,0.0236,0,0.0056,0.0235,-0.9997,0,-1.0085,112.7986,0.6427,1]},
{"frame":22,"values":[0.9998,-0.02,0.0098,0,0.0198,0.9996,0.0203,0,0.0102,0.0201,-0.9997,0,-1.1773,112.7893,0.7061,1]},
{"frame":23,"values":[0.9997,-0.0211,0.0097,0,0.021,0.9996,0.0173,0,0.0101,0.0171,-0.9998,0,-1.3249,112.7801,0.8354,1]},
{"frame":24,"values":[0.9997,-0.0222,0.0072,0,0.0221,0.9996,0.0147,0,0.0075,0.0145,-0.9999,0,-1.4442,112.7666,1.0148,1]},
{"frame":25,"values":[0.9997,-0.0233,0.0038,0,0.0232,0.9996,0.0127,0,0.0041,0.0126,-0.9999,0,-1.537,112.7502,1.2053,1]},
{"frame":26,"values":[0.9997,-0.0242,0.0008,0,0.0242,0.9996,0.0111,0,0.0011,0.0111,-0.9999,0,-1.6107,112.735,1.375,1]},
{"frame":27,"values":[0.9997,-0.0251,-0.0009,0,0.0251,0.9996,0.0092,0,-0.0007,0.0092,-1,0,-1.6694,112.7193,1.5171,1]},
{"frame":28,"values":[0.9997,-0.026,-0.0006,0,0.026,0.9996,0.0067,0,-0.0004,0.0067,-1,0,-1.7101,112.7,1.6391,1]},
{"frame":29,"values":[0.9996,-0.0268,0.0006,0,0.0268,0.9996,0.0044,0,0.0008,0.0044,-1,0,-1.7317,112.6802,1.7376,1]},
{"frame":30,"values":[0.9996,-0.0275,0.0017,0,0.0275,0.9996,0.0024,0,0.0017,0.0023,-1,0,-1.7407,112.6645,1.7989,1]},
{"frame":31,"values":[0.9996,-0.0282,0.0019,0,0.0282,0.9996,0.0001,0,0.0019,0,-1,0,-1.7416,112.653,1.8175,1]},
{"frame":32,"values":[0.9996,-0.0288,0.0014,0,0.0288,0.9996,-0.0025,0,0.0013,-0.0026,-1,0,-1.7295,112.6449,1.7939,1]},
{"frame":33,"values":[0.9996,-0.0294,0.0002,0,0.0294,0.9996,-0.005,0,0,-0.005,-1,0,-1.7002,112.642,1.7266,1]},
{"frame":34,"values":[0.9996,-0.03,-0.0012,0,0.0299,0.9995,-0.0069,0,-0.0014,-0.0069,-1,0,-1.6579,112.6454,1.6196,1]},
{"frame":35,"values":[0.9995,-0.0303,-0.0025,0,0.0303,0.9995,-0.0086,0,-0.0028,-0.0085,-1,0,-1.6068,112.6525,1.4841,1]},
{"frame":36,"values":[0.9995,-0.0304,-0.0036,0,0.0303,0.9995,-0.0102,0,-0.0039,-0.0101,-0.9999,0,-1.5501,112.6604,1.326,1]},
{"frame":37,"values":[0.9995,-0.0303,-0.0049,0,0.0303,0.9995,-0.0118,0,-0.0053,-0.0117,-0.9999,0,-1.4935,112.6701,1.1455,1]},
{"frame":38,"values":[0.9995,-0.0303,-0.0069,0,0.0302,0.9995,-0.0135,0,-0.0073,-0.0133,-0.9999,0,-1.4393,112.6833,0.9514,1]},
{"frame":39,"values":[0.9995,-0.0304,-0.0096,0,0.0303,0.9994,-0.0155,0,-0.0101,-0.0152,-0.9998,0,-1.3836,112.6976,0.7572,1]},
{"frame":40,"values":[0.9994,-0.0307,-0.0129,0,0.0304,0.9994,-0.0181,0,-0.0135,-0.0177,-0.9998,0,-1.325,112.7095,0.5672,1]},
{"frame":41,"values":[0.9994,-0.0308,-0.0166,0,0.0304,0.9993,-0.0212,0,-0.0173,-0.0207,-0.9996,0,-1.2651,112.7198,0.3795,1]},
{"frame":42,"values":[0.9993,-0.0307,-0.0209,0,0.0302,0.9992,-0.0247,0,-0.0216,-0.024,-0.9995,0,-1.2031,112.7279,0.2001,1]},
{"frame":43,"values":[0.9992,-0.0306,-0.0258,0,0.0299,0.9991,-0.029,0,-0.0266,-0.0282,-0.9992,0,-1.1392,112.7293,0.0468,1]},
{"frame":44,"values":[0.999,-0.0311,-0.0315,0,0.03,0.9989,-0.0349,0,-0.0325,-0.034,-0.9989,0,-1.0804,112.7213,-0.0609,1]},
{"frame":45,"values":[0.9987,-0.0326,-0.0381,0,0.031,0.9986,-0.0428,0,-0.0394,-0.0415,-0.9984,0,-1.0282,112.7072,-0.122,1]},
{"frame":46,"values":[0.9984,-0.0342,-0.0454,0,0.0319,0.9982,-0.0515,0,-0.0471,-0.05,-0.9976,0,-0.9645,112.6992,-0.1668,1]},
{"frame":47,"values":[0.998,-0.0348,-0.0529,0,0.0316,0.9977,-0.0603,0,-0.0548,-0.0585,-0.9968,0,-0.8729,112.7058,-0.2306,1]},
{"frame":48,"values":[0.9976,-0.0347,-0.0594,0,0.0305,0.9971,-0.0702,0,-0.0617,-0.0682,-0.9958,0,-0.7659,112.7156,-0.3095,1]},
{"frame":49,"values":[0.9973,-0.035,-0.0646,0,0.0297,0.9962,-0.0816,0,-0.0672,-0.0794,-0.9946,0,-0.6626,112.7173,-0.3958,1]},
{"frame":50,"values":[0.9971,-0.0352,-0.0679,0,0.0289,0.9953,-0.092,0,-0.0708,-0.0898,-0.9934,0,-0.5644,112.7173,-0.5258,1]},
{"frame":51,"values":[0.9969,-0.0354,-0.07,0,0.0284,0.9947,-0.0985,0,-0.0731,-0.0962,-0.9927,0,-0.4677,112.7309,-0.7372,1]},
{"frame":52,"values":[0.9968,-0.0364,-0.0717,0,0.0291,0.9945,-0.1009,0,-0.075,-0.0985,-0.9923,0,-0.3772,112.7617,-0.8878,1]},
{"frame":53,"values":[0.9965,-0.0372,-0.075,0,0.0296,0.9945,-0.1008,0,-0.0783,-0.0982,-0.9921,0,-0.2929,112.8034,-0.9936,1]},
{"frame":54,"values":[0.9961,-0.036,-0.0807,0,0.0279,0.9947,-0.0987,0,-0.0839,-0.0961,-0.9918,0,-0.2132,112.8469,-1.0668,1]},
{"frame":55,"values":[0.9956,-0.0337,-0.0873,0,0.0252,0.995,-0.0967,0,-0.0902,-0.0941,-0.9915,0,-0.1559,112.8799,-1.1251,1]},
{"frame":56,"values":[0.9951,-0.0323,-0.0935,0,0.0232,0.995,-0.0969,0,-0.0962,-0.0943,-0.9909,0,-0.1272,112.8933,-1.1672,1]},
{"frame":57,"values":[0.9946,-0.0318,-0.0992,0,0.022,0.9949,-0.0985,0,-0.1018,-0.0958,-0.9902,0,-0.1042,112.8898,-1.1984,1]},
{"frame":58,"values":[0.994,-0.0316,-0.1044,0,0.0212,0.9948,-0.0991,0,-0.107,-0.0963,-0.9896,0,-0.0826,112.8794,-1.2218,1]},
{"frame":59,"values":[0.9935,-0.0313,-0.109,0,0.0205,0.9949,-0.0985,0,-0.1116,-0.0957,-0.9891,0,-0.0837,112.8687,-1.2369,1]},
{"frame":60,"values":[0.9931,-0.0307,-0.113,0,0.0196,0.995,-0.0979,0,-0.1154,-0.095,-0.9888,0,-0.1129,112.8616,-1.2408,1]},
{"frame":61,"values":[0.9928,-0.0299,-0.1161,0,0.0185,0.995,-0.0978,0,-0.1184,-0.095,-0.9884,0,-0.1509,112.8579,-1.235,1]},
{"frame":62,"values":[0.9927,-0.0282,-0.1169,0,0.017,0.9952,-0.0964,0,-0.1191,-0.0937,-0.9885,0,-0.1435,112.8248,-1.213,1]},
{"frame":63,"values":[0.9927,-0.0269,-0.1178,0,0.0158,0.9954,-0.0943,0,-0.1198,-0.0918,-0.9886,0,-0.1277,112.7899,-1.18,1]},
{"frame":64,"values":[0.9925,-0.0257,-0.1191,0,0.0147,0.9957,-0.092,0,-0.121,-0.0895,-0.9886,0,-0.106,112.7561,-1.1273,1]},
{"frame":65,"values":[0.9925,-0.0246,-0.12,0,0.0138,0.9958,-0.0901,0,-0.1217,-0.0878,-0.9887,0,-0.0811,112.7237,-1.051,1]},
{"frame":66,"values":[0.9926,-0.0238,-0.1188,0,0.0132,0.996,-0.0887,0,-0.1204,-0.0865,-0.989,0,-0.059,112.6929,-0.9106,1]},
{"frame":67,"values":[0.993,-0.0233,-0.1157,0,0.0132,0.9961,-0.0873,0,-0.1173,-0.0852,-0.9894,0,-0.0346,112.666,-0.7614,1]}],"loopBehavior":1,"name":"anim","property":"_matrix"}},
{"name":"Spine","index":1,"matrix":[0.9996,0.0231,0.0169,0,-0.0229,0.9996,-0.0157,0,-0.0173,0.0153,0.9997,0,-0.0057,10.8958,-1.2787,1],"rest":[1,0,0,0,0,1,0,0,0,0,1,0,-0.0057,10.8958,-1.2787,1],"parentBoneIndex":0,"length":12.7989
,"animation":{"dataType":3,"framePerSecond":24,"keys":[
{"frame":1,"values":[0.9996,0.0231,0.0169,0,-0.0229,0.9996,-0.0157,0,-0.0173,0.0153,0.9997,0,-0.0057,10.8958,-1.2787,1]},
{"frame":2,"values":[0.9996,0.0234,0.0164,0,-0.0231,0.9996,-0.0163,0,-0.0168,0.0159,0.9997,0,-0.0057,10.8958,-1.2787,1]},
{"frame":3,"values":[0.9996,0.0235,0.0165,0,-0.0232,0.9996,-0.0166,0,-0.0169,0.0162,0.9997,0,-0.0057,10.8958,-1.2787,1]},
{"frame":4,"values":[0.9996,0.0233,0.017,0,-0.023,0.9996,-0.0164,0,-0.0174,0.016,0.9997,0,-0.0057,10.8958,-1.2787,1]},
{"frame":5,"values":[0.9996,0.023,0.0177,0,-0.0227,0.9996,-0.0157,0,-0.0181,0.0153,0.9997,0,-0.0057,10.8958,-1.2787,1]},
{"frame":6,"values":[0.9996,0.0226,0.0182,0,-0.0223,0.9996,-0.0148,0,-0.0185,0.0143,0.9997,0,-0.0057,10.8958,-1.2787,1]},
{"frame":7,"values":[0.9996,0.0222,0.0181,0,-0.022,0.9997,-0.0139,0,-0.0184,0.0135,0.9997,0,-0.0057,10.8958,-1.2787,1]},
{"frame":8,"values":[0.9996,0.0222,0.0176,0,-0.0219,0.9997,-0.0136,0,-0.0179,0.0132,0.9998,0,-0.0057,10.8958,-1.2787,1]},
{"frame":9,"values":[0.9996,0.0226,0.0174,0,-0.0223,0.9997,-0.0139,0,-0.0177,0.0135,0.9998,0,-0.0057,10.8958,-1.2787,1]},
{"frame":10,"values":[0.9996,0.0236,0.0174,0,-0.0233,0.9996,-0.0149,0,-0.0177,0.0145,0.9997,0,-0.0057,10.8958,-1.2787,1]},
{"frame":11,"values":[0.9995,0.0251,0.0168,0,-0.0248,0.9996,-0.0165,0,-0.0172,0.0161,0.9997,0,-0.0057,10.8958,-1.2787,1]},
{"frame":12,"values":[0.9995,0.0266,0.0144,0,-0.0264,0.9995,-0.0189,0,-0.0149,0.0185,0.9997,0,-0.0057,10.8958,-1.2787,1]},
{"frame":13,"values":[0.9996,0.0276,0.0091,0,-0.0274,0.9994,-0.0214,0,-0.0097,0.0211,0.9997,0,-0.0057,10.8958,-1.2787,1]},
{"frame":14,"values":[0.9996,0.027,0.0002,0,-0.027,0.9994,-0.0233,0,-0.0009,0.0233,0.9997,0,-0.0057,10.8958,-1.2787,1]},
{"frame":15,"values":[0.9996,0.0247,-0.0112,0,-0.025,0.9994,-0.0242,0,0.0105,0.0245,0.9996,0,-0.0057,10.8958,-1.2787,1]},
{"frame":16,"values":[0.9995,0.0207,-0.0233,0,-0.0213,0.9995,-0.0244,0,0.0228,0.0249,0.9994,0,-0.0057,10.8958,-1.2787,1]},
{"frame":17,"values":[0.9993,0.0159,-0.0341,0,-0.0168,0.9996,-0.0245,0,0.0337,0.0251,0.9991,0,-0.0057,10.8958,-1.2787,1]},
{"frame":18,"values":[0.9991,0.0113,-0.0418,0,-0.0124,0.9996,-0.0256,0,0.0415,0.0261,0.9988,0,-0.0057,10.8958,-1.2787,1]},
{"frame":19,"values":[0.9989,0.0077,-0.0462,0,-0.009,0.9996,-0.0279,0,0.046,0.0282,0.9985,0,-0.0057,10.8958,-1.2787,1]},
{"frame":20,"values":[0.9988,0.0056,-0.048,0,-0.0071,0.9995,-0.0309,0,0.0478,0.0312,0.9984,0,-0.0057,10.8958,-1.2787,1]},
{"frame":21,"values":[0.9988,0.0049,-0.0484,0,-0.0066,0.9994,-0.0338,0,0.0483,0.0341,0.9983,0,-0.0057,10.8958,-1.2787,1]},
{"frame":22,"values":[0.9988,0.0051,-0.0484,0,-0.0069,0.9993,-0.0357,0,0.0482,0.036,0.9982,0,-0.0057,10.8958,-1.2787,1]},
{"frame":23,"values":[0.9988,0.0056,-0.0483,0,-0.0073,0.9993,-0.0361,0,0.0481,0.0364,0.9982,0,-0.0057,10.8958,-1.2787,1]},
{"frame":24,"values":[0.9988,0.0059,-0.0481,0,-0.0075,0.9994,-0.0349,0,0.0479,0.0352,0.9982,0,-0.0057,10.8958,-1.2787,1]},
{"frame":25,"values":[0.9988,0.006,-0.0476,0,-0.0076,0.9994,-0.0326,0,0.0474,0.0329,0.9983,0,-0.0057,10.8958,-1.2787,1]},
{"frame":26,"values":[0.9989,0.006,-0.0467,0,-0.0074,0.9995,-0.0297,0,0.0465,0.03,0.9985,0,-0.0057,10.8958,-1.2787,1]},
{"frame":27,"values":[0.999,0.0059,-0.0451,0,-0.0072,0.9996,-0.027,0,0.0449,0.0273,0.9986,0,-0.0057,10.8958,-1.2787,1]},
{"frame":28,"values":[0.9991,0.0057,-0.0432,0,-0.0067,0.9997,-0.0247,0,0.043,0.0249,0.9988,0,-0.0057,10.8958,-1.2787,1]},
{"frame":29,"values":[0.9991,0.0051,-0.0411,0,-0.0061,0.9997,-0.0229,0,0.0409,0.0231,0.9989,0,-0.0057,10.8958,-1.2787,1]},
{"frame":30,"values":[0.9992,0.0044,-0.0391,0,-0.0053,0.9998,-0.0216,0,0.039,0.0218,0.999,0,-0.0057,10.8958,-1.2787,1]},
{"frame":31,"values":[0.9993,0.0038,-0.0374,0,-0.0046,0.9998,-0.0208,0,0.0374,0.0209,0.9991,0,-0.0057,10.8958,-1.2787,1]},
{"frame":32,"values":[0.9993,0.0034,-0.036,0,-0.0042,0.9998,-0.0203,0,0.036,0.0205,0.9991,0,-0.0057,10.8958,-1.2787,1]},
{"frame":33,"values":[0.9994,0.0034,-0.0348,0,-0.0041,0.9998,-0.0202,0,0.0348,0.0203,0.9992,0,-0.0057,10.8958,-1.2787,1]},
{"frame":34,"values":[0.9994,0.0035,-0.0337,0,-0.0042,0.9998,-0.0202,0,0.0337,0.0203,0.9992,0,-0.0057,10.8958,-1.2787,1]},
{"frame":35,"values":[0.9995,0.0038,-0.0327,0,-0.0044,0.9998,-0.0203,0,0.0326,0.0204,0.9993,0,-0.0057,10.8958,-1.2787,1]},
{"frame":36,"values":[0.9995,0.0039,-0.0317,0,-0.0046,0.9998,-0.0204,0,0.0316,0.0206,0.9993,0,-0.0057,10.8958,-1.2787,1]},
{"frame":37,"values":[0.9995,0.004,-0.0308,0,-0.0047,0.9998,-0.0205,0,0.0307,0.0207,0.9993,0,-0.0057,10.8958,-1.2787,1]},
{"frame":38,"values":[0.9995,0.0043,-0.0297,0,-0.0049,0.9998,-0.0204,0,0.0296,0.0205,0.9994,0,-0.0057,10.8958,-1.2787,1]},
{"frame":39,"values":[0.9996,0.0048,-0.0282,0,-0.0054,0.9998,-0.0198,0,0.0281,0.02,0.9994,0,-0.0057,10.8958,-1.2787,1]},
{"frame":40,"values":[0.9997,0.0057,-0.0254,0,-0.0062,0.9998,-0.0186,0,0.0253,0.0187,0.9995,0,-0.0057,10.8958,-1.2787,1]},
{"frame":41,"values":[0.9998,0.0067,-0.021,0,-0.007,0.9998,-0.0166,0,0.0209,0.0167,0.9996,0,-0.0057,10.8958,-1.2787,1]},
{"frame":42,"values":[0.9999,0.0075,-0.0151,0,-0.0077,0.9999,-0.014,0,0.0149,0.0141,0.9998,0,-0.0057,10.8958,-1.2787,1]},
{"frame":43,"values":[0.9999,0.008,-0.0081,0,-0.0081,0.9999,-0.011,0,0.008,0.0111,0.9999,0,-0.0057,10.8958,-1.2787,1]},
{"frame":44,"values":[1,0.0081,-0.0011,0,-0.0081,0.9999,-0.0082,0,0.001,0.0082,1,0,-0.0057,10.8958,-1.2787,1]},
{"frame":45,"values":[1,0.0077,0.0051,0,-0.0077,1,-0.0058,0,-0.0051,0.0057,1,0,-0.0057,10.8958,-1.2787,1]},
{"frame":46,"values":[0.9999,0.0071,0.0099,0,-0.007,1,-0.004,0,-0.0099,0.004,0.9999,0,-0.0057,10.8958,-1.2787,1]},
{"frame":47,"values":[0.9999,0.0064,0.0137,0,-0.0064,1,-0.003,0,-0.0137,0.0029,0.9999,0,-0.0057,10.8958,-1.2787,1]},
{"frame":48,"values":[0.9998,0.0062,0.017,0,-0.0061,1,-0.0027,0,-0.017,0.0026,0.9999,0,-0.0057,10.8958,-1.2787,1]},
{"frame":49,"values":[0.9998,0.0065,0.0205,0,-0.0065,1,-0.0027,0,-0.0205,0.0025,0.9998,0,-0.0057,10.8958,-1.2787,1]},
{"frame":50,"values":[0.9997,0.0077,0.0242,0,-0.0076,1,-0.0021,0,-0.0242,0.0019,0.9997,0,-0.0057,10.8958,-1.2787,1]},
{"frame":51,"values":[0.9996,0.0092,0.0278,0,-0.0092,1,-0.0004,0,-0.0278,0.0002,0.9996,0,-0.0057,10.8958,-1.2787,1]},
{"frame":52,"values":[0.9995,0.0108,0.0306,0,-0.0109,0.9999,0.0024,0,-0.0306,-0.0028,0.9995,0,-0.0057,10.8958,-1.2787,1]},
{"frame":53,"values":[0.9994,0.0122,0.0326,0,-0.0124,0.9999,0.0058,0,-0.0325,-0.0062,0.9995,0,-0.0057,10.8958,-1.2787,1]},
{"frame":54,"values":[0.9994,0.0132,0.0335,0,-0.0135,0.9999,0.0086,0,-0.0334,-0.009,0.9994,0,-0.0057,10.8958,-1.2787,1]},
{"frame":55,"values":[0.9993,0.0139,0.0337,0,-0.0142,0.9998,0.0101,0,-0.0336,-0.0106,0.9994,0,-0.0057,10.8958,-1.2787,1]},
{"frame":56,"values":[0.9993,0.0142,0.0332,0,-0.0145,0.9998,0.0103,0,-0.0331,-0.0108,0.9994,0,-0.0057,10.8958,-1.2787,1]},
{"frame":57,"values":[0.9994,0.0143,0.032,0,-0.0146,0.9998,0.0095,0,-0.0319,-0.01,0.9994,0,-0.0057,10.8958,-1.2787,1]},
{"frame":58,"values":[0.9994,0.0144,0.0303,0,-0.0146,0.9999,0.0083,0,-0.0302,-0.0087,0.9995,0,-0.0057,10.8958,-1.2787,1]},
{"frame":59,"values":[0.9995,0.0146,0.0285,0,-0.0148,0.9999,0.007,0,-0.0284,-0.0074,0.9996,0,-0.0057,10.8958,-1.2787,1]},
{"frame":60,"values":[0.9995,0.0153,0.0273,0,-0.0155,0.9999,0.0049,0,-0.0272,-0.0053,0.9996,0,-0.0057,10.8958,-1.2787,1]},
{"frame":61,"values":[0.9995,0.0164,0.0262,0,-0.0164,0.9999,0.0019,0,-0.0262,-0.0024,0.9997,0,-0.0057,10.8958,-1.2787,1]},
{"frame":62,"values":[0.9995,0.0176,0.0252,0,-0.0176,0.9998,-0.0015,0,-0.0253,0.001,0.9997,0,-0.0057,10.8958,-1.2787,1]},
{"frame":63,"values":[0.9995,0.0189,0.0241,0,-0.0188,0.9998,-0.0049,0,-0.0242,0.0044,0.9997,0,-0.0057,10.8958,-1.2787,1]},
{"frame":64,"values":[0.9995,0.0203,0.0224,0,-0.0202,0.9998,-0.0083,0,-0.0226,0.0078,0.9997,0,-0.0057,10.8958,-1.2787,1]},
{"frame":65,"values":[0.9996,0.0217,0.0204,0,-0.0215,0.9997,-0.0113,0,-0.0206,0.0108,0.9997,0,-0.0057,10.8958,-1.2787,1]},
{"frame":66,"values":[0.9996,0.0226,0.0185,0,-0.0224,0.9997,-0.0137,0,-0.0188,0.0133,0.9997,0,-0.0057,10.8958,-1.2787,1]},
{"frame":67,"values":[0.9996,0.0231,0.0169,0,-0.0229,0.9996,-0.0157,0,-0.0173,0.0153,0.9997,0,-0.0057,10.8958,-1.2787,1]}],"loopBehavior":1,"name":"anim","property":"_matrix"}},
{"name":"Spine1","index":2,"matrix":[0.9998,0.0158,0.0125,0,-0.0155,0.9996,-0.0253,0,-0.0129,0.0251,0.9996,0,-0.0066,12.7117,-1.4918,1],"rest":[1,0,0,0,0,1,0,0,0,0,1,0,-0.0066,12.7117,-1.4918,1],"parentBoneIndex":1,"length":14.6274
,"animation":{"dataType":3,"framePerSecond":24,"keys":[
{"frame":1,"values":[0.9998,0.0158,0.0125,0,-0.0155,0.9996,-0.0253,0,-0.0129,0.0251,0.9996,0,-0.0066,12.7117,-1.4918,1]},
{"frame":2,"values":[0.9998,0.016,0.0121,0,-0.0156,0.9995,-0.0259,0,-0.0125,0.0257,0.9996,0,-0.0066,12.7117,-1.4918,1]},
{"frame":3,"values":[0.9998,0.0159,0.0121,0,-0.0156,0.9995,-0.0265,0,-0.0125,0.0263,0.9996,0,-0.0066,12.7117,-1.4918,1]},
{"frame":4,"values":[0.9998,0.0156,0.0125,0,-0.0152,0.9995,-0.0267,0,-0.0129,0.0265,0.9996,0,-0.0066,12.7117,-1.4918,1]},
{"frame":5,"values":[0.9998,0.0149,0.013,0,-0.0146,0.9995,-0.0265,0,-0.0134,0.0263,0.9996,0,-0.0066,12.7117,-1.4918,1]},
{"frame":6,"values":[0.9998,0.0143,0.0134,0,-0.0139,0.9996,-0.0262,0,-0.0137,0.026,0.9996,0,-0.0066,12.7117,-1.4918,1]},
{"frame":7,"values":[0.9998,0.0138,0.0132,0,-0.0134,0.9996,-0.0258,0,-0.0136,0.0256,0.9996,0,-0.0066,12.7117,-1.4918,1]},
{"frame":8,"values":[0.9998,0.0137,0.0129,0,-0.0134,0.9996,-0.0257,0,-0.0133,0.0255,0.9996,0,-0.0066,12.7117,-1.4918,1]},
{"frame":9,"values":[0.9998,0.0142,0.0127,0,-0.0139,0.9996,-0.0259,0,-0.0131,0.0257,0.9996,0,-0.0066,12.7117,-1.4918,1]},
{"frame":10,"values":[0.9998,0.0153,0.0127,0,-0.0149,0.9995,-0.0265,0,-0.0131,0.0263,0.9996,0,-0.0066,12.7117,-1.4918,1]},
{"frame":11,"values":[0.9998,0.0167,0.0123,0,-0.0163,0.9995,-0.0274,0,-0.0127,0.0272,0.9995,0,-0.0066,12.7117,-1.4918,1]},
{"frame":12,"values":[0.9998,0.0181,0.0105,0,-0.0178,0.9994,-0.0287,0,-0.011,0.0285,0.9995,0,-0.0066,12.7117,-1.4918,1]},
{"frame":13,"values":[0.9998,0.0189,0.0064,0,-0.0187,0.9994,-0.03,0,-0.007,0.0299,0.9995,0,-0.0066,12.7117,-1.4918,1]},
{"frame":14,"values":[0.9998,0.0187,-0.0004,0,-0.0187,0.9993,-0.0309,0,-0.0002,0.0309,0.9995,0,-0.0066,12.7117,-1.4918,1]},
{"frame":15,"values":[0.9998,0.0171,-0.0091,0,-0.0174,0.9994,-0.0311,0,0.0086,0.0312,0.9995,0,-0.0066,12.7117,-1.4918,1]},
{"frame":16,"values":[0.9997,0.0144,-0.0185,0,-0.015,0.9994,-0.0307,0,0.018,0.031,0.9994,0,-0.0066,12.7117,-1.4918,1]},
{"frame":17,"values":[0.9996,0.0111,-0.0268,0,-0.0119,0.9995,-0.0305,0,0.0264,0.0308,0.9992,0,-0.0066,12.7117,-1.4918,1]},
{"frame":18,"values":[0.9994,0.008,-0.0327,0,-0.009,0.9995,-0.0312,0,0.0325,0.0315,0.999,0,-0.0066,12.7117,-1.4918,1]},
{"frame":19,"values":[0.9993,0.0055,-0.0362,0,-0.0067,0.9994,-0.033,0,0.036,0.0332,0.9988,0,-0.0066,12.7117,-1.4918,1]},
{"frame":20,"values":[0.9993,0.0039,-0.0377,0,-0.0052,0.9994,-0.0355,0,0.0375,0.0357,0.9987,0,-0.0066,12.7117,-1.4918,1]},
{"frame":21,"values":[0.9993,0.0031,-0.0381,0,-0.0045,0.9993,-0.0379,0,0.0379,0.0381,0.9986,0,-0.0066,12.7117,-1.4918,1]},
{"frame":22,"values":[0.9993,0.0029,-0.038,0,-0.0044,0.9992,-0.0395,0,0.0379,0.0396,0.9985,0,-0.0066,12.7117,-1.4918,1]},
{"frame":23,"values":[0.9993,0.0029,-0.0379,0,-0.0045,0.9992,-0.0398,0,0.0378,0.04,0.9985,0,-0.0066,12.7117,-1.4918,1]},
{"frame":24,"values":[0.9993,0.003,-0.0378,0,-0.0045,0.9992,-0.0389,0,0.0376,0.039,0.9985,0,-0.0066,12.7117,-1.4918,1]},
{"frame":25,"values":[0.9993,0.0031,-0.0374,0,-0.0045,0.9993,-0.037,0,0.0373,0.0371,0.9986,0,-0.0066,12.7117,-1.4918,1]},
{"frame":26,"values":[0.9993,0.0032,-0.0366,0,-0.0045,0.9994,-0.0348,0,0.0365,0.0349,0.9987,0,-0.0066,12.7117,-1.4918,1]},
{"frame":27,"values":[0.9994,0.0032,-0.0354,0,-0.0044,0.9995,-0.0327,0,0.0353,0.0328,0.9988,0,-0.0066,12.7117,-1.4918,1]},
{"frame":28,"values":[0.9994,0.003,-0.0339,0,-0.0041,0.9995,-0.0309,0,0.0338,0.0311,0.9989,0,-0.0066,12.7117,-1.4918,1]},
{"frame":29,"values":[0.9995,0.0027,-0.0324,0,-0.0037,0.9996,-0.0296,0,0.0323,0.0297,0.999,0,-0.0066,12.7117,-1.4918,1]},
{"frame":30,"values":[0.9995,0.0023,-0.0309,0,-0.0031,0.9996,-0.0286,0,0.0308,0.0286,0.9991,0,-0.0066,12.7117,-1.4918,1]},
{"frame":31,"values":[0.9996,0.0018,-0.0296,0,-0.0027,0.9996,-0.0279,0,0.0295,0.0279,0.9992,0,-0.0066,12.7117,-1.4918,1]},
{"frame":32,"values":[0.9996,0.0016,-0.0285,0,-0.0024,0.9996,-0.0275,0,0.0284,0.0276,0.9992,0,-0.0066,12.7117,-1.4918,1]},
{"frame":33,"values":[0.9996,0.0016,-0.0275,0,-0.0023,0.9996,-0.0274,0,0.0275,0.0275,0.9992,0,-0.0066,12.7117,-1.4918,1]},
{"frame":34,"values":[0.9996,0.0017,-0.0267,0,-0.0024,0.9996,-0.0274,0,0.0266,0.0275,0.9993,0,-0.0066,12.7117,-1.4918,1]},
{"frame":35,"values":[0.9997,0.0019,-0.0258,0,-0.0026,0.9996,-0.0275,0,0.0258,0.0276,0.9993,0,-0.0066,12.7117,-1.4918,1]},
{"frame":36,"values":[0.9997,0.002,-0.0251,0,-0.0026,0.9996,-0.0275,0,0.025,0.0276,0.9993,0,-0.0066,12.7117,-1.4918,1]},
{"frame":37,"values":[0.9997,0.002,-0.0243,0,-0.0027,0.9996,-0.0275,0,0.0243,0.0276,0.9993,0,-0.0066,12.7117,-1.4918,1]},
{"frame":38,"values":[0.9997,0.0022,-0.0235,0,-0.0028,0.9996,-0.0274,0,0.0234,0.0274,0.9993,0,-0.0066,12.7117,-1.4918,1]},
{"frame":39,"values":[0.9997,0.0025,-0.0223,0,-0.0031,0.9996,-0.027,0,0.0222,0.0271,0.9994,0,-0.0066,12.7117,-1.4918,1]},
{"frame":40,"values":[0.9998,0.003,-0.0201,0,-0.0035,0.9996,-0.0263,0,0.02,0.0263,0.9995,0,-0.0066,12.7117,-1.4918,1]},
{"frame":41,"values":[0.9999,0.0036,-0.0167,0,-0.004,0.9997,-0.0251,0,0.0166,0.0252,0.9995,0,-0.0066,12.7117,-1.4918,1]},
{"frame":42,"values":[0.9999,0.0041,-0.0121,0,-0.0044,0.9997,-0.0236,0,0.012,0.0236,0.9996,0,-0.0066,12.7117,-1.4918,1]},
{"frame":43,"values":[1,0.0045,-0.0067,0,-0.0047,0.9998,-0.0218,0,0.0066,0.0219,0.9997,0,-0.0066,12.7117,-1.4918,1]},
{"frame":44,"values":[1,0.0048,-0.0013,0,-0.0048,0.9998,-0.02,0,0.0013,0.0201,0.9998,0,-0.0066,12.7117,-1.4918,1]},
{"frame":45,"values":[1,0.005,0.0034,0,-0.0049,0.9998,-0.0184,0,-0.0035,0.0184,0.9998,0,-0.0066,12.7117,-1.4918,1]},
{"frame":46,"values":[1,0.005,0.0072,0,-0.0049,0.9998,-0.0172,0,-0.0073,0.0171,0.9998,0,-0.0066,12.7117,-1.4918,1]},
{"frame":47,"values":[0.9999,0.005,0.0102,0,-0.0049,0.9999,-0.0164,0,-0.0102,0.0163,0.9998,0,-0.0066,12.7117,-1.4918,1]},
{"frame":48,"values":[0.9999,0.0052,0.0127,0,-0.005,0.9999,-0.016,0,-0.0128,0.016,0.9998,0,-0.0066,12.7117,-1.4918,1]},
{"frame":49,"values":[0.9999,0.0057,0.0154,0,-0.0055,0.9999,-0.0159,0,-0.0155,0.0158,0.9998,0,-0.0066,12.7117,-1.4918,1]},
{"frame":50,"values":[0.9998,0.0068,0.0182,0,-0.0065,0.9999,-0.0154,0,-0.0183,0.0153,0.9997,0,-0.0066,12.7117,-1.4918,1]},
{"frame":51,"values":[0.9997,0.0083,0.0209,0,-0.008,0.9999,-0.0142,0,-0.021,0.014,0.9997,0,-0.0066,12.7117,-1.4918,1]},
{"frame":52,"values":[0.9997,0.0097,0.023,0,-0.0095,0.9999,-0.0121,0,-0.0231,0.0119,0.9997,0,-0.0066,12.7117,-1.4918,1]},
{"frame":53,"values":[0.9996,0.0109,0.0244,0,-0.0106,0.9999,-0.0097,0,-0.0245,0.0095,0.9997,0,-0.0066,12.7117,-1.4918,1]},
{"frame":54,"values":[0.9996,0.0114,0.0251,0,-0.0112,0.9999,-0.0077,0,-0.0252,0.0074,0.9997,0,-0.0066,12.7117,-1.4918,1]},
{"frame":55,"values":[0.9996,0.0114,0.0253,0,-0.0113,0.9999,-0.0065,0,-0.0254,0.0062,0.9997,0,-0.0066,12.7117,-1.4918,1]},
{"frame":56,"values":[0.9996,0.0112,0.025,0,-0.011,0.9999,-0.0064,0,-0.0251,0.0061,0.9997,0,-0.0066,12.7117,-1.4918,1]},
{"frame":57,"values":[0.9996,0.011,0.0241,0,-0.0108,0.9999,-0.0069,0,-0.0242,0.0067,0.9997,0,-0.0066,12.7117,-1.4918,1]},
{"frame":58,"values":[0.9997,0.011,0.0228,0,-0.0108,0.9999,-0.0078,0,-0.0229,0.0075,0.9997,0,-0.0066,12.7117,-1.4918,1]},
{"frame":59,"values":[0.9997,0.0112,0.0215,0,-0.0111,0.9999,-0.0087,0,-0.0216,0.0085,0.9997,0,-0.0066,12.7117,-1.4918,1]},
{"frame":60,"values":[0.9997,0.0117,0.0205,0,-0.0115,0.9999,-0.0102,0,-0.0206,0.01,0.9997,0,-0.0066,12.7117,-1.4918,1]},
{"frame":61,"values":[0.9997,0.0124,0.0197,0,-0.0121,0.9999,-0.0123,0,-0.0198,0.0121,0.9997,0,-0.0066,12.7117,-1.4918,1]},
{"frame":62,"values":[0.9997,0.0131,0.0189,0,-0.0128,0.9998,-0.0148,0,-0.0191,0.0145,0.9997,0,-0.0066,12.7117,-1.4918,1]},
{"frame":63,"values":[0.9997,0.0138,0.018,0,-0.0135,0.9998,-0.0173,0,-0.0183,0.017,0.9997,0,-0.0066,12.7117,-1.4918,1]},
{"frame":64,"values":[0.9998,0.0146,0.0168,0,-0.0142,0.9997,-0.0197,0,-0.0171,0.0195,0.9997,0,-0.0066,12.7117,-1.4918,1]},
{"frame":65,"values":[0.9998,0.0152,0.0152,0,-0.0149,0.9996,-0.022,0,-0.0156,0.0217,0.9996,0,-0.0066,12.7117,-1.4918,1]},
{"frame":66,"values":[0.9998,0.0156,0.0138,0,-0.0153,0.9996,-0.0239,0,-0.0141,0.0236,0.9996,0,-0.0066,12.7117,-1.4918,1]},
{"frame":67,"values":[0.9998,0.0158,0.0125,0,-0.0155,0.9996,-0.0253,0,-0.0129,0.0251,0.9996,0,-0.0066,12.7117,-1.4918,1]}],"loopBehavior":1,"name":"anim","property":"_matrix"}},
{"name":"Spine2","index":3,"matrix":[0.9998,0.0161,0.0118,0,-0.0158,0.9996,-0.0254,0,-0.0122,0.0252,0.9996,0,-0.0076,14.5277,-1.7049,1],"rest":[1,0,0,0,0,1,0,0,0,0,1,0,-0.0076,14.5277,-1.7049,1],"parentBoneIndex":2,"length":15.4825
,"animation":{"dataType":3,"framePerSecond":24,"keys":[
{"frame":1,"values":[0.9998,0.0161,0.0118,0,-0.0158,0.9996,-0.0254,0,-0.0122,0.0252,0.9996,0,-0.0076,14.5277,-1.7049,1]},
{"frame":2,"values":[0.9998,0.0163,0.0114,0,-0.016,0.9995,-0.026,0,-0.0118,0.0258,0.9996,0,-0.0076,14.5277,-1.7049,1]},
{"frame":3,"values":[0.9998,0.0163,0.0114,0,-0.016,0.9995,-0.0265,0,-0.0118,0.0263,0.9996,0,-0.0076,14.5277,-1.7049,1]},
{"frame":4,"values":[0.9998,0.0159,0.0118,0,-0.0156,0.9995,-0.0268,0,-0.0122,0.0266,0.9996,0,-0.0076,14.5277,-1.7049,1]},
{"frame":5,"values":[0.9998,0.0153,0.0122,0,-0.015,0.9995,-0.0266,0,-0.0126,0.0264,0.9996,0,-0.0076,14.5277,-1.7049,1]},
{"frame":6,"values":[0.9998,0.0147,0.0126,0,-0.0143,0.9996,-0.0263,0,-0.013,0.0261,0.9996,0,-0.0076,14.5277,-1.7049,1]},
{"frame":7,"values":[0.9998,0.0142,0.0125,0,-0.0139,0.9996,-0.0258,0,-0.0129,0.0257,0.9996,0,-0.0076,14.5277,-1.7049,1]},
{"frame":8,"values":[0.9998,0.0142,0.0122,0,-0.0138,0.9996,-0.0258,0,-0.0126,0.0256,0.9996,0,-0.0076,14.5277,-1.7049,1]},
{"frame":9,"values":[0.9998,0.0146,0.012,0,-0.0143,0.9996,-0.026,0,-0.0124,0.0258,0.9996,0,-0.0076,14.5277,-1.7049,1]},
{"frame":10,"values":[0.9998,0.0157,0.012,0,-0.0153,0.9995,-0.0266,0,-0.0124,0.0264,0.9996,0,-0.0076,14.5277,-1.7049,1]},
{"frame":11,"values":[0.9998,0.017,0.0115,0,-0.0167,0.9995,-0.0275,0,-0.012,0.0273,0.9996,0,-0.0076,14.5277,-1.7049,1]},
{"frame":12,"values":[0.9998,0.0184,0.0097,0,-0.0181,0.9994,-0.0288,0,-0.0102,0.0286,0.9995,0,-0.0076,14.5277,-1.7049,1]},
{"frame":13,"values":[0.9998,0.0191,0.0056,0,-0.0189,0.9994,-0.0301,0,-0.0062,0.03,0.9995,0,-0.0076,14.5277,-1.7049,1]},
{"frame":14,"values":[0.9998,0.0186,-0.0011,0,-0.0186,0.9993,-0.0309,0,0.0005,0.0309,0.9995,0,-0.0076,14.5277,-1.7049,1]},
{"frame":15,"values":[0.9998,0.0168,-0.0097,0,-0.0171,0.9994,-0.0311,0,0.0092,0.0312,0.9995,0,-0.0076,14.5277,-1.7049,1]},
{"frame":16,"values":[0.9997,0.0138,-0.0189,0,-0.0144,0.9994,-0.0307,0,0.0185,0.031,0.9993,0,-0.0076,14.5277,-1.7049,1]},
{"frame":17,"values":[0.9996,0.0104,-0.027,0,-0.0112,0.9995,-0.0306,0,0.0267,0.0309,0.9992,0,-0.0076,14.5277,-1.7049,1]},
{"frame":18,"values":[0.9994,0.0071,-0.0328,0,-0.0081,0.9995,-0.0314,0,0.0326,0.0316,0.999,0,-0.0076,14.5277,-1.7049,1]},
{"frame":19,"values":[0.9993,0.0045,-0.0362,0,-0.0057,0.9994,-0.0332,0,0.036,0.0334,0.9988,0,-0.0076,14.5277,-1.7049,1]},
{"frame":20,"values":[0.9993,0.0028,-0.0375,0,-0.0042,0.9994,-0.0357,0,0.0374,0.0359,0.9987,0,-0.0076,14.5277,-1.7049,1]},
{"frame":21,"values":[0.9993,0.002,-0.0379,0,-0.0035,0.9993,-0.0382,0,0.0378,0.0383,0.9986,0,-0.0076,14.5277,-1.7049,1]},
{"frame":22,"values":[0.9993,0.0018,-0.0378,0,-0.0033,0.9992,-0.0398,0,0.0377,0.0399,0.9985,0,-0.0076,14.5277,-1.7049,1]},
{"frame":23,"values":[0.9993,0.0019,-0.0378,0,-0.0034,0.9992,-0.0401,0,0.0377,0.0402,0.9985,0,-0.0076,14.5277,-1.7049,1]},
{"frame":24,"values":[0.9993,0.002,-0.0376,0,-0.0034,0.9992,-0.0391,0,0.0375,0.0392,0.9985,0,-0.0076,14.5277,-1.7049,1]},
{"frame":25,"values":[0.9993,0.0021,-0.0373,0,-0.0035,0.9993,-0.0372,0,0.0372,0.0373,0.9986,0,-0.0076,14.5277,-1.7049,1]},
{"frame":26,"values":[0.9993,0.0022,-0.0365,0,-0.0034,0.9994,-0.035,0,0.0364,0.0351,0.9987,0,-0.0076,14.5277,-1.7049,1]},
{"frame":27,"values":[0.9994,0.0022,-0.0353,0,-0.0034,0.9995,-0.0329,0,0.0352,0.033,0.9988,0,-0.0076,14.5277,-1.7049,1]},
{"frame":28,"values":[0.9994,0.0021,-0.0338,0,-0.0031,0.9995,-0.0311,0,0.0338,0.0312,0.9989,0,-0.0076,14.5277,-1.7049,1]},
{"frame":29,"values":[0.9995,0.0018,-0.0323,0,-0.0028,0.9996,-0.0297,0,0.0322,0.0298,0.999,0,-0.0076,14.5277,-1.7049,1]},
{"frame":30,"values":[0.9995,0.0014,-0.0308,0,-0.0023,0.9996,-0.0287,0,0.0307,0.0288,0.9991,0,-0.0076,14.5277,-1.7049,1]},
{"frame":31,"values":[0.9996,0.001,-0.0295,0,-0.0018,0.9996,-0.028,0,0.0294,0.0281,0.9992,0,-0.0076,14.5277,-1.7049,1]},
{"frame":32,"values":[0.9996,0.0008,-0.0284,0,-0.0015,0.9996,-0.0277,0,0.0283,0.0277,0.9992,0,-0.0076,14.5277,-1.7049,1]},
{"frame":33,"values":[0.9996,0.0008,-0.0274,0,-0.0015,0.9996,-0.0275,0,0.0274,0.0276,0.9992,0,-0.0076,14.5277,-1.7049,1]},
{"frame":34,"values":[0.9996,0.0009,-0.0266,0,-0.0017,0.9996,-0.0275,0,0.0266,0.0276,0.9993,0,-0.0076,14.5277,-1.7049,1]},
{"frame":35,"values":[0.9997,0.0011,-0.0258,0,-0.0018,0.9996,-0.0276,0,0.0258,0.0276,0.9993,0,-0.0076,14.5277,-1.7049,1]},
{"frame":36,"values":[0.9997,0.0012,-0.025,0,-0.0019,0.9996,-0.0276,0,0.025,0.0277,0.9993,0,-0.0076,14.5277,-1.7049,1]},
{"frame":37,"values":[0.9997,0.0013,-0.0243,0,-0.002,0.9996,-0.0276,0,0.0243,0.0277,0.9993,0,-0.0076,14.5277,-1.7049,1]},
{"frame":38,"values":[0.9997,0.0015,-0.0235,0,-0.0022,0.9996,-0.0274,0,0.0234,0.0275,0.9993,0,-0.0076,14.5277,-1.7049,1]},
{"frame":39,"values":[0.9997,0.0019,-0.0223,0,-0.0025,0.9996,-0.0271,0,0.0222,0.0271,0.9994,0,-0.0076,14.5277,-1.7049,1]},
{"frame":40,"values":[0.9998,0.0024,-0.0202,0,-0.0029,0.9996,-0.0263,0,0.0201,0.0264,0.9995,0,-0.0076,14.5277,-1.7049,1]},
{"frame":41,"values":[0.9999,0.0031,-0.0168,0,-0.0035,0.9997,-0.0251,0,0.0168,0.0252,0.9995,0,-0.0076,14.5277,-1.7049,1]},
{"frame":42,"values":[0.9999,0.0037,-0.0123,0,-0.004,0.9997,-0.0236,0,0.0122,0.0236,0.9996,0,-0.0076,14.5277,-1.7049,1]},
{"frame":43,"values":[1,0.0043,-0.0069,0,-0.0044,0.9998,-0.0218,0,0.0068,0.0219,0.9997,0,-0.0076,14.5277,-1.7049,1]},
{"frame":44,"values":[1,0.0047,-0.0016,0,-0.0048,0.9998,-0.02,0,0.0015,0.0201,0.9998,0,-0.0076,14.5277,-1.7049,1]},
{"frame":45,"values":[1,0.0051,0.0032,0,-0.005,0.9998,-0.0184,0,-0.0033,0.0184,0.9998,0,-0.0076,14.5277,-1.7049,1]},
{"frame":46,"values":[1,0.0052,0.007,0,-0.0051,0.9998,-0.0172,0,-0.007,0.0171,0.9998,0,-0.0076,14.5277,-1.7049,1]},
{"frame":47,"values":[0.9999,0.0053,0.0099,0,-0.0052,0.9999,-0.0164,0,-0.01,0.0163,0.9998,0,-0.0076,14.5277,-1.7049,1]},
{"frame":48,"values":[0.9999,0.0056,0.0125,0,-0.0054,0.9999,-0.0161,0,-0.0126,0.016,0.9998,0,-0.0076,14.5277,-1.7049,1]},
{"frame":49,"values":[0.9999,0.0062,0.0151,0,-0.0059,0.9999,-0.0159,0,-0.0152,0.0158,0.9998,0,-0.0076,14.5277,-1.7049,1]},
{"frame":50,"values":[0.9998,0.0074,0.0179,0,-0.0071,0.9999,-0.0154,0,-0.018,0.0153,0.9997,0,-0.0076,14.5277,-1.7049,1]},
{"frame":51,"values":[0.9998,0.0089,0.0205,0,-0.0086,0.9999,-0.0142,0,-0.0206,0.014,0.9997,0,-0.0076,14.5277,-1.7049,1]},
{"frame":52,"values":[0.9997,0.0105,0.0225,0,-0.0102,0.9999,-0.0122,0,-0.0227,0.0119,0.9997,0,-0.0076,14.5277,-1.7049,1]},
{"frame":53,"values":[0.9996,0.0117,0.0239,0,-0.0114,0.9999,-0.0098,0,-0.024,0.0095,0.9997,0,-0.0076,14.5277,-1.7049,1]},
{"frame":54,"values":[0.9996,0.0122,0.0246,0,-0.0121,0.9999,-0.0078,0,-0.0247,0.0075,0.9997,0,-0.0076,14.5277,-1.7049,1]},
{"frame":55,"values":[0.9996,0.0123,0.0248,0,-0.0121,0.9999,-0.0066,0,-0.0249,0.0063,0.9997,0,-0.0076,14.5277,-1.7049,1]},
{"frame":56,"values":[0.9996,0.012,0.0245,0,-0.0119,0.9999,-0.0065,0,-0.0246,0.0062,0.9997,0,-0.0076,14.5277,-1.7049,1]},
{"frame":57,"values":[0.9997,0.0118,0.0236,0,-0.0116,0.9999,-0.007,0,-0.0237,0.0068,0.9997,0,-0.0076,14.5277,-1.7049,1]},
{"frame":58,"values":[0.9997,0.0118,0.0223,0,-0.0116,0.9999,-0.0079,0,-0.0224,0.0076,0.9997,0,-0.0076,14.5277,-1.7049,1]},
{"frame":59,"values":[0.9997,0.012,0.021,0,-0.0118,0.9999,-0.0088,0,-0.0211,0.0085,0.9997,0,-0.0076,14.5277,-1.7049,1]},
{"frame":60,"values":[0.9997,0.0124,0.0199,0,-0.0122,0.9999,-0.0103,0,-0.0201,0.01,0.9997,0,-0.0076,14.5277,-1.7049,1]},
{"frame":61,"values":[0.9997,0.013,0.0191,0,-0.0128,0.9998,-0.0124,0,-0.0193,0.0122,0.9997,0,-0.0076,14.5277,-1.7049,1]},
{"frame":62,"values":[0.9997,0.0137,0.0184,0,-0.0134,0.9998,-0.0148,0,-0.0186,0.0146,0.9997,0,-0.0076,14.5277,-1.7049,1]},
{"frame":63,"values":[0.9997,0.0144,0.0174,0,-0.0141,0.9998,-0.0173,0,-0.0177,0.0171,0.9997,0,-0.0076,14.5277,-1.7049,1]},
{"frame":64,"values":[0.9998,0.0151,0.0161,0,-0.0148,0.9997,-0.0198,0,-0.0164,0.0196,0.9997,0,-0.0076,14.5277,-1.7049,1]},
{"frame":65,"values":[0.9998,0.0156,0.0146,0,-0.0153,0.9996,-0.0221,0,-0.0149,0.0218,0.9997,0,-0.0076,14.5277,-1.7049,1]},
{"frame":66,"values":[0.9998,0.016,0.0131,0,-0.0157,0.9996,-0.0239,0,-0.0135,0.0237,0.9996,0,-0.0076,14.5277,-1.7049,1]},
{"frame":67,"values":[0.9998,0.0161,0.0118,0,-0.0158,0.9996,-0.0254,0,-0.0122,0.0252,0.9996,0,-0.0076,14.5277,-1.7049,1]}],"loopBehavior":1,"name":"anim","property":"_matrix"}},
{"name":"Neck","index":4,"matrix":[0.9991,-0.0308,-0.0289,0,0.0274,0.9934,-0.1115,0,0.0321,0.1106,0.9933,0,-0.0085,16.3436,-1.918,1],"rest":[1,0,0,0,0,1,0,0,0,0,1,0,-0.0085,16.3436,-1.918,1],"parentBoneIndex":3,"length":7.7098
,"animation":{"dataType":3,"framePerSecond":24,"keys":[
{"frame":1,"values":[0.9991,-0.0308,-0.0289,0,0.0274,0.9934,-0.1115,0,0.0321,0.1106,0.9933,0,-0.0085,16.3436,-1.918,1]},
{"frame":2,"values":[0.9991,-0.0313,-0.0279,0,0.0282,0.994,-0.106,0,0.031,0.1051,0.994,0,-0.0085,16.3436,-1.918,1]},
{"frame":3,"values":[0.9991,-0.0319,-0.0269,0,0.029,0.9945,-0.1003,0,0.0299,0.0994,0.9946,0,-0.0085,16.3436,-1.918,1]},
{"frame":4,"values":[0.9991,-0.0329,-0.026,0,0.0303,0.995,-0.0947,0,0.029,0.0938,0.9952,0,-0.0085,16.3436,-1.918,1]},
{"frame":5,"values":[0.9991,-0.0347,-0.0255,0,0.0322,0.9954,-0.0903,0,0.0285,0.0894,0.9956,0,-0.0085,16.3436,-1.918,1]},
{"frame":6,"values":[0.999,-0.0367,-0.0252,0,0.0344,0.9956,-0.0872,0,0.0283,0.0863,0.9959,0,-0.0085,16.3436,-1.918,1]},
{"frame":7,"values":[0.9989,-0.0387,-0.025,0,0.0364,0.9957,-0.0853,0,0.0282,0.0843,0.996,0,-0.0085,16.3436,-1.918,1]},
{"frame":8,"values":[0.9989,-0.0399,-0.0248,0,0.0377,0.9959,-0.0825,0,0.028,0.0815,0.9963,0,-0.0085,16.3436,-1.918,1]},
{"frame":9,"values":[0.9989,-0.0399,-0.0248,0,0.0379,0.9961,-0.0792,0,0.0279,0.0781,0.9966,0,-0.0085,16.3436,-1.918,1]},
{"frame":10,"values":[0.9989,-0.0386,-0.0255,0,0.0366,0.9964,-0.0759,0,0.0283,0.0748,0.9968,0,-0.0085,16.3436,-1.918,1]},
{"frame":11,"values":[0.999,-0.0361,-0.0266,0,0.0341,0.9967,-0.0734,0,0.0292,0.0724,0.9969,0,-0.0085,16.3436,-1.918,1]},
{"frame":12,"values":[0.9991,-0.0325,-0.0274,0,0.0304,0.9969,-0.0728,0,0.0296,0.0719,0.997,0,-0.0085,16.3436,-1.918,1]},
{"frame":13,"values":[0.9993,-0.0278,-0.0268,0,0.0257,0.9969,-0.0749,0,0.0288,0.0741,0.9968,0,-0.0085,16.3436,-1.918,1]},
{"frame":14,"values":[0.9995,-0.0222,-0.0238,0,0.0202,0.9966,-0.0803,0,0.0255,0.0797,0.9965,0,-0.0085,16.3436,-1.918,1]},
{"frame":15,"values":[0.9997,-0.0162,-0.0185,0,0.0145,0.996,-0.0884,0,0.0198,0.0881,0.9959,0,-0.0085,16.3436,-1.918,1]},
{"frame":16,"values":[0.9999,-0.0105,-0.0116,0,0.0093,0.9951,-0.0983,0,0.0125,0.0982,0.9951,0,-0.0085,16.3436,-1.918,1]},
{"frame":17,"values":[1,-0.006,-0.0043,0,0.0055,0.9941,-0.1086,0,0.0049,0.1086,0.9941,0,-0.0085,16.3436,-1.918,1]},
{"frame":18,"values":[1,-0.0036,0.0021,0,0.0038,0.993,-0.1181,0,-0.0017,0.1181,0.993,0,-0.0085,16.3436,-1.918,1]},
{"frame":19,"values":[1,-0.003,0.0068,0,0.0038,0.9921,-0.1257,0,-0.0064,0.1257,0.992,0,-0.0085,16.3436,-1.918,1]},
{"frame":20,"values":[0.9999,-0.0037,0.0094,0,0.0049,0.9914,-0.1308,0,-0.0089,0.1308,0.9914,0,-0.0085,16.3436,-1.918,1]},
{"frame":21,"values":[0.9999,-0.0048,0.0103,0,0.0061,0.991,-0.1335,0,-0.0096,0.1336,0.991,0,-0.0085,16.3436,-1.918,1]},
{"frame":22,"values":[0.9999,-0.0052,0.0101,0,0.0066,0.9909,-0.1343,0,-0.0093,0.1344,0.9909,0,-0.0085,16.3436,-1.918,1]},
{"frame":23,"values":[0.9999,-0.0048,0.0096,0,0.0061,0.9909,-0.1342,0,-0.0089,0.1343,0.9909,0,-0.0085,16.3436,-1.918,1]},
{"frame":24,"values":[0.9999,-0.0038,0.0093,0,0.005,0.991,-0.134,0,-0.0087,0.1341,0.9909,0,-0.0085,16.3436,-1.918,1]},
{"frame":25,"values":[1,-0.0027,0.009,0,0.0039,0.991,-0.1339,0,-0.0086,0.134,0.991,0,-0.0085,16.3436,-1.918,1]},
{"frame":26,"values":[1,-0.002,0.0086,0,0.0031,0.991,-0.1337,0,-0.0083,0.1338,0.991,0,-0.0085,16.3436,-1.918,1]},
{"frame":27,"values":[1,-0.0016,0.008,0,0.0026,0.9911,-0.1333,0,-0.0077,0.1333,0.991,0,-0.0085,16.3436,-1.918,1]},
{"frame":28,"values":[1,-0.001,0.0072,0,0.002,0.9912,-0.1326,0,-0.007,0.1326,0.9911,0,-0.0085,16.3436,-1.918,1]},
{"frame":29,"values":[1,0,0.0066,0,0.0009,0.9913,-0.1317,0,-0.0065,0.1317,0.9913,0,-0.0085,16.3436,-1.918,1]},
{"frame":30,"values":[1,0.0013,0.0062,0,-0.0005,0.9914,-0.1308,0,-0.0063,0.1307,0.9914,0,-0.0085,16.3436,-1.918,1]},
{"frame":31,"values":[1,0.0027,0.0061,0,-0.0018,0.9915,-0.1298,0,-0.0064,0.1298,0.9915,0,-0.0085,16.3436,-1.918,1]},
{"frame":32,"values":[1,0.0035,0.006,0,-0.0027,0.9916,-0.1289,0,-0.0064,0.1289,0.9916,0,-0.0085,16.3436,-1.918,1]},
{"frame":33,"values":[1,0.0036,0.0059,0,-0.0028,0.9918,-0.1281,0,-0.0063,0.128,0.9917,0,-0.0085,16.3436,-1.918,1]},
{"frame":34,"values":[1,0.0032,0.0058,0,-0.0024,0.9919,-0.1273,0,-0.0061,0.1272,0.9919,0,-0.0085,16.3436,-1.918,1]},
{"frame":35,"values":[1,0.0026,0.0056,0,-0.0019,0.992,-0.1266,0,-0.0058,0.1266,0.9919,0,-0.0085,16.3436,-1.918,1]},
{"frame":36,"values":[1,0.0022,0.0054,0,-0.0015,0.992,-0.1262,0,-0.0056,0.1262,0.992,0,-0.0085,16.3436,-1.918,1]},
{"frame":37,"values":[1,0.0019,0.0053,0,-0.0012,0.992,-0.1259,0,-0.0055,0.1258,0.992,0,-0.0085,16.3436,-1.918,1]},
{"frame":38,"values":[1,0.0012,0.005,0,-0.0005,0.9921,-0.1254,0,-0.0051,0.1254,0.9921,0,-0.0085,16.3436,-1.918,1]},
{"frame":39,"values":[1,-0.0001,0.0043,0,0.0007,0.9922,-0.1245,0,-0.0042,0.1245,0.9922,0,-0.0085,16.3436,-1.918,1]},
{"frame":40,"values":[1,-0.0022,0.0029,0,0.0025,0.9924,-0.1232,0,-0.0026,0.1232,0.9924,0,-0.0085,16.3436,-1.918,1]},
{"frame":41,"values":[1,-0.0046,0.0006,0,0.0046,0.9926,-0.1216,0,0,0.1216,0.9926,0,-0.0085,16.3436,-1.918,1]},
{"frame":42,"values":[1,-0.0067,-0.0023,0,0.0064,0.9928,-0.1199,0,0.0031,0.1199,0.9928,0,-0.0085,16.3436,-1.918,1]},
