{"producer":{"name":"Blender","version":"2.90.0","exporter_version":"6.4.4","file":"option_pray.babylon"},
"autoClear":true,"clearColor":[0.0509,0.0509,0.0509],"gravity":[0,-9.81,0],
"materials":[{"name":"Material","id":"Material","customType":"BABYLON.PBRMaterial","backFaceCulling":true,"checkReadyOnlyOnce":false,"maxSimultaneousLights":4,"environmentIntensity":1,"albedo":[0.8,0.8,0.8],"reflectivity":[0.5,0.5,0.5],"roughness":0.4,"alpha":1,"transparencyMode":0,"alphaCutOff":0.4,"metallic":0}],
"multiMaterials":[],
"skeletons":[{"name":"Armature","id":0,"dimensionsAtRest":[192.3395,226.9932,28.649],"bones":[
{"name":"Hips","index":0,"matrix":[0.9994,0.0134,-0.0307,0,-0.0118,0.9984,0.0546,0,-0.0314,0.0542,-0.998,0,0.0379,110.7977,-5.0011,1],"rest":[1,0,0,0,0,1,0,0,0,0,-1,0,0,114.0532,0,1],"parentBoneIndex":-1,"length":12.7599
,"animation":{"dataType":3,"framePerSecond":24,"keys":[
{"frame":1,"values":[0.9994,0.0134,-0.0307,0,-0.0118,0.9984,0.0546,0,-0.0314,0.0542,-0.998,0,0.0379,110.7977,-5.0011,1]},
{"frame":2,"values":[0.9994,0.013,-0.0319,0,-0.0113,0.9985,0.053,0,-0.0325,0.0526,-0.9981,0,0.0539,110.8379,-4.9746,1]},
{"frame":3,"values":[0.9994,0.0122,-0.0328,0,-0.0105,0.9986,0.0513,0,-0.0334,0.051,-0.9981,0,0.0774,110.8819,-4.9019,1]},
{"frame":4,"values":[0.9994,0.0112,-0.0336,0,-0.0095,0.9987,0.0504,0,-0.0341,0.05,-0.9982,0,0.1094,110.9376,-4.7565,1]},
{"frame":5,"values":[0.9994,0.0106,-0.0339,0,-0.0088,0.9987,0.05,0,-0.0344,0.0497,-0.9982,0,0.1347,110.9897,-4.5611,1]},
{"frame":6,"values":[0.9994,0.0108,-0.0326,0,-0.0091,0.9987,0.0493,0,-0.0331,0.0489,-0.9983,0,0.1564,111.019,-4.3267,1]},
{"frame":7,"values":[0.9995,0.0115,-0.0303,0,-0.01,0.9988,0.0479,0,-0.0309,0.0475,-0.9984,0,0.1855,111.0207,-4.0699,1]},
{"frame":8,"values":[0.9995,0.0118,-0.0287,0,-0.0104,0.9988,0.0468,0,-0.0292,0.0465,-0.9985,0,0.2183,111.0093,-3.8053,1]},
{"frame":9,"values":[0.9995,0.0114,-0.028,0,-0.0101,0.9988,0.0478,0,-0.0286,0.0475,-0.9985,0,0.2456,111.0049,-3.5394,1]},
{"frame":10,"values":[0.9996,0.011,-0.0279,0,-0.0095,0.9987,0.0507,0,-0.0284,0.0504,-0.9983,0,0.2674,111.0092,-3.2679,1]},
{"frame":11,"values":[0.9996,0.0109,-0.0278,0,-0.0094,0.9985,0.0538,0,-0.0283,0.0535,-0.9982,0,0.289,111.0073,-2.974,1]},
{"frame":12,"values":[0.9996,0.011,-0.0278,0,-0.0094,0.9984,0.0564,0,-0.0284,0.0561,-0.998,0,0.3071,110.9956,-2.6488,1]},
{"frame":13,"values":[0.9996,0.0108,-0.0279,0,-0.0092,0.9982,0.0594,0,-0.0285,0.0591,-0.9978,0,0.3165,110.984,-2.2869,1]},
{"frame":14,"values":[0.9996,0.0101,-0.0276,0,-0.0083,0.998,0.0627,0,-0.0282,0.0624,-0.9977,0,0.3138,110.9805,-1.8716,1]},
{"frame":15,"values":[0.9996,0.0089,-0.0264,0,-0.0071,0.9978,0.0657,0,-0.0269,0.0655,-0.9975,0,0.2884,110.9834,-1.4043,1]},
{"frame":16,"values":[0.9997,0.0087,-0.0234,0,-0.0071,0.9976,0.0687,0,-0.0239,0.0686,-0.9974,0,0.2416,110.993,-0.9129,1]},
{"frame":17,"values":[0.9998,0.01,-0.0192,0,-0.0086,0.9975,0.0706,0,-0.0198,0.0704,-0.9973,0,0.198,110.997,-0.3958,1]},
{"frame":18,"values":[0.9998,0.0113,-0.0155,0,-0.0102,0.9975,0.07,0,-0.0162,0.0698,-0.9974,0,0.1691,110.9936,0.1695,1]},
{"frame":19,"values":[0.9999,0.0113,-0.0129,0,-0.0104,0.9976,0.0692,0,-0.0136,0.069,-0.9975,0,0.148,110.9863,0.761,1]},
{"frame":20,"values":[0.9999,0.0103,-0.0109,0,-0.0095,0.9975,0.0702,0,-0.0116,0.0701,-0.9975,0,0.1356,110.9785,1.3491,1]},
{"frame":21,"values":[0.9999,0.0091,-0.009,0,-0.0084,0.9974,0.0717,0,-0.0096,0.0716,-0.9974,0,0.1317,110.9663,1.9364,1]},
{"frame":22,"values":[0.9999,0.0079,-0.0073,0,-0.0074,0.9973,0.0737,0,-0.0078,0.0737,-0.9973,0,0.13,110.9484,2.5192,1]},
{"frame":23,"values":[1,0.007,-0.007,0,-0.0064,0.997,0.0772,0,-0.0076,0.0772,-0.997,0,0.1364,110.9287,3.0822,1]},
{"frame":24,"values":[0.9999,0.0065,-0.0086,0,-0.0058,0.9966,0.0817,0,-0.0091,0.0816,-0.9966,0,0.1613,110.9099,3.6162,1]},
{"frame":25,"values":[0.9999,0.0065,-0.0104,0,-0.0056,0.9962,0.0869,0,-0.0109,0.0869,-0.9962,0,0.2012,110.8915,4.1088,1]},
{"frame":26,"values":[0.9999,0.0069,-0.0123,0,-0.0058,0.9956,0.0932,0,-0.0129,0.0932,-0.9956,0,0.249,110.8696,4.5421,1]},
{"frame":27,"values":[0.9999,0.0078,-0.0148,0,-0.0062,0.995,0.1001,0,-0.0155,0.1,-0.9949,0,0.3062,110.8448,4.8948,1]},
{"frame":28,"values":[0.9998,0.0091,-0.0176,0,-0.0072,0.9941,0.1081,0,-0.0185,0.108,-0.994,0,0.3743,110.8313,5.1325,1]},
{"frame":29,"values":[0.9997,0.0111,-0.02,0,-0.0087,0.9929,0.1189,0,-0.0211,0.1187,-0.9927,0,0.4481,110.8417,5.237,1]},
{"frame":30,"values":[0.9997,0.0134,-0.0211,0,-0.0105,0.9912,0.1318,0,-0.0227,0.1315,-0.9911,0,0.5193,110.8667,5.2495,1]},
{"frame":31,"values":[0.9997,0.0157,-0.0206,0,-0.0126,0.9896,0.1435,0,-0.0227,0.1432,-0.9894,0,0.5842,110.8871,5.242,1]},
{"frame":32,"values":[0.9997,0.0179,-0.0194,0,-0.0147,0.9883,0.1519,0,-0.0219,0.1516,-0.9882,0,0.6414,110.8944,5.2481,1]},
{"frame":33,"values":[0.9996,0.0193,-0.0185,0,-0.0162,0.9875,0.1571,0,-0.0213,0.1567,-0.9874,0,0.6859,110.8907,5.2588,1]},
{"frame":34,"values":[0.9996,0.0196,-0.0181,0,-0.0165,0.9871,0.1593,0,-0.021,0.1589,-0.9871,0,0.7186,110.8748,5.2692,1]},
{"frame":35,"values":[0.9996,0.0194,-0.0182,0,-0.0162,0.987,0.16,0,-0.021,0.1597,-0.9869,0,0.7441,110.8467,5.2713,1]},
{"frame":36,"values":[0.9996,0.0192,-0.0192,0,-0.0158,0.9868,0.1611,0,-0.0221,0.1608,-0.9867,0,0.7643,110.8129,5.2392,1]},
{"frame":37,"values":[0.9996,0.0189,-0.021,0,-0.0152,0.9865,0.1631,0,-0.0238,0.1627,-0.9864,0,0.7823,110.7767,5.1504,1]},
{"frame":38,"values":[0.9996,0.0182,-0.0229,0,-0.0142,0.986,0.1659,0,-0.0256,0.1655,-0.9859,0,0.8005,110.7377,4.9993,1]},
{"frame":39,"values":[0.9995,0.0176,-0.0249,0,-0.0131,0.9853,0.1701,0,-0.0275,0.1696,-0.9851,0,0.8118,110.7032,4.7834,1]},
{"frame":40,"values":[0.9995,0.0174,-0.0275,0,-0.0123,0.9844,0.1756,0,-0.0301,0.1752,-0.9841,0,0.8027,110.6791,4.5121,1]},
{"frame":41,"values":[0.9994,0.017,-0.0303,0,-0.0112,0.9835,0.1808,0,-0.0329,0.1804,-0.983,0,0.7694,110.6566,4.2306,1]},
{"frame":42,"values":[0.9993,0.016,-0.0327,0,-0.0098,0.983,0.1835,0,-0.0351,0.1831,-0.9825,0,0.7291,110.6278,3.9879,1]},
{"frame":43,"values":[0.9993,0.0151,-0.0346,0,-0.0085,0.983,0.1833,0,-0.0368,0.1828,-0.9825,0,0.6978,110.5947,3.8027,1]},
{"frame":44,"values":[0.9992,0.0143,-0.0362,0,-0.0075,0.9834,0.1813,0,-0.0382,0.1809,-0.9828,0,0.6666,110.5604,3.6644,1]},
{"frame":45,"values":[0.9992,0.0136,-0.0365,0,-0.0069,0.9839,0.1788,0,-0.0383,0.1784,-0.9832,0,0.623,110.5264,3.5533,1]},
{"frame":46,"values":[0.9993,0.0129,-0.035,0,-0.0065,0.9843,0.1762,0,-0.0368,0.1759,-0.9837,0,0.5738,110.4967,3.4568,1]},
{"frame":47,"values":[0.9994,0.0123,-0.0319,0,-0.0066,0.9848,0.1738,0,-0.0335,0.1735,-0.9843,0,0.5265,110.4753,3.3669,1]},
{"frame":48,"values":[0.9995,0.012,-0.0277,0,-0.007,0.9851,0.1721,0,-0.0294,0.1718,-0.9847,0,0.4792,110.4613,3.2724,1]},
{"frame":49,"values":[0.9997,0.0117,-0.0236,0,-0.0075,0.9853,0.1708,0,-0.0253,0.1705,-0.985,0,0.4282,110.452,3.1655,1]},
{"frame":50,"values":[0.9997,0.0113,-0.0201,0,-0.0077,0.9856,0.1691,0,-0.0217,0.1689,-0.9854,0,0.3722,110.4435,3.053,1]},
{"frame":51,"values":[0.9998,0.0108,-0.017,0,-0.0078,0.9859,0.1669,0,-0.0186,0.1667,-0.9858,0,0.3108,110.4296,2.9417,1]},
{"frame":52,"values":[0.9998,0.0106,-0.0146,0,-0.0081,0.9863,0.1648,0,-0.0161,0.1646,-0.9862,0,0.2408,110.4077,2.8302,1]},
{"frame":53,"values":[0.9999,0.0108,-0.0124,0,-0.0086,0.9867,0.1622,0,-0.014,0.1621,-0.9867,0,0.1635,110.3822,2.7118,1]},
{"frame":54,"values":[0.9999,0.0111,-0.0107,0,-0.0093,0.9874,0.1582,0,-0.0124,0.1581,-0.9874,0,0.0874,110.3573,2.5789,1]},
{"frame":55,"values":[0.9999,0.0111,-0.01,0,-0.0094,0.9883,0.1525,0,-0.0116,0.1524,-0.9883,0,0.0195,110.3325,2.4395,1]},
{"frame":56,"values":[0.9999,0.0106,-0.0101,0,-0.009,0.9893,0.1456,0,-0.0115,0.1455,-0.9893,0,-0.0375,110.3075,2.2972,1]},
{"frame":57,"values":[0.9999,0.0102,-0.0101,0,-0.0087,0.9903,0.139,0,-0.0114,0.1389,-0.9902,0,-0.0857,110.2852,2.1247,1]},
{"frame":58,"values":[0.9999,0.0106,-0.01,0,-0.0091,0.991,0.1335,0,-0.0113,0.1334,-0.991,0,-0.1333,110.2688,1.8929,1]},
{"frame":59,"values":[0.9999,0.0116,-0.0102,0,-0.0102,0.9917,0.1284,0,-0.0116,0.1283,-0.9917,0,-0.1851,110.2544,1.6031,1]},
{"frame":60,"values":[0.9999,0.0122,-0.0106,0,-0.0108,0.9923,0.1235,0,-0.012,0.1233,-0.9923,0,-0.2334,110.2343,1.2682,1]},
{"frame":61,"values":[0.9999,0.0121,-0.0111,0,-0.0107,0.9929,0.1184,0,-0.0125,0.1183,-0.9929,0,-0.2735,110.2059,0.8871,1]},
{"frame":62,"values":[0.9999,0.0119,-0.0115,0,-0.0105,0.9935,0.1134,0,-0.0128,0.1133,-0.9935,0,-0.305,110.172,0.4578,1]},
{"frame":63,"values":[0.9999,0.0125,-0.0118,0,-0.0111,0.994,0.1089,0,-0.0131,0.1087,-0.994,0,-0.3246,110.1423,-0.0062,1]},
{"frame":64,"values":[0.9998,0.0131,-0.0122,0,-0.0117,0.9945,0.1043,0,-0.0135,0.1041,-0.9945,0,-0.3363,110.1217,-0.4882,1]},
{"frame":65,"values":[0.9998,0.0131,-0.0128,0,-0.0117,0.995,0.0991,0,-0.014,0.0989,-0.995,0,-0.3457,110.1079,-0.99,1]},
{"frame":66,"values":[0.9998,0.0128,-0.0139,0,-0.0114,0.9956,0.0931,0,-0.015,0.0929,-0.9956,0,-0.3499,110.0892,-1.4994,1]},
{"frame":67,"values":[0.9998,0.0123,-0.0161,0,-0.0108,0.9963,0.0853,0,-0.017,0.0851,-0.9962,0,-0.342,110.0571,-1.9764,1]},
{"frame":68,"values":[0.9998,0.011,-0.0189,0,-0.0095,0.997,0.0766,0,-0.0197,0.0764,-0.9969,0,-0.3206,110.0252,-2.4092,1]},
{"frame":69,"values":[0.9997,0.0092,-0.0206,0,-0.0077,0.9975,0.0704,0,-0.0212,0.0702,-0.9973,0,-0.289,110.0154,-2.8343,1]},
{"frame":70,"values":[0.9998,0.0086,-0.02,0,-0.0072,0.9977,0.0679,0,-0.0206,0.0677,-0.9975,0,-0.2453,110.0373,-3.2667,1]},
{"frame":71,"values":[0.9998,0.0097,-0.0171,0,-0.0085,0.9977,0.0667,0,-0.0177,0.0665,-0.9976,0,-0.1903,110.0919,-3.6826,1]},
{"frame":72,"values":[0.9998,0.0111,-0.0137,0,-0.0102,0.9979,0.0641,0,-0.0144,0.064,-0.9978,0,-0.1343,110.1775,-4.056,1]},
{"frame":73,"values":[0.9999,0.0115,-0.0127,0,-0.0107,0.9981,0.0601,0,-0.0133,0.0599,-0.9981,0,-0.0831,110.2931,-4.3738,1]},
{"frame":74,"values":[0.9998,0.0115,-0.0147,0,-0.0107,0.9983,0.0568,0,-0.0153,0.0566,-0.9983,0,-0.0349,110.4228,-4.6294,1]},
{"frame":75,"values":[0.9997,0.0121,-0.0196,0,-0.011,0.9984,0.0556,0,-0.0203,0.0554,-0.9983,0,0.0004,110.5537,-4.8193,1]},
{"frame":76,"values":[0.9996,0.0131,-0.0253,0,-0.0117,0.9984,0.0559,0,-0.026,0.0556,-0.9981,0,0.0156,110.6711,-4.9467,1]},
{"frame":77,"values":[0.9995,0.0135,-0.0289,0,-0.0119,0.9984,0.0557,0,-0.0296,0.0553,-0.998,0,0.0253,110.7492,-4.9977,1]},
{"frame":78,"values":[0.9994,0.0134,-0.0307,0,-0.0118,0.9984,0.0546,0,-0.0314,0.0542,-0.998,0,0.0379,110.7977,-5.0011,1]}],"loopBehavior":1,"name":"anim","property":"_matrix"}},
{"name":"Spine","index":1,"matrix":[0.9999,-0.0119,0.0079,0,0.0122,0.9995,-0.0293,0,-0.0075,0.0294,0.9995,0,-0.0057,10.8958,-1.2787,1],"rest":[1,0,0,0,0,1,0,0,0,0,1,0,-0.0057,10.8958,-1.2787,1],"parentBoneIndex":0,"length":12.7989
,"animation":{"dataType":3,"framePerSecond":24,"keys":[
{"frame":1,"values":[0.9999,-0.0119,0.0079,0,0.0122,0.9995,-0.0293,0,-0.0075,0.0294,0.9995,0,-0.0057,10.8958,-1.2787,1]},
{"frame":2,"values":[0.9999,-0.0119,0.0075,0,0.0121,0.9996,-0.0273,0,-0.0072,0.0274,0.9996,0,-0.0057,10.8958,-1.2787,1]},
{"frame":3,"values":[0.9999,-0.0116,0.0075,0,0.0118,0.9996,-0.0252,0,-0.0072,0.0253,0.9997,0,-0.0057,10.8958,-1.2787,1]},
{"frame":4,"values":[0.9999,-0.011,0.008,0,0.0112,0.9997,-0.0229,0,-0.0077,0.023,0.9997,0,-0.0057,10.8958,-1.2787,1]},
{"frame":5,"values":[0.9999,-0.0104,0.0088,0,0.0106,0.9997,-0.0207,0,-0.0086,0.0208,0.9997,0,-0.0057,10.8958,-1.2787,1]},
{"frame":6,"values":[0.9999,-0.01,0.0098,0,0.0102,0.9998,-0.0191,0,-0.0096,0.0192,0.9998,0,-0.0057,10.8958,-1.2787,1]},
{"frame":7,"values":[0.9999,-0.0097,0.0109,0,0.0099,0.9998,-0.0181,0,-0.0107,0.0183,0.9998,0,-0.0057,10.8958,-1.2787,1]},
{"frame":8,"values":[0.9999,-0.0092,0.0122,0,0.0094,0.9998,-0.0178,0,-0.012,0.0179,0.9998,0,-0.0057,10.8958,-1.2787,1]},
{"frame":9,"values":[0.9999,-0.0088,0.0132,0,0.009,0.9998,-0.0174,0,-0.0131,0.0175,0.9998,0,-0.0057,10.8958,-1.2787,1]},
{"frame":10,"values":[0.9999,-0.0084,0.0139,0,0.0086,0.9998,-0.0167,0,-0.0137,0.0168,0.9998,0,-0.0057,10.8958,-1.2787,1]},
{"frame":11,"values":[0.9999,-0.008,0.0142,0,0.0083,0.9998,-0.0165,0,-0.014,0.0166,0.9998,0,-0.0057,10.8958,-1.2787,1]},
{"frame":12,"values":[0.9999,-0.0074,0.0146,0,0.0076,0.9998,-0.0168,0,-0.0144,0.0169,0.9998,0,-0.0057,10.8958,-1.2787,1]},
{"frame":13,"values":[0.9999,-0.006,0.0153,0,0.0062,0.9998,-0.017,0,-0.0152,0.0171,0.9997,0,-0.0057,10.8958,-1.2787,1]},
{"frame":14,"values":[0.9999,-0.0046,0.016,0,0.0049,0.9998,-0.017,0,-0.0159,0.0171,0.9997,0,-0.0057,10.8958,-1.2787,1]},
{"frame":15,"values":[0.9999,-0.0045,0.016,0,0.0048,0.9998,-0.0173,0,-0.0159,0.0173,0.9997,0,-0.0057,10.8958,-1.2787,1]},
{"frame":16,"values":[0.9999,-0.0056,0.0154,0,0.0058,0.9998,-0.0176,0,-0.0153,0.0177,0.9997,0,-0.0057,10.8958,-1.2787,1]},
{"frame":17,"values":[0.9999,-0.0068,0.0147,0,0.0071,0.9998,-0.0183,0,-0.0145,0.0184,0.9997,0,-0.0057,10.8958,-1.2787,1]},
{"frame":18,"values":[0.9999,-0.0079,0.014,0,0.0082,0.9998,-0.0198,0,-0.0139,0.0199,0.9997,0,-0.0057,10.8958,-1.2787,1]},
{"frame":19,"values":[0.9999,-0.0088,0.0135,0,0.0091,0.9997,-0.0214,0,-0.0133,0.0215,0.9997,0,-0.0057,10.8958,-1.2787,1]},
{"frame":20,"values":[0.9999,-0.0098,0.0129,0,0.0101,0.9997,-0.0222,0,-0.0127,0.0223,0.9997,0,-0.0057,10.8958,-1.2787,1]},
{"frame":21,"values":[0.9999,-0.011,0.0122,0,0.0113,0.9997,-0.0229,0,-0.012,0.0231,0.9997,0,-0.0057,10.8958,-1.2787,1]},
{"frame":22,"values":[0.9999,-0.0121,0.0115,0,0.0124,0.9996,-0.0236,0,-0.0112,0.0238,0.9997,0,-0.0057,10.8958,-1.2787,1]},
{"frame":23,"values":[0.9999,-0.0131,0.0108,0,0.0134,0.9996,-0.0241,0,-0.0105,0.0242,0.9997,0,-0.0057,10.8958,-1.2787,1]},
{"frame":24,"values":[0.9999,-0.0138,0.0103,0,0.014,0.9996,-0.0243,0,-0.01,0.0245,0.9997,0,-0.0057,10.8958,-1.2787,1]},
{"frame":25,"values":[0.9998,-0.0142,0.0102,0,0.0144,0.9996,-0.0244,0,-0.0098,0.0246,0.9996,0,-0.0057,10.8958,-1.2787,1]},
{"frame":26,"values":[0.9998,-0.0144,0.0101,0,0.0147,0.9996,-0.0244,0,-0.0098,0.0246,0.9996,0,-0.0057,10.8958,-1.2787,1]},
{"frame":27,"values":[0.9998,-0.0147,0.0096,0,0.0149,0.9996,-0.0246,0,-0.0092,0.0247,0.9997,0,-0.0057,10.8958,-1.2787,1]},
{"frame":28,"values":[0.9998,-0.0152,0.0084,0,0.0154,0.9996,-0.0248,0,-0.008,0.0249,0.9997,0,-0.0057,10.8958,-1.2787,1]},
{"frame":29,"values":[0.9998,-0.0161,0.007,0,0.0163,0.9996,-0.0244,0,-0.0066,0.0245,0.9997,0,-0.0057,10.8958,-1.2787,1]},
{"frame":30,"values":[0.9998,-0.0165,0.0058,0,0.0166,0.9996,-0.0234,0,-0.0054,0.0235,0.9997,0,-0.0057,10.8958,-1.2787,1]},
{"frame":31,"values":[0.9999,-0.0156,0.0056,0,0.0157,0.9996,-0.0223,0,-0.0052,0.0224,0.9997,0,-0.0057,10.8958,-1.2787,1]},
{"frame":32,"values":[0.9999,-0.0143,0.0059,0,0.0144,0.9997,-0.022,0,-0.0056,0.0221,0.9997,0,-0.0057,10.8958,-1.2787,1]},
{"frame":33,"values":[0.9999,-0.0139,0.0058,0,0.014,0.9996,-0.0229,0,-0.0055,0.023,0.9997,0,-0.0057,10.8958,-1.2787,1]},
{"frame":34,"values":[0.9999,-0.0144,0.0054,0,0.0145,0.9996,-0.0252,0,-0.005,0.0252,0.9997,0,-0.0057,10.8958,-1.2787,1]},
{"frame":35,"values":[0.9999,-0.015,0.0051,0,0.0151,0.9995,-0.0283,0,-0.0047,0.0283,0.9996,0,-0.0057,10.8958,-1.2787,1]},
{"frame":36,"values":[0.9999,-0.0152,0.0051,0,0.0154,0.9994,-0.0313,0,-0.0046,0.0314,0.9995,0,-0.0057,10.8958,-1.2787,1]},
{"frame":37,"values":[0.9999,-0.0151,0.0052,0,0.0153,0.9993,-0.0341,0,-0.0047,0.0342,0.9994,0,-0.0057,10.8958,-1.2787,1]},
{"frame":38,"values":[0.9999,-0.0143,0.0058,0,0.0145,0.9992,-0.0366,0,-0.0053,0.0366,0.9993,0,-0.0057,10.8958,-1.2787,1]},
{"frame":39,"values":[0.9999,-0.0128,0.007,0,0.0131,0.9992,-0.0385,0,-0.0065,0.0386,0.9992,0,-0.0057,10.8958,-1.2787,1]},
{"frame":40,"values":[0.9999,-0.0111,0.0082,0,0.0114,0.9991,-0.04,0,-0.0078,0.0401,0.9992,0,-0.0057,10.8958,-1.2787,1]},
{"frame":41,"values":[0.9999,-0.0096,0.0092,0,0.01,0.9991,-0.0413,0,-0.0088,0.0414,0.9991,0,-0.0057,10.8958,-1.2787,1]},
{"frame":42,"values":[0.9999,-0.0086,0.0098,0,0.009,0.999,-0.0428,0,-0.0095,0.0429,0.999,0,-0.0057,10.8958,-1.2787,1]},
{"frame":43,"values":[0.9999,-0.0082,0.0099,0,0.0086,0.999,-0.0445,0,-0.0096,0.0446,0.999,0,-0.0057,10.8958,-1.2787,1]},
{"frame":44,"values":[0.9999,-0.0082,0.0096,0,0.0086,0.9989,-0.0459,0,-0.0092,0.046,0.9989,0,-0.0057,10.8958,-1.2787,1]},
{"frame":45,"values":[0.9999,-0.0086,0.009,0,0.009,0.9989,-0.0466,0,-0.0086,0.0467,0.9989,0,-0.0057,10.8958,-1.2787,1]},
{"frame":46,"values":[0.9999,-0.0091,0.0086,0,0.0095,0.9989,-0.0468,0,-0.0082,0.0469,0.9989,0,-0.0057,10.8958,-1.2787,1]},
{"frame":47,"values":[0.9999,-0.0094,0.0084,0,0.0098,0.9989,-0.0468,0,-0.008,0.0468,0.9989,0,-0.0057,10.8958,-1.2787,1]},
{"frame":48,"values":[0.9999,-0.0095,0.0084,0,0.0099,0.9989,-0.0464,0,-0.0079,0.0465,0.9989,0,-0.0057,10.8958,-1.2787,1]},
{"frame":49,"values":[0.9999,-0.0098,0.008,0,0.0101,0.9989,-0.0457,0,-0.0075,0.0458,0.9989,0,-0.0057,10.8958,-1.2787,1]},
{"frame":50,"values":[0.9999,-0.0102,0.0072,0,0.0105,0.9989,-0.0448,0,-0.0067,0.0448,0.999,0,-0.0057,10.8958,-1.2787,1]},
{"frame":51,"values":[0.9999,-0.0101,0.0069,0,0.0104,0.999,-0.044,0,-0.0064,0.0441,0.999,0,-0.0057,10.8958,-1.2787,1]},
{"frame":52,"values":[0.9999,-0.0093,0.0072,0,0.0096,0.999,-0.0434,0,-0.0068,0.0435,0.999,0,-0.0057,10.8958,-1.2787,1]},
{"frame":53,"values":[0.9999,-0.0085,0.0077,0,0.0088,0.999,-0.0429,0,-0.0074,0.0429,0.9991,0,-0.0057,10.8958,-1.2787,1]},
{"frame":54,"values":[0.9999,-0.0078,0.0081,0,0.0082,0.9991,-0.0425,0,-0.0077,0.0426,0.9991,0,-0.0057,10.8958,-1.2787,1]},
{"frame":55,"values":[0.9999,-0.0073,0.0083,0,0.0076,0.9991,-0.0426,0,-0.008,0.0427,0.9991,0,-0.0057,10.8958,-1.2787,1]},
{"frame":56,"values":[0.9999,-0.0071,0.0084,0,0.0074,0.999,-0.0432,0,-0.008,0.0432,0.999,0,-0.0057,10.8958,-1.2787,1]},
{"frame":57,"values":[0.9999,-0.0076,0.0083,0,0.0079,0.999,-0.0437,0,-0.008,0.0438,0.999,0,-0.0057,10.8958,-1.2787,1]},
{"frame":58,"values":[0.9999,-0.0088,0.008,0,0.0091,0.999,-0.0437,0,-0.0077,0.0437,0.999,0,-0.0057,10.8958,-1.2787,1]},
{"frame":59,"values":[0.9999,-0.0101,0.0077,0,0.0105,0.999,-0.0434,0,-0.0072,0.0435,0.999,0,-0.0057,10.8958,-1.2787,1]},
{"frame":60,"values":[0.9999,-0.0109,0.0075,0,0.0112,0.999,-0.0434,0,-0.007,0.0435,0.999,0,-0.0057,10.8958,-1.2787,1]},
{"frame":61,"values":[0.9999,-0.011,0.0074,0,0.0113,0.999,-0.0438,0,-0.0069,0.0439,0.999,0,-0.0057,10.8958,-1.2787,1]},
{"frame":62,"values":[0.9999,-0.0107,0.0078,0,0.011,0.999,-0.0443,0,-0.0073,0.0443,0.999,0,-0.0057,10.8958,-1.2787,1]},
{"frame":63,"values":[0.9999,-0.01,0.0091,0,0.0103,0.999,-0.0443,0,-0.0086,0.0444,0.999,0,-0.0057,10.8958,-1.2787,1]},
{"frame":64,"values":[0.9999,-0.009,0.0107,0,0.0095,0.999,-0.0439,0,-0.0103,0.044,0.999,0,-0.0057,10.8958,-1.2787,1]},
{"frame":65,"values":[0.9999,-0.0085,0.0115,0,0.009,0.999,-0.0434,0,-0.0111,0.0435,0.999,0,-0.0057,10.8958,-1.2787,1]},
{"frame":66,"values":[0.9999,-0.0081,0.0115,0,0.0086,0.999,-0.0433,0,-0.0112,0.0434,0.999,0,-0.0057,10.8958,-1.2787,1]},
{"frame":67,"values":[0.9999,-0.0076,0.0113,0,0.0081,0.999,-0.0437,0,-0.011,0.0437,0.999,0,-0.0057,10.8958,-1.2787,1]},
{"frame":68,"values":[0.9999,-0.0077,0.0106,0,0.0081,0.999,-0.0438,0,-0.0102,0.0439,0.999,0,-0.0057,10.8958,-1.2787,1]},
{"frame":69,"values":[0.9999,-0.0084,0.0098,0,0.0088,0.999,-0.0431,0,-0.0095,0.0432,0.999,0,-0.0057,10.8958,-1.2787,1]},
{"frame":70,"values":[0.9999,-0.009,0.0097,0,0.0094,0.9991,-0.0415,0,-0.0094,0.0416,0.9991,0,-0.0057,10.8958,-1.2787,1]},
{"frame":71,"values":[0.9999,-0.0091,0.0105,0,0.0095,0.9992,-0.0398,0,-0.0101,0.0399,0.9992,0,-0.0057,10.8958,-1.2787,1]},
{"frame":72,"values":[0.9999,-0.0093,0.0115,0,0.0098,0.9992,-0.0383,0,-0.0111,0.0384,0.9992,0,-0.0057,10.8958,-1.2787,1]},
{"frame":73,"values":[0.9999,-0.0102,0.0117,0,0.0106,0.9993,-0.0371,0,-0.0113,0.0372,0.9992,0,-0.0057,10.8958,-1.2787,1]},
{"frame":74,"values":[0.9999,-0.0109,0.0113,0,0.0113,0.9993,-0.0358,0,-0.0109,0.036,0.9993,0,-0.0057,10.8958,-1.2787,1]},
{"frame":75,"values":[0.9999,-0.0112,0.0105,0,0.0116,0.9993,-0.0343,0,-0.0101,0.0344,0.9994,0,-0.0057,10.8958,-1.2787,1]},
{"frame":76,"values":[0.9999,-0.0115,0.0094,0,0.0118,0.9994,-0.0327,0,-0.0091,0.0329,0.9994,0,-0.0057,10.8958,-1.2787,1]},
{"frame":77,"values":[0.9999,-0.0119,0.0085,0,0.0121,0.9994,-0.0311,0,-0.0081,0.0312,0.9995,0,-0.0057,10.8958,-1.2787,1]},
{"frame":78,"values":[0.9999,-0.0119,0.0079,0,0.0122,0.9995,-0.0293,0,-0.0075,0.0294,0.9995,0,-0.0057,10.8958,-1.2787,1]}],"loopBehavior":1,"name":"anim","property":"_matrix"}},
{"name":"Spine1","index":2,"matrix":[0.9999,-0.0054,0.0157,0,0.0057,0.9997,-0.024,0,-0.0156,0.0241,0.9996,0,-0.0066,12.7117,-1.4918,1],"rest":[1,0,0,0,0,1,0,0,0,0,1,0,-0.0066,12.7117,-1.4918,1],"parentBoneIndex":1,"length":14.6274
,"animation":{"dataType":3,"framePerSecond":24,"keys":[
{"frame":1,"values":[0.9999,-0.0054,0.0157,0,0.0057,0.9997,-0.024,0,-0.0156,0.0241,0.9996,0,-0.0066,12.7117,-1.4918,1]},
{"frame":2,"values":[0.9999,-0.0052,0.0151,0,0.0055,0.9998,-0.0204,0,-0.015,0.0205,0.9997,0,-0.0066,12.7117,-1.4918,1]},
{"frame":3,"values":[0.9999,-0.0043,0.015,0,0.0046,0.9998,-0.0167,0,-0.015,0.0168,0.9997,0,-0.0066,12.7117,-1.4918,1]},
{"frame":4,"values":[0.9999,-0.0024,0.016,0,0.0026,0.9999,-0.013,0,-0.0159,0.0131,0.9998,0,-0.0066,12.7117,-1.4918,1]},
{"frame":5,"values":[0.9998,-0.0005,0.0174,0,0.0006,1,-0.0096,0,-0.0174,0.0096,0.9998,0,-0.0066,12.7117,-1.4918,1]},
{"frame":6,"values":[0.9998,0.0005,0.019,0,-0.0003,1,-0.007,0,-0.019,0.007,0.9998,0,-0.0066,12.7117,-1.4918,1]},
{"frame":7,"values":[0.9998,0.001,0.021,0,-0.0009,1,-0.0058,0,-0.021,0.0058,0.9998,0,-0.0066,12.7117,-1.4918,1]},
{"frame":8,"values":[0.9997,0.0021,0.0233,0,-0.0019,1,-0.0055,0,-0.0233,0.0055,0.9997,0,-0.0066,12.7117,-1.4918,1]},
{"frame":9,"values":[0.9997,0.0035,0.0253,0,-0.0034,1,-0.0051,0,-0.0253,0.005,0.9997,0,-0.0066,12.7117,-1.4918,1]},
{"frame":10,"values":[0.9996,0.0046,0.0265,0,-0.0045,1,-0.0041,0,-0.0265,0.004,0.9996,0,-0.0066,12.7117,-1.4918,1]},
{"frame":11,"values":[0.9996,0.0054,0.0272,0,-0.0053,1,-0.0038,0,-0.0272,0.0037,0.9996,0,-0.0066,12.7117,-1.4918,1]},
{"frame":12,"values":[0.9996,0.0064,0.0279,0,-0.0063,1,-0.0045,0,-0.0279,0.0043,0.9996,0,-0.0066,12.7117,-1.4918,1]},
{"frame":13,"values":[0.9995,0.0088,0.0293,0,-0.0087,0.9999,-0.005,0,-0.0293,0.0047,0.9996,0,-0.0066,12.7117,-1.4918,1]},
{"frame":14,"values":[0.9995,0.0114,0.0306,0,-0.0112,0.9999,-0.005,0,-0.0307,0.0046,0.9995,0,-0.0066,12.7117,-1.4918,1]},
{"frame":15,"values":[0.9995,0.0119,0.0307,0,-0.0118,0.9999,-0.0054,0,-0.0308,0.005,0.9995,0,-0.0066,12.7117,-1.4918,1]},
{"frame":16,"values":[0.9995,0.01,0.0296,0,-0.0098,0.9999,-0.0061,0,-0.0297,0.0058,0.9995,0,-0.0066,12.7117,-1.4918,1]},
{"frame":17,"values":[0.9996,0.0069,0.0281,0,-0.0067,0.9999,-0.0075,0,-0.0281,0.0073,0.9996,0,-0.0066,12.7117,-1.4918,1]},
{"frame":18,"values":[0.9996,0.0043,0.0267,0,-0.004,0.9999,-0.0102,0,-0.0267,0.0101,0.9996,0,-0.0066,12.7117,-1.4918,1]},
{"frame":19,"values":[0.9997,0.0027,0.0256,0,-0.0024,0.9999,-0.013,0,-0.0257,0.0129,0.9996,0,-0.0066,12.7117,-1.4918,1]},
{"frame":20,"values":[0.9997,0.0015,0.0245,0,-0.0011,0.9999,-0.0146,0,-0.0245,0.0146,0.9996,0,-0.0066,12.7117,-1.4918,1]},
{"frame":21,"values":[0.9997,-0.0001,0.0231,0,0.0004,0.9999,-0.0161,0,-0.0231,0.0161,0.9996,0,-0.0066,12.7117,-1.4918,1]},
{"frame":22,"values":[0.9998,-0.0017,0.0217,0,0.0021,0.9998,-0.0175,0,-0.0217,0.0175,0.9996,0,-0.0066,12.7117,-1.4918,1]},
{"frame":23,"values":[0.9998,-0.003,0.0203,0,0.0034,0.9998,-0.0185,0,-0.0203,0.0186,0.9996,0,-0.0066,12.7117,-1.4918,1]},
{"frame":24,"values":[0.9998,-0.0037,0.0192,0,0.004,0.9998,-0.0194,0,-0.0191,0.0194,0.9996,0,-0.0066,12.7117,-1.4918,1]},
{"frame":25,"values":[0.9998,-0.0039,0.0188,0,0.0043,0.9998,-0.02,0,-0.0187,0.0201,0.9996,0,-0.0066,12.7117,-1.4918,1]},
{"frame":26,"values":[0.9998,-0.0043,0.0188,0,0.0047,0.9998,-0.0202,0,-0.0187,0.0203,0.9996,0,-0.0066,12.7117,-1.4918,1]},
{"frame":27,"values":[0.9998,-0.0053,0.0178,0,0.0056,0.9998,-0.0204,0,-0.0177,0.0205,0.9996,0,-0.0066,12.7117,-1.4918,1]},
{"frame":28,"values":[0.9998,-0.0073,0.0157,0,0.0077,0.9998,-0.0205,0,-0.0156,0.0206,0.9997,0,-0.0066,12.7117,-1.4918,1]},
{"frame":29,"values":[0.9999,-0.0109,0.0131,0,0.0111,0.9997,-0.0195,0,-0.0129,0.0197,0.9997,0,-0.0066,12.7117,-1.4918,1]},
{"frame":30,"values":[0.9998,-0.0139,0.011,0,0.0141,0.9997,-0.0174,0,-0.0108,0.0176,0.9998,0,-0.0066,12.7117,-1.4918,1]},
{"frame":31,"values":[0.9998,-0.0142,0.0105,0,0.0143,0.9998,-0.0153,0,-0.0103,0.0155,0.9998,0,-0.0066,12.7117,-1.4918,1]},
{"frame":32,"values":[0.9999,-0.013,0.0107,0,0.0131,0.9998,-0.0145,0,-0.0105,0.0146,0.9998,0,-0.0066,12.7117,-1.4918,1]},
{"frame":33,"values":[0.9999,-0.0129,0.0101,0,0.013,0.9998,-0.016,0,-0.0099,0.0161,0.9998,0,-0.0066,12.7117,-1.4918,1]},
{"frame":34,"values":[0.9999,-0.0139,0.0091,0,0.0141,0.9997,-0.0202,0,-0.0088,0.0203,0.9998,0,-0.0066,12.7117,-1.4918,1]},
{"frame":35,"values":[0.9999,-0.0147,0.0087,0,0.0149,0.9996,-0.0259,0,-0.0083,0.026,0.9996,0,-0.0066,12.7117,-1.4918,1]},
{"frame":36,"values":[0.9999,-0.0149,0.0086,0,0.0152,0.9994,-0.0313,0,-0.0081,0.0314,0.9995,0,-0.0066,12.7117,-1.4918,1]},
{"frame":37,"values":[0.9999,-0.0145,0.0088,0,0.0148,0.9993,-0.0357,0,-0.0083,0.0358,0.9993,0,-0.0066,12.7117,-1.4918,1]},
{"frame":38,"values":[0.9999,-0.0125,0.0102,0,0.0129,0.9991,-0.0395,0,-0.0097,0.0396,0.9992,0,-0.0066,12.7117,-1.4918,1]},
{"frame":39,"values":[0.9999,-0.0094,0.0126,0,0.0099,0.9991,-0.0423,0,-0.0122,0.0425,0.999,0,-0.0066,12.7117,-1.4918,1]},
{"frame":40,"values":[0.9999,-0.0062,0.0149,0,0.0069,0.999,-0.0444,0,-0.0146,0.0445,0.9989,0,-0.0066,12.7117,-1.4918,1]},
{"frame":41,"values":[0.9999,-0.0033,0.0166,0,0.004,0.9989,-0.0463,0,-0.0165,0.0463,0.9988,0,-0.0066,12.7117,-1.4918,1]},
{"frame":42,"values":[0.9998,-0.0009,0.0177,0,0.0018,0.9988,-0.0486,0,-0.0177,0.0487,0.9987,0,-0.0066,12.7117,-1.4918,1]},
{"frame":43,"values":[0.9998,0.0003,0.0178,0,0.0006,0.9987,-0.0513,0,-0.0178,0.0513,0.9985,0,-0.0066,12.7117,-1.4918,1]},
{"frame":44,"values":[0.9999,0.0006,0.0169,0,0.0003,0.9986,-0.0535,0,-0.0169,0.0534,0.9984,0,-0.0066,12.7117,-1.4918,1]},
{"frame":45,"values":[0.9999,0.0005,0.0157,0,0.0004,0.9985,-0.0546,0,-0.0157,0.0546,0.9984,0,-0.0066,12.7117,-1.4918,1]},
{"frame":46,"values":[0.9999,0.0003,0.0148,0,0.0005,0.9985,-0.0549,0,-0.0147,0.0549,0.9984,0,-0.0066,12.7117,-1.4918,1]},
{"frame":47,"values":[0.9999,0.0003,0.0145,0,0.0005,0.9985,-0.0547,0,-0.0145,0.0547,0.9984,0,-0.0066,12.7117,-1.4918,1]},
{"frame":48,"values":[0.9999,0.0004,0.0144,0,0.0004,0.9985,-0.054,0,-0.0144,0.054,0.9984,0,-0.0066,12.7117,-1.4918,1]},
{"frame":49,"values":[0.9999,0,0.0136,0,0.0008,0.9986,-0.0526,0,-0.0136,0.0526,0.9985,0,-0.0066,12.7117,-1.4918,1]},
{"frame":50,"values":[0.9999,-0.0009,0.0121,0,0.0015,0.9987,-0.0507,0,-0.0121,0.0507,0.9986,0,-0.0066,12.7117,-1.4918,1]},
{"frame":51,"values":[0.9999,-0.0006,0.0113,0,0.0012,0.9988,-0.0492,0,-0.0113,0.0493,0.9987,0,-0.0066,12.7117,-1.4918,1]},
{"frame":52,"values":[0.9999,0.001,0.0118,0,-0.0004,0.9988,-0.0483,0,-0.0118,0.0483,0.9988,0,-0.0066,12.7117,-1.4918,1]},
{"frame":53,"values":[0.9999,0.0023,0.0126,0,-0.0017,0.9989,-0.0475,0,-0.0127,0.0475,0.9988,0,-0.0066,12.7117,-1.4918,1]},
{"frame":54,"values":[0.9999,0.0031,0.0132,0,-0.0025,0.9989,-0.047,0,-0.0134,0.047,0.9988,0,-0.0066,12.7117,-1.4918,1]},
{"frame":55,"values":[0.9999,0.0039,0.0136,0,-0.0032,0.9989,-0.0471,0,-0.0138,0.047,0.9988,0,-0.0066,12.7117,-1.4918,1]},
{"frame":56,"values":[0.9999,0.0044,0.0139,0,-0.0037,0.9988,-0.0478,0,-0.0141,0.0478,0.9988,0,-0.0066,12.7117,-1.4918,1]},
{"frame":57,"values":[0.9999,0.0034,0.0141,0,-0.0027,0.9988,-0.0483,0,-0.0142,0.0483,0.9987,0,-0.0066,12.7117,-1.4918,1]},
{"frame":58,"values":[0.9999,0.0008,0.0138,0,-0.0001,0.9988,-0.048,0,-0.0138,0.048,0.9988,0,-0.0066,12.7117,-1.4918,1]},
{"frame":59,"values":[0.9999,-0.0022,0.0132,0,0.0028,0.9989,-0.0472,0,-0.0131,0.0473,0.9988,0,-0.0066,12.7117,-1.4918,1]},
{"frame":60,"values":[0.9999,-0.0038,0.0129,0,0.0044,0.9989,-0.047,0,-0.0127,0.047,0.9988,0,-0.0066,12.7117,-1.4918,1]},
{"frame":61,"values":[0.9999,-0.0036,0.0127,0,0.0042,0.9989,-0.0476,0,-0.0125,0.0476,0.9988,0,-0.0066,12.7117,-1.4918,1]},
{"frame":62,"values":[0.9999,-0.0026,0.0133,0,0.0033,0.9988,-0.0485,0,-0.0132,0.0485,0.9987,0,-0.0066,12.7117,-1.4918,1]},
{"frame":63,"values":[0.9999,-0.0012,0.0158,0,0.002,0.9988,-0.0485,0,-0.0158,0.0485,0.9987,0,-0.0066,12.7117,-1.4918,1]},
{"frame":64,"values":[0.9998,0.0003,0.019,0,0.0006,0.9989,-0.0476,0,-0.019,0.0476,0.9987,0,-0.0066,12.7117,-1.4918,1]},
{"frame":65,"values":[0.9998,0.0012,0.0205,0,-0.0003,0.9989,-0.0468,0,-0.0205,0.0468,0.9987,0,-0.0066,12.7117,-1.4918,1]},
{"frame":66,"values":[0.9998,0.0019,0.0207,0,-0.0009,0.9989,-0.0468,0,-0.0207,0.0468,0.9987,0,-0.0066,12.7117,-1.4918,1]},
{"frame":67,"values":[0.9998,0.0025,0.0203,0,-0.0015,0.9989,-0.0479,0,-0.0204,0.0479,0.9986,0,-0.0066,12.7117,-1.4918,1]},
{"frame":68,"values":[0.9998,0.0026,0.0191,0,-0.0016,0.9988,-0.0486,0,-0.0192,0.0486,0.9986,0,-0.0066,12.7117,-1.4918,1]},
{"frame":69,"values":[0.9998,0.0017,0.018,0,-0.0009,0.9989,-0.0475,0,-0.0181,0.0474,0.9987,0,-0.0066,12.7117,-1.4918,1]},
{"frame":70,"values":[0.9998,0.0006,0.0182,0,0.0002,0.999,-0.0447,0,-0.0182,0.0447,0.9988,0,-0.0066,12.7117,-1.4918,1]},
{"frame":71,"values":[0.9998,-0.0003,0.02,0,0.0012,0.9991,-0.0418,0,-0.02,0.0418,0.9989,0,-0.0066,12.7117,-1.4918,1]},
{"frame":72,"values":[0.9998,-0.0014,0.0221,0,0.0023,0.9992,-0.0394,0,-0.022,0.0394,0.999,0,-0.0066,12.7117,-1.4918,1]},
{"frame":73,"values":[0.9997,-0.0026,0.0228,0,0.0035,0.9993,-0.0374,0,-0.0227,0.0375,0.999,0,-0.0066,12.7117,-1.4918,1]},
{"frame":74,"values":[0.9997,-0.0036,0.0221,0,0.0044,0.9994,-0.0352,0,-0.022,0.0353,0.9991,0,-0.0066,12.7117,-1.4918,1]},
{"frame":75,"values":[0.9998,-0.0039,0.0206,0,0.0046,0.9995,-0.0328,0,-0.0204,0.0329,0.9992,0,-0.0066,12.7117,-1.4918,1]},
{"frame":76,"values":[0.9998,-0.0043,0.0186,0,0.0049,0.9995,-0.0303,0,-0.0184,0.0304,0.9994,0,-0.0066,12.7117,-1.4918,1]},
{"frame":77,"values":[0.9998,-0.0051,0.0168,0,0.0056,0.9996,-0.0274,0,-0.0166,0.0274,0.9995,0,-0.0066,12.7117,-1.4918,1]},
{"frame":78,"values":[0.9999,-0.0054,0.0157,0,0.0057,0.9997,-0.024,0,-0.0156,0.0241,0.9996,0,-0.0066,12.7117,-1.4918,1]}],"loopBehavior":1,"name":"anim","property":"_matrix"}},
{"name":"Spine2","index":3,"matrix":[0.9999,-0.0048,0.0158,0,0.0051,0.9997,-0.0241,0,-0.0157,0.0241,0.9996,0,-0.0076,14.5277,-1.7049,1],"rest":[1,0,0,0,0,1,0,0,0,0,1,0,-0.0076,14.5277,-1.7049,1],"parentBoneIndex":2,"length":15.4825
,"animation":{"dataType":3,"framePerSecond":24,"keys":[
{"frame":1,"values":[0.9999,-0.0048,0.0158,0,0.0051,0.9997,-0.0241,0,-0.0157,0.0241,0.9996,0,-0.0076,14.5277,-1.7049,1]},
{"frame":2,"values":[0.9999,-0.0046,0.0152,0,0.005,0.9998,-0.0205,0,-0.0151,0.0206,0.9997,0,-0.0076,14.5277,-1.7049,1]},
{"frame":3,"values":[0.9999,-0.0038,0.0151,0,0.0041,0.9999,-0.0168,0,-0.015,0.0168,0.9997,0,-0.0076,14.5277,-1.7049,1]},
{"frame":4,"values":[0.9999,-0.0019,0.016,0,0.0021,0.9999,-0.0131,0,-0.016,0.0131,0.9998,0,-0.0076,14.5277,-1.7049,1]},
{"frame":5,"values":[0.9998,0,0.0174,0,0.0002,1,-0.0096,0,-0.0174,0.0096,0.9998,0,-0.0076,14.5277,-1.7049,1]},
{"frame":6,"values":[0.9998,0.001,0.019,0,-0.0008,1,-0.007,0,-0.019,0.007,0.9998,0,-0.0076,14.5277,-1.7049,1]},
{"frame":7,"values":[0.9998,0.0015,0.0209,0,-0.0014,1,-0.0058,0,-0.0209,0.0058,0.9998,0,-0.0076,14.5277,-1.7049,1]},
{"frame":8,"values":[0.9997,0.0026,0.0232,0,-0.0025,1,-0.0056,0,-0.0232,0.0055,0.9997,0,-0.0076,14.5277,-1.7049,1]},
{"frame":9,"values":[0.9997,0.0041,0.0252,0,-0.004,1,-0.0051,0,-0.0252,0.005,0.9997,0,-0.0076,14.5277,-1.7049,1]},
{"frame":10,"values":[0.9996,0.0052,0.0264,0,-0.0051,1,-0.0041,0,-0.0264,0.004,0.9996,0,-0.0076,14.5277,-1.7049,1]},
{"frame":11,"values":[0.9996,0.006,0.027,0,-0.0059,1,-0.0038,0,-0.0271,0.0036,0.9996,0,-0.0076,14.5277,-1.7049,1]},
{"frame":12,"values":[0.9996,0.0071,0.0277,0,-0.007,1,-0.0045,0,-0.0277,0.0043,0.9996,0,-0.0076,14.5277,-1.7049,1]},
{"frame":13,"values":[0.9995,0.0095,0.0291,0,-0.0094,0.9999,-0.0049,0,-0.0291,0.0046,0.9996,0,-0.0076,14.5277,-1.7049,1]},
{"frame":14,"values":[0.9995,0.012,0.0304,0,-0.0119,0.9999,-0.0049,0,-0.0304,0.0045,0.9995,0,-0.0076,14.5277,-1.7049,1]},
{"frame":15,"values":[0.9995,0.0126,0.0304,0,-0.0125,0.9999,-0.0053,0,-0.0305,0.0049,0.9995,0,-0.0076,14.5277,-1.7049,1]},
{"frame":16,"values":[0.9995,0.0107,0.0294,0,-0.0105,0.9999,-0.0061,0,-0.0294,0.0058,0.9996,0,-0.0076,14.5277,-1.7049,1]},
{"frame":17,"values":[0.9996,0.0075,0.0279,0,-0.0073,0.9999,-0.0074,0,-0.0279,0.0072,0.9996,0,-0.0076,14.5277,-1.7049,1]},
{"frame":18,"values":[0.9996,0.0049,0.0266,0,-0.0047,0.9999,-0.0102,0,-0.0266,0.01,0.9996,0,-0.0076,14.5277,-1.7049,1]},
{"frame":19,"values":[0.9997,0.0034,0.0255,0,-0.0031,0.9999,-0.013,0,-0.0256,0.0129,0.9996,0,-0.0076,14.5277,-1.7049,1]},
{"frame":20,"values":[0.9997,0.0022,0.0244,0,-0.0018,0.9999,-0.0147,0,-0.0244,0.0146,0.9996,0,-0.0076,14.5277,-1.7049,1]},
{"frame":21,"values":[0.9997,0.0006,0.0231,0,-0.0002,0.9999,-0.0161,0,-0.0231,0.0161,0.9996,0,-0.0076,14.5277,-1.7049,1]},
{"frame":22,"values":[0.9998,-0.0011,0.0217,0,0.0014,0.9998,-0.0176,0,-0.0217,0.0176,0.9996,0,-0.0076,14.5277,-1.7049,1]},
{"frame":23,"values":[0.9998,-0.0024,0.0203,0,0.0027,0.9998,-0.0186,0,-0.0203,0.0186,0.9996,0,-0.0076,14.5277,-1.7049,1]},
{"frame":24,"values":[0.9998,-0.003,0.0192,0,0.0034,0.9998,-0.0194,0,-0.0191,0.0195,0.9996,0,-0.0076,14.5277,-1.7049,1]},
{"frame":25,"values":[0.9998,-0.0033,0.0188,0,0.0037,0.9998,-0.0201,0,-0.0188,0.0201,0.9996,0,-0.0076,14.5277,-1.7049,1]},
{"frame":26,"values":[0.9998,-0.0037,0.0188,0,0.0041,0.9998,-0.0203,0,-0.0187,0.0204,0.9996,0,-0.0076,14.5277,-1.7049,1]},
{"frame":27,"values":[0.9998,-0.0047,0.0179,0,0.005,0.9998,-0.0205,0,-0.0178,0.0206,0.9996,0,-0.0076,14.5277,-1.7049,1]},
{"frame":28,"values":[0.9999,-0.0068,0.0158,0,0.0071,0.9998,-0.0206,0,-0.0157,0.0207,0.9997,0,-0.0076,14.5277,-1.7049,1]},
{"frame":29,"values":[0.9999,-0.0104,0.0133,0,0.0106,0.9997,-0.0197,0,-0.0131,0.0198,0.9997,0,-0.0076,14.5277,-1.7049,1]},
{"frame":30,"values":[0.9998,-0.0135,0.0113,0,0.0137,0.9998,-0.0176,0,-0.0111,0.0177,0.9998,0,-0.0076,14.5277,-1.7049,1]},
{"frame":31,"values":[0.9998,-0.0138,0.0108,0,0.014,0.9998,-0.0155,0,-0.0106,0.0156,0.9998,0,-0.0076,14.5277,-1.7049,1]},
{"frame":32,"values":[0.9999,-0.0126,0.011,0,0.0128,0.9998,-0.0147,0,-0.0108,0.0148,0.9998,0,-0.0076,14.5277,-1.7049,1]},
{"frame":33,"values":[0.9999,-0.0125,0.0104,0,0.0126,0.9998,-0.0161,0,-0.0102,0.0163,0.9998,0,-0.0076,14.5277,-1.7049,1]},
{"frame":34,"values":[0.9999,-0.0134,0.0094,0,0.0136,0.9997,-0.0204,0,-0.0091,0.0205,0.9997,0,-0.0076,14.5277,-1.7049,1]},
{"frame":35,"values":[0.9999,-0.0142,0.0089,0,0.0144,0.9996,-0.0261,0,-0.0086,0.0262,0.9996,0,-0.0076,14.5277,-1.7049,1]},
{"frame":36,"values":[0.9999,-0.0143,0.0089,0,0.0146,0.9994,-0.0315,0,-0.0084,0.0316,0.9995,0,-0.0076,14.5277,-1.7049,1]},
{"frame":37,"values":[0.9999,-0.0138,0.0091,0,0.0141,0.9993,-0.0359,0,-0.0086,0.036,0.9993,0,-0.0076,14.5277,-1.7049,1]},
{"frame":38,"values":[0.9999,-0.0118,0.0105,0,0.0122,0.9991,-0.0396,0,-0.01,0.0398,0.9992,0,-0.0076,14.5277,-1.7049,1]},
{"frame":39,"values":[0.9999,-0.0086,0.0128,0,0.0091,0.9991,-0.0425,0,-0.0124,0.0426,0.999,0,-0.0076,14.5277,-1.7049,1]},
{"frame":40,"values":[0.9999,-0.0053,0.0149,0,0.0059,0.999,-0.0445,0,-0.0147,0.0446,0.9989,0,-0.0076,14.5277,-1.7049,1]},
{"frame":41,"values":[0.9999,-0.0022,0.0167,0,0.003,0.9989,-0.0463,0,-0.0165,0.0464,0.9988,0,-0.0076,14.5277,-1.7049,1]},
{"frame":42,"values":[0.9998,0.0002,0.0177,0,0.0007,0.9988,-0.0487,0,-0.0177,0.0487,0.9987,0,-0.0076,14.5277,-1.7049,1]},
{"frame":43,"values":[0.9998,0.0015,0.0177,0,-0.0006,0.9987,-0.0513,0,-0.0178,0.0513,0.9985,0,-0.0076,14.5277,-1.7049,1]},
{"frame":44,"values":[0.9999,0.0019,0.0168,0,-0.001,0.9986,-0.0535,0,-0.0169,0.0534,0.9984,0,-0.0076,14.5277,-1.7049,1]},
{"frame":45,"values":[0.9999,0.0017,0.0156,0,-0.0009,0.9985,-0.0546,0,-0.0156,0.0546,0.9984,0,-0.0076,14.5277,-1.7049,1]},
{"frame":46,"values":[0.9999,0.0016,0.0146,0,-0.0008,0.9985,-0.0549,0,-0.0147,0.0549,0.9984,0,-0.0076,14.5277,-1.7049,1]},
{"frame":47,"values":[0.9999,0.0016,0.0143,0,-0.0008,0.9985,-0.0547,0,-0.0144,0.0547,0.9984,0,-0.0076,14.5277,-1.7049,1]},
{"frame":48,"values":[0.9999,0.0016,0.0143,0,-0.0008,0.9985,-0.0541,0,-0.0143,0.054,0.9984,0,-0.0076,14.5277,-1.7049,1]},
{"frame":49,"values":[0.9999,0.0011,0.0135,0,-0.0004,0.9986,-0.0526,0,-0.0136,0.0526,0.9985,0,-0.0076,14.5277,-1.7049,1]},
{"frame":50,"values":[0.9999,0.0001,0.012,0,0.0005,0.9987,-0.0507,0,-0.012,0.0507,0.9986,0,-0.0076,14.5277,-1.7049,1]},
{"frame":51,"values":[0.9999,0.0004,0.0112,0,0.0002,0.9988,-0.0493,0,-0.0112,0.0493,0.9987,0,-0.0076,14.5277,-1.7049,1]},
{"frame":52,"values":[0.9999,0.002,0.0116,0,-0.0014,0.9988,-0.0483,0,-0.0117,0.0483,0.9988,0,-0.0076,14.5277,-1.7049,1]},
{"frame":53,"values":[0.9999,0.0034,0.0124,0,-0.0028,0.9989,-0.0475,0,-0.0126,0.0474,0.9988,0,-0.0076,14.5277,-1.7049,1]},
{"frame":54,"values":[0.9999,0.0041,0.013,0,-0.0035,0.9989,-0.047,0,-0.0132,0.0469,0.9988,0,-0.0076,14.5277,-1.7049,1]},
{"frame":55,"values":[0.9999,0.0049,0.0134,0,-0.0043,0.9989,-0.047,0,-0.0136,0.047,0.9988,0,-0.0076,14.5277,-1.7049,1]},
{"frame":56,"values":[0.9999,0.0054,0.0137,0,-0.0048,0.9988,-0.0478,0,-0.0139,0.0477,0.9988,0,-0.0076,14.5277,-1.7049,1]},
{"frame":57,"values":[0.9999,0.0045,0.0139,0,-0.0038,0.9988,-0.0483,0,-0.0141,0.0482,0.9987,0,-0.0076,14.5277,-1.7049,1]},
{"frame":58,"values":[0.9999,0.0018,0.0137,0,-0.0012,0.9988,-0.048,0,-0.0137,0.0479,0.9988,0,-0.0076,14.5277,-1.7049,1]},
{"frame":59,"values":[0.9999,-0.0012,0.0132,0,0.0018,0.9989,-0.0473,0,-0.0131,0.0473,0.9988,0,-0.0076,14.5277,-1.7049,1]},
{"frame":60,"values":[0.9999,-0.0028,0.0129,0,0.0034,0.9989,-0.047,0,-0.0128,0.0471,0.9988,0,-0.0076,14.5277,-1.7049,1]},
{"frame":61,"values":[0.9999,-0.0026,0.0127,0,0.0032,0.9989,-0.0476,0,-0.0126,0.0477,0.9988,0,-0.0076,14.5277,-1.7049,1]},
{"frame":62,"values":[0.9999,-0.0016,0.0133,0,0.0022,0.9988,-0.0485,0,-0.0132,0.0485,0.9987,0,-0.0076,14.5277,-1.7049,1]},
{"frame":63,"values":[0.9999,-0.0001,0.0158,0,0.0009,0.9988,-0.0485,0,-0.0158,0.0485,0.9987,0,-0.0076,14.5277,-1.7049,1]},
{"frame":64,"values":[0.9998,0.0015,0.0189,0,-0.0006,0.9989,-0.0476,0,-0.0189,0.0476,0.9987,0,-0.0076,14.5277,-1.7049,1]},
{"frame":65,"values":[0.9998,0.0025,0.0204,0,-0.0015,0.9989,-0.0468,0,-0.0205,0.0467,0.9987,0,-0.0076,14.5277,-1.7049,1]},
{"frame":66,"values":[0.9998,0.0031,0.0205,0,-0.0022,0.9989,-0.0468,0,-0.0207,0.0468,0.9987,0,-0.0076,14.5277,-1.7049,1]},
{"frame":67,"values":[0.9998,0.0037,0.0201,0,-0.0028,0.9988,-0.0479,0,-0.0203,0.0478,0.9987,0,-0.0076,14.5277,-1.7049,1]},
{"frame":68,"values":[0.9998,0.0037,0.0189,0,-0.0028,0.9988,-0.0486,0,-0.0191,0.0486,0.9986,0,-0.0076,14.5277,-1.7049,1]},
{"frame":69,"values":[0.9998,0.0028,0.0179,0,-0.002,0.9989,-0.0475,0,-0.018,0.0474,0.9987,0,-0.0076,14.5277,-1.7049,1]},
{"frame":70,"values":[0.9998,0.0016,0.0181,0,-0.0008,0.999,-0.0447,0,-0.0182,0.0447,0.9988,0,-0.0076,14.5277,-1.7049,1]},
{"frame":71,"values":[0.9998,0.0007,0.0199,0,0.0002,0.9991,-0.0418,0,-0.0199,0.0418,0.9989,0,-0.0076,14.5277,-1.7049,1]},
{"frame":72,"values":[0.9998,-0.0004,0.022,0,0.0013,0.9992,-0.0394,0,-0.022,0.0394,0.999,0,-0.0076,14.5277,-1.7049,1]},
{"frame":73,"values":[0.9997,-0.0017,0.0228,0,0.0025,0.9993,-0.0374,0,-0.0228,0.0375,0.999,0,-0.0076,14.5277,-1.7049,1]},
{"frame":74,"values":[0.9998,-0.0027,0.0221,0,0.0035,0.9994,-0.0353,0,-0.022,0.0353,0.9991,0,-0.0076,14.5277,-1.7049,1]},
{"frame":75,"values":[0.9998,-0.003,0.0206,0,0.0037,0.9995,-0.0329,0,-0.0205,0.033,0.9992,0,-0.0076,14.5277,-1.7049,1]},
{"frame":76,"values":[0.9998,-0.0036,0.0186,0,0.0041,0.9995,-0.0304,0,-0.0185,0.0305,0.9994,0,-0.0076,14.5277,-1.7049,1]},
{"frame":77,"values":[0.9998,-0.0044,0.0169,0,0.0049,0.9996,-0.0274,0,-0.0167,0.0275,0.9995,0,-0.0076,14.5277,-1.7049,1]},
{"frame":78,"values":[0.9999,-0.0048,0.0158,0,0.0051,0.9997,-0.0241,0,-0.0157,0.0241,0.9996,0,-0.0076,14.5277,-1.7049,1]}],"loopBehavior":1,"name":"anim","property":"_matrix"}},
