{"producer":{"name":"Blender","version":"2.90.0","exporter_version":"6.4.4","file":"run.babylon"},
"autoClear":true,"clearColor":[0.0509,0.0509,0.0509],"gravity":[0,-9.81,0],
"materials":[{"name":"Material","id":"Material","customType":"BABYLON.PBRMaterial","backFaceCulling":true,"checkReadyOnlyOnce":false,"maxSimultaneousLights":4,"environmentIntensity":1,"albedo":[0.8,0.8,0.8],"reflectivity":[0.5,0.5,0.5],"roughness":0.4,"alpha":1,"transparencyMode":0,"alphaCutOff":0.4,"metallic":0}],
"multiMaterials":[],
"skeletons":[{"name":"Armature","id":0,"dimensionsAtRest":[192.3395,226.9932,28.649],"bones":[
{"name":"Hips","index":0,"matrix":[0.9871,-0.1515,-0.0518,0,0.1407,0.9752,-0.1706,0,-0.0764,-0.1611,-0.984,0,0.7116,102.326,-0.7084,1],"rest":[1,0,0,0,0,1,0,0,0,0,-1,0,0,114.0532,0,1],"parentBoneIndex":-1,"length":12.7599
,"animation":{"dataType":3,"framePerSecond":24,"keys":[
{"frame":1,"values":[0.9871,-0.1515,-0.0518,0,0.1407,0.9752,-0.1706,0,-0.0764,-0.1611,-0.984,0,0.7116,102.326,-0.7084,1]},
{"frame":2,"values":[0.9889,-0.1143,-0.0947,0,0.0909,0.9709,-0.2217,0,-0.1173,-0.2107,-0.9705,0,0.6893,105.0642,-0.7494,1]},
{"frame":3,"values":[0.9904,-0.0579,-0.1256,0,0.0238,0.9659,-0.2577,0,-0.1362,-0.2522,-0.958,0,0.9622,107.3866,-1.2386,1]},
{"frame":4,"values":[0.9949,-0.0068,-0.1006,0,-0.0229,0.9566,-0.2905,0,-0.0982,-0.2913,-0.9516,0,1.2874,108.8076,-1.7989,1]},
{"frame":5,"values":[0.9992,0.0044,-0.0402,0,-0.0159,0.9566,-0.2909,0,-0.0372,-0.2913,-0.9559,0,1.0748,109.4912,-1.6831,1]},
{"frame":6,"values":[0.9997,-0.0137,0.0194,0,0.0179,0.9715,-0.2364,0,0.0157,-0.2367,-0.9715,0,0.6959,108.101,-0.8066,1]},
{"frame":7,"values":[0.9968,-0.0046,0.0795,0,0.0187,0.984,-0.1772,0,0.0774,-0.1781,-0.981,0,0.867,104.7025,-0.0676,1]},
{"frame":8,"values":[0.9884,0.0451,0.1447,0,-0.0211,0.9863,-0.1637,0,0.1501,-0.1588,-0.9758,0,1.7032,101.2926,0.1478,1]},
{"frame":9,"values":[0.9818,0.0803,0.1718,0,-0.0482,0.9818,-0.1835,0,0.1834,-0.1719,-0.9679,0,2.5832,100.2229,0.0655,1]},
{"frame":10,"values":[0.9876,0.0541,0.1475,0,-0.0242,0.9801,-0.1971,0,0.1552,-0.1911,-0.9692,0,3.0469,101.8002,-0.0658,1]},
{"frame":11,"values":[0.9944,-0.0179,0.1038,0,0.0382,0.9796,-0.1973,0,0.0982,-0.2002,-0.9748,0,2.9193,106.0947,-0.5013,1]},
{"frame":12,"values":[0.9949,-0.0872,0.0513,0,0.0961,0.9727,-0.2114,0,0.0314,-0.2152,-0.9761,0,2.482,109.8495,-1.1792,1]},
{"frame":13,"values":[0.9931,-0.1175,-0.0057,0,0.1133,0.9681,-0.2234,0,-0.0318,-0.2212,-0.9747,0,2.2113,110.3063,-1.3751,1]},
{"frame":14,"values":[0.9934,-0.108,-0.0394,0,0.0987,0.977,-0.1889,0,-0.0589,-0.1838,-0.9812,0,2.2346,107.941,-0.8939,1]},
{"frame":15,"values":[0.9936,-0.1031,-0.0461,0,0.0963,0.9867,-0.1308,0,-0.059,-0.1255,-0.9903,0,1.8341,104.8508,-0.3984,1]},
{"frame":16,"values":[0.989,-0.136,-0.0586,0,0.1289,0.9853,-0.1121,0,-0.073,-0.1033,-0.992,0,0.8939,102.1061,-0.2748,1]},
{"frame":17,"values":[0.9843,-0.1621,-0.0694,0,0.1518,0.9791,-0.135,0,-0.0898,-0.1224,-0.9884,0,0.2754,101.0058,-0.7891,1]},
{"frame":18,"values":[0.9871,-0.1515,-0.0518,0,0.1407,0.9752,-0.1706,0,-0.0764,-0.1611,-0.984,0,0.7116,102.326,-0.7084,1]}],"loopBehavior":1,"name":"anim","property":"_matrix"}},
{"name":"Spine","index":1,"matrix":[0.9943,0.0896,-0.0579,0,-0.0872,0.9952,0.0436,0,0.0615,-0.0383,0.9974,0,-0.0057,10.8958,-1.2787,1],"rest":[1,0,0,0,0,1,0,0,0,0,1,0,-0.0057,10.8958,-1.2787,1],"parentBoneIndex":0,"length":12.7989
,"animation":{"dataType":3,"framePerSecond":24,"keys":[
{"frame":1,"values":[0.9943,0.0896,-0.0579,0,-0.0872,0.9952,0.0436,0,0.0615,-0.0383,0.9974,0,-0.0057,10.8958,-1.2787,1]},
{"frame":2,"values":[0.995,0.0599,-0.0794,0,-0.0589,0.9981,0.0157,0,0.0802,-0.0109,0.9967,0,-0.0057,10.8958,-1.2787,1]},
{"frame":3,"values":[0.9937,0.0235,-0.1097,0,-0.0238,0.9997,-0.0011,0,0.1096,0.0037,0.994,0,-0.0057,10.8958,-1.2787,1]},
{"frame":4,"values":[0.9913,0.0004,-0.1319,0,-0.0019,0.9999,-0.0112,0,0.1319,0.0114,0.9912,0,-0.0057,10.8958,-1.2787,1]},
{"frame":5,"values":[0.9907,0.0042,-0.1362,0,-0.0049,1,-0.0051,0,0.1361,0.0057,0.9907,0,-0.0057,10.8958,-1.2787,1]},
{"frame":6,"values":[0.9929,0.0224,-0.1172,0,-0.0199,0.9996,0.0222,0,0.1177,-0.0197,0.9929,0,-0.0057,10.8958,-1.2787,1]},
{"frame":7,"values":[0.996,0.0301,-0.0836,0,-0.0263,0.9986,0.0462,0,0.0849,-0.0438,0.9954,0,-0.0057,10.8958,-1.2787,1]},
{"frame":8,"values":[0.998,0.023,-0.0582,0,-0.0205,0.9988,0.0442,0,0.0592,-0.0429,0.9973,0,-0.0057,10.8958,-1.2787,1]},
{"frame":9,"values":[0.9983,0.0185,-0.0559,0,-0.0173,0.9996,0.0218,0,0.0563,-0.0208,0.9982,0,-0.0057,10.8958,-1.2787,1]},
{"frame":10,"values":[0.9976,0.0385,-0.0577,0,-0.0384,0.9993,0.0034,0,0.0578,-0.0012,0.9983,0,-0.0057,10.8958,-1.2787,1]},
{"frame":11,"values":[0.9959,0.0782,-0.0449,0,-0.078,0.9969,0.0059,0,0.0452,-0.0024,0.999,0,-0.0057,10.8958,-1.2787,1]},
{"frame":12,"values":[0.9939,0.1067,-0.0293,0,-0.1063,0.9942,0.0157,0,0.0308,-0.0124,0.9994,0,-0.0057,10.8958,-1.2787,1]},
{"frame":13,"values":[0.9934,0.1122,-0.0228,0,-0.1115,0.9934,0.0284,0,0.0258,-0.0257,0.9993,0,-0.0057,10.8958,-1.2787,1]},
{"frame":14,"values":[0.994,0.1067,-0.0233,0,-0.1053,0.9929,0.0552,0,0.029,-0.0524,0.9982,0,-0.0057,10.8958,-1.2787,1]},
{"frame":15,"values":[0.9945,0.0986,-0.0366,0,-0.0952,0.9918,0.0855,0,0.0448,-0.0815,0.9957,0,-0.0057,10.8958,-1.2787,1]},
{"frame":16,"values":[0.9938,0.0944,-0.059,0,-0.0887,0.9917,0.0927,0,0.0673,-0.0868,0.9939,0,-0.0057,10.8958,-1.2787,1]},
{"frame":17,"values":[0.9936,0.0908,-0.0675,0,-0.0858,0.9936,0.0738,0,0.0738,-0.0675,0.995,0,-0.0057,10.8958,-1.2787,1]},
{"frame":18,"values":[0.9943,0.0896,-0.0579,0,-0.0872,0.9952,0.0436,0,0.0615,-0.0383,0.9974,0,-0.0057,10.8958,-1.2787,1]}],"loopBehavior":1,"name":"anim","property":"_matrix"}},
{"name":"Spine1","index":2,"matrix":[0.9996,0.023,0.0135,0,-0.0247,0.9894,0.1429,0,-0.0101,-0.1432,0.9896,0,-0.0066,12.7117,-1.4918,1],"rest":[1,0,0,0,0,1,0,0,0,0,1,0,-0.0066,12.7117,-1.4918,1],"parentBoneIndex":1,"length":14.6274
,"animation":{"dataType":3,"framePerSecond":24,"keys":[
{"frame":1,"values":[0.9996,0.023,0.0135,0,-0.0247,0.9894,0.1429,0,-0.0101,-0.1432,0.9896,0,-0.0066,12.7117,-1.4918,1]},
{"frame":2,"values":[0.9991,-0.0169,-0.0397,0,0.021,0.9941,0.1062,0,0.0376,-0.1069,0.9936,0,-0.0066,12.7117,-1.4918,1]},
{"frame":3,"values":[0.9927,-0.0663,-0.1011,0,0.0738,0.9946,0.0724,0,0.0957,-0.0794,0.9922,0,-0.0066,12.7117,-1.4918,1]},
{"frame":4,"values":[0.985,-0.1037,-0.138,0,0.1108,0.9929,0.0444,0,0.1324,-0.059,0.9894,0,-0.0066,12.7117,-1.4918,1]},
{"frame":5,"values":[0.9838,-0.1055,-0.1449,0,0.1127,0.9927,0.0427,0,0.1394,-0.0584,0.9885,0,-0.0066,12.7117,-1.4918,1]},
{"frame":6,"values":[0.9887,-0.0781,-0.1281,0,0.0881,0.9933,0.075,0,0.1214,-0.0854,0.9889,0,-0.0066,12.7117,-1.4918,1]},
{"frame":7,"values":[0.9938,-0.0659,-0.0896,0,0.0758,0.9908,0.1119,0,0.0814,-0.118,0.9897,0,-0.0066,12.7117,-1.4918,1]},
{"frame":8,"values":[0.9954,-0.0835,-0.0467,0,0.0889,0.9877,0.1287,0,0.0354,-0.1323,0.9906,0,-0.0066,12.7117,-1.4918,1]},
{"frame":9,"values":[0.9954,-0.0934,-0.0208,0,0.0953,0.9876,0.1251,0,0.0088,-0.1265,0.9919,0,-0.0066,12.7117,-1.4918,1]},
{"frame":10,"values":[0.9978,-0.0659,0.0036,0,0.065,0.9912,0.1153,0,-0.0111,-0.1148,0.9933,0,-0.0066,12.7117,-1.4918,1]},
{"frame":11,"values":[0.9989,-0.0129,0.0452,0,0.0076,0.9933,0.1152,0,-0.0463,-0.1147,0.9923,0,-0.0066,12.7117,-1.4918,1]},
{"frame":12,"values":[0.9958,0.0319,0.086,0,-0.0417,0.9925,0.115,0,-0.0816,-0.1181,0.9896,0,-0.0066,12.7117,-1.4918,1]},
{"frame":13,"values":[0.9934,0.046,0.1048,0,-0.0582,0.9915,0.1166,0,-0.0986,-0.1219,0.9876,0,-0.0066,12.7117,-1.4918,1]},
{"frame":14,"values":[0.9942,0.0287,0.1041,0,-0.0432,0.9893,0.1393,0,-0.0989,-0.143,0.9848,0,-0.0066,12.7117,-1.4918,1]},
{"frame":15,"values":[0.9965,0.012,0.0825,0,-0.0261,0.9848,0.1715,0,-0.0791,-0.1731,0.9817,0,-0.0066,12.7117,-1.4918,1]},
{"frame":16,"values":[0.9987,0.0206,0.0464,0,-0.0288,0.9827,0.1828,0,-0.0418,-0.1839,0.982,0,-0.0066,12.7117,-1.4918,1]},
{"frame":17,"values":[0.9993,0.0308,0.0217,0,-0.0341,0.9847,0.171,0,-0.0161,-0.1716,0.985,0,-0.0066,12.7117,-1.4918,1]},
{"frame":18,"values":[0.9996,0.023,0.0135,0,-0.0247,0.9894,0.1429,0,-0.0101,-0.1432,0.9896,0,-0.0066,12.7117,-1.4918,1]}],"loopBehavior":1,"name":"anim","property":"_matrix"}},
{"name":"Spine2","index":3,"matrix":[0.9947,0.1001,0.022,0,-0.1017,0.9908,0.0894,0,-0.0128,-0.0911,0.9958,0,-0.0076,14.5277,-1.7049,1],"rest":[1,0,0,0,0,1,0,0,0,0,1,0,-0.0076,14.5277,-1.7049,1],"parentBoneIndex":2,"length":15.4825
,"animation":{"dataType":3,"framePerSecond":24,"keys":[
{"frame":1,"values":[0.9947,0.1001,0.022,0,-0.1017,0.9908,0.0894,0,-0.0128,-0.0911,0.9958,0,-0.0076,14.5277,-1.7049,1]},
{"frame":2,"values":[0.9975,0.0622,-0.033,0,-0.0603,0.9967,0.0545,0,0.0362,-0.0524,0.998,0,-0.0076,14.5277,-1.7049,1]},
{"frame":3,"values":[0.9953,0.0136,-0.0957,0,-0.0113,0.9996,0.0243,0,0.096,-0.0231,0.9951,0,-0.0076,14.5277,-1.7049,1]},
{"frame":4,"values":[0.9906,-0.024,-0.1343,0,0.024,0.9997,-0.0011,0,0.1343,-0.0022,0.9909,0,-0.0076,14.5277,-1.7049,1]},
{"frame":5,"values":[0.9895,-0.0256,-0.142,0,0.0255,0.9997,-0.0023,0,0.142,-0.0013,0.9899,0,-0.0076,14.5277,-1.7049,1]},
{"frame":6,"values":[0.9923,0.0028,-0.1242,0,0.0006,0.9996,0.0281,0,0.1242,-0.0279,0.9919,0,-0.0076,14.5277,-1.7049,1]},
{"frame":7,"values":[0.9963,0.015,-0.0843,0,-0.0097,0.998,0.0624,0,0.0851,-0.0614,0.9945,0,-0.0076,14.5277,-1.7049,1]},
{"frame":8,"values":[0.9992,-0.0041,-0.0407,0,0.0073,0.997,0.0768,0,0.0403,-0.0771,0.9962,0,-0.0076,14.5277,-1.7049,1]},
{"frame":9,"values":[0.9998,-0.0151,-0.0141,0,0.016,0.9973,0.0719,0,0.013,-0.0721,0.9973,0,-0.0076,14.5277,-1.7049,1]},
{"frame":10,"values":[0.9999,0.012,0.0101,0,-0.0126,0.998,0.0612,0,-0.0093,-0.0613,0.9981,0,-0.0076,14.5277,-1.7049,1]},
{"frame":11,"values":[0.9966,0.0643,0.0511,0,-0.0673,0.9959,0.0606,0,-0.047,-0.0638,0.9969,0,-0.0076,14.5277,-1.7049,1]},
{"frame":12,"values":[0.9899,0.1078,0.0923,0,-0.1136,0.9917,0.0603,0,-0.0851,-0.0702,0.9939,0,-0.0076,14.5277,-1.7049,1]},
{"frame":13,"values":[0.9863,0.1207,0.112,0,-0.1282,0.9898,0.0618,0,-0.1034,-0.0753,0.9918,0,-0.0076,14.5277,-1.7049,1]},
{"frame":14,"values":[0.9884,0.102,0.1126,0,-0.1118,0.9902,0.084,0,-0.1029,-0.0956,0.9901,0,-0.0076,14.5277,-1.7049,1]},
{"frame":15,"values":[0.9921,0.0845,0.0925,0,-0.095,0.9887,0.1163,0,-0.0816,-0.1241,0.9889,0,-0.0076,14.5277,-1.7049,1]},
{"frame":16,"values":[0.9939,0.0947,0.0573,0,-0.1014,0.9865,0.1285,0,-0.0443,-0.1335,0.9901,0,-0.0076,14.5277,-1.7049,1]},
{"frame":17,"values":[0.9938,0.1068,0.0321,0,-0.1098,0.987,0.1173,0,-0.0192,-0.1201,0.9926,0,-0.0076,14.5277,-1.7049,1]},
{"frame":18,"values":[0.9947,0.1001,0.022,0,-0.1017,0.9908,0.0894,0,-0.0128,-0.0911,0.9958,0,-0.0076,14.5277,-1.7049,1]}],"loopBehavior":1,"name":"anim","property":"_matrix"}},
{"name":"Neck","index":4,"matrix":[0.9974,-0.0717,-0.0111,0,0.0685,0.9811,-0.1811,0,0.0239,0.1798,0.9834,0,-0.0085,16.3436,-1.918,1],"rest":[1,0,0,0,0,1,0,0,0,0,1,0,-0.0085,16.3436,-1.918,1],"parentBoneIndex":3,"length":7.7098
,"animation":{"dataType":3,"framePerSecond":24,"keys":[
{"frame":1,"values":[0.9974,-0.0717,-0.0111,0,0.0685,0.9811,-0.1811,0,0.0239,0.1798,0.9834,0,-0.0085,16.3436,-1.918,1]},
{"frame":2,"values":[0.9987,-0.0502,0.0045,0,0.0504,0.9962,-0.071,0,-0.0009,0.0712,0.9975,0,-0.0085,16.3436,-1.918,1]},
{"frame":3,"values":[0.9993,-0.026,0.0279,0,0.0267,0.9993,-0.0245,0,-0.0273,0.0253,0.9993,0,-0.0085,16.3436,-1.918,1]},
{"frame":4,"values":[0.9987,-0.0168,0.0483,0,0.0175,0.9998,-0.013,0,-0.048,0.0139,0.9987,0,-0.0085,16.3436,-1.918,1]},
{"frame":5,"values":[0.9981,-0.026,0.0558,0,0.0266,0.9996,-0.0096,0,-0.0556,0.0111,0.9984,0,-0.0085,16.3436,-1.918,1]},
{"frame":6,"values":[0.9982,-0.0314,0.0507,0,0.0374,0.992,-0.1202,0,-0.0465,0.1219,0.9915,0,-0.0085,16.3436,-1.918,1]},
{"frame":7,"values":[0.999,-0.0165,0.0416,0,0.0213,0.9927,-0.119,0,-0.0394,0.1198,0.992,0,-0.0085,16.3436,-1.918,1]},
{"frame":8,"values":[0.9991,0.0221,0.0372,0,-0.0179,0.9938,-0.1094,0,-0.0394,0.1087,0.9933,0,-0.0085,16.3436,-1.918,1]},
{"frame":9,"values":[0.9992,0.0235,0.0315,0,-0.022,0.9986,-0.0473,0,-0.0325,0.0466,0.9984,0,-0.0085,16.3436,-1.918,1]},
{"frame":10,"values":[0.9997,-0.0162,0.0187,0,0.0158,0.9997,0.019,0,-0.019,-0.0187,0.9996,0,-0.0085,16.3436,-1.918,1]},
{"frame":11,"values":[0.999,-0.0452,0.001,0,0.0451,0.9975,0.055,0,-0.0035,-0.0549,0.9985,0,-0.0085,16.3436,-1.918,1]},
{"frame":12,"values":[0.9997,-0.0222,-0.0111,0,0.0228,0.9977,0.0639,0,0.0096,-0.0641,0.9979,0,-0.0085,16.3436,-1.918,1]},
{"frame":13,"values":[0.9989,-0.0354,-0.0305,0,0.0357,0.9993,0.0102,0,0.0302,-0.0112,0.9995,0,-0.0085,16.3436,-1.918,1]},
{"frame":14,"values":[0.9971,-0.0626,-0.0431,0,0.0577,0.9927,-0.1061,0,0.0494,0.1033,0.9934,0,-0.0085,16.3436,-1.918,1]},
{"frame":15,"values":[0.9975,-0.0626,-0.034,0,0.0548,0.9792,-0.1952,0,0.0455,0.1928,0.9802,0,-0.0085,16.3436,-1.918,1]},
{"frame":16,"values":[0.9977,-0.0625,-0.025,0,0.0545,0.9684,-0.2433,0,0.0394,0.2414,0.9696,0,-0.0085,16.3436,-1.918,1]},
{"frame":17,"values":[0.9972,-0.0731,-0.0142,0,0.0673,0.9663,-0.2484,0,0.0319,0.2467,0.9686,0,-0.0085,16.3436,-1.918,1]},
{"frame":18,"values":[0.9974,-0.0717,-0.0111,0,0.0685,0.9811,-0.1811,0,0.0239,0.1798,0.9834,0,-0.0085,16.3436,-1.918,1]}],"loopBehavior":1,"name":"anim","property":"_matrix"}},
{"name":"Head","index":5,"matrix":[0.9978,0.0092,-0.0651,0,-0.0317,0.935,-0.3533,0,0.0576,0.3546,0.9332,0,0,7.4726,1.8977,1],"rest":[1,0,0,0,0,1,0,0,0,0,1,0,0,7.4726,1.8977,1],"parentBoneIndex":4,"length":26.3062
,"animation":{"dataType":3,"framePerSecond":24,"keys":[
{"frame":1,"values":[0.9978,0.0092,-0.0651,0,-0.0317,0.935,-0.3533,0,0.0576,0.3546,0.9332,0,0,7.4726,1.8977,1]},
{"frame":2,"values":[0.9995,0.033,-0.0003,0,-0.03,0.9043,-0.4259,0,-0.0138,0.4257,0.9047,0,0,7.4726,1.8977,1]},
{"frame":3,"values":[0.9913,0.0792,0.1051,0,-0.0265,0.9025,-0.4298,0,-0.1289,0.4233,0.8968,0,0,7.4726,1.8977,1]},
{"frame":4,"values":[0.9706,0.1094,0.2146,0,-0.0109,0.9101,-0.4143,0,-0.2406,0.3997,0.8845,0,0,7.4726,1.8977,1]},
{"frame":5,"values":[0.9554,0.1115,0.2734,0,0.0153,0.906,-0.4229,0,-0.2949,0.4083,0.8639,0,0,7.4726,1.8977,1]},
{"frame":6,"values":[0.9607,0.0655,0.2696,0,0.0366,0.9334,-0.3571,0,-0.275,0.3529,0.8943,0,0,7.4726,1.8977,1]},
{"frame":7,"values":[0.9752,0.0473,0.2163,0,0.0415,0.9207,-0.3881,0,-0.2175,0.3875,0.8959,0,0,7.4726,1.8977,1]},
{"frame":8,"values":[0.9843,0.021,0.1755,0,0.0503,0.9185,-0.3923,0,-0.1694,0.3949,0.903,0,0,7.4726,1.8977,1]},
{"frame":9,"values":[0.9867,0.0214,0.1612,0,0.0478,0.9092,-0.4135,0,-0.1554,0.4157,0.8961,0,0,7.4726,1.8977,1]},
{"frame":10,"values":[0.9924,0.0119,0.1221,0,0.0439,0.8948,-0.4442,0,-0.1145,0.4462,0.8876,0,0,7.4726,1.8977,1]},
{"frame":11,"values":[0.9978,-0.0611,0.0265,0,0.0663,0.8725,-0.484,0,0.0064,0.4847,0.8747,0,0,7.4726,1.8977,1]},
{"frame":12,"values":[0.982,-0.1667,-0.0886,0,0.0965,0.8468,-0.5231,0,0.1622,0.5052,0.8476,0,0,7.4726,1.8977,1]},
{"frame":13,"values":[0.9719,-0.1658,-0.167,0,0.0613,0.8634,-0.5009,0,0.2272,0.4766,0.8493,0,0,7.4726,1.8977,1]},
{"frame":14,"values":[0.9786,-0.0949,-0.1828,0,0.0084,0.9051,-0.425,0,0.2058,0.4144,0.8865,0,0,7.4726,1.8977,1]},
{"frame":15,"values":[0.9883,-0.0402,-0.1471,0,-0.0181,0.927,-0.3746,0,0.1515,0.3728,0.9155,0,0,7.4726,1.8977,1]},
{"frame":16,"values":[0.9953,-0.007,-0.0969,0,-0.0274,0.9367,-0.3491,0,0.0933,0.3501,0.9321,0,0,7.4726,1.8977,1]},
{"frame":17,"values":[0.9971,0.0138,-0.0744,0,-0.0383,0.9398,-0.3395,0,0.0652,0.3413,0.9377,0,0,7.4726,1.8977,1]},
{"frame":18,"values":[0.9978,0.0092,-0.0651,0,-0.0317,0.935,-0.3533,0,0.0576,0.3546,0.9332,0,0,7.4726,1.8977,1]}],"loopBehavior":1,"name":"anim","property":"_matrix"}},
{"name":"HeadTop_End","index":6,"matrix":[1,0,0,0,0,1,0,0,0,0,1,0,0,25.4969,6.475,1],"rest":[1,0,0,0,0,1,0,0,0,0,1,0,0,25.4969,6.475,1],"parentBoneIndex":5,"length":26.3062
,"animation":{"dataType":3,"framePerSecond":24,"keys":[
{"frame":1,"values":[1,0,0,0,0,1,0,0,0,0,1,0,0,25.4969,6.475,1]},
{"frame":18,"values":[1,0,0,0,0,1,0,0,0,0,1,0,0,25.4969,6.475,1]}],"loopBehavior":1,"name":"anim","property":"_matrix"}},
{"name":"LeftShoulder","index":7,"matrix":[0.9529,-0.2486,0.1736,0,0.2502,0.9681,0.0129,0,-0.1712,0.0312,0.9847,0,5.5507,13.7754,-1.9265,1],"rest":[1,-0.002,0,0,0.002,1,0,0,0,0,1,0,5.5507,13.7754,-1.9265,1],"parentBoneIndex":3,"length":12.2475
,"animation":{"dataType":3,"framePerSecond":24,"keys":[
{"frame":1,"values":[0.9529,-0.2486,0.1736,0,0.2502,0.9681,0.0129,0,-0.1712,0.0312,0.9847,0,5.5507,13.7754,-1.9265,1]},
{"frame":2,"values":[0.977,-0.184,0.1078,0,0.1865,0.9824,-0.0137,0,-0.1034,0.0335,0.9941,0,5.5507,13.7754,-1.9265,1]},
{"frame":3,"values":[0.9857,-0.1406,0.0933,0,0.1432,0.9895,-0.0215,0,-0.0893,0.0345,0.9954,0,5.5507,13.7754,-1.9265,1]},
{"frame":4,"values":[0.9822,-0.1541,0.1077,0,0.1567,0.9875,-0.0168,0,-0.1038,0.0333,0.994,0,5.5507,13.7754,-1.9265,1]},
{"frame":5,"values":[0.9793,-0.1765,0.0987,0,0.1788,0.9838,-0.0142,0,-0.0946,0.0315,0.995,0,5.5507,13.7754,-1.9265,1]},
{"frame":6,"values":[0.976,-0.1841,0.1167,0,0.1864,0.9824,-0.0094,0,-0.1129,0.0309,0.9931,0,5.5507,13.7754,-1.9265,1]},
{"frame":7,"values":[0.96,-0.2515,0.1227,0,0.2531,0.9674,0.003,0,-0.1195,0.0281,0.9924,0,5.5507,13.7754,-1.9265,1]},
{"frame":8,"values":[0.9379,-0.3188,0.1369,0,0.3194,0.9475,0.0182,0,-0.1355,0.0266,0.9904,0,5.5507,13.7754,-1.9265,1]},
{"frame":9,"values":[0.9029,-0.384,0.1933,0,0.3825,0.9228,0.0462,0,-0.1961,0.0323,0.9801,0,5.5507,13.7754,-1.9265,1]},
{"frame":10,"values":[0.8438,-0.4594,0.2775,0,0.453,0.8869,0.0908,0,-0.2879,0.0491,0.9564,0,5.5507,13.7754,-1.9265,1]},
{"frame":11,"values":[0.85,-0.438,0.2927,0,0.4316,0.8976,0.0898,0,-0.302,0.05,0.952,0,5.5507,13.7754,-1.9265,1]},
{"frame":12,"values":[0.8805,-0.3807,0.2824,0,0.3765,0.9237,0.0712,0,-0.288,0.0437,0.9566,0,5.5507,13.7754,-1.9265,1]},
{"frame":13,"values":[0.9083,-0.3367,0.2483,0,0.3347,0.9409,0.0517,0,-0.251,0.0362,0.9673,0,5.5507,13.7754,-1.9265,1]},
{"frame":14,"values":[0.9003,-0.3576,0.2482,0,0.355,0.9331,0.0568,0,-0.2519,0.0369,0.967,0,5.5507,13.7754,-1.9265,1]},
{"frame":15,"values":[0.8945,-0.3606,0.2643,0,0.3574,0.9319,0.0619,0,-0.2686,0.0391,0.9624,0,5.5507,13.7754,-1.9265,1]},
{"frame":16,"values":[0.9105,-0.31,0.2736,0,0.3078,0.95,0.0522,0,-0.2761,0.0367,0.9604,0,5.5507,13.7754,-1.9265,1]},
{"frame":17,"values":[0.9274,-0.2978,0.2265,0,0.2966,0.9542,0.0401,0,-0.2281,0.03,0.9732,0,5.5507,13.7754,-1.9265,1]},
{"frame":18,"values":[0.9529,-0.2486,0.1736,0,0.2502,0.9681,0.0129,0,-0.1712,0.0312,0.9847,0,5.5507,13.7754,-1.9265,1]}],"loopBehavior":1,"name":"anim","property":"_matrix"}},
{"name":"LeftArm","index":8,"matrix":[0.3861,-0.8064,-0.448,0,0.8956,0.444,-0.0273,0,0.2209,-0.3907,0.8936,0,11.8394,-3.1354,-0.0171,1],"rest":[0.9973,-0.0184,0.0706,0,0.0183,0.9998,0.0011,0,-0.0707,0.0002,0.9975,0,11.8394,-3.1354,-0.0171,1],"parentBoneIndex":7,"length":29.2403
,"animation":{"dataType":3,"framePerSecond":24,"keys":[
{"frame":1,"values":[0.3861,-0.8064,-0.448,0,0.8956,0.444,-0.0273,0,0.2209,-0.3907,0.8936,0,11.8394,-3.1354,-0.0171,1]},
{"frame":2,"values":[0.4435,-0.7378,-0.5089,0,0.8831,0.4566,0.1076,0,0.1529,-0.4971,0.8541,0,11.8394,-3.1354,-0.0171,1]},
{"frame":3,"values":[0.5392,-0.6016,-0.5893,0,0.8225,0.5266,0.2149,0,0.181,-0.6006,0.7788,0,11.8394,-3.1354,-0.0171,1]},
{"frame":4,"values":[0.6271,-0.4612,-0.6277,0,0.7299,0.6292,0.2669,0,0.2718,-0.6256,0.7313,0,11.8394,-3.1354,-0.0171,1]},
{"frame":5,"values":[0.6766,-0.4584,-0.5763,0,0.6824,0.6843,0.2569,0,0.2766,-0.5671,0.7758,0,11.8394,-3.1354,-0.0171,1]},
{"frame":6,"values":[0.6537,-0.5619,-0.507,0,0.7162,0.6756,0.1747,0,0.2444,-0.4773,0.8441,0,11.8394,-3.1354,-0.0171,1]},
{"frame":7,"values":[0.6854,-0.6303,-0.3646,0,0.7068,0.6964,0.1248,0,0.1753,-0.3432,0.9228,0,11.8394,-3.1354,-0.0171,1]},
{"frame":8,"values":[0.7296,-0.6706,-0.134,0,0.6834,0.7218,0.1091,0,0.0236,-0.1711,0.985,0,11.8394,-3.1354,-0.0171,1]},
{"frame":9,"values":[0.7283,-0.677,0.1065,0,0.6716,0.736,0.0857,0,-0.1364,0.0091,0.9906,0,11.8394,-3.1354,-0.0171,1]},
{"frame":10,"values":[0.712,-0.6503,0.2648,0,0.6716,0.7408,0.0133,0,-0.2048,0.1684,0.9642,0,11.8394,-3.1354,-0.0171,1]},
{"frame":11,"values":[0.6468,-0.6732,0.3583,0,0.7295,0.6832,-0.0333,0,-0.2224,0.2829,0.933,0,11.8394,-3.1354,-0.0171,1]},
{"frame":12,"values":[0.6333,-0.6911,0.3483,0,0.7521,0.6557,-0.0666,0,-0.1823,0.3041,0.935,0,11.8394,-3.1354,-0.0171,1]},
{"frame":13,"values":[0.6383,-0.6766,0.3671,0,0.7523,0.6493,-0.1114,0,-0.163,0.3473,0.9235,0,11.8394,-3.1354,-0.0171,1]},
{"frame":14,"values":[0.6947,-0.5915,0.4093,0,0.6993,0.6885,-0.192,0,-0.1683,0.4196,0.892,0,11.8394,-3.1354,-0.0171,1]},
{"frame":15,"values":[0.7,-0.6119,0.3682,0,0.7017,0.6853,-0.195,0,-0.133,0.3949,0.9091,0,11.8394,-3.1354,-0.0171,1]},
{"frame":16,"values":[0.6,-0.7884,0.1356,0,0.8,0.5903,-0.1076,0,0.0047,0.1731,0.9849,0,11.8394,-3.1354,-0.0171,1]},
{"frame":17,"values":[0.4852,-0.853,-0.1923,0,0.8654,0.4999,-0.0341,0,0.1252,-0.1498,0.9807,0,11.8394,-3.1354,-0.0171,1]},
{"frame":18,"values":[0.3861,-0.8064,-0.448,0,0.8956,0.444,-0.0273,0,0.2209,-0.3907,0.8936,0,11.8394,-3.1354,-0.0171,1]}],"loopBehavior":1,"name":"anim","property":"_matrix"}},
{"name":"LeftForeArm","index":9,"matrix":[0.1857,0.0034,0.9826,0,-0.0207,0.9998,0.0004,0,-0.9824,-0.0204,0.1857,0,29.1612,0.5949,-2.0659,1],"rest":[0.9973,0.0203,-0.0707,0,-0.0203,0.9998,0.0007,0,0.0707,0.0007,0.9975,0,29.1612,0.5949,-2.0659,1],"parentBoneIndex":8,"length":29.6649
,"animation":{"dataType":3,"framePerSecond":24,"keys":[
{"frame":1,"values":[0.1857,0.0034,0.9826,0,-0.0207,0.9998,0.0004,0,-0.9824,-0.0204,0.1857,0,29.1612,0.5949,-2.0659,1]},
{"frame":2,"values":[0.2324,0.0044,0.9726,0,-0.0207,0.9998,0.0004,0,-0.9724,-0.0203,0.2324,0,29.1612,0.5949,-2.0659,1]},
{"frame":3,"values":[0.1245,0.0022,0.9922,0,-0.0207,0.9998,0.0004,0,-0.992,-0.0206,0.1245,0,29.1612,0.5949,-2.0659,1]},
{"frame":4,"values":[-0.054,-0.0015,0.9985,0,-0.0207,0.9998,0.0003,0,-0.9983,-0.0207,-0.054,0,29.1612,0.5949,-2.0659,1]},
{"frame":5,"values":[-0.1187,-0.0028,0.9929,0,-0.0207,0.9998,0.0003,0,-0.9927,-0.0205,-0.1187,0,29.1612,0.5949,-2.0659,1]},
{"frame":6,"values":[-0.1371,-0.0032,0.9905,0,-0.0207,0.9998,0.0003,0,-0.9903,-0.0205,-0.1372,0,29.1612,0.5949,-2.0659,1]},
{"frame":7,"values":[-0.0921,-0.0022,0.9957,0,-0.0207,0.9998,0.0003,0,-0.9955,-0.0206,-0.0922,0,29.1612,0.5949,-2.0659,1]},
{"frame":8,"values":[0.0638,0.0009,0.998,0,-0.0207,0.9998,0.0004,0,-0.9977,-0.0207,0.0638,0,29.1612,0.5949,-2.0659,1]},
{"frame":9,"values":[0.231,0.0044,0.973,0,-0.0207,0.9998,0.0004,0,-0.9727,-0.0203,0.231,0,29.1612,0.5949,-2.0659,1]},
{"frame":10,"values":[0.3096,0.006,0.9508,0,-0.0207,0.9998,0.0005,0,-0.9506,-0.0198,0.3097,0,29.1612,0.5949,-2.0659,1]},
{"frame":11,"values":[0.2964,0.0057,0.955,0,-0.0207,0.9998,0.0005,0,-0.9548,-0.0199,0.2965,0,29.1612,0.5949,-2.0659,1]},
{"frame":12,"values":[0.1358,0.0024,0.9907,0,-0.0207,0.9998,0.0004,0,-0.9905,-0.0206,0.1358,0,29.1612,0.5949,-2.0659,1]},
{"frame":13,"values":[-0.0094,-0.0006,1,0,-0.0207,0.9998,0.0004,0,-0.9997,-0.0207,-0.0094,0,29.1612,0.5949,-2.0659,1]},
{"frame":14,"values":[-0.0743,-0.0019,0.9972,0,-0.0207,0.9998,0.0003,0,-0.997,-0.0206,-0.0744,0,29.1612,0.5949,-2.0659,1]},
{"frame":15,"values":[-0.147,-0.0034,0.9891,0,-0.0207,0.9998,0.0003,0,-0.9889,-0.0205,-0.147,0,29.1612,0.5949,-2.0659,1]},
{"frame":16,"values":[-0.2113,-0.0047,0.9774,0,-0.0207,0.9998,0.0003,0,-0.9772,-0.0202,-0.2113,0,29.1612,0.5949,-2.0659,1]},
{"frame":17,"values":[-0.1038,-0.0025,0.9946,0,-0.0207,0.9998,0.0003,0,-0.9944,-0.0206,-0.1039,0,29.1612,0.5949,-2.0659,1]},
{"frame":18,"values":[0.1857,0.0034,0.9826,0,-0.0207,0.9998,0.0004,0,-0.9824,-0.0204,0.1857,0,29.1612,0.5949,-2.0659,1]}],"loopBehavior":1,"name":"anim","property":"_matrix"}},
{"name":"LeftHand","index":10,"matrix":[0.9826,-0.1489,0.1106,0,0.1215,0.9673,0.2228,0,-0.1401,-0.2055,0.9686,0,29.6649,0,0,1],"rest":[1,0,0,0,0,1,-0.0011,0,0,0.0011,1,0,29.6649,0,0,1],"parentBoneIndex":9,"length":11.8196
,"animation":{"dataType":3,"framePerSecond":24,"keys":[
{"frame":1,"values":[0.9826,-0.1489,0.1106,0,0.1215,0.9673,0.2228,0,-0.1401,-0.2055,0.9686,0,29.6649,0,0,1]},
{"frame":2,"values":[0.991,-0.089,0.1002,0,0.0888,0.996,0.0065,0,-0.1004,0.0025,0.9949,0,29.6649,0,0,1]},
{"frame":3,"values":[0.9966,-0.0819,-0.0051,0,0.0789,0.973,-0.2169,0,0.0227,0.2158,0.9762,0,29.6649,0,0,1]},
{"frame":4,"values":[0.9904,-0.042,-0.1314,0,-0.0084,0.9325,-0.3612,0,0.1377,0.3588,0.9232,0,29.6649,0,0,1]},
{"frame":5,"values":[0.9747,0.0474,-0.2182,0,-0.1331,0.9081,-0.3971,0,0.1793,0.4161,0.8914,0,29.6649,0,0,1]},
{"frame":6,"values":[0.9531,0.1443,-0.266,0,-0.2398,0.8963,-0.373,0,0.1846,0.4193,0.8889,0,29.6649,0,0,1]},
{"frame":7,"values":[0.9536,0.1774,-0.2434,0,-0.2489,0.9193,-0.305,0,0.1697,0.3514,0.9207,0,29.6649,0,0,1]},
{"frame":8,"values":[0.9787,0.1606,-0.128,0,-0.1806,0.9697,-0.1642,0,0.0978,0.1838,0.9781,0,29.6649,0,0,1]},
{"frame":9,"values":[0.9915,0.117,-0.0577,0,-0.1178,0.993,-0.0102,0,0.0561,0.0169,0.9983,0,29.6649,0,0,1]},
{"frame":10,"values":[0.9883,0.101,-0.1146,0,-0.0946,0.9937,0.06,0,0.1199,-0.0485,0.9916,0,29.6649,0,0,1]},
{"frame":11,"values":[0.9875,0.1379,-0.0759,0,-0.1351,0.99,0.0397,0,0.0807,-0.029,0.9963,0,29.6649,0,0,1]},
{"frame":12,"values":[0.97,0.2167,0.1098,0,-0.2166,0.9762,-0.0137,0,-0.1102,-0.0105,0.9939,0,29.6649,0,0,1]},
{"frame":13,"values":[0.9314,0.2235,0.2874,0,-0.215,0.9747,-0.0611,0,-0.2938,-0.0049,0.9559,0,29.6649,0,0,1]},
{"frame":14,"values":[0.922,0.1866,0.3392,0,-0.1175,0.9697,-0.2142,0,-0.3689,0.1576,0.916,0,29.6649,0,0,1]},
{"frame":15,"values":[0.9166,0.1515,0.37,0,-0.0391,0.955,-0.294,0,-0.3979,0.255,0.8813,0,29.6649,0,0,1]},
{"frame":16,"values":[0.9227,-0.0241,0.3847,0,0.0824,0.9873,-0.1358,0,-0.3766,0.157,0.913,0,29.6649,0,0,1]},
{"frame":17,"values":[0.9622,-0.1839,0.2008,0,0.1712,0.9821,0.0786,0,-0.2117,-0.0413,0.9765,0,29.6649,0,0,1]},
{"frame":18,"values":[0.9826,-0.1489,0.1106,0,0.1215,0.9673,0.2228,0,-0.1401,-0.2055,0.9686,0,29.6649,0,0,1]}],"loopBehavior":1,"name":"anim","property":"_matrix"}},
{"name":"LeftHandThumb1","index":11,"matrix":[0.9842,0.1667,0.0591,0,-0.1756,0.9609,0.2143,0,-0.021,-0.2212,0.975,0,6.1321,-4.043,2.9242,1],"rest":[1,-0.0003,-0.0002,0,0.0003,1,0.0003,0,0.0002,-0.0003,1,0,6.1321,-4.043,2.9242,1],"parentBoneIndex":10,"length":2.3395
,"animation":{"dataType":3,"framePerSecond":24,"keys":[
{"frame":1,"values":[0.9842,0.1667,0.0591,0,-0.1756,0.9609,0.2143,0,-0.021,-0.2212,0.975,0,6.1321,-4.043,2.9242,1]},
{"frame":10,"values":[0.9842,0.1667,0.0591,0,-0.1756,0.9609,0.2142,0,-0.0211,-0.2212,0.975,0,6.1321,-4.043,2.9242,1]},
{"frame":11,"values":[0.9843,0.1656,0.061,0,-0.1749,0.9612,0.2134,0,-0.0233,-0.2207,0.9751,0,6.1321,-4.043,2.9242,1]},
{"frame":12,"values":[0.9844,0.1635,0.0646,0,-0.1736,0.9618,0.2117,0,-0.0275,-0.2196,0.9752,0,6.1321,-4.043,2.9242,1]},
{"frame":13,"values":[0.9845,0.1614,0.0681,0,-0.1723,0.9624,0.21,0,-0.0316,-0.2185,0.9753,0,6.1321,-4.043,2.9242,1]},
{"frame":14,"values":[0.9846,0.1605,0.0695,0,-0.1718,0.9626,0.2094,0,-0.0333,-0.2181,0.9754,0,6.1321,-4.043,2.9242,1]},
{"frame":15,"values":[0.9845,0.1616,0.0678,0,-0.1724,0.9623,0.2102,0,-0.0313,-0.2186,0.9753,0,6.1321,-4.043,2.9242,1]},
{"frame":16,"values":[0.9844,0.1637,0.0642,0,-0.1737,0.9617,0.2118,0,-0.0271,-0.2197,0.9752,0,6.1321,-4.043,2.9242,1]},
{"frame":17,"values":[0.9843,0.1658,0.0607,0,-0.175,0.9611,0.2135,0,-0.023,-0.2208,0.9751,0,6.1321,-4.043,2.9242,1]},
{"frame":18,"values":[0.9842,0.1667,0.0591,0,-0.1756,0.9609,0.2143,0,-0.021,-0.2212,0.975,0,6.1321,-4.043,2.9242,1]}],"loopBehavior":1,"name":"anim","property":"_matrix"}},
{"name":"LeftHandThumb2","index":12,"matrix":[0.9477,0.1233,-0.2944,0,-0.0976,0.9901,0.1004,0,0.3039,-0.0664,0.9504,0,1.8122,-1.0462,1.0462,1],"rest":[1,0,0,0,0,1,0,0,0,0,1,0,1.8122,-1.0462,1.0462,1],"parentBoneIndex":11,"length":1.5944
,"animation":{"dataType":3,"framePerSecond":24,"keys":[
{"frame":1,"values":[0.9477,0.1233,-0.2944,0,-0.0976,0.9901,0.1004,0,0.3039,-0.0664,0.9504,0,1.8122,-1.0462,1.0462,1]},
{"frame":2,"values":[0.9561,0.2055,-0.2088,0,-0.1927,0.978,0.0802,0,0.2207,-0.0365,0.9747,0,1.8122,-1.0462,1.0462,1]},
{"frame":3,"values":[0.9499,0.2801,-0.1386,0,-0.276,0.96,0.0478,0,0.1464,-0.0071,0.9892,0,1.8122,-1.0462,1.0462,1]},
{"frame":4,"values":[0.9378,0.3347,-0.0926,0,-0.3358,0.9419,0.0035,0,0.0884,0.0278,0.9957,0,1.8122,-1.0462,1.0462,1]},
{"frame":5,"values":[0.9296,0.3614,-0.0723,0,-0.3649,0.9301,-0.0427,0,0.0519,0.0661,0.9965,0,1.8122,-1.0462,1.0462,1]},
{"frame":6,"values":[0.9348,0.3448,-0.0859,0,-0.3509,0.9337,-0.0712,0,0.0557,0.0967,0.9938,0,1.8122,-1.0462,1.0462,1]},
{"frame":7,"values":[0.9576,0.2352,-0.1664,0,-0.2486,0.9664,-0.0646,0,0.1456,0.1033,0.9839,0,1.8122,-1.0462,1.0462,1]},
{"frame":8,"values":[0.9632,0.1549,-0.2195,0,-0.1714,0.9835,-0.0584,0,0.2069,0.0939,0.9739,0,1.8122,-1.0462,1.0462,1]},
{"frame":9,"values":[0.9617,0.0962,-0.2566,0,-0.1123,0.9925,-0.0488,0,0.25,0.0757,0.9653,0,1.8122,-1.0462,1.0462,1]},
{"frame":10,"values":[0.9583,0.0686,-0.2775,0,-0.0811,0.9961,-0.0337,0,0.2742,0.0548,0.9601,0,1.8122,-1.0462,1.0462,1]},
{"frame":11,"values":[0.9554,0.0604,-0.2892,0,-0.0676,0.9976,-0.0151,0,0.2876,0.034,0.9572,0,1.8122,-1.0462,1.0462,1]},
{"frame":12,"values":[0.9542,0.0876,-0.2859,0,-0.0889,0.996,0.0083,0,0.2855,0.0175,0.9582,0,1.8122,-1.0462,1.0462,1]},
{"frame":13,"values":[0.9491,0.0158,-0.3147,0,-0.0115,0.9998,0.0155,0,0.3149,-0.0111,0.9491,0,1.8122,-1.0462,1.0462,1]},
{"frame":14,"values":[0.9417,-0.042,-0.3337,0,0.0521,0.9984,0.0216,0,0.3323,-0.0378,0.9424,0,1.8122,-1.0462,1.0462,1]},
{"frame":15,"values":[0.9516,0.067,-0.2998,0,-0.0535,0.9972,0.0531,0,0.3025,-0.0345,0.9525,0,1.8122,-1.0462,1.0462,1]},
{"frame":16,"values":[0.9513,0.0718,-0.2997,0,-0.0543,0.9963,0.0661,0,0.3034,-0.0466,0.9517,0,1.8122,-1.0462,1.0462,1]},
{"frame":17,"values":[0.9508,0.1031,-0.2923,0,-0.0821,0.9931,0.0834,0,0.2989,-0.0553,0.9527,0,1.8122,-1.0462,1.0462,1]},
{"frame":18,"values":[0.9477,0.1233,-0.2944,0,-0.0976,0.9901,0.1004,0,0.3039,-0.0664,0.9504,0,1.8122,-1.0462,1.0462,1]}],"loopBehavior":1,"name":"anim","property":"_matrix"}},
{"name":"LeftHandThumb3","index":13,"matrix":[0.9901,-0.0607,0.1263,0,0.0652,0.9974,-0.0319,0,-0.124,0.0399,0.9915,0,1.2351,-0.713,0.713,1],"rest":[1,0.0001,-0.0001,0,-0.0001,1,0,0,0.0001,0,1,0,1.2351,-0.713,0.713,1],"parentBoneIndex":12,"length":2.5475
,"animation":{"dataType":3,"framePerSecond":24,"keys":[
{"frame":1,"values":[0.9901,-0.0607,0.1263,0,0.0652,0.9974,-0.0319,0,-0.124,0.0399,0.9915,0,1.2351,-0.713,0.713,1]},
{"frame":2,"values":[0.9797,-0.0354,0.1972,0,0.0331,0.9993,0.0146,0,-0.1976,-0.0078,0.9803,0,1.2351,-0.713,0.713,1]},
{"frame":3,"values":[0.9686,-0.0444,0.2445,0,0.0297,0.9975,0.0635,0,-0.2467,-0.0542,0.9676,0,1.2351,-0.713,0.713,1]},
{"frame":4,"values":[0.9627,-0.0694,0.2615,0,0.042,0.9932,0.1086,0,-0.2673,-0.0936,0.9591,0,1.2351,-0.713,0.713,1]},
{"frame":5,"values":[0.9645,-0.0884,0.2487,0,0.0593,0.9907,0.1223,0,-0.2572,-0.1032,0.9608,0,1.2351,-0.713,0.713,1]},
{"frame":6,"values":[0.9725,-0.1006,0.2101,0,0.0745,0.9889,0.1288,0,-0.2207,-0.1096,0.9692,0,1.2351,-0.713,0.713,1]},
{"frame":7,"values":[0.9842,-0.0771,0.1597,0,0.0549,0.9888,0.1389,0,-0.1686,-0.1279,0.9774,0,1.2351,-0.713,0.713,1]},
{"frame":8,"values":[0.9898,-0.0298,0.1395,0,0.0111,0.9911,0.1329,0,-0.1422,-0.13,0.9813,0,1.2351,-0.713,0.713,1]},
{"frame":9,"values":[0.9963,-0.0022,0.0864,0,-0.0071,0.9942,0.1075,0,-0.0862,-0.1077,0.9904,0,1.2351,-0.713,0.713,1]},
{"frame":10,"values":[0.9972,0.0324,0.0681,0,-0.0384,0.9952,0.0895,0,-0.0649,-0.0918,0.9937,0,1.2351,-0.713,0.713,1]},
{"frame":11,"values":[0.993,0.1004,0.0616,0,-0.1048,0.9918,0.0728,0,-0.0538,-0.0788,0.9954,0,1.2351,-0.713,0.713,1]},
{"frame":12,"values":[0.9936,0.0948,0.0619,0,-0.0989,0.9929,0.0655,0,-0.0552,-0.0712,0.9959,0,1.2351,-0.713,0.713,1]},
{"frame":13,"values":[0.9951,0.0888,0.0436,0,-0.091,0.9945,0.0509,0,-0.0389,-0.0547,0.9977,0,1.2351,-0.713,0.713,1]},
{"frame":14,"values":[0.9924,0.1222,0.016,0,-0.1226,0.9921,0.0267,0,-0.0127,-0.0285,0.9995,0,1.2351,-0.713,0.713,1]},
{"frame":15,"values":[0.9884,-0.0378,0.1469,0,0.0323,0.9987,0.0394,0,-0.1482,-0.0342,0.9884,0,1.2351,-0.713,0.713,1]},
{"frame":16,"values":[0.9828,-0.0526,0.1772,0,0.0497,0.9986,0.0203,0,-0.178,-0.0112,0.984,0,1.2351,-0.713,0.713,1]},
{"frame":17,"values":[0.9822,-0.0632,0.1768,0,0.0648,0.9979,-0.0032,0,-0.1762,0.0146,0.9842,0,1.2351,-0.713,0.713,1]},
{"frame":18,"values":[0.9901,-0.0607,0.1263,0,0.0652,0.9974,-0.0319,0,-0.124,0.0399,0.9915,0,1.2351,-0.713,0.713,1]}],"loopBehavior":1,"name":"anim","property":"_matrix"}},
{"name":"LeftHandThumb4","index":14,"matrix":[1,0,0,0,0,1,0,0,0,0,1,0,1.9732,-1.1393,1.1393,1],"rest":[1,0,0,0,0,1,0,0,0,0,1,0,1.9732,-1.1393,1.1393,1],"parentBoneIndex":13,"length":2.5475
,"animation":{"dataType":3,"framePerSecond":24,"keys":[
{"frame":1,"values":[1,0,0,0,0,1,0,0,0,0,1,0,1.9732,-1.1393,1.1393,1]},
{"frame":18,"values":[1,0,0,0,0,1,0,0,0,0,1,0,1.9732,-1.1393,1.1393,1]}],"loopBehavior":1,"name":"anim","property":"_matrix"}},
{"name":"LeftHandIndex1","index":15,"matrix":[0.0703,-0.9906,-0.1172,0,0.9781,0.0915,-0.187,0,0.196,-0.1015,0.9753,0,13.2426,-0.3099,2.8565,1],"rest":[1,0,0,0,0,1,0,0,0,0,1,0,13.2426,-0.3099,2.8565,1],"parentBoneIndex":10,"length":2.1974
,"animation":{"dataType":3,"framePerSecond":24,"keys":[
{"frame":1,"values":[0.0703,-0.9906,-0.1172,0,0.9781,0.0915,-0.187,0,0.196,-0.1015,0.9753,0,13.2426,-0.3099,2.8565,1]},
{"frame":2,"values":[0.3227,-0.9382,-0.1253,0,0.9279,0.3397,-0.1539,0,0.187,-0.0666,0.9801,0,13.2426,-0.3099,2.8565,1]},
{"frame":3,"values":[0.5197,-0.8453,-0.1237,0,0.8374,0.5327,-0.122,0,0.169,-0.0402,0.9848,0,13.2426,-0.3099,2.8565,1]},
{"frame":4,"values":[0.6512,-0.7497,-0.1178,0,0.7442,0.6613,-0.0946,0,0.1489,-0.0261,0.9885,0,13.2426,-0.3099,2.8565,1]},
{"frame":5,"values":[0.7228,-0.6817,-0.113,0,0.6779,0.7313,-0.075,0,0.1338,-0.0224,0.9908,0,13.2426,-0.3099,2.8565,1]},
{"frame":6,"values":[0.7235,-0.6809,-0.1133,0,0.6777,0.7319,-0.0705,0,0.131,-0.0258,0.991,0,13.2426,-0.3099,2.8565,1]},
{"frame":7,"values":[0.6374,-0.7594,-0.1308,0,0.7541,0.6496,-0.0967,0,0.1584,-0.037,0.9867,0,13.2426,-0.3099,2.8565,1]},
{"frame":8,"values":[0.6065,-0.7825,-0.1408,0,0.776,0.6212,-0.1094,0,0.1731,-0.0429,0.984,0,13.2426,-0.3099,2.8565,1]},
{"frame":9,"values":[0.4518,-0.8804,-0.1443,0,0.8721,0.4699,-0.1367,0,0.1882,-0.0641,0.98,0,13.2426,-0.3099,2.8565,1]},
{"frame":10,"values":[0.3852,-0.9124,-0.1385,0,0.9033,0.4035,-0.1459,0,0.189,-0.0689,0.9796,0,13.2426,-0.3099,2.8565,1]},
{"frame":11,"values":[0.3384,-0.9344,-0.1115,0,0.9281,0.3509,-0.1244,0,0.1554,-0.0614,0.9859,0,13.2426,-0.3099,2.8565,1]},
{"frame":12,"values":[0.2399,-0.9682,-0.071,0,0.9645,0.246,-0.0963,0,0.1107,-0.0454,0.9928,0,13.2426,-0.3099,2.8565,1]},
{"frame":13,"values":[0.1067,-0.9931,-0.0477,0,0.9893,0.1108,-0.0945,0,0.0991,-0.0371,0.9944,0,13.2426,-0.3099,2.8565,1]},
{"frame":14,"values":[0.0729,-0.9953,-0.0631,0,0.9899,0.08,-0.1169,0,0.1215,-0.0539,0.9911,0,13.2426,-0.3099,2.8565,1]},
{"frame":15,"values":[-0.0645,-0.9886,-0.136,0,0.9801,-0.0372,-0.195,0,0.1877,-0.1459,0.9713,0,13.2426,-0.3099,2.8565,1]},
{"frame":16,"values":[-0.0459,-0.987,-0.1542,0,0.9801,-0.0147,-0.1977,0,0.1929,-0.1603,0.968,0,13.2426,-0.3099,2.8565,1]},
{"frame":17,"values":[0.0517,-0.9886,-0.1413,0,0.979,0.0781,-0.1883,0,0.1972,-0.1286,0.9719,0,13.2426,-0.3099,2.8565,1]},
{"frame":18,"values":[0.0703,-0.9906,-0.1172,0,0.9781,0.0915,-0.1871,0,0.196,-0.1015,0.9753,0,13.2426,-0.3099,2.8565,1]}],"loopBehavior":1,"name":"anim","property":"_matrix"}},
{"name":"LeftHandIndex2","index":16,"matrix":[0.3712,-0.9232,-0.0995,0,0.9223,0.379,-0.0758,0,0.1077,-0.0636,0.9921,0,2.1974,0.0001,0,1],"rest":[1,0,-0.0001,0,0,1,0,0,0.0001,0,1,0,2.1974,0.0001,0,1],"parentBoneIndex":15,"length":1.5095
,"animation":{"dataType":3,"framePerSecond":24,"keys":[
{"frame":1,"values":[0.3712,-0.9232,-0.0995,0,0.9223,0.379,-0.0758,0,0.1077,-0.0636,0.9921,0,2.1974,0.0001,0,1]},
{"frame":2,"values":[0.5129,-0.8533,-0.0943,0,0.8525,0.5192,-0.0606,0,0.1006,-0.0493,0.9937,0,2.1974,0.0001,0,1]},
{"frame":3,"values":[0.6018,-0.7937,-0.0894,0,0.7931,0.607,-0.0508,0,0.0946,-0.0404,0.9947,0,2.1974,0.0001,0,1]},
{"frame":4,"values":[0.6477,-0.7569,-0.0863,0,0.7564,0.6525,-0.0456,0,0.0908,-0.0357,0.9952,0,2.1974,0.0001,0,1]},
{"frame":5,"values":[0.6625,-0.7442,-0.0852,0,0.7437,0.6671,-0.044,0,0.0896,-0.0343,0.9954,0,2.1974,0.0001,0,1]},
{"frame":6,"values":[0.6432,-0.7608,-0.0866,0,0.7603,0.648,-0.0461,0,0.0912,-0.0362,0.9952,0,2.1974,0.0001,0,1]},
{"frame":7,"values":[0.604,-0.792,-0.0893,0,0.7914,0.6092,-0.0505,0,0.0944,-0.0401,0.9947,0,2.1974,0.0001,0,1]},
{"frame":8,"values":[0.5884,-0.8035,-0.0902,0,0.8029,0.5939,-0.0522,0,0.0956,-0.0417,0.9945,0,2.1974,0.0001,0,1]},
{"frame":9,"values":[0.5379,-0.8379,-0.0931,0,0.8372,0.5439,-0.0578,0,0.0991,-0.0468,0.994,0,2.1974,0.0001,0,1]},
{"frame":10,"values":[0.5152,-0.8519,-0.0942,0,0.8511,0.5215,-0.0603,0,0.1005,-0.0491,0.9937,0,2.1974,0.0001,0,1]},
{"frame":11,"values":[0.4806,-0.8717,-0.0957,0,0.8709,0.4872,-0.0641,0,0.1025,-0.0526,0.9933,0,2.1974,0.0001,0,1]},
{"frame":12,"values":[0.4662,-0.8794,-0.0963,0,0.8786,0.473,-0.0656,0,0.1033,-0.054,0.9932,0,2.1974,0.0001,0,1]},
{"frame":13,"values":[0.4863,-0.8686,-0.0955,0,0.8678,0.4928,-0.0635,0,0.1022,-0.052,0.9934,0,2.1974,0.0001,0,1]},
{"frame":14,"values":[0.5174,-0.8505,-0.0941,0,0.8498,0.5236,-0.0601,0,0.1003,-0.0489,0.9938,0,2.1974,0.0001,0,1]},
{"frame":15,"values":[0.5423,-0.835,-0.0928,0,0.8343,0.5483,-0.0573,0,0.0988,-0.0464,0.994,0,2.1974,0.0001,0,1]},
{"frame":16,"values":[0.5289,-0.8435,-0.0935,0,0.8428,0.535,-0.0588,0,0.0996,-0.0477,0.9939,0,2.1974,0.0001,0,1]},
{"frame":17,"values":[0.458,-0.8837,-0.0966,0,0.8829,0.4648,-0.0665,0,0.1037,-0.0548,0.9931,0,2.1974,0.0001,0,1]},
{"frame":18,"values":[0.3712,-0.9232,-0.0995,0,0.9223,0.379,-0.0758,0,0.1077,-0.0636,0.9921,0,2.1974,0.0001,0,1]}],"loopBehavior":1,"name":"anim","property":"_matrix"}},
{"name":"LeftHandIndex3","index":17,"matrix":[0.5279,-0.8481,-0.0449,0,0.8469,0.5297,-0.0469,0,0.0636,-0.0133,0.9979,0,1.5095,0,0.0001,1],"rest":[0.9979,-0.0563,0.032,0,0.0563,0.9984,0.0009,0,-0.032,0.0009,0.9995,0,1.5095,0,0.0001,1],"parentBoneIndex":16,"length":1.6331
,"animation":{"dataType":3,"framePerSecond":24,"keys":[
{"frame":1,"values":[0.5279,-0.8481,-0.0449,0,0.8469,0.5297,-0.0469,0,0.0636,-0.0133,0.9979,0,1.5095,0,0.0001,1]},
{"frame":2,"values":[0.655,-0.7548,-0.0354,0,0.754,0.656,-0.034,0,0.0489,-0.0044,0.9988,0,1.5095,0,0.0001,1]},
{"frame":3,"values":[0.7319,-0.6808,-0.0279,0,0.6803,0.7325,-0.0263,0,0.0383,0.0002,0.9993,0,1.5095,0,0.0001,1]},
{"frame":4,"values":[0.7707,-0.6368,-0.0234,0,0.6364,0.771,-0.0223,0,0.0323,0.0023,0.9995,0,1.5095,0,0.0001,1]},
{"frame":5,"values":[0.7829,-0.6217,-0.0219,0,0.6214,0.7832,-0.0211,0,0.0302,0.0029,0.9995,0,1.5095,0,0.0001,1]},
{"frame":6,"values":[0.7668,-0.6414,-0.0239,0,0.641,0.7672,-0.0227,0,0.0329,0.0021,0.9995,0,1.5095,0,0.0001,1]},
{"frame":7,"values":[0.7337,-0.6789,-0.0277,0,0.6784,0.7343,-0.0261,0,0.038,0.0003,0.9993,0,1.5095,0,0.0001,1]},
{"frame":8,"values":[0.7205,-0.6929,-0.0291,0,0.6923,0.7211,-0.0274,0,0.04,-0.0004,0.9992,0,1.5095,0,0.0001,1]},
{"frame":9,"values":[0.6769,-0.7353,-0.0335,0,0.7347,0.6777,-0.0318,0,0.0461,-0.003,0.9989,0,1.5095,0,0.0001,1]},
{"frame":10,"values":[0.657,-0.7531,-0.0353,0,0.7523,0.6579,-0.0338,0,0.0487,-0.0043,0.9988,0,1.5095,0,0.0001,1]},
{"frame":11,"values":[0.6263,-0.7787,-0.0379,0,0.7778,0.6274,-0.0369,0,0.0525,-0.0063,0.9986,0,1.5095,0,0.0001,1]},
{"frame":12,"values":[0.6133,-0.7889,-0.0389,0,0.788,0.6145,-0.0382,0,0.0541,-0.0072,0.9985,0,1.5095,0,0.0001,1]},
{"frame":13,"values":[0.6311,-0.7748,-0.0375,0,0.774,0.6322,-0.0365,0,0.0519,-0.006,0.9986,0,1.5095,0,0.0001,1]},
{"frame":14,"values":[0.6585,-0.7517,-0.0351,0,0.751,0.6594,-0.0337,0,0.0485,-0.0042,0.9988,0,1.5095,0,0.0001,1]},
{"frame":15,"values":[0.6824,-0.7302,-0.0329,0,0.7295,0.6832,-0.0313,0,0.0453,-0.0027,0.999,0,1.5095,0,0.0001,1]},
