{"producer":{"name":"Blender","version":"2.90.0","exporter_version":"6.4.4","file":"runstraferight_riffle.babylon"},
"autoClear":true,"clearColor":[0.0509,0.0509,0.0509],"gravity":[0,-9.81,0],
"materials":[{"name":"Material","id":"Material","customType":"BABYLON.PBRMaterial","backFaceCulling":true,"checkReadyOnlyOnce":false,"maxSimultaneousLights":4,"environmentIntensity":1,"albedo":[0.8,0.8,0.8],"reflectivity":[0.5,0.5,0.5],"roughness":0.4,"alpha":1,"transparencyMode":0,"alphaCutOff":0.4,"metallic":0}],
"multiMaterials":[],
"skeletons":[{"name":"Armature","id":0,"dimensionsAtRest":[192.3395,226.9932,28.649],"bones":[
{"name":"Hips","index":0,"matrix":[0.3068,0.1442,-0.9408,0,-0.093,0.9883,0.1212,0,-0.9472,-0.0503,-0.3166,0,-0.7434,99.1464,-0.7389,1],"rest":[1,0,0,0,0,1,0,0,0,0,-1,0,0,114.0532,0,1],"parentBoneIndex":-1,"length":12.7599
,"animation":{"dataType":3,"framePerSecond":24,"keys":[
{"frame":1,"values":[0.3068,0.1442,-0.9408,0,-0.093,0.9883,0.1212,0,-0.9472,-0.0503,-0.3166,0,-0.7434,99.1464,-0.7389,1]},
{"frame":2,"values":[0.3811,0.1801,-0.9068,0,-0.1508,0.9798,0.1313,0,-0.9122,-0.0867,-0.4005,0,-3.3405,103.3287,1.6374,1]},
{"frame":3,"values":[0.4324,0.1999,-0.8792,0,-0.2024,0.9718,0.1214,0,-0.8787,-0.1255,-0.4607,0,-3.7854,105.1362,3.2733,1]},
{"frame":4,"values":[0.446,0.137,-0.8845,0,-0.1691,0.9833,0.0671,0,-0.8789,-0.1196,-0.4617,0,-2.7105,105.1969,3.469,1]},
{"frame":5,"values":[0.4694,0.0866,-0.8787,0,-0.1015,0.9939,0.0437,0,-0.8771,-0.0686,-0.4753,0,-2.468,100.451,3.3587,1]},
{"frame":6,"values":[0.5096,0.0821,-0.8565,0,-0.0488,0.9966,0.0666,0,-0.859,-0.0079,-0.5119,0,-0.2328,97.6049,2.8365,1]},
{"frame":7,"values":[0.4877,0.017,-0.8729,0,-0.0824,0.9962,-0.0267,0,-0.8691,-0.0849,-0.4873,0,0.5875,99.8205,2.2571,1]},
{"frame":8,"values":[0.4145,-0.0071,-0.91,0,-0.1425,0.9871,-0.0726,0,-0.8988,-0.1598,-0.4081,0,-0.7111,103.7321,0.6973,1]},
{"frame":9,"values":[0.3049,0.0383,-0.9516,0,-0.1805,0.9834,-0.0183,0,-0.9351,-0.1774,-0.3067,0,-1.686,105.4238,-1.2681,1]},
{"frame":10,"values":[0.2624,0.0368,-0.9643,0,-0.15,0.9887,-0.0031,0,-0.9532,-0.1455,-0.2649,0,-1.159,104.73,-2.4764,1]},
{"frame":11,"values":[0.2555,0.0325,-0.9663,0,-0.0995,0.995,0.0072,0,-0.9617,-0.0943,-0.2574,0,-1.8979,100.841,-3.0965,1]},
{"frame":12,"values":[0.2626,0.0756,-0.9619,0,-0.08,0.9952,0.0563,0,-0.9616,-0.0622,-0.2674,0,-0.6376,97.4894,-2.6471,1]},
{"frame":13,"values":[0.3068,0.1441,-0.9408,0,-0.0929,0.9883,0.1211,0,-0.9472,-0.0503,-0.3166,0,-0.7453,99.1553,-0.7388,1]}],"loopBehavior":1,"name":"anim","property":"_matrix"}},
{"name":"Spine","index":1,"matrix":[0.9978,-0.0528,-0.041,0,0.0591,0.9832,0.173,0,0.0312,-0.175,0.9841,0,-0.0057,10.8958,-1.2787,1],"rest":[1,0,0,0,0,1,0,0,0,0,1,0,-0.0057,10.8958,-1.2787,1],"parentBoneIndex":0,"length":12.7989
,"animation":{"dataType":3,"framePerSecond":24,"keys":[
{"frame":1,"values":[0.9978,-0.0528,-0.041,0,0.0591,0.9832,0.173,0,0.0312,-0.175,0.9841,0,-0.0057,10.8958,-1.2787,1]},
{"frame":2,"values":[0.9975,-0.0505,-0.0493,0,0.0585,0.9825,0.177,0,0.0395,-0.1795,0.983,0,-0.0057,10.8958,-1.2787,1]},
{"frame":3,"values":[0.9977,-0.0431,-0.053,0,0.0514,0.9847,0.1663,0,0.045,-0.1686,0.9847,0,-0.0057,10.8958,-1.2787,1]},
{"frame":4,"values":[0.9986,0.0286,-0.0446,0,-0.0225,0.9909,0.1324,0,0.048,-0.1312,0.9902,0,-0.0057,10.8958,-1.2787,1]},
{"frame":5,"values":[0.9987,0.0341,-0.0374,0,-0.028,0.9878,0.1533,0,0.0422,-0.152,0.9875,0,-0.0057,10.8958,-1.2787,1]},
{"frame":6,"values":[0.9997,-0.0074,-0.0233,0,0.012,0.9791,0.2029,0,0.0213,-0.2031,0.9789,0,-0.0057,10.8958,-1.2787,1]},
{"frame":7,"values":[0.9982,0.0586,0.008,0,-0.0591,0.9894,0.1328,0,-0.0002,-0.133,0.9911,0,-0.0057,10.8958,-1.2787,1]},
{"frame":8,"values":[0.9941,0.107,0.016,0,-0.108,0.9903,0.0872,0,-0.0065,-0.0884,0.9961,0,-0.0057,10.8958,-1.2787,1]},
{"frame":9,"values":[0.9999,0.0137,0.0006,0,-0.0136,0.9929,0.1183,0,0.001,-0.1183,0.993,0,-0.0057,10.8958,-1.2787,1]},
{"frame":10,"values":[0.9999,-0.01,-0.0127,0,0.0117,0.9891,0.1465,0,0.0111,-0.1466,0.9891,0,-0.0057,10.8958,-1.2787,1]},
{"frame":11,"values":[0.9998,-0.0008,-0.0203,0,0.004,0.9869,0.1613,0,0.0199,-0.1613,0.9867,0,-0.0057,10.8958,-1.2787,1]},
{"frame":12,"values":[0.9992,-0.0211,-0.034,0,0.0265,0.9855,0.1674,0,0.0299,-0.1682,0.9853,0,-0.0057,10.8958,-1.2787,1]},
{"frame":13,"values":[0.9978,-0.0527,-0.041,0,0.059,0.9831,0.1731,0,0.0312,-0.1751,0.9841,0,-0.0057,10.8958,-1.2787,1]}],"loopBehavior":1,"name":"anim","property":"_matrix"}},
{"name":"Spine1","index":2,"matrix":[0.9963,-0.0318,-0.0795,0,0.0447,0.985,0.1666,0,0.073,-0.1695,0.9828,0,-0.0066,12.7117,-1.4918,1],"rest":[1,0,0,0,0,1,0,0,0,0,1,0,-0.0066,12.7117,-1.4918,1],"parentBoneIndex":1,"length":14.6274
,"animation":{"dataType":3,"framePerSecond":24,"keys":[
{"frame":1,"values":[0.9963,-0.0318,-0.0795,0,0.0447,0.985,0.1666,0,0.073,-0.1695,0.9828,0,-0.0066,12.7117,-1.4918,1]},
{"frame":2,"values":[0.993,-0.0717,-0.0935,0,0.0857,0.9842,0.155,0,0.081,-0.1619,0.9835,0,-0.0066,12.7117,-1.4918,1]},
{"frame":3,"values":[0.9896,-0.0972,-0.1063,0,0.1124,0.9826,0.1481,0,0.09,-0.1585,0.9833,0,-0.0066,12.7117,-1.4918,1]},
{"frame":4,"values":[0.9882,-0.1115,-0.1051,0,0.1283,0.9771,0.1698,0,0.0838,-0.1812,0.9799,0,-0.0066,12.7117,-1.4918,1]},
{"frame":5,"values":[0.9942,-0.066,-0.0852,0,0.0808,0.9795,0.1845,0,0.0712,-0.1903,0.9791,0,-0.0066,12.7117,-1.4918,1]},
{"frame":6,"values":[0.9988,-0.0136,-0.0465,0,0.0224,0.9808,0.1939,0,0.0429,-0.1947,0.9799,0,-0.0066,12.7117,-1.4918,1]},
{"frame":7,"values":[0.9992,-0.0387,-0.002,0,0.0385,0.9857,0.1638,0,-0.0043,-0.1637,0.9865,0,-0.0066,12.7117,-1.4918,1]},
{"frame":8,"values":[0.9976,-0.0687,0.0104,0,0.0664,0.9872,0.1451,0,-0.0203,-0.144,0.9894,0,-0.0066,12.7117,-1.4918,1]},
{"frame":9,"values":[0.9994,-0.0327,-0.0104,0,0.0338,0.992,0.1219,0,0.0064,-0.1222,0.9925,0,-0.0066,12.7117,-1.4918,1]},
{"frame":10,"values":[0.9993,-0.0077,-0.0357,0,0.0128,0.9895,0.1437,0,0.0342,-0.1441,0.989,0,-0.0066,12.7117,-1.4918,1]},
{"frame":11,"values":[0.9985,0.0113,-0.0527,0,-0.0024,0.9863,0.1652,0,0.0538,-0.1649,0.9848,0,-0.0066,12.7117,-1.4918,1]},
{"frame":12,"values":[0.9978,0.0012,-0.0656,0,0.0099,0.9857,0.168,0,0.0649,-0.1683,0.9836,0,-0.0066,12.7117,-1.4918,1]},
{"frame":13,"values":[0.9963,-0.0318,-0.0794,0,0.0447,0.985,0.1664,0,0.0729,-0.1694,0.9829,0,-0.0066,12.7117,-1.4918,1]}],"loopBehavior":1,"name":"anim","property":"_matrix"}},
{"name":"Spine2","index":3,"matrix":[0.9965,-0.0214,-0.0812,0,0.0349,0.9851,0.1684,0,0.0764,-0.1707,0.9824,0,-0.0076,14.5277,-1.7049,1],"rest":[1,0,0,0,0,1,0,0,0,0,1,0,-0.0076,14.5277,-1.7049,1],"parentBoneIndex":2,"length":15.4825
,"animation":{"dataType":3,"framePerSecond":24,"keys":[
{"frame":1,"values":[0.9965,-0.0214,-0.0812,0,0.0349,0.9851,0.1684,0,0.0764,-0.1707,0.9824,0,-0.0076,14.5277,-1.7049,1]},
{"frame":2,"values":[0.9937,-0.0581,-0.0958,0,0.0727,0.9849,0.1573,0,0.0852,-0.1633,0.9829,0,-0.0076,14.5277,-1.7049,1]},
{"frame":3,"values":[0.9903,-0.09,-0.1061,0,0.1056,0.9828,0.1515,0,0.0906,-0.1612,0.9827,0,-0.0076,14.5277,-1.7049,1]},
{"frame":4,"values":[0.9895,-0.1035,-0.1009,0,0.1203,0.9768,0.1769,0,0.0802,-0.1872,0.979,0,-0.0076,14.5277,-1.7049,1]},
{"frame":5,"values":[0.995,-0.0598,-0.0803,0,0.0742,0.9791,0.1895,0,0.0673,-0.1945,0.9786,0,-0.0076,14.5277,-1.7049,1]},
{"frame":6,"values":[0.9988,-0.0094,-0.047,0,0.0184,0.9808,0.1944,0,0.0443,-0.195,0.9798,0,-0.0076,14.5277,-1.7049,1]},
{"frame":7,"values":[0.9994,-0.0346,0.0017,0,0.0338,0.9859,0.164,0,-0.0073,-0.1639,0.9865,0,-0.0076,14.5277,-1.7049,1]},
{"frame":8,"values":[0.9976,-0.0683,0.0145,0,0.0655,0.9873,0.1449,0,-0.0243,-0.1436,0.9893,0,-0.0076,14.5277,-1.7049,1]},
{"frame":9,"values":[0.9994,-0.0325,-0.0115,0,0.0336,0.9919,0.1224,0,0.0074,-0.1228,0.9924,0,-0.0076,14.5277,-1.7049,1]},
{"frame":10,"values":[0.9993,-0.0038,-0.0364,0,0.009,0.9896,0.1437,0,0.0354,-0.1439,0.989,0,-0.0076,14.5277,-1.7049,1]},
{"frame":11,"values":[0.9985,0.0165,-0.0518,0,-0.0077,0.9863,0.1649,0,0.0538,-0.1643,0.9849,0,-0.0076,14.5277,-1.7049,1]},
{"frame":12,"values":[0.9978,0.0073,-0.066,0,0.0039,0.9856,0.1688,0,0.0663,-0.1687,0.9834,0,-0.0076,14.5277,-1.7049,1]},
{"frame":13,"values":[0.9965,-0.0214,-0.0812,0,0.0349,0.9851,0.1683,0,0.0764,-0.1705,0.9824,0,-0.0076,14.5277,-1.7049,1]}],"loopBehavior":1,"name":"anim","property":"_matrix"}},
{"name":"Neck","index":4,"matrix":[0.9918,-0.0287,-0.1249,0,0.0189,0.9967,-0.0788,0,0.1268,0.0758,0.989,0,-0.0085,16.3436,-1.918,1],"rest":[1,0,0,0,0,1,0,0,0,0,1,0,-0.0085,16.3436,-1.918,1],"parentBoneIndex":3,"length":7.7098
,"animation":{"dataType":3,"framePerSecond":24,"keys":[
{"frame":1,"values":[0.9918,-0.0287,-0.1249,0,0.0189,0.9967,-0.0788,0,0.1268,0.0758,0.989,0,-0.0085,16.3436,-1.918,1]},
{"frame":2,"values":[0.9922,-0.049,-0.1146,0,0.04,0.996,-0.0795,0,0.118,0.0743,0.9902,0,-0.0085,16.3436,-1.918,1]},
{"frame":3,"values":[0.9919,-0.0664,-0.1084,0,0.0588,0.9957,-0.0719,0,0.1127,0.065,0.9915,0,-0.0085,16.3436,-1.918,1]},
{"frame":4,"values":[0.9919,-0.0616,-0.1107,0,0.0554,0.9968,-0.0583,0,0.1139,0.0517,0.9921,0,-0.0085,16.3436,-1.918,1]},
{"frame":5,"values":[0.9929,-0.0427,-0.1112,0,0.0374,0.9981,-0.0492,0,0.113,0.0447,0.9926,0,-0.0085,16.3436,-1.918,1]},
{"frame":6,"values":[0.9941,-0.0278,-0.1046,0,0.0223,0.9983,-0.0535,0,0.1059,0.0509,0.9931,0,-0.0085,16.3436,-1.918,1]},
{"frame":7,"values":[0.993,-0.027,-0.1148,0,0.0211,0.9984,-0.0523,0,0.116,0.0495,0.992,0,-0.0085,16.3436,-1.918,1]},
{"frame":8,"values":[0.9904,-0.0417,-0.1321,0,0.0363,0.9984,-0.0433,0,0.1337,0.0381,0.9903,0,-0.0085,16.3436,-1.918,1]},
{"frame":9,"values":[0.9866,-0.0654,-0.1492,0,0.0612,0.9976,-0.0325,0,0.151,0.0229,0.9883,0,-0.0085,16.3436,-1.918,1]},
{"frame":10,"values":[0.9853,-0.0726,-0.1544,0,0.0692,0.9972,-0.0272,0,0.156,0.0161,0.9876,0,-0.0085,16.3436,-1.918,1]},
{"frame":11,"values":[0.9867,-0.0696,-0.147,0,0.0656,0.9974,-0.0313,0,0.1488,0.0212,0.9886,0,-0.0085,16.3436,-1.918,1]},
{"frame":12,"values":[0.9895,-0.0486,-0.1358,0,0.0408,0.9974,-0.059,0,0.1384,0.0528,0.989,0,-0.0085,16.3436,-1.918,1]},
{"frame":13,"values":[0.9918,-0.0287,-0.1249,0,0.0189,0.9967,-0.0788,0,0.1268,0.0757,0.989,0,-0.0085,16.3436,-1.918,1]}],"loopBehavior":1,"name":"anim","property":"_matrix"}},
{"name":"Head","index":5,"matrix":[0.7894,-0.2201,-0.5731,0,0.1972,0.975,-0.1029,0,0.5814,-0.0318,0.813,0,0,7.4726,1.8977,1],"rest":[1,0,0,0,0,1,0,0,0,0,1,0,0,7.4726,1.8977,1],"parentBoneIndex":4,"length":26.3062
,"animation":{"dataType":3,"framePerSecond":24,"keys":[
{"frame":1,"values":[0.7894,-0.2201,-0.5731,0,0.1972,0.975,-0.1029,0,0.5814,-0.0318,0.813,0,0,7.4726,1.8977,1]},
{"frame":2,"values":[0.8405,-0.1675,-0.5152,0,0.1374,0.9858,-0.0963,0,0.524,0.0102,0.8516,0,0,7.4726,1.8977,1]},
{"frame":3,"values":[0.8623,-0.1178,-0.4925,0,0.0867,0.9926,-0.0856,0,0.4989,0.0311,0.8661,0,0,7.4726,1.8977,1]},
{"frame":4,"values":[0.8407,-0.1066,-0.5309,0,0.0634,0.9931,-0.0991,0,0.5378,0.0496,0.8416,0,0,7.4726,1.8977,1]},
{"frame":5,"values":[0.8251,-0.14,-0.5473,0,0.0975,0.9896,-0.106,0,0.5565,0.0341,0.8302,0,0,7.4726,1.8977,1]},
{"frame":6,"values":[0.8315,-0.1834,-0.5244,0,0.1344,0.9823,-0.1306,0,0.539,0.0381,0.8414,0,0,7.4726,1.8977,1]},
{"frame":7,"values":[0.7969,-0.1186,-0.5923,0,0.0821,0.9927,-0.0883,0,0.5985,0.0217,0.8009,0,0,7.4726,1.8977,1]},
{"frame":8,"values":[0.7554,-0.1062,-0.6466,0,0.062,0.9939,-0.0908,0,0.6523,0.0285,0.7574,0,0,7.4726,1.8977,1]},
{"frame":9,"values":[0.7087,-0.1357,-0.6923,0,0.115,0.9904,-0.0764,0,0.6961,-0.0255,0.7175,0,0,7.4726,1.8977,1]},
{"frame":10,"values":[0.7,-0.2063,-0.6837,0,0.1718,0.9779,-0.1192,0,0.6931,-0.0341,0.72,0,0,7.4726,1.8977,1]},
{"frame":11,"values":[0.7193,-0.2177,-0.6597,0,0.2015,0.9742,-0.1018,0,0.6648,-0.0597,0.7446,0,0,7.4726,1.8977,1]},
{"frame":12,"values":[0.752,-0.2147,-0.6232,0,0.2052,0.9747,-0.0882,0,0.6264,-0.0615,0.777,0,0,7.4726,1.8977,1]},
{"frame":13,"values":[0.7894,-0.2202,-0.5731,0,0.1972,0.9749,-0.1029,0,0.5814,-0.0318,0.813,0,0,7.4726,1.8977,1]}],"loopBehavior":1,"name":"anim","property":"_matrix"}},
{"name":"HeadTop_End","index":6,"matrix":[1,0,0,0,0,1,0,0,0,0,1,0,0,25.4969,6.475,1],"rest":[1,0,0,0,0,1,0,0,0,0,1,0,0,25.4969,6.475,1],"parentBoneIndex":5,"length":26.3062
,"animation":{"dataType":3,"framePerSecond":24,"keys":[
{"frame":1,"values":[1,0,0,0,0,1,0,0,0,0,1,0,0,25.4969,6.475,1]},
{"frame":13,"values":[1,0,0,0,0,1,0,0,0,0,1,0,0,25.4969,6.475,1]}],"loopBehavior":1,"name":"anim","property":"_matrix"}},
{"name":"LeftShoulder","index":7,"matrix":[0.9657,-0.0256,0.2582,0,0.0017,0.9957,0.0924,0,-0.2595,-0.0888,0.9617,0,5.5507,13.7754,-1.9265,1],"rest":[1,-0.002,0,0,0.002,1,0,0,0,0,1,0,5.5507,13.7754,-1.9265,1],"parentBoneIndex":3,"length":12.2475
,"animation":{"dataType":3,"framePerSecond":24,"keys":[
{"frame":1,"values":[0.9657,-0.0256,0.2582,0,0.0017,0.9957,0.0924,0,-0.2595,-0.0888,0.9617,0,5.5507,13.7754,-1.9265,1]},
{"frame":2,"values":[0.9675,-0.045,0.2488,0,0.0233,0.9957,0.0894,0,-0.2517,-0.0807,0.9644,0,5.5507,13.7754,-1.9265,1]},
{"frame":3,"values":[0.9694,-0.0327,0.2432,0,0.0094,0.9953,0.0964,0,-0.2452,-0.0911,0.9652,0,5.5507,13.7754,-1.9265,1]},
{"frame":4,"values":[0.9642,-0.0426,0.2616,0,0.0165,0.9948,0.1009,0,-0.2646,-0.0929,0.9599,0,5.5507,13.7754,-1.9265,1]},
{"frame":5,"values":[0.9497,-0.0601,0.3072,0,0.03,0.9943,0.1019,0,-0.3116,-0.0876,0.9462,0,5.5507,13.7754,-1.9265,1]},
{"frame":6,"values":[0.9399,-0.0509,0.3377,0,0.0154,0.9941,0.1072,0,-0.3412,-0.0956,0.9351,0,5.5507,13.7754,-1.9265,1]},
{"frame":7,"values":[0.9378,-0.0296,0.3458,0,-0.0072,0.9945,0.1045,0,-0.347,-0.1005,0.9325,0,5.5507,13.7754,-1.9265,1]},
{"frame":8,"values":[0.9425,-0.0477,0.3308,0,0.0107,0.9936,0.1129,0,-0.3341,-0.1028,0.9369,0,5.5507,13.7754,-1.9265,1]},
{"frame":9,"values":[0.9364,-0.143,0.3205,0,0.1048,0.9855,0.1335,0,-0.3349,-0.0914,0.9378,0,5.5507,13.7754,-1.9265,1]},
{"frame":10,"values":[0.9315,-0.1938,0.3077,0,0.1587,0.978,0.1356,0,-0.3272,-0.0775,0.9418,0,5.5507,13.7754,-1.9265,1]},
{"frame":11,"values":[0.943,-0.1629,0.2903,0,0.1352,0.9843,0.1131,0,-0.3042,-0.0674,0.9502,0,5.5507,13.7754,-1.9265,1]},
{"frame":12,"values":[0.9605,-0.0538,0.2732,0,0.0271,0.9946,0.1006,0,-0.2771,-0.0892,0.9567,0,5.5507,13.7754,-1.9265,1]},
{"frame":13,"values":[0.9657,-0.0256,0.2582,0,0.0017,0.9957,0.0924,0,-0.2595,-0.0888,0.9617,0,5.5507,13.7754,-1.9265,1]}],"loopBehavior":1,"name":"anim","property":"_matrix"}},
{"name":"LeftArm","index":8,"matrix":[0.6893,-0.6291,0.3594,0,0.653,0.3245,-0.6843,0,0.3139,0.7063,0.6345,0,11.8394,-3.1354,-0.0171,1],"rest":[0.9973,-0.0184,0.0706,0,0.0183,0.9998,0.0011,0,-0.0707,0.0002,0.9975,0,11.8394,-3.1354,-0.0171,1],"parentBoneIndex":7,"length":29.2403
,"animation":{"dataType":3,"framePerSecond":24,"keys":[
{"frame":1,"values":[0.6893,-0.6291,0.3594,0,0.653,0.3245,-0.6843,0,0.3139,0.7063,0.6345,0,11.8394,-3.1354,-0.0171,1]},
{"frame":2,"values":[0.7283,-0.4764,0.4925,0,0.6722,0.3572,-0.6485,0,0.133,0.8034,0.5804,0,11.8394,-3.1354,-0.0171,1]},
{"frame":3,"values":[0.7182,-0.3754,0.5859,0,0.6958,0.3996,-0.5969,0,-0.01,0.8363,0.5482,0,11.8394,-3.1354,-0.0171,1]},
{"frame":4,"values":[0.7294,-0.3455,0.5905,0,0.6839,0.3911,-0.6159,0,-0.0182,0.853,0.5215,0,11.8394,-3.1354,-0.0171,1]},
{"frame":5,"values":[0.75,-0.3943,0.5311,0,0.6573,0.3542,-0.6652,0,0.0742,0.848,0.5248,0,11.8394,-3.1354,-0.0171,1]},
{"frame":6,"values":[0.7393,-0.4486,0.5022,0,0.6599,0.3343,-0.6729,0,0.134,0.8288,0.5432,0,11.8394,-3.1354,-0.0171,1]},
{"frame":7,"values":[0.7598,-0.5513,0.3447,0,0.5708,0.3117,-0.7596,0,0.3114,0.7739,0.5516,0,11.8394,-3.1354,-0.0171,1]},
{"frame":8,"values":[0.7492,-0.6263,0.2156,0,0.478,0.286,-0.8305,0,0.4584,0.7252,0.5137,0,11.8394,-3.1354,-0.0171,1]},
{"frame":9,"values":[0.7116,-0.6818,0.1693,0,0.4582,0.2678,-0.8475,0,0.5325,0.6807,0.503,0,11.8394,-3.1354,-0.0171,1]},
{"frame":10,"values":[0.6969,-0.6873,0.2049,0,0.5094,0.2732,-0.816,0,0.5049,0.673,0.5405,0,11.8394,-3.1354,-0.0171,1]},
{"frame":11,"values":[0.661,-0.7151,0.2272,0,0.5812,0.2966,-0.7578,0,0.4745,0.6329,0.6117,0,11.8394,-3.1354,-0.0171,1]},
{"frame":12,"values":[0.6355,-0.7288,0.2549,0,0.6403,0.313,-0.7015,0,0.4314,0.609,0.6656,0,11.8394,-3.1354,-0.0171,1]},
{"frame":13,"values":[0.6893,-0.6293,0.3591,0,0.6529,0.3246,-0.6844,0,0.3141,0.7062,0.6346,0,11.8394,-3.1354,-0.0171,1]}],"loopBehavior":1,"name":"anim","property":"_matrix"}},
{"name":"LeftForeArm","index":9,"matrix":[-0.1033,-0.0622,0.9927,0,0.9279,-0.3655,0.0736,0,0.3583,0.9287,0.0954,0,29.1612,0.5949,-2.0659,1],"rest":[0.9973,0.0203,-0.0707,0,-0.0203,0.9998,0.0007,0,0.0707,0.0007,0.9975,0,29.1612,0.5949,-2.0659,1],"parentBoneIndex":8,"length":29.6649
,"animation":{"dataType":3,"framePerSecond":24,"keys":[
{"frame":1,"values":[-0.1033,-0.0622,0.9927,0,0.9279,-0.3655,0.0736,0,0.3583,0.9287,0.0954,0,29.1612,0.5949,-2.0659,1]},
{"frame":2,"values":[0.0511,-0.0614,0.9968,0,0.9328,-0.3536,-0.0696,0,0.3568,0.9334,0.0392,0,29.1612,0.5949,-2.0659,1]},
{"frame":3,"values":[0.1612,-0.0595,0.9851,0,0.9178,-0.358,-0.1718,0,0.3629,0.9318,-0.0031,0,29.1612,0.5949,-2.0659,1]},
{"frame":4,"values":[0.1748,-0.0586,0.9829,0,0.9172,-0.3534,-0.1842,0,0.3582,0.9336,-0.008,0,29.1612,0.5949,-2.0659,1]},
{"frame":5,"values":[0.1006,-0.0604,0.9931,0,0.9231,-0.3668,-0.1158,0,0.3713,0.9283,0.0189,0,29.1612,0.5949,-2.0659,1]},
{"frame":6,"values":[0.0647,-0.0615,0.996,0,0.9301,-0.358,-0.0825,0,0.3617,0.9317,0.0341,0,29.1612,0.5949,-2.0659,1]},
{"frame":7,"values":[-0.0968,-0.062,0.9934,0,0.9243,-0.3759,0.0666,0,0.3693,0.9246,0.0937,0,29.1612,0.5949,-2.0659,1]},
{"frame":8,"values":[-0.2449,-0.061,0.9676,0,0.8928,-0.4033,0.2005,0,0.378,0.913,0.1533,0,29.1612,0.5949,-2.0659,1]},
{"frame":9,"values":[-0.3821,-0.0599,0.9222,0,0.8619,-0.383,0.3323,0,0.3333,0.9218,0.198,0,29.1612,0.5949,-2.0659,1]},
{"frame":10,"values":[-0.3948,-0.06,0.9168,0,0.8621,-0.3693,0.347,0,0.3178,0.9274,0.1975,0,29.1612,0.5949,-2.0659,1]},
{"frame":11,"values":[-0.3429,-0.0608,0.9374,0,0.8785,-0.3742,0.2971,0,0.3327,0.9254,0.1817,0,29.1612,0.5949,-2.0659,1]},
{"frame":12,"values":[-0.2571,-0.0617,0.9644,0,0.902,-0.3736,0.2165,0,0.3469,0.9255,0.1517,0,29.1612,0.5949,-2.0659,1]},
{"frame":13,"values":[-0.1034,-0.0622,0.9927,0,0.9279,-0.3655,0.0737,0,0.3583,0.9287,0.0955,0,29.1612,0.5949,-2.0659,1]}],"loopBehavior":1,"name":"anim","property":"_matrix"}},
{"name":"LeftHand","index":10,"matrix":[0.9854,0.1567,0.0666,0,-0.0802,0.7722,-0.6303,0,-0.1502,0.6158,0.7735,0,29.6649,0,0,1],"rest":[1,0,0,0,0,1,-0.0011,0,0,0.0011,1,0,29.6649,0,0,1],"parentBoneIndex":9,"length":11.8196
,"animation":{"dataType":3,"framePerSecond":24,"keys":[
{"frame":1,"values":[0.9854,0.1567,0.0666,0,-0.0802,0.7722,-0.6303,0,-0.1502,0.6158,0.7735,0,29.6649,0,0,1]},
{"frame":2,"values":[0.9917,0.1262,-0.0244,0,-0.1134,0.7699,-0.6279,0,-0.0604,0.6255,0.7779,0,29.6649,0,0,1]},
{"frame":3,"values":[0.996,0.0765,-0.046,0,-0.0885,0.776,-0.6244,0,-0.0121,0.626,0.7797,0,29.6649,0,0,1]},
{"frame":4,"values":[0.9951,0.0879,-0.0447,0,-0.0971,0.7949,-0.5989,0,-0.0171,0.6003,0.7996,0,29.6649,0,0,1]},
{"frame":5,"values":[0.9911,0.1309,-0.0251,0,-0.121,0.8049,-0.5809,0,-0.0558,0.5787,0.8136,0,29.6649,0,0,1]},
{"frame":6,"values":[0.9912,0.123,0.0485,0,-0.0714,0.8063,-0.5871,0,-0.1113,0.5785,0.808,0,29.6649,0,0,1]},
{"frame":7,"values":[0.9689,0.2301,0.0911,0,-0.1375,0.8067,-0.5747,0,-0.2057,0.5443,0.8133,0,29.6649,0,0,1]},
{"frame":8,"values":[0.9543,0.2854,0.0887,0,-0.1883,0.8047,-0.5631,0,-0.232,0.5206,0.8217,0,29.6649,0,0,1]},
{"frame":9,"values":[0.9416,0.3252,0.0878,0,-0.2205,0.7922,-0.569,0,-0.2546,0.5163,0.8176,0,29.6649,0,0,1]},
{"frame":10,"values":[0.9512,0.2907,0.1038,0,-0.1849,0.8059,-0.5625,0,-0.2472,0.5158,0.8203,0,29.6649,0,0,1]},
{"frame":11,"values":[0.9647,0.2286,0.1312,0,-0.1157,0.8146,-0.5684,0,-0.2368,0.5331,0.8122,0,29.6649,0,0,1]},
{"frame":12,"values":[0.9737,0.1736,0.1477,0,-0.0491,0.7924,-0.608,0,-0.2225,0.5847,0.7801,0,29.6649,0,0,1]},
{"frame":13,"values":[0.9854,0.1567,0.0666,0,-0.0802,0.7722,-0.6303,0,-0.1502,0.6158,0.7735,0,29.6649,0,0,1]}],"loopBehavior":1,"name":"anim","property":"_matrix"}},
{"name":"LeftHandThumb1","index":11,"matrix":[0.9853,-0.0403,-0.1657,0,0.0418,0.9991,0.0055,0,0.1654,-0.0123,0.9862,0,6.1321,-4.043,2.9242,1],"rest":[1,-0.0003,-0.0002,0,0.0003,1,0.0003,0,0.0002,-0.0003,1,0,6.1321,-4.043,2.9242,1],"parentBoneIndex":10,"length":2.3395
,"animation":{"dataType":3,"framePerSecond":24,"keys":[
{"frame":1,"values":[0.9853,-0.0403,-0.1657,0,0.0418,0.9991,0.0055,0,0.1654,-0.0123,0.9862,0,6.1321,-4.043,2.9242,1]},
{"frame":13,"values":[0.9853,-0.0403,-0.1657,0,0.0418,0.9991,0.0055,0,0.1654,-0.0123,0.9862,0,6.1321,-4.043,2.9242,1]}],"loopBehavior":1,"name":"anim","property":"_matrix"}},
{"name":"LeftHandThumb2","index":12,"matrix":[0.9755,0.0463,-0.2152,0,-0.0231,0.9938,0.1091,0,0.219,-0.1015,0.9704,0,1.8122,-1.0462,1.0462,1],"rest":[1,0,0,0,0,1,0,0,0,0,1,0,1.8122,-1.0462,1.0462,1],"parentBoneIndex":11,"length":1.5944
,"animation":{"dataType":3,"framePerSecond":24,"keys":[
{"frame":1,"values":[0.9755,0.0463,-0.2152,0,-0.0231,0.9938,0.1091,0,0.219,-0.1015,0.9704,0,1.8122,-1.0462,1.0462,1]},
{"frame":13,"values":[0.9755,0.0463,-0.2152,0,-0.0231,0.9938,0.1091,0,0.219,-0.1015,0.9704,0,1.8122,-1.0462,1.0462,1]}],"loopBehavior":1,"name":"anim","property":"_matrix"}},
{"name":"LeftHandThumb3","index":13,"matrix":[0.9525,0.1482,0.2662,0,-0.0265,0.9107,-0.4123,0,-0.3035,0.3856,0.8713,0,1.2351,-0.713,0.713,1],"rest":[1,0.0001,-0.0001,0,-0.0001,1,0,0,0.0001,0,1,0,1.2351,-0.713,0.713,1],"parentBoneIndex":12,"length":2.5475
,"animation":{"dataType":3,"framePerSecond":24,"keys":[
{"frame":1,"values":[0.9525,0.1482,0.2662,0,-0.0265,0.9107,-0.4123,0,-0.3035,0.3856,0.8713,0,1.2351,-0.713,0.713,1]},
{"frame":13,"values":[0.9525,0.1482,0.2662,0,-0.0265,0.9107,-0.4123,0,-0.3035,0.3856,0.8713,0,1.2351,-0.713,0.713,1]}],"loopBehavior":1,"name":"anim","property":"_matrix"}},
{"name":"LeftHandThumb4","index":14,"matrix":[1,0,0,0,0,1,0,0,0,0,1,0,1.9732,-1.1393,1.1393,1],"rest":[1,0,0,0,0,1,0,0,0,0,1,0,1.9732,-1.1393,1.1393,1],"parentBoneIndex":13,"length":2.5475
,"animation":{"dataType":3,"framePerSecond":24,"keys":[
{"frame":1,"values":[1,0,0,0,0,1,0,0,0,0,1,0,1.9732,-1.1393,1.1393,1]},
{"frame":13,"values":[1,0,0,0,0,1,0,0,0,0,1,0,1.9732,-1.1393,1.1393,1]}],"loopBehavior":1,"name":"anim","property":"_matrix"}},
{"name":"LeftHandIndex1","index":15,"matrix":[0.9347,-0.3535,-0.038,0,0.3548,0.9208,0.1618,0,-0.0222,-0.1647,0.9861,0,13.2426,-0.3099,2.8565,1],"rest":[1,0,0,0,0,1,0,0,0,0,1,0,13.2426,-0.3099,2.8565,1],"parentBoneIndex":10,"length":2.1974
,"animation":{"dataType":3,"framePerSecond":24,"keys":[
{"frame":1,"values":[0.9347,-0.3535,-0.038,0,0.3548,0.9208,0.1618,0,-0.0222,-0.1647,0.9861,0,13.2426,-0.3099,2.8565,1]},
{"frame":13,"values":[0.9347,-0.3535,-0.038,0,0.3548,0.9208,0.1618,0,-0.0222,-0.1647,0.9861,0,13.2426,-0.3099,2.8565,1]}],"loopBehavior":1,"name":"anim","property":"_matrix"}},
{"name":"LeftHandIndex2","index":16,"matrix":[0.8781,-0.476,-0.0492,0,0.476,0.8794,-0.0125,0,0.0492,-0.0125,0.9987,0,2.1974,0.0001,0,1],"rest":[1,0,-0.0001,0,0,1,0,0,0.0001,0,1,0,2.1974,0.0001,0,1],"parentBoneIndex":15,"length":1.5095
,"animation":{"dataType":3,"framePerSecond":24,"keys":[
{"frame":1,"values":[0.8781,-0.476,-0.0492,0,0.476,0.8794,-0.0125,0,0.0492,-0.0125,0.9987,0,2.1974,0.0001,0,1]},
{"frame":13,"values":[0.8781,-0.476,-0.0492,0,0.476,0.8794,-0.0125,0,0.0492,-0.0125,0.9987,0,2.1974,0.0001,0,1]}],"loopBehavior":1,"name":"anim","property":"_matrix"}},
{"name":"LeftHandIndex3","index":17,"matrix":[0.8501,-0.5264,-0.0166,0,0.5262,0.8503,-0.0144,0,0.0216,0.0035,0.9998,0,1.5095,0,0.0001,1],"rest":[0.9979,-0.0563,0.032,0,0.0563,0.9984,0.0009,0,-0.032,0.0009,0.9995,0,1.5095,0,0.0001,1],"parentBoneIndex":16,"length":1.6331
,"animation":{"dataType":3,"framePerSecond":24,"keys":[
{"frame":1,"values":[0.8501,-0.5264,-0.0166,0,0.5262,0.8503,-0.0144,0,0.0216,0.0035,0.9998,0,1.5095,0,0.0001,1]},
{"frame":13,"values":[0.8501,-0.5264,-0.0166,0,0.5262,0.8503,-0.0144,0,0.0216,0.0035,0.9998,0,1.5095,0,0.0001,1]}],"loopBehavior":1,"name":"anim","property":"_matrix"}},
{"name":"LeftHandIndex4","index":18,"matrix":[1,0,0,0,0,1,0,0,0,0,1,0,1.6297,0.092,-0.0521,1],"rest":[1,0,0,0,0,1,0,0,0,0,1,0,1.6297,0.092,-0.0521,1],"parentBoneIndex":17,"length":1.6331
,"animation":{"dataType":3,"framePerSecond":24,"keys":[
{"frame":1,"values":[1,0,0,0,0,1,0,0,0,0,1,0,1.6297,0.092,-0.0521,1]},
{"frame":13,"values":[1,0,0,0,0,1,0,0,0,0,1,0,1.6297,0.092,-0.0521,1]}],"loopBehavior":1,"name":"anim","property":"_matrix"}},
{"name":"LeftHandMiddle1","index":19,"matrix":[0.9353,-0.3522,-0.0329,0,0.3524,0.9195,0.1743,0,-0.0312,-0.1746,0.9841,0,13.0978,0,0,1],"rest":[1,0,0,0,0,1,0,0,0,0,1,0,13.0978,0,0,1],"parentBoneIndex":10,"length":2.2844
,"animation":{"dataType":3,"framePerSecond":24,"keys":[
{"frame":1,"values":[0.9353,-0.3522,-0.0329,0,0.3524,0.9195,0.1743,0,-0.0312,-0.1746,0.9841,0,13.0978,0,0,1]},
{"frame":13,"values":[0.9353,-0.3522,-0.0329,0,0.3524,0.9195,0.1743,0,-0.0312,-0.1746,0.9841,0,13.0978,0,0,1]}],"loopBehavior":1,"name":"anim","property":"_matrix"}},
{"name":"LeftHandMiddle2","index":20,"matrix":[0.6955,-0.7147,-0.0737,0,0.7147,0.6987,-0.0311,0,0.0737,-0.0311,0.9968,0,2.2844,-0.0001,0,1],"rest":[1,0,0,0,0,1,0,0,0,0,1,0,2.2844,-0.0001,0,1],"parentBoneIndex":19,"length":2.3882
,"animation":{"dataType":3,"framePerSecond":24,"keys":[
{"frame":1,"values":[0.6955,-0.7147,-0.0737,0,0.7147,0.6987,-0.0311,0,0.0737,-0.0311,0.9968,0,2.2844,-0.0001,0,1]},
{"frame":13,"values":[0.6955,-0.7147,-0.0737,0,0.7147,0.6987,-0.0311,0,0.0737,-0.0311,0.9968,0,2.2844,-0.0001,0,1]}],"loopBehavior":1,"name":"anim","property":"_matrix"}},
{"name":"LeftHandMiddle3","index":21,"matrix":[0.7198,-0.6905,-0.0713,0,0.6905,0.7228,-0.0286,0,0.0713,-0.0286,0.997,0,2.3882,0,-0.0001,1],"rest":[1,0,0,0,0,1,0,0,0,0,1,0,2.3882,0,-0.0001,1],"parentBoneIndex":20,"length":1.7509
,"animation":{"dataType":3,"framePerSecond":24,"keys":[
{"frame":1,"values":[0.7198,-0.6905,-0.0713,0,0.6905,0.7228,-0.0286,0,0.0713,-0.0286,0.997,0,2.3882,0,-0.0001,1]},
{"frame":13,"values":[0.7198,-0.6905,-0.0713,0,0.6905,0.7228,-0.0286,0,0.0713,-0.0286,0.997,0,2.3882,0,-0.0001,1]}],"loopBehavior":1,"name":"anim","property":"_matrix"}},
{"name":"LeftHandMiddle4","index":22,"matrix":[1,0,0,0,0,1,0,0,0,0,1,0,1.7509,0,0,1],"rest":[1,0,0,0,0,1,0,0,0,0,1,0,1.7509,0,0,1],"parentBoneIndex":21,"length":1.7509
,"animation":{"dataType":3,"framePerSecond":24,"keys":[
{"frame":1,"values":[1,0,0,0,0,1,0,0,0,0,1,0,1.7509,0,0,1]},
{"frame":13,"values":[1,0,0,0,0,1,0,0,0,0,1,0,1.7509,0,0,1]}],"loopBehavior":1,"name":"anim","property":"_matrix"}},
{"name":"LeftHandRing1","index":23,"matrix":[0.9513,-0.3081,-0.0057,0,0.3082,0.9511,0.0212,0,-0.0011,-0.0219,0.9998,0,12.2164,-0.0557,-2.7524,1],"rest":[1,0,0,0,0,1,0,0,0,0,1,0,12.2164,-0.0557,-2.7524,1],"parentBoneIndex":10,"length":2.1664
,"animation":{"dataType":3,"framePerSecond":24,"keys":[
{"frame":1,"values":[0.9513,-0.3081,-0.0057,0,0.3082,0.9511,0.0212,0,-0.0011,-0.0219,0.9998,0,12.2164,-0.0557,-2.7524,1]},
{"frame":13,"values":[0.9513,-0.3081,-0.0057,0,0.3082,0.9511,0.0212,0,-0.0011,-0.0219,0.9998,0,12.2164,-0.0557,-2.7524,1]}],"loopBehavior":1,"name":"anim","property":"_matrix"}},
{"name":"LeftHandRing2","index":24,"matrix":[0.3573,-0.929,-0.0959,0,0.929,0.3641,-0.0656,0,0.0959,-0.0656,0.9932,0,2.1664,0.0001,0,1],"rest":[1,0,0,0,0,1,0,0,0,0,1,0,2.1664,0.0001,0,1],"parentBoneIndex":23,"length":1.8761
,"animation":{"dataType":3,"framePerSecond":24,"keys":[
{"frame":1,"values":[0.3573,-0.929,-0.0959,0,0.929,0.3641,-0.0656,0,0.0959,-0.0656,0.9932,0,2.1664,0.0001,0,1]},
{"frame":13,"values":[0.3573,-0.929,-0.0959,0,0.929,0.3641,-0.0656,0,0.0959,-0.0656,0.9932,0,2.1664,0.0001,0,1]}],"loopBehavior":1,"name":"anim","property":"_matrix"}},
{"name":"LeftHandRing3","index":25,"matrix":[0.8114,-0.556,-0.1801,0,0.5622,0.8268,-0.0193,0,0.1596,-0.0856,0.9835,0,1.8761,0,0,1],"rest":[0.9998,-0.018,0.0101,0,0.018,0.9998,0.0001,0,-0.0101,0.0001,0.9999,0,1.8761,0,0,1],"parentBoneIndex":24,"length":2.24
,"animation":{"dataType":3,"framePerSecond":24,"keys":[
{"frame":1,"values":[0.8114,-0.556,-0.1801,0,0.5622,0.8268,-0.0193,0,0.1596,-0.0856,0.9835,0,1.8761,0,0,1]},
{"frame":13,"values":[0.8114,-0.556,-0.1801,0,0.5622,0.8268,-0.0193,0,0.1596,-0.0856,0.9835,0,1.8761,0,0,1]}],"loopBehavior":1,"name":"anim","property":"_matrix"}},
{"name":"LeftHandRing4","index":26,"matrix":[1,0,0,0,0,1,0,0,0,0,1,0,2.2395,0.0403,-0.0226,1],"rest":[1,0,0,0,0,1,0,0,0,0,1,0,2.2395,0.0403,-0.0226,1],"parentBoneIndex":25,"length":2.24
,"animation":{"dataType":3,"framePerSecond":24,"keys":[
{"frame":1,"values":[1,0,0,0,0,1,0,0,0,0,1,0,2.2395,0.0403,-0.0226,1]},
{"frame":13,"values":[1,0,0,0,0,1,0,0,0,0,1,0,2.2395,0.0403,-0.0226,1]}],"loopBehavior":1,"name":"anim","property":"_matrix"}},
{"name":"LeftHandPinky1","index":27,"matrix":[0.9932,-0.1159,-0.0122,0,0.1131,0.9836,-0.1404,0,0.0282,0.138,0.99,0,10.9122,-0.2659,-5.0355,1],"rest":[1,0,-0.0001,0,0,1,0,0,0.0001,0,1,0,10.9122,-0.2659,-5.0355,1],"parentBoneIndex":10,"length":1.5635
,"animation":{"dataType":3,"framePerSecond":24,"keys":[
{"frame":1,"values":[0.9932,-0.1159,-0.0122,0,0.1131,0.9836,-0.1404,0,0.0282,0.138,0.99,0,10.9122,-0.2659,-5.0355,1]},
{"frame":13,"values":[0.9932,-0.1159,-0.0122,0,0.1131,0.9836,-0.1404,0,0.0282,0.138,0.99,0,10.9122,-0.2659,-5.0355,1]}],"loopBehavior":1,"name":"anim","property":"_matrix"}},
{"name":"LeftHandPinky2","index":28,"matrix":[0.6208,-0.7798,-0.0804,0,0.7798,0.6248,-0.0387,0,0.0804,-0.0387,0.996,0,1.5635,0,0.0001,1],"rest":[1,-0.0001,0.0001,0,0.0001,1,0,0,-0.0001,0,1,0,1.5635,0,0.0001,1],"parentBoneIndex":27,"length":1.2784
,"animation":{"dataType":3,"framePerSecond":24,"keys":[
{"frame":1,"values":[0.6208,-0.7798,-0.0804,0,0.7798,0.6248,-0.0387,0,0.0804,-0.0387,0.996,0,1.5635,0,0.0001,1]},
{"frame":13,"values":[0.6208,-0.7798,-0.0804,0,0.7798,0.6248,-0.0387,0,0.0804,-0.0387,0.996,0,1.5635,0,0.0001,1]}],"loopBehavior":1,"name":"anim","property":"_matrix"}},
{"name":"LeftHandPinky3","index":29,"matrix":[0.8486,-0.5227,-0.0815,0,0.5233,0.852,-0.0152,0,0.0774,-0.0297,0.9966,0,1.2784,0.0001,0,1],"rest":[0.9996,0.0043,-0.0271,0,-0.0043,1,0.0001,0,0.0271,0.0001,0.9996,0,1.2784,0.0001,0,1],"parentBoneIndex":28,"length":1.7363
,"animation":{"dataType":3,"framePerSecond":24,"keys":[
{"frame":1,"values":[0.8486,-0.5227,-0.0815,0,0.5233,0.852,-0.0152,0,0.0774,-0.0297,0.9966,0,1.2784,0.0001,0,1]},
{"frame":13,"values":[0.8486,-0.5227,-0.0815,0,0.5233,0.852,-0.0152,0,0.0774,-0.0297,0.9966,0,1.2784,0.0001,0,1]}],"loopBehavior":1,"name":"anim","property":"_matrix"}},
{"name":"LeftHandPinky4","index":30,"matrix":[1,0,0,0,0,1,0,0,0,0,1,0,1.7356,-0.0074,0.0471,1],"rest":[1,0,0,0,0,1,0,0,0,0,1,0,1.7356,-0.0074,0.0471,1],"parentBoneIndex":29,"length":1.7363
,"animation":{"dataType":3,"framePerSecond":24,"keys":[
{"frame":1,"values":[1,0,0,0,0,1,0,0,0,0,1,0,1.7356,-0.0074,0.0471,1]},
{"frame":13,"values":[1,0,0,0,0,1,0,0,0,0,1,0,1.7356,-0.0074,0.0471,1]}],"loopBehavior":1,"name":"anim","property":"_matrix"}},
{"name":"RightShoulder","index":31,"matrix":[0.8828,0.0252,-0.4692,0,0.061,0.984,0.1676,0,0.4659,-0.1765,0.8671,0,-5.6569,13.7754,-1.9265,1],"rest":[1,0.002,0,0,-0.002,1,0,0,0,0,1,0,-5.6569,13.7754,-1.9265,1],"parentBoneIndex":3,"length":12.2475
,"animation":{"dataType":3,"framePerSecond":24,"keys":[
{"frame":1,"values":[0.8828,0.0252,-0.4692,0,0.061,0.984,0.1676,0,0.4659,-0.1765,0.8671,0,-5.6569,13.7754,-1.9265,1]},
{"frame":2,"values":[0.8746,0.0256,-0.4842,0,0.0664,0.9828,0.172,0,0.4803,-0.1826,0.8579,0,-5.6569,13.7754,-1.9265,1]},
{"frame":3,"values":[0.8679,0.0273,-0.4959,0,0.0736,0.9804,0.1828,0,0.4912,-0.1952,0.8489,0,-5.6569,13.7754,-1.9265,1]},
{"frame":4,"values":[0.8612,0.0293,-0.5074,0,0.0818,0.9773,0.1952,0,0.5017,-0.2097,0.8393,0,-5.6569,13.7754,-1.9265,1]},
{"frame":5,"values":[0.8516,0.0308,-0.5233,0,0.0911,0.9744,0.2057,0,0.5163,-0.2229,0.8269,0,-5.6569,13.7754,-1.9265,1]},
{"frame":6,"values":[0.8471,0.0295,-0.5306,0,0.0907,0.9758,0.1991,0,0.5237,-0.2168,0.8239,0,-5.6569,13.7754,-1.9265,1]},
{"frame":7,"values":[0.8542,0.0271,-0.5193,0,0.0809,0.9796,0.1842,0,0.5137,-0.1994,0.8345,0,-5.6569,13.7754,-1.9265,1]},
{"frame":8,"values":[0.8639,0.0267,-0.5029,0,0.0746,0.9808,0.1802,0,0.4981,-0.1932,0.8454,0,-5.6569,13.7754,-1.9265,1]},
{"frame":9,"values":[0.8775,0.027,-0.4788,0,0.0676,0.9815,0.1793,0,0.4748,-0.1897,0.8594,0,-5.6569,13.7754,-1.9265,1]},
{"frame":10,"values":[0.8884,0.0269,-0.4583,0,0.0613,0.9824,0.1763,0,0.4549,-0.1847,0.8712,0,-5.6569,13.7754,-1.9265,1]},
{"frame":11,"values":[0.8918,0.0263,-0.4516,0,0.0583,0.9833,0.1725,0,0.4486,-0.1802,0.8754,0,-5.6569,13.7754,-1.9265,1]},
{"frame":12,"values":[0.8891,0.0256,-0.457,0,0.0584,0.9839,0.1688,0,0.454,-0.1768,0.8733,0,-5.6569,13.7754,-1.9265,1]},
{"frame":13,"values":[0.8827,0.0252,-0.4692,0,0.061,0.984,0.1676,0,0.4659,-0.1765,0.8671,0,-5.6569,13.7754,-1.9265,1]}],"loopBehavior":1,"name":"anim","property":"_matrix"}},
{"name":"RightArm","index":32,"matrix":[0.4221,0.4097,-0.8087,0,-0.455,0.8673,0.202,0,0.7841,0.2827,0.5525,0,-11.8394,-3.1354,-0.0171,1],"rest":[0.9973,0.0184,-0.0706,0,-0.0183,0.9998,0.0011,0,0.0707,0.0002,0.9975,0,-11.8394,-3.1354,-0.0171,1],"parentBoneIndex":31,"length":29.2403
,"animation":{"dataType":3,"framePerSecond":24,"keys":[
{"frame":1,"values":[0.4221,0.4097,-0.8087,0,-0.455,0.8673,0.202,0,0.7841,0.2827,0.5525,0,-11.8394,-3.1354,-0.0171,1]},
{"frame":2,"values":[0.4505,0.3963,-0.8,0,-0.4647,0.8692,0.1689,0,0.7623,0.2956,0.5757,0,-11.8394,-3.1354,-0.0171,1]},
{"frame":3,"values":[0.4939,0.4016,-0.7712,0,-0.4891,0.8616,0.1355,0,0.7189,0.3103,0.622,0,-11.8394,-3.1354,-0.0171,1]},
{"frame":4,"values":[0.5028,0.3892,-0.7718,0,-0.5095,0.8547,0.0991,0,0.6983,0.3435,0.628,0,-11.8394,-3.1354,-0.0171,1]},
{"frame":5,"values":[0.5067,0.3883,-0.7697,0,-0.5359,0.8412,0.0716,0,0.6753,0.3762,0.6344,0,-11.8394,-3.1354,-0.0171,1]},
{"frame":6,"values":[0.553,0.3716,-0.7457,0,-0.5262,0.8497,0.0332,0,0.646,0.3741,0.6654,0,-11.8394,-3.1354,-0.0171,1]},
{"frame":7,"values":[0.5024,0.3316,-0.7985,0,-0.4512,0.8884,0.085,0,0.7376,0.3175,0.5959,0,-11.8394,-3.1354,-0.0171,1]},
{"frame":8,"values":[0.43,0.3263,-0.8418,0,-0.3934,0.9069,0.1507,0,0.8126,0.2664,0.5183,0,-11.8394,-3.1354,-0.0171,1]},
{"frame":9,"values":[0.4374,0.3837,-0.8133,0,-0.382,0.898,0.2182,0,0.8141,0.2152,0.5394,0,-11.8394,-3.1354,-0.0171,1]},
{"frame":10,"values":[0.4557,0.4166,-0.7866,0,-0.4005,0.8852,0.2367,0,0.7949,0.2072,0.5703,0,-11.8394,-3.1354,-0.0171,1]},
{"frame":11,"values":[0.4573,0.4333,-0.7766,0,-0.4261,0.8733,0.2363,0,0.7806,0.2229,0.5839,0,-11.8394,-3.1354,-0.0171,1]},
{"frame":12,"values":[0.444,0.4366,-0.7824,0,-0.4466,0.8649,0.2292,0,0.7768,0.2477,0.579,0,-11.8394,-3.1354,-0.0171,1]},
{"frame":13,"values":[0.422,0.4098,-0.8087,0,-0.4549,0.8673,0.2021,0,0.7842,0.2826,0.5525,0,-11.8394,-3.1354,-0.0171,1]}],"loopBehavior":1,"name":"anim","property":"_matrix"}},
{"name":"RightForeArm","index":33,"matrix":[-0.1641,-0.2352,-0.958,0,-0.3216,0.9309,-0.1735,0,0.9326,0.2796,-0.2284,0,-29.1612,0.5949,-2.0659,1],"rest":[0.9973,-0.0203,0.0707,0,0.0203,0.9998,0.0007,0,-0.0707,0.0007,0.9975,0,-29.1612,0.5949,-2.0659,1],"parentBoneIndex":32,"length":29.6649
,"animation":{"dataType":3,"framePerSecond":24,"keys":[
{"frame":1,"values":[-0.1641,-0.2352,-0.958,0,-0.3216,0.9309,-0.1735,0,0.9326,0.2796,-0.2284,0,-29.1612,0.5949,-2.0659,1]},
{"frame":2,"values":[-0.176,-0.2342,-0.9561,0,-0.3232,0.9312,-0.1686,0,0.9298,0.2793,-0.2396,0,-29.1612,0.5949,-2.0659,1]},
{"frame":3,"values":[-0.2043,-0.2317,-0.9511,0,-0.318,0.9346,-0.1594,0,0.9258,0.2699,-0.2646,0,-29.1612,0.5949,-2.0659,1]},
{"frame":4,"values":[-0.1731,-0.2344,-0.9566,0,-0.3436,0.9246,-0.1644,0,0.923,0.3003,-0.2406,0,-29.1612,0.5949,-2.0659,1]},
{"frame":5,"values":[-0.1889,-0.2332,-0.9539,0,-0.3327,0.9291,-0.1613,0,0.9239,0.2869,-0.2531,0,-29.1612,0.5949,-2.0659,1]},
{"frame":6,"values":[-0.175,-0.2343,-0.9563,0,-0.3166,0.9331,-0.1707,0,0.9323,0.2729,-0.2375,0,-29.1612,0.5949,-2.0659,1]},
{"frame":7,"values":[-0.0989,-0.2397,-0.9658,0,-0.3055,0.931,-0.1998,0,0.947,0.2753,-0.1653,0,-29.1612,0.5949,-2.0659,1]},
{"frame":8,"values":[-0.0836,-0.2406,-0.967,0,-0.3013,0.9311,-0.2056,0,0.9499,0.2742,-0.1503,0,-29.1612,0.5949,-2.0659,1]},
{"frame":9,"values":[-0.1849,-0.2336,-0.9546,0,-0.3058,0.9368,-0.17,0,0.934,0.2605,-0.2447,0,-29.1612,0.5949,-2.0659,1]},
{"frame":10,"values":[-0.2308,-0.2295,-0.9455,0,-0.3081,0.939,-0.1527,0,0.9229,0.2561,-0.2875,0,-29.1612,0.5949,-2.0659,1]},
{"frame":11,"values":[-0.2328,-0.2293,-0.9451,0,-0.3125,0.9379,-0.1506,0,0.9209,0.2603,-0.29,0,-29.1612,0.5949,-2.0659,1]},
{"frame":12,"values":[-0.2142,-0.231,-0.9491,0,-0.3182,0.9351,-0.1558,0,0.9235,0.2686,-0.2739,0,-29.1612,0.5949,-2.0659,1]},
{"frame":13,"values":[-0.1641,-0.2352,-0.958,0,-0.3216,0.9309,-0.1735,0,0.9326,0.2796,-0.2283,0,-29.1612,0.5949,-2.0659,1]}],"loopBehavior":1,"name":"anim","property":"_matrix"}},
{"name":"RightHand","index":34,"matrix":[0.9948,-0.0167,0.1004,0,0.0341,0.9841,-0.1742,0,-0.0959,0.1767,0.9796,0,-29.6649,0,0.0001,1],"rest":[1,0,0,0,0,1,-0.0011,0,0,0.0011,1,0,-29.6649,0,0.0001,1],"parentBoneIndex":33,"length":11.8196
,"animation":{"dataType":3,"framePerSecond":24,"keys":[
{"frame":1,"values":[0.9948,-0.0167,0.1004,0,0.0341,0.9841,-0.1742,0,-0.0959,0.1767,0.9796,0,-29.6649,0,0.0001,1]},
{"frame":2,"values":[0.9855,-0.1446,0.0889,0,0.1553,0.9794,-0.1292,0,-0.0684,0.1411,0.9876,0,-29.6649,0,0.0001,1]},
{"frame":3,"values":[0.9742,-0.2158,0.0661,0,0.2219,0.9695,-0.1044,0,-0.0416,0.1164,0.9923,0,-29.6649,0,0.0001,1]},
{"frame":4,"values":[0.9842,-0.1767,0.0128,0,0.1771,0.9792,-0.0989,0,0.0049,0.0996,0.995,0,-29.6649,0,0.0001,1]},
{"frame":5,"values":[0.9927,-0.1069,0.0558,0,0.1121,0.9884,-0.1023,0,-0.0442,0.1078,0.9932,0,-29.6649,0,0.0001,1]},
{"frame":6,"values":[0.9987,-0.0186,0.0483,0,0.0266,0.9849,-0.1709,0,-0.0443,0.1719,0.9841,0,-29.6649,0,0.0001,1]},
{"frame":7,"values":[0.9997,0.0048,-0.0246,0,-0.012,0.9535,-0.3013,0,0.022,0.3015,0.9532,0,-29.6649,0,0.0001,1]},
{"frame":8,"values":[0.9984,0.0061,-0.056,0,-0.0239,0.9464,-0.322,0,0.0511,0.3228,0.9451,0,-29.6649,0,0.0001,1]},
{"frame":9,"values":[0.9991,0.0417,-0.0021,0,-0.0406,0.9575,-0.2856,0,-0.0099,0.2854,0.9583,0,-29.6649,0,0.0001,1]},
{"frame":10,"values":[0.9961,0.0833,0.0278,0,-0.0746,0.9698,-0.2324,0,-0.0463,0.2294,0.9722,0,-29.6649,0,0.0001,1]},
{"frame":11,"values":[0.9915,0.1083,0.0721,0,-0.0915,0.9744,-0.2055,0,-0.0925,0.1972,0.976,0,-29.6649,0,0.0001,1]},
{"frame":12,"values":[0.9925,0.0725,0.0987,0,-0.0524,0.9798,-0.1931,0,-0.1107,0.1864,0.9762,0,-29.6649,0,0.0001,1]},
{"frame":13,"values":[0.9948,-0.0167,0.1003,0,0.0341,0.9841,-0.1743,0,-0.0958,0.1768,0.9796,0,-29.6649,0,0.0001,1]}],"loopBehavior":1,"name":"anim","property":"_matrix"}},
{"name":"RightHandIndex1","index":35,"matrix":[0.9908,0.0895,0.1018,0,-0.0896,0.996,-0.0029,0,-0.1017,-0.0062,0.9948,0,-13.2426,-0.3098,2.8565,1],"rest":[1,-0.0001,0,0,0.0001,1,0,0,0,0,1,0,-13.2426,-0.3098,2.8565,1],"parentBoneIndex":34,"length":2.1974
,"animation":{"dataType":3,"framePerSecond":24,"keys":[
{"frame":1,"values":[0.9908,0.0895,0.1018,0,-0.0896,0.996,-0.0029,0,-0.1017,-0.0062,0.9948,0,-13.2426,-0.3098,2.8565,1]},
{"frame":13,"values":[0.9908,0.0895,0.1018,0,-0.0896,0.996,-0.0029,0,-0.1017,-0.0062,0.9948,0,-13.2426,-0.3098,2.8565,1]}],"loopBehavior":1,"name":"anim","property":"_matrix"}},
{"name":"RightHandIndex2","index":36,"matrix":[0.9796,0.2001,0.0164,0,-0.2001,0.9798,-0.0017,0,-0.0164,-0.0017,0.9999,0,-2.1974,-0.0001,0,1],"rest":[1,0.0001,0,0,-0.0001,1,0,0,0,0,1,0,-2.1974,-0.0001,0,1],"parentBoneIndex":35,"length":1.5095
,"animation":{"dataType":3,"framePerSecond":24,"keys":[
{"frame":1,"values":[0.9796,0.2001,0.0164,0,-0.2001,0.9798,-0.0017,0,-0.0164,-0.0017,0.9999,0,-2.1974,-0.0001,0,1]},
{"frame":13,"values":[0.9796,0.2001,0.0164,0,-0.2001,0.9798,-0.0017,0,-0.0164,-0.0017,0.9999,0,-2.1974,-0.0001,0,1]}],"loopBehavior":1,"name":"anim","property":"_matrix"}},
