{"producer":{"name":"Blender","version":"2.90.0","exporter_version":"6.4.4","file":"strafeleft_riffle.babylon"},
"autoClear":true,"clearColor":[0.0509,0.0509,0.0509],"gravity":[0,-9.81,0],
"materials":[{"name":"Material","id":"Material","customType":"BABYLON.PBRMaterial","backFaceCulling":true,"checkReadyOnlyOnce":false,"maxSimultaneousLights":4,"environmentIntensity":1,"albedo":[0.8,0.8,0.8],"reflectivity":[0.5,0.5,0.5],"roughness":0.4,"alpha":1,"transparencyMode":0,"alphaCutOff":0.4,"metallic":0}],
"multiMaterials":[],
"skeletons":[{"name":"Armature","id":0,"dimensionsAtRest":[192.3395,226.9932,28.649],"bones":[
{"name":"Hips","index":0,"matrix":[0.6639,0.073,-0.7442,0,-0.0752,0.9967,0.0307,0,-0.744,-0.0355,-0.6672,0,-1.2273,98.5801,-1.2099,1],"rest":[1,0,0,0,0,1,0,0,0,0,-1,0,0,114.0532,0,1],"parentBoneIndex":-1,"length":12.7599
,"animation":{"dataType":3,"framePerSecond":24,"keys":[
{"frame":1,"values":[0.6639,0.073,-0.7442,0,-0.0752,0.9967,0.0307,0,-0.744,-0.0355,-0.6672,0,-1.2273,98.5801,-1.2099,1]},
{"frame":2,"values":[0.685,0.0694,-0.7252,0,-0.0767,0.9968,0.0229,0,-0.7245,-0.0399,-0.6882,0,-2.7673,99.4015,-1.0951,1]},
{"frame":3,"values":[0.7057,0.068,-0.7052,0,-0.0798,0.9967,0.0162,0,-0.704,-0.0449,-0.7088,0,-3.969,98.8701,-1.189,1]},
{"frame":4,"values":[0.7257,0.0683,-0.6846,0,-0.0839,0.9964,0.0105,0,-0.6829,-0.0498,-0.7289,0,-5.3285,97.2543,-1.4593,1]},
{"frame":5,"values":[0.7451,0.0675,-0.6635,0,-0.0863,0.9963,0.0044,0,-0.6613,-0.054,-0.7481,0,-6.6643,94.4548,-1.8913,1]},
{"frame":6,"values":[0.7635,0.0657,-0.6424,0,-0.0868,0.9962,-0.0013,0,-0.6399,-0.0568,-0.7664,0,-7.7623,90.909,-2.4247,1]},
{"frame":7,"values":[0.7802,0.0633,-0.6223,0,-0.0848,0.9964,-0.005,0,-0.6197,-0.0567,-0.7828,0,-7.5987,88.2986,-2.9998,1]},
{"frame":8,"values":[0.7843,0.0571,-0.6177,0,-0.078,0.9969,-0.0069,0,-0.6154,-0.0536,-0.7864,0,-6.4193,88.1624,-3.4955,1]},
{"frame":9,"values":[0.7569,0.0478,-0.6518,0,-0.0689,0.9976,-0.0069,0,-0.6499,-0.0501,-0.7584,0,-4.7634,89.8237,-3.8254,1]},
{"frame":10,"values":[0.7266,0.0394,-0.6859,0,-0.0588,0.9983,-0.0049,0,-0.6846,-0.0439,-0.7276,0,-3.9424,91.6014,-4.2111,1]},
{"frame":11,"values":[0.695,0.0322,-0.7183,0,-0.0488,0.9988,-0.0024,0,-0.7173,-0.0367,-0.6958,0,-3.6847,93.3332,-4.6014,1]},
{"frame":12,"values":[0.6627,0.0255,-0.7484,0,-0.0379,0.9993,0.0005,0,-0.7479,-0.0281,-0.6632,0,-3.9538,95.4569,-4.9296,1]},
{"frame":13,"values":[0.6296,0.0199,-0.7767,0,-0.027,0.9996,0.0038,0,-0.7765,-0.0186,-0.6299,0,-4.3537,97.3973,-5.1918,1]},
{"frame":14,"values":[0.595,0.0144,-0.8036,0,-0.0155,0.9999,0.0064,0,-0.8035,-0.0087,-0.5952,0,-4.8678,98.4502,-5.378,1]},
{"frame":15,"values":[0.5586,0.008,-0.8294,0,-0.0033,1,0.0074,0,-0.8294,0.0014,-0.5586,0,-5.514,98.6192,-5.4533,1]},
{"frame":16,"values":[0.5194,0.0026,-0.8545,0,0.0082,0.9999,0.008,0,-0.8545,0.0111,-0.5194,0,-6.3964,97.846,-5.343,1]},
{"frame":17,"values":[0.4767,-0.0008,-0.8791,0,0.0182,0.9998,0.0089,0,-0.8789,0.0202,-0.4766,0,-7.2384,95.6212,-5.009,1]},
{"frame":18,"values":[0.4296,-0.0022,-0.903,0,0.0264,0.9996,0.0101,0,-0.9026,0.0282,-0.4295,0,-8.0185,92.8974,-4.4908,1]},
{"frame":19,"values":[0.3783,-0.0012,-0.9257,0,0.0327,0.9994,0.0121,0,-0.9251,0.0348,-0.3781,0,-8.4977,90.3624,-3.8625,1]},
{"frame":20,"values":[0.3496,0.0043,-0.9369,0,0.0309,0.9994,0.0161,0,-0.9364,0.0346,-0.3493,0,-8.6023,88.8114,-3.267,1]},
{"frame":21,"values":[0.4004,0.0134,-0.9163,0,0.0164,0.9996,0.0218,0,-0.9162,0.0237,-0.4,0,-8.6375,88.8325,-2.8308,1]},
{"frame":22,"values":[0.4664,0.0245,-0.8842,0,-0.0039,0.9997,0.0256,0,-0.8846,0.0085,-0.4664,0,-7.4877,90.4846,-2.4366,1]},
{"frame":23,"values":[0.5367,0.0399,-0.8428,0,-0.0278,0.9992,0.0296,0,-0.8433,-0.0076,-0.5373,0,-5.6514,93.0874,-1.9342,1]},
{"frame":24,"values":[0.6041,0.0568,-0.7948,0,-0.0525,0.9981,0.0315,0,-0.7951,-0.0227,-0.606,0,-3.4413,95.9952,-1.4791,1]},
{"frame":25,"values":[0.6639,0.073,-0.7442,0,-0.0752,0.9967,0.0307,0,-0.744,-0.0355,-0.6672,0,-1.2273,98.5802,-1.2087,1]}],"loopBehavior":1,"name":"anim","property":"_matrix"}},
{"name":"Spine","index":1,"matrix":[0.9963,-0.086,-0.0006,0,0.086,0.9963,-0.0001,0,0.0006,0.0001,1,0,-0.0057,10.8958,-1.2787,1],"rest":[1,0,0,0,0,1,0,0,0,0,1,0,-0.0057,10.8958,-1.2787,1],"parentBoneIndex":0,"length":12.7989
,"animation":{"dataType":3,"framePerSecond":24,"keys":[
{"frame":1,"values":[0.9963,-0.086,-0.0006,0,0.086,0.9963,-0.0001,0,0.0006,0.0001,1,0,-0.0057,10.8958,-1.2787,1]},
{"frame":2,"values":[0.9964,-0.0834,0.0145,0,0.0834,0.9965,-0.0014,0,-0.0144,0.0026,0.9999,0,-0.0057,10.8958,-1.2787,1]},
{"frame":3,"values":[0.9961,-0.0824,0.0301,0,0.0825,0.9966,-0.0028,0,-0.0298,0.0053,0.9995,0,-0.0057,10.8958,-1.2787,1]},
{"frame":4,"values":[0.9955,-0.0835,0.0456,0,0.0838,0.9965,-0.0051,0,-0.045,0.0089,0.9989,0,-0.0057,10.8958,-1.2787,1]},
{"frame":5,"values":[0.9946,-0.0836,0.0609,0,0.0842,0.9964,-0.0066,0,-0.0601,0.0117,0.9981,0,-0.0057,10.8958,-1.2787,1]},
{"frame":6,"values":[0.9937,-0.0835,0.0749,0,0.0843,0.9964,-0.0073,0,-0.074,0.0136,0.9972,0,-0.0057,10.8958,-1.2787,1]},
{"frame":7,"values":[0.9926,-0.0855,0.0864,0,0.0867,0.9962,-0.0094,0,-0.0852,0.0168,0.9962,0,-0.0057,10.8958,-1.2787,1]},
{"frame":8,"values":[0.993,-0.0839,0.0837,0,0.0849,0.9963,-0.009,0,-0.0826,0.0161,0.9965,0,-0.0057,10.8958,-1.2787,1]},
{"frame":9,"values":[0.9951,-0.0714,0.0677,0,0.072,0.9974,-0.0067,0,-0.067,0.0115,0.9977,0,-0.0057,10.8958,-1.2787,1]},
{"frame":10,"values":[0.9966,-0.0665,0.0478,0,0.0668,0.9978,-0.005,0,-0.0474,0.0081,0.9988,0,-0.0057,10.8958,-1.2787,1]},
{"frame":11,"values":[0.9975,-0.0652,0.0271,0,0.0653,0.9979,-0.0018,0,-0.027,0.0036,0.9996,0,-0.0057,10.8958,-1.2787,1]},
{"frame":12,"values":[0.9976,-0.069,0.0041,0,0.069,0.9976,0.0028,0,-0.0042,-0.0025,1,0,-0.0057,10.8958,-1.2787,1]},
{"frame":13,"values":[0.997,-0.0751,-0.02,0,0.0753,0.9971,0.0066,0,0.0194,-0.0081,0.9998,0,-0.0057,10.8958,-1.2787,1]},
{"frame":14,"values":[0.9958,-0.0797,-0.0451,0,0.0802,0.9967,0.0105,0,0.0441,-0.0141,0.9989,0,-0.0057,10.8958,-1.2787,1]},
{"frame":15,"values":[0.9941,-0.0824,-0.0704,0,0.0837,0.9964,0.0155,0,0.0688,-0.0213,0.9974,0,-0.0057,10.8958,-1.2787,1]},
{"frame":16,"values":[0.992,-0.0829,-0.0949,0,0.0853,0.9961,0.0211,0,0.0928,-0.029,0.9953,0,-0.0057,10.8958,-1.2787,1]},
{"frame":17,"values":[0.9895,-0.0803,-0.1201,0,0.084,0.9961,0.0266,0,0.1175,-0.0365,0.9924,0,-0.0057,10.8958,-1.2787,1]},
{"frame":18,"values":[0.9867,-0.0714,-0.1459,0,0.0769,0.9965,0.0325,0,0.143,-0.0433,0.9888,0,-0.0057,10.8958,-1.2787,1]},
{"frame":19,"values":[0.9845,-0.0571,-0.1656,0,0.0642,0.9972,0.0379,0,0.163,-0.048,0.9855,0,-0.0057,10.8958,-1.2787,1]},
{"frame":20,"values":[0.9851,-0.0439,-0.1663,0,0.0515,0.9978,0.0414,0,0.1642,-0.0494,0.9852,0,-0.0057,10.8958,-1.2787,1]},
{"frame":21,"values":[0.9885,-0.056,-0.1406,0,0.0615,0.9975,0.0351,0,0.1383,-0.0434,0.9894,0,-0.0057,10.8958,-1.2787,1]},
{"frame":22,"values":[0.9923,-0.0648,-0.1058,0,0.068,0.9973,0.0274,0,0.1038,-0.0344,0.994,0,-0.0057,10.8958,-1.2787,1]},
{"frame":23,"values":[0.995,-0.0721,-0.0692,0,0.0735,0.9971,0.0177,0,0.0678,-0.0227,0.9974,0,-0.0057,10.8958,-1.2787,1]},
{"frame":24,"values":[0.9963,-0.0798,-0.0327,0,0.0801,0.9968,0.0076,0,0.032,-0.0102,0.9994,0,-0.0057,10.8958,-1.2787,1]},
{"frame":25,"values":[0.9963,-0.0861,-0.0006,0,0.0861,0.9963,-0.0001,0,0.0006,0,1,0,-0.0057,10.8958,-1.2787,1]}],"loopBehavior":1,"name":"anim","property":"_matrix"}},
{"name":"Spine1","index":2,"matrix":[0.9806,0.1105,-0.1619,0,-0.0408,0.923,0.3826,0,0.1917,-0.3686,0.9096,0,-0.0066,12.7117,-1.4918,1],"rest":[1,0,0,0,0,1,0,0,0,0,1,0,-0.0066,12.7117,-1.4918,1],"parentBoneIndex":1,"length":14.6274
,"animation":{"dataType":3,"framePerSecond":24,"keys":[
{"frame":1,"values":[0.9806,0.1105,-0.1619,0,-0.0408,0.923,0.3826,0,0.1917,-0.3686,0.9096,0,-0.0066,12.7117,-1.4918,1]},
{"frame":2,"values":[0.9807,0.1101,-0.1618,0,-0.0405,0.923,0.3828,0,0.1915,-0.3688,0.9096,0,-0.0066,12.7117,-1.4918,1]},
{"frame":3,"values":[0.9807,0.1102,-0.1614,0,-0.0405,0.9226,0.3836,0,0.1912,-0.3696,0.9093,0,-0.0066,12.7117,-1.4918,1]},
{"frame":4,"values":[0.9807,0.1109,-0.1612,0,-0.0409,0.922,0.3851,0,0.1914,-0.3711,0.9087,0,-0.0066,12.7117,-1.4918,1]},
{"frame":5,"values":[0.9806,0.1113,-0.1612,0,-0.0411,0.9215,0.3861,0,0.1916,-0.372,0.9083,0,-0.0066,12.7117,-1.4918,1]},
{"frame":6,"values":[0.9804,0.111,-0.1628,0,-0.0403,0.9217,0.3857,0,0.1928,-0.3716,0.9082,0,-0.0066,12.7117,-1.4918,1]},
{"frame":7,"values":[0.9803,0.1123,-0.1623,0,-0.0414,0.9211,0.3871,0,0.193,-0.3728,0.9076,0,-0.0066,12.7117,-1.4918,1]},
{"frame":8,"values":[0.981,0.1117,-0.1585,0,-0.0423,0.921,0.3872,0,0.1893,-0.3731,0.9083,0,-0.0066,12.7117,-1.4918,1]},
{"frame":9,"values":[0.9804,0.1056,-0.1666,0,-0.0338,0.9222,0.3853,0,0.1943,-0.3721,0.9076,0,-0.0066,12.7117,-1.4918,1]},
{"frame":10,"values":[0.9802,0.1023,-0.1696,0,-0.0299,0.9228,0.3842,0,0.1958,-0.3715,0.9075,0,-0.0066,12.7117,-1.4918,1]},
{"frame":11,"values":[0.9804,0.1,-0.1697,0,-0.028,0.9236,0.3824,0,0.195,-0.3702,0.9083,0,-0.0066,12.7117,-1.4918,1]},
{"frame":12,"values":[0.9808,0.0999,-0.1673,0,-0.0294,0.9246,0.3798,0,0.1926,-0.3676,0.9098,0,-0.0066,12.7117,-1.4918,1]},
{"frame":13,"values":[0.9811,0.1021,-0.1645,0,-0.0328,0.925,0.3785,0,0.1908,-0.3659,0.9109,0,-0.0066,12.7117,-1.4918,1]},
{"frame":14,"values":[0.981,0.1042,-0.1634,0,-0.0354,0.9253,0.3775,0,0.1905,-0.3646,0.9115,0,-0.0066,12.7117,-1.4918,1]},
{"frame":15,"values":[0.9809,0.1068,-0.1627,0,-0.0384,0.9259,0.3759,0,0.1907,-0.3625,0.9123,0,-0.0066,12.7117,-1.4918,1]},
{"frame":16,"values":[0.9807,0.1089,-0.1624,0,-0.0411,0.9267,0.3735,0,0.1912,-0.3596,0.9133,0,-0.0066,12.7117,-1.4918,1]},
{"frame":17,"values":[0.9804,0.1095,-0.1635,0,-0.0416,0.9274,0.3717,0,0.1924,-0.3577,0.9138,0,-0.0066,12.7117,-1.4918,1]},
{"frame":18,"values":[0.98,0.1071,-0.1675,0,-0.0383,0.9284,0.3697,0,0.195,-0.3559,0.9139,0,-0.0066,12.7117,-1.4918,1]},
{"frame":19,"values":[0.9787,0.1019,-0.1781,0,-0.0296,0.929,0.3689,0,0.2031,-0.3557,0.9123,0,-0.0066,12.7117,-1.4918,1]},
{"frame":20,"values":[0.9773,0.0949,-0.1896,0,-0.0188,0.9295,0.3682,0,0.2112,-0.3563,0.9102,0,-0.0066,12.7117,-1.4918,1]},
{"frame":21,"values":[0.9792,0.0984,-0.1775,0,-0.0263,0.9289,0.3694,0,0.2012,-0.3571,0.9122,0,-0.0066,12.7117,-1.4918,1]},
{"frame":22,"values":[0.9808,0.1008,-0.1671,0,-0.0321,0.928,0.3713,0,0.1925,-0.3587,0.9134,0,-0.0066,12.7117,-1.4918,1]},
{"frame":23,"values":[0.9809,0.1039,-0.1647,0,-0.0352,0.9265,0.3747,0,0.1915,-0.3617,0.9124,0,-0.0066,12.7117,-1.4918,1]},
{"frame":24,"values":[0.9807,0.1077,-0.1631,0,-0.0384,0.9243,0.3797,0,0.1917,-0.3661,0.9106,0,-0.0066,12.7117,-1.4918,1]},
{"frame":25,"values":[0.9806,0.1105,-0.1618,0,-0.0409,0.923,0.3825,0,0.1916,-0.3685,0.9097,0,-0.0066,12.7117,-1.4918,1]}],"loopBehavior":1,"name":"anim","property":"_matrix"}},
{"name":"Spine2","index":3,"matrix":[0.9681,0.1589,-0.1936,0,-0.0831,0.933,0.3503,0,0.2363,-0.323,0.9164,0,-0.0076,14.5277,-1.7049,1],"rest":[1,0,0,0,0,1,0,0,0,0,1,0,-0.0076,14.5277,-1.7049,1],"parentBoneIndex":2,"length":15.4826
,"animation":{"dataType":3,"framePerSecond":24,"keys":[
{"frame":1,"values":[0.9681,0.1589,-0.1936,0,-0.0831,0.933,0.3503,0,0.2363,-0.323,0.9164,0,-0.0076,14.5277,-1.7049,1]},
{"frame":2,"values":[0.9682,0.1585,-0.1936,0,-0.0827,0.933,0.3503,0,0.2361,-0.3231,0.9164,0,-0.0076,14.5277,-1.7049,1]},
{"frame":3,"values":[0.9682,0.1587,-0.1936,0,-0.0827,0.9327,0.3511,0,0.2363,-0.3239,0.9161,0,-0.0076,14.5277,-1.7049,1]},
{"frame":4,"values":[0.968,0.1597,-0.1936,0,-0.0833,0.9321,0.3525,0,0.2367,-0.3251,0.9156,0,-0.0076,14.5277,-1.7049,1]},
{"frame":5,"values":[0.9679,0.1602,-0.1936,0,-0.0835,0.9317,0.3535,0,0.237,-0.326,0.9152,0,-0.0076,14.5277,-1.7049,1]},
{"frame":6,"values":[0.9679,0.1588,-0.1948,0,-0.0817,0.9319,0.3535,0,0.2377,-0.3262,0.9149,0,-0.0076,14.5277,-1.7049,1]},
{"frame":7,"values":[0.9678,0.1598,-0.1945,0,-0.0825,0.9313,0.3549,0,0.2378,-0.3274,0.9145,0,-0.0076,14.5277,-1.7049,1]},
{"frame":8,"values":[0.9684,0.1608,-0.1909,0,-0.0848,0.9312,0.3544,0,0.2347,-0.3271,0.9154,0,-0.0076,14.5277,-1.7049,1]},
{"frame":9,"values":[0.9686,0.1527,-0.1963,0,-0.0751,0.9321,0.3543,0,0.2371,-0.3284,0.9143,0,-0.0076,14.5277,-1.7049,1]},
{"frame":10,"values":[0.9689,0.1486,-0.1978,0,-0.0708,0.9326,0.354,0,0.2371,-0.329,0.9141,0,-0.0076,14.5277,-1.7049,1]},
{"frame":11,"values":[0.9694,0.1461,-0.1971,0,-0.069,0.9332,0.3525,0,0.2355,-0.3282,0.9148,0,-0.0076,14.5277,-1.7049,1]},
{"frame":12,"values":[0.9697,0.1466,-0.1953,0,-0.0708,0.9342,0.3495,0,0.2337,-0.3251,0.9163,0,-0.0076,14.5277,-1.7049,1]},
{"frame":13,"values":[0.9696,0.1495,-0.1938,0,-0.0747,0.9348,0.3473,0,0.2331,-0.3223,0.9175,0,-0.0076,14.5277,-1.7049,1]},
{"frame":14,"values":[0.9692,0.1519,-0.1938,0,-0.0775,0.9351,0.3457,0,0.2338,-0.3201,0.9181,0,-0.0076,14.5277,-1.7049,1]},
{"frame":15,"values":[0.9686,0.1548,-0.1945,0,-0.0806,0.9357,0.3434,0,0.2352,-0.3169,0.9188,0,-0.0076,14.5277,-1.7049,1]},
{"frame":16,"values":[0.9681,0.1568,-0.1957,0,-0.0829,0.9367,0.3403,0,0.2366,-0.3132,0.9197,0,-0.0076,14.5277,-1.7049,1]},
{"frame":17,"values":[0.9677,0.157,-0.1973,0,-0.0831,0.9373,0.3384,0,0.2381,-0.3111,0.9201,0,-0.0076,14.5277,-1.7049,1]},
{"frame":18,"values":[0.9677,0.1534,-0.2003,0,-0.079,0.9382,0.3371,0,0.2396,-0.3104,0.9199,0,-0.0076,14.5277,-1.7049,1]},
{"frame":19,"values":[0.9674,0.1448,-0.2079,0,-0.0677,0.9385,0.3386,0,0.2441,-0.3134,0.9177,0,-0.0076,14.5277,-1.7049,1]},
{"frame":20,"values":[0.9673,0.1341,-0.2154,0,-0.0542,0.9386,0.3409,0,0.2479,-0.318,0.9151,0,-0.0076,14.5277,-1.7049,1]},
{"frame":21,"values":[0.9684,0.141,-0.2055,0,-0.0645,0.9382,0.34,0,0.2408,-0.316,0.9177,0,-0.0076,14.5277,-1.7049,1]},
{"frame":22,"values":[0.9694,0.1467,-0.1967,0,-0.0728,0.9375,0.3402,0,0.2344,-0.3155,0.9195,0,-0.0076,14.5277,-1.7049,1]},
{"frame":23,"values":[0.9691,0.1508,-0.1952,0,-0.0766,0.9362,0.343,0,0.2345,-0.3174,0.9188,0,-0.0076,14.5277,-1.7049,1]},
{"frame":24,"values":[0.9685,0.1555,-0.1947,0,-0.0802,0.9342,0.3475,0,0.2359,-0.3209,0.9173,0,-0.0076,14.5277,-1.7049,1]},
{"frame":25,"values":[0.9681,0.1588,-0.1941,0,-0.0829,0.9331,0.3499,0,0.2366,-0.3227,0.9164,0,-0.0076,14.5277,-1.7049,1]}],"loopBehavior":1,"name":"anim","property":"_matrix"}},
{"name":"Neck","index":4,"matrix":[0.9992,0.036,-0.0201,0,-0.0384,0.9897,-0.1378,0,0.0149,0.1385,0.9903,0,-0.0085,16.3436,-1.918,1],"rest":[1,0,0,0,0,1,0,0,0,0,1,0,-0.0085,16.3436,-1.918,1],"parentBoneIndex":3,"length":7.7098
,"animation":{"dataType":3,"framePerSecond":24,"keys":[
{"frame":1,"values":[0.9992,0.036,-0.0201,0,-0.0384,0.9897,-0.1378,0,0.0149,0.1385,0.9903,0,-0.0085,16.3436,-1.918,1]},
{"frame":2,"values":[0.9992,0.0354,-0.0162,0,-0.0373,0.9898,-0.1378,0,0.0112,0.1383,0.9903,0,-0.0085,16.3436,-1.918,1]},
{"frame":3,"values":[0.9993,0.0349,-0.0132,0,-0.0364,0.9898,-0.1378,0,0.0083,0.1382,0.9904,0,-0.0085,16.3436,-1.918,1]},
{"frame":4,"values":[0.9993,0.0345,-0.011,0,-0.0357,0.9898,-0.1378,0,0.0061,0.1381,0.9904,0,-0.0085,16.3436,-1.918,1]},
{"frame":5,"values":[0.9994,0.0344,-0.0095,0,-0.0353,0.9898,-0.1378,0,0.0046,0.1381,0.9904,0,-0.0085,16.3436,-1.918,1]},
{"frame":6,"values":[0.9994,0.0343,-0.0087,0,-0.0352,0.9898,-0.1378,0,0.0039,0.1381,0.9904,0,-0.0085,16.3436,-1.918,1]},
{"frame":7,"values":[0.9994,0.0343,-0.0085,0,-0.0351,0.9898,-0.1378,0,0.0037,0.1381,0.9904,0,-0.0085,16.3436,-1.918,1]},
{"frame":8,"values":[0.9994,0.0343,-0.0089,0,-0.0352,0.9898,-0.1378,0,0.0041,0.1381,0.9904,0,-0.0085,16.3436,-1.918,1]},
{"frame":9,"values":[0.9994,0.0344,-0.0101,0,-0.0355,0.9898,-0.1378,0,0.0052,0.1381,0.9904,0,-0.0085,16.3436,-1.918,1]},
{"frame":10,"values":[0.9993,0.0348,-0.0125,0,-0.0362,0.9898,-0.1378,0,0.0076,0.1382,0.9904,0,-0.0085,16.3436,-1.918,1]},
{"frame":11,"values":[0.9993,0.0353,-0.0154,0,-0.037,0.9898,-0.1378,0,0.0104,0.1383,0.9903,0,-0.0085,16.3436,-1.918,1]},
{"frame":12,"values":[0.9992,0.0358,-0.019,0,-0.0381,0.9897,-0.1378,0,0.0138,0.1384,0.9903,0,-0.0085,16.3436,-1.918,1]},
{"frame":13,"values":[0.9991,0.0364,-0.0228,0,-0.0392,0.9897,-0.1378,0,0.0176,0.1386,0.9902,0,-0.0085,16.3436,-1.918,1]},
{"frame":14,"values":[0.9989,0.0371,-0.0271,0,-0.0405,0.9896,-0.1378,0,0.0217,0.1388,0.9901,0,-0.0085,16.3436,-1.918,1]},
{"frame":15,"values":[0.9988,0.0378,-0.0316,0,-0.0418,0.9896,-0.1378,0,0.026,0.1389,0.99,0,-0.0085,16.3436,-1.918,1]},
{"frame":16,"values":[0.9986,0.0385,-0.036,0,-0.0431,0.9895,-0.1378,0,0.0303,0.1391,0.9898,0,-0.0085,16.3436,-1.918,1]},
{"frame":17,"values":[0.9984,0.0391,-0.0399,0,-0.0443,0.9895,-0.1377,0,0.0341,0.1393,0.9897,0,-0.0085,16.3436,-1.918,1]},
{"frame":18,"values":[0.9983,0.0396,-0.043,0,-0.0452,0.9894,-0.1377,0,0.0371,0.1394,0.9895,0,-0.0085,16.3436,-1.918,1]},
{"frame":19,"values":[0.9982,0.0399,-0.0451,0,-0.0458,0.9894,-0.1377,0,0.0391,0.1395,0.9894,0,-0.0085,16.3436,-1.918,1]},
{"frame":20,"values":[0.9982,0.04,-0.0455,0,-0.0459,0.9894,-0.1377,0,0.0395,0.1395,0.9894,0,-0.0085,16.3436,-1.918,1]},
{"frame":21,"values":[0.9983,0.0396,-0.0431,0,-0.0452,0.9894,-0.1377,0,0.0372,0.1394,0.9895,0,-0.0085,16.3436,-1.918,1]},
{"frame":22,"values":[0.9985,0.0388,-0.038,0,-0.0437,0.9895,-0.1378,0,0.0323,0.1392,0.9897,0,-0.0085,16.3436,-1.918,1]},
{"frame":23,"values":[0.9988,0.0378,-0.0316,0,-0.0418,0.9896,-0.1378,0,0.026,0.1389,0.99,0,-0.0085,16.3436,-1.918,1]},
{"frame":24,"values":[0.999,0.0368,-0.0252,0,-0.0399,0.9897,-0.1378,0,0.0198,0.1387,0.9901,0,-0.0085,16.3436,-1.918,1]},
{"frame":25,"values":[0.9992,0.036,-0.0201,0,-0.0384,0.9897,-0.1378,0,0.0149,0.1385,0.9903,0,-0.0085,16.3436,-1.918,1]}],"loopBehavior":1,"name":"anim","property":"_matrix"}},
{"name":"Head","index":5,"matrix":[0.9081,-0.2306,-0.3496,0,0.1611,0.9628,-0.2169,0,0.3866,0.1407,0.9115,0,0,7.4726,1.8977,1],"rest":[1,0,0,0,0,1,0,0,0,0,1,0,0,7.4726,1.8977,1],"parentBoneIndex":4,"length":26.3062
,"animation":{"dataType":3,"framePerSecond":24,"keys":[
{"frame":1,"values":[0.9081,-0.2306,-0.3496,0,0.1611,0.9628,-0.2169,0,0.3866,0.1407,0.9115,0,0,7.4726,1.8977,1]},
{"frame":2,"values":[0.9106,-0.2309,-0.3428,0,0.1632,0.9629,-0.2151,0,0.3797,0.1399,0.9145,0,0,7.4726,1.8977,1]},
{"frame":3,"values":[0.9126,-0.2311,-0.3374,0,0.1649,0.9629,-0.2137,0,0.3742,0.1394,0.9168,0,0,7.4726,1.8977,1]},
{"frame":4,"values":[0.914,-0.2313,-0.3334,0,0.1661,0.9629,-0.2126,0,0.3702,0.1389,0.9185,0,0,7.4726,1.8977,1]},
{"frame":5,"values":[0.9149,-0.2314,-0.3307,0,0.1669,0.9629,-0.2119,0,0.3674,0.1387,0.9196,0,0,7.4726,1.8977,1]},
{"frame":6,"values":[0.9155,-0.2314,-0.3292,0,0.1673,0.9629,-0.2116,0,0.366,0.1386,0.9202,0,0,7.4726,1.8977,1]},
{"frame":7,"values":[0.9156,-0.2314,-0.3289,0,0.1674,0.9629,-0.2114,0,0.3656,0.1386,0.9204,0,0,7.4726,1.8977,1]},
{"frame":8,"values":[0.9153,-0.2314,-0.3296,0,0.1672,0.9629,-0.2116,0,0.3663,0.1386,0.9201,0,0,7.4726,1.8977,1]},
{"frame":9,"values":[0.9146,-0.2313,-0.3318,0,0.1666,0.9629,-0.2122,0,0.3686,0.1388,0.9192,0,0,7.4726,1.8977,1]},
{"frame":10,"values":[0.913,-0.2312,-0.3361,0,0.1653,0.9629,-0.2134,0,0.373,0.1393,0.9173,0,0,7.4726,1.8977,1]},
{"frame":11,"values":[0.9111,-0.231,-0.3413,0,0.1636,0.9629,-0.2147,0,0.3782,0.1398,0.9151,0,0,7.4726,1.8977,1]},
{"frame":12,"values":[0.9088,-0.2307,-0.3477,0,0.1616,0.9628,-0.2164,0,0.3847,0.1405,0.9123,0,0,7.4726,1.8977,1]},
{"frame":13,"values":[0.9063,-0.2302,-0.3545,0,0.1592,0.9628,-0.2182,0,0.3916,0.1413,0.9092,0,0,7.4726,1.8977,1]},
{"frame":14,"values":[0.9034,-0.2298,-0.3621,0,0.1566,0.9628,-0.2202,0,0.3992,0.1422,0.9058,0,0,7.4726,1.8977,1]},
{"frame":15,"values":[0.9003,-0.2293,-0.3701,0,0.1538,0.9628,-0.2223,0,0.4072,0.1432,0.902,0,0,7.4726,1.8977,1]},
{"frame":16,"values":[0.8972,-0.2288,-0.3778,0,0.1511,0.9627,-0.2243,0,0.415,0.1441,0.8983,0,0,7.4726,1.8977,1]},
{"frame":17,"values":[0.8943,-0.2284,-0.3848,0,0.1485,0.9627,-0.2261,0,0.4221,0.145,0.8949,0,0,7.4726,1.8977,1]},
{"frame":18,"values":[0.892,-0.2281,-0.3903,0,0.1466,0.9627,-0.2275,0,0.4276,0.1457,0.8921,0,0,7.4726,1.8977,1]},
{"frame":19,"values":[0.8905,-0.2279,-0.3939,0,0.1454,0.9627,-0.2284,0,0.4312,0.1461,0.8903,0,0,7.4726,1.8977,1]},
{"frame":20,"values":[0.8901,-0.2279,-0.3946,0,0.1451,0.9626,-0.2286,0,0.432,0.1462,0.8899,0,0,7.4726,1.8977,1]},
{"frame":21,"values":[0.8919,-0.2281,-0.3905,0,0.1465,0.9627,-0.2275,0,0.4278,0.1457,0.8921,0,0,7.4726,1.8977,1]},
{"frame":22,"values":[0.8957,-0.2286,-0.3814,0,0.1498,0.9627,-0.2252,0,0.4187,0.1446,0.8965,0,0,7.4726,1.8977,1]},
{"frame":23,"values":[0.9003,-0.2293,-0.3701,0,0.1538,0.9628,-0.2223,0,0.4073,0.1432,0.902,0,0,7.4726,1.8977,1]},
{"frame":24,"values":[0.9047,-0.23,-0.3587,0,0.1578,0.9628,-0.2193,0,0.3958,0.1418,0.9073,0,0,7.4726,1.8977,1]},
{"frame":25,"values":[0.9081,-0.2305,-0.3496,0,0.1609,0.9628,-0.2169,0,0.3866,0.1407,0.9114,0,0,7.4726,1.8977,1]}],"loopBehavior":1,"name":"anim","property":"_matrix"}},
{"name":"HeadTop_End","index":6,"matrix":[1,0,0,0,0,1,0,0,0,0,1,0,0,25.4969,6.475,1],"rest":[1,0,0,0,0,1,0,0,0,0,1,0,0,25.4969,6.475,1],"parentBoneIndex":5,"length":26.3062
,"animation":{"dataType":3,"framePerSecond":24,"keys":[
{"frame":1,"values":[1,0,0,0,0,1,0,0,0,0,1,0,0,25.4969,6.475,1]},
{"frame":9,"values":[1,0,0,0,0,1,0,0,0,0,1,0,0,25.497,6.475,1]},
{"frame":10,"values":[1,0,0,0,0,1,0,0,0,0,1,0,0,25.4969,6.475,1]},
{"frame":25,"values":[1,0,0,0,0,1,0,0,0,0,1,0,0,25.4969,6.475,1]}],"loopBehavior":1,"name":"anim","property":"_matrix"}},
{"name":"LeftShoulder","index":7,"matrix":[0.8275,-0.0624,0.558,0,0.0866,0.9961,-0.0172,0,-0.5548,0.0625,0.8296,0,5.5507,13.7754,-1.9265,1],"rest":[1,-0.002,0,0,0.002,1,0,0,0,0,1,0,5.5507,13.7754,-1.9265,1],"parentBoneIndex":3,"length":12.2475
,"animation":{"dataType":3,"framePerSecond":24,"keys":[
{"frame":1,"values":[0.8275,-0.0624,0.558,0,0.0866,0.9961,-0.0172,0,-0.5548,0.0625,0.8296,0,5.5507,13.7754,-1.9265,1]},
{"frame":2,"values":[0.8156,-0.0731,0.5739,0,0.1082,0.9938,-0.0272,0,-0.5684,0.0843,0.8184,0,5.5507,13.7754,-1.9265,1]},
{"frame":3,"values":[0.801,-0.0819,0.5931,0,0.1296,0.9908,-0.0383,0,-0.5845,0.1076,0.8042,0,5.5507,13.7754,-1.9265,1]},
{"frame":4,"values":[0.7856,-0.0784,0.6138,0,0.1351,0.9897,-0.0464,0,-0.6038,0.1194,0.7881,0,5.5507,13.7754,-1.9265,1]},
{"frame":5,"values":[0.7714,-0.0622,0.6333,0,0.1209,0.9914,-0.0499,0,-0.6247,0.1151,0.7723,0,5.5507,13.7754,-1.9265,1]},
{"frame":6,"values":[0.7598,-0.0392,0.649,0,0.0934,0.9944,-0.0493,0,-0.6434,0.0981,0.7592,0,5.5507,13.7754,-1.9265,1]},
{"frame":7,"values":[0.7507,-0.0146,0.6604,0,0.0594,0.9972,-0.0454,0,-0.6579,0.0733,0.7495,0,5.5507,13.7754,-1.9265,1]},
{"frame":8,"values":[0.7364,0.0087,0.6765,0,0.0246,0.9989,-0.0396,0,-0.6761,0.0458,0.7354,0,5.5507,13.7754,-1.9265,1]},
{"frame":9,"values":[0.732,0.0114,0.6812,0,0.0114,0.9995,-0.0289,0,-0.6812,0.0289,0.7315,0,5.5507,13.7754,-1.9265,1]},
{"frame":10,"values":[0.7724,0.0081,0.6351,0,0.0064,0.9998,-0.0207,0,-0.6351,0.0201,0.7721,0,5.5507,13.7754,-1.9265,1]},
{"frame":11,"values":[0.7922,0.0029,0.6103,0,0.0099,0.9998,-0.0175,0,-0.6102,0.0199,0.792,0,5.5507,13.7754,-1.9265,1]},
{"frame":12,"values":[0.8139,-0.0208,0.5806,0,0.0349,0.9993,-0.0131,0,-0.58,0.0309,0.8141,0,5.5507,13.7754,-1.9265,1]},
{"frame":13,"values":[0.8352,-0.0469,0.5479,0,0.0615,0.9981,-0.0083,0,-0.5464,0.0406,0.8365,0,5.5507,13.7754,-1.9265,1]},
{"frame":14,"values":[0.8547,-0.0713,0.5141,0,0.0846,0.9964,-0.0025,0,-0.5121,0.0457,0.8577,0,5.5507,13.7754,-1.9265,1]},
{"frame":15,"values":[0.872,-0.0894,0.4813,0,0.0995,0.995,0.0045,0,-0.4793,0.044,0.8766,0,5.5507,13.7754,-1.9265,1]},
{"frame":16,"values":[0.8872,-0.0956,0.4513,0,0.1002,0.9949,0.0137,0,-0.4503,0.0331,0.8922,0,5.5507,13.7754,-1.9265,1]},
{"frame":17,"values":[0.9003,-0.0893,0.4261,0,0.0873,0.9959,0.0242,0,-0.4265,0.0154,0.9044,0,5.5507,13.7754,-1.9265,1]},
{"frame":18,"values":[0.91,-0.0741,0.408,0,0.0658,0.9972,0.0344,0,-0.4094,-0.0045,0.9123,0,5.5507,13.7754,-1.9265,1]},
{"frame":19,"values":[0.9156,-0.0561,0.3982,0,0.0427,0.9982,0.0424,0,-0.3999,-0.0218,0.9163,0,5.5507,13.7754,-1.9265,1]},
{"frame":20,"values":[0.9154,-0.0411,0.4005,0,0.0248,0.9986,0.0459,0,-0.4019,-0.0321,0.9151,0,5.5507,13.7754,-1.9265,1]},
{"frame":21,"values":[0.9089,-0.0337,0.4156,0,0.0176,0.9989,0.0425,0,-0.4166,-0.0313,0.9086,0,5.5507,13.7754,-1.9265,1]},
{"frame":22,"values":[0.8929,-0.037,0.4487,0,0.0258,0.9992,0.0311,0,-0.4495,-0.0162,0.8931,0,5.5507,13.7754,-1.9265,1]},
{"frame":23,"values":[0.8729,-0.0456,0.4857,0,0.0435,0.9989,0.0154,0,-0.4859,0.0077,0.874,0,5.5507,13.7754,-1.9265,1]},
{"frame":24,"values":[0.8497,-0.0552,0.5244,0,0.0659,0.9978,-0.0017,0,-0.5232,0.036,0.8515,0,5.5507,13.7754,-1.9265,1]},
{"frame":25,"values":[0.8275,-0.0624,0.558,0,0.0866,0.9961,-0.0172,0,-0.5548,0.0625,0.8296,0,5.5507,13.7754,-1.9265,1]}],"loopBehavior":1,"name":"anim","property":"_matrix"}},
{"name":"LeftArm","index":8,"matrix":[0.6007,-0.3174,0.7337,0,0.7881,0.3893,-0.4768,0,-0.1343,0.8647,0.484,0,11.8394,-3.1354,-0.0171,1],"rest":[0.9973,-0.0184,0.0706,0,0.0183,0.9998,0.0011,0,-0.0707,0.0002,0.9975,0,11.8394,-3.1354,-0.0171,1],"parentBoneIndex":7,"length":29.2403
,"animation":{"dataType":3,"framePerSecond":24,"keys":[
{"frame":1,"values":[0.6007,-0.3174,0.7337,0,0.7881,0.3893,-0.4768,0,-0.1343,0.8647,0.484,0,11.8394,-3.1354,-0.0171,1]},
{"frame":2,"values":[0.6049,-0.3187,0.7298,0,0.7845,0.3959,-0.4774,0,-0.1368,0.8612,0.4895,0,11.8394,-3.1354,-0.0171,1]},
{"frame":3,"values":[0.6141,-0.3186,0.7221,0,0.7777,0.4002,-0.4848,0,-0.1346,0.8593,0.4935,0,11.8394,-3.1354,-0.0171,1]},
{"frame":4,"values":[0.6247,-0.3208,0.712,0,0.7712,0.3966,-0.498,0,-0.1226,0.8601,0.4951,0,11.8394,-3.1354,-0.0171,1]},
{"frame":5,"values":[0.6368,-0.3232,0.7001,0,0.7643,0.3843,-0.5178,0,-0.1017,0.8648,0.4917,0,11.8394,-3.1354,-0.0171,1]},
{"frame":6,"values":[0.6474,-0.3171,0.693,0,0.7571,0.372,-0.5371,0,-0.0875,0.8724,0.4809,0,11.8394,-3.1354,-0.0171,1]},
{"frame":7,"values":[0.6595,-0.3052,0.6869,0,0.7475,0.363,-0.5563,0,-0.0796,0.8804,0.4676,0,11.8394,-3.1354,-0.0171,1]},
{"frame":8,"values":[0.6776,-0.3105,0.6666,0,0.7332,0.3553,-0.5798,0,-0.0568,0.8817,0.4684,0,11.8394,-3.1354,-0.0171,1]},
{"frame":9,"values":[0.6909,-0.3215,0.6476,0,0.7219,0.3557,-0.5936,0,-0.0395,0.8776,0.4778,0,11.8394,-3.1354,-0.0171,1]},
{"frame":10,"values":[0.6544,-0.3197,0.6852,0,0.7537,0.3481,-0.5575,0,-0.0603,0.8813,0.4687,0,11.8394,-3.1354,-0.0171,1]},
{"frame":11,"values":[0.6435,-0.3301,0.6906,0,0.7635,0.3415,-0.5482,0,-0.0549,0.88,0.4718,0,11.8394,-3.1354,-0.0171,1]},
{"frame":12,"values":[0.6356,-0.3338,0.6962,0,0.7685,0.3595,-0.5293,0,-0.0736,0.8714,0.485,0,11.8394,-3.1354,-0.0171,1]},
{"frame":13,"values":[0.6277,-0.3317,0.7042,0,0.7724,0.378,-0.5104,0,-0.0969,0.8644,0.4935,0,11.8394,-3.1354,-0.0171,1]},
{"frame":14,"values":[0.6186,-0.3297,0.7132,0,0.7765,0.3952,-0.4908,0,-0.12,0.8574,0.5004,0,11.8394,-3.1354,-0.0171,1]},
{"frame":15,"values":[0.6087,-0.3377,0.718,0,0.7823,0.4068,-0.4718,0,-0.1328,0.8488,0.5117,0,11.8394,-3.1354,-0.0171,1]},
{"frame":16,"values":[0.6018,-0.3493,0.7182,0,0.7876,0.4089,-0.461,0,-0.1327,0.8431,0.5211,0,11.8394,-3.1354,-0.0171,1]},
{"frame":17,"values":[0.593,-0.3634,0.7185,0,0.7954,0.4029,-0.4527,0,-0.125,0.84,0.528,0,11.8394,-3.1354,-0.0171,1]},
{"frame":18,"values":[0.58,-0.3649,0.7283,0,0.8048,0.3952,-0.4429,0,-0.1262,0.843,0.5228,0,11.8394,-3.1354,-0.0171,1]},
{"frame":19,"values":[0.5648,-0.3591,0.743,0,0.8158,0.3786,-0.4372,0,-0.1243,0.8531,0.5067,0,11.8394,-3.1354,-0.0171,1]},
{"frame":20,"values":[0.5582,-0.3651,0.7451,0,0.8234,0.3545,-0.4431,0,-0.1024,0.8608,0.4985,0,11.8394,-3.1354,-0.0171,1]},
{"frame":21,"values":[0.5689,-0.3658,0.7366,0,0.8166,0.3573,-0.4533,0,-0.0974,0.8594,0.502,0,11.8394,-3.1354,-0.0171,1]},
{"frame":22,"values":[0.586,-0.3631,0.7244,0,0.8055,0.3582,-0.4721,0,-0.0881,0.8601,0.5024,0,11.8394,-3.1354,-0.0171,1]},
{"frame":23,"values":[0.5891,-0.349,0.7288,0,0.8019,0.3638,-0.4739,0,-0.0998,0.8636,0.4941,0,11.8394,-3.1354,-0.0171,1]},
{"frame":24,"values":[0.593,-0.3342,0.7326,0,0.7967,0.375,-0.4739,0,-0.1164,0.8647,0.4887,0,11.8394,-3.1354,-0.0171,1]},
{"frame":25,"values":[0.6014,-0.3179,0.7329,0,0.7877,0.3895,-0.4774,0,-0.1337,0.8644,0.4847,0,11.8394,-3.1354,-0.0171,1]}],"loopBehavior":1,"name":"anim","property":"_matrix"}},
{"name":"LeftForeArm","index":9,"matrix":[0.204,-0.0553,0.9774,0,0.9281,-0.3067,-0.2111,0,0.3114,0.9502,-0.0113,0,29.1612,0.5949,-2.0659,1],"rest":[0.9973,0.0203,-0.0707,0,-0.0203,0.9998,0.0007,0,0.0707,0.0007,0.9975,0,29.1612,0.5949,-2.0659,1],"parentBoneIndex":8,"length":29.6649
,"animation":{"dataType":3,"framePerSecond":24,"keys":[
{"frame":1,"values":[0.204,-0.0553,0.9774,0,0.9281,-0.3067,-0.2111,0,0.3114,0.9502,-0.0113,0,29.1612,0.5949,-2.0659,1]},
{"frame":2,"values":[0.1996,-0.0524,0.9785,0,0.9415,-0.2665,-0.2063,0,0.2716,0.9624,-0.0038,0,29.1612,0.5949,-2.0659,1]},
{"frame":3,"values":[0.1916,-0.051,0.9802,0,0.9492,-0.2445,-0.1982,0,0.2498,0.9683,0.0016,0,29.1612,0.5949,-2.0659,1]},
{"frame":4,"values":[0.1912,-0.0541,0.9801,0,0.9372,-0.2869,-0.1986,0,0.2919,0.9564,-0.0041,0,29.1612,0.5949,-2.0659,1]},
{"frame":5,"values":[0.1861,-0.0556,0.981,0,0.9341,-0.2995,-0.1942,0,0.3046,0.9525,-0.0038,0,29.1612,0.5949,-2.0659,1]},
{"frame":6,"values":[0.1807,-0.0563,0.9819,0,0.9348,-0.3005,-0.1893,0,0.3057,0.9521,-0.0017,0,29.1612,0.5949,-2.0659,1]},
{"frame":7,"values":[0.1613,-0.0577,0.9852,0,0.9348,-0.311,-0.1713,0,0.3163,0.9486,0.0038,0,29.1612,0.5949,-2.0659,1]},
{"frame":8,"values":[0.1431,-0.0586,0.988,0,0.9355,-0.3179,-0.1543,0,0.3231,0.9463,0.0094,0,29.1612,0.5949,-2.0659,1]},
{"frame":9,"values":[0.1433,-0.0585,0.988,0,0.9403,-0.3032,-0.1543,0,0.3086,0.9511,0.0115,0,29.1612,0.5949,-2.0659,1]},
{"frame":10,"values":[0.1599,-0.0575,0.9855,0,0.9418,-0.29,-0.1698,0,0.2956,0.9553,0.0078,0,29.1612,0.5949,-2.0659,1]},
{"frame":11,"values":[0.1493,-0.0574,0.9871,0,0.9439,-0.2892,-0.1596,0,0.2946,0.9555,0.011,0,29.1612,0.5949,-2.0659,1]},
{"frame":12,"values":[0.1476,-0.0575,0.9874,0,0.9399,-0.3026,-0.1581,0,0.3079,0.9514,0.0094,0,29.1612,0.5949,-2.0659,1]},
{"frame":13,"values":[0.1404,-0.0578,0.9884,0,0.9345,-0.3221,-0.1516,0,0.3272,0.9449,0.0088,0,29.1612,0.5949,-2.0659,1]},
{"frame":14,"values":[0.1201,-0.0585,0.991,0,0.9302,-0.3421,-0.1329,0,0.3468,0.9379,0.0133,0,29.1612,0.5949,-2.0659,1]},
{"frame":15,"values":[0.1014,-0.0592,0.9931,0,0.9255,-0.3605,-0.116,0,0.3648,0.9309,0.0183,0,29.1612,0.5949,-2.0659,1]},
{"frame":16,"values":[0.0808,-0.0601,0.9949,0,0.922,-0.3746,-0.0975,0,0.3786,0.9252,0.0251,0,29.1612,0.5949,-2.0659,1]},
{"frame":17,"values":[0.0669,-0.0605,0.9959,0,0.9222,-0.3772,-0.0848,0,0.3808,0.9241,0.0306,0,29.1612,0.5949,-2.0659,1]},
{"frame":18,"values":[0.07,-0.0577,0.9959,0,0.9386,-0.3343,-0.0854,0,0.3379,0.9407,0.0308,0,29.1612,0.5949,-2.0659,1]},
{"frame":19,"values":[0.0903,-0.0572,0.9943,0,0.9429,-0.3166,-0.1038,0,0.3207,0.9468,0.0253,0,29.1612,0.5949,-2.0659,1]},
{"frame":20,"values":[0.1062,-0.0572,0.9927,0,0.948,-0.2955,-0.1185,0,0.3001,0.9536,0.0229,0,29.1612,0.5949,-2.0659,1]},
{"frame":21,"values":[0.0973,-0.0566,0.9936,0,0.9523,-0.2847,-0.1095,0,0.2891,0.9569,0.0262,0,29.1612,0.5949,-2.0659,1]},
{"frame":22,"values":[0.1013,-0.0563,0.9933,0,0.9507,-0.2886,-0.1134,0,0.2931,0.9558,0.0243,0,29.1612,0.5949,-2.0659,1]},
{"frame":23,"values":[0.1405,-0.056,0.9885,0,0.9437,-0.2942,-0.1509,0,0.2993,0.9541,0.0115,0,29.1612,0.5949,-2.0659,1]},
{"frame":24,"values":[0.1793,-0.0518,0.9824,0,0.9509,-0.2469,-0.1866,0,0.2522,0.9677,0.005,0,29.1612,0.5949,-2.0659,1]},
{"frame":25,"values":[0.2032,-0.0554,0.9776,0,0.9281,-0.3072,-0.2103,0,0.3119,0.95,-0.011,0,29.1612,0.5949,-2.0659,1]}],"loopBehavior":1,"name":"anim","property":"_matrix"}},
{"name":"LeftHand","index":10,"matrix":[0.9974,0.0715,0.0108,0,-0.0541,0.8374,-0.544,0,-0.0479,0.542,0.839,0,29.6649,0,0,1],"rest":[1,0,0,0,0,1,-0.0011,0,0,0.0011,1,0,29.6649,0,0,1],"parentBoneIndex":9,"length":11.8196
,"animation":{"dataType":3,"framePerSecond":24,"keys":[
{"frame":1,"values":[0.9974,0.0715,0.0108,0,-0.0541,0.8374,-0.544,0,-0.0479,0.542,0.839,0,29.6649,0,0,1]},
{"frame":2,"values":[0.9962,0.0867,-0.0071,0,-0.0755,0.8222,-0.5642,0,-0.0431,0.5626,0.8256,0,29.6649,0,0,1]},
{"frame":3,"values":[0.9941,0.1058,-0.0246,0,-0.1009,0.8146,-0.5712,0,-0.0404,0.5703,0.8204,0,29.6649,0,0,1]},
{"frame":4,"values":[0.9935,0.1096,-0.0298,0,-0.1088,0.843,-0.5268,0,-0.0326,0.5266,0.8495,0,29.6649,0,0,1]},
{"frame":5,"values":[0.9934,0.1096,-0.0353,0,-0.1121,0.8504,-0.5141,0,-0.0263,0.5147,0.857,0,29.6649,0,0,1]},
{"frame":6,"values":[0.9929,0.1128,-0.037,0,-0.1156,0.8472,-0.5185,0,-0.0272,0.5191,0.8543,0,29.6649,0,0,1]},
{"frame":7,"values":[0.9916,0.1274,-0.0244,0,-0.1212,0.8434,-0.5234,0,-0.0461,0.5219,0.8518,0,29.6649,0,0,1]},
{"frame":8,"values":[0.992,0.1261,-0.0054,0,-0.1099,0.8418,-0.5284,0,-0.0621,0.5248,0.849,0,29.6649,0,0,1]},
{"frame":9,"values":[0.9945,0.1046,0.0002,0,-0.0876,0.8336,-0.5454,0,-0.0572,0.5424,0.8382,0,29.6649,0,0,1]},
{"frame":10,"values":[0.9955,0.0944,0.0017,0,-0.0778,0.8311,-0.5507,0,-0.0534,0.5481,0.8347,0,29.6649,0,0,1]},
{"frame":11,"values":[0.9946,0.1038,0.0037,0,-0.0848,0.8318,-0.5485,0,-0.06,0.5452,0.8362,0,29.6649,0,0,1]},
{"frame":12,"values":[0.9941,0.1081,0.0112,0,-0.0853,0.8403,-0.5354,0,-0.0672,0.5312,0.8446,0,29.6649,0,0,1]},
{"frame":13,"values":[0.9926,0.1197,0.0203,0,-0.0917,0.8489,-0.5205,0,-0.0796,0.5147,0.8536,0,29.6649,0,0,1]},
{"frame":14,"values":[0.9897,0.1392,0.0331,0,-0.1034,0.8558,-0.5068,0,-0.0989,0.4981,0.8614,0,29.6649,0,0,1]},
{"frame":15,"values":[0.9884,0.145,0.0459,0,-0.1037,0.8635,-0.4937,0,-0.1112,0.4832,0.8684,0,29.6649,0,0,1]},
{"frame":16,"values":[0.9873,0.147,0.0601,0,-0.0992,0.8664,-0.4894,0,-0.124,0.4772,0.87,0,29.6649,0,0,1]},
{"frame":17,"values":[0.9874,0.1391,0.0752,0,-0.084,0.8645,-0.4956,0,-0.1339,0.483,0.8653,0,29.6649,0,0,1]},
{"frame":18,"values":[0.9867,0.136,0.0889,0,-0.0666,0.8379,-0.5418,0,-0.1481,0.5287,0.8358,0,29.6649,0,0,1]},
{"frame":19,"values":[0.9869,0.1271,0.0995,0,-0.0502,0.8276,-0.559,0,-0.1534,0.5467,0.8232,0,29.6649,0,0,1]},
{"frame":20,"values":[0.9894,0.113,0.0916,0,-0.0401,0.8172,-0.5749,0,-0.1398,0.5651,0.8131,0,29.6649,0,0,1]},
{"frame":21,"values":[0.9881,0.1176,0.0992,0,-0.0363,0.8049,-0.5923,0,-0.1495,0.5817,0.7996,0,29.6649,0,0,1]},
{"frame":22,"values":[0.9891,0.1181,0.0878,0,-0.0442,0.8076,-0.5881,0,-0.1404,0.5778,0.804,0,29.6649,0,0,1]},
{"frame":23,"values":[0.9933,0.0976,0.0615,0,-0.0452,0.8196,-0.5711,0,-0.1062,0.5645,0.8186,0,29.6649,0,0,1]},
{"frame":24,"values":[0.9964,0.0801,0.0276,0,-0.0476,0.7992,-0.5992,0,-0.07,0.5957,0.8001,0,29.6649,0,0,1]},
{"frame":25,"values":[0.9974,0.0717,0.0107,0,-0.0543,0.8373,-0.544,0,-0.048,0.542,0.839,0,29.6649,0,0,1]}],"loopBehavior":1,"name":"anim","property":"_matrix"}},
{"name":"LeftHandThumb1","index":11,"matrix":[0.9853,-0.0403,-0.1657,0,0.0418,0.9991,0.0055,0,0.1654,-0.0123,0.9862,0,6.1321,-4.043,2.9242,1],"rest":[1,-0.0003,-0.0002,0,0.0003,1,0.0003,0,0.0002,-0.0003,1,0,6.1321,-4.043,2.9242,1],"parentBoneIndex":10,"length":2.3395
,"animation":{"dataType":3,"framePerSecond":24,"keys":[
{"frame":1,"values":[0.9853,-0.0403,-0.1657,0,0.0418,0.9991,0.0055,0,0.1654,-0.0123,0.9862,0,6.1321,-4.043,2.9242,1]},
{"frame":25,"values":[0.9853,-0.0403,-0.1657,0,0.0418,0.9991,0.0055,0,0.1654,-0.0123,0.9862,0,6.1321,-4.043,2.9242,1]}],"loopBehavior":1,"name":"anim","property":"_matrix"}},
{"name":"LeftHandThumb2","index":12,"matrix":[0.9755,0.0463,-0.2152,0,-0.0231,0.9938,0.1091,0,0.219,-0.1015,0.9704,0,1.8122,-1.0462,1.0462,1],"rest":[1,0,0,0,0,1,0,0,0,0,1,0,1.8122,-1.0462,1.0462,1],"parentBoneIndex":11,"length":1.5944
,"animation":{"dataType":3,"framePerSecond":24,"keys":[
{"frame":1,"values":[0.9755,0.0463,-0.2152,0,-0.0231,0.9938,0.1091,0,0.219,-0.1015,0.9704,0,1.8122,-1.0462,1.0462,1]},
{"frame":25,"values":[0.9755,0.0463,-0.2152,0,-0.0231,0.9938,0.1091,0,0.219,-0.1015,0.9704,0,1.8122,-1.0462,1.0462,1]}],"loopBehavior":1,"name":"anim","property":"_matrix"}},
{"name":"LeftHandThumb3","index":13,"matrix":[0.9525,0.1482,0.2662,0,-0.0265,0.9107,-0.4123,0,-0.3035,0.3856,0.8713,0,1.2351,-0.713,0.713,1],"rest":[1,0.0001,-0.0001,0,-0.0001,1,0,0,0.0001,0,1,0,1.2351,-0.713,0.713,1],"parentBoneIndex":12,"length":2.5475
,"animation":{"dataType":3,"framePerSecond":24,"keys":[
{"frame":1,"values":[0.9525,0.1482,0.2662,0,-0.0265,0.9107,-0.4123,0,-0.3035,0.3856,0.8713,0,1.2351,-0.713,0.713,1]},
{"frame":25,"values":[0.9525,0.1482,0.2662,0,-0.0265,0.9107,-0.4123,0,-0.3035,0.3856,0.8713,0,1.2351,-0.713,0.713,1]}],"loopBehavior":1,"name":"anim","property":"_matrix"}},
{"name":"LeftHandThumb4","index":14,"matrix":[1,0,0,0,0,1,0,0,0,0,1,0,1.9732,-1.1393,1.1393,1],"rest":[1,0,0,0,0,1,0,0,0,0,1,0,1.9732,-1.1393,1.1393,1],"parentBoneIndex":13,"length":2.5475
,"animation":{"dataType":3,"framePerSecond":24,"keys":[
{"frame":1,"values":[1,0,0,0,0,1,0,0,0,0,1,0,1.9732,-1.1393,1.1393,1]},
{"frame":25,"values":[1,0,0,0,0,1,0,0,0,0,1,0,1.9732,-1.1393,1.1393,1]}],"loopBehavior":1,"name":"anim","property":"_matrix"}},
{"name":"LeftHandIndex1","index":15,"matrix":[0.9347,-0.3535,-0.038,0,0.3548,0.9208,0.1618,0,-0.0222,-0.1647,0.9861,0,13.2426,-0.3099,2.8565,1],"rest":[1,0,0,0,0,1,0,0,0,0,1,0,13.2426,-0.3099,2.8565,1],"parentBoneIndex":10,"length":2.1974
,"animation":{"dataType":3,"framePerSecond":24,"keys":[
{"frame":1,"values":[0.9347,-0.3535,-0.038,0,0.3548,0.9208,0.1618,0,-0.0222,-0.1647,0.9861,0,13.2426,-0.3099,2.8565,1]},
{"frame":25,"values":[0.9347,-0.3535,-0.038,0,0.3548,0.9208,0.1618,0,-0.0222,-0.1647,0.9861,0,13.2426,-0.3099,2.8565,1]}],"loopBehavior":1,"name":"anim","property":"_matrix"}},
{"name":"LeftHandIndex2","index":16,"matrix":[0.8781,-0.476,-0.0492,0,0.476,0.8794,-0.0125,0,0.0492,-0.0125,0.9987,0,2.1974,0.0001,0,1],"rest":[1,0,-0.0001,0,0,1,0,0,0.0001,0,1,0,2.1974,0.0001,0,1],"parentBoneIndex":15,"length":1.5095
,"animation":{"dataType":3,"framePerSecond":24,"keys":[
{"frame":1,"values":[0.8781,-0.476,-0.0492,0,0.476,0.8794,-0.0125,0,0.0492,-0.0125,0.9987,0,2.1974,0.0001,0,1]},
{"frame":25,"values":[0.8781,-0.476,-0.0492,0,0.476,0.8794,-0.0125,0,0.0492,-0.0125,0.9987,0,2.1974,0.0001,0,1]}],"loopBehavior":1,"name":"anim","property":"_matrix"}},
{"name":"LeftHandIndex3","index":17,"matrix":[0.8501,-0.5264,-0.0166,0,0.5262,0.8503,-0.0144,0,0.0216,0.0035,0.9998,0,1.5095,0,0.0001,1],"rest":[0.9979,-0.0563,0.032,0,0.0563,0.9984,0.0009,0,-0.032,0.0009,0.9995,0,1.5095,0,0.0001,1],"parentBoneIndex":16,"length":1.6331
,"animation":{"dataType":3,"framePerSecond":24,"keys":[
{"frame":1,"values":[0.8501,-0.5264,-0.0166,0,0.5262,0.8503,-0.0144,0,0.0216,0.0035,0.9998,0,1.5095,0,0.0001,1]},
{"frame":25,"values":[0.8501,-0.5264,-0.0166,0,0.5262,0.8503,-0.0144,0,0.0216,0.0035,0.9998,0,1.5095,0,0.0001,1]}],"loopBehavior":1,"name":"anim","property":"_matrix"}},
{"name":"LeftHandIndex4","index":18,"matrix":[1,0,0,0,0,1,0,0,0,0,1,0,1.6297,0.092,-0.0521,1],"rest":[1,0,0,0,0,1,0,0,0,0,1,0,1.6297,0.092,-0.0521,1],"parentBoneIndex":17,"length":1.6331
,"animation":{"dataType":3,"framePerSecond":24,"keys":[
{"frame":1,"values":[1,0,0,0,0,1,0,0,0,0,1,0,1.6297,0.092,-0.0521,1]},
{"frame":25,"values":[1,0,0,0,0,1,0,0,0,0,1,0,1.6297,0.092,-0.0521,1]}],"loopBehavior":1,"name":"anim","property":"_matrix"}},
{"name":"LeftHandMiddle1","index":19,"matrix":[0.9353,-0.3522,-0.0329,0,0.3524,0.9195,0.1743,0,-0.0312,-0.1746,0.9841,0,13.0978,0,0,1],"rest":[1,0,0,0,0,1,0,0,0,0,1,0,13.0978,0,0,1],"parentBoneIndex":10,"length":2.2844
,"animation":{"dataType":3,"framePerSecond":24,"keys":[
{"frame":1,"values":[0.9353,-0.3522,-0.0329,0,0.3524,0.9195,0.1743,0,-0.0312,-0.1746,0.9841,0,13.0978,0,0,1]},
{"frame":25,"values":[0.9353,-0.3522,-0.0329,0,0.3524,0.9195,0.1743,0,-0.0312,-0.1746,0.9841,0,13.0978,0,0,1]}],"loopBehavior":1,"name":"anim","property":"_matrix"}},
{"name":"LeftHandMiddle2","index":20,"matrix":[0.6955,-0.7147,-0.0737,0,0.7147,0.6987,-0.0311,0,0.0737,-0.0311,0.9968,0,2.2844,-0.0001,0,1],"rest":[1,0,0,0,0,1,0,0,0,0,1,0,2.2844,-0.0001,0,1],"parentBoneIndex":19,"length":2.3882
,"animation":{"dataType":3,"framePerSecond":24,"keys":[
{"frame":1,"values":[0.6955,-0.7147,-0.0737,0,0.7147,0.6987,-0.0311,0,0.0737,-0.0311,0.9968,0,2.2844,-0.0001,0,1]},
