{"producer":{"name":"Blender","version":"2.90.0","exporter_version":"6.4.4","file":"straferight_riffle.babylon"},
"autoClear":true,"clearColor":[0.0509,0.0509,0.0509],"gravity":[0,-9.81,0],
"materials":[{"name":"Material","id":"Material","customType":"BABYLON.PBRMaterial","backFaceCulling":true,"checkReadyOnlyOnce":false,"maxSimultaneousLights":4,"environmentIntensity":1,"albedo":[0.8,0.8,0.8],"reflectivity":[0.5,0.5,0.5],"roughness":0.4,"alpha":1,"transparencyMode":0,"alphaCutOff":0.4,"metallic":0}],
"multiMaterials":[],
"skeletons":[{"name":"Armature","id":0,"dimensionsAtRest":[192.3395,226.9932,28.649],"bones":[
{"name":"Hips","index":0,"matrix":[0.6641,0.0674,-0.7446,0,0.0993,0.9792,0.1772,0,-0.7411,0.1916,-0.6435,0,-0.8011,104.1326,-0.8345,1],"rest":[1,0,0,0,0,1,0,0,0,0,-1,0,0,114.0532,0,1],"parentBoneIndex":-1,"length":12.7599
,"animation":{"dataType":3,"framePerSecond":24,"keys":[
{"frame":1,"values":[0.6641,0.0674,-0.7446,0,0.0993,0.9792,0.1772,0,-0.7411,0.1916,-0.6435,0,-0.8011,104.1326,-0.8345,1]},
{"frame":2,"values":[0.6042,0.0514,-0.7951,0,0.1326,0.9775,0.1639,0,-0.7857,0.2044,-0.5839,0,-3.0868,101.5302,-1.0649,1]},
{"frame":3,"values":[0.5372,0.035,-0.8428,0,0.1668,0.975,0.1468,0,-0.8268,0.2194,-0.5179,0,-5.3558,98.6585,-1.4223,1]},
{"frame":4,"values":[0.4674,0.0206,-0.8838,0,0.1986,0.9717,0.1276,0,-0.8615,0.2351,-0.4501,0,-7.2268,96.0352,-1.9,1]},
{"frame":5,"values":[0.4011,0.0084,-0.916,0,0.2257,0.9682,0.1078,0,-0.8878,0.2499,-0.3865,0,-8.5146,94.2759,-2.389,1]},
{"frame":6,"values":[0.3513,0.0037,-0.9363,0,0.2426,0.9655,0.0949,0,-0.9043,0.2605,-0.3383,0,-8.2723,94.5749,-2.8887,1]},
{"frame":7,"values":[0.3796,-0.0016,-0.9252,0,0.2417,0.9654,0.0975,0,-0.893,0.2607,-0.3668,0,-8.177,96.0965,-3.4926,1]},
{"frame":8,"values":[0.4303,-0.0024,-0.9027,0,0.2305,0.9671,0.1073,0,-0.8727,0.2543,-0.4167,0,-7.6943,98.6012,-4.0846,1]},
{"frame":9,"values":[0.477,-0.0005,-0.8789,0,0.2169,0.9691,0.1172,0,-0.8517,0.2466,-0.4624,0,-6.8954,101.3316,-4.5835,1]},
{"frame":10,"values":[0.5195,0.0038,-0.8545,0,0.2012,0.9713,0.1266,0,-0.8304,0.2377,-0.5038,0,-6.032,103.5578,-4.9372,1]},
{"frame":11,"values":[0.5585,0.0099,-0.8294,0,0.184,0.9736,0.1355,0,-0.8088,0.2282,-0.542,0,-5.1501,104.328,-5.0819,1]},
{"frame":12,"values":[0.5949,0.0163,-0.8036,0,0.1661,0.9757,0.1427,0,-0.7864,0.2184,-0.5778,0,-4.5054,104.1713,-5.0392,1]},
{"frame":13,"values":[0.6294,0.0216,-0.7768,0,0.1489,0.9777,0.1478,0,-0.7627,0.2087,-0.6121,0,-3.9845,103.1494,-4.8704,1]},
{"frame":14,"values":[0.6623,0.0268,-0.7488,0,0.132,0.9796,0.1518,0,-0.7375,0.1994,-0.6452,0,-3.5742,101.2508,-4.5947,1]},
{"frame":15,"values":[0.6941,0.0328,-0.7191,0,0.115,0.9811,0.1558,0,-0.7106,0.1908,-0.6772,0,-3.2631,99.1972,-4.2274,1]},
{"frame":16,"values":[0.725,0.038,-0.6877,0,0.0992,0.9823,0.1589,0,-0.6815,0.1834,-0.7084,0,-3.3436,97.6932,-3.8273,1]},
{"frame":17,"values":[0.7553,0.0448,-0.6539,0,0.0829,0.9831,0.1631,0,-0.6502,0.1774,-0.7388,0,-4.3044,95.7137,-3.3847,1]},
{"frame":18,"values":[0.7834,0.0533,-0.6193,0,0.0669,0.9833,0.1692,0,-0.618,0.1739,-0.7667,0,-6.0645,93.9012,-2.9243,1]},
{"frame":19,"values":[0.7796,0.0602,-0.6233,0,0.0606,0.9835,0.1707,0,-0.6233,0.1708,-0.7631,0,-7.2554,93.9444,-2.3789,1]},
{"frame":20,"values":[0.7634,0.0624,-0.6429,0,0.0632,0.9833,0.1705,0,-0.6428,0.1708,-0.7468,0,-7.2651,96.448,-1.8404,1]},
{"frame":21,"values":[0.7456,0.0624,-0.6635,0,0.0697,0.9828,0.1708,0,-0.6628,0.1735,-0.7284,0,-5.9459,99.9112,-1.3694,1]},
{"frame":22,"values":[0.7263,0.0619,-0.6846,0,0.0778,0.9821,0.1713,0,-0.6829,0.1777,-0.7085,0,-4.6467,102.7073,-0.9936,1]},
{"frame":23,"values":[0.7061,0.0624,-0.7053,0,0.0858,0.9812,0.1727,0,-0.7029,0.1825,-0.6875,0,-3.4319,104.4175,-0.7567,1]},
{"frame":24,"values":[0.6853,0.0643,-0.7254,0,0.0931,0.9802,0.1748,0,-0.7223,0.1873,-0.6657,0,-2.2978,104.992,-0.6934,1]},
{"frame":25,"values":[0.6641,0.0674,-0.7446,0,0.0993,0.9792,0.1772,0,-0.7411,0.1916,-0.6435,0,-0.8011,104.1326,-0.8357,1]}],"loopBehavior":1,"name":"anim","property":"_matrix"}},
{"name":"Spine","index":1,"matrix":[0.9951,-0.098,0.0111,0,0.091,0.9559,0.2794,0,-0.038,-0.277,0.9601,0,-0.0057,10.8958,-1.2787,1],"rest":[1,0,0,0,0,1,0,0,0,0,1,0,-0.0057,10.8958,-1.2787,1],"parentBoneIndex":0,"length":12.7989
,"animation":{"dataType":3,"framePerSecond":24,"keys":[
{"frame":1,"values":[0.9951,-0.098,0.0111,0,0.091,0.9559,0.2794,0,-0.038,-0.277,0.9601,0,-0.0057,10.8958,-1.2787,1]},
{"frame":2,"values":[0.9969,-0.0761,-0.0188,0,0.0783,0.9557,0.2838,0,-0.0037,-0.2844,0.9587,0,-0.0057,10.8958,-1.2787,1]},
{"frame":3,"values":[0.9972,-0.0532,-0.0518,0,0.066,0.9546,0.2903,0,0.034,-0.293,0.9555,0,-0.0057,10.8958,-1.2787,1]},
{"frame":4,"values":[0.9958,-0.0325,-0.0852,0,0.0567,0.9525,0.2994,0,0.0714,-0.303,0.9503,0,-0.0057,10.8958,-1.2787,1]},
{"frame":5,"values":[0.9933,-0.0127,-0.1147,0,0.0478,0.95,0.3084,0,0.1051,-0.3119,0.9443,0,-0.0057,10.8958,-1.2787,1]},
{"frame":6,"values":[0.9909,0.0012,-0.1347,0,0.0418,0.9478,0.316,0,0.128,-0.3188,0.9391,0,-0.0057,10.8958,-1.2787,1]},
{"frame":7,"values":[0.9902,-0.0178,-0.1382,0,0.0606,0.9482,0.3118,0,0.1254,-0.3171,0.9401,0,-0.0057,10.8958,-1.2787,1]},
{"frame":8,"values":[0.9913,-0.0434,-0.1245,0,0.0799,0.9488,0.3057,0,0.1048,-0.3129,0.944,0,-0.0057,10.8958,-1.2787,1]},
{"frame":9,"values":[0.9925,-0.0647,-0.1038,0,0.0932,0.9496,0.2994,0,0.0792,-0.3069,0.9485,0,-0.0057,10.8958,-1.2787,1]},
{"frame":10,"values":[0.9934,-0.0791,-0.0825,0,0.1,0.951,0.2926,0,0.0553,-0.299,0.9527,0,-0.0057,10.8958,-1.2787,1]},
{"frame":11,"values":[0.9942,-0.0884,-0.0608,0,0.1022,0.9527,0.2863,0,0.0326,-0.2908,0.9562,0,-0.0057,10.8958,-1.2787,1]},
{"frame":12,"values":[0.9949,-0.0933,-0.0377,0,0.1001,0.9548,0.28,0,0.0098,-0.2824,0.9593,0,-0.0057,10.8958,-1.2787,1]},
{"frame":13,"values":[0.9954,-0.0948,-0.014,0,0.095,0.9566,0.2754,0,-0.0127,-0.2754,0.9612,0,-0.0057,10.8958,-1.2787,1]},
{"frame":14,"values":[0.9955,-0.0948,0.0096,0,0.0886,0.9583,0.2717,0,-0.035,-0.2696,0.9623,0,-0.0057,10.8958,-1.2787,1]},
{"frame":15,"values":[0.9948,-0.0964,0.0322,0,0.0842,0.9595,0.2687,0,-0.0568,-0.2646,0.9627,0,-0.0057,10.8958,-1.2787,1]},
{"frame":16,"values":[0.9935,-0.1006,0.0523,0,0.0831,0.96,0.2675,0,-0.0772,-0.2615,0.9621,0,-0.0057,10.8958,-1.2787,1]},
{"frame":17,"values":[0.9913,-0.1115,0.0694,0,0.0892,0.9594,0.2674,0,-0.0964,-0.2589,0.9611,0,-0.0057,10.8958,-1.2787,1]},
{"frame":18,"values":[0.9882,-0.129,0.0826,0,0.1027,0.9581,0.2675,0,-0.1137,-0.2558,0.96,0,-0.0057,10.8958,-1.2787,1]},
{"frame":19,"values":[0.9878,-0.1296,0.0859,0,0.1022,0.9577,0.2688,0,-0.1172,-0.2568,0.9593,0,-0.0057,10.8958,-1.2787,1]},
{"frame":20,"values":[0.9898,-0.1196,0.0769,0,0.0946,0.9577,0.2719,0,-0.1061,-0.2619,0.9593,0,-0.0057,10.8958,-1.2787,1]},
{"frame":21,"values":[0.9917,-0.1108,0.0655,0,0.089,0.9578,0.2735,0,-0.093,-0.2654,0.9597,0,-0.0057,10.8958,-1.2787,1]},
{"frame":22,"values":[0.9931,-0.1052,0.0526,0,0.0869,0.9574,0.2754,0,-0.0793,-0.2689,0.9599,0,-0.0057,10.8958,-1.2787,1]},
{"frame":23,"values":[0.994,-0.1019,0.039,0,0.0873,0.9569,0.2769,0,-0.0655,-0.2719,0.9601,0,-0.0057,10.8958,-1.2787,1]},
{"frame":24,"values":[0.9947,-0.1,0.0251,0,0.0891,0.9564,0.2782,0,-0.0518,-0.2745,0.9602,0,-0.0057,10.8958,-1.2787,1]},
{"frame":25,"values":[0.9951,-0.098,0.0111,0,0.091,0.9559,0.2794,0,-0.038,-0.277,0.9601,0,-0.0057,10.8958,-1.2787,1]}],"loopBehavior":1,"name":"anim","property":"_matrix"}},
{"name":"Spine1","index":2,"matrix":[0.9867,0.1461,-0.0716,0,-0.1097,0.9224,0.3703,0,0.1202,-0.3575,0.9262,0,-0.0066,12.7117,-1.4918,1],"rest":[1,0,0,0,0,1,0,0,0,0,1,0,-0.0066,12.7117,-1.4918,1],"parentBoneIndex":1,"length":14.6274
,"animation":{"dataType":3,"framePerSecond":24,"keys":[
{"frame":1,"values":[0.9867,0.1461,-0.0716,0,-0.1097,0.9224,0.3703,0,0.1202,-0.3575,0.9262,0,-0.0066,12.7117,-1.4918,1]},
{"frame":2,"values":[0.9865,0.1404,-0.0842,0,-0.0999,0.9236,0.3702,0,0.1297,-0.3568,0.9252,0,-0.0066,12.7117,-1.4918,1]},
{"frame":3,"values":[0.9863,0.1344,-0.096,0,-0.0902,0.9251,0.3688,0,0.1383,-0.355,0.9246,0,-0.0066,12.7117,-1.4918,1]},
{"frame":4,"values":[0.9857,0.1297,-0.1076,0,-0.082,0.9269,0.3662,0,0.1472,-0.3521,0.9243,0,-0.0066,12.7117,-1.4918,1]},
{"frame":5,"values":[0.9849,0.1253,-0.1194,0,-0.074,0.9285,0.3639,0,0.1565,-0.3496,0.9238,0,-0.0066,12.7117,-1.4918,1]},
{"frame":6,"values":[0.9841,0.1201,-0.1306,0,-0.0654,0.9298,0.3623,0,0.1649,-0.348,0.9229,0,-0.0066,12.7117,-1.4918,1]},
{"frame":7,"values":[0.9844,0.1314,-0.1171,0,-0.0809,0.9286,0.3622,0,0.1563,-0.3471,0.9247,0,-0.0066,12.7117,-1.4918,1]},
{"frame":8,"values":[0.9845,0.1415,-0.1035,0,-0.0952,0.9272,0.3622,0,0.1472,-0.3467,0.9263,0,-0.0066,12.7117,-1.4918,1]},
{"frame":9,"values":[0.9842,0.1482,-0.0964,0,-0.1038,0.9257,0.3637,0,0.1431,-0.3479,0.9265,0,-0.0066,12.7117,-1.4918,1]},
{"frame":10,"values":[0.9841,0.1517,-0.0921,0,-0.1082,0.9242,0.3664,0,0.1407,-0.3506,0.9259,0,-0.0066,12.7117,-1.4918,1]},
{"frame":11,"values":[0.9843,0.1522,-0.0899,0,-0.1089,0.9229,0.3692,0,0.1392,-0.3536,0.925,0,-0.0066,12.7117,-1.4918,1]},
{"frame":12,"values":[0.9844,0.1514,-0.0893,0,-0.1079,0.9218,0.3723,0,0.1387,-0.3569,0.9238,0,-0.0066,12.7117,-1.4918,1]},
{"frame":13,"values":[0.9847,0.1495,-0.0894,0,-0.1058,0.9212,0.3745,0,0.1383,-0.3593,0.9229,0,-0.0066,12.7117,-1.4918,1]},
{"frame":14,"values":[0.9851,0.1467,-0.0893,0,-0.103,0.9208,0.3763,0,0.1374,-0.3615,0.9222,0,-0.0066,12.7117,-1.4918,1]},
{"frame":15,"values":[0.9855,0.1449,-0.0878,0,-0.1017,0.9204,0.3775,0,0.1355,-0.3631,0.9219,0,-0.0066,12.7117,-1.4918,1]},
{"frame":16,"values":[0.9859,0.145,-0.0838,0,-0.1032,0.9201,0.3779,0,0.1319,-0.364,0.922,0,-0.0066,12.7117,-1.4918,1]},
{"frame":17,"values":[0.986,0.1485,-0.0763,0,-0.1092,0.9194,0.3779,0,0.1263,-0.3642,0.9227,0,-0.0066,12.7117,-1.4918,1]},
{"frame":18,"values":[0.9858,0.1547,-0.0653,0,-0.1191,0.9184,0.3773,0,0.1183,-0.3642,0.9238,0,-0.0066,12.7117,-1.4918,1]},
{"frame":19,"values":[0.9859,0.1526,-0.069,0,-0.116,0.9195,0.3755,0,0.1208,-0.3622,0.9242,0,-0.0066,12.7117,-1.4918,1]},
{"frame":20,"values":[0.9864,0.1475,-0.0722,0,-0.1105,0.9213,0.3729,0,0.1216,-0.3599,0.9251,0,-0.0066,12.7117,-1.4918,1]},
{"frame":21,"values":[0.9868,0.1448,-0.0731,0,-0.1078,0.922,0.3719,0,0.1213,-0.3591,0.9254,0,-0.0066,12.7117,-1.4918,1]},
{"frame":22,"values":[0.9868,0.1445,-0.0727,0,-0.1077,0.9223,0.3711,0,0.1207,-0.3584,0.9257,0,-0.0066,12.7117,-1.4918,1]},
{"frame":23,"values":[0.9868,0.1451,-0.0719,0,-0.1086,0.9224,0.3707,0,0.1201,-0.358,0.9259,0,-0.0066,12.7117,-1.4918,1]},
{"frame":24,"values":[0.9868,0.1456,-0.0715,0,-0.1092,0.9225,0.3703,0,0.1199,-0.3575,0.9262,0,-0.0066,12.7117,-1.4918,1]},
{"frame":25,"values":[0.9867,0.1461,-0.0717,0,-0.1096,0.9223,0.3705,0,0.1203,-0.3577,0.9261,0,-0.0066,12.7117,-1.4918,1]}],"loopBehavior":1,"name":"anim","property":"_matrix"}},
{"name":"Spine2","index":3,"matrix":[0.9667,0.2158,-0.1372,0,-0.1631,0.9336,0.3192,0,0.197,-0.2862,0.9377,0,-0.0076,14.5277,-1.7049,1],"rest":[1,0,0,0,0,1,0,0,0,0,1,0,-0.0076,14.5277,-1.7049,1],"parentBoneIndex":2,"length":15.4825
,"animation":{"dataType":3,"framePerSecond":24,"keys":[
{"frame":1,"values":[0.9667,0.2158,-0.1372,0,-0.1631,0.9336,0.3192,0,0.197,-0.2862,0.9377,0,-0.0076,14.5277,-1.7049,1]},
{"frame":2,"values":[0.9674,0.2066,-0.1463,0,-0.151,0.9349,0.3213,0,0.2031,-0.2887,0.9356,0,-0.0076,14.5277,-1.7049,1]},
{"frame":3,"values":[0.9681,0.1972,-0.1547,0,-0.1392,0.9364,0.3221,0,0.2083,-0.2903,0.934,0,-0.0076,14.5277,-1.7049,1]},
{"frame":4,"values":[0.9683,0.1886,-0.1637,0,-0.1283,0.938,0.3219,0,0.2143,-0.2907,0.9325,0,-0.0076,14.5277,-1.7049,1]},
{"frame":5,"values":[0.9682,0.1805,-0.173,0,-0.1176,0.9394,0.322,0,0.2207,-0.2914,0.9308,0,-0.0076,14.5277,-1.7049,1]},
{"frame":6,"values":[0.9682,0.1722,-0.1813,0,-0.1068,0.9404,0.3229,0,0.2261,-0.2932,0.9289,0,-0.0076,14.5277,-1.7049,1]},
{"frame":7,"values":[0.9667,0.1875,-0.1742,0,-0.1247,0.9395,0.3191,0,0.2235,-0.2868,0.9316,0,-0.0076,14.5277,-1.7049,1]},
{"frame":8,"values":[0.9652,0.2016,-0.1665,0,-0.1415,0.9382,0.3159,0,0.2199,-0.2814,0.9341,0,-0.0076,14.5277,-1.7049,1]},
{"frame":9,"values":[0.9641,0.2102,-0.1624,0,-0.151,0.9367,0.3159,0,0.2185,-0.28,0.9348,0,-0.0076,14.5277,-1.7049,1]},
{"frame":10,"values":[0.9636,0.2147,-0.1591,0,-0.1558,0.9352,0.3181,0,0.2171,-0.2817,0.9346,0,-0.0076,14.5277,-1.7049,1]},
{"frame":11,"values":[0.9638,0.2158,-0.1564,0,-0.157,0.934,0.3208,0,0.2153,-0.2846,0.9342,0,-0.0076,14.5277,-1.7049,1]},
{"frame":12,"values":[0.9643,0.215,-0.1545,0,-0.1561,0.933,0.3241,0,0.2138,-0.2885,0.9333,0,-0.0076,14.5277,-1.7049,1]},
{"frame":13,"values":[0.965,0.2131,-0.1532,0,-0.1541,0.9325,0.3266,0,0.2124,-0.2916,0.9327,0,-0.0076,14.5277,-1.7049,1]},
{"frame":14,"values":[0.9658,0.2106,-0.1515,0,-0.1517,0.9322,0.3286,0,0.2105,-0.2944,0.9322,0,-0.0076,14.5277,-1.7049,1]},
{"frame":15,"values":[0.9664,0.2093,-0.1492,0,-0.151,0.9319,0.3297,0,0.2081,-0.2961,0.9322,0,-0.0076,14.5277,-1.7049,1]},
{"frame":16,"values":[0.9665,0.211,-0.1458,0,-0.1537,0.9316,0.3294,0,0.2054,-0.296,0.9329,0,-0.0076,14.5277,-1.7049,1]},
{"frame":17,"values":[0.9661,0.2166,-0.1407,0,-0.161,0.9309,0.328,0,0.202,-0.2942,0.9341,0,-0.0076,14.5277,-1.7049,1]},
{"frame":18,"values":[0.9651,0.2256,-0.1331,0,-0.1724,0.9296,0.3257,0,0.1973,-0.2914,0.9361,0,-0.0076,14.5277,-1.7049,1]},
{"frame":19,"values":[0.9655,0.2219,-0.136,0,-0.1682,0.9308,0.3246,0,0.1986,-0.2906,0.936,0,-0.0076,14.5277,-1.7049,1]},
{"frame":20,"values":[0.9665,0.2165,-0.1378,0,-0.1629,0.9325,0.3223,0,0.1983,-0.2891,0.9365,0,-0.0076,14.5277,-1.7049,1]},
{"frame":21,"values":[0.967,0.2142,-0.138,0,-0.1608,0.9332,0.3213,0,0.1976,-0.2885,0.9369,0,-0.0076,14.5277,-1.7049,1]},
{"frame":22,"values":[0.9671,0.214,-0.1377,0,-0.161,0.9335,0.3203,0,0.1971,-0.2876,0.9372,0,-0.0076,14.5277,-1.7049,1]},
{"frame":23,"values":[0.967,0.2148,-0.1372,0,-0.162,0.9335,0.3198,0,0.1968,-0.287,0.9375,0,-0.0076,14.5277,-1.7049,1]},
{"frame":24,"values":[0.9669,0.2154,-0.137,0,-0.1627,0.9336,0.3192,0,0.1967,-0.2863,0.9377,0,-0.0076,14.5277,-1.7049,1]},
{"frame":25,"values":[0.9667,0.2158,-0.1373,0,-0.163,0.9335,0.3194,0,0.1971,-0.2864,0.9376,0,-0.0076,14.5277,-1.7049,1]}],"loopBehavior":1,"name":"anim","property":"_matrix"}},
{"name":"Neck","index":4,"matrix":[0.9979,-0.004,-0.0651,0,-0.0027,0.9947,-0.1024,0,0.0652,0.1024,0.9926,0,-0.0085,16.3436,-1.918,1],"rest":[1,0,0,0,0,1,0,0,0,0,1,0,-0.0085,16.3436,-1.918,1],"parentBoneIndex":3,"length":7.7098
,"animation":{"dataType":3,"framePerSecond":24,"keys":[
{"frame":1,"values":[0.9979,-0.004,-0.0651,0,-0.0027,0.9947,-0.1024,0,0.0652,0.1024,0.9926,0,-0.0085,16.3436,-1.918,1]},
{"frame":2,"values":[0.9975,-0.0032,-0.0702,0,-0.004,0.9947,-0.1026,0,0.0702,0.1027,0.9922,0,-0.0085,16.3436,-1.918,1]},
{"frame":3,"values":[0.9971,-0.0022,-0.0766,0,-0.0057,0.9947,-0.1029,0,0.0764,0.1031,0.9917,0,-0.0085,16.3436,-1.918,1]},
{"frame":4,"values":[0.9965,-0.0012,-0.083,0,-0.0074,0.9946,-0.1032,0,0.0827,0.1035,0.9912,0,-0.0085,16.3436,-1.918,1]},
{"frame":5,"values":[0.9961,-0.0005,-0.0881,0,-0.0087,0.9946,-0.1034,0,0.0877,0.1038,0.9907,0,-0.0085,16.3436,-1.918,1]},
{"frame":6,"values":[0.9959,-0.0001,-0.0905,0,-0.0093,0.9946,-0.1035,0,0.09,0.1039,0.9905,0,-0.0085,16.3436,-1.918,1]},
{"frame":7,"values":[0.9959,-0.0001,-0.0901,0,-0.0092,0.9946,-0.1035,0,0.0896,0.1039,0.9905,0,-0.0085,16.3436,-1.918,1]},
{"frame":8,"values":[0.9961,-0.0005,-0.088,0,-0.0087,0.9946,-0.1034,0,0.0876,0.1038,0.9907,0,-0.0085,16.3436,-1.918,1]},
{"frame":9,"values":[0.9964,-0.0009,-0.0849,0,-0.0079,0.9946,-0.1033,0,0.0846,0.1036,0.991,0,-0.0085,16.3436,-1.918,1]},
{"frame":10,"values":[0.9967,-0.0015,-0.081,0,-0.0068,0.9946,-0.1031,0,0.0807,0.1033,0.9914,0,-0.0085,16.3436,-1.918,1]},
{"frame":11,"values":[0.9971,-0.0022,-0.0766,0,-0.0057,0.9947,-0.1029,0,0.0764,0.1031,0.9917,0,-0.0085,16.3436,-1.918,1]},
{"frame":12,"values":[0.9974,-0.0029,-0.0721,0,-0.0045,0.9947,-0.1027,0,0.072,0.1028,0.9921,0,-0.0085,16.3436,-1.918,1]},
{"frame":13,"values":[0.9977,-0.0036,-0.0679,0,-0.0034,0.9947,-0.1025,0,0.0679,0.1025,0.9924,0,-0.0085,16.3436,-1.918,1]},
{"frame":14,"values":[0.9979,-0.0042,-0.0641,0,-0.0024,0.9947,-0.1024,0,0.0641,0.1023,0.9927,0,-0.0085,16.3436,-1.918,1]},
{"frame":15,"values":[0.9982,-0.0047,-0.0605,0,-0.0015,0.9948,-0.1022,0,0.0607,0.1021,0.9929,0,-0.0085,16.3436,-1.918,1]},
{"frame":16,"values":[0.9983,-0.0052,-0.0575,0,-0.0007,0.9948,-0.1021,0,0.0577,0.102,0.9931,0,-0.0085,16.3436,-1.918,1]},
{"frame":17,"values":[0.9985,-0.0055,-0.0552,0,-0.0001,0.9948,-0.102,0,0.0555,0.1019,0.9932,0,-0.0085,16.3436,-1.918,1]},
{"frame":18,"values":[0.9985,-0.0057,-0.054,0,0.0002,0.9948,-0.102,0,0.0543,0.1018,0.9933,0,-0.0085,16.3436,-1.918,1]},
{"frame":19,"values":[0.9985,-0.0057,-0.0536,0,0.0002,0.9948,-0.102,0,0.0539,0.1018,0.9933,0,-0.0085,16.3436,-1.918,1]},
{"frame":20,"values":[0.9985,-0.0057,-0.0538,0,0.0002,0.9948,-0.102,0,0.0541,0.1018,0.9933,0,-0.0085,16.3436,-1.918,1]},
{"frame":21,"values":[0.9985,-0.0056,-0.0546,0,0,0.9948,-0.102,0,0.0549,0.1018,0.9933,0,-0.0085,16.3436,-1.918,1]},
{"frame":22,"values":[0.9984,-0.0054,-0.0561,0,-0.0004,0.9948,-0.102,0,0.0564,0.1019,0.9932,0,-0.0085,16.3436,-1.918,1]},
{"frame":23,"values":[0.9983,-0.005,-0.0583,0,-0.0009,0.9948,-0.1021,0,0.0585,0.102,0.9931,0,-0.0085,16.3436,-1.918,1]},
{"frame":24,"values":[0.9981,-0.0046,-0.0613,0,-0.0017,0.9948,-0.1022,0,0.0615,0.1022,0.9929,0,-0.0085,16.3436,-1.918,1]},
{"frame":25,"values":[0.9979,-0.004,-0.0651,0,-0.0027,0.9947,-0.1024,0,0.0652,0.1024,0.9926,0,-0.0085,16.3436,-1.918,1]}],"loopBehavior":1,"name":"anim","property":"_matrix"}},
{"name":"Head","index":5,"matrix":[0.8503,-0.2534,-0.4612,0,0.1971,0.966,-0.1674,0,0.488,0.0514,0.8714,0,0,7.4726,1.8977,1],"rest":[1,0,0,0,0,1,0,0,0,0,1,0,0,7.4726,1.8977,1],"parentBoneIndex":4,"length":26.3062
,"animation":{"dataType":3,"framePerSecond":24,"keys":[
{"frame":1,"values":[0.8503,-0.2534,-0.4612,0,0.1971,0.966,-0.1674,0,0.488,0.0514,0.8714,0,0,7.4726,1.8977,1]},
{"frame":2,"values":[0.8458,-0.2528,-0.4698,0,0.1943,0.9661,-0.1699,0,0.4968,0.0524,0.8663,0,0,7.4726,1.8977,1]},
{"frame":3,"values":[0.84,-0.252,-0.4805,0,0.1908,0.9662,-0.1731,0,0.5079,0.0537,0.8598,0,0,7.4726,1.8977,1]},
{"frame":4,"values":[0.8341,-0.2512,-0.4911,0,0.1873,0.9664,-0.1762,0,0.5188,0.055,0.8531,0,0,7.4726,1.8977,1]},
{"frame":5,"values":[0.8293,-0.2506,-0.4995,0,0.1844,0.9665,-0.1787,0,0.5275,0.0561,0.8477,0,0,7.4726,1.8977,1]},
{"frame":6,"values":[0.827,-0.2502,-0.5034,0,0.183,0.9665,-0.1799,0,0.5316,0.0567,0.8451,0,0,7.4726,1.8977,1]},
{"frame":7,"values":[0.8274,-0.2503,-0.5027,0,0.1832,0.9665,-0.1797,0,0.5308,0.0566,0.8456,0,0,7.4726,1.8977,1]},
{"frame":8,"values":[0.8294,-0.2505,-0.4993,0,0.1843,0.9665,-0.1787,0,0.5274,0.0562,0.8478,0,0,7.4726,1.8977,1]},
{"frame":9,"values":[0.8324,-0.2509,-0.4942,0,0.1861,0.9664,-0.1772,0,0.5221,0.0555,0.8511,0,0,7.4726,1.8977,1]},
{"frame":10,"values":[0.836,-0.2514,-0.4877,0,0.1884,0.9663,-0.1752,0,0.5153,0.0546,0.8553,0,0,7.4726,1.8977,1]},
{"frame":11,"values":[0.84,-0.252,-0.4804,0,0.1909,0.9662,-0.1731,0,0.5078,0.0537,0.8598,0,0,7.4726,1.8977,1]},
{"frame":12,"values":[0.8441,-0.2526,-0.473,0,0.1934,0.9661,-0.1708,0,0.5001,0.0527,0.8644,0,0,7.4726,1.8977,1]},
{"frame":13,"values":[0.8479,-0.2532,-0.4659,0,0.1958,0.966,-0.1687,0,0.4928,0.0518,0.8686,0,0,7.4726,1.8977,1]},
{"frame":14,"values":[0.8512,-0.2537,-0.4594,0,0.1979,0.9659,-0.1667,0,0.4861,0.051,0.8724,0,0,7.4726,1.8977,1]},
{"frame":15,"values":[0.8543,-0.2542,-0.4534,0,0.1998,0.9658,-0.1649,0,0.4798,0.0503,0.8759,0,0,7.4726,1.8977,1]},
{"frame":16,"values":[0.8569,-0.2546,-0.4483,0,0.2015,0.9658,-0.1634,0,0.4745,0.0497,0.8788,0,0,7.4726,1.8977,1]},
{"frame":17,"values":[0.8588,-0.2549,-0.4444,0,0.2027,0.9657,-0.1623,0,0.4705,0.0493,0.881,0,0,7.4726,1.8977,1]},
{"frame":18,"values":[0.8598,-0.255,-0.4423,0,0.2033,0.9657,-0.1617,0,0.4684,0.0491,0.8822,0,0,7.4726,1.8977,1]},
{"frame":19,"values":[0.8602,-0.2551,-0.4417,0,0.2034,0.9657,-0.1615,0,0.4677,0.0491,0.8825,0,0,7.4726,1.8977,1]},
{"frame":20,"values":[0.86,-0.2551,-0.442,0,0.2033,0.9657,-0.1616,0,0.4681,0.0491,0.8823,0,0,7.4726,1.8977,1]},
{"frame":21,"values":[0.8593,-0.255,-0.4434,0,0.203,0.9657,-0.162,0,0.4695,0.0492,0.8816,0,0,7.4726,1.8977,1]},
{"frame":22,"values":[0.858,-0.2548,-0.4459,0,0.2022,0.9657,-0.1628,0,0.4721,0.0495,0.8801,0,0,7.4726,1.8977,1]},
{"frame":23,"values":[0.8562,-0.2545,-0.4497,0,0.201,0.9658,-0.1638,0,0.476,0.0499,0.878,0,0,7.4726,1.8977,1]},
{"frame":24,"values":[0.8536,-0.2541,-0.4548,0,0.1994,0.9659,-0.1653,0,0.4813,0.0504,0.8751,0,0,7.4726,1.8977,1]},
{"frame":25,"values":[0.8502,-0.2536,-0.4613,0,0.1974,0.966,-0.1672,0,0.488,0.0511,0.8714,0,0,7.4726,1.8977,1]}],"loopBehavior":1,"name":"anim","property":"_matrix"}},
{"name":"HeadTop_End","index":6,"matrix":[1,0,0,0,0,1,0,0,0,0,1,0,0,25.4969,6.475,1],"rest":[1,0,0,0,0,1,0,0,0,0,1,0,0,25.4969,6.475,1],"parentBoneIndex":5,"length":26.3062
,"animation":{"dataType":3,"framePerSecond":24,"keys":[
{"frame":1,"values":[1,0,0,0,0,1,0,0,0,0,1,0,0,25.4969,6.475,1]},
{"frame":25,"values":[1,0,0,0,0,1,0,0,0,0,1,0,0,25.4969,6.475,1]}],"loopBehavior":1,"name":"anim","property":"_matrix"}},
{"name":"LeftShoulder","index":7,"matrix":[0.9009,-0.0976,0.4229,0,0.0274,0.9853,0.1689,0,-0.4332,-0.1406,0.8903,0,5.5507,13.7754,-1.9265,1],"rest":[1,-0.002,0,0,0.002,1,0,0,0,0,1,0,5.5507,13.7754,-1.9265,1],"parentBoneIndex":3,"length":12.2475
,"animation":{"dataType":3,"framePerSecond":24,"keys":[
{"frame":1,"values":[0.9009,-0.0976,0.4229,0,0.0274,0.9853,0.1689,0,-0.4332,-0.1406,0.8903,0,5.5507,13.7754,-1.9265,1]},
{"frame":2,"values":[0.9185,-0.0864,0.3859,0,0.0142,0.9824,0.1862,0,-0.3952,-0.1656,0.9035,0,5.5507,13.7754,-1.9265,1]},
{"frame":3,"values":[0.9362,-0.0726,0.3438,0,0.0005,0.9787,0.2051,0,-0.3514,-0.1919,0.9164,0,5.5507,13.7754,-1.9265,1]},
{"frame":4,"values":[0.9507,-0.0604,0.3043,0,-0.0091,0.975,0.2219,0,-0.3101,-0.2137,0.9264,0,5.5507,13.7754,-1.9265,1]},
{"frame":5,"values":[0.9617,-0.0548,0.2684,0,-0.01,0.9721,0.2343,0,-0.2738,-0.228,0.9344,0,5.5507,13.7754,-1.9265,1]},
{"frame":6,"values":[0.9656,-0.062,0.2526,0,0.0001,0.9713,0.238,0,-0.2601,-0.2297,0.9378,0,5.5507,13.7754,-1.9265,1]},
{"frame":7,"values":[0.9649,-0.0785,0.2507,0,0.0181,0.9719,0.2346,0,-0.2621,-0.2218,0.9392,0,5.5507,13.7754,-1.9265,1]},
{"frame":8,"values":[0.9603,-0.0989,0.2607,0,0.0387,0.9732,0.2266,0,-0.2762,-0.2075,0.9384,0,5.5507,13.7754,-1.9265,1]},
{"frame":9,"values":[0.9528,-0.1169,0.2802,0,0.056,0.9748,0.2161,0,-0.2983,-0.1902,0.9353,0,5.5507,13.7754,-1.9265,1]},
{"frame":10,"values":[0.9433,-0.1258,0.3071,0,0.0636,0.9767,0.2049,0,-0.3258,-0.1737,0.9294,0,5.5507,13.7754,-1.9265,1]},
{"frame":11,"values":[0.9328,-0.1214,0.3394,0,0.0566,0.9792,0.1946,0,-0.3559,-0.1623,0.9203,0,5.5507,13.7754,-1.9265,1]},
{"frame":12,"values":[0.9212,-0.1038,0.3749,0,0.0349,0.9819,0.186,0,-0.3874,-0.1583,0.9082,0,5.5507,13.7754,-1.9265,1]},
{"frame":13,"values":[0.9078,-0.079,0.4118,0,0.0047,0.984,0.1783,0,-0.4193,-0.1599,0.8937,0,5.5507,13.7754,-1.9265,1]},
{"frame":14,"values":[0.8925,-0.0517,0.448,0,-0.0289,0.9848,0.1712,0,-0.4501,-0.1657,0.8775,0,5.5507,13.7754,-1.9265,1]},
{"frame":15,"values":[0.8767,-0.0266,0.4804,0,-0.0602,0.9846,0.1644,0,-0.4773,-0.173,0.8615,0,5.5507,13.7754,-1.9265,1]},
{"frame":16,"values":[0.8607,-0.023,0.5085,0,-0.0679,0.9849,0.1594,0,-0.5045,-0.1718,0.8462,0,5.5507,13.7754,-1.9265,1]},
{"frame":17,"values":[0.8478,-0.0211,0.5299,0,-0.0703,0.9859,0.1517,0,-0.5257,-0.1659,0.8344,0,5.5507,13.7754,-1.9265,1]},
{"frame":18,"values":[0.8423,-0.0258,0.5384,0,-0.0586,0.9886,0.139,0,-0.5358,-0.1486,0.8312,0,5.5507,13.7754,-1.9265,1]},
{"frame":19,"values":[0.8422,-0.0521,0.5367,0,-0.0228,0.991,0.132,0,-0.5387,-0.1234,0.8334,0,5.5507,13.7754,-1.9265,1]},
{"frame":20,"values":[0.8475,-0.0802,0.5248,0,0.0138,0.9915,0.1292,0,-0.5307,-0.1023,0.8414,0,5.5507,13.7754,-1.9265,1]},
{"frame":21,"values":[0.8555,-0.1054,0.507,0,0.0449,0.9905,0.1302,0,-0.5159,-0.0886,0.8521,0,5.5507,13.7754,-1.9265,1]},
{"frame":22,"values":[0.8659,-0.1221,0.4851,0,0.0635,0.9887,0.1355,0,-0.4962,-0.0865,0.8639,0,5.5507,13.7754,-1.9265,1]},
{"frame":23,"values":[0.8782,-0.1237,0.4621,0,0.0626,0.9874,0.1453,0,-0.4742,-0.0987,0.8748,0,5.5507,13.7754,-1.9265,1]},
{"frame":24,"values":[0.8907,-0.1115,0.4406,0,0.0454,0.9864,0.1579,0,-0.4523,-0.1206,0.8837,0,5.5507,13.7754,-1.9265,1]},
{"frame":25,"values":[0.9009,-0.0976,0.4229,0,0.0274,0.9853,0.1689,0,-0.4332,-0.1406,0.8903,0,5.5507,13.7754,-1.9265,1]}],"loopBehavior":1,"name":"anim","property":"_matrix"}},
{"name":"LeftArm","index":8,"matrix":[0.6363,-0.2969,0.712,0,0.7662,0.3509,-0.5384,0,-0.09,0.8881,0.4508,0,11.8394,-3.1354,-0.0171,1],"rest":[0.9973,-0.0184,0.0706,0,0.0183,0.9998,0.0011,0,-0.0707,0.0002,0.9975,0,11.8394,-3.1354,-0.0171,1],"parentBoneIndex":7,"length":29.2403
,"animation":{"dataType":3,"framePerSecond":24,"keys":[
{"frame":1,"values":[0.6363,-0.2969,0.712,0,0.7662,0.3509,-0.5384,0,-0.09,0.8881,0.4508,0,11.8394,-3.1354,-0.0171,1]},
{"frame":2,"values":[0.6093,-0.2945,0.7363,0,0.7862,0.345,-0.5126,0,-0.1031,0.8912,0.4417,0,11.8394,-3.1354,-0.0171,1]},
{"frame":3,"values":[0.5858,-0.2901,0.7568,0,0.8021,0.3418,-0.4898,0,-0.1166,0.8939,0.4328,0,11.8394,-3.1354,-0.0171,1]},
{"frame":4,"values":[0.5654,-0.2869,0.7733,0,0.8142,0.3442,-0.4676,0,-0.132,0.894,0.4282,0,11.8394,-3.1354,-0.0171,1]},
{"frame":5,"values":[0.5416,-0.2821,0.7919,0,0.827,0.3479,-0.4416,0,-0.1509,0.8941,0.4217,0,11.8394,-3.1354,-0.0171,1]},
{"frame":6,"values":[0.5298,-0.2779,0.8013,0,0.8332,0.3472,-0.4304,0,-0.1586,0.8957,0.4154,0,11.8394,-3.1354,-0.0171,1]},
{"frame":7,"values":[0.5357,-0.2729,0.7991,0,0.8256,0.3682,-0.4277,0,-0.1775,0.8888,0.4225,0,11.8394,-3.1354,-0.0171,1]},
{"frame":8,"values":[0.5518,-0.2835,0.7843,0,0.8151,0.3822,-0.4353,0,-0.1763,0.8795,0.4419,0,11.8394,-3.1354,-0.0171,1]},
{"frame":9,"values":[0.5687,-0.2881,0.7705,0,0.8049,0.3879,-0.449,0,-0.1695,0.8755,0.4524,0,11.8394,-3.1354,-0.0171,1]},
{"frame":10,"values":[0.5851,-0.2801,0.7611,0,0.7937,0.3902,-0.4666,0,-0.1663,0.8771,0.4506,0,11.8394,-3.1354,-0.0171,1]},
{"frame":11,"values":[0.6002,-0.277,0.7503,0,0.7848,0.3852,-0.4856,0,-0.1545,0.8803,0.4486,0,11.8394,-3.1354,-0.0171,1]},
{"frame":12,"values":[0.6167,-0.2774,0.7367,0,0.7759,0.3725,-0.5092,0,-0.1331,0.8856,0.4449,0,11.8394,-3.1354,-0.0171,1]},
{"frame":13,"values":[0.628,-0.2869,0.7234,0,0.7709,0.3562,-0.528,0,-0.1062,0.8893,0.4449,0,11.8394,-3.1354,-0.0171,1]},
{"frame":14,"values":[0.639,-0.3028,0.7071,0,0.7656,0.3388,-0.5469,0,-0.074,0.8908,0.4483,0,11.8394,-3.1354,-0.0171,1]},
{"frame":15,"values":[0.6502,-0.3185,0.6898,0,0.7586,0.3217,-0.5666,0,-0.0415,0.8917,0.4508,0,11.8394,-3.1354,-0.0171,1]},
{"frame":16,"values":[0.6662,-0.3247,0.6714,0,0.7451,0.3288,-0.5803,0,-0.0323,0.8868,0.461,0,11.8394,-3.1354,-0.0171,1]},
{"frame":17,"values":[0.6789,-0.3304,0.6557,0,0.7339,0.3331,-0.592,0,-0.0228,0.8831,0.4687,0,11.8394,-3.1354,-0.0171,1]},
{"frame":18,"values":[0.6824,-0.3359,0.6493,0,0.7309,0.3287,-0.5981,0,-0.0125,0.8827,0.4698,0,11.8394,-3.1354,-0.0171,1]},
{"frame":19,"values":[0.6835,-0.3349,0.6486,0,0.7297,0.3343,-0.5964,0,-0.0171,0.8809,0.4729,0,11.8394,-3.1354,-0.0171,1]},
{"frame":20,"values":[0.6731,-0.3336,0.66,0,0.7388,0.3426,-0.5803,0,-0.0326,0.8782,0.4771,0,11.8394,-3.1354,-0.0171,1]},
{"frame":21,"values":[0.6645,-0.3238,0.6735,0,0.7453,0.3522,-0.5661,0,-0.0539,0.8781,0.4754,0,11.8394,-3.1354,-0.0171,1]},
{"frame":22,"values":[0.6584,-0.309,0.6864,0,0.7489,0.36,-0.5563,0,-0.0752,0.8803,0.4684,0,11.8394,-3.1354,-0.0171,1]},
{"frame":23,"values":[0.6523,-0.2987,0.6966,0,0.753,0.3602,-0.5506,0,-0.0865,0.8837,0.4599,0,11.8394,-3.1354,-0.0171,1]},
{"frame":24,"values":[0.643,-0.2961,0.7063,0,0.7605,0.3559,-0.5431,0,-0.0906,0.8864,0.454,0,11.8394,-3.1354,-0.0171,1]},
{"frame":25,"values":[0.6363,-0.2967,0.7121,0,0.7661,0.3509,-0.5384,0,-0.0902,0.8882,0.4506,0,11.8394,-3.1354,-0.0171,1]}],"loopBehavior":1,"name":"anim","property":"_matrix"}},
{"name":"LeftForeArm","index":9,"matrix":[0.1458,-0.0675,0.987,0,0.9584,-0.2377,-0.1578,0,0.2452,0.969,0.03,0,29.1612,0.5949,-2.0659,1],"rest":[0.9973,0.0203,-0.0707,0,-0.0203,0.9998,0.0007,0,0.0707,0.0007,0.9975,0,29.1612,0.5949,-2.0659,1],"parentBoneIndex":8,"length":29.6649
,"animation":{"dataType":3,"framePerSecond":24,"keys":[
{"frame":1,"values":[0.1458,-0.0675,0.987,0,0.9584,-0.2377,-0.1578,0,0.2452,0.969,0.03,0,29.1612,0.5949,-2.0659,1]},
{"frame":2,"values":[0.1482,-0.065,0.9868,0,0.9724,-0.1722,-0.1574,0,0.1802,0.9829,0.0376,0,29.1612,0.5949,-2.0659,1]},
{"frame":3,"values":[0.1331,-0.0672,0.9888,0,0.9659,-0.215,-0.1446,0,0.2223,0.9743,0.0363,0,29.1612,0.5949,-2.0659,1]},
{"frame":4,"values":[0.1145,-0.0673,0.9911,0,0.9707,-0.2044,-0.126,0,0.2111,0.9766,0.0419,0,29.1612,0.5949,-2.0659,1]},
{"frame":5,"values":[0.1153,-0.0675,0.991,0,0.972,-0.198,-0.1266,0,0.2047,0.9779,0.0428,0,29.1612,0.5949,-2.0659,1]},
{"frame":6,"values":[0.1216,-0.0677,0.9903,0,0.9691,-0.2076,-0.1332,0,0.2146,0.9759,0.0404,0,29.1612,0.5949,-2.0659,1]},
{"frame":7,"values":[0.0984,-0.068,0.9928,0,0.9678,-0.2256,-0.1113,0,0.2315,0.9718,0.0436,0,29.1612,0.5949,-2.0659,1]},
{"frame":8,"values":[0.0692,-0.0687,0.9952,0,0.9672,-0.2398,-0.0838,0,0.2444,0.9684,0.0499,0,29.1612,0.5949,-2.0659,1]},
{"frame":9,"values":[0.0541,-0.0706,0.996,0,0.9705,-0.2312,-0.0691,0,0.2352,0.9703,0.056,0,29.1612,0.5949,-2.0659,1]},
{"frame":10,"values":[0.0504,-0.0706,0.9962,0,0.9713,-0.2288,-0.0653,0,0.2326,0.9709,0.057,0,29.1612,0.5949,-2.0659,1]},
{"frame":11,"values":[0.0516,-0.0703,0.9962,0,0.9725,-0.2234,-0.0661,0,0.2272,0.9722,0.0569,0,29.1612,0.5949,-2.0659,1]},
{"frame":12,"values":[0.0533,-0.0701,0.9961,0,0.9616,-0.2654,-0.0701,0,0.2693,0.9616,0.0533,0,29.1612,0.5949,-2.0659,1]},
{"frame":13,"values":[0.062,-0.0698,0.9956,0,0.9655,-0.2486,-0.0776,0,0.253,0.9661,0.052,0,29.1612,0.5949,-2.0659,1]},
{"frame":14,"values":[0.0558,-0.0699,0.996,0,0.9704,-0.2307,-0.0706,0,0.2348,0.9705,0.0549,0,29.1612,0.5949,-2.0659,1]},
{"frame":15,"values":[0.0431,-0.0701,0.9966,0,0.9743,-0.2177,-0.0574,0,0.2209,0.9735,0.0589,0,29.1612,0.5949,-2.0659,1]},
{"frame":16,"values":[0.0413,-0.0705,0.9967,0,0.975,-0.215,-0.0556,0,0.2182,0.9741,0.0598,0,29.1612,0.5949,-2.0659,1]},
{"frame":17,"values":[0.0309,-0.0708,0.997,0,0.9737,-0.223,-0.046,0,0.2256,0.9722,0.0621,0,29.1612,0.5949,-2.0659,1]},
{"frame":18,"values":[0.0084,-0.0713,0.9974,0,0.971,-0.2378,-0.0252,0,0.239,0.9687,0.0673,0,29.1612,0.5949,-2.0659,1]},
{"frame":19,"values":[0.0116,-0.071,0.9974,0,0.9727,-0.2306,-0.0277,0,0.232,0.9705,0.0664,0,29.1612,0.5949,-2.0659,1]},
{"frame":20,"values":[0.0413,-0.0699,0.9967,0,0.9748,-0.216,-0.0556,0,0.2192,0.9739,0.0592,0,29.1612,0.5949,-2.0659,1]},
{"frame":21,"values":[0.0662,-0.0691,0.9954,0,0.9737,-0.2133,-0.0796,0,0.2178,0.9745,0.0532,0,29.1612,0.5949,-2.0659,1]},
{"frame":22,"values":[0.0891,-0.0679,0.9937,0,0.9736,-0.2045,-0.1013,0,0.2101,0.9765,0.0479,0,29.1612,0.5949,-2.0659,1]},
{"frame":23,"values":[0.108,-0.0657,0.992,0,0.9787,-0.1679,-0.1177,0,0.1743,0.9836,0.0461,0,29.1612,0.5949,-2.0659,1]},
{"frame":24,"values":[0.1327,-0.066,0.989,0,0.9704,-0.1943,-0.1432,0,0.2016,0.9787,0.0383,0,29.1612,0.5949,-2.0659,1]},
{"frame":25,"values":[0.146,-0.0675,0.987,0,0.9584,-0.2377,-0.1581,0,0.2453,0.969,0.0299,0,29.1612,0.5949,-2.0659,1]}],"loopBehavior":1,"name":"anim","property":"_matrix"}},
{"name":"LeftHand","index":10,"matrix":[0.9879,-0.0351,0.1508,0,0.1332,0.6894,-0.7121,0,-0.079,0.7236,0.6857,0,29.6649,0,0,1],"rest":[1,0,0,0,0,1,-0.0011,0,0,0.0011,1,0,29.6649,0,0,1],"parentBoneIndex":9,"length":11.8196
,"animation":{"dataType":3,"framePerSecond":24,"keys":[
{"frame":1,"values":[0.9879,-0.0351,0.1508,0,0.1332,0.6894,-0.7121,0,-0.079,0.7236,0.6857,0,29.6649,0,0,1]},
{"frame":2,"values":[0.9858,-0.0215,0.1668,0,0.1416,0.6417,-0.7538,0,-0.0908,0.7667,0.6356,0,29.6649,0,0,1]},
{"frame":3,"values":[0.9822,-0.0094,0.1878,0,0.1454,0.6713,-0.7268,0,-0.1192,0.7411,0.6607,0,29.6649,0,0,1]},
{"frame":4,"values":[0.9777,0.0153,0.2093,0,0.1473,0.6601,-0.7365,0,-0.1495,0.751,0.6432,0,29.6649,0,0,1]},
{"frame":5,"values":[0.9747,0.023,0.2223,0,0.1528,0.6576,-0.7377,0,-0.1631,0.753,0.6375,0,29.6649,0,0,1]},
{"frame":6,"values":[0.9757,0.0235,0.2179,0,0.1456,0.6737,-0.7245,0,-0.1638,0.7386,0.6539,0,29.6649,0,0,1]},
{"frame":7,"values":[0.9728,0.0444,0.2273,0,0.1346,0.6903,-0.7109,0,-0.1885,0.7221,0.6656,0,29.6649,0,0,1]},
{"frame":8,"values":[0.9735,0.0554,0.2219,0,0.1191,0.7054,-0.6988,0,-0.1952,0.7067,0.6801,0,29.6649,0,0,1]},
{"frame":9,"values":[0.976,0.0659,0.2076,0,0.1016,0.7051,-0.7018,0,-0.1926,0.7061,0.6815,0,29.6649,0,0,1]},
{"frame":10,"values":[0.9776,0.0774,0.1956,0,0.0847,0.7063,-0.7028,0,-0.1925,0.7037,0.6839,0,29.6649,0,0,1]},
{"frame":11,"values":[0.9794,0.0797,0.1858,0,0.0767,0.7039,-0.7062,0,-0.1871,0.7058,0.6832,0,29.6649,0,0,1]},
{"frame":12,"values":[0.9808,0.0678,0.1827,0,0.0759,0.7305,-0.6787,0,-0.1795,0.6795,0.7114,0,29.6649,0,0,1]},
{"frame":13,"values":[0.9826,0.0514,0.1786,0,0.0879,0.718,-0.6905,0,-0.1637,0.6942,0.701,0,29.6649,0,0,1]},
{"frame":14,"values":[0.9829,0.041,0.1796,0,0.099,0.7046,-0.7027,0,-0.1554,0.7084,0.6885,0,29.6649,0,0,1]},
{"frame":15,"values":[0.9829,0.0361,0.1808,0,0.1058,0.6926,-0.7135,0,-0.151,0.7204,0.6769,0,29.6649,0,0,1]},
{"frame":16,"values":[0.9821,0.0223,0.1871,0,0.1204,0.6892,-0.7145,0,-0.1449,0.7242,0.6742,0,29.6649,0,0,1]},
{"frame":17,"values":[0.9816,0.0216,0.1899,0,0.1221,0.6938,-0.7097,0,-0.1471,0.7198,0.6784,0,29.6649,0,0,1]},
{"frame":18,"values":[0.983,0.0446,0.1783,0,0.0946,0.7091,-0.6988,0,-0.1576,0.7037,0.6928,0,29.6649,0,0,1]},
{"frame":19,"values":[0.9867,0.0513,0.1542,0,0.0722,0.7117,-0.6988,0,-0.1455,0.7007,0.6985,0,29.6649,0,0,1]},
{"frame":20,"values":[0.9905,0.0355,0.1332,0,0.0682,0.7134,-0.6974,0,-0.1198,0.6998,0.7042,0,29.6649,0,0,1]},
{"frame":21,"values":[0.9922,0.0274,0.1217,0,0.0654,0.7165,-0.6945,0,-0.1063,0.6971,0.7091,0,29.6649,0,0,1]},
{"frame":22,"values":[0.9927,0.023,0.118,0,0.0674,0.7061,-0.7049,0,-0.0995,0.7078,0.6994,0,29.6649,0,0,1]},
{"frame":23,"values":[0.9925,0.0171,0.1214,0,0.079,0.6675,-0.7404,0,-0.0937,0.7444,0.6611,0,29.6649,0,0,1]},
{"frame":24,"values":[0.9906,-0.0114,0.136,0,0.1082,0.673,-0.7317,0,-0.0831,0.7396,0.6679,0,29.6649,0,0,1]},
{"frame":25,"values":[0.9879,-0.0352,0.1508,0,0.1333,0.6894,-0.712,0,-0.0789,0.7235,0.6858,0,29.6649,0,0,1]}],"loopBehavior":1,"name":"anim","property":"_matrix"}},
{"name":"LeftHandThumb1","index":11,"matrix":[0.9853,-0.0403,-0.1657,0,0.0418,0.9991,0.0055,0,0.1654,-0.0123,0.9862,0,6.1321,-4.043,2.9242,1],"rest":[1,-0.0003,-0.0002,0,0.0003,1,0.0003,0,0.0002,-0.0003,1,0,6.1321,-4.043,2.9242,1],"parentBoneIndex":10,"length":2.3395
,"animation":{"dataType":3,"framePerSecond":24,"keys":[
{"frame":1,"values":[0.9853,-0.0403,-0.1657,0,0.0418,0.9991,0.0055,0,0.1654,-0.0123,0.9862,0,6.1321,-4.043,2.9242,1]},
{"frame":3,"values":[0.9853,-0.0403,-0.1657,0,0.0418,0.9991,0.0055,0,0.1653,-0.0123,0.9862,0,6.1321,-4.043,2.9242,1]},
{"frame":5,"values":[0.9853,-0.0403,-0.1657,0,0.0418,0.9991,0.0055,0,0.1654,-0.0123,0.9862,0,6.1321,-4.043,2.9242,1]},
{"frame":11,"values":[0.9853,-0.0403,-0.1657,0,0.0418,0.9991,0.0055,0,0.1653,-0.0123,0.9862,0,6.1321,-4.043,2.9242,1]},
{"frame":12,"values":[0.9853,-0.0403,-0.1657,0,0.0418,0.9991,0.0055,0,0.1654,-0.0123,0.9862,0,6.1321,-4.043,2.9242,1]},
{"frame":13,"values":[0.9853,-0.0403,-0.1657,0,0.0418,0.9991,0.0055,0,0.1653,-0.0123,0.9862,0,6.1321,-4.043,2.9242,1]},
{"frame":14,"values":[0.9853,-0.0403,-0.1657,0,0.0418,0.9991,0.0055,0,0.1654,-0.0123,0.9862,0,6.1321,-4.043,2.9242,1]},
{"frame":23,"values":[0.9853,-0.0403,-0.1657,0,0.0418,0.9991,0.0055,0,0.1653,-0.0123,0.9862,0,6.1321,-4.043,2.9242,1]},
{"frame":24,"values":[0.9853,-0.0403,-0.1657,0,0.0418,0.9991,0.0055,0,0.1654,-0.0123,0.9862,0,6.1321,-4.043,2.9242,1]},
{"frame":25,"values":[0.9853,-0.0403,-0.1657,0,0.0418,0.9991,0.0055,0,0.1653,-0.0123,0.9862,0,6.1321,-4.043,2.9242,1]}],"loopBehavior":1,"name":"anim","property":"_matrix"}},
{"name":"LeftHandThumb2","index":12,"matrix":[0.9755,0.0463,-0.2152,0,-0.0231,0.9938,0.1091,0,0.219,-0.1015,0.9704,0,1.8122,-1.0462,1.0462,1],"rest":[1,0,0,0,0,1,0,0,0,0,1,0,1.8122,-1.0462,1.0462,1],"parentBoneIndex":11,"length":1.5944
,"animation":{"dataType":3,"framePerSecond":24,"keys":[
{"frame":1,"values":[0.9755,0.0463,-0.2152,0,-0.0231,0.9938,0.1091,0,0.219,-0.1015,0.9704,0,1.8122,-1.0462,1.0462,1]},
{"frame":25,"values":[0.9755,0.0463,-0.2152,0,-0.0231,0.9938,0.1091,0,0.219,-0.1015,0.9704,0,1.8122,-1.0462,1.0462,1]}],"loopBehavior":1,"name":"anim","property":"_matrix"}},
{"name":"LeftHandThumb3","index":13,"matrix":[0.9525,0.1482,0.2662,0,-0.0265,0.9107,-0.4123,0,-0.3035,0.3856,0.8713,0,1.2351,-0.713,0.713,1],"rest":[1,0.0001,-0.0001,0,-0.0001,1,0,0,0.0001,0,1,0,1.2351,-0.713,0.713,1],"parentBoneIndex":12,"length":2.5475
,"animation":{"dataType":3,"framePerSecond":24,"keys":[
{"frame":1,"values":[0.9525,0.1482,0.2662,0,-0.0265,0.9107,-0.4123,0,-0.3035,0.3856,0.8713,0,1.2351,-0.713,0.713,1]},
{"frame":25,"values":[0.9525,0.1482,0.2662,0,-0.0265,0.9107,-0.4123,0,-0.3035,0.3856,0.8713,0,1.2351,-0.713,0.713,1]}],"loopBehavior":1,"name":"anim","property":"_matrix"}},
{"name":"LeftHandThumb4","index":14,"matrix":[1,0,0,0,0,1,0,0,0,0,1,0,1.9732,-1.1393,1.1393,1],"rest":[1,0,0,0,0,1,0,0,0,0,1,0,1.9732,-1.1393,1.1393,1],"parentBoneIndex":13,"length":2.5475
,"animation":{"dataType":3,"framePerSecond":24,"keys":[
{"frame":1,"values":[1,0,0,0,0,1,0,0,0,0,1,0,1.9732,-1.1393,1.1393,1]},
{"frame":25,"values":[1,0,0,0,0,1,0,0,0,0,1,0,1.9732,-1.1393,1.1393,1]}],"loopBehavior":1,"name":"anim","property":"_matrix"}},
{"name":"LeftHandIndex1","index":15,"matrix":[0.9347,-0.3535,-0.038,0,0.3548,0.9208,0.1618,0,-0.0222,-0.1647,0.9861,0,13.2426,-0.3099,2.8565,1],"rest":[1,0,0,0,0,1,0,0,0,0,1,0,13.2426,-0.3099,2.8565,1],"parentBoneIndex":10,"length":2.1974
,"animation":{"dataType":3,"framePerSecond":24,"keys":[
{"frame":1,"values":[0.9347,-0.3535,-0.038,0,0.3548,0.9208,0.1618,0,-0.0222,-0.1647,0.9861,0,13.2426,-0.3099,2.8565,1]},
{"frame":25,"values":[0.9347,-0.3535,-0.038,0,0.3548,0.9208,0.1618,0,-0.0222,-0.1647,0.9861,0,13.2426,-0.3099,2.8565,1]}],"loopBehavior":1,"name":"anim","property":"_matrix"}},
{"name":"LeftHandIndex2","index":16,"matrix":[0.8781,-0.476,-0.0492,0,0.476,0.8794,-0.0125,0,0.0492,-0.0125,0.9987,0,2.1974,0.0001,0,1],"rest":[1,0,-0.0001,0,0,1,0,0,0.0001,0,1,0,2.1974,0.0001,0,1],"parentBoneIndex":15,"length":1.5095
,"animation":{"dataType":3,"framePerSecond":24,"keys":[
{"frame":1,"values":[0.8781,-0.476,-0.0492,0,0.476,0.8794,-0.0125,0,0.0492,-0.0125,0.9987,0,2.1974,0.0001,0,1]},
{"frame":25,"values":[0.8781,-0.476,-0.0492,0,0.476,0.8794,-0.0125,0,0.0492,-0.0125,0.9987,0,2.1974,0.0001,0,1]}],"loopBehavior":1,"name":"anim","property":"_matrix"}},
{"name":"LeftHandIndex3","index":17,"matrix":[0.8501,-0.5264,-0.0166,0,0.5262,0.8503,-0.0144,0,0.0216,0.0035,0.9998,0,1.5095,0,0.0001,1],"rest":[0.9979,-0.0563,0.032,0,0.0563,0.9984,0.0009,0,-0.032,0.0009,0.9995,0,1.5095,0,0.0001,1],"parentBoneIndex":16,"length":1.6331
,"animation":{"dataType":3,"framePerSecond":24,"keys":[
{"frame":1,"values":[0.8501,-0.5264,-0.0166,0,0.5262,0.8503,-0.0144,0,0.0216,0.0035,0.9998,0,1.5095,0,0.0001,1]},
{"frame":25,"values":[0.8501,-0.5264,-0.0166,0,0.5262,0.8503,-0.0144,0,0.0216,0.0035,0.9998,0,1.5095,0,0.0001,1]}],"loopBehavior":1,"name":"anim","property":"_matrix"}},
{"name":"LeftHandIndex4","index":18,"matrix":[1,0,0,0,0,1,0,0,0,0,1,0,1.6297,0.092,-0.0521,1],"rest":[1,0,0,0,0,1,0,0,0,0,1,0,1.6297,0.092,-0.0521,1],"parentBoneIndex":17,"length":1.6331
,"animation":{"dataType":3,"framePerSecond":24,"keys":[
{"frame":1,"values":[1,0,0,0,0,1,0,0,0,0,1,0,1.6297,0.092,-0.0521,1]},
{"frame":25,"values":[1,0,0,0,0,1,0,0,0,0,1,0,1.6297,0.092,-0.0521,1]}],"loopBehavior":1,"name":"anim","property":"_matrix"}},
