{"producer":{"name":"Blender","version":"2.90.0","exporter_version":"6.4.4","file":"strafeleft.babylon"},
"autoClear":true,"clearColor":[0.0509,0.0509,0.0509],"gravity":[0,-9.81,0],
"materials":[{"name":"Material","id":"Material","customType":"BABYLON.PBRMaterial","backFaceCulling":true,"checkReadyOnlyOnce":false,"maxSimultaneousLights":4,"environmentIntensity":1,"albedo":[0.8,0.8,0.8],"reflectivity":[0.5,0.5,0.5],"roughness":0.4,"alpha":1,"transparencyMode":0,"alphaCutOff":0.4,"metallic":0}],
"multiMaterials":[],
"skeletons":[{"name":"Armature","id":0,"dimensionsAtRest":[192.3395,226.9932,28.649],"bones":[
{"name":"Hips","index":0,"matrix":[0.0539,-0.1004,0.9935,0,0.0283,0.9947,0.099,0,0.9981,-0.0228,-0.0565,0,0.4123,110.422,0.5996,1],"rest":[1,0,0,0,0,1,0,0,0,0,-1,0,0,114.0532,0,1],"parentBoneIndex":-1,"length":12.7599
,"animation":{"dataType":3,"framePerSecond":24,"keys":[
{"frame":1,"values":[0.0539,-0.1004,0.9935,0,0.0283,0.9947,0.099,0,0.9981,-0.0228,-0.0565,0,0.4123,110.422,0.5996,1]},
{"frame":2,"values":[0.0626,-0.0823,0.9946,0,0.0295,0.9963,0.0806,0,0.9976,-0.0243,-0.0648,0,-0.1312,112.1295,0.847,1]},
{"frame":3,"values":[0.0856,-0.0668,0.9941,0,0.0335,0.9974,0.0641,0,0.9958,-0.0278,-0.0876,0,-0.541,112.6838,1.2192,1]},
{"frame":4,"values":[0.1227,-0.0536,0.991,0,0.0446,0.9978,0.0484,0,0.9914,-0.0382,-0.1249,0,-0.6642,112.06,1.6319,1]},
{"frame":5,"values":[0.1626,-0.0425,0.9858,0,0.0603,0.9976,0.033,0,0.9848,-0.0541,-0.1648,0,-0.5394,110.526,2.0215,1]},
{"frame":6,"values":[0.1929,-0.0339,0.9806,0,0.0716,0.9972,0.0204,0,0.9786,-0.0663,-0.1948,0,-0.3433,108.5531,2.3689,1]},
{"frame":7,"values":[0.211,-0.0251,0.9772,0,0.0706,0.9975,0.0103,0,0.9749,-0.0668,-0.2122,0,0.0092,106.7486,2.6753,1]},
{"frame":8,"values":[0.2186,-0.0077,0.9758,0,0.055,0.9985,-0.0045,0,0.9743,-0.0546,-0.2187,0,0.7195,105.6162,3.0374,1]},
{"frame":9,"values":[0.2156,0.022,0.9762,0,0.0317,0.9991,-0.0295,0,0.976,-0.0373,-0.2147,0,1.7347,105.4832,3.5741,1]},
{"frame":10,"values":[0.1986,0.0541,0.9786,0,0.0107,0.9983,-0.0574,0,0.98,-0.0219,-0.1977,0,2.7141,106.4909,4.3298,1]},
{"frame":11,"values":[0.1767,0.0746,0.9814,0,-0.0019,0.9971,-0.0755,0,0.9843,-0.0115,-0.1764,0,2.988,108.2258,5.0655,1]},
{"frame":12,"values":[0.1633,0.0767,0.9836,0,-0.0064,0.997,-0.0767,0,0.9866,-0.0062,-0.1633,0,2.3761,110.1493,5.4741,1]},
{"frame":13,"values":[0.1573,0.0662,0.9853,0,-0.0064,0.9978,-0.066,0,0.9875,-0.0041,-0.1574,0,1.4646,111.6441,5.4324,1]},
{"frame":14,"values":[0.1425,0.0499,0.9885,0,-0.0021,0.9987,-0.0501,0,0.9898,-0.0051,-0.1425,0,0.8294,112.2087,5.0699,1]},
{"frame":15,"values":[0.1099,0.0379,0.9932,0,0.0064,0.9992,-0.0389,0,0.9939,-0.0107,-0.1096,0,0.6482,111.5694,4.5603,1]},
{"frame":16,"values":[0.0666,0.0345,0.9972,0,0.0181,0.9992,-0.0358,0,0.9976,-0.0204,-0.0659,0,0.8909,109.81,4.0189,1]},
{"frame":17,"values":[0.0299,0.0341,0.999,0,0.0278,0.999,-0.0349,0,0.9992,-0.0288,-0.0289,0,1.3754,107.625,3.5054,1]},
{"frame":18,"values":[0.0113,0.0231,0.9997,0,0.0288,0.9993,-0.0234,0,0.9995,-0.029,-0.0106,0,1.8885,105.8314,2.9921,1]},
{"frame":19,"values":[0.0105,-0.0073,0.9999,0,0.0205,0.9998,0.0071,0,0.9997,-0.0204,-0.0106,0,2.2395,104.8979,2.3643,1]},
{"frame":20,"values":[0.0234,-0.0493,0.9985,0,0.0099,0.9987,0.049,0,0.9997,-0.0087,-0.0239,0,2.3265,105.0713,1.6227,1]},
{"frame":21,"values":[0.0383,-0.0828,0.9958,0,0.0061,0.9966,0.0826,0,0.9992,-0.0029,-0.0387,0,2.1286,106.2782,0.954,1]},
{"frame":22,"values":[0.0417,-0.0978,0.9943,0,0.0127,0.9952,0.0973,0,0.999,-0.0085,-0.0428,0,1.4633,108.1699,0.5953,1]},
{"frame":23,"values":[0.0298,-0.1004,0.9945,0,0.0259,0.9947,0.0996,0,0.9992,-0.0228,-0.0323,0,0.3976,110.422,0.6094,1]}],"loopBehavior":1,"name":"anim","property":"_matrix"}},
{"name":"Spine","index":1,"matrix":[0.9761,0.0729,0.2047,0,-0.0883,0.9938,0.0673,0,-0.1986,-0.0838,0.9765,0,-0.0057,10.8958,-1.2787,1],"rest":[1,0,0,0,0,1,0,0,0,0,1,0,-0.0057,10.8958,-1.2787,1],"parentBoneIndex":0,"length":12.7989
,"animation":{"dataType":3,"framePerSecond":24,"keys":[
{"frame":1,"values":[0.9761,0.0729,0.2047,0,-0.0883,0.9938,0.0673,0,-0.1986,-0.0838,0.9765,0,-0.0057,10.8958,-1.2787,1]},
{"frame":2,"values":[0.9831,0.0558,0.1743,0,-0.068,0.9956,0.0647,0,-0.1699,-0.0755,0.9826,0,-0.0057,10.8958,-1.2787,1]},
{"frame":3,"values":[0.9892,0.045,0.1395,0,-0.0543,0.9965,0.0635,0,-0.1361,-0.0704,0.9882,0,-0.0057,10.8958,-1.2787,1]},
{"frame":4,"values":[0.9939,0.0412,0.1027,0,-0.0475,0.9971,0.0595,0,-0.1,-0.064,0.9929,0,-0.0057,10.8958,-1.2787,1]},
{"frame":5,"values":[0.9967,0.0404,0.0699,0,-0.0441,0.9977,0.052,0,-0.0676,-0.0549,0.9962,0,-0.0057,10.8958,-1.2787,1]},
{"frame":6,"values":[0.9982,0.0383,0.0468,0,-0.0404,0.9982,0.0446,0,-0.045,-0.0464,0.9979,0,-0.0057,10.8958,-1.2787,1]},
{"frame":7,"values":[0.9989,0.0306,0.035,0,-0.032,0.9987,0.0401,0,-0.0337,-0.0411,0.9986,0,-0.0057,10.8958,-1.2787,1]},
{"frame":8,"values":[0.9993,0.0127,0.0356,0,-0.0141,0.9992,0.0376,0,-0.0351,-0.038,0.9987,0,-0.0057,10.8958,-1.2787,1]},
{"frame":9,"values":[0.9988,-0.0126,0.0469,0,0.0109,0.9992,0.0378,0,-0.0474,-0.0373,0.9982,0,-0.0057,10.8958,-1.2787,1]},
{"frame":10,"values":[0.9973,-0.0338,0.0653,0,0.031,0.9985,0.0444,0,-0.0667,-0.0422,0.9969,0,-0.0057,10.8958,-1.2787,1]},
{"frame":11,"values":[0.9957,-0.0419,0.0825,0,0.0374,0.9978,0.0546,0,-0.0846,-0.0513,0.9951,0,-0.0057,10.8958,-1.2787,1]},
{"frame":12,"values":[0.9948,-0.0357,0.0959,0,0.0298,0.9976,0.062,0,-0.0979,-0.0589,0.9935,0,-0.0057,10.8958,-1.2787,1]},
{"frame":13,"values":[0.9935,-0.0238,0.111,0,0.0167,0.9978,0.0646,0,-0.1123,-0.0624,0.9917,0,-0.0057,10.8958,-1.2787,1]},
{"frame":14,"values":[0.9909,-0.0139,0.1339,0,0.0053,0.9979,0.0646,0,-0.1346,-0.0634,0.9889,0,-0.0057,10.8958,-1.2787,1]},
{"frame":15,"values":[0.9867,-0.0134,0.1622,0,0.0031,0.9979,0.064,0,-0.1627,-0.0627,0.9847,0,-0.0057,10.8958,-1.2787,1]},
{"frame":16,"values":[0.9815,-0.0213,0.1901,0,0.0096,0.998,0.0623,0,-0.1911,-0.0593,0.9798,0,-0.0057,10.8958,-1.2787,1]},
{"frame":17,"values":[0.9767,-0.0271,0.2131,0,0.0147,0.9981,0.0594,0,-0.2143,-0.0549,0.9752,0,-0.0057,10.8958,-1.2787,1]},
{"frame":18,"values":[0.9736,-0.0175,0.2274,0,0.0048,0.9984,0.0562,0,-0.228,-0.0536,0.9722,0,-0.0057,10.8958,-1.2787,1]},
{"frame":19,"values":[0.9723,0.0103,0.2337,0,-0.0239,0.9982,0.0552,0,-0.2327,-0.0593,0.9707,0,-0.0057,10.8958,-1.2787,1]},
{"frame":20,"values":[0.9712,0.0448,0.2341,0,-0.0602,0.9964,0.059,0,-0.2306,-0.0714,0.9704,0,-0.0057,10.8958,-1.2787,1]},
{"frame":21,"values":[0.9707,0.0682,0.2302,0,-0.0854,0.9942,0.0654,0,-0.2244,-0.0831,0.9709,0,-0.0057,10.8958,-1.2787,1]},
{"frame":22,"values":[0.9725,0.075,0.2204,0,-0.0923,0.9933,0.0692,0,-0.2138,-0.0877,0.9729,0,-0.0057,10.8958,-1.2787,1]},
{"frame":23,"values":[0.9761,0.0729,0.2047,0,-0.0883,0.9938,0.0673,0,-0.1986,-0.0838,0.9765,0,-0.0057,10.8958,-1.2787,1]}],"loopBehavior":1,"name":"anim","property":"_matrix"}},
{"name":"Spine1","index":2,"matrix":[0.9566,0.0373,0.289,0,-0.0451,0.9988,0.0204,0,-0.2879,-0.0325,0.9571,0,-0.0066,12.7117,-1.4918,1],"rest":[1,0,0,0,0,1,0,0,0,0,1,0,-0.0066,12.7117,-1.4918,1],"parentBoneIndex":1,"length":14.6274
,"animation":{"dataType":3,"framePerSecond":24,"keys":[
{"frame":1,"values":[0.9566,0.0373,0.289,0,-0.0451,0.9988,0.0204,0,-0.2879,-0.0325,0.9571,0,-0.0066,12.7117,-1.4918,1]},
{"frame":2,"values":[0.9595,0.0339,0.2798,0,-0.0413,0.9989,0.0206,0,-0.2788,-0.0313,0.9598,0,-0.0066,12.7117,-1.4918,1]},
{"frame":3,"values":[0.9625,0.032,0.2693,0,-0.0391,0.999,0.0211,0,-0.2684,-0.0309,0.9628,0,-0.0066,12.7117,-1.4918,1]},
{"frame":4,"values":[0.9655,0.0319,0.2585,0,-0.0382,0.9991,0.0195,0,-0.2577,-0.0287,0.9658,0,-0.0066,12.7117,-1.4918,1]},
{"frame":5,"values":[0.9679,0.0328,0.2492,0,-0.0377,0.9992,0.0152,0,-0.2485,-0.0241,0.9683,0,-0.0066,12.7117,-1.4918,1]},
{"frame":6,"values":[0.9695,0.0336,0.2426,0,-0.0374,0.9992,0.0109,0,-0.2421,-0.0196,0.9701,0,-0.0066,12.7117,-1.4918,1]},
{"frame":7,"values":[0.9705,0.0333,0.2388,0,-0.0366,0.9993,0.0097,0,-0.2383,-0.0182,0.971,0,-0.0066,12.7117,-1.4918,1]},
{"frame":8,"values":[0.9707,0.0304,0.2383,0,-0.0341,0.9994,0.0115,0,-0.2378,-0.0193,0.9711,0,-0.0066,12.7117,-1.4918,1]},
{"frame":9,"values":[0.9701,0.0253,0.2413,0,-0.0295,0.9995,0.0138,0,-0.2408,-0.0205,0.9704,0,-0.0066,12.7117,-1.4918,1]},
{"frame":10,"values":[0.9689,0.0203,0.2466,0,-0.0249,0.9996,0.0158,0,-0.2462,-0.0215,0.969,0,-0.0066,12.7117,-1.4918,1]},
{"frame":11,"values":[0.9676,0.0181,0.2517,0,-0.0233,0.9996,0.0178,0,-0.2513,-0.0231,0.9676,0,-0.0066,12.7117,-1.4918,1]},
{"frame":12,"values":[0.9666,0.0197,0.2557,0,-0.0256,0.9995,0.0199,0,-0.2551,-0.0258,0.9666,0,-0.0066,12.7117,-1.4918,1]},
{"frame":13,"values":[0.9652,0.0228,0.2605,0,-0.0296,0.9993,0.0219,0,-0.2598,-0.0288,0.9652,0,-0.0066,12.7117,-1.4918,1]},
{"frame":14,"values":[0.963,0.0253,0.2682,0,-0.0327,0.9992,0.023,0,-0.2674,-0.0309,0.9631,0,-0.0066,12.7117,-1.4918,1]},
{"frame":15,"values":[0.9604,0.0267,0.2773,0,-0.0341,0.9992,0.0219,0,-0.2765,-0.0305,0.9605,0,-0.0066,12.7117,-1.4918,1]},
{"frame":16,"values":[0.958,0.0272,0.2856,0,-0.0337,0.9993,0.018,0,-0.2849,-0.0269,0.9582,0,-0.0066,12.7117,-1.4918,1]},
{"frame":17,"values":[0.956,0.0273,0.292,0,-0.0326,0.9994,0.0135,0,-0.2915,-0.0224,0.9563,0,-0.0066,12.7117,-1.4918,1]},
{"frame":18,"values":[0.9547,0.0278,0.2962,0,-0.0328,0.9994,0.0119,0,-0.2957,-0.0211,0.9551,0,-0.0066,12.7117,-1.4918,1]},
{"frame":19,"values":[0.9541,0.0299,0.2981,0,-0.0357,0.9993,0.0141,0,-0.2974,-0.0241,0.9544,0,-0.0066,12.7117,-1.4918,1]},
{"frame":20,"values":[0.954,0.0335,0.2978,0,-0.0408,0.999,0.0184,0,-0.2969,-0.0297,0.9545,0,-0.0066,12.7117,-1.4918,1]},
{"frame":21,"values":[0.9545,0.0367,0.296,0,-0.0452,0.9987,0.0217,0,-0.2948,-0.0341,0.9549,0,-0.0066,12.7117,-1.4918,1]},
{"frame":22,"values":[0.9553,0.038,0.293,0,-0.0465,0.9987,0.0222,0,-0.2918,-0.0349,0.9558,0,-0.0066,12.7117,-1.4918,1]},
{"frame":23,"values":[0.9566,0.0373,0.289,0,-0.0451,0.9988,0.0204,0,-0.2879,-0.0325,0.9571,0,-0.0066,12.7117,-1.4918,1]}],"loopBehavior":1,"name":"anim","property":"_matrix"}},
{"name":"Spine2","index":3,"matrix":[0.9565,0.0434,0.2885,0,-0.0501,0.9986,0.016,0,-0.2874,-0.0297,0.9574,0,-0.0076,14.5277,-1.7049,1],"rest":[1,0,0,0,0,1,0,0,0,0,1,0,-0.0076,14.5277,-1.7049,1],"parentBoneIndex":2,"length":15.4825
,"animation":{"dataType":3,"framePerSecond":24,"keys":[
{"frame":1,"values":[0.9565,0.0434,0.2885,0,-0.0501,0.9986,0.016,0,-0.2874,-0.0297,0.9574,0,-0.0076,14.5277,-1.7049,1]},
{"frame":2,"values":[0.9594,0.0399,0.2793,0,-0.0463,0.9988,0.0162,0,-0.2783,-0.0285,0.9601,0,-0.0076,14.5277,-1.7049,1]},
{"frame":3,"values":[0.9625,0.038,0.2687,0,-0.0442,0.9989,0.0169,0,-0.2677,-0.0281,0.9631,0,-0.0076,14.5277,-1.7049,1]},
{"frame":4,"values":[0.9655,0.0379,0.2578,0,-0.0433,0.9989,0.0153,0,-0.2569,-0.0259,0.9661,0,-0.0076,14.5277,-1.7049,1]},
{"frame":5,"values":[0.9679,0.0387,0.2484,0,-0.0428,0.999,0.0109,0,-0.2477,-0.0211,0.9686,0,-0.0076,14.5277,-1.7049,1]},
{"frame":6,"values":[0.9695,0.0396,0.2418,0,-0.0424,0.9991,0.0065,0,-0.2413,-0.0166,0.9703,0,-0.0076,14.5277,-1.7049,1]},
{"frame":7,"values":[0.9705,0.0392,0.238,0,-0.0417,0.9991,0.0054,0,-0.2376,-0.0151,0.9712,0,-0.0076,14.5277,-1.7049,1]},
{"frame":8,"values":[0.9707,0.0364,0.2376,0,-0.0392,0.9992,0.0072,0,-0.2372,-0.0163,0.9713,0,-0.0076,14.5277,-1.7049,1]},
{"frame":9,"values":[0.9701,0.0314,0.2406,0,-0.0347,0.9994,0.0095,0,-0.2401,-0.0176,0.9706,0,-0.0076,14.5277,-1.7049,1]},
{"frame":10,"values":[0.9689,0.0263,0.2459,0,-0.0301,0.9995,0.0115,0,-0.2455,-0.0186,0.9692,0,-0.0076,14.5277,-1.7049,1]},
{"frame":11,"values":[0.9677,0.0241,0.2509,0,-0.0284,0.9995,0.0136,0,-0.2505,-0.0202,0.9679,0,-0.0076,14.5277,-1.7049,1]},
{"frame":12,"values":[0.9666,0.0257,0.2548,0,-0.0307,0.9994,0.0157,0,-0.2543,-0.023,0.9669,0,-0.0076,14.5277,-1.7049,1]},
{"frame":13,"values":[0.9653,0.0288,0.2597,0,-0.0346,0.9992,0.0177,0,-0.259,-0.026,0.9655,0,-0.0076,14.5277,-1.7049,1]},
{"frame":14,"values":[0.9631,0.0312,0.2674,0,-0.0376,0.9991,0.0188,0,-0.2666,-0.0282,0.9634,0,-0.0076,14.5277,-1.7049,1]},
{"frame":15,"values":[0.9604,0.0326,0.2766,0,-0.039,0.9991,0.0178,0,-0.2757,-0.0278,0.9608,0,-0.0076,14.5277,-1.7049,1]},
{"frame":16,"values":[0.958,0.0332,0.2849,0,-0.0387,0.9992,0.0138,0,-0.2842,-0.0242,0.9585,0,-0.0076,14.5277,-1.7049,1]},
{"frame":17,"values":[0.956,0.0335,0.2913,0,-0.0378,0.9992,0.0092,0,-0.2908,-0.0198,0.9566,0,-0.0076,14.5277,-1.7049,1]},
{"frame":18,"values":[0.9547,0.0341,0.2955,0,-0.0381,0.9992,0.0076,0,-0.295,-0.0185,0.9553,0,-0.0076,14.5277,-1.7049,1]},
{"frame":19,"values":[0.9541,0.0361,0.2974,0,-0.0408,0.9991,0.0098,0,-0.2968,-0.0215,0.9547,0,-0.0076,14.5277,-1.7049,1]},
{"frame":20,"values":[0.954,0.0395,0.2972,0,-0.0457,0.9989,0.0141,0,-0.2963,-0.027,0.9547,0,-0.0076,14.5277,-1.7049,1]},
{"frame":21,"values":[0.9544,0.0427,0.2955,0,-0.05,0.9986,0.0173,0,-0.2943,-0.0313,0.9552,0,-0.0076,14.5277,-1.7049,1]},
{"frame":22,"values":[0.9552,0.044,0.2925,0,-0.0515,0.9985,0.0178,0,-0.2913,-0.0321,0.9561,0,-0.0076,14.5277,-1.7049,1]},
{"frame":23,"values":[0.9565,0.0434,0.2885,0,-0.0501,0.9986,0.016,0,-0.2874,-0.0297,0.9574,0,-0.0076,14.5277,-1.7049,1]}],"loopBehavior":1,"name":"anim","property":"_matrix"}},
{"name":"Neck","index":4,"matrix":[0.9955,0.0151,0.0936,0,-0.0208,0.998,0.0593,0,-0.0926,-0.061,0.9938,0,-0.0085,16.3436,-1.918,1],"rest":[1,0,0,0,0,1,0,0,0,0,1,0,-0.0085,16.3436,-1.918,1],"parentBoneIndex":3,"length":7.7098
,"animation":{"dataType":3,"framePerSecond":24,"keys":[
{"frame":1,"values":[0.9955,0.0151,0.0936,0,-0.0208,0.998,0.0593,0,-0.0926,-0.061,0.9938,0,-0.0085,16.3436,-1.918,1]},
{"frame":2,"values":[0.9947,0.0177,0.101,0,-0.025,0.9971,0.0721,0,-0.0994,-0.0743,0.9923,0,-0.0085,16.3436,-1.918,1]},
{"frame":3,"values":[0.9941,0.0165,0.1072,0,-0.0251,0.9966,0.0789,0,-0.1055,-0.0811,0.9911,0,-0.0085,16.3436,-1.918,1]},
{"frame":4,"values":[0.9938,0.0095,0.111,0,-0.0183,0.9967,0.0791,0,-0.1099,-0.0807,0.9907,0,-0.0085,16.3436,-1.918,1]},
{"frame":5,"values":[0.9936,-0.0012,0.1126,0,-0.0073,0.9971,0.0751,0,-0.1124,-0.0755,0.9908,0,-0.0085,16.3436,-1.918,1]},
{"frame":6,"values":[0.9935,-0.0087,0.1133,0,0.0007,0.9975,0.0706,0,-0.1137,-0.07,0.991,0,-0.0085,16.3436,-1.918,1]},
{"frame":7,"values":[0.9935,-0.0078,0.114,0,0,0.9976,0.0689,0,-0.1143,-0.0684,0.9911,0,-0.0085,16.3436,-1.918,1]},
{"frame":8,"values":[0.9934,0.0003,0.1144,0,-0.0083,0.9976,0.0693,0,-0.1141,-0.0698,0.991,0,-0.0085,16.3436,-1.918,1]},
{"frame":9,"values":[0.9935,0.0068,0.1137,0,-0.0144,0.9977,0.0668,0,-0.113,-0.068,0.9913,0,-0.0085,16.3436,-1.918,1]},
{"frame":10,"values":[0.9937,0.0044,0.1118,0,-0.0112,0.9981,0.06,0,-0.1113,-0.0609,0.9919,0,-0.0085,16.3436,-1.918,1]},
{"frame":11,"values":[0.994,-0.0045,0.1091,0,-0.0016,0.9984,0.0559,0,-0.1092,-0.0558,0.9925,0,-0.0085,16.3436,-1.918,1]},
{"frame":12,"values":[0.9944,-0.0132,0.1048,0,0.0068,0.9981,0.062,0,-0.1054,-0.0609,0.9926,0,-0.0085,16.3436,-1.918,1]},
{"frame":13,"values":[0.995,-0.017,0.0985,0,0.0097,0.9972,0.074,0,-0.0995,-0.0727,0.9924,0,-0.0085,16.3436,-1.918,1]},
{"frame":14,"values":[0.9957,-0.0151,0.0919,0,0.0075,0.9966,0.082,0,-0.0928,-0.081,0.9924,0,-0.0085,16.3436,-1.918,1]},
{"frame":15,"values":[0.9961,-0.0102,0.0876,0,0.0031,0.9967,0.0811,0,-0.0882,-0.0805,0.9928,0,-0.0085,16.3436,-1.918,1]},
{"frame":16,"values":[0.9963,-0.005,0.0862,0,-0.0013,0.9973,0.073,0,-0.0863,-0.0728,0.9936,0,-0.0085,16.3436,-1.918,1]},
{"frame":17,"values":[0.9963,-0.0028,0.0854,0,-0.0026,0.998,0.0635,0,-0.0854,-0.0635,0.9943,0,-0.0085,16.3436,-1.918,1]},
{"frame":18,"values":[0.9965,-0.0056,0.0838,0,0.0009,0.9984,0.0563,0,-0.084,-0.056,0.9949,0,-0.0085,16.3436,-1.918,1]},
{"frame":19,"values":[0.9966,-0.0095,0.0819,0,0.0052,0.9986,0.0518,0,-0.0822,-0.0512,0.9953,0,-0.0085,16.3436,-1.918,1]},
{"frame":20,"values":[0.9967,-0.0085,0.0811,0,0.0044,0.9987,0.0499,0,-0.0814,-0.0494,0.9955,0,-0.0085,16.3436,-1.918,1]},
{"frame":21,"values":[0.9966,-0.0014,0.0824,0,-0.0027,0.9987,0.0502,0,-0.0823,-0.0503,0.9953,0,-0.0085,16.3436,-1.918,1]},
{"frame":22,"values":[0.9962,0.0078,0.0867,0,-0.0125,0.9985,0.0535,0,-0.0861,-0.0544,0.9948,0,-0.0085,16.3436,-1.918,1]},
{"frame":23,"values":[0.9955,0.0151,0.0936,0,-0.0208,0.998,0.0593,0,-0.0926,-0.061,0.9938,0,-0.0085,16.3436,-1.918,1]}],"loopBehavior":1,"name":"anim","property":"_matrix"}},
{"name":"Head","index":5,"matrix":[0.7877,0.1434,0.5991,0,-0.0229,0.9787,-0.2042,0,-0.6156,0.1471,0.7742,0,0,7.4726,1.8977,1],"rest":[1,0,0,0,0,1,0,0,0,0,1,0,0,7.4726,1.8977,1],"parentBoneIndex":4,"length":26.3062
,"animation":{"dataType":3,"framePerSecond":24,"keys":[
{"frame":1,"values":[0.7877,0.1434,0.5991,0,-0.0229,0.9787,-0.2042,0,-0.6156,0.1471,0.7742,0,0,7.4726,1.8977,1]},
{"frame":2,"values":[0.7719,0.1502,0.6177,0,-0.0303,0.9793,-0.2002,0,-0.635,0.1358,0.7605,0,0,7.4726,1.8977,1]},
{"frame":3,"values":[0.7619,0.1521,0.6296,0,-0.023,0.9778,-0.2084,0,-0.6473,0.1443,0.7484,0,0,7.4726,1.8977,1]},
{"frame":4,"values":[0.759,0.145,0.6348,0,-0.0029,0.9756,-0.2193,0,-0.6511,0.1646,0.7409,0,0,7.4726,1.8977,1]},
{"frame":5,"values":[0.7598,0.1314,0.6367,0,0.0189,0.9745,-0.2237,0,-0.6499,0.182,0.7379,0,0,7.4726,1.8977,1]},
{"frame":6,"values":[0.7616,0.1193,0.637,0,0.0325,0.9746,-0.2214,0,-0.6472,0.1894,0.7384,0,0,7.4726,1.8977,1]},
{"frame":7,"values":[0.7641,0.114,0.635,0,0.0351,0.9755,-0.2173,0,-0.6442,0.1883,0.7413,0,0,7.4726,1.8977,1]},
{"frame":8,"values":[0.7674,0.1138,0.631,0,0.0284,0.9771,-0.2107,0,-0.6405,0.1796,0.7466,0,0,7.4726,1.8977,1]},
{"frame":9,"values":[0.7698,0.1146,0.6279,0,0.0185,0.9793,-0.2015,0,-0.638,0.1668,0.7518,0,0,7.4726,1.8977,1]},
{"frame":10,"values":[0.7692,0.1151,0.6285,0,0.0126,0.9807,-0.195,0,-0.6389,0.1579,0.7529,0,0,7.4726,1.8977,1]},
{"frame":11,"values":[0.7681,0.1137,0.6302,0,0.0139,0.9809,-0.194,0,-0.6402,0.1577,0.7518,0,0,7.4726,1.8977,1]},
{"frame":12,"values":[0.7729,0.1087,0.6251,0,0.0196,0.9807,-0.1947,0,-0.6342,0.1628,0.7559,0,0,7.4726,1.8977,1]},
{"frame":13,"values":[0.7848,0.1039,0.6109,0,0.022,0.9805,-0.1951,0,-0.6193,0.1665,0.7673,0,0,7.4726,1.8977,1]},
{"frame":14,"values":[0.797,0.108,0.5943,0,0.016,0.9798,-0.1995,0,-0.6038,0.1685,0.7791,0,0,7.4726,1.8977,1]},
{"frame":15,"values":[0.8022,0.1214,0.5846,0,0.0048,0.9778,-0.2097,0,-0.5971,0.171,0.7837,0,0,7.4726,1.8977,1]},
{"frame":16,"values":[0.8009,0.1351,0.5834,0,-0.0048,0.9756,-0.2194,0,-0.5988,0.173,0.782,0,0,7.4726,1.8977,1]},
{"frame":17,"values":[0.7991,0.1398,0.5847,0,-0.0084,0.9751,-0.2216,0,-0.6011,0.1722,0.7804,0,0,7.4726,1.8977,1]},
{"frame":18,"values":[0.8003,0.1345,0.5843,0,-0.0062,0.9763,-0.2163,0,-0.5996,0.1695,0.7822,0,0,7.4726,1.8977,1]},
{"frame":19,"values":[0.8036,0.1275,0.5813,0,-0.0021,0.9774,-0.2114,0,-0.5951,0.1686,0.7857,0,0,7.4726,1.8977,1]},
{"frame":20,"values":[0.8077,0.126,0.576,0,-0.0009,0.9772,-0.2125,0,-0.5896,0.1711,0.7894,0,0,7.4726,1.8977,1]},
{"frame":21,"values":[0.8092,0.1307,0.5728,0,-0.0047,0.9763,-0.2162,0,-0.5875,0.1722,0.7907,0,0,7.4726,1.8977,1]},
{"frame":22,"values":[0.803,0.1379,0.5798,0,-0.013,0.9767,-0.2144,0,-0.5958,0.1646,0.7861,0,0,7.4726,1.8977,1]},
{"frame":23,"values":[0.7877,0.1434,0.5991,0,-0.0229,0.9787,-0.2042,0,-0.6156,0.1471,0.7742,0,0,7.4726,1.8977,1]}],"loopBehavior":1,"name":"anim","property":"_matrix"}},
{"name":"HeadTop_End","index":6,"matrix":[1,0,0,0,0,1,0,0,0,0,1,0,0,25.4969,6.475,1],"rest":[1,0,0,0,0,1,0,0,0,0,1,0,0,25.4969,6.475,1],"parentBoneIndex":5,"length":26.3062
,"animation":{"dataType":3,"framePerSecond":24,"keys":[
{"frame":1,"values":[1,0,0,0,0,1,0,0,0,0,1,0,0,25.4969,6.475,1]},
{"frame":23,"values":[1,0,0,0,0,1,0,0,0,0,1,0,0,25.4969,6.475,1]}],"loopBehavior":1,"name":"anim","property":"_matrix"}},
{"name":"LeftShoulder","index":7,"matrix":[0.9011,-0.2359,0.3638,0,0.2123,0.9716,0.1042,0,-0.378,-0.0167,0.9256,0,5.5507,13.7754,-1.9265,1],"rest":[1,-0.002,0,0,0.002,1,0,0,0,0,1,0,5.5507,13.7754,-1.9265,1],"parentBoneIndex":3,"length":12.2475
,"animation":{"dataType":3,"framePerSecond":24,"keys":[
{"frame":1,"values":[0.9011,-0.2359,0.3638,0,0.2123,0.9716,0.1042,0,-0.378,-0.0167,0.9256,0,5.5507,13.7754,-1.9265,1]},
{"frame":2,"values":[0.8981,-0.2509,0.3613,0,0.2271,0.9679,0.1077,0,-0.3767,-0.0147,0.9262,0,5.5507,13.7754,-1.9265,1]},
{"frame":3,"values":[0.8969,-0.2644,0.3544,0,0.2407,0.9643,0.1101,0,-0.3709,-0.0135,0.9286,0,5.5507,13.7754,-1.9265,1]},
{"frame":4,"values":[0.9004,-0.2734,0.3384,0,0.2506,0.9618,0.1103,0,-0.3556,-0.0145,0.9345,0,5.5507,13.7754,-1.9265,1]},
{"frame":5,"values":[0.9106,-0.2721,0.3112,0,0.251,0.9621,0.1068,0,-0.3285,-0.0192,0.9443,0,5.5507,13.7754,-1.9265,1]},
{"frame":6,"values":[0.9266,-0.2528,0.2785,0,0.2339,0.9672,0.0994,0,-0.2945,-0.027,0.9553,0,5.5507,13.7754,-1.9265,1]},
{"frame":7,"values":[0.941,-0.2213,0.256,0,0.2044,0.9746,0.0911,0,-0.2696,-0.0334,0.9624,0,5.5507,13.7754,-1.9265,1]},
{"frame":8,"values":[0.9456,-0.1995,0.2568,0,0.1829,0.9793,0.0871,0,-0.2689,-0.0354,0.9625,0,5.5507,13.7754,-1.9265,1]},
{"frame":9,"values":[0.9392,-0.2067,0.2742,0,0.1889,0.9779,0.0902,0,-0.2868,-0.0329,0.9574,0,5.5507,13.7754,-1.9265,1]},
{"frame":10,"values":[0.9253,-0.2407,0.2931,0,0.2212,0.9702,0.0987,0,-0.3081,-0.0265,0.951,0,5.5507,13.7754,-1.9265,1]},
{"frame":11,"values":[0.9115,-0.2767,0.3042,0,0.2558,0.9608,0.1073,0,-0.322,-0.02,0.9465,0,5.5507,13.7754,-1.9265,1]},
{"frame":12,"values":[0.9035,-0.2973,0.3087,0,0.2757,0.9546,0.1125,0,-0.3281,-0.0165,0.9445,0,5.5507,13.7754,-1.9265,1]},
{"frame":13,"values":[0.899,-0.3042,0.3151,0,0.282,0.9525,0.115,0,-0.3351,-0.0146,0.9421,0,5.5507,13.7754,-1.9265,1]},
{"frame":14,"values":[0.8932,-0.3018,0.3333,0,0.2785,0.9533,0.1169,0,-0.353,-0.0115,0.9355,0,5.5507,13.7754,-1.9265,1]},
{"frame":15,"values":[0.884,-0.2924,0.3647,0,0.2675,0.9563,0.1184,0,-0.3834,-0.0071,0.9236,0,5.5507,13.7754,-1.9265,1]},
{"frame":16,"values":[0.8731,-0.2791,0.3997,0,0.2524,0.9603,0.1191,0,-0.417,-0.0031,0.9089,0,5.5507,13.7754,-1.9265,1]},
{"frame":17,"values":[0.8648,-0.2697,0.4235,0,0.2419,0.9629,0.1193,0,-0.44,-0.0007,0.898,0,5.5507,13.7754,-1.9265,1]},
{"frame":18,"values":[0.8632,-0.2689,0.4272,0,0.241,0.9632,0.1193,0,-0.4436,0,0.8962,0,5.5507,13.7754,-1.9265,1]},
{"frame":19,"values":[0.8689,-0.2701,0.4147,0,0.2429,0.9628,0.1182,0,-0.4312,-0.002,0.9022,0,5.5507,13.7754,-1.9265,1]},
{"frame":20,"values":[0.8802,-0.2644,0.3941,0,0.2384,0.9644,0.1145,0,-0.4103,-0.0068,0.9119,0,5.5507,13.7754,-1.9265,1]},
{"frame":21,"values":[0.8919,-0.2516,0.3759,0,0.227,0.9677,0.1093,0,-0.3912,-0.0122,0.9202,0,5.5507,13.7754,-1.9265,1]},
{"frame":22,"values":[0.8991,-0.24,0.3662,0,0.2161,0.9707,0.1054,0,-0.3808,-0.0156,0.9245,0,5.5507,13.7754,-1.9265,1]},
{"frame":23,"values":[0.9011,-0.2359,0.3638,0,0.2123,0.9716,0.1042,0,-0.378,-0.0167,0.9256,0,5.5507,13.7754,-1.9265,1]}],"loopBehavior":1,"name":"anim","property":"_matrix"}},
{"name":"LeftArm","index":8,"matrix":[0.4586,-0.8729,0.1665,0,0.8749,0.4763,0.0878,0,-0.1559,0.1054,0.9821,0,11.8394,-3.1354,-0.0171,1],"rest":[0.9973,-0.0184,0.0706,0,0.0183,0.9998,0.0011,0,-0.0707,0.0002,0.9975,0,11.8394,-3.1354,-0.0171,1],"parentBoneIndex":7,"length":29.2403
,"animation":{"dataType":3,"framePerSecond":24,"keys":[
{"frame":1,"values":[0.4586,-0.8729,0.1665,0,0.8749,0.4763,0.0878,0,-0.1559,0.1054,0.9821,0,11.8394,-3.1354,-0.0171,1]},
{"frame":2,"values":[0.4482,-0.889,0.0942,0,0.8939,0.4466,-0.0388,0,-0.0076,0.1016,0.9948,0,11.8394,-3.1354,-0.0171,1]},
{"frame":3,"values":[0.4401,-0.898,0.0049,0,0.8856,0.4331,-0.1678,0,0.1485,0.0781,0.9858,0,11.8394,-3.1354,-0.0171,1]},
{"frame":4,"values":[0.4198,-0.9017,-0.1038,0,0.8594,0.4317,-0.274,0,0.2918,0.0258,0.9561,0,11.8394,-3.1354,-0.0171,1]},
{"frame":5,"values":[0.3763,-0.9006,-0.2175,0,0.8342,0.4315,-0.3434,0,0.4031,-0.0523,0.9137,0,11.8394,-3.1354,-0.0171,1]},
{"frame":6,"values":[0.315,-0.8951,-0.3154,0,0.8183,0.4245,-0.3876,0,0.4808,-0.136,0.8662,0,11.8394,-3.1354,-0.0171,1]},
{"frame":7,"values":[0.2485,-0.8898,-0.3827,0,0.8023,0.4105,-0.4333,0,0.5427,-0.1994,0.8159,0,11.8394,-3.1354,-0.0171,1]},
{"frame":8,"values":[0.1936,-0.8903,-0.4121,0,0.7847,0.3926,-0.4796,0,0.5888,-0.2306,0.7747,0,11.8394,-3.1354,-0.0171,1]},
{"frame":9,"values":[0.1754,-0.8953,-0.4094,0,0.7822,0.3792,-0.4942,0,0.5978,-0.2335,0.7669,0,11.8394,-3.1354,-0.0171,1]},
{"frame":10,"values":[0.2168,-0.9037,-0.3693,0,0.812,0.3769,-0.4457,0,0.5419,-0.2032,0.8155,0,11.8394,-3.1354,-0.0171,1]},
{"frame":11,"values":[0.2942,-0.9133,-0.2818,0,0.8563,0.3828,-0.3468,0,0.4246,-0.1392,0.8946,0,11.8394,-3.1354,-0.0171,1]},
{"frame":12,"values":[0.3687,-0.917,-0.152,0,0.8884,0.3957,-0.2329,0,0.2737,-0.0492,0.9606,0,11.8394,-3.1354,-0.0171,1]},
{"frame":13,"values":[0.4234,-0.9058,-0.0164,0,0.8977,0.4219,-0.1273,0,0.1223,0.0392,0.9917,0,11.8394,-3.1354,-0.0171,1]},
{"frame":14,"values":[0.4703,-0.8773,0.0958,0,0.8821,0.4706,-0.02,0,-0.0275,0.0939,0.9952,0,11.8394,-3.1354,-0.0171,1]},
{"frame":15,"values":[0.521,-0.8339,0.1821,0,0.8342,0.5426,0.0981,0,-0.1807,0.1008,0.9784,0,11.8394,-3.1354,-0.0171,1]},
{"frame":16,"values":[0.5805,-0.7755,0.2481,0,0.7507,0.6278,0.2057,0,-0.3153,0.0668,0.9466,0,11.8394,-3.1354,-0.0171,1]},
{"frame":17,"values":[0.637,-0.7092,0.3022,0,0.657,0.7045,0.2684,0,-0.4033,0.0275,0.9147,0,11.8394,-3.1354,-0.0171,1]},
{"frame":18,"values":[0.6733,-0.6566,0.3398,0,0.5999,0.7538,0.268,0,-0.4321,0.0234,0.9015,0,11.8394,-3.1354,-0.0171,1]},
{"frame":19,"values":[0.6807,-0.6424,0.3521,0,0.606,0.7638,0.222,0,-0.4116,0.0623,0.9092,0,11.8394,-3.1354,-0.0171,1]},
{"frame":20,"values":[0.6542,-0.6797,0.3317,0,0.6723,0.7235,0.1567,0,-0.3465,0.1205,0.9303,0,11.8394,-3.1354,-0.0171,1]},
{"frame":21,"values":[0.5994,-0.747,0.2875,0,0.7563,0.6462,0.1021,0,-0.2621,0.1562,0.9523,0,11.8394,-3.1354,-0.0171,1]},
{"frame":22,"values":[0.5291,-0.8169,0.2295,0,0.8263,0.5576,0.0796,0,-0.193,0.1475,0.97,0,11.8394,-3.1354,-0.0171,1]},
{"frame":23,"values":[0.4586,-0.8729,0.1665,0,0.8749,0.4763,0.0878,0,-0.1559,0.1054,0.9821,0,11.8394,-3.1354,-0.0171,1]}],"loopBehavior":1,"name":"anim","property":"_matrix"}},
{"name":"LeftForeArm","index":9,"matrix":[0.9516,0.0193,0.3067,0,-0.0205,0.9998,0.0007,0,-0.3067,-0.007,0.9518,0,29.1612,0.5949,-2.0659,1],"rest":[0.9973,0.0203,-0.0707,0,-0.0203,0.9998,0.0007,0,0.0707,0.0007,0.9975,0,29.1612,0.5949,-2.0659,1],"parentBoneIndex":8,"length":29.6649
,"animation":{"dataType":3,"framePerSecond":24,"keys":[
{"frame":1,"values":[0.9516,0.0193,0.3067,0,-0.0205,0.9998,0.0007,0,-0.3067,-0.007,0.9518,0,29.1612,0.5949,-2.0659,1]},
{"frame":2,"values":[0.9888,0.0201,0.1476,0,-0.0204,0.9998,0.0007,0,-0.1476,-0.0037,0.989,0,29.1612,0.5949,-2.0659,1]},
{"frame":3,"values":[0.9994,0.0204,0.0296,0,-0.0204,0.9998,0.0007,0,-0.0296,-0.0013,0.9996,0,29.1612,0.5949,-2.0659,1]},
{"frame":4,"values":[0.9995,0.0204,-0.0223,0,-0.0204,0.9998,0.0007,0,0.0223,-0.0003,0.9998,0,29.1612,0.5949,-2.0659,1]},
{"frame":5,"values":[0.9995,0.0204,-0.0225,0,-0.0204,0.9998,0.0007,0,0.0225,-0.0003,0.9997,0,29.1612,0.5949,-2.0659,1]},
{"frame":6,"values":[0.9998,0.0204,-0.0048,0,-0.0204,0.9998,0.0007,0,0.0048,-0.0006,1,0,29.1612,0.5949,-2.0659,1]},
{"frame":7,"values":[0.9998,0.0204,-0.0032,0,-0.0204,0.9998,0.0007,0,0.0032,-0.0007,1,0,29.1612,0.5949,-2.0659,1]},
{"frame":8,"values":[0.9995,0.0204,-0.0252,0,-0.0204,0.9998,0.0007,0,0.0252,-0.0002,0.9997,0,29.1612,0.5949,-2.0659,1]},
{"frame":9,"values":[0.9984,0.0204,-0.0522,0,-0.0204,0.9998,0.0007,0,0.0522,0.0003,0.9986,0,29.1612,0.5949,-2.0659,1]},
{"frame":10,"values":[0.9975,0.0203,-0.0675,0,-0.0203,0.9998,0.0007,0,0.0675,0.0007,0.9977,0,29.1612,0.5949,-2.0659,1]},
{"frame":11,"values":[0.9973,0.0203,-0.0707,0,-0.0203,0.9998,0.0007,0,0.0707,0.0007,0.9975,0,29.1612,0.5949,-2.0659,1]},
{"frame":12,"values":[0.9974,0.0203,-0.0687,0,-0.0203,0.9998,0.0007,0,0.0687,0.0007,0.9976,0,29.1612,0.5949,-2.0659,1]},
{"frame":13,"values":[0.9985,0.0204,-0.051,0,-0.0204,0.9998,0.0007,0,0.051,0.0003,0.9987,0,29.1612,0.5949,-2.0659,1]},
{"frame":14,"values":[0.9998,0.0204,-0.0027,0,-0.0204,0.9998,0.0007,0,0.0028,-0.0007,1,0,29.1612,0.5949,-2.0659,1]},
{"frame":15,"values":[0.9969,0.0203,0.0758,0,-0.0204,0.9998,0.0007,0,-0.0758,-0.0023,0.9971,0,29.1612,0.5949,-2.0659,1]},
{"frame":16,"values":[0.9853,0.02,0.1699,0,-0.0204,0.9998,0.0007,0,-0.1698,-0.0042,0.9855,0,29.1612,0.5949,-2.0659,1]},
{"frame":17,"values":[0.9662,0.0196,0.257,0,-0.0205,0.9998,0.0007,0,-0.2569,-0.0059,0.9664,0,29.1612,0.5949,-2.0659,1]},
{"frame":18,"values":[0.9442,0.0191,0.3287,0,-0.0205,0.9998,0.0007,0,-0.3286,-0.0074,0.9444,0,29.1612,0.5949,-2.0659,1]},
{"frame":19,"values":[0.9192,0.0186,0.3933,0,-0.0205,0.9998,0.0007,0,-0.3932,-0.0087,0.9194,0,29.1612,0.5949,-2.0659,1]},
{"frame":20,"values":[0.8931,0.018,0.4494,0,-0.0205,0.9998,0.0007,0,-0.4493,-0.0098,0.8933,0,29.1612,0.5949,-2.0659,1]},
{"frame":21,"values":[0.8812,0.0178,0.4724,0,-0.0205,0.9998,0.0007,0,-0.4723,-0.0103,0.8814,0,29.1612,0.5949,-2.0659,1]},
{"frame":22,"values":[0.9044,0.0183,0.4262,0,-0.0205,0.9998,0.0007,0,-0.4261,-0.0094,0.9046,0,29.1612,0.5949,-2.0659,1]},
{"frame":23,"values":[0.9516,0.0193,0.3067,0,-0.0205,0.9998,0.0007,0,-0.3067,-0.007,0.9518,0,29.1612,0.5949,-2.0659,1]}],"loopBehavior":1,"name":"anim","property":"_matrix"}},
{"name":"LeftHand","index":10,"matrix":[0.834,0.265,0.484,0,-0.3706,0.9188,0.1356,0,-0.4088,-0.2924,0.8645,0,29.6649,0,0,1],"rest":[1,0,0,0,0,1,-0.0011,0,0,0.0011,1,0,29.6649,0,0,1],"parentBoneIndex":9,"length":11.8196
,"animation":{"dataType":3,"framePerSecond":24,"keys":[
{"frame":1,"values":[0.834,0.265,0.484,0,-0.3706,0.9188,0.1356,0,-0.4088,-0.2924,0.8645,0,29.6649,0,0,1]},
{"frame":2,"values":[0.8363,0.1858,0.5158,0,-0.3455,0.9091,0.2327,0,-0.4257,-0.3728,0.8245,0,29.6649,0,0,1]},
{"frame":3,"values":[0.8416,0.1429,0.5208,0,-0.3569,0.8709,0.3377,0,-0.4053,-0.4701,0.784,0,29.6649,0,0,1]},
{"frame":4,"values":[0.8787,0.1281,0.4598,0,-0.3419,0.8411,0.4191,0,-0.3331,-0.5255,0.7829,0,29.6649,0,0,1]},
{"frame":5,"values":[0.9372,0.1097,0.331,0,-0.2566,0.8598,0.4415,0,-0.2362,-0.4988,0.8339,0,29.6649,0,0,1]},
{"frame":6,"values":[0.9827,0.0714,0.1708,0,-0.1345,0.9094,0.3937,0,-0.1273,-0.4098,0.9032,0,29.6649,0,0,1]},
{"frame":7,"values":[0.999,0.0336,0.0283,0,-0.041,0.9436,0.3286,0,-0.0156,-0.3295,0.944,0,29.6649,0,0,1]},
{"frame":8,"values":[0.9966,0.009,-0.0824,0,0.0163,0.9534,0.3013,0,0.0813,-0.3016,0.95,0,29.6649,0,0,1]},
{"frame":9,"values":[0.9841,-0.0276,-0.1757,0,0.0828,0.9453,0.3154,0,0.1574,-0.325,0.9325,0,29.6649,0,0,1]},
{"frame":10,"values":[0.9639,-0.0907,-0.2502,0,0.1793,0.9161,0.3585,0,0.1967,-0.3904,0.8994,0,29.6649,0,0,1]},
{"frame":11,"values":[0.9443,-0.154,-0.2909,0,0.2687,0.8712,0.411,0,0.1901,-0.4662,0.864,0,29.6649,0,0,1]},
{"frame":12,"values":[0.9376,-0.2029,-0.2823,0,0.3163,0.8347,0.4508,0,0.1442,-0.512,0.8468,0,29.6649,0,0,1]},
{"frame":13,"values":[0.9356,-0.262,-0.2368,0,0.3451,0.8201,0.4563,0,0.0746,-0.5086,0.8577,0,29.6649,0,0,1]},
{"frame":14,"values":[0.9222,-0.346,-0.1726,0,0.3866,0.822,0.4182,0,-0.0028,-0.4524,0.8918,0,29.6649,0,0,1]},
{"frame":15,"values":[0.9038,-0.4148,-0.1053,0,0.4238,0.8337,0.3541,0,-0.0591,-0.3646,0.9293,0,29.6649,0,0,1]},
{"frame":16,"values":[0.9036,-0.4265,-0.041,0,0.4193,0.8605,0.2893,0,-0.0881,-0.2786,0.9564,0,29.6649,0,0,1]},
{"frame":17,"values":[0.9174,-0.3976,0.0201,0,0.3797,0.8891,0.2555,0,-0.1195,-0.2268,0.9666,0,29.6649,0,0,1]},
{"frame":18,"values":[0.9305,-0.3551,0.09,0,0.3191,0.9063,0.2771,0,-0.1799,-0.2291,0.9566,0,29.6649,0,0,1]},
{"frame":19,"values":[0.9419,-0.2801,0.1856,0,0.2114,0.9233,0.3207,0,-0.2612,-0.2629,0.9288,0,29.6649,0,0,1]},
{"frame":20,"values":[0.9443,-0.1247,0.3047,0,0.0217,0.947,0.3204,0,-0.3285,-0.2959,0.897,0,29.6649,0,0,1]},
{"frame":21,"values":[0.9093,0.074,0.4094,0,-0.1925,0.9472,0.2564,0,-0.3688,-0.312,0.8756,0,29.6649,0,0,1]},
{"frame":22,"values":[0.8568,0.2184,0.4671,0,-0.3328,0.9262,0.1773,0,-0.3939,-0.3074,0.8662,0,29.6649,0,0,1]},
{"frame":23,"values":[0.834,0.265,0.484,0,-0.3706,0.9188,0.1356,0,-0.4088,-0.2924,0.8645,0,29.6649,0,0,1]}],"loopBehavior":1,"name":"anim","property":"_matrix"}},
{"name":"LeftHandThumb1","index":11,"matrix":[0.9998,0.0132,-0.0162,0,-0.011,0.9917,0.128,0,0.0177,-0.1278,0.9916,0,6.1321,-4.043,2.9242,1],"rest":[1,-0.0003,-0.0002,0,0.0003,1,0.0003,0,0.0002,-0.0003,1,0,6.1321,-4.043,2.9242,1],"parentBoneIndex":10,"length":2.3395
,"animation":{"dataType":3,"framePerSecond":24,"keys":[
{"frame":1,"values":[0.9998,0.0132,-0.0162,0,-0.011,0.9917,0.128,0,0.0177,-0.1278,0.9916,0,6.1321,-4.043,2.9242,1]},
{"frame":2,"values":[0.9998,0.0131,-0.0161,0,-0.0109,0.9917,0.128,0,0.0176,-0.1278,0.9916,0,6.1321,-4.043,2.9242,1]},
{"frame":3,"values":[0.9998,0.0131,-0.0161,0,-0.011,0.9917,0.128,0,0.0177,-0.1278,0.9916,0,6.1321,-4.043,2.9242,1]},
{"frame":4,"values":[0.9998,0.0133,-0.0165,0,-0.0111,0.9917,0.1282,0,0.0181,-0.128,0.9916,0,6.1321,-4.043,2.9242,1]},
{"frame":5,"values":[0.9998,0.0133,-0.0164,0,-0.011,0.9917,0.1281,0,0.018,-0.1279,0.9916,0,6.1321,-4.043,2.9242,1]},
{"frame":6,"values":[0.9998,0.0127,-0.0152,0,-0.0106,0.9918,0.1276,0,0.0167,-0.1275,0.9917,0,6.1321,-4.043,2.9242,1]},
{"frame":7,"values":[0.9998,0.0133,-0.0164,0,-0.0111,0.9917,0.1281,0,0.018,-0.1279,0.9916,0,6.1321,-4.043,2.9242,1]},
{"frame":8,"values":[0.9995,0.0184,-0.0272,0,-0.0147,0.9911,0.1326,0,0.0294,-0.1321,0.9908,0,6.1321,-4.043,2.9242,1]},
{"frame":9,"values":[0.9984,0.0292,-0.0494,0,-0.0219,0.9896,0.142,0,0.0531,-0.1407,0.9886,0,6.1321,-4.043,2.9242,1]},
{"frame":10,"values":[0.9962,0.0427,-0.0766,0,-0.0305,0.9877,0.1537,0,0.0822,-0.1507,0.9851,0,6.1321,-4.043,2.9242,1]},
{"frame":11,"values":[0.9939,0.0532,-0.0971,0,-0.0369,0.986,0.1627,0,0.1044,-0.1581,0.9819,0,6.1321,-4.043,2.9242,1]},
{"frame":12,"values":[0.9929,0.057,-0.1045,0,-0.0391,0.9853,0.166,0,0.1124,-0.1608,0.9806,0,6.1321,-4.043,2.9242,1]},
{"frame":13,"values":[0.9932,0.0558,-0.1022,0,-0.0384,0.9855,0.165,0,0.1099,-0.16,0.981,0,6.1321,-4.043,2.9242,1]},
{"frame":14,"values":[0.9941,0.0522,-0.0953,0,-0.0363,0.9861,0.1619,0,0.1024,-0.1575,0.9822,0,6.1321,-4.043,2.9242,1]},
{"frame":15,"values":[0.9951,0.0479,-0.0868,0,-0.0337,0.9868,0.1582,0,0.0933,-0.1545,0.9836,0,6.1321,-4.043,2.9242,1]},
{"frame":16,"values":[0.9961,0.0428,-0.0767,0,-0.0306,0.9876,0.1537,0,0.0824,-0.1508,0.9851,0,6.1321,-4.043,2.9242,1]},
{"frame":17,"values":[0.9972,0.0371,-0.0653,0,-0.027,0.9885,0.1488,0,0.0701,-0.1466,0.9867,0,6.1321,-4.043,2.9242,1]},
{"frame":18,"values":[0.9981,0.0312,-0.0535,0,-0.0232,0.9894,0.1437,0,0.0574,-0.1422,0.9882,0,6.1321,-4.043,2.9242,1]},
{"frame":19,"values":[0.9988,0.0256,-0.0421,0,-0.0195,0.9901,0.1388,0,0.0452,-0.1379,0.9894,0,6.1321,-4.043,2.9242,1]},
{"frame":20,"values":[0.9993,0.0207,-0.0319,0,-0.0162,0.9908,0.1346,0,0.0344,-0.1339,0.9904,0,6.1321,-4.043,2.9242,1]},
{"frame":21,"values":[0.9996,0.0167,-0.0237,0,-0.0135,0.9913,0.1311,0,0.0257,-0.1308,0.9911,0,6.1321,-4.043,2.9242,1]},
{"frame":22,"values":[0.9997,0.0143,-0.0185,0,-0.0118,0.9916,0.129,0,0.0202,-0.1288,0.9915,0,6.1321,-4.043,2.9242,1]},
{"frame":23,"values":[0.9998,0.0132,-0.0162,0,-0.011,0.9917,0.128,0,0.0177,-0.1278,0.9916,0,6.1321,-4.043,2.9242,1]}],"loopBehavior":1,"name":"anim","property":"_matrix"}},
{"name":"LeftHandThumb2","index":12,"matrix":[0.9318,0.1812,-0.3146,0,-0.1687,0.9834,0.0666,0,0.3214,-0.009,0.9469,0,1.8122,-1.0462,1.0462,1],"rest":[1,0,0,0,0,1,0,0,0,0,1,0,1.8122,-1.0462,1.0462,1],"parentBoneIndex":11,"length":1.5944
,"animation":{"dataType":3,"framePerSecond":24,"keys":[
{"frame":1,"values":[0.9318,0.1812,-0.3146,0,-0.1687,0.9834,0.0666,0,0.3214,-0.009,0.9469,0,1.8122,-1.0462,1.0462,1]},
{"frame":2,"values":[0.9234,0.1899,-0.3335,0,-0.1507,0.9786,0.1399,0,0.3529,-0.0789,0.9323,0,1.8122,-1.0462,1.0462,1]},
{"frame":3,"values":[0.927,0.2032,-0.3151,0,-0.1386,0.9666,0.2156,0,0.3484,-0.1561,0.9243,0,1.8122,-1.0462,1.0462,1]},
{"frame":4,"values":[0.9366,0.2197,-0.2729,0,-0.1589,0.9606,0.2279,0,0.3123,-0.1701,0.9346,0,1.8122,-1.0462,1.0462,1]},
{"frame":5,"values":[0.9419,0.2385,-0.2366,0,-0.198,0.963,0.1828,0,0.2714,-0.1253,0.9543,0,1.8122,-1.0462,1.0462,1]},
{"frame":6,"values":[0.9418,0.2457,-0.2293,0,-0.2144,0.9647,0.153,0,0.2588,-0.0949,0.9613,0,1.8122,-1.0462,1.0462,1]},
{"frame":7,"values":[0.94,0.2382,-0.2444,0,-0.1983,0.964,0.1769,0,0.2778,-0.1179,0.9534,0,1.8122,-1.0462,1.0462,1]},
{"frame":8,"values":[0.9374,0.235,-0.2572,0,-0.1805,0.959,0.2186,0,0.298,-0.1585,0.9413,0,1.8122,-1.0462,1.0462,1]},
{"frame":9,"values":[0.9339,0.2422,-0.263,0,-0.1806,0.9544,0.2375,0,0.3085,-0.1743,0.9351,0,1.8122,-1.0462,1.0462,1]},
{"frame":10,"values":[0.9268,0.2467,-0.2831,0,-0.1793,0.9531,0.2438,0,0.33,-0.1752,0.9276,0,1.8122,-1.0462,1.0462,1]},
{"frame":11,"values":[0.9111,0.2384,-0.3363,0,-0.1671,0.9594,0.2274,0,0.3768,-0.151,0.9139,0,1.8122,-1.0462,1.0462,1]},
{"frame":12,"values":[0.8862,0.2221,-0.4066,0,-0.1665,0.9717,0.1678,0,0.4324,-0.0811,0.898,0,1.8122,-1.0462,1.0462,1]},
{"frame":13,"values":[0.8655,0.2162,-0.4519,0,-0.1921,0.9763,0.0993,0,0.4627,0.0009,0.8865,0,1.8122,-1.0462,1.0462,1]},
{"frame":14,"values":[0.861,0.2321,-0.4526,0,-0.2257,0.9717,0.069,0,0.4558,0.0428,0.8891,0,1.8122,-1.0462,1.0462,1]},
{"frame":15,"values":[0.8696,0.248,-0.4269,0,-0.2402,0.968,0.0731,0,0.4314,0.039,0.9013,0,1.8122,-1.0462,1.0462,1]},
{"frame":16,"values":[0.8852,0.2432,-0.3966,0,-0.2309,0.9697,0.0794,0,0.4039,0.0213,0.9146,0,1.8122,-1.0462,1.0462,1]},
{"frame":17,"values":[0.8991,0.2278,-0.3739,0,-0.2155,0.9736,0.075,0,0.3811,0.0132,0.9244,0,1.8122,-1.0462,1.0462,1]},
{"frame":18,"values":[0.9084,0.2141,-0.3592,0,-0.2029,0.9768,0.0691,0,0.3656,0.0101,0.9307,0,1.8122,-1.0462,1.0462,1]},
{"frame":19,"values":[0.9166,0.1976,-0.3475,0,-0.1862,0.9803,0.0664,0,0.3538,0.0038,0.9353,0,1.8122,-1.0462,1.0462,1]},
{"frame":20,"values":[0.9245,0.1734,-0.3394,0,-0.1613,0.9848,0.0637,0,0.3453,-0.0041,0.9385,0,1.8122,-1.0462,1.0462,1]},
{"frame":21,"values":[0.9294,0.1547,-0.335,0,-0.1425,0.9879,0.0609,0,0.3404,-0.0089,0.9403,0,1.8122,-1.0462,1.0462,1]},
{"frame":22,"values":[0.9312,0.158,-0.3286,0,-0.1458,0.9874,0.0618,0,0.3342,-0.0096,0.9425,0,1.8122,-1.0462,1.0462,1]},
{"frame":23,"values":[0.9318,0.1812,-0.3146,0,-0.1687,0.9834,0.0666,0,0.3214,-0.009,0.9469,0,1.8122,-1.0462,1.0462,1]}],"loopBehavior":1,"name":"anim","property":"_matrix"}},
{"name":"LeftHandThumb3","index":13,"matrix":[0.9757,0.0146,-0.2187,0,-0.0034,0.9987,0.0515,0,0.2192,-0.0495,0.9744,0,1.2351,-0.713,0.713,1],"rest":[1,0.0001,-0.0001,0,-0.0001,1,0,0,0.0001,0,1,0,1.2351,-0.713,0.713,1],"parentBoneIndex":12,"length":2.5475
,"animation":{"dataType":3,"framePerSecond":24,"keys":[
{"frame":1,"values":[0.9757,0.0146,-0.2187,0,-0.0034,0.9987,0.0515,0,0.2192,-0.0495,0.9744,0,1.2351,-0.713,0.713,1]},
{"frame":2,"values":[0.9942,0.0018,-0.1074,0,0.0043,0.9984,0.0561,0,0.1073,-0.0563,0.9926,0,1.2351,-0.713,0.713,1]},
{"frame":3,"values":[0.9993,-0.0087,-0.0367,0,0.0111,0.9977,0.0672,0,0.036,-0.0676,0.9971,0,1.2351,-0.713,0.713,1]},
{"frame":4,"values":[0.9996,-0.0077,-0.0283,0,0.0097,0.9975,0.0694,0,0.0277,-0.0696,0.9972,0,1.2351,-0.713,0.713,1]},
{"frame":5,"values":[0.9987,0.0007,-0.051,0,0.0025,0.9981,0.062,0,0.051,-0.062,0.9968,0,1.2351,-0.713,0.713,1]},
{"frame":6,"values":[0.9982,0.0049,-0.059,0,-0.0014,0.9983,0.0585,0,0.0592,-0.0583,0.9965,0,1.2351,-0.713,0.713,1]},
{"frame":7,"values":[0.999,0.0032,-0.044,0,-0.0003,0.9979,0.0652,0,0.0441,-0.0651,0.9969,0,1.2351,-0.713,0.713,1]},
{"frame":8,"values":[0.9994,0.0036,-0.0357,0,-0.0009,0.9972,0.0751,0,0.0359,-0.075,0.9965,0,1.2351,-0.713,0.713,1]},
{"frame":9,"values":[0.9984,0.0084,-0.0552,0,-0.0039,0.9967,0.0815,0,0.0557,-0.0811,0.9951,0,1.2351,-0.713,0.713,1]},
{"frame":10,"values":[0.9954,0.0111,-0.0951,0,-0.0029,0.9963,0.0862,0,0.0957,-0.0855,0.9917,0,1.2351,-0.713,0.713,1]},
{"frame":11,"values":[0.9907,0.0113,-0.1357,0,0.0012,0.9958,0.0917,0,0.1362,-0.091,0.9865,0,1.2351,-0.713,0.713,1]},
{"frame":12,"values":[0.9851,0.0166,-0.1712,0,-0.0001,0.9954,0.0957,0,0.172,-0.0942,0.9806,0,1.2351,-0.713,0.713,1]},
{"frame":13,"values":[0.9789,0.0271,-0.2024,0,-0.0077,0.9953,0.0962,0,0.204,-0.0926,0.9746,0,1.2351,-0.713,0.713,1]},
