{"producer":{"name":"Blender","version":"2.90.0","exporter_version":"6.4.4","file":"straferight.babylon"},
"autoClear":true,"clearColor":[0.0509,0.0509,0.0509],"gravity":[0,-9.81,0],
"materials":[{"name":"Material","id":"Material","customType":"BABYLON.PBRMaterial","backFaceCulling":true,"checkReadyOnlyOnce":false,"maxSimultaneousLights":4,"environmentIntensity":1,"albedo":[0.8,0.8,0.8],"reflectivity":[0.5,0.5,0.5],"roughness":0.4,"alpha":1,"transparencyMode":0,"alphaCutOff":0.4,"metallic":0}],
"multiMaterials":[],
"skeletons":[{"name":"Armature","id":0,"dimensionsAtRest":[192.3395,226.9932,28.649],"bones":[
{"name":"Hips","index":0,"matrix":[0.1596,-0.0718,-0.9846,0,0.0069,0.9974,-0.0716,0,-0.9872,-0.0046,-0.1597,0,-0.4736,111.1276,-0.5895,1],"rest":[1,0,0,0,0,1,0,0,0,0,-1,0,0,114.0532,0,1],"parentBoneIndex":-1,"length":12.7599
,"animation":{"dataType":3,"framePerSecond":24,"keys":[
{"frame":1,"values":[0.1596,-0.0718,-0.9846,0,0.0069,0.9974,-0.0716,0,-0.9872,-0.0046,-0.1597,0,-0.4736,111.1276,-0.5895,1]},
{"frame":2,"values":[0.1504,-0.0563,-0.987,0,0.0043,0.9984,-0.0563,0,-0.9886,-0.0042,-0.1504,0,0.2994,112.1104,-0.8463,1]},
{"frame":3,"values":[0.1252,-0.0416,-0.9913,0,-0.0025,0.9991,-0.0423,0,-0.9921,-0.0077,-0.125,0,0.6597,111.971,-1.3152,1]},
{"frame":4,"values":[0.084,-0.0351,-0.9959,0,-0.0133,0.9993,-0.0363,0,-0.9964,-0.0163,-0.0834,0,0.5557,110.6105,-1.8549,1]},
{"frame":5,"values":[0.0427,-0.0346,-0.9985,0,-0.0246,0.9991,-0.0357,0,-0.9988,-0.0261,-0.0418,0,0.125,108.4907,-2.3826,1]},
{"frame":6,"values":[0.0166,-0.0294,-0.9994,0,-0.0296,0.9991,-0.0299,0,-0.9994,-0.03,-0.0157,0,-0.4033,106.4545,-2.8849,1]},
{"frame":7,"values":[0.0086,-0.0074,-0.9999,0,-0.0248,0.9997,-0.0076,0,-0.9997,-0.0248,-0.0085,0,-0.8647,105.155,-3.4559,1]},
{"frame":8,"values":[0.0173,0.0325,-0.9993,0,-0.0137,0.9994,0.0323,0,-0.9998,-0.0132,-0.0178,0,-1.053,104.868,-4.1649,1]},
{"frame":9,"values":[0.033,0.0715,-0.9969,0,-0.0063,0.9974,0.0713,0,-0.9994,-0.004,-0.0334,0,-0.9896,105.7014,-4.895,1]},
{"frame":10,"values":[0.0421,0.0936,-0.9947,0,-0.0091,0.9956,0.0933,0,-0.9991,-0.0051,-0.0428,0,-0.5376,107.364,-5.3957,1]},
{"frame":11,"values":[0.037,0.101,-0.9942,0,-0.0198,0.9948,0.1003,0,-0.9991,-0.016,-0.0388,0,0.388,109.5106,-5.5366,1]},
{"frame":12,"values":[0.0333,0.0891,-0.9955,0,-0.0267,0.9957,0.0882,0,-0.9991,-0.0237,-0.0356,0,1.1814,111.5983,-5.2217,1]},
{"frame":13,"values":[0.0503,0.0728,-0.9961,0,-0.0295,0.997,0.0714,0,-0.9983,-0.0258,-0.0523,0,1.6546,112.62,-4.6705,1]},
{"frame":14,"values":[0.0828,0.0586,-0.9948,0,-0.038,0.9977,0.0556,0,-0.9958,-0.0332,-0.0849,0,1.9264,112.4458,-4.0368,1]},
{"frame":15,"values":[0.1232,0.0466,-0.9913,0,-0.0529,0.9978,0.0403,0,-0.991,-0.0475,-0.1254,0,1.8863,111.2286,-3.4024,1]},
{"frame":16,"values":[0.1584,0.0372,-0.9867,0,-0.0676,0.9974,0.0267,0,-0.9851,-0.0625,-0.1605,0,1.7163,109.3647,-2.7997,1]},
{"frame":17,"values":[0.1815,0.029,-0.983,0,-0.0725,0.9972,0.016,0,-0.9807,-0.0684,-0.1831,0,1.4629,107.4134,-2.2449,1]},
{"frame":18,"values":[0.1929,0.0161,-0.9811,0,-0.0624,0.998,0.0041,0,-0.9792,-0.0605,-0.1935,0,0.9133,105.9659,-1.6774,1]},
{"frame":19,"values":[0.1948,-0.0088,-0.9808,0,-0.0418,0.999,-0.0173,0,-0.98,-0.0444,-0.1942,0,-0.0008,105.401,-0.9626,1]},
{"frame":20,"values":[0.1829,-0.0421,-0.9822,0,-0.0194,0.9987,-0.0464,0,-0.9829,-0.0275,-0.1819,0,-1.0515,105.9625,-0.0313,1]},
{"frame":21,"values":[0.1613,-0.0686,-0.9845,0,-0.0036,0.9975,-0.0701,0,-0.9869,-0.0149,-0.1607,0,-1.6734,107.4715,0.9948,1]},
{"frame":22,"values":[0.1435,-0.0777,-0.9866,0,0.0034,0.9969,-0.078,0,-0.9896,-0.0079,-0.1433,0,-1.3648,109.3813,1.7893,1]},
{"frame":23,"values":[0.1357,-0.0718,-0.9881,0,0.0052,0.9974,-0.0717,0,-0.9907,-0.0046,-0.1357,0,-0.4878,111.1276,2.1315,1]}],"loopBehavior":1,"name":"anim","property":"_matrix"}},
{"name":"Spine","index":1,"matrix":[0.9941,0.0289,-0.1042,0,-0.0223,0.9977,0.0641,0,0.1058,-0.0614,0.9925,0,-0.0057,10.8958,-1.2787,1],"rest":[1,0,0,0,0,1,0,0,0,0,1,0,-0.0057,10.8958,-1.2787,1],"parentBoneIndex":0,"length":12.7989
,"animation":{"dataType":3,"framePerSecond":24,"keys":[
{"frame":1,"values":[0.9941,0.0289,-0.1042,0,-0.0223,0.9977,0.0641,0,0.1058,-0.0614,0.9925,0,-0.0057,10.8958,-1.2787,1]},
{"frame":2,"values":[0.9921,0.017,-0.1239,0,-0.009,0.9979,0.0648,0,0.1247,-0.0631,0.9902,0,-0.0057,10.8958,-1.2787,1]},
{"frame":3,"values":[0.9885,0.0122,-0.1505,0,-0.0025,0.9979,0.0643,0,0.151,-0.0632,0.9865,0,-0.0057,10.8958,-1.2787,1]},
{"frame":4,"values":[0.9836,0.0178,-0.1793,0,-0.0065,0.998,0.0631,0,0.1801,-0.0609,0.9818,0,-0.0057,10.8958,-1.2787,1]},
{"frame":5,"values":[0.9785,0.0259,-0.2048,0,-0.0138,0.9981,0.0607,0,0.206,-0.0566,0.9769,0,-0.0057,10.8958,-1.2787,1]},
{"frame":6,"values":[0.9746,0.0235,-0.2227,0,-0.011,0.9983,0.0574,0,0.2236,-0.0535,0.9732,0,-0.0057,10.8958,-1.2787,1]},
{"frame":7,"values":[0.9727,0.0029,-0.2321,0,0.0102,0.9984,0.0551,0,0.2319,-0.056,0.9711,0,-0.0057,10.8958,-1.2787,1]},
{"frame":8,"values":[0.9716,-0.0316,-0.2344,0,0.0462,0.9973,0.057,0,0.232,-0.0662,0.9705,0,-0.0057,10.8958,-1.2787,1]},
{"frame":9,"values":[0.9707,-0.061,-0.2324,0,0.0776,0.995,0.0628,0,0.2274,-0.079,0.9706,0,-0.0057,10.8958,-1.2787,1]},
{"frame":10,"values":[0.9716,-0.0738,-0.225,0,0.0912,0.9935,0.0683,0,0.2185,-0.0868,0.972,0,-0.0057,10.8958,-1.2787,1]},
{"frame":11,"values":[0.9744,-0.0748,-0.212,0,0.0913,0.9934,0.0691,0,0.2054,-0.0867,0.9748,0,-0.0057,10.8958,-1.2787,1]},
{"frame":12,"values":[0.9804,-0.0617,-0.1871,0,0.0751,0.995,0.0654,0,0.1821,-0.0781,0.9802,0,-0.0057,10.8958,-1.2787,1]},
{"frame":13,"values":[0.9869,-0.0485,-0.1539,0,0.059,0.9962,0.064,0,0.1502,-0.0723,0.986,0,-0.0057,10.8958,-1.2787,1]},
{"frame":14,"values":[0.9922,-0.0421,-0.1173,0,0.0496,0.9969,0.0616,0,0.1143,-0.0669,0.9912,0,-0.0057,10.8958,-1.2787,1]},
{"frame":15,"values":[0.9958,-0.0406,-0.0821,0,0.0453,0.9974,0.0553,0,0.0796,-0.0588,0.9951,0,-0.0057,10.8958,-1.2787,1]},
{"frame":16,"values":[0.9977,-0.0397,-0.0548,0,0.0423,0.998,0.0472,0,0.0528,-0.0494,0.9974,0,-0.0057,10.8958,-1.2787,1]},
{"frame":17,"values":[0.9987,-0.0347,-0.0382,0,0.0362,0.9985,0.0415,0,0.0367,-0.0428,0.9984,0,-0.0057,10.8958,-1.2787,1]},
{"frame":18,"values":[0.9992,-0.0211,-0.034,0,0.0224,0.999,0.0384,0,0.0332,-0.0391,0.9987,0,-0.0057,10.8958,-1.2787,1]},
{"frame":19,"values":[0.9992,0.0021,-0.0411,0,-0.0006,0.9993,0.0371,0,0.0412,-0.0371,0.9985,0,-0.0057,10.8958,-1.2787,1]},
{"frame":20,"values":[0.998,0.0267,-0.0577,0,-0.0243,0.9989,0.041,0,0.0587,-0.0396,0.9975,0,-0.0057,10.8958,-1.2787,1]},
{"frame":21,"values":[0.9963,0.0406,-0.0762,0,-0.0368,0.998,0.0504,0,0.0781,-0.0475,0.9958,0,-0.0057,10.8958,-1.2787,1]},
{"frame":22,"values":[0.9951,0.0393,-0.0907,0,-0.0339,0.9976,0.0597,0,0.0928,-0.0563,0.9941,0,-0.0057,10.8958,-1.2787,1]},
{"frame":23,"values":[0.9941,0.0289,-0.1042,0,-0.0223,0.9977,0.0641,0,0.1058,-0.0614,0.9925,0,-0.0057,10.8958,-1.2787,1]}],"loopBehavior":1,"name":"anim","property":"_matrix"}},
{"name":"Spine1","index":2,"matrix":[0.9658,-0.0215,-0.2583,0,0.0279,0.9994,0.0211,0,0.2577,-0.0276,0.9658,0,-0.0066,12.7117,-1.4918,1],"rest":[1,0,0,0,0,1,0,0,0,0,1,0,-0.0066,12.7117,-1.4918,1],"parentBoneIndex":1,"length":14.6274
,"animation":{"dataType":3,"framePerSecond":24,"keys":[
{"frame":1,"values":[0.9658,-0.0215,-0.2583,0,0.0279,0.9994,0.0211,0,0.2577,-0.0276,0.9658,0,-0.0066,12.7117,-1.4918,1]},
{"frame":2,"values":[0.964,-0.0245,-0.2648,0,0.0316,0.9992,0.0227,0,0.2641,-0.0303,0.964,0,-0.0066,12.7117,-1.4918,1]},
{"frame":3,"values":[0.9615,-0.0263,-0.2736,0,0.0338,0.9992,0.0227,0,0.2728,-0.0311,0.9616,0,-0.0066,12.7117,-1.4918,1]},
{"frame":4,"values":[0.9589,-0.027,-0.2825,0,0.034,0.9992,0.0198,0,0.2817,-0.0286,0.9591,0,-0.0066,12.7117,-1.4918,1]},
{"frame":5,"values":[0.9567,-0.0272,-0.2897,0,0.033,0.9993,0.0151,0,0.2891,-0.024,0.957,0,-0.0066,12.7117,-1.4918,1]},
{"frame":6,"values":[0.9552,-0.0275,-0.2948,0,0.0325,0.9994,0.0121,0,0.2943,-0.0211,0.9555,0,-0.0066,12.7117,-1.4918,1]},
{"frame":7,"values":[0.9542,-0.0288,-0.2976,0,0.0342,0.9993,0.0128,0,0.2971,-0.0224,0.9546,0,-0.0066,12.7117,-1.4918,1]},
{"frame":8,"values":[0.954,-0.032,-0.2981,0,0.0387,0.9991,0.0167,0,0.2973,-0.0274,0.9544,0,-0.0066,12.7117,-1.4918,1]},
{"frame":9,"values":[0.9543,-0.0356,-0.2969,0,0.0437,0.9988,0.0206,0,0.2958,-0.0327,0.9547,0,-0.0066,12.7117,-1.4918,1]},
{"frame":10,"values":[0.955,-0.0377,-0.2943,0,0.0463,0.9987,0.0223,0,0.2931,-0.035,0.9554,0,-0.0066,12.7117,-1.4918,1]},
{"frame":11,"values":[0.956,-0.0378,-0.2908,0,0.0461,0.9987,0.0215,0,0.2896,-0.0339,0.9565,0,-0.0066,12.7117,-1.4918,1]},
{"frame":12,"values":[0.9583,-0.0351,-0.2837,0,0.0426,0.9989,0.0203,0,0.2827,-0.0316,0.9587,0,-0.0066,12.7117,-1.4918,1]},
{"frame":13,"values":[0.9613,-0.0325,-0.2736,0,0.0398,0.999,0.021,0,0.2727,-0.0311,0.9616,0,-0.0066,12.7117,-1.4918,1]},
{"frame":14,"values":[0.9643,-0.0318,-0.2627,0,0.0385,0.999,0.0205,0,0.2618,-0.0299,0.9646,0,-0.0066,12.7117,-1.4918,1]},
{"frame":15,"values":[0.967,-0.0323,-0.2526,0,0.0379,0.9991,0.0172,0,0.2518,-0.0262,0.9674,0,-0.0066,12.7117,-1.4918,1]},
{"frame":16,"values":[0.969,-0.0334,-0.2449,0,0.0375,0.9992,0.0123,0,0.2443,-0.0211,0.9695,0,-0.0066,12.7117,-1.4918,1]},
{"frame":17,"values":[0.9702,-0.0337,-0.24,0,0.0371,0.9993,0.0097,0,0.2395,-0.0183,0.9707,0,-0.0066,12.7117,-1.4918,1]},
{"frame":18,"values":[0.9707,-0.0318,-0.2381,0,0.0354,0.9993,0.0106,0,0.2376,-0.0187,0.9712,0,-0.0066,12.7117,-1.4918,1]},
{"frame":19,"values":[0.9705,-0.0275,-0.2397,0,0.0315,0.9994,0.0129,0,0.2392,-0.0201,0.9708,0,-0.0066,12.7117,-1.4918,1]},
{"frame":20,"values":[0.9694,-0.0221,-0.2444,0,0.0265,0.9995,0.015,0,0.2439,-0.0211,0.9696,0,-0.0066,12.7117,-1.4918,1]},
{"frame":21,"values":[0.9681,-0.0185,-0.2499,0,0.0234,0.9996,0.017,0,0.2494,-0.0223,0.9681,0,-0.0066,12.7117,-1.4918,1]},
{"frame":22,"values":[0.967,-0.0187,-0.2541,0,0.0244,0.9995,0.0191,0,0.2536,-0.0247,0.967,0,-0.0066,12.7117,-1.4918,1]},
{"frame":23,"values":[0.9658,-0.0215,-0.2583,0,0.0279,0.9994,0.0211,0,0.2577,-0.0276,0.9658,0,-0.0066,12.7117,-1.4918,1]}],"loopBehavior":1,"name":"anim","property":"_matrix"}},
{"name":"Spine2","index":3,"matrix":[0.9659,-0.0275,-0.2574,0,0.033,0.9993,0.0169,0,0.2568,-0.0248,0.9661,0,-0.0076,14.5277,-1.7049,1],"rest":[1,0,0,0,0,1,0,0,0,0,1,0,-0.0076,14.5277,-1.7049,1],"parentBoneIndex":2,"length":15.4825
,"animation":{"dataType":3,"framePerSecond":24,"keys":[
{"frame":1,"values":[0.9659,-0.0275,-0.2574,0,0.033,0.9993,0.0169,0,0.2568,-0.0248,0.9661,0,-0.0076,14.5277,-1.7049,1]},
{"frame":2,"values":[0.964,-0.0304,-0.264,0,0.0366,0.9992,0.0185,0,0.2632,-0.0275,0.9643,0,-0.0076,14.5277,-1.7049,1]},
{"frame":3,"values":[0.9615,-0.0322,-0.2729,0,0.0387,0.9991,0.0186,0,0.272,-0.0284,0.9619,0,-0.0076,14.5277,-1.7049,1]},
{"frame":4,"values":[0.9589,-0.033,-0.2818,0,0.039,0.9991,0.0156,0,0.281,-0.0259,0.9594,0,-0.0076,14.5277,-1.7049,1]},
{"frame":5,"values":[0.9567,-0.0334,-0.289,0,0.0382,0.9992,0.0109,0,0.2884,-0.0214,0.9573,0,-0.0076,14.5277,-1.7049,1]},
{"frame":6,"values":[0.9552,-0.0338,-0.2941,0,0.0377,0.9993,0.0078,0,0.2936,-0.0185,0.9557,0,-0.0076,14.5277,-1.7049,1]},
{"frame":7,"values":[0.9542,-0.0351,-0.297,0,0.0394,0.9992,0.0085,0,0.2964,-0.0198,0.9548,0,-0.0076,14.5277,-1.7049,1]},
{"frame":8,"values":[0.954,-0.038,-0.2975,0,0.0437,0.999,0.0124,0,0.2967,-0.0248,0.9546,0,-0.0076,14.5277,-1.7049,1]},
{"frame":9,"values":[0.9542,-0.0416,-0.2963,0,0.0486,0.9987,0.0163,0,0.2953,-0.0299,0.9549,0,-0.0076,14.5277,-1.7049,1]},
{"frame":10,"values":[0.9549,-0.0437,-0.2938,0,0.0512,0.9985,0.0179,0,0.2926,-0.0322,0.9557,0,-0.0076,14.5277,-1.7049,1]},
{"frame":11,"values":[0.9559,-0.0439,-0.2903,0,0.051,0.9986,0.017,0,0.2891,-0.0311,0.9568,0,-0.0076,14.5277,-1.7049,1]},
{"frame":12,"values":[0.9582,-0.0411,-0.2832,0,0.0476,0.9987,0.016,0,0.2821,-0.0288,0.9589,0,-0.0076,14.5277,-1.7049,1]},
{"frame":13,"values":[0.9612,-0.0386,-0.273,0,0.0448,0.9989,0.0167,0,0.2721,-0.0283,0.9619,0,-0.0076,14.5277,-1.7049,1]},
{"frame":14,"values":[0.9643,-0.0378,-0.262,0,0.0436,0.9989,0.0163,0,0.2611,-0.0271,0.9649,0,-0.0076,14.5277,-1.7049,1]},
{"frame":15,"values":[0.967,-0.0383,-0.2518,0,0.043,0.999,0.0129,0,0.2511,-0.0233,0.9677,0,-0.0076,14.5277,-1.7049,1]},
{"frame":16,"values":[0.969,-0.0393,-0.2441,0,0.0426,0.9991,0.008,0,0.2436,-0.0181,0.9697,0,-0.0076,14.5277,-1.7049,1]},
{"frame":17,"values":[0.9702,-0.0396,-0.2392,0,0.0421,0.9991,0.0054,0,0.2387,-0.0153,0.971,0,-0.0076,14.5277,-1.7049,1]},
{"frame":18,"values":[0.9707,-0.0378,-0.2374,0,0.0405,0.9992,0.0063,0,0.2369,-0.0157,0.9714,0,-0.0076,14.5277,-1.7049,1]},
{"frame":19,"values":[0.9704,-0.0336,-0.239,0,0.0367,0.9993,0.0086,0,0.2385,-0.0171,0.971,0,-0.0076,14.5277,-1.7049,1]},
{"frame":20,"values":[0.9694,-0.0281,-0.2437,0,0.0317,0.9994,0.0108,0,0.2432,-0.0182,0.9698,0,-0.0076,14.5277,-1.7049,1]},
{"frame":21,"values":[0.9682,-0.0245,-0.2491,0,0.0286,0.9995,0.0127,0,0.2487,-0.0194,0.9684,0,-0.0076,14.5277,-1.7049,1]},
{"frame":22,"values":[0.9671,-0.0247,-0.2533,0,0.0294,0.9995,0.0148,0,0.2528,-0.0218,0.9673,0,-0.0076,14.5277,-1.7049,1]},
{"frame":23,"values":[0.9659,-0.0275,-0.2574,0,0.033,0.9993,0.0169,0,0.2568,-0.0248,0.9661,0,-0.0076,14.5277,-1.7049,1]}],"loopBehavior":1,"name":"anim","property":"_matrix"}},
{"name":"Neck","index":4,"matrix":[0.9947,0.0162,-0.1013,0,-0.0093,0.9976,0.069,0,0.1021,-0.0677,0.9925,0,-0.0085,16.3436,-1.918,1],"rest":[1,0,0,0,0,1,0,0,0,0,1,0,-0.0085,16.3436,-1.918,1],"parentBoneIndex":3,"length":7.7098
,"animation":{"dataType":3,"framePerSecond":24,"keys":[
{"frame":1,"values":[0.9947,0.0162,-0.1013,0,-0.0093,0.9976,0.069,0,0.1021,-0.0677,0.9925,0,-0.0085,16.3436,-1.918,1]},
{"frame":2,"values":[0.9954,0.0163,-0.0944,0,-0.0088,0.9968,0.0798,0,0.0954,-0.0786,0.9923,0,-0.0085,16.3436,-1.918,1]},
{"frame":3,"values":[0.996,0.0124,-0.0889,0,-0.005,0.9966,0.0826,0,0.0896,-0.0819,0.9926,0,-0.0085,16.3436,-1.918,1]},
{"frame":4,"values":[0.9962,0.0069,-0.0866,0,-0.0002,0.9971,0.0766,0,0.0868,-0.0763,0.9933,0,-0.0085,16.3436,-1.918,1]},
{"frame":5,"values":[0.9963,0.0031,-0.0858,0,0.0027,0.9977,0.0672,0,0.0858,-0.0672,0.994,0,-0.0085,16.3436,-1.918,1]},
{"frame":6,"values":[0.9964,0.0041,-0.0845,0,0.0009,0.9983,0.0588,0,0.0846,-0.0587,0.9947,0,-0.0085,16.3436,-1.918,1]},
{"frame":7,"values":[0.9966,0.0082,-0.0826,0,-0.0038,0.9986,0.0532,0,0.0829,-0.0527,0.9952,0,-0.0085,16.3436,-1.918,1]},
{"frame":8,"values":[0.9967,0.0096,-0.0812,0,-0.0055,0.9987,0.0504,0,0.0816,-0.0498,0.9954,0,-0.0085,16.3436,-1.918,1]},
{"frame":9,"values":[0.9967,0.0049,-0.0815,0,-0.0008,0.9988,0.0498,0,0.0817,-0.0495,0.9954,0,-0.0085,16.3436,-1.918,1]},
{"frame":10,"values":[0.9964,-0.0042,-0.0846,0,0.0086,0.9986,0.0519,0,0.0843,-0.0524,0.9951,0,-0.0085,16.3436,-1.918,1]},
{"frame":11,"values":[0.9958,-0.0127,-0.0905,0,0.0179,0.9982,0.0566,0,0.0896,-0.058,0.9943,0,-0.0085,16.3436,-1.918,1]},
{"frame":12,"values":[0.995,-0.017,-0.0981,0,0.0237,0.9974,0.0677,0,0.0967,-0.0697,0.9929,0,-0.0085,16.3436,-1.918,1]},
{"frame":13,"values":[0.9943,-0.0176,-0.105,0,0.0258,0.9967,0.0771,0,0.1032,-0.0793,0.9915,0,-0.0085,16.3436,-1.918,1]},
{"frame":14,"values":[0.9939,-0.0129,-0.1098,0,0.0217,0.9966,0.0797,0,0.1084,-0.0816,0.9908,0,-0.0085,16.3436,-1.918,1]},
{"frame":15,"values":[0.9937,-0.0032,-0.1122,0,0.0119,0.997,0.0771,0,0.1116,-0.0779,0.9907,0,-0.0085,16.3436,-1.918,1]},
{"frame":16,"values":[0.9936,0.0065,-0.1131,0,0.0017,0.9974,0.0722,0,0.1132,-0.0719,0.991,0,-0.0085,16.3436,-1.918,1]},
{"frame":17,"values":[0.9935,0.0094,-0.1137,0,-0.0016,0.9976,0.0691,0,0.1141,-0.0685,0.9911,0,-0.0085,16.3436,-1.918,1]},
{"frame":18,"values":[0.9934,0.0032,-0.1143,0,0.0047,0.9976,0.0692,0,0.1143,-0.0693,0.991,0,-0.0085,16.3436,-1.918,1]},
{"frame":19,"values":[0.9934,-0.005,-0.1142,0,0.0129,0.9976,0.0685,0,0.1135,-0.0695,0.9911,0,-0.0085,16.3436,-1.918,1]},
{"frame":20,"values":[0.9936,-0.0064,-0.1127,0,0.0136,0.9979,0.0629,0,0.112,-0.064,0.9916,0,-0.0085,16.3436,-1.918,1]},
{"frame":21,"values":[0.9939,0.0005,-0.1103,0,0.0058,0.9984,0.0566,0,0.1101,-0.0569,0.9923,0,-0.0085,16.3436,-1.918,1]},
{"frame":22,"values":[0.9942,0.0102,-0.1068,0,-0.004,0.9983,0.0584,0,0.1072,-0.0577,0.9926,0,-0.0085,16.3436,-1.918,1]},
{"frame":23,"values":[0.9947,0.0162,-0.1013,0,-0.0093,0.9976,0.069,0,0.1021,-0.0677,0.9925,0,-0.0085,16.3436,-1.918,1]}],"loopBehavior":1,"name":"anim","property":"_matrix"}},
{"name":"Head","index":5,"matrix":[0.7794,-0.1052,-0.6176,0,-0.0219,0.9806,-0.1948,0,0.6261,0.1654,0.762,0,0,7.4726,1.8977,1],"rest":[1,0,0,0,0,1,0,0,0,0,1,0,0,7.4726,1.8977,1],"parentBoneIndex":4,"length":26.3062
,"animation":{"dataType":3,"framePerSecond":24,"keys":[
{"frame":1,"values":[0.7794,-0.1052,-0.6176,0,-0.0219,0.9806,-0.1948,0,0.6261,0.1654,0.762,0,0,7.4726,1.8977,1]},
{"frame":2,"values":[0.7927,-0.1051,-0.6005,0,-0.0193,0.9802,-0.197,0,0.6093,0.1677,0.775,0,0,7.4726,1.8977,1]},
{"frame":3,"values":[0.8012,-0.1153,-0.5873,0,-0.0095,0.9787,-0.2051,0,0.5984,0.1699,0.783,0,0,7.4726,1.8977,1]},
{"frame":4,"values":[0.8017,-0.1304,-0.5833,0,0.0015,0.9764,-0.2161,0,0.5977,0.1724,0.783,0,0,7.4726,1.8977,1]},
{"frame":5,"values":[0.7996,-0.1394,-0.5842,0,0.0078,0.975,-0.222,0,0.6005,0.1729,0.7807,0,0,7.4726,1.8977,1]},
{"frame":6,"values":[0.7995,-0.1373,-0.5847,0,0.0075,0.9757,-0.2188,0,0.6006,0.1706,0.7812,0,0,7.4726,1.8977,1]},
{"frame":7,"values":[0.8021,-0.1299,-0.5829,0,0.0037,0.9771,-0.2128,0,0.5972,0.1685,0.7842,0,0,7.4726,1.8977,1]},
{"frame":8,"values":[0.8061,-0.1258,-0.5782,0,0.0009,0.9774,-0.2114,0,0.5917,0.1699,0.788,0,0,7.4726,1.8977,1]},
{"frame":9,"values":[0.8093,-0.1282,-0.5733,0,0.0025,0.9766,-0.2149,0,0.5875,0.1725,0.7907,0,0,7.4726,1.8977,1]},
{"frame":10,"values":[0.8065,-0.1351,-0.5756,0,0.0093,0.9763,-0.216,0,0.5911,0.1688,0.7887,0,0,7.4726,1.8977,1]},
{"frame":11,"values":[0.7953,-0.1417,-0.5894,0,0.0188,0.9776,-0.2096,0,0.6059,0.1556,0.7802,0,0,7.4726,1.8977,1]},
{"frame":12,"values":[0.7776,-0.1479,-0.6111,0,0.0292,0.9794,-0.1999,0,0.6281,0.1376,0.7659,0,0,7.4726,1.8977,1]},
{"frame":13,"values":[0.765,-0.1522,-0.6258,0,0.0279,0.9786,-0.204,0,0.6435,0.1386,0.7528,0,0,7.4726,1.8977,1]},
{"frame":14,"values":[0.7595,-0.1488,-0.6333,0,0.0118,0.9765,-0.2154,0,0.6504,0.1561,0.7434,0,0,7.4726,1.8977,1]},
{"frame":15,"values":[0.7592,-0.1372,-0.6362,0,-0.0107,0.9747,-0.2231,0,0.6507,0.1762,0.7386,0,0,7.4726,1.8977,1]},
{"frame":16,"values":[0.7609,-0.1235,-0.6371,0,-0.0283,0.9745,-0.2227,0,0.6483,0.1875,0.7379,0,0,7.4726,1.8977,1]},
{"frame":17,"values":[0.7629,-0.1152,-0.6361,0,-0.0355,0.9751,-0.2191,0,0.6455,0.1897,0.7398,0,0,7.4726,1.8977,1]},
{"frame":18,"values":[0.7661,-0.1136,-0.6327,0,-0.0317,0.9764,-0.2137,0,0.642,0.1838,0.7444,0,0,7.4726,1.8977,1]},
{"frame":19,"values":[0.7692,-0.1143,-0.6288,0,-0.0224,0.9784,-0.2053,0,0.6387,0.172,0.75,0,0,7.4726,1.8977,1]},
{"frame":20,"values":[0.7697,-0.115,-0.6279,0,-0.0142,0.9803,-0.197,0,0.6382,0.1605,0.753,0,0,7.4726,1.8977,1]},
{"frame":21,"values":[0.7682,-0.1147,-0.6298,0,-0.0124,0.981,-0.1938,0,0.6401,0.1567,0.7522,0,0,7.4726,1.8977,1]},
{"frame":22,"values":[0.7701,-0.111,-0.6283,0,-0.0173,0.9807,-0.1945,0,0.6377,0.1607,0.7533,0,0,7.4726,1.8977,1]},
{"frame":23,"values":[0.7794,-0.1052,-0.6176,0,-0.0219,0.9806,-0.1948,0,0.6261,0.1654,0.762,0,0,7.4726,1.8977,1]}],"loopBehavior":1,"name":"anim","property":"_matrix"}},
{"name":"HeadTop_End","index":6,"matrix":[1,0,0,0,0,1,0,0,0,0,1,0,0,25.4969,6.475,1],"rest":[1,0,0,0,0,1,0,0,0,0,1,0,0,25.4969,6.475,1],"parentBoneIndex":5,"length":26.3062
,"animation":{"dataType":3,"framePerSecond":24,"keys":[
{"frame":1,"values":[1,0,0,0,0,1,0,0,0,0,1,0,0,25.4969,6.475,1]},
{"frame":23,"values":[1,0,0,0,0,1,0,0,0,0,1,0,0,25.4969,6.475,1]}],"loopBehavior":1,"name":"anim","property":"_matrix"}},
{"name":"LeftShoulder","index":7,"matrix":[0.9888,-0.1374,0.0575,0,0.1333,0.9886,0.0696,0,-0.0664,-0.0611,0.9959,0,5.5507,13.7754,-1.9265,1],"rest":[1,-0.002,0,0,0.002,1,0,0,0,0,1,0,5.5507,13.7754,-1.9265,1],"parentBoneIndex":3,"length":12.2475
,"animation":{"dataType":3,"framePerSecond":24,"keys":[
{"frame":1,"values":[0.9888,-0.1374,0.0575,0,0.1333,0.9886,0.0696,0,-0.0664,-0.0611,0.9959,0,5.5507,13.7754,-1.9265,1]},
{"frame":2,"values":[0.9858,-0.1548,0.0645,0,0.1502,0.9861,0.0718,0,-0.0747,-0.0611,0.9953,0,5.5507,13.7754,-1.9265,1]},
{"frame":3,"values":[0.9823,-0.1809,0.0494,0,0.1771,0.9815,0.0725,0,-0.0616,-0.0624,0.9961,0,5.5507,13.7754,-1.9265,1]},
{"frame":4,"values":[0.9782,-0.2073,0.0076,0,0.2063,0.976,0.07,0,-0.0219,-0.0669,0.9975,0,5.5507,13.7754,-1.9265,1]},
{"frame":5,"values":[0.9743,-0.2206,-0.0446,0,0.2232,0.9726,0.0649,0,0.0291,-0.0732,0.9969,0,5.5507,13.7754,-1.9265,1]},
{"frame":6,"values":[0.9726,-0.216,-0.0858,0,0.2214,0.9733,0.0598,0,0.0706,-0.0772,0.9945,0,5.5507,13.7754,-1.9265,1]},
{"frame":7,"values":[0.973,-0.206,-0.1041,0,0.2127,0.9754,0.0573,0,0.0898,-0.0779,0.9929,0,5.5507,13.7754,-1.9265,1]},
{"frame":8,"values":[0.9742,-0.2028,-0.0993,0,0.2091,0.9762,0.0578,0,0.0852,-0.0771,0.9934,0,5.5507,13.7754,-1.9265,1]},
{"frame":9,"values":[0.975,-0.2062,-0.0828,0,0.2114,0.9756,0.0598,0,0.0685,-0.0758,0.9948,0,5.5507,13.7754,-1.9265,1]},
{"frame":10,"values":[0.9752,-0.2113,-0.0657,0,0.2153,0.9746,0.062,0,0.0509,-0.0746,0.9959,0,5.5507,13.7754,-1.9265,1]},
{"frame":11,"values":[0.9746,-0.2172,-0.0538,0,0.2205,0.9733,0.0635,0,0.0385,-0.0738,0.9965,0,5.5507,13.7754,-1.9265,1]},
{"frame":12,"values":[0.9744,-0.221,-0.0419,0,0.2234,0.9726,0.0651,0,0.0264,-0.0728,0.997,0,5.5507,13.7754,-1.9265,1]},
{"frame":13,"values":[0.9793,-0.2022,-0.0111,0,0.2025,0.977,0.0672,0,-0.0027,-0.0681,0.9977,0,5.5507,13.7754,-1.9265,1]},
{"frame":14,"values":[0.9862,-0.1623,0.0318,0,0.1599,0.9848,0.0684,0,-0.0424,-0.0624,0.9971,0,5.5507,13.7754,-1.9265,1]},
{"frame":15,"values":[0.9905,-0.1174,0.0722,0,0.1125,0.9913,0.0678,0,-0.0795,-0.059,0.9951,0,5.5507,13.7754,-1.9265,1]},
{"frame":16,"values":[0.9914,-0.0841,0.1004,0,0.0778,0.9948,0.066,0,-0.1054,-0.0576,0.9928,0,5.5507,13.7754,-1.9265,1]},
{"frame":17,"values":[0.9909,-0.068,0.1165,0,0.0607,0.9961,0.0647,0,-0.1204,-0.0571,0.9911,0,5.5507,13.7754,-1.9265,1]},
{"frame":18,"values":[0.9908,-0.069,0.1162,0,0.0618,0.996,0.065,0,-0.1202,-0.0572,0.9911,0,5.5507,13.7754,-1.9265,1]},
{"frame":19,"values":[0.9918,-0.0819,0.0977,0,0.0757,0.9949,0.0659,0,-0.1026,-0.058,0.993,0,5.5507,13.7754,-1.9265,1]},
{"frame":20,"values":[0.9926,-0.0999,0.0683,0,0.0954,0.9932,0.0666,0,-0.0745,-0.0596,0.9954,0,5.5507,13.7754,-1.9265,1]},
{"frame":21,"values":[0.9922,-0.1156,0.0465,0,0.1123,0.9914,0.067,0,-0.0539,-0.0612,0.9967,0,5.5507,13.7754,-1.9265,1]},
{"frame":22,"values":[0.9909,-0.1266,0.0452,0,0.1234,0.99,0.0678,0,-0.0534,-0.0616,0.9967,0,5.5507,13.7754,-1.9265,1]},
{"frame":23,"values":[0.9888,-0.1374,0.0575,0,0.1333,0.9886,0.0696,0,-0.0664,-0.0611,0.9959,0,5.5507,13.7754,-1.9265,1]}],"loopBehavior":1,"name":"anim","property":"_matrix"}},
{"name":"LeftArm","index":8,"matrix":[0.3549,-0.8618,0.3624,0,0.7363,0.4965,0.4597,0,-0.5761,0.1036,0.8108,0,11.8394,-3.1354,-0.0171,1],"rest":[0.9973,-0.0184,0.0706,0,0.0183,0.9998,0.0011,0,-0.0707,0.0002,0.9975,0,11.8394,-3.1354,-0.0171,1],"parentBoneIndex":7,"length":29.2403
,"animation":{"dataType":3,"framePerSecond":24,"keys":[
{"frame":1,"values":[0.3549,-0.8618,0.3624,0,0.7363,0.4965,0.4597,0,-0.5761,0.1036,0.8108,0,11.8394,-3.1354,-0.0171,1]},
{"frame":2,"values":[0.3535,-0.8825,0.3103,0,0.8203,0.4519,0.3507,0,-0.4497,0.1306,0.8836,0,11.8394,-3.1354,-0.0171,1]},
{"frame":3,"values":[0.3796,-0.8953,0.233,0,0.8674,0.432,0.247,0,-0.3218,0.1084,0.9406,0,11.8394,-3.1354,-0.0171,1]},
{"frame":4,"values":[0.4092,-0.905,0.1163,0,0.8771,0.4253,0.2232,0,-0.2514,0.0107,0.9678,0,11.8394,-3.1354,-0.0171,1]},
{"frame":5,"values":[0.4233,-0.9058,-0.0208,0,0.8761,0.4033,0.2642,0,-0.231,-0.1301,0.9642,0,11.8394,-3.1354,-0.0171,1]},
{"frame":6,"values":[0.423,-0.8945,-0.1448,0,0.8794,0.3667,0.3035,0,-0.2184,-0.2557,0.9418,0,11.8394,-3.1354,-0.0171,1]},
{"frame":7,"values":[0.4183,-0.8774,-0.2349,0,0.8901,0.3443,0.2987,0,-0.1812,-0.334,0.925,0,11.8394,-3.1354,-0.0171,1]},
{"frame":8,"values":[0.4188,-0.8658,-0.2737,0,0.8983,0.3509,0.2644,0,-0.1329,-0.3566,0.9247,0,11.8394,-3.1354,-0.0171,1]},
{"frame":9,"values":[0.4255,-0.8691,-0.2521,0,0.8977,0.3702,0.2391,0,-0.1145,-0.328,0.9377,0,11.8394,-3.1354,-0.0171,1]},
{"frame":10,"values":[0.427,-0.889,-0.1653,0,0.8919,0.384,0.2387,0,-0.1488,-0.2493,0.9569,0,11.8394,-3.1354,-0.0171,1]},
{"frame":11,"values":[0.4123,-0.9102,-0.0395,0,0.8853,0.3901,0.2532,0,-0.215,-0.1394,0.9666,0,11.8394,-3.1354,-0.0171,1]},
{"frame":12,"values":[0.4025,-0.9101,0.0982,0,0.8645,0.4132,0.2863,0,-0.3011,-0.0303,0.9531,0,11.8394,-3.1354,-0.0171,1]},
{"frame":13,"values":[0.4073,-0.8888,0.2101,0,0.8135,0.4577,0.3589,0,-0.4151,0.0247,0.9094,0,11.8394,-3.1354,-0.0171,1]},
{"frame":14,"values":[0.4162,-0.8585,0.2996,0,0.7421,0.5111,0.4337,0,-0.5255,0.0419,0.8498,0,11.8394,-3.1354,-0.0171,1]},
{"frame":15,"values":[0.4261,-0.8183,0.3857,0,0.6785,0.5711,0.462,0,-0.5984,0.0648,0.7986,0,11.8394,-3.1354,-0.0171,1]},
{"frame":16,"values":[0.4344,-0.7668,0.4726,0,0.6483,0.6304,0.427,0,-0.6253,0.1209,0.7709,0,11.8394,-3.1354,-0.0171,1]},
{"frame":17,"values":[0.4403,-0.717,0.5404,0,0.6426,0.672,0.3681,0,-0.6271,0.1852,0.7566,0,11.8394,-3.1354,-0.0171,1]},
{"frame":18,"values":[0.4406,-0.6927,0.571,0,0.6442,0.687,0.3362,0,-0.6252,0.2197,0.7489,0,11.8394,-3.1354,-0.0171,1]},
{"frame":19,"values":[0.4339,-0.6987,0.5688,0,0.6399,0.6834,0.3513,0,-0.6342,0.2116,0.7436,0,11.8394,-3.1354,-0.0171,1]},
{"frame":20,"values":[0.4221,-0.7309,0.5362,0,0.6287,0.6622,0.4077,0,-0.6531,0.165,0.7391,0,11.8394,-3.1354,-0.0171,1]},
{"frame":21,"values":[0.406,-0.7777,0.4799,0,0.6266,0.6191,0.4734,0,-0.6653,0.1085,0.7386,0,11.8394,-3.1354,-0.0171,1]},
{"frame":22,"values":[0.381,-0.8257,0.416,0,0.6608,0.5578,0.5021,0,-0.6467,0.0836,0.7582,0,11.8394,-3.1354,-0.0171,1]},
{"frame":23,"values":[0.3549,-0.8618,0.3624,0,0.7363,0.4965,0.4597,0,-0.5761,0.1036,0.8108,0,11.8394,-3.1354,-0.0171,1]}],"loopBehavior":1,"name":"anim","property":"_matrix"}},
{"name":"LeftForeArm","index":9,"matrix":[0.9424,0.0191,0.3339,0,-0.0205,0.9998,0.0007,0,-0.3338,-0.0075,0.9426,0,29.1612,0.5949,-2.0659,1],"rest":[0.9973,0.0203,-0.0707,0,-0.0203,0.9998,0.0007,0,0.0707,0.0007,0.9975,0,29.1612,0.5949,-2.0659,1],"parentBoneIndex":8,"length":29.6649
,"animation":{"dataType":3,"framePerSecond":24,"keys":[
{"frame":1,"values":[0.9424,0.0191,0.3339,0,-0.0205,0.9998,0.0007,0,-0.3338,-0.0075,0.9426,0,29.1612,0.5949,-2.0659,1]},
{"frame":2,"values":[0.976,0.0198,0.2168,0,-0.0204,0.9998,0.0007,0,-0.2168,-0.0051,0.9762,0,29.1612,0.5949,-2.0659,1]},
{"frame":3,"values":[0.9855,0.02,0.1682,0,-0.0204,0.9998,0.0007,0,-0.1681,-0.0041,0.9858,0,29.1612,0.5949,-2.0659,1]},
{"frame":4,"values":[0.9813,0.0199,0.1914,0,-0.0204,0.9998,0.0007,0,-0.1913,-0.0046,0.9815,0,29.1612,0.5949,-2.0659,1]},
{"frame":5,"values":[0.9704,0.0197,0.2406,0,-0.0205,0.9998,0.0007,0,-0.2405,-0.0056,0.9706,0,29.1612,0.5949,-2.0659,1]},
{"frame":6,"values":[0.9597,0.0195,0.2804,0,-0.0205,0.9998,0.0007,0,-0.2804,-0.0064,0.9599,0,29.1612,0.5949,-2.0659,1]},
{"frame":7,"values":[0.9526,0.0193,0.3035,0,-0.0205,0.9998,0.0007,0,-0.3034,-0.0069,0.9528,0,29.1612,0.5949,-2.0659,1]},
{"frame":8,"values":[0.9493,0.0192,0.3137,0,-0.0205,0.9998,0.0007,0,-0.3137,-0.0071,0.9495,0,29.1612,0.5949,-2.0659,1]},
{"frame":9,"values":[0.9503,0.0192,0.3109,0,-0.0205,0.9998,0.0007,0,-0.3108,-0.007,0.9504,0,29.1612,0.5949,-2.0659,1]},
{"frame":10,"values":[0.9575,0.0194,0.2877,0,-0.0205,0.9998,0.0007,0,-0.2876,-0.0066,0.9577,0,29.1612,0.5949,-2.0659,1]},
{"frame":11,"values":[0.9686,0.0196,0.248,0,-0.0205,0.9998,0.0007,0,-0.2479,-0.0058,0.9688,0,29.1612,0.5949,-2.0659,1]},
{"frame":12,"values":[0.9723,0.0197,0.2328,0,-0.0205,0.9998,0.0007,0,-0.2328,-0.0055,0.9725,0,29.1612,0.5949,-2.0659,1]},
{"frame":13,"values":[0.9596,0.0195,0.2806,0,-0.0205,0.9998,0.0007,0,-0.2805,-0.0064,0.9598,0,29.1612,0.5949,-2.0659,1]},
{"frame":14,"values":[0.932,0.0189,0.362,0,-0.0205,0.9998,0.0007,0,-0.3619,-0.0081,0.9322,0,29.1612,0.5949,-2.0659,1]},
{"frame":15,"values":[0.8954,0.0181,0.4449,0,-0.0205,0.9998,0.0007,0,-0.4448,-0.0097,0.8956,0,29.1612,0.5949,-2.0659,1]},
{"frame":16,"values":[0.8589,0.0173,0.5119,0,-0.0206,0.9998,0.0007,0,-0.5117,-0.0111,0.8591,0,29.1612,0.5949,-2.0659,1]},
{"frame":17,"values":[0.8264,0.0166,0.5629,0,-0.0206,0.9998,0.0007,0,-0.5628,-0.0121,0.8265,0,29.1612,0.5949,-2.0659,1]},
{"frame":18,"values":[0.8022,0.0161,0.5968,0,-0.0206,0.9998,0.0006,0,-0.5967,-0.0128,0.8024,0,29.1612,0.5949,-2.0659,1]},
{"frame":19,"values":[0.789,0.0159,0.6142,0,-0.0206,0.9998,0.0006,0,-0.6141,-0.0132,0.7891,0,29.1612,0.5949,-2.0659,1]},
{"frame":20,"values":[0.7928,0.0159,0.6092,0,-0.0206,0.9998,0.0006,0,-0.6091,-0.0131,0.793,0,29.1612,0.5949,-2.0659,1]},
{"frame":21,"values":[0.8229,0.0166,0.568,0,-0.0206,0.9998,0.0007,0,-0.5679,-0.0122,0.823,0,29.1612,0.5949,-2.0659,1]},
{"frame":22,"values":[0.8823,0.0178,0.4703,0,-0.0205,0.9998,0.0007,0,-0.4702,-0.0103,0.8825,0,29.1612,0.5949,-2.0659,1]},
{"frame":23,"values":[0.9424,0.0191,0.3339,0,-0.0205,0.9998,0.0007,0,-0.3338,-0.0075,0.9426,0,29.1612,0.5949,-2.0659,1]}],"loopBehavior":1,"name":"anim","property":"_matrix"}},
{"name":"LeftHand","index":10,"matrix":[0.8071,0.4261,0.4087,0,-0.5246,0.8351,0.1654,0,-0.2708,-0.3479,0.8976,0,29.6649,0,0,1],"rest":[1,0,0,0,0,1,-0.0011,0,0,0.0011,1,0,29.6649,0,0,1],"parentBoneIndex":9,"length":11.8196
,"animation":{"dataType":3,"framePerSecond":24,"keys":[
{"frame":1,"values":[0.8071,0.4261,0.4087,0,-0.5246,0.8351,0.1654,0,-0.2708,-0.3479,0.8976,0,29.6649,0,0,1]},
{"frame":2,"values":[0.8446,0.3204,0.4289,0,-0.4856,0.7959,0.3617,0,-0.2255,-0.5138,0.8278,0,29.6649,0,0,1]},
{"frame":3,"values":[0.9049,0.1846,0.3836,0,-0.3917,0.7137,0.5807,0,-0.1666,-0.6757,0.7181,0,29.6649,0,0,1]},
{"frame":4,"values":[0.957,0.0865,0.277,0,-0.2654,0.6465,0.7152,0,-0.1172,-0.758,0.6417,0,29.6649,0,0,1]},
{"frame":5,"values":[0.9858,0.0438,0.1621,0,-0.1491,0.6718,0.7256,0,-0.0771,-0.7394,0.6688,0,29.6649,0,0,1]},
{"frame":6,"values":[0.9967,0.0253,0.0776,0,-0.0679,0.7848,0.616,0,-0.0453,-0.6192,0.7839,0,29.6649,0,0,1]},
{"frame":7,"values":[0.9998,-0.0172,0.0086,0,0.0114,0.8911,0.4538,0,-0.0155,-0.4536,0.8911,0,29.6649,0,0,1]},
{"frame":8,"values":[0.9915,-0.104,-0.0783,0,0.1247,0.9318,0.3409,0,0.0375,-0.3477,0.9368,0,29.6649,0,0,1]},
{"frame":9,"values":[0.9624,-0.2049,-0.1785,0,0.255,0.9078,0.3329,0,0.0939,-0.3659,0.9259,0,29.6649,0,0,1]},
{"frame":10,"values":[0.9313,-0.2701,-0.2443,0,0.3529,0.8353,0.4217,0,0.0901,-0.4789,0.8732,0,29.6649,0,0,1]},
{"frame":11,"values":[0.927,-0.2846,-0.2443,0,0.3741,0.7473,0.5491,0,0.0263,-0.6004,0.7993,0,29.6649,0,0,1]},
{"frame":12,"values":[0.9623,-0.225,-0.1531,0,0.2717,0.763,0.5865,0,-0.0151,-0.6059,0.7954,0,29.6649,0,0,1]},
{"frame":13,"values":[0.9831,-0.1714,-0.0647,0,0.182,0.8737,0.4511,0,-0.0208,-0.4553,0.8901,0,29.6649,0,0,1]},
{"frame":14,"values":[0.9893,-0.1457,-0.0095,0,0.1439,0.9617,0.2331,0,-0.0248,-0.232,0.9724,0,29.6649,0,0,1]},
{"frame":15,"values":[0.9922,-0.1239,0.0162,0,0.1225,0.99,0.0693,0,-0.0246,-0.0668,0.9975,0,29.6649,0,0,1]},
{"frame":16,"values":[0.996,-0.0855,0.026,0,0.0841,0.9952,0.0498,0,-0.0302,-0.0474,0.9984,0,29.6649,0,0,1]},
{"frame":17,"values":[0.9986,-0.0281,0.0453,0,0.0229,0.9934,0.1127,0,-0.0482,-0.1115,0.9926,0,29.6649,0,0,1]},
{"frame":18,"values":[0.9939,0.0448,0.1004,0,-0.0618,0.983,0.1732,0,-0.091,-0.1783,0.9798,0,29.6649,0,0,1]},
{"frame":19,"values":[0.9742,0.1312,0.1835,0,-0.1661,0.9676,0.1903,0,-0.1525,-0.2159,0.9644,0,29.6649,0,0,1]},
{"frame":20,"values":[0.9354,0.2394,0.2604,0,-0.2863,0.9448,0.1596,0,-0.2078,-0.2238,0.9522,0,29.6649,0,0,1]},
{"frame":21,"values":[0.8791,0.3586,0.3141,0,-0.4075,0.9072,0.1049,0,-0.2474,-0.2202,0.9436,0,29.6649,0,0,1]},
{"frame":22,"values":[0.8241,0.4372,0.3602,0,-0.4957,0.8643,0.0851,0,-0.2741,-0.2486,0.929,0,29.6649,0,0,1]},
{"frame":23,"values":[0.8071,0.4261,0.4087,0,-0.5246,0.8351,0.1654,0,-0.2708,-0.3479,0.8976,0,29.6649,0,0,1]}],"loopBehavior":1,"name":"anim","property":"_matrix"}},
{"name":"LeftHandThumb1","index":11,"matrix":[0.9983,-0.0561,0.0142,0,0.0527,0.983,0.1757,0,-0.0238,-0.1746,0.9843,0,6.1321,-4.043,2.9242,1],"rest":[1,-0.0003,-0.0002,0,0.0003,1,0.0003,0,0.0002,-0.0003,1,0,6.1321,-4.043,2.9242,1],"parentBoneIndex":10,"length":2.3395
,"animation":{"dataType":3,"framePerSecond":24,"keys":[
{"frame":1,"values":[0.9983,-0.0561,0.0142,0,0.0527,0.983,0.1757,0,-0.0238,-0.1746,0.9843,0,6.1321,-4.043,2.9242,1]},
{"frame":2,"values":[0.9984,-0.0156,-0.0541,0,0.0245,0.9854,0.1684,0,0.0507,-0.1695,0.9842,0,6.1321,-4.043,2.9242,1]},
{"frame":3,"values":[0.9962,0.0017,-0.0873,0,0.013,0.9857,0.1683,0,0.0863,-0.1688,0.9819,0,6.1321,-4.043,2.9242,1]},
{"frame":4,"values":[0.9964,-0.0067,-0.084,0,0.0213,0.9845,0.1741,0,0.0815,-0.1753,0.9811,0,6.1321,-4.043,2.9242,1]},
{"frame":5,"values":[0.9973,-0.0209,-0.071,0,0.0333,0.9833,0.179,0,0.066,-0.1809,0.9813,0,6.1321,-4.043,2.9242,1]},
{"frame":6,"values":[0.9974,-0.0227,-0.0681,0,0.0346,0.9832,0.179,0,0.0629,-0.1809,0.9815,0,6.1321,-4.043,2.9242,1]},
{"frame":7,"values":[0.997,-0.0115,-0.0769,0,0.0248,0.9842,0.1751,0,0.0737,-0.1765,0.9815,0,6.1321,-4.043,2.9242,1]},
{"frame":8,"values":[0.9963,0.0022,-0.0859,0,0.0123,0.9856,0.1687,0,0.0851,-0.1691,0.9819,0,6.1321,-4.043,2.9242,1]},
{"frame":9,"values":[0.9967,0.0073,-0.0814,0,0.006,0.9869,0.1612,0,0.0815,-0.1612,0.9836,0,6.1321,-4.043,2.9242,1]},
{"frame":10,"values":[0.9983,0.0049,-0.0585,0,0.0041,0.9884,0.1516,0,0.0585,-0.1515,0.9867,0,6.1321,-4.043,2.9242,1]},
{"frame":11,"values":[0.9996,0.0073,-0.0278,0,-0.0034,0.9906,0.1367,0,0.0285,-0.1365,0.9902,0,6.1321,-4.043,2.9242,1]},
{"frame":12,"values":[0.9984,0.0451,-0.0344,0,-0.0412,0.9935,0.1062,0,0.0389,-0.1047,0.9937,0,6.1321,-4.043,2.9242,1]},
{"frame":13,"values":[0.9974,0.057,-0.0447,0,-0.0523,0.9937,0.0992,0,0.05,-0.0966,0.9941,0,6.1321,-4.043,2.9242,1]},
{"frame":14,"values":[0.9994,0.0251,-0.0231,0,-0.0221,0.9925,0.1199,0,0.0259,-0.1193,0.9925,0,6.1321,-4.043,2.9242,1]},
{"frame":15,"values":[0.9996,-0.02,0.0201,0,0.017,0.9896,0.1426,0,-0.0228,-0.1422,0.9896,0,6.1321,-4.043,2.9242,1]},
{"frame":16,"values":[0.9965,-0.051,0.0659,0,0.0405,0.9876,0.1516,0,-0.0728,-0.1484,0.9862,0,6.1321,-4.043,2.9242,1]},
{"frame":17,"values":[0.9925,-0.0708,0.0995,0,0.0546,0.9861,0.1566,0,-0.1092,-0.15,0.9826,0,6.1321,-4.043,2.9242,1]},
{"frame":18,"values":[0.9888,-0.0923,0.1176,0,0.0716,0.9829,0.1694,0,-0.1313,-0.1591,0.9785,0,6.1321,-4.043,2.9242,1]},
{"frame":19,"values":[0.9851,-0.1142,0.1289,0,0.0892,0.9787,0.1848,0,-0.1473,-0.1706,0.9743,0,6.1321,-4.043,2.9242,1]},
{"frame":20,"values":[0.9825,-0.1262,0.1371,0,0.0985,0.9763,0.1925,0,-0.1582,-0.1756,0.9717,0,6.1321,-4.043,2.9242,1]},
{"frame":21,"values":[0.9838,-0.1231,0.1302,0,0.0968,0.9767,0.1917,0,-0.1507,-0.176,0.9728,0,6.1321,-4.043,2.9242,1]},
{"frame":22,"values":[0.9913,-0.0984,0.087,0,0.081,0.9794,0.185,0,-0.1034,-0.1764,0.9789,0,6.1321,-4.043,2.9242,1]},
{"frame":23,"values":[0.9983,-0.0561,0.0142,0,0.0527,0.983,0.1757,0,-0.0238,-0.1746,0.9843,0,6.1321,-4.043,2.9242,1]}],"loopBehavior":1,"name":"anim","property":"_matrix"}},
{"name":"LeftHandThumb2","index":12,"matrix":[0.9338,0.1936,-0.301,0,-0.1986,0.98,0.0141,0,0.2977,0.0466,0.9535,0,1.8122,-1.0462,1.0462,1],"rest":[1,0,0,0,0,1,0,0,0,0,1,0,1.8122,-1.0462,1.0462,1],"parentBoneIndex":11,"length":1.5944
,"animation":{"dataType":3,"framePerSecond":24,"keys":[
{"frame":1,"values":[0.9338,0.1936,-0.301,0,-0.1986,0.98,0.0141,0,0.2977,0.0466,0.9535,0,1.8122,-1.0462,1.0462,1]},
{"frame":2,"values":[0.947,0.2047,-0.2477,0,-0.2008,0.9788,0.0411,0,0.2508,0.0108,0.968,0,1.8122,-1.0462,1.0462,1]},
{"frame":3,"values":[0.9528,0.2115,-0.218,0,-0.2038,0.9773,0.0576,0,0.2252,-0.0104,0.9743,0,1.8122,-1.0462,1.0462,1]},
{"frame":4,"values":[0.953,0.2139,-0.2144,0,-0.2076,0.9768,0.0515,0,0.2204,-0.0045,0.9754,0,1.8122,-1.0462,1.0462,1]},
{"frame":5,"values":[0.9514,0.2129,-0.2225,0,-0.2096,0.977,0.0387,0,0.2256,0.0098,0.9742,0,1.8122,-1.0462,1.0462,1]},
{"frame":6,"values":[0.9503,0.2121,-0.2281,0,-0.2086,0.9772,0.0396,0,0.2313,0.0099,0.9728,0,1.8122,-1.0462,1.0462,1]},
{"frame":7,"values":[0.9509,0.2133,-0.2243,0,-0.2066,0.977,0.0534,0,0.2306,-0.0045,0.973,0,1.8122,-1.0462,1.0462,1]},
{"frame":8,"values":[0.9523,0.2137,-0.2177,0,-0.2045,0.9767,0.0646,0,0.2264,-0.017,0.9739,0,1.8122,-1.0462,1.0462,1]},
{"frame":9,"values":[0.9517,0.2099,-0.2241,0,-0.2005,0.9776,0.0642,0,0.2326,-0.0161,0.9724,0,1.8122,-1.0462,1.0462,1]},
{"frame":10,"values":[0.9464,0.2002,-0.2533,0,-0.1914,0.9797,0.0591,0,0.26,-0.0074,0.9656,0,1.8122,-1.0462,1.0462,1]},
{"frame":11,"values":[0.9367,0.1868,-0.2962,0,-0.1766,0.9824,0.0613,0,0.3024,-0.0051,0.9532,0,1.8122,-1.0462,1.0462,1]},
{"frame":12,"values":[0.9298,0.175,-0.3239,0,-0.1547,0.9841,0.0875,0,0.3341,-0.0312,0.942,0,1.8122,-1.0462,1.0462,1]},
{"frame":13,"values":[0.9275,0.1722,-0.3317,0,-0.1487,0.9843,0.0952,0,0.3429,-0.039,0.9386,0,1.8122,-1.0462,1.0462,1]},
{"frame":14,"values":[0.9253,0.175,-0.3363,0,-0.1595,0.9845,0.0737,0,0.344,-0.0145,0.9389,0,1.8122,-1.0462,1.0462,1]},
{"frame":15,"values":[0.9211,0.1766,-0.3469,0,-0.1718,0.9841,0.0448,0,0.3493,0.0183,0.9368,0,1.8122,-1.0462,1.0462,1]},
{"frame":16,"values":[0.9149,0.1736,-0.3644,0,-0.1765,0.984,0.0257,0,0.363,0.0408,0.9309,0,1.8122,-1.0462,1.0462,1]},
{"frame":17,"values":[0.9098,0.1708,-0.3782,0,-0.1794,0.9837,0.0127,0,0.3742,0.0563,0.9257,0,1.8122,-1.0462,1.0462,1]},
{"frame":18,"values":[0.9079,0.1728,-0.3818,0,-0.1872,0.9823,-0.0006,0,0.3749,0.072,0.9243,0,1.8122,-1.0462,1.0462,1]},
{"frame":19,"values":[0.9064,0.1763,-0.3839,0,-0.1951,0.9807,-0.0102,0,0.3747,0.0841,0.9233,0,1.8122,-1.0462,1.0462,1]},
{"frame":20,"values":[0.9035,0.1765,-0.3905,0,-0.1966,0.9804,-0.0116,0,0.3808,0.0872,0.9205,0,1.8122,-1.0462,1.0462,1]},
{"frame":21,"values":[0.9046,0.1761,-0.3882,0,-0.195,0.9808,-0.0096,0,0.379,0.0844,0.9215,0,1.8122,-1.0462,1.0462,1]},
{"frame":22,"values":[0.9164,0.1819,-0.3565,0,-0.196,0.9806,-0.0035,0,0.349,0.0731,0.9343,0,1.8122,-1.0462,1.0462,1]},
{"frame":23,"values":[0.9338,0.1936,-0.301,0,-0.1986,0.98,0.0141,0,0.2977,0.0466,0.9535,0,1.8122,-1.0462,1.0462,1]}],"loopBehavior":1,"name":"anim","property":"_matrix"}},
{"name":"LeftHandThumb3","index":13,"matrix":[0.9822,0.0232,-0.1862,0,-0.0159,0.9991,0.0403,0,0.1869,-0.0366,0.9817,0,1.2351,-0.713,0.713,1],"rest":[1,0.0001,-0.0001,0,-0.0001,1,0,0,0.0001,0,1,0,1.2351,-0.713,0.713,1],"parentBoneIndex":12,"length":2.5475
,"animation":{"dataType":3,"framePerSecond":24,"keys":[
{"frame":1,"values":[0.9822,0.0232,-0.1862,0,-0.0159,0.9991,0.0403,0,0.1869,-0.0366,0.9817,0,1.2351,-0.713,0.713,1]},
{"frame":2,"values":[0.9786,0.0182,-0.2051,0,-0.0087,0.9989,0.0468,0,0.2057,-0.044,0.9776,0,1.2351,-0.713,0.713,1]},
{"frame":3,"values":[0.9747,0.0135,-0.2232,0,-0.0016,0.9986,0.053,0,0.2236,-0.0513,0.9733,0,1.2351,-0.713,0.713,1]},
{"frame":4,"values":[0.9731,0.0117,-0.23,0,0.0011,0.9985,0.0554,0,0.2303,-0.0542,0.9716,0,1.2351,-0.713,0.713,1]},
{"frame":5,"values":[0.9733,0.0119,-0.229,0,0.0007,0.9985,0.0551,0,0.2294,-0.0538,0.9719,0,1.2351,-0.713,0.713,1]},
{"frame":6,"values":[0.9733,0.0119,-0.2291,0,0.0008,0.9985,0.0551,0,0.2294,-0.0538,0.9718,0,1.2351,-0.713,0.713,1]},
{"frame":7,"values":[0.9724,0.0109,-0.2329,0,0.0024,0.9984,0.0564,0,0.2332,-0.0554,0.9709,0,1.2351,-0.713,0.713,1]},
{"frame":8,"values":[0.9717,0.0101,-0.2359,0,0.0036,0.9983,0.0575,0,0.2361,-0.0567,0.9701,0,1.2351,-0.713,0.713,1]},
{"frame":9,"values":[0.9722,0.0105,-0.2341,0,0.0029,0.9984,0.0568,0,0.2343,-0.0559,0.9706,0,1.2351,-0.713,0.713,1]},
{"frame":10,"values":[0.9736,0.0122,-0.2279,0,0.0003,0.9985,0.0547,0,0.2283,-0.0533,0.9721,0,1.2351,-0.713,0.713,1]},
{"frame":11,"values":[0.9752,0.014,-0.221,0,-0.0025,0.9986,0.0523,0,0.2215,-0.0505,0.9739,0,1.2351,-0.713,0.713,1]},
{"frame":12,"values":[0.9755,0.0144,-0.2196,0,-0.0031,0.9987,0.0518,0,0.22,-0.0498,0.9742,0,1.2351,-0.713,0.713,1]},
