{"producer":{"name":"Blender","version":"2.90.0","exporter_version":"6.4.4","file":"turnleft.babylon"},
"autoClear":true,"clearColor":[0.0509,0.0509,0.0509],"gravity":[0,-9.81,0],
"materials":[{"name":"Material","id":"Material","customType":"BABYLON.PBRMaterial","backFaceCulling":true,"checkReadyOnlyOnce":false,"maxSimultaneousLights":4,"environmentIntensity":1,"albedo":[0.8,0.8,0.8],"reflectivity":[0.5,0.5,0.5],"roughness":0.4,"alpha":1,"transparencyMode":0,"alphaCutOff":0.4,"metallic":0}],
"multiMaterials":[],
"skeletons":[{"name":"Armature","id":0,"dimensionsAtRest":[192.3395,226.9932,28.649],"bones":[
{"name":"Hips","index":0,"matrix":[0.9959,-0.0874,0.0229,0,0.087,0.9961,0.0176,0,0.0243,0.0156,-0.9996,0,1.0266,111.1056,-1.1506,1],"rest":[1,0,0,0,0,1,0,0,0,0,-1,0,0,114.0532,0,1],"parentBoneIndex":-1,"length":12.7599
,"animation":{"dataType":3,"framePerSecond":24,"keys":[
{"frame":1,"values":[0.9959,-0.0874,0.0229,0,0.087,0.9961,0.0176,0,0.0243,0.0156,-0.9996,0,1.0266,111.1056,-1.1506,1]},
{"frame":2,"values":[0.9959,-0.0874,0.0229,0,0.087,0.9961,0.0176,0,0.0243,0.0156,-0.9996,0,0.2237,110.839,-1.9977,1]},
{"frame":3,"values":[0.9959,-0.0874,0.0229,0,0.087,0.9961,0.0176,0,0.0243,0.0156,-0.9996,0,-0.6021,110.5999,-2.4969,1]},
{"frame":4,"values":[0.9959,-0.0874,0.0229,0,0.087,0.9961,0.0176,0,0.0243,0.0156,-0.9996,0,-1.4335,110.3999,-2.5822,1]},
{"frame":5,"values":[0.9959,-0.0874,0.0229,0,0.087,0.9961,0.0176,0,0.0243,0.0156,-0.9996,0,-2.2495,110.2449,-2.2903,1]},
{"frame":6,"values":[0.9959,-0.0874,0.0229,0,0.087,0.9961,0.0176,0,0.0243,0.0156,-0.9996,0,-3.031,110.1425,-1.7335,1]},
{"frame":7,"values":[0.9959,-0.0874,0.0229,0,0.087,0.9961,0.0176,0,0.0243,0.0156,-0.9996,0,-3.7552,110.1006,-0.9708,1]},
{"frame":8,"values":[0.9959,-0.0874,0.0229,0,0.087,0.9961,0.0176,0,0.0243,0.0156,-0.9996,0,-4.4172,110.0947,0.0275,1]},
{"frame":9,"values":[0.9959,-0.0874,0.0229,0,0.087,0.9961,0.0176,0,0.0243,0.0156,-0.9996,0,-5.018,110.0848,1.3076,1]},
{"frame":10,"values":[0.9959,-0.0874,0.0229,0,0.087,0.9961,0.0176,0,0.0243,0.0156,-0.9996,0,-5.5033,110.0692,2.8675,1]},
{"frame":11,"values":[0.9959,-0.0874,0.0229,0,0.087,0.9961,0.0176,0,0.0243,0.0156,-0.9996,0,-5.7398,110.0952,4.633,1]},
{"frame":12,"values":[0.9959,-0.0874,0.0229,0,0.087,0.9961,0.0176,0,0.0243,0.0156,-0.9996,0,-5.6575,110.1797,6.5078,1]},
{"frame":13,"values":[0.9959,-0.0874,0.0229,0,0.087,0.9961,0.0176,0,0.0243,0.0156,-0.9996,0,-5.2924,110.2895,8.3719,1]},
{"frame":14,"values":[0.9959,-0.0874,0.0229,0,0.087,0.9961,0.0176,0,0.0243,0.0156,-0.9996,0,-4.6477,110.4164,10.0893,1]},
{"frame":15,"values":[0.9959,-0.0874,0.0229,0,0.087,0.9961,0.0176,0,0.0243,0.0156,-0.9996,0,-3.6874,110.5578,11.5863,1]},
{"frame":16,"values":[0.9959,-0.0874,0.0229,0,0.087,0.9961,0.0176,0,0.0243,0.0156,-0.9996,0,-2.434,110.7006,12.851,1]},
{"frame":17,"values":[0.9959,-0.0874,0.0229,0,0.087,0.9961,0.0176,0,0.0243,0.0156,-0.9996,0,-0.9909,110.831,13.878,1]},
{"frame":18,"values":[0.9959,-0.0874,0.0229,0,0.087,0.9961,0.0176,0,0.0243,0.0156,-0.9996,0,0.5026,110.9358,14.636,1]},
{"frame":19,"values":[0.9959,-0.0874,0.0229,0,0.087,0.9961,0.0176,0,0.0243,0.0156,-0.9996,0,1.8876,111.0064,15.0713,1]},
{"frame":20,"values":[0.9959,-0.0874,0.0229,0,0.087,0.9961,0.0176,0,0.0243,0.0156,-0.9996,0,3.0363,111.0458,15.0786,1]},
{"frame":21,"values":[0.9959,-0.0874,0.0229,0,0.087,0.9961,0.0176,0,0.0243,0.0156,-0.9996,0,3.8902,111.056,14.4727,1]},
{"frame":22,"values":[0.9959,-0.0874,0.0229,0,0.087,0.9961,0.0176,0,0.0243,0.0156,-0.9996,0,4.4508,111.055,13.3113,1]},
{"frame":23,"values":[0.9959,-0.0874,0.0229,0,0.087,0.9961,0.0176,0,0.0243,0.0156,-0.9996,0,4.6835,111.057,11.7189,1]},
{"frame":24,"values":[0.9959,-0.0874,0.0229,0,0.087,0.9961,0.0176,0,0.0243,0.0156,-0.9996,0,4.5425,111.0656,9.8414,1]},
{"frame":25,"values":[0.9959,-0.0874,0.0229,0,0.087,0.9961,0.0176,0,0.0243,0.0156,-0.9996,0,4.0884,111.0743,7.817,1]},
{"frame":26,"values":[0.9959,-0.0874,0.0229,0,0.087,0.9961,0.0176,0,0.0243,0.0156,-0.9996,0,3.4707,111.0833,5.7811,1]},
{"frame":27,"values":[0.9959,-0.0874,0.0229,0,0.087,0.9961,0.0176,0,0.0243,0.0156,-0.9996,0,2.7721,111.0934,3.878,1]},
{"frame":28,"values":[0.9959,-0.0874,0.0229,0,0.087,0.9961,0.0176,0,0.0243,0.0156,-0.9996,0,1.9969,111.1022,2.2532,1]},
{"frame":29,"values":[0.9959,-0.0874,0.0229,0,0.087,0.9961,0.0176,0,0.0243,0.0156,-0.9996,0,1.1518,111.1056,1.0252,1]}],"loopBehavior":1,"name":"anim","property":"_matrix"}},
{"name":"Spine","index":1,"matrix":[0.9987,0.0457,0.0221,0,-0.0462,0.9987,0.0215,0,-0.0211,-0.0225,0.9995,0,-0.0057,10.8958,-1.2787,1],"rest":[1,0,0,0,0,1,0,0,0,0,1,0,-0.0057,10.8958,-1.2787,1],"parentBoneIndex":0,"length":12.7989
,"animation":{"dataType":3,"framePerSecond":24,"keys":[
{"frame":1,"values":[0.9987,0.0457,0.0221,0,-0.0462,0.9987,0.0215,0,-0.0211,-0.0225,0.9995,0,-0.0057,10.8958,-1.2787,1]},
{"frame":2,"values":[0.9988,0.0471,0.012,0,-0.0473,0.9987,0.0199,0,-0.011,-0.0205,0.9997,0,-0.0057,10.8958,-1.2787,1]},
{"frame":3,"values":[0.9989,0.0479,0.0021,0,-0.0479,0.9987,0.0187,0,-0.0012,-0.0188,0.9998,0,-0.0057,10.8958,-1.2787,1]},
{"frame":4,"values":[0.9989,0.0468,-0.0078,0,-0.0466,0.9987,0.0184,0,0.0087,-0.018,0.9998,0,-0.0057,10.8958,-1.2787,1]},
{"frame":5,"values":[0.9989,0.0433,-0.0185,0,-0.0429,0.9989,0.0194,0,0.0193,-0.0186,0.9996,0,-0.0057,10.8958,-1.2787,1]},
{"frame":6,"values":[0.9988,0.0374,-0.031,0,-0.0367,0.9991,0.0215,0,0.0318,-0.0203,0.9993,0,-0.0057,10.8958,-1.2787,1]},
{"frame":7,"values":[0.9985,0.0302,-0.0448,0,-0.0291,0.9993,0.0241,0,0.0455,-0.0228,0.9987,0,-0.0057,10.8958,-1.2787,1]},
{"frame":8,"values":[0.9981,0.0228,-0.058,0,-0.0213,0.9994,0.0269,0,0.0586,-0.0256,0.998,0,-0.0057,10.8958,-1.2787,1]},
{"frame":9,"values":[0.9975,0.017,-0.0686,0,-0.0151,0.9995,0.0292,0,0.069,-0.0281,0.9972,0,-0.0057,10.8958,-1.2787,1]},
{"frame":10,"values":[0.9972,0.0146,-0.074,0,-0.0124,0.9995,0.0301,0,0.0744,-0.029,0.9968,0,-0.0057,10.8958,-1.2787,1]},
{"frame":11,"values":[0.9972,0.0155,-0.0734,0,-0.0134,0.9995,0.0291,0,0.0738,-0.028,0.9969,0,-0.0057,10.8958,-1.2787,1]},
{"frame":12,"values":[0.9976,0.0193,-0.0669,0,-0.0176,0.9995,0.0266,0,0.0673,-0.0254,0.9974,0,-0.0057,10.8958,-1.2787,1]},
{"frame":13,"values":[0.9981,0.0241,-0.0569,0,-0.0228,0.9995,0.024,0,0.0574,-0.0226,0.9981,0,-0.0057,10.8958,-1.2787,1]},
{"frame":14,"values":[0.9986,0.028,-0.0453,0,-0.027,0.9994,0.0222,0,0.0459,-0.021,0.9987,0,-0.0057,10.8958,-1.2787,1]},
{"frame":15,"values":[0.999,0.0305,-0.0329,0,-0.0298,0.9993,0.022,0,0.0336,-0.021,0.9992,0,-0.0057,10.8958,-1.2787,1]},
{"frame":16,"values":[0.9993,0.0325,-0.0187,0,-0.0321,0.9992,0.0229,0,0.0194,-0.0223,0.9996,0,-0.0057,10.8958,-1.2787,1]},
{"frame":17,"values":[0.9994,0.0354,-0.0021,0,-0.0354,0.9991,0.0241,0,0.0029,-0.024,0.9997,0,-0.0057,10.8958,-1.2787,1]},
{"frame":18,"values":[0.9991,0.0397,0.0163,0,-0.0401,0.9989,0.0248,0,-0.0153,-0.0254,0.9996,0,-0.0057,10.8958,-1.2787,1]},
{"frame":19,"values":[0.9985,0.0442,0.0337,0,-0.045,0.9987,0.0246,0,-0.0325,-0.026,0.9991,0,-0.0057,10.8958,-1.2787,1]},
{"frame":20,"values":[0.9977,0.0475,0.0476,0,-0.0486,0.9985,0.0236,0,-0.0464,-0.0259,0.9986,0,-0.0057,10.8958,-1.2787,1]},
{"frame":21,"values":[0.9971,0.0493,0.0573,0,-0.0506,0.9985,0.0226,0,-0.0561,-0.0254,0.9981,0,-0.0057,10.8958,-1.2787,1]},
{"frame":22,"values":[0.9968,0.0497,0.0627,0,-0.0511,0.9984,0.0221,0,-0.0615,-0.0252,0.9978,0,-0.0057,10.8958,-1.2787,1]},
{"frame":23,"values":[0.9967,0.0489,0.0646,0,-0.0504,0.9985,0.0226,0,-0.0634,-0.0257,0.9977,0,-0.0057,10.8958,-1.2787,1]},
{"frame":24,"values":[0.9969,0.0472,0.0625,0,-0.0488,0.9985,0.0237,0,-0.0613,-0.0267,0.9978,0,-0.0057,10.8958,-1.2787,1]},
{"frame":25,"values":[0.9973,0.0456,0.057,0,-0.0471,0.9986,0.0245,0,-0.0558,-0.0271,0.9981,0,-0.0057,10.8958,-1.2787,1]},
{"frame":26,"values":[0.9978,0.0449,0.0492,0,-0.0461,0.9986,0.0244,0,-0.048,-0.0266,0.9985,0,-0.0057,10.8958,-1.2787,1]},
{"frame":27,"values":[0.9982,0.0449,0.0406,0,-0.0459,0.9987,0.0237,0,-0.0394,-0.0255,0.9989,0,-0.0057,10.8958,-1.2787,1]},
{"frame":28,"values":[0.9985,0.0453,0.0315,0,-0.0461,0.9987,0.0226,0,-0.0305,-0.024,0.9992,0,-0.0057,10.8958,-1.2787,1]},
{"frame":29,"values":[0.9987,0.0457,0.0221,0,-0.0462,0.9987,0.0215,0,-0.0211,-0.0225,0.9995,0,-0.0057,10.8958,-1.2787,1]}],"loopBehavior":1,"name":"anim","property":"_matrix"}},
{"name":"Spine1","index":2,"matrix":[0.9946,0.1036,-0.0033,0,-0.1036,0.9945,0.0131,0,0.0046,-0.0127,0.9999,0,-0.0066,12.7117,-1.4918,1],"rest":[1,0,0,0,0,1,0,0,0,0,1,0,-0.0066,12.7117,-1.4918,1],"parentBoneIndex":1,"length":14.6274
,"animation":{"dataType":3,"framePerSecond":24,"keys":[
{"frame":1,"values":[0.9946,0.1036,-0.0033,0,-0.1036,0.9945,0.0131,0,0.0046,-0.0127,0.9999,0,-0.0066,12.7117,-1.4918,1]},
{"frame":2,"values":[0.9948,0.1013,-0.0132,0,-0.1011,0.9948,0.0137,0,0.0145,-0.0123,0.9998,0,-0.0066,12.7117,-1.4918,1]},
{"frame":3,"values":[0.9948,0.0987,-0.0237,0,-0.0983,0.995,0.0144,0,0.025,-0.012,0.9996,0,-0.0066,12.7117,-1.4918,1]},
{"frame":4,"values":[0.9948,0.0951,-0.0361,0,-0.0945,0.9954,0.0155,0,0.0374,-0.012,0.9992,0,-0.0066,12.7117,-1.4918,1]},
{"frame":5,"values":[0.9946,0.0903,-0.0514,0,-0.0895,0.9958,0.0173,0,0.0528,-0.0126,0.9985,0,-0.0066,12.7117,-1.4918,1]},
{"frame":6,"values":[0.994,0.0848,-0.0695,0,-0.0836,0.9963,0.0195,0,0.0709,-0.0136,0.9974,0,-0.0066,12.7117,-1.4918,1]},
{"frame":7,"values":[0.9929,0.0794,-0.0881,0,-0.0778,0.9967,0.022,0,0.0896,-0.0149,0.9959,0,-0.0066,12.7117,-1.4918,1]},
{"frame":8,"values":[0.9916,0.0752,-0.1051,0,-0.073,0.997,0.0243,0,0.1066,-0.0164,0.9942,0,-0.0066,12.7117,-1.4918,1]},
{"frame":9,"values":[0.9903,0.0725,-0.1184,0,-0.0698,0.9972,0.0261,0,0.12,-0.0176,0.9926,0,-0.0066,12.7117,-1.4918,1]},
{"frame":10,"values":[0.9894,0.0721,-0.1261,0,-0.0693,0.9972,0.0271,0,0.1277,-0.018,0.9916,0,-0.0066,12.7117,-1.4918,1]},
{"frame":11,"values":[0.9891,0.0744,-0.1271,0,-0.0715,0.9971,0.027,0,0.1288,-0.0176,0.9915,0,-0.0066,12.7117,-1.4918,1]},
{"frame":12,"values":[0.9895,0.0789,-0.1207,0,-0.0763,0.9968,0.0259,0,0.1224,-0.0164,0.9923,0,-0.0066,12.7117,-1.4918,1]},
{"frame":13,"values":[0.9906,0.0837,-0.1083,0,-0.0816,0.9964,0.0242,0,0.11,-0.0151,0.9938,0,-0.0066,12.7117,-1.4918,1]},
{"frame":14,"values":[0.9921,0.0867,-0.091,0,-0.085,0.9961,0.0223,0,0.0926,-0.0144,0.9956,0,-0.0066,12.7117,-1.4918,1]},
{"frame":15,"values":[0.9938,0.0864,-0.0703,0,-0.0852,0.9962,0.0206,0,0.0718,-0.0145,0.9973,0,-0.0066,12.7117,-1.4918,1]},
{"frame":16,"values":[0.9954,0.0834,-0.047,0,-0.0826,0.9964,0.0191,0,0.0484,-0.0151,0.9987,0,-0.0066,12.7117,-1.4918,1]},
{"frame":17,"values":[0.9965,0.0801,-0.0222,0,-0.0797,0.9967,0.0176,0,0.0236,-0.0158,0.9996,0,-0.0066,12.7117,-1.4918,1]},
{"frame":18,"values":[0.9969,0.0788,0.0017,0,-0.0788,0.9968,0.0159,0,-0.0005,-0.016,0.9999,0,-0.0066,12.7117,-1.4918,1]},
{"frame":19,"values":[0.9965,0.0805,0.0226,0,-0.0808,0.9966,0.0138,0,-0.0214,-0.0156,0.9996,0,-0.0066,12.7117,-1.4918,1]},
{"frame":20,"values":[0.9957,0.085,0.038,0,-0.0855,0.9963,0.0116,0,-0.0368,-0.0148,0.9992,0,-0.0066,12.7117,-1.4918,1]},
{"frame":21,"values":[0.9947,0.0911,0.0477,0,-0.0917,0.9957,0.0096,0,-0.0466,-0.014,0.9988,0,-0.0066,12.7117,-1.4918,1]},
{"frame":22,"values":[0.9939,0.0978,0.0515,0,-0.0984,0.9951,0.0083,0,-0.0504,-0.0133,0.9986,0,-0.0066,12.7117,-1.4918,1]},
{"frame":23,"values":[0.9933,0.1039,0.0505,0,-0.1044,0.9945,0.0079,0,-0.0494,-0.0131,0.9987,0,-0.0066,12.7117,-1.4918,1]},
{"frame":24,"values":[0.9931,0.108,0.0451,0,-0.1084,0.9941,0.0084,0,-0.044,-0.0132,0.9989,0,-0.0066,12.7117,-1.4918,1]},
{"frame":25,"values":[0.9933,0.1095,0.0368,0,-0.1099,0.9939,0.0094,0,-0.0356,-0.0134,0.9993,0,-0.0066,12.7117,-1.4918,1]},
{"frame":26,"values":[0.9937,0.1089,0.0271,0,-0.1093,0.994,0.0105,0,-0.0258,-0.0134,0.9996,0,-0.0066,12.7117,-1.4918,1]},
{"frame":27,"values":[0.9941,0.1076,0.0172,0,-0.1078,0.9941,0.0115,0,-0.0158,-0.0132,0.9998,0,-0.0066,12.7117,-1.4918,1]},
{"frame":28,"values":[0.9944,0.1058,0.0071,0,-0.1059,0.9943,0.0123,0,-0.0058,-0.013,0.9999,0,-0.0066,12.7117,-1.4918,1]},
{"frame":29,"values":[0.9946,0.1036,-0.0033,0,-0.1036,0.9945,0.0131,0,0.0046,-0.0127,0.9999,0,-0.0066,12.7117,-1.4918,1]}],"loopBehavior":1,"name":"anim","property":"_matrix"}},
{"name":"Spine2","index":3,"matrix":[0.9947,0.1021,-0.0123,0,-0.1019,0.9947,0.0137,0,0.0136,-0.0124,0.9998,0,-0.0076,14.5277,-1.7049,1],"rest":[1,0,0,0,0,1,0,0,0,0,1,0,-0.0076,14.5277,-1.7049,1],"parentBoneIndex":2,"length":15.4825
,"animation":{"dataType":3,"framePerSecond":24,"keys":[
{"frame":1,"values":[0.9947,0.1021,-0.0123,0,-0.1019,0.9947,0.0137,0,0.0136,-0.0124,0.9998,0,-0.0076,14.5277,-1.7049,1]},
{"frame":2,"values":[0.9948,0.0997,-0.0221,0,-0.0994,0.9949,0.015,0,0.0235,-0.0128,0.9996,0,-0.0076,14.5277,-1.7049,1]},
{"frame":3,"values":[0.9948,0.0969,-0.0325,0,-0.0964,0.9952,0.0165,0,0.034,-0.0133,0.9993,0,-0.0076,14.5277,-1.7049,1]},
{"frame":4,"values":[0.9946,0.0931,-0.0448,0,-0.0924,0.9956,0.0186,0,0.0463,-0.0143,0.9988,0,-0.0076,14.5277,-1.7049,1]},
{"frame":5,"values":[0.9943,0.0882,-0.0599,0,-0.087,0.996,0.0215,0,0.0615,-0.0161,0.998,0,-0.0076,14.5277,-1.7049,1]},
{"frame":6,"values":[0.9936,0.0824,-0.0777,0,-0.0807,0.9964,0.025,0,0.0794,-0.0186,0.9967,0,-0.0076,14.5277,-1.7049,1]},
{"frame":7,"values":[0.9924,0.077,-0.0961,0,-0.0745,0.9968,0.0288,0,0.098,-0.0214,0.995,0,-0.0076,14.5277,-1.7049,1]},
{"frame":8,"values":[0.991,0.0726,-0.1128,0,-0.0694,0.9971,0.0322,0,0.1148,-0.0241,0.9931,0,-0.0076,14.5277,-1.7049,1]},
{"frame":9,"values":[0.9896,0.0699,-0.126,0,-0.066,0.9972,0.0349,0,0.1281,-0.0262,0.9914,0,-0.0076,14.5277,-1.7049,1]},
{"frame":10,"values":[0.9886,0.0696,-0.1336,0,-0.0653,0.9972,0.0363,0,0.1358,-0.0272,0.9904,0,-0.0076,14.5277,-1.7049,1]},
{"frame":11,"values":[0.9883,0.0718,-0.1347,0,-0.0675,0.9971,0.0363,0,0.1369,-0.0268,0.9902,0,-0.0076,14.5277,-1.7049,1]},
{"frame":12,"values":[0.9888,0.0763,-0.1284,0,-0.0724,0.9968,0.0348,0,0.1306,-0.0252,0.9911,0,-0.0076,14.5277,-1.7049,1]},
{"frame":13,"values":[0.9899,0.0812,-0.1161,0,-0.0779,0.9964,0.0323,0,0.1183,-0.023,0.9927,0,-0.0076,14.5277,-1.7049,1]},
{"frame":14,"values":[0.9915,0.0842,-0.099,0,-0.0817,0.9962,0.0292,0,0.1011,-0.0209,0.9947,0,-0.0076,14.5277,-1.7049,1]},
{"frame":15,"values":[0.9934,0.0841,-0.0785,0,-0.0823,0.9963,0.0259,0,0.0803,-0.0192,0.9966,0,-0.0076,14.5277,-1.7049,1]},
{"frame":16,"values":[0.9952,0.0813,-0.0552,0,-0.0802,0.9965,0.0224,0,0.0568,-0.0179,0.9982,0,-0.0076,14.5277,-1.7049,1]},
{"frame":17,"values":[0.9965,0.0783,-0.0306,0,-0.0778,0.9968,0.019,0,0.032,-0.0165,0.9994,0,-0.0076,14.5277,-1.7049,1]},
{"frame":18,"values":[0.997,0.0774,-0.0068,0,-0.0773,0.9969,0.0154,0,0.008,-0.0148,0.9999,0,-0.0076,14.5277,-1.7049,1]},
{"frame":19,"values":[0.9967,0.0794,0.0139,0,-0.0796,0.9968,0.0118,0,-0.0129,-0.0129,0.9998,0,-0.0076,14.5277,-1.7049,1]},
{"frame":20,"values":[0.996,0.0842,0.029,0,-0.0845,0.9964,0.0086,0,-0.0282,-0.011,0.9995,0,-0.0076,14.5277,-1.7049,1]},
{"frame":21,"values":[0.9952,0.0905,0.0384,0,-0.0908,0.9958,0.0059,0,-0.0378,-0.0094,0.9992,0,-0.0076,14.5277,-1.7049,1]},
{"frame":22,"values":[0.9944,0.0973,0.0421,0,-0.0976,0.9952,0.0044,0,-0.0414,-0.0085,0.9991,0,-0.0076,14.5277,-1.7049,1]},
{"frame":23,"values":[0.9938,0.1034,0.041,0,-0.1036,0.9946,0.0041,0,-0.0403,-0.0083,0.9992,0,-0.0076,14.5277,-1.7049,1]},
{"frame":24,"values":[0.9936,0.1073,0.0355,0,-0.1075,0.9942,0.0051,0,-0.0348,-0.0089,0.9994,0,-0.0076,14.5277,-1.7049,1]},
{"frame":25,"values":[0.9937,0.1087,0.0273,0,-0.1089,0.994,0.0069,0,-0.0264,-0.0098,0.9996,0,-0.0076,14.5277,-1.7049,1]},
{"frame":26,"values":[0.994,0.1079,0.0177,0,-0.1081,0.9941,0.0088,0,-0.0166,-0.0106,0.9998,0,-0.0076,14.5277,-1.7049,1]},
{"frame":27,"values":[0.9943,0.1064,0.0079,0,-0.1065,0.9943,0.0105,0,-0.0067,-0.0113,0.9999,0,-0.0076,14.5277,-1.7049,1]},
{"frame":28,"values":[0.9945,0.1044,-0.002,0,-0.1044,0.9945,0.0121,0,0.0033,-0.0118,0.9999,0,-0.0076,14.5277,-1.7049,1]},
{"frame":29,"values":[0.9947,0.1021,-0.0123,0,-0.1019,0.9947,0.0137,0,0.0136,-0.0124,0.9998,0,-0.0076,14.5277,-1.7049,1]}],"loopBehavior":1,"name":"anim","property":"_matrix"}},
{"name":"Neck","index":4,"matrix":[0.9993,-0.0379,0.0046,0,0.0378,0.9991,0.0184,0,-0.0053,-0.0182,0.9998,0,-0.0085,16.3436,-1.918,1],"rest":[1,0,0,0,0,1,0,0,0,0,1,0,-0.0085,16.3436,-1.918,1],"parentBoneIndex":3,"length":7.7098
,"animation":{"dataType":3,"framePerSecond":24,"keys":[
{"frame":1,"values":[0.9993,-0.0379,0.0046,0,0.0378,0.9991,0.0184,0,-0.0053,-0.0182,0.9998,0,-0.0085,16.3436,-1.918,1]},
{"frame":2,"values":[0.9989,-0.0407,0.0232,0,0.0404,0.9991,0.0132,0,-0.0238,-0.0122,0.9996,0,-0.0085,16.3436,-1.918,1]},
{"frame":3,"values":[0.9983,-0.0443,0.0384,0,0.044,0.999,0.0083,0,-0.0387,-0.0066,0.9992,0,-0.0085,16.3436,-1.918,1]},
{"frame":4,"values":[0.9978,-0.0498,0.0444,0,0.0497,0.9988,0.0042,0,-0.0445,-0.002,0.999,0,-0.0085,16.3436,-1.918,1]},
{"frame":5,"values":[0.9976,-0.0579,0.039,0,0.0579,0.9983,0.0008,0,-0.039,0.0014,0.9992,0,-0.0085,16.3436,-1.918,1]},
{"frame":6,"values":[0.9974,-0.0679,0.0253,0,0.068,0.9977,-0.0019,0,-0.0252,0.0037,0.9997,0,-0.0085,16.3436,-1.918,1]},
{"frame":7,"values":[0.9969,-0.0784,0.0106,0,0.0785,0.9969,-0.0043,0,-0.0102,0.0051,0.9999,0,-0.0085,16.3436,-1.918,1]},
{"frame":8,"values":[0.9961,-0.0885,-0.0025,0,0.0884,0.9961,-0.0061,0,0.003,0.0058,1,0,-0.0085,16.3436,-1.918,1]},
{"frame":9,"values":[0.9951,-0.0975,-0.0159,0,0.0974,0.9952,-0.0073,0,0.0165,0.0057,0.9998,0,-0.0085,16.3436,-1.918,1]},
{"frame":10,"values":[0.994,-0.1046,-0.0316,0,0.1044,0.9945,-0.0075,0,0.0322,0.0042,0.9995,0,-0.0085,16.3436,-1.918,1]},
{"frame":11,"values":[0.9928,-0.1096,-0.0483,0,0.1094,0.994,-0.0067,0,0.0487,0.0014,0.9988,0,-0.0085,16.3436,-1.918,1]},
{"frame":12,"values":[0.9917,-0.1119,-0.0632,0,0.1118,0.9937,-0.005,0,0.0633,-0.0021,0.998,0,-0.0085,16.3436,-1.918,1]},
{"frame":13,"values":[0.991,-0.1108,-0.0746,0,0.1109,0.9938,-0.0027,0,0.0744,-0.0056,0.9972,0,-0.0085,16.3436,-1.918,1]},
{"frame":14,"values":[0.9911,-0.1051,-0.0822,0,0.1055,0.9944,0.0004,0,0.0817,-0.009,0.9966,0,-0.0085,16.3436,-1.918,1]},
{"frame":15,"values":[0.9916,-0.0951,-0.0879,0,0.0959,0.9954,0.005,0,0.087,-0.0133,0.9961,0,-0.0085,16.3436,-1.918,1]},
{"frame":16,"values":[0.9921,-0.0823,-0.0944,0,0.0838,0.9964,0.0118,0,0.0931,-0.0196,0.9955,0,-0.0085,16.3436,-1.918,1]},
{"frame":17,"values":[0.9923,-0.0694,-0.103,0,0.0719,0.9972,0.0208,0,0.1013,-0.028,0.9945,0,-0.0085,16.3436,-1.918,1]},
{"frame":18,"values":[0.9919,-0.0584,-0.1132,0,0.0622,0.9976,0.0311,0,0.1111,-0.0379,0.9931,0,-0.0085,16.3436,-1.918,1]},
{"frame":19,"values":[0.9913,-0.0492,-0.1224,0,0.0546,0.9977,0.0411,0,0.1201,-0.0474,0.9916,0,-0.0085,16.3436,-1.918,1]},
{"frame":20,"values":[0.991,-0.0411,-0.1271,0,0.0477,0.9977,0.049,0,0.1248,-0.0546,0.9907,0,-0.0085,16.3436,-1.918,1]},
{"frame":21,"values":[0.9915,-0.0343,-0.1258,0,0.0413,0.9977,0.0536,0,0.1237,-0.0584,0.9906,0,-0.0085,16.3436,-1.918,1]},
{"frame":22,"values":[0.9926,-0.0302,-0.1174,0,0.0367,0.9979,0.0542,0,0.1155,-0.0581,0.9916,0,-0.0085,16.3436,-1.918,1]},
{"frame":23,"values":[0.9942,-0.0286,-0.1034,0,0.0341,0.9981,0.0514,0,0.1017,-0.0547,0.9933,0,-0.0085,16.3436,-1.918,1]},
{"frame":24,"values":[0.9959,-0.0285,-0.0855,0,0.0325,0.9984,0.0466,0,0.084,-0.0491,0.9953,0,-0.0085,16.3436,-1.918,1]},
{"frame":25,"values":[0.9974,-0.0289,-0.0665,0,0.0317,0.9987,0.0408,0,0.0652,-0.0428,0.997,0,-0.0085,16.3436,-1.918,1]},
{"frame":26,"values":[0.9984,-0.0303,-0.048,0,0.032,0.9989,0.035,0,0.0469,-0.0365,0.9982,0,-0.0085,16.3436,-1.918,1]},
{"frame":27,"values":[0.999,-0.0325,-0.03,0,0.0334,0.999,0.0294,0,0.029,-0.0304,0.9991,0,-0.0085,16.3436,-1.918,1]},
{"frame":28,"values":[0.9993,-0.0351,-0.0123,0,0.0354,0.9991,0.0238,0,0.0115,-0.0243,0.9996,0,-0.0085,16.3436,-1.918,1]},
{"frame":29,"values":[0.9993,-0.0379,0.0046,0,0.0378,0.9991,0.0184,0,-0.0053,-0.0182,0.9998,0,-0.0085,16.3436,-1.918,1]}],"loopBehavior":1,"name":"anim","property":"_matrix"}},
{"name":"Head","index":5,"matrix":[0.9899,-0.1413,-0.0133,0,0.1416,0.9896,0.026,0,0.0095,-0.0277,0.9996,0,0,7.4726,1.8977,1],"rest":[1,0,0,0,0,1,0,0,0,0,1,0,0,7.4726,1.8977,1],"parentBoneIndex":4,"length":26.3062
,"animation":{"dataType":3,"framePerSecond":24,"keys":[
{"frame":1,"values":[0.9899,-0.1413,-0.0133,0,0.1416,0.9896,0.026,0,0.0095,-0.0277,0.9996,0,0,7.4726,1.8977,1]},
{"frame":2,"values":[0.9903,-0.1363,0.0264,0,0.1356,0.9904,0.0253,0,-0.0296,-0.0215,0.9993,0,0,7.4726,1.8977,1]},
{"frame":3,"values":[0.9894,-0.1323,0.0602,0,0.1312,0.9911,0.0224,0,-0.0627,-0.0143,0.9979,0,0,7.4726,1.8977,1]},
{"frame":4,"values":[0.9882,-0.1311,0.0798,0,0.1304,0.9914,0.0148,0,-0.081,-0.0042,0.9967,0,0,7.4726,1.8977,1]},
{"frame":5,"values":[0.9877,-0.1332,0.0823,0,0.1335,0.9911,0.0019,0,-0.0818,0.0091,0.9966,0,0,7.4726,1.8977,1]},
{"frame":6,"values":[0.9878,-0.1373,0.074,0,0.1387,0.9902,-0.015,0,-0.0712,0.0251,0.9971,0,0,7.4726,1.8977,1]},
{"frame":7,"values":[0.9876,-0.1417,0.067,0,0.1441,0.989,-0.0329,0,-0.0616,0.0422,0.9972,0,0,7.4726,1.8977,1]},
{"frame":8,"values":[0.987,-0.1471,0.0641,0,0.1505,0.9873,-0.0516,0,-0.0557,0.0606,0.9966,0,0,7.4726,1.8977,1]},
{"frame":9,"values":[0.9862,-0.1555,0.0573,0,0.1594,0.9846,-0.0717,0,-0.0452,0.0799,0.9958,0,0,7.4726,1.8977,1]},
{"frame":10,"values":[0.9848,-0.1698,0.0364,0,0.1725,0.9808,-0.0911,0,-0.0202,0.0959,0.9952,0,0,7.4726,1.8977,1]},
{"frame":11,"values":[0.9815,-0.1912,-0.0007,0,0.1901,0.9761,-0.1057,0,0.0209,0.1036,0.9944,0,0,7.4726,1.8977,1]},
{"frame":12,"values":[0.9743,-0.2193,-0.0522,0,0.2124,0.9706,-0.1131,0,0.0755,0.0991,0.9922,0,0,7.4726,1.8977,1]},
{"frame":13,"values":[0.962,-0.2492,-0.1114,0,0.2366,0.9647,-0.1156,0,0.1363,0.0849,0.987,0,0,7.4726,1.8977,1]},
{"frame":14,"values":[0.946,-0.2754,-0.1713,0,0.2582,0.9591,-0.1157,0,0.1962,0.0652,0.9784,0,0,7.4726,1.8977,1]},
{"frame":15,"values":[0.9285,-0.2943,-0.2264,0,0.2745,0.9547,-0.1153,0,0.2501,0.0449,0.9672,0,0,7.4726,1.8977,1]},
{"frame":16,"values":[0.9121,-0.3049,-0.2742,0,0.284,0.952,-0.1137,0,0.2957,0.0258,0.9549,0,0,7.4726,1.8977,1]},
{"frame":17,"values":[0.8976,-0.3082,-0.3151,0,0.2882,0.9513,-0.1094,0,0.3335,0.0073,0.9427,0,0,7.4726,1.8977,1]},
{"frame":18,"values":[0.887,-0.3035,-0.348,0,0.2869,0.9527,-0.0997,0,0.3618,-0.0114,0.9322,0,0,7.4726,1.8977,1]},
{"frame":19,"values":[0.8821,-0.2909,-0.3706,0,0.2798,0.9563,-0.0846,0,0.379,-0.029,0.9249,0,0,7.4726,1.8977,1]},
{"frame":20,"values":[0.8857,-0.2703,-0.3776,0,0.2657,0.9618,-0.0651,0,0.3808,-0.0427,0.9237,0,0,7.4726,1.8977,1]},
{"frame":21,"values":[0.897,-0.2463,-0.3671,0,0.2476,0.9679,-0.0443,0,0.3662,-0.0511,0.9291,0,0,7.4726,1.8977,1]},
{"frame":22,"values":[0.9144,-0.224,-0.3373,0,0.2293,0.973,-0.0245,0,0.3337,-0.0549,0.9411,0,0,7.4726,1.8977,1]},
{"frame":23,"values":[0.9341,-0.2049,-0.2923,0,0.2123,0.9772,-0.0066,0,0.2869,-0.0559,0.9563,0,0,7.4726,1.8977,1]},
{"frame":24,"values":[0.9528,-0.1881,-0.2383,0,0.1956,0.9806,0.008,0,0.2322,-0.0542,0.9712,0,0,7.4726,1.8977,1]},
{"frame":25,"values":[0.9673,-0.1735,-0.1849,0,0.1798,0.9835,0.0177,0,0.1787,-0.0504,0.9826,0,0,7.4726,1.8977,1]},
{"frame":26,"values":[0.9771,-0.1626,-0.1372,0,0.1673,0.9856,0.0228,0,0.1315,-0.0453,0.9903,0,0,7.4726,1.8977,1]},
{"frame":27,"values":[0.9835,-0.1545,-0.0937,0,0.1574,0.9872,0.0254,0,0.0886,-0.0397,0.9953,0,0,7.4726,1.8977,1]},
{"frame":28,"values":[0.9877,-0.1476,-0.0525,0,0.1491,0.9885,0.0264,0,0.048,-0.0339,0.9983,0,0,7.4726,1.8977,1]},
{"frame":29,"values":[0.9899,-0.1413,-0.0133,0,0.1416,0.9896,0.026,0,0.0095,-0.0277,0.9996,0,0,7.4726,1.8977,1]}],"loopBehavior":1,"name":"anim","property":"_matrix"}},
{"name":"HeadTop_End","index":6,"matrix":[1,0,0,0,0,1,0,0,0,0,1,0,0,25.4969,6.475,1],"rest":[1,0,0,0,0,1,0,0,0,0,1,0,0,25.4969,6.475,1],"parentBoneIndex":5,"length":26.3062
,"animation":{"dataType":3,"framePerSecond":24,"keys":[
{"frame":1,"values":[1,0,0,0,0,1,0,0,0,0,1,0,0,25.4969,6.475,1]},
{"frame":29,"values":[1,0,0,0,0,1,0,0,0,0,1,0,0,25.4969,6.475,1]}],"loopBehavior":1,"name":"anim","property":"_matrix"}},
{"name":"LeftShoulder","index":7,"matrix":[0.9673,-0.1046,0.2309,0,0.0874,0.9927,0.0836,0,-0.2379,-0.0607,0.9694,0,5.5507,13.7754,-1.9265,1],"rest":[1,-0.002,0,0,0.002,1,0,0,0,0,1,0,5.5507,13.7754,-1.9265,1],"parentBoneIndex":3,"length":12.2475
,"animation":{"dataType":3,"framePerSecond":24,"keys":[
{"frame":1,"values":[0.9673,-0.1046,0.2309,0,0.0874,0.9927,0.0836,0,-0.2379,-0.0607,0.9694,0,5.5507,13.7754,-1.9265,1]},
{"frame":2,"values":[0.9675,-0.1124,0.2265,0,0.0952,0.9918,0.0855,0,-0.2342,-0.0612,0.9703,0,5.5507,13.7754,-1.9265,1]},
{"frame":3,"values":[0.9676,-0.1194,0.2225,0,0.1022,0.9909,0.0873,0,-0.2309,-0.0617,0.971,0,5.5507,13.7754,-1.9265,1]},
{"frame":4,"values":[0.9673,-0.1253,0.2204,0,0.108,0.9902,0.0887,0,-0.2293,-0.062,0.9714,0,5.5507,13.7754,-1.9265,1]},
{"frame":5,"values":[0.9665,-0.131,0.2209,0,0.1136,0.9895,0.0899,0,-0.2303,-0.0618,0.9711,0,5.5507,13.7754,-1.9265,1]},
{"frame":6,"values":[0.9651,-0.1376,0.2228,0,0.1199,0.9886,0.0912,0,-0.2329,-0.0613,0.9706,0,5.5507,13.7754,-1.9265,1]},
{"frame":7,"values":[0.9641,-0.1428,0.224,0,0.1249,0.9879,0.0923,0,-0.2345,-0.061,0.9702,0,5.5507,13.7754,-1.9265,1]},
{"frame":8,"values":[0.9638,-0.1427,0.225,0,0.1247,0.9879,0.0923,0,-0.2355,-0.0609,0.97,0,5.5507,13.7754,-1.9265,1]},
{"frame":9,"values":[0.9637,-0.1374,0.2291,0,0.1193,0.9887,0.0909,0,-0.239,-0.0603,0.9691,0,5.5507,13.7754,-1.9265,1]},
{"frame":10,"values":[0.9626,-0.1308,0.2374,0,0.1125,0.9896,0.0891,0,-0.2466,-0.0591,0.9673,0,5.5507,13.7754,-1.9265,1]},
{"frame":11,"values":[0.9613,-0.1264,0.2446,0,0.1078,0.9903,0.0878,0,-0.2533,-0.058,0.9656,0,5.5507,13.7754,-1.9265,1]},
{"frame":12,"values":[0.9618,-0.1227,0.2449,0,0.1042,0.9907,0.087,0,-0.2533,-0.0581,0.9656,0,5.5507,13.7754,-1.9265,1]},
{"frame":13,"values":[0.9636,-0.1171,0.2405,0,0.099,0.9914,0.0859,0,-0.2485,-0.059,0.9668,0,5.5507,13.7754,-1.9265,1]},
{"frame":14,"values":[0.9653,-0.1085,0.2375,0,0.0909,0.9923,0.0842,0,-0.2448,-0.0597,0.9677,0,5.5507,13.7754,-1.9265,1]},
{"frame":15,"values":[0.9669,-0.0979,0.2357,0,0.0806,0.9934,0.0819,0,-0.2422,-0.0602,0.9684,0,5.5507,13.7754,-1.9265,1]},
{"frame":16,"values":[0.97,-0.0859,0.2275,0,0.0693,0.9944,0.0799,0,-0.2331,-0.0617,0.9705,0,5.5507,13.7754,-1.9265,1]},
{"frame":17,"values":[0.9745,-0.075,0.2113,0,0.0595,0.9951,0.0787,0,-0.2162,-0.0641,0.9742,0,5.5507,13.7754,-1.9265,1]},
{"frame":18,"values":[0.9779,-0.0692,0.1975,0,0.0546,0.9954,0.0785,0,-0.202,-0.066,0.9772,0,5.5507,13.7754,-1.9265,1]},
{"frame":19,"values":[0.9777,-0.0688,0.1982,0,0.0542,0.9954,0.0784,0,-0.2027,-0.0659,0.977,0,5.5507,13.7754,-1.9265,1]},
{"frame":20,"values":[0.9743,-0.0697,0.2142,0,0.0542,0.9955,0.0774,0,-0.2186,-0.0638,0.9737,0,5.5507,13.7754,-1.9265,1]},
{"frame":21,"values":[0.9705,-0.068,0.2312,0,0.0517,0.9958,0.0757,0,-0.2354,-0.0615,0.9699,0,5.5507,13.7754,-1.9265,1]},
{"frame":22,"values":[0.9689,-0.0659,0.2386,0,0.0493,0.996,0.0747,0,-0.2425,-0.0606,0.9682,0,5.5507,13.7754,-1.9265,1]},
{"frame":23,"values":[0.9688,-0.0675,0.2386,0,0.051,0.9959,0.0751,0,-0.2427,-0.0606,0.9682,0,5.5507,13.7754,-1.9265,1]},
{"frame":24,"values":[0.9685,-0.0734,0.238,0,0.0566,0.9955,0.0764,0,-0.2425,-0.0605,0.9683,0,5.5507,13.7754,-1.9265,1]},
{"frame":25,"values":[0.9677,-0.0801,0.2389,0,0.0631,0.995,0.0778,0,-0.244,-0.0602,0.9679,0,5.5507,13.7754,-1.9265,1]},
{"frame":26,"values":[0.9672,-0.0861,0.2389,0,0.069,0.9945,0.0791,0,-0.2444,-0.06,0.9678,0,5.5507,13.7754,-1.9265,1]},
{"frame":27,"values":[0.9672,-0.092,0.2369,0,0.0749,0.9939,0.0805,0,-0.2429,-0.0601,0.9682,0,5.5507,13.7754,-1.9265,1]},
{"frame":28,"values":[0.9673,-0.0982,0.2339,0,0.081,0.9933,0.082,0,-0.2404,-0.0604,0.9688,0,5.5507,13.7754,-1.9265,1]},
{"frame":29,"values":[0.9673,-0.1046,0.2309,0,0.0874,0.9927,0.0836,0,-0.2379,-0.0607,0.9694,0,5.5507,13.7754,-1.9265,1]}],"loopBehavior":1,"name":"anim","property":"_matrix"}},
{"name":"LeftArm","index":8,"matrix":[0.0957,-0.9954,-0.005,0,0.994,0.0959,-0.0535,0,0.0537,0.0001,0.9986,0,11.8394,-3.1354,-0.0171,1],"rest":[0.9973,-0.0184,0.0706,0,0.0183,0.9998,0.0011,0,-0.0707,0.0002,0.9975,0,11.8394,-3.1354,-0.0171,1],"parentBoneIndex":7,"length":29.2403
,"animation":{"dataType":3,"framePerSecond":24,"keys":[
{"frame":1,"values":[0.0957,-0.9954,-0.005,0,0.994,0.0959,-0.0535,0,0.0537,0.0001,0.9986,0,11.8394,-3.1354,-0.0171,1]},
{"frame":2,"values":[0.1033,-0.9946,-0.0085,0,0.9925,0.1036,-0.0652,0,0.0657,-0.0017,0.9978,0,11.8394,-3.1354,-0.0171,1]},
{"frame":3,"values":[0.111,-0.9938,-0.0119,0,0.9905,0.1116,-0.0804,0,0.0812,-0.0029,0.9967,0,11.8394,-3.1354,-0.0171,1]},
{"frame":4,"values":[0.1191,-0.9928,-0.0147,0,0.9873,0.12,-0.1045,0,0.1056,-0.0021,0.9944,0,11.8394,-3.1354,-0.0171,1]},
{"frame":5,"values":[0.1285,-0.9916,-0.0157,0,0.9818,0.1294,-0.1391,0,0.14,0.0024,0.9901,0,11.8394,-3.1354,-0.0171,1]},
{"frame":6,"values":[0.139,-0.9902,-0.0129,0,0.9739,0.139,-0.1792,0,0.1792,0.0123,0.9837,0,11.8394,-3.1354,-0.0171,1]},
{"frame":7,"values":[0.1476,-0.989,-0.0068,0,0.9657,0.1455,-0.2152,0,0.2139,0.0252,0.9765,0,11.8394,-3.1354,-0.0171,1]},
{"frame":8,"values":[0.1494,-0.9888,-0.0008,0,0.9592,0.1451,-0.2425,0,0.2399,0.0354,0.9702,0,11.8394,-3.1354,-0.0171,1]},
{"frame":9,"values":[0.1428,-0.9898,-0.0001,0,0.9549,0.1378,-0.263,0,0.2603,0.0375,0.9648,0,11.8394,-3.1354,-0.0171,1]},
{"frame":10,"values":[0.1288,-0.9916,-0.0071,0,0.9527,0.1257,-0.2765,0,0.2751,0.0288,0.961,0,11.8394,-3.1354,-0.0171,1]},
{"frame":11,"values":[0.1113,-0.9936,-0.0182,0,0.9542,0.1119,-0.2774,0,0.2777,0.0135,0.9606,0,11.8394,-3.1354,-0.0171,1]},
{"frame":12,"values":[0.0927,-0.9953,-0.0274,0,0.9614,0.0966,-0.2575,0,0.2589,-0.0024,0.9659,0,11.8394,-3.1354,-0.0171,1]},
{"frame":13,"values":[0.0735,-0.9968,-0.0306,0,0.9718,0.0785,-0.2222,0,0.2239,-0.0134,0.9745,0,11.8394,-3.1354,-0.0171,1]},
{"frame":14,"values":[0.0513,-0.9983,-0.0291,0,0.9808,0.0559,-0.1867,0,0.188,-0.019,0.982,0,11.8394,-3.1354,-0.0171,1]},
{"frame":15,"values":[0.0248,-0.9992,-0.0311,0,0.9867,0.0295,-0.1598,0,0.1606,-0.0267,0.9867,0,11.8394,-3.1354,-0.0171,1]},
{"frame":16,"values":[-0.004,-0.999,-0.0449,0,0.9909,0.0021,-0.1343,0,0.1343,-0.045,0.9899,0,11.8394,-3.1354,-0.0171,1]},
{"frame":17,"values":[-0.0262,-0.9975,-0.0663,0,0.9948,-0.0194,-0.1001,0,0.0985,-0.0685,0.9928,0,11.8394,-3.1354,-0.0171,1]},
{"frame":18,"values":[-0.0301,-0.9963,-0.0801,0,0.9978,-0.0252,-0.0614,0,0.0592,-0.0818,0.9949,0,11.8394,-3.1354,-0.0171,1]},
{"frame":19,"values":[-0.0156,-0.9969,-0.077,0,0.9993,-0.013,-0.0336,0,0.0325,-0.0775,0.9965,0,11.8394,-3.1354,-0.0171,1]},
{"frame":20,"values":[0.0118,-0.998,-0.0624,0,0.9996,0.0133,-0.0233,0,0.0241,-0.0621,0.9978,0,11.8394,-3.1354,-0.0171,1]},
{"frame":21,"values":[0.0428,-0.9979,-0.0493,0,0.9988,0.0438,-0.0199,0,0.022,-0.0483,0.9986,0,11.8394,-3.1354,-0.0171,1]},
{"frame":22,"values":[0.0696,-0.9968,-0.0397,0,0.9974,0.0702,-0.014,0,0.0167,-0.0386,0.9991,0,11.8394,-3.1354,-0.0171,1]},
{"frame":23,"values":[0.0863,-0.9959,-0.0275,0,0.9962,0.0865,-0.007,0,0.0094,-0.0268,0.9996,0,11.8394,-3.1354,-0.0171,1]},
{"frame":24,"values":[0.09,-0.9959,-0.0125,0,0.9959,0.09,-0.0056,0,0.0067,-0.012,0.9999,0,11.8394,-3.1354,-0.0171,1]},
{"frame":25,"values":[0.0872,-0.9962,-0.0017,0,0.9961,0.0872,-0.0109,0,0.011,-0.0007,0.9999,0,11.8394,-3.1354,-0.0171,1]},
{"frame":26,"values":[0.0856,-0.9963,0.0014,0,0.9961,0.0856,-0.0201,0,0.0199,0.0031,0.9998,0,11.8394,-3.1354,-0.0171,1]},
{"frame":27,"values":[0.0875,-0.9962,0.0004,0,0.9957,0.0875,-0.0302,0,0.03,0.003,0.9995,0,11.8394,-3.1354,-0.0171,1]},
{"frame":28,"values":[0.0914,-0.9958,-0.0019,0,0.995,0.0914,-0.0412,0,0.0412,0.0018,0.9992,0,11.8394,-3.1354,-0.0171,1]},
{"frame":29,"values":[0.0957,-0.9954,-0.005,0,0.994,0.0959,-0.0535,0,0.0537,0.0001,0.9986,0,11.8394,-3.1354,-0.0171,1]}],"loopBehavior":1,"name":"anim","property":"_matrix"}},
{"name":"LeftForeArm","index":9,"matrix":[0.9832,0.02,0.1815,0,-0.0204,0.9998,0.0007,0,-0.1814,-0.0044,0.9834,0,29.1612,0.5949,-2.0659,1],"rest":[0.9973,0.0203,-0.0707,0,-0.0203,0.9998,0.0007,0,0.0707,0.0007,0.9975,0,29.1612,0.5949,-2.0659,1],"parentBoneIndex":8,"length":29.6649
,"animation":{"dataType":3,"framePerSecond":24,"keys":[
{"frame":1,"values":[0.9832,0.02,0.1815,0,-0.0204,0.9998,0.0007,0,-0.1814,-0.0044,0.9834,0,29.1612,0.5949,-2.0659,1]},
{"frame":2,"values":[0.9853,0.02,0.1697,0,-0.0204,0.9998,0.0007,0,-0.1697,-0.0042,0.9855,0,29.1612,0.5949,-2.0659,1]},
{"frame":3,"values":[0.9861,0.02,0.1651,0,-0.0204,0.9998,0.0007,0,-0.165,-0.0041,0.9863,0,29.1612,0.5949,-2.0659,1]},
{"frame":4,"values":[0.9837,0.02,0.1788,0,-0.0204,0.9998,0.0007,0,-0.1788,-0.0044,0.9839,0,29.1612,0.5949,-2.0659,1]},
{"frame":5,"values":[0.9772,0.0198,0.2114,0,-0.0204,0.9998,0.0007,0,-0.2114,-0.005,0.9774,0,29.1612,0.5949,-2.0659,1]},
{"frame":6,"values":[0.9679,0.0196,0.2506,0,-0.0205,0.9998,0.0007,0,-0.2505,-0.0058,0.9681,0,29.1612,0.5949,-2.0659,1]},
{"frame":7,"values":[0.9593,0.0194,0.2819,0,-0.0205,0.9998,0.0007,0,-0.2818,-0.0064,0.9595,0,29.1612,0.5949,-2.0659,1]},
{"frame":8,"values":[0.9532,0.0193,0.3016,0,-0.0205,0.9998,0.0007,0,-0.3015,-0.0068,0.9534,0,29.1612,0.5949,-2.0659,1]},
{"frame":9,"values":[0.9497,0.0192,0.3125,0,-0.0205,0.9998,0.0007,0,-0.3124,-0.0071,0.9499,0,29.1612,0.5949,-2.0659,1]},
{"frame":10,"values":[0.9505,0.0193,0.31,0,-0.0205,0.9998,0.0007,0,-0.3099,-0.007,0.9507,0,29.1612,0.5949,-2.0659,1]},
{"frame":11,"values":[0.9576,0.0194,0.2875,0,-0.0205,0.9998,0.0007,0,-0.2875,-0.0066,0.9578,0,29.1612,0.5949,-2.0659,1]},
{"frame":12,"values":[0.9709,0.0197,0.2386,0,-0.0205,0.9998,0.0007,0,-0.2385,-0.0056,0.9711,0,29.1612,0.5949,-2.0659,1]},
{"frame":13,"values":[0.9852,0.02,0.1701,0,-0.0204,0.9998,0.0007,0,-0.17,-0.0042,0.9854,0,29.1612,0.5949,-2.0659,1]},
{"frame":14,"values":[0.995,0.0202,0.0978,0,-0.0204,0.9998,0.0007,0,-0.0978,-0.0027,0.9952,0,29.1612,0.5949,-2.0659,1]},
{"frame":15,"values":[0.9989,0.0203,0.0421,0,-0.0204,0.9998,0.0007,0,-0.0421,-0.0016,0.9991,0,29.1612,0.5949,-2.0659,1]},
{"frame":16,"values":[0.9997,0.0204,0.0157,0,-0.0204,0.9998,0.0007,0,-0.0157,-0.001,0.9999,0,29.1612,0.5949,-2.0659,1]},
{"frame":17,"values":[0.9998,0.0204,0.009,0,-0.0204,0.9998,0.0007,0,-0.009,-0.0009,1,0,29.1612,0.5949,-2.0659,1]},
{"frame":18,"values":[0.9998,0.0204,0.0045,0,-0.0204,0.9998,0.0007,0,-0.0045,-0.0008,1,0,29.1612,0.5949,-2.0659,1]},
{"frame":19,"values":[0.9998,0.0204,-0.0064,0,-0.0204,0.9998,0.0007,0,0.0064,-0.0006,1,0,29.1612,0.5949,-2.0659,1]},
{"frame":20,"values":[0.9997,0.0204,-0.0124,0,-0.0204,0.9998,0.0007,0,0.0124,-0.0005,0.9999,0,29.1612,0.5949,-2.0659,1]},
{"frame":21,"values":[0.9998,0.0204,0.0031,0,-0.0204,0.9998,0.0007,0,-0.0031,-0.0008,1,0,29.1612,0.5949,-2.0659,1]},
{"frame":22,"values":[0.9988,0.0203,0.0456,0,-0.0204,0.9998,0.0007,0,-0.0456,-0.0016,0.999,0,29.1612,0.5949,-2.0659,1]},
{"frame":23,"values":[0.9949,0.0202,0.099,0,-0.0204,0.9998,0.0007,0,-0.099,-0.0027,0.9951,0,29.1612,0.5949,-2.0659,1]},
{"frame":24,"values":[0.9895,0.0201,0.1435,0,-0.0204,0.9998,0.0007,0,-0.1434,-0.0036,0.9897,0,29.1612,0.5949,-2.0659,1]},
{"frame":25,"values":[0.9853,0.02,0.1697,0,-0.0204,0.9998,0.0007,0,-0.1697,-0.0042,0.9855,0,29.1612,0.5949,-2.0659,1]},
{"frame":26,"values":[0.9835,0.02,0.18,0,-0.0204,0.9998,0.0007,0,-0.1799,-0.0044,0.9837,0,29.1612,0.5949,-2.0659,1]},
{"frame":27,"values":[0.9829,0.02,0.1831,0,-0.0204,0.9998,0.0007,0,-0.183,-0.0044,0.9831,0,29.1612,0.5949,-2.0659,1]},
{"frame":28,"values":[0.9829,0.02,0.1832,0,-0.0204,0.9998,0.0007,0,-0.1831,-0.0044,0.9831,0,29.1612,0.5949,-2.0659,1]},
{"frame":29,"values":[0.9832,0.02,0.1815,0,-0.0204,0.9998,0.0007,0,-0.1814,-0.0044,0.9834,0,29.1612,0.5949,-2.0659,1]}],"loopBehavior":1,"name":"anim","property":"_matrix"}},
{"name":"LeftHand","index":10,"matrix":[0.9845,-0.1745,0.0194,0,0.1632,0.8689,-0.4673,0,0.0646,0.4632,0.8839,0,29.6649,0,0,1],"rest":[1,0,0,0,0,1,-0.0011,0,0,0.0011,1,0,29.6649,0,0,1],"parentBoneIndex":9,"length":11.8196
,"animation":{"dataType":3,"framePerSecond":24,"keys":[
{"frame":1,"values":[0.9845,-0.1745,0.0194,0,0.1632,0.8689,-0.4673,0,0.0646,0.4632,0.8839,0,29.6649,0,0,1]},
{"frame":2,"values":[0.9822,-0.1836,0.0391,0,0.1808,0.8699,-0.4589,0,0.0503,0.4578,0.8876,0,29.6649,0,0,1]},
{"frame":3,"values":[0.9805,-0.1864,0.0621,0,0.1942,0.8712,-0.4508,0,0.0299,0.4541,0.8905,0,29.6649,0,0,1]},
{"frame":4,"values":[0.9803,-0.1735,0.0945,0,0.1975,0.8744,-0.4432,0,-0.0057,0.4531,0.8914,0,29.6649,0,0,1]},
{"frame":5,"values":[0.9806,-0.1403,0.1368,0,0.187,0.879,-0.4387,0,-0.0587,0.4558,0.8882,0,29.6649,0,0,1]},
{"frame":6,"values":[0.9792,-0.091,0.1815,0,0.1641,0.8811,-0.4435,0,-0.1196,0.464,0.8777,0,29.6649,0,0,1]},
{"frame":7,"values":[0.9752,-0.0404,0.2175,0,0.1387,0.8776,-0.4589,0,-0.1723,0.4777,0.8614,0,29.6649,0,0,1]},
{"frame":8,"values":[0.9709,-0.0032,0.2394,0,0.1205,0.8706,-0.4769,0,-0.2069,0.4919,0.8457,0,29.6649,0,0,1]},
{"frame":9,"values":[0.9685,0.0122,0.2487,0,0.1135,0.8672,-0.4848,0,-0.2216,0.4977,0.8385,0,29.6649,0,0,1]},
{"frame":10,"values":[0.9698,0.0003,0.244,0,0.1196,0.871,-0.4766,0,-0.2127,0.4914,0.8446,0,29.6649,0,0,1]},
{"frame":11,"values":[0.9741,-0.0333,0.2237,0,0.1355,0.8779,-0.4594,0,-0.1811,0.4778,0.8596,0,29.6649,0,0,1]},
{"frame":12,"values":[0.9792,-0.0818,0.1855,0,0.1572,0.8841,-0.44,0,-0.128,0.4601,0.8786,0,29.6649,0,0,1]},
{"frame":13,"values":[0.9815,-0.1362,0.1344,0,0.1809,0.8895,-0.4197,0,-0.0624,0.4362,0.8977,0,29.6649,0,0,1]},
{"frame":14,"values":[0.9784,-0.191,0.0788,0,0.2066,0.8943,-0.3969,0,0.0054,0.4046,0.9145,0,29.6649,0,0,1]},
{"frame":15,"values":[0.9698,-0.2421,0.0298,0,0.2353,0.8963,-0.3758,0,0.0643,0.3714,0.9262,0,29.6649,0,0,1]},
{"frame":16,"values":[0.9584,-0.2854,-0.0028,0,0.265,0.8935,-0.3626,0,0.106,0.3467,0.932,0,29.6649,0,0,1]},
{"frame":17,"values":[0.9483,-0.3167,-0.0202,0,0.2889,0.888,-0.3577,0,0.1313,0.3334,0.9336,0,29.6649,0,0,1]},
{"frame":18,"values":[0.9443,-0.3278,-0.0294,0,0.2959,0.8847,-0.3602,0,0.1441,0.3315,0.9324,0,29.6649,0,0,1]},
{"frame":19,"values":[0.948,-0.3158,-0.0381,0,0.2801,0.8854,-0.3711,0,0.1509,0.3411,0.9278,0,29.6649,0,0,1]},
{"frame":20,"values":[0.9582,-0.282,-0.0481,0,0.2413,0.8871,-0.3935,0,0.1536,0.3655,0.9181,0,29.6649,0,0,1]},
{"frame":21,"values":[0.9698,-0.2368,-0.0576,0,0.191,0.8853,-0.4241,0,0.1514,0.4003,0.9038,0,29.6649,0,0,1]},
{"frame":22,"values":[0.9794,-0.1912,-0.0654,0,0.1411,0.8788,-0.4558,0,0.1446,0.4371,0.8877,0,29.6649,0,0,1]},
{"frame":23,"values":[0.9853,-0.1558,-0.0707,0,0.1031,0.8704,-0.4815,0,0.1366,0.4671,0.8736,0,29.6649,0,0,1]},
{"frame":24,"values":[0.9877,-0.1396,-0.0698,0,0.0871,0.864,-0.4958,0,0.1295,0.4837,0.8656,0,29.6649,0,0,1]},
{"frame":25,"values":[0.9883,-0.1397,-0.0604,0,0.0912,0.8616,-0.4993,0,0.1218,0.488,0.8643,0,29.6649,0,0,1]},
{"frame":26,"values":[0.988,-0.148,-0.0437,0,0.1073,0.8624,-0.4947,0,0.1109,0.4841,0.868,0,29.6649,0,0,1]},
{"frame":27,"values":[0.9873,-0.1573,-0.0239,0,0.1259,0.8643,-0.4869,0,0.0973,0.4777,0.8731,0,29.6649,0,0,1]},
{"frame":28,"values":[0.9861,-0.1661,-0.0029,0,0.1445,0.8666,-0.4777,0,0.0819,0.4706,0.8785,0,29.6649,0,0,1]},
{"frame":29,"values":[0.9845,-0.1745,0.0194,0,0.1632,0.8689,-0.4673,0,0.0646,0.4632,0.8839,0,29.6649,0,0,1]}],"loopBehavior":1,"name":"anim","property":"_matrix"}},
{"name":"LeftHandThumb1","index":11,"matrix":[0.9819,0.1769,0.0674,0,-0.1891,0.9317,0.3103,0,-0.0079,-0.3174,0.9483,0,6.1321,-4.043,2.9242,1],"rest":[1,-0.0003,-0.0002,0,0.0003,1,0.0003,0,0.0002,-0.0003,1,0,6.1321,-4.043,2.9242,1],"parentBoneIndex":10,"length":2.3395
,"animation":{"dataType":3,"framePerSecond":24,"keys":[
{"frame":1,"values":[0.9819,0.1769,0.0674,0,-0.1891,0.9317,0.3103,0,-0.0079,-0.3174,0.9483,0,6.1321,-4.043,2.9242,1]},
{"frame":2,"values":[0.9809,0.1766,0.0809,0,-0.1931,0.9324,0.3055,0,-0.0215,-0.3153,0.9488,0,6.1321,-4.043,2.9242,1]},
{"frame":3,"values":[0.9796,0.1773,0.0945,0,-0.1978,0.9334,0.2995,0,-0.0351,-0.3121,0.9494,0,6.1321,-4.043,2.9242,1]},
{"frame":4,"values":[0.9778,0.18,0.1076,0,-0.2041,0.9347,0.2911,0,-0.0482,-0.3066,0.9506,0,6.1321,-4.043,2.9242,1]},
