{"producer":{"name":"Blender","version":"2.90.0","exporter_version":"6.4.4","file":"turnleft_riffle.babylon"},
"autoClear":true,"clearColor":[0.0509,0.0509,0.0509],"gravity":[0,-9.81,0],
"materials":[{"name":"Material","id":"Material","customType":"BABYLON.PBRMaterial","backFaceCulling":true,"checkReadyOnlyOnce":false,"maxSimultaneousLights":4,"environmentIntensity":1,"albedo":[0.8,0.8,0.8],"reflectivity":[0.5,0.5,0.5],"roughness":0.4,"alpha":1,"transparencyMode":0,"alphaCutOff":0.4,"metallic":0}],
"multiMaterials":[],
"skeletons":[{"name":"Armature","id":0,"dimensionsAtRest":[192.3395,226.9932,28.649],"bones":[
{"name":"Hips","index":0,"matrix":[0.5755,0.0347,-0.8171,0,0.0691,0.9935,0.0909,0,-0.8149,0.1088,-0.5693,0,-1.1871,106.296,-0.7406,1],"rest":[1,0,0,0,0,1,0,0,0,0,-1,0,0,114.0532,0,1],"parentBoneIndex":-1,"length":12.7599
,"animation":{"dataType":3,"framePerSecond":24,"keys":[
{"frame":1,"values":[0.5755,0.0347,-0.8171,0,0.0691,0.9935,0.0909,0,-0.8149,0.1088,-0.5693,0,-1.1871,106.296,-0.7406,1]},
{"frame":2,"values":[0.5755,0.0347,-0.8171,0,0.0691,0.9935,0.0909,0,-0.8149,0.1088,-0.5693,0,-0.9715,105.8548,-2.4789,1]},
{"frame":3,"values":[0.5755,0.0347,-0.8171,0,0.0691,0.9935,0.0909,0,-0.8149,0.1088,-0.5693,0,-0.5281,105.1486,-4.5711,1]},
{"frame":4,"values":[0.5755,0.0347,-0.8171,0,0.0691,0.9935,0.0909,0,-0.8149,0.1088,-0.5693,0,0.0144,104.4001,-7.407,1]},
{"frame":5,"values":[0.5755,0.0347,-0.8171,0,0.0691,0.9935,0.0909,0,-0.8149,0.1088,-0.5693,0,0.5778,103.8551,-10.909,1]},
{"frame":6,"values":[0.5755,0.0347,-0.8171,0,0.0691,0.9935,0.0909,0,-0.8149,0.1088,-0.5693,0,1.1639,103.6195,-14.1068,1]},
{"frame":7,"values":[0.5755,0.0347,-0.8171,0,0.0691,0.9935,0.0909,0,-0.8149,0.1088,-0.5693,0,1.6629,103.557,-16.1677,1]},
{"frame":8,"values":[0.5755,0.0347,-0.8171,0,0.0691,0.9935,0.0909,0,-0.8149,0.1088,-0.5693,0,1.7573,103.5016,-17.4143,1]},
{"frame":9,"values":[0.5755,0.0347,-0.8171,0,0.0691,0.9935,0.0909,0,-0.8149,0.1088,-0.5693,0,1.2079,103.3939,-18.552,1]},
{"frame":10,"values":[0.5755,0.0347,-0.8171,0,0.0691,0.9935,0.0909,0,-0.8149,0.1088,-0.5693,0,0.0773,103.3617,-19.6525,1]},
{"frame":11,"values":[0.5755,0.0347,-0.8171,0,0.0691,0.9935,0.0909,0,-0.8149,0.1088,-0.5693,0,-1.4877,103.5873,-20.3815,1]},
{"frame":12,"values":[0.5755,0.0347,-0.8171,0,0.0691,0.9935,0.0909,0,-0.8149,0.1088,-0.5693,0,-3.4044,104.1297,-20.711,1]},
{"frame":13,"values":[0.5755,0.0347,-0.8171,0,0.0691,0.9935,0.0909,0,-0.8149,0.1088,-0.5693,0,-5.5415,104.897,-20.8449,1]},
{"frame":14,"values":[0.5755,0.0347,-0.8171,0,0.0691,0.9935,0.0909,0,-0.8149,0.1088,-0.5693,0,-7.7172,105.6373,-20.7149,1]},
{"frame":15,"values":[0.5755,0.0347,-0.8171,0,0.0691,0.9935,0.0909,0,-0.8149,0.1088,-0.5693,0,-9.5605,106.165,-20.1356,1]},
{"frame":16,"values":[0.5755,0.0347,-0.8171,0,0.0691,0.9935,0.0909,0,-0.8149,0.1088,-0.5693,0,-10.5346,106.4074,-19.0194,1]},
{"frame":17,"values":[0.5755,0.0347,-0.8171,0,0.0691,0.9935,0.0909,0,-0.8149,0.1088,-0.5693,0,-10.3139,106.3974,-17.6184,1]},
{"frame":18,"values":[0.5755,0.0347,-0.8171,0,0.0691,0.9935,0.0909,0,-0.8149,0.1088,-0.5693,0,-8.9253,106.1391,-15.8107,1]},
{"frame":19,"values":[0.5755,0.0347,-0.8171,0,0.0691,0.9935,0.0909,0,-0.8149,0.1088,-0.5693,0,-6.8353,105.7016,-13.4186,1]},
{"frame":20,"values":[0.5755,0.0347,-0.8171,0,0.0691,0.9935,0.0909,0,-0.8149,0.1088,-0.5693,0,-4.4743,105.3365,-10.2778,1]},
{"frame":21,"values":[0.5755,0.0347,-0.8171,0,0.0691,0.9935,0.0909,0,-0.8149,0.1088,-0.5693,0,-2.1664,105.3141,-6.6557,1]},
{"frame":22,"values":[0.5755,0.0347,-0.8171,0,0.0691,0.9935,0.0909,0,-0.8149,0.1088,-0.5693,0,-0.4285,105.556,-3.5417,1]},
{"frame":23,"values":[0.5755,0.0347,-0.8171,0,0.0691,0.9935,0.0909,0,-0.8149,0.1088,-0.5693,0,0.4412,105.8718,-1.838,1]},
{"frame":24,"values":[0.5755,0.0347,-0.8171,0,0.0691,0.9935,0.0909,0,-0.8149,0.1088,-0.5693,0,0.6859,106.1506,-1.3151,1]},
{"frame":25,"values":[0.5755,0.0347,-0.8171,0,0.0691,0.9935,0.0909,0,-0.8149,0.1088,-0.5693,0,0.7405,106.2961,-1.1872,1]}],"loopBehavior":1,"name":"anim","property":"_matrix"}},
{"name":"Spine","index":1,"matrix":[0.9999,0.009,-0.0076,0,-0.0083,0.9957,0.0919,0,0.0084,-0.0918,0.9957,0,-0.0057,10.8958,-1.2787,1],"rest":[1,0,0,0,0,1,0,0,0,0,1,0,-0.0057,10.8958,-1.2787,1],"parentBoneIndex":0,"length":12.7989
,"animation":{"dataType":3,"framePerSecond":24,"keys":[
{"frame":1,"values":[0.9999,0.009,-0.0076,0,-0.0083,0.9957,0.0919,0,0.0084,-0.0918,0.9957,0,-0.0057,10.8958,-1.2787,1]},
{"frame":2,"values":[0.9999,0.0118,-0.0055,0,-0.0113,0.9958,0.0908,0,0.0066,-0.0907,0.9959,0,-0.0057,10.8958,-1.2787,1]},
{"frame":3,"values":[0.9999,0.0115,-0.0054,0,-0.0109,0.9958,0.0909,0,0.0064,-0.0908,0.9958,0,-0.0057,10.8958,-1.2787,1]},
{"frame":4,"values":[0.9999,0.0101,-0.006,0,-0.0095,0.9958,0.0914,0,0.0069,-0.0914,0.9958,0,-0.0057,10.8958,-1.2787,1]},
{"frame":5,"values":[0.9999,0.0087,-0.0071,0,-0.0081,0.9957,0.0922,0,0.0079,-0.0922,0.9957,0,-0.0057,10.8958,-1.2787,1]},
{"frame":6,"values":[0.9999,0.0072,-0.0085,0,-0.0064,0.9956,0.0934,0,0.0092,-0.0934,0.9956,0,-0.0057,10.8958,-1.2787,1]},
{"frame":7,"values":[0.9999,0.0046,-0.0102,0,-0.0036,0.9955,0.0948,0,0.0106,-0.0947,0.9954,0,-0.0057,10.8958,-1.2787,1]},
{"frame":8,"values":[0.9999,0.0017,-0.012,0,-0.0005,0.9954,0.0961,0,0.0121,-0.0961,0.9953,0,-0.0057,10.8958,-1.2787,1]},
{"frame":9,"values":[0.9999,-0.001,-0.0138,0,0.0023,0.9952,0.0974,0,0.0137,-0.0974,0.9952,0,-0.0057,10.8958,-1.2787,1]},
{"frame":10,"values":[0.9999,-0.003,-0.0156,0,0.0045,0.9951,0.0985,0,0.0152,-0.0985,0.995,0,-0.0057,10.8958,-1.2787,1]},
{"frame":11,"values":[0.9998,-0.0047,-0.0172,0,0.0064,0.995,0.0992,0,0.0166,-0.0993,0.9949,0,-0.0057,10.8958,-1.2787,1]},
{"frame":12,"values":[0.9998,-0.0059,-0.0181,0,0.0077,0.995,0.0996,0,0.0174,-0.0997,0.9949,0,-0.0057,10.8958,-1.2787,1]},
{"frame":13,"values":[0.9998,-0.0069,-0.0191,0,0.0088,0.995,0.0998,0,0.0183,-0.0999,0.9948,0,-0.0057,10.8958,-1.2787,1]},
{"frame":14,"values":[0.9998,-0.0083,-0.0203,0,0.0102,0.995,0.0996,0,0.0194,-0.0998,0.9948,0,-0.0057,10.8958,-1.2787,1]},
{"frame":15,"values":[0.9997,-0.0093,-0.0208,0,0.0113,0.995,0.0988,0,0.0198,-0.099,0.9949,0,-0.0057,10.8958,-1.2787,1]},
{"frame":16,"values":[0.9997,-0.0098,-0.0201,0,0.0117,0.9951,0.0977,0,0.0191,-0.0979,0.995,0,-0.0057,10.8958,-1.2787,1]},
{"frame":17,"values":[0.9998,-0.0093,-0.0185,0,0.011,0.9953,0.0963,0,0.0175,-0.0965,0.9952,0,-0.0057,10.8958,-1.2787,1]},
{"frame":18,"values":[0.9999,-0.0052,-0.016,0,0.0067,0.9955,0.0941,0,0.0155,-0.0942,0.9954,0,-0.0057,10.8958,-1.2787,1]},
{"frame":19,"values":[0.9999,0.0028,-0.0129,0,-0.0016,0.9959,0.0904,0,0.0131,-0.0904,0.9958,0,-0.0057,10.8958,-1.2787,1]},
{"frame":20,"values":[0.9999,0.0137,-0.01,0,-0.0128,0.9963,0.0855,0,0.0111,-0.0853,0.9963,0,-0.0057,10.8958,-1.2787,1]},
{"frame":21,"values":[0.9996,0.0268,-0.0079,0,-0.0261,0.9965,0.0799,0,0.0101,-0.0796,0.9968,0,-0.0057,10.8958,-1.2787,1]},
{"frame":22,"values":[0.9993,0.0364,-0.0067,0,-0.0358,0.9966,0.0744,0,0.0094,-0.0741,0.9972,0,-0.0057,10.8958,-1.2787,1]},
{"frame":23,"values":[0.9992,0.0401,-0.0057,0,-0.0396,0.9967,0.0707,0,0.0085,-0.0704,0.9975,0,-0.0057,10.8958,-1.2787,1]},
{"frame":24,"values":[0.9997,0.0221,-0.0066,0,-0.0215,0.9963,0.0827,0,0.0084,-0.0825,0.9966,0,-0.0057,10.8958,-1.2787,1]},
{"frame":25,"values":[0.9999,0.009,-0.0076,0,-0.0083,0.9957,0.0919,0,0.0084,-0.0918,0.9957,0,-0.0057,10.8958,-1.2787,1]}],"loopBehavior":1,"name":"anim","property":"_matrix"}},
{"name":"Spine1","index":2,"matrix":[0.9998,0.0069,-0.019,0,-0.0052,0.9963,0.0854,0,0.0196,-0.0853,0.9962,0,-0.0066,12.7117,-1.4918,1],"rest":[1,0,0,0,0,1,0,0,0,0,1,0,-0.0066,12.7117,-1.4918,1],"parentBoneIndex":1,"length":14.6274
,"animation":{"dataType":3,"framePerSecond":24,"keys":[
{"frame":1,"values":[0.9998,0.0069,-0.019,0,-0.0052,0.9963,0.0854,0,0.0196,-0.0853,0.9962,0,-0.0066,12.7117,-1.4918,1]},
{"frame":2,"values":[0.9999,0.0067,-0.0146,0,-0.0054,0.9964,0.085,0,0.0151,-0.0849,0.9963,0,-0.0066,12.7117,-1.4918,1]},
{"frame":3,"values":[0.9999,0.0058,-0.0121,0,-0.0048,0.9964,0.0848,0,0.0126,-0.0847,0.9963,0,-0.0066,12.7117,-1.4918,1]},
{"frame":4,"values":[0.9999,0.0048,-0.01,0,-0.004,0.9964,0.0845,0,0.0104,-0.0844,0.9964,0,-0.0066,12.7117,-1.4918,1]},
{"frame":5,"values":[1,0.004,-0.0083,0,-0.0033,0.9964,0.0842,0,0.0086,-0.0842,0.9964,0,-0.0066,12.7117,-1.4918,1]},
{"frame":6,"values":[1,0.0033,-0.0069,0,-0.0027,0.9965,0.084,0,0.0072,-0.0839,0.9964,0,-0.0066,12.7117,-1.4918,1]},
{"frame":7,"values":[1,0.0027,-0.0057,0,-0.0022,0.9965,0.0836,0,0.0059,-0.0836,0.9965,0,-0.0066,12.7117,-1.4918,1]},
{"frame":8,"values":[1,0.0021,-0.0046,0,-0.0017,0.9965,0.0835,0,0.0048,-0.0835,0.9965,0,-0.0066,12.7117,-1.4918,1]},
{"frame":9,"values":[1,0.0015,-0.0035,0,-0.0012,0.9965,0.0832,0,0.0036,-0.0832,0.9965,0,-0.0066,12.7117,-1.4918,1]},
{"frame":10,"values":[1,0.0011,-0.0025,0,-0.0008,0.9965,0.083,0,0.0026,-0.083,0.9965,0,-0.0066,12.7117,-1.4918,1]},
{"frame":11,"values":[1,0.0006,-0.0016,0,-0.0005,0.9966,0.0829,0,0.0017,-0.0829,0.9966,0,-0.0066,12.7117,-1.4918,1]},
{"frame":12,"values":[1,0.0003,0.0002,0,-0.0003,0.9966,0.0827,0,-0.0001,-0.0827,0.9966,0,-0.0066,12.7117,-1.4918,1]},
{"frame":13,"values":[1,0.0001,0.001,0,-0.0002,0.9966,0.0826,0,-0.001,-0.0826,0.9966,0,-0.0066,12.7117,-1.4918,1]},
{"frame":14,"values":[1,0.0001,0.0014,0,-0.0002,0.9966,0.0826,0,-0.0013,-0.0826,0.9966,0,-0.0066,12.7117,-1.4918,1]},
{"frame":15,"values":[1,0.0001,0.0011,0,-0.0002,0.9966,0.0827,0,-0.001,-0.0827,0.9966,0,-0.0066,12.7117,-1.4918,1]},
{"frame":16,"values":[1,0.0002,-0.0004,0,-0.0001,0.9966,0.0827,0,0.0004,-0.0827,0.9966,0,-0.0066,12.7117,-1.4918,1]},
{"frame":17,"values":[1,0.0004,-0.0016,0,-0.0002,0.9966,0.0828,0,0.0016,-0.0828,0.9966,0,-0.0066,12.7117,-1.4918,1]},
{"frame":18,"values":[1,-0.0006,-0.003,0,0.0009,0.9965,0.0832,0,0.0029,-0.0832,0.9965,0,-0.0066,12.7117,-1.4918,1]},
{"frame":19,"values":[1,-0.0035,-0.0041,0,0.0039,0.9964,0.0843,0,0.0038,-0.0843,0.9964,0,-0.0066,12.7117,-1.4918,1]},
{"frame":20,"values":[1,-0.0065,-0.006,0,0.007,0.9962,0.0866,0,0.0054,-0.0866,0.9962,0,-0.0066,12.7117,-1.4918,1]},
{"frame":21,"values":[0.9999,-0.0088,-0.0096,0,0.0096,0.9959,0.0901,0,0.0087,-0.0902,0.9959,0,-0.0066,12.7117,-1.4918,1]},
{"frame":22,"values":[0.9999,-0.009,-0.0134,0,0.0102,0.9956,0.0934,0,0.0125,-0.0935,0.9955,0,-0.0066,12.7117,-1.4918,1]},
{"frame":23,"values":[0.9998,-0.0085,-0.0158,0,0.01,0.9954,0.0954,0,0.0149,-0.0955,0.9953,0,-0.0066,12.7117,-1.4918,1]},
{"frame":24,"values":[0.9998,0.0011,-0.0178,0,0.0005,0.996,0.0894,0,0.0179,-0.0894,0.9958,0,-0.0066,12.7117,-1.4918,1]},
{"frame":25,"values":[0.9998,0.0069,-0.019,0,-0.0052,0.9963,0.0854,0,0.0196,-0.0853,0.9962,0,-0.0066,12.7117,-1.4918,1]}],"loopBehavior":1,"name":"anim","property":"_matrix"}},
{"name":"Spine2","index":3,"matrix":[0.9998,0.0032,-0.0178,0,-0.0006,0.9892,0.1469,0,0.0181,-0.1468,0.989,0,-0.0076,14.5277,-1.7049,1],"rest":[1,0,0,0,0,1,0,0,0,0,1,0,-0.0076,14.5277,-1.7049,1],"parentBoneIndex":2,"length":15.4825
,"animation":{"dataType":3,"framePerSecond":24,"keys":[
{"frame":1,"values":[0.9998,0.0032,-0.0178,0,-0.0006,0.9892,0.1469,0,0.0181,-0.1468,0.989,0,-0.0076,14.5277,-1.7049,1]},
{"frame":2,"values":[0.9993,0.0051,-0.0378,0,0.0005,0.989,0.1477,0,0.0381,-0.1476,0.9883,0,-0.0076,14.5277,-1.7049,1]},
{"frame":3,"values":[0.9958,0.0087,-0.0916,0,0.0052,0.9886,0.1502,0,0.0919,-0.15,0.9844,0,-0.0076,14.5277,-1.7049,1]},
{"frame":4,"values":[0.9874,0.0131,-0.1577,0,0.0113,0.9881,0.1532,0,0.1578,-0.153,0.9755,0,-0.0076,14.5277,-1.7049,1]},
{"frame":5,"values":[0.9766,0.0167,-0.2146,0,0.0172,0.9877,0.1553,0,0.2145,-0.1554,0.9643,0,-0.0076,14.5277,-1.7049,1]},
{"frame":6,"values":[0.9661,0.0185,-0.2575,0,0.0227,0.9875,0.1559,0,0.2571,-0.1565,0.9536,0,-0.0076,14.5277,-1.7049,1]},
{"frame":7,"values":[0.9546,0.0193,-0.2972,0,0.0285,0.9874,0.1556,0,0.2965,-0.1571,0.942,0,-0.0076,14.5277,-1.7049,1]},
{"frame":8,"values":[0.9427,0.0196,-0.3331,0,0.0343,0.9873,0.1551,0,0.3319,-0.1576,0.9301,0,-0.0076,14.5277,-1.7049,1]},
{"frame":9,"values":[0.9312,0.0198,-0.3639,0,0.0394,0.9872,0.1545,0,0.3623,-0.1582,0.9185,0,-0.0076,14.5277,-1.7049,1]},
{"frame":10,"values":[0.9201,0.0202,-0.3912,0,0.0439,0.9871,0.1542,0,0.3893,-0.159,0.9073,0,-0.0076,14.5277,-1.7049,1]},
{"frame":11,"values":[0.9093,0.0203,-0.4157,0,0.0482,0.9869,0.1537,0,0.4134,-0.1598,0.8964,0,-0.0076,14.5277,-1.7049,1]},
{"frame":12,"values":[0.9011,0.0203,-0.4332,0,0.0513,0.9869,0.1531,0,0.4306,-0.1602,0.8882,0,-0.0076,14.5277,-1.7049,1]},
{"frame":13,"values":[0.8972,0.0203,-0.4412,0,0.0528,0.9868,0.1529,0,0.4385,-0.1605,0.8843,0,-0.0076,14.5277,-1.7049,1]},
{"frame":14,"values":[0.8975,0.0202,-0.4404,0,0.0528,0.9868,0.1528,0,0.4377,-0.1604,0.8847,0,-0.0076,14.5277,-1.7049,1]},
{"frame":15,"values":[0.9,0.0189,-0.4355,0,0.0528,0.987,0.1519,0,0.4327,-0.1597,0.8873,0,-0.0076,14.5277,-1.7049,1]},
{"frame":16,"values":[0.9046,0.0168,-0.426,0,0.0524,0.9873,0.1502,0,0.4231,-0.1582,0.8922,0,-0.0076,14.5277,-1.7049,1]},
{"frame":17,"values":[0.9117,0.015,-0.4105,0,0.0507,0.9876,0.1487,0,0.4077,-0.1564,0.8996,0,-0.0076,14.5277,-1.7049,1]},
{"frame":18,"values":[0.9219,0.0116,-0.3873,0,0.0494,0.9879,0.1472,0,0.3843,-0.1548,0.9101,0,-0.0076,14.5277,-1.7049,1]},
{"frame":19,"values":[0.935,0.0061,-0.3546,0,0.049,0.988,0.1462,0,0.3513,-0.1541,0.9235,0,-0.0076,14.5277,-1.7049,1]},
{"frame":20,"values":[0.9542,0,-0.299,0,0.0459,0.9881,0.1465,0,0.2955,-0.1535,0.9429,0,-0.0076,14.5277,-1.7049,1]},
{"frame":21,"values":[0.9792,-0.0076,-0.2027,0,0.0382,0.9884,0.1471,0,0.1992,-0.1518,0.9681,0,-0.0076,14.5277,-1.7049,1]},
{"frame":22,"values":[0.9946,-0.0128,-0.1027,0,0.0281,0.9884,0.149,0,0.0997,-0.1511,0.9835,0,-0.0076,14.5277,-1.7049,1]},
{"frame":23,"values":[0.9991,-0.0143,-0.0403,0,0.0203,0.9881,0.1524,0,0.0376,-0.1531,0.9875,0,-0.0076,14.5277,-1.7049,1]},
{"frame":24,"values":[0.9998,-0.0037,-0.022,0,0.0069,0.9888,0.1491,0,0.0212,-0.1493,0.9886,0,-0.0076,14.5277,-1.7049,1]},
{"frame":25,"values":[0.9998,0.0032,-0.0178,0,-0.0006,0.9892,0.1469,0,0.0181,-0.1468,0.989,0,-0.0076,14.5277,-1.7049,1]}],"loopBehavior":1,"name":"anim","property":"_matrix"}},
{"name":"Neck","index":4,"matrix":[0.9953,0.0011,-0.0972,0,0.0032,0.999,0.044,0,0.0971,-0.0441,0.9943,0,-0.0085,16.3436,-1.918,1],"rest":[1,0,0,0,0,1,0,0,0,0,1,0,-0.0085,16.3436,-1.918,1],"parentBoneIndex":3,"length":7.7098
,"animation":{"dataType":3,"framePerSecond":24,"keys":[
{"frame":1,"values":[0.9953,0.0011,-0.0972,0,0.0032,0.999,0.044,0,0.0971,-0.0441,0.9943,0,-0.0085,16.3436,-1.918,1]},
{"frame":2,"values":[0.9947,0.002,-0.1029,0,0.0028,0.9989,0.0459,0,0.1028,-0.0459,0.9936,0,-0.0085,16.3436,-1.918,1]},
{"frame":3,"values":[0.9934,0.0047,-0.1148,0,0.001,0.9987,0.05,0,0.1149,-0.0498,0.9921,0,-0.0085,16.3436,-1.918,1]},
{"frame":4,"values":[0.9919,0.0079,-0.1269,0,-0.001,0.9985,0.0544,0,0.1272,-0.0538,0.9904,0,-0.0085,16.3436,-1.918,1]},
{"frame":5,"values":[0.9911,0.0099,-0.1329,0,-0.0024,0.9984,0.0569,0,0.1333,-0.0561,0.9895,0,-0.0085,16.3436,-1.918,1]},
{"frame":6,"values":[0.9911,0.0105,-0.1329,0,-0.0029,0.9983,0.0574,0,0.1333,-0.0565,0.9895,0,-0.0085,16.3436,-1.918,1]},
{"frame":7,"values":[0.9911,0.0108,-0.1324,0,-0.0032,0.9983,0.0575,0,0.1328,-0.0566,0.9895,0,-0.0085,16.3436,-1.918,1]},
{"frame":8,"values":[0.9912,0.011,-0.1318,0,-0.0035,0.9983,0.0575,0,0.1322,-0.0565,0.9896,0,-0.0085,16.3436,-1.918,1]},
{"frame":9,"values":[0.9913,0.0111,-0.1309,0,-0.0037,0.9983,0.0573,0,0.1314,-0.0563,0.9897,0,-0.0085,16.3436,-1.918,1]},
{"frame":10,"values":[0.9915,0.0113,-0.1299,0,-0.0039,0.9984,0.0572,0,0.1304,-0.0562,0.9899,0,-0.0085,16.3436,-1.918,1]},
{"frame":11,"values":[0.9916,0.0114,-0.1288,0,-0.0041,0.9984,0.057,0,0.1292,-0.056,0.99,0,-0.0085,16.3436,-1.918,1]},
{"frame":12,"values":[0.9918,0.0115,-0.1274,0,-0.0043,0.9984,0.0567,0,0.1278,-0.0557,0.9902,0,-0.0085,16.3436,-1.918,1]},
{"frame":13,"values":[0.992,0.0115,-0.1254,0,-0.0044,0.9984,0.0565,0,0.1259,-0.0555,0.9905,0,-0.0085,16.3436,-1.918,1]},
{"frame":14,"values":[0.9923,0.0112,-0.123,0,-0.0043,0.9984,0.056,0,0.1235,-0.0551,0.9908,0,-0.0085,16.3436,-1.918,1]},
{"frame":15,"values":[0.9927,0.0105,-0.1203,0,-0.0039,0.9985,0.0552,0,0.1207,-0.0543,0.9912,0,-0.0085,16.3436,-1.918,1]},
{"frame":16,"values":[0.993,0.0095,-0.1174,0,-0.0032,0.9985,0.054,0,0.1178,-0.0533,0.9916,0,-0.0085,16.3436,-1.918,1]},
{"frame":17,"values":[0.9934,0.008,-0.1145,0,-0.0019,0.9986,0.0529,0,0.1148,-0.0524,0.992,0,-0.0085,16.3436,-1.918,1]},
{"frame":18,"values":[0.9937,0.0059,-0.1118,0,0,0.9986,0.0522,0,0.112,-0.0519,0.9924,0,-0.0085,16.3436,-1.918,1]},
{"frame":19,"values":[0.994,0.0046,-0.109,0,0.001,0.9987,0.051,0,0.1091,-0.0508,0.9927,0,-0.0085,16.3436,-1.918,1]},
{"frame":20,"values":[0.9943,0.0035,-0.1064,0,0.0018,0.9988,0.0496,0,0.1064,-0.0495,0.9931,0,-0.0085,16.3436,-1.918,1]},
{"frame":21,"values":[0.9946,0.0025,-0.1037,0,0.0024,0.9989,0.0474,0,0.1037,-0.0474,0.9935,0,-0.0085,16.3436,-1.918,1]},
{"frame":22,"values":[0.9948,0.0011,-0.1015,0,0.0036,0.999,0.0455,0,0.1015,-0.0457,0.9938,0,-0.0085,16.3436,-1.918,1]},
{"frame":23,"values":[0.995,0.0001,-0.0997,0,0.0043,0.999,0.044,0,0.0996,-0.0442,0.994,0,-0.0085,16.3436,-1.918,1]},
{"frame":24,"values":[0.9952,-0.0003,-0.0982,0,0.0047,0.999,0.0447,0,0.0981,-0.045,0.9942,0,-0.0085,16.3436,-1.918,1]},
{"frame":25,"values":[0.9953,0.0011,-0.0972,0,0.0032,0.999,0.044,0,0.0971,-0.0441,0.9943,0,-0.0085,16.3436,-1.918,1]}],"loopBehavior":1,"name":"anim","property":"_matrix"}},
{"name":"Head","index":5,"matrix":[0.7901,-0.1028,-0.6042,0,0.1018,0.9942,-0.0361,0,0.6044,-0.033,0.796,0,0,7.4726,1.8977,1],"rest":[1,0,0,0,0,1,0,0,0,0,1,0,0,7.4726,1.8977,1],"parentBoneIndex":4,"length":26.3062
,"animation":{"dataType":3,"framePerSecond":24,"keys":[
{"frame":1,"values":[0.7901,-0.1028,-0.6042,0,0.1018,0.9942,-0.0361,0,0.6044,-0.033,0.796,0,0,7.4726,1.8977,1]},
{"frame":2,"values":[0.7407,-0.0918,-0.6655,0,0.0955,0.9949,-0.031,0,0.665,-0.0406,0.7457,0,0,7.4726,1.8977,1]},
{"frame":3,"values":[0.6261,-0.0668,-0.7768,0,0.0828,0.9964,-0.0189,0,0.7753,-0.0525,0.6294,0,0,7.4726,1.8977,1]},
{"frame":4,"values":[0.5123,-0.041,-0.8578,0,0.0703,0.9975,-0.0057,0,0.8559,-0.0574,0.5139,0,0,7.4726,1.8977,1]},
{"frame":5,"values":[0.4646,-0.0296,-0.885,0,0.0623,0.9981,-0.0007,0,0.8833,-0.0549,0.4655,0,0,7.4726,1.8977,1]},
{"frame":6,"values":[0.452,-0.0315,-0.8915,0,0.0604,0.9982,-0.0046,0,0.89,-0.0518,0.453,0,0,7.4726,1.8977,1]},
{"frame":7,"values":[0.4456,-0.0349,-0.8945,0,0.0594,0.9982,-0.0093,0,0.8933,-0.049,0.4469,0,0,7.4726,1.8977,1]},
{"frame":8,"values":[0.4443,-0.039,-0.895,0,0.0589,0.9982,-0.0143,0,0.894,-0.0463,0.4458,0,0,7.4726,1.8977,1]},
{"frame":9,"values":[0.4474,-0.0431,-0.8933,0,0.0584,0.9981,-0.0189,0,0.8924,-0.0437,0.449,0,0,7.4726,1.8977,1]},
{"frame":10,"values":[0.454,-0.0468,-0.8898,0,0.0578,0.9981,-0.023,0,0.8891,-0.041,0.4558,0,0,7.4726,1.8977,1]},
{"frame":11,"values":[0.4638,-0.0502,-0.8845,0,0.0573,0.998,-0.0266,0,0.8841,-0.0383,0.4658,0,0,7.4726,1.8977,1]},
{"frame":12,"values":[0.4768,-0.0545,-0.8773,0,0.057,0.9979,-0.031,0,0.8772,-0.0353,0.4789,0,0,7.4726,1.8977,1]},
{"frame":13,"values":[0.4932,-0.0594,-0.8679,0,0.0571,0.9977,-0.0358,0,0.868,-0.0319,0.4955,0,0,7.4726,1.8977,1]},
{"frame":14,"values":[0.5133,-0.0653,-0.8557,0,0.0582,0.9975,-0.0412,0,0.8562,-0.0286,0.5158,0,0,7.4726,1.8977,1]},
{"frame":15,"values":[0.5492,-0.0752,-0.8323,0,0.061,0.9969,-0.0497,0,0.8334,-0.0235,0.5521,0,0,7.4726,1.8977,1]},
{"frame":16,"values":[0.5903,-0.0843,-0.8028,0,0.0651,0.9963,-0.0567,0,0.8046,-0.0188,0.5936,0,0,7.4726,1.8977,1]},
{"frame":17,"values":[0.6263,-0.0921,-0.7742,0,0.0703,0.9956,-0.0616,0,0.7764,-0.0158,0.63,0,0,7.4726,1.8977,1]},
{"frame":18,"values":[0.6653,-0.0961,-0.7404,0,0.0752,0.9953,-0.0616,0,0.7428,-0.0147,0.6693,0,0,7.4726,1.8977,1]},
{"frame":19,"values":[0.7014,-0.0959,-0.7063,0,0.0794,0.9953,-0.0563,0,0.7083,-0.0165,0.7057,0,0,7.4726,1.8977,1]},
{"frame":20,"values":[0.7347,-0.0913,-0.6722,0,0.0826,0.9956,-0.045,0,0.6734,-0.0225,0.739,0,0,7.4726,1.8977,1]},
{"frame":21,"values":[0.7606,-0.0886,-0.6431,0,0.0866,0.9956,-0.0348,0,0.6434,-0.0293,0.765,0,0,7.4726,1.8977,1]},
{"frame":22,"values":[0.7775,-0.0894,-0.6225,0,0.0912,0.9954,-0.0291,0,0.6222,-0.0341,0.7821,0,0,7.4726,1.8977,1]},
{"frame":23,"values":[0.7852,-0.0938,-0.6121,0,0.0956,0.995,-0.0299,0,0.6119,-0.0351,0.7902,0,0,7.4726,1.8977,1]},
{"frame":24,"values":[0.789,-0.0995,-0.6062,0,0.0996,0.9945,-0.0337,0,0.6062,-0.0338,0.7946,0,0,7.4726,1.8977,1]},
{"frame":25,"values":[0.7901,-0.1028,-0.6042,0,0.1018,0.9942,-0.0361,0,0.6044,-0.033,0.796,0,0,7.4726,1.8977,1]}],"loopBehavior":1,"name":"anim","property":"_matrix"}},
{"name":"HeadTop_End","index":6,"matrix":[1,0,0,0,0,1,0,0,0,0,1,0,0,25.4969,6.475,1],"rest":[1,0,0,0,0,1,0,0,0,0,1,0,0,25.4969,6.475,1],"parentBoneIndex":5,"length":26.3062
,"animation":{"dataType":3,"framePerSecond":24,"keys":[
{"frame":1,"values":[1,0,0,0,0,1,0,0,0,0,1,0,0,25.4969,6.475,1]},
{"frame":25,"values":[1,0,0,0,0,1,0,0,0,0,1,0,0,25.4969,6.475,1]}],"loopBehavior":1,"name":"anim","property":"_matrix"}},
{"name":"LeftShoulder","index":7,"matrix":[0.9085,-0.1068,0.404,0,0.0375,0.9837,0.1758,0,-0.4162,-0.1446,0.8977,0,5.5507,13.7754,-1.9265,1],"rest":[1,-0.002,0,0,0.002,1,0,0,0,0,1,0,5.5507,13.7754,-1.9265,1],"parentBoneIndex":3,"length":12.2475
,"animation":{"dataType":3,"framePerSecond":24,"keys":[
{"frame":1,"values":[0.9085,-0.1068,0.404,0,0.0375,0.9837,0.1758,0,-0.4162,-0.1446,0.8977,0,5.5507,13.7754,-1.9265,1]},
{"frame":2,"values":[0.9069,-0.1181,0.4045,0,0.0489,0.9829,0.1774,0,-0.4186,-0.1411,0.8972,0,5.5507,13.7754,-1.9265,1]},
{"frame":23,"values":[0.9069,-0.1179,0.4045,0,0.0487,0.9829,0.1773,0,-0.4185,-0.1411,0.8972,0,5.5507,13.7754,-1.9265,1]},
{"frame":24,"values":[0.9078,-0.1116,0.4042,0,0.0424,0.9834,0.1765,0,-0.4172,-0.1431,0.8975,0,5.5507,13.7754,-1.9265,1]},
{"frame":25,"values":[0.9085,-0.1068,0.404,0,0.0375,0.9837,0.1758,0,-0.4162,-0.1446,0.8977,0,5.5507,13.7754,-1.9265,1]}],"loopBehavior":1,"name":"anim","property":"_matrix"}},
{"name":"LeftArm","index":8,"matrix":[0.4784,-0.7876,0.3883,0,0.8715,0.3717,-0.3198,0,0.1076,0.4915,0.8642,0,11.8394,-3.1354,-0.0171,1],"rest":[0.9973,-0.0184,0.0706,0,0.0183,0.9998,0.0011,0,-0.0707,0.0002,0.9975,0,11.8394,-3.1354,-0.0171,1],"parentBoneIndex":7,"length":29.2403
,"animation":{"dataType":3,"framePerSecond":24,"keys":[
{"frame":1,"values":[0.4784,-0.7876,0.3883,0,0.8715,0.3717,-0.3198,0,0.1076,0.4915,0.8642,0,11.8394,-3.1354,-0.0171,1]},
{"frame":2,"values":[0.492,-0.7776,0.3916,0,0.8619,0.3715,-0.3452,0,0.123,0.5073,0.8529,0,11.8394,-3.1354,-0.0171,1]},
{"frame":3,"values":[0.497,-0.7707,0.3988,0,0.8584,0.3694,-0.3559,0,0.127,0.5192,0.8451,0,11.8394,-3.1354,-0.0171,1]},
{"frame":4,"values":[0.5,-0.7648,0.4063,0,0.8565,0.3675,-0.3624,0,0.1278,0.5292,0.8388,0,11.8394,-3.1354,-0.0171,1]},
{"frame":5,"values":[0.5022,-0.7587,0.4151,0,0.8557,0.3666,-0.3652,0,0.1249,0.5386,0.8333,0,11.8394,-3.1354,-0.0171,1]},
{"frame":6,"values":[0.5027,-0.7534,0.4238,0,0.8556,0.3638,-0.3682,0,0.1232,0.5477,0.8275,0,11.8394,-3.1354,-0.0171,1]},
{"frame":7,"values":[0.5029,-0.7513,0.4274,0,0.8548,0.3588,-0.3751,0,0.1284,0.554,0.8226,0,11.8394,-3.1354,-0.0171,1]},
{"frame":8,"values":[0.504,-0.7502,0.4281,0,0.853,0.3544,-0.3833,0,0.1358,0.5583,0.8185,0,11.8394,-3.1354,-0.0171,1]},
{"frame":9,"values":[0.5062,-0.7482,0.429,0,0.8506,0.3509,-0.3916,0,0.1425,0.5631,0.814,0,11.8394,-3.1354,-0.0171,1]},
{"frame":10,"values":[0.5089,-0.7465,0.4287,0,0.8478,0.3484,-0.3998,0,0.1491,0.5669,0.8102,0,11.8394,-3.1354,-0.0171,1]},
{"frame":11,"values":[0.5127,-0.7484,0.4207,0,0.8429,0.3454,-0.4126,0,0.1635,0.5662,0.8079,0,11.8394,-3.1354,-0.0171,1]},
{"frame":12,"values":[0.5182,-0.7487,0.4133,0,0.8353,0.3393,-0.4326,0,0.1837,0.5694,0.8013,0,11.8394,-3.1354,-0.0171,1]},
{"frame":13,"values":[0.5215,-0.7522,0.4029,0,0.8291,0.335,-0.4476,0,0.2017,0.5674,0.7983,0,11.8394,-3.1354,-0.0171,1]},
{"frame":14,"values":[0.52,-0.7567,0.3963,0,0.8279,0.3323,-0.4519,0,0.2102,0.563,0.7992,0,11.8394,-3.1354,-0.0171,1]},
{"frame":15,"values":[0.5082,-0.7674,0.391,0,0.835,0.3277,-0.442,0,0.211,0.5511,0.8073,0,11.8394,-3.1354,-0.0171,1]},
{"frame":16,"values":[0.4863,-0.7834,0.387,0,0.8496,0.3205,-0.4189,0,0.2042,0.5325,0.8214,0,11.8394,-3.1354,-0.0171,1]},
{"frame":17,"values":[0.4648,-0.7909,0.3981,0,0.8673,0.3161,-0.3847,0,0.1784,0.524,0.8328,0,11.8394,-3.1354,-0.0171,1]},
{"frame":18,"values":[0.4443,-0.7926,0.4177,0,0.8845,0.3138,-0.3452,0,0.1425,0.5228,0.8404,0,11.8394,-3.1354,-0.0171,1]},
{"frame":19,"values":[0.4304,-0.79,0.4366,0,0.8958,0.3144,-0.3142,0,0.1109,0.5263,0.843,0,11.8394,-3.1354,-0.0171,1]},
{"frame":20,"values":[0.4268,-0.788,0.4437,0,0.8996,0.3198,-0.2974,0,0.0925,0.5261,0.8454,0,11.8394,-3.1354,-0.0171,1]},
{"frame":21,"values":[0.4323,-0.7879,0.4385,0,0.8981,0.3328,-0.2875,0,0.0806,0.5181,0.8515,0,11.8394,-3.1354,-0.0171,1]},
{"frame":22,"values":[0.4447,-0.7889,0.4241,0,0.8925,0.3505,-0.2839,0,0.0753,0.5047,0.86,0,11.8394,-3.1354,-0.0171,1]},
{"frame":23,"values":[0.4613,-0.7885,0.4069,0,0.8835,0.3659,-0.2925,0,0.0818,0.4944,0.8654,0,11.8394,-3.1354,-0.0171,1]},
{"frame":24,"values":[0.4721,-0.7885,0.3942,0,0.8761,0.3701,-0.3089,0,0.0976,0.4912,0.8655,0,11.8394,-3.1354,-0.0171,1]},
{"frame":25,"values":[0.4784,-0.7876,0.3883,0,0.8715,0.3717,-0.3198,0,0.1076,0.4915,0.8642,0,11.8394,-3.1354,-0.0171,1]}],"loopBehavior":1,"name":"anim","property":"_matrix"}},
{"name":"LeftForeArm","index":9,"matrix":[0.1361,0.0092,0.9906,0,0.9693,-0.2077,-0.1313,0,0.2046,0.9781,-0.0372,0,29.1612,0.5949,-2.0659,1],"rest":[0.9973,0.0203,-0.0707,0,-0.0203,0.9998,0.0007,0,0.0707,0.0007,0.9975,0,29.1612,0.5949,-2.0659,1],"parentBoneIndex":8,"length":29.6649
,"animation":{"dataType":3,"framePerSecond":24,"keys":[
{"frame":1,"values":[0.1361,0.0092,0.9906,0,0.9693,-0.2077,-0.1313,0,0.2046,0.9781,-0.0372,0,29.1612,0.5949,-2.0659,1]},
{"frame":2,"values":[0.1518,0.0096,0.9884,0,0.9682,-0.2025,-0.1467,0,0.1987,0.9792,-0.04,0,29.1612,0.5949,-2.0659,1]},
{"frame":3,"values":[0.1668,0.0099,0.9859,0,0.9659,-0.2025,-0.1614,0,0.1981,0.9792,-0.0434,0,29.1612,0.5949,-2.0659,1]},
{"frame":4,"values":[0.1767,0.0101,0.9842,0,0.9642,-0.2025,-0.171,0,0.1976,0.9792,-0.0455,0,29.1612,0.5949,-2.0659,1]},
{"frame":5,"values":[0.1835,0.0102,0.983,0,0.963,-0.2026,-0.1777,0,0.1973,0.9792,-0.047,0,29.1612,0.5949,-2.0659,1]},
{"frame":6,"values":[0.1866,0.0103,0.9824,0,0.9625,-0.2026,-0.1807,0,0.1971,0.9792,-0.0477,0,29.1612,0.5949,-2.0659,1]},
{"frame":7,"values":[0.183,0.0102,0.9831,0,0.9631,-0.2026,-0.1772,0,0.1973,0.9792,-0.0469,0,29.1612,0.5949,-2.0659,1]},
{"frame":8,"values":[0.1756,0.0101,0.9844,0,0.9644,-0.2025,-0.17,0,0.1977,0.9792,-0.0453,0,29.1612,0.5949,-2.0659,1]},
{"frame":9,"values":[0.1682,0.0099,0.9857,0,0.9657,-0.2025,-0.1628,0,0.198,0.9792,-0.0437,0,29.1612,0.5949,-2.0659,1]},
{"frame":10,"values":[0.1588,0.0098,0.9873,0,0.9672,-0.2025,-0.1536,0,0.1984,0.9792,-0.0416,0,29.1612,0.5949,-2.0659,1]},
{"frame":11,"values":[0.1432,0.0094,0.9896,0,0.9695,-0.2024,-0.1384,0,0.199,0.9792,-0.0382,0,29.1612,0.5949,-2.0659,1]},
{"frame":12,"values":[0.1358,0.0093,0.9907,0,0.9705,-0.2024,-0.1312,0,0.1993,0.9793,-0.0365,0,29.1612,0.5949,-2.0659,1]},
{"frame":13,"values":[0.1257,0.0091,0.992,0,0.9718,-0.2024,-0.1213,0,0.1997,0.9793,-0.0343,0,29.1612,0.5949,-2.0659,1]},
{"frame":14,"values":[0.1168,0.0166,0.993,0,0.9735,-0.1999,-0.1112,0,0.1967,0.9797,-0.0395,0,29.1612,0.5949,-2.0659,1]},
{"frame":15,"values":[0.1033,0.0429,0.9937,0,0.977,-0.1915,-0.0933,0,0.1863,0.9805,-0.0617,0,29.1612,0.5949,-2.0659,1]},
{"frame":16,"values":[0.0846,0.0795,0.9932,0,0.9812,-0.1801,-0.0691,0,0.1734,0.9804,-0.0933,0,29.1612,0.5949,-2.0659,1]},
{"frame":17,"values":[0.0835,0.1186,0.9894,0,0.9837,-0.1687,-0.0628,0,0.1595,0.9785,-0.1308,0,29.1612,0.5949,-2.0659,1]},
{"frame":18,"values":[0.101,0.1514,0.9833,0,0.9842,-0.1599,-0.0765,0,0.1457,0.9754,-0.1652,0,29.1612,0.5949,-2.0659,1]},
{"frame":19,"values":[0.1279,0.1692,0.9773,0,0.9826,-0.1553,-0.1017,0,0.1345,0.9733,-0.1861,0,29.1612,0.5949,-2.0659,1]},
{"frame":20,"values":[0.1463,0.1624,0.9758,0,0.9801,-0.1573,-0.1208,0,0.1338,0.9741,-0.1822,0,29.1612,0.5949,-2.0659,1]},
{"frame":21,"values":[0.1548,0.1312,0.9792,0,0.9772,-0.1659,-0.1322,0,0.1451,0.9774,-0.1539,0,29.1612,0.5949,-2.0659,1]},
{"frame":22,"values":[0.1537,0.0927,0.9838,0,0.9748,-0.1772,-0.1356,0,0.1617,0.9798,-0.1176,0,29.1612,0.5949,-2.0659,1]},
{"frame":23,"values":[0.1451,0.0584,0.9877,0,0.9733,-0.1877,-0.1319,0,0.1777,0.9805,-0.0841,0,29.1612,0.5949,-2.0659,1]},
{"frame":24,"values":[0.1396,0.0267,0.9899,0,0.9708,-0.2006,-0.1315,0,0.1951,0.9793,-0.0539,0,29.1612,0.5949,-2.0659,1]},
{"frame":25,"values":[0.1361,0.0092,0.9907,0,0.9693,-0.2077,-0.1313,0,0.2046,0.9781,-0.0372,0,29.1612,0.5949,-2.0659,1]}],"loopBehavior":1,"name":"anim","property":"_matrix"}},
{"name":"LeftHand","index":10,"matrix":[0.9852,-0.0356,0.1678,0,0.1089,0.8859,-0.451,0,-0.1326,0.4626,0.8766,0,29.6649,0,0,1],"rest":[1,0,0,0,0,1,-0.0011,0,0,0.0011,1,0,29.6649,0,0,1],"parentBoneIndex":9,"length":11.8196
,"animation":{"dataType":3,"framePerSecond":24,"keys":[
{"frame":1,"values":[0.9852,-0.0356,0.1678,0,0.1089,0.8859,-0.451,0,-0.1326,0.4626,0.8766,0,29.6649,0,0,1]},
{"frame":2,"values":[0.9883,-0.0353,0.1485,0,0.1005,0.8826,-0.4592,0,-0.1149,0.4687,0.8758,0,29.6649,0,0,1]},
{"frame":3,"values":[0.9892,-0.0398,0.1414,0,0.1017,0.88,-0.464,0,-0.106,0.4733,0.8745,0,29.6649,0,0,1]},
{"frame":4,"values":[0.9894,-0.042,0.1393,0,0.1029,0.8788,-0.4659,0,-0.1029,0.4753,0.8738,0,29.6649,0,0,1]},
{"frame":5,"values":[0.9891,-0.0417,0.1413,0,0.1035,0.8791,-0.4653,0,-0.1048,0.4749,0.8738,0,29.6649,0,0,1]},
{"frame":6,"values":[0.989,-0.0393,0.1426,0,0.1016,0.8812,-0.4618,0,-0.1075,0.4712,0.8755,0,29.6649,0,0,1]},
{"frame":7,"values":[0.9896,-0.0358,0.1394,0,0.0964,0.8838,-0.4578,0,-0.1068,0.4665,0.8781,0,29.6649,0,0,1]},
{"frame":8,"values":[0.9903,-0.0314,0.1354,0,0.0903,0.886,-0.4549,0,-0.1057,0.4627,0.8802,0,29.6649,0,0,1]},
{"frame":9,"values":[0.9909,-0.026,0.1319,0,0.0836,0.8877,-0.4528,0,-0.1052,0.4598,0.8818,0,29.6649,0,0,1]},
{"frame":10,"values":[0.9915,-0.0197,0.129,0,0.0765,0.8888,-0.4518,0,-0.1057,0.4578,0.8827,0,29.6649,0,0,1]},
{"frame":11,"values":[0.9926,-0.0138,0.121,0,0.0676,0.8887,-0.4534,0,-0.1013,0.4582,0.8831,0,29.6649,0,0,1]},
{"frame":12,"values":[0.9943,-0.011,0.1059,0,0.0585,0.8877,-0.4567,0,-0.0889,0.4603,0.8833,0,29.6649,0,0,1]},
{"frame":13,"values":[0.9956,-0.0112,0.0933,0,0.053,0.8867,-0.4594,0,-0.0776,0.4623,0.8833,0,29.6649,0,0,1]},
{"frame":14,"values":[0.9965,-0.0113,0.0825,0,0.0482,0.8866,-0.4601,0,-0.0679,0.4624,0.884,0,29.6649,0,0,1]},
{"frame":15,"values":[0.9978,-0.011,0.0659,0,0.04,0.8883,-0.4574,0,-0.0535,0.459,0.8868,0,29.6649,0,0,1]},
{"frame":16,"values":[0.9987,-0.0094,0.05,0,0.0309,0.8922,-0.4506,0,-0.0404,0.4516,0.8913,0,29.6649,0,0,1]},
{"frame":17,"values":[0.9991,-0.0074,0.042,0,0.0253,0.8963,-0.4426,0,-0.0343,0.4433,0.8957,0,29.6649,0,0,1]},
{"frame":18,"values":[0.9992,-0.0095,0.0392,0,0.0257,0.8996,-0.4359,0,-0.0311,0.4366,0.8991,0,29.6649,0,0,1]},
{"frame":19,"values":[0.9991,-0.0136,0.0412,0,0.0301,0.9016,-0.4316,0,-0.0313,0.4324,0.9011,0,29.6649,0,0,1]},
{"frame":20,"values":[0.9982,-0.0166,0.0569,0,0.0396,0.9017,-0.4305,0,-0.0442,0.432,0.9008,0,29.6649,0,0,1]},
{"frame":21,"values":[0.9957,-0.0199,0.0904,0,0.0573,0.8998,-0.4326,0,-0.0727,0.4359,0.8971,0,29.6649,0,0,1]},
{"frame":22,"values":[0.9918,-0.0216,0.1262,0,0.0754,0.8952,-0.4392,0,-0.1035,0.4451,0.8895,0,29.6649,0,0,1]},
{"frame":23,"values":[0.9884,-0.0237,0.1501,0,0.0891,0.8902,-0.4468,0,-0.123,0.455,0.8819,0,29.6649,0,0,1]},
{"frame":24,"values":[0.9862,-0.0314,0.1626,0,0.1024,0.8872,-0.4498,0,-0.1301,0.4602,0.8782,0,29.6649,0,0,1]},
{"frame":25,"values":[0.9852,-0.0356,0.1678,0,0.1089,0.8859,-0.451,0,-0.1326,0.4626,0.8766,0,29.6649,0,0,1]}],"loopBehavior":1,"name":"anim","property":"_matrix"}},
{"name":"LeftHandThumb1","index":11,"matrix":[0.9853,-0.0403,-0.1657,0,0.0418,0.9991,0.0055,0,0.1654,-0.0123,0.9862,0,6.1321,-4.043,2.9242,1],"rest":[1,-0.0003,-0.0002,0,0.0003,1,0.0003,0,0.0002,-0.0003,1,0,6.1321,-4.043,2.9242,1],"parentBoneIndex":10,"length":2.3395
,"animation":{"dataType":3,"framePerSecond":24,"keys":[
{"frame":1,"values":[0.9853,-0.0403,-0.1657,0,0.0418,0.9991,0.0055,0,0.1654,-0.0123,0.9862,0,6.1321,-4.043,2.9242,1]},
{"frame":25,"values":[0.9853,-0.0403,-0.1657,0,0.0418,0.9991,0.0055,0,0.1654,-0.0123,0.9862,0,6.1321,-4.043,2.9242,1]}],"loopBehavior":1,"name":"anim","property":"_matrix"}},
{"name":"LeftHandThumb2","index":12,"matrix":[0.9755,0.0463,-0.2152,0,-0.0231,0.9938,0.1091,0,0.219,-0.1015,0.9704,0,1.8122,-1.0462,1.0462,1],"rest":[1,0,0,0,0,1,0,0,0,0,1,0,1.8122,-1.0462,1.0462,1],"parentBoneIndex":11,"length":1.5944
,"animation":{"dataType":3,"framePerSecond":24,"keys":[
{"frame":1,"values":[0.9755,0.0463,-0.2152,0,-0.0231,0.9938,0.1091,0,0.219,-0.1015,0.9704,0,1.8122,-1.0462,1.0462,1]},
{"frame":25,"values":[0.9755,0.0463,-0.2152,0,-0.0231,0.9938,0.1091,0,0.219,-0.1015,0.9704,0,1.8122,-1.0462,1.0462,1]}],"loopBehavior":1,"name":"anim","property":"_matrix"}},
{"name":"LeftHandThumb3","index":13,"matrix":[0.9525,0.1482,0.2662,0,-0.0265,0.9107,-0.4123,0,-0.3035,0.3856,0.8713,0,1.2351,-0.713,0.713,1],"rest":[1,0.0001,-0.0001,0,-0.0001,1,0,0,0.0001,0,1,0,1.2351,-0.713,0.713,1],"parentBoneIndex":12,"length":2.5474
,"animation":{"dataType":3,"framePerSecond":24,"keys":[
{"frame":1,"values":[0.9525,0.1482,0.2662,0,-0.0265,0.9107,-0.4123,0,-0.3035,0.3856,0.8713,0,1.2351,-0.713,0.713,1]},
{"frame":25,"values":[0.9525,0.1482,0.2662,0,-0.0265,0.9107,-0.4123,0,-0.3035,0.3856,0.8713,0,1.2351,-0.713,0.713,1]}],"loopBehavior":1,"name":"anim","property":"_matrix"}},
{"name":"LeftHandThumb4","index":14,"matrix":[1,0,0,0,0,1,0,0,0,0,1,0,1.9732,-1.1393,1.1393,1],"rest":[1,0,0,0,0,1,0,0,0,0,1,0,1.9732,-1.1393,1.1393,1],"parentBoneIndex":13,"length":2.5474
,"animation":{"dataType":3,"framePerSecond":24,"keys":[
{"frame":1,"values":[1,0,0,0,0,1,0,0,0,0,1,0,1.9732,-1.1393,1.1393,1]},
{"frame":25,"values":[1,0,0,0,0,1,0,0,0,0,1,0,1.9732,-1.1393,1.1393,1]}],"loopBehavior":1,"name":"anim","property":"_matrix"}},
{"name":"LeftHandIndex1","index":15,"matrix":[0.9347,-0.3535,-0.038,0,0.3548,0.9208,0.1618,0,-0.0222,-0.1647,0.9861,0,13.2426,-0.3099,2.8565,1],"rest":[1,0,0,0,0,1,0,0,0,0,1,0,13.2426,-0.3099,2.8565,1],"parentBoneIndex":10,"length":2.1974
,"animation":{"dataType":3,"framePerSecond":24,"keys":[
{"frame":1,"values":[0.9347,-0.3535,-0.038,0,0.3548,0.9208,0.1618,0,-0.0222,-0.1647,0.9861,0,13.2426,-0.3099,2.8565,1]},
{"frame":25,"values":[0.9347,-0.3535,-0.038,0,0.3548,0.9208,0.1618,0,-0.0222,-0.1647,0.9861,0,13.2426,-0.3099,2.8565,1]}],"loopBehavior":1,"name":"anim","property":"_matrix"}},
{"name":"LeftHandIndex2","index":16,"matrix":[0.8781,-0.476,-0.0492,0,0.476,0.8794,-0.0125,0,0.0492,-0.0125,0.9987,0,2.1974,0.0001,0,1],"rest":[1,0,-0.0001,0,0,1,0,0,0.0001,0,1,0,2.1974,0.0001,0,1],"parentBoneIndex":15,"length":1.5095
,"animation":{"dataType":3,"framePerSecond":24,"keys":[
{"frame":1,"values":[0.8781,-0.476,-0.0492,0,0.476,0.8794,-0.0125,0,0.0492,-0.0125,0.9987,0,2.1974,0.0001,0,1]},
{"frame":25,"values":[0.8781,-0.476,-0.0492,0,0.476,0.8794,-0.0125,0,0.0492,-0.0125,0.9987,0,2.1974,0.0001,0,1]}],"loopBehavior":1,"name":"anim","property":"_matrix"}},
{"name":"LeftHandIndex3","index":17,"matrix":[0.8501,-0.5264,-0.0166,0,0.5262,0.8503,-0.0144,0,0.0216,0.0035,0.9998,0,1.5095,0,0.0001,1],"rest":[0.9979,-0.0563,0.032,0,0.0563,0.9984,0.0009,0,-0.032,0.0009,0.9995,0,1.5095,0,0.0001,1],"parentBoneIndex":16,"length":1.6331
,"animation":{"dataType":3,"framePerSecond":24,"keys":[
{"frame":1,"values":[0.8501,-0.5264,-0.0166,0,0.5262,0.8503,-0.0144,0,0.0216,0.0035,0.9998,0,1.5095,0,0.0001,1]},
{"frame":25,"values":[0.8501,-0.5264,-0.0166,0,0.5262,0.8503,-0.0144,0,0.0216,0.0035,0.9998,0,1.5095,0,0.0001,1]}],"loopBehavior":1,"name":"anim","property":"_matrix"}},
{"name":"LeftHandIndex4","index":18,"matrix":[1,0,0,0,0,1,0,0,0,0,1,0,1.6297,0.092,-0.0521,1],"rest":[1,0,0,0,0,1,0,0,0,0,1,0,1.6297,0.092,-0.0521,1],"parentBoneIndex":17,"length":1.6331
,"animation":{"dataType":3,"framePerSecond":24,"keys":[
{"frame":1,"values":[1,0,0,0,0,1,0,0,0,0,1,0,1.6297,0.092,-0.0521,1]},
{"frame":25,"values":[1,0,0,0,0,1,0,0,0,0,1,0,1.6297,0.092,-0.0521,1]}],"loopBehavior":1,"name":"anim","property":"_matrix"}},
{"name":"LeftHandMiddle1","index":19,"matrix":[0.9353,-0.3522,-0.0329,0,0.3524,0.9195,0.1743,0,-0.0312,-0.1746,0.9841,0,13.0978,0,0,1],"rest":[1,0,0,0,0,1,0,0,0,0,1,0,13.0978,0,0,1],"parentBoneIndex":10,"length":2.2844
,"animation":{"dataType":3,"framePerSecond":24,"keys":[
{"frame":1,"values":[0.9353,-0.3522,-0.0329,0,0.3524,0.9195,0.1743,0,-0.0312,-0.1746,0.9841,0,13.0978,0,0,1]},
{"frame":25,"values":[0.9353,-0.3522,-0.0329,0,0.3524,0.9195,0.1743,0,-0.0312,-0.1746,0.9841,0,13.0978,0,0,1]}],"loopBehavior":1,"name":"anim","property":"_matrix"}},
{"name":"LeftHandMiddle2","index":20,"matrix":[0.6955,-0.7147,-0.0737,0,0.7147,0.6987,-0.0311,0,0.0737,-0.0311,0.9968,0,2.2844,-0.0001,0,1],"rest":[1,0,0,0,0,1,0,0,0,0,1,0,2.2844,-0.0001,0,1],"parentBoneIndex":19,"length":2.3882
,"animation":{"dataType":3,"framePerSecond":24,"keys":[
{"frame":1,"values":[0.6955,-0.7147,-0.0737,0,0.7147,0.6987,-0.0311,0,0.0737,-0.0311,0.9968,0,2.2844,-0.0001,0,1]},
{"frame":25,"values":[0.6955,-0.7147,-0.0737,0,0.7147,0.6987,-0.0311,0,0.0737,-0.0311,0.9968,0,2.2844,-0.0001,0,1]}],"loopBehavior":1,"name":"anim","property":"_matrix"}},
{"name":"LeftHandMiddle3","index":21,"matrix":[0.7198,-0.6905,-0.0713,0,0.6905,0.7228,-0.0286,0,0.0713,-0.0286,0.997,0,2.3882,0,-0.0001,1],"rest":[1,0,0,0,0,1,0,0,0,0,1,0,2.3882,0,-0.0001,1],"parentBoneIndex":20,"length":1.7509
,"animation":{"dataType":3,"framePerSecond":24,"keys":[
{"frame":1,"values":[0.7198,-0.6905,-0.0713,0,0.6905,0.7228,-0.0286,0,0.0713,-0.0286,0.997,0,2.3882,0,-0.0001,1]},
{"frame":25,"values":[0.7198,-0.6905,-0.0713,0,0.6905,0.7228,-0.0286,0,0.0713,-0.0286,0.997,0,2.3882,0,-0.0001,1]}],"loopBehavior":1,"name":"anim","property":"_matrix"}},
{"name":"LeftHandMiddle4","index":22,"matrix":[1,0,0,0,0,1,0,0,0,0,1,0,1.7509,0,0,1],"rest":[1,0,0,0,0,1,0,0,0,0,1,0,1.7509,0,0,1],"parentBoneIndex":21,"length":1.7509
,"animation":{"dataType":3,"framePerSecond":24,"keys":[
{"frame":1,"values":[1,0,0,0,0,1,0,0,0,0,1,0,1.7509,0,0,1]},
{"frame":25,"values":[1,0,0,0,0,1,0,0,0,0,1,0,1.7509,0,0,1]}],"loopBehavior":1,"name":"anim","property":"_matrix"}},
{"name":"LeftHandRing1","index":23,"matrix":[0.9513,-0.3081,-0.0057,0,0.3082,0.9511,0.0212,0,-0.0011,-0.0219,0.9998,0,12.2164,-0.0557,-2.7524,1],"rest":[1,0,0,0,0,1,0,0,0,0,1,0,12.2164,-0.0557,-2.7524,1],"parentBoneIndex":10,"length":2.1664
,"animation":{"dataType":3,"framePerSecond":24,"keys":[
{"frame":1,"values":[0.9513,-0.3081,-0.0057,0,0.3082,0.9511,0.0212,0,-0.0011,-0.0219,0.9998,0,12.2164,-0.0557,-2.7524,1]},
{"frame":25,"values":[0.9513,-0.3081,-0.0057,0,0.3082,0.9511,0.0212,0,-0.0011,-0.0219,0.9998,0,12.2164,-0.0557,-2.7524,1]}],"loopBehavior":1,"name":"anim","property":"_matrix"}},
{"name":"LeftHandRing2","index":24,"matrix":[0.3573,-0.929,-0.0959,0,0.929,0.3641,-0.0656,0,0.0959,-0.0656,0.9932,0,2.1664,0.0001,0,1],"rest":[1,0,0,0,0,1,0,0,0,0,1,0,2.1664,0.0001,0,1],"parentBoneIndex":23,"length":1.8761
,"animation":{"dataType":3,"framePerSecond":24,"keys":[
{"frame":1,"values":[0.3573,-0.929,-0.0959,0,0.929,0.3641,-0.0656,0,0.0959,-0.0656,0.9932,0,2.1664,0.0001,0,1]},
{"frame":25,"values":[0.3573,-0.929,-0.0959,0,0.929,0.3641,-0.0656,0,0.0959,-0.0656,0.9932,0,2.1664,0.0001,0,1]}],"loopBehavior":1,"name":"anim","property":"_matrix"}},
{"name":"LeftHandRing3","index":25,"matrix":[0.8114,-0.556,-0.1801,0,0.5622,0.8268,-0.0193,0,0.1596,-0.0856,0.9835,0,1.8761,0,0,1],"rest":[0.9998,-0.018,0.0101,0,0.018,0.9998,0.0001,0,-0.0101,0.0001,0.9999,0,1.8761,0,0,1],"parentBoneIndex":24,"length":2.24
,"animation":{"dataType":3,"framePerSecond":24,"keys":[
