{"producer":{"name":"Blender","version":"2.90.0","exporter_version":"6.4.4","file":"turnright_riffle.babylon"},
"autoClear":true,"clearColor":[0.0509,0.0509,0.0509],"gravity":[0,-9.81,0],
"materials":[{"name":"Material","id":"Material","customType":"BABYLON.PBRMaterial","backFaceCulling":true,"checkReadyOnlyOnce":false,"maxSimultaneousLights":4,"environmentIntensity":1,"albedo":[0.8,0.8,0.8],"reflectivity":[0.5,0.5,0.5],"roughness":0.4,"alpha":1,"transparencyMode":0,"alphaCutOff":0.4,"metallic":0}],
"multiMaterials":[],
"skeletons":[{"name":"Armature","id":0,"dimensionsAtRest":[192.3395,226.9932,28.649],"bones":[
{"name":"Hips","index":0,"matrix":[0.5758,0.0347,-0.8168,0,0.0691,0.9935,0.0909,0,-0.8146,0.1088,-0.5697,0,-1.1869,106.2961,-0.7411,1],"rest":[1,0,0,0,0,1,0,0,0,0,-1,0,0,114.0532,0,1],"parentBoneIndex":-1,"length":12.7599
,"animation":{"dataType":3,"framePerSecond":24,"keys":[
{"frame":1,"values":[0.5758,0.0347,-0.8168,0,0.0691,0.9935,0.0909,0,-0.8146,0.1088,-0.5697,0,-1.1869,106.2961,-0.7411,1]},
{"frame":2,"values":[0.5758,0.0347,-0.8168,0,0.0691,0.9935,0.0909,0,-0.8146,0.1088,-0.5697,0,-1.341,106.5066,-0.6951,1]},
{"frame":3,"values":[0.5758,0.0347,-0.8168,0,0.0691,0.9935,0.0909,0,-0.8146,0.1088,-0.5697,0,-1.8828,106.3524,-0.4639,1]},
{"frame":4,"values":[0.5758,0.0347,-0.8168,0,0.0691,0.9935,0.0909,0,-0.8146,0.1088,-0.5697,0,-3.617,106.0274,0.3194,1]},
{"frame":5,"values":[0.5758,0.0347,-0.8168,0,0.0691,0.9935,0.0909,0,-0.8146,0.1088,-0.5697,0,-6.7411,105.7755,1.9166,1]},
{"frame":6,"values":[0.5758,0.0347,-0.8168,0,0.0691,0.9935,0.0909,0,-0.8146,0.1088,-0.5697,0,-10.3703,105.7888,4.0562,1]},
{"frame":7,"values":[0.5758,0.0347,-0.8168,0,0.0691,0.9935,0.0909,0,-0.8146,0.1088,-0.5697,0,-13.5184,106.1469,6.2681,1]},
{"frame":8,"values":[0.5758,0.0347,-0.8168,0,0.0691,0.9935,0.0909,0,-0.8146,0.1088,-0.5697,0,-15.8598,106.5931,8.2805,1]},
{"frame":9,"values":[0.5758,0.0347,-0.8168,0,0.0691,0.9935,0.0909,0,-0.8146,0.1088,-0.5697,0,-17.6101,106.8644,9.6405,1]},
{"frame":10,"values":[0.5758,0.0347,-0.8168,0,0.0691,0.9935,0.0909,0,-0.8146,0.1088,-0.5697,0,-18.9618,106.8879,9.9109,1]},
{"frame":11,"values":[0.5758,0.0347,-0.8168,0,0.0691,0.9935,0.0909,0,-0.8146,0.1088,-0.5697,0,-20.037,106.6508,9.058,1]},
{"frame":12,"values":[0.5758,0.0347,-0.8168,0,0.0691,0.9935,0.0909,0,-0.8146,0.1088,-0.5697,0,-20.586,106.125,7.3939,1]},
{"frame":13,"values":[0.5758,0.0347,-0.8168,0,0.0691,0.9935,0.0909,0,-0.8146,0.1088,-0.5697,0,-20.692,105.389,5.4172,1]},
{"frame":14,"values":[0.5758,0.0347,-0.8168,0,0.0691,0.9935,0.0909,0,-0.8146,0.1088,-0.5697,0,-20.5003,104.5863,3.471,1]},
{"frame":15,"values":[0.5758,0.0347,-0.8168,0,0.0691,0.9935,0.0909,0,-0.8146,0.1088,-0.5697,0,-20.1407,104.0292,1.7068,1]},
{"frame":16,"values":[0.5758,0.0347,-0.8168,0,0.0691,0.9935,0.0909,0,-0.8146,0.1088,-0.5697,0,-19.3384,103.8046,0.2327,1]},
{"frame":17,"values":[0.5758,0.0347,-0.8168,0,0.0691,0.9935,0.0909,0,-0.8146,0.1088,-0.5697,0,-18.2223,103.8663,-0.8622,1]},
{"frame":18,"values":[0.5758,0.0347,-0.8168,0,0.0691,0.9935,0.0909,0,-0.8146,0.1088,-0.5697,0,-17.0969,103.9874,-1.4297,1]},
{"frame":19,"values":[0.5758,0.0347,-0.8168,0,0.0691,0.9935,0.0909,0,-0.8146,0.1088,-0.5697,0,-15.8442,104.0549,-1.4095,1]},
{"frame":20,"values":[0.5758,0.0347,-0.8168,0,0.0691,0.9935,0.0909,0,-0.8146,0.1088,-0.5697,0,-13.8045,104.1515,-1.0457,1]},
{"frame":21,"values":[0.5758,0.0347,-0.8168,0,0.0691,0.9935,0.0909,0,-0.8146,0.1088,-0.5697,0,-10.7092,104.429,-0.6061,1]},
{"frame":22,"values":[0.5758,0.0347,-0.8168,0,0.0691,0.9935,0.0909,0,-0.8146,0.1088,-0.5697,0,-7.3183,104.9076,-0.1236,1]},
{"frame":23,"values":[0.5758,0.0347,-0.8168,0,0.0691,0.9935,0.0909,0,-0.8146,0.1088,-0.5697,0,-4.5682,105.5315,0.3802,1]},
{"frame":24,"values":[0.5758,0.0347,-0.8168,0,0.0691,0.9935,0.0909,0,-0.8146,0.1088,-0.5697,0,-2.2648,106.0429,0.872,1]},
{"frame":25,"values":[0.5758,0.0347,-0.8168,0,0.0691,0.9935,0.0909,0,-0.8146,0.1088,-0.5697,0,-0.7412,106.296,1.1868,1]}],"loopBehavior":1,"name":"anim","property":"_matrix"}},
{"name":"Spine","index":1,"matrix":[0.9999,0.009,-0.0076,0,-0.0083,0.9957,0.0919,0,0.0084,-0.0918,0.9957,0,-0.0057,10.8958,-1.2787,1],"rest":[1,0,0,0,0,1,0,0,0,0,1,0,-0.0057,10.8958,-1.2787,1],"parentBoneIndex":0,"length":12.7989
,"animation":{"dataType":3,"framePerSecond":24,"keys":[
{"frame":1,"values":[0.9999,0.009,-0.0076,0,-0.0083,0.9957,0.0919,0,0.0084,-0.0918,0.9957,0,-0.0057,10.8958,-1.2787,1]},
{"frame":2,"values":[0.9999,0.0095,-0.0085,0,-0.0087,0.9957,0.0926,0,0.0093,-0.0925,0.9957,0,-0.0057,10.8958,-1.2787,1]},
{"frame":3,"values":[0.9999,0.008,-0.0094,0,-0.0071,0.9956,0.0932,0,0.0101,-0.0931,0.9956,0,-0.0057,10.8958,-1.2787,1]},
{"frame":4,"values":[0.9999,0.0055,-0.0104,0,-0.0045,0.9956,0.0935,0,0.0108,-0.0935,0.9956,0,-0.0057,10.8958,-1.2787,1]},
{"frame":5,"values":[0.9999,0,-0.0114,0,0.0011,0.9956,0.0934,0,0.0114,-0.0934,0.9956,0,-0.0057,10.8958,-1.2787,1]},
{"frame":6,"values":[0.9999,-0.0058,-0.0129,0,0.007,0.9956,0.0931,0,0.0123,-0.0932,0.9956,0,-0.0057,10.8958,-1.2787,1]},
{"frame":7,"values":[0.9998,-0.009,-0.0152,0,0.0104,0.9955,0.094,0,0.0143,-0.0941,0.9955,0,-0.0057,10.8958,-1.2787,1]},
{"frame":8,"values":[0.9998,-0.01,-0.0176,0,0.0116,0.9954,0.0955,0,0.0166,-0.0957,0.9953,0,-0.0057,10.8958,-1.2787,1]},
{"frame":9,"values":[0.9998,-0.0106,-0.0196,0,0.0124,0.9952,0.097,0,0.0185,-0.0973,0.9951,0,-0.0057,10.8958,-1.2787,1]},
{"frame":10,"values":[0.9997,-0.0108,-0.0212,0,0.0128,0.9951,0.0985,0,0.02,-0.0987,0.9949,0,-0.0057,10.8958,-1.2787,1]},
{"frame":11,"values":[0.9997,-0.0101,-0.0218,0,0.0122,0.995,0.0996,0,0.0207,-0.0998,0.9948,0,-0.0057,10.8958,-1.2787,1]},
{"frame":12,"values":[0.9997,-0.0088,-0.0212,0,0.0109,0.9949,0.1005,0,0.0202,-0.1007,0.9947,0,-0.0057,10.8958,-1.2787,1]},
{"frame":13,"values":[0.9998,-0.0074,-0.0188,0,0.0093,0.9949,0.1008,0,0.018,-0.1009,0.9947,0,-0.0057,10.8958,-1.2787,1]},
{"frame":14,"values":[1,-0.0057,-0.0056,0,0.0062,0.9948,0.1014,0,0.005,-0.1014,0.9948,0,-0.0057,10.8958,-1.2787,1]},
{"frame":15,"values":[0.9999,-0.0012,0.015,0,-0.0004,0.9948,0.1021,0,-0.015,-0.1021,0.9947,0,-0.0057,10.8958,-1.2787,1]},
{"frame":16,"values":[0.9994,0.0053,0.0354,0,-0.0088,0.9948,0.1016,0,-0.0346,-0.1018,0.9942,0,-0.0057,10.8958,-1.2787,1]},
{"frame":17,"values":[0.9988,0.0119,0.0468,0,-0.0166,0.9948,0.1002,0,-0.0453,-0.1009,0.9939,0,-0.0057,10.8958,-1.2787,1]},
{"frame":18,"values":[0.9987,0.0164,0.0473,0,-0.021,0.9949,0.0985,0,-0.0454,-0.0994,0.994,0,-0.0057,10.8958,-1.2787,1]},
{"frame":19,"values":[0.9988,0.0183,0.0464,0,-0.0227,0.9951,0.096,0,-0.0444,-0.097,0.9943,0,-0.0057,10.8958,-1.2787,1]},
{"frame":20,"values":[0.9988,0.0184,0.0448,0,-0.0225,0.9954,0.0934,0,-0.0429,-0.0943,0.9946,0,-0.0057,10.8958,-1.2787,1]},
{"frame":21,"values":[0.999,0.0169,0.0422,0,-0.0207,0.9956,0.0911,0,-0.0405,-0.0919,0.9949,0,-0.0057,10.8958,-1.2787,1]},
{"frame":22,"values":[0.9992,0.0132,0.0381,0,-0.0166,0.9958,0.0897,0,-0.0367,-0.0903,0.9952,0,-0.0057,10.8958,-1.2787,1]},
{"frame":23,"values":[0.9994,0.0096,0.0323,0,-0.0124,0.9959,0.0893,0,-0.0313,-0.0896,0.9955,0,-0.0057,10.8958,-1.2787,1]},
{"frame":24,"values":[0.9999,0.0084,0.0137,0,-0.0096,0.9958,0.0905,0,-0.0129,-0.0907,0.9958,0,-0.0057,10.8958,-1.2787,1]},
{"frame":25,"values":[0.9999,0.009,-0.0076,0,-0.0083,0.9957,0.0919,0,0.0084,-0.0918,0.9957,0,-0.0057,10.8958,-1.2787,1]}],"loopBehavior":1,"name":"anim","property":"_matrix"}},
{"name":"Spine1","index":2,"matrix":[0.9998,0.0069,-0.019,0,-0.0052,0.9963,0.0854,0,0.0196,-0.0853,0.9962,0,-0.0066,12.7117,-1.4918,1],"rest":[1,0,0,0,0,1,0,0,0,0,1,0,-0.0066,12.7117,-1.4918,1],"parentBoneIndex":1,"length":14.6274
,"animation":{"dataType":3,"framePerSecond":24,"keys":[
{"frame":1,"values":[0.9998,0.0069,-0.019,0,-0.0052,0.9963,0.0854,0,0.0196,-0.0853,0.9962,0,-0.0066,12.7117,-1.4918,1]},
{"frame":2,"values":[0.9998,0.0068,-0.0201,0,-0.005,0.9963,0.0855,0,0.0206,-0.0854,0.9961,0,-0.0066,12.7117,-1.4918,1]},
{"frame":3,"values":[0.9998,0.0063,-0.0193,0,-0.0047,0.9963,0.0853,0,0.0198,-0.0852,0.9962,0,-0.0066,12.7117,-1.4918,1]},
{"frame":4,"values":[0.9998,0.0052,-0.0168,0,-0.0037,0.9964,0.0849,0,0.0171,-0.0849,0.9962,0,-0.0066,12.7117,-1.4918,1]},
{"frame":5,"values":[0.9999,0.0035,-0.0129,0,-0.0024,0.9964,0.0843,0,0.0131,-0.0842,0.9964,0,-0.0066,12.7117,-1.4918,1]},
{"frame":6,"values":[1,0.0019,-0.0091,0,-0.0012,0.9965,0.0836,0,0.0092,-0.0836,0.9965,0,-0.0066,12.7117,-1.4918,1]},
{"frame":7,"values":[1,0.001,-0.0071,0,-0.0004,0.9965,0.0832,0,0.0071,-0.0832,0.9965,0,-0.0066,12.7117,-1.4918,1]},
{"frame":8,"values":[1,0.0005,-0.0058,0,0,0.9965,0.083,0,0.0058,-0.083,0.9965,0,-0.0066,12.7117,-1.4918,1]},
{"frame":9,"values":[1,0.0002,-0.0043,0,0.0001,0.9966,0.0829,0,0.0043,-0.0829,0.9965,0,-0.0066,12.7117,-1.4918,1]},
{"frame":10,"values":[1,0.0001,-0.0029,0,0.0002,0.9966,0.0828,0,0.0029,-0.0828,0.9966,0,-0.0066,12.7117,-1.4918,1]},
{"frame":11,"values":[1,0,-0.0014,0,0.0001,0.9966,0.0828,0,0.0014,-0.0828,0.9966,0,-0.0066,12.7117,-1.4918,1]},
{"frame":12,"values":[1,0.0001,-0.001,0,0,0.9966,0.0827,0,0.001,-0.0827,0.9966,0,-0.0066,12.7117,-1.4918,1]},
{"frame":13,"values":[1,-0.0001,0.0001,0,0,0.9966,0.0827,0,-0.0001,-0.0827,0.9966,0,-0.0066,12.7117,-1.4918,1]},
{"frame":14,"values":[0.9998,-0.0016,0.0192,0,0,0.9966,0.0819,0,-0.0192,-0.0818,0.9965,0,-0.0066,12.7117,-1.4918,1]},
{"frame":15,"values":[0.9985,-0.0044,0.0545,0,0,0.9968,0.0802,0,-0.0547,-0.0801,0.9953,0,-0.0066,12.7117,-1.4918,1]},
{"frame":16,"values":[0.9958,-0.0067,0.0911,0,-0.0005,0.9969,0.0782,0,-0.0914,-0.0779,0.9928,0,-0.0066,12.7117,-1.4918,1]},
{"frame":17,"values":[0.9937,-0.0074,0.1115,0,-0.0012,0.997,0.077,0,-0.1117,-0.0767,0.9908,0,-0.0066,12.7117,-1.4918,1]},
{"frame":18,"values":[0.9942,-0.0062,0.107,0,-0.0022,0.997,0.0775,0,-0.1071,-0.0773,0.9912,0,-0.0066,12.7117,-1.4918,1]},
{"frame":19,"values":[0.9961,-0.0037,0.0877,0,-0.0032,0.9969,0.0788,0,-0.0877,-0.0788,0.993,0,-0.0066,12.7117,-1.4918,1]},
{"frame":20,"values":[0.9982,-0.0007,0.0602,0,-0.0042,0.9967,0.0806,0,-0.06,-0.0807,0.9949,0,-0.0066,12.7117,-1.4918,1]},
{"frame":21,"values":[0.9995,0.0025,0.0302,0,-0.0049,0.9966,0.0825,0,-0.0299,-0.0826,0.9961,0,-0.0066,12.7117,-1.4918,1]},
{"frame":22,"values":[1,0.0051,0.0039,0,-0.0054,0.9965,0.084,0,-0.0035,-0.084,0.9965,0,-0.0066,12.7117,-1.4918,1]},
{"frame":23,"values":[0.9999,0.0066,-0.013,0,-0.0055,0.9964,0.085,0,0.0135,-0.085,0.9963,0,-0.0066,12.7117,-1.4918,1]},
{"frame":24,"values":[0.9998,0.0069,-0.0179,0,-0.0053,0.9963,0.0853,0,0.0184,-0.0852,0.9962,0,-0.0066,12.7117,-1.4918,1]},
{"frame":25,"values":[0.9998,0.0069,-0.019,0,-0.0052,0.9963,0.0854,0,0.0196,-0.0853,0.9962,0,-0.0066,12.7117,-1.4918,1]}],"loopBehavior":1,"name":"anim","property":"_matrix"}},
{"name":"Spine2","index":3,"matrix":[0.9998,0.0032,-0.0178,0,-0.0006,0.9892,0.1469,0,0.0181,-0.1468,0.989,0,-0.0076,14.5277,-1.7049,1],"rest":[1,0,0,0,0,1,0,0,0,0,1,0,-0.0076,14.5277,-1.7049,1],"parentBoneIndex":2,"length":15.4825
,"animation":{"dataType":3,"framePerSecond":24,"keys":[
{"frame":1,"values":[0.9998,0.0032,-0.0178,0,-0.0006,0.9892,0.1469,0,0.0181,-0.1468,0.989,0,-0.0076,14.5277,-1.7049,1]},
{"frame":2,"values":[0.9997,0.0016,-0.023,0,0.0017,0.9894,0.1452,0,0.023,-0.1452,0.9891,0,-0.0076,14.5277,-1.7049,1]},
{"frame":3,"values":[0.999,-0.0002,-0.0448,0,0.0066,0.9898,0.1422,0,0.0443,-0.1423,0.9888,0,-0.0076,14.5277,-1.7049,1]},
{"frame":4,"values":[0.9942,0.0002,-0.1073,0,0.015,0.99,0.1404,0,0.1063,-0.1412,0.9843,0,-0.0076,14.5277,-1.7049,1]},
{"frame":5,"values":[0.9783,0.0029,-0.207,0,0.0269,0.9896,0.1411,0,0.2052,-0.1436,0.9681,0,-0.0076,14.5277,-1.7049,1]},
{"frame":6,"values":[0.9531,0.0069,-0.3027,0,0.0383,0.9889,0.1433,0,0.3003,-0.1482,0.9423,0,-0.0076,14.5277,-1.7049,1]},
{"frame":7,"values":[0.9338,0.0098,-0.3577,0,0.0452,0.9884,0.1449,0,0.355,-0.1515,0.9225,0,-0.0076,14.5277,-1.7049,1]},
{"frame":8,"values":[0.9207,0.0124,-0.39,0,0.0489,0.9879,0.1469,0,0.3871,-0.1543,0.909,0,-0.0076,14.5277,-1.7049,1]},
{"frame":9,"values":[0.9106,0.0148,-0.4129,0,0.0514,0.9875,0.1487,0,0.41,-0.1567,0.8985,0,-0.0076,14.5277,-1.7049,1]},
{"frame":10,"values":[0.9035,0.0166,-0.4283,0,0.053,0.9872,0.1501,0,0.4253,-0.1583,0.8911,0,-0.0076,14.5277,-1.7049,1]},
{"frame":11,"values":[0.8989,0.0187,-0.4377,0,0.0534,0.987,0.1519,0,0.4349,-0.1599,0.8862,0,-0.0076,14.5277,-1.7049,1]},
{"frame":12,"values":[0.8965,0.0201,-0.4426,0,0.0533,0.9868,0.1528,0,0.4398,-0.1606,0.8836,0,-0.0076,14.5277,-1.7049,1]},
{"frame":13,"values":[0.8964,0.0202,-0.4427,0,0.0533,0.9868,0.1529,0,0.44,-0.1607,0.8835,0,-0.0076,14.5277,-1.7049,1]},
{"frame":14,"values":[0.9048,0.0206,-0.4253,0,0.0493,0.987,0.1527,0,0.4229,-0.1591,0.8921,0,-0.0076,14.5277,-1.7049,1]},
{"frame":15,"values":[0.9223,0.0205,-0.3858,0,0.0416,0.9875,0.1521,0,0.3841,-0.1564,0.9099,0,-0.0076,14.5277,-1.7049,1]},
{"frame":16,"values":[0.9439,0.0192,-0.3297,0,0.0328,0.9879,0.1514,0,0.3286,-0.1537,0.9319,0,-0.0076,14.5277,-1.7049,1]},
{"frame":17,"values":[0.9646,0.0149,-0.2635,0,0.0259,0.9882,0.1507,0,0.2626,-0.1522,0.9528,0,-0.0076,14.5277,-1.7049,1]},
{"frame":18,"values":[0.9805,0.0084,-0.1964,0,0.0216,0.9884,0.1501,0,0.1954,-0.1514,0.969,0,-0.0076,14.5277,-1.7049,1]},
{"frame":19,"values":[0.9905,0.0045,-0.1376,0,0.0163,0.9887,0.1493,0,0.1367,-0.1501,0.9792,0,-0.0076,14.5277,-1.7049,1]},
{"frame":20,"values":[0.996,0.0027,-0.0891,0,0.0106,0.9889,0.1484,0,0.0885,-0.1487,0.9849,0,-0.0076,14.5277,-1.7049,1]},
{"frame":21,"values":[0.9986,0.0024,-0.0521,0,0.0053,0.989,0.1476,0,0.0519,-0.1476,0.9877,0,-0.0076,14.5277,-1.7049,1]},
{"frame":22,"values":[0.9996,0.0028,-0.0278,0,0.0013,0.9891,0.1469,0,0.0279,-0.1469,0.9888,0,-0.0076,14.5277,-1.7049,1]},
{"frame":23,"values":[0.9999,0.0033,-0.0165,0,-0.0008,0.9892,0.1467,0,0.0168,-0.1467,0.989,0,-0.0076,14.5277,-1.7049,1]},
{"frame":24,"values":[0.9999,0.0033,-0.0166,0,-0.0008,0.9892,0.1468,0,0.0169,-0.1467,0.989,0,-0.0076,14.5277,-1.7049,1]},
{"frame":25,"values":[0.9998,0.0032,-0.0178,0,-0.0006,0.9892,0.1469,0,0.0181,-0.1468,0.989,0,-0.0076,14.5277,-1.7049,1]}],"loopBehavior":1,"name":"anim","property":"_matrix"}},
{"name":"Neck","index":4,"matrix":[0.9953,0.0011,-0.0972,0,0.0032,0.999,0.0439,0,0.0971,-0.044,0.9943,0,-0.0085,16.3436,-1.918,1],"rest":[1,0,0,0,0,1,0,0,0,0,1,0,-0.0085,16.3436,-1.918,1],"parentBoneIndex":3,"length":7.7098
,"animation":{"dataType":3,"framePerSecond":24,"keys":[
{"frame":1,"values":[0.9953,0.0011,-0.0972,0,0.0032,0.999,0.0439,0,0.0971,-0.044,0.9943,0,-0.0085,16.3436,-1.918,1]},
{"frame":2,"values":[0.9952,0.0011,-0.0979,0,0.0032,0.999,0.0444,0,0.0978,-0.0445,0.9942,0,-0.0085,16.3436,-1.918,1]},
{"frame":3,"values":[0.9951,0.0017,-0.0992,0,0.0027,0.999,0.0452,0,0.0992,-0.0452,0.994,0,-0.0085,16.3436,-1.918,1]},
{"frame":4,"values":[0.9969,0.0032,-0.0781,0,0.0001,0.9991,0.0422,0,0.0781,-0.0421,0.9961,0,-0.0085,16.3436,-1.918,1]},
{"frame":5,"values":[0.9989,0.0055,-0.0456,0,-0.0038,0.9993,0.0377,0,0.0458,-0.0375,0.9982,0,-0.0085,16.3436,-1.918,1]},
{"frame":6,"values":[0.9999,0.0086,-0.0119,0,-0.0082,0.9994,0.0335,0,0.0121,-0.0334,0.9994,0,-0.0085,16.3436,-1.918,1]},
{"frame":7,"values":[0.9998,0.0117,0.0134,0,-0.0121,0.9995,0.0308,0,-0.013,-0.031,0.9994,0,-0.0085,16.3436,-1.918,1]},
{"frame":8,"values":[0.9995,0.0143,0.0276,0,-0.0152,0.9994,0.0299,0,-0.0272,-0.0303,0.9992,0,-0.0085,16.3436,-1.918,1]},
{"frame":9,"values":[0.9992,0.0169,0.0371,0,-0.018,0.9994,0.0297,0,-0.0366,-0.0303,0.9989,0,-0.0085,16.3436,-1.918,1]},
{"frame":10,"values":[0.9989,0.0193,0.0425,0,-0.0206,0.9993,0.03,0,-0.0419,-0.0308,0.9986,0,-0.0085,16.3436,-1.918,1]},
{"frame":11,"values":[0.9988,0.0213,0.0442,0,-0.0227,0.9993,0.0308,0,-0.0435,-0.0317,0.9985,0,-0.0085,16.3436,-1.918,1]},
{"frame":12,"values":[0.9988,0.0228,0.0428,0,-0.0241,0.9992,0.0319,0,-0.042,-0.0329,0.9986,0,-0.0085,16.3436,-1.918,1]},
{"frame":13,"values":[0.999,0.0236,0.0384,0,-0.0249,0.9991,0.0334,0,-0.0376,-0.0343,0.9987,0,-0.0085,16.3436,-1.918,1]},
{"frame":14,"values":[0.9993,0.0235,0.029,0,-0.0246,0.9991,0.0357,0,-0.0281,-0.0364,0.9989,0,-0.0085,16.3436,-1.918,1]},
{"frame":15,"values":[0.9997,0.0227,0.012,0,-0.0231,0.999,0.0394,0,-0.0111,-0.0397,0.9992,0,-0.0085,16.3436,-1.918,1]},
{"frame":16,"values":[0.9997,0.0216,-0.0074,0,-0.0212,0.9988,0.0431,0,0.0083,-0.043,0.999,0,-0.0085,16.3436,-1.918,1]},
{"frame":17,"values":[0.9995,0.0204,-0.0238,0,-0.0193,0.9988,0.0453,0,0.0247,-0.0448,0.9987,0,-0.0085,16.3436,-1.918,1]},
{"frame":18,"values":[0.9993,0.019,-0.0333,0,-0.0175,0.9988,0.0451,0,0.0341,-0.0445,0.9984,0,-0.0085,16.3436,-1.918,1]},
{"frame":19,"values":[0.9991,0.0173,-0.0381,0,-0.0157,0.9989,0.0441,0,0.0389,-0.0434,0.9983,0,-0.0085,16.3436,-1.918,1]},
{"frame":20,"values":[0.999,0.0153,-0.0416,0,-0.0135,0.999,0.0428,0,0.0422,-0.0422,0.9982,0,-0.0085,16.3436,-1.918,1]},
{"frame":21,"values":[0.9988,0.013,-0.0469,0,-0.011,0.9991,0.0419,0,0.0474,-0.0413,0.998,0,-0.0085,16.3436,-1.918,1]},
{"frame":22,"values":[0.9983,0.01,-0.058,0,-0.0075,0.9991,0.0418,0,0.0583,-0.0413,0.9974,0,-0.0085,16.3436,-1.918,1]},
{"frame":23,"values":[0.9972,0.0059,-0.0747,0,-0.0027,0.9991,0.0425,0,0.0749,-0.0422,0.9963,0,-0.0085,16.3436,-1.918,1]},
{"frame":24,"values":[0.996,0.0026,-0.0895,0,0.0013,0.9991,0.0434,0,0.0895,-0.0433,0.995,0,-0.0085,16.3436,-1.918,1]},
{"frame":25,"values":[0.9953,0.0011,-0.0972,0,0.0032,0.999,0.044,0,0.0971,-0.0441,0.9943,0,-0.0085,16.3436,-1.918,1]}],"loopBehavior":1,"name":"anim","property":"_matrix"}},
{"name":"Head","index":5,"matrix":[0.7901,-0.1028,-0.6042,0,0.1018,0.9942,-0.0361,0,0.6044,-0.033,0.796,0,0,7.4726,1.8977,1],"rest":[1,0,0,0,0,1,0,0,0,0,1,0,0,7.4726,1.8977,1],"parentBoneIndex":4,"length":26.3062
,"animation":{"dataType":3,"framePerSecond":24,"keys":[
{"frame":1,"values":[0.7901,-0.1028,-0.6042,0,0.1018,0.9942,-0.0361,0,0.6044,-0.033,0.796,0,0,7.4726,1.8977,1]},
{"frame":2,"values":[0.7887,-0.1002,-0.6066,0,0.0998,0.9944,-0.0345,0,0.6067,-0.0333,0.7943,0,0,7.4726,1.8977,1]},
{"frame":3,"values":[0.7847,-0.0955,-0.6125,0,0.096,0.9949,-0.0321,0,0.6124,-0.0336,0.7898,0,0,7.4726,1.8977,1]},
{"frame":4,"values":[0.8383,-0.1034,-0.5353,0,0.0929,0.9946,-0.0466,0,0.5372,-0.0106,0.8434,0,0,7.4726,1.8977,1]},
{"frame":5,"values":[0.9067,-0.1123,-0.4065,0,0.0921,0.9934,-0.0689,0,0.4116,0.025,0.911,0,0,7.4726,1.8977,1]},
{"frame":6,"values":[0.9571,-0.1142,-0.2664,0,0.093,0.9915,-0.0906,0,0.2745,0.0619,0.9596,0,0,7.4726,1.8977,1]},
{"frame":7,"values":[0.9801,-0.1097,-0.1654,0,0.093,0.9901,-0.1055,0,0.1753,0.088,0.9806,0,0,7.4726,1.8977,1]},
{"frame":8,"values":[0.9873,-0.1032,-0.1209,0,0.0896,0.9896,-0.1129,0,0.1313,0.1007,0.9862,0,0,7.4726,1.8977,1]},
{"frame":9,"values":[0.9898,-0.0962,-0.1047,0,0.0838,0.9895,-0.1174,0,0.1149,0.1075,0.9876,0,0,7.4726,1.8977,1]},
{"frame":10,"values":[0.9898,-0.0898,-0.1106,0,0.0764,0.9899,-0.1195,0,0.1202,0.1098,0.9867,0,0,7.4726,1.8977,1]},
{"frame":11,"values":[0.9873,-0.0841,-0.1349,0,0.0681,0.9905,-0.1192,0,0.1436,0.1085,0.9837,0,0,7.4726,1.8977,1]},
{"frame":12,"values":[0.9818,-0.0794,-0.1723,0,0.0597,0.9914,-0.1168,0,0.1801,0.1044,0.9781,0,0,7.4726,1.8977,1]},
{"frame":13,"values":[0.9728,-0.0758,-0.2189,0,0.0521,0.9923,-0.1122,0,0.2258,0.0978,0.9693,0,0,7.4726,1.8977,1]},
{"frame":14,"values":[0.9551,-0.0729,-0.2871,0,0.0448,0.9936,-0.1032,0,0.2928,0.0858,0.9523,0,0,7.4726,1.8977,1]},
{"frame":15,"values":[0.9184,-0.0683,-0.3898,0,0.037,0.9955,-0.0873,0,0.394,0.0658,0.9168,0,0,7.4726,1.8977,1]},
{"frame":16,"values":[0.8693,-0.0613,-0.4905,0,0.031,0.9971,-0.0697,0,0.4934,0.0454,0.8686,0,0,7.4726,1.8977,1]},
{"frame":17,"values":[0.8288,-0.0554,-0.5569,0,0.0287,0.998,-0.0566,0,0.5589,0.0309,0.8287,0,0,7.4726,1.8977,1]},
{"frame":18,"values":[0.8114,-0.0549,-0.5819,0,0.0304,0.9982,-0.0518,0,0.5837,0.0244,0.8116,0,0,7.4726,1.8977,1]},
{"frame":19,"values":[0.8009,-0.0585,-0.596,0,0.0346,0.9981,-0.0514,0,0.5978,0.0205,0.8014,0,0,7.4726,1.8977,1]},
{"frame":20,"values":[0.794,-0.0644,-0.6045,0,0.0409,0.9978,-0.0525,0,0.6065,0.0169,0.7949,0,0,7.4726,1.8977,1]},
{"frame":21,"values":[0.7894,-0.0709,-0.6098,0,0.049,0.9974,-0.0525,0,0.6119,0.0115,0.7908,0,0,7.4726,1.8977,1]},
{"frame":22,"values":[0.7849,-0.0777,-0.6148,0,0.0598,0.997,-0.0497,0,0.6168,0.0023,0.7871,0,0,7.4726,1.8977,1]},
{"frame":23,"values":[0.7802,-0.0866,-0.6195,0,0.0743,0.9962,-0.0457,0,0.6211,-0.0104,0.7836,0,0,7.4726,1.8977,1]},
{"frame":24,"values":[0.7835,-0.0962,-0.6138,0,0.0906,0.9951,-0.0402,0,0.6147,-0.0241,0.7884,0,0,7.4726,1.8977,1]},
{"frame":25,"values":[0.7901,-0.1028,-0.6042,0,0.1018,0.9942,-0.0361,0,0.6044,-0.033,0.796,0,0,7.4726,1.8977,1]}],"loopBehavior":1,"name":"anim","property":"_matrix"}},
{"name":"HeadTop_End","index":6,"matrix":[1,0,0,0,0,1,0,0,0,0,1,0,0,25.4969,6.475,1],"rest":[1,0,0,0,0,1,0,0,0,0,1,0,0,25.4969,6.475,1],"parentBoneIndex":5,"length":26.3062
,"animation":{"dataType":3,"framePerSecond":24,"keys":[
{"frame":1,"values":[1,0,0,0,0,1,0,0,0,0,1,0,0,25.4969,6.475,1]},
{"frame":25,"values":[1,0,0,0,0,1,0,0,0,0,1,0,0,25.4969,6.475,1]}],"loopBehavior":1,"name":"anim","property":"_matrix"}},
{"name":"LeftShoulder","index":7,"matrix":[0.9085,-0.1068,0.404,0,0.0375,0.9837,0.1758,0,-0.4162,-0.1446,0.8977,0,5.5507,13.7754,-1.9265,1],"rest":[1,-0.002,0,0,0.002,1,0,0,0,0,1,0,5.5507,13.7754,-1.9265,1],"parentBoneIndex":3,"length":12.2475
,"animation":{"dataType":3,"framePerSecond":24,"keys":[
{"frame":1,"values":[0.9085,-0.1068,0.404,0,0.0375,0.9837,0.1758,0,-0.4162,-0.1446,0.8977,0,5.5507,13.7754,-1.9265,1]},
{"frame":2,"values":[0.9071,-0.1165,0.4044,0,0.0473,0.9831,0.1771,0,-0.4182,-0.1416,0.8972,0,5.5507,13.7754,-1.9265,1]},
{"frame":3,"values":[0.9069,-0.1181,0.4045,0,0.0489,0.9829,0.1774,0,-0.4186,-0.1411,0.8972,0,5.5507,13.7754,-1.9265,1]},
{"frame":24,"values":[0.9076,-0.1135,0.4043,0,0.0442,0.9833,0.1767,0,-0.4176,-0.1425,0.8974,0,5.5507,13.7754,-1.9265,1]},
{"frame":25,"values":[0.9085,-0.1068,0.404,0,0.0375,0.9837,0.1758,0,-0.4162,-0.1446,0.8977,0,5.5507,13.7754,-1.9265,1]}],"loopBehavior":1,"name":"anim","property":"_matrix"}},
{"name":"LeftArm","index":8,"matrix":[0.4783,-0.7878,0.3882,0,0.8716,0.3716,-0.3198,0,0.1076,0.4913,0.8643,0,11.8394,-3.1354,-0.0171,1],"rest":[0.9973,-0.0184,0.0706,0,0.0183,0.9998,0.0011,0,-0.0707,0.0002,0.9975,0,11.8394,-3.1354,-0.0171,1],"parentBoneIndex":7,"length":29.2403
,"animation":{"dataType":3,"framePerSecond":24,"keys":[
{"frame":1,"values":[0.4783,-0.7878,0.3882,0,0.8716,0.3716,-0.3198,0,0.1076,0.4913,0.8643,0,11.8394,-3.1354,-0.0171,1]},
{"frame":2,"values":[0.4733,-0.7847,0.4002,0,0.8762,0.3724,-0.306,0,0.091,0.4955,0.8638,0,11.8394,-3.1354,-0.0171,1]},
{"frame":3,"values":[0.4602,-0.7849,0.4149,0,0.8849,0.3679,-0.2855,0,0.0715,0.4985,0.8639,0,11.8394,-3.1354,-0.0171,1]},
{"frame":4,"values":[0.4437,-0.7853,0.4317,0,0.8938,0.3527,-0.2771,0,0.0653,0.5088,0.8584,0,11.8394,-3.1354,-0.0171,1]},
{"frame":5,"values":[0.4313,-0.7844,0.4457,0,0.8994,0.3352,-0.2805,0,0.0707,0.5219,0.8501,0,11.8394,-3.1354,-0.0171,1]},
{"frame":6,"values":[0.4263,-0.7844,0.4506,0,0.9007,0.3223,-0.2912,0,0.0832,0.53,0.8439,0,11.8394,-3.1354,-0.0171,1]},
{"frame":7,"values":[0.4301,-0.7865,0.4432,0,0.897,0.3168,-0.3082,0,0.102,0.5301,0.8418,0,11.8394,-3.1354,-0.0171,1]},
{"frame":8,"values":[0.4437,-0.7895,0.424,0,0.8861,0.3158,-0.3392,0,0.1339,0.5262,0.8397,0,11.8394,-3.1354,-0.0171,1]},
{"frame":9,"values":[0.4633,-0.7887,0.4042,0,0.8698,0.3171,-0.3781,0,0.17,0.5267,0.8329,0,11.8394,-3.1354,-0.0171,1]},
{"frame":10,"values":[0.4842,-0.7816,0.3932,0,0.8527,0.321,-0.4121,0,0.1959,0.5348,0.822,0,11.8394,-3.1354,-0.0171,1]},
{"frame":11,"values":[0.5058,-0.7657,0.3974,0,0.8384,0.3278,-0.4355,0,0.2032,0.5535,0.8077,0,11.8394,-3.1354,-0.0171,1]},
{"frame":12,"values":[0.5172,-0.7551,0.4029,0,0.8315,0.3319,-0.4454,0,0.2026,0.5654,0.7996,0,11.8394,-3.1354,-0.0171,1]},
{"frame":13,"values":[0.5186,-0.7505,0.4097,0,0.8327,0.3346,-0.4412,0,0.194,0.57,0.7984,0,11.8394,-3.1354,-0.0171,1]},
{"frame":14,"values":[0.5167,-0.7461,0.4199,0,0.8381,0.3405,-0.4263,0,0.1751,0.5721,0.8013,0,11.8394,-3.1354,-0.0171,1]},
{"frame":15,"values":[0.5143,-0.7441,0.4264,0,0.8438,0.3501,-0.4067,0,0.1533,0.569,0.8079,0,11.8394,-3.1354,-0.0171,1]},
{"frame":16,"values":[0.5144,-0.7402,0.4331,0,0.8466,0.3576,-0.3942,0,0.1369,0.5694,0.8106,0,11.8394,-3.1354,-0.0171,1]},
{"frame":17,"values":[0.5159,-0.7396,0.4323,0,0.8471,0.3652,-0.3861,0,0.1277,0.5654,0.8149,0,11.8394,-3.1354,-0.0171,1]},
{"frame":18,"values":[0.5171,-0.7396,0.4308,0,0.8477,0.3729,-0.3773,0,0.1184,0.5603,0.8198,0,11.8394,-3.1354,-0.0171,1]},
{"frame":19,"values":[0.5171,-0.7406,0.4292,0,0.8488,0.3788,-0.3689,0,0.1106,0.555,0.8244,0,11.8394,-3.1354,-0.0171,1]},
{"frame":20,"values":[0.5162,-0.7436,0.4249,0,0.8499,0.3833,-0.3616,0,0.106,0.5478,0.8299,0,11.8394,-3.1354,-0.0171,1]},
{"frame":21,"values":[0.5139,-0.7501,0.4162,0,0.8509,0.3842,-0.3583,0,0.1089,0.5383,0.8357,0,11.8394,-3.1354,-0.0171,1]},
{"frame":22,"values":[0.5084,-0.7579,0.4087,0,0.8536,0.3811,-0.3551,0,0.1133,0.5295,0.8407,0,11.8394,-3.1354,-0.0171,1]},
{"frame":23,"values":[0.5011,-0.7657,0.4033,0,0.8578,0.3778,-0.3485,0,0.1144,0.5206,0.8461,0,11.8394,-3.1354,-0.0171,1]},
{"frame":24,"values":[0.489,-0.7773,0.3958,0,0.8652,0.3745,-0.3334,0,0.111,0.5055,0.8557,0,11.8394,-3.1354,-0.0171,1]},
{"frame":25,"values":[0.4783,-0.7878,0.3882,0,0.8716,0.3716,-0.3198,0,0.1076,0.4913,0.8643,0,11.8394,-3.1354,-0.0171,1]}],"loopBehavior":1,"name":"anim","property":"_matrix"}},
{"name":"LeftForeArm","index":9,"matrix":[0.1357,0.0092,0.9907,0,0.9694,-0.2076,-0.1308,0,0.2045,0.9782,-0.037,0,29.1612,0.5949,-2.0659,1],"rest":[0.9973,0.0203,-0.0707,0,-0.0203,0.9998,0.0007,0,0.0707,0.0007,0.9975,0,29.1612,0.5949,-2.0659,1],"parentBoneIndex":8,"length":29.6649
,"animation":{"dataType":3,"framePerSecond":24,"keys":[
{"frame":1,"values":[0.1357,0.0092,0.9907,0,0.9694,-0.2076,-0.1308,0,0.2045,0.9782,-0.037,0,29.1612,0.5949,-2.0659,1]},
{"frame":2,"values":[0.1512,0.0279,0.9881,0,0.9699,-0.1973,-0.1429,0,0.191,0.9799,-0.0569,0,29.1612,0.5949,-2.0659,1]},
{"frame":3,"values":[0.1618,0.0586,0.9851,0,0.9711,-0.1871,-0.1484,0,0.1756,0.9806,-0.0872,0,29.1612,0.5949,-2.0659,1]},
{"frame":4,"values":[0.1696,0.0929,0.9811,0,0.9726,-0.1767,-0.1514,0,0.1593,0.9799,-0.1203,0,29.1612,0.5949,-2.0659,1]},
{"frame":5,"values":[0.1697,0.1313,0.9767,0,0.9752,-0.1654,-0.1472,0,0.1422,0.9774,-0.1561,0,29.1612,0.5949,-2.0659,1]},
{"frame":6,"values":[0.16,0.1625,0.9737,0,0.9784,-0.1566,-0.1346,0,0.1306,0.9742,-0.184,0,29.1612,0.5949,-2.0659,1]},
{"frame":7,"values":[0.1407,0.1693,0.9755,0,0.9813,-0.1547,-0.1147,0,0.1314,0.9733,-0.1879,0,29.1612,0.5949,-2.0659,1]},
{"frame":8,"values":[0.1134,0.1516,0.9819,0,0.9832,-0.1594,-0.089,0,0.143,0.9755,-0.1671,0,29.1612,0.5949,-2.0659,1]},
{"frame":9,"values":[0.096,0.1188,0.9883,0,0.9828,-0.1686,-0.0752,0,0.1577,0.9785,-0.133,0,29.1612,0.5949,-2.0659,1]},
{"frame":10,"values":[0.097,0.0798,0.9921,0,0.9803,-0.1802,-0.0814,0,0.1722,0.9804,-0.0957,0,29.1612,0.5949,-2.0659,1]},
{"frame":11,"values":[0.1157,0.0431,0.9923,0,0.9758,-0.1916,-0.1055,0,0.1855,0.9805,-0.0642,0,29.1612,0.5949,-2.0659,1]},
{"frame":12,"values":[0.1292,0.0168,0.9915,0,0.972,-0.2,-0.1233,0,0.1962,0.9797,-0.0422,0,29.1612,0.5949,-2.0659,1]},
{"frame":13,"values":[0.1382,0.0093,0.9904,0,0.9701,-0.2024,-0.1335,0,0.1992,0.9792,-0.0371,0,29.1612,0.5949,-2.0659,1]},
{"frame":14,"values":[0.1482,0.0095,0.9889,0,0.9688,-0.2025,-0.1432,0,0.1989,0.9792,-0.0392,0,29.1612,0.5949,-2.0659,1]},
{"frame":15,"values":[0.155,0.0097,0.9879,0,0.9678,-0.2025,-0.1498,0,0.1986,0.9792,-0.0407,0,29.1612,0.5949,-2.0659,1]},
{"frame":16,"values":[0.1699,0.01,0.9854,0,0.9654,-0.2025,-0.1644,0,0.1979,0.9792,-0.044,0,29.1612,0.5949,-2.0659,1]},
{"frame":17,"values":[0.1794,0.0102,0.9837,0,0.9637,-0.2026,-0.1737,0,0.1975,0.9792,-0.0461,0,29.1612,0.5949,-2.0659,1]},
{"frame":18,"values":[0.1878,0.0103,0.9822,0,0.9622,-0.2026,-0.1818,0,0.1971,0.9792,-0.048,0,29.1612,0.5949,-2.0659,1]},
{"frame":19,"values":[0.1953,0.0105,0.9807,0,0.9608,-0.2026,-0.1891,0,0.1967,0.9792,-0.0496,0,29.1612,0.5949,-2.0659,1]},
{"frame":20,"values":[0.1987,0.0105,0.98,0,0.9601,-0.2026,-0.1925,0,0.1965,0.9792,-0.0504,0,29.1612,0.5949,-2.0659,1]},
{"frame":21,"values":[0.1956,0.0105,0.9806,0,0.9607,-0.2026,-0.1895,0,0.1967,0.9792,-0.0497,0,29.1612,0.5949,-2.0659,1]},
{"frame":22,"values":[0.1894,0.0104,0.9819,0,0.9619,-0.2026,-0.1834,0,0.197,0.9792,-0.0483,0,29.1612,0.5949,-2.0659,1]},
{"frame":23,"values":[0.1802,0.0102,0.9836,0,0.9636,-0.2026,-0.1745,0,0.1975,0.9792,-0.0463,0,29.1612,0.5949,-2.0659,1]},
{"frame":24,"values":[0.1585,0.0097,0.9873,0,0.9667,-0.2048,-0.1532,0,0.2007,0.9788,-0.0418,0,29.1612,0.5949,-2.0659,1]},
{"frame":25,"values":[0.1357,0.0092,0.9907,0,0.9694,-0.2076,-0.1308,0,0.2045,0.9782,-0.037,0,29.1612,0.5949,-2.0659,1]}],"loopBehavior":1,"name":"anim","property":"_matrix"}},
{"name":"LeftHand","index":10,"matrix":[0.9852,-0.0354,0.1679,0,0.1087,0.8859,-0.451,0,-0.1328,0.4626,0.8766,0,29.6649,0,0,1],"rest":[1,0,0,0,0,1,-0.0011,0,0,0.0011,1,0,29.6649,0,0,1],"parentBoneIndex":9,"length":11.8196
,"animation":{"dataType":3,"framePerSecond":24,"keys":[
{"frame":1,"values":[0.9852,-0.0354,0.1679,0,0.1087,0.8859,-0.451,0,-0.1328,0.4626,0.8766,0,29.6649,0,0,1]},
{"frame":2,"values":[0.9867,-0.0386,0.1577,0,0.1063,0.8877,-0.4481,0,-0.1227,0.4589,0.88,0,29.6649,0,0,1]},
{"frame":3,"values":[0.9884,-0.0362,0.1476,0,0.0991,0.89,-0.445,0,-0.1152,0.4545,0.8833,0,29.6649,0,0,1]},
{"frame":4,"values":[0.9917,-0.0337,0.124,0,0.0852,0.8949,-0.438,0,-0.0962,0.4449,0.8904,0,29.6649,0,0,1]},
{"frame":5,"values":[0.9956,-0.0313,0.0885,0,0.0667,0.8995,-0.4318,0,-0.0661,0.4358,0.8976,0,29.6649,0,0,1]},
{"frame":6,"values":[0.9981,-0.0269,0.0551,0,0.0481,0.9015,-0.4301,0,-0.0381,0.4319,0.9011,0,29.6649,0,0,1]},
{"frame":7,"values":[0.9989,-0.0234,0.0395,0,0.0382,0.9015,-0.4311,0,-0.0255,0.4321,0.9015,0,29.6649,0,0,1]},
{"frame":8,"values":[0.9991,-0.0191,0.0375,0,0.0335,0.8998,-0.4349,0,-0.0255,0.4358,0.8997,0,29.6649,0,0,1]},
{"frame":9,"values":[0.999,-0.0175,0.0407,0,0.0337,0.8969,-0.441,0,-0.0288,0.4419,0.8966,0,29.6649,0,0,1]},
{"frame":10,"values":[0.9986,-0.0195,0.0489,0,0.0394,0.893,-0.4483,0,-0.0349,0.4496,0.8925,0,29.6649,0,0,1]},
{"frame":11,"values":[0.9977,-0.0212,0.0647,0,0.0483,0.8894,-0.4545,0,-0.0479,0.4566,0.8884,0,29.6649,0,0,1]},
{"frame":12,"values":[0.9965,-0.0216,0.0812,0,0.0564,0.8878,-0.4568,0,-0.0622,0.4597,0.8859,0,29.6649,0,0,1]},
{"frame":13,"values":[0.9955,-0.0215,0.092,0,0.0613,0.8879,-0.456,0,-0.0718,0.4596,0.8852,0,29.6649,0,0,1]},
{"frame":14,"values":[0.9943,-0.021,0.1044,0,0.0664,0.8885,-0.4541,0,-0.0833,0.4584,0.8848,0,29.6649,0,0,1]},
{"frame":15,"values":[0.9926,-0.0227,0.1194,0,0.0747,0.8888,-0.4522,0,-0.0958,0.4578,0.8839,0,29.6649,0,0,1]},
{"frame":16,"values":[0.9915,-0.0276,0.127,0,0.0827,0.8878,-0.4527,0,-0.1003,0.4594,0.8826,0,29.6649,0,0,1]},
{"frame":17,"values":[0.991,-0.033,0.1294,0,0.0891,0.8855,-0.4561,0,-0.0996,0.4635,0.8805,0,29.6649,0,0,1]},
{"frame":18,"values":[0.9905,-0.038,0.1325,0,0.0955,0.8826,-0.4604,0,-0.0994,0.4686,0.8778,0,29.6649,0,0,1]},
{"frame":19,"values":[0.9898,-0.0424,0.1362,0,0.1016,0.8798,-0.4644,0,-0.1001,0.4735,0.8751,0,29.6649,0,0,1]},
{"frame":20,"values":[0.9892,-0.0463,0.1394,0,0.107,0.8771,-0.4683,0,-0.1006,0.4781,0.8725,0,29.6649,0,0,1]},
{"frame":21,"values":[0.9892,-0.0493,0.1382,0,0.1094,0.8754,-0.4709,0,-0.0978,0.4809,0.8713,0,29.6649,0,0,1]},
{"frame":22,"values":[0.9893,-0.0505,0.1366,0,0.1095,0.8762,-0.4694,0,-0.096,0.4793,0.8724,0,29.6649,0,0,1]},
{"frame":23,"values":[0.989,-0.0495,0.1391,0,0.1093,0.8786,-0.4648,0,-0.0992,0.4749,0.8744,0,29.6649,0,0,1]},
{"frame":24,"values":[0.9873,-0.0429,0.1528,0,0.1091,0.8827,-0.4571,0,-0.1153,0.468,0.8762,0,29.6649,0,0,1]},
{"frame":25,"values":[0.9852,-0.0354,0.1679,0,0.1087,0.8859,-0.451,0,-0.1327,0.4626,0.8766,0,29.6649,0,0,1]}],"loopBehavior":1,"name":"anim","property":"_matrix"}},
{"name":"LeftHandThumb1","index":11,"matrix":[0.9853,-0.0403,-0.1657,0,0.0418,0.9991,0.0055,0,0.1653,-0.0123,0.9862,0,6.1321,-4.043,2.9242,1],"rest":[1,-0.0003,-0.0002,0,0.0003,1,0.0003,0,0.0002,-0.0003,1,0,6.1321,-4.043,2.9242,1],"parentBoneIndex":10,"length":2.3395
,"animation":{"dataType":3,"framePerSecond":24,"keys":[
{"frame":1,"values":[0.9853,-0.0403,-0.1657,0,0.0418,0.9991,0.0055,0,0.1653,-0.0123,0.9862,0,6.1321,-4.043,2.9242,1]},
{"frame":9,"values":[0.9853,-0.0403,-0.1657,0,0.0418,0.9991,0.0055,0,0.1654,-0.0123,0.9862,0,6.1321,-4.043,2.9242,1]},
{"frame":10,"values":[0.9853,-0.0403,-0.1657,0,0.0418,0.9991,0.0055,0,0.1653,-0.0123,0.9862,0,6.1321,-4.043,2.9242,1]},
{"frame":15,"values":[0.9853,-0.0403,-0.1657,0,0.0418,0.9991,0.0055,0,0.1654,-0.0123,0.9862,0,6.1321,-4.043,2.9242,1]},
{"frame":16,"values":[0.9853,-0.0403,-0.1657,0,0.0418,0.9991,0.0055,0,0.1653,-0.0123,0.9862,0,6.1321,-4.043,2.9242,1]},
{"frame":21,"values":[0.9853,-0.0403,-0.1657,0,0.0418,0.9991,0.0055,0,0.1654,-0.0123,0.9862,0,6.1321,-4.043,2.9242,1]},
{"frame":22,"values":[0.9853,-0.0403,-0.1657,0,0.0418,0.9991,0.0055,0,0.1653,-0.0123,0.9862,0,6.1321,-4.043,2.9242,1]},
{"frame":25,"values":[0.9853,-0.0403,-0.1657,0,0.0418,0.9991,0.0055,0,0.1653,-0.0123,0.9862,0,6.1321,-4.043,2.9242,1]}],"loopBehavior":1,"name":"anim","property":"_matrix"}},
{"name":"LeftHandThumb2","index":12,"matrix":[0.9755,0.0463,-0.2152,0,-0.0231,0.9938,0.1091,0,0.219,-0.1015,0.9704,0,1.8122,-1.0462,1.0462,1],"rest":[1,0,0,0,0,1,0,0,0,0,1,0,1.8122,-1.0462,1.0462,1],"parentBoneIndex":11,"length":1.5944
,"animation":{"dataType":3,"framePerSecond":24,"keys":[
{"frame":1,"values":[0.9755,0.0463,-0.2152,0,-0.0231,0.9938,0.1091,0,0.219,-0.1015,0.9704,0,1.8122,-1.0462,1.0462,1]},
{"frame":25,"values":[0.9755,0.0463,-0.2152,0,-0.0231,0.9938,0.1091,0,0.219,-0.1015,0.9704,0,1.8122,-1.0462,1.0462,1]}],"loopBehavior":1,"name":"anim","property":"_matrix"}},
{"name":"LeftHandThumb3","index":13,"matrix":[0.9525,0.1482,0.2662,0,-0.0265,0.9107,-0.4123,0,-0.3035,0.3856,0.8713,0,1.2351,-0.713,0.713,1],"rest":[1,0.0001,-0.0001,0,-0.0001,1,0,0,0.0001,0,1,0,1.2351,-0.713,0.713,1],"parentBoneIndex":12,"length":2.5475
,"animation":{"dataType":3,"framePerSecond":24,"keys":[
{"frame":1,"values":[0.9525,0.1482,0.2662,0,-0.0265,0.9107,-0.4123,0,-0.3035,0.3856,0.8713,0,1.2351,-0.713,0.713,1]},
{"frame":25,"values":[0.9525,0.1482,0.2662,0,-0.0265,0.9107,-0.4123,0,-0.3035,0.3856,0.8713,0,1.2351,-0.713,0.713,1]}],"loopBehavior":1,"name":"anim","property":"_matrix"}},
{"name":"LeftHandThumb4","index":14,"matrix":[1,0,0,0,0,1,0,0,0,0,1,0,1.9732,-1.1393,1.1393,1],"rest":[1,0,0,0,0,1,0,0,0,0,1,0,1.9732,-1.1393,1.1393,1],"parentBoneIndex":13,"length":2.5475
,"animation":{"dataType":3,"framePerSecond":24,"keys":[
{"frame":1,"values":[1,0,0,0,0,1,0,0,0,0,1,0,1.9732,-1.1393,1.1393,1]},
{"frame":25,"values":[1,0,0,0,0,1,0,0,0,0,1,0,1.9732,-1.1393,1.1393,1]}],"loopBehavior":1,"name":"anim","property":"_matrix"}},
{"name":"LeftHandIndex1","index":15,"matrix":[0.9347,-0.3535,-0.038,0,0.3548,0.9208,0.1618,0,-0.0222,-0.1647,0.9861,0,13.2426,-0.3099,2.8565,1],"rest":[1,0,0,0,0,1,0,0,0,0,1,0,13.2426,-0.3099,2.8565,1],"parentBoneIndex":10,"length":2.1974
,"animation":{"dataType":3,"framePerSecond":24,"keys":[
{"frame":1,"values":[0.9347,-0.3535,-0.038,0,0.3548,0.9208,0.1618,0,-0.0222,-0.1647,0.9861,0,13.2426,-0.3099,2.8565,1]},
{"frame":25,"values":[0.9347,-0.3535,-0.038,0,0.3548,0.9208,0.1618,0,-0.0222,-0.1647,0.9861,0,13.2426,-0.3099,2.8565,1]}],"loopBehavior":1,"name":"anim","property":"_matrix"}},
{"name":"LeftHandIndex2","index":16,"matrix":[0.8781,-0.476,-0.0492,0,0.476,0.8794,-0.0125,0,0.0492,-0.0125,0.9987,0,2.1974,0.0001,0,1],"rest":[1,0,-0.0001,0,0,1,0,0,0.0001,0,1,0,2.1974,0.0001,0,1],"parentBoneIndex":15,"length":1.5095
,"animation":{"dataType":3,"framePerSecond":24,"keys":[
{"frame":1,"values":[0.8781,-0.476,-0.0492,0,0.476,0.8794,-0.0125,0,0.0492,-0.0125,0.9987,0,2.1974,0.0001,0,1]},
{"frame":25,"values":[0.8781,-0.476,-0.0492,0,0.476,0.8794,-0.0125,0,0.0492,-0.0125,0.9987,0,2.1974,0.0001,0,1]}],"loopBehavior":1,"name":"anim","property":"_matrix"}},
{"name":"LeftHandIndex3","index":17,"matrix":[0.8501,-0.5264,-0.0166,0,0.5262,0.8503,-0.0144,0,0.0216,0.0035,0.9998,0,1.5095,0,0.0001,1],"rest":[0.9979,-0.0563,0.032,0,0.0563,0.9984,0.0009,0,-0.032,0.0009,0.9995,0,1.5095,0,0.0001,1],"parentBoneIndex":16,"length":1.6331
,"animation":{"dataType":3,"framePerSecond":24,"keys":[
{"frame":1,"values":[0.8501,-0.5264,-0.0166,0,0.5262,0.8503,-0.0144,0,0.0216,0.0035,0.9998,0,1.5095,0,0.0001,1]},
{"frame":25,"values":[0.8501,-0.5264,-0.0166,0,0.5262,0.8503,-0.0144,0,0.0216,0.0035,0.9998,0,1.5095,0,0.0001,1]}],"loopBehavior":1,"name":"anim","property":"_matrix"}},
{"name":"LeftHandIndex4","index":18,"matrix":[1,0,0,0,0,1,0,0,0,0,1,0,1.6297,0.092,-0.0521,1],"rest":[1,0,0,0,0,1,0,0,0,0,1,0,1.6297,0.092,-0.0521,1],"parentBoneIndex":17,"length":1.6331
,"animation":{"dataType":3,"framePerSecond":24,"keys":[
{"frame":1,"values":[1,0,0,0,0,1,0,0,0,0,1,0,1.6297,0.092,-0.0521,1]},
{"frame":25,"values":[1,0,0,0,0,1,0,0,0,0,1,0,1.6297,0.092,-0.0521,1]}],"loopBehavior":1,"name":"anim","property":"_matrix"}},
{"name":"LeftHandMiddle1","index":19,"matrix":[0.9353,-0.3522,-0.0329,0,0.3524,0.9195,0.1743,0,-0.0312,-0.1746,0.9841,0,13.0978,0,0,1],"rest":[1,0,0,0,0,1,0,0,0,0,1,0,13.0978,0,0,1],"parentBoneIndex":10,"length":2.2844
,"animation":{"dataType":3,"framePerSecond":24,"keys":[
{"frame":1,"values":[0.9353,-0.3522,-0.0329,0,0.3524,0.9195,0.1743,0,-0.0312,-0.1746,0.9841,0,13.0978,0,0,1]},
{"frame":25,"values":[0.9353,-0.3522,-0.0329,0,0.3524,0.9195,0.1743,0,-0.0312,-0.1746,0.9841,0,13.0978,0,0,1]}],"loopBehavior":1,"name":"anim","property":"_matrix"}},
{"name":"LeftHandMiddle2","index":20,"matrix":[0.6955,-0.7147,-0.0737,0,0.7147,0.6987,-0.0311,0,0.0737,-0.0311,0.9968,0,2.2844,-0.0001,0,1],"rest":[1,0,0,0,0,1,0,0,0,0,1,0,2.2844,-0.0001,0,1],"parentBoneIndex":19,"length":2.3882
,"animation":{"dataType":3,"framePerSecond":24,"keys":[
{"frame":1,"values":[0.6955,-0.7147,-0.0737,0,0.7147,0.6987,-0.0311,0,0.0737,-0.0311,0.9968,0,2.2844,-0.0001,0,1]},
{"frame":25,"values":[0.6955,-0.7147,-0.0737,0,0.7147,0.6987,-0.0311,0,0.0737,-0.0311,0.9968,0,2.2844,-0.0001,0,1]}],"loopBehavior":1,"name":"anim","property":"_matrix"}},
{"name":"LeftHandMiddle3","index":21,"matrix":[0.7198,-0.6905,-0.0713,0,0.6905,0.7228,-0.0286,0,0.0713,-0.0286,0.997,0,2.3882,0,-0.0001,1],"rest":[1,0,0,0,0,1,0,0,0,0,1,0,2.3882,0,-0.0001,1],"parentBoneIndex":20,"length":1.7509
,"animation":{"dataType":3,"framePerSecond":24,"keys":[
{"frame":1,"values":[0.7198,-0.6905,-0.0713,0,0.6905,0.7228,-0.0286,0,0.0713,-0.0286,0.997,0,2.3882,0,-0.0001,1]},
{"frame":25,"values":[0.7198,-0.6905,-0.0713,0,0.6905,0.7228,-0.0286,0,0.0713,-0.0286,0.997,0,2.3882,0,-0.0001,1]}],"loopBehavior":1,"name":"anim","property":"_matrix"}},
{"name":"LeftHandMiddle4","index":22,"matrix":[1,0,0,0,0,1,0,0,0,0,1,0,1.7509,0,0,1],"rest":[1,0,0,0,0,1,0,0,0,0,1,0,1.7509,0,0,1],"parentBoneIndex":21,"length":1.7509
,"animation":{"dataType":3,"framePerSecond":24,"keys":[
{"frame":1,"values":[1,0,0,0,0,1,0,0,0,0,1,0,1.7509,0,0,1]},
{"frame":25,"values":[1,0,0,0,0,1,0,0,0,0,1,0,1.7509,0,0,1]}],"loopBehavior":1,"name":"anim","property":"_matrix"}},
{"name":"LeftHandRing1","index":23,"matrix":[0.9513,-0.3081,-0.0057,0,0.3082,0.9511,0.0212,0,-0.0011,-0.0219,0.9998,0,12.2164,-0.0557,-2.7524,1],"rest":[1,0,0,0,0,1,0,0,0,0,1,0,12.2164,-0.0557,-2.7524,1],"parentBoneIndex":10,"length":2.1664
,"animation":{"dataType":3,"framePerSecond":24,"keys":[
{"frame":1,"values":[0.9513,-0.3081,-0.0057,0,0.3082,0.9511,0.0212,0,-0.0011,-0.0219,0.9998,0,12.2164,-0.0557,-2.7524,1]},
{"frame":25,"values":[0.9513,-0.3081,-0.0057,0,0.3082,0.9511,0.0212,0,-0.0011,-0.0219,0.9998,0,12.2164,-0.0557,-2.7524,1]}],"loopBehavior":1,"name":"anim","property":"_matrix"}},
{"name":"LeftHandRing2","index":24,"matrix":[0.3573,-0.929,-0.0959,0,0.929,0.3641,-0.0656,0,0.0959,-0.0656,0.9932,0,2.1664,0.0001,0,1],"rest":[1,0,0,0,0,1,0,0,0,0,1,0,2.1664,0.0001,0,1],"parentBoneIndex":23,"length":1.8761
