{"producer":{"name":"Blender","version":"2.90.0","exporter_version":"6.4.4","file":"walk.babylon"},
"autoClear":true,"clearColor":[0.0509,0.0509,0.0509],"gravity":[0,-9.81,0],
"materials":[{"name":"Material","id":"Material","customType":"BABYLON.PBRMaterial","backFaceCulling":true,"checkReadyOnlyOnce":false,"maxSimultaneousLights":4,"environmentIntensity":1,"albedo":[0.8,0.8,0.8],"reflectivity":[0.5,0.5,0.5],"roughness":0.4,"alpha":1,"transparencyMode":0,"alphaCutOff":0.4,"metallic":0}],
"multiMaterials":[],
"skeletons":[{"name":"Armature","id":0,"dimensionsAtRest":[192.3395,226.9932,28.649],"bones":[
{"name":"Hips","index":0,"matrix":[0.9821,-0.0736,0.1736,0,0.0717,0.9973,0.0175,0,0.1744,0.0048,-0.9847,0,0.7653,111.3377,-0.6352,1],"rest":[1,0,0,0,0,1,0,0,0,0,-1,0,0,114.0532,0,1],"parentBoneIndex":-1,"length":12.7599
,"animation":{"dataType":3,"framePerSecond":24,"keys":[
{"frame":1,"values":[0.9821,-0.0736,0.1736,0,0.0717,0.9973,0.0175,0,0.1744,0.0048,-0.9847,0,0.7653,111.3377,-0.6352,1]},
{"frame":2,"values":[0.9892,-0.0499,0.1375,0,0.0512,0.9987,-0.0057,0,0.137,-0.0127,-0.9905,0,1.1401,111.5698,-0.4395,1]},
{"frame":3,"values":[0.9965,-0.0233,0.0802,0,0.0257,0.9993,-0.0288,0,0.0795,-0.0308,-0.9964,0,1.5852,110.9281,-0.4177,1]},
{"frame":4,"values":[0.9998,-0.0001,0.02,0,0.001,0.999,-0.0436,0,0.0199,-0.0436,-0.9988,0,2.0443,109.9018,-0.6679,1]},
{"frame":5,"values":[0.9995,0.0035,-0.0308,0,-0.0048,0.9991,-0.0427,0,-0.0307,-0.0428,-0.9986,0,2.4215,108.6228,-1.3145,1]},
{"frame":6,"values":[0.9977,0.0009,-0.0683,0,-0.0037,0.9991,-0.0413,0,-0.0682,-0.0414,-0.9968,0,2.9539,106.7635,-2.2465,1]},
{"frame":7,"values":[0.9966,0.0158,-0.0806,0,-0.019,0.9991,-0.0391,0,-0.08,-0.0405,-0.996,0,3.5027,105.965,-2.5971,1]},
{"frame":8,"values":[0.9962,0.0394,-0.0779,0,-0.0412,0.9989,-0.0212,0,-0.077,-0.0244,-0.9967,0,4.0486,106.4879,-3.4834,1]},
{"frame":9,"values":[0.9952,0.0647,-0.0732,0,-0.0654,0.9978,-0.0072,0,-0.0726,-0.012,-0.9973,0,4.8232,107.0681,-4.2531,1]},
{"frame":10,"values":[0.9943,0.0904,-0.0559,0,-0.0904,0.9959,0.0029,0,-0.056,-0.0022,-0.9984,0,5.6534,108.2273,-4.5026,1]},
{"frame":11,"values":[0.9928,0.1089,-0.0506,0,-0.1087,0.994,0.0074,0,-0.0511,0.0019,-0.9987,0,6.14,109.4606,-3.9578,1]},
{"frame":12,"values":[0.9927,0.1065,-0.0572,0,-0.1062,0.9943,0.0082,0,-0.0577,0.0021,-0.9983,0,6.1824,110.833,-3.3093,1]},
{"frame":13,"values":[0.9945,0.0948,-0.0445,0,-0.095,0.9955,-0.0024,0,-0.0441,-0.0067,-0.999,0,5.9317,111.4078,-2.7691,1]},
{"frame":14,"values":[0.9975,0.0699,-0.0081,0,-0.0701,0.9974,-0.0161,0,-0.007,-0.0166,-0.9998,0,5.4866,111.5509,-2.5259,1]},
{"frame":15,"values":[0.9986,0.041,0.0348,0,-0.0403,0.999,-0.0215,0,0.0356,-0.0201,-0.9992,0,4.892,111.1889,-2.633,1]},
{"frame":16,"values":[0.9967,0.0288,0.0761,0,-0.0278,0.9995,-0.0151,0,0.0765,-0.0129,-0.997,0,4.3399,109.8628,-3.0834,1]},
{"frame":17,"values":[0.9924,0.0276,0.1203,0,-0.0264,0.9996,-0.0117,0,0.1205,-0.0084,-0.9927,0,3.8377,107.489,-3.4261,1]},
{"frame":18,"values":[0.9888,0.0181,0.148,0,-0.0177,0.9998,-0.0042,0,0.1481,-0.0016,-0.989,0,3.356,106.2405,-3.4687,1]},
{"frame":19,"values":[0.9886,0.0005,0.1509,0,-0.0015,1,0.0066,0,0.1509,0.0067,-0.9885,0,2.7795,106.4613,-3.7899,1]},
{"frame":20,"values":[0.9881,-0.0205,0.1527,0,0.0183,0.9997,0.0152,0,0.1529,0.0122,-0.9882,0,2.0563,106.8594,-4.2671,1]},
{"frame":21,"values":[0.9883,-0.0445,0.1458,0,0.0427,0.999,0.0157,0,0.1463,0.0093,-0.9892,0,1.3172,107.4266,-4.1973,1]},
{"frame":22,"values":[0.9869,-0.0704,0.1454,0,0.0692,0.9975,0.0134,0,0.146,0.0032,-0.9893,0,0.8082,108.5882,-3.2297,1]},
{"frame":23,"values":[0.9827,-0.0826,0.1656,0,0.0814,0.9966,0.0142,0,0.1662,0.0005,-0.9861,0,0.603,110.2913,-1.8693,1]},
{"frame":24,"values":[0.9821,-0.0736,0.1736,0,0.0717,0.9973,0.0175,0,0.1744,0.0048,-0.9847,0,0.7653,111.3376,-0.6352,1]}],"loopBehavior":1,"name":"anim","property":"_matrix"}},
{"name":"Spine","index":1,"matrix":[0.9986,0.0512,0.0153,0,-0.0519,0.9976,0.0448,0,-0.0129,-0.0456,0.9989,0,-0.0057,10.8958,-1.2787,1],"rest":[1,0,0,0,0,1,0,0,0,0,1,0,-0.0057,10.8958,-1.2787,1],"parentBoneIndex":0,"length":12.7989
,"animation":{"dataType":3,"framePerSecond":24,"keys":[
{"frame":1,"values":[0.9986,0.0512,0.0153,0,-0.0519,0.9976,0.0448,0,-0.0129,-0.0456,0.9989,0,-0.0057,10.8958,-1.2787,1]},
{"frame":2,"values":[0.9992,0.0396,0.0035,0,-0.0397,0.9986,0.0362,0,-0.0021,-0.0363,0.9993,0,-0.0057,10.8958,-1.2787,1]},
{"frame":3,"values":[0.9996,0.0282,-0.0085,0,-0.0279,0.9992,0.0287,0,0.0093,-0.0285,0.9996,0,-0.0057,10.8958,-1.2787,1]},
{"frame":4,"values":[0.9996,0.0233,-0.0176,0,-0.0229,0.9995,0.0205,0,0.0181,-0.0201,0.9996,0,-0.0057,10.8958,-1.2787,1]},
{"frame":5,"values":[0.9989,0.0368,-0.0299,0,-0.0364,0.9992,0.0144,0,0.0304,-0.0133,0.9995,0,-0.0057,10.8958,-1.2787,1]},
{"frame":6,"values":[0.9977,0.0522,-0.0429,0,-0.0522,0.9986,0.0016,0,0.0429,0.0007,0.9991,0,-0.0057,10.8958,-1.2787,1]},
{"frame":7,"values":[0.9986,0.0356,-0.0382,0,-0.0355,0.9994,0.0048,0,0.0384,-0.0035,0.9993,0,-0.0057,10.8958,-1.2787,1]},
{"frame":8,"values":[0.9995,0.0086,-0.0294,0,-0.0082,0.9999,0.0145,0,0.0295,-0.0143,0.9995,0,-0.0057,10.8958,-1.2787,1]},
{"frame":9,"values":[0.9997,-0.0054,-0.0238,0,0.0061,0.9996,0.0291,0,0.0236,-0.0293,0.9993,0,-0.0057,10.8958,-1.2787,1]},
{"frame":10,"values":[0.9998,-0.0145,-0.0142,0,0.0151,0.9987,0.0477,0,0.0135,-0.0479,0.9988,0,-0.0057,10.8958,-1.2787,1]},
{"frame":11,"values":[0.9998,-0.0181,-0.0099,0,0.0187,0.998,0.0605,0,0.0088,-0.0607,0.9981,0,-0.0057,10.8958,-1.2787,1]},
{"frame":12,"values":[0.9999,-0.012,-0.0063,0,0.0124,0.9974,0.0704,0,0.0054,-0.0705,0.9975,0,-0.0057,10.8958,-1.2787,1]},
{"frame":13,"values":[1,-0.0071,0.0032,0,0.0069,0.9977,0.0668,0,-0.0037,-0.0668,0.9978,0,-0.0057,10.8958,-1.2787,1]},
{"frame":14,"values":[0.9999,0.0049,0.0141,0,-0.0057,0.9985,0.0537,0,-0.0139,-0.0538,0.9985,0,-0.0057,10.8958,-1.2787,1]},
{"frame":15,"values":[0.9996,0.0146,0.0237,0,-0.0156,0.999,0.041,0,-0.0231,-0.0413,0.9989,0,-0.0057,10.8958,-1.2787,1]},
{"frame":16,"values":[0.9994,0.0029,0.0358,0,-0.0041,0.9995,0.0316,0,-0.0357,-0.0318,0.9989,0,-0.0057,10.8958,-1.2787,1]},
{"frame":17,"values":[0.9986,-0.0159,0.0503,0,0.0148,0.9996,0.0232,0,-0.0507,-0.0224,0.9985,0,-0.0057,10.8958,-1.2787,1]},
{"frame":18,"values":[0.9986,-0.01,0.0513,0,0.0086,0.9996,0.0276,0,-0.0515,-0.0271,0.9983,0,-0.0057,10.8958,-1.2787,1]},
{"frame":19,"values":[0.999,0.0126,0.0439,0,-0.0139,0.9995,0.0283,0,-0.0435,-0.0289,0.9986,0,-0.0057,10.8958,-1.2787,1]},
{"frame":20,"values":[0.9988,0.0268,0.0399,0,-0.028,0.9991,0.0309,0,-0.039,-0.0319,0.9987,0,-0.0057,10.8958,-1.2787,1]},
{"frame":21,"values":[0.9985,0.0438,0.0325,0,-0.0449,0.9984,0.0333,0,-0.031,-0.0347,0.9989,0,-0.0057,10.8958,-1.2787,1]},
{"frame":22,"values":[0.9981,0.0555,0.0265,0,-0.0563,0.9979,0.0328,0,-0.0246,-0.0343,0.9991,0,-0.0057,10.8958,-1.2787,1]},
{"frame":23,"values":[0.9982,0.056,0.0227,0,-0.0568,0.9977,0.0361,0,-0.0206,-0.0373,0.9991,0,-0.0057,10.8958,-1.2787,1]},
{"frame":24,"values":[0.9986,0.0512,0.0153,0,-0.0519,0.9976,0.0448,0,-0.0129,-0.0456,0.9989,0,-0.0057,10.8958,-1.2787,1]}],"loopBehavior":1,"name":"anim","property":"_matrix"}},
{"name":"Spine1","index":2,"matrix":[0.9991,0.0136,0.0402,0,-0.0148,0.9995,0.0283,0,-0.0398,-0.0289,0.9988,0,-0.0066,12.7117,-1.4918,1],"rest":[1,0,0,0,0,1,0,0,0,0,1,0,-0.0066,12.7117,-1.4918,1],"parentBoneIndex":1,"length":14.6274
,"animation":{"dataType":3,"framePerSecond":24,"keys":[
{"frame":1,"values":[0.9991,0.0136,0.0402,0,-0.0148,0.9995,0.0283,0,-0.0398,-0.0289,0.9988,0,-0.0066,12.7117,-1.4918,1]},
{"frame":2,"values":[0.9999,0.0035,0.0162,0,-0.0039,0.9997,0.0225,0,-0.0162,-0.0226,0.9996,0,-0.0066,12.7117,-1.4918,1]},
{"frame":3,"values":[1,-0.005,-0.008,0,0.0051,0.9998,0.0188,0,0.0079,-0.0189,0.9998,0,-0.0066,12.7117,-1.4918,1]},
{"frame":4,"values":[0.9996,-0.0146,-0.025,0,0.0151,0.9997,0.0213,0,0.0247,-0.0217,0.9995,0,-0.0066,12.7117,-1.4918,1]},
{"frame":5,"values":[0.9991,-0.023,-0.036,0,0.0241,0.9992,0.0304,0,0.0353,-0.0312,0.9989,0,-0.0066,12.7117,-1.4918,1]},
{"frame":6,"values":[0.9986,-0.0294,-0.0438,0,0.031,0.9988,0.0381,0,0.0427,-0.0394,0.9983,0,-0.0066,12.7117,-1.4918,1]},
{"frame":7,"values":[0.9985,-0.0269,-0.0484,0,0.0286,0.9991,0.0328,0,0.0475,-0.0341,0.9983,0,-0.0066,12.7117,-1.4918,1]},
{"frame":8,"values":[0.9986,-0.0233,-0.0485,0,0.0246,0.9994,0.0255,0,0.0479,-0.0266,0.9985,0,-0.0066,12.7117,-1.4918,1]},
{"frame":9,"values":[0.9988,-0.0273,-0.0417,0,0.028,0.9994,0.0179,0,0.0412,-0.019,0.999,0,-0.0066,12.7117,-1.4918,1]},
{"frame":10,"values":[0.9991,-0.0317,-0.0292,0,0.0322,0.9993,0.0184,0,0.0286,-0.0193,0.9994,0,-0.0066,12.7117,-1.4918,1]},
{"frame":11,"values":[0.9991,-0.0358,-0.0211,0,0.0363,0.9991,0.0234,0,0.0203,-0.0241,0.9995,0,-0.0066,12.7117,-1.4918,1]},
{"frame":12,"values":[0.9994,-0.0333,-0.0122,0,0.0336,0.9991,0.0251,0,0.0114,-0.0255,0.9996,0,-0.0066,12.7117,-1.4918,1]},
{"frame":13,"values":[0.9996,-0.0261,0.0072,0,0.026,0.9994,0.0239,0,-0.0079,-0.0237,0.9997,0,-0.0066,12.7117,-1.4918,1]},
{"frame":14,"values":[0.9994,-0.018,0.0306,0,0.0173,0.9995,0.0261,0,-0.031,-0.0256,0.9992,0,-0.0066,12.7117,-1.4918,1]},
{"frame":15,"values":[0.9987,-0.0095,0.0505,0,0.0077,0.9994,0.0341,0,-0.0508,-0.0336,0.9981,0,-0.0066,12.7117,-1.4918,1]},
{"frame":16,"values":[0.998,0.0028,0.0635,0,-0.0059,0.9988,0.0481,0,-0.0633,-0.0483,0.9968,0,-0.0066,12.7117,-1.4918,1]},
{"frame":17,"values":[0.9971,0.0128,0.0755,0,-0.0172,0.9982,0.0573,0,-0.0746,-0.0584,0.9955,0,-0.0066,12.7117,-1.4918,1]},
{"frame":18,"values":[0.9965,0.0123,0.0831,0,-0.0167,0.9985,0.0525,0,-0.0824,-0.0537,0.9952,0,-0.0066,12.7117,-1.4918,1]},
{"frame":19,"values":[0.9963,0.0049,0.0852,0,-0.0087,0.999,0.044,0,-0.0849,-0.0445,0.9954,0,-0.0066,12.7117,-1.4918,1]},
{"frame":20,"values":[0.9966,0.0069,0.0821,0,-0.0097,0.9994,0.034,0,-0.0819,-0.0346,0.996,0,-0.0066,12.7117,-1.4918,1]},
{"frame":21,"values":[0.9971,0.01,0.0753,0,-0.0121,0.9996,0.0268,0,-0.075,-0.0276,0.9968,0,-0.0066,12.7117,-1.4918,1]},
{"frame":22,"values":[0.9976,0.0192,0.066,0,-0.0211,0.9994,0.0272,0,-0.0655,-0.0285,0.9974,0,-0.0066,12.7117,-1.4918,1]},
{"frame":23,"values":[0.9981,0.025,0.0562,0,-0.0267,0.9992,0.0292,0,-0.0554,-0.0306,0.998,0,-0.0066,12.7117,-1.4918,1]},
{"frame":24,"values":[0.9991,0.0136,0.0402,0,-0.0148,0.9995,0.0283,0,-0.0398,-0.0289,0.9988,0,-0.0066,12.7117,-1.4918,1]}],"loopBehavior":1,"name":"anim","property":"_matrix"}},
{"name":"Spine2","index":3,"matrix":[0.9992,0.0064,0.0396,0,-0.0044,0.9987,-0.0512,0,-0.0399,0.051,0.9979,0,-0.0076,14.5277,-1.7049,1],"rest":[1,0,0,0,0,1,0,0,0,0,1,0,-0.0076,14.5277,-1.7049,1],"parentBoneIndex":2,"length":15.4825
,"animation":{"dataType":3,"framePerSecond":24,"keys":[
{"frame":1,"values":[0.9992,0.0064,0.0396,0,-0.0044,0.9987,-0.0512,0,-0.0399,0.051,0.9979,0,-0.0076,14.5277,-1.7049,1]},
{"frame":2,"values":[0.9999,-0.0049,0.0163,0,0.0059,0.9984,-0.0563,0,-0.016,0.0564,0.9983,0,-0.0076,14.5277,-1.7049,1]},
{"frame":3,"values":[0.9999,-0.0145,-0.0074,0,0.014,0.9981,-0.0595,0,0.0082,0.0594,0.9982,0,-0.0076,14.5277,-1.7049,1]},
{"frame":4,"values":[0.9994,-0.0246,-0.0242,0,0.0232,0.9981,-0.0567,0,0.0256,0.0561,0.9981,0,-0.0076,14.5277,-1.7049,1]},
{"frame":5,"values":[0.9988,-0.0331,-0.0355,0,0.0314,0.9984,-0.0472,0,0.037,0.046,0.9983,0,-0.0076,14.5277,-1.7049,1]},
{"frame":6,"values":[0.9983,-0.0391,-0.0438,0,0.0374,0.9985,-0.0391,0,0.0453,0.0374,0.9983,0,-0.0076,14.5277,-1.7049,1]},
{"frame":7,"values":[0.9982,-0.0368,-0.0481,0,0.0347,0.9984,-0.0444,0,0.0497,0.0427,0.9979,0,-0.0076,14.5277,-1.7049,1]},
{"frame":8,"values":[0.9983,-0.0335,-0.0475,0,0.031,0.9982,-0.0523,0,0.0492,0.0507,0.9975,0,-0.0076,14.5277,-1.7049,1]},
{"frame":9,"values":[0.9985,-0.0377,-0.0399,0,0.0353,0.9976,-0.0602,0,0.0421,0.0587,0.9974,0,-0.0076,14.5277,-1.7049,1]},
{"frame":10,"values":[0.9988,-0.0419,-0.0265,0,0.0403,0.9974,-0.0599,0,0.0289,0.0588,0.9979,0,-0.0076,14.5277,-1.7049,1]},
{"frame":11,"values":[0.9988,-0.0458,-0.018,0,0.0447,0.9975,-0.0549,0,0.0204,0.054,0.9983,0,-0.0076,14.5277,-1.7049,1]},
{"frame":12,"values":[0.999,-0.0428,-0.0093,0,0.0423,0.9977,-0.0531,0,0.0115,0.0527,0.9985,0,-0.0076,14.5277,-1.7049,1]},
{"frame":13,"values":[0.9994,-0.0345,0.0096,0,0.035,0.9979,-0.0545,0,-0.0077,0.0548,0.9985,0,-0.0076,14.5277,-1.7049,1]},
{"frame":14,"values":[0.9992,-0.0254,0.032,0,0.0271,0.9982,-0.0526,0,-0.0306,0.0534,0.9981,0,-0.0076,14.5277,-1.7049,1]},
{"frame":15,"values":[0.9985,-0.0164,0.0514,0,0.0188,0.9988,-0.045,0,-0.0506,0.0459,0.9977,0,-0.0076,14.5277,-1.7049,1]},
{"frame":16,"values":[0.9979,-0.0044,0.0643,0,0.0064,0.9995,-0.0306,0,-0.0641,0.0309,0.9975,0,-0.0076,14.5277,-1.7049,1]},
{"frame":17,"values":[0.9971,0.0051,0.0761,0,-0.0035,0.9998,-0.0206,0,-0.0762,0.0202,0.9969,0,-0.0076,14.5277,-1.7049,1]},
{"frame":18,"values":[0.9965,0.005,0.0837,0,-0.0029,0.9997,-0.0253,0,-0.0838,0.025,0.9962,0,-0.0076,14.5277,-1.7049,1]},
{"frame":19,"values":[0.9963,-0.002,0.0857,0,0.005,0.9994,-0.0347,0,-0.0856,0.035,0.9957,0,-0.0076,14.5277,-1.7049,1]},
{"frame":20,"values":[0.9966,0.0004,0.0823,0,0.0034,0.999,-0.0453,0,-0.0823,0.0455,0.9956,0,-0.0076,14.5277,-1.7049,1]},
{"frame":21,"values":[0.9972,0.0037,0.0748,0,0.0003,0.9986,-0.0536,0,-0.0749,0.0535,0.9958,0,-0.0076,14.5277,-1.7049,1]},
{"frame":22,"values":[0.9978,0.0126,0.065,0,-0.0091,0.9985,-0.0534,0,-0.0656,0.0527,0.9965,0,-0.0076,14.5277,-1.7049,1]},
{"frame":23,"values":[0.9983,0.0181,0.0552,0,-0.0153,0.9986,-0.0508,0,-0.0561,0.0499,0.9972,0,-0.0076,14.5277,-1.7049,1]},
{"frame":24,"values":[0.9992,0.0064,0.0396,0,-0.0044,0.9987,-0.0512,0,-0.0399,0.051,0.9979,0,-0.0076,14.5277,-1.7049,1]}],"loopBehavior":1,"name":"anim","property":"_matrix"}},
{"name":"Neck","index":4,"matrix":[0.9997,-0.016,0.0211,0,0.0172,0.9981,-0.0584,0,-0.0201,0.0587,0.9981,0,-0.0085,16.3436,-1.918,1],"rest":[1,0,0,0,0,1,0,0,0,0,1,0,-0.0085,16.3436,-1.918,1],"parentBoneIndex":3,"length":7.7098
,"animation":{"dataType":3,"framePerSecond":24,"keys":[
{"frame":1,"values":[0.9997,-0.016,0.0211,0,0.0172,0.9981,-0.0584,0,-0.0201,0.0587,0.9981,0,-0.0085,16.3436,-1.918,1]},
{"frame":2,"values":[0.9996,-0.0129,0.0236,0,0.0141,0.9986,-0.0511,0,-0.0229,0.0514,0.9984,0,-0.0085,16.3436,-1.918,1]},
{"frame":3,"values":[0.9995,-0.0207,0.0218,0,0.0219,0.9982,-0.0564,0,-0.0206,0.0569,0.9982,0,-0.0085,16.3436,-1.918,1]},
{"frame":4,"values":[0.9993,-0.0352,0.016,0,0.0363,0.997,-0.069,0,-0.0136,0.0695,0.9975,0,-0.0085,16.3436,-1.918,1]},
{"frame":5,"values":[0.9987,-0.0492,0.0112,0,0.0499,0.9953,-0.0836,0,-0.007,0.084,0.9964,0,-0.0085,16.3436,-1.918,1]},
{"frame":6,"values":[0.9986,-0.052,0.0099,0,0.0526,0.9945,-0.0901,0,-0.0052,0.0905,0.9959,0,-0.0085,16.3436,-1.918,1]},
{"frame":7,"values":[0.9988,-0.049,0.0095,0,0.0497,0.995,-0.0871,0,-0.0052,0.0875,0.9962,0,-0.0085,16.3436,-1.918,1]},
{"frame":8,"values":[0.9991,-0.0413,0.0105,0,0.0421,0.996,-0.0789,0,-0.0072,0.0793,0.9968,0,-0.0085,16.3436,-1.918,1]},
{"frame":9,"values":[0.9992,-0.0398,0.0103,0,0.0405,0.9961,-0.0781,0,-0.0072,0.0785,0.9969,0,-0.0085,16.3436,-1.918,1]},
{"frame":10,"values":[0.9988,-0.048,0.0076,0,0.0485,0.9952,-0.0849,0,-0.0035,0.0852,0.9964,0,-0.0085,16.3436,-1.918,1]},
{"frame":11,"values":[0.9984,-0.0572,0.0049,0,0.0574,0.9943,-0.09,0,0.0003,0.0901,0.9959,0,-0.0085,16.3436,-1.918,1]},
{"frame":12,"values":[0.9981,-0.061,-0.0003,0,0.0608,0.9945,-0.0848,0,0.0055,0.0847,0.9964,0,-0.0085,16.3436,-1.918,1]},
{"frame":13,"values":[0.9982,-0.0589,-0.006,0,0.0583,0.9957,-0.0726,0,0.0102,0.0722,0.9973,0,-0.0085,16.3436,-1.918,1]},
{"frame":14,"values":[0.9986,-0.0528,-0.008,0,0.0522,0.9965,-0.0647,0,0.0114,0.0642,0.9979,0,-0.0085,16.3436,-1.918,1]},
{"frame":15,"values":[0.9992,-0.0404,-0.0047,0,0.0399,0.9968,-0.0692,0,0.0075,0.069,0.9976,0,-0.0085,16.3436,-1.918,1]},
{"frame":16,"values":[0.9994,-0.0342,-0.0009,0,0.034,0.9959,-0.0844,0,0.0038,0.0843,0.9964,0,-0.0085,16.3436,-1.918,1]},
{"frame":17,"values":[0.9996,-0.0296,0.0022,0,0.0297,0.9948,-0.0973,0,0.0007,0.0974,0.9952,0,-0.0085,16.3436,-1.918,1]},
{"frame":18,"values":[0.9996,-0.0296,0.0038,0,0.0299,0.9952,-0.0934,0,-0.001,0.0935,0.9956,0,-0.0085,16.3436,-1.918,1]},
{"frame":19,"values":[0.9995,-0.0316,0.0029,0,0.0317,0.9963,-0.0804,0,-0.0003,0.0804,0.9968,0,-0.0085,16.3436,-1.918,1]},
{"frame":20,"values":[0.9993,-0.0372,0.0019,0,0.0373,0.9963,-0.0777,0,0.001,0.0777,0.997,0,-0.0085,16.3436,-1.918,1]},
{"frame":21,"values":[0.9993,-0.0375,0.0027,0,0.0376,0.9965,-0.0753,0,0.0002,0.0753,0.9972,0,-0.0085,16.3436,-1.918,1]},
{"frame":22,"values":[0.9994,-0.035,0.0054,0,0.0353,0.9966,-0.0747,0,-0.0027,0.0748,0.9972,0,-0.0085,16.3436,-1.918,1]},
{"frame":23,"values":[0.9995,-0.031,0.0117,0,0.0318,0.9969,-0.0715,0,-0.0094,0.0718,0.9974,0,-0.0085,16.3436,-1.918,1]},
{"frame":24,"values":[0.9997,-0.016,0.0211,0,0.0172,0.9981,-0.0584,0,-0.0201,0.0587,0.9981,0,-0.0085,16.3436,-1.918,1]}],"loopBehavior":1,"name":"anim","property":"_matrix"}},
{"name":"Head","index":5,"matrix":[0.9977,0.007,0.0668,0,-0.0054,0.9997,-0.0239,0,-0.067,0.0235,0.9975,0,0,7.4726,1.8977,1],"rest":[1,0,0,0,0,1,0,0,0,0,1,0,0,7.4726,1.8977,1],"parentBoneIndex":4,"length":26.3062
,"animation":{"dataType":3,"framePerSecond":24,"keys":[
{"frame":1,"values":[0.9977,0.007,0.0668,0,-0.0054,0.9997,-0.0239,0,-0.067,0.0235,0.9975,0,0,7.4726,1.8977,1]},
{"frame":2,"values":[0.997,0.0165,0.0762,0,-0.0161,0.9999,-0.0052,0,-0.0763,0.004,0.9971,0,0,7.4726,1.8977,1]},
{"frame":3,"values":[0.9969,0.0151,0.0768,0,-0.0153,0.9999,0.0021,0,-0.0767,-0.0033,0.997,0,0,7.4726,1.8977,1]},
{"frame":4,"values":[0.9978,0.0086,0.0652,0,-0.0087,1,0.001,0,-0.0652,-0.0015,0.9979,0,0,7.4726,1.8977,1]},
{"frame":5,"values":[0.9985,0.0011,0.0554,0,-0.0006,1,-0.0088,0,-0.0554,0.0087,0.9984,0,0,7.4726,1.8977,1]},
{"frame":6,"values":[0.9987,-0.011,0.0501,0,0.0119,0.9997,-0.0192,0,-0.0499,0.0198,0.9986,0,0,7.4726,1.8977,1]},
{"frame":7,"values":[0.9988,-0.0234,0.0439,0,0.0238,0.9997,-0.0091,0,-0.0437,0.0101,0.999,0,0,7.4726,1.8977,1]},
{"frame":8,"values":[0.9989,-0.024,0.0402,0,0.0237,0.9997,0.0082,0,-0.0404,-0.0073,0.9992,0,0,7.4726,1.8977,1]},
{"frame":9,"values":[0.9991,-0.017,0.0381,0,0.0165,0.9998,0.0132,0,-0.0383,-0.0125,0.9992,0,0,7.4726,1.8977,1]},
{"frame":10,"values":[0.9993,-0.0083,0.0353,0,0.0085,1,-0.0052,0,-0.0352,0.0055,0.9994,0,0,7.4726,1.8977,1]},
{"frame":11,"values":[0.9995,-0.0029,0.0328,0,0.0037,0.9997,-0.0235,0,-0.0327,0.0236,0.9992,0,0,7.4726,1.8977,1]},
{"frame":12,"values":[0.9998,-0.0127,0.0137,0,0.0131,0.9994,-0.0321,0,-0.0133,0.0323,0.9994,0,0,7.4726,1.8977,1]},
{"frame":13,"values":[0.9996,-0.0232,-0.0133,0,0.0228,0.9992,-0.0317,0,0.014,0.0314,0.9994,0,0,7.4726,1.8977,1]},
{"frame":14,"values":[0.9993,-0.024,-0.0289,0,0.0233,0.9994,-0.0252,0,0.0295,0.0245,0.9993,0,0,7.4726,1.8977,1]},
{"frame":15,"values":[0.9993,-0.0208,-0.0308,0,0.02,0.9995,-0.0255,0,0.0313,0.0249,0.9992,0,0,7.4726,1.8977,1]},
{"frame":16,"values":[0.9996,-0.0155,-0.0234,0,0.0146,0.9992,-0.0365,0,0.024,0.0362,0.9991,0,0,7.4726,1.8977,1]},
{"frame":17,"values":[0.9998,-0.0116,-0.0165,0,0.0109,0.999,-0.0431,0,0.017,0.0429,0.9989,0,0,7.4726,1.8977,1]},
{"frame":18,"values":[1,-0.0053,-0.0078,0,0.005,0.9993,-0.0358,0,0.008,0.0358,0.9993,0,0,7.4726,1.8977,1]},
{"frame":19,"values":[1,-0.0019,-0.0069,0,0.0018,0.9998,-0.0186,0,0.007,0.0186,0.9998,0,0,7.4726,1.8977,1]},
{"frame":20,"values":[1,-0.0054,-0.0048,0,0.0055,1,0.0011,0,0.0048,-0.0011,1,0,0,7.4726,1.8977,1]},
{"frame":21,"values":[0.9998,-0.019,-0.0018,0,0.019,0.9998,-0.0044,0,0.0019,0.0044,1,0,0,7.4726,1.8977,1]},
{"frame":22,"values":[0.9997,-0.0245,0.0081,0,0.0246,0.9996,-0.0163,0,-0.0077,0.0165,0.9998,0,0,7.4726,1.8977,1]},
{"frame":23,"values":[0.9993,-0.0115,0.036,0,0.0123,0.9997,-0.0217,0,-0.0357,0.0221,0.9991,0,0,7.4726,1.8977,1]},
{"frame":24,"values":[0.9977,0.007,0.0668,0,-0.0054,0.9997,-0.0239,0,-0.067,0.0235,0.9975,0,0,7.4726,1.8977,1]}],"loopBehavior":1,"name":"anim","property":"_matrix"}},
{"name":"HeadTop_End","index":6,"matrix":[1,0,0,0,0,1,0,0,0,0,1,0,0,25.4969,6.475,1],"rest":[1,0,0,0,0,1,0,0,0,0,1,0,0,25.4969,6.475,1],"parentBoneIndex":5,"length":26.3062
,"animation":{"dataType":3,"framePerSecond":24,"keys":[
{"frame":1,"values":[1,0,0,0,0,1,0,0,0,0,1,0,0,25.4969,6.475,1]},
{"frame":24,"values":[1,0,0,0,0,1,0,0,0,0,1,0,0,25.4969,6.475,1]}],"loopBehavior":1,"name":"anim","property":"_matrix"}},
{"name":"LeftShoulder","index":7,"matrix":[0.9327,0.0008,0.3606,0,-0.0492,0.9909,0.1252,0,-0.3572,-0.1345,0.9243,0,5.5507,13.7754,-1.9265,1],"rest":[1,-0.002,0,0,0.002,1,0,0,0,0,1,0,5.5507,13.7754,-1.9265,1],"parentBoneIndex":3,"length":12.2475
,"animation":{"dataType":3,"framePerSecond":24,"keys":[
{"frame":1,"values":[0.9327,0.0008,0.3606,0,-0.0492,0.9909,0.1252,0,-0.3572,-0.1345,0.9243,0,5.5507,13.7754,-1.9265,1]},
{"frame":2,"values":[0.9338,-0.0184,0.3575,0,-0.0292,0.9914,0.1273,0,-0.3567,-0.1293,0.9252,0,5.5507,13.7754,-1.9265,1]},
{"frame":3,"values":[0.9475,-0.0566,0.3148,0,0.0154,0.9912,0.1316,0,-0.3194,-0.1198,0.94,0,5.5507,13.7754,-1.9265,1]},
{"frame":4,"values":[0.9657,-0.0936,0.2421,0,0.0626,0.9891,0.133,0,-0.2519,-0.1133,0.9611,0,5.5507,13.7754,-1.9265,1]},
{"frame":5,"values":[0.9761,-0.114,0.1852,0,0.0903,0.9872,0.1314,0,-0.1979,-0.1116,0.9739,0,5.5507,13.7754,-1.9265,1]},
{"frame":6,"values":[0.9805,-0.1157,0.1586,0,0.0954,0.9869,0.1301,0,-0.1716,-0.1125,0.9787,0,5.5507,13.7754,-1.9265,1]},
{"frame":7,"values":[0.983,-0.1161,0.1422,0,0.0979,0.9868,0.1292,0,-0.1553,-0.1131,0.9814,0,5.5507,13.7754,-1.9265,1]},
{"frame":8,"values":[0.9823,-0.1164,0.1468,0,0.0976,0.9868,0.1294,0,-0.1599,-0.1128,0.9807,0,5.5507,13.7754,-1.9265,1]},
{"frame":9,"values":[0.9789,-0.1428,0.1461,0,0.1242,0.9838,0.1291,0,-0.1621,-0.1082,0.9808,0,5.5507,13.7754,-1.9265,1]},
{"frame":10,"values":[0.9731,-0.1732,0.1519,0,0.1542,0.9795,0.1294,0,-0.1712,-0.1025,0.9799,0,5.5507,13.7754,-1.9265,1]},
{"frame":11,"values":[0.97,-0.1716,0.1722,0,0.1501,0.98,0.1309,0,-0.1912,-0.1012,0.9763,0,5.5507,13.7754,-1.9265,1]},
{"frame":12,"values":[0.9639,-0.1695,0.2055,0,0.1439,0.9805,0.1334,0,-0.2241,-0.099,0.9695,0,5.5507,13.7754,-1.9265,1]},
{"frame":13,"values":[0.9597,-0.1572,0.2329,0,0.1282,0.9825,0.1349,0,-0.2501,-0.0996,0.9631,0,5.5507,13.7754,-1.9265,1]},
{"frame":14,"values":[0.9504,-0.1208,0.2868,0,0.0845,0.9871,0.1358,0,-0.2995,-0.1048,0.9483,0,5.5507,13.7754,-1.9265,1]},
{"frame":15,"values":[0.9373,-0.0705,0.3414,0,0.0262,0.9908,0.1329,0,-0.3476,-0.1156,0.9305,0,5.5507,13.7754,-1.9265,1]},
{"frame":16,"values":[0.9151,-0.0088,0.4031,0,-0.0454,0.9911,0.1248,0,-0.4007,-0.1325,0.9066,0,5.5507,13.7754,-1.9265,1]},
{"frame":17,"values":[0.8983,0.0259,0.4386,0,-0.0861,0.9893,0.118,0,-0.4308,-0.1438,0.8909,0,5.5507,13.7754,-1.9265,1]},
{"frame":18,"values":[0.8952,0.0219,0.4451,0,-0.083,0.9895,0.1183,0,-0.4379,-0.1428,0.8876,0,5.5507,13.7754,-1.9265,1]},
{"frame":19,"values":[0.9077,0.012,0.4194,0,-0.0692,0.9902,0.1213,0,-0.4138,-0.1391,0.8997,0,5.5507,13.7754,-1.9265,1]},
{"frame":20,"values":[0.9155,0.0095,0.4023,0,-0.0641,0.9904,0.1225,0,-0.3972,-0.1379,0.9073,0,5.5507,13.7754,-1.9265,1]},
{"frame":21,"values":[0.9229,0.0098,0.385,0,-0.0619,0.9905,0.1232,0,-0.3802,-0.1375,0.9146,0,5.5507,13.7754,-1.9265,1]},
{"frame":22,"values":[0.9292,0.0045,0.3696,0,-0.0543,0.9907,0.1244,0,-0.3657,-0.1357,0.9208,0,5.5507,13.7754,-1.9265,1]},
{"frame":23,"values":[0.9337,-0.0056,0.358,0,-0.0424,0.9911,0.126,0,-0.3555,-0.1328,0.9252,0,5.5507,13.7754,-1.9265,1]},
{"frame":24,"values":[0.9327,0.0008,0.3606,0,-0.0492,0.9909,0.1252,0,-0.3572,-0.1345,0.9243,0,5.5507,13.7754,-1.9265,1]}],"loopBehavior":1,"name":"anim","property":"_matrix"}},
{"name":"LeftArm","index":8,"matrix":[0.2117,-0.977,0.0267,0,0.9753,0.2095,-0.0698,0,0.0626,0.0408,0.9972,0,11.8394,-3.1354,-0.0171,1],"rest":[0.9973,-0.0184,0.0706,0,0.0183,0.9998,0.0011,0,-0.0707,0.0002,0.9975,0,11.8394,-3.1354,-0.0171,1],"parentBoneIndex":7,"length":29.2403
,"animation":{"dataType":3,"framePerSecond":24,"keys":[
{"frame":1,"values":[0.2117,-0.977,0.0267,0,0.9753,0.2095,-0.0698,0,0.0626,0.0408,0.9972,0,11.8394,-3.1354,-0.0171,1]},
{"frame":2,"values":[0.1796,-0.9827,-0.0457,0,0.973,0.1843,-0.1389,0,0.1449,-0.0195,0.9892,0,11.8394,-3.1354,-0.0171,1]},
{"frame":3,"values":[0.18,-0.9743,-0.1358,0,0.9539,0.2065,-0.2176,0,0.2401,-0.0904,0.9665,0,11.8394,-3.1354,-0.0171,1]},
{"frame":4,"values":[0.194,-0.9584,-0.2094,0,0.9352,0.2451,-0.2555,0,0.2962,-0.1463,0.9439,0,11.8394,-3.1354,-0.0171,1]},
{"frame":5,"values":[0.2088,-0.9458,-0.2488,0,0.9332,0.2687,-0.2386,0,0.2925,-0.1824,0.9387,0,11.8394,-3.1354,-0.0171,1]},
{"frame":6,"values":[0.1896,-0.9297,-0.3158,0,0.9316,0.2719,-0.2412,0,0.3101,-0.2485,0.9176,0,11.8394,-3.1354,-0.0171,1]},
{"frame":7,"values":[0.1553,-0.9155,-0.3712,0,0.915,0.275,-0.2954,0,0.3725,-0.2937,0.8803,0,11.8394,-3.1354,-0.0171,1]},
{"frame":8,"values":[0.1316,-0.912,-0.3884,0,0.8885,0.2823,-0.3619,0,0.4397,-0.2975,0.8474,0,11.8394,-3.1354,-0.0171,1]},
{"frame":9,"values":[0.1538,-0.9033,-0.4005,0,0.8855,0.3058,-0.3498,0,0.4385,-0.3008,0.8469,0,11.8394,-3.1354,-0.0171,1]},
{"frame":10,"values":[0.2103,-0.9111,-0.3544,0,0.9068,0.3172,-0.2775,0,0.3653,-0.2631,0.893,0,11.8394,-3.1354,-0.0171,1]},
{"frame":11,"values":[0.2526,-0.9314,-0.2622,0,0.9349,0.3048,-0.1819,0,0.2493,-0.1992,0.9477,0,11.8394,-3.1354,-0.0171,1]},
{"frame":12,"values":[0.2913,-0.9439,-0.1553,0,0.9479,0.3067,-0.0862,0,0.129,-0.1221,0.9841,0,11.8394,-3.1354,-0.0171,1]},
{"frame":13,"values":[0.3259,-0.9424,-0.0748,0,0.9451,0.3267,0.0019,0,0.0226,-0.0713,0.9972,0,11.8394,-3.1354,-0.0171,1]},
{"frame":14,"values":[0.351,-0.9362,-0.0168,0,0.9355,0.3499,0.0491,0,-0.0401,-0.0329,0.9987,0,11.8394,-3.1354,-0.0171,1]},
{"frame":15,"values":[0.3786,-0.925,0.0319,0,0.9231,0.3798,0.0605,0,-0.0681,0.0065,0.9977,0,11.8394,-3.1354,-0.0171,1]},
{"frame":16,"values":[0.3907,-0.9191,0.0505,0,0.9193,0.3925,0.0303,0,-0.0476,0.0346,0.9983,0,11.8394,-3.1354,-0.0171,1]},
{"frame":17,"values":[0.4225,-0.906,0.0252,0,0.9062,0.4217,-0.0316,0,0.018,0.0362,0.9992,0,11.8394,-3.1354,-0.0171,1]},
{"frame":18,"values":[0.4613,-0.8872,-0.0023,0,0.8847,0.4602,-0.0741,0,0.0667,0.0322,0.9973,0,11.8394,-3.1354,-0.0171,1]},
{"frame":19,"values":[0.4683,-0.8834,-0.0186,0,0.8784,0.4678,-0.0981,0,0.0954,0.0296,0.995,0,11.8394,-3.1354,-0.0171,1]},
{"frame":20,"values":[0.4262,-0.9032,-0.0519,0,0.8928,0.4291,-0.1369,0,0.1459,0.0121,0.9892,0,11.8394,-3.1354,-0.0171,1]},
{"frame":21,"values":[0.3687,-0.926,-0.0813,0,0.9157,0.3769,-0.1394,0,0.1598,-0.023,0.9869,0,11.8394,-3.1354,-0.0171,1]},
{"frame":22,"values":[0.3098,-0.9478,-0.0761,0,0.9411,0.317,-0.1178,0,0.1357,-0.0351,0.9901,0,11.8394,-3.1354,-0.0171,1]},
{"frame":23,"values":[0.2619,-0.9647,-0.0276,0,0.9616,0.2633,-0.0778,0,0.0824,-0.0061,0.9966,0,11.8394,-3.1354,-0.0171,1]},
{"frame":24,"values":[0.2117,-0.977,0.0267,0,0.9753,0.2095,-0.0698,0,0.0626,0.0408,0.9972,0,11.8394,-3.1354,-0.0171,1]}],"loopBehavior":1,"name":"anim","property":"_matrix"}},
{"name":"LeftForeArm","index":9,"matrix":[0.8455,0.017,0.5337,0,-0.0206,0.9998,0.0007,0,-0.5335,-0.0115,0.8457,0,29.1612,0.5949,-2.0659,1],"rest":[0.9973,0.0203,-0.0707,0,-0.0203,0.9998,0.0007,0,0.0707,0.0007,0.9975,0,29.1612,0.5949,-2.0659,1],"parentBoneIndex":8,"length":29.6649
,"animation":{"dataType":3,"framePerSecond":24,"keys":[
{"frame":1,"values":[0.8455,0.017,0.5337,0,-0.0206,0.9998,0.0007,0,-0.5335,-0.0115,0.8457,0,29.1612,0.5949,-2.0659,1]},
{"frame":2,"values":[0.8793,0.0177,0.476,0,-0.0205,0.9998,0.0007,0,-0.4759,-0.0104,0.8795,0,29.1612,0.5949,-2.0659,1]},
{"frame":3,"values":[0.8824,0.0178,0.4702,0,-0.0205,0.9998,0.0007,0,-0.4701,-0.0103,0.8826,0,29.1612,0.5949,-2.0659,1]},
{"frame":4,"values":[0.8927,0.018,0.4503,0,-0.0205,0.9998,0.0007,0,-0.4502,-0.0099,0.8929,0,29.1612,0.5949,-2.0659,1]},
{"frame":5,"values":[0.9275,0.0188,0.3734,0,-0.0205,0.9998,0.0007,0,-0.3733,-0.0083,0.9277,0,29.1612,0.5949,-2.0659,1]},
{"frame":6,"values":[0.9321,0.0189,0.3617,0,-0.0205,0.9998,0.0007,0,-0.3616,-0.0081,0.9323,0,29.1612,0.5949,-2.0659,1]},
{"frame":7,"values":[0.9301,0.0188,0.3667,0,-0.0205,0.9998,0.0007,0,-0.3666,-0.0082,0.9303,0,29.1612,0.5949,-2.0659,1]},
{"frame":8,"values":[0.9361,0.0189,0.3512,0,-0.0205,0.9998,0.0007,0,-0.3511,-0.0079,0.9363,0,29.1612,0.5949,-2.0659,1]},
{"frame":9,"values":[0.92,0.0186,0.3915,0,-0.0205,0.9998,0.0007,0,-0.3914,-0.0087,0.9202,0,29.1612,0.5949,-2.0659,1]},
{"frame":10,"values":[0.9133,0.0185,0.4068,0,-0.0205,0.9998,0.0007,0,-0.4067,-0.009,0.9135,0,29.1612,0.5949,-2.0659,1]},
{"frame":11,"values":[0.9152,0.0185,0.4026,0,-0.0205,0.9998,0.0007,0,-0.4025,-0.0089,0.9154,0,29.1612,0.5949,-2.0659,1]},
{"frame":12,"values":[0.9245,0.0187,0.3806,0,-0.0205,0.9998,0.0007,0,-0.3805,-0.0084,0.9247,0,29.1612,0.5949,-2.0659,1]},
{"frame":13,"values":[0.9147,0.0185,0.4038,0,-0.0205,0.9998,0.0007,0,-0.4037,-0.0089,0.9149,0,29.1612,0.5949,-2.0659,1]},
{"frame":14,"values":[0.8907,0.018,0.4543,0,-0.0205,0.9998,0.0007,0,-0.4542,-0.0099,0.8908,0,29.1612,0.5949,-2.0659,1]},
{"frame":15,"values":[0.8541,0.0172,0.5199,0,-0.0206,0.9998,0.0007,0,-0.5198,-0.0113,0.8542,0,29.1612,0.5949,-2.0659,1]},
{"frame":16,"values":[0.7833,0.0157,0.6215,0,-0.0206,0.9998,0.0006,0,-0.6213,-0.0133,0.7834,0,29.1612,0.5949,-2.0659,1]},
{"frame":17,"values":[0.6641,0.0133,0.7475,0,-0.0206,0.9998,0.0006,0,-0.7473,-0.0158,0.6643,0,29.1612,0.5949,-2.0659,1]},
{"frame":18,"values":[0.5689,0.0113,0.8223,0,-0.0207,0.9998,0.0006,0,-0.8222,-0.0173,0.569,0,29.1612,0.5949,-2.0659,1]},
{"frame":19,"values":[0.5212,0.0103,0.8534,0,-0.0207,0.9998,0.0005,0,-0.8532,-0.0179,0.5213,0,29.1612,0.5949,-2.0659,1]},
{"frame":20,"values":[0.4788,0.0094,0.8779,0,-0.0207,0.9998,0.0005,0,-0.8777,-0.0184,0.4789,0,29.1612,0.5949,-2.0659,1]},
{"frame":21,"values":[0.4692,0.0092,0.8831,0,-0.0207,0.9998,0.0005,0,-0.8829,-0.0185,0.4693,0,29.1612,0.5949,-2.0659,1]},
{"frame":22,"values":[0.5343,0.0106,0.8452,0,-0.0207,0.9998,0.0006,0,-0.845,-0.0178,0.5344,0,29.1612,0.5949,-2.0659,1]},
{"frame":23,"values":[0.6859,0.0137,0.7276,0,-0.0206,0.9998,0.0006,0,-0.7274,-0.0154,0.686,0,29.1612,0.5949,-2.0659,1]},
{"frame":24,"values":[0.8455,0.017,0.5337,0,-0.0206,0.9998,0.0007,0,-0.5335,-0.0115,0.8457,0,29.1612,0.5949,-2.0659,1]}],"loopBehavior":1,"name":"anim","property":"_matrix"}},
{"name":"LeftHand","index":10,"matrix":[0.9357,-0.0264,0.3517,0,-0.0887,0.9475,0.3072,0,-0.3414,-0.3187,0.8843,0,29.6649,0,0,1],"rest":[1,0,0,0,0,1,-0.0011,0,0,0.0011,1,0,29.6649,0,0,1],"parentBoneIndex":9,"length":11.8196
,"animation":{"dataType":3,"framePerSecond":24,"keys":[
{"frame":1,"values":[0.9357,-0.0264,0.3517,0,-0.0887,0.9475,0.3072,0,-0.3414,-0.3187,0.8843,0,29.6649,0,0,1]},
{"frame":2,"values":[0.9635,-0.2112,0.1647,0,0.1161,0.8835,0.4537,0,-0.2413,-0.418,0.8758,0,29.6649,0,0,1]},
{"frame":3,"values":[0.9229,-0.3742,-0.0908,0,0.3464,0.7038,0.6202,0,-0.1682,-0.6039,0.7791,0,29.6649,0,0,1]},
{"frame":4,"values":[0.8621,-0.4327,-0.2638,0,0.4768,0.5165,0.7112,0,-0.1715,-0.7389,0.6516,0,29.6649,0,0,1]},
{"frame":5,"values":[0.8498,-0.4744,-0.2297,0,0.465,0.4695,0.7506,0,-0.2483,-0.7446,0.6196,0,29.6649,0,0,1]},
{"frame":6,"values":[0.8795,-0.4623,-0.1128,0,0.402,0.5951,0.6958,0,-0.2545,-0.6573,0.7093,0,29.6649,0,0,1]},
{"frame":7,"values":[0.9052,-0.4189,-0.0711,0,0.3672,0.6869,0.6272,0,-0.2139,-0.5939,0.7756,0,29.6649,0,0,1]},
{"frame":8,"values":[0.9241,-0.3694,-0.0981,0,0.3537,0.7292,0.5858,0,-0.1449,-0.576,0.8045,0,29.6649,0,0,1]},
{"frame":9,"values":[0.9246,-0.3456,-0.1603,0,0.3732,0.7378,0.5625,0,-0.0761,-0.5799,0.8111,0,29.6649,0,0,1]},
{"frame":10,"values":[0.9314,-0.3243,-0.1653,0,0.357,0.7254,0.5885,0,-0.0709,-0.6072,0.7914,0,29.6649,0,0,1]},
{"frame":11,"values":[0.9578,-0.2654,-0.1102,0,0.2751,0.7361,0.6184,0,-0.083,-0.6226,0.7781,0,29.6649,0,0,1]},
{"frame":12,"values":[0.9829,-0.1829,-0.0222,0,0.1558,0.7612,0.6295,0,-0.0982,-0.6221,0.7767,0,29.6649,0,0,1]},
{"frame":13,"values":[0.9952,-0.069,0.0701,0,0.0134,0.8007,0.5989,0,-0.0974,-0.595,0.7978,0,29.6649,0,0,1]},
{"frame":14,"values":[0.9892,-0.0049,0.1466,0,-0.0761,0.8371,0.5417,0,-0.1254,-0.547,0.8277,0,29.6649,0,0,1]},
{"frame":15,"values":[0.976,0.0083,0.2177,0,-0.1067,0.8893,0.4447,0,-0.1899,-0.4573,0.8688,0,29.6649,0,0,1]},
{"frame":16,"values":[0.9725,0.0841,0.2174,0,-0.159,0.9214,0.3547,0,-0.1705,-0.3795,0.9094,0,29.6649,0,0,1]},
{"frame":17,"values":[0.9734,0.0869,0.2122,0,-0.1489,0.9434,0.2964,0,-0.1744,-0.3201,0.9312,0,29.6649,0,0,1]},
{"frame":18,"values":[0.9658,0.1329,0.2228,0,-0.1927,0.9423,0.2736,0,-0.1736,-0.3071,0.9357,0,29.6649,0,0,1]},
{"frame":19,"values":[0.9544,0.1299,0.2689,0,-0.206,0.9382,0.2779,0,-0.2162,-0.3206,0.9222,0,29.6649,0,0,1]},
{"frame":20,"values":[0.9452,0.0914,0.3136,0,-0.1793,0.9476,0.2644,0,-0.273,-0.3062,0.912,0,29.6649,0,0,1]},
{"frame":21,"values":[0.9352,0.1011,0.3394,0,-0.182,0.9594,0.2155,0,-0.3039,-0.2633,0.9156,0,29.6649,0,0,1]},
{"frame":22,"values":[0.9296,0.0959,0.3558,0,-0.1744,0.965,0.1958,0,-0.3246,-0.2441,0.9138,0,29.6649,0,0,1]},
{"frame":23,"values":[0.9262,0.0451,0.3744,0,-0.1368,0.9654,0.2221,0,-0.3514,-0.2569,0.9003,0,29.6649,0,0,1]},
{"frame":24,"values":[0.9357,-0.0264,0.3517,0,-0.0887,0.9475,0.3072,0,-0.3414,-0.3187,0.8842,0,29.6649,0,0,1]}],"loopBehavior":1,"name":"anim","property":"_matrix"}},
{"name":"LeftHandThumb1","index":11,"matrix":[0.9238,0.3802,0.0447,0,-0.3501,0.7921,0.5001,0,0.1547,-0.4776,0.8648,0,6.1321,-4.043,2.9242,1],"rest":[1,-0.0003,-0.0002,0,0.0003,1,0.0003,0,0.0002,-0.0003,1,0,6.1321,-4.043,2.9242,1],"parentBoneIndex":10,"length":2.3395
,"animation":{"dataType":3,"framePerSecond":24,"keys":[
{"frame":1,"values":[0.9238,0.3802,0.0447,0,-0.3501,0.7921,0.5001,0,0.1547,-0.4776,0.8648,0,6.1321,-4.043,2.9242,1]},
{"frame":2,"values":[0.8911,0.4507,0.0532,0,-0.4173,0.7679,0.486,0,0.1782,-0.4552,0.8724,0,6.1321,-4.043,2.9242,1]},
{"frame":3,"values":[0.8519,0.5201,0.0616,0,-0.4837,0.7363,0.4731,0,0.2007,-0.4328,0.8788,0,6.1321,-4.043,2.9242,1]},
{"frame":4,"values":[0.8183,0.5701,0.0728,0,-0.5342,0.7077,0.4624,0,0.2121,-0.4173,0.8837,0,6.1321,-4.043,2.9242,1]},
{"frame":5,"values":[0.8012,0.5917,0.0894,0,-0.562,0.6925,0.4523,0,0.2058,-0.4126,0.8874,0,6.1321,-4.043,2.9242,1]},
{"frame":6,"values":[0.7979,0.5925,0.1111,0,-0.5738,0.6899,0.4414,0,0.1849,-0.4159,0.8904,0,6.1321,-4.043,2.9242,1]},
{"frame":7,"values":[0.8017,0.5829,0.1322,0,-0.5759,0.6942,0.4317,0,0.1598,-0.4223,0.8923,0,6.1321,-4.043,2.9242,1]},
{"frame":8,"values":[0.8072,0.5717,0.1468,0,-0.5732,0.7002,0.4256,0,0.1405,-0.4278,0.8929,0,6.1321,-4.043,2.9242,1]},
{"frame":9,"values":[0.8115,0.5641,0.1526,0,-0.5694,0.7044,0.4238,0,0.1315,-0.4308,0.8928,0,6.1321,-4.043,2.9242,1]},
{"frame":10,"values":[0.8166,0.556,0.1551,0,-0.5633,0.7092,0.4239,0,0.1257,-0.4335,0.8923,0,6.1321,-4.043,2.9242,1]},
{"frame":11,"values":[0.8228,0.5467,0.155,0,-0.5551,0.7147,0.4256,0,0.1219,-0.4362,0.8915,0,6.1321,-4.043,2.9242,1]},
{"frame":12,"values":[0.83,0.5365,0.1527,0,-0.5448,0.7207,0.4287,0,0.12,-0.439,0.8905,0,6.1321,-4.043,2.9242,1]},
{"frame":13,"values":[0.8378,0.5254,0.1484,0,-0.5327,0.7271,0.433,0,0.1196,-0.4418,0.8891,0,6.1321,-4.043,2.9242,1]},
{"frame":14,"values":[0.8461,0.5136,0.1423,0,-0.5191,0.7338,0.4382,0,0.1206,-0.4447,0.8875,0,6.1321,-4.043,2.9242,1]},
{"frame":15,"values":[0.8548,0.5011,0.1347,0,-0.5042,0.7406,0.4442,0,0.1228,-0.4476,0.8857,0,6.1321,-4.043,2.9242,1]},
{"frame":16,"values":[0.8637,0.4881,0.1259,0,-0.4881,0.7474,0.4507,0,0.1259,-0.4507,0.8838,0,6.1321,-4.043,2.9242,1]},
{"frame":17,"values":[0.8725,0.4747,0.116,0,-0.4711,0.7541,0.4575,0,0.1297,-0.4538,0.8816,0,6.1321,-4.043,2.9242,1]},
{"frame":18,"values":[0.8811,0.461,0.1054,0,-0.4535,0.7606,0.4645,0,0.1339,-0.457,0.8793,0,6.1321,-4.043,2.9242,1]},
{"frame":19,"values":[0.8895,0.4472,0.0944,0,-0.4356,0.7669,0.4713,0,0.1384,-0.4603,0.8769,0,6.1321,-4.043,2.9242,1]},
{"frame":20,"values":[0.8974,0.4333,0.0833,0,-0.4175,0.7728,0.478,0,0.1428,-0.4637,0.8744,0,6.1321,-4.043,2.9242,1]},
{"frame":21,"values":[0.9048,0.4196,0.0724,0,-0.3997,0.7783,0.4843,0,0.1468,-0.4671,0.8719,0,6.1321,-4.043,2.9242,1]},
{"frame":22,"values":[0.9117,0.406,0.0621,0,-0.3823,0.7834,0.4901,0,0.1504,-0.4706,0.8694,0,6.1321,-4.043,2.9242,1]},
{"frame":23,"values":[0.9181,0.3929,0.0528,0,-0.3657,0.7879,0.4954,0,0.153,-0.4741,0.8671,0,6.1321,-4.043,2.9242,1]},
{"frame":24,"values":[0.9238,0.3802,0.0447,0,-0.3501,0.7921,0.5001,0,0.1547,-0.4776,0.8648,0,6.1321,-4.043,2.9242,1]}],"loopBehavior":1,"name":"anim","property":"_matrix"}},
{"name":"LeftHandThumb2","index":12,"matrix":[0.9289,-0.2569,-0.2669,0,0.2031,0.9557,-0.2131,0,0.3098,0.1438,0.9399,0,1.8122,-1.0462,1.0462,1],"rest":[1,0,0,0,0,1,0,0,0,0,1,0,1.8122,-1.0462,1.0462,1],"parentBoneIndex":11,"length":1.5944
,"animation":{"dataType":3,"framePerSecond":24,"keys":[
{"frame":1,"values":[0.9289,-0.2569,-0.2669,0,0.2031,0.9557,-0.2131,0,0.3098,0.1438,0.9399,0,1.8122,-1.0462,1.0462,1]},
{"frame":2,"values":[0.9513,-0.2518,-0.178,0,0.2398,0.967,-0.0862,0,0.1938,0.0393,0.9802,0,1.8122,-1.0462,1.0462,1]},
{"frame":3,"values":[0.9424,-0.2273,-0.2452,0,0.2498,0.9661,0.0644,0,0.2223,-0.122,0.9673,0,1.8122,-1.0462,1.0462,1]},
{"frame":4,"values":[0.9155,-0.2164,-0.3393,0,0.2034,0.9763,-0.0739,0,0.3472,-0.0014,0.9378,0,1.8122,-1.0462,1.0462,1]},
{"frame":5,"values":[0.8925,-0.2204,-0.3936,0,0.1772,0.9737,-0.1433,0,0.4148,0.0582,0.908,0,1.8122,-1.0462,1.0462,1]},
{"frame":6,"values":[0.8831,-0.2184,-0.4153,0,0.1836,0.9753,-0.1226,0,0.4318,0.032,0.9014,0,1.8122,-1.0462,1.0462,1]},
{"frame":7,"values":[0.8823,-0.2151,-0.4186,0,0.2135,0.9756,-0.0513,0,0.4194,-0.0441,0.9067,0,1.8122,-1.0462,1.0462,1]},
{"frame":8,"values":[0.874,-0.2227,-0.4319,0,0.2215,0.9737,-0.0537,0,0.4325,-0.0488,0.9003,0,1.8122,-1.0462,1.0462,1]},
{"frame":9,"values":[0.8651,-0.236,-0.4425,0,0.228,0.971,-0.0721,0,0.4467,-0.0385,0.8938,0,1.8122,-1.0462,1.0462,1]},
{"frame":10,"values":[0.8532,-0.264,-0.4498,0,0.2449,0.9642,-0.1012,0,0.4605,-0.0238,0.8874,0,1.8122,-1.0462,1.0462,1]},
{"frame":11,"values":[0.8442,-0.2848,-0.4541,0,0.2461,0.9585,-0.1437,0,0.4762,0.0095,0.8793,0,1.8122,-1.0462,1.0462,1]},
{"frame":12,"values":[0.8423,-0.2955,-0.4508,0,0.2446,0.9548,-0.1687,0,0.4803,0.0319,0.8765,0,1.8122,-1.0462,1.0462,1]},
{"frame":13,"values":[0.8479,-0.2959,-0.4399,0,0.2437,0.9544,-0.1722,0,0.4708,0.0388,0.8814,0,1.8122,-1.0462,1.0462,1]},
{"frame":14,"values":[0.8565,-0.2913,-0.4261,0,0.2377,0.9554,-0.1753,0,0.4582,0.0488,0.8875,0,1.8122,-1.0462,1.0462,1]},
{"frame":15,"values":[0.8641,-0.2917,-0.4102,0,0.2368,0.9547,-0.1802,0,0.4442,0.0586,0.894,0,1.8122,-1.0462,1.0462,1]},
{"frame":16,"values":[0.8736,-0.2875,-0.3926,0,0.2315,0.9552,-0.1845,0,0.428,0.0703,0.901,0,1.8122,-1.0462,1.0462,1]},
{"frame":17,"values":[0.8868,-0.2724,-0.3734,0,0.2159,0.9584,-0.1866,0,0.4087,0.0848,0.9087,0,1.8122,-1.0462,1.0462,1]},
{"frame":18,"values":[0.8861,-0.2976,-0.3553,0,0.2399,0.9504,-0.1979,0,0.3966,0.0902,0.9136,0,1.8122,-1.0462,1.0462,1]},
{"frame":19,"values":[0.8633,-0.376,-0.3366,0,0.3151,0.9226,-0.2224,0,0.3942,0.0859,0.915,0,1.8122,-1.0462,1.0462,1]},
{"frame":20,"values":[0.8732,-0.3683,-0.3191,0,0.3075,0.9245,-0.2253,0,0.378,0.0986,0.9205,0,1.8122,-1.0462,1.0462,1]},
{"frame":21,"values":[0.8983,-0.3184,-0.3029,0,0.26,0.9407,-0.2178,0,0.3543,0.1169,0.9278,0,1.8122,-1.0462,1.0462,1]},
{"frame":22,"values":[0.907,-0.3069,-0.2885,0,0.2495,0.9433,-0.219,0,0.3393,0.1266,0.9321,0,1.8122,-1.0462,1.0462,1]},
{"frame":23,"values":[0.9171,-0.2871,-0.2765,0,0.2312,0.9482,-0.2176,0,0.3246,0.1357,0.9361,0,1.8122,-1.0462,1.0462,1]},
{"frame":24,"values":[0.9289,-0.2569,-0.2668,0,0.2031,0.9557,-0.2131,0,0.3097,0.1437,0.9399,0,1.8122,-1.0462,1.0462,1]}],"loopBehavior":1,"name":"anim","property":"_matrix"}},
{"name":"LeftHandThumb3","index":13,"matrix":[0.9806,-0.0026,0.196,0,-0.0241,0.9908,0.1335,0,-0.1945,-0.1357,0.9715,0,1.2351,-0.713,0.713,1],"rest":[1,0.0001,-0.0001,0,-0.0001,1,0,0,0.0001,0,1,0,1.2351,-0.713,0.713,1],"parentBoneIndex":12,"length":2.5475
,"animation":{"dataType":3,"framePerSecond":24,"keys":[
