{"producer":{"name":"Blender","version":"2.90.0","exporter_version":"6.4.4","file":"walkbackwards.babylon"},
"autoClear":true,"clearColor":[0.0509,0.0509,0.0509],"gravity":[0,-9.81,0],
"materials":[{"name":"Material","id":"Material","customType":"BABYLON.PBRMaterial","backFaceCulling":true,"checkReadyOnlyOnce":false,"maxSimultaneousLights":4,"environmentIntensity":1,"albedo":[0.8,0.8,0.8],"reflectivity":[0.5,0.5,0.5],"roughness":0.4,"alpha":1,"transparencyMode":0,"alphaCutOff":0.4,"metallic":0}],
"multiMaterials":[],
"skeletons":[{"name":"Armature","id":0,"dimensionsAtRest":[192.3395,226.9932,28.649],"bones":[
{"name":"Hips","index":0,"matrix":[0.9992,-0.0086,-0.0401,0,0.0064,0.9984,-0.0568,0,-0.0406,-0.0565,-0.9976,0,0.2292,109.6357,-1.9845,1],"rest":[1,0,0,0,0,1,0,0,0,0,-1,0,0,114.0532,0,1],"parentBoneIndex":-1,"length":12.7599
,"animation":{"dataType":3,"framePerSecond":24,"keys":[
{"frame":1,"values":[0.9992,-0.0086,-0.0401,0,0.0064,0.9984,-0.0568,0,-0.0406,-0.0565,-0.9976,0,0.2292,109.6357,-1.9845,1]},
{"frame":2,"values":[0.9979,-0.003,-0.0648,0,-0.0006,0.9985,-0.0551,0,-0.0649,-0.055,-0.9964,0,0.3636,108.9171,-2.696,1]},
{"frame":3,"values":[0.9957,0.0002,-0.0924,0,-0.0045,0.9989,-0.0458,0,-0.0923,-0.0461,-0.9947,0,0.703,107.5359,-3.4297,1]},
{"frame":4,"values":[0.9932,0.0018,-0.1167,0,-0.0058,0.9994,-0.0341,0,-0.1165,-0.0345,-0.9926,0,1.2672,105.8655,-4.0319,1]},
{"frame":5,"values":[0.9914,0.0023,-0.1312,0,-0.0067,0.9994,-0.0331,0,-0.131,-0.0337,-0.9908,0,1.9144,104.6605,-4.1989,1]},
{"frame":6,"values":[0.9909,0.0042,-0.1342,0,-0.0109,0.9987,-0.0496,0,-0.1338,-0.0507,-0.9897,0,2.4866,104.5098,-3.6787,1]},
{"frame":7,"values":[0.9909,0.0156,-0.1334,0,-0.0251,0.9972,-0.07,0,-0.132,-0.0727,-0.9886,0,2.9585,105.111,-2.5965,1]},
{"frame":8,"values":[0.9893,0.0365,-0.1416,0,-0.0476,0.996,-0.0755,0,-0.1383,-0.0814,-0.987,0,3.376,105.9032,-1.5868,1]},
{"frame":9,"values":[0.9856,0.0585,-0.1589,0,-0.0693,0.9956,-0.0635,0,-0.1544,-0.0736,-0.9853,0,3.7415,106.6843,-1.3592,1]},
{"frame":10,"values":[0.9834,0.0711,-0.1667,0,-0.0801,0.9956,-0.0478,0,-0.1626,-0.0603,-0.9848,0,3.9915,107.6206,-1.6171,1]},
{"frame":11,"values":[0.9864,0.0735,-0.1472,0,-0.0802,0.996,-0.0401,0,-0.1437,-0.0513,-0.9883,0,4.0702,108.3814,-2.0183,1]},
{"frame":12,"values":[0.992,0.0695,-0.1057,0,-0.074,0.9965,-0.0392,0,-0.1026,-0.0467,-0.9936,0,4.0023,108.6394,-2.4432,1]},
{"frame":13,"values":[0.9958,0.065,-0.0649,0,-0.0675,0.997,-0.0378,0,-0.0623,-0.042,-0.9972,0,3.8499,108.2111,-2.9209,1]},
{"frame":14,"values":[0.9971,0.0644,-0.0401,0,-0.0658,0.9973,-0.0329,0,-0.0379,-0.0354,-0.9987,0,3.6116,107.1337,-3.381,1]},
{"frame":15,"values":[0.9973,0.0659,-0.0316,0,-0.0669,0.9973,-0.0299,0,-0.0295,-0.032,-0.9991,0,3.2223,105.7188,-3.6643,1]},
{"frame":16,"values":[0.9976,0.0615,-0.0329,0,-0.0627,0.9973,-0.0379,0,-0.0305,-0.0399,-0.9987,0,2.6576,104.5411,-3.5617,1]},
{"frame":17,"values":[0.9982,0.046,-0.0384,0,-0.0483,0.9971,-0.0593,0,-0.0356,-0.061,-0.9975,0,1.9575,104.0013,-2.886,1]},
{"frame":18,"values":[0.9988,0.0236,-0.042,0,-0.0269,0.9963,-0.0816,0,-0.0399,-0.0827,-0.9958,0,1.2276,104.0717,-1.6997,1]},
{"frame":19,"values":[0.9994,-0.0018,-0.0357,0,-0.0015,0.9959,-0.0899,0,-0.0357,-0.0899,-0.9953,0,0.6429,104.5359,-0.4783,1]},
{"frame":20,"values":[0.9995,-0.0262,-0.0163,0,0.0247,0.9961,-0.0846,0,-0.0184,-0.0842,-0.9963,0,0.2852,105.2235,0.2186,1]},
{"frame":21,"values":[0.9991,-0.0407,0.0067,0,0.0411,0.9963,-0.0757,0,0.0036,-0.0759,-0.9971,0,0.0939,106.1506,0.2864,1]},
{"frame":22,"values":[0.9991,-0.0393,0.0141,0,0.0402,0.9968,-0.069,0,0.0114,-0.0695,-0.9975,0,0.022,107.3614,-0.116,1]},
{"frame":23,"values":[0.9997,-0.0255,-0.0045,0,0.0252,0.9977,-0.0632,0,-0.0061,-0.0631,-0.998,0,0.0691,108.649,-0.8962,1]},
{"frame":24,"values":[0.9992,-0.0086,-0.0401,0,0.0064,0.9984,-0.0568,0,-0.0406,-0.0565,-0.9976,0,0.2292,109.6357,-1.9845,1]}],"loopBehavior":1,"name":"anim","property":"_matrix"}},
{"name":"Spine","index":1,"matrix":[0.9996,-0.0118,-0.0267,0,0.013,0.9989,0.0457,0,0.0261,-0.046,0.9986,0,-0.0057,10.8958,-1.2787,1],"rest":[1,0,0,0,0,1,0,0,0,0,1,0,-0.0057,10.8958,-1.2787,1],"parentBoneIndex":0,"length":12.7989
,"animation":{"dataType":3,"framePerSecond":24,"keys":[
{"frame":1,"values":[0.9996,-0.0118,-0.0267,0,0.013,0.9989,0.0457,0,0.0261,-0.046,0.9986,0,-0.0057,10.8958,-1.2787,1]},
{"frame":2,"values":[0.9997,-0.0182,-0.0153,0,0.0189,0.999,0.0415,0,0.0145,-0.0418,0.999,0,-0.0057,10.8958,-1.2787,1]},
{"frame":3,"values":[0.9998,-0.0192,-0.0044,0,0.0194,0.999,0.0399,0,0.0036,-0.04,0.9992,0,-0.0057,10.8958,-1.2787,1]},
{"frame":4,"values":[0.9999,-0.015,0.0058,0,0.0148,0.9991,0.0394,0,-0.0064,-0.0393,0.9992,0,-0.0057,10.8958,-1.2787,1]},
{"frame":5,"values":[0.9998,-0.0102,0.0153,0,0.0097,0.9993,0.0362,0,-0.0157,-0.0361,0.9992,0,-0.0057,10.8958,-1.2787,1]},
{"frame":6,"values":[0.9997,-0.0109,0.0226,0,0.0102,0.9994,0.0319,0,-0.0229,-0.0317,0.9992,0,-0.0057,10.8958,-1.2787,1]},
{"frame":7,"values":[0.9994,-0.0238,0.0259,0,0.023,0.9992,0.0331,0,-0.0267,-0.0325,0.9991,0,-0.0057,10.8958,-1.2787,1]},
{"frame":8,"values":[0.9987,-0.0451,0.023,0,0.0441,0.9982,0.0414,0,-0.0248,-0.0403,0.9989,0,-0.0057,10.8958,-1.2787,1]},
{"frame":9,"values":[0.9978,-0.0633,0.0172,0,0.0624,0.9969,0.0487,0,-0.0202,-0.0475,0.9987,0,-0.0057,10.8958,-1.2787,1]},
{"frame":10,"values":[0.9975,-0.0691,0.0152,0,0.0683,0.9965,0.0479,0,-0.0185,-0.0467,0.9987,0,-0.0057,10.8958,-1.2787,1]},
{"frame":11,"values":[0.9977,-0.0655,0.018,0,0.0647,0.9971,0.0405,0,-0.0206,-0.0392,0.999,0,-0.0057,10.8958,-1.2787,1]},
{"frame":12,"values":[0.9981,-0.0584,0.0194,0,0.0577,0.9978,0.0323,0,-0.0212,-0.0312,0.9993,0,-0.0057,10.8958,-1.2787,1]},
{"frame":13,"values":[0.9985,-0.053,0.0139,0,0.0526,0.9982,0.0271,0,-0.0153,-0.0263,0.9995,0,-0.0057,10.8958,-1.2787,1]},
{"frame":14,"values":[0.9986,-0.0536,0.0024,0,0.0535,0.9983,0.0246,0,-0.0037,-0.0245,0.9997,0,-0.0057,10.8958,-1.2787,1]},
{"frame":15,"values":[0.9983,-0.0574,-0.0115,0,0.0577,0.9981,0.0224,0,0.0102,-0.023,0.9997,0,-0.0057,10.8958,-1.2787,1]},
{"frame":16,"values":[0.9982,-0.0554,-0.0243,0,0.0559,0.9983,0.0181,0,0.0233,-0.0194,0.9995,0,-0.0057,10.8958,-1.2787,1]},
{"frame":17,"values":[0.9985,-0.0438,-0.0331,0,0.0443,0.9989,0.0148,0,0.0324,-0.0162,0.9993,0,-0.0057,10.8958,-1.2787,1]},
{"frame":18,"values":[0.999,-0.027,-0.0356,0,0.0277,0.9994,0.0198,0,0.035,-0.0208,0.9992,0,-0.0057,10.8958,-1.2787,1]},
{"frame":19,"values":[0.9995,-0.0055,-0.0313,0,0.0066,0.9994,0.0347,0,0.0311,-0.0349,0.9989,0,-0.0057,10.8958,-1.2787,1]},
{"frame":20,"values":[0.9995,0.0185,-0.0236,0,-0.0173,0.9986,0.0505,0,0.0245,-0.0501,0.9984,0,-0.0057,10.8958,-1.2787,1]},
{"frame":21,"values":[0.9993,0.0327,-0.0186,0,-0.0316,0.9978,0.0585,0,0.0204,-0.0579,0.9981,0,-0.0057,10.8958,-1.2787,1]},
{"frame":22,"values":[0.9994,0.0285,-0.02,0,-0.0273,0.9979,0.0585,0,0.0216,-0.0579,0.9981,0,-0.0057,10.8958,-1.2787,1]},
{"frame":23,"values":[0.9996,0.01,-0.0247,0,-0.0087,0.9985,0.0533,0,0.0252,-0.0531,0.9983,0,-0.0057,10.8958,-1.2787,1]},
{"frame":24,"values":[0.9996,-0.0118,-0.0267,0,0.013,0.9989,0.0457,0,0.0261,-0.046,0.9986,0,-0.0057,10.8958,-1.2787,1]}],"loopBehavior":1,"name":"anim","property":"_matrix"}},
{"name":"Spine1","index":2,"matrix":[0.9999,-0.0059,-0.0147,0,0.0064,0.9993,0.038,0,0.0145,-0.0381,0.9992,0,-0.0066,12.7117,-1.4918,1],"rest":[1,0,0,0,0,1,0,0,0,0,1,0,-0.0066,12.7117,-1.4918,1],"parentBoneIndex":1,"length":14.6274
,"animation":{"dataType":3,"framePerSecond":24,"keys":[
{"frame":1,"values":[0.9999,-0.0059,-0.0147,0,0.0064,0.9993,0.038,0,0.0145,-0.0381,0.9992,0,-0.0066,12.7117,-1.4918,1]},
{"frame":2,"values":[0.9999,-0.0057,-0.0098,0,0.006,0.9994,0.0342,0,0.0096,-0.0343,0.9994,0,-0.0066,12.7117,-1.4918,1]},
{"frame":3,"values":[1,-0.0043,-0.0049,0,0.0044,0.9995,0.0318,0,0.0048,-0.0318,0.9995,0,-0.0066,12.7117,-1.4918,1]},
{"frame":4,"values":[1,-0.0023,-0.0004,0,0.0023,0.9995,0.0302,0,0.0003,-0.0302,0.9995,0,-0.0066,12.7117,-1.4918,1]},
{"frame":5,"values":[1,-0.0007,0.0044,0,0.0006,0.9996,0.0275,0,-0.0044,-0.0275,0.9996,0,-0.0066,12.7117,-1.4918,1]},
{"frame":6,"values":[1,-0.0015,0.0087,0,0.0013,0.9997,0.0249,0,-0.0088,-0.0249,0.9997,0,-0.0066,12.7117,-1.4918,1]},
{"frame":7,"values":[0.9999,-0.0065,0.0104,0,0.0063,0.9996,0.0261,0,-0.0105,-0.0261,0.9996,0,-0.0066,12.7117,-1.4918,1]},
{"frame":8,"values":[0.9999,-0.0128,0.0073,0,0.0126,0.9994,0.0309,0,-0.0077,-0.0308,0.9995,0,-0.0066,12.7117,-1.4918,1]},
{"frame":9,"values":[0.9999,-0.0145,0.0023,0,0.0144,0.9993,0.0345,0,-0.0028,-0.0344,0.9994,0,-0.0066,12.7117,-1.4918,1]},
{"frame":10,"values":[0.9999,-0.011,0.0007,0,0.011,0.9994,0.034,0,-0.001,-0.034,0.9994,0,-0.0066,12.7117,-1.4918,1]},
{"frame":11,"values":[1,-0.0074,0.0038,0,0.0073,0.9995,0.0313,0,-0.004,-0.0313,0.9995,0,-0.0066,12.7117,-1.4918,1]},
{"frame":12,"values":[0.9999,-0.007,0.0073,0,0.0068,0.9996,0.0282,0,-0.0075,-0.0282,0.9996,0,-0.0066,12.7117,-1.4918,1]},
{"frame":13,"values":[0.9999,-0.0088,0.0067,0,0.0087,0.9996,0.0255,0,-0.007,-0.0254,0.9997,0,-0.0066,12.7117,-1.4918,1]},
{"frame":14,"values":[0.9999,-0.0111,0.0024,0,0.011,0.9997,0.0236,0,-0.0026,-0.0235,0.9997,0,-0.0066,12.7117,-1.4918,1]},
{"frame":15,"values":[0.9999,-0.0134,-0.0033,0,0.0135,0.9997,0.022,0,0.003,-0.022,0.9998,0,-0.0066,12.7117,-1.4918,1]},
{"frame":16,"values":[0.9998,-0.0149,-0.0095,0,0.0151,0.9997,0.019,0,0.0092,-0.0191,0.9998,0,-0.0066,12.7117,-1.4918,1]},
{"frame":17,"values":[0.9998,-0.0134,-0.016,0,0.0136,0.9998,0.0159,0,0.0158,-0.0161,0.9997,0,-0.0066,12.7117,-1.4918,1]},
{"frame":18,"values":[0.9998,-0.0077,-0.0197,0,0.008,0.9998,0.0177,0,0.0196,-0.0179,0.9996,0,-0.0066,12.7117,-1.4918,1]},
{"frame":19,"values":[0.9999,0.0005,-0.0167,0,-0.0001,0.9997,0.0263,0,0.0167,-0.0263,0.9995,0,-0.0066,12.7117,-1.4918,1]},
{"frame":20,"values":[0.9999,0.0072,-0.0093,0,-0.0069,0.9993,0.0354,0,0.0095,-0.0354,0.9993,0,-0.0066,12.7117,-1.4918,1]},
{"frame":21,"values":[0.9999,0.0091,-0.0046,0,-0.0089,0.9992,0.0396,0,0.005,-0.0395,0.9992,0,-0.0066,12.7117,-1.4918,1]},
{"frame":22,"values":[1,0.0062,-0.0065,0,-0.0059,0.9992,0.0402,0,0.0068,-0.0402,0.9992,0,-0.0066,12.7117,-1.4918,1]},
{"frame":23,"values":[0.9999,0.0002,-0.0116,0,0.0003,0.9992,0.0398,0,0.0116,-0.0398,0.9991,0,-0.0066,12.7117,-1.4918,1]},
{"frame":24,"values":[0.9999,-0.0059,-0.0147,0,0.0064,0.9993,0.038,0,0.0145,-0.0381,0.9992,0,-0.0066,12.7117,-1.4918,1]}],"loopBehavior":1,"name":"anim","property":"_matrix"}},
{"name":"Spine2","index":3,"matrix":[0.9999,-0.0054,-0.014,0,0.006,0.9992,0.0383,0,0.0138,-0.0384,0.9992,0,-0.0076,14.5277,-1.7049,1],"rest":[1,0,0,0,0,1,0,0,0,0,1,0,-0.0076,14.5277,-1.7049,1],"parentBoneIndex":2,"length":15.4826
,"animation":{"dataType":3,"framePerSecond":24,"keys":[
{"frame":1,"values":[0.9999,-0.0054,-0.014,0,0.006,0.9992,0.0383,0,0.0138,-0.0384,0.9992,0,-0.0076,14.5277,-1.7049,1]},
{"frame":2,"values":[0.9999,-0.0054,-0.0091,0,0.0057,0.9994,0.0344,0,0.0089,-0.0345,0.9994,0,-0.0076,14.5277,-1.7049,1]},
{"frame":3,"values":[1,-0.0041,-0.0042,0,0.0042,0.9995,0.0319,0,0.0041,-0.0319,0.9995,0,-0.0076,14.5277,-1.7049,1]},
{"frame":4,"values":[1,-0.0022,0.0003,0,0.0022,0.9995,0.0302,0,-0.0003,-0.0302,0.9995,0,-0.0076,14.5277,-1.7049,1]},
{"frame":5,"values":[1,-0.0007,0.0049,0,0.0006,0.9996,0.0274,0,-0.0049,-0.0274,0.9996,0,-0.0076,14.5277,-1.7049,1]},
{"frame":6,"values":[1,-0.0016,0.0092,0,0.0014,0.9997,0.0248,0,-0.0092,-0.0248,0.9996,0,-0.0076,14.5277,-1.7049,1]},
{"frame":7,"values":[0.9999,-0.0066,0.0107,0,0.0063,0.9996,0.026,0,-0.0109,-0.0259,0.9996,0,-0.0076,14.5277,-1.7049,1]},
{"frame":8,"values":[0.9999,-0.0129,0.0076,0,0.0127,0.9994,0.0308,0,-0.008,-0.0307,0.9995,0,-0.0076,14.5277,-1.7049,1]},
{"frame":9,"values":[0.9999,-0.0145,0.0026,0,0.0144,0.9993,0.0345,0,-0.0031,-0.0344,0.9994,0,-0.0076,14.5277,-1.7049,1]},
{"frame":10,"values":[0.9999,-0.011,0.001,0,0.0109,0.9994,0.034,0,-0.0013,-0.034,0.9994,0,-0.0076,14.5277,-1.7049,1]},
{"frame":11,"values":[1,-0.0075,0.0041,0,0.0073,0.9995,0.0313,0,-0.0044,-0.0312,0.9995,0,-0.0076,14.5277,-1.7049,1]},
{"frame":12,"values":[0.9999,-0.0071,0.0076,0,0.0069,0.9996,0.0282,0,-0.0078,-0.0281,0.9996,0,-0.0076,14.5277,-1.7049,1]},
{"frame":13,"values":[0.9999,-0.0089,0.0069,0,0.0087,0.9996,0.0255,0,-0.0072,-0.0254,0.9997,0,-0.0076,14.5277,-1.7049,1]},
{"frame":14,"values":[0.9999,-0.0111,0.0025,0,0.0111,0.9997,0.0235,0,-0.0027,-0.0235,0.9997,0,-0.0076,14.5277,-1.7049,1]},
{"frame":15,"values":[0.9999,-0.0133,-0.0033,0,0.0134,0.9997,0.022,0,0.003,-0.022,0.9998,0,-0.0076,14.5277,-1.7049,1]},
{"frame":16,"values":[0.9998,-0.0148,-0.0095,0,0.0149,0.9997,0.0191,0,0.0092,-0.0192,0.9998,0,-0.0076,14.5277,-1.7049,1]},
{"frame":17,"values":[0.9998,-0.0132,-0.0161,0,0.0135,0.9998,0.0159,0,0.0158,-0.0162,0.9997,0,-0.0076,14.5277,-1.7049,1]},
{"frame":18,"values":[0.9998,-0.0075,-0.0197,0,0.0079,0.9998,0.0178,0,0.0196,-0.018,0.9996,0,-0.0076,14.5277,-1.7049,1]},
{"frame":19,"values":[0.9999,0.0007,-0.0166,0,-0.0002,0.9997,0.0264,0,0.0166,-0.0264,0.9995,0,-0.0076,14.5277,-1.7049,1]},
{"frame":20,"values":[0.9999,0.0073,-0.009,0,-0.007,0.9993,0.0355,0,0.0093,-0.0354,0.9993,0,-0.0076,14.5277,-1.7049,1]},
{"frame":21,"values":[0.9999,0.0092,-0.0044,0,-0.009,0.9992,0.0396,0,0.0047,-0.0395,0.9992,0,-0.0076,14.5277,-1.7049,1]},
{"frame":22,"values":[1,0.0063,-0.0061,0,-0.006,0.9992,0.0403,0,0.0064,-0.0402,0.9992,0,-0.0076,14.5277,-1.7049,1]},
{"frame":23,"values":[0.9999,0.0004,-0.011,0,0,0.9992,0.04,0,0.011,-0.04,0.9991,0,-0.0076,14.5277,-1.7049,1]},
{"frame":24,"values":[0.9999,-0.0054,-0.014,0,0.006,0.9992,0.0383,0,0.0138,-0.0384,0.9992,0,-0.0076,14.5277,-1.7049,1]}],"loopBehavior":1,"name":"anim","property":"_matrix"}},
{"name":"Neck","index":4,"matrix":[1,0.0008,0.0057,0,-0.0006,0.9995,-0.0313,0,-0.0057,0.0313,0.9995,0,-0.0085,16.3436,-1.918,1],"rest":[1,0,0,0,0,1,0,0,0,0,1,0,-0.0085,16.3436,-1.918,1],"parentBoneIndex":3,"length":7.7098
,"animation":{"dataType":3,"framePerSecond":24,"keys":[
{"frame":1,"values":[1,0.0008,0.0057,0,-0.0006,0.9995,-0.0313,0,-0.0057,0.0313,0.9995,0,-0.0085,16.3436,-1.918,1]},
{"frame":2,"values":[1,0.0005,0.0016,0,-0.0004,0.9995,-0.0307,0,-0.0016,0.0307,0.9995,0,-0.0085,16.3436,-1.918,1]},
{"frame":3,"values":[1,-0.0011,-0.0031,0,0.001,0.9996,-0.0272,0,0.0031,0.0272,0.9996,0,-0.0085,16.3436,-1.918,1]},
{"frame":4,"values":[1,-0.0029,-0.0071,0,0.0027,0.9998,-0.0213,0,0.0072,0.0213,0.9997,0,-0.0085,16.3436,-1.918,1]},
{"frame":5,"values":[0.9999,-0.0034,-0.0097,0,0.0033,0.9999,-0.017,0,0.0097,0.0169,0.9998,0,-0.0085,16.3436,-1.918,1]},
{"frame":6,"values":[0.9999,-0.0019,-0.0109,0,0.0017,0.9998,-0.0177,0,0.0109,0.0177,0.9998,0,-0.0085,16.3436,-1.918,1]},
{"frame":7,"values":[0.9999,0.0015,-0.0111,0,-0.0018,0.9998,-0.0222,0,0.011,0.0222,0.9997,0,-0.0085,16.3436,-1.918,1]},
{"frame":8,"values":[0.9999,0.004,-0.0105,0,-0.0042,0.9997,-0.0256,0,0.0104,0.0257,0.9996,0,-0.0085,16.3436,-1.918,1]},
{"frame":9,"values":[0.9999,0.0021,-0.0101,0,-0.0024,0.9997,-0.0243,0,0.0101,0.0243,0.9997,0,-0.0085,16.3436,-1.918,1]},
{"frame":10,"values":[0.9999,-0.003,-0.0105,0,0.0028,0.9998,-0.019,0,0.0106,0.0189,0.9998,0,-0.0085,16.3436,-1.918,1]},
{"frame":11,"values":[0.9999,-0.007,-0.0105,0,0.0069,0.9999,-0.0143,0,0.0106,0.0142,0.9998,0,-0.0085,16.3436,-1.918,1]},
{"frame":12,"values":[0.9999,-0.0075,-0.0087,0,0.0074,0.9999,-0.0135,0,0.0088,0.0134,0.9999,0,-0.0085,16.3436,-1.918,1]},
{"frame":13,"values":[1,-0.0056,-0.0052,0,0.0055,0.9999,-0.0157,0,0.0053,0.0156,0.9999,0,-0.0085,16.3436,-1.918,1]},
{"frame":14,"values":[1,-0.0033,-0.0016,0,0.0032,0.9998,-0.018,0,0.0017,0.018,0.9998,0,-0.0085,16.3436,-1.918,1]},
{"frame":15,"values":[1,-0.0018,0.0012,0,0.0019,0.9998,-0.0193,0,-0.0011,0.0193,0.9998,0,-0.0085,16.3436,-1.918,1]},
{"frame":16,"values":[1,-0.0025,0.003,0,0.0026,0.9998,-0.0214,0,-0.003,0.0214,0.9998,0,-0.0085,16.3436,-1.918,1]},
{"frame":17,"values":[1,-0.0053,0.0042,0,0.0054,0.9996,-0.0263,0,-0.0041,0.0263,0.9996,0,-0.0085,16.3436,-1.918,1]},
{"frame":18,"values":[1,-0.009,0.0043,0,0.0091,0.9994,-0.0327,0,-0.004,0.0327,0.9995,0,-0.0085,16.3436,-1.918,1]},
{"frame":19,"values":[0.9999,-0.0125,0.0029,0,0.0126,0.9992,-0.0371,0,-0.0025,0.0371,0.9993,0,-0.0085,16.3436,-1.918,1]},
{"frame":20,"values":[0.9999,-0.0146,0.0017,0,0.0146,0.9992,-0.0382,0,-0.0011,0.0383,0.9993,0,-0.0085,16.3436,-1.918,1]},
{"frame":21,"values":[0.9999,-0.0136,0.0026,0,0.0137,0.9992,-0.0376,0,-0.0021,0.0376,0.9993,0,-0.0085,16.3436,-1.918,1]},
{"frame":22,"values":[0.9999,-0.0096,0.0051,0,0.0097,0.9993,-0.0364,0,-0.0047,0.0364,0.9993,0,-0.0085,16.3436,-1.918,1]},
{"frame":23,"values":[1,-0.004,0.0065,0,0.0042,0.9994,-0.0343,0,-0.0064,0.0343,0.9994,0,-0.0085,16.3436,-1.918,1]},
{"frame":24,"values":[1,0.0008,0.0057,0,-0.0006,0.9995,-0.0313,0,-0.0057,0.0313,0.9995,0,-0.0085,16.3436,-1.918,1]}],"loopBehavior":1,"name":"anim","property":"_matrix"}},
{"name":"Head","index":5,"matrix":[0.9953,0.0642,0.0729,0,-0.0541,0.9897,-0.1327,0,-0.0807,0.1281,0.9885,0,0,7.4726,1.8977,1],"rest":[1,0,0,0,0,1,0,0,0,0,1,0,0,7.4726,1.8977,1],"parentBoneIndex":4,"length":26.3062
,"animation":{"dataType":3,"framePerSecond":24,"keys":[
{"frame":1,"values":[0.9953,0.0642,0.0729,0,-0.0541,0.9897,-0.1327,0,-0.0807,0.1281,0.9885,0,0,7.4726,1.8977,1]},
{"frame":2,"values":[0.9977,0.0574,0.0358,0,-0.052,0.9893,-0.1367,0,-0.0432,0.1345,0.99,0,0,7.4726,1.8977,1]},
{"frame":3,"values":[0.9989,0.0462,-0.0053,0,-0.0464,0.9891,-0.1394,0,-0.0012,0.1395,0.9902,0,0,7.4726,1.8977,1]},
{"frame":4,"values":[0.9986,0.033,-0.0409,0,-0.0383,0.9899,-0.1366,0,0.036,0.138,0.9898,0,0,7.4726,1.8977,1]},
{"frame":5,"values":[0.9976,0.0249,-0.0646,0,-0.0332,0.9909,-0.1306,0,0.0608,0.1325,0.9893,0,0,7.4726,1.8977,1]},
{"frame":6,"values":[0.9966,0.0291,-0.0767,0,-0.0395,0.9898,-0.1371,0,0.0719,0.1397,0.9876,0,0,7.4726,1.8977,1]},
{"frame":7,"values":[0.9956,0.0436,-0.0828,0,-0.0568,0.9848,-0.1642,0,0.0743,0.1682,0.9829,0,0,7.4726,1.8977,1]},
{"frame":8,"values":[0.9948,0.0551,-0.0858,0,-0.0705,0.9794,-0.1892,0,0.0736,0.1942,0.9782,0,0,7.4726,1.8977,1]},
{"frame":9,"values":[0.9949,0.0529,-0.086,0,-0.0676,0.9818,-0.1777,0,0.0751,0.1826,0.9803,0,0,7.4726,1.8977,1]},
{"frame":10,"values":[0.9957,0.0446,-0.0814,0,-0.0549,0.9901,-0.1295,0,0.0748,0.1334,0.9882,0,0,7.4726,1.8977,1]},
{"frame":11,"values":[0.9969,0.0432,-0.0656,0,-0.0486,0.9954,-0.0825,0,0.0618,0.0855,0.9944,0,0,7.4726,1.8977,1]},
{"frame":12,"values":[0.9981,0.0493,-0.0369,0,-0.0516,0.9967,-0.063,0,0.0337,0.0648,0.9973,0,0,7.4726,1.8977,1]},
{"frame":13,"values":[0.9984,0.0568,-0.004,0,-0.0569,0.9962,-0.0665,0,0.0002,0.0666,0.9978,0,0,7.4726,1.8977,1]},
{"frame":14,"values":[0.9977,0.0642,0.0232,0,-0.0622,0.9948,-0.0806,0,-0.0283,0.0789,0.9965,0,0,7.4726,1.8977,1]},
{"frame":15,"values":[0.9965,0.0729,0.0412,0,-0.0686,0.9928,-0.0985,0,-0.0481,0.0954,0.9943,0,0,7.4726,1.8977,1]},
{"frame":16,"values":[0.9954,0.0804,0.053,0,-0.0736,0.9902,-0.1187,0,-0.062,0.1143,0.9915,0,0,7.4726,1.8977,1]},
{"frame":17,"values":[0.9949,0.0813,0.0597,0,-0.0717,0.9864,-0.1476,0,-0.0709,0.1425,0.9872,0,0,7.4726,1.8977,1]},
{"frame":18,"values":[0.9956,0.074,0.0573,0,-0.0619,0.9799,-0.1897,0,-0.0702,0.1853,0.9802,0,0,7.4726,1.8977,1]},
{"frame":19,"values":[0.997,0.0609,0.0473,0,-0.0483,0.9716,-0.2317,0,-0.0601,0.2288,0.9716,0,0,7.4726,1.8977,1]},
{"frame":20,"values":[0.9978,0.0487,0.044,0,-0.0361,0.967,-0.2522,0,-0.0548,0.2501,0.9667,0,0,7.4726,1.8977,1]},
{"frame":21,"values":[0.9973,0.0446,0.0585,0,-0.0292,0.9699,-0.2418,0,-0.0675,0.2394,0.9686,0,0,7.4726,1.8977,1]},
{"frame":22,"values":[0.9956,0.0486,0.08,0,-0.0308,0.9772,-0.2102,0,-0.0884,0.2069,0.9744,0,0,7.4726,1.8977,1]},
{"frame":23,"values":[0.9946,0.0568,0.0873,0,-0.0412,0.9845,-0.1704,0,-0.0956,0.1659,0.9815,0,0,7.4726,1.8977,1]},
{"frame":24,"values":[0.9953,0.0642,0.0729,0,-0.0541,0.9897,-0.1327,0,-0.0807,0.1281,0.9885,0,0,7.4726,1.8977,1]}],"loopBehavior":1,"name":"anim","property":"_matrix"}},
{"name":"HeadTop_End","index":6,"matrix":[1,0,0,0,0,1,0,0,0,0,1,0,0,25.4969,6.475,1],"rest":[1,0,0,0,0,1,0,0,0,0,1,0,0,25.4969,6.475,1],"parentBoneIndex":5,"length":26.3062
,"animation":{"dataType":3,"framePerSecond":24,"keys":[
{"frame":1,"values":[1,0,0,0,0,1,0,0,0,0,1,0,0,25.4969,6.475,1]},
{"frame":24,"values":[1,0,0,0,0,1,0,0,0,0,1,0,0,25.4969,6.475,1]}],"loopBehavior":1,"name":"anim","property":"_matrix"}},
{"name":"LeftShoulder","index":7,"matrix":[0.9834,-0.1798,0.0262,0,0.1794,0.9837,0.0154,0,-0.0285,-0.0104,0.9995,0,5.5507,13.7754,-1.9265,1],"rest":[1,-0.002,0,0,0.002,1,0,0,0,0,1,0,5.5507,13.7754,-1.9265,1],"parentBoneIndex":3,"length":12.2475
,"animation":{"dataType":3,"framePerSecond":24,"keys":[
{"frame":1,"values":[0.9834,-0.1798,0.0262,0,0.1794,0.9837,0.0154,0,-0.0285,-0.0104,0.9995,0,5.5507,13.7754,-1.9265,1]},
{"frame":2,"values":[0.9844,-0.1742,0.0268,0,0.1738,0.9847,0.0152,0,-0.0291,-0.0103,0.9995,0,5.5507,13.7754,-1.9265,1]},
{"frame":3,"values":[0.9848,-0.1714,0.0292,0,0.171,0.9852,0.0155,0,-0.0314,-0.0103,0.9995,0,5.5507,13.7754,-1.9265,1]},
{"frame":4,"values":[0.9846,-0.1719,0.0321,0,0.1715,0.9851,0.0161,0,-0.0344,-0.0103,0.9994,0,5.5507,13.7754,-1.9265,1]},
{"frame":5,"values":[0.984,-0.1748,0.033,0,0.1743,0.9845,0.0163,0,-0.0354,-0.0103,0.9993,0,5.5507,13.7754,-1.9265,1]},
{"frame":6,"values":[0.9835,-0.1778,0.0321,0,0.1773,0.984,0.0163,0,-0.0345,-0.0104,0.9994,0,5.5507,13.7754,-1.9265,1]},
{"frame":7,"values":[0.9834,-0.1782,0.0333,0,0.1778,0.9839,0.0166,0,-0.0357,-0.0104,0.9993,0,5.5507,13.7754,-1.9265,1]},
{"frame":8,"values":[0.9835,-0.1773,0.0369,0,0.1768,0.9841,0.0172,0,-0.0394,-0.0103,0.9992,0,5.5507,13.7754,-1.9265,1]},
{"frame":9,"values":[0.9832,-0.1787,0.0369,0,0.1781,0.9839,0.0172,0,-0.0393,-0.0104,0.9992,0,5.5507,13.7754,-1.9265,1]},
{"frame":10,"values":[0.9827,-0.1824,0.0309,0,0.182,0.9832,0.0163,0,-0.0334,-0.0104,0.9994,0,5.5507,13.7754,-1.9265,1]},
{"frame":11,"values":[0.9825,-0.1845,0.0266,0,0.1842,0.9828,0.0157,0,-0.029,-0.0105,0.9995,0,5.5507,13.7754,-1.9265,1]},
{"frame":12,"values":[0.9827,-0.183,0.0294,0,0.1826,0.983,0.0161,0,-0.0318,-0.0104,0.9994,0,5.5507,13.7754,-1.9265,1]},
{"frame":13,"values":[0.9832,-0.1795,0.0338,0,0.179,0.9837,0.0167,0,-0.0362,-0.0104,0.9993,0,5.5507,13.7754,-1.9265,1]},
{"frame":14,"values":[0.984,-0.1754,0.0322,0,0.175,0.9844,0.0162,0,-0.0345,-0.0103,0.9993,0,5.5507,13.7754,-1.9265,1]},
{"frame":15,"values":[0.9846,-0.1731,0.0247,0,0.1727,0.9849,0.0148,0,-0.0269,-0.0103,0.9996,0,5.5507,13.7754,-1.9265,1]},
{"frame":16,"values":[0.9845,-0.1748,0.0166,0,0.1746,0.9846,0.0135,0,-0.0187,-0.0104,0.9998,0,5.5507,13.7754,-1.9265,1]},
{"frame":17,"values":[0.9836,-0.1802,0.011,0,0.1801,0.9836,0.0127,0,-0.0131,-0.0105,0.9999,0,5.5507,13.7754,-1.9265,1]},
{"frame":18,"values":[0.9825,-0.1864,0.0077,0,0.1863,0.9824,0.0123,0,-0.0099,-0.0107,0.9999,0,5.5507,13.7754,-1.9265,1]},
{"frame":19,"values":[0.9815,-0.1912,0.0081,0,0.1911,0.9815,0.0125,0,-0.0104,-0.0108,0.9999,0,5.5507,13.7754,-1.9265,1]},
{"frame":20,"values":[0.981,-0.1936,0.0139,0,0.1934,0.981,0.0137,0,-0.0163,-0.0107,0.9998,0,5.5507,13.7754,-1.9265,1]},
{"frame":21,"values":[0.9811,-0.1923,0.0231,0,0.192,0.9813,0.0153,0,-0.0256,-0.0106,0.9996,0,5.5507,13.7754,-1.9265,1]},
{"frame":22,"values":[0.9816,-0.1885,0.0291,0,0.1881,0.982,0.0163,0,-0.0317,-0.0105,0.9994,0,5.5507,13.7754,-1.9265,1]},
{"frame":23,"values":[0.9825,-0.1841,0.0291,0,0.1837,0.9829,0.0161,0,-0.0316,-0.0105,0.9994,0,5.5507,13.7754,-1.9265,1]},
{"frame":24,"values":[0.9834,-0.1798,0.0262,0,0.1794,0.9837,0.0154,0,-0.0285,-0.0104,0.9995,0,5.5507,13.7754,-1.9265,1]}],"loopBehavior":1,"name":"anim","property":"_matrix"}},
{"name":"LeftArm","index":8,"matrix":[0.2671,-0.9619,-0.0582,0,0.8955,0.2254,0.3838,0,-0.3561,-0.1546,0.9216,0,11.8394,-3.1354,-0.0171,1],"rest":[0.9973,-0.0184,0.0706,0,0.0183,0.9998,0.0011,0,-0.0707,0.0002,0.9975,0,11.8394,-3.1354,-0.0171,1],"parentBoneIndex":7,"length":29.2403
,"animation":{"dataType":3,"framePerSecond":24,"keys":[
{"frame":1,"values":[0.2671,-0.9619,-0.0582,0,0.8955,0.2254,0.3838,0,-0.3561,-0.1546,0.9216,0,11.8394,-3.1354,-0.0171,1]},
{"frame":2,"values":[0.2479,-0.9563,-0.1552,0,0.9055,0.1718,0.388,0,-0.3444,-0.2367,0.9085,0,11.8394,-3.1354,-0.0171,1]},
{"frame":3,"values":[0.2213,-0.9477,-0.2299,0,0.9124,0.118,0.3919,0,-0.3443,-0.2965,0.8908,0,11.8394,-3.1354,-0.0171,1]},
{"frame":4,"values":[0.203,-0.9447,-0.2577,0,0.9142,0.0886,0.3954,0,-0.3507,-0.3159,0.8816,0,11.8394,-3.1354,-0.0171,1]},
{"frame":5,"values":[0.2038,-0.9512,-0.2319,0,0.9103,0.097,0.4024,0,-0.3602,-0.2931,0.8856,0,11.8394,-3.1354,-0.0171,1]},
{"frame":6,"values":[0.2255,-0.961,-0.16,0,0.8979,0.1413,0.4169,0,-0.378,-0.2377,0.8948,0,11.8394,-3.1354,-0.0171,1]},
{"frame":7,"values":[0.2603,-0.9633,-0.0658,0,0.8757,0.2068,0.4363,0,-0.4066,-0.1712,0.8974,0,11.8394,-3.1354,-0.0171,1]},
{"frame":8,"values":[0.3027,-0.9524,0.0367,0,0.8433,0.2855,0.4554,0,-0.4441,-0.1069,0.8896,0,11.8394,-3.1354,-0.0171,1]},
{"frame":9,"values":[0.3428,-0.929,0.1395,0,0.8035,0.3669,0.4688,0,-0.4867,-0.0486,0.8722,0,11.8394,-3.1354,-0.0171,1]},
{"frame":10,"values":[0.3731,-0.8987,0.2306,0,0.7626,0.4386,0.4754,0,-0.5284,-0.0015,0.849,0,11.8394,-3.1354,-0.0171,1]},
{"frame":11,"values":[0.3934,-0.8679,0.3033,0,0.7252,0.4957,0.4779,0,-0.5651,0.0319,0.8244,0,11.8394,-3.1354,-0.0171,1]},
{"frame":12,"values":[0.4051,-0.8408,0.3592,0,0.6932,0.5386,0.4789,0,-0.5961,0.055,0.801,0,11.8394,-3.1354,-0.0171,1]},
{"frame":13,"values":[0.4091,-0.8194,0.4016,0,0.6702,0.5685,0.4771,0,-0.6193,0.074,0.7817,0,11.8394,-3.1354,-0.0171,1]},
{"frame":14,"values":[0.4082,-0.8067,0.4274,0,0.6628,0.5838,0.4688,0,-0.6277,0.0919,0.773,0,11.8394,-3.1354,-0.0171,1]},
{"frame":15,"values":[0.4078,-0.806,0.429,0,0.6739,0.5827,0.4543,0,-0.6161,0.1039,0.7808,0,11.8394,-3.1354,-0.0171,1]},
{"frame":16,"values":[0.4087,-0.8174,0.4061,0,0.6984,0.5665,0.4373,0,-0.5875,0.1049,0.8024,0,11.8394,-3.1354,-0.0171,1]},
{"frame":17,"values":[0.4045,-0.8376,0.3672,0,0.7331,0.537,0.4173,0,-0.5468,0.1004,0.8312,0,11.8394,-3.1354,-0.0171,1]},
{"frame":18,"values":[0.3895,-0.8634,0.3206,0,0.7775,0.4948,0.3881,0,-0.4938,0.0981,0.864,0,11.8394,-3.1354,-0.0171,1]},
{"frame":19,"values":[0.3649,-0.8916,0.2681,0,0.8247,0.4432,0.3514,0,-0.4321,0.0929,0.897,0,11.8394,-3.1354,-0.0171,1]},
{"frame":20,"values":[0.3377,-0.9163,0.2153,0,0.8596,0.3934,0.3261,0,-0.3835,0.075,0.9205,0,11.8394,-3.1354,-0.0171,1]},
{"frame":21,"values":[0.3125,-0.9348,0.1686,0,0.8746,0.3524,0.333,0,-0.3708,0.0434,0.9277,0,11.8394,-3.1354,-0.0171,1]},
{"frame":22,"values":[0.2924,-0.9488,0.1193,0,0.877,0.3158,0.3621,0,-0.3812,-0.0012,0.9245,0,11.8394,-3.1354,-0.0171,1]},
{"frame":23,"values":[0.2807,-0.9587,0.0467,0,0.8807,0.2766,0.3845,0,-0.3815,-0.0668,0.922,0,11.8394,-3.1354,-0.0171,1]},
{"frame":24,"values":[0.2671,-0.9619,-0.0582,0,0.8955,0.2254,0.3838,0,-0.3561,-0.1546,0.9216,0,11.8394,-3.1354,-0.0171,1]}],"loopBehavior":1,"name":"anim","property":"_matrix"}},
{"name":"LeftForeArm","index":9,"matrix":[0.9973,0.0203,-0.0707,0,-0.0203,0.9998,0.0007,0,0.0707,0.0007,0.9975,0,29.1612,0.5949,-2.0659,1],"rest":[0.9973,0.0203,-0.0707,0,-0.0203,0.9998,0.0007,0,0.0707,0.0007,0.9975,0,29.1612,0.5949,-2.0659,1],"parentBoneIndex":8,"length":29.6649
,"animation":{"dataType":3,"framePerSecond":24,"keys":[
{"frame":1,"values":[0.9973,0.0203,-0.0707,0,-0.0203,0.9998,0.0007,0,0.0707,0.0007,0.9975,0,29.1612,0.5949,-2.0659,1]},
{"frame":2,"values":[0.9975,0.0203,-0.0683,0,-0.0203,0.9998,0.0007,0,0.0683,0.0007,0.9977,0,29.1612,0.5949,-2.0659,1]},
{"frame":3,"values":[0.9977,0.0204,-0.064,0,-0.0203,0.9998,0.0007,0,0.064,0.0006,0.998,0,29.1612,0.5949,-2.0659,1]},
{"frame":4,"values":[0.9977,0.0204,-0.0654,0,-0.0203,0.9998,0.0007,0,0.0654,0.0006,0.9979,0,29.1612,0.5949,-2.0659,1]},
{"frame":5,"values":[0.9974,0.0203,-0.0696,0,-0.0203,0.9998,0.0007,0,0.0696,0.0007,0.9976,0,29.1612,0.5949,-2.0659,1]},
{"frame":6,"values":[0.9973,0.0203,-0.0707,0,-0.0203,0.9998,0.0007,0,0.0707,0.0007,0.9975,0,29.1612,0.5949,-2.0659,1]},
{"frame":7,"values":[0.9973,0.0203,-0.0702,0,-0.0203,0.9998,0.0007,0,0.0702,0.0007,0.9975,0,29.1612,0.5949,-2.0659,1]},
{"frame":8,"values":[0.9985,0.0204,-0.0498,0,-0.0204,0.9998,0.0007,0,0.0498,0.0003,0.9988,0,29.1612,0.5949,-2.0659,1]},
{"frame":9,"values":[0.9998,0.0204,-0.0058,0,-0.0204,0.9998,0.0007,0,0.0059,-0.0006,1,0,29.1612,0.5949,-2.0659,1]},
{"frame":10,"values":[0.9986,0.0203,0.0498,0,-0.0204,0.9998,0.0007,0,-0.0498,-0.0017,0.9988,0,29.1612,0.5949,-2.0659,1]},
{"frame":11,"values":[0.9921,0.0202,0.1241,0,-0.0204,0.9998,0.0007,0,-0.124,-0.0032,0.9923,0,29.1612,0.5949,-2.0659,1]},
{"frame":12,"values":[0.9741,0.0198,0.2254,0,-0.0205,0.9998,0.0007,0,-0.2254,-0.0053,0.9743,0,29.1612,0.5949,-2.0659,1]},
{"frame":13,"values":[0.9397,0.019,0.3416,0,-0.0205,0.9998,0.0007,0,-0.3415,-0.0077,0.9399,0,29.1612,0.5949,-2.0659,1]},
{"frame":14,"values":[0.8879,0.0179,0.4596,0,-0.0205,0.9998,0.0007,0,-0.4595,-0.01,0.8881,0,29.1612,0.5949,-2.0659,1]},
{"frame":15,"values":[0.8181,0.0165,0.5748,0,-0.0206,0.9998,0.0007,0,-0.5747,-0.0124,0.8183,0,29.1612,0.5949,-2.0659,1]},
{"frame":16,"values":[0.7381,0.0148,0.6745,0,-0.0206,0.9998,0.0006,0,-0.6743,-0.0144,0.7383,0,29.1612,0.5949,-2.0659,1]},
{"frame":17,"values":[0.6783,0.0136,0.7347,0,-0.0206,0.9998,0.0006,0,-0.7345,-0.0156,0.6784,0,29.1612,0.5949,-2.0659,1]},
{"frame":18,"values":[0.674,0.0135,0.7386,0,-0.0206,0.9998,0.0006,0,-0.7385,-0.0156,0.6741,0,29.1612,0.5949,-2.0659,1]},
{"frame":19,"values":[0.7353,0.0147,0.6776,0,-0.0206,0.9998,0.0006,0,-0.6775,-0.0144,0.7354,0,29.1612,0.5949,-2.0659,1]},
{"frame":20,"values":[0.8337,0.0168,0.552,0,-0.0206,0.9998,0.0007,0,-0.5519,-0.0119,0.8339,0,29.1612,0.5949,-2.0659,1]},
{"frame":21,"values":[0.9328,0.0189,0.36,0,-0.0205,0.9998,0.0007,0,-0.3599,-0.008,0.933,0,29.1612,0.5949,-2.0659,1]},
{"frame":22,"values":[0.9906,0.0201,0.1351,0,-0.0204,0.9998,0.0007,0,-0.135,-0.0035,0.9908,0,29.1612,0.5949,-2.0659,1]},
{"frame":23,"values":[0.9994,0.0204,-0.0284,0,-0.0204,0.9998,0.0007,0,0.0284,-0.0001,0.9996,0,29.1612,0.5949,-2.0659,1]},
{"frame":24,"values":[0.9973,0.0203,-0.0707,0,-0.0203,0.9998,0.0007,0,0.0707,0.0007,0.9975,0,29.1612,0.5949,-2.0659,1]}],"loopBehavior":1,"name":"anim","property":"_matrix"}},
{"name":"LeftHand","index":10,"matrix":[0.969,0.1854,0.1631,0,-0.1019,0.902,-0.4196,0,-0.2249,0.39,0.8929,0,29.6649,0,0,1],"rest":[1,0,0,0,0,1,-0.0011,0,0,0.0011,1,0,29.6649,0,0,1],"parentBoneIndex":9,"length":11.8196
,"animation":{"dataType":3,"framePerSecond":24,"keys":[
{"frame":1,"values":[0.969,0.1854,0.1631,0,-0.1019,0.902,-0.4196,0,-0.2249,0.39,0.8929,0,29.6649,0,0,1]},
{"frame":2,"values":[0.9579,0.2099,0.1959,0,-0.114,0.9043,-0.4114,0,-0.2636,0.3718,0.8901,0,29.6649,0,0,1]},
{"frame":3,"values":[0.9481,0.2248,0.2247,0,-0.1097,0.895,-0.4324,0,-0.2983,0.3854,0.8732,0,29.6649,0,0,1]},
{"frame":4,"values":[0.9539,0.1946,0.2286,0,-0.0711,0.8863,-0.4576,0,-0.2916,0.4202,0.8593,0,29.6649,0,0,1]},
{"frame":5,"values":[0.9679,0.1469,0.2041,0,-0.0315,0.8761,-0.481,0,-0.2495,0.4591,0.8526,0,29.6649,0,0,1]},
{"frame":6,"values":[0.9733,0.1438,0.1792,0,-0.0301,0.8531,-0.5209,0,-0.2277,0.5016,0.8346,0,29.6649,0,0,1]},
{"frame":7,"values":[0.9631,0.1982,0.182,0,-0.0595,0.8165,-0.5742,0,-0.2625,0.5422,0.7982,0,29.6649,0,0,1]},
{"frame":8,"values":[0.9428,0.2671,0.1994,0,-0.0939,0.7868,-0.61,0,-0.3198,0.5564,0.7669,0,29.6649,0,0,1]},
{"frame":9,"values":[0.9269,0.3104,0.2108,0,-0.1247,0.7848,-0.6071,0,-0.3539,0.5365,0.7661,0,29.6649,0,0,1]},
{"frame":10,"values":[0.9169,0.3329,0.2202,0,-0.1564,0.8072,-0.5692,0,-0.3672,0.4874,0.7922,0,29.6649,0,0,1]},
{"frame":11,"values":[0.9032,0.3636,0.2279,0,-0.2013,0.828,-0.5234,0,-0.379,0.4268,0.8211,0,29.6649,0,0,1]},
{"frame":12,"values":[0.8804,0.4132,0.2327,0,-0.2551,0.8263,-0.5021,0,-0.3998,0.3827,0.8329,0,29.6649,0,0,1]},
{"frame":13,"values":[0.8518,0.4639,0.2436,0,-0.2924,0.8066,-0.5136,0,-0.4348,0.3663,0.8227,0,29.6649,0,0,1]},
{"frame":14,"values":[0.8249,0.5005,0.2629,0,-0.3076,0.7875,-0.5341,0,-0.4743,0.3598,0.8035,0,29.6649,0,0,1]},
{"frame":15,"values":[0.8024,0.5257,0.2823,0,-0.3216,0.7795,-0.5376,0,-0.5027,0.3406,0.7945,0,29.6649,0,0,1]},
{"frame":16,"values":[0.784,0.5448,0.2974,0,-0.3424,0.7792,-0.5249,0,-0.5178,0.3097,0.7975,0,29.6649,0,0,1]},
{"frame":17,"values":[0.7721,0.5534,0.3124,0,-0.3523,0.7819,-0.5144,0,-0.5289,0.2871,0.7986,0,29.6649,0,0,1]},
{"frame":18,"values":[0.7702,0.5458,0.33,0,-0.3392,0.7887,-0.5128,0,-0.5401,0.283,0.7926,0,29.6649,0,0,1]},
{"frame":19,"values":[0.7794,0.5267,0.3394,0,-0.3167,0.7985,-0.5119,0,-0.5406,0.2915,0.7892,0,29.6649,0,0,1]},
{"frame":20,"values":[0.7981,0.5058,0.3273,0,-0.3003,0.8049,-0.5118,0,-0.5223,0.3102,0.7943,0,29.6649,0,0,1]},
{"frame":21,"values":[0.8301,0.4703,0.2996,0,-0.2724,0.8108,-0.5181,0,-0.4866,0.3485,0.8011,0,29.6649,0,0,1]},
{"frame":22,"values":[0.8771,0.3953,0.2727,0,-0.2126,0.8287,-0.5177,0,-0.4307,0.3961,0.8109,0,29.6649,0,0,1]},
{"frame":23,"values":[0.929,0.2865,0.2342,0,-0.1436,0.8624,-0.4854,0,-0.341,0.4173,0.8423,0,29.6649,0,0,1]},
{"frame":24,"values":[0.969,0.1854,0.1631,0,-0.1019,0.902,-0.4196,0,-0.2249,0.39,0.8929,0,29.6649,0,0,1]}],"loopBehavior":1,"name":"anim","property":"_matrix"}},
{"name":"LeftHandThumb1","index":11,"matrix":[0.9858,0.1667,0.018,0,-0.1676,0.9816,0.0919,0,-0.0023,-0.0936,0.9956,0,6.1321,-4.043,2.9242,1],"rest":[1,-0.0003,-0.0002,0,0.0003,1,0.0003,0,0.0002,-0.0003,1,0,6.1321,-4.043,2.9242,1],"parentBoneIndex":10,"length":2.3395
,"animation":{"dataType":3,"framePerSecond":24,"keys":[
{"frame":1,"values":[0.9858,0.1667,0.018,0,-0.1676,0.9816,0.0919,0,-0.0023,-0.0936,0.9956,0,6.1321,-4.043,2.9242,1]},
{"frame":24,"values":[0.9858,0.1667,0.018,0,-0.1676,0.9816,0.0919,0,-0.0023,-0.0936,0.9956,0,6.1321,-4.043,2.9242,1]}],"loopBehavior":1,"name":"anim","property":"_matrix"}},
{"name":"LeftHandThumb2","index":12,"matrix":[0.888,0.0903,-0.4508,0,-0.0555,0.9944,0.0899,0,0.4564,-0.0548,0.8881,0,1.8122,-1.0462,1.0462,1],"rest":[1,0,0,0,0,1,0,0,0,0,1,0,1.8122,-1.0462,1.0462,1],"parentBoneIndex":11,"length":1.5944
,"animation":{"dataType":3,"framePerSecond":24,"keys":[
{"frame":1,"values":[0.888,0.0903,-0.4508,0,-0.0555,0.9944,0.0899,0,0.4564,-0.0548,0.8881,0,1.8122,-1.0462,1.0462,1]},
{"frame":24,"values":[0.888,0.0903,-0.4508,0,-0.0555,0.9944,0.0899,0,0.4564,-0.0548,0.8881,0,1.8122,-1.0462,1.0462,1]}],"loopBehavior":1,"name":"anim","property":"_matrix"}},
{"name":"LeftHandThumb3","index":13,"matrix":[0.9633,0.0279,-0.2668,0,-0.0108,0.9978,0.0653,0,0.2681,-0.06,0.9615,0,1.2351,-0.713,0.713,1],"rest":[1,0.0001,-0.0001,0,-0.0001,1,0,0,0.0001,0,1,0,1.2351,-0.713,0.713,1],"parentBoneIndex":12,"length":2.5475
,"animation":{"dataType":3,"framePerSecond":24,"keys":[
{"frame":1,"values":[0.9633,0.0279,-0.2668,0,-0.0108,0.9978,0.0653,0,0.2681,-0.06,0.9615,0,1.2351,-0.713,0.713,1]},
{"frame":24,"values":[0.9633,0.0279,-0.2668,0,-0.0108,0.9978,0.0653,0,0.2681,-0.06,0.9615,0,1.2351,-0.713,0.713,1]}],"loopBehavior":1,"name":"anim","property":"_matrix"}},
{"name":"LeftHandThumb4","index":14,"matrix":[1,0,0,0,0,1,0,0,0,0,1,0,1.9732,-1.1393,1.1393,1],"rest":[1,0,0,0,0,1,0,0,0,0,1,0,1.9732,-1.1393,1.1393,1],"parentBoneIndex":13,"length":2.5475
,"animation":{"dataType":3,"framePerSecond":24,"keys":[
{"frame":1,"values":[1,0,0,0,0,1,0,0,0,0,1,0,1.9732,-1.1393,1.1393,1]},
{"frame":24,"values":[1,0,0,0,0,1,0,0,0,0,1,0,1.9732,-1.1393,1.1393,1]}],"loopBehavior":1,"name":"anim","property":"_matrix"}},
{"name":"LeftHandIndex1","index":15,"matrix":[0.9413,-0.3374,-0.0045,0,0.3371,0.9409,-0.0308,0,0.0147,0.0275,0.9995,0,13.2426,-0.3099,2.8565,1],"rest":[1,0,0,0,0,1,0,0,0,0,1,0,13.2426,-0.3099,2.8565,1],"parentBoneIndex":10,"length":2.1974
,"animation":{"dataType":3,"framePerSecond":24,"keys":[
{"frame":1,"values":[0.9413,-0.3374,-0.0045,0,0.3371,0.9409,-0.0308,0,0.0147,0.0275,0.9995,0,13.2426,-0.3099,2.8565,1]},
{"frame":24,"values":[0.9413,-0.3374,-0.0045,0,0.3371,0.9409,-0.0308,0,0.0147,0.0275,0.9995,0,13.2426,-0.3099,2.8565,1]}],"loopBehavior":1,"name":"anim","property":"_matrix"}},
{"name":"LeftHandIndex2","index":16,"matrix":[0.932,-0.3591,-0.0496,0,0.359,0.9333,-0.0115,0,0.0504,-0.0071,0.9987,0,2.1974,0.0001,0,1],"rest":[1,0,-0.0001,0,0,1,0,0,0.0001,0,1,0,2.1974,0.0001,0,1],"parentBoneIndex":15,"length":1.5095
,"animation":{"dataType":3,"framePerSecond":24,"keys":[
{"frame":1,"values":[0.932,-0.3591,-0.0496,0,0.359,0.9333,-0.0115,0,0.0504,-0.0071,0.9987,0,2.1974,0.0001,0,1]},
{"frame":24,"values":[0.932,-0.3591,-0.0496,0,0.359,0.9333,-0.0115,0,0.0504,-0.0071,0.9987,0,2.1974,0.0001,0,1]}],"loopBehavior":1,"name":"anim","property":"_matrix"}},
{"name":"LeftHandIndex3","index":17,"matrix":[0.999,0.0132,0.0428,0,-0.0132,0.9999,0.0009,0,-0.0427,-0.0015,0.9991,0,1.5095,0,0.0001,1],"rest":[0.9979,-0.0563,0.032,0,0.0563,0.9984,0.0009,0,-0.032,0.0009,0.9995,0,1.5095,0,0.0001,1],"parentBoneIndex":16,"length":1.6331
,"animation":{"dataType":3,"framePerSecond":24,"keys":[
{"frame":1,"values":[0.999,0.0132,0.0428,0,-0.0132,0.9999,0.0009,0,-0.0427,-0.0015,0.9991,0,1.5095,0,0.0001,1]},
{"frame":24,"values":[0.999,0.0132,0.0428,0,-0.0132,0.9999,0.0009,0,-0.0427,-0.0015,0.9991,0,1.5095,0,0.0001,1]}],"loopBehavior":1,"name":"anim","property":"_matrix"}},
{"name":"LeftHandIndex4","index":18,"matrix":[1,0,0,0,0,1,0,0,0,0,1,0,1.6297,0.092,-0.0521,1],"rest":[1,0,0,0,0,1,0,0,0,0,1,0,1.6297,0.092,-0.0521,1],"parentBoneIndex":17,"length":1.6331
,"animation":{"dataType":3,"framePerSecond":24,"keys":[
{"frame":1,"values":[1,0,0,0,0,1,0,0,0,0,1,0,1.6297,0.092,-0.0521,1]},
{"frame":24,"values":[1,0,0,0,0,1,0,0,0,0,1,0,1.6297,0.092,-0.0521,1]}],"loopBehavior":1,"name":"anim","property":"_matrix"}},
{"name":"LeftHandMiddle1","index":19,"matrix":[0.8945,-0.4319,-0.1158,0,0.4293,0.9019,-0.0476,0,0.125,-0.0072,0.9921,0,13.0978,0,0,1],"rest":[1,0,0,0,0,1,0,0,0,0,1,0,13.0978,0,0,1],"parentBoneIndex":10,"length":2.2844
,"animation":{"dataType":3,"framePerSecond":24,"keys":[
{"frame":1,"values":[0.8945,-0.4319,-0.1158,0,0.4293,0.9019,-0.0476,0,0.125,-0.0072,0.9921,0,13.0978,0,0,1]},
{"frame":24,"values":[0.8945,-0.4319,-0.1158,0,0.4293,0.9019,-0.0476,0,0.125,-0.0072,0.9921,0,13.0978,0,0,1]}],"loopBehavior":1,"name":"anim","property":"_matrix"}},
{"name":"LeftHandMiddle2","index":20,"matrix":[0.9247,-0.3772,-0.0513,0,0.3771,0.9261,-0.013,0,0.0525,-0.0073,0.9986,0,2.2844,-0.0001,0,1],"rest":[1,0,0,0,0,1,0,0,0,0,1,0,2.2844,-0.0001,0,1],"parentBoneIndex":19,"length":2.3882
,"animation":{"dataType":3,"framePerSecond":24,"keys":[
{"frame":1,"values":[0.9247,-0.3772,-0.0513,0,0.3771,0.9261,-0.013,0,0.0525,-0.0073,0.9986,0,2.2844,-0.0001,0,1]},
{"frame":24,"values":[0.9247,-0.3772,-0.0513,0,0.3771,0.9261,-0.013,0,0.0525,-0.0073,0.9986,0,2.2844,-0.0001,0,1]}],"loopBehavior":1,"name":"anim","property":"_matrix"}},
{"name":"LeftHandMiddle3","index":21,"matrix":[0.9986,0.0525,0.0004,0,-0.0525,0.9986,0,0,-0.0004,-0.0001,1,0,2.3882,0,-0.0001,1],"rest":[1,0,0,0,0,1,0,0,0,0,1,0,2.3882,0,-0.0001,1],"parentBoneIndex":20,"length":1.7509
,"animation":{"dataType":3,"framePerSecond":24,"keys":[
{"frame":1,"values":[0.9986,0.0525,0.0004,0,-0.0525,0.9986,0,0,-0.0004,-0.0001,1,0,2.3882,0,-0.0001,1]},
{"frame":24,"values":[0.9986,0.0525,0.0004,0,-0.0525,0.9986,0,0,-0.0004,-0.0001,1,0,2.3882,0,-0.0001,1]}],"loopBehavior":1,"name":"anim","property":"_matrix"}},
{"name":"LeftHandMiddle4","index":22,"matrix":[1,0,0,0,0,1,0,0,0,0,1,0,1.7509,0,0,1],"rest":[1,0,0,0,0,1,0,0,0,0,1,0,1.7509,0,0,1],"parentBoneIndex":21,"length":1.7509
,"animation":{"dataType":3,"framePerSecond":24,"keys":[
{"frame":1,"values":[1,0,0,0,0,1,0,0,0,0,1,0,1.7509,0,0,1]},
{"frame":24,"values":[1,0,0,0,0,1,0,0,0,0,1,0,1.7509,0,0,1]}],"loopBehavior":1,"name":"anim","property":"_matrix"}},
{"name":"LeftHandRing1","index":23,"matrix":[0.8255,-0.5359,-0.1769,0,0.5336,0.8433,-0.0646,0,0.1838,-0.041,0.9821,0,12.2164,-0.0557,-2.7524,1],"rest":[1,0,0,0,0,1,0,0,0,0,1,0,12.2164,-0.0557,-2.7524,1],"parentBoneIndex":10,"length":2.1664
,"animation":{"dataType":3,"framePerSecond":24,"keys":[
