{"producer":{"name":"Blender","version":"2.90.0","exporter_version":"6.4.4","file":"walk_riffle.babylon"},
"autoClear":true,"clearColor":[0.0509,0.0509,0.0509],"gravity":[0,-9.81,0],
"materials":[{"name":"Material","id":"Material","customType":"BABYLON.PBRMaterial","backFaceCulling":true,"checkReadyOnlyOnce":false,"maxSimultaneousLights":4,"environmentIntensity":1,"albedo":[0.8,0.8,0.8],"reflectivity":[0.5,0.5,0.5],"roughness":0.4,"alpha":1,"transparencyMode":0,"alphaCutOff":0.4,"metallic":0}],
"multiMaterials":[],
"skeletons":[{"name":"Armature","id":0,"dimensionsAtRest":[192.3395,226.9932,28.649],"bones":[
{"name":"Hips","index":0,"matrix":[0.7638,-0.0814,-0.6403,0,0.1046,0.9945,-0.0016,0,-0.6369,0.0658,-0.7682,0,-0.1543,97.5892,-0.8924,1],"rest":[1,0,0,0,0,1,0,0,0,0,-1,0,0,114.0532,0,1],"parentBoneIndex":-1,"length":12.7599
,"animation":{"dataType":3,"framePerSecond":24,"keys":[
{"frame":1,"values":[0.7638,-0.0814,-0.6403,0,0.1046,0.9945,-0.0016,0,-0.6369,0.0658,-0.7682,0,-0.1543,97.5892,-0.8924,1]},
{"frame":2,"values":[0.7413,-0.0814,-0.6662,0,0.0987,0.995,-0.0117,0,-0.6638,0.0571,-0.7457,0,-0.2043,98.6494,0.7293,1]},
{"frame":3,"values":[0.715,-0.0804,-0.6945,0,0.0908,0.9956,-0.0218,0,-0.6932,0.0475,-0.7191,0,-0.2483,99.0918,1.9943,1]},
{"frame":4,"values":[0.6878,-0.0783,-0.7217,0,0.0815,0.9962,-0.0304,0,-0.7213,0.0379,-0.6916,0,-0.2602,98.9592,2.9027,1]},
{"frame":5,"values":[0.6634,-0.0768,-0.7443,0,0.073,0.9966,-0.0378,0,-0.7447,0.0292,-0.6667,0,-0.1896,98.4741,3.5969,1]},
{"frame":6,"values":[0.6462,-0.0775,-0.7592,0,0.0675,0.9967,-0.0443,0,-0.7602,0.0226,-0.6493,0,0.2572,97.5799,3.9732,1]},
{"frame":7,"values":[0.6397,-0.0788,-0.7646,0,0.065,0.9967,-0.0483,0,-0.7658,0.0188,-0.6427,0,0.9223,96.3345,3.7274,1]},
{"frame":8,"values":[0.6455,-0.0771,-0.7599,0,0.0634,0.9969,-0.0473,0,-0.7611,0.0177,-0.6484,0,1.6142,94.7023,3.0813,1]},
{"frame":9,"values":[0.6598,-0.076,-0.7476,0,0.0639,0.9969,-0.0449,0,-0.7488,0.0181,-0.6626,0,2.2504,93.1149,2.9682,1]},
{"frame":10,"values":[0.6814,-0.0767,-0.7278,0,0.0671,0.9969,-0.0423,0,-0.7288,0.02,-0.6844,0,2.9213,92.9959,3.0666,1]},
{"frame":11,"values":[0.7077,-0.0717,-0.7029,0,0.0672,0.9972,-0.034,0,-0.7033,0.0232,-0.7105,0,3.5355,94.5344,4.0213,1]},
{"frame":12,"values":[0.7367,-0.0659,-0.6731,0,0.0672,0.9974,-0.0241,0,-0.6729,0.0275,-0.7392,0,4.1114,96.3003,5.3857,1]},
{"frame":13,"values":[0.7659,-0.0605,-0.6401,0,0.0673,0.9976,-0.0138,0,-0.6394,0.0325,-0.7682,0,4.5764,97.8172,7.0891,1]},
{"frame":14,"values":[0.7938,-0.0576,-0.6055,0,0.0689,0.9976,-0.0046,0,-0.6043,0.0381,-0.7958,0,4.7905,98.8241,8.7943,1]},
{"frame":15,"values":[0.8189,-0.0558,-0.5711,0,0.0709,0.9975,0.0041,0,-0.5695,0.0439,-0.8208,0,4.8448,99.0812,9.9674,1]},
{"frame":16,"values":[0.8403,-0.0559,-0.5393,0,0.0738,0.9972,0.0115,0,-0.5371,0.0495,-0.842,0,4.775,98.0624,10.9652,1]},
{"frame":17,"values":[0.8573,-0.0579,-0.5116,0,0.0776,0.9968,0.0173,0,-0.509,0.0545,-0.859,0,4.4494,96.127,11.554,1]},
{"frame":18,"values":[0.869,-0.0596,-0.4913,0,0.0808,0.9965,0.022,0,-0.4882,0.0588,-0.8707,0,3.8964,93.9439,11.1191,1]},
{"frame":19,"values":[0.8747,-0.06,-0.481,0,0.0824,0.9963,0.0256,0,-0.4777,0.062,-0.8763,0,3.2174,92.2218,9.3444,1]},
{"frame":20,"values":[0.8724,-0.0628,-0.4847,0,0.086,0.996,0.0257,0,-0.4811,0.0641,-0.8743,0,2.5334,91.5535,7.6104,1]},
{"frame":21,"values":[0.8624,-0.0673,-0.5018,0,0.091,0.9956,0.0229,0,-0.498,0.0654,-0.8647,0,1.9459,91.6323,5.9381,1]},
{"frame":22,"values":[0.8432,-0.0695,-0.5331,0,0.0942,0.9954,0.0192,0,-0.5293,0.0664,-0.8459,0,1.3376,92.6338,4.9522,1]},
{"frame":23,"values":[0.8181,-0.0741,-0.5703,0,0.0991,0.995,0.0128,0,-0.5665,0.067,-0.8213,0,0.7331,94.1628,4.0047,1]},
{"frame":24,"values":[0.7902,-0.0784,-0.6078,0,0.1029,0.9947,0.0054,0,-0.6042,0.0668,-0.7941,0,0.1375,95.9296,1.4898,1]},
{"frame":25,"values":[0.7638,-0.0814,-0.6403,0,0.1046,0.9945,-0.0016,0,-0.6369,0.0658,-0.7682,0,-0.1543,97.5887,-0.8924,1]}],"loopBehavior":1,"name":"anim","property":"_matrix"}},
{"name":"Spine","index":1,"matrix":[0.9994,-0.0318,-0.0101,0,0.0332,0.9793,0.1995,0,0.0036,-0.1997,0.9798,0,-0.0057,10.8958,-1.2787,1],"rest":[1,0,0,0,0,1,0,0,0,0,1,0,-0.0057,10.8958,-1.2787,1],"parentBoneIndex":0,"length":12.7989
,"animation":{"dataType":3,"framePerSecond":24,"keys":[
{"frame":1,"values":[0.9994,-0.0318,-0.0101,0,0.0332,0.9793,0.1995,0,0.0036,-0.1997,0.9798,0,-0.0057,10.8958,-1.2787,1]},
{"frame":2,"values":[0.999,-0.0313,-0.0307,0,0.0363,0.9829,0.1805,0,0.0245,-0.1814,0.9831,0,-0.0057,10.8958,-1.2787,1]},
{"frame":3,"values":[0.9981,-0.0323,-0.053,0,0.0404,0.9863,0.1602,0,0.0471,-0.162,0.9857,0,-0.0057,10.8958,-1.2787,1]},
{"frame":4,"values":[0.9965,-0.0346,-0.0756,0,0.0452,0.9888,0.1425,0,0.0698,-0.1454,0.9869,0,-0.0057,10.8958,-1.2787,1]},
{"frame":5,"values":[0.9948,-0.0357,-0.0958,0,0.0479,0.9905,0.1287,0,0.0903,-0.1326,0.987,0,-0.0057,10.8958,-1.2787,1]},
{"frame":6,"values":[0.9935,-0.0285,-0.1101,0,0.0421,0.9914,0.1236,0,0.1056,-0.1274,0.9862,0,-0.0057,10.8958,-1.2787,1]},
{"frame":7,"values":[0.9931,-0.0143,-0.1161,0,0.029,0.9916,0.1258,0,0.1134,-0.1283,0.9852,0,-0.0057,10.8958,-1.2787,1]},
{"frame":8,"values":[0.9936,-0.0014,-0.1131,0,0.0169,0.9906,0.136,0,0.1118,-0.1371,0.9842,0,-0.0057,10.8958,-1.2787,1]},
{"frame":9,"values":[0.9944,0.011,-0.1047,0,0.005,0.9885,0.1514,0,0.1052,-0.151,0.9829,0,-0.0057,10.8958,-1.2787,1]},
{"frame":10,"values":[0.9956,0.0233,-0.0911,0,-0.0073,0.985,0.1726,0,0.0938,-0.1712,0.9808,0,-0.0057,10.8958,-1.2787,1]},
{"frame":11,"values":[0.9968,0.0265,-0.0758,0,-0.0106,0.9792,0.2027,0,0.0796,-0.2012,0.9763,0,-0.0057,10.8958,-1.2787,1]},
{"frame":12,"values":[0.9979,0.0294,-0.0571,0,-0.0149,0.9709,0.2391,0,0.0625,-0.2378,0.9693,0,-0.0057,10.8958,-1.2787,1]},
{"frame":13,"values":[0.9988,0.0339,-0.0358,0,-0.0228,0.961,0.2756,0,0.0438,-0.2744,0.9606,0,-0.0057,10.8958,-1.2787,1]},
{"frame":14,"values":[0.9992,0.0374,-0.0143,0,-0.0311,0.9507,0.3086,0,0.0252,-0.3079,0.9511,0,-0.0057,10.8958,-1.2787,1]},
{"frame":15,"values":[0.9991,0.0422,0.0073,0,-0.0422,0.9408,0.3362,0,0.0074,-0.3362,0.9418,0,-0.0057,10.8958,-1.2787,1]},
{"frame":16,"values":[0.9983,0.0511,0.0291,0,-0.0581,0.9337,0.3532,0,-0.0091,-0.3543,0.9351,0,-0.0057,10.8958,-1.2787,1]},
{"frame":17,"values":[0.9973,0.0563,0.0477,0,-0.0697,0.9312,0.3578,0,-0.0242,-0.3602,0.9326,0,-0.0057,10.8958,-1.2787,1]},
{"frame":18,"values":[0.9966,0.0552,0.0604,0,-0.0729,0.9341,0.3495,0,-0.0372,-0.3528,0.935,0,-0.0057,10.8958,-1.2787,1]},
{"frame":19,"values":[0.9966,0.0504,0.0658,0,-0.0696,0.9404,0.333,0,-0.0451,-0.3364,0.9406,0,-0.0057,10.8958,-1.2787,1]},
{"frame":20,"values":[0.9972,0.0418,0.0614,0,-0.0591,0.9472,0.315,0,-0.045,-0.3178,0.9471,0,-0.0057,10.8958,-1.2787,1]},
{"frame":21,"values":[0.9983,0.0267,0.0518,0,-0.041,0.9535,0.2986,0,-0.0414,-0.3002,0.953,0,-0.0057,10.8958,-1.2787,1]},
{"frame":22,"values":[0.9994,0.0056,0.0354,0,-0.0152,0.9606,0.2776,0,-0.0325,-0.2779,0.9601,0,-0.0057,10.8958,-1.2787,1]},
{"frame":23,"values":[0.9998,-0.012,0.0174,0,0.0073,0.9676,0.2523,0,-0.0199,-0.2521,0.9675,0,-0.0057,10.8958,-1.2787,1]},
{"frame":24,"values":[0.9996,-0.0273,0.0007,0,0.0264,0.9744,0.2232,0,-0.0068,-0.2231,0.9748,0,-0.0057,10.8958,-1.2787,1]},
{"frame":25,"values":[0.9995,-0.0311,-0.0097,0,0.0325,0.979,0.2014,0,0.0033,-0.2016,0.9795,0,-0.0057,10.8958,-1.2787,1]}],"loopBehavior":1,"name":"anim","property":"_matrix"}},
{"name":"Spine1","index":2,"matrix":[0.975,0.113,-0.1912,0,-0.0561,0.9583,0.2803,0,0.2149,-0.2626,0.9407,0,-0.0066,12.7117,-1.4918,1],"rest":[1,0,0,0,0,1,0,0,0,0,1,0,-0.0066,12.7117,-1.4918,1],"parentBoneIndex":1,"length":14.6274
,"animation":{"dataType":3,"framePerSecond":24,"keys":[
{"frame":1,"values":[0.975,0.113,-0.1912,0,-0.0561,0.9583,0.2803,0,0.2149,-0.2626,0.9407,0,-0.0066,12.7117,-1.4918,1]},
{"frame":2,"values":[0.9747,0.1138,-0.1924,0,-0.0556,0.957,0.2847,0,0.2165,-0.2668,0.9391,0,-0.0066,12.7117,-1.4918,1]},
{"frame":3,"values":[0.9748,0.1109,-0.1935,0,-0.052,0.9567,0.2864,0,0.2169,-0.2691,0.9384,0,-0.0066,12.7117,-1.4918,1]},
{"frame":4,"values":[0.9749,0.106,-0.1956,0,-0.0468,0.9572,0.2856,0,0.2175,-0.2693,0.9382,0,-0.0066,12.7117,-1.4918,1]},
{"frame":5,"values":[0.975,0.1008,-0.1979,0,-0.0414,0.958,0.2836,0,0.2182,-0.2683,0.9383,0,-0.0066,12.7117,-1.4918,1]},
{"frame":6,"values":[0.9752,0.095,-0.1997,0,-0.0359,0.959,0.281,0,0.2183,-0.2668,0.9387,0,-0.0066,12.7117,-1.4918,1]},
{"frame":7,"values":[0.9756,0.0904,-0.2,0,-0.0316,0.9596,0.2796,0,0.2172,-0.2664,0.9391,0,-0.0066,12.7117,-1.4918,1]},
{"frame":8,"values":[0.976,0.0881,-0.1991,0,-0.0299,0.96,0.2785,0,0.2156,-0.2659,0.9396,0,-0.0066,12.7117,-1.4918,1]},
{"frame":9,"values":[0.9763,0.0884,-0.1976,0,-0.0308,0.9603,0.2774,0,0.2143,-0.2647,0.9402,0,-0.0066,12.7117,-1.4918,1]},
{"frame":10,"values":[0.9766,0.0888,-0.1959,0,-0.0325,0.9612,0.2738,0,0.2127,-0.261,0.9416,0,-0.0066,12.7117,-1.4918,1]},
{"frame":11,"values":[0.9765,0.088,-0.1966,0,-0.0336,0.9637,0.2649,0,0.2127,-0.2521,0.944,0,-0.0066,12.7117,-1.4918,1]},
{"frame":12,"values":[0.9768,0.0826,-0.1974,0,-0.0312,0.9676,0.2505,0,0.2117,-0.2386,0.9478,0,-0.0066,12.7117,-1.4918,1]},
{"frame":13,"values":[0.9774,0.0724,-0.1984,0,-0.0247,0.9721,0.2333,0,0.2098,-0.2231,0.9519,0,-0.0066,12.7117,-1.4918,1]},
{"frame":14,"values":[0.9779,0.0611,-0.1997,0,-0.0169,0.9763,0.2158,0,0.2082,-0.2077,0.9558,0,-0.0066,12.7117,-1.4918,1]},
{"frame":15,"values":[0.9783,0.0481,-0.2014,0,-0.0071,0.9798,0.1997,0,0.2069,-0.194,0.9589,0,-0.0066,12.7117,-1.4918,1]},
{"frame":16,"values":[0.9788,0.0339,-0.202,0,0.0047,0.9822,0.1876,0,0.2048,-0.1846,0.9612,0,-0.0066,12.7117,-1.4918,1]},
{"frame":17,"values":[0.9792,0.0248,-0.2013,0,0.0125,0.9832,0.1819,0,0.2024,-0.1807,0.9625,0,-0.0066,12.7117,-1.4918,1]},
{"frame":18,"values":[0.9796,0.0224,-0.1995,0,0.015,0.9829,0.1837,0,0.2002,-0.183,0.9625,0,-0.0066,12.7117,-1.4918,1]},
{"frame":19,"values":[0.9799,0.0253,-0.198,0,0.0132,0.9815,0.1911,0,0.1992,-0.1899,0.9614,0,-0.0066,12.7117,-1.4918,1]},
{"frame":20,"values":[0.9797,0.0351,-0.1974,0,0.0056,0.9794,0.2017,0,0.2005,-0.1987,0.9593,0,-0.0066,12.7117,-1.4918,1]},
{"frame":21,"values":[0.9791,0.0514,-0.197,0,-0.0082,0.9767,0.2143,0,0.2034,-0.2082,0.9567,0,-0.0066,12.7117,-1.4918,1]},
{"frame":22,"values":[0.9781,0.0715,-0.1955,0,-0.025,0.9727,0.2305,0,0.2067,-0.2206,0.9532,0,-0.0066,12.7117,-1.4918,1]},
{"frame":23,"values":[0.9768,0.0903,-0.1941,0,-0.0401,0.9678,0.2483,0,0.2103,-0.2348,0.949,0,-0.0066,12.7117,-1.4918,1]},
{"frame":24,"values":[0.9755,0.1067,-0.1925,0,-0.0526,0.9623,0.2667,0,0.2137,-0.25,0.9444,0,-0.0066,12.7117,-1.4918,1]},
{"frame":25,"values":[0.9751,0.1123,-0.1912,0,-0.0558,0.9588,0.2784,0,0.2145,-0.2608,0.9413,0,-0.0066,12.7117,-1.4918,1]}],"loopBehavior":1,"name":"anim","property":"_matrix"}},
{"name":"Spine2","index":3,"matrix":[0.9652,0.1288,-0.2276,0,-0.0705,0.9662,0.2481,0,0.2518,-0.2234,0.9416,0,-0.0076,14.5277,-1.7049,1],"rest":[1,0,0,0,0,1,0,0,0,0,1,0,-0.0076,14.5277,-1.7049,1],"parentBoneIndex":2,"length":15.4825
,"animation":{"dataType":3,"framePerSecond":24,"keys":[
{"frame":1,"values":[0.9652,0.1288,-0.2276,0,-0.0705,0.9662,0.2481,0,0.2518,-0.2234,0.9416,0,-0.0076,14.5277,-1.7049,1]},
{"frame":2,"values":[0.9647,0.1307,-0.2287,0,-0.0709,0.965,0.2524,0,0.2537,-0.2273,0.9402,0,-0.0076,14.5277,-1.7049,1]},
{"frame":3,"values":[0.9649,0.1285,-0.2289,0,-0.0681,0.9646,0.2547,0,0.2535,-0.2302,0.9395,0,-0.0076,14.5277,-1.7049,1]},
{"frame":4,"values":[0.9653,0.1239,-0.2299,0,-0.0632,0.9649,0.2548,0,0.2534,-0.2314,0.9393,0,-0.0076,14.5277,-1.7049,1]},
{"frame":5,"values":[0.9657,0.1187,-0.2311,0,-0.058,0.9656,0.2536,0,0.2532,-0.2315,0.9393,0,-0.0076,14.5277,-1.7049,1]},
{"frame":6,"values":[0.9662,0.113,-0.2317,0,-0.0525,0.9663,0.2519,0,0.2524,-0.2312,0.9396,0,-0.0076,14.5277,-1.7049,1]},
{"frame":7,"values":[0.9669,0.1085,-0.231,0,-0.0484,0.9667,0.2515,0,0.2506,-0.232,0.9399,0,-0.0076,14.5277,-1.7049,1]},
{"frame":8,"values":[0.9675,0.1062,-0.2295,0,-0.0467,0.9669,0.2509,0,0.2486,-0.232,0.9404,0,-0.0076,14.5277,-1.7049,1]},
{"frame":9,"values":[0.9678,0.1062,-0.2282,0,-0.0473,0.9671,0.2498,0,0.2472,-0.231,0.941,0,-0.0076,14.5277,-1.7049,1]},
{"frame":10,"values":[0.9682,0.1057,-0.2267,0,-0.0481,0.9681,0.2461,0,0.2455,-0.2274,0.9424,0,-0.0076,14.5277,-1.7049,1]},
{"frame":11,"values":[0.9683,0.1026,-0.2276,0,-0.0471,0.9703,0.2371,0,0.2452,-0.2189,0.9444,0,-0.0076,14.5277,-1.7049,1]},
{"frame":12,"values":[0.9692,0.0939,-0.2278,0,-0.0419,0.9738,0.2234,0,0.2428,-0.207,0.9477,0,-0.0076,14.5277,-1.7049,1]},
{"frame":13,"values":[0.9705,0.0802,-0.2272,0,-0.0322,0.9777,0.2076,0,0.2388,-0.1942,0.9515,0,-0.0076,14.5277,-1.7049,1]},
{"frame":14,"values":[0.9718,0.0655,-0.2267,0,-0.0213,0.9812,0.1918,0,0.235,-0.1816,0.9549,0,-0.0076,14.5277,-1.7049,1]},
{"frame":15,"values":[0.9728,0.0495,-0.2263,0,-0.0087,0.984,0.1779,0,0.2314,-0.1711,0.9577,0,-0.0076,14.5277,-1.7049,1]},
{"frame":16,"values":[0.9739,0.0337,-0.2244,0,0.0047,0.9857,0.1682,0,0.2269,-0.1648,0.9599,0,-0.0076,14.5277,-1.7049,1]},
{"frame":17,"values":[0.9747,0.0242,-0.222,0,0.0129,0.9864,0.1641,0,0.223,-0.1628,0.9611,0,-0.0076,14.5277,-1.7049,1]},
{"frame":18,"values":[0.9753,0.0225,-0.2196,0,0.0147,0.986,0.1663,0,0.2203,-0.1655,0.9613,0,-0.0076,14.5277,-1.7049,1]},
{"frame":19,"values":[0.9755,0.0272,-0.2184,0,0.0113,0.9848,0.1733,0,0.2198,-0.1715,0.9603,0,-0.0076,14.5277,-1.7049,1]},
{"frame":20,"values":[0.9748,0.0387,-0.2196,0,0.002,0.9833,0.1822,0,0.223,-0.178,0.9584,0,-0.0076,14.5277,-1.7049,1]},
{"frame":21,"values":[0.9733,0.0565,-0.2223,0,-0.0132,0.9813,0.1918,0,0.229,-0.1838,0.9559,0,-0.0076,14.5277,-1.7049,1]},
{"frame":22,"values":[0.9712,0.0787,-0.2247,0,-0.0319,0.9783,0.2047,0,0.236,-0.1916,0.9527,0,-0.0076,14.5277,-1.7049,1]},
{"frame":23,"values":[0.9687,0.1002,-0.227,0,-0.0493,0.9744,0.2194,0,0.2432,-0.2013,0.9489,0,-0.0076,14.5277,-1.7049,1]},
{"frame":24,"values":[0.9662,0.1195,-0.2285,0,-0.0643,0.9698,0.2353,0,0.2497,-0.2126,0.9447,0,-0.0076,14.5277,-1.7049,1]},
{"frame":25,"values":[0.9653,0.1276,-0.228,0,-0.0696,0.9667,0.2463,0,0.2518,-0.2218,0.942,0,-0.0076,14.5277,-1.7049,1]}],"loopBehavior":1,"name":"anim","property":"_matrix"}},
{"name":"Neck","index":4,"matrix":[0.9928,0.0979,0.0686,0,-0.0894,0.989,-0.1174,0,-0.0794,0.1104,0.9907,0,-0.0085,16.3436,-1.918,1],"rest":[1,0,0,0,0,1,0,0,0,0,1,0,-0.0085,16.3436,-1.918,1],"parentBoneIndex":3,"length":7.7098
,"animation":{"dataType":3,"framePerSecond":24,"keys":[
{"frame":1,"values":[0.9928,0.0979,0.0686,0,-0.0894,0.989,-0.1174,0,-0.0794,0.1104,0.9907,0,-0.0085,16.3436,-1.918,1]},
{"frame":2,"values":[0.9932,0.0975,0.064,0,-0.0898,0.9894,-0.1138,0,-0.0744,0.1073,0.9914,0,-0.0085,16.3436,-1.918,1]},
{"frame":3,"values":[0.9935,0.0971,0.0596,0,-0.0901,0.9898,-0.1101,0,-0.0697,0.1041,0.9921,0,-0.0085,16.3436,-1.918,1]},
{"frame":4,"values":[0.9938,0.0968,0.0555,0,-0.0905,0.9902,-0.1067,0,-0.0653,0.101,0.9927,0,-0.0085,16.3436,-1.918,1]},
{"frame":5,"values":[0.994,0.0965,0.052,0,-0.0908,0.9905,-0.1033,0,-0.0614,0.0979,0.9933,0,-0.0085,16.3436,-1.918,1]},
{"frame":6,"values":[0.9941,0.0964,0.0492,0,-0.0911,0.9908,-0.0997,0,-0.0584,0.0946,0.9938,0,-0.0085,16.3436,-1.918,1]},
{"frame":7,"values":[0.9942,0.0964,0.0486,0,-0.0913,0.9911,-0.0968,0,-0.0575,0.0918,0.9941,0,-0.0085,16.3436,-1.918,1]},
{"frame":8,"values":[0.994,0.0964,0.0519,0,-0.0911,0.9912,-0.0959,0,-0.0607,0.0906,0.994,0,-0.0085,16.3436,-1.918,1]},
{"frame":9,"values":[0.9938,0.0964,0.0558,0,-0.0907,0.9911,-0.0977,0,-0.0647,0.0921,0.9936,0,-0.0085,16.3436,-1.918,1]},
{"frame":10,"values":[0.9935,0.0967,0.0602,0,-0.0903,0.9907,-0.1021,0,-0.0696,0.096,0.9929,0,-0.0085,16.3436,-1.918,1]},
{"frame":11,"values":[0.9931,0.0972,0.0651,0,-0.0898,0.99,-0.1085,0,-0.075,0.1019,0.992,0,-0.0085,16.3436,-1.918,1]},
{"frame":12,"values":[0.9927,0.0978,0.0705,0,-0.0894,0.9894,-0.1148,0,-0.081,0.1076,0.9909,0,-0.0085,16.3436,-1.918,1]},
{"frame":13,"values":[0.9922,0.0985,0.0765,0,-0.089,0.9889,-0.1188,0,-0.0873,0.111,0.99,0,-0.0085,16.3436,-1.918,1]},
{"frame":14,"values":[0.9917,0.0989,0.0826,0,-0.0886,0.9889,-0.1192,0,-0.0935,0.1109,0.9894,0,-0.0085,16.3436,-1.918,1]},
{"frame":15,"values":[0.9911,0.099,0.0886,0,-0.0883,0.9891,-0.1179,0,-0.0993,0.109,0.9891,0,-0.0085,16.3436,-1.918,1]},
{"frame":16,"values":[0.9906,0.099,0.0943,0,-0.0879,0.9895,-0.115,0,-0.1047,0.1057,0.9889,0,-0.0085,16.3436,-1.918,1]},
{"frame":17,"values":[0.9902,0.0988,0.0992,0,-0.0876,0.9899,-0.1113,0,-0.1092,0.1015,0.9888,0,-0.0085,16.3436,-1.918,1]},
{"frame":18,"values":[0.9898,0.0983,0.103,0,-0.0873,0.9904,-0.1069,0,-0.1126,0.0968,0.9889,0,-0.0085,16.3436,-1.918,1]},
{"frame":19,"values":[0.9896,0.0978,0.1056,0,-0.087,0.9909,-0.1024,0,-0.1147,0.0921,0.9891,0,-0.0085,16.3436,-1.918,1]},
{"frame":20,"values":[0.9898,0.0972,0.1041,0,-0.0871,0.9914,-0.0981,0,-0.1128,0.088,0.9897,0,-0.0085,16.3436,-1.918,1]},
{"frame":21,"values":[0.9904,0.0968,0.099,0,-0.0874,0.9916,-0.0951,0,-0.1074,0.0855,0.9905,0,-0.0085,16.3436,-1.918,1]},
{"frame":22,"values":[0.991,0.0969,0.092,0,-0.088,0.9915,-0.0963,0,-0.1006,0.0874,0.9911,0,-0.0085,16.3436,-1.918,1]},
{"frame":23,"values":[0.9917,0.0973,0.0841,0,-0.0886,0.9908,-0.1018,0,-0.0932,0.0936,0.9912,0,-0.0085,16.3436,-1.918,1]},
{"frame":24,"values":[0.9923,0.0977,0.0759,0,-0.0891,0.99,-0.1097,0,-0.0859,0.1021,0.9911,0,-0.0085,16.3436,-1.918,1]},
{"frame":25,"values":[0.9928,0.0979,0.0686,0,-0.0894,0.9891,-0.1174,0,-0.0794,0.1104,0.9907,0,-0.0085,16.3436,-1.918,1]}],"loopBehavior":1,"name":"anim","property":"_matrix"}},
{"name":"Head","index":5,"matrix":[0.9778,-0.1142,-0.1759,0,0.0851,0.9826,-0.1651,0,0.1917,0.1465,0.9705,0,0,7.4726,1.8977,1],"rest":[1,0,0,0,0,1,0,0,0,0,1,0,0,7.4726,1.8977,1],"parentBoneIndex":4,"length":26.3062
,"animation":{"dataType":3,"framePerSecond":24,"keys":[
{"frame":1,"values":[0.9778,-0.1142,-0.1759,0,0.0851,0.9826,-0.1651,0,0.1917,0.1465,0.9705,0,0,7.4726,1.8977,1]},
{"frame":2,"values":[0.976,-0.115,-0.185,0,0.0868,0.9843,-0.154,0,0.1998,0.1342,0.9706,0,0,7.4726,1.8977,1]},
{"frame":3,"values":[0.9757,-0.1114,-0.1889,0,0.0835,0.9852,-0.1499,0,0.2028,0.1305,0.9705,0,0,7.4726,1.8977,1]},
{"frame":4,"values":[0.976,-0.1056,-0.1906,0,0.0772,0.9855,-0.1508,0,0.2038,0.1324,0.97,0,0,7.4726,1.8977,1]},
{"frame":5,"values":[0.9762,-0.1007,-0.192,0,0.0713,0.9855,-0.154,0,0.2047,0.1367,0.9692,0,0,7.4726,1.8977,1]},
{"frame":6,"values":[0.9765,-0.1003,-0.191,0,0.0703,0.985,-0.1577,0,0.204,0.1406,0.9688,0,0,7.4726,1.8977,1]},
{"frame":7,"values":[0.9765,-0.1066,-0.1873,0,0.0764,0.9838,-0.1619,0,0.2015,0.1438,0.9689,0,0,7.4726,1.8977,1]},
{"frame":8,"values":[0.9764,-0.1176,-0.181,0,0.0872,0.982,-0.1678,0,0.1975,0.148,0.9691,0,0,7.4726,1.8977,1]},
{"frame":9,"values":[0.9761,-0.1298,-0.1741,0,0.0987,0.9793,-0.177,0,0.1934,0.1556,0.9687,0,0,7.4726,1.8977,1]},
{"frame":10,"values":[0.9763,-0.1381,-0.1664,0,0.1066,0.9769,-0.1852,0,0.1881,0.1631,0.9685,0,0,7.4726,1.8977,1]},
{"frame":11,"values":[0.9778,-0.1388,-0.1572,0,0.1077,0.9756,-0.1915,0,0.1799,0.1703,0.9688,0,0,7.4726,1.8977,1]},
{"frame":12,"values":[0.9807,-0.1315,-0.1448,0,0.1019,0.9754,-0.1955,0,0.167,0.177,0.9699,0,0,7.4726,1.8977,1]},
{"frame":13,"values":[0.9842,-0.118,-0.1316,0,0.0908,0.9763,-0.1964,0,0.1517,0.1814,0.9716,0,0,7.4726,1.8977,1]},
{"frame":14,"values":[0.9879,-0.1003,-0.1182,0,0.0757,0.9776,-0.1966,0,0.1353,0.1853,0.9733,0,0,7.4726,1.8977,1]},
{"frame":15,"values":[0.9911,-0.0814,-0.1054,0,0.0597,0.979,-0.1949,0,0.119,0.1868,0.9752,0,0,7.4726,1.8977,1]},
{"frame":16,"values":[0.9935,-0.0646,-0.0935,0,0.0458,0.9805,-0.191,0,0.104,0.1855,0.9771,0,0,7.4726,1.8977,1]},
{"frame":17,"values":[0.9951,-0.0519,-0.0839,0,0.0356,0.982,-0.1854,0,0.092,0.1815,0.9791,0,0,7.4726,1.8977,1]},
{"frame":18,"values":[0.9959,-0.0461,-0.0772,0,0.0316,0.9834,-0.1789,0,0.0842,0.1757,0.9808,0,0,7.4726,1.8977,1]},
{"frame":19,"values":[0.9962,-0.0477,-0.0726,0,0.0345,0.9843,-0.1732,0,0.0797,0.1701,0.9822,0,0,7.4726,1.8977,1]},
{"frame":20,"values":[0.9956,-0.0559,-0.075,0,0.0423,0.9841,-0.1726,0,0.0835,0.1687,0.9821,0,0,7.4726,1.8977,1]},
{"frame":21,"values":[0.994,-0.0685,-0.085,0,0.0525,0.9827,-0.1777,0,0.0957,0.1721,0.9804,0,0,7.4726,1.8977,1]},
{"frame":22,"values":[0.9912,-0.0834,-0.1032,0,0.0638,0.9815,-0.1806,0,0.1164,0.1725,0.9781,0,0,7.4726,1.8977,1]},
{"frame":23,"values":[0.987,-0.0976,-0.1278,0,0.074,0.9813,-0.1778,0,0.1428,0.1661,0.9757,0,0,7.4726,1.8977,1]},
{"frame":24,"values":[0.9819,-0.1079,-0.156,0,0.0812,0.9824,-0.1681,0,0.1713,0.1524,0.9734,0,0,7.4726,1.8977,1]},
{"frame":25,"values":[0.9778,-0.1142,-0.1759,0,0.0851,0.9826,-0.1651,0,0.1917,0.1465,0.9705,0,0,7.4726,1.8977,1]}],"loopBehavior":1,"name":"anim","property":"_matrix"}},
{"name":"HeadTop_End","index":6,"matrix":[1,0,0,0,0,1,0,0,0,0,1,0,0,25.4969,6.475,1],"rest":[1,0,0,0,0,1,0,0,0,0,1,0,0,25.4969,6.475,1],"parentBoneIndex":5,"length":26.3062
,"animation":{"dataType":3,"framePerSecond":24,"keys":[
{"frame":1,"values":[1,0,0,0,0,1,0,0,0,0,1,0,0,25.4969,6.475,1]},
{"frame":25,"values":[1,0,0,0,0,1,0,0,0,0,1,0,0,25.4969,6.475,1]}],"loopBehavior":1,"name":"anim","property":"_matrix"}},
{"name":"LeftShoulder","index":7,"matrix":[0.8896,-0.0521,0.4538,0,0.0674,0.9976,-0.0176,0,-0.4518,0.0462,0.8909,0,5.5507,13.7754,-1.9265,1],"rest":[1,-0.002,0,0,0.002,1,0,0,0,0,1,0,5.5507,13.7754,-1.9265,1],"parentBoneIndex":3,"length":12.2475
,"animation":{"dataType":3,"framePerSecond":24,"keys":[
{"frame":1,"values":[0.8896,-0.0521,0.4538,0,0.0674,0.9976,-0.0176,0,-0.4518,0.0462,0.8909,0,5.5507,13.7754,-1.9265,1]},
{"frame":2,"values":[0.904,-0.0535,0.4241,0,0.0703,0.9972,-0.0241,0,-0.4216,0.0516,0.9053,0,5.5507,13.7754,-1.9265,1]},
{"frame":3,"values":[0.9193,-0.0547,0.3897,0,0.0728,0.9968,-0.0319,0,-0.3867,0.0577,0.9204,0,5.5507,13.7754,-1.9265,1]},
{"frame":4,"values":[0.9333,-0.0556,0.3549,0,0.0745,0.9964,-0.0399,0,-0.3514,0.0636,0.9341,0,5.5507,13.7754,-1.9265,1]},
{"frame":5,"values":[0.9444,-0.0566,0.324,0,0.0758,0.996,-0.0469,0,-0.3201,0.0689,0.9449,0,5.5507,13.7754,-1.9265,1]},
{"frame":6,"values":[0.9513,-0.0561,0.303,0,0.0752,0.9958,-0.0517,0,-0.2989,0.072,0.9516,0,5.5507,13.7754,-1.9265,1]},
{"frame":7,"values":[0.9535,-0.056,0.2961,0,0.0751,0.9958,-0.0533,0,-0.2918,0.073,0.9537,0,5.5507,13.7754,-1.9265,1]},
{"frame":8,"values":[0.9519,-0.0548,0.3013,0,0.0736,0.996,-0.0516,0,-0.2973,0.0713,0.9521,0,5.5507,13.7754,-1.9265,1]},
{"frame":9,"values":[0.9472,-0.0545,0.3161,0,0.0731,0.9962,-0.0471,0,-0.3123,0.0677,0.9476,0,5.5507,13.7754,-1.9265,1]},
{"frame":10,"values":[0.9392,-0.0544,0.339,0,0.0721,0.9966,-0.0397,0,-0.3357,0.0617,0.9399,0,5.5507,13.7754,-1.9265,1]},
{"frame":11,"values":[0.9291,-0.0545,0.3659,0,0.0707,0.997,-0.0311,0,-0.3631,0.0548,0.9301,0,5.5507,13.7754,-1.9265,1]},
{"frame":12,"values":[0.9168,-0.0546,0.3957,0,0.0688,0.9974,-0.0217,0,-0.3935,0.0471,0.9181,0,5.5507,13.7754,-1.9265,1]},
{"frame":13,"values":[0.9032,-0.0546,0.4258,0,0.066,0.9977,-0.012,0,-0.4242,0.0389,0.9047,0,5.5507,13.7754,-1.9265,1]},
{"frame":14,"values":[0.8885,-0.0546,0.4557,0,0.0625,0.998,-0.0024,0,-0.4547,0.0306,0.8901,0,5.5507,13.7754,-1.9265,1]},
{"frame":15,"values":[0.8736,-0.0544,0.4835,0,0.0584,0.9983,0.0068,0,-0.4831,0.0223,0.8753,0,5.5507,13.7754,-1.9265,1]},
{"frame":16,"values":[0.8583,-0.0541,0.5102,0,0.0539,0.9984,0.0151,0,-0.5102,0.0146,0.8599,0,5.5507,13.7754,-1.9265,1]},
{"frame":17,"values":[0.8469,-0.0541,0.529,0,0.0496,0.9985,0.0226,0,-0.5294,0.0071,0.8483,0,5.5507,13.7754,-1.9265,1]},
{"frame":18,"values":[0.8365,-0.054,0.5452,0,0.0456,0.9985,0.029,0,-0.546,0.0006,0.8378,0,5.5507,13.7754,-1.9265,1]},
{"frame":19,"values":[0.8317,-0.0544,0.5525,0,0.0426,0.9985,0.0343,0,-0.5536,-0.005,0.8328,0,5.5507,13.7754,-1.9265,1]},
{"frame":20,"values":[0.8301,-0.0553,0.5548,0,0.0407,0.9984,0.0386,0,-0.5561,-0.0094,0.8311,0,5.5507,13.7754,-1.9265,1]},
{"frame":21,"values":[0.8379,-0.0565,0.5428,0,0.0418,0.9983,0.0394,0,-0.5442,-0.0103,0.8389,0,5.5507,13.7754,-1.9265,1]},
{"frame":22,"values":[0.8487,-0.0562,0.5258,0,0.0472,0.9984,0.0306,0,-0.5267,-0.0012,0.85,0,5.5507,13.7754,-1.9265,1]},
{"frame":23,"values":[0.8625,-0.064,0.5019,0,0.0643,0.9978,0.0166,0,-0.5019,0.018,0.8647,0,5.5507,13.7754,-1.9265,1]},
{"frame":24,"values":[0.8775,-0.0612,0.4757,0,0.0701,0.9975,-0.001,0,-0.4745,0.0342,0.8796,0,5.5507,13.7754,-1.9265,1]},
{"frame":25,"values":[0.8892,-0.0586,0.4538,0,0.0744,0.9971,-0.0172,0,-0.4515,0.0491,0.8909,0,5.5507,13.7754,-1.9265,1]}],"loopBehavior":1,"name":"anim","property":"_matrix"}},
{"name":"LeftArm","index":8,"matrix":[0.3924,-0.282,0.8755,0,0.8793,0.3944,-0.2671,0,-0.27,0.8746,0.4027,0,11.8394,-3.1354,-0.0171,1],"rest":[0.9973,-0.0184,0.0706,0,0.0183,0.9998,0.0011,0,-0.0707,0.0002,0.9975,0,11.8394,-3.1354,-0.0171,1],"parentBoneIndex":7,"length":29.2403
,"animation":{"dataType":3,"framePerSecond":24,"keys":[
{"frame":1,"values":[0.3924,-0.282,0.8755,0,0.8793,0.3944,-0.2671,0,-0.27,0.8746,0.4027,0,11.8394,-3.1354,-0.0171,1]},
{"frame":2,"values":[0.3671,-0.2841,0.8857,0,0.8881,0.3903,-0.2429,0,-0.2767,0.8758,0.3956,0,11.8394,-3.1354,-0.0171,1]},
{"frame":3,"values":[0.345,-0.2825,0.895,0,0.8937,0.3902,-0.2213,0,-0.2867,0.8763,0.3872,0,11.8394,-3.1354,-0.0171,1]},
{"frame":4,"values":[0.3189,-0.2828,0.9046,0,0.8993,0.3915,-0.1947,0,-0.2991,0.8756,0.3792,0,11.8394,-3.1354,-0.0171,1]},
{"frame":5,"values":[0.2939,-0.2838,0.9127,0,0.9039,0.393,-0.1689,0,-0.3107,0.8747,0.372,0,11.8394,-3.1354,-0.0171,1]},
{"frame":6,"values":[0.2686,-0.2854,0.92,0,0.9072,0.3959,-0.1421,0,-0.3237,0.8728,0.3652,0,11.8394,-3.1354,-0.0171,1]},
{"frame":7,"values":[0.2606,-0.279,0.9243,0,0.9078,0.3966,-0.1362,0,-0.3286,0.8745,0.3566,0,11.8394,-3.1354,-0.0171,1]},
{"frame":8,"values":[0.2673,-0.2672,0.9258,0,0.9056,0.398,-0.1466,0,-0.3293,0.8776,0.3484,0,11.8394,-3.1354,-0.0171,1]},
{"frame":9,"values":[0.2795,-0.2528,0.9263,0,0.9006,0.4034,-0.1617,0,-0.3328,0.8794,0.3404,0,11.8394,-3.1354,-0.0171,1]},
{"frame":10,"values":[0.301,-0.2324,0.9249,0,0.8907,0.415,-0.1856,0,-0.3406,0.8797,0.3319,0,11.8394,-3.1354,-0.0171,1]},
{"frame":11,"values":[0.3193,-0.2125,0.9235,0,0.8802,0.4275,-0.2059,0,-0.3511,0.8787,0.3236,0,11.8394,-3.1354,-0.0171,1]},
{"frame":12,"values":[0.3406,-0.1942,0.9199,0,0.8647,0.449,-0.2253,0,-0.3693,0.8722,0.3209,0,11.8394,-3.1354,-0.0171,1]},
{"frame":13,"values":[0.3668,-0.1739,0.9139,0,0.8463,0.4704,-0.2501,0,-0.3864,0.8651,0.3197,0,11.8394,-3.1354,-0.0171,1]},
{"frame":14,"values":[0.3947,-0.1561,0.9054,0,0.8266,0.4906,-0.2758,0,-0.4012,0.8573,0.3227,0,11.8394,-3.1354,-0.0171,1]},
{"frame":15,"values":[0.4157,-0.1479,0.8974,0,0.8106,0.5077,-0.2919,0,-0.4124,0.8488,0.3309,0,11.8394,-3.1354,-0.0171,1]},
{"frame":16,"values":[0.4408,-0.1414,0.8864,0,0.7965,0.5169,-0.3136,0,-0.4138,0.8443,0.3404,0,11.8394,-3.1354,-0.0171,1]},
{"frame":17,"values":[0.4597,-0.1323,0.8781,0,0.7847,0.5235,-0.332,0,-0.4158,0.8417,0.3445,0,11.8394,-3.1354,-0.0171,1]},
{"frame":18,"values":[0.4779,-0.1255,0.8694,0,0.7758,0.5245,-0.3507,0,-0.412,0.8421,0.348,0,11.8394,-3.1354,-0.0171,1]},
{"frame":19,"values":[0.4824,-0.1273,0.8666,0,0.7772,0.5187,-0.3564,0,-0.4041,0.8454,0.3492,0,11.8394,-3.1354,-0.0171,1]},
{"frame":20,"values":[0.4768,-0.1396,0.8678,0,0.7866,0.5084,-0.3504,0,-0.3923,0.8497,0.3523,0,11.8394,-3.1354,-0.0171,1]},
{"frame":21,"values":[0.4585,-0.1572,0.8747,0,0.8037,0.4935,-0.3326,0,-0.3793,0.8554,0.3526,0,11.8394,-3.1354,-0.0171,1]},
{"frame":22,"values":[0.4421,-0.184,0.8779,0,0.8225,0.4735,-0.315,0,-0.3577,0.8614,0.3607,0,11.8394,-3.1354,-0.0171,1]},
{"frame":23,"values":[0.428,-0.2114,0.8787,0,0.8399,0.4521,-0.3003,0,-0.3338,0.8665,0.3711,0,11.8394,-3.1354,-0.0171,1]},
{"frame":24,"values":[0.4037,-0.2491,0.8803,0,0.8621,0.4257,-0.2749,0,-0.3063,0.8699,0.3866,0,11.8394,-3.1354,-0.0171,1]},
{"frame":25,"values":[0.3944,-0.282,0.8746,0,0.8759,0.4034,-0.2649,0,-0.2781,0.8705,0.4061,0,11.8394,-3.1354,-0.0171,1]}],"loopBehavior":1,"name":"anim","property":"_matrix"}},
{"name":"LeftForeArm","index":9,"matrix":[0.3292,-0.0512,0.9429,0,0.8892,-0.3192,-0.3278,0,0.3177,0.9463,-0.0595,0,29.1612,0.5949,-2.0659,1],"rest":[0.9973,0.0203,-0.0707,0,-0.0203,0.9998,0.0007,0,0.0707,0.0007,0.9975,0,29.1612,0.5949,-2.0659,1],"parentBoneIndex":8,"length":29.6649
,"animation":{"dataType":3,"framePerSecond":24,"keys":[
{"frame":1,"values":[0.3292,-0.0512,0.9429,0,0.8892,-0.3192,-0.3278,0,0.3177,0.9463,-0.0595,0,29.1612,0.5949,-2.0659,1]},
{"frame":2,"values":[0.3498,-0.0509,0.9354,0,0.8729,-0.3449,-0.3452,0,0.3402,0.9373,-0.0762,0,29.1612,0.5949,-2.0659,1]},
{"frame":3,"values":[0.3611,-0.0528,0.931,0,0.8527,-0.3856,-0.3525,0,0.3776,0.9212,-0.0942,0,29.1612,0.5949,-2.0659,1]},
{"frame":4,"values":[0.3746,-0.052,0.9257,0,0.8438,-0.3946,-0.3636,0,0.3842,0.9174,-0.1039,0,29.1612,0.5949,-2.0659,1]},
{"frame":5,"values":[0.3892,-0.0509,0.9197,0,0.836,-0.3998,-0.3759,0,0.3869,0.9152,-0.113,0,29.1612,0.5949,-2.0659,1]},
{"frame":6,"values":[0.4089,-0.0391,0.9118,0,0.8433,-0.3657,-0.3939,0,0.3488,0.9299,-0.1165,0,29.1612,0.5949,-2.0659,1]},
{"frame":7,"values":[0.4313,-0.0429,0.9012,0,0.8271,-0.3803,-0.4139,0,0.3605,0.9239,-0.1286,0,29.1612,0.5949,-2.0659,1]},
{"frame":8,"values":[0.4464,-0.0518,0.8933,0,0.8076,-0.4065,-0.4272,0,0.3853,0.9122,-0.1397,0,29.1612,0.5949,-2.0659,1]},
{"frame":9,"values":[0.4605,-0.0559,0.8859,0,0.7961,-0.4155,-0.44,0,0.3927,0.9079,-0.1469,0,29.1612,0.5949,-2.0659,1]},
{"frame":10,"values":[0.4661,-0.06,0.8827,0,0.7869,-0.428,-0.4446,0,0.4045,0.9018,-0.1522,0,29.1612,0.5949,-2.0659,1]},
{"frame":11,"values":[0.4777,-0.07,0.8757,0,0.7618,-0.4635,-0.4526,0,0.4376,0.8833,-0.1681,0,29.1612,0.5949,-2.0659,1]},
{"frame":12,"values":[0.4713,-0.0651,0.8795,0,0.7691,-0.4577,-0.4461,0,0.4317,0.8867,-0.1656,0,29.1612,0.5949,-2.0659,1]},
{"frame":13,"values":[0.4574,-0.0648,0.8869,0,0.7697,-0.4706,-0.4313,0,0.4453,0.88,-0.1654,0,29.1612,0.5949,-2.0659,1]},
{"frame":14,"values":[0.4348,-0.0653,0.8981,0,0.7735,-0.4836,-0.4096,0,0.4611,0.8729,-0.1598,0,29.1612,0.5949,-2.0659,1]},
{"frame":15,"values":[0.4154,-0.0581,0.9078,0,0.7935,-0.4648,-0.3929,0,0.4447,0.8835,-0.147,0,29.1612,0.5949,-2.0659,1]},
{"frame":16,"values":[0.398,-0.0616,0.9153,0,0.7941,-0.4764,-0.3774,0,0.4593,0.8771,-0.1407,0,29.1612,0.5949,-2.0659,1]},
{"frame":17,"values":[0.3829,-0.0645,0.9215,0,0.7946,-0.4858,-0.3642,0,0.4711,0.8717,-0.1348,0,29.1612,0.5949,-2.0659,1]},
{"frame":18,"values":[0.3679,-0.0654,0.9276,0,0.8009,-0.4845,-0.3519,0,0.4724,0.8724,-0.1258,0,29.1612,0.5949,-2.0659,1]},
{"frame":19,"values":[0.3642,-0.0622,0.9292,0,0.8137,-0.4641,-0.35,0,0.453,0.8836,-0.1184,0,29.1612,0.5949,-2.0659,1]},
{"frame":20,"values":[0.3663,-0.0571,0.9287,0,0.8275,-0.4364,-0.3532,0,0.4255,0.8979,-0.1126,0,29.1612,0.5949,-2.0659,1]},
{"frame":21,"values":[0.3662,-0.0523,0.9291,0,0.839,-0.4132,-0.354,0,0.4024,0.9091,-0.1074,0,29.1612,0.5949,-2.0659,1]},
{"frame":22,"values":[0.3582,-0.0492,0.9323,0,0.8493,-0.3977,-0.3473,0,0.3879,0.9162,-0.1007,0,29.1612,0.5949,-2.0659,1]},
{"frame":23,"values":[0.3544,-0.0615,0.9331,0,0.8348,-0.4288,-0.3453,0,0.4214,0.9013,-0.1006,0,29.1612,0.5949,-2.0659,1]},
{"frame":24,"values":[0.3481,-0.052,0.936,0,0.867,-0.362,-0.3425,0,0.3567,0.9307,-0.0809,0,29.1612,0.5949,-2.0659,1]},
{"frame":25,"values":[0.3296,-0.048,0.9429,0,0.8718,-0.368,-0.3234,0,0.3625,0.9286,-0.0795,0,29.1612,0.5949,-2.0659,1]}],"loopBehavior":1,"name":"anim","property":"_matrix"}},
{"name":"LeftHand","index":10,"matrix":[0.9879,0.1094,-0.11,0,-0.1468,0.8881,-0.4355,0,0.0501,0.4464,0.8934,0,29.6649,0,0,1],"rest":[1,0,0,0,0,1,-0.0011,0,0,0.0011,1,0,29.6649,0,0,1],"parentBoneIndex":9,"length":11.8196
,"animation":{"dataType":3,"framePerSecond":24,"keys":[
{"frame":1,"values":[0.9879,0.1094,-0.11,0,-0.1468,0.8881,-0.4355,0,0.0501,0.4464,0.8934,0,29.6649,0,0,1]},
{"frame":2,"values":[0.989,0.0945,-0.1138,0,-0.1335,0.9015,-0.4117,0,0.0637,0.4224,0.9042,0,29.6649,0,0,1]},
{"frame":3,"values":[0.989,0.0972,-0.1117,0,-0.1326,0.917,-0.3763,0,0.0659,0.387,0.9197,0,29.6649,0,0,1]},
{"frame":4,"values":[0.9888,0.0955,-0.1147,0,-0.1316,0.9205,-0.3678,0,0.0704,0.3788,0.9228,0,29.6649,0,0,1]},
{"frame":5,"values":[0.9887,0.0909,-0.119,0,-0.1284,0.9234,-0.3617,0,0.077,0.3729,0.9247,0,29.6649,0,0,1]},
{"frame":6,"values":[0.9887,0.0737,-0.1309,0,-0.12,0.9117,-0.3929,0,0.0904,0.4042,0.9102,0,29.6649,0,0,1]},
{"frame":7,"values":[0.9898,0.0532,-0.1325,0,-0.1008,0.9175,-0.3848,0,0.1011,0.3943,0.9134,0,29.6649,0,0,1]},
{"frame":8,"values":[0.9909,0.0348,-0.1299,0,-0.0814,0.9241,-0.3733,0,0.107,0.3805,0.9186,0,29.6649,0,0,1]},
{"frame":9,"values":[0.9915,0.0129,-0.1297,0,-0.0618,0.9227,-0.3806,0,0.1148,0.3854,0.9156,0,29.6649,0,0,1]},
{"frame":10,"values":[0.9922,0.0003,-0.1247,0,-0.0491,0.9201,-0.3885,0,0.1147,0.3916,0.913,0,29.6649,0,0,1]},
{"frame":11,"values":[0.9926,-0.0156,-0.1204,0,-0.0296,0.9306,-0.3649,0,0.1177,0.3658,0.9232,0,29.6649,0,0,1]},
{"frame":12,"values":[0.9933,-0.0123,-0.1152,0,-0.0332,0.9227,-0.3842,0,0.1111,0.3854,0.916,0,29.6649,0,0,1]},
{"frame":13,"values":[0.9941,0.0062,-0.1081,0,-0.0474,0.9225,-0.3831,0,0.0973,0.386,0.9174,0,29.6649,0,0,1]},
{"frame":14,"values":[0.9943,0.035,-0.1004,0,-0.0707,0.9227,-0.379,0,0.0793,0.384,0.9199,0,29.6649,0,0,1]},
{"frame":15,"values":[0.9929,0.0588,-0.1032,0,-0.0954,0.9124,-0.3979,0,0.0708,0.405,0.9116,0,29.6649,0,0,1]},
{"frame":16,"values":[0.9912,0.0834,-0.1032,0,-0.1171,0.9161,-0.3835,0,0.0626,0.3922,0.9178,0,29.6649,0,0,1]},
{"frame":17,"values":[0.989,0.1085,-0.101,0,-0.1388,0.9173,-0.3732,0,0.0521,0.3831,0.9223,0,29.6649,0,0,1]},
{"frame":18,"values":[0.9861,0.1328,-0.0996,0,-0.1607,0.9136,-0.3734,0,0.0414,0.3843,0.9223,0,29.6649,0,0,1]},
{"frame":19,"values":[0.9841,0.1413,-0.1078,0,-0.1724,0.9065,-0.3854,0,0.0432,0.3978,0.9164,0,29.6649,0,0,1]},
{"frame":20,"values":[0.9842,0.1344,-0.1152,0,-0.1696,0.9022,-0.3965,0,0.0506,0.4098,0.9108,0,29.6649,0,0,1]},
{"frame":21,"values":[0.9855,0.1246,-0.1151,0,-0.1609,0.9014,-0.402,0,0.0536,0.4147,0.9084,0,29.6649,0,0,1]},
{"frame":22,"values":[0.9868,0.1198,-0.1091,0,-0.1541,0.9021,-0.4031,0,0.0501,0.4146,0.9086,0,29.6649,0,0,1]},
{"frame":23,"values":[0.9885,0.1162,-0.0966,0,-0.1435,0.9223,-0.3589,0,0.0474,0.3686,0.9284,0,29.6649,0,0,1]},
{"frame":24,"values":[0.9886,0.1068,-0.1062,0,-0.1412,0.9029,-0.406,0,0.0525,0.4163,0.9077,0,29.6649,0,0,1]},
{"frame":25,"values":[0.9876,0.1164,-0.1052,0,-0.1486,0.9088,-0.3899,0,0.0502,0.4007,0.9148,0,29.6649,0,0,1]}],"loopBehavior":1,"name":"anim","property":"_matrix"}},
{"name":"LeftHandThumb1","index":11,"matrix":[0.9853,-0.0403,-0.1657,0,0.0418,0.9991,0.0055,0,0.1653,-0.0123,0.9862,0,6.1321,-4.043,2.9242,1],"rest":[1,-0.0003,-0.0002,0,0.0003,1,0.0003,0,0.0002,-0.0003,1,0,6.1321,-4.043,2.9242,1],"parentBoneIndex":10,"length":2.3395
,"animation":{"dataType":3,"framePerSecond":24,"keys":[
{"frame":1,"values":[0.9853,-0.0403,-0.1657,0,0.0418,0.9991,0.0055,0,0.1653,-0.0123,0.9862,0,6.1321,-4.043,2.9242,1]},
{"frame":25,"values":[0.9853,-0.0403,-0.1657,0,0.0418,0.9991,0.0055,0,0.1653,-0.0123,0.9862,0,6.1321,-4.043,2.9242,1]}],"loopBehavior":1,"name":"anim","property":"_matrix"}},
{"name":"LeftHandThumb2","index":12,"matrix":[0.9755,0.0463,-0.2152,0,-0.0231,0.9938,0.1091,0,0.219,-0.1015,0.9704,0,1.8122,-1.0462,1.0462,1],"rest":[1,0,0,0,0,1,0,0,0,0,1,0,1.8122,-1.0462,1.0462,1],"parentBoneIndex":11,"length":1.5944
,"animation":{"dataType":3,"framePerSecond":24,"keys":[
{"frame":1,"values":[0.9755,0.0463,-0.2152,0,-0.0231,0.9938,0.1091,0,0.219,-0.1015,0.9704,0,1.8122,-1.0462,1.0462,1]},
{"frame":25,"values":[0.9755,0.0463,-0.2152,0,-0.0231,0.9938,0.1091,0,0.219,-0.1015,0.9704,0,1.8122,-1.0462,1.0462,1]}],"loopBehavior":1,"name":"anim","property":"_matrix"}},
{"name":"LeftHandThumb3","index":13,"matrix":[0.9525,0.1482,0.2662,0,-0.0265,0.9107,-0.4123,0,-0.3035,0.3856,0.8713,0,1.2351,-0.713,0.713,1],"rest":[1,0.0001,-0.0001,0,-0.0001,1,0,0,0.0001,0,1,0,1.2351,-0.713,0.713,1],"parentBoneIndex":12,"length":2.5475
,"animation":{"dataType":3,"framePerSecond":24,"keys":[
{"frame":1,"values":[0.9525,0.1482,0.2662,0,-0.0265,0.9107,-0.4123,0,-0.3035,0.3856,0.8713,0,1.2351,-0.713,0.713,1]},
{"frame":25,"values":[0.9525,0.1482,0.2662,0,-0.0265,0.9107,-0.4123,0,-0.3035,0.3856,0.8713,0,1.2351,-0.713,0.713,1]}],"loopBehavior":1,"name":"anim","property":"_matrix"}},
{"name":"LeftHandThumb4","index":14,"matrix":[1,0,0,0,0,1,0,0,0,0,1,0,1.9732,-1.1393,1.1393,1],"rest":[1,0,0,0,0,1,0,0,0,0,1,0,1.9732,-1.1393,1.1393,1],"parentBoneIndex":13,"length":2.5474
,"animation":{"dataType":3,"framePerSecond":24,"keys":[
{"frame":1,"values":[1,0,0,0,0,1,0,0,0,0,1,0,1.9732,-1.1393,1.1393,1]},
{"frame":25,"values":[1,0,0,0,0,1,0,0,0,0,1,0,1.9732,-1.1393,1.1393,1]}],"loopBehavior":1,"name":"anim","property":"_matrix"}},
{"name":"LeftHandIndex1","index":15,"matrix":[0.9347,-0.3535,-0.038,0,0.3548,0.9208,0.1618,0,-0.0223,-0.1647,0.9861,0,13.2426,-0.3099,2.8565,1],"rest":[1,0,0,0,0,1,0,0,0,0,1,0,13.2426,-0.3099,2.8565,1],"parentBoneIndex":10,"length":2.1974
,"animation":{"dataType":3,"framePerSecond":24,"keys":[
{"frame":1,"values":[0.9347,-0.3535,-0.038,0,0.3548,0.9208,0.1618,0,-0.0223,-0.1647,0.9861,0,13.2426,-0.3099,2.8565,1]},
{"frame":25,"values":[0.9347,-0.3535,-0.038,0,0.3548,0.9208,0.1618,0,-0.0223,-0.1647,0.9861,0,13.2426,-0.3099,2.8565,1]}],"loopBehavior":1,"name":"anim","property":"_matrix"}},
{"name":"LeftHandIndex2","index":16,"matrix":[0.8781,-0.476,-0.0492,0,0.476,0.8794,-0.0125,0,0.0492,-0.0125,0.9987,0,2.1974,0.0001,0,1],"rest":[1,0,-0.0001,0,0,1,0,0,0.0001,0,1,0,2.1974,0.0001,0,1],"parentBoneIndex":15,"length":1.5095
,"animation":{"dataType":3,"framePerSecond":24,"keys":[
{"frame":1,"values":[0.8781,-0.476,-0.0492,0,0.476,0.8794,-0.0125,0,0.0492,-0.0125,0.9987,0,2.1974,0.0001,0,1]},
{"frame":25,"values":[0.8781,-0.476,-0.0492,0,0.476,0.8794,-0.0125,0,0.0492,-0.0125,0.9987,0,2.1974,0.0001,0,1]}],"loopBehavior":1,"name":"anim","property":"_matrix"}},
{"name":"LeftHandIndex3","index":17,"matrix":[0.8501,-0.5264,-0.0166,0,0.5262,0.8503,-0.0144,0,0.0216,0.0035,0.9998,0,1.5095,0,0.0001,1],"rest":[0.9979,-0.0563,0.032,0,0.0563,0.9984,0.0009,0,-0.032,0.0009,0.9995,0,1.5095,0,0.0001,1],"parentBoneIndex":16,"length":1.6331
,"animation":{"dataType":3,"framePerSecond":24,"keys":[
{"frame":1,"values":[0.8501,-0.5264,-0.0166,0,0.5262,0.8503,-0.0144,0,0.0216,0.0035,0.9998,0,1.5095,0,0.0001,1]},
{"frame":25,"values":[0.8501,-0.5264,-0.0166,0,0.5262,0.8503,-0.0144,0,0.0216,0.0035,0.9998,0,1.5095,0,0.0001,1]}],"loopBehavior":1,"name":"anim","property":"_matrix"}},
{"name":"LeftHandIndex4","index":18,"matrix":[1,0,0,0,0,1,0,0,0,0,1,0,1.6297,0.092,-0.0521,1],"rest":[1,0,0,0,0,1,0,0,0,0,1,0,1.6297,0.092,-0.0521,1],"parentBoneIndex":17,"length":1.6331
,"animation":{"dataType":3,"framePerSecond":24,"keys":[
{"frame":1,"values":[1,0,0,0,0,1,0,0,0,0,1,0,1.6297,0.092,-0.0521,1]},
{"frame":25,"values":[1,0,0,0,0,1,0,0,0,0,1,0,1.6297,0.092,-0.0521,1]}],"loopBehavior":1,"name":"anim","property":"_matrix"}},
{"name":"LeftHandMiddle1","index":19,"matrix":[0.9353,-0.3522,-0.0329,0,0.3524,0.9195,0.1743,0,-0.0312,-0.1746,0.9841,0,13.0978,0,0,1],"rest":[1,0,0,0,0,1,0,0,0,0,1,0,13.0978,0,0,1],"parentBoneIndex":10,"length":2.2844
,"animation":{"dataType":3,"framePerSecond":24,"keys":[
{"frame":1,"values":[0.9353,-0.3522,-0.0329,0,0.3524,0.9195,0.1743,0,-0.0312,-0.1746,0.9841,0,13.0978,0,0,1]},
{"frame":25,"values":[0.9353,-0.3522,-0.0329,0,0.3524,0.9195,0.1743,0,-0.0312,-0.1746,0.9841,0,13.0978,0,0,1]}],"loopBehavior":1,"name":"anim","property":"_matrix"}},
{"name":"LeftHandMiddle2","index":20,"matrix":[0.6955,-0.7147,-0.0737,0,0.7147,0.6987,-0.0311,0,0.0737,-0.0311,0.9968,0,2.2844,-0.0001,0,1],"rest":[1,0,0,0,0,1,0,0,0,0,1,0,2.2844,-0.0001,0,1],"parentBoneIndex":19,"length":2.3882
,"animation":{"dataType":3,"framePerSecond":24,"keys":[
{"frame":1,"values":[0.6955,-0.7147,-0.0737,0,0.7147,0.6987,-0.0311,0,0.0737,-0.0311,0.9968,0,2.2844,-0.0001,0,1]},
{"frame":25,"values":[0.6955,-0.7147,-0.0737,0,0.7147,0.6987,-0.0311,0,0.0737,-0.0311,0.9968,0,2.2844,-0.0001,0,1]}],"loopBehavior":1,"name":"anim","property":"_matrix"}},
