{"producer":{"name":"Blender","version":"2.90.0","exporter_version":"6.4.4","file":"walk_jump.babylon"},
"autoClear":true,"clearColor":[0.0509,0.0509,0.0509],"gravity":[0,-9.81,0],
"materials":[{"name":"Material","id":"Material","customType":"BABYLON.PBRMaterial","backFaceCulling":true,"checkReadyOnlyOnce":false,"maxSimultaneousLights":4,"environmentIntensity":1,"albedo":[0.8,0.8,0.8],"reflectivity":[0.5,0.5,0.5],"roughness":0.4,"alpha":1,"transparencyMode":0,"alphaCutOff":0.4,"metallic":0}],
"multiMaterials":[],
"skeletons":[{"name":"Armature","id":0,"dimensionsAtRest":[192.3395,226.9932,28.649],"bones":[
{"name":"Hips","index":0,"matrix":[0.9627,-0.1041,-0.2497,0,0.0109,0.9372,-0.3487,0,-0.2703,-0.333,-0.9034,0,-0.0271,102.3518,-0.7146,1],"rest":[1,0,0,0,0,1,0,0,0,0,-1,0,0,114.0532,0,1],"parentBoneIndex":-1,"length":12.7599
,"animation":{"dataType":3,"framePerSecond":24,"keys":[
{"frame":1,"values":[0.9627,-0.1041,-0.2497,0,0.0109,0.9372,-0.3487,0,-0.2703,-0.333,-0.9034,0,-0.0271,102.3518,-0.7146,1]},
{"frame":2,"values":[0.9531,-0.047,-0.2991,0,-0.039,0.9605,-0.2754,0,-0.3002,-0.2741,-0.9136,0,-0.2872,108.4341,-0.1476,1]},
{"frame":3,"values":[0.9644,0.0782,-0.2525,0,-0.1397,0.9618,-0.2354,0,-0.2245,-0.2623,-0.9385,0,-0.6566,116.7361,-0.6112,1]},
{"frame":4,"values":[0.9686,0.2021,-0.1448,0,-0.2333,0.94,-0.2491,0,-0.0858,-0.2751,-0.9576,0,-1.3085,126.4523,-0.217,1]},
{"frame":5,"values":[0.971,0.2328,-0.0545,0,-0.2389,0.9338,-0.2664,0,0.0111,-0.2717,-0.9623,0,-1.7158,136.2065,1.6527,1]},
{"frame":6,"values":[0.9792,0.2022,-0.0183,0,-0.2009,0.9518,-0.2316,0,0.0294,-0.2305,-0.9726,0,-1.3403,144.2227,4.7844,1]},
{"frame":7,"values":[0.9829,0.1829,-0.0192,0,-0.1834,0.9667,-0.1786,0,0.0141,-0.1791,-0.9837,0,-0.4018,150.6551,8.3226,1]},
{"frame":8,"values":[0.9864,0.1625,-0.0243,0,-0.1642,0.9694,-0.1824,0,0.0061,-0.1839,-0.9829,0,0.4041,155.927,11.8399,1]},
{"frame":9,"values":[0.9928,0.119,-0.015,0,-0.1189,0.9606,-0.2511,0,0.0155,-0.251,-0.9679,0,0.7193,159.252,14.4425,1]},
{"frame":10,"values":[0.9982,0.0563,0.0219,0,-0.046,0.9436,-0.3279,0,0.0391,-0.3263,-0.9445,0,0.4022,159.7096,15.954,1]},
{"frame":11,"values":[0.9966,-0.0274,0.0782,0,0.0535,0.9333,-0.355,0,0.0632,-0.358,-0.9316,0,-0.4156,156.8395,16.9677,1]},
{"frame":12,"values":[0.9828,-0.1542,0.1016,0,0.1795,0.9273,-0.3285,0,0.0435,-0.341,-0.939,0,-1.0889,151.1715,17.3905,1]},
{"frame":13,"values":[0.9504,-0.3043,0.0643,0,0.3095,0.9048,-0.2925,0,-0.0309,-0.2979,-0.9541,0,-1.0011,142.8549,16.8079,1]},
{"frame":14,"values":[0.9232,-0.3841,0.0166,0,0.3737,0.8865,-0.2729,0,-0.0901,-0.2582,-0.9619,0,-0.2612,132.1608,15.3533,1]},
{"frame":15,"values":[0.9463,-0.3231,0.0041,0,0.3144,0.9177,-0.2426,0,-0.0746,-0.2309,-0.9701,0,0.1484,120.2055,13.8,1]},
{"frame":16,"values":[0.9814,-0.1903,0.0237,0,0.1916,0.9664,-0.1711,0,-0.0096,-0.1725,-0.985,0,-0.1528,109.1772,12.6028,1]},
{"frame":17,"values":[0.9926,-0.1051,0.0605,0,0.111,0.9883,-0.1044,0,0.0488,-0.1103,-0.9927,0,-0.4465,102.6731,10.9163,1]},
{"frame":18,"values":[0.9935,-0.0934,0.0654,0,0.1003,0.9887,-0.1113,0,0.0543,-0.1171,-0.9916,0,-0.2202,99.9991,8.0034,1]},
{"frame":19,"values":[0.994,-0.109,0.002,0,0.1074,0.9763,-0.188,0,-0.0185,-0.1871,-0.9822,0,-0.0046,99.06,4.7039,1]},
{"frame":20,"values":[0.9851,-0.1285,-0.1145,0,0.0939,0.9589,-0.2678,0,-0.1442,-0.253,-0.9567,0,-0.0867,98.902,2.6211,1]},
{"frame":21,"values":[0.9669,-0.1335,-0.2172,0,0.0599,0.947,-0.3156,0,-0.2478,-0.2921,-0.9237,0,-0.1046,100.0154,1.4228,1]},
{"frame":22,"values":[0.9627,-0.1041,-0.2497,0,0.0109,0.9372,-0.3487,0,-0.2703,-0.333,-0.9034,0,-0.0271,102.3518,-0.7146,1]}],"loopBehavior":1,"name":"anim","property":"_matrix"}},
{"name":"Spine","index":1,"matrix":[0.9989,-0.0142,-0.0458,0,0.0192,0.9935,0.1119,0,0.0439,-0.1126,0.9927,0,-0.0057,10.8958,-1.2787,1],"rest":[1,0,0,0,0,1,0,0,0,0,1,0,-0.0057,10.8958,-1.2787,1],"parentBoneIndex":0,"length":12.7989
,"animation":{"dataType":3,"framePerSecond":24,"keys":[
{"frame":1,"values":[0.9989,-0.0142,-0.0458,0,0.0192,0.9935,0.1119,0,0.0439,-0.1126,0.9927,0,-0.0057,10.8958,-1.2787,1]},
{"frame":2,"values":[0.9862,-0.0395,-0.161,0,0.0614,0.9891,0.1335,0,0.154,-0.1416,0.9779,0,-0.0057,10.8958,-1.2787,1]},
{"frame":3,"values":[0.9555,-0.158,-0.2492,0,0.1892,0.9762,0.1064,0,0.2265,-0.1488,0.9626,0,-0.0057,10.8958,-1.2787,1]},
{"frame":4,"values":[0.9114,-0.2975,-0.2844,0,0.3267,0.9432,0.0602,0,0.2503,-0.1478,0.9568,0,-0.0057,10.8958,-1.2787,1]},
{"frame":5,"values":[0.9073,-0.3283,-0.2628,0,0.3523,0.9346,0.0486,0,0.2297,-0.1367,0.9636,0,-0.0057,10.8958,-1.2787,1]},
{"frame":6,"values":[0.9375,-0.273,-0.2159,0,0.2989,0.9493,0.0977,0,0.1782,-0.1562,0.9715,0,-0.0057,10.8958,-1.2787,1]},
{"frame":7,"values":[0.9596,-0.2202,-0.175,0,0.2515,0.9502,0.1838,0,0.1258,-0.2204,0.9673,0,-0.0057,10.8958,-1.2787,1]},
{"frame":8,"values":[0.973,-0.1767,-0.1486,0,0.2108,0.9425,0.2592,0,0.0942,-0.2835,0.9543,0,-0.0057,10.8958,-1.2787,1]},
{"frame":9,"values":[0.9835,-0.1284,-0.1271,0,0.1609,0.9426,0.2926,0,0.0823,-0.3082,0.9478,0,-0.0057,10.8958,-1.2787,1]},
{"frame":10,"values":[0.9911,-0.068,-0.1147,0,0.0989,0.9518,0.2902,0,0.0894,-0.299,0.9501,0,-0.0057,10.8958,-1.2787,1]},
{"frame":11,"values":[0.9925,0.0182,-0.1208,0,0.0169,0.9588,0.2837,0,0.121,-0.2836,0.9513,0,-0.0057,10.8958,-1.2787,1]},
{"frame":12,"values":[0.9782,0.1407,-0.1526,0,-0.0929,0.9543,0.2842,0,0.1856,-0.2638,0.9465,0,-0.0057,10.8958,-1.2787,1]},
{"frame":13,"values":[0.9454,0.2737,-0.177,0,-0.221,0.9374,0.2693,0,0.2396,-0.2155,0.9467,0,-0.0057,10.8958,-1.2787,1]},
{"frame":14,"values":[0.9334,0.3339,-0.1313,0,-0.2998,0.9269,0.2259,0,0.1971,-0.1715,0.9653,0,-0.0057,10.8958,-1.2787,1]},
{"frame":15,"values":[0.9669,0.2553,0.0047,0,-0.2518,0.9501,0.1841,0,0.0425,-0.1792,0.9829,0,-0.0057,10.8958,-1.2787,1]},
{"frame":16,"values":[0.9849,0.1035,0.1384,0,-0.1273,0.9762,0.1758,0,-0.1169,-0.1907,0.9746,0,-0.0057,10.8958,-1.2787,1]},
{"frame":17,"values":[0.9808,0.018,0.1944,0,-0.0527,0.9832,0.1749,0,-0.188,-0.1818,0.9652,0,-0.0057,10.8958,-1.2787,1]},
{"frame":18,"values":[0.9785,0.0363,0.2028,0,-0.0641,0.9891,0.1324,0,-0.1958,-0.1425,0.9702,0,-0.0057,10.8958,-1.2787,1]},
{"frame":19,"values":[0.9785,0.0798,0.19,0,-0.095,0.9929,0.0721,0,-0.1829,-0.0886,0.9791,0,-0.0057,10.8958,-1.2787,1]},
{"frame":20,"values":[0.9855,0.083,0.1477,0,-0.0928,0.9938,0.0608,0,-0.1418,-0.0736,0.9872,0,-0.0057,10.8958,-1.2787,1]},
{"frame":21,"values":[0.9969,0.0462,0.0633,0,-0.052,0.9942,0.0943,0,-0.0586,-0.0973,0.9935,0,-0.0057,10.8958,-1.2787,1]},
{"frame":22,"values":[0.9989,-0.0142,-0.0458,0,0.0192,0.9935,0.1119,0,0.0439,-0.1126,0.9927,0,-0.0057,10.8958,-1.2787,1]}],"loopBehavior":1,"name":"anim","property":"_matrix"}},
{"name":"Spine1","index":2,"matrix":[0.9999,0.0033,-0.017,0,-0.002,0.9973,0.0733,0,0.0172,-0.0732,0.9972,0,-0.0066,12.7117,-1.4918,1],"rest":[1,0,0,0,0,1,0,0,0,0,1,0,-0.0066,12.7117,-1.4918,1],"parentBoneIndex":1,"length":14.6274
,"animation":{"dataType":3,"framePerSecond":24,"keys":[
{"frame":1,"values":[0.9999,0.0033,-0.017,0,-0.002,0.9973,0.0733,0,0.0172,-0.0732,0.9972,0,-0.0066,12.7117,-1.4918,1]},
{"frame":2,"values":[0.9975,-0.0101,-0.0705,0,0.0162,0.9961,0.0868,0,0.0693,-0.0877,0.9937,0,-0.0066,12.7117,-1.4918,1]},
{"frame":3,"values":[0.9928,-0.0463,-0.1108,0,0.0542,0.9961,0.0694,0,0.1072,-0.0749,0.9914,0,-0.0066,12.7117,-1.4918,1]},
{"frame":4,"values":[0.9882,-0.093,-0.1215,0,0.0991,0.994,0.0454,0,0.1166,-0.0569,0.9915,0,-0.0066,12.7117,-1.4918,1]},
{"frame":5,"values":[0.9883,-0.1152,-0.0996,0,0.1197,0.992,0.0404,0,0.0941,-0.0518,0.9942,0,-0.0066,12.7117,-1.4918,1]},
{"frame":6,"values":[0.9927,-0.1038,-0.0621,0,0.108,0.9918,0.069,0,0.0544,-0.0752,0.9957,0,-0.0066,12.7117,-1.4918,1]},
{"frame":7,"values":[0.9962,-0.0806,-0.0343,0,0.0842,0.9889,0.1222,0,0.024,-0.1246,0.9919,0,-0.0066,12.7117,-1.4918,1]},
{"frame":8,"values":[0.9978,-0.0623,-0.0245,0,0.0656,0.9834,0.1694,0,0.0135,-0.1706,0.9852,0,-0.0066,12.7117,-1.4918,1]},
{"frame":9,"values":[0.9984,-0.052,-0.021,0,0.055,0.9809,0.1863,0,0.0109,-0.1872,0.9823,0,-0.0066,12.7117,-1.4918,1]},
{"frame":10,"values":[0.9992,-0.0393,-0.0113,0,0.0407,0.9829,0.1796,0,0.0041,-0.1799,0.9837,0,-0.0066,12.7117,-1.4918,1]},
{"frame":11,"values":[0.9999,-0.0129,0.003,0,0.0122,0.9854,0.1697,0,-0.0052,-0.1697,0.9855,0,-0.0066,12.7117,-1.4918,1]},
{"frame":12,"values":[0.9996,0.0245,0.0134,0,-0.0263,0.9871,0.1578,0,-0.0093,-0.1581,0.9874,0,-0.0066,12.7117,-1.4918,1]},
{"frame":13,"values":[0.998,0.0598,0.0189,0,-0.0618,0.9891,0.1334,0,-0.0107,-0.1343,0.9909,0,-0.0066,12.7117,-1.4918,1]},
{"frame":14,"values":[0.9966,0.077,0.0291,0,-0.0797,0.9912,0.1061,0,-0.0206,-0.1081,0.9939,0,-0.0066,12.7117,-1.4918,1]},
{"frame":15,"values":[0.9966,0.0644,0.0509,0,-0.0692,0.9927,0.099,0,-0.0442,-0.1022,0.9938,0,-0.0066,12.7117,-1.4918,1]},
{"frame":16,"values":[0.9966,0.0318,0.0754,0,-0.0401,0.9929,0.1122,0,-0.0713,-0.1148,0.9908,0,-0.0066,12.7117,-1.4918,1]},
{"frame":17,"values":[0.996,0.0069,0.0894,0,-0.0174,0.9929,0.1173,0,-0.088,-0.1184,0.9891,0,-0.0066,12.7117,-1.4918,1]},
{"frame":18,"values":[0.9958,0.0029,0.0918,0,-0.0114,0.9956,0.0928,0,-0.0912,-0.0935,0.9914,0,-0.0066,12.7117,-1.4918,1]},
{"frame":19,"values":[0.9965,0.0073,0.0838,0,-0.0121,0.9983,0.0573,0,-0.0832,-0.0581,0.9948,0,-0.0066,12.7117,-1.4918,1]},
{"frame":20,"values":[0.998,0.0076,0.0633,0,-0.0106,0.9988,0.0471,0,-0.0629,-0.0477,0.9969,0,-0.0066,12.7117,-1.4918,1]},
{"frame":21,"values":[0.9996,0.0062,0.0273,0,-0.0079,0.998,0.0627,0,-0.0269,-0.0629,0.9977,0,-0.0066,12.7117,-1.4918,1]},
{"frame":22,"values":[0.9999,0.0033,-0.017,0,-0.002,0.9973,0.0733,0,0.0172,-0.0732,0.9972,0,-0.0066,12.7117,-1.4918,1]}],"loopBehavior":1,"name":"anim","property":"_matrix"}},
{"name":"Spine2","index":3,"matrix":[0.9999,0.0043,-0.0139,0,-0.0033,0.9973,0.0737,0,0.0142,-0.0736,0.9972,0,-0.0076,14.5277,-1.7049,1],"rest":[1,0,0,0,0,1,0,0,0,0,1,0,-0.0076,14.5277,-1.7049,1],"parentBoneIndex":2,"length":15.4825
,"animation":{"dataType":3,"framePerSecond":24,"keys":[
{"frame":1,"values":[0.9999,0.0043,-0.0139,0,-0.0033,0.9973,0.0737,0,0.0142,-0.0736,0.9972,0,-0.0076,14.5277,-1.7049,1]},
{"frame":2,"values":[0.9976,-0.0077,-0.0683,0,0.0136,0.9962,0.0861,0,0.0674,-0.0868,0.9939,0,-0.0076,14.5277,-1.7049,1]},
{"frame":3,"values":[0.9931,-0.0432,-0.1089,0,0.0509,0.9963,0.069,0,0.1055,-0.0741,0.9917,0,-0.0076,14.5277,-1.7049,1]},
{"frame":4,"values":[0.9887,-0.0903,-0.1195,0,0.0965,0.9942,0.0467,0,0.1146,-0.0577,0.9917,0,-0.0076,14.5277,-1.7049,1]},
{"frame":5,"values":[0.9887,-0.1136,-0.0977,0,0.1182,0.9921,0.0423,0,0.0921,-0.0533,0.9943,0,-0.0076,14.5277,-1.7049,1]},
{"frame":6,"values":[0.9928,-0.1033,-0.0613,0,0.1075,0.9918,0.0697,0,0.0536,-0.0758,0.9957,0,-0.0076,14.5277,-1.7049,1]},
{"frame":7,"values":[0.9961,-0.0802,-0.0366,0,0.0841,0.989,0.1217,0,0.0264,-0.1243,0.9919,0,-0.0076,14.5277,-1.7049,1]},
{"frame":8,"values":[0.9977,-0.0616,-0.0293,0,0.0657,0.9835,0.1687,0,0.0184,-0.1702,0.9852,0,-0.0076,14.5277,-1.7049,1]},
{"frame":9,"values":[0.9984,-0.0512,-0.0252,0,0.055,0.981,0.186,0,0.0152,-0.1871,0.9822,0,-0.0076,14.5277,-1.7049,1]},
{"frame":10,"values":[0.9992,-0.039,-0.0131,0,0.0407,0.9829,0.1795,0,0.0059,-0.1799,0.9837,0,-0.0076,14.5277,-1.7049,1]},
{"frame":11,"values":[0.9999,-0.013,0.0031,0,0.0123,0.9854,0.1697,0,-0.0053,-0.1696,0.9855,0,-0.0076,14.5277,-1.7049,1]},
{"frame":12,"values":[0.9996,0.0242,0.0144,0,-0.0262,0.9871,0.1576,0,-0.0104,-0.158,0.9874,0,-0.0076,14.5277,-1.7049,1]},
{"frame":13,"values":[0.998,0.0594,0.0197,0,-0.0615,0.9892,0.1334,0,-0.0116,-0.1343,0.9909,0,-0.0076,14.5277,-1.7049,1]},
{"frame":14,"values":[0.9966,0.0764,0.0294,0,-0.0791,0.9912,0.1064,0,-0.021,-0.1084,0.9939,0,-0.0076,14.5277,-1.7049,1]},
{"frame":15,"values":[0.9967,0.0631,0.0515,0,-0.068,0.9927,0.0993,0,-0.0449,-0.1024,0.9937,0,-0.0076,14.5277,-1.7049,1]},
{"frame":16,"values":[0.9966,0.0295,0.0767,0,-0.038,0.993,0.1119,0,-0.0728,-0.1145,0.9908,0,-0.0076,14.5277,-1.7049,1]},
{"frame":17,"values":[0.9959,0.0038,0.0905,0,-0.0144,0.993,0.1169,0,-0.0894,-0.1177,0.989,0,-0.0076,14.5277,-1.7049,1]},
{"frame":18,"values":[0.9957,-0.0004,0.0922,0,-0.0082,0.9957,0.0927,0,-0.0918,-0.093,0.9914,0,-0.0076,14.5277,-1.7049,1]},
{"frame":19,"values":[0.9964,0.0044,0.0842,0,-0.0092,0.9983,0.0574,0,-0.0838,-0.0579,0.9948,0,-0.0076,14.5277,-1.7049,1]},
{"frame":20,"values":[0.9979,0.0055,0.0646,0,-0.0086,0.9988,0.0473,0,-0.0642,-0.0477,0.9968,0,-0.0076,14.5277,-1.7049,1]},
{"frame":21,"values":[0.9995,0.0053,0.0296,0,-0.0072,0.998,0.063,0,-0.0292,-0.0632,0.9976,0,-0.0076,14.5277,-1.7049,1]},
{"frame":22,"values":[0.9999,0.0043,-0.0139,0,-0.0033,0.9973,0.0737,0,0.0142,-0.0736,0.9972,0,-0.0076,14.5277,-1.7049,1]}],"loopBehavior":1,"name":"anim","property":"_matrix"}},
{"name":"Neck","index":4,"matrix":[0.9999,0.0167,-0.0044,0,-0.0173,0.9835,-0.1803,0,0.0013,0.1804,0.9836,0,-0.0085,16.3436,-1.918,1],"rest":[1,0,0,0,0,1,0,0,0,0,1,0,-0.0085,16.3436,-1.918,1],"parentBoneIndex":3,"length":7.7098
,"animation":{"dataType":3,"framePerSecond":24,"keys":[
{"frame":1,"values":[0.9999,0.0167,-0.0044,0,-0.0173,0.9835,-0.1803,0,0.0013,0.1804,0.9836,0,-0.0085,16.3436,-1.918,1]},
{"frame":2,"values":[0.9996,0.0015,0.0265,0,0.0028,0.9873,-0.1589,0,-0.0264,0.159,0.9869,0,-0.0085,16.3436,-1.918,1]},
{"frame":3,"values":[0.9977,-0.0016,0.0681,0,0.0091,0.9939,-0.1095,0,-0.0675,0.1098,0.9917,0,-0.0085,16.3436,-1.918,1]},
{"frame":4,"values":[0.9945,0.0026,0.1049,0,0.0032,0.9985,-0.0552,0,-0.1049,0.0552,0.993,0,-0.0085,16.3436,-1.918,1]},
{"frame":5,"values":[0.9927,0.0063,0.1208,0,-0.0044,0.9999,-0.0162,0,-0.1209,0.0155,0.9925,0,-0.0085,16.3436,-1.918,1]},
{"frame":6,"values":[0.9931,0.007,0.1168,0,-0.0073,1,0.0019,0,-0.1168,-0.0028,0.9931,0,-0.0085,16.3436,-1.918,1]},
{"frame":7,"values":[0.994,0.0059,0.1096,0,-0.0059,1,0.0001,0,-0.1096,-0.0007,0.994,0,-0.0085,16.3436,-1.918,1]},
{"frame":8,"values":[0.9943,0.0071,0.1063,0,-0.0049,0.9998,-0.0204,0,-0.1065,0.0197,0.9941,0,-0.0085,16.3436,-1.918,1]},
{"frame":9,"values":[0.9946,0.0138,0.103,0,-0.0089,0.9988,-0.0479,0,-0.1035,0.0468,0.9935,0,-0.0085,16.3436,-1.918,1]},
{"frame":10,"values":[0.9949,0.0233,0.0978,0,-0.0166,0.9974,-0.0694,0,-0.0991,0.0675,0.9928,0,-0.0085,16.3436,-1.918,1]},
{"frame":11,"values":[0.9952,0.0288,0.0932,0,-0.0215,0.9967,-0.0783,0,-0.0952,0.0759,0.9926,0,-0.0085,16.3436,-1.918,1]},
{"frame":12,"values":[0.9957,0.0251,0.089,0,-0.019,0.9975,-0.0687,0,-0.0905,0.0667,0.9937,0,-0.0085,16.3436,-1.918,1]},
{"frame":13,"values":[0.9966,0.0151,0.0806,0,-0.0123,0.9993,-0.0354,0,-0.081,0.0343,0.9961,0,-0.0085,16.3436,-1.918,1]},
{"frame":14,"values":[0.9979,0.01,0.0642,0,-0.0108,0.9999,0.011,0,-0.0641,-0.0117,0.9979,0,-0.0085,16.3436,-1.918,1]},
{"frame":15,"values":[0.9989,0.0185,0.0423,0,-0.0203,0.9988,0.044,0,-0.0415,-0.0448,0.9981,0,-0.0085,16.3436,-1.918,1]},
{"frame":16,"values":[0.9992,0.032,0.023,0,-0.0332,0.998,0.0536,0,-0.0213,-0.0543,0.9983,0,-0.0085,16.3436,-1.918,1]},
{"frame":17,"values":[0.9993,0.0354,0.0121,0,-0.036,0.9976,0.0594,0,-0.01,-0.0598,0.9982,0,-0.0085,16.3436,-1.918,1]},
{"frame":18,"values":[0.9996,0.0263,0.005,0,-0.0266,0.9972,0.0703,0,-0.0031,-0.0704,0.9975,0,-0.0085,16.3436,-1.918,1]},
{"frame":19,"values":[0.9998,0.016,-0.0072,0,-0.0156,0.9987,0.0484,0,0.008,-0.0483,0.9988,0,-0.0085,16.3436,-1.918,1]},
{"frame":20,"values":[0.9997,0.0122,-0.0212,0,-0.0129,0.9995,-0.0296,0,0.0209,0.0298,0.9993,0,-0.0085,16.3436,-1.918,1]},
{"frame":21,"values":[0.9997,0.013,-0.0228,0,-0.0157,0.9922,-0.1236,0,0.021,0.1239,0.9921,0,-0.0085,16.3436,-1.918,1]},
{"frame":22,"values":[0.9999,0.0167,-0.0044,0,-0.0173,0.9835,-0.1803,0,0.0013,0.1804,0.9836,0,-0.0085,16.3436,-1.918,1]}],"loopBehavior":1,"name":"anim","property":"_matrix"}},
{"name":"Head","index":5,"matrix":[0.9846,-0.0597,-0.1641,0,-0.0085,0.9223,-0.3863,0,0.1744,0.3818,0.9076,0,0,7.4726,1.8977,1],"rest":[1,0,0,0,0,1,0,0,0,0,1,0,0,7.4726,1.8977,1],"parentBoneIndex":4,"length":26.3062
,"animation":{"dataType":3,"framePerSecond":24,"keys":[
{"frame":1,"values":[0.9846,-0.0597,-0.1641,0,-0.0085,0.9223,-0.3863,0,0.1744,0.3818,0.9076,0,0,7.4726,1.8977,1]},
{"frame":2,"values":[1,-0.002,-0.0004,0,0.0018,0.9382,-0.3461,0,0.001,0.3461,0.9382,0,0,7.4726,1.8977,1]},
{"frame":3,"values":[0.9785,0.0857,0.1876,0,-0.0432,0.9746,-0.2199,0,-0.2017,0.2071,0.9573,0,0,7.4726,1.8977,1]},
{"frame":4,"values":[0.9209,0.1493,0.3601,0,-0.1239,0.9879,-0.0928,0,-0.3696,0.0408,0.9283,0,0,7.4726,1.8977,1]},
{"frame":5,"values":[0.8945,0.1614,0.4168,0,-0.1726,0.9849,-0.0109,0,-0.4123,-0.0622,0.9089,0,0,7.4726,1.8977,1]},
{"frame":6,"values":[0.9286,0.143,0.3424,0,-0.162,0.9864,0.0276,0,-0.3338,-0.0811,0.9392,0,0,7.4726,1.8977,1]},
{"frame":7,"values":[0.9653,0.1103,0.2366,0,-0.1124,0.9937,-0.0047,0,-0.2356,-0.022,0.9716,0,0,7.4726,1.8977,1]},
{"frame":8,"values":[0.9816,0.0729,0.1767,0,-0.0509,0.9907,-0.1263,0,-0.1843,0.115,0.9761,0,0,7.4726,1.8977,1]},
{"frame":9,"values":[0.987,0.046,0.1538,0,-0.0028,0.9627,-0.2706,0,-0.1605,0.2667,0.9503,0,0,7.4726,1.8977,1]},
{"frame":10,"values":[0.9893,0.0228,0.1443,0,0.0319,0.9301,-0.3659,0,-0.1426,0.3666,0.9194,0,0,7.4726,1.8977,1]},
{"frame":11,"values":[0.9888,-0.0075,0.1492,0,0.0679,0.9122,-0.404,0,-0.1331,0.4096,0.9025,0,0,7.4726,1.8977,1]},
{"frame":12,"values":[0.9875,-0.0495,0.1496,0,0.1052,0.914,-0.3919,0,-0.1173,0.4027,0.9078,0,0,7.4726,1.8977,1]},
{"frame":13,"values":[0.9892,-0.1115,0.0953,0,0.1368,0.9358,-0.325,0,-0.0529,0.3345,0.9409,0,0,7.4726,1.8977,1]},
{"frame":14,"values":[0.9853,-0.1649,-0.0445,0,0.1501,0.9605,-0.2344,0,0.0814,0.2243,0.9711,0,0,7.4726,1.8977,1]},
{"frame":15,"values":[0.9647,-0.156,-0.2121,0,0.116,0.975,-0.1894,0,0.2364,0.1581,0.9587,0,0,7.4726,1.8977,1]},
{"frame":16,"values":[0.9443,-0.1032,-0.3124,0,0.0424,0.9798,-0.1953,0,0.3263,0.1712,0.9296,0,0,7.4726,1.8977,1]},
{"frame":17,"values":[0.9422,-0.0598,-0.3297,0,0.0024,0.9851,-0.1717,0,0.3351,0.161,0.9283,0,0,7.4726,1.8977,1]},
{"frame":18,"values":[0.9418,-0.0574,-0.3313,0,0.0316,0.9961,-0.0829,0,0.3348,0.0676,0.9399,0,0,7.4726,1.8977,1]},
{"frame":19,"values":[0.9249,-0.0775,-0.3723,0,0.0732,0.997,-0.0257,0,0.3732,-0.0035,0.9277,0,0,7.4726,1.8977,1]},
{"frame":20,"values":[0.9094,-0.1005,-0.4036,0,0.0682,0.9933,-0.0937,0,0.4103,0.0576,0.9101,0,0,7.4726,1.8977,1]},
{"frame":21,"values":[0.9338,-0.1126,-0.3397,0,0.0267,0.9685,-0.2475,0,0.3569,0.222,0.9074,0,0,7.4726,1.8977,1]},
{"frame":22,"values":[0.9846,-0.0597,-0.1641,0,-0.0085,0.9223,-0.3863,0,0.1744,0.3818,0.9076,0,0,7.4726,1.8977,1]}],"loopBehavior":1,"name":"anim","property":"_matrix"}},
{"name":"HeadTop_End","index":6,"matrix":[1,0,0,0,0,1,0,0,0,0,1,0,0,25.4969,6.475,1],"rest":[1,0,0,0,0,1,0,0,0,0,1,0,0,25.4969,6.475,1],"parentBoneIndex":5,"length":26.3062
,"animation":{"dataType":3,"framePerSecond":24,"keys":[
{"frame":1,"values":[1,0,0,0,0,1,0,0,0,0,1,0,0,25.4969,6.475,1]},
{"frame":22,"values":[1,0,0,0,0,1,0,0,0,0,1,0,0,25.4969,6.475,1]}],"loopBehavior":1,"name":"anim","property":"_matrix"}},
{"name":"LeftShoulder","index":7,"matrix":[0.9894,-0.1396,-0.0395,0,0.1399,0.9902,0.0033,0,0.0386,-0.0088,0.9992,0,5.5507,13.7754,-1.9265,1],"rest":[1,-0.002,0,0,0.002,1,0,0,0,0,1,0,5.5507,13.7754,-1.9265,1],"parentBoneIndex":3,"length":12.2475
,"animation":{"dataType":3,"framePerSecond":24,"keys":[
{"frame":1,"values":[0.9894,-0.1396,-0.0395,0,0.1399,0.9902,0.0033,0,0.0386,-0.0088,0.9992,0,5.5507,13.7754,-1.9265,1]},
{"frame":2,"values":[0.9858,-0.0826,-0.1465,0,0.0851,0.9963,0.0108,0,0.1451,-0.0231,0.9892,0,5.5507,13.7754,-1.9265,1]},
{"frame":3,"values":[0.9763,0.0408,-0.2125,0,-0.0303,0.9982,0.0524,0,0.2142,-0.0448,0.9758,0,5.5507,13.7754,-1.9265,1]},
{"frame":4,"values":[0.9676,0.1338,-0.2142,0,-0.1149,0.9885,0.0985,0,0.2249,-0.0707,0.9718,0,5.5507,13.7754,-1.9265,1]},
{"frame":5,"values":[0.9608,0.172,-0.2174,0,-0.1463,0.9807,0.1297,0,0.2355,-0.0928,0.9674,0,5.5507,13.7754,-1.9265,1]},
{"frame":6,"values":[0.9508,0.2008,-0.2358,0,-0.1702,0.9748,0.144,0,0.2588,-0.0967,0.9611,0,5.5507,13.7754,-1.9265,1]},
{"frame":7,"values":[0.9493,0.2301,-0.2141,0,-0.2039,0.9693,0.1375,0,0.2392,-0.0869,0.9671,0,5.5507,13.7754,-1.9265,1]},
{"frame":8,"values":[0.9685,0.2063,-0.1393,0,-0.1908,0.9746,0.117,0,0.1599,-0.0867,0.9833,0,5.5507,13.7754,-1.9265,1]},
{"frame":9,"values":[0.9895,0.1313,-0.0611,0,-0.1251,0.9874,0.0968,0,0.0731,-0.0881,0.9934,0,5.5507,13.7754,-1.9265,1]},
{"frame":10,"values":[0.9969,0.0779,-0.009,0,-0.0769,0.994,0.0776,0,0.015,-0.0767,0.9969,0,5.5507,13.7754,-1.9265,1]},
{"frame":11,"values":[0.9969,0.0728,0.03,0,-0.0744,0.9957,0.0552,0,-0.0258,-0.0573,0.998,0,5.5507,13.7754,-1.9265,1]},
{"frame":12,"values":[0.9952,0.0776,0.0605,0,-0.0797,0.9963,0.0334,0,-0.0576,-0.0381,0.9976,0,5.5507,13.7754,-1.9265,1]},
{"frame":13,"values":[0.9959,0.0676,0.0608,0,-0.0687,0.9975,0.0164,0,-0.0595,-0.0205,0.998,0,5.5507,13.7754,-1.9265,1]},
{"frame":14,"values":[0.9975,0.0695,0.0149,0,-0.0695,0.9976,0.005,0,-0.0145,-0.006,0.9999,0,5.5507,13.7754,-1.9265,1]},
{"frame":15,"values":[0.993,0.1125,-0.0356,0,-0.1125,0.9937,0.0009,0,0.0355,0.0031,0.9994,0,5.5507,13.7754,-1.9265,1]},
{"frame":16,"values":[0.9873,0.1588,-0.0093,0,-0.1588,0.9873,-0.0009,0,0.009,0.0023,1,0,5.5507,13.7754,-1.9265,1]},
{"frame":17,"values":[0.9859,0.1439,0.0849,0,-0.1446,0.9895,0.0024,0,-0.0837,-0.0146,0.9964,0,5.5507,13.7754,-1.9265,1]},
{"frame":18,"values":[0.9875,0.0494,0.1498,0,-0.0519,0.9986,0.0131,0,-0.149,-0.0207,0.9886,0,5.5507,13.7754,-1.9265,1]},
{"frame":19,"values":[0.989,-0.067,0.1322,0,0.0646,0.9977,0.0223,0,-0.1334,-0.0136,0.991,0,5.5507,13.7754,-1.9265,1]},
{"frame":20,"values":[0.9886,-0.1327,0.0711,0,0.1315,0.9911,0.0213,0,-0.0733,-0.0117,0.9972,0,5.5507,13.7754,-1.9265,1]},
{"frame":21,"values":[0.9898,-0.1417,0.0116,0,0.1415,0.9899,0.0127,0,-0.0133,-0.0109,0.9999,0,5.5507,13.7754,-1.9265,1]},
{"frame":22,"values":[0.9894,-0.1396,-0.0395,0,0.1399,0.9902,0.0033,0,0.0386,-0.0088,0.9992,0,5.5507,13.7754,-1.9265,1]}],"loopBehavior":1,"name":"anim","property":"_matrix"}},
{"name":"LeftArm","index":8,"matrix":[0.5069,-0.7992,-0.323,0,0.826,0.3433,0.447,0,-0.2464,-0.4934,0.8342,0,11.8394,-3.1354,-0.0171,1],"rest":[0.9973,-0.0184,0.0706,0,0.0183,0.9998,0.0011,0,-0.0707,0.0002,0.9975,0,11.8394,-3.1354,-0.0171,1],"parentBoneIndex":7,"length":29.2403
,"animation":{"dataType":3,"framePerSecond":24,"keys":[
{"frame":1,"values":[0.5069,-0.7992,-0.323,0,0.826,0.3433,0.447,0,-0.2464,-0.4934,0.8342,0,11.8394,-3.1354,-0.0171,1]},
{"frame":2,"values":[0.6073,-0.6625,-0.4386,0,0.786,0.4207,0.4529,0,-0.1155,-0.6198,0.7762,0,11.8394,-3.1354,-0.0171,1]},
{"frame":3,"values":[0.7534,-0.4615,-0.4684,0,0.6555,0.4713,0.5901,0,-0.0515,-0.7516,0.6576,0,11.8394,-3.1354,-0.0171,1]},
{"frame":4,"values":[0.8603,-0.2755,-0.4289,0,0.5093,0.4295,0.7457,0,-0.0212,-0.86,0.5098,0,11.8394,-3.1354,-0.0171,1]},
{"frame":5,"values":[0.8812,-0.2754,-0.3843,0,0.4623,0.3321,0.8222,0,-0.0989,-0.9021,0.42,0,11.8394,-3.1354,-0.0171,1]},
{"frame":6,"values":[0.8379,-0.4689,-0.2792,0,0.4507,0.3061,0.8386,0,-0.3077,-0.8285,0.4678,0,11.8394,-3.1354,-0.0171,1]},
{"frame":7,"values":[0.7814,-0.6226,-0.0422,0,0.3934,0.439,0.8078,0,-0.4844,-0.6479,0.5879,0,11.8394,-3.1354,-0.0171,1]},
{"frame":8,"values":[0.799,-0.5554,0.2305,0,0.2968,0.6976,0.6521,0,-0.523,-0.4526,0.7222,0,11.8394,-3.1354,-0.0171,1]},
{"frame":9,"values":[0.8501,-0.3028,0.4308,0,0.1466,0.9219,0.3586,0,-0.5058,-0.2416,0.8281,0,11.8394,-3.1354,-0.0171,1]},
{"frame":10,"values":[0.8703,-0.0517,0.4898,0,0.0295,0.9982,0.053,0,-0.4916,-0.0317,0.8702,0,11.8394,-3.1354,-0.0171,1]},
{"frame":11,"values":[0.9027,0.0897,0.4207,0,-0.0287,0.9884,-0.1492,0,-0.4292,0.1226,0.8948,0,11.8394,-3.1354,-0.0171,1]},
{"frame":12,"values":[0.9464,0.1668,0.2766,0,-0.0961,0.963,-0.2519,0,-0.3084,0.2118,0.9274,0,11.8394,-3.1354,-0.0171,1]},
{"frame":13,"values":[0.9643,0.2423,0.1073,0,-0.2024,0.9347,-0.2922,0,-0.1711,0.26,0.9503,0,11.8394,-3.1354,-0.0171,1]},
{"frame":14,"values":[0.9455,0.3242,-0.0307,0,-0.3147,0.8851,-0.3429,0,-0.084,0.3339,0.9389,0,11.8394,-3.1354,-0.0171,1]},
{"frame":15,"values":[0.9233,0.3736,-0.0897,0,-0.3675,0.7907,-0.4896,0,-0.1119,0.485,0.8673,0,11.8394,-3.1354,-0.0171,1]},
{"frame":16,"values":[0.9369,0.3461,-0.0504,0,-0.2843,0.6699,-0.6859,0,-0.2036,0.6569,0.7259,0,11.8394,-3.1354,-0.0171,1]},
{"frame":17,"values":[0.9654,0.2301,0.1229,0,-0.0638,0.6649,-0.7442,0,-0.253,0.7106,0.6566,0,11.8394,-3.1354,-0.0171,1]},
{"frame":18,"values":[0.9377,0.0058,0.3474,0,0.1858,0.8364,-0.5157,0,-0.2935,0.5482,0.7832,0,11.8394,-3.1354,-0.0171,1]},
{"frame":19,"values":[0.8449,-0.3424,0.411,0,0.392,0.9191,-0.0402,0,-0.3639,0.1951,0.9108,0,11.8394,-3.1354,-0.0171,1]},
{"frame":20,"values":[0.7049,-0.6699,0.233,0,0.5955,0.7374,0.3186,0,-0.3853,-0.0859,0.9188,0,11.8394,-3.1354,-0.0171,1]},
{"frame":21,"values":[0.5709,-0.8206,-0.0257,0,0.7551,0.5125,0.4089,0,-0.3224,-0.2529,0.9122,0,11.8394,-3.1354,-0.0171,1]},
{"frame":22,"values":[0.5069,-0.7992,-0.323,0,0.826,0.3433,0.447,0,-0.2464,-0.4934,0.8342,0,11.8394,-3.1354,-0.0171,1]}],"loopBehavior":1,"name":"anim","property":"_matrix"}},
{"name":"LeftForeArm","index":9,"matrix":[0.5495,0.0109,0.8354,0,-0.0207,0.9998,0.0006,0,-0.8353,-0.0176,0.5496,0,29.1612,0.5949,-2.0659,1],"rest":[0.9973,0.0203,-0.0707,0,-0.0203,0.9998,0.0007,0,0.0707,0.0007,0.9975,0,29.1612,0.5949,-2.0659,1],"parentBoneIndex":8,"length":29.6649
,"animation":{"dataType":3,"framePerSecond":24,"keys":[
{"frame":1,"values":[0.5495,0.0109,0.8354,0,-0.0207,0.9998,0.0006,0,-0.8353,-0.0176,0.5496,0,29.1612,0.5949,-2.0659,1]},
{"frame":2,"values":[0.4297,0.0084,0.9029,0,-0.0207,0.9998,0.0005,0,-0.9027,-0.0189,0.4298,0,29.1612,0.5949,-2.0659,1]},
{"frame":3,"values":[0.2019,0.0038,0.9794,0,-0.0207,0.9998,0.0004,0,-0.9792,-0.0204,0.202,0,29.1612,0.5949,-2.0659,1]},
{"frame":4,"values":[0.0349,0.0003,0.9994,0,-0.0207,0.9998,0.0004,0,-0.9992,-0.0207,0.0349,0,29.1612,0.5949,-2.0659,1]},
{"frame":5,"values":[0.0058,-0.0002,1,0,-0.0207,0.9998,0.0004,0,-0.9998,-0.0207,0.0058,0,29.1612,0.5949,-2.0659,1]},
{"frame":6,"values":[0.0283,0.0002,0.9996,0,-0.0207,0.9998,0.0004,0,-0.9994,-0.0207,0.0283,0,29.1612,0.5949,-2.0659,1]},
{"frame":7,"values":[0.045,0.0006,0.999,0,-0.0207,0.9998,0.0004,0,-0.9988,-0.0207,0.045,0,29.1612,0.5949,-2.0659,1]},
{"frame":8,"values":[0.0893,0.0015,0.996,0,-0.0207,0.9998,0.0004,0,-0.9958,-0.0207,0.0893,0,29.1612,0.5949,-2.0659,1]},
{"frame":9,"values":[0.1537,0.0028,0.9881,0,-0.0207,0.9998,0.0004,0,-0.9879,-0.0205,0.1537,0,29.1612,0.5949,-2.0659,1]},
{"frame":10,"values":[0.1718,0.0031,0.9851,0,-0.0207,0.9998,0.0004,0,-0.9849,-0.0205,0.1718,0,29.1612,0.5949,-2.0659,1]},
{"frame":11,"values":[0.1045,0.0018,0.9945,0,-0.0207,0.9998,0.0004,0,-0.9943,-0.0207,0.1045,0,29.1612,0.5949,-2.0659,1]},
{"frame":12,"values":[-0.0188,-0.0007,0.9998,0,-0.0207,0.9998,0.0004,0,-0.9996,-0.0207,-0.0188,0,29.1612,0.5949,-2.0659,1]},
{"frame":13,"values":[-0.1386,-0.0032,0.9903,0,-0.0207,0.9998,0.0003,0,-0.9901,-0.0205,-0.1386,0,29.1612,0.5949,-2.0659,1]},
{"frame":14,"values":[-0.2162,-0.0048,0.9763,0,-0.0207,0.9998,0.0003,0,-0.9761,-0.0202,-0.2163,0,29.1612,0.5949,-2.0659,1]},
{"frame":15,"values":[-0.2524,-0.0055,0.9676,0,-0.0207,0.9998,0.0003,0,-0.9674,-0.02,-0.2525,0,29.1612,0.5949,-2.0659,1]},
{"frame":16,"values":[-0.2957,-0.0064,0.9553,0,-0.0207,0.9998,0.0003,0,-0.9551,-0.0197,-0.2957,0,29.1612,0.5949,-2.0659,1]},
{"frame":17,"values":[-0.382,-0.0081,0.9241,0,-0.0207,0.9998,0.0002,0,-0.9239,-0.019,-0.3821,0,29.1612,0.5949,-2.0659,1]},
{"frame":18,"values":[-0.4408,-0.0093,0.8976,0,-0.0207,0.9998,0.0002,0,-0.8974,-0.0185,-0.4408,0,29.1612,0.5949,-2.0659,1]},
{"frame":19,"values":[-0.3217,-0.0069,0.9468,0,-0.0207,0.9998,0.0002,0,-0.9466,-0.0195,-0.3217,0,29.1612,0.5949,-2.0659,1]},
{"frame":20,"values":[0.0352,0.0004,0.9994,0,-0.0207,0.9998,0.0004,0,-0.9992,-0.0207,0.0352,0,29.1612,0.5949,-2.0659,1]},
{"frame":21,"values":[0.4162,0.0082,0.9092,0,-0.0207,0.9998,0.0005,0,-0.909,-0.019,0.4163,0,29.1612,0.5949,-2.0659,1]},
{"frame":22,"values":[0.5495,0.0109,0.8354,0,-0.0207,0.9998,0.0006,0,-0.8353,-0.0176,0.5496,0,29.1612,0.5949,-2.0659,1]}],"loopBehavior":1,"name":"anim","property":"_matrix"}},
{"name":"LeftHand","index":10,"matrix":[0.9997,-0.0232,0,0,0.0198,0.8546,-0.5189,0,0.012,0.5187,0.8549,0,29.6649,0,0,1],"rest":[1,0,0,0,0,1,-0.0011,0,0,0.0011,1,0,29.6649,0,0,1],"parentBoneIndex":9,"length":11.8196
,"animation":{"dataType":3,"framePerSecond":24,"keys":[
{"frame":1,"values":[0.9997,-0.0232,0,0,0.0198,0.8546,-0.5189,0,0.012,0.5187,0.8549,0,29.6649,0,0,1]},
{"frame":2,"values":[0.9859,0.1624,0.0408,0,-0.114,0.8293,-0.547,0,-0.1226,0.5346,0.8362,0,29.6649,0,0,1]},
{"frame":3,"values":[0.9303,0.3554,0.0902,0,-0.2655,0.8225,-0.5031,0,-0.253,0.4441,0.8595,0,29.6649,0,0,1]},
{"frame":4,"values":[0.8377,0.4974,0.2255,0,-0.3577,0.8117,-0.4618,0,-0.4127,0.3062,0.8578,0,29.6649,0,0,1]},
{"frame":5,"values":[0.6994,0.6103,0.372,0,-0.4522,0.7809,-0.4309,0,-0.5535,0.1332,0.8221,0,29.6649,0,0,1]},
{"frame":6,"values":[0.5419,0.7177,0.4373,0,-0.5836,0.6958,-0.4187,0,-0.6048,-0.0283,0.7959,0,29.6649,0,0,1]},
{"frame":7,"values":[0.4022,0.8029,0.44,0,-0.6615,0.5871,-0.4667,0,-0.633,-0.1034,0.7672,0,29.6649,0,0,1]},
{"frame":8,"values":[0.3222,0.8313,0.4528,0,-0.6279,0.5457,-0.555,0,-0.7085,-0.1055,0.6978,0,29.6649,0,0,1]},
{"frame":9,"values":[0.3201,0.7994,0.5084,0,-0.5494,0.5938,-0.5878,0,-0.7718,-0.0912,0.6293,0,29.6649,0,0,1]},
{"frame":10,"values":[0.3638,0.7421,0.5631,0,-0.5063,0.6649,-0.5492,0,-0.7819,-0.0853,0.6175,0,29.6649,0,0,1]},
{"frame":11,"values":[0.4095,0.7168,0.5644,0,-0.5065,0.6931,-0.5129,0,-0.7588,-0.0759,0.6469,0,29.6649,0,0,1]},
{"frame":12,"values":[0.4345,0.7401,0.5133,0,-0.5203,0.6715,-0.5276,0,-0.7352,-0.0378,0.6768,0,29.6649,0,0,1]},
{"frame":13,"values":[0.4556,0.7762,0.4358,0,-0.5138,0.6291,-0.5834,0,-0.727,0.0418,0.6854,0,29.6649,0,0,1]},
{"frame":14,"values":[0.5212,0.7784,0.3499,0,-0.4788,0.6061,-0.6351,0,-0.7065,0.1635,0.6886,0,29.6649,0,0,1]},
{"frame":15,"values":[0.6322,0.7185,0.29,0,-0.4299,0.6366,-0.6403,0,-0.6446,0.2801,0.7113,0,29.6649,0,0,1]},
{"frame":16,"values":[0.723,0.6263,0.2916,0,-0.3684,0.7066,-0.6042,0,-0.5844,0.3294,0.7416,0,29.6649,0,0,1]},
{"frame":17,"values":[0.7686,0.546,0.3334,0,-0.3044,0.7705,-0.5601,0,-0.5627,0.329,0.7584,0,29.6649,0,0,1]},
{"frame":18,"values":[0.8209,0.4586,0.3402,0,-0.2459,0.8217,-0.5142,0,-0.5154,0.3385,0.7873,0,29.6649,0,0,1]},
{"frame":19,"values":[0.9014,0.334,0.2755,0,-0.181,0.8688,-0.461,0,-0.3933,0.3656,0.8436,0,29.6649,0,0,1]},
{"frame":20,"values":[0.9595,0.2039,0.1942,0,-0.1032,0.8962,-0.4315,0,-0.262,0.394,0.881,0,29.6649,0,0,1]},
{"frame":21,"values":[0.9879,0.097,0.1209,0,-0.0308,0.8873,-0.4601,0,-0.1519,0.4509,0.8796,0,29.6649,0,0,1]},
{"frame":22,"values":[0.9997,-0.0232,0,0,0.0198,0.8546,-0.5189,0,0.012,0.5187,0.8549,0,29.6649,0,0,1]}],"loopBehavior":1,"name":"anim","property":"_matrix"}},
{"name":"LeftHandThumb1","index":11,"matrix":[0.9858,0.1667,0.018,0,-0.1676,0.9816,0.0919,0,-0.0023,-0.0936,0.9956,0,6.1321,-4.043,2.9242,1],"rest":[1,-0.0003,-0.0002,0,0.0003,1,0.0003,0,0.0002,-0.0003,1,0,6.1321,-4.043,2.9242,1],"parentBoneIndex":10,"length":2.3395
,"animation":{"dataType":3,"framePerSecond":24,"keys":[
{"frame":1,"values":[0.9858,0.1667,0.018,0,-0.1676,0.9816,0.0919,0,-0.0023,-0.0936,0.9956,0,6.1321,-4.043,2.9242,1]},
{"frame":22,"values":[0.9858,0.1667,0.018,0,-0.1676,0.9816,0.0919,0,-0.0023,-0.0936,0.9956,0,6.1321,-4.043,2.9242,1]}],"loopBehavior":1,"name":"anim","property":"_matrix"}},
{"name":"LeftHandThumb2","index":12,"matrix":[0.888,0.0903,-0.4508,0,-0.0555,0.9944,0.0899,0,0.4564,-0.0548,0.8881,0,1.8122,-1.0462,1.0462,1],"rest":[1,0,0,0,0,1,0,0,0,0,1,0,1.8122,-1.0462,1.0462,1],"parentBoneIndex":11,"length":1.5944
,"animation":{"dataType":3,"framePerSecond":24,"keys":[
{"frame":1,"values":[0.888,0.0903,-0.4508,0,-0.0555,0.9944,0.0899,0,0.4564,-0.0548,0.8881,0,1.8122,-1.0462,1.0462,1]},
{"frame":22,"values":[0.888,0.0903,-0.4508,0,-0.0555,0.9944,0.0899,0,0.4564,-0.0548,0.8881,0,1.8122,-1.0462,1.0462,1]}],"loopBehavior":1,"name":"anim","property":"_matrix"}},
{"name":"LeftHandThumb3","index":13,"matrix":[0.9633,0.0279,-0.2668,0,-0.0108,0.9978,0.0653,0,0.2681,-0.06,0.9615,0,1.2351,-0.713,0.713,1],"rest":[1,0.0001,-0.0001,0,-0.0001,1,0,0,0.0001,0,1,0,1.2351,-0.713,0.713,1],"parentBoneIndex":12,"length":2.5475
,"animation":{"dataType":3,"framePerSecond":24,"keys":[
{"frame":1,"values":[0.9633,0.0279,-0.2668,0,-0.0108,0.9978,0.0653,0,0.2681,-0.06,0.9615,0,1.2351,-0.713,0.713,1]},
{"frame":22,"values":[0.9633,0.0279,-0.2668,0,-0.0108,0.9978,0.0653,0,0.2681,-0.06,0.9615,0,1.2351,-0.713,0.713,1]}],"loopBehavior":1,"name":"anim","property":"_matrix"}},
{"name":"LeftHandThumb4","index":14,"matrix":[1,0,0,0,0,1,0,0,0,0,1,0,1.9732,-1.1393,1.1393,1],"rest":[1,0,0,0,0,1,0,0,0,0,1,0,1.9732,-1.1393,1.1393,1],"parentBoneIndex":13,"length":2.5475
,"animation":{"dataType":3,"framePerSecond":24,"keys":[
{"frame":1,"values":[1,0,0,0,0,1,0,0,0,0,1,0,1.9732,-1.1393,1.1393,1]},
{"frame":22,"values":[1,0,0,0,0,1,0,0,0,0,1,0,1.9732,-1.1393,1.1393,1]}],"loopBehavior":1,"name":"anim","property":"_matrix"}},
{"name":"LeftHandIndex1","index":15,"matrix":[0.9413,-0.3374,-0.0045,0,0.3371,0.9409,-0.0308,0,0.0147,0.0275,0.9995,0,13.2426,-0.3099,2.8565,1],"rest":[1,0,0,0,0,1,0,0,0,0,1,0,13.2426,-0.3099,2.8565,1],"parentBoneIndex":10,"length":2.1974
,"animation":{"dataType":3,"framePerSecond":24,"keys":[
{"frame":1,"values":[0.9413,-0.3374,-0.0045,0,0.3371,0.9409,-0.0308,0,0.0147,0.0275,0.9995,0,13.2426,-0.3099,2.8565,1]},
{"frame":22,"values":[0.9413,-0.3374,-0.0045,0,0.3371,0.9409,-0.0308,0,0.0147,0.0275,0.9995,0,13.2426,-0.3099,2.8565,1]}],"loopBehavior":1,"name":"anim","property":"_matrix"}},
{"name":"LeftHandIndex2","index":16,"matrix":[0.932,-0.3591,-0.0496,0,0.359,0.9333,-0.0115,0,0.0504,-0.0071,0.9987,0,2.1974,0.0001,0,1],"rest":[1,0,-0.0001,0,0,1,0,0,0.0001,0,1,0,2.1974,0.0001,0,1],"parentBoneIndex":15,"length":1.5095
,"animation":{"dataType":3,"framePerSecond":24,"keys":[
{"frame":1,"values":[0.932,-0.3591,-0.0496,0,0.359,0.9333,-0.0115,0,0.0504,-0.0071,0.9987,0,2.1974,0.0001,0,1]},
{"frame":22,"values":[0.932,-0.3591,-0.0496,0,0.359,0.9333,-0.0115,0,0.0504,-0.0071,0.9987,0,2.1974,0.0001,0,1]}],"loopBehavior":1,"name":"anim","property":"_matrix"}},
{"name":"LeftHandIndex3","index":17,"matrix":[0.999,0.0132,0.0428,0,-0.0132,0.9999,0.0009,0,-0.0427,-0.0015,0.9991,0,1.5095,0,0.0001,1],"rest":[0.9979,-0.0563,0.032,0,0.0563,0.9984,0.0009,0,-0.032,0.0009,0.9995,0,1.5095,0,0.0001,1],"parentBoneIndex":16,"length":1.6331
,"animation":{"dataType":3,"framePerSecond":24,"keys":[
{"frame":1,"values":[0.999,0.0132,0.0428,0,-0.0132,0.9999,0.0009,0,-0.0427,-0.0015,0.9991,0,1.5095,0,0.0001,1]},
{"frame":22,"values":[0.999,0.0132,0.0428,0,-0.0132,0.9999,0.0009,0,-0.0427,-0.0015,0.9991,0,1.5095,0,0.0001,1]}],"loopBehavior":1,"name":"anim","property":"_matrix"}},
{"name":"LeftHandIndex4","index":18,"matrix":[1,0,0,0,0,1,0,0,0,0,1,0,1.6297,0.092,-0.0521,1],"rest":[1,0,0,0,0,1,0,0,0,0,1,0,1.6297,0.092,-0.0521,1],"parentBoneIndex":17,"length":1.6331
,"animation":{"dataType":3,"framePerSecond":24,"keys":[
{"frame":1,"values":[1,0,0,0,0,1,0,0,0,0,1,0,1.6297,0.092,-0.0521,1]},
{"frame":22,"values":[1,0,0,0,0,1,0,0,0,0,1,0,1.6297,0.092,-0.0521,1]}],"loopBehavior":1,"name":"anim","property":"_matrix"}},
{"name":"LeftHandMiddle1","index":19,"matrix":[0.8945,-0.4319,-0.1158,0,0.4293,0.9019,-0.0476,0,0.125,-0.0072,0.9921,0,13.0978,0,0,1],"rest":[1,0,0,0,0,1,0,0,0,0,1,0,13.0978,0,0,1],"parentBoneIndex":10,"length":2.2844
,"animation":{"dataType":3,"framePerSecond":24,"keys":[
{"frame":1,"values":[0.8945,-0.4319,-0.1158,0,0.4293,0.9019,-0.0476,0,0.125,-0.0072,0.9921,0,13.0978,0,0,1]},
{"frame":22,"values":[0.8945,-0.4319,-0.1158,0,0.4293,0.9019,-0.0476,0,0.125,-0.0072,0.9921,0,13.0978,0,0,1]}],"loopBehavior":1,"name":"anim","property":"_matrix"}},
{"name":"LeftHandMiddle2","index":20,"matrix":[0.9247,-0.3772,-0.0513,0,0.3771,0.9261,-0.013,0,0.0525,-0.0073,0.9986,0,2.2844,-0.0001,0,1],"rest":[1,0,0,0,0,1,0,0,0,0,1,0,2.2844,-0.0001,0,1],"parentBoneIndex":19,"length":2.3882
,"animation":{"dataType":3,"framePerSecond":24,"keys":[
{"frame":1,"values":[0.9247,-0.3772,-0.0513,0,0.3771,0.9261,-0.013,0,0.0525,-0.0073,0.9986,0,2.2844,-0.0001,0,1]},
{"frame":22,"values":[0.9247,-0.3772,-0.0513,0,0.3771,0.9261,-0.013,0,0.0525,-0.0073,0.9986,0,2.2844,-0.0001,0,1]}],"loopBehavior":1,"name":"anim","property":"_matrix"}},
{"name":"LeftHandMiddle3","index":21,"matrix":[0.9986,0.0525,0.0004,0,-0.0525,0.9986,0,0,-0.0004,-0.0001,1,0,2.3882,0,-0.0001,1],"rest":[1,0,0,0,0,1,0,0,0,0,1,0,2.3882,0,-0.0001,1],"parentBoneIndex":20,"length":1.7509
,"animation":{"dataType":3,"framePerSecond":24,"keys":[
{"frame":1,"values":[0.9986,0.0525,0.0004,0,-0.0525,0.9986,0,0,-0.0004,-0.0001,1,0,2.3882,0,-0.0001,1]},
{"frame":22,"values":[0.9986,0.0525,0.0004,0,-0.0525,0.9986,0,0,-0.0004,-0.0001,1,0,2.3882,0,-0.0001,1]}],"loopBehavior":1,"name":"anim","property":"_matrix"}},
{"name":"LeftHandMiddle4","index":22,"matrix":[1,0,0,0,0,1,0,0,0,0,1,0,1.7509,0,0,1],"rest":[1,0,0,0,0,1,0,0,0,0,1,0,1.7509,0,0,1],"parentBoneIndex":21,"length":1.7509
,"animation":{"dataType":3,"framePerSecond":24,"keys":[
{"frame":1,"values":[1,0,0,0,0,1,0,0,0,0,1,0,1.7509,0,0,1]},
{"frame":22,"values":[1,0,0,0,0,1,0,0,0,0,1,0,1.7509,0,0,1]}],"loopBehavior":1,"name":"anim","property":"_matrix"}},
{"name":"LeftHandRing1","index":23,"matrix":[0.8255,-0.5359,-0.1769,0,0.5336,0.8433,-0.0646,0,0.1838,-0.041,0.9821,0,12.2164,-0.0557,-2.7524,1],"rest":[1,0,0,0,0,1,0,0,0,0,1,0,12.2164,-0.0557,-2.7524,1],"parentBoneIndex":10,"length":2.1664
,"animation":{"dataType":3,"framePerSecond":24,"keys":[
{"frame":1,"values":[0.8255,-0.5359,-0.1769,0,0.5336,0.8433,-0.0646,0,0.1838,-0.041,0.9821,0,12.2164,-0.0557,-2.7524,1]},
{"frame":22,"values":[0.8255,-0.5359,-0.1769,0,0.5336,0.8433,-0.0646,0,0.1838,-0.041,0.9821,0,12.2164,-0.0557,-2.7524,1]}],"loopBehavior":1,"name":"anim","property":"_matrix"}},
{"name":"LeftHandRing2","index":24,"matrix":[0.9481,-0.3156,-0.0379,0,0.3157,0.9488,-0.0039,0,0.0371,-0.0083,0.9993,0,2.1664,0.0001,0,1],"rest":[1,0,0,0,0,1,0,0,0,0,1,0,2.1664,0.0001,0,1],"parentBoneIndex":23,"length":1.8761
,"animation":{"dataType":3,"framePerSecond":24,"keys":[
{"frame":1,"values":[0.9481,-0.3156,-0.0379,0,0.3157,0.9488,-0.0039,0,0.0371,-0.0083,0.9993,0,2.1664,0.0001,0,1]},
{"frame":22,"values":[0.9481,-0.3156,-0.0379,0,0.3157,0.9488,-0.0039,0,0.0371,-0.0083,0.9993,0,2.1664,0.0001,0,1]}],"loopBehavior":1,"name":"anim","property":"_matrix"}},
{"name":"LeftHandRing3","index":25,"matrix":[0.9986,-0.0526,0.0067,0,0.0526,0.9986,0.001,0,-0.0068,-0.0007,1,0,1.8761,0,0,1],"rest":[0.9998,-0.018,0.0101,0,0.018,0.9998,0.0001,0,-0.0101,0.0001,0.9999,0,1.8761,0,0,1],"parentBoneIndex":24,"length":2.24
,"animation":{"dataType":3,"framePerSecond":24,"keys":[
{"frame":1,"values":[0.9986,-0.0526,0.0067,0,0.0526,0.9986,0.001,0,-0.0068,-0.0007,1,0,1.8761,0,0,1]},
{"frame":22,"values":[0.9986,-0.0526,0.0067,0,0.0526,0.9986,0.001,0,-0.0068,-0.0007,1,0,1.8761,0,0,1]}],"loopBehavior":1,"name":"anim","property":"_matrix"}},
{"name":"LeftHandRing4","index":26,"matrix":[1,0,0,0,0,1,0,0,0,0,1,0,2.2395,0.0403,-0.0226,1],"rest":[1,0,0,0,0,1,0,0,0,0,1,0,2.2395,0.0403,-0.0226,1],"parentBoneIndex":25,"length":2.24
,"animation":{"dataType":3,"framePerSecond":24,"keys":[
{"frame":1,"values":[1,0,0,0,0,1,0,0,0,0,1,0,2.2395,0.0403,-0.0226,1]},
{"frame":22,"values":[1,0,0,0,0,1,0,0,0,0,1,0,2.2395,0.0403,-0.0226,1]}],"loopBehavior":1,"name":"anim","property":"_matrix"}},
{"name":"LeftHandPinky1","index":27,"matrix":[0.7775,-0.5904,-0.2164,0,0.5845,0.8055,-0.0977,0,0.232,-0.0505,0.9714,0,10.9122,-0.2659,-5.0355,1],"rest":[1,0,-0.0001,0,0,1,0,0,0.0001,0,1,0,10.9122,-0.2659,-5.0355,1],"parentBoneIndex":10,"length":1.5635
,"animation":{"dataType":3,"framePerSecond":24,"keys":[
{"frame":1,"values":[0.7775,-0.5904,-0.2164,0,0.5845,0.8055,-0.0977,0,0.232,-0.0505,0.9714,0,10.9122,-0.2659,-5.0355,1]},
