{"producer":{"name":"Blender","version":"2.90.0","exporter_version":"6.4.4","file":"walkbackwards_riffle.babylon"},
"autoClear":true,"clearColor":[0.0509,0.0509,0.0509],"gravity":[0,-9.81,0],
"materials":[{"name":"Material","id":"Material","customType":"BABYLON.PBRMaterial","backFaceCulling":true,"checkReadyOnlyOnce":false,"maxSimultaneousLights":4,"environmentIntensity":1,"albedo":[0.8,0.8,0.8],"reflectivity":[0.5,0.5,0.5],"roughness":0.4,"alpha":1,"transparencyMode":0,"alphaCutOff":0.4,"metallic":0}],
"multiMaterials":[],
"skeletons":[{"name":"Armature","id":0,"dimensionsAtRest":[192.3395,226.9932,28.649],"bones":[
{"name":"Hips","index":0,"matrix":[0.7824,0.0455,-0.6211,0,-0.0391,0.9989,0.0239,0,-0.6215,-0.0056,-0.7834,0,-0.6203,97.4778,-0.8698,1],"rest":[1,0,0,0,0,1,0,0,0,0,-1,0,0,114.0532,0,1],"parentBoneIndex":-1,"length":12.7599
,"animation":{"dataType":3,"framePerSecond":24,"keys":[
{"frame":1,"values":[0.7824,0.0455,-0.6211,0,-0.0391,0.9989,0.0239,0,-0.6215,-0.0056,-0.7834,0,-0.6203,97.4778,-0.8698,1]},
{"frame":2,"values":[0.8077,0.0489,-0.5876,0,-0.042,0.9988,0.0254,0,-0.5881,-0.0042,-0.8088,0,-0.3227,95.8243,0.9057,1]},
{"frame":3,"values":[0.8342,0.0537,-0.5488,0,-0.0468,0.9986,0.0265,0,-0.5495,-0.0036,-0.8355,0,0.2855,94.0377,2.829,1]},
{"frame":4,"values":[0.8579,0.0596,-0.5104,0,-0.0531,0.9982,0.0273,0,-0.5111,-0.0037,-0.8595,0,0.8564,92.5122,3.2211,1]},
{"frame":5,"values":[0.8758,0.0626,-0.4786,0,-0.0571,0.998,0.0261,0,-0.4793,-0.0045,-0.8776,0,1.3747,91.4825,3.486,1]},
{"frame":6,"values":[0.8849,0.0672,-0.4609,0,-0.0624,0.9977,0.0257,0,-0.4615,-0.006,-0.8871,0,1.8735,91.3714,4.4039,1]},
{"frame":7,"values":[0.8867,0.0674,-0.4574,0,-0.0636,0.9977,0.0238,0,-0.4579,-0.008,-0.889,0,2.5023,92.1223,5.7222,1]},
{"frame":8,"values":[0.8811,0.0673,-0.4682,0,-0.0648,0.9977,0.0215,0,-0.4685,-0.0114,-0.8834,0,3.0982,93.8949,6.9974,1]},
{"frame":9,"values":[0.8694,0.0689,-0.4893,0,-0.0678,0.9975,0.0199,0,-0.4894,-0.0159,-0.8719,0,3.6015,96.1458,6.89,1]},
{"frame":10,"values":[0.8526,0.071,-0.5177,0,-0.0717,0.9973,0.0186,0,-0.5176,-0.0213,-0.8554,0,3.956,98.0841,5.7249,1]},
{"frame":11,"values":[0.8316,0.0721,-0.5507,0,-0.0751,0.997,0.0172,0,-0.5503,-0.027,-0.8345,0,4.0999,99.0631,4.2361,1]},
{"frame":12,"values":[0.8069,0.0702,-0.5865,0,-0.0762,0.997,0.0145,0,-0.5858,-0.033,-0.8098,0,4.1038,98.8197,3.0995,1]},
{"frame":13,"values":[0.7796,0.067,-0.6227,0,-0.0765,0.997,0.0114,0,-0.6216,-0.0388,-0.7824,0,3.8985,97.8238,2.5552,1]},
{"frame":14,"values":[0.7509,0.0618,-0.6575,0,-0.0755,0.9971,0.0075,0,-0.6561,-0.044,-0.7534,0,3.422,96.2769,2.3105,1]},
{"frame":15,"values":[0.7224,0.0555,-0.6892,0,-0.0736,0.9973,0.0032,0,-0.6875,-0.0485,-0.7245,0,2.8459,94.5205,2.0139,1]},
{"frame":16,"values":[0.6968,0.0513,-0.7155,0,-0.0729,0.9973,0.0005,0,-0.7136,-0.0518,-0.6986,0,2.2259,92.9541,1.4436,1]},
{"frame":17,"values":[0.6756,0.0522,-0.7354,0,-0.0749,0.9972,0.0019,0,-0.7334,-0.0538,-0.6776,0,1.5708,93.078,1.2203,1]},
{"frame":18,"values":[0.6617,0.0512,-0.748,0,-0.0746,0.9972,0.0022,0,-0.7461,-0.0543,-0.6637,0,0.9239,94.6275,1.5127,1]},
{"frame":19,"values":[0.6564,0.0514,-0.7527,0,-0.0738,0.9973,0.0037,0,-0.7508,-0.0531,-0.6584,0,0.2496,96.2941,2.8199,1]},
{"frame":20,"values":[0.6632,0.0529,-0.7466,0,-0.0719,0.9974,0.0068,0,-0.745,-0.0492,-0.6653,0,-0.4069,97.6396,3.9803,1]},
{"frame":21,"values":[0.6807,0.0539,-0.7306,0,-0.0679,0.9976,0.0104,0,-0.7294,-0.0426,-0.6828,0,-0.8595,98.5152,3.6917,1]},
{"frame":22,"values":[0.7054,0.0515,-0.707,0,-0.0604,0.9981,0.0125,0,-0.7063,-0.0338,-0.7072,0,-0.9323,98.9484,2.4502,1]},
{"frame":23,"values":[0.7329,0.048,-0.6786,0,-0.0517,0.9986,0.0149,0,-0.6783,-0.0241,-0.7344,0,-0.8436,99.02,1.0213,1]},
{"frame":24,"values":[0.7597,0.0463,-0.6486,0,-0.0445,0.9988,0.0191,0,-0.6487,-0.0144,-0.7609,0,-0.715,98.56,-0.1642,1]},
{"frame":25,"values":[0.7824,0.0455,-0.6211,0,-0.0391,0.9989,0.0239,0,-0.6215,-0.0056,-0.7834,0,-0.6203,97.4784,-0.8698,1]}],"loopBehavior":1,"name":"anim","property":"_matrix"}},
{"name":"Spine","index":1,"matrix":[0.9917,0.005,0.1283,0,-0.0222,0.9909,0.1329,0,-0.1264,-0.1347,0.9828,0,-0.0057,10.8958,-1.2787,1],"rest":[1,0,0,0,0,1,0,0,0,0,1,0,-0.0057,10.8958,-1.2787,1],"parentBoneIndex":0,"length":12.7989
,"animation":{"dataType":3,"framePerSecond":24,"keys":[
{"frame":1,"values":[0.9917,0.005,0.1283,0,-0.0222,0.9909,0.1329,0,-0.1264,-0.1347,0.9828,0,-0.0057,10.8958,-1.2787,1]},
{"frame":2,"values":[0.9905,-0.0016,0.1373,0,-0.0169,0.9909,0.1332,0,-0.1363,-0.1342,0.9815,0,-0.0057,10.8958,-1.2787,1]},
{"frame":3,"values":[0.9889,-0.0149,0.1475,0,-0.0045,0.9915,0.1303,0,-0.1482,-0.1295,0.9804,0,-0.0057,10.8958,-1.2787,1]},
{"frame":4,"values":[0.9871,-0.031,0.1571,0,0.0112,0.9921,0.125,0,-0.1598,-0.1216,0.9796,0,-0.0057,10.8958,-1.2787,1]},
{"frame":5,"values":[0.9855,-0.0447,0.1635,0,0.025,0.9924,0.1206,0,-0.1676,-0.1148,0.9791,0,-0.0057,10.8958,-1.2787,1]},
{"frame":6,"values":[0.9846,-0.0583,0.1647,0,0.0391,0.9923,0.1174,0,-0.1703,-0.1092,0.9793,0,-0.0057,10.8958,-1.2787,1]},
{"frame":7,"values":[0.9844,-0.0654,0.1632,0,0.0457,0.9916,0.1213,0,-0.1697,-0.112,0.9791,0,-0.0057,10.8958,-1.2787,1]},
{"frame":8,"values":[0.9856,-0.067,0.1552,0,0.047,0.9905,0.1293,0,-0.1624,-0.1202,0.9794,0,-0.0057,10.8958,-1.2787,1]},
{"frame":9,"values":[0.9876,-0.0645,0.1428,0,0.045,0.9897,0.1356,0,-0.1501,-0.1275,0.9804,0,-0.0057,10.8958,-1.2787,1]},
{"frame":10,"values":[0.9896,-0.0656,0.1282,0,0.0482,0.9898,0.1343,0,-0.1357,-0.1267,0.9826,0,-0.0057,10.8958,-1.2787,1]},
{"frame":11,"values":[0.9913,-0.0689,0.1123,0,0.0548,0.9907,0.1243,0,-0.1198,-0.1171,0.9859,0,-0.0057,10.8958,-1.2787,1]},
{"frame":12,"values":[0.9933,-0.0646,0.0961,0,0.054,0.9926,0.1092,0,-0.1024,-0.1033,0.9894,0,-0.0057,10.8958,-1.2787,1]},
{"frame":13,"values":[0.9952,-0.0566,0.0794,0,0.0491,0.9945,0.0926,0,-0.0842,-0.0883,0.9925,0,-0.0057,10.8958,-1.2787,1]},
{"frame":14,"values":[0.9969,-0.0488,0.0619,0,0.0441,0.9962,0.0752,0,-0.0654,-0.0722,0.9952,0,-0.0057,10.8958,-1.2787,1]},
{"frame":15,"values":[0.9983,-0.0369,0.0449,0,0.0342,0.9975,0.0611,0,-0.0471,-0.0594,0.9971,0,-0.0057,10.8958,-1.2787,1]},
{"frame":16,"values":[0.9992,-0.0263,0.0301,0,0.0247,0.9982,0.0541,0,-0.0315,-0.0533,0.9981,0,-0.0057,10.8958,-1.2787,1]},
{"frame":17,"values":[0.9996,-0.0218,0.0173,0,0.0208,0.9982,0.0562,0,-0.0185,-0.0558,0.9983,0,-0.0057,10.8958,-1.2787,1]},
{"frame":18,"values":[0.9998,-0.0164,0.0091,0,0.0158,0.9978,0.0638,0,-0.0101,-0.0637,0.9979,0,-0.0057,10.8958,-1.2787,1]},
{"frame":19,"values":[0.9998,-0.0164,0.0069,0,0.0159,0.9973,0.0711,0,-0.0081,-0.071,0.9974,0,-0.0057,10.8958,-1.2787,1]},
{"frame":20,"values":[0.9997,-0.0192,0.0152,0,0.018,0.9969,0.0772,0,-0.0167,-0.0769,0.9969,0,-0.0057,10.8958,-1.2787,1]},
{"frame":21,"values":[0.9993,-0.0175,0.0323,0,0.0147,0.9962,0.086,0,-0.0337,-0.0855,0.9958,0,-0.0057,10.8958,-1.2787,1]},
{"frame":22,"values":[0.9984,-0.009,0.0552,0,0.0035,0.9951,0.0989,0,-0.0558,-0.0985,0.9936,0,-0.0057,10.8958,-1.2787,1]},
{"frame":23,"values":[0.9967,-0.0004,0.0808,0,-0.0088,0.9936,0.1123,0,-0.0803,-0.1127,0.9904,0,-0.0057,10.8958,-1.2787,1]},
{"frame":24,"values":[0.9943,0.0062,0.1064,0,-0.0197,0.9919,0.1257,0,-0.1047,-0.1271,0.9863,0,-0.0057,10.8958,-1.2787,1]},
{"frame":25,"values":[0.9917,0.0049,0.1283,0,-0.0221,0.9909,0.1328,0,-0.1264,-0.1346,0.9828,0,-0.0057,10.8958,-1.2787,1]}],"loopBehavior":1,"name":"anim","property":"_matrix"}},
{"name":"Spine1","index":2,"matrix":[0.9932,0.088,-0.0763,0,-0.0732,0.9812,0.1787,0,0.0906,-0.1719,0.9809,0,-0.0066,12.7117,-1.4918,1],"rest":[1,0,0,0,0,1,0,0,0,0,1,0,-0.0066,12.7117,-1.4918,1],"parentBoneIndex":1,"length":14.6274
,"animation":{"dataType":3,"framePerSecond":24,"keys":[
{"frame":1,"values":[0.9932,0.088,-0.0763,0,-0.0732,0.9812,0.1787,0,0.0906,-0.1719,0.9809,0,-0.0066,12.7117,-1.4918,1]},
{"frame":2,"values":[0.9932,0.0877,-0.0762,0,-0.073,0.9813,0.1781,0,0.0904,-0.1713,0.9811,0,-0.0066,12.7117,-1.4918,1]},
{"frame":3,"values":[0.9931,0.0889,-0.0759,0,-0.0744,0.9815,0.1766,0,0.0902,-0.1697,0.9814,0,-0.0066,12.7117,-1.4918,1]},
{"frame":4,"values":[0.9931,0.0897,-0.0757,0,-0.0753,0.9816,0.1754,0,0.09,-0.1685,0.9816,0,-0.0066,12.7117,-1.4918,1]},
{"frame":5,"values":[0.993,0.0905,-0.076,0,-0.0761,0.9818,0.1737,0,0.0904,-0.1667,0.9819,0,-0.0066,12.7117,-1.4918,1]},
{"frame":6,"values":[0.993,0.0906,-0.0759,0,-0.0764,0.982,0.173,0,0.0902,-0.166,0.982,0,-0.0066,12.7117,-1.4918,1]},
{"frame":7,"values":[0.993,0.0907,-0.0754,0,-0.0765,0.982,0.1727,0,0.0897,-0.1658,0.9821,0,-0.0066,12.7117,-1.4918,1]},
{"frame":8,"values":[0.993,0.0905,-0.0759,0,-0.0762,0.9819,0.1734,0,0.0902,-0.1664,0.9819,0,-0.0066,12.7117,-1.4918,1]},
{"frame":9,"values":[0.9929,0.0907,-0.077,0,-0.0761,0.9817,0.1747,0,0.0914,-0.1676,0.9816,0,-0.0066,12.7117,-1.4918,1]},
{"frame":10,"values":[0.9924,0.0955,-0.0771,0,-0.0805,0.9806,0.1787,0,0.0926,-0.1711,0.9809,0,-0.0066,12.7117,-1.4918,1]},
{"frame":11,"values":[0.9916,0.1041,-0.0763,0,-0.0884,0.9786,0.1858,0,0.094,-0.1775,0.9796,0,-0.0066,12.7117,-1.4918,1]},
{"frame":12,"values":[0.9909,0.111,-0.0757,0,-0.0947,0.9767,0.1925,0,0.0953,-0.1836,0.9784,0,-0.0066,12.7117,-1.4918,1]},
{"frame":13,"values":[0.9904,0.1156,-0.0759,0,-0.0986,0.9751,0.1985,0,0.097,-0.1892,0.9771,0,-0.0066,12.7117,-1.4918,1]},
{"frame":14,"values":[0.9899,0.1188,-0.0769,0,-0.1011,0.9738,0.2038,0,0.0991,-0.194,0.976,0,-0.0066,12.7117,-1.4918,1]},
{"frame":15,"values":[0.99,0.1174,-0.0783,0,-0.0992,0.9737,0.2049,0,0.1003,-0.1951,0.9756,0,-0.0066,12.7117,-1.4918,1]},
{"frame":16,"values":[0.9905,0.1119,-0.0796,0,-0.0939,0.9749,0.2018,0,0.1001,-0.1924,0.9762,0,-0.0066,12.7117,-1.4918,1]},
{"frame":17,"values":[0.9913,0.1027,-0.0823,0,-0.085,0.9772,0.1948,0,0.1004,-0.1861,0.9774,0,-0.0066,12.7117,-1.4918,1]},
{"frame":18,"values":[0.9921,0.0924,-0.0845,0,-0.0755,0.9798,0.1854,0,0.0999,-0.1776,0.979,0,-0.0066,12.7117,-1.4918,1]},
{"frame":19,"values":[0.9925,0.0869,-0.0857,0,-0.0704,0.9813,0.179,0,0.0997,-0.1716,0.9801,0,-0.0066,12.7117,-1.4918,1]},
{"frame":20,"values":[0.9927,0.085,-0.0854,0,-0.0687,0.9816,0.1779,0,0.0989,-0.1708,0.9803,0,-0.0066,12.7117,-1.4918,1]},
{"frame":21,"values":[0.9929,0.0847,-0.0838,0,-0.0688,0.9817,0.1777,0,0.0973,-0.1707,0.9805,0,-0.0066,12.7117,-1.4918,1]},
{"frame":22,"values":[0.9929,0.0862,-0.0816,0,-0.0705,0.9814,0.1783,0,0.0955,-0.1713,0.9806,0,-0.0066,12.7117,-1.4918,1]},
{"frame":23,"values":[0.9929,0.0882,-0.0797,0,-0.0729,0.9812,0.1787,0,0.0939,-0.1717,0.9807,0,-0.0066,12.7117,-1.4918,1]},
{"frame":24,"values":[0.9931,0.0879,-0.0781,0,-0.0728,0.9812,0.1785,0,0.0924,-0.1716,0.9808,0,-0.0066,12.7117,-1.4918,1]},
{"frame":25,"values":[0.9932,0.0881,-0.0762,0,-0.0733,0.9812,0.1788,0,0.0905,-0.172,0.9809,0,-0.0066,12.7117,-1.4918,1]}],"loopBehavior":1,"name":"anim","property":"_matrix"}},
{"name":"Spine2","index":3,"matrix":[0.9918,0.0931,-0.088,0,-0.0774,0.9829,0.1673,0,0.1021,-0.1591,0.982,0,-0.0076,14.5277,-1.7049,1],"rest":[1,0,0,0,0,1,0,0,0,0,1,0,-0.0076,14.5277,-1.7049,1],"parentBoneIndex":2,"length":15.4825
,"animation":{"dataType":3,"framePerSecond":24,"keys":[
{"frame":1,"values":[0.9918,0.0931,-0.088,0,-0.0774,0.9829,0.1673,0,0.1021,-0.1591,0.982,0,-0.0076,14.5277,-1.7049,1]},
{"frame":2,"values":[0.9918,0.0928,-0.088,0,-0.0772,0.983,0.1667,0,0.1019,-0.1585,0.9821,0,-0.0076,14.5277,-1.7049,1]},
{"frame":3,"values":[0.9917,0.0938,-0.0881,0,-0.0783,0.9832,0.1651,0,0.1021,-0.1568,0.9823,0,-0.0076,14.5277,-1.7049,1]},
{"frame":4,"values":[0.9916,0.0944,-0.0882,0,-0.079,0.9833,0.1639,0,0.1022,-0.1556,0.9825,0,-0.0076,14.5277,-1.7049,1]},
{"frame":5,"values":[0.9915,0.0949,-0.0889,0,-0.0796,0.9835,0.1623,0,0.1028,-0.1539,0.9827,0,-0.0076,14.5277,-1.7049,1]},
{"frame":6,"values":[0.9915,0.095,-0.0889,0,-0.0798,0.9836,0.1615,0,0.1028,-0.1531,0.9829,0,-0.0076,14.5277,-1.7049,1]},
{"frame":7,"values":[0.9915,0.095,-0.0884,0,-0.0798,0.9837,0.1613,0,0.1023,-0.1528,0.9829,0,-0.0076,14.5277,-1.7049,1]},
{"frame":8,"values":[0.9915,0.0948,-0.0889,0,-0.0795,0.9836,0.1619,0,0.1028,-0.1534,0.9828,0,-0.0076,14.5277,-1.7049,1]},
{"frame":9,"values":[0.9914,0.0952,-0.0899,0,-0.0796,0.9834,0.1632,0,0.1039,-0.1546,0.9825,0,-0.0076,14.5277,-1.7049,1]},
{"frame":10,"values":[0.9908,0.1003,-0.0905,0,-0.0842,0.9824,0.1669,0,0.1056,-0.1577,0.9818,0,-0.0076,14.5277,-1.7049,1]},
{"frame":11,"values":[0.9899,0.1094,-0.0905,0,-0.0925,0.9805,0.1735,0,0.1077,-0.1633,0.9807,0,-0.0076,14.5277,-1.7049,1]},
{"frame":12,"values":[0.989,0.1169,-0.0904,0,-0.0993,0.9787,0.1798,0,0.1095,-0.1688,0.9795,0,-0.0076,14.5277,-1.7049,1]},
{"frame":13,"values":[0.9884,0.122,-0.0908,0,-0.1036,0.9772,0.1855,0,0.1114,-0.174,0.9784,0,-0.0076,14.5277,-1.7049,1]},
{"frame":14,"values":[0.9878,0.1257,-0.0919,0,-0.1064,0.9759,0.1906,0,0.1136,-0.1785,0.9774,0,-0.0076,14.5277,-1.7049,1]},
{"frame":15,"values":[0.9879,0.1244,-0.0928,0,-0.1048,0.9758,0.1918,0,0.1144,-0.1798,0.977,0,-0.0076,14.5277,-1.7049,1]},
{"frame":16,"values":[0.9885,0.1187,-0.0932,0,-0.0994,0.9769,0.1891,0,0.1135,-0.1777,0.9775,0,-0.0076,14.5277,-1.7049,1]},
{"frame":17,"values":[0.9895,0.1089,-0.0951,0,-0.0902,0.979,0.1828,0,0.113,-0.1723,0.9786,0,-0.0076,14.5277,-1.7049,1]},
{"frame":18,"values":[0.9905,0.0979,-0.0963,0,-0.0801,0.9815,0.1741,0,0.1116,-0.1647,0.98,0,-0.0076,14.5277,-1.7049,1]},
{"frame":19,"values":[0.991,0.0918,-0.0972,0,-0.0746,0.983,0.168,0,0.111,-0.1592,0.981,0,-0.0076,14.5277,-1.7049,1]},
{"frame":20,"values":[0.9913,0.0898,-0.0966,0,-0.0728,0.9832,0.1671,0,0.11,-0.1586,0.9812,0,-0.0076,14.5277,-1.7049,1]},
{"frame":21,"values":[0.9914,0.0896,-0.095,0,-0.0729,0.9833,0.1668,0,0.1084,-0.1585,0.9814,0,-0.0076,14.5277,-1.7049,1]},
{"frame":22,"values":[0.9915,0.0911,-0.0931,0,-0.0746,0.9831,0.1672,0,0.1067,-0.1588,0.9815,0,-0.0076,14.5277,-1.7049,1]},
{"frame":23,"values":[0.9914,0.0933,-0.0914,0,-0.077,0.9829,0.1675,0,0.1055,-0.159,0.9816,0,-0.0076,14.5277,-1.7049,1]},
{"frame":24,"values":[0.9916,0.093,-0.0899,0,-0.077,0.9829,0.1672,0,0.1039,-0.1588,0.9818,0,-0.0076,14.5277,-1.7049,1]},
{"frame":25,"values":[0.9918,0.0932,-0.088,0,-0.0775,0.9828,0.1674,0,0.102,-0.1592,0.982,0,-0.0076,14.5277,-1.7049,1]}],"loopBehavior":1,"name":"anim","property":"_matrix"}},
{"name":"Neck","index":4,"matrix":[0.9999,0.008,-0.0063,0,-0.0084,0.9974,-0.0714,0,0.0057,0.0714,0.9974,0,-0.0085,16.3436,-1.918,1],"rest":[1,0,0,0,0,1,0,0,0,0,1,0,-0.0085,16.3436,-1.918,1],"parentBoneIndex":3,"length":7.7098
,"animation":{"dataType":3,"framePerSecond":24,"keys":[
{"frame":1,"values":[0.9999,0.008,-0.0063,0,-0.0084,0.9974,-0.0714,0,0.0057,0.0714,0.9974,0,-0.0085,16.3436,-1.918,1]},
{"frame":2,"values":[1,0.0084,0.0004,0,-0.0083,0.998,-0.063,0,-0.0009,0.063,0.998,0,-0.0085,16.3436,-1.918,1]},
{"frame":3,"values":[0.9999,0.0086,0.0078,0,-0.0082,0.9985,-0.0545,0,-0.0082,0.0545,0.9985,0,-0.0085,16.3436,-1.918,1]},
{"frame":4,"values":[0.9998,0.0087,0.0153,0,-0.0079,0.9988,-0.0484,0,-0.0157,0.0482,0.9987,0,-0.0085,16.3436,-1.918,1]},
{"frame":5,"values":[0.9997,0.0088,0.0221,0,-0.0077,0.9989,-0.0466,0,-0.0225,0.0464,0.9987,0,-0.0085,16.3436,-1.918,1]},
{"frame":6,"values":[0.9996,0.009,0.0275,0,-0.0076,0.9988,-0.0492,0,-0.0279,0.049,0.9984,0,-0.0085,16.3436,-1.918,1]},
{"frame":7,"values":[0.9995,0.0093,0.0294,0,-0.0077,0.9985,-0.0533,0,-0.0298,0.0531,0.9981,0,-0.0085,16.3436,-1.918,1]},
{"frame":8,"values":[0.9996,0.0094,0.0272,0,-0.0078,0.9983,-0.0581,0,-0.0277,0.0578,0.9979,0,-0.0085,16.3436,-1.918,1]},
{"frame":9,"values":[0.9997,0.0095,0.0238,0,-0.008,0.998,-0.0628,0,-0.0243,0.0625,0.9977,0,-0.0085,16.3436,-1.918,1]},
{"frame":10,"values":[0.9998,0.0094,0.0192,0,-0.0081,0.9977,-0.0669,0,-0.0198,0.0668,0.9976,0,-0.0085,16.3436,-1.918,1]},
{"frame":11,"values":[0.9999,0.0092,0.0138,0,-0.0082,0.9975,-0.0702,0,-0.0144,0.0701,0.9974,0,-0.0085,16.3436,-1.918,1]},
{"frame":12,"values":[0.9999,0.0089,0.0079,0,-0.0083,0.9974,-0.0721,0,-0.0085,0.072,0.9974,0,-0.0085,16.3436,-1.918,1]},
{"frame":13,"values":[1,0.0085,0.0017,0,-0.0083,0.9974,-0.0721,0,-0.0023,0.0721,0.9974,0,-0.0085,16.3436,-1.918,1]},
{"frame":14,"values":[1,0.0081,-0.0046,0,-0.0084,0.9976,-0.0686,0,0.004,0.0686,0.9976,0,-0.0085,16.3436,-1.918,1]},
{"frame":15,"values":[0.9999,0.0079,-0.0106,0,-0.0086,0.998,-0.0628,0,0.01,0.0628,0.998,0,-0.0085,16.3436,-1.918,1]},
{"frame":16,"values":[0.9998,0.0079,-0.016,0,-0.0088,0.9983,-0.0568,0,0.0155,0.0569,0.9983,0,-0.0085,16.3436,-1.918,1]},
{"frame":17,"values":[0.9998,0.0079,-0.0208,0,-0.009,0.9986,-0.0528,0,0.0204,0.0529,0.9984,0,-0.0085,16.3436,-1.918,1]},
{"frame":18,"values":[0.9997,0.0079,-0.0249,0,-0.0092,0.9986,-0.0512,0,0.0244,0.0514,0.9984,0,-0.0085,16.3436,-1.918,1]},
{"frame":19,"values":[0.9996,0.0078,-0.0281,0,-0.0092,0.9986,-0.0524,0,0.0277,0.0526,0.9982,0,-0.0085,16.3436,-1.918,1]},
{"frame":20,"values":[0.9996,0.0076,-0.0273,0,-0.0091,0.9984,-0.0553,0,0.0268,0.0555,0.9981,0,-0.0085,16.3436,-1.918,1]},
{"frame":21,"values":[0.9997,0.0075,-0.0242,0,-0.0089,0.9982,-0.0586,0,0.0237,0.0588,0.998,0,-0.0085,16.3436,-1.918,1]},
{"frame":22,"values":[0.9998,0.0075,-0.0203,0,-0.0088,0.9981,-0.0617,0,0.0198,0.0619,0.9979,0,-0.0085,16.3436,-1.918,1]},
{"frame":23,"values":[0.9998,0.0076,-0.016,0,-0.0086,0.9979,-0.0649,0,0.0154,0.065,0.9978,0,-0.0085,16.3436,-1.918,1]},
{"frame":24,"values":[0.9999,0.0077,-0.0112,0,-0.0085,0.9976,-0.0681,0,0.0107,0.0682,0.9976,0,-0.0085,16.3436,-1.918,1]},
{"frame":25,"values":[0.9999,0.008,-0.0063,0,-0.0084,0.9974,-0.0714,0,0.0057,0.0714,0.9974,0,-0.0085,16.3436,-1.918,1]}],"loopBehavior":1,"name":"anim","property":"_matrix"}},
{"name":"Head","index":5,"matrix":[0.8999,-0.2886,-0.327,0,0.2719,0.9575,-0.0965,0,0.3409,-0.0021,0.9401,0,0,7.4726,1.8977,1],"rest":[1,0,0,0,0,1,0,0,0,0,1,0,0,7.4726,1.8977,1],"parentBoneIndex":4,"length":26.3062
,"animation":{"dataType":3,"framePerSecond":24,"keys":[
{"frame":1,"values":[0.8999,-0.2886,-0.327,0,0.2719,0.9575,-0.0965,0,0.3409,-0.0021,0.9401,0,0,7.4726,1.8977,1]},
{"frame":2,"values":[0.9081,-0.2834,-0.3084,0,0.2665,0.959,-0.0966,0,0.3231,0.0056,0.9463,0,0,7.4726,1.8977,1]},
{"frame":3,"values":[0.9193,-0.2754,-0.2811,0,0.2566,0.9611,-0.1024,0,0.2984,0.022,0.9542,0,0,7.4726,1.8977,1]},
{"frame":4,"values":[0.9298,-0.2631,-0.2574,0,0.2448,0.9643,-0.1012,0,0.2749,0.0311,0.961,0,0,7.4726,1.8977,1]},
{"frame":5,"values":[0.9382,-0.2493,-0.24,0,0.2329,0.9679,-0.0948,0,0.2559,0.033,0.9661,0,0,7.4726,1.8977,1]},
{"frame":6,"values":[0.9437,-0.2374,-0.2303,0,0.2229,0.9709,-0.0872,0,0.2443,0.031,0.9692,0,0,7.4726,1.8977,1]},
{"frame":7,"values":[0.9463,-0.2299,-0.2273,0,0.2154,0.9727,-0.0868,0,0.241,0.0332,0.97,0,0,7.4726,1.8977,1]},
{"frame":8,"values":[0.9457,-0.229,-0.2307,0,0.2128,0.9727,-0.0928,0,0.2456,0.0387,0.9686,0,0,7.4726,1.8977,1]},
{"frame":9,"values":[0.9428,-0.2352,-0.2362,0,0.217,0.971,-0.1007,0,0.253,0.0437,0.9665,0,0,7.4726,1.8977,1]},
{"frame":10,"values":[0.9374,-0.2478,-0.2449,0,0.2274,0.9677,-0.1085,0,0.2639,0.046,0.9635,0,0,7.4726,1.8977,1]},
{"frame":11,"values":[0.9299,-0.2639,-0.2561,0,0.2416,0.9635,-0.1152,0,0.2771,0.0453,0.9598,0,0,7.4726,1.8977,1]},
{"frame":12,"values":[0.9212,-0.2815,-0.2685,0,0.2579,0.9587,-0.1201,0,0.2912,0.0414,0.9558,0,0,7.4726,1.8977,1]},
{"frame":13,"values":[0.9121,-0.2977,-0.2818,0,0.2733,0.954,-0.1231,0,0.3055,0.0353,0.9515,0,0,7.4726,1.8977,1]},
{"frame":14,"values":[0.904,-0.3095,-0.295,0,0.2845,0.9505,-0.1252,0,0.3191,0.0292,0.9473,0,0,7.4726,1.8977,1]},
{"frame":15,"values":[0.8978,-0.315,-0.3078,0,0.2905,0.9489,-0.1236,0,0.331,0.0216,0.9434,0,0,7.4726,1.8977,1]},
{"frame":16,"values":[0.8951,-0.3131,-0.3175,0,0.29,0.9496,-0.1188,0,0.3387,0.0142,0.9408,0,0,7.4726,1.8977,1]},
{"frame":17,"values":[0.8953,-0.304,-0.3257,0,0.2831,0.9526,-0.1111,0,0.3441,0.0073,0.9389,0,0,7.4726,1.8977,1]},
{"frame":18,"values":[0.8967,-0.2915,-0.3329,0,0.2731,0.9566,-0.1021,0,0.3482,0.0006,0.9374,0,0,7.4726,1.8977,1]},
{"frame":19,"values":[0.898,-0.2806,-0.339,0,0.2636,0.9598,-0.0962,0,0.3524,-0.003,0.9358,0,0,7.4726,1.8977,1]},
{"frame":20,"values":[0.8986,-0.2741,-0.3426,0,0.2584,0.9617,-0.0917,0,0.3546,-0.0061,0.935,0,0,7.4726,1.8977,1]},
{"frame":21,"values":[0.8982,-0.274,-0.3437,0,0.2597,0.9617,-0.0878,0,0.3546,-0.0104,0.935,0,0,7.4726,1.8977,1]},
{"frame":22,"values":[0.8972,-0.2784,-0.3427,0,0.2657,0.9603,-0.0845,0,0.3526,-0.0153,0.9356,0,0,7.4726,1.8977,1]},
{"frame":23,"values":[0.8962,-0.2839,-0.341,0,0.2719,0.9587,-0.0835,0,0.3506,-0.0179,0.9363,0,0,7.4726,1.8977,1]},
{"frame":24,"values":[0.8965,-0.2878,-0.3369,0,0.2747,0.9576,-0.0869,0,0.3476,-0.0147,0.9375,0,0,7.4726,1.8977,1]},
{"frame":25,"values":[0.8999,-0.2886,-0.327,0,0.272,0.9575,-0.0965,0,0.3409,-0.0021,0.9401,0,0,7.4726,1.8977,1]}],"loopBehavior":1,"name":"anim","property":"_matrix"}},
{"name":"HeadTop_End","index":6,"matrix":[1,0,0,0,0,1,0,0,0,0,1,0,0,25.4969,6.475,1],"rest":[1,0,0,0,0,1,0,0,0,0,1,0,0,25.4969,6.475,1],"parentBoneIndex":5,"length":26.3062
,"animation":{"dataType":3,"framePerSecond":24,"keys":[
{"frame":1,"values":[1,0,0,0,0,1,0,0,0,0,1,0,0,25.4969,6.475,1]},
{"frame":25,"values":[1,0,0,0,0,1,0,0,0,0,1,0,0,25.4969,6.475,1]}],"loopBehavior":1,"name":"anim","property":"_matrix"}},
{"name":"LeftShoulder","index":7,"matrix":[0.8949,-0.081,0.4389,0,0.0931,0.9956,-0.0061,0,-0.4365,0.0463,0.8985,0,5.5507,13.7754,-1.9265,1],"rest":[1,-0.002,0,0,0.002,1,0,0,0,0,1,0,5.5507,13.7754,-1.9265,1],"parentBoneIndex":3,"length":12.2475
,"animation":{"dataType":3,"framePerSecond":24,"keys":[
{"frame":1,"values":[0.8949,-0.081,0.4389,0,0.0931,0.9956,-0.0061,0,-0.4365,0.0463,0.8985,0,5.5507,13.7754,-1.9265,1]},
{"frame":2,"values":[0.8835,-0.0854,0.4606,0,0.0912,0.9958,0.0098,0,-0.4595,0.0334,0.8875,0,5.5507,13.7754,-1.9265,1]},
{"frame":3,"values":[0.8696,-0.09,0.4854,0,0.088,0.9958,0.0271,0,-0.4858,0.0191,0.8739,0,5.5507,13.7754,-1.9265,1]},
{"frame":4,"values":[0.8557,-0.0937,0.5089,0,0.0842,0.9956,0.0418,0,-0.5105,0.0071,0.8598,0,5.5507,13.7754,-1.9265,1]},
{"frame":5,"values":[0.8441,-0.0956,0.5275,0,0.0812,0.9954,0.0505,0,-0.53,0.0002,0.848,0,5.5507,13.7754,-1.9265,1]},
{"frame":6,"values":[0.8381,-0.0949,0.5373,0,0.0808,0.9955,0.0499,0,-0.5396,0.0016,0.8419,0,5.5507,13.7754,-1.9265,1]},
{"frame":7,"values":[0.8381,-0.0933,0.5375,0,0.0816,0.9956,0.0456,0,-0.5394,0.0057,0.8421,0,5.5507,13.7754,-1.9265,1]},
{"frame":8,"values":[0.8438,-0.0919,0.5287,0,0.0831,0.9957,0.0404,0,-0.5301,0.0099,0.8479,0,5.5507,13.7754,-1.9265,1]},
{"frame":9,"values":[0.8533,-0.0904,0.5136,0,0.085,0.9958,0.0341,0,-0.5145,0.0146,0.8574,0,5.5507,13.7754,-1.9265,1]},
{"frame":10,"values":[0.8655,-0.0886,0.4931,0,0.0869,0.9959,0.0266,0,-0.4934,0.0198,0.8696,0,5.5507,13.7754,-1.9265,1]},
{"frame":11,"values":[0.8793,-0.0866,0.4683,0,0.0884,0.9959,0.0181,0,-0.468,0.0255,0.8834,0,5.5507,13.7754,-1.9265,1]},
{"frame":12,"values":[0.8939,-0.0842,0.4403,0,0.0895,0.9959,0.0089,0,-0.4393,0.0314,0.8978,0,5.5507,13.7754,-1.9265,1]},
{"frame":13,"values":[0.9082,-0.0817,0.4105,0,0.0899,0.9959,-0.0008,0,-0.4088,0.0376,0.9118,0,5.5507,13.7754,-1.9265,1]},
{"frame":14,"values":[0.9215,-0.079,0.3802,0,0.0898,0.9959,-0.0106,0,-0.3778,0.044,0.9248,0,5.5507,13.7754,-1.9265,1]},
{"frame":15,"values":[0.9333,-0.0766,0.3508,0,0.0893,0.9958,-0.0202,0,-0.3478,0.0502,0.9362,0,5.5507,13.7754,-1.9265,1]},
{"frame":16,"values":[0.9432,-0.0746,0.3237,0,0.0888,0.9956,-0.0291,0,-0.3202,0.0562,0.9457,0,5.5507,13.7754,-1.9265,1]},
{"frame":17,"values":[0.9508,-0.0737,0.3009,0,0.0888,0.9954,-0.0368,0,-0.2968,0.0617,0.953,0,5.5507,13.7754,-1.9265,1]},
{"frame":18,"values":[0.9553,-0.0739,0.2862,0,0.0894,0.9951,-0.0416,0,-0.2817,0.0653,0.9573,0,5.5507,13.7754,-1.9265,1]},
{"frame":19,"values":[0.9569,-0.0752,0.2806,0,0.0909,0.9949,-0.0435,0,-0.2759,0.0671,0.9588,0,5.5507,13.7754,-1.9265,1]},
{"frame":20,"values":[0.9545,-0.0771,0.288,0,0.093,0.9948,-0.042,0,-0.2833,0.0669,0.9567,0,5.5507,13.7754,-1.9265,1]},
{"frame":21,"values":[0.9478,-0.0789,0.3089,0,0.0949,0.9948,-0.0371,0,-0.3044,0.0645,0.9504,0,5.5507,13.7754,-1.9265,1]},
{"frame":22,"values":[0.9371,-0.0804,0.3397,0,0.0962,0.9949,-0.0297,0,-0.3356,0.0605,0.9401,0,5.5507,13.7754,-1.9265,1]},
{"frame":23,"values":[0.9236,-0.0813,0.3746,0,0.0962,0.9951,-0.0213,0,-0.371,0.0557,0.927,0,5.5507,13.7754,-1.9265,1]},
{"frame":24,"values":[0.9089,-0.0814,0.4091,0,0.095,0.9954,-0.0131,0,-0.4061,0.0507,0.9124,0,5.5507,13.7754,-1.9265,1]},
{"frame":25,"values":[0.8949,-0.081,0.4389,0,0.0931,0.9956,-0.0061,0,-0.4365,0.0463,0.8985,0,5.5507,13.7754,-1.9265,1]}],"loopBehavior":1,"name":"anim","property":"_matrix"}},
{"name":"LeftArm","index":8,"matrix":[0.5559,-0.6104,0.5643,0,0.8255,0.3257,-0.4609,0,0.0975,0.722,0.6849,0,11.8394,-3.1354,-0.0171,1],"rest":[0.9973,-0.0184,0.0706,0,0.0183,0.9998,0.0011,0,-0.0707,0.0002,0.9975,0,11.8394,-3.1354,-0.0171,1],"parentBoneIndex":7,"length":29.2403
,"animation":{"dataType":3,"framePerSecond":24,"keys":[
{"frame":1,"values":[0.5559,-0.6104,0.5643,0,0.8255,0.3257,-0.4609,0,0.0975,0.722,0.6849,0,11.8394,-3.1354,-0.0171,1]},
{"frame":2,"values":[0.5758,-0.5761,0.5802,0,0.8151,0.3486,-0.4628,0,0.0644,0.7394,0.6702,0,11.8394,-3.1354,-0.0171,1]},
{"frame":3,"values":[0.6038,-0.5338,0.5921,0,0.7967,0.3785,-0.4712,0,0.0274,0.7562,0.6538,0,11.8394,-3.1354,-0.0171,1]},
{"frame":4,"values":[0.6252,-0.4972,0.6017,0,0.7804,0.4099,-0.4722,0,-0.0119,0.7647,0.6442,0,11.8394,-3.1354,-0.0171,1]},
{"frame":5,"values":[0.6473,-0.4674,0.602,0,0.7612,0.4361,-0.4799,0,-0.0382,0.769,0.6381,0,11.8394,-3.1354,-0.0171,1]},
{"frame":6,"values":[0.6651,-0.4444,0.6001,0,0.7446,0.4561,-0.4874,0,-0.0571,0.771,0.6343,0,11.8394,-3.1354,-0.0171,1]},
{"frame":7,"values":[0.676,-0.4272,0.6005,0,0.7337,0.4667,-0.4939,0,-0.0692,0.7744,0.6289,0,11.8394,-3.1354,-0.0171,1]},
{"frame":8,"values":[0.6735,-0.4188,0.6091,0,0.7346,0.4709,-0.4885,0,-0.0823,0.7765,0.6247,0,11.8394,-3.1354,-0.0171,1]},
{"frame":9,"values":[0.6609,-0.4242,0.6191,0,0.7454,0.467,-0.4757,0,-0.0874,0.7759,0.6248,0,11.8394,-3.1354,-0.0171,1]},
{"frame":10,"values":[0.6418,-0.4343,0.6321,0,0.7617,0.4566,-0.4597,0,-0.0889,0.7765,0.6238,0,11.8394,-3.1354,-0.0171,1]},
{"frame":11,"values":[0.6181,-0.443,0.6493,0,0.7807,0.4428,-0.441,0,-0.0921,0.7795,0.6196,0,11.8394,-3.1354,-0.0171,1]},
{"frame":12,"values":[0.5947,-0.4558,0.6623,0,0.7992,0.425,-0.4251,0,-0.0877,0.782,0.617,0,11.8394,-3.1354,-0.0171,1]},
{"frame":13,"values":[0.5654,-0.4812,0.6699,0,0.8211,0.4057,-0.4015,0,-0.0786,0.7771,0.6244,0,11.8394,-3.1354,-0.0171,1]},
{"frame":14,"values":[0.5372,-0.5088,0.6727,0,0.8408,0.3863,-0.3793,0,-0.0669,0.7694,0.6353,0,11.8394,-3.1354,-0.0171,1]},
{"frame":15,"values":[0.5148,-0.5353,0.6697,0,0.8558,0.3678,-0.3638,0,-0.0516,0.7604,0.6474,0,11.8394,-3.1354,-0.0171,1]},
{"frame":16,"values":[0.494,-0.5601,0.665,0,0.8685,0.3539,-0.3471,0,-0.0409,0.749,0.6613,0,11.8394,-3.1354,-0.0171,1]},
{"frame":17,"values":[0.4753,-0.5828,0.6591,0,0.8792,0.3431,-0.3306,0,-0.0335,0.7366,0.6755,0,11.8394,-3.1354,-0.0171,1]},
{"frame":18,"values":[0.4662,-0.5996,0.6504,0,0.8843,0.3371,-0.3231,0,-0.0256,0.7258,0.6874,0,11.8394,-3.1354,-0.0171,1]},
{"frame":19,"values":[0.4603,-0.6126,0.6426,0,0.8876,0.3326,-0.3187,0,-0.0185,0.717,0.6968,0,11.8394,-3.1354,-0.0171,1]},
{"frame":20,"values":[0.4667,-0.6174,0.6332,0,0.8844,0.3292,-0.3308,0,-0.0042,0.7144,0.6997,0,11.8394,-3.1354,-0.0171,1]},
{"frame":21,"values":[0.4874,-0.6161,0.6188,0,0.8729,0.3267,-0.3623,0,0.0211,0.7167,0.6971,0,11.8394,-3.1354,-0.0171,1]},
{"frame":22,"values":[0.5053,-0.6159,0.6044,0,0.8618,0.3247,-0.3896,0,0.0437,0.7178,0.6949,0,11.8394,-3.1354,-0.0171,1]},
{"frame":23,"values":[0.5222,-0.6165,0.5893,0,0.8503,0.3228,-0.4158,0,0.0661,0.7181,0.6928,0,11.8394,-3.1354,-0.0171,1]},
{"frame":24,"values":[0.538,-0.617,0.5744,0,0.8385,0.3222,-0.4394,0,0.086,0.718,0.6907,0,11.8394,-3.1354,-0.0171,1]},
{"frame":25,"values":[0.556,-0.6104,0.5641,0,0.8254,0.3256,-0.4612,0,0.0978,0.722,0.6849,0,11.8394,-3.1354,-0.0171,1]}],"loopBehavior":1,"name":"anim","property":"_matrix"}},
{"name":"LeftForeArm","index":9,"matrix":[0.0027,-0.0598,0.9982,0,0.9442,-0.3285,-0.0222,0,0.3292,0.9426,0.0556,0,29.1612,0.5949,-2.0659,1],"rest":[0.9973,0.0203,-0.0707,0,-0.0203,0.9998,0.0007,0,0.0707,0.0007,0.9975,0,29.1612,0.5949,-2.0659,1],"parentBoneIndex":8,"length":29.6649
,"animation":{"dataType":3,"framePerSecond":24,"keys":[
{"frame":1,"values":[0.0027,-0.0598,0.9982,0,0.9442,-0.3285,-0.0222,0,0.3292,0.9426,0.0556,0,29.1612,0.5949,-2.0659,1]},
{"frame":2,"values":[0.0203,-0.0622,0.9979,0,0.938,-0.3443,-0.0406,0,0.3461,0.9368,0.0514,0,29.1612,0.5949,-2.0659,1]},
{"frame":3,"values":[0.0357,-0.069,0.997,0,0.9234,-0.3793,-0.0594,0,0.3823,0.9227,0.0502,0,29.1612,0.5949,-2.0659,1]},
{"frame":4,"values":[0.0494,-0.0598,0.997,0,0.9341,-0.3506,-0.0673,0,0.3535,0.9346,0.0385,0,29.1612,0.5949,-2.0659,1]},
{"frame":5,"values":[0.0619,-0.0631,0.9961,0,0.9265,-0.3676,-0.0808,0,0.3712,0.9279,0.0357,0,29.1612,0.5949,-2.0659,1]},
{"frame":6,"values":[0.0694,-0.0674,0.9953,0,0.9167,-0.3892,-0.0903,0,0.3934,0.9187,0.0348,0,29.1612,0.5949,-2.0659,1]},
{"frame":7,"values":[0.0687,-0.0724,0.995,0,0.9059,-0.4132,-0.0926,0,0.4178,0.9078,0.0372,0,29.1612,0.5949,-2.0659,1]},
{"frame":8,"values":[0.0744,-0.0757,0.9944,0,0.9085,-0.4061,-0.0988,0,0.4112,0.9107,0.0386,0,29.1612,0.5949,-2.0659,1]},
{"frame":9,"values":[0.0855,-0.0754,0.9935,0,0.8975,-0.4272,-0.1097,0,0.4327,0.901,0.0311,0,29.1612,0.5949,-2.0659,1]},
{"frame":10,"values":[0.1007,-0.073,0.9922,0,0.9022,-0.4136,-0.122,0,0.4193,0.9075,0.0242,0,29.1612,0.5949,-2.0659,1]},
{"frame":11,"values":[0.1204,-0.0701,0.9902,0,0.9071,-0.3975,-0.1384,0,0.4033,0.9149,0.0157,0,29.1612,0.5949,-2.0659,1]},
{"frame":12,"values":[0.1438,-0.0768,0.9866,0,0.8938,-0.418,-0.1628,0,0.4249,0.9052,0.0086,0,29.1612,0.5949,-2.0659,1]},
{"frame":13,"values":[0.166,-0.0768,0.9831,0,0.8939,-0.4092,-0.1829,0,0.4163,0.9092,0.0007,0,29.1612,0.5949,-2.0659,1]},
{"frame":14,"values":[0.1784,-0.0771,0.9809,0,0.8949,-0.4018,-0.1943,0,0.4092,0.9125,-0.0027,0,29.1612,0.5949,-2.0659,1]},
{"frame":15,"values":[0.1812,-0.082,0.98,0,0.8871,-0.4165,-0.1989,0,0.4245,0.9054,-0.0027,0,29.1612,0.5949,-2.0659,1]},
{"frame":16,"values":[0.1661,-0.0719,0.9835,0,0.9064,-0.3817,-0.181,0,0.3884,0.9215,0.0018,0,29.1612,0.5949,-2.0659,1]},
{"frame":17,"values":[0.1521,-0.0682,0.986,0,0.9125,-0.3735,-0.1666,0,0.3797,0.9251,0.0054,0,29.1612,0.5949,-2.0659,1]},
{"frame":18,"values":[0.1292,-0.0642,0.9895,0,0.9194,-0.3661,-0.1438,0,0.3715,0.9283,0.0118,0,29.1612,0.5949,-2.0659,1]},
{"frame":19,"values":[0.1069,-0.0558,0.9927,0,0.9328,-0.3399,-0.1196,0,0.3441,0.9388,0.0158,0,29.1612,0.5949,-2.0659,1]},
{"frame":20,"values":[0.0805,-0.0518,0.9954,0,0.9415,-0.3239,-0.093,0,0.3272,0.9447,0.0227,0,29.1612,0.5949,-2.0659,1]},
{"frame":21,"values":[0.0591,-0.0628,0.9963,0,0.9289,-0.3621,-0.0779,0,0.3656,0.93,0.0369,0,29.1612,0.5949,-2.0659,1]},
{"frame":22,"values":[0.0437,-0.0627,0.9971,0,0.9323,-0.3561,-0.0632,0,0.359,0.9323,0.0429,0,29.1612,0.5949,-2.0659,1]},
{"frame":23,"values":[0.0305,-0.0613,0.9977,0,0.9381,-0.3427,-0.0498,0,0.3449,0.9375,0.047,0,29.1612,0.5949,-2.0659,1]},
{"frame":24,"values":[0.0182,-0.06,0.998,0,0.9431,-0.3304,-0.037,0,0.332,0.9419,0.0505,0,29.1612,0.5949,-2.0659,1]},
{"frame":25,"values":[0.0025,-0.0599,0.9982,0,0.9441,-0.3288,-0.0221,0,0.3296,0.9425,0.0557,0,29.1612,0.5949,-2.0659,1]}],"loopBehavior":1,"name":"anim","property":"_matrix"}},
{"name":"LeftHand","index":10,"matrix":[0.9749,0.2222,-0.0155,0,-0.1968,0.8267,-0.5271,0,-0.1043,0.5169,0.8497,0,29.6649,0,0,1],"rest":[1,0,0,0,0,1,-0.0011,0,0,0.0011,1,0,29.6649,0,0,1],"parentBoneIndex":9,"length":11.8196
,"animation":{"dataType":3,"framePerSecond":24,"keys":[
{"frame":1,"values":[0.9749,0.2222,-0.0155,0,-0.1968,0.8267,-0.5271,0,-0.1043,0.5169,0.8497,0,29.6649,0,0,1]},
{"frame":2,"values":[0.9763,0.2164,-0.0066,0,-0.188,0.832,-0.5219,0,-0.1075,0.5108,0.853,0,29.6649,0,0,1]},
{"frame":3,"values":[0.976,0.2175,0.0101,0,-0.1824,0.8422,-0.5074,0,-0.1188,0.4934,0.8616,0,29.6649,0,0,1]},
{"frame":4,"values":[0.9747,0.2233,0.0023,0,-0.1862,0.8185,-0.5436,0,-0.1233,0.5294,0.8394,0,29.6649,0,0,1]},
{"frame":5,"values":[0.9748,0.2231,0.0048,0,-0.1847,0.8187,-0.5437,0,-0.1252,0.5291,0.8393,0,29.6649,0,0,1]},
{"frame":6,"values":[0.9737,0.2276,0.0085,0,-0.1871,0.8206,-0.54,0,-0.1299,0.5242,0.8416,0,29.6649,0,0,1]},
{"frame":7,"values":[0.972,0.2342,0.0176,0,-0.1895,0.8265,-0.53,0,-0.1386,0.5119,0.8478,0,29.6649,0,0,1]},
{"frame":8,"values":[0.9737,0.2266,0.0223,0,-0.1792,0.823,-0.5391,0,-0.1406,0.5209,0.8419,0,29.6649,0,0,1]},
{"frame":9,"values":[0.9782,0.2055,0.0288,0,-0.1615,0.8413,-0.5159,0,-0.1302,0.5,0.8562,0,29.6649,0,0,1]},
{"frame":10,"values":[0.9824,0.1845,0.0274,0,-0.1432,0.8398,-0.5237,0,-0.1196,0.5105,0.8515,0,29.6649,0,0,1]},
{"frame":11,"values":[0.9856,0.1664,0.0293,0,-0.1252,0.8355,-0.5351,0,-0.1135,0.5237,0.8443,0,29.6649,0,0,1]},
{"frame":12,"values":[0.9891,0.1418,0.0389,0,-0.1016,0.8504,-0.5163,0,-0.1063,0.5067,0.8555,0,29.6649,0,0,1]},
{"frame":13,"values":[0.9929,0.1138,0.0356,0,-0.0791,0.8518,-0.5179,0,-0.0893,0.5114,0.8547,0,29.6649,0,0,1]},
{"frame":14,"values":[0.995,0.0948,0.0307,0,-0.0653,0.8529,-0.5181,0,-0.0753,0.5135,0.8548,0,29.6649,0,0,1]},
{"frame":15,"values":[0.9957,0.088,0.0273,0,-0.0627,0.8644,-0.4989,0,-0.0675,0.4951,0.8662,0,29.6649,0,0,1]},
{"frame":16,"values":[0.9941,0.1074,0.0134,0,-0.0846,0.8483,-0.5228,0,-0.0675,0.5186,0.8524,0,29.6649,0,0,1]},
{"frame":17,"values":[0.9925,0.1219,0.0034,0,-0.1026,0.8505,-0.5159,0,-0.0658,0.5117,0.8566,0,29.6649,0,0,1]},
{"frame":18,"values":[0.9892,0.1462,-0.0056,0,-0.1286,0.8505,-0.5101,0,-0.0699,0.5053,0.8601,0,29.6649,0,0,1]},
{"frame":19,"values":[0.9856,0.1679,-0.0182,0,-0.1527,0.84,-0.5207,0,-0.0722,0.516,0.8535,0,29.6649,0,0,1]},
{"frame":20,"values":[0.9813,0.1908,-0.0269,0,-0.176,0.8308,-0.528,0,-0.0784,0.5228,0.8488,0,29.6649,0,0,1]},
{"frame":21,"values":[0.9788,0.2041,-0.0171,0,-0.1853,0.8467,-0.4987,0,-0.0873,0.4913,0.8666,0,29.6649,0,0,1]},
{"frame":22,"values":[0.978,0.2077,-0.0176,0,-0.1879,0.8418,-0.506,0,-0.0902,0.4982,0.8624,0,29.6649,0,0,1]},
{"frame":23,"values":[0.978,0.2075,-0.0196,0,-0.1874,0.8345,-0.5181,0,-0.0911,0.5104,0.8551,0,29.6649,0,0,1]},
{"frame":24,"values":[0.9782,0.2068,-0.0208,0,-0.1866,0.8296,-0.5263,0,-0.0916,0.5186,0.8501,0,29.6649,0,0,1]},
{"frame":25,"values":[0.9749,0.2222,-0.0153,0,-0.1967,0.8268,-0.527,0,-0.1044,0.5168,0.8497,0,29.6649,0,0,1]}],"loopBehavior":1,"name":"anim","property":"_matrix"}},
{"name":"LeftHandThumb1","index":11,"matrix":[0.9853,-0.0403,-0.1657,0,0.0418,0.9991,0.0055,0,0.1653,-0.0123,0.9862,0,6.1321,-4.043,2.9242,1],"rest":[1,-0.0003,-0.0002,0,0.0003,1,0.0003,0,0.0002,-0.0003,1,0,6.1321,-4.043,2.9242,1],"parentBoneIndex":10,"length":2.3395
,"animation":{"dataType":3,"framePerSecond":24,"keys":[
{"frame":1,"values":[0.9853,-0.0403,-0.1657,0,0.0418,0.9991,0.0055,0,0.1653,-0.0123,0.9862,0,6.1321,-4.043,2.9242,1]},
{"frame":13,"values":[0.9853,-0.0403,-0.1657,0,0.0418,0.9991,0.0055,0,0.1654,-0.0123,0.9862,0,6.1321,-4.043,2.9242,1]},
{"frame":14,"values":[0.9853,-0.0403,-0.1657,0,0.0418,0.9991,0.0055,0,0.1653,-0.0123,0.9862,0,6.1321,-4.043,2.9242,1]},
{"frame":17,"values":[0.9853,-0.0403,-0.1657,0,0.0418,0.9991,0.0055,0,0.1654,-0.0123,0.9862,0,6.1321,-4.043,2.9242,1]},
{"frame":18,"values":[0.9853,-0.0403,-0.1657,0,0.0418,0.9991,0.0055,0,0.1653,-0.0123,0.9862,0,6.1321,-4.043,2.9242,1]},
{"frame":25,"values":[0.9853,-0.0403,-0.1657,0,0.0418,0.9991,0.0055,0,0.1654,-0.0123,0.9862,0,6.1321,-4.043,2.9242,1]}],"loopBehavior":1,"name":"anim","property":"_matrix"}},
{"name":"LeftHandThumb2","index":12,"matrix":[0.9755,0.0463,-0.2152,0,-0.0231,0.9938,0.1091,0,0.219,-0.1015,0.9704,0,1.8122,-1.0462,1.0462,1],"rest":[1,0,0,0,0,1,0,0,0,0,1,0,1.8122,-1.0462,1.0462,1],"parentBoneIndex":11,"length":1.5944
,"animation":{"dataType":3,"framePerSecond":24,"keys":[
{"frame":1,"values":[0.9755,0.0463,-0.2152,0,-0.0231,0.9938,0.1091,0,0.219,-0.1015,0.9704,0,1.8122,-1.0462,1.0462,1]},
{"frame":25,"values":[0.9755,0.0463,-0.2152,0,-0.0231,0.9938,0.1091,0,0.219,-0.1015,0.9704,0,1.8122,-1.0462,1.0462,1]}],"loopBehavior":1,"name":"anim","property":"_matrix"}},
{"name":"LeftHandThumb3","index":13,"matrix":[0.9525,0.1482,0.2662,0,-0.0265,0.9107,-0.4123,0,-0.3035,0.3856,0.8713,0,1.2351,-0.713,0.713,1],"rest":[1,0.0001,-0.0001,0,-0.0001,1,0,0,0.0001,0,1,0,1.2351,-0.713,0.713,1],"parentBoneIndex":12,"length":2.5475
,"animation":{"dataType":3,"framePerSecond":24,"keys":[
{"frame":1,"values":[0.9525,0.1482,0.2662,0,-0.0265,0.9107,-0.4123,0,-0.3035,0.3856,0.8713,0,1.2351,-0.713,0.713,1]},
{"frame":25,"values":[0.9525,0.1482,0.2662,0,-0.0265,0.9107,-0.4123,0,-0.3035,0.3856,0.8713,0,1.2351,-0.713,0.713,1]}],"loopBehavior":1,"name":"anim","property":"_matrix"}},
{"name":"LeftHandThumb4","index":14,"matrix":[1,0,0,0,0,1,0,0,0,0,1,0,1.9732,-1.1393,1.1393,1],"rest":[1,0,0,0,0,1,0,0,0,0,1,0,1.9732,-1.1393,1.1393,1],"parentBoneIndex":13,"length":2.5475
,"animation":{"dataType":3,"framePerSecond":24,"keys":[
{"frame":1,"values":[1,0,0,0,0,1,0,0,0,0,1,0,1.9732,-1.1393,1.1393,1]},
{"frame":25,"values":[1,0,0,0,0,1,0,0,0,0,1,0,1.9732,-1.1393,1.1393,1]}],"loopBehavior":1,"name":"anim","property":"_matrix"}},
{"name":"LeftHandIndex1","index":15,"matrix":[0.9347,-0.3535,-0.038,0,0.3548,0.9208,0.1618,0,-0.0222,-0.1647,0.9861,0,13.2426,-0.3099,2.8565,1],"rest":[1,0,0,0,0,1,0,0,0,0,1,0,13.2426,-0.3099,2.8565,1],"parentBoneIndex":10,"length":2.1974
,"animation":{"dataType":3,"framePerSecond":24,"keys":[
{"frame":1,"values":[0.9347,-0.3535,-0.038,0,0.3548,0.9208,0.1618,0,-0.0222,-0.1647,0.9861,0,13.2426,-0.3099,2.8565,1]},
{"frame":25,"values":[0.9347,-0.3535,-0.038,0,0.3548,0.9208,0.1618,0,-0.0222,-0.1647,0.9861,0,13.2426,-0.3099,2.8565,1]}],"loopBehavior":1,"name":"anim","property":"_matrix"}},
{"name":"LeftHandIndex2","index":16,"matrix":[0.8781,-0.476,-0.0492,0,0.476,0.8794,-0.0125,0,0.0492,-0.0125,0.9987,0,2.1974,0.0001,0,1],"rest":[1,0,-0.0001,0,0,1,0,0,0.0001,0,1,0,2.1974,0.0001,0,1],"parentBoneIndex":15,"length":1.5095
,"animation":{"dataType":3,"framePerSecond":24,"keys":[
{"frame":1,"values":[0.8781,-0.476,-0.0492,0,0.476,0.8794,-0.0125,0,0.0492,-0.0125,0.9987,0,2.1974,0.0001,0,1]},
{"frame":25,"values":[0.8781,-0.476,-0.0492,0,0.476,0.8794,-0.0125,0,0.0492,-0.0125,0.9987,0,2.1974,0.0001,0,1]}],"loopBehavior":1,"name":"anim","property":"_matrix"}},
{"name":"LeftHandIndex3","index":17,"matrix":[0.8501,-0.5264,-0.0166,0,0.5262,0.8503,-0.0144,0,0.0216,0.0035,0.9998,0,1.5095,0,0.0001,1],"rest":[0.9979,-0.0563,0.032,0,0.0563,0.9984,0.0009,0,-0.032,0.0009,0.9995,0,1.5095,0,0.0001,1],"parentBoneIndex":16,"length":1.6331
,"animation":{"dataType":3,"framePerSecond":24,"keys":[
{"frame":1,"values":[0.8501,-0.5264,-0.0166,0,0.5262,0.8503,-0.0144,0,0.0216,0.0035,0.9998,0,1.5095,0,0.0001,1]},
{"frame":25,"values":[0.8501,-0.5264,-0.0166,0,0.5262,0.8503,-0.0144,0,0.0216,0.0035,0.9998,0,1.5095,0,0.0001,1]}],"loopBehavior":1,"name":"anim","property":"_matrix"}},
{"name":"LeftHandIndex4","index":18,"matrix":[1,0,0,0,0,1,0,0,0,0,1,0,1.6297,0.092,-0.0521,1],"rest":[1,0,0,0,0,1,0,0,0,0,1,0,1.6297,0.092,-0.0521,1],"parentBoneIndex":17,"length":1.6331
,"animation":{"dataType":3,"framePerSecond":24,"keys":[
{"frame":1,"values":[1,0,0,0,0,1,0,0,0,0,1,0,1.6297,0.092,-0.0521,1]},
{"frame":25,"values":[1,0,0,0,0,1,0,0,0,0,1,0,1.6297,0.092,-0.0521,1]}],"loopBehavior":1,"name":"anim","property":"_matrix"}},
{"name":"LeftHandMiddle1","index":19,"matrix":[0.9353,-0.3522,-0.0329,0,0.3524,0.9195,0.1743,0,-0.0312,-0.1746,0.9841,0,13.0978,0,0,1],"rest":[1,0,0,0,0,1,0,0,0,0,1,0,13.0978,0,0,1],"parentBoneIndex":10,"length":2.2844
,"animation":{"dataType":3,"framePerSecond":24,"keys":[
{"frame":1,"values":[0.9353,-0.3522,-0.0329,0,0.3524,0.9195,0.1743,0,-0.0312,-0.1746,0.9841,0,13.0978,0,0,1]},
{"frame":25,"values":[0.9353,-0.3522,-0.0329,0,0.3524,0.9195,0.1743,0,-0.0312,-0.1746,0.9841,0,13.0978,0,0,1]}],"loopBehavior":1,"name":"anim","property":"_matrix"}},
