{"producer":{"name":"Blender","version":"2.90.0","exporter_version":"6.4.4","file":"walkbackwards_jump.babylon"},
"autoClear":true,"clearColor":[0.0509,0.0509,0.0509],"gravity":[0,-9.81,0],
"materials":[{"name":"Material","id":"Material","customType":"BABYLON.PBRMaterial","backFaceCulling":true,"checkReadyOnlyOnce":false,"maxSimultaneousLights":4,"environmentIntensity":1,"albedo":[0.8,0.8,0.8],"reflectivity":[0.5,0.5,0.5],"roughness":0.4,"alpha":1,"transparencyMode":0,"alphaCutOff":0.4,"metallic":0}],
"multiMaterials":[],
"skeletons":[{"name":"Armature","id":0,"dimensionsAtRest":[192.3395,226.9932,28.649],"bones":[
{"name":"Hips","index":0,"matrix":[0.9966,0.0505,-0.0648,0,-0.0528,0.9981,-0.0332,0,-0.063,-0.0365,-0.9973,0,0.3636,103.3492,-0.92,1],"rest":[1,0,0,0,0,1,0,0,0,0,-1,0,0,114.0532,0,1],"parentBoneIndex":-1,"length":12.7599
,"animation":{"dataType":3,"framePerSecond":24,"keys":[
{"frame":1,"values":[0.9966,0.0505,-0.0648,0,-0.0528,0.9981,-0.0332,0,-0.063,-0.0365,-0.9973,0,0.3636,103.3492,-0.92,1]},
{"frame":2,"values":[0.9933,0.1156,-0.0057,0,-0.1151,0.9917,0.0572,0,-0.0123,0.0562,-0.9983,0,-1.7022,107.5705,1.7248,1]},
{"frame":3,"values":[0.9734,0.1352,0.185,0,-0.1507,0.9859,0.0726,0,0.1725,0.0986,-0.9801,0,-5.0879,114.4979,2.7206,1]},
{"frame":4,"values":[0.8875,0.1613,0.4316,0,-0.1844,0.9828,0.0119,0,0.4223,0.0901,-0.902,0,-8.4089,120.9238,2.826,1]},
{"frame":5,"values":[0.7925,0.1756,0.584,0,-0.1688,0.9834,-0.0667,0,0.586,0.0457,-0.809,0,-10.0836,126.7149,3.0131,1]},
{"frame":6,"values":[0.7946,0.1239,0.5943,0,-0.1068,0.9922,-0.0641,0,0.5976,0.0126,-0.8017,0,-9.9305,132.5178,3.7719,1]},
{"frame":7,"values":[0.8537,0.0017,0.5208,0,-0.0056,1,0.0059,0,0.5208,0.0079,-0.8537,0,-8.0985,136.0192,4.2484,1]},
{"frame":8,"values":[0.8832,-0.1173,0.4542,0,0.1117,0.993,0.0392,0,0.4556,-0.0161,-0.89,0,-5.6765,135.8852,5.4101,1]},
{"frame":9,"values":[0.896,-0.1848,0.4038,0,0.1938,0.9809,0.019,0,0.3996,-0.0612,-0.9146,0,-3.0428,132.6129,6.614,1]},
{"frame":10,"values":[0.9238,-0.2054,0.3231,0,0.2175,0.9761,-0.0016,0,0.3151,-0.0717,-0.9464,0,-0.8591,126.9551,6.664,1]},
{"frame":11,"values":[0.9496,-0.2236,0.2198,0,0.2251,0.9742,0.0182,0,0.2182,-0.0322,-0.9754,0,-0.0336,118.631,6.4914,1]},
{"frame":12,"values":[0.9665,-0.2207,0.1309,0,0.2157,0.9751,0.051,0,0.1389,0.0211,-0.9901,0,-0.5929,109.8816,7.6834,1]},
{"frame":13,"values":[0.9842,-0.1499,0.0941,0,0.1448,0.9877,0.0583,0,0.1017,0.0437,-0.9939,0,-0.7118,104.6852,10.5041,1]},
{"frame":14,"values":[0.995,-0.0545,0.0834,0,0.0517,0.9981,0.0345,0,0.0852,0.0301,-0.9959,0,0.5012,102.7345,12.2094,1]},
{"frame":15,"values":[0.9976,0.0304,0.0628,0,-0.0314,0.9994,0.0151,0,0.0623,0.0171,-0.9979,0,1.8012,103.4626,10.3072,1]},
{"frame":16,"values":[0.9959,0.0764,0.0491,0,-0.0767,0.997,0.0044,0,0.0486,0.0081,-0.9988,0,2.4589,104.4451,7.57,1]},
{"frame":17,"values":[0.9964,0.0607,0.0594,0,-0.0595,0.998,-0.0225,0,0.0606,-0.0189,-0.998,0,2.5868,104.9667,5.6644,1]},
{"frame":18,"values":[0.9967,0.0454,0.0672,0,-0.0405,0.9965,-0.0729,0,0.0702,-0.0699,-0.9951,0,2.1088,103.6778,4.7665,1]},
{"frame":19,"values":[0.997,0.0484,0.0603,0,-0.0415,0.993,-0.1103,0,0.0652,-0.1075,-0.9921,0,1.4868,102.4113,4.3041,1]},
{"frame":20,"values":[0.9988,0.048,0.0073,0,-0.0472,0.9951,-0.087,0,0.0114,-0.0865,-0.9962,0,0.8249,102.1949,2.8779,1]},
{"frame":21,"values":[0.9966,0.0505,-0.0648,0,-0.0528,0.9981,-0.0332,0,-0.063,-0.0365,-0.9973,0,0.3636,103.3492,-0.92,1]}],"loopBehavior":1,"name":"anim","property":"_matrix"}},
{"name":"Spine","index":1,"matrix":[0.9996,-0.0122,-0.0267,0,0.0146,0.9959,0.0893,0,0.0255,-0.0897,0.9956,0,-0.0057,10.8958,-1.2787,1],"rest":[1,0,0,0,0,1,0,0,0,0,1,0,-0.0057,10.8958,-1.2787,1],"parentBoneIndex":0,"length":12.7989
,"animation":{"dataType":3,"framePerSecond":24,"keys":[
{"frame":1,"values":[0.9996,-0.0122,-0.0267,0,0.0146,0.9959,0.0893,0,0.0255,-0.0897,0.9956,0,-0.0057,10.8958,-1.2787,1]},
{"frame":2,"values":[0.9945,-0.0984,-0.0363,0,0.1017,0.9894,0.1037,0,0.0257,-0.1068,0.994,0,-0.0057,10.8958,-1.2787,1]},
{"frame":3,"values":[0.9835,-0.1805,-0.0123,0,0.1809,0.9794,0.09,0,-0.0042,-0.0907,0.9959,0,-0.0057,10.8958,-1.2787,1]},
{"frame":4,"values":[0.9533,-0.291,0.0805,0,0.2849,0.9553,0.0787,0,-0.0998,-0.0521,0.9936,0,-0.0057,10.8958,-1.2787,1]},
{"frame":5,"values":[0.9145,-0.3543,0.1954,0,0.345,0.9351,0.0809,0,-0.2114,-0.0065,0.9774,0,-0.0057,10.8958,-1.2787,1]},
{"frame":6,"values":[0.9232,-0.3149,0.2205,0,0.302,0.949,0.0907,0,-0.2378,-0.0171,0.9712,0,-0.0057,10.8958,-1.2787,1]},
{"frame":7,"values":[0.9678,-0.1811,0.1747,0,0.1658,0.9812,0.0986,0,-0.1893,-0.0665,0.9797,0,-0.0057,10.8958,-1.2787,1]},
{"frame":8,"values":[0.9874,-0.0196,0.1571,0,0.0046,0.9954,0.0953,0,-0.1583,-0.0934,0.983,0,-0.0057,10.8958,-1.2787,1]},
{"frame":9,"values":[0.9819,0.1048,0.1577,0,-0.1186,0.9897,0.0803,0,-0.1476,-0.0975,0.9842,0,-0.0057,10.8958,-1.2787,1]},
{"frame":10,"values":[0.9778,0.1619,0.1331,0,-0.1725,0.9824,0.072,0,-0.1191,-0.0934,0.9885,0,-0.0057,10.8958,-1.2787,1]},
{"frame":11,"values":[0.9797,0.1774,0.0932,0,-0.1849,0.9795,0.0794,0,-0.0772,-0.095,0.9925,0,-0.0057,10.8958,-1.2787,1]},
{"frame":12,"values":[0.9869,0.1549,0.0448,0,-0.1587,0.9823,0.0996,0,-0.0286,-0.1054,0.994,0,-0.0057,10.8958,-1.2787,1]},
{"frame":13,"values":[0.9947,0.103,0.004,0,-0.1027,0.9872,0.1216,0,0.0086,-0.1214,0.9926,0,-0.0057,10.8958,-1.2787,1]},
{"frame":14,"values":[0.9973,0.0722,-0.0162,0,-0.0697,0.9897,0.1254,0,0.0251,-0.1239,0.992,0,-0.0057,10.8958,-1.2787,1]},
{"frame":15,"values":[0.9984,0.0442,-0.0351,0,-0.0403,0.9937,0.1043,0,0.0395,-0.1028,0.9939,0,-0.0057,10.8958,-1.2787,1]},
{"frame":16,"values":[0.9977,0.0196,-0.0645,0,-0.0147,0.997,0.0756,0,0.0658,-0.0744,0.9951,0,-0.0057,10.8958,-1.2787,1]},
{"frame":17,"values":[0.9959,0.0313,-0.0849,0,-0.0267,0.9981,0.0549,0,0.0865,-0.0524,0.9949,0,-0.0057,10.8958,-1.2787,1]},
{"frame":18,"values":[0.9954,0.034,-0.0894,0,-0.0299,0.9984,0.0475,0,0.0909,-0.0447,0.9949,0,-0.0057,10.8958,-1.2787,1]},
{"frame":19,"values":[0.9972,0.0263,-0.0698,0,-0.0226,0.9983,0.0539,0,0.071,-0.0521,0.9961,0,-0.0057,10.8958,-1.2787,1]},
{"frame":20,"values":[0.9989,0.0134,-0.0451,0,-0.01,0.9971,0.0751,0,0.046,-0.0746,0.9962,0,-0.0057,10.8958,-1.2787,1]},
{"frame":21,"values":[0.9996,-0.0122,-0.0267,0,0.0146,0.9959,0.0893,0,0.0255,-0.0897,0.9956,0,-0.0057,10.8958,-1.2787,1]}],"loopBehavior":1,"name":"anim","property":"_matrix"}},
{"name":"Spine1","index":2,"matrix":[1,-0.001,-0.0089,0,0.0015,0.9985,0.0545,0,0.0089,-0.0545,0.9985,0,-0.0066,12.7117,-1.4918,1],"rest":[1,0,0,0,0,1,0,0,0,0,1,0,-0.0066,12.7117,-1.4918,1],"parentBoneIndex":1,"length":14.6274
,"animation":{"dataType":3,"framePerSecond":24,"keys":[
{"frame":1,"values":[1,-0.001,-0.0089,0,0.0015,0.9985,0.0545,0,0.0089,-0.0545,0.9985,0,-0.0066,12.7117,-1.4918,1]},
{"frame":2,"values":[0.9994,-0.0294,-0.0208,0,0.0308,0.9968,0.0741,0,0.0186,-0.0747,0.997,0,-0.0066,12.7117,-1.4918,1]},
{"frame":3,"values":[0.9974,-0.0716,-0.0088,0,0.072,0.9954,0.0625,0,0.0043,-0.063,0.998,0,-0.0066,12.7117,-1.4918,1]},
{"frame":4,"values":[0.9938,-0.1033,0.0416,0,0.1016,0.994,0.041,0,-0.0455,-0.0366,0.9983,0,-0.0066,12.7117,-1.4918,1]},
{"frame":5,"values":[0.9905,-0.1018,0.0923,0,0.1004,0.9947,0.0202,0,-0.0939,-0.0108,0.9955,0,-0.0066,12.7117,-1.4918,1]},
{"frame":6,"values":[0.9922,-0.0726,0.101,0,0.0705,0.9972,0.0245,0,-0.1025,-0.0172,0.9946,0,-0.0066,12.7117,-1.4918,1]},
{"frame":7,"values":[0.9961,-0.0239,0.085,0,0.0202,0.9988,0.0446,0,-0.086,-0.0427,0.9954,0,-0.0066,12.7117,-1.4918,1]},
{"frame":8,"values":[0.9962,0.0335,0.0806,0,-0.0378,0.9979,0.0534,0,-0.0786,-0.0563,0.9953,0,-0.0066,12.7117,-1.4918,1]},
{"frame":9,"values":[0.9937,0.0776,0.0808,0,-0.0818,0.9954,0.0492,0,-0.0766,-0.0554,0.9955,0,-0.0066,12.7117,-1.4918,1]},
{"frame":10,"values":[0.9928,0.0989,0.0671,0,-0.1021,0.9937,0.0455,0,-0.0622,-0.052,0.9967,0,-0.0066,12.7117,-1.4918,1]},
{"frame":11,"values":[0.9933,0.1068,0.0443,0,-0.1091,0.9926,0.0536,0,-0.0383,-0.0581,0.9976,0,-0.0066,12.7117,-1.4918,1]},
{"frame":12,"values":[0.9938,0.1076,0.027,0,-0.1093,0.9915,0.071,0,-0.0191,-0.0735,0.9971,0,-0.0066,12.7117,-1.4918,1]},
{"frame":13,"values":[0.9957,0.0907,0.0175,0,-0.0919,0.9917,0.0897,0,-0.0092,-0.091,0.9958,0,-0.0066,12.7117,-1.4918,1]},
{"frame":14,"values":[0.9982,0.0605,0.0045,0,-0.0606,0.9939,0.0919,0,0.0011,-0.092,0.9958,0,-0.0066,12.7117,-1.4918,1]},
{"frame":15,"values":[0.9992,0.0349,-0.0178,0,-0.0336,0.9969,0.0705,0,0.0202,-0.0698,0.9974,0,-0.0066,12.7117,-1.4918,1]},
{"frame":16,"values":[0.9988,0.0278,-0.0401,0,-0.026,0.9987,0.0443,0,0.0413,-0.0432,0.9982,0,-0.0066,12.7117,-1.4918,1]},
{"frame":17,"values":[0.9981,0.0332,-0.052,0,-0.0319,0.9992,0.026,0,0.0529,-0.0243,0.9983,0,-0.0066,12.7117,-1.4918,1]},
{"frame":18,"values":[0.9984,0.0249,-0.0498,0,-0.024,0.9996,0.0179,0,0.0502,-0.0167,0.9986,0,-0.0066,12.7117,-1.4918,1]},
{"frame":19,"values":[0.9993,0.0088,-0.037,0,-0.008,0.9997,0.0228,0,0.0371,-0.0225,0.9991,0,-0.0066,12.7117,-1.4918,1]},
{"frame":20,"values":[0.9997,0.0032,-0.0242,0,-0.0021,0.9991,0.0427,0,0.0244,-0.0427,0.9988,0,-0.0066,12.7117,-1.4918,1]},
{"frame":21,"values":[1,-0.001,-0.0089,0,0.0015,0.9985,0.0545,0,0.0089,-0.0545,0.9985,0,-0.0066,12.7117,-1.4918,1]}],"loopBehavior":1,"name":"anim","property":"_matrix"}},
{"name":"Spine2","index":3,"matrix":[1,-0.0008,-0.0087,0,0.0012,0.9985,0.0545,0,0.0087,-0.0545,0.9985,0,-0.0076,14.5277,-1.7049,1],"rest":[1,0,0,0,0,1,0,0,0,0,1,0,-0.0076,14.5277,-1.7049,1],"parentBoneIndex":2,"length":15.4825
,"animation":{"dataType":3,"framePerSecond":24,"keys":[
{"frame":1,"values":[1,-0.0008,-0.0087,0,0.0012,0.9985,0.0545,0,0.0087,-0.0545,0.9985,0,-0.0076,14.5277,-1.7049,1]},
{"frame":2,"values":[0.9994,-0.0269,-0.0208,0,0.0284,0.9968,0.0748,0,0.0187,-0.0754,0.997,0,-0.0076,14.5277,-1.7049,1]},
{"frame":3,"values":[0.9975,-0.0696,-0.01,0,0.0701,0.9955,0.0637,0,0.0055,-0.0643,0.9979,0,-0.0076,14.5277,-1.7049,1]},
{"frame":4,"values":[0.9936,-0.1051,0.0415,0,0.1034,0.9938,0.0416,0,-0.0457,-0.037,0.9983,0,-0.0076,14.5277,-1.7049,1]},
{"frame":5,"values":[0.9897,-0.106,0.0963,0,0.1046,0.9943,0.0188,0,-0.0977,-0.0085,0.9952,0,-0.0076,14.5277,-1.7049,1]},
{"frame":6,"values":[0.9912,-0.0761,0.1083,0,0.0741,0.997,0.0223,0,-0.1097,-0.0141,0.9939,0,-0.0076,14.5277,-1.7049,1]},
{"frame":7,"values":[0.9954,-0.0269,0.0923,0,0.023,0.9988,0.0432,0,-0.0934,-0.0409,0.9948,0,-0.0076,14.5277,-1.7049,1]},
{"frame":8,"values":[0.996,0.0302,0.0847,0,-0.0348,0.998,0.0527,0,-0.0829,-0.0555,0.995,0,-0.0076,14.5277,-1.7049,1]},
{"frame":9,"values":[0.9939,0.0739,0.0822,0,-0.0781,0.9957,0.0493,0,-0.0782,-0.0554,0.9954,0,-0.0076,14.5277,-1.7049,1]},
{"frame":10,"values":[0.9931,0.0955,0.0681,0,-0.0988,0.9941,0.0457,0,-0.0633,-0.0521,0.9966,0,-0.0076,14.5277,-1.7049,1]},
{"frame":11,"values":[0.9934,0.1045,0.0466,0,-0.1069,0.9928,0.0532,0,-0.0407,-0.0579,0.9975,0,-0.0076,14.5277,-1.7049,1]},
{"frame":12,"values":[0.9938,0.1064,0.0315,0,-0.1084,0.9916,0.0702,0,-0.0237,-0.0732,0.997,0,-0.0076,14.5277,-1.7049,1]},
{"frame":13,"values":[0.9957,0.0904,0.0225,0,-0.092,0.9918,0.0889,0,-0.0143,-0.0906,0.9958,0,-0.0076,14.5277,-1.7049,1]},
{"frame":14,"values":[0.9981,0.0609,0.007,0,-0.0613,0.994,0.0911,0,-0.0014,-0.0914,0.9958,0,-0.0076,14.5277,-1.7049,1]},
{"frame":15,"values":[0.9992,0.036,-0.0171,0,-0.0348,0.997,0.0697,0,0.0195,-0.0691,0.9974,0,-0.0076,14.5277,-1.7049,1]},
{"frame":16,"values":[0.9988,0.0298,-0.0394,0,-0.0281,0.9986,0.0438,0,0.0406,-0.0426,0.9983,0,-0.0076,14.5277,-1.7049,1]},
{"frame":17,"values":[0.998,0.0357,-0.0513,0,-0.0345,0.9991,0.0252,0,0.0522,-0.0234,0.9984,0,-0.0076,14.5277,-1.7049,1]},
{"frame":18,"values":[0.9984,0.0268,-0.0499,0,-0.026,0.9995,0.0171,0,0.0503,-0.0158,0.9986,0,-0.0076,14.5277,-1.7049,1]},
{"frame":19,"values":[0.9992,0.01,-0.0378,0,-0.0091,0.9997,0.0222,0,0.038,-0.0218,0.999,0,-0.0076,14.5277,-1.7049,1]},
{"frame":20,"values":[0.9997,0.0041,-0.0248,0,-0.003,0.9991,0.0424,0,0.0249,-0.0424,0.9988,0,-0.0076,14.5277,-1.7049,1]},
{"frame":21,"values":[1,-0.0008,-0.0087,0,0.0012,0.9985,0.0545,0,0.0087,-0.0545,0.9985,0,-0.0076,14.5277,-1.7049,1]}],"loopBehavior":1,"name":"anim","property":"_matrix"}},
{"name":"Neck","index":4,"matrix":[0.9997,-0.0129,-0.0206,0,0.0112,0.9967,-0.08,0,0.0216,0.0797,0.9966,0,-0.0085,16.3436,-1.918,1],"rest":[1,0,0,0,0,1,0,0,0,0,1,0,-0.0085,16.3436,-1.918,1],"parentBoneIndex":3,"length":7.7098
,"animation":{"dataType":3,"framePerSecond":24,"keys":[
{"frame":1,"values":[0.9997,-0.0129,-0.0206,0,0.0112,0.9967,-0.08,0,0.0216,0.0797,0.9966,0,-0.0085,16.3436,-1.918,1]},
{"frame":2,"values":[0.9998,0.0053,-0.0175,0,-0.0065,0.9978,-0.0655,0,0.0171,0.0656,0.9977,0,-0.0085,16.3436,-1.918,1]},
{"frame":3,"values":[0.9994,0.0331,-0.0055,0,-0.0333,0.9989,-0.0326,0,0.0044,0.0328,0.9995,0,-0.0085,16.3436,-1.918,1]},
{"frame":4,"values":[0.9984,0.0567,0.0009,0,-0.0567,0.9983,0.0109,0,-0.0003,-0.011,0.9999,0,-0.0085,16.3436,-1.918,1]},
{"frame":5,"values":[0.9979,0.0647,-0.0047,0,-0.0644,0.9969,0.0448,0,0.0076,-0.0444,0.999,0,-0.0085,16.3436,-1.918,1]},
{"frame":6,"values":[0.9985,0.0538,-0.0122,0,-0.0531,0.9972,0.0517,0,0.0149,-0.051,0.9986,0,-0.0085,16.3436,-1.918,1]},
{"frame":7,"values":[0.9994,0.0316,-0.0127,0,-0.0311,0.9989,0.0356,0,0.0138,-0.0352,0.9993,0,-0.0085,16.3436,-1.918,1]},
{"frame":8,"values":[0.9999,0.0081,-0.0101,0,-0.008,0.9999,0.007,0,0.0101,-0.0069,0.9999,0,-0.0085,16.3436,-1.918,1]},
{"frame":9,"values":[0.9999,-0.0111,-0.0103,0,0.0108,0.9996,-0.0255,0,0.0105,0.0253,0.9996,0,-0.0085,16.3436,-1.918,1]},
{"frame":10,"values":[0.9997,-0.0208,-0.013,0,0.0202,0.9988,-0.0437,0,0.0139,0.0434,0.999,0,-0.0085,16.3436,-1.918,1]},
{"frame":11,"values":[0.9998,-0.0142,-0.0146,0,0.0136,0.9989,-0.0457,0,0.0152,0.0455,0.9988,0,-0.0085,16.3436,-1.918,1]},
{"frame":12,"values":[0.9999,-0.0011,-0.0149,0,0.0003,0.9987,-0.0519,0,0.0149,0.0519,0.9985,0,-0.0085,16.3436,-1.918,1]},
{"frame":13,"values":[0.9999,0.0008,-0.0144,0,-0.0018,0.9975,-0.0712,0,0.0143,0.0712,0.9974,0,-0.0085,16.3436,-1.918,1]},
{"frame":14,"values":[0.9999,-0.0068,-0.0126,0,0.0058,0.9966,-0.0819,0,0.0131,0.0819,0.9966,0,-0.0085,16.3436,-1.918,1]},
{"frame":15,"values":[0.9999,-0.0118,-0.0109,0,0.0111,0.9978,-0.0646,0,0.0116,0.0645,0.9979,0,-0.0085,16.3436,-1.918,1]},
{"frame":16,"values":[0.9999,-0.012,-0.0067,0,0.0117,0.9991,-0.04,0,0.0071,0.0399,0.9992,0,-0.0085,16.3436,-1.918,1]},
{"frame":17,"values":[0.9999,-0.0132,-0.0009,0,0.0131,0.9991,-0.0399,0,0.0015,0.0399,0.9992,0,-0.0085,16.3436,-1.918,1]},
{"frame":18,"values":[0.9999,-0.0105,0.001,0,0.0106,0.9975,-0.0698,0,-0.0003,0.0698,0.9976,0,-0.0085,16.3436,-1.918,1]},
{"frame":19,"values":[1,-0.0087,-0.0022,0,0.0084,0.9952,-0.0973,0,0.003,0.0972,0.9953,0,-0.0085,16.3436,-1.918,1]},
{"frame":20,"values":[0.9999,-0.0129,-0.0106,0,0.0118,0.9952,-0.0975,0,0.0118,0.0974,0.9952,0,-0.0085,16.3436,-1.918,1]},
{"frame":21,"values":[0.9997,-0.0129,-0.0206,0,0.0112,0.9967,-0.08,0,0.0216,0.0797,0.9966,0,-0.0085,16.3436,-1.918,1]}],"loopBehavior":1,"name":"anim","property":"_matrix"}},
{"name":"Head","index":5,"matrix":[0.9994,-0.033,0.007,0,0.0336,0.9914,-0.1267,0,-0.0028,0.1268,0.9919,0,0,7.4726,1.8977,1],"rest":[1,0,0,0,0,1,0,0,0,0,1,0,0,7.4726,1.8977,1],"parentBoneIndex":4,"length":26.3062
,"animation":{"dataType":3,"framePerSecond":24,"keys":[
{"frame":1,"values":[0.9994,-0.033,0.007,0,0.0336,0.9914,-0.1267,0,-0.0028,0.1268,0.9919,0,0,7.4726,1.8977,1]},
{"frame":2,"values":[0.996,0.0843,0.028,0,-0.0851,0.9959,0.0293,0,-0.0254,-0.0316,0.9992,0,0,7.4726,1.8977,1]},
{"frame":3,"values":[0.9589,0.2447,0.1434,0,-0.2637,0.9554,0.133,0,-0.1045,-0.1654,0.9807,0,0,7.4726,1.8977,1]},
{"frame":4,"values":[0.91,0.3386,0.2392,0,-0.3812,0.9102,0.1621,0,-0.1628,-0.2387,0.9574,0,0,7.4726,1.8977,1]},
{"frame":5,"values":[0.8968,0.3754,0.2342,0,-0.4162,0.8954,0.1584,0,-0.1503,-0.2395,0.9592,0,0,7.4726,1.8977,1]},
{"frame":6,"values":[0.906,0.374,0.1984,0,-0.3992,0.9107,0.1061,0,-0.141,-0.1753,0.9744,0,0,7.4726,1.8977,1]},
{"frame":7,"values":[0.9283,0.3182,0.1926,0,-0.3317,0.9424,0.0421,0,-0.1681,-0.103,0.9804,0,0,7.4726,1.8977,1]},
{"frame":8,"values":[0.9582,0.2209,0.1818,0,-0.223,0.9748,-0.0088,0,-0.1791,-0.0321,0.9833,0,0,7.4726,1.8977,1]},
{"frame":9,"values":[0.983,0.1153,0.1432,0,-0.11,0.993,-0.0441,0,-0.1472,0.0276,0.9887,0,0,7.4726,1.8977,1]},
{"frame":10,"values":[0.9945,0.0323,0.0995,0,-0.0271,0.9983,-0.0525,0,-0.101,0.0495,0.9936,0,0,7.4726,1.8977,1]},
{"frame":11,"values":[0.9981,-0.0139,0.0608,0,0.0172,0.9984,-0.0544,0,-0.0599,0.0553,0.9967,0,0,7.4726,1.8977,1]},
{"frame":12,"values":[0.9989,-0.0314,0.0353,0,0.0346,0.9951,-0.0928,0,-0.0322,0.0939,0.9951,0,0,7.4726,1.8977,1]},
{"frame":13,"values":[0.9983,-0.0421,0.0409,0,0.0483,0.9849,-0.1661,0,-0.0333,0.1678,0.9853,0,0,7.4726,1.8977,1]},
{"frame":14,"values":[0.9966,-0.0548,0.0621,0,0.0666,0.976,-0.2073,0,-0.0492,0.2107,0.9763,0,0,7.4726,1.8977,1]},
{"frame":15,"values":[0.9952,-0.0545,0.0807,0,0.0669,0.9849,-0.1595,0,-0.0708,0.1641,0.9839,0,0,7.4726,1.8977,1]},
{"frame":16,"values":[0.9912,-0.0409,0.1261,0,0.05,0.9963,-0.0706,0,-0.1227,0.0762,0.9895,0,0,7.4726,1.8977,1]},
{"frame":17,"values":[0.9825,-0.0328,0.1836,0,0.0371,0.9991,-0.0203,0,-0.1828,0.0267,0.9828,0,0,7.4726,1.8977,1]},
{"frame":18,"values":[0.9808,-0.0222,0.1937,0,0.0294,0.999,-0.0344,0,-0.1927,0.0394,0.9805,0,0,7.4726,1.8977,1]},
{"frame":19,"values":[0.9873,-0.0182,0.1575,0,0.0322,0.9957,-0.0868,0,-0.1553,0.0908,0.9837,0,0,7.4726,1.8977,1]},
{"frame":20,"values":[0.9955,-0.0268,0.0904,0,0.0383,0.991,-0.1286,0,-0.0862,0.1315,0.9876,0,0,7.4726,1.8977,1]},
{"frame":21,"values":[0.9994,-0.033,0.007,0,0.0336,0.9914,-0.1267,0,-0.0028,0.1268,0.9919,0,0,7.4726,1.8977,1]}],"loopBehavior":1,"name":"anim","property":"_matrix"}},
{"name":"HeadTop_End","index":6,"matrix":[1,0,0,0,0,1,0,0,0,0,1,0,0,25.4969,6.475,1],"rest":[1,0,0,0,0,1,0,0,0,0,1,0,0,25.4969,6.475,1],"parentBoneIndex":5,"length":26.3062
,"animation":{"dataType":3,"framePerSecond":24,"keys":[
{"frame":1,"values":[1,0,0,0,0,1,0,0,0,0,1,0,0,25.4969,6.475,1]},
{"frame":10,"values":[1,0,0,0,0,1,0,0,0,0,1,0,0,25.497,6.475,1]},
{"frame":11,"values":[1,0,0,0,0,1,0,0,0,0,1,0,0,25.4969,6.475,1]},
{"frame":21,"values":[1,0,0,0,0,1,0,0,0,0,1,0,0,25.4969,6.475,1]}],"loopBehavior":1,"name":"anim","property":"_matrix"}},
{"name":"LeftShoulder","index":7,"matrix":[0.991,-0.1321,-0.0206,0,0.1322,0.9912,0.0061,0,0.0196,-0.0087,0.9998,0,5.5507,13.7754,-1.9265,1],"rest":[1,-0.002,0,0,0.002,1,0,0,0,0,1,0,5.5507,13.7754,-1.9265,1],"parentBoneIndex":3,"length":12.2475
,"animation":{"dataType":3,"framePerSecond":24,"keys":[
{"frame":1,"values":[0.991,-0.1321,-0.0206,0,0.1322,0.9912,0.0061,0,0.0196,-0.0087,0.9998,0,5.5507,13.7754,-1.9265,1]},
{"frame":2,"values":[0.9939,-0.1054,0.0332,0,0.1046,0.9942,0.0261,0,-0.0358,-0.0224,0.9991,0,5.5507,13.7754,-1.9265,1]},
{"frame":3,"values":[0.9883,-0.0147,0.1517,0,0.0085,0.9991,0.0415,0,-0.1522,-0.0398,0.9876,0,5.5507,13.7754,-1.9265,1]},
{"frame":4,"values":[0.964,0.1368,0.2279,0,-0.1474,0.9886,0.03,0,-0.2212,-0.0626,0.9732,0,5.5507,13.7754,-1.9265,1]},
{"frame":5,"values":[0.938,0.2937,0.1839,0,-0.3018,0.9532,0.0171,0,-0.1702,-0.0715,0.9828,0,5.5507,13.7754,-1.9265,1]},
{"frame":6,"values":[0.9208,0.3754,0.1061,0,-0.3798,0.9248,0.0238,0,-0.0892,-0.0622,0.9941,0,5.5507,13.7754,-1.9265,1]},
{"frame":7,"values":[0.9255,0.3691,0.0847,0,-0.3726,0.9275,0.0297,0,-0.0676,-0.059,0.996,0,5.5507,13.7754,-1.9265,1]},
{"frame":8,"values":[0.9436,0.3235,0.0704,0,-0.3265,0.9445,0.0359,0,-0.0549,-0.0569,0.9969,0,5.5507,13.7754,-1.9265,1]},
{"frame":9,"values":[0.963,0.2677,0.0306,0,-0.2688,0.9623,0.0424,0,-0.0181,-0.049,0.9986,0,5.5507,13.7754,-1.9265,1]},
{"frame":10,"values":[0.9792,0.2028,-0.0045,0,-0.2025,0.9784,0.042,0,0.0129,-0.0402,0.9991,0,5.5507,13.7754,-1.9265,1]},
{"frame":11,"values":[0.9899,0.1409,-0.0162,0,-0.1403,0.9895,0.0342,0,0.0208,-0.0316,0.9993,0,5.5507,13.7754,-1.9265,1]},
{"frame":12,"values":[0.9956,0.0918,-0.0202,0,-0.0913,0.9955,0.0241,0,0.0223,-0.0221,0.9995,0,5.5507,13.7754,-1.9265,1]},
{"frame":13,"values":[0.9988,0.0346,-0.0344,0,-0.0341,0.9993,0.0139,0,0.0349,-0.0128,0.9993,0,5.5507,13.7754,-1.9265,1]},
{"frame":14,"values":[0.9976,-0.0351,-0.0599,0,0.0354,0.9994,0.0041,0,0.0597,-0.0062,0.9982,0,5.5507,13.7754,-1.9265,1]},
{"frame":15,"values":[0.9923,-0.0863,-0.0889,0,0.0864,0.9963,-0.0036,0,0.0889,-0.0041,0.996,0,5.5507,13.7754,-1.9265,1]},
{"frame":16,"values":[0.9881,-0.1047,-0.1129,0,0.1046,0.9945,-0.0073,0,0.113,-0.0046,0.9936,0,5.5507,13.7754,-1.9265,1]},
{"frame":17,"values":[0.984,-0.1259,-0.1264,0,0.1256,0.992,-0.0098,0,0.1266,-0.0062,0.9919,0,5.5507,13.7754,-1.9265,1]},
{"frame":18,"values":[0.9781,-0.1662,-0.1254,0,0.1661,0.986,-0.0115,0,0.1256,-0.0096,0.992,0,5.5507,13.7754,-1.9265,1]},
{"frame":19,"values":[0.9779,-0.1808,-0.1053,0,0.1809,0.9835,-0.0089,0,0.1052,-0.0103,0.9944,0,5.5507,13.7754,-1.9265,1]},
{"frame":20,"values":[0.985,-0.1563,-0.073,0,0.1565,0.9877,-0.0025,0,0.0725,-0.0089,0.9973,0,5.5507,13.7754,-1.9265,1]},
{"frame":21,"values":[0.991,-0.1321,-0.0206,0,0.1322,0.9912,0.0061,0,0.0196,-0.0087,0.9998,0,5.5507,13.7754,-1.9265,1]}],"loopBehavior":1,"name":"anim","property":"_matrix"}},
{"name":"LeftArm","index":8,"matrix":[0.6014,-0.7979,-0.04,0,0.7115,0.5121,0.4812,0,-0.3634,-0.3179,0.8757,0,11.8394,-3.1354,-0.0171,1],"rest":[0.9973,-0.0184,0.0706,0,0.0183,0.9998,0.0011,0,-0.0707,0.0002,0.9975,0,11.8394,-3.1354,-0.0171,1],"parentBoneIndex":7,"length":29.2403
,"animation":{"dataType":3,"framePerSecond":24,"keys":[
{"frame":1,"values":[0.6014,-0.7979,-0.04,0,0.7115,0.5121,0.4812,0,-0.3634,-0.3179,0.8757,0,11.8394,-3.1354,-0.0171,1]},
{"frame":2,"values":[0.7088,-0.5303,0.4652,0,0.4287,0.8475,0.3128,0,-0.5602,-0.0222,0.8281,0,11.8394,-3.1354,-0.0171,1]},
{"frame":3,"values":[0.6892,-0.0454,0.7231,0,0.0786,0.9968,-0.0123,0,-0.7203,0.0654,0.6906,0,11.8394,-3.1354,-0.0171,1]},
{"frame":4,"values":[0.5834,0.3202,0.7464,0,-0.1235,0.9433,-0.3081,0,-0.8027,0.0876,0.5899,0,11.8394,-3.1354,-0.0171,1]},
{"frame":5,"values":[0.576,0.4669,0.671,0,-0.1583,0.869,-0.4689,0,-0.802,0.1638,0.5744,0,11.8394,-3.1354,-0.0171,1]},
{"frame":6,"values":[0.7123,0.4514,0.5374,0,-0.1235,0.8344,-0.5371,0,-0.6909,0.3163,0.6501,0,11.8394,-3.1354,-0.0171,1]},
{"frame":7,"values":[0.8969,0.3488,0.272,0,-0.1865,0.8558,-0.4826,0,-0.4011,0.3821,0.8325,0,11.8394,-3.1354,-0.0171,1]},
{"frame":8,"values":[0.9686,0.2403,-0.0632,0,-0.2474,0.9564,-0.1554,0,0.0231,0.1662,0.9858,0,11.8394,-3.1354,-0.0171,1]},
{"frame":9,"values":[0.9555,0.1253,-0.2671,0,-0.0443,0.956,0.2901,0,0.2917,-0.2654,0.919,0,11.8394,-3.1354,-0.0171,1]},
{"frame":10,"values":[0.936,-0.0362,-0.3501,0,0.2401,0.793,0.5599,0,0.2574,-0.6081,0.751,0,11.8394,-3.1354,-0.0171,1]},
{"frame":11,"values":[0.8883,-0.2214,-0.4025,0,0.446,0.6253,0.6404,0,0.1099,-0.7483,0.6541,0,11.8394,-3.1354,-0.0171,1]},
{"frame":12,"values":[0.7995,-0.4201,-0.4294,0,0.5993,0.5102,0.6169,0,-0.0401,-0.7505,0.6596,0,11.8394,-3.1354,-0.0171,1]},
{"frame":13,"values":[0.6948,-0.6284,-0.3498,0,0.691,0.4483,0.5671,0,-0.1996,-0.6357,0.7457,0,11.8394,-3.1354,-0.0171,1]},
{"frame":14,"values":[0.5778,-0.7853,-0.2222,0,0.7565,0.4132,0.507,0,-0.3063,-0.4611,0.8328,0,11.8394,-3.1354,-0.0171,1]},
{"frame":15,"values":[0.4656,-0.855,-0.2283,0,0.8493,0.3592,0.3869,0,-0.2488,-0.3741,0.8934,0,11.8394,-3.1354,-0.0171,1]},
{"frame":16,"values":[0.3819,-0.8566,-0.3469,0,0.908,0.2778,0.3136,0,-0.1722,-0.4348,0.8839,0,11.8394,-3.1354,-0.0171,1]},
{"frame":17,"values":[0.3555,-0.8281,-0.4334,0,0.9224,0.2358,0.306,0,-0.1512,-0.5086,0.8476,0,11.8394,-3.1354,-0.0171,1]},
{"frame":18,"values":[0.3941,-0.8129,-0.4289,0,0.9055,0.2635,0.3325,0,-0.1573,-0.5194,0.8399,0,11.8394,-3.1354,-0.0171,1]},
{"frame":19,"values":[0.4471,-0.838,-0.3127,0,0.8664,0.3188,0.3843,0,-0.2223,-0.4428,0.8686,0,11.8394,-3.1354,-0.0171,1]},
{"frame":20,"values":[0.4985,-0.8547,-0.145,0,0.8041,0.3934,0.4456,0,-0.3238,-0.3387,0.8834,0,11.8394,-3.1354,-0.0171,1]},
{"frame":21,"values":[0.6014,-0.7979,-0.04,0,0.7115,0.5121,0.4812,0,-0.3634,-0.3179,0.8757,0,11.8394,-3.1354,-0.0171,1]}],"loopBehavior":1,"name":"anim","property":"_matrix"}},
{"name":"LeftForeArm","index":9,"matrix":[0.2037,0.0038,0.979,0,-0.0207,0.9998,0.0004,0,-0.9788,-0.0204,0.2037,0,29.1612,0.5949,-2.0659,1],"rest":[0.9973,0.0203,-0.0707,0,-0.0203,0.9998,0.0007,0,0.0707,0.0007,0.9975,0,29.1612,0.5949,-2.0659,1],"parentBoneIndex":8,"length":29.6649
,"animation":{"dataType":3,"framePerSecond":24,"keys":[
{"frame":1,"values":[0.2037,0.0038,0.979,0,-0.0207,0.9998,0.0004,0,-0.9788,-0.0204,0.2037,0,29.1612,0.5949,-2.0659,1]},
{"frame":2,"values":[0.1901,0.0035,0.9818,0,-0.0207,0.9998,0.0004,0,-0.9815,-0.0204,0.1901,0,29.1612,0.5949,-2.0659,1]},
{"frame":3,"values":[0.1715,0.0031,0.9852,0,-0.0207,0.9998,0.0004,0,-0.985,-0.0205,0.1715,0,29.1612,0.5949,-2.0659,1]},
{"frame":4,"values":[0.2023,0.0038,0.9793,0,-0.0207,0.9998,0.0004,0,-0.9791,-0.0204,0.2023,0,29.1612,0.5949,-2.0659,1]},
{"frame":5,"values":[0.24,0.0045,0.9708,0,-0.0207,0.9998,0.0004,0,-0.9706,-0.0202,0.24,0,29.1612,0.5949,-2.0659,1]},
{"frame":6,"values":[0.2114,0.004,0.9774,0,-0.0207,0.9998,0.0004,0,-0.9772,-0.0203,0.2114,0,29.1612,0.5949,-2.0659,1]},
{"frame":7,"values":[0.1143,0.002,0.9934,0,-0.0207,0.9998,0.0004,0,-0.9932,-0.0206,0.1143,0,29.1612,0.5949,-2.0659,1]},
{"frame":8,"values":[0.0305,0.0003,0.9995,0,-0.0207,0.9998,0.0004,0,-0.9993,-0.0207,0.0305,0,29.1612,0.5949,-2.0659,1]},
{"frame":9,"values":[0.0492,0.0006,0.9988,0,-0.0207,0.9998,0.0004,0,-0.9986,-0.0207,0.0492,0,29.1612,0.5949,-2.0659,1]},
{"frame":10,"values":[0.1807,0.0033,0.9835,0,-0.0207,0.9998,0.0004,0,-0.9833,-0.0205,0.1807,0,29.1612,0.5949,-2.0659,1]},
{"frame":11,"values":[0.3408,0.0066,0.9401,0,-0.0207,0.9998,0.0005,0,-0.9399,-0.0196,0.3409,0,29.1612,0.5949,-2.0659,1]},
{"frame":12,"values":[0.492,0.0097,0.8705,0,-0.0207,0.9998,0.0005,0,-0.8703,-0.0183,0.4921,0,29.1612,0.5949,-2.0659,1]},
{"frame":13,"values":[0.6843,0.0137,0.7291,0,-0.0206,0.9998,0.0006,0,-0.7289,-0.0155,0.6844,0,29.1612,0.5949,-2.0659,1]},
{"frame":14,"values":[0.8439,0.017,0.5362,0,-0.0206,0.9998,0.0007,0,-0.536,-0.0116,0.8441,0,29.1612,0.5949,-2.0659,1]},
{"frame":15,"values":[0.8712,0.0176,0.4906,0,-0.0205,0.9998,0.0007,0,-0.4905,-0.0107,0.8714,0,29.1612,0.5949,-2.0659,1]},
{"frame":16,"values":[0.7553,0.0152,0.6552,0,-0.0206,0.9998,0.0006,0,-0.6551,-0.014,0.7554,0,29.1612,0.5949,-2.0659,1]},
{"frame":17,"values":[0.5834,0.0116,0.8121,0,-0.0207,0.9998,0.0006,0,-0.8119,-0.0171,0.5836,0,29.1612,0.5949,-2.0659,1]},
{"frame":18,"values":[0.4055,0.0079,0.914,0,-0.0207,0.9998,0.0005,0,-0.9138,-0.0191,0.4056,0,29.1612,0.5949,-2.0659,1]},
{"frame":19,"values":[0.3062,0.0059,0.952,0,-0.0207,0.9998,0.0005,0,-0.9518,-0.0199,0.3062,0,29.1612,0.5949,-2.0659,1]},
{"frame":20,"values":[0.2879,0.0055,0.9577,0,-0.0207,0.9998,0.0005,0,-0.9574,-0.02,0.2879,0,29.1612,0.5949,-2.0659,1]},
{"frame":21,"values":[0.2037,0.0038,0.979,0,-0.0207,0.9998,0.0004,0,-0.9788,-0.0204,0.2037,0,29.1612,0.5949,-2.0659,1]}],"loopBehavior":1,"name":"anim","property":"_matrix"}},
{"name":"LeftHand","index":10,"matrix":[0.6392,0.6673,0.3823,0,-0.3181,0.6821,-0.6585,0,-0.7001,0.2993,0.6483,0,29.6649,0,0,1],"rest":[1,0,0,0,0,1,-0.0011,0,0,0.0011,1,0,29.6649,0,0,1],"parentBoneIndex":9,"length":11.8196
,"animation":{"dataType":3,"framePerSecond":24,"keys":[
{"frame":1,"values":[0.6392,0.6673,0.3823,0,-0.3181,0.6821,-0.6585,0,-0.7001,0.2993,0.6483,0,29.6649,0,0,1]},
{"frame":2,"values":[0.5315,0.6909,0.4901,0,-0.316,0.6985,-0.6421,0,-0.7859,0.1864,0.5896,0,29.6649,0,0,1]},
{"frame":3,"values":[0.5107,0.6548,0.5572,0,-0.32,0.7462,-0.5837,0,-0.798,0.1198,0.5906,0,29.6649,0,0,1]},
{"frame":4,"values":[0.5453,0.5897,0.5958,0,-0.2601,0.7947,-0.5485,0,-0.7969,0.1441,0.5867,0,29.6649,0,0,1]},
{"frame":5,"values":[0.535,0.565,0.6282,0,-0.1969,0.8064,-0.5577,0,-0.8216,0.1747,0.5426,0,29.6649,0,0,1]},
{"frame":6,"values":[0.5264,0.5649,0.6355,0,-0.1877,0.8062,-0.5611,0,-0.8293,0.1761,0.5304,0,29.6649,0,0,1]},
{"frame":7,"values":[0.5324,0.6123,0.5844,0,-0.2675,0.7768,-0.5702,0,-0.8031,0.1472,0.5774,0,29.6649,0,0,1]},
{"frame":8,"values":[0.5206,0.6888,0.5045,0,-0.3903,0.7176,-0.5768,0,-0.7594,0.1034,0.6424,0,29.6649,0,0,1]},
{"frame":9,"values":[0.5085,0.7191,0.4736,0,-0.4395,0.6897,-0.5754,0,-0.7405,0.0845,0.6668,0,29.6649,0,0,1]},
{"frame":10,"values":[0.5218,0.6879,0.5046,0,-0.4201,0.722,-0.5498,0,-0.7425,0.0749,0.6656,0,29.6649,0,0,1]},
{"frame":11,"values":[0.5713,0.6403,0.5135,0,-0.3826,0.7612,-0.5237,0,-0.7262,0.1027,0.6798,0,29.6649,0,0,1]},
{"frame":12,"values":[0.6157,0.6053,0.5044,0,-0.3485,0.7834,-0.5147,0,-0.7067,0.1411,0.6933,0,29.6649,0,0,1]},
{"frame":13,"values":[0.6084,0.5841,0.5373,0,-0.2921,0.7943,-0.5327,0,-0.7379,0.1671,0.6538,0,29.6649,0,0,1]},
{"frame":14,"values":[0.5983,0.5783,0.5547,0,-0.2331,0.7879,-0.57,0,-0.7666,0.2117,0.6062,0,29.6649,0,0,1]},
{"frame":15,"values":[0.6421,0.6133,0.46,0,-0.264,0.7402,-0.6184,0,-0.7198,0.2756,0.6371,0,29.6649,0,0,1]},
{"frame":16,"values":[0.6567,0.6996,0.2817,0,-0.3685,0.6236,-0.6895,0,-0.658,0.3489,0.6673,0,29.6649,0,0,1]},
{"frame":17,"values":[0.6615,0.7043,0.2576,0,-0.3946,0.619,-0.679,0,-0.6377,0.3475,0.6874,0,29.6649,0,0,1]},
{"frame":18,"values":[0.6941,0.6641,0.2778,0,-0.3855,0.6688,-0.6357,0,-0.608,0.3342,0.7202,0,29.6649,0,0,1]},
{"frame":19,"values":[0.6742,0.6869,0.2714,0,-0.3931,0.6449,-0.6554,0,-0.6252,0.3352,0.7048,0,29.6649,0,0,1]},
{"frame":20,"values":[0.6158,0.718,0.3245,0,-0.373,0.6284,-0.6826,0,-0.694,0.2994,0.6548,0,29.6649,0,0,1]},
{"frame":21,"values":[0.6392,0.6673,0.3823,0,-0.3181,0.6821,-0.6585,0,-0.7001,0.2993,0.6483,0,29.6649,0,0,1]}],"loopBehavior":1,"name":"anim","property":"_matrix"}},
{"name":"LeftHandThumb1","index":11,"matrix":[0.9858,0.1667,0.018,0,-0.1676,0.9816,0.0919,0,-0.0023,-0.0936,0.9956,0,6.1321,-4.043,2.9242,1],"rest":[1,-0.0003,-0.0002,0,0.0003,1,0.0003,0,0.0002,-0.0003,1,0,6.1321,-4.043,2.9242,1],"parentBoneIndex":10,"length":2.3395
,"animation":{"dataType":3,"framePerSecond":24,"keys":[
{"frame":1,"values":[0.9858,0.1667,0.018,0,-0.1676,0.9816,0.0919,0,-0.0023,-0.0936,0.9956,0,6.1321,-4.043,2.9242,1]},
{"frame":6,"values":[0.9801,0.1912,0.0535,0,-0.1931,0.9806,0.0344,0,-0.0459,-0.0441,0.998,0,6.1321,-4.043,2.9242,1]},
{"frame":7,"values":[0.9615,0.2449,0.1244,0,-0.2334,0.9673,-0.0997,0,-0.1448,0.0668,0.9872,0,6.1321,-4.043,2.9242,1]},
{"frame":8,"values":[0.959,0.251,0.1318,0,-0.2366,0.9647,-0.1156,0,-0.1562,0.0796,0.9845,0,6.1321,-4.043,2.9242,1]},
{"frame":13,"values":[0.9639,0.2391,0.1173,0,-0.2302,0.9694,-0.0849,0,-0.1341,0.0548,0.9895,0,6.1321,-4.043,2.9242,1]},
{"frame":14,"values":[0.9783,0.1975,0.0624,0,-0.1991,0.9798,0.0194,0,-0.0573,-0.0314,0.9979,0,6.1321,-4.043,2.9242,1]},
{"frame":15,"values":[0.9856,0.1681,0.0201,0,-0.1692,0.9816,0.0887,0,-0.0048,-0.0908,0.9959,0,6.1321,-4.043,2.9242,1]},
{"frame":16,"values":[0.9858,0.1667,0.018,0,-0.1676,0.9816,0.0919,0,-0.0023,-0.0936,0.9956,0,6.1321,-4.043,2.9242,1]},
{"frame":21,"values":[0.9858,0.1667,0.018,0,-0.1676,0.9816,0.0919,0,-0.0023,-0.0936,0.9956,0,6.1321,-4.043,2.9242,1]}],"loopBehavior":1,"name":"anim","property":"_matrix"}},
{"name":"LeftHandThumb2","index":12,"matrix":[0.888,0.0903,-0.4508,0,-0.0555,0.9944,0.0899,0,0.4564,-0.0548,0.8881,0,1.8122,-1.0462,1.0462,1],"rest":[1,0,0,0,0,1,0,0,0,0,1,0,1.8122,-1.0462,1.0462,1],"parentBoneIndex":11,"length":1.5944
,"animation":{"dataType":3,"framePerSecond":24,"keys":[
{"frame":1,"values":[0.888,0.0903,-0.4508,0,-0.0555,0.9944,0.0899,0,0.4564,-0.0548,0.8881,0,1.8122,-1.0462,1.0462,1]},
{"frame":6,"values":[0.941,0.058,-0.3335,0,-0.0448,0.9979,0.0471,0,0.3356,-0.0294,0.9416,0,1.8122,-1.0462,1.0462,1]},
{"frame":7,"values":[0.9985,0,-0.0547,0,-0.0022,0.9992,-0.04,0,0.0547,0.04,0.9977,0,1.8122,-1.0462,1.0462,1]},
{"frame":8,"values":[0.9997,-0.0051,-0.0226,0,0.004,0.9988,-0.0487,0,0.0228,0.0486,0.9986,0,1.8122,-1.0462,1.0462,1]},
{"frame":13,"values":[0.9963,0.0053,-0.0855,0,-0.008,0.9995,-0.0313,0,0.0852,0.0318,0.9959,0,1.8122,-1.0462,1.0462,1]},
{"frame":14,"values":[0.9519,0.0503,-0.3023,0,-0.0412,0.9985,0.0364,0,0.3037,-0.0222,0.9525,0,1.8122,-1.0462,1.0462,1]},
{"frame":15,"values":[0.8915,0.0884,-0.4443,0,-0.055,0.9946,0.0874,0,0.4496,-0.0535,0.8916,0,1.8122,-1.0462,1.0462,1]},
{"frame":16,"values":[0.888,0.0903,-0.4508,0,-0.0555,0.9944,0.0899,0,0.4564,-0.0548,0.8881,0,1.8122,-1.0462,1.0462,1]},
{"frame":21,"values":[0.888,0.0903,-0.4508,0,-0.0555,0.9944,0.0899,0,0.4564,-0.0548,0.8881,0,1.8122,-1.0462,1.0462,1]}],"loopBehavior":1,"name":"anim","property":"_matrix"}},
{"name":"LeftHandThumb3","index":13,"matrix":[0.9633,0.0279,-0.2668,0,-0.0108,0.9978,0.0653,0,0.2681,-0.06,0.9615,0,1.2351,-0.713,0.713,1],"rest":[1,0.0001,-0.0001,0,-0.0001,1,0,0,0.0001,0,1,0,1.2351,-0.713,0.713,1],"parentBoneIndex":12,"length":2.5475
,"animation":{"dataType":3,"framePerSecond":24,"keys":[
{"frame":1,"values":[0.9633,0.0279,-0.2668,0,-0.0108,0.9978,0.0653,0,0.2681,-0.06,0.9615,0,1.2351,-0.713,0.713,1]},
{"frame":6,"values":[0.9745,0.0159,-0.2237,0,-0.0042,0.9986,0.0529,0,0.2242,-0.0506,0.9732,0,1.2351,-0.713,0.713,1]},
{"frame":7,"values":[0.9919,-0.0088,-0.1268,0,0.0123,0.9996,0.0266,0,0.1265,-0.028,0.9916,0,1.2351,-0.713,0.713,1]},
{"frame":8,"values":[0.9932,-0.0115,-0.1156,0,0.0143,0.9996,0.0237,0,0.1153,-0.0252,0.993,0,1.2351,-0.713,0.713,1]},
{"frame":13,"values":[0.9905,-0.0062,-0.1373,0,0.0104,0.9995,0.0294,0,0.1371,-0.0305,0.9901,0,1.2351,-0.713,0.713,1]},
{"frame":14,"values":[0.9771,0.0129,-0.2125,0,-0.0024,0.9988,0.0497,0,0.2129,-0.0481,0.9759,0,1.2351,-0.713,0.713,1]},
{"frame":15,"values":[0.964,0.0272,-0.2644,0,-0.0105,0.9979,0.0646,0,0.2656,-0.0595,0.9623,0,1.2351,-0.713,0.713,1]},
{"frame":16,"values":[0.9633,0.0279,-0.2668,0,-0.0108,0.9978,0.0653,0,0.2681,-0.06,0.9615,0,1.2351,-0.713,0.713,1]},
{"frame":21,"values":[0.9633,0.0279,-0.2668,0,-0.0108,0.9978,0.0653,0,0.2681,-0.06,0.9615,0,1.2351,-0.713,0.713,1]}],"loopBehavior":1,"name":"anim","property":"_matrix"}},
{"name":"LeftHandThumb4","index":14,"matrix":[1,0,0,0,0,1,0,0,0,0,1,0,1.9732,-1.1393,1.1393,1],"rest":[1,0,0,0,0,1,0,0,0,0,1,0,1.9732,-1.1393,1.1393,1],"parentBoneIndex":13,"length":2.5475
,"animation":{"dataType":3,"framePerSecond":24,"keys":[
{"frame":1,"values":[1,0,0,0,0,1,0,0,0,0,1,0,1.9732,-1.1393,1.1393,1]},
{"frame":21,"values":[1,0,0,0,0,1,0,0,0,0,1,0,1.9732,-1.1393,1.1393,1]}],"loopBehavior":1,"name":"anim","property":"_matrix"}},
{"name":"LeftHandIndex1","index":15,"matrix":[0.9413,-0.3374,-0.0045,0,0.3371,0.9409,-0.0308,0,0.0147,0.0275,0.9995,0,13.2426,-0.3099,2.8565,1],"rest":[1,0,0,0,0,1,0,0,0,0,1,0,13.2426,-0.3099,2.8565,1],"parentBoneIndex":10,"length":2.1974
,"animation":{"dataType":3,"framePerSecond":24,"keys":[
{"frame":1,"values":[0.9413,-0.3374,-0.0045,0,0.3371,0.9409,-0.0308,0,0.0147,0.0275,0.9995,0,13.2426,-0.3099,2.8565,1]},
{"frame":2,"values":[0.8584,-0.5126,-0.0181,0,0.5119,0.8584,-0.033,0,0.0325,0.0191,0.9993,0,13.2426,-0.3099,2.8565,1]},
{"frame":3,"values":[0.7505,-0.6601,-0.0304,0,0.6591,0.7511,-0.0375,0,0.0475,0.0081,0.9988,0,13.2426,-0.3099,2.8565,1]},
{"frame":6,"values":[0.9001,-0.4322,0.0544,0,0.4317,0.9017,0.0225,0,-0.0588,0.0032,0.9983,0,13.2426,-0.3099,2.8565,1]},
{"frame":7,"values":[0.9588,0.1486,0.2422,0,-0.1837,0.9745,0.129,0,-0.2169,-0.1681,0.9616,0,13.2426,-0.3099,2.8565,1]},
{"frame":8,"values":[0.9409,0.2134,0.263,0,-0.2558,0.9567,0.1387,0,-0.222,-0.1978,0.9548,0,13.2426,-0.3099,2.8565,1]},
{"frame":13,"values":[0.9711,0.0866,0.2225,0,-0.1154,0.9861,0.1194,0,-0.2091,-0.1416,0.9676,0,13.2426,-0.3099,2.8565,1]},
{"frame":14,"values":[0.9267,-0.3679,0.0771,0,0.3661,0.9299,0.036,0,-0.0849,-0.0051,0.9964,0,13.2426,-0.3099,2.8565,1]},
{"frame":15,"values":[0.7609,-0.6483,-0.0255,0,0.6475,0.7613,-0.0339,0,0.0414,0.0093,0.9991,0,13.2426,-0.3099,2.8565,1]},
{"frame":16,"values":[0.7505,-0.6601,-0.0304,0,0.6591,0.7511,-0.0375,0,0.0475,0.0081,0.9988,0,13.2426,-0.3099,2.8565,1]},
{"frame":19,"values":[0.7669,-0.6411,-0.0287,0,0.6401,0.7674,-0.0367,0,0.0456,0.0098,0.9989,0,13.2426,-0.3099,2.8565,1]},
{"frame":20,"values":[0.8813,-0.4722,-0.0149,0,0.4716,0.8812,-0.0323,0,0.0284,0.0214,0.9994,0,13.2426,-0.3099,2.8565,1]},
{"frame":21,"values":[0.9413,-0.3374,-0.0045,0,0.3371,0.9409,-0.0308,0,0.0147,0.0275,0.9995,0,13.2426,-0.3099,2.8565,1]}],"loopBehavior":1,"name":"anim","property":"_matrix"}},
{"name":"LeftHandIndex2","index":16,"matrix":[0.932,-0.3591,-0.0496,0,0.359,0.9333,-0.0115,0,0.0504,-0.0071,0.9987,0,2.1974,0.0001,0,1],"rest":[1,0,-0.0001,0,0,1,0,0,0.0001,0,1,0,2.1974,0.0001,0,1],"parentBoneIndex":15,"length":1.5095
,"animation":{"dataType":3,"framePerSecond":24,"keys":[
{"frame":1,"values":[0.932,-0.3591,-0.0496,0,0.359,0.9333,-0.0115,0,0.0504,-0.0071,0.9987,0,2.1974,0.0001,0,1]},
{"frame":2,"values":[0.7082,-0.7013,-0.0815,0,0.7008,0.7123,-0.0387,0,0.0852,-0.0296,0.9959,0,2.1974,0.0001,0,1]},
{"frame":3,"values":[0.3873,-0.9166,-0.099,0,0.9157,0.3949,-0.0741,0,0.107,-0.062,0.9923,0,2.1974,0.0001,0,1]},
{"frame":6,"values":[0.6656,-0.7414,-0.085,0,0.7409,0.6702,-0.0436,0,0.0893,-0.0339,0.9954,0,2.1974,0.0001,0,1]},
{"frame":7,"values":[0.9932,-0.1137,-0.0254,0,0.1137,0.9935,-0.0019,0,0.0254,-0.001,0.9997,0,2.1974,0.0001,0,1]},
{"frame":8,"values":[0.9994,-0.0314,-0.0171,0,0.0314,0.9995,-0.0002,0,0.0171,-0.0004,0.9999,0,2.1974,0.0001,0,1]},
{"frame":13,"values":[0.9812,-0.1902,-0.033,0,0.1902,0.9817,-0.0042,0,0.0332,-0.0022,0.9994,0,2.1974,0.0001,0,1]},
{"frame":14,"values":[0.7263,-0.6827,-0.0798,0,0.6823,0.7302,-0.0367,0,0.0833,-0.0278,0.9961,0,2.1974,0.0001,0,1]},
{"frame":15,"values":[0.4047,-0.9091,-0.0985,0,0.9082,0.4122,-0.0723,0,0.1063,-0.0602,0.9925,0,2.1974,0.0001,0,1]},
{"frame":16,"values":[0.3873,-0.9166,-0.099,0,0.9157,0.3949,-0.0741,0,0.107,-0.062,0.9923,0,2.1974,0.0001,0,1]},
{"frame":19,"values":[0.4361,-0.8946,-0.0974,0,0.8938,0.4431,-0.0689,0,0.1048,-0.0571,0.9929,0,2.1974,0.0001,0,1]},
{"frame":20,"values":[0.7744,-0.6283,-0.0749,0,0.6279,0.7777,-0.0311,0,0.0778,-0.023,0.9967,0,2.1974,0.0001,0,1]},
{"frame":21,"values":[0.932,-0.3591,-0.0496,0,0.359,0.9333,-0.0115,0,0.0504,-0.0071,0.9987,0,2.1974,0.0001,0,1]}],"loopBehavior":1,"name":"anim","property":"_matrix"}},
{"name":"LeftHandIndex3","index":17,"matrix":[0.999,0.0132,0.0428,0,-0.0132,0.9999,0.0009,0,-0.0427,-0.0015,0.9991,0,1.5095,0,0.0001,1],"rest":[0.9979,-0.0563,0.032,0,0.0563,0.9984,0.0009,0,-0.032,0.0009,0.9995,0,1.5095,0,0.0001,1],"parentBoneIndex":16,"length":1.6331
,"animation":{"dataType":3,"framePerSecond":24,"keys":[
{"frame":1,"values":[0.999,0.0132,0.0428,0,-0.0132,0.9999,0.0009,0,-0.0427,-0.0015,0.9991,0,1.5095,0,0.0001,1]},
{"frame":2,"values":[0.9929,-0.1152,0.0297,0,0.1153,0.9933,0.0003,0,-0.0295,0.0032,0.9996,0,1.5095,0,0.0001,1]},
{"frame":3,"values":[0.9719,-0.2346,0.0175,0,0.2347,0.9721,-0.0019,0,-0.0166,0.006,0.9998,0,1.5095,0,0.0001,1]},
{"frame":6,"values":[0.9827,-0.1838,0.0227,0,0.1839,0.9829,-0.0008,0,-0.0222,0.0049,0.9997,0,1.5095,0,0.0001,1]},
{"frame":7,"values":[0.9969,-0.0708,0.0342,0,0.0708,0.9975,0.0007,0,-0.0342,0.0017,0.9994,0,1.5095,0,0.0001,1]},
{"frame":8,"values":[0.9977,-0.0577,0.0355,0,0.0578,0.9983,0.0008,0,-0.0355,0.0013,0.9994,0,1.5095,0,0.0001,1]},
{"frame":13,"values":[0.996,-0.0829,0.033,0,0.083,0.9966,0.0006,0,-0.0329,0.0021,0.9995,0,1.5095,0,0.0001,1]},
{"frame":14,"values":[0.985,-0.1708,0.024,0,0.1708,0.9853,-0.0005,0,-0.0236,0.0046,0.9997,0,1.5095,0,0.0001,1]},
{"frame":15,"values":[0.9726,-0.2317,0.0178,0,0.2318,0.9728,-0.0018,0,-0.0169,0.0059,0.9998,0,1.5095,0,0.0001,1]},
{"frame":16,"values":[0.9719,-0.2346,0.0175,0,0.2347,0.9721,-0.0019,0,-0.0166,0.006,0.9998,0,1.5095,0,0.0001,1]},
{"frame":19,"values":[0.9757,-0.2184,0.0192,0,0.2184,0.9758,-0.0015,0,-0.0184,0.0057,0.9998,0,1.5095,0,0.0001,1]},
{"frame":20,"values":[0.9959,-0.0846,0.0328,0,0.0846,0.9964,0.0006,0,-0.0327,0.0022,0.9995,0,1.5095,0,0.0001,1]},
